Countrycode,Namespace,AirQualityNetwork,AirQualityStation,AirQualityStationEoICode,SamplingPoint,SamplingProcess,Sample,AirPollutant,AirPollutantCode,AveragingTime,Concentration,UnitOfMeasurement,DatetimeBegin,DatetimeEnd,Validity,Verification
GB,http://environment.data.gov.uk/air-quality/so,GB_Network_1,Station_GB1024A,,GB_SamplingPoint_74174,GB_StationProcess_918,GB_SamplingFeature_918,O3,http://dd.eionet.europa.eu/vocabulary/aq/pollutant/7,hour,75.2877799900,µg/m3,2018-01-01 00:00:00 +01:00,2018-01-01 01:00:00 +01:00,1,1
GB,http://environment.data.gov.uk/air-quality/so,GB_Network_1,Station_GB1024A,,GB_SamplingPoint_74174,GB_StationProcess_918,GB_SamplingFeature_918,O3,http://dd.eionet.europa.eu/vocabulary/aq/pollutant/7,hour,72.3773900000,µg/m3,2018-01-01 01:00:00 +01:00,2018-01-01 02:00:00 +01:00,1,1
GB,http://environment.data.gov.uk/air-quality/so,GB_Network_1,Station_GB1024A,,GB_SamplingPoint_74174,GB_StationProcess_918,GB_SamplingFeature_918,O3,http://dd.eionet.europa.eu/vocabulary/aq/pollutant/7,hour,73.0925100000,µg/m3,2018-01-01 05:00:00 +01:00,2018-01-01 06:00:00 +01:00,1,1
GB,http://environment.data.gov.uk/air-quality/so,GB_Network_1,Station_GB1024A,,GB_SamplingPoint_74174,GB_StationProcess_918,GB_SamplingFeature_918,O3,http://dd.eionet.europa.eu/vocabulary/aq/pollutant/7,hour,67.8039100000,µg/m3,2018-01-01 08:00:00 +01:00,2018-01-01 09:00:00 +01:00,1,1
GB,http://environment.data.gov.uk/air-quality/so,GB_Network_1,Station_GB1024A,,GB_SamplingPoint_74174,GB_StationProcess_918,GB_SamplingFeature_918,O3,http://dd.eionet.europa.eu/vocabulary/aq/pollutant/7,hour,20.8550700000,µg/m3,2018-01-01 11:00:00 +01:00,2018-01-01 12:00:00 +01:00,1,1
GB,http://environment.data.gov.uk/air-quality/so,GB_Network_1,Station_GB1024A,,GB_SamplingPoint_74174,GB_StationProcess_918,GB_SamplingFeature_918,O3,http://dd.eionet.europa.eu/vocabulary/aq/pollutant/7,hour,37.2697000000,µg/m3,2018-01-01 12:00:00 +01:00,2018-01-01 13:00:00 +01:00,1,1
GB,http://environment.data.gov.uk/air-quality/so,GB_Network_1,Station_GB1024A,,GB_SamplingPoint_74174,GB_StationProcess_918,GB_SamplingFeature_918,O3,http://dd.eionet.europa.eu/vocabulary/aq/pollutant/7,hour,50.7905700000,µg/m3,2018-01-01 13:00:00 +01:00,2018-01-01 14:00:00 +01:00,1,1
GB,http://environment.data.gov.uk/air-quality/so,GB_Network_1,Station_GB1024A,,GB_SamplingPoint_74174,GB_StationProcess_918,GB_SamplingFeature_918,O3,http://dd.eionet.europa.eu/vocabulary/aq/pollutant/7,hour,61.6172400000,µg/m3,2018-01-01 14:00:00 +01:00,2018-01-01 15:00:00 +01:00,1,1
GB,http://environment.data.gov.uk/air-quality/so,GB_Network_1,Station_GB1024A,,GB_SamplingPoint_74174,GB_StationProcess_918,GB_SamplingFeature_918,O3,http://dd.eionet.europa.eu/vocabulary/aq/pollutant/7,hour,47.5974500000,µg/m3,2018-01-01 19:00:00 +01:00,2018-01-01 20:00:00 +01:00,1,1
GB,http://environment.data.gov.uk/air-quality/so,GB_Network_1,Station_GB1024A,,GB_SamplingPoint_74174,GB_StationProcess_918,GB_SamplingFeature_918,O3,http://dd.eionet.europa.eu/vocabulary/aq/pollutant/7,hour,61.9664900000,µg/m3,2018-01-01 20:00:00 +01:00,2018-01-01 21:00:00 +01:00,1,1
GB,http://environment.data.gov.uk/air-quality/so,GB_Network_1,Station_GB1024A,,GB_SamplingPoint_74174,GB_StationProcess_918,GB_SamplingFeature_918,O3,http://dd.eionet.europa.eu/vocabulary/aq/pollutant/7,hour,69.0512200000,µg/m3,2018-01-01 21:00:00 +01:00,2018-01-01 22:00:00 +01:00,1,1
GB,http://environment.data.gov.uk/air-quality/so,GB_Network_1,Station_GB1024A,,GB_SamplingPoint_74174,GB_StationProcess_918,GB_SamplingFeature_918,O3,http://dd.eionet.europa.eu/vocabulary/aq/pollutant/7,hour,70.1987500000,µg/m3,2018-01-01 22:00:00 +01:00,2018-01-01 23:00:00 +01:00,1,1
GB,http://environment.data.gov.uk/air-quality/so,GB_Network_1,Station_GB1024A,,GB_SamplingPoint_74174,GB_StationProcess_918,GB_SamplingFeature_918,O3,http://dd.eionet.europa.eu/vocabulary/aq/pollutant/7,hour,69.3006800000,µg/m3,2018-01-01 23:00:00 +01:00,2018-01-02 00:00:00 +01:00,1,1
GB,http://environment.data.gov.uk/air-quality/so,GB_Network_1,Station_GB1024A,,GB_SamplingPoint_74174,GB_StationProcess_918,GB_SamplingFeature_918,O3,http://dd.eionet.europa.eu/vocabulary/aq/pollutant/7,hour,69.3173100000,µg/m3,2018-01-02 01:00:00 +01:00,2018-01-02 02:00:00 +01:00,1,1
GB,http://environment.data.gov.uk/air-quality/so,GB_Network_1,Station_GB1024A,,GB_SamplingPoint_74174,GB_StationProcess_918,GB_SamplingFeature_918,O3,http://dd.eionet.europa.eu/vocabulary/aq/pollutant/7,hour,62.0662700000,µg/m3,2018-01-02 03:00:00 +01:00,2018-01-02 04:00:00 +01:00,1,1
GB,http://environment.data.gov.uk/air-quality/so,GB_Network_1,Station_GB1024A,,GB_SamplingPoint_74174,GB_StationProcess_918,GB_SamplingFeature_918,O3,http://dd.eionet.europa.eu/vocabulary/aq/pollutant/7,hour,53.9836900000,µg/m3,2018-01-02 05:00:00 +01:00,2018-01-02 06:00:00 +01:00,1,1
GB,http://environment.data.gov.uk/air-quality/so,GB_Network_1,Station_GB1024A,,GB_SamplingPoint_74174,GB_StationProcess_918,GB_SamplingFeature_918,O3,http://dd.eionet.europa.eu/vocabulary/aq/pollutant/7,hour,49.5931500000,µg/m3,2018-01-02 06:00:00 +01:00,2018-01-02 07:00:00 +01:00,1,1
GB,http://environment.data.gov.uk/air-quality/so,GB_Network_1,Station_GB1024A,,GB_SamplingPoint_74174,GB_StationProcess_918,GB_SamplingFeature_918,O3,http://dd.eionet.europa.eu/vocabulary/aq/pollutant/7,hour,33.1785100000,µg/m3,2018-01-02 07:00:00 +01:00,2018-01-02 08:00:00 +01:00,1,1
GB,http://environment.data.gov.uk/air-quality/so,GB_Network_1,Station_GB1024A,,GB_SamplingPoint_74174,GB_StationProcess_918,GB_SamplingFeature_918,O3,http://dd.eionet.europa.eu/vocabulary/aq/pollutant/7,hour,16.4645300000,µg/m3,2018-01-02 08:00:00 +01:00,2018-01-02 09:00:00 +01:00,1,1
GB,http://environment.data.gov.uk/air-quality/so,GB_Network_1,Station_GB1024A,,GB_SamplingPoint_74174,GB_StationProcess_918,GB_SamplingFeature_918,O3,http://dd.eionet.europa.eu/vocabulary/aq/pollutant/7,hour,5.2387100000,µg/m3,2018-01-02 10:00:00 +01:00,2018-01-02 11:00:00 +01:00,2,1
GB,http://environment.data.gov.uk/air-quality/so,GB_Network_1,Station_GB1024A,,GB_SamplingPoint_74174,GB_StationProcess_918,GB_SamplingFeature_918,O3,http://dd.eionet.europa.eu/vocabulary/aq/pollutant/7,hour,9.1802200000,µg/m3,2018-01-02 11:00:00 +01:00,2018-01-02 12:00:00 +01:00,1,1
GB,http://environment.data.gov.uk/air-quality/so,GB_Network_1,Station_GB1024A,,GB_SamplingPoint_74174,GB_StationProcess_918,GB_SamplingFeature_918,O3,http://dd.eionet.europa.eu/vocabulary/aq/pollutant/7,hour,11.9742000000,µg/m3,2018-01-02 12:00:00 +01:00,2018-01-02 13:00:00 +01:00,1,1
GB,http://environment.data.gov.uk/air-quality/so,GB_Network_1,Station_GB1024A,,GB_SamplingPoint_74174,GB_StationProcess_918,GB_SamplingFeature_918,O3,http://dd.eionet.europa.eu/vocabulary/aq/pollutant/7,hour,39.0159400000,µg/m3,2018-01-02 14:00:00 +01:00,2018-01-02 15:00:00 +01:00,1,1
GB,http://environment.data.gov.uk/air-quality/so,GB_Network_1,Station_GB1024A,,GB_SamplingPoint_74174,GB_StationProcess_918,GB_SamplingFeature_918,O3,http://dd.eionet.europa.eu/vocabulary/aq/pollutant/7,hour,51.9380900000,µg/m3,2018-01-02 15:00:00 +01:00,2018-01-02 16:00:00 +01:00,1,1
GB,http://environment.data.gov.uk/air-quality/so,GB_Network_1,Station_GB1024A,,GB_SamplingPoint_74174,GB_StationProcess_918,GB_SamplingFeature_918,O3,http://dd.eionet.europa.eu/vocabulary/aq/pollutant/7,hour,44.7535700000,µg/m3,2018-01-02 16:00:00 +01:00,2018-01-02 17:00:00 +01:00,1,1
GB,http://environment.data.gov.uk/air-quality/so,GB_Network_1,Station_GB1024A,,GB_SamplingPoint_74174,GB_StationProcess_918,GB_SamplingFeature_918,O3,http://dd.eionet.europa.eu/vocabulary/aq/pollutant/7,hour,41.4107800000,µg/m3,2018-01-02 19:00:00 +01:00,2018-01-02 20:00:00 +01:00,1,1
GB,http://environment.data.gov.uk/air-quality/so,GB_Network_1,Station_GB1024A,,GB_SamplingPoint_74174,GB_StationProcess_918,GB_SamplingFeature_918,O3,http://dd.eionet.europa.eu/vocabulary/aq/pollutant/7,hour,60.1204600000,µg/m3,2018-01-02 21:00:00 +01:00,2018-01-02 22:00:00 +01:00,1,1
GB,http://environment.data.gov.uk/air-quality/so,GB_Network_1,Station_GB1024A,,GB_SamplingPoint_74174,GB_StationProcess_918,GB_SamplingFeature_918,O3,http://dd.eionet.europa.eu/vocabulary/aq/pollutant/7,hour,60.6193900000,µg/m3,2018-01-02 22:00:00 +01:00,2018-01-02 23:00:00 +01:00,1,1
GB,http://environment.data.gov.uk/air-quality/so,GB_Network_1,Station_GB1024A,,GB_SamplingPoint_74174,GB_StationProcess_918,GB_SamplingFeature_918,O3,http://dd.eionet.europa.eu/vocabulary/aq/pollutant/7,hour,59.2224000000,µg/m3,2018-01-02 23:00:00 +01:00,2018-01-03 00:00:00 +01:00,1,1
GB,http://environment.data.gov.uk/air-quality/so,GB_Network_1,Station_GB1024A,,GB_SamplingPoint_74174,GB_StationProcess_918,GB_SamplingFeature_918,O3,http://dd.eionet.europa.eu/vocabulary/aq/pollutant/7,hour,81.4245600000,µg/m3,2018-01-03 03:00:00 +01:00,2018-01-03 04:00:00 +01:00,1,1
GB,http://environment.data.gov.uk/air-quality/so,GB_Network_1,Station_GB1024A,,GB_SamplingPoint_74174,GB_StationProcess_918,GB_SamplingFeature_918,O3,http://dd.eionet.europa.eu/vocabulary/aq/pollutant/7,hour,83.7196200000,µg/m3,2018-01-03 06:00:00 +01:00,2018-01-03 07:00:00 +01:00,1,1
GB,http://environment.data.gov.uk/air-quality/so,GB_Network_1,Station_GB1024A,,GB_SamplingPoint_74174,GB_StationProcess_918,GB_SamplingFeature_918,O3,http://dd.eionet.europa.eu/vocabulary/aq/pollutant/7,hour,71.0469200000,µg/m3,2018-01-03 09:00:00 +01:00,2018-01-03 10:00:00 +01:00,1,1
GB,http://environment.data.gov.uk/air-quality/so,GB_Network_1,Station_GB1024A,,GB_SamplingPoint_74174,GB_StationProcess_918,GB_SamplingFeature_918,O3,http://dd.eionet.europa.eu/vocabulary/aq/pollutant/7,hour,69.2009000000,µg/m3,2018-01-03 10:00:00 +01:00,2018-01-03 11:00:00 +01:00,1,1
GB,http://environment.data.gov.uk/air-quality/so,GB_Network_1,Station_GB1024A,,GB_SamplingPoint_74174,GB_StationProcess_918,GB_SamplingFeature_918,O3,http://dd.eionet.europa.eu/vocabulary/aq/pollutant/7,hour,71.0968100000,µg/m3,2018-01-03 15:00:00 +01:00,2018-01-03 16:00:00 +01:00,1,1
GB,http://environment.data.gov.uk/air-quality/so,GB_Network_1,Station_GB1024A,,GB_SamplingPoint_74174,GB_StationProcess_918,GB_SamplingFeature_918,O3,http://dd.eionet.europa.eu/vocabulary/aq/pollutant/7,hour,69.3006800000,µg/m3,2018-01-03 16:00:00 +01:00,2018-01-03 17:00:00 +01:00,1,1
GB,http://environment.data.gov.uk/air-quality/so,GB_Network_1,Station_GB1024A,,GB_SamplingPoint_74174,GB_StationProcess_918,GB_SamplingFeature_918,O3,http://dd.eionet.europa.eu/vocabulary/aq/pollutant/7,hour,62.4155200000,µg/m3,2018-01-03 18:00:00 +01:00,2018-01-03 19:00:00 +01:00,1,1
GB,http://environment.data.gov.uk/air-quality/so,GB_Network_1,Station_GB1024A,,GB_SamplingPoint_74174,GB_StationProcess_918,GB_SamplingFeature_918,O3,http://dd.eionet.europa.eu/vocabulary/aq/pollutant/7,hour,67.2052000000,µg/m3,2018-01-03 21:00:00 +01:00,2018-01-03 22:00:00 +01:00,1,1
GB,http://environment.data.gov.uk/air-quality/so,GB_Network_1,Station_GB1024A,,GB_SamplingPoint_74174,GB_StationProcess_918,GB_SamplingFeature_918,O3,http://dd.eionet.europa.eu/vocabulary/aq/pollutant/7,hour,58.8731500000,µg/m3,2018-01-03 22:00:00 +01:00,2018-01-03 23:00:00 +01:00,1,1
GB,http://environment.data.gov.uk/air-quality/so,GB_Network_1,Station_GB1024A,,GB_SamplingPoint_74174,GB_StationProcess_918,GB_SamplingFeature_918,O3,http://dd.eionet.europa.eu/vocabulary/aq/pollutant/7,hour,63.8125100000,µg/m3,2018-01-04 00:00:00 +01:00,2018-01-04 01:00:00 +01:00,1,1
GB,http://environment.data.gov.uk/air-quality/so,GB_Network_1,Station_GB1024A,,GB_SamplingPoint_74174,GB_StationProcess_918,GB_SamplingFeature_918,O3,http://dd.eionet.europa.eu/vocabulary/aq/pollutant/7,hour,75.8366000000,µg/m3,2018-01-04 02:00:00 +01:00,2018-01-04 03:00:00 +01:00,1,1
GB,http://environment.data.gov.uk/air-quality/so,GB_Network_1,Station_GB1024A,,GB_SamplingPoint_74174,GB_StationProcess_918,GB_SamplingFeature_918,O3,http://dd.eionet.europa.eu/vocabulary/aq/pollutant/7,hour,75.4873500000,µg/m3,2018-01-04 03:00:00 +01:00,2018-01-04 04:00:00 +01:00,1,1
GB,http://environment.data.gov.uk/air-quality/so,GB_Network_1,Station_GB1024A,,GB_SamplingPoint_74174,GB_StationProcess_918,GB_SamplingFeature_918,O3,http://dd.eionet.europa.eu/vocabulary/aq/pollutant/7,hour,,µg/m3,2018-01-04 05:00:00 +01:00,2018-01-04 06:00:00 +01:00,-1,1
GB,http://environment.data.gov.uk/air-quality/so,GB_Network_1,Station_GB1024A,,GB_SamplingPoint_74174,GB_StationProcess_918,GB_SamplingFeature_918,O3,http://dd.eionet.europa.eu/vocabulary/aq/pollutant/7,hour,,µg/m3,2018-01-04 06:00:00 +01:00,2018-01-04 07:00:00 +01:00,-1,1
GB,http://environment.data.gov.uk/air-quality/so,GB_Network_1,Station_GB1024A,,GB_SamplingPoint_74174,GB_StationProcess_918,GB_SamplingFeature_918,O3,http://dd.eionet.europa.eu/vocabulary/aq/pollutant/7,hour,,µg/m3,2018-01-04 07:00:00 +01:00,2018-01-04 08:00:00 +01:00,-1,1
GB,http://environment.data.gov.uk/air-quality/so,GB_Network_1,Station_GB1024A,,GB_SamplingPoint_74174,GB_StationProcess_918,GB_SamplingFeature_918,O3,http://dd.eionet.europa.eu/vocabulary/aq/pollutant/7,hour,,µg/m3,2018-01-04 08:00:00 +01:00,2018-01-04 09:00:00 +01:00,-1,1
GB,http://environment.data.gov.uk/air-quality/so,GB_Network_1,Station_GB1024A,,GB_SamplingPoint_74174,GB_StationProcess_918,GB_SamplingFeature_918,O3,http://dd.eionet.europa.eu/vocabulary/aq/pollutant/7,hour,,µg/m3,2018-01-04 09:00:00 +01:00,2018-01-04 10:00:00 +01:00,-1,1
GB,http://environment.data.gov.uk/air-quality/so,GB_Network_1,Station_GB1024A,,GB_SamplingPoint_74174,GB_StationProcess_918,GB_SamplingFeature_918,O3,http://dd.eionet.europa.eu/vocabulary/aq/pollutant/7,hour,,µg/m3,2018-01-04 10:00:00 +01:00,2018-01-04 11:00:00 +01:00,-1,1
GB,http://environment.data.gov.uk/air-quality/so,GB_Network_1,Station_GB1024A,,GB_SamplingPoint_74174,GB_StationProcess_918,GB_SamplingFeature_918,O3,http://dd.eionet.europa.eu/vocabulary/aq/pollutant/7,hour,41.4606700000,µg/m3,2018-01-04 12:00:00 +01:00,2018-01-04 13:00:00 +01:00,1,1
GB,http://environment.data.gov.uk/air-quality/so,GB_Network_1,Station_GB1024A,,GB_SamplingPoint_74174,GB_StationProcess_918,GB_SamplingFeature_918,O3,http://dd.eionet.europa.eu/vocabulary/aq/pollutant/7,hour,69.6998200000,µg/m3,2018-01-04 14:00:00 +01:00,2018-01-04 15:00:00 +01:00,1,1
GB,http://environment.data.gov.uk/air-quality/so,GB_Network_1,Station_GB1024A,,GB_SamplingPoint_74174,GB_StationProcess_918,GB_SamplingFeature_918,O3,http://dd.eionet.europa.eu/vocabulary/aq/pollutant/7,hour,73.4417600000,µg/m3,2018-01-04 16:00:00 +01:00,2018-01-04 17:00:00 +01:00,1,1
GB,http://environment.data.gov.uk/air-quality/so,GB_Network_1,Station_GB1024A,,GB_SamplingPoint_74174,GB_StationProcess_918,GB_SamplingFeature_918,O3,http://dd.eionet.europa.eu/vocabulary/aq/pollutant/7,hour,62.8146600000,µg/m3,2018-01-04 19:00:00 +01:00,2018-01-04 20:00:00 +01:00,1,1
GB,http://environment.data.gov.uk/air-quality/so,GB_Network_1,Station_GB1024A,,GB_SamplingPoint_74174,GB_StationProcess_918,GB_SamplingFeature_918,O3,http://dd.eionet.europa.eu/vocabulary/aq/pollutant/7,hour,55.9294900000,µg/m3,2018-01-04 20:00:00 +01:00,2018-01-04 21:00:00 +01:00,1,1
GB,http://environment.data.gov.uk/air-quality/so,GB_Network_1,Station_GB1024A,,GB_SamplingPoint_74174,GB_StationProcess_918,GB_SamplingFeature_918,O3,http://dd.eionet.europa.eu/vocabulary/aq/pollutant/7,hour,61.3178800000,µg/m3,2018-01-04 21:00:00 +01:00,2018-01-04 22:00:00 +01:00,1,1
GB,http://environment.data.gov.uk/air-quality/so,GB_Network_1,Station_GB1024A,,GB_SamplingPoint_74174,GB_StationProcess_918,GB_SamplingFeature_918,O3,http://dd.eionet.europa.eu/vocabulary/aq/pollutant/7,hour,56.0292800000,µg/m3,2018-01-04 22:00:00 +01:00,2018-01-04 23:00:00 +01:00,1,1
GB,http://environment.data.gov.uk/air-quality/so,GB_Network_1,Station_GB1024A,,GB_SamplingPoint_74174,GB_StationProcess_918,GB_SamplingFeature_918,O3,http://dd.eionet.europa.eu/vocabulary/aq/pollutant/7,hour,57.8753000000,µg/m3,2018-01-04 23:00:00 +01:00,2018-01-05 00:00:00 +01:00,1,1
GB,http://environment.data.gov.uk/air-quality/so,GB_Network_1,Station_GB1024A,,GB_SamplingPoint_74174,GB_StationProcess_918,GB_SamplingFeature_918,O3,http://dd.eionet.europa.eu/vocabulary/aq/pollutant/7,hour,51.9879900000,µg/m3,2018-01-05 00:00:00 +01:00,2018-01-05 01:00:00 +01:00,1,1
GB,http://environment.data.gov.uk/air-quality/so,GB_Network_1,Station_GB1024A,,GB_SamplingPoint_74174,GB_StationProcess_918,GB_SamplingFeature_918,O3,http://dd.eionet.europa.eu/vocabulary/aq/pollutant/7,hour,50.9568700000,µg/m3,2018-01-05 01:00:00 +01:00,2018-01-05 02:00:00 +01:00,1,1
GB,http://environment.data.gov.uk/air-quality/so,GB_Network_1,Station_GB1024A,,GB_SamplingPoint_74174,GB_StationProcess_918,GB_SamplingFeature_918,O3,http://dd.eionet.europa.eu/vocabulary/aq/pollutant/7,hour,61.1183100000,µg/m3,2018-01-05 05:00:00 +01:00,2018-01-05 06:00:00 +01:00,1,1
GB,http://environment.data.gov.uk/air-quality/so,GB_Network_1,Station_GB1024A,,GB_SamplingPoint_74174,GB_StationProcess_918,GB_SamplingFeature_918,O3,http://dd.eionet.europa.eu/vocabulary/aq/pollutant/7,hour,62.3656300000,µg/m3,2018-01-05 06:00:00 +01:00,2018-01-05 07:00:00 +01:00,1,1
GB,http://environment.data.gov.uk/air-quality/so,GB_Network_1,Station_GB1024A,,GB_SamplingPoint_74174,GB_StationProcess_918,GB_SamplingFeature_918,O3,http://dd.eionet.europa.eu/vocabulary/aq/pollutant/7,hour,59.8710000000,µg/m3,2018-01-05 07:00:00 +01:00,2018-01-05 08:00:00 +01:00,1,1
GB,http://environment.data.gov.uk/air-quality/so,GB_Network_1,Station_GB1024A,,GB_SamplingPoint_74174,GB_StationProcess_918,GB_SamplingFeature_918,O3,http://dd.eionet.europa.eu/vocabulary/aq/pollutant/7,hour,28.2890500000,µg/m3,2018-01-05 09:00:00 +01:00,2018-01-05 10:00:00 +01:00,1,1
GB,http://environment.data.gov.uk/air-quality/so,GB_Network_1,Station_GB1024A,,GB_SamplingPoint_74174,GB_StationProcess_918,GB_SamplingFeature_918,O3,http://dd.eionet.europa.eu/vocabulary/aq/pollutant/7,hour,53.4847600000,µg/m3,2018-01-05 10:00:00 +01:00,2018-01-05 11:00:00 +01:00,1,1
GB,http://environment.data.gov.uk/air-quality/so,GB_Network_1,Station_GB1024A,,GB_SamplingPoint_74174,GB_StationProcess_918,GB_SamplingFeature_918,O3,http://dd.eionet.europa.eu/vocabulary/aq/pollutant/7,hour,71.1966000000,µg/m3,2018-01-05 13:00:00 +01:00,2018-01-05 14:00:00 +01:00,1,1
GB,http://environment.data.gov.uk/air-quality/so,GB_Network_1,Station_GB1024A,,GB_SamplingPoint_74174,GB_StationProcess_918,GB_SamplingFeature_918,O3,http://dd.eionet.europa.eu/vocabulary/aq/pollutant/7,hour,68.1032600000,µg/m3,2018-01-05 14:00:00 +01:00,2018-01-05 15:00:00 +01:00,1,1
GB,http://environment.data.gov.uk/air-quality/so,GB_Network_1,Station_GB1024A,,GB_SamplingPoint_74174,GB_StationProcess_918,GB_SamplingFeature_918,O3,http://dd.eionet.europa.eu/vocabulary/aq/pollutant/7,hour,57.6757300000,µg/m3,2018-01-05 17:00:00 +01:00,2018-01-05 18:00:00 +01:00,1,1
GB,http://environment.data.gov.uk/air-quality/so,GB_Network_1,Station_GB1024A,,GB_SamplingPoint_74174,GB_StationProcess_918,GB_SamplingFeature_918,O3,http://dd.eionet.europa.eu/vocabulary/aq/pollutant/7,hour,48.8447600000,µg/m3,2018-01-05 18:00:00 +01:00,2018-01-05 19:00:00 +01:00,1,1
GB,http://environment.data.gov.uk/air-quality/so,GB_Network_1,Station_GB1024A,,GB_SamplingPoint_74174,GB_StationProcess_918,GB_SamplingFeature_918,O3,http://dd.eionet.europa.eu/vocabulary/aq/pollutant/7,hour,30.3845300000,µg/m3,2018-01-05 19:00:00 +01:00,2018-01-05 20:00:00 +01:00,1,1
GB,http://environment.data.gov.uk/air-quality/so,GB_Network_1,Station_GB1024A,,GB_SamplingPoint_74174,GB_StationProcess_918,GB_SamplingFeature_918,O3,http://dd.eionet.europa.eu/vocabulary/aq/pollutant/7,hour,1.4635100000,µg/m3,2018-01-06 02:00:00 +01:00,2018-01-06 03:00:00 +01:00,2,1
GB,http://environment.data.gov.uk/air-quality/so,GB_Network_1,Station_GB1024A,,GB_SamplingPoint_74174,GB_StationProcess_918,GB_SamplingFeature_918,O3,http://dd.eionet.europa.eu/vocabulary/aq/pollutant/7,hour,1.7961300000,µg/m3,2018-01-06 03:00:00 +01:00,2018-01-06 04:00:00 +01:00,2,1
GB,http://environment.data.gov.uk/air-quality/so,GB_Network_1,Station_GB1024A,,GB_SamplingPoint_74174,GB_StationProcess_918,GB_SamplingFeature_918,O3,http://dd.eionet.europa.eu/vocabulary/aq/pollutant/7,hour,1.7462400000,µg/m3,2018-01-06 04:00:00 +01:00,2018-01-06 05:00:00 +01:00,2,1
GB,http://environment.data.gov.uk/air-quality/so,GB_Network_1,Station_GB1024A,,GB_SamplingPoint_74174,GB_StationProcess_918,GB_SamplingFeature_918,O3,http://dd.eionet.europa.eu/vocabulary/aq/pollutant/7,hour,1.4967800000,µg/m3,2018-01-06 05:00:00 +01:00,2018-01-06 06:00:00 +01:00,2,1
GB,http://environment.data.gov.uk/air-quality/so,GB_Network_1,Station_GB1024A,,GB_SamplingPoint_74174,GB_StationProcess_918,GB_SamplingFeature_918,O3,http://dd.eionet.europa.eu/vocabulary/aq/pollutant/7,hour,1.5965600000,µg/m3,2018-01-06 07:00:00 +01:00,2018-01-06 08:00:00 +01:00,2,1
GB,http://environment.data.gov.uk/air-quality/so,GB_Network_1,Station_GB1024A,,GB_SamplingPoint_74174,GB_StationProcess_918,GB_SamplingFeature_918,O3,http://dd.eionet.europa.eu/vocabulary/aq/pollutant/7,hour,1.4967800000,µg/m3,2018-01-06 08:00:00 +01:00,2018-01-06 09:00:00 +01:00,2,1
GB,http://environment.data.gov.uk/air-quality/so,GB_Network_1,Station_GB1024A,,GB_SamplingPoint_74174,GB_StationProcess_918,GB_SamplingFeature_918,O3,http://dd.eionet.europa.eu/vocabulary/aq/pollutant/7,hour,4.8395700000,µg/m3,2018-01-06 10:00:00 +01:00,2018-01-06 11:00:00 +01:00,2,1
GB,http://environment.data.gov.uk/air-quality/so,GB_Network_1,Station_GB1024A,,GB_SamplingPoint_74174,GB_StationProcess_918,GB_SamplingFeature_918,O3,http://dd.eionet.europa.eu/vocabulary/aq/pollutant/7,hour,21.8529200000,µg/m3,2018-01-06 13:00:00 +01:00,2018-01-06 14:00:00 +01:00,1,1
GB,http://environment.data.gov.uk/air-quality/so,GB_Network_1,Station_GB1024A,,GB_SamplingPoint_74174,GB_StationProcess_918,GB_SamplingFeature_918,O3,http://dd.eionet.europa.eu/vocabulary/aq/pollutant/7,hour,24.8464700000,µg/m3,2018-01-06 14:00:00 +01:00,2018-01-06 15:00:00 +01:00,1,1
GB,http://environment.data.gov.uk/air-quality/so,GB_Network_1,Station_GB1024A,,GB_SamplingPoint_74174,GB_StationProcess_918,GB_SamplingFeature_918,O3,http://dd.eionet.europa.eu/vocabulary/aq/pollutant/7,hour,26.4430300000,µg/m3,2018-01-06 15:00:00 +01:00,2018-01-06 16:00:00 +01:00,1,1
GB,http://environment.data.gov.uk/air-quality/so,GB_Network_1,Station_GB1024A,,GB_SamplingPoint_74174,GB_StationProcess_918,GB_SamplingFeature_918,O3,http://dd.eionet.europa.eu/vocabulary/aq/pollutant/7,hour,24.3974300000,µg/m3,2018-01-06 19:00:00 +01:00,2018-01-06 20:00:00 +01:00,1,1
GB,http://environment.data.gov.uk/air-quality/so,GB_Network_1,Station_GB1024A,,GB_SamplingPoint_74174,GB_StationProcess_918,GB_SamplingFeature_918,O3,http://dd.eionet.europa.eu/vocabulary/aq/pollutant/7,hour,41.9097000000,µg/m3,2018-01-06 22:00:00 +01:00,2018-01-06 23:00:00 +01:00,1,1
GB,http://environment.data.gov.uk/air-quality/so,GB_Network_1,Station_GB1024A,,GB_SamplingPoint_74174,GB_StationProcess_918,GB_SamplingFeature_918,O3,http://dd.eionet.europa.eu/vocabulary/aq/pollutant/7,hour,48.4955100000,µg/m3,2018-01-07 00:00:00 +01:00,2018-01-07 01:00:00 +01:00,1,1
GB,http://environment.data.gov.uk/air-quality/so,GB_Network_1,Station_GB1024A,,GB_SamplingPoint_74174,GB_StationProcess_918,GB_SamplingFeature_918,O3,http://dd.eionet.europa.eu/vocabulary/aq/pollutant/7,hour,48.2959400000,µg/m3,2018-01-07 02:00:00 +01:00,2018-01-07 03:00:00 +01:00,1,1
GB,http://environment.data.gov.uk/air-quality/so,GB_Network_1,Station_GB1024A,,GB_SamplingPoint_74174,GB_StationProcess_918,GB_SamplingFeature_918,O3,http://dd.eionet.europa.eu/vocabulary/aq/pollutant/7,hour,50.7406700000,µg/m3,2018-01-07 03:00:00 +01:00,2018-01-07 04:00:00 +01:00,1,1
GB,http://environment.data.gov.uk/air-quality/so,GB_Network_1,Station_GB1024A,,GB_SamplingPoint_74174,GB_StationProcess_918,GB_SamplingFeature_918,O3,http://dd.eionet.europa.eu/vocabulary/aq/pollutant/7,hour,49.7927200000,µg/m3,2018-01-07 04:00:00 +01:00,2018-01-07 05:00:00 +01:00,1,1
GB,http://environment.data.gov.uk/air-quality/so,GB_Network_1,Station_GB1024A,,GB_SamplingPoint_74174,GB_StationProcess_918,GB_SamplingFeature_918,O3,http://dd.eionet.europa.eu/vocabulary/aq/pollutant/7,hour,52.6864800000,µg/m3,2018-01-07 05:00:00 +01:00,2018-01-07 06:00:00 +01:00,1,1
GB,http://environment.data.gov.uk/air-quality/so,GB_Network_1,Station_GB1024A,,GB_SamplingPoint_74174,GB_StationProcess_918,GB_SamplingFeature_918,O3,http://dd.eionet.europa.eu/vocabulary/aq/pollutant/7,hour,51.2396000000,µg/m3,2018-01-07 06:00:00 +01:00,2018-01-07 07:00:00 +01:00,1,1
GB,http://environment.data.gov.uk/air-quality/so,GB_Network_1,Station_GB1024A,,GB_SamplingPoint_74174,GB_StationProcess_918,GB_SamplingFeature_918,O3,http://dd.eionet.europa.eu/vocabulary/aq/pollutant/7,hour,45.0529300000,µg/m3,2018-01-07 07:00:00 +01:00,2018-01-07 08:00:00 +01:00,1,1
GB,http://environment.data.gov.uk/air-quality/so,GB_Network_1,Station_GB1024A,,GB_SamplingPoint_74174,GB_StationProcess_918,GB_SamplingFeature_918,O3,http://dd.eionet.europa.eu/vocabulary/aq/pollutant/7,hour,29.1871100000,µg/m3,2018-01-07 09:00:00 +01:00,2018-01-07 10:00:00 +01:00,1,1
GB,http://environment.data.gov.uk/air-quality/so,GB_Network_1,Station_GB1024A,,GB_SamplingPoint_74174,GB_StationProcess_918,GB_SamplingFeature_918,O3,http://dd.eionet.europa.eu/vocabulary/aq/pollutant/7,hour,43.6060500000,µg/m3,2018-01-07 12:00:00 +01:00,2018-01-07 13:00:00 +01:00,1,1
GB,http://environment.data.gov.uk/air-quality/so,GB_Network_1,Station_GB1024A,,GB_SamplingPoint_74174,GB_StationProcess_918,GB_SamplingFeature_918,O3,http://dd.eionet.europa.eu/vocabulary/aq/pollutant/7,hour,50.3914300000,µg/m3,2018-01-07 14:00:00 +01:00,2018-01-07 15:00:00 +01:00,1,1
GB,http://environment.data.gov.uk/air-quality/so,GB_Network_1,Station_GB1024A,,GB_SamplingPoint_74174,GB_StationProcess_918,GB_SamplingFeature_918,O3,http://dd.eionet.europa.eu/vocabulary/aq/pollutant/7,hour,54.4826100000,µg/m3,2018-01-07 15:00:00 +01:00,2018-01-07 16:00:00 +01:00,1,1
GB,http://environment.data.gov.uk/air-quality/so,GB_Network_1,Station_GB1024A,,GB_SamplingPoint_74174,GB_StationProcess_918,GB_SamplingFeature_918,O3,http://dd.eionet.europa.eu/vocabulary/aq/pollutant/7,hour,53.7342200000,µg/m3,2018-01-07 17:00:00 +01:00,2018-01-07 18:00:00 +01:00,1,1
GB,http://environment.data.gov.uk/air-quality/so,GB_Network_1,Station_GB1024A,,GB_SamplingPoint_74174,GB_StationProcess_918,GB_SamplingFeature_918,O3,http://dd.eionet.europa.eu/vocabulary/aq/pollutant/7,hour,54.2331500000,µg/m3,2018-01-07 18:00:00 +01:00,2018-01-07 19:00:00 +01:00,1,1
GB,http://environment.data.gov.uk/air-quality/so,GB_Network_1,Station_GB1024A,,GB_SamplingPoint_74174,GB_StationProcess_918,GB_SamplingFeature_918,O3,http://dd.eionet.europa.eu/vocabulary/aq/pollutant/7,hour,51.5888500000,µg/m3,2018-01-07 20:00:00 +01:00,2018-01-07 21:00:00 +01:00,1,1
GB,http://environment.data.gov.uk/air-quality/so,GB_Network_1,Station_GB1024A,,GB_SamplingPoint_74174,GB_StationProcess_918,GB_SamplingFeature_918,O3,http://dd.eionet.europa.eu/vocabulary/aq/pollutant/7,hour,47.7471200000,µg/m3,2018-01-07 22:00:00 +01:00,2018-01-07 23:00:00 +01:00,1,1
GB,http://environment.data.gov.uk/air-quality/so,GB_Network_1,Station_GB1024A,,GB_SamplingPoint_74174,GB_StationProcess_918,GB_SamplingFeature_918,O3,http://dd.eionet.europa.eu/vocabulary/aq/pollutant/7,hour,34.9247500000,µg/m3,2018-01-08 02:00:00 +01:00,2018-01-08 03:00:00 +01:00,1,1
GB,http://environment.data.gov.uk/air-quality/so,GB_Network_1,Station_GB1024A,,GB_SamplingPoint_74174,GB_StationProcess_918,GB_SamplingFeature_918,O3,http://dd.eionet.europa.eu/vocabulary/aq/pollutant/7,hour,36.6709900000,µg/m3,2018-01-08 03:00:00 +01:00,2018-01-08 04:00:00 +01:00,1,1
GB,http://environment.data.gov.uk/air-quality/so,GB_Network_1,Station_GB1024A,,GB_SamplingPoint_74174,GB_StationProcess_918,GB_SamplingFeature_918,O3,http://dd.eionet.europa.eu/vocabulary/aq/pollutant/7,hour,36.0223900000,µg/m3,2018-01-08 04:00:00 +01:00,2018-01-08 05:00:00 +01:00,1,1
GB,http://environment.data.gov.uk/air-quality/so,GB_Network_1,Station_GB1024A,,GB_SamplingPoint_74174,GB_StationProcess_918,GB_SamplingFeature_918,O3,http://dd.eionet.europa.eu/vocabulary/aq/pollutant/7,hour,42.3587300000,µg/m3,2018-01-08 05:00:00 +01:00,2018-01-08 06:00:00 +01:00,1,1
GB,http://environment.data.gov.uk/air-quality/so,GB_Network_1,Station_GB1024A,,GB_SamplingPoint_74174,GB_StationProcess_918,GB_SamplingFeature_918,O3,http://dd.eionet.europa.eu/vocabulary/aq/pollutant/7,hour,10.4275300000,µg/m3,2018-01-08 09:00:00 +01:00,2018-01-08 10:00:00 +01:00,1,1
GB,http://environment.data.gov.uk/air-quality/so,GB_Network_1,Station_GB1024A,,GB_SamplingPoint_74174,GB_StationProcess_918,GB_SamplingFeature_918,O3,http://dd.eionet.europa.eu/vocabulary/aq/pollutant/7,hour,17.2129100000,µg/m3,2018-01-08 11:00:00 +01:00,2018-01-08 12:00:00 +01:00,1,1
GB,http://environment.data.gov.uk/air-quality/so,GB_Network_1,Station_GB1024A,,GB_SamplingPoint_74174,GB_StationProcess_918,GB_SamplingFeature_918,O3,http://dd.eionet.europa.eu/vocabulary/aq/pollutant/7,hour,17.1131300000,µg/m3,2018-01-08 12:00:00 +01:00,2018-01-08 13:00:00 +01:00,1,1
GB,http://environment.data.gov.uk/air-quality/so,GB_Network_1,Station_GB1024A,,GB_SamplingPoint_74174,GB_StationProcess_918,GB_SamplingFeature_918,O3,http://dd.eionet.europa.eu/vocabulary/aq/pollutant/7,hour,20.1066800000,µg/m3,2018-01-08 13:00:00 +01:00,2018-01-08 14:00:00 +01:00,1,1
GB,http://environment.data.gov.uk/air-quality/so,GB_Network_1,Station_GB1024A,,GB_SamplingPoint_74174,GB_StationProcess_918,GB_SamplingFeature_918,O3,http://dd.eionet.europa.eu/vocabulary/aq/pollutant/7,hour,14.9677500000,µg/m3,2018-01-08 15:00:00 +01:00,2018-01-08 16:00:00 +01:00,1,1
GB,http://environment.data.gov.uk/air-quality/so,GB_Network_1,Station_GB1024A,,GB_SamplingPoint_74174,GB_StationProcess_918,GB_SamplingFeature_918,O3,http://dd.eionet.europa.eu/vocabulary/aq/pollutant/7,hour,13.3711900000,µg/m3,2018-01-08 16:00:00 +01:00,2018-01-08 17:00:00 +01:00,1,1
GB,http://environment.data.gov.uk/air-quality/so,GB_Network_1,Station_GB1024A,,GB_SamplingPoint_74174,GB_StationProcess_918,GB_SamplingFeature_918,O3,http://dd.eionet.europa.eu/vocabulary/aq/pollutant/7,hour,12.9221600000,µg/m3,2018-01-08 17:00:00 +01:00,2018-01-08 18:00:00 +01:00,1,1
GB,http://environment.data.gov.uk/air-quality/so,GB_Network_1,Station_GB1024A,,GB_SamplingPoint_74174,GB_StationProcess_918,GB_SamplingFeature_918,O3,http://dd.eionet.europa.eu/vocabulary/aq/pollutant/7,hour,13.3711900000,µg/m3,2018-01-08 18:00:00 +01:00,2018-01-08 19:00:00 +01:00,1,1
GB,http://environment.data.gov.uk/air-quality/so,GB_Network_1,Station_GB1024A,,GB_SamplingPoint_74174,GB_StationProcess_918,GB_SamplingFeature_918,O3,http://dd.eionet.europa.eu/vocabulary/aq/pollutant/7,hour,12.6727000000,µg/m3,2018-01-08 19:00:00 +01:00,2018-01-08 20:00:00 +01:00,1,1
GB,http://environment.data.gov.uk/air-quality/so,GB_Network_1,Station_GB1024A,,GB_SamplingPoint_74174,GB_StationProcess_918,GB_SamplingFeature_918,O3,http://dd.eionet.europa.eu/vocabulary/aq/pollutant/7,hour,10.5273200000,µg/m3,2018-01-08 23:00:00 +01:00,2018-01-09 00:00:00 +01:00,1,1
GB,http://environment.data.gov.uk/air-quality/so,GB_Network_1,Station_GB1024A,,GB_SamplingPoint_74174,GB_StationProcess_918,GB_SamplingFeature_918,O3,http://dd.eionet.europa.eu/vocabulary/aq/pollutant/7,hour,5.1389300000,µg/m3,2018-01-09 00:00:00 +01:00,2018-01-09 01:00:00 +01:00,2,1
GB,http://environment.data.gov.uk/air-quality/so,GB_Network_1,Station_GB1024A,,GB_SamplingPoint_74174,GB_StationProcess_918,GB_SamplingFeature_918,O3,http://dd.eionet.europa.eu/vocabulary/aq/pollutant/7,hour,7.4339800000,µg/m3,2018-01-09 03:00:00 +01:00,2018-01-09 04:00:00 +01:00,1,1
GB,http://environment.data.gov.uk/air-quality/so,GB_Network_1,Station_GB1024A,,GB_SamplingPoint_74174,GB_StationProcess_918,GB_SamplingFeature_918,O3,http://dd.eionet.europa.eu/vocabulary/aq/pollutant/7,hour,7.0348400000,µg/m3,2018-01-09 04:00:00 +01:00,2018-01-09 05:00:00 +01:00,1,1
GB,http://environment.data.gov.uk/air-quality/so,GB_Network_1,Station_GB1024A,,GB_SamplingPoint_74174,GB_StationProcess_918,GB_SamplingFeature_918,O3,http://dd.eionet.europa.eu/vocabulary/aq/pollutant/7,hour,1.9957000000,µg/m3,2018-01-09 06:00:00 +01:00,2018-01-09 07:00:00 +01:00,2,1
GB,http://environment.data.gov.uk/air-quality/so,GB_Network_1,Station_GB1024A,,GB_SamplingPoint_74174,GB_StationProcess_918,GB_SamplingFeature_918,O3,http://dd.eionet.europa.eu/vocabulary/aq/pollutant/7,hour,0.8481700000,µg/m3,2018-01-09 07:00:00 +01:00,2018-01-09 08:00:00 +01:00,2,1
GB,http://environment.data.gov.uk/air-quality/so,GB_Network_1,Station_GB1024A,,GB_SamplingPoint_74174,GB_StationProcess_918,GB_SamplingFeature_918,O3,http://dd.eionet.europa.eu/vocabulary/aq/pollutant/7,hour,0.9479600000,µg/m3,2018-01-09 08:00:00 +01:00,2018-01-09 09:00:00 +01:00,2,1
GB,http://environment.data.gov.uk/air-quality/so,GB_Network_1,Station_GB1024A,,GB_SamplingPoint_74174,GB_StationProcess_918,GB_SamplingFeature_918,O3,http://dd.eionet.europa.eu/vocabulary/aq/pollutant/7,hour,1.7961300000,µg/m3,2018-01-09 12:00:00 +01:00,2018-01-09 13:00:00 +01:00,2,1
GB,http://environment.data.gov.uk/air-quality/so,GB_Network_1,Station_GB1024A,,GB_SamplingPoint_74174,GB_StationProcess_918,GB_SamplingFeature_918,O3,http://dd.eionet.europa.eu/vocabulary/aq/pollutant/7,hour,1.4967800000,µg/m3,2018-01-09 13:00:00 +01:00,2018-01-09 14:00:00 +01:00,2,1
GB,http://environment.data.gov.uk/air-quality/so,GB_Network_1,Station_GB1024A,,GB_SamplingPoint_74174,GB_StationProcess_918,GB_SamplingFeature_918,O3,http://dd.eionet.europa.eu/vocabulary/aq/pollutant/7,hour,1.9458100000,µg/m3,2018-01-09 14:00:00 +01:00,2018-01-09 15:00:00 +01:00,2,1
GB,http://environment.data.gov.uk/air-quality/so,GB_Network_1,Station_GB1024A,,GB_SamplingPoint_74174,GB_StationProcess_918,GB_SamplingFeature_918,O3,http://dd.eionet.europa.eu/vocabulary/aq/pollutant/7,hour,1.5466700000,µg/m3,2018-01-09 15:00:00 +01:00,2018-01-09 16:00:00 +01:00,2,1
GB,http://environment.data.gov.uk/air-quality/so,GB_Network_1,Station_GB1024A,,GB_SamplingPoint_74174,GB_StationProcess_918,GB_SamplingFeature_918,O3,http://dd.eionet.europa.eu/vocabulary/aq/pollutant/7,hour,0.9978500000,µg/m3,2018-01-09 17:00:00 +01:00,2018-01-09 18:00:00 +01:00,2,1
GB,http://environment.data.gov.uk/air-quality/so,GB_Network_1,Station_GB1024A,,GB_SamplingPoint_74174,GB_StationProcess_918,GB_SamplingFeature_918,O3,http://dd.eionet.europa.eu/vocabulary/aq/pollutant/7,hour,0.7483900000,µg/m3,2018-01-09 20:00:00 +01:00,2018-01-09 21:00:00 +01:00,2,1
GB,http://environment.data.gov.uk/air-quality/so,GB_Network_1,Station_GB1024A,,GB_SamplingPoint_74174,GB_StationProcess_918,GB_SamplingFeature_918,O3,http://dd.eionet.europa.eu/vocabulary/aq/pollutant/7,hour,1.9957000000,µg/m3,2018-01-09 21:00:00 +01:00,2018-01-09 22:00:00 +01:00,2,1
GB,http://environment.data.gov.uk/air-quality/so,GB_Network_1,Station_GB1024A,,GB_SamplingPoint_74174,GB_StationProcess_918,GB_SamplingFeature_918,O3,http://dd.eionet.europa.eu/vocabulary/aq/pollutant/7,hour,4.4903300000,µg/m3,2018-01-09 23:00:00 +01:00,2018-01-10 00:00:00 +01:00,2,1
GB,http://environment.data.gov.uk/air-quality/so,GB_Network_1,Station_GB1024A,,GB_SamplingPoint_74174,GB_StationProcess_918,GB_SamplingFeature_918,O3,http://dd.eionet.europa.eu/vocabulary/aq/pollutant/7,hour,7.1845200000,µg/m3,2018-01-10 00:00:00 +01:00,2018-01-10 01:00:00 +01:00,1,1
GB,http://environment.data.gov.uk/air-quality/so,GB_Network_1,Station_GB1024A,,GB_SamplingPoint_74174,GB_StationProcess_918,GB_SamplingFeature_918,O3,http://dd.eionet.europa.eu/vocabulary/aq/pollutant/7,hour,10.9763500000,µg/m3,2018-01-10 02:00:00 +01:00,2018-01-10 03:00:00 +01:00,1,1
GB,http://environment.data.gov.uk/air-quality/so,GB_Network_1,Station_GB1024A,,GB_SamplingPoint_74174,GB_StationProcess_918,GB_SamplingFeature_918,O3,http://dd.eionet.europa.eu/vocabulary/aq/pollutant/7,hour,10.1281800000,µg/m3,2018-01-10 03:00:00 +01:00,2018-01-10 04:00:00 +01:00,1,1
GB,http://environment.data.gov.uk/air-quality/so,GB_Network_1,Station_GB1024A,,GB_SamplingPoint_74174,GB_StationProcess_918,GB_SamplingFeature_918,O3,http://dd.eionet.europa.eu/vocabulary/aq/pollutant/7,hour,17.6120500000,µg/m3,2018-01-10 05:00:00 +01:00,2018-01-10 06:00:00 +01:00,1,1
GB,http://environment.data.gov.uk/air-quality/so,GB_Network_1,Station_GB1024A,,GB_SamplingPoint_74174,GB_StationProcess_918,GB_SamplingFeature_918,O3,http://dd.eionet.europa.eu/vocabulary/aq/pollutant/7,hour,41.0116400000,µg/m3,2018-01-10 06:00:00 +01:00,2018-01-10 07:00:00 +01:00,1,1
GB,http://environment.data.gov.uk/air-quality/so,GB_Network_1,Station_GB1024A,,GB_SamplingPoint_74174,GB_StationProcess_918,GB_SamplingFeature_918,O3,http://dd.eionet.europa.eu/vocabulary/aq/pollutant/7,hour,42.5583000000,µg/m3,2018-01-10 08:00:00 +01:00,2018-01-10 09:00:00 +01:00,1,1
GB,http://environment.data.gov.uk/air-quality/so,GB_Network_1,Station_GB1024A,,GB_SamplingPoint_74174,GB_StationProcess_918,GB_SamplingFeature_918,O3,http://dd.eionet.europa.eu/vocabulary/aq/pollutant/7,hour,39.1656100000,µg/m3,2018-01-10 09:00:00 +01:00,2018-01-10 10:00:00 +01:00,1,1
GB,http://environment.data.gov.uk/air-quality/so,GB_Network_1,Station_GB1024A,,GB_SamplingPoint_74174,GB_StationProcess_918,GB_SamplingFeature_918,O3,http://dd.eionet.europa.eu/vocabulary/aq/pollutant/7,hour,48.3957300000,µg/m3,2018-01-10 11:00:00 +01:00,2018-01-10 12:00:00 +01:00,1,1
GB,http://environment.data.gov.uk/air-quality/so,GB_Network_1,Station_GB1024A,,GB_SamplingPoint_74174,GB_StationProcess_918,GB_SamplingFeature_918,O3,http://dd.eionet.europa.eu/vocabulary/aq/pollutant/7,hour,50.2916400000,µg/m3,2018-01-10 12:00:00 +01:00,2018-01-10 13:00:00 +01:00,1,1
GB,http://environment.data.gov.uk/air-quality/so,GB_Network_1,Station_GB1024A,,GB_SamplingPoint_74174,GB_StationProcess_918,GB_SamplingFeature_918,O3,http://dd.eionet.europa.eu/vocabulary/aq/pollutant/7,hour,43.9054000000,µg/m3,2018-01-10 13:00:00 +01:00,2018-01-10 14:00:00 +01:00,1,1
GB,http://environment.data.gov.uk/air-quality/so,GB_Network_1,Station_GB1024A,,GB_SamplingPoint_74174,GB_StationProcess_918,GB_SamplingFeature_918,O3,http://dd.eionet.europa.eu/vocabulary/aq/pollutant/7,hour,39.0159400000,µg/m3,2018-01-10 15:00:00 +01:00,2018-01-10 16:00:00 +01:00,1,1
GB,http://environment.data.gov.uk/air-quality/so,GB_Network_1,Station_GB1024A,,GB_SamplingPoint_74174,GB_StationProcess_918,GB_SamplingFeature_918,O3,http://dd.eionet.europa.eu/vocabulary/aq/pollutant/7,hour,21.3539900000,µg/m3,2018-01-10 16:00:00 +01:00,2018-01-10 17:00:00 +01:00,1,1
GB,http://environment.data.gov.uk/air-quality/so,GB_Network_1,Station_GB1024A,,GB_SamplingPoint_74174,GB_StationProcess_918,GB_SamplingFeature_918,O3,http://dd.eionet.europa.eu/vocabulary/aq/pollutant/7,hour,5.9372100000,µg/m3,2018-01-10 17:00:00 +01:00,2018-01-10 18:00:00 +01:00,2,1
GB,http://environment.data.gov.uk/air-quality/so,GB_Network_1,Station_GB1024A,,GB_SamplingPoint_74174,GB_StationProcess_918,GB_SamplingFeature_918,O3,http://dd.eionet.europa.eu/vocabulary/aq/pollutant/7,hour,0.5987100000,µg/m3,2018-01-10 18:00:00 +01:00,2018-01-10 19:00:00 +01:00,2,1
GB,http://environment.data.gov.uk/air-quality/so,GB_Network_1,Station_GB1024A,,GB_SamplingPoint_74174,GB_StationProcess_918,GB_SamplingFeature_918,O3,http://dd.eionet.europa.eu/vocabulary/aq/pollutant/7,hour,0.8481700000,µg/m3,2018-01-10 19:00:00 +01:00,2018-01-10 20:00:00 +01:00,2,1
GB,http://environment.data.gov.uk/air-quality/so,GB_Network_1,Station_GB1024A,,GB_SamplingPoint_74174,GB_StationProcess_918,GB_SamplingFeature_918,O3,http://dd.eionet.europa.eu/vocabulary/aq/pollutant/7,hour,0.8980700000,µg/m3,2018-01-10 20:00:00 +01:00,2018-01-10 21:00:00 +01:00,2,1
GB,http://environment.data.gov.uk/air-quality/so,GB_Network_1,Station_GB1024A,,GB_SamplingPoint_74174,GB_StationProcess_918,GB_SamplingFeature_918,O3,http://dd.eionet.europa.eu/vocabulary/aq/pollutant/7,hour,1.0976400000,µg/m3,2018-01-10 23:00:00 +01:00,2018-01-11 00:00:00 +01:00,2,1
GB,http://environment.data.gov.uk/air-quality/so,GB_Network_1,Station_GB1024A,,GB_SamplingPoint_74174,GB_StationProcess_918,GB_SamplingFeature_918,O3,http://dd.eionet.europa.eu/vocabulary/aq/pollutant/7,hour,1.2639400000,µg/m3,2018-01-11 01:00:00 +01:00,2018-01-11 02:00:00 +01:00,2,1
GB,http://environment.data.gov.uk/air-quality/so,GB_Network_1,Station_GB1024A,,GB_SamplingPoint_74174,GB_StationProcess_918,GB_SamplingFeature_918,O3,http://dd.eionet.europa.eu/vocabulary/aq/pollutant/7,hour,0.9313300000,µg/m3,2018-01-11 02:00:00 +01:00,2018-01-11 03:00:00 +01:00,2,1
GB,http://environment.data.gov.uk/air-quality/so,GB_Network_1,Station_GB1024A,,GB_SamplingPoint_74174,GB_StationProcess_918,GB_SamplingFeature_918,O3,http://dd.eionet.europa.eu/vocabulary/aq/pollutant/7,hour,1.0976400000,µg/m3,2018-01-11 04:00:00 +01:00,2018-01-11 05:00:00 +01:00,2,1
GB,http://environment.data.gov.uk/air-quality/so,GB_Network_1,Station_GB1024A,,GB_SamplingPoint_74174,GB_StationProcess_918,GB_SamplingFeature_918,O3,http://dd.eionet.europa.eu/vocabulary/aq/pollutant/7,hour,0.7483900000,µg/m3,2018-01-11 06:00:00 +01:00,2018-01-11 07:00:00 +01:00,2,1
GB,http://environment.data.gov.uk/air-quality/so,GB_Network_1,Station_GB1024A,,GB_SamplingPoint_74174,GB_StationProcess_918,GB_SamplingFeature_918,O3,http://dd.eionet.europa.eu/vocabulary/aq/pollutant/7,hour,0.8481700000,µg/m3,2018-01-11 08:00:00 +01:00,2018-01-11 09:00:00 +01:00,2,1
GB,http://environment.data.gov.uk/air-quality/so,GB_Network_1,Station_GB1024A,,GB_SamplingPoint_74174,GB_StationProcess_918,GB_SamplingFeature_918,O3,http://dd.eionet.europa.eu/vocabulary/aq/pollutant/7,hour,1.0976400000,µg/m3,2018-01-11 09:00:00 +01:00,2018-01-11 10:00:00 +01:00,2,1
GB,http://environment.data.gov.uk/air-quality/so,GB_Network_1,Station_GB1024A,,GB_SamplingPoint_74174,GB_StationProcess_918,GB_SamplingFeature_918,O3,http://dd.eionet.europa.eu/vocabulary/aq/pollutant/7,hour,1.4967800000,µg/m3,2018-01-11 10:00:00 +01:00,2018-01-11 11:00:00 +01:00,2,1
GB,http://environment.data.gov.uk/air-quality/so,GB_Network_1,Station_GB1024A,,GB_SamplingPoint_74174,GB_StationProcess_918,GB_SamplingFeature_918,O3,http://dd.eionet.europa.eu/vocabulary/aq/pollutant/7,hour,3.9415100000,µg/m3,2018-01-11 13:00:00 +01:00,2018-01-11 14:00:00 +01:00,2,1
GB,http://environment.data.gov.uk/air-quality/so,GB_Network_1,Station_GB1024A,,GB_SamplingPoint_74174,GB_StationProcess_918,GB_SamplingFeature_918,O3,http://dd.eionet.europa.eu/vocabulary/aq/pollutant/7,hour,4.7397900000,µg/m3,2018-01-11 14:00:00 +01:00,2018-01-11 15:00:00 +01:00,2,1
GB,http://environment.data.gov.uk/air-quality/so,GB_Network_1,Station_GB1024A,,GB_SamplingPoint_74174,GB_StationProcess_918,GB_SamplingFeature_918,O3,http://dd.eionet.europa.eu/vocabulary/aq/pollutant/7,hour,,µg/m3,2018-01-11 18:00:00 +01:00,2018-01-11 19:00:00 +01:00,-1,1
GB,http://environment.data.gov.uk/air-quality/so,GB_Network_1,Station_GB1024A,,GB_SamplingPoint_74174,GB_StationProcess_918,GB_SamplingFeature_918,O3,http://dd.eionet.europa.eu/vocabulary/aq/pollutant/7,hour,3.9914000000,µg/m3,2018-01-11 20:00:00 +01:00,2018-01-11 21:00:00 +01:00,2,1
GB,http://environment.data.gov.uk/air-quality/so,GB_Network_1,Station_GB1024A,,GB_SamplingPoint_74174,GB_StationProcess_918,GB_SamplingFeature_918,O3,http://dd.eionet.europa.eu/vocabulary/aq/pollutant/7,hour,10.5273200000,µg/m3,2018-01-11 22:00:00 +01:00,2018-01-11 23:00:00 +01:00,1,1
GB,http://environment.data.gov.uk/air-quality/so,GB_Network_1,Station_GB1024A,,GB_SamplingPoint_74174,GB_StationProcess_918,GB_SamplingFeature_918,O3,http://dd.eionet.europa.eu/vocabulary/aq/pollutant/7,hour,13.3213000000,µg/m3,2018-01-11 23:00:00 +01:00,2018-01-12 00:00:00 +01:00,1,1
GB,http://environment.data.gov.uk/air-quality/so,GB_Network_1,Station_GB1024A,,GB_SamplingPoint_74174,GB_StationProcess_918,GB_SamplingFeature_918,O3,http://dd.eionet.europa.eu/vocabulary/aq/pollutant/7,hour,14.1694700000,µg/m3,2018-01-12 00:00:00 +01:00,2018-01-12 01:00:00 +01:00,1,1
GB,http://environment.data.gov.uk/air-quality/so,GB_Network_1,Station_GB1024A,,GB_SamplingPoint_74174,GB_StationProcess_918,GB_SamplingFeature_918,O3,http://dd.eionet.europa.eu/vocabulary/aq/pollutant/7,hour,11.4420100000,µg/m3,2018-01-12 01:00:00 +01:00,2018-01-12 02:00:00 +01:00,1,1
GB,http://environment.data.gov.uk/air-quality/so,GB_Network_1,Station_GB1024A,,GB_SamplingPoint_74174,GB_StationProcess_918,GB_SamplingFeature_918,O3,http://dd.eionet.europa.eu/vocabulary/aq/pollutant/7,hour,12.8390000000,µg/m3,2018-01-12 02:00:00 +01:00,2018-01-12 03:00:00 +01:00,1,1
GB,http://environment.data.gov.uk/air-quality/so,GB_Network_1,Station_GB1024A,,GB_SamplingPoint_74174,GB_StationProcess_918,GB_SamplingFeature_918,O3,http://dd.eionet.europa.eu/vocabulary/aq/pollutant/7,hour,12.8722700000,µg/m3,2018-01-12 03:00:00 +01:00,2018-01-12 04:00:00 +01:00,1,1
GB,http://environment.data.gov.uk/air-quality/so,GB_Network_1,Station_GB1024A,,GB_SamplingPoint_74174,GB_StationProcess_918,GB_SamplingFeature_918,O3,http://dd.eionet.europa.eu/vocabulary/aq/pollutant/7,hour,12.8722700000,µg/m3,2018-01-12 04:00:00 +01:00,2018-01-12 05:00:00 +01:00,1,1
GB,http://environment.data.gov.uk/air-quality/so,GB_Network_1,Station_GB1024A,,GB_SamplingPoint_74174,GB_StationProcess_918,GB_SamplingFeature_918,O3,http://dd.eionet.europa.eu/vocabulary/aq/pollutant/7,hour,14.6684000000,µg/m3,2018-01-12 05:00:00 +01:00,2018-01-12 06:00:00 +01:00,1,1
GB,http://environment.data.gov.uk/air-quality/so,GB_Network_1,Station_GB1024A,,GB_SamplingPoint_74174,GB_StationProcess_918,GB_SamplingFeature_918,O3,http://dd.eionet.europa.eu/vocabulary/aq/pollutant/7,hour,13.6206500000,µg/m3,2018-01-12 06:00:00 +01:00,2018-01-12 07:00:00 +01:00,1,1
GB,http://environment.data.gov.uk/air-quality/so,GB_Network_1,Station_GB1024A,,GB_SamplingPoint_74174,GB_StationProcess_918,GB_SamplingFeature_918,O3,http://dd.eionet.europa.eu/vocabulary/aq/pollutant/7,hour,5.6378500000,µg/m3,2018-01-12 07:00:00 +01:00,2018-01-12 08:00:00 +01:00,2,1
GB,http://environment.data.gov.uk/air-quality/so,GB_Network_1,Station_GB1024A,,GB_SamplingPoint_74174,GB_StationProcess_918,GB_SamplingFeature_918,O3,http://dd.eionet.europa.eu/vocabulary/aq/pollutant/7,hour,,µg/m3,2018-01-12 08:00:00 +01:00,2018-01-12 09:00:00 +01:00,-1,1
GB,http://environment.data.gov.uk/air-quality/so,GB_Network_1,Station_GB1024A,,GB_SamplingPoint_74174,GB_StationProcess_918,GB_SamplingFeature_918,O3,http://dd.eionet.europa.eu/vocabulary/aq/pollutant/7,hour,0.8980700000,µg/m3,2018-01-12 09:00:00 +01:00,2018-01-12 10:00:00 +01:00,2,1
GB,http://environment.data.gov.uk/air-quality/so,GB_Network_1,Station_GB1024A,,GB_SamplingPoint_74174,GB_StationProcess_918,GB_SamplingFeature_918,O3,http://dd.eionet.europa.eu/vocabulary/aq/pollutant/7,hour,12.2236600000,µg/m3,2018-01-12 13:00:00 +01:00,2018-01-12 14:00:00 +01:00,1,1
GB,http://environment.data.gov.uk/air-quality/so,GB_Network_1,Station_GB1024A,,GB_SamplingPoint_74174,GB_StationProcess_918,GB_SamplingFeature_918,O3,http://dd.eionet.europa.eu/vocabulary/aq/pollutant/7,hour,14.4189300000,µg/m3,2018-01-12 14:00:00 +01:00,2018-01-12 15:00:00 +01:00,1,1
GB,http://environment.data.gov.uk/air-quality/so,GB_Network_1,Station_GB1024A,,GB_SamplingPoint_74174,GB_StationProcess_918,GB_SamplingFeature_918,O3,http://dd.eionet.europa.eu/vocabulary/aq/pollutant/7,hour,3.4425800000,µg/m3,2018-01-12 17:00:00 +01:00,2018-01-12 18:00:00 +01:00,2,1
GB,http://environment.data.gov.uk/air-quality/so,GB_Network_1,Station_GB1024A,,GB_SamplingPoint_74174,GB_StationProcess_918,GB_SamplingFeature_918,O3,http://dd.eionet.europa.eu/vocabulary/aq/pollutant/7,hour,16.2150600000,µg/m3,2018-01-12 19:00:00 +01:00,2018-01-12 20:00:00 +01:00,1,1
GB,http://environment.data.gov.uk/air-quality/so,GB_Network_1,Station_GB1024A,,GB_SamplingPoint_74174,GB_StationProcess_918,GB_SamplingFeature_918,O3,http://dd.eionet.europa.eu/vocabulary/aq/pollutant/7,hour,40.1135700000,µg/m3,2018-01-12 22:00:00 +01:00,2018-01-12 23:00:00 +01:00,1,1
GB,http://environment.data.gov.uk/air-quality/so,GB_Network_1,Station_GB1024A,,GB_SamplingPoint_74174,GB_StationProcess_918,GB_SamplingFeature_918,O3,http://dd.eionet.europa.eu/vocabulary/aq/pollutant/7,hour,46.8490600000,µg/m3,2018-01-12 23:00:00 +01:00,2018-01-13 00:00:00 +01:00,1,1
GB,http://environment.data.gov.uk/air-quality/so,GB_Network_1,Station_GB1024A,,GB_SamplingPoint_74174,GB_StationProcess_918,GB_SamplingFeature_918,O3,http://dd.eionet.europa.eu/vocabulary/aq/pollutant/7,hour,42.0094900000,µg/m3,2018-01-13 00:00:00 +01:00,2018-01-13 01:00:00 +01:00,1,1
GB,http://environment.data.gov.uk/air-quality/so,GB_Network_1,Station_GB1024A,,GB_SamplingPoint_74174,GB_StationProcess_918,GB_SamplingFeature_918,O3,http://dd.eionet.europa.eu/vocabulary/aq/pollutant/7,hour,49.2937900000,µg/m3,2018-01-13 02:00:00 +01:00,2018-01-13 03:00:00 +01:00,1,1
GB,http://environment.data.gov.uk/air-quality/so,GB_Network_1,Station_GB1024A,,GB_SamplingPoint_74174,GB_StationProcess_918,GB_SamplingFeature_918,O3,http://dd.eionet.europa.eu/vocabulary/aq/pollutant/7,hour,45.2026100000,µg/m3,2018-01-13 03:00:00 +01:00,2018-01-13 04:00:00 +01:00,1,1
GB,http://environment.data.gov.uk/air-quality/so,GB_Network_1,Station_GB1024A,,GB_SamplingPoint_74174,GB_StationProcess_918,GB_SamplingFeature_918,O3,http://dd.eionet.europa.eu/vocabulary/aq/pollutant/7,hour,40.9118500000,µg/m3,2018-01-13 04:00:00 +01:00,2018-01-13 05:00:00 +01:00,1,1
GB,http://environment.data.gov.uk/air-quality/so,GB_Network_1,Station_GB1024A,,GB_SamplingPoint_74174,GB_StationProcess_918,GB_SamplingFeature_918,O3,http://dd.eionet.europa.eu/vocabulary/aq/pollutant/7,hour,40.5626000000,µg/m3,2018-01-13 05:00:00 +01:00,2018-01-13 06:00:00 +01:00,1,1
GB,http://environment.data.gov.uk/air-quality/so,GB_Network_1,Station_GB1024A,,GB_SamplingPoint_74174,GB_StationProcess_918,GB_SamplingFeature_918,O3,http://dd.eionet.europa.eu/vocabulary/aq/pollutant/7,hour,33.7772200000,µg/m3,2018-01-13 06:00:00 +01:00,2018-01-13 07:00:00 +01:00,1,1
GB,http://environment.data.gov.uk/air-quality/so,GB_Network_1,Station_GB1024A,,GB_SamplingPoint_74174,GB_StationProcess_918,GB_SamplingFeature_918,O3,http://dd.eionet.europa.eu/vocabulary/aq/pollutant/7,hour,28.9376500000,µg/m3,2018-01-13 07:00:00 +01:00,2018-01-13 08:00:00 +01:00,1,1
GB,http://environment.data.gov.uk/air-quality/so,GB_Network_1,Station_GB1024A,,GB_SamplingPoint_74174,GB_StationProcess_918,GB_SamplingFeature_918,O3,http://dd.eionet.europa.eu/vocabulary/aq/pollutant/7,hour,18.2606600000,µg/m3,2018-01-13 08:00:00 +01:00,2018-01-13 09:00:00 +01:00,1,1
GB,http://environment.data.gov.uk/air-quality/so,GB_Network_1,Station_GB1024A,,GB_SamplingPoint_74174,GB_StationProcess_918,GB_SamplingFeature_918,O3,http://dd.eionet.europa.eu/vocabulary/aq/pollutant/7,hour,10.3277500000,µg/m3,2018-01-13 11:00:00 +01:00,2018-01-13 12:00:00 +01:00,1,1
GB,http://environment.data.gov.uk/air-quality/so,GB_Network_1,Station_GB1024A,,GB_SamplingPoint_74174,GB_StationProcess_918,GB_SamplingFeature_918,O3,http://dd.eionet.europa.eu/vocabulary/aq/pollutant/7,hour,16.8137700000,µg/m3,2018-01-13 12:00:00 +01:00,2018-01-13 13:00:00 +01:00,1,1
GB,http://environment.data.gov.uk/air-quality/so,GB_Network_1,Station_GB1024A,,GB_SamplingPoint_74174,GB_StationProcess_918,GB_SamplingFeature_918,O3,http://dd.eionet.europa.eu/vocabulary/aq/pollutant/7,hour,27.3410900000,µg/m3,2018-01-13 13:00:00 +01:00,2018-01-13 14:00:00 +01:00,1,1
GB,http://environment.data.gov.uk/air-quality/so,GB_Network_1,Station_GB1024A,,GB_SamplingPoint_74174,GB_StationProcess_918,GB_SamplingFeature_918,O3,http://dd.eionet.europa.eu/vocabulary/aq/pollutant/7,hour,29.3367900000,µg/m3,2018-01-13 15:00:00 +01:00,2018-01-13 16:00:00 +01:00,1,1
GB,http://environment.data.gov.uk/air-quality/so,GB_Network_1,Station_GB1024A,,GB_SamplingPoint_74174,GB_StationProcess_918,GB_SamplingFeature_918,O3,http://dd.eionet.europa.eu/vocabulary/aq/pollutant/7,hour,25.6946400000,µg/m3,2018-01-13 16:00:00 +01:00,2018-01-13 17:00:00 +01:00,1,1
GB,http://environment.data.gov.uk/air-quality/so,GB_Network_1,Station_GB1024A,,GB_SamplingPoint_74174,GB_StationProcess_918,GB_SamplingFeature_918,O3,http://dd.eionet.europa.eu/vocabulary/aq/pollutant/7,hour,26.4929200000,µg/m3,2018-01-13 17:00:00 +01:00,2018-01-13 18:00:00 +01:00,1,1
GB,http://environment.data.gov.uk/air-quality/so,GB_Network_1,Station_GB1024A,,GB_SamplingPoint_74174,GB_StationProcess_918,GB_SamplingFeature_918,O3,http://dd.eionet.europa.eu/vocabulary/aq/pollutant/7,hour,16.4645300000,µg/m3,2018-01-13 21:00:00 +01:00,2018-01-13 22:00:00 +01:00,1,1
GB,http://environment.data.gov.uk/air-quality/so,GB_Network_1,Station_GB1024A,,GB_SamplingPoint_74174,GB_StationProcess_918,GB_SamplingFeature_918,O3,http://dd.eionet.europa.eu/vocabulary/aq/pollutant/7,hour,31.6817400000,µg/m3,2018-01-13 23:00:00 +01:00,2018-01-14 00:00:00 +01:00,1,1
GB,http://environment.data.gov.uk/air-quality/so,GB_Network_1,Station_GB1024A,,GB_SamplingPoint_74174,GB_StationProcess_918,GB_SamplingFeature_918,O3,http://dd.eionet.europa.eu/vocabulary/aq/pollutant/7,hour,29.2370100000,µg/m3,2018-01-14 00:00:00 +01:00,2018-01-14 01:00:00 +01:00,1,1
GB,http://environment.data.gov.uk/air-quality/so,GB_Network_1,Station_GB1024A,,GB_SamplingPoint_74174,GB_StationProcess_918,GB_SamplingFeature_918,O3,http://dd.eionet.europa.eu/vocabulary/aq/pollutant/7,hour,27.8067500000,µg/m3,2018-01-14 02:00:00 +01:00,2018-01-14 03:00:00 +01:00,1,1
GB,http://environment.data.gov.uk/air-quality/so,GB_Network_1,Station_GB1024A,,GB_SamplingPoint_74174,GB_StationProcess_918,GB_SamplingFeature_918,O3,http://dd.eionet.europa.eu/vocabulary/aq/pollutant/7,hour,34.0765800000,µg/m3,2018-01-14 03:00:00 +01:00,2018-01-14 04:00:00 +01:00,1,1
GB,http://environment.data.gov.uk/air-quality/so,GB_Network_1,Station_GB1024A,,GB_SamplingPoint_74174,GB_StationProcess_918,GB_SamplingFeature_918,O3,http://dd.eionet.europa.eu/vocabulary/aq/pollutant/7,hour,34.4757200000,µg/m3,2018-01-14 04:00:00 +01:00,2018-01-14 05:00:00 +01:00,1,1
GB,http://environment.data.gov.uk/air-quality/so,GB_Network_1,Station_GB1024A,,GB_SamplingPoint_74174,GB_StationProcess_918,GB_SamplingFeature_918,O3,http://dd.eionet.europa.eu/vocabulary/aq/pollutant/7,hour,30.2348600000,µg/m3,2018-01-14 06:00:00 +01:00,2018-01-14 07:00:00 +01:00,1,1
GB,http://environment.data.gov.uk/air-quality/so,GB_Network_1,Station_GB1024A,,GB_SamplingPoint_74174,GB_StationProcess_918,GB_SamplingFeature_918,O3,http://dd.eionet.europa.eu/vocabulary/aq/pollutant/7,hour,16.8137700000,µg/m3,2018-01-14 09:00:00 +01:00,2018-01-14 10:00:00 +01:00,1,1
GB,http://environment.data.gov.uk/air-quality/so,GB_Network_1,Station_GB1024A,,GB_SamplingPoint_74174,GB_StationProcess_918,GB_SamplingFeature_918,O3,http://dd.eionet.europa.eu/vocabulary/aq/pollutant/7,hour,15.5165700000,µg/m3,2018-01-14 10:00:00 +01:00,2018-01-14 11:00:00 +01:00,1,1
GB,http://environment.data.gov.uk/air-quality/so,GB_Network_1,Station_GB1024A,,GB_SamplingPoint_74174,GB_StationProcess_918,GB_SamplingFeature_918,O3,http://dd.eionet.europa.eu/vocabulary/aq/pollutant/7,hour,11.1260300000,µg/m3,2018-01-14 12:00:00 +01:00,2018-01-14 13:00:00 +01:00,1,1
GB,http://environment.data.gov.uk/air-quality/so,GB_Network_1,Station_GB1024A,,GB_SamplingPoint_74174,GB_StationProcess_918,GB_SamplingFeature_918,O3,http://dd.eionet.europa.eu/vocabulary/aq/pollutant/7,hour,11.8744200000,µg/m3,2018-01-14 13:00:00 +01:00,2018-01-14 14:00:00 +01:00,1,1
GB,http://environment.data.gov.uk/air-quality/so,GB_Network_1,Station_GB1024A,,GB_SamplingPoint_74174,GB_StationProcess_918,GB_SamplingFeature_918,O3,http://dd.eionet.europa.eu/vocabulary/aq/pollutant/7,hour,23.9982900000,µg/m3,2018-01-14 15:00:00 +01:00,2018-01-14 16:00:00 +01:00,1,1
GB,http://environment.data.gov.uk/air-quality/so,GB_Network_1,Station_GB1024A,,GB_SamplingPoint_74174,GB_StationProcess_918,GB_SamplingFeature_918,O3,http://dd.eionet.europa.eu/vocabulary/aq/pollutant/7,hour,15.1174300000,µg/m3,2018-01-14 16:00:00 +01:00,2018-01-14 17:00:00 +01:00,1,1
GB,http://environment.data.gov.uk/air-quality/so,GB_Network_1,Station_GB1024A,,GB_SamplingPoint_74174,GB_StationProcess_918,GB_SamplingFeature_918,O3,http://dd.eionet.europa.eu/vocabulary/aq/pollutant/7,hour,8.3320500000,µg/m3,2018-01-14 18:00:00 +01:00,2018-01-14 19:00:00 +01:00,1,1
GB,http://environment.data.gov.uk/air-quality/so,GB_Network_1,Station_GB1024A,,GB_SamplingPoint_74174,GB_StationProcess_918,GB_SamplingFeature_918,O3,http://dd.eionet.europa.eu/vocabulary/aq/pollutant/7,hour,19.3582900000,µg/m3,2018-01-14 19:00:00 +01:00,2018-01-14 20:00:00 +01:00,1,1
GB,http://environment.data.gov.uk/air-quality/so,GB_Network_1,Station_GB1024A,,GB_SamplingPoint_74174,GB_StationProcess_918,GB_SamplingFeature_918,O3,http://dd.eionet.europa.eu/vocabulary/aq/pollutant/7,hour,28.9376500000,µg/m3,2018-01-14 21:00:00 +01:00,2018-01-14 22:00:00 +01:00,1,1
GB,http://environment.data.gov.uk/air-quality/so,GB_Network_1,Station_GB1024A,,GB_SamplingPoint_74174,GB_StationProcess_918,GB_SamplingFeature_918,O3,http://dd.eionet.europa.eu/vocabulary/aq/pollutant/7,hour,25.6946400000,µg/m3,2018-01-14 22:00:00 +01:00,2018-01-14 23:00:00 +01:00,1,1
GB,http://environment.data.gov.uk/air-quality/so,GB_Network_1,Station_GB1024A,,GB_SamplingPoint_74174,GB_StationProcess_918,GB_SamplingFeature_918,O3,http://dd.eionet.europa.eu/vocabulary/aq/pollutant/7,hour,23.2998000000,µg/m3,2018-01-14 23:00:00 +01:00,2018-01-15 00:00:00 +01:00,1,1
GB,http://environment.data.gov.uk/air-quality/so,GB_Network_1,Station_GB1024A,,GB_SamplingPoint_74174,GB_StationProcess_918,GB_SamplingFeature_918,O3,http://dd.eionet.europa.eu/vocabulary/aq/pollutant/7,hour,29.4864700000,µg/m3,2018-01-15 00:00:00 +01:00,2018-01-15 01:00:00 +01:00,1,1
GB,http://environment.data.gov.uk/air-quality/so,GB_Network_1,Station_GB1024A,,GB_SamplingPoint_74174,GB_StationProcess_918,GB_SamplingFeature_918,O3,http://dd.eionet.europa.eu/vocabulary/aq/pollutant/7,hour,29.8024500000,µg/m3,2018-01-15 01:00:00 +01:00,2018-01-15 02:00:00 +01:00,1,1
GB,http://environment.data.gov.uk/air-quality/so,GB_Network_1,Station_GB1024A,,GB_SamplingPoint_74174,GB_StationProcess_918,GB_SamplingFeature_918,O3,http://dd.eionet.europa.eu/vocabulary/aq/pollutant/7,hour,41.6436100000,µg/m3,2018-01-15 02:00:00 +01:00,2018-01-15 03:00:00 +01:00,1,1
GB,http://environment.data.gov.uk/air-quality/so,GB_Network_1,Station_GB1024A,,GB_SamplingPoint_74174,GB_StationProcess_918,GB_SamplingFeature_918,O3,http://dd.eionet.europa.eu/vocabulary/aq/pollutant/7,hour,49.0443300000,µg/m3,2018-01-15 05:00:00 +01:00,2018-01-15 06:00:00 +01:00,1,1
GB,http://environment.data.gov.uk/air-quality/so,GB_Network_1,Station_GB1024A,,GB_SamplingPoint_74174,GB_StationProcess_918,GB_SamplingFeature_918,O3,http://dd.eionet.europa.eu/vocabulary/aq/pollutant/7,hour,57.2267000000,µg/m3,2018-01-15 06:00:00 +01:00,2018-01-15 07:00:00 +01:00,1,1
GB,http://environment.data.gov.uk/air-quality/so,GB_Network_1,Station_GB1024A,,GB_SamplingPoint_74174,GB_StationProcess_918,GB_SamplingFeature_918,O3,http://dd.eionet.europa.eu/vocabulary/aq/pollutant/7,hour,61.1682100000,µg/m3,2018-01-15 07:00:00 +01:00,2018-01-15 08:00:00 +01:00,1,1
GB,http://environment.data.gov.uk/air-quality/so,GB_Network_1,Station_GB1024A,,GB_SamplingPoint_74174,GB_StationProcess_918,GB_SamplingFeature_918,O3,http://dd.eionet.europa.eu/vocabulary/aq/pollutant/7,hour,52.7862700000,µg/m3,2018-01-15 08:00:00 +01:00,2018-01-15 09:00:00 +01:00,1,1
GB,http://environment.data.gov.uk/air-quality/so,GB_Network_1,Station_GB1024A,,GB_SamplingPoint_74174,GB_StationProcess_918,GB_SamplingFeature_918,O3,http://dd.eionet.europa.eu/vocabulary/aq/pollutant/7,hour,44.9032500000,µg/m3,2018-01-15 09:00:00 +01:00,2018-01-15 10:00:00 +01:00,1,1
GB,http://environment.data.gov.uk/air-quality/so,GB_Network_1,Station_GB1024A,,GB_SamplingPoint_74174,GB_StationProcess_918,GB_SamplingFeature_918,O3,http://dd.eionet.europa.eu/vocabulary/aq/pollutant/7,hour,42.3587300000,µg/m3,2018-01-15 10:00:00 +01:00,2018-01-15 11:00:00 +01:00,1,1
GB,http://environment.data.gov.uk/air-quality/so,GB_Network_1,Station_GB1024A,,GB_SamplingPoint_74174,GB_StationProcess_918,GB_SamplingFeature_918,O3,http://dd.eionet.europa.eu/vocabulary/aq/pollutant/7,hour,45.6017500000,µg/m3,2018-01-15 13:00:00 +01:00,2018-01-15 14:00:00 +01:00,1,1
GB,http://environment.data.gov.uk/air-quality/so,GB_Network_1,Station_GB1024A,,GB_SamplingPoint_74174,GB_StationProcess_918,GB_SamplingFeature_918,O3,http://dd.eionet.europa.eu/vocabulary/aq/pollutant/7,hour,55.7798200000,µg/m3,2018-01-15 15:00:00 +01:00,2018-01-15 16:00:00 +01:00,1,1
GB,http://environment.data.gov.uk/air-quality/so,GB_Network_1,Station_GB1024A,,GB_SamplingPoint_74174,GB_StationProcess_918,GB_SamplingFeature_918,O3,http://dd.eionet.europa.eu/vocabulary/aq/pollutant/7,hour,52.5368000000,µg/m3,2018-01-15 16:00:00 +01:00,2018-01-15 17:00:00 +01:00,1,1
GB,http://environment.data.gov.uk/air-quality/so,GB_Network_1,Station_GB1024A,,GB_SamplingPoint_74174,GB_StationProcess_918,GB_SamplingFeature_918,O3,http://dd.eionet.europa.eu/vocabulary/aq/pollutant/7,hour,44.6039000000,µg/m3,2018-01-15 17:00:00 +01:00,2018-01-15 18:00:00 +01:00,1,1
GB,http://environment.data.gov.uk/air-quality/so,GB_Network_1,Station_GB1024A,,GB_SamplingPoint_74174,GB_StationProcess_918,GB_SamplingFeature_918,O3,http://dd.eionet.europa.eu/vocabulary/aq/pollutant/7,hour,44.6039000000,µg/m3,2018-01-15 18:00:00 +01:00,2018-01-15 19:00:00 +01:00,1,1
GB,http://environment.data.gov.uk/air-quality/so,GB_Network_1,Station_GB1024A,,GB_SamplingPoint_74174,GB_StationProcess_918,GB_SamplingFeature_918,O3,http://dd.eionet.europa.eu/vocabulary/aq/pollutant/7,hour,46.4000300000,µg/m3,2018-01-15 19:00:00 +01:00,2018-01-15 20:00:00 +01:00,1,1
GB,http://environment.data.gov.uk/air-quality/so,GB_Network_1,Station_GB1024A,,GB_SamplingPoint_74174,GB_StationProcess_918,GB_SamplingFeature_918,O3,http://dd.eionet.europa.eu/vocabulary/aq/pollutant/7,hour,31.3324900000,µg/m3,2018-01-15 21:00:00 +01:00,2018-01-15 22:00:00 +01:00,1,1
GB,http://environment.data.gov.uk/air-quality/so,GB_Network_1,Station_GB1024A,,GB_SamplingPoint_74174,GB_StationProcess_918,GB_SamplingFeature_918,O3,http://dd.eionet.europa.eu/vocabulary/aq/pollutant/7,hour,38.2176600000,µg/m3,2018-01-15 22:00:00 +01:00,2018-01-15 23:00:00 +01:00,1,1
GB,http://environment.data.gov.uk/air-quality/so,GB_Network_1,Station_GB1024A,,GB_SamplingPoint_74174,GB_StationProcess_918,GB_SamplingFeature_918,O3,http://dd.eionet.europa.eu/vocabulary/aq/pollutant/7,hour,57.1435400000,µg/m3,2018-01-16 02:00:00 +01:00,2018-01-16 03:00:00 +01:00,1,1
GB,http://environment.data.gov.uk/air-quality/so,GB_Network_1,Station_GB1024A,,GB_SamplingPoint_74174,GB_StationProcess_918,GB_SamplingFeature_918,O3,http://dd.eionet.europa.eu/vocabulary/aq/pollutant/7,hour,63.6628300000,µg/m3,2018-01-16 03:00:00 +01:00,2018-01-16 04:00:00 +01:00,1,1
GB,http://environment.data.gov.uk/air-quality/so,GB_Network_1,Station_GB1024A,,GB_SamplingPoint_74174,GB_StationProcess_918,GB_SamplingFeature_918,O3,http://dd.eionet.europa.eu/vocabulary/aq/pollutant/7,hour,62.8146600000,µg/m3,2018-01-16 04:00:00 +01:00,2018-01-16 05:00:00 +01:00,1,1
GB,http://environment.data.gov.uk/air-quality/so,GB_Network_1,Station_GB1024A,,GB_SamplingPoint_74174,GB_StationProcess_918,GB_SamplingFeature_918,O3,http://dd.eionet.europa.eu/vocabulary/aq/pollutant/7,hour,65.8082100000,µg/m3,2018-01-16 06:00:00 +01:00,2018-01-16 07:00:00 +01:00,1,1
GB,http://environment.data.gov.uk/air-quality/so,GB_Network_1,Station_GB1024A,,GB_SamplingPoint_74174,GB_StationProcess_918,GB_SamplingFeature_918,O3,http://dd.eionet.europa.eu/vocabulary/aq/pollutant/7,hour,58.7733700000,µg/m3,2018-01-16 10:00:00 +01:00,2018-01-16 11:00:00 +01:00,1,1
GB,http://environment.data.gov.uk/air-quality/so,GB_Network_1,Station_GB1024A,,GB_SamplingPoint_74174,GB_StationProcess_918,GB_SamplingFeature_918,O3,http://dd.eionet.europa.eu/vocabulary/aq/pollutant/7,hour,65.0598200000,µg/m3,2018-01-16 16:00:00 +01:00,2018-01-16 17:00:00 +01:00,1,1
GB,http://environment.data.gov.uk/air-quality/so,GB_Network_1,Station_GB1024A,,GB_SamplingPoint_74174,GB_StationProcess_918,GB_SamplingFeature_918,O3,http://dd.eionet.europa.eu/vocabulary/aq/pollutant/7,hour,49.3935800000,µg/m3,2018-01-16 18:00:00 +01:00,2018-01-16 19:00:00 +01:00,1,1
GB,http://environment.data.gov.uk/air-quality/so,GB_Network_1,Station_GB1024A,,GB_SamplingPoint_74174,GB_StationProcess_918,GB_SamplingFeature_918,O3,http://dd.eionet.europa.eu/vocabulary/aq/pollutant/7,hour,57.8753000000,µg/m3,2018-01-16 20:00:00 +01:00,2018-01-16 21:00:00 +01:00,1,1
GB,http://environment.data.gov.uk/air-quality/so,GB_Network_1,Station_GB1024A,,GB_SamplingPoint_74174,GB_StationProcess_918,GB_SamplingFeature_918,O3,http://dd.eionet.europa.eu/vocabulary/aq/pollutant/7,hour,53.2851900000,µg/m3,2018-01-16 21:00:00 +01:00,2018-01-16 22:00:00 +01:00,1,1
GB,http://environment.data.gov.uk/air-quality/so,GB_Network_1,Station_GB1024A,,GB_SamplingPoint_74174,GB_StationProcess_918,GB_SamplingFeature_918,O3,http://dd.eionet.europa.eu/vocabulary/aq/pollutant/7,hour,66.0576700000,µg/m3,2018-01-17 00:00:00 +01:00,2018-01-17 01:00:00 +01:00,1,1
GB,http://environment.data.gov.uk/air-quality/so,GB_Network_1,Station_GB1024A,,GB_SamplingPoint_74174,GB_StationProcess_918,GB_SamplingFeature_918,O3,http://dd.eionet.europa.eu/vocabulary/aq/pollutant/7,hour,70.5147300000,µg/m3,2018-01-17 01:00:00 +01:00,2018-01-17 02:00:00 +01:00,1,1
GB,http://environment.data.gov.uk/air-quality/so,GB_Network_1,Station_GB1024A,,GB_SamplingPoint_74174,GB_StationProcess_918,GB_SamplingFeature_918,O3,http://dd.eionet.europa.eu/vocabulary/aq/pollutant/7,hour,78.0817600000,µg/m3,2018-01-17 03:00:00 +01:00,2018-01-17 04:00:00 +01:00,1,1
GB,http://environment.data.gov.uk/air-quality/so,GB_Network_1,Station_GB1024A,,GB_SamplingPoint_74174,GB_StationProcess_918,GB_SamplingFeature_918,O3,http://dd.eionet.europa.eu/vocabulary/aq/pollutant/7,hour,61.6172400000,µg/m3,2018-01-17 08:00:00 +01:00,2018-01-17 09:00:00 +01:00,1,1
GB,http://environment.data.gov.uk/air-quality/so,GB_Network_1,Station_GB1024A,,GB_SamplingPoint_74174,GB_StationProcess_918,GB_SamplingFeature_918,O3,http://dd.eionet.europa.eu/vocabulary/aq/pollutant/7,hour,57.4262700000,µg/m3,2018-01-17 09:00:00 +01:00,2018-01-17 10:00:00 +01:00,1,1
GB,http://environment.data.gov.uk/air-quality/so,GB_Network_1,Station_GB1024A,,GB_SamplingPoint_74174,GB_StationProcess_918,GB_SamplingFeature_918,O3,http://dd.eionet.europa.eu/vocabulary/aq/pollutant/7,hour,55.4305700000,µg/m3,2018-01-17 10:00:00 +01:00,2018-01-17 11:00:00 +01:00,1,1
GB,http://environment.data.gov.uk/air-quality/so,GB_Network_1,Station_GB1024A,,GB_SamplingPoint_74174,GB_StationProcess_918,GB_SamplingFeature_918,O3,http://dd.eionet.europa.eu/vocabulary/aq/pollutant/7,hour,63.6129400000,µg/m3,2018-01-17 12:00:00 +01:00,2018-01-17 13:00:00 +01:00,1,1
GB,http://environment.data.gov.uk/air-quality/so,GB_Network_1,Station_GB1024A,,GB_SamplingPoint_74174,GB_StationProcess_918,GB_SamplingFeature_918,O3,http://dd.eionet.europa.eu/vocabulary/aq/pollutant/7,hour,63.1140100000,µg/m3,2018-01-17 13:00:00 +01:00,2018-01-17 14:00:00 +01:00,1,1
GB,http://environment.data.gov.uk/air-quality/so,GB_Network_1,Station_GB1024A,,GB_SamplingPoint_74174,GB_StationProcess_918,GB_SamplingFeature_918,O3,http://dd.eionet.europa.eu/vocabulary/aq/pollutant/7,hour,63.6129400000,µg/m3,2018-01-17 15:00:00 +01:00,2018-01-17 16:00:00 +01:00,1,1
GB,http://environment.data.gov.uk/air-quality/so,GB_Network_1,Station_GB1024A,,GB_SamplingPoint_74174,GB_StationProcess_918,GB_SamplingFeature_918,O3,http://dd.eionet.europa.eu/vocabulary/aq/pollutant/7,hour,60.6692800000,µg/m3,2018-01-17 16:00:00 +01:00,2018-01-17 17:00:00 +01:00,1,1
GB,http://environment.data.gov.uk/air-quality/so,GB_Network_1,Station_GB1024A,,GB_SamplingPoint_74174,GB_StationProcess_918,GB_SamplingFeature_918,O3,http://dd.eionet.europa.eu/vocabulary/aq/pollutant/7,hour,57.6757300000,µg/m3,2018-01-17 17:00:00 +01:00,2018-01-17 18:00:00 +01:00,1,1
GB,http://environment.data.gov.uk/air-quality/so,GB_Network_1,Station_GB1024A,,GB_SamplingPoint_74174,GB_StationProcess_918,GB_SamplingFeature_918,O3,http://dd.eionet.europa.eu/vocabulary/aq/pollutant/7,hour,39.2654000000,µg/m3,2018-01-17 19:00:00 +01:00,2018-01-17 20:00:00 +01:00,1,1
GB,http://environment.data.gov.uk/air-quality/so,GB_Network_1,Station_GB1024A,,GB_SamplingPoint_74174,GB_StationProcess_918,GB_SamplingFeature_918,O3,http://dd.eionet.europa.eu/vocabulary/aq/pollutant/7,hour,45.9011000000,µg/m3,2018-01-17 21:00:00 +01:00,2018-01-17 22:00:00 +01:00,1,1
GB,http://environment.data.gov.uk/air-quality/so,GB_Network_1,Station_GB1024A,,GB_SamplingPoint_74174,GB_StationProcess_918,GB_SamplingFeature_918,O3,http://dd.eionet.europa.eu/vocabulary/aq/pollutant/7,hour,50.4912100000,µg/m3,2018-01-17 22:00:00 +01:00,2018-01-17 23:00:00 +01:00,1,1
GB,http://environment.data.gov.uk/air-quality/so,GB_Network_1,Station_GB1024A,,GB_SamplingPoint_74174,GB_StationProcess_918,GB_SamplingFeature_918,O3,http://dd.eionet.europa.eu/vocabulary/aq/pollutant/7,hour,61.6172400000,µg/m3,2018-01-18 00:00:00 +01:00,2018-01-18 01:00:00 +01:00,1,1
GB,http://environment.data.gov.uk/air-quality/so,GB_Network_1,Station_GB1024A,,GB_SamplingPoint_74174,GB_StationProcess_918,GB_SamplingFeature_918,O3,http://dd.eionet.europa.eu/vocabulary/aq/pollutant/7,hour,73.4417600000,µg/m3,2018-01-18 01:00:00 +01:00,2018-01-18 02:00:00 +01:00,1,1
GB,http://environment.data.gov.uk/air-quality/so,GB_Network_1,Station_GB1024A,,GB_SamplingPoint_74174,GB_StationProcess_918,GB_SamplingFeature_918,O3,http://dd.eionet.europa.eu/vocabulary/aq/pollutant/7,hour,82.8714400000,µg/m3,2018-01-18 05:00:00 +01:00,2018-01-18 06:00:00 +01:00,1,1
GB,http://environment.data.gov.uk/air-quality/so,GB_Network_1,Station_GB1024A,,GB_SamplingPoint_74174,GB_StationProcess_918,GB_SamplingFeature_918,O3,http://dd.eionet.europa.eu/vocabulary/aq/pollutant/7,hour,80.2271400000,µg/m3,2018-01-18 06:00:00 +01:00,2018-01-18 07:00:00 +01:00,1,1
GB,http://environment.data.gov.uk/air-quality/so,GB_Network_1,Station_GB1024A,,GB_SamplingPoint_74174,GB_StationProcess_918,GB_SamplingFeature_918,O3,http://dd.eionet.europa.eu/vocabulary/aq/pollutant/7,hour,61.4176700000,µg/m3,2018-01-18 11:00:00 +01:00,2018-01-18 12:00:00 +01:00,1,1
GB,http://environment.data.gov.uk/air-quality/so,GB_Network_1,Station_GB1024A,,GB_SamplingPoint_74174,GB_StationProcess_918,GB_SamplingFeature_918,O3,http://dd.eionet.europa.eu/vocabulary/aq/pollutant/7,hour,63.5131500000,µg/m3,2018-01-18 13:00:00 +01:00,2018-01-18 14:00:00 +01:00,1,1
GB,http://environment.data.gov.uk/air-quality/so,GB_Network_1,Station_GB1024A,,GB_SamplingPoint_74174,GB_StationProcess_918,GB_SamplingFeature_918,O3,http://dd.eionet.europa.eu/vocabulary/aq/pollutant/7,hour,63.6628300000,µg/m3,2018-01-18 14:00:00 +01:00,2018-01-18 15:00:00 +01:00,1,1
GB,http://environment.data.gov.uk/air-quality/so,GB_Network_1,Station_GB1024A,,GB_SamplingPoint_74174,GB_StationProcess_918,GB_SamplingFeature_918,O3,http://dd.eionet.europa.eu/vocabulary/aq/pollutant/7,hour,50.7905700000,µg/m3,2018-01-18 16:00:00 +01:00,2018-01-18 17:00:00 +01:00,1,1
GB,http://environment.data.gov.uk/air-quality/so,GB_Network_1,Station_GB1024A,,GB_SamplingPoint_74174,GB_StationProcess_918,GB_SamplingFeature_918,O3,http://dd.eionet.europa.eu/vocabulary/aq/pollutant/7,hour,50.3914300000,µg/m3,2018-01-18 18:00:00 +01:00,2018-01-18 19:00:00 +01:00,1,1
GB,http://environment.data.gov.uk/air-quality/so,GB_Network_1,Station_GB1024A,,GB_SamplingPoint_74174,GB_StationProcess_918,GB_SamplingFeature_918,O3,http://dd.eionet.europa.eu/vocabulary/aq/pollutant/7,hour,49.3935800000,µg/m3,2018-01-19 00:00:00 +01:00,2018-01-19 01:00:00 +01:00,1,1
GB,http://environment.data.gov.uk/air-quality/so,GB_Network_1,Station_GB1024A,,GB_SamplingPoint_74174,GB_StationProcess_918,GB_SamplingFeature_918,O3,http://dd.eionet.europa.eu/vocabulary/aq/pollutant/7,hour,45.8345800000,µg/m3,2018-01-19 01:00:00 +01:00,2018-01-19 02:00:00 +01:00,1,1
GB,http://environment.data.gov.uk/air-quality/so,GB_Network_1,Station_GB1024A,,GB_SamplingPoint_74174,GB_StationProcess_918,GB_SamplingFeature_918,O3,http://dd.eionet.europa.eu/vocabulary/aq/pollutant/7,hour,45.8345800000,µg/m3,2018-01-19 02:00:00 +01:00,2018-01-19 03:00:00 +01:00,1,1
GB,http://environment.data.gov.uk/air-quality/so,GB_Network_1,Station_GB1024A,,GB_SamplingPoint_74174,GB_StationProcess_918,GB_SamplingFeature_918,O3,http://dd.eionet.europa.eu/vocabulary/aq/pollutant/7,hour,46.3501300000,µg/m3,2018-01-19 04:00:00 +01:00,2018-01-19 05:00:00 +01:00,1,1
GB,http://environment.data.gov.uk/air-quality/so,GB_Network_1,Station_GB1024A,,GB_SamplingPoint_74174,GB_StationProcess_918,GB_SamplingFeature_918,O3,http://dd.eionet.europa.eu/vocabulary/aq/pollutant/7,hour,40.5626000000,µg/m3,2018-01-19 05:00:00 +01:00,2018-01-19 06:00:00 +01:00,1,1
GB,http://environment.data.gov.uk/air-quality/so,GB_Network_1,Station_GB1024A,,GB_SamplingPoint_74174,GB_StationProcess_918,GB_SamplingFeature_918,O3,http://dd.eionet.europa.eu/vocabulary/aq/pollutant/7,hour,34.5256100000,µg/m3,2018-01-19 07:00:00 +01:00,2018-01-19 08:00:00 +01:00,1,1
GB,http://environment.data.gov.uk/air-quality/so,GB_Network_1,Station_GB1024A,,GB_SamplingPoint_74174,GB_StationProcess_918,GB_SamplingFeature_918,O3,http://dd.eionet.europa.eu/vocabulary/aq/pollutant/7,hour,20.1066800000,µg/m3,2018-01-19 08:00:00 +01:00,2018-01-19 09:00:00 +01:00,1,1
GB,http://environment.data.gov.uk/air-quality/so,GB_Network_1,Station_GB1024A,,GB_SamplingPoint_74174,GB_StationProcess_918,GB_SamplingFeature_918,O3,http://dd.eionet.europa.eu/vocabulary/aq/pollutant/7,hour,5.2886100000,µg/m3,2018-01-19 09:00:00 +01:00,2018-01-19 10:00:00 +01:00,2,1
GB,http://environment.data.gov.uk/air-quality/so,GB_Network_1,Station_GB1024A,,GB_SamplingPoint_74174,GB_StationProcess_918,GB_SamplingFeature_918,O3,http://dd.eionet.europa.eu/vocabulary/aq/pollutant/7,hour,47.3978800000,µg/m3,2018-01-19 12:00:00 +01:00,2018-01-19 13:00:00 +01:00,1,1
GB,http://environment.data.gov.uk/air-quality/so,GB_Network_1,Station_GB1024A,,GB_SamplingPoint_74174,GB_StationProcess_918,GB_SamplingFeature_918,O3,http://dd.eionet.europa.eu/vocabulary/aq/pollutant/7,hour,55.7798200000,µg/m3,2018-01-19 13:00:00 +01:00,2018-01-19 14:00:00 +01:00,1,1
GB,http://environment.data.gov.uk/air-quality/so,GB_Network_1,Station_GB1024A,,GB_SamplingPoint_74174,GB_StationProcess_918,GB_SamplingFeature_918,O3,http://dd.eionet.europa.eu/vocabulary/aq/pollutant/7,hour,59.3221800000,µg/m3,2018-01-19 14:00:00 +01:00,2018-01-19 15:00:00 +01:00,1,1
GB,http://environment.data.gov.uk/air-quality/so,GB_Network_1,Station_GB1024A,,GB_SamplingPoint_74174,GB_StationProcess_918,GB_SamplingFeature_918,O3,http://dd.eionet.europa.eu/vocabulary/aq/pollutant/7,hour,60.3200300000,µg/m3,2018-01-19 15:00:00 +01:00,2018-01-19 16:00:00 +01:00,1,1
GB,http://environment.data.gov.uk/air-quality/so,GB_Network_1,Station_GB1024A,,GB_SamplingPoint_74174,GB_StationProcess_918,GB_SamplingFeature_918,O3,http://dd.eionet.europa.eu/vocabulary/aq/pollutant/7,hour,43.5561500000,µg/m3,2018-01-19 17:00:00 +01:00,2018-01-19 18:00:00 +01:00,1,1
GB,http://environment.data.gov.uk/air-quality/so,GB_Network_1,Station_GB1024A,,GB_SamplingPoint_74174,GB_StationProcess_918,GB_SamplingFeature_918,O3,http://dd.eionet.europa.eu/vocabulary/aq/pollutant/7,hour,41.3608800000,µg/m3,2018-01-19 18:00:00 +01:00,2018-01-19 19:00:00 +01:00,1,1
GB,http://environment.data.gov.uk/air-quality/so,GB_Network_1,Station_GB1024A,,GB_SamplingPoint_74174,GB_StationProcess_918,GB_SamplingFeature_918,O3,http://dd.eionet.europa.eu/vocabulary/aq/pollutant/7,hour,36.9204500000,µg/m3,2018-01-19 20:00:00 +01:00,2018-01-19 21:00:00 +01:00,1,1
GB,http://environment.data.gov.uk/air-quality/so,GB_Network_1,Station_GB1024A,,GB_SamplingPoint_74174,GB_StationProcess_918,GB_SamplingFeature_918,O3,http://dd.eionet.europa.eu/vocabulary/aq/pollutant/7,hour,45.2026100000,µg/m3,2018-01-19 21:00:00 +01:00,2018-01-19 22:00:00 +01:00,1,1
GB,http://environment.data.gov.uk/air-quality/so,GB_Network_1,Station_GB1024A,,GB_SamplingPoint_74174,GB_StationProcess_918,GB_SamplingFeature_918,O3,http://dd.eionet.europa.eu/vocabulary/aq/pollutant/7,hour,48.9445400000,µg/m3,2018-01-19 22:00:00 +01:00,2018-01-19 23:00:00 +01:00,1,1
GB,http://environment.data.gov.uk/air-quality/so,GB_Network_1,Station_GB1024A,,GB_SamplingPoint_74174,GB_StationProcess_918,GB_SamplingFeature_918,O3,http://dd.eionet.europa.eu/vocabulary/aq/pollutant/7,hour,42.0094900000,µg/m3,2018-01-19 23:00:00 +01:00,2018-01-20 00:00:00 +01:00,1,1
GB,http://environment.data.gov.uk/air-quality/so,GB_Network_1,Station_GB1024A,,GB_SamplingPoint_74174,GB_StationProcess_918,GB_SamplingFeature_918,O3,http://dd.eionet.europa.eu/vocabulary/aq/pollutant/7,hour,40.2133600000,µg/m3,2018-01-20 00:00:00 +01:00,2018-01-20 01:00:00 +01:00,1,1
GB,http://environment.data.gov.uk/air-quality/so,GB_Network_1,Station_GB1024A,,GB_SamplingPoint_74174,GB_StationProcess_918,GB_SamplingFeature_918,O3,http://dd.eionet.europa.eu/vocabulary/aq/pollutant/7,hour,51.2894900000,µg/m3,2018-01-20 01:00:00 +01:00,2018-01-20 02:00:00 +01:00,1,1
GB,http://environment.data.gov.uk/air-quality/so,GB_Network_1,Station_GB1024A,,GB_SamplingPoint_74174,GB_StationProcess_918,GB_SamplingFeature_918,O3,http://dd.eionet.europa.eu/vocabulary/aq/pollutant/7,hour,52.2873400000,µg/m3,2018-01-20 02:00:00 +01:00,2018-01-20 03:00:00 +01:00,1,1
GB,http://environment.data.gov.uk/air-quality/so,GB_Network_1,Station_GB1024A,,GB_SamplingPoint_74174,GB_StationProcess_918,GB_SamplingFeature_918,O3,http://dd.eionet.europa.eu/vocabulary/aq/pollutant/7,hour,34.7750700000,µg/m3,2018-01-20 07:00:00 +01:00,2018-01-20 08:00:00 +01:00,1,1
GB,http://environment.data.gov.uk/air-quality/so,GB_Network_1,Station_GB1024A,,GB_SamplingPoint_74174,GB_StationProcess_918,GB_SamplingFeature_918,O3,http://dd.eionet.europa.eu/vocabulary/aq/pollutant/7,hour,21.8030200000,µg/m3,2018-01-20 09:00:00 +01:00,2018-01-20 10:00:00 +01:00,1,1
GB,http://environment.data.gov.uk/air-quality/so,GB_Network_1,Station_GB1024A,,GB_SamplingPoint_74174,GB_StationProcess_918,GB_SamplingFeature_918,O3,http://dd.eionet.europa.eu/vocabulary/aq/pollutant/7,hour,20.5557100000,µg/m3,2018-01-20 10:00:00 +01:00,2018-01-20 11:00:00 +01:00,1,1
GB,http://environment.data.gov.uk/air-quality/so,GB_Network_1,Station_GB1024A,,GB_SamplingPoint_74174,GB_StationProcess_918,GB_SamplingFeature_918,O3,http://dd.eionet.europa.eu/vocabulary/aq/pollutant/7,hour,41.8598100000,µg/m3,2018-01-20 12:00:00 +01:00,2018-01-20 13:00:00 +01:00,1,1
GB,http://environment.data.gov.uk/air-quality/so,GB_Network_1,Station_GB1024A,,GB_SamplingPoint_74174,GB_StationProcess_918,GB_SamplingFeature_918,O3,http://dd.eionet.europa.eu/vocabulary/aq/pollutant/7,hour,38.4671200000,µg/m3,2018-01-20 13:00:00 +01:00,2018-01-20 14:00:00 +01:00,1,1
GB,http://environment.data.gov.uk/air-quality/so,GB_Network_1,Station_GB1024A,,GB_SamplingPoint_74174,GB_StationProcess_918,GB_SamplingFeature_918,O3,http://dd.eionet.europa.eu/vocabulary/aq/pollutant/7,hour,26.4929200000,µg/m3,2018-01-20 14:00:00 +01:00,2018-01-20 15:00:00 +01:00,1,1
GB,http://environment.data.gov.uk/air-quality/so,GB_Network_1,Station_GB1024A,,GB_SamplingPoint_74174,GB_StationProcess_918,GB_SamplingFeature_918,O3,http://dd.eionet.europa.eu/vocabulary/aq/pollutant/7,hour,29.1871100000,µg/m3,2018-01-20 15:00:00 +01:00,2018-01-20 16:00:00 +01:00,1,1
GB,http://environment.data.gov.uk/air-quality/so,GB_Network_1,Station_GB1024A,,GB_SamplingPoint_74174,GB_StationProcess_918,GB_SamplingFeature_918,O3,http://dd.eionet.europa.eu/vocabulary/aq/pollutant/7,hour,37.9183000000,µg/m3,2018-01-20 16:00:00 +01:00,2018-01-20 17:00:00 +01:00,1,1
GB,http://environment.data.gov.uk/air-quality/so,GB_Network_1,Station_GB1024A,,GB_SamplingPoint_74174,GB_StationProcess_918,GB_SamplingFeature_918,O3,http://dd.eionet.europa.eu/vocabulary/aq/pollutant/7,hour,38.2176600000,µg/m3,2018-01-20 17:00:00 +01:00,2018-01-20 18:00:00 +01:00,1,1
GB,http://environment.data.gov.uk/air-quality/so,GB_Network_1,Station_GB1024A,,GB_SamplingPoint_74174,GB_StationProcess_918,GB_SamplingFeature_918,O3,http://dd.eionet.europa.eu/vocabulary/aq/pollutant/7,hour,58.6735800000,µg/m3,2018-01-20 21:00:00 +01:00,2018-01-20 22:00:00 +01:00,1,1
GB,http://environment.data.gov.uk/air-quality/so,GB_Network_1,Station_GB1024A,,GB_SamplingPoint_74174,GB_StationProcess_918,GB_SamplingFeature_918,O3,http://dd.eionet.europa.eu/vocabulary/aq/pollutant/7,hour,48.8447600000,µg/m3,2018-01-20 22:00:00 +01:00,2018-01-20 23:00:00 +01:00,1,1
GB,http://environment.data.gov.uk/air-quality/so,GB_Network_1,Station_GB1024A,,GB_SamplingPoint_74174,GB_StationProcess_918,GB_SamplingFeature_918,O3,http://dd.eionet.europa.eu/vocabulary/aq/pollutant/7,hour,28.8046000000,µg/m3,2018-01-21 02:00:00 +01:00,2018-01-21 03:00:00 +01:00,1,1
GB,http://environment.data.gov.uk/air-quality/so,GB_Network_1,Station_GB1024A,,GB_SamplingPoint_74174,GB_StationProcess_918,GB_SamplingFeature_918,O3,http://dd.eionet.europa.eu/vocabulary/aq/pollutant/7,hour,24.6967900000,µg/m3,2018-01-21 06:00:00 +01:00,2018-01-21 07:00:00 +01:00,1,1
GB,http://environment.data.gov.uk/air-quality/so,GB_Network_1,Station_GB1024A,,GB_SamplingPoint_74174,GB_StationProcess_918,GB_SamplingFeature_918,O3,http://dd.eionet.europa.eu/vocabulary/aq/pollutant/7,hour,6.6856000000,µg/m3,2018-01-21 10:00:00 +01:00,2018-01-21 11:00:00 +01:00,1,1
GB,http://environment.data.gov.uk/air-quality/so,GB_Network_1,Station_GB1024A,,GB_SamplingPoint_74174,GB_StationProcess_918,GB_SamplingFeature_918,O3,http://dd.eionet.europa.eu/vocabulary/aq/pollutant/7,hour,20.9548500000,µg/m3,2018-01-21 11:00:00 +01:00,2018-01-21 12:00:00 +01:00,1,1
GB,http://environment.data.gov.uk/air-quality/so,GB_Network_1,Station_GB1024A,,GB_SamplingPoint_74174,GB_StationProcess_918,GB_SamplingFeature_918,O3,http://dd.eionet.europa.eu/vocabulary/aq/pollutant/7,hour,43.5561500000,µg/m3,2018-01-21 12:00:00 +01:00,2018-01-21 13:00:00 +01:00,1,1
GB,http://environment.data.gov.uk/air-quality/so,GB_Network_1,Station_GB1024A,,GB_SamplingPoint_74174,GB_StationProcess_918,GB_SamplingFeature_918,O3,http://dd.eionet.europa.eu/vocabulary/aq/pollutant/7,hour,24.3974300000,µg/m3,2018-01-21 14:00:00 +01:00,2018-01-21 15:00:00 +01:00,1,1
GB,http://environment.data.gov.uk/air-quality/so,GB_Network_1,Station_GB1024A,,GB_SamplingPoint_74174,GB_StationProcess_918,GB_SamplingFeature_918,O3,http://dd.eionet.europa.eu/vocabulary/aq/pollutant/7,hour,17.1131300000,µg/m3,2018-01-21 15:00:00 +01:00,2018-01-21 16:00:00 +01:00,1,1
GB,http://environment.data.gov.uk/air-quality/so,GB_Network_1,Station_GB1024A,,GB_SamplingPoint_74174,GB_StationProcess_918,GB_SamplingFeature_918,O3,http://dd.eionet.europa.eu/vocabulary/aq/pollutant/7,hour,13.9200100000,µg/m3,2018-01-21 17:00:00 +01:00,2018-01-21 18:00:00 +01:00,1,1
GB,http://environment.data.gov.uk/air-quality/so,GB_Network_1,Station_GB1024A,,GB_SamplingPoint_74174,GB_StationProcess_918,GB_SamplingFeature_918,O3,http://dd.eionet.europa.eu/vocabulary/aq/pollutant/7,hour,1.7961300000,µg/m3,2018-01-21 20:00:00 +01:00,2018-01-21 21:00:00 +01:00,2,1
GB,http://environment.data.gov.uk/air-quality/so,GB_Network_1,Station_GB1024A,,GB_SamplingPoint_74174,GB_StationProcess_918,GB_SamplingFeature_918,O3,http://dd.eionet.europa.eu/vocabulary/aq/pollutant/7,hour,10.2778600000,µg/m3,2018-01-21 21:00:00 +01:00,2018-01-21 22:00:00 +01:00,1,1
GB,http://environment.data.gov.uk/air-quality/so,GB_Network_1,Station_GB1024A,,GB_SamplingPoint_74174,GB_StationProcess_918,GB_SamplingFeature_918,O3,http://dd.eionet.europa.eu/vocabulary/aq/pollutant/7,hour,5.3883900000,µg/m3,2018-01-21 22:00:00 +01:00,2018-01-21 23:00:00 +01:00,2,1
GB,http://environment.data.gov.uk/air-quality/so,GB_Network_1,Station_GB1024A,,GB_SamplingPoint_74174,GB_StationProcess_918,GB_SamplingFeature_918,O3,http://dd.eionet.europa.eu/vocabulary/aq/pollutant/7,hour,40.6623900000,µg/m3,2018-01-22 00:00:00 +01:00,2018-01-22 01:00:00 +01:00,1,1
GB,http://environment.data.gov.uk/air-quality/so,GB_Network_1,Station_GB1024A,,GB_SamplingPoint_74174,GB_StationProcess_918,GB_SamplingFeature_918,O3,http://dd.eionet.europa.eu/vocabulary/aq/pollutant/7,hour,47.8302800000,µg/m3,2018-01-22 02:00:00 +01:00,2018-01-22 03:00:00 +01:00,1,1
GB,http://environment.data.gov.uk/air-quality/so,GB_Network_1,Station_GB1024A,,GB_SamplingPoint_74174,GB_StationProcess_918,GB_SamplingFeature_918,O3,http://dd.eionet.europa.eu/vocabulary/aq/pollutant/7,hour,45.3522800000,µg/m3,2018-01-22 03:00:00 +01:00,2018-01-22 04:00:00 +01:00,1,1
GB,http://environment.data.gov.uk/air-quality/so,GB_Network_1,Station_GB1024A,,GB_SamplingPoint_74174,GB_StationProcess_918,GB_SamplingFeature_918,O3,http://dd.eionet.europa.eu/vocabulary/aq/pollutant/7,hour,34.9247500000,µg/m3,2018-01-22 06:00:00 +01:00,2018-01-22 07:00:00 +01:00,1,1
GB,http://environment.data.gov.uk/air-quality/so,GB_Network_1,Station_GB1024A,,GB_SamplingPoint_74174,GB_StationProcess_918,GB_SamplingFeature_918,O3,http://dd.eionet.europa.eu/vocabulary/aq/pollutant/7,hour,24.1479700000,µg/m3,2018-01-22 07:00:00 +01:00,2018-01-22 08:00:00 +01:00,1,1
GB,http://environment.data.gov.uk/air-quality/so,GB_Network_1,Station_GB1024A,,GB_SamplingPoint_74174,GB_StationProcess_918,GB_SamplingFeature_918,O3,http://dd.eionet.europa.eu/vocabulary/aq/pollutant/7,hour,6.5858100000,µg/m3,2018-01-22 08:00:00 +01:00,2018-01-22 09:00:00 +01:00,1,1
GB,http://environment.data.gov.uk/air-quality/so,GB_Network_1,Station_GB1024A,,GB_SamplingPoint_74174,GB_StationProcess_918,GB_SamplingFeature_918,O3,http://dd.eionet.europa.eu/vocabulary/aq/pollutant/7,hour,3.8916200000,µg/m3,2018-01-22 09:00:00 +01:00,2018-01-22 10:00:00 +01:00,2,1
GB,http://environment.data.gov.uk/air-quality/so,GB_Network_1,Station_GB1024A,,GB_SamplingPoint_74174,GB_StationProcess_918,GB_SamplingFeature_918,O3,http://dd.eionet.europa.eu/vocabulary/aq/pollutant/7,hour,9.4795800000,µg/m3,2018-01-22 10:00:00 +01:00,2018-01-22 11:00:00 +01:00,1,1
GB,http://environment.data.gov.uk/air-quality/so,GB_Network_1,Station_GB1024A,,GB_SamplingPoint_74174,GB_StationProcess_918,GB_SamplingFeature_918,O3,http://dd.eionet.europa.eu/vocabulary/aq/pollutant/7,hour,23.5991500000,µg/m3,2018-01-22 11:00:00 +01:00,2018-01-22 12:00:00 +01:00,1,1
GB,http://environment.data.gov.uk/air-quality/so,GB_Network_1,Station_GB1024A,,GB_SamplingPoint_74174,GB_StationProcess_918,GB_SamplingFeature_918,O3,http://dd.eionet.europa.eu/vocabulary/aq/pollutant/7,hour,60.8688500000,µg/m3,2018-01-22 14:00:00 +01:00,2018-01-22 15:00:00 +01:00,1,1
GB,http://environment.data.gov.uk/air-quality/so,GB_Network_1,Station_GB1024A,,GB_SamplingPoint_74174,GB_StationProcess_918,GB_SamplingFeature_918,O3,http://dd.eionet.europa.eu/vocabulary/aq/pollutant/7,hour,63.6628300000,µg/m3,2018-01-22 15:00:00 +01:00,2018-01-22 16:00:00 +01:00,1,1
GB,http://environment.data.gov.uk/air-quality/so,GB_Network_1,Station_GB1024A,,GB_SamplingPoint_74174,GB_StationProcess_918,GB_SamplingFeature_918,O3,http://dd.eionet.europa.eu/vocabulary/aq/pollutant/7,hour,56.4783100000,µg/m3,2018-01-22 16:00:00 +01:00,2018-01-22 17:00:00 +01:00,1,1
GB,http://environment.data.gov.uk/air-quality/so,GB_Network_1,Station_GB1024A,,GB_SamplingPoint_74174,GB_StationProcess_918,GB_SamplingFeature_918,O3,http://dd.eionet.europa.eu/vocabulary/aq/pollutant/7,hour,56.2288500000,µg/m3,2018-01-22 17:00:00 +01:00,2018-01-22 18:00:00 +01:00,1,1
GB,http://environment.data.gov.uk/air-quality/so,GB_Network_1,Station_GB1024A,,GB_SamplingPoint_74174,GB_StationProcess_918,GB_SamplingFeature_918,O3,http://dd.eionet.europa.eu/vocabulary/aq/pollutant/7,hour,50.7406700000,µg/m3,2018-01-22 18:00:00 +01:00,2018-01-22 19:00:00 +01:00,1,1
GB,http://environment.data.gov.uk/air-quality/so,GB_Network_1,Station_GB1024A,,GB_SamplingPoint_74174,GB_StationProcess_918,GB_SamplingFeature_918,O3,http://dd.eionet.europa.eu/vocabulary/aq/pollutant/7,hour,27.7901200000,µg/m3,2018-01-22 21:00:00 +01:00,2018-01-22 22:00:00 +01:00,1,1
GB,http://environment.data.gov.uk/air-quality/so,GB_Network_1,Station_GB1024A,,GB_SamplingPoint_74174,GB_StationProcess_918,GB_SamplingFeature_918,O3,http://dd.eionet.europa.eu/vocabulary/aq/pollutant/7,hour,52.8361600000,µg/m3,2018-01-23 00:00:00 +01:00,2018-01-23 01:00:00 +01:00,1,1
GB,http://environment.data.gov.uk/air-quality/so,GB_Network_1,Station_GB1024A,,GB_SamplingPoint_74174,GB_StationProcess_918,GB_SamplingFeature_918,O3,http://dd.eionet.europa.eu/vocabulary/aq/pollutant/7,hour,60.2036200000,µg/m3,2018-01-23 01:00:00 +01:00,2018-01-23 02:00:00 +01:00,1,1
GB,http://environment.data.gov.uk/air-quality/so,GB_Network_1,Station_GB1024A,,GB_SamplingPoint_74174,GB_StationProcess_918,GB_SamplingFeature_918,O3,http://dd.eionet.europa.eu/vocabulary/aq/pollutant/7,hour,41.4606700000,µg/m3,2018-01-23 09:00:00 +01:00,2018-01-23 10:00:00 +01:00,1,1
GB,http://environment.data.gov.uk/air-quality/so,GB_Network_1,Station_GB1024A,,GB_SamplingPoint_74174,GB_StationProcess_918,GB_SamplingFeature_918,O3,http://dd.eionet.europa.eu/vocabulary/aq/pollutant/7,hour,39.0159400000,µg/m3,2018-01-23 10:00:00 +01:00,2018-01-23 11:00:00 +01:00,1,1
GB,http://environment.data.gov.uk/air-quality/so,GB_Network_1,Station_GB1024A,,GB_SamplingPoint_74174,GB_StationProcess_918,GB_SamplingFeature_918,O3,http://dd.eionet.europa.eu/vocabulary/aq/pollutant/7,hour,35.9724900000,µg/m3,2018-01-23 11:00:00 +01:00,2018-01-23 12:00:00 +01:00,1,1
GB,http://environment.data.gov.uk/air-quality/so,GB_Network_1,Station_GB1024A,,GB_SamplingPoint_74174,GB_StationProcess_918,GB_SamplingFeature_918,O3,http://dd.eionet.europa.eu/vocabulary/aq/pollutant/7,hour,36.2718500000,µg/m3,2018-01-23 13:00:00 +01:00,2018-01-23 14:00:00 +01:00,1,1
GB,http://environment.data.gov.uk/air-quality/so,GB_Network_1,Station_GB1024A,,GB_SamplingPoint_74174,GB_StationProcess_918,GB_SamplingFeature_918,O3,http://dd.eionet.europa.eu/vocabulary/aq/pollutant/7,hour,45.3023900000,µg/m3,2018-01-23 14:00:00 +01:00,2018-01-23 15:00:00 +01:00,1,1
GB,http://environment.data.gov.uk/air-quality/so,GB_Network_1,Station_GB1024A,,GB_SamplingPoint_74174,GB_StationProcess_918,GB_SamplingFeature_918,O3,http://dd.eionet.europa.eu/vocabulary/aq/pollutant/7,hour,50.0920700000,µg/m3,2018-01-23 16:00:00 +01:00,2018-01-23 17:00:00 +01:00,1,1
GB,http://environment.data.gov.uk/air-quality/so,GB_Network_1,Station_GB1024A,,GB_SamplingPoint_74174,GB_StationProcess_918,GB_SamplingFeature_918,O3,http://dd.eionet.europa.eu/vocabulary/aq/pollutant/7,hour,44.4043300000,µg/m3,2018-01-23 17:00:00 +01:00,2018-01-23 18:00:00 +01:00,1,1
GB,http://environment.data.gov.uk/air-quality/so,GB_Network_1,Station_GB1024A,,GB_SamplingPoint_74174,GB_StationProcess_918,GB_SamplingFeature_918,O3,http://dd.eionet.europa.eu/vocabulary/aq/pollutant/7,hour,44.7535700000,µg/m3,2018-01-23 18:00:00 +01:00,2018-01-23 19:00:00 +01:00,1,1
GB,http://environment.data.gov.uk/air-quality/so,GB_Network_1,Station_GB1024A,,GB_SamplingPoint_74174,GB_StationProcess_918,GB_SamplingFeature_918,O3,http://dd.eionet.europa.eu/vocabulary/aq/pollutant/7,hour,46.5996000000,µg/m3,2018-01-23 21:00:00 +01:00,2018-01-23 22:00:00 +01:00,1,1
GB,http://environment.data.gov.uk/air-quality/so,GB_Network_1,Station_GB1024A,,GB_SamplingPoint_74174,GB_StationProcess_918,GB_SamplingFeature_918,O3,http://dd.eionet.europa.eu/vocabulary/aq/pollutant/7,hour,47.0985200000,µg/m3,2018-01-23 22:00:00 +01:00,2018-01-23 23:00:00 +01:00,1,1
GB,http://environment.data.gov.uk/air-quality/so,GB_Network_1,Station_GB1024A,,GB_SamplingPoint_74174,GB_StationProcess_918,GB_SamplingFeature_918,O3,http://dd.eionet.europa.eu/vocabulary/aq/pollutant/7,hour,50.7406700000,µg/m3,2018-01-23 23:00:00 +01:00,2018-01-24 00:00:00 +01:00,1,1
GB,http://environment.data.gov.uk/air-quality/so,GB_Network_1,Station_GB1024A,,GB_SamplingPoint_74174,GB_StationProcess_918,GB_SamplingFeature_918,O3,http://dd.eionet.europa.eu/vocabulary/aq/pollutant/7,hour,63.3135800000,µg/m3,2018-01-24 00:00:00 +01:00,2018-01-24 01:00:00 +01:00,1,1
GB,http://environment.data.gov.uk/air-quality/so,GB_Network_1,Station_GB1024A,,GB_SamplingPoint_74174,GB_StationProcess_918,GB_SamplingFeature_918,O3,http://dd.eionet.europa.eu/vocabulary/aq/pollutant/7,hour,73.9074200000,µg/m3,2018-01-24 02:00:00 +01:00,2018-01-24 03:00:00 +01:00,1,1
GB,http://environment.data.gov.uk/air-quality/so,GB_Network_1,Station_GB1024A,,GB_SamplingPoint_74174,GB_StationProcess_918,GB_SamplingFeature_918,O3,http://dd.eionet.europa.eu/vocabulary/aq/pollutant/7,hour,74.9385400000,µg/m3,2018-01-24 03:00:00 +01:00,2018-01-24 04:00:00 +01:00,1,1
GB,http://environment.data.gov.uk/air-quality/so,GB_Network_1,Station_GB1024A,,GB_SamplingPoint_74174,GB_StationProcess_918,GB_SamplingFeature_918,O3,http://dd.eionet.europa.eu/vocabulary/aq/pollutant/7,hour,70.7974600000,µg/m3,2018-01-24 05:00:00 +01:00,2018-01-24 06:00:00 +01:00,1,1
GB,http://environment.data.gov.uk/air-quality/so,GB_Network_1,Station_GB1024A,,GB_SamplingPoint_74174,GB_StationProcess_918,GB_SamplingFeature_918,O3,http://dd.eionet.europa.eu/vocabulary/aq/pollutant/7,hour,65.9578900000,µg/m3,2018-01-24 06:00:00 +01:00,2018-01-24 07:00:00 +01:00,1,1
GB,http://environment.data.gov.uk/air-quality/so,GB_Network_1,Station_GB1024A,,GB_SamplingPoint_74174,GB_StationProcess_918,GB_SamplingFeature_918,O3,http://dd.eionet.europa.eu/vocabulary/aq/pollutant/7,hour,61.8667000000,µg/m3,2018-01-24 07:00:00 +01:00,2018-01-24 08:00:00 +01:00,1,1
GB,http://environment.data.gov.uk/air-quality/so,GB_Network_1,Station_GB1024A,,GB_SamplingPoint_74174,GB_StationProcess_918,GB_SamplingFeature_918,O3,http://dd.eionet.europa.eu/vocabulary/aq/pollutant/7,hour,57.0271300000,µg/m3,2018-01-24 08:00:00 +01:00,2018-01-24 09:00:00 +01:00,1,1
GB,http://environment.data.gov.uk/air-quality/so,GB_Network_1,Station_GB1024A,,GB_SamplingPoint_74174,GB_StationProcess_918,GB_SamplingFeature_918,O3,http://dd.eionet.europa.eu/vocabulary/aq/pollutant/7,hour,55.7798200000,µg/m3,2018-01-24 09:00:00 +01:00,2018-01-24 10:00:00 +01:00,1,1
GB,http://environment.data.gov.uk/air-quality/so,GB_Network_1,Station_GB1024A,,GB_SamplingPoint_74174,GB_StationProcess_918,GB_SamplingFeature_918,O3,http://dd.eionet.europa.eu/vocabulary/aq/pollutant/7,hour,55.9294900000,µg/m3,2018-01-24 10:00:00 +01:00,2018-01-24 11:00:00 +01:00,1,1
GB,http://environment.data.gov.uk/air-quality/so,GB_Network_1,Station_GB1024A,,GB_SamplingPoint_74174,GB_StationProcess_918,GB_SamplingFeature_918,O3,http://dd.eionet.europa.eu/vocabulary/aq/pollutant/7,hour,64.8103600000,µg/m3,2018-01-24 14:00:00 +01:00,2018-01-24 15:00:00 +01:00,1,1
GB,http://environment.data.gov.uk/air-quality/so,GB_Network_1,Station_GB1024A,,GB_SamplingPoint_74174,GB_StationProcess_918,GB_SamplingFeature_918,O3,http://dd.eionet.europa.eu/vocabulary/aq/pollutant/7,hour,76.4852000000,µg/m3,2018-01-24 15:00:00 +01:00,2018-01-24 16:00:00 +01:00,1,1
GB,http://environment.data.gov.uk/air-quality/so,GB_Network_1,Station_GB1024A,,GB_SamplingPoint_74174,GB_StationProcess_918,GB_SamplingFeature_918,O3,http://dd.eionet.europa.eu/vocabulary/aq/pollutant/7,hour,52.7363700000,µg/m3,2018-01-24 17:00:00 +01:00,2018-01-24 18:00:00 +01:00,1,1
GB,http://environment.data.gov.uk/air-quality/so,GB_Network_1,Station_GB1024A,,GB_SamplingPoint_74174,GB_StationProcess_918,GB_SamplingFeature_918,O3,http://dd.eionet.europa.eu/vocabulary/aq/pollutant/7,hour,59.9208900000,µg/m3,2018-01-24 19:00:00 +01:00,2018-01-24 20:00:00 +01:00,1,1
GB,http://environment.data.gov.uk/air-quality/so,GB_Network_1,Station_GB1024A,,GB_SamplingPoint_74174,GB_StationProcess_918,GB_SamplingFeature_918,O3,http://dd.eionet.europa.eu/vocabulary/aq/pollutant/7,hour,60.9686400000,µg/m3,2018-01-24 20:00:00 +01:00,2018-01-24 21:00:00 +01:00,1,1
GB,http://environment.data.gov.uk/air-quality/so,GB_Network_1,Station_GB1024A,,GB_SamplingPoint_74174,GB_StationProcess_918,GB_SamplingFeature_918,O3,http://dd.eionet.europa.eu/vocabulary/aq/pollutant/7,hour,58.8731500000,µg/m3,2018-01-24 22:00:00 +01:00,2018-01-24 23:00:00 +01:00,1,1
GB,http://environment.data.gov.uk/air-quality/so,GB_Network_1,Station_GB1024A,,GB_SamplingPoint_74174,GB_StationProcess_918,GB_SamplingFeature_918,O3,http://dd.eionet.europa.eu/vocabulary/aq/pollutant/7,hour,63.6129400000,µg/m3,2018-01-25 04:00:00 +01:00,2018-01-25 05:00:00 +01:00,1,1
GB,http://environment.data.gov.uk/air-quality/so,GB_Network_1,Station_GB1024A,,GB_SamplingPoint_74174,GB_StationProcess_918,GB_SamplingFeature_918,O3,http://dd.eionet.europa.eu/vocabulary/aq/pollutant/7,hour,57.0271300000,µg/m3,2018-01-25 07:00:00 +01:00,2018-01-25 08:00:00 +01:00,1,1
GB,http://environment.data.gov.uk/air-quality/so,GB_Network_1,Station_GB1024A,,GB_SamplingPoint_74174,GB_StationProcess_918,GB_SamplingFeature_918,O3,http://dd.eionet.europa.eu/vocabulary/aq/pollutant/7,hour,35.7230300000,µg/m3,2018-01-25 08:00:00 +01:00,2018-01-25 09:00:00 +01:00,1,1
GB,http://environment.data.gov.uk/air-quality/so,GB_Network_1,Station_GB1024A,,GB_SamplingPoint_74174,GB_StationProcess_918,GB_SamplingFeature_918,O3,http://dd.eionet.europa.eu/vocabulary/aq/pollutant/7,hour,,µg/m3,2018-01-25 09:00:00 +01:00,2018-01-25 10:00:00 +01:00,-1,1
GB,http://environment.data.gov.uk/air-quality/so,GB_Network_1,Station_GB1024A,,GB_SamplingPoint_74174,GB_StationProcess_918,GB_SamplingFeature_918,O3,http://dd.eionet.europa.eu/vocabulary/aq/pollutant/7,hour,,µg/m3,2018-01-25 10:00:00 +01:00,2018-01-25 11:00:00 +01:00,-1,1
GB,http://environment.data.gov.uk/air-quality/so,GB_Network_1,Station_GB1024A,,GB_SamplingPoint_74174,GB_StationProcess_918,GB_SamplingFeature_918,O3,http://dd.eionet.europa.eu/vocabulary/aq/pollutant/7,hour,47.0985200000,µg/m3,2018-01-25 11:00:00 +01:00,2018-01-25 12:00:00 +01:00,1,1
GB,http://environment.data.gov.uk/air-quality/so,GB_Network_1,Station_GB1024A,,GB_SamplingPoint_74174,GB_StationProcess_918,GB_SamplingFeature_918,O3,http://dd.eionet.europa.eu/vocabulary/aq/pollutant/7,hour,36.3716300000,µg/m3,2018-01-25 20:00:00 +01:00,2018-01-25 21:00:00 +01:00,1,1
GB,http://environment.data.gov.uk/air-quality/so,GB_Network_1,Station_GB1024A,,GB_SamplingPoint_74174,GB_StationProcess_918,GB_SamplingFeature_918,O3,http://dd.eionet.europa.eu/vocabulary/aq/pollutant/7,hour,37.4692700000,µg/m3,2018-01-25 21:00:00 +01:00,2018-01-25 22:00:00 +01:00,1,1
GB,http://environment.data.gov.uk/air-quality/so,GB_Network_1,Station_GB1024A,,GB_SamplingPoint_74174,GB_StationProcess_918,GB_SamplingFeature_918,O3,http://dd.eionet.europa.eu/vocabulary/aq/pollutant/7,hour,39.7144300000,µg/m3,2018-01-25 22:00:00 +01:00,2018-01-25 23:00:00 +01:00,1,1
GB,http://environment.data.gov.uk/air-quality/so,GB_Network_1,Station_GB1024A,,GB_SamplingPoint_74174,GB_StationProcess_918,GB_SamplingFeature_918,O3,http://dd.eionet.europa.eu/vocabulary/aq/pollutant/7,hour,44.9032500000,µg/m3,2018-01-25 23:00:00 +01:00,2018-01-26 00:00:00 +01:00,1,1
GB,http://environment.data.gov.uk/air-quality/so,GB_Network_1,Station_GB1024A,,GB_SamplingPoint_74174,GB_StationProcess_918,GB_SamplingFeature_918,O3,http://dd.eionet.europa.eu/vocabulary/aq/pollutant/7,hour,41.1114200000,µg/m3,2018-01-26 01:00:00 +01:00,2018-01-26 02:00:00 +01:00,1,1
GB,http://environment.data.gov.uk/air-quality/so,GB_Network_1,Station_GB1024A,,GB_SamplingPoint_74174,GB_StationProcess_918,GB_SamplingFeature_918,O3,http://dd.eionet.europa.eu/vocabulary/aq/pollutant/7,hour,29.5862500000,µg/m3,2018-01-26 04:00:00 +01:00,2018-01-26 05:00:00 +01:00,1,1
GB,http://environment.data.gov.uk/air-quality/so,GB_Network_1,Station_GB1024A,,GB_SamplingPoint_74174,GB_StationProcess_918,GB_SamplingFeature_918,O3,http://dd.eionet.europa.eu/vocabulary/aq/pollutant/7,hour,29.9355000000,µg/m3,2018-01-26 05:00:00 +01:00,2018-01-26 06:00:00 +01:00,1,1
GB,http://environment.data.gov.uk/air-quality/so,GB_Network_1,Station_GB1024A,,GB_SamplingPoint_74174,GB_StationProcess_918,GB_SamplingFeature_918,O3,http://dd.eionet.europa.eu/vocabulary/aq/pollutant/7,hour,36.7208800000,µg/m3,2018-01-26 07:00:00 +01:00,2018-01-26 08:00:00 +01:00,1,1
GB,http://environment.data.gov.uk/air-quality/so,GB_Network_1,Station_GB1024A,,GB_SamplingPoint_74174,GB_StationProcess_918,GB_SamplingFeature_918,O3,http://dd.eionet.europa.eu/vocabulary/aq/pollutant/7,hour,29.0873300000,µg/m3,2018-01-26 10:00:00 +01:00,2018-01-26 11:00:00 +01:00,1,1
GB,http://environment.data.gov.uk/air-quality/so,GB_Network_1,Station_GB1024A,,GB_SamplingPoint_74174,GB_StationProcess_918,GB_SamplingFeature_918,O3,http://dd.eionet.europa.eu/vocabulary/aq/pollutant/7,hour,31.8314200000,µg/m3,2018-01-26 11:00:00 +01:00,2018-01-26 12:00:00 +01:00,1,1
GB,http://environment.data.gov.uk/air-quality/so,GB_Network_1,Station_GB1024A,,GB_SamplingPoint_74174,GB_StationProcess_918,GB_SamplingFeature_918,O3,http://dd.eionet.europa.eu/vocabulary/aq/pollutant/7,hour,35.2241100000,µg/m3,2018-01-26 13:00:00 +01:00,2018-01-26 14:00:00 +01:00,1,1
GB,http://environment.data.gov.uk/air-quality/so,GB_Network_1,Station_GB1024A,,GB_SamplingPoint_74174,GB_StationProcess_918,GB_SamplingFeature_918,O3,http://dd.eionet.europa.eu/vocabulary/aq/pollutant/7,hour,18.6598000000,µg/m3,2018-01-26 17:00:00 +01:00,2018-01-26 18:00:00 +01:00,1,1
GB,http://environment.data.gov.uk/air-quality/so,GB_Network_1,Station_GB1024A,,GB_SamplingPoint_74174,GB_StationProcess_918,GB_SamplingFeature_918,O3,http://dd.eionet.europa.eu/vocabulary/aq/pollutant/7,hour,4.4404300000,µg/m3,2018-01-26 19:00:00 +01:00,2018-01-26 20:00:00 +01:00,2,1
GB,http://environment.data.gov.uk/air-quality/so,GB_Network_1,Station_GB1024A,,GB_SamplingPoint_74174,GB_StationProcess_918,GB_SamplingFeature_918,O3,http://dd.eionet.europa.eu/vocabulary/aq/pollutant/7,hour,1.4967800000,µg/m3,2018-01-26 21:00:00 +01:00,2018-01-26 22:00:00 +01:00,2,1
GB,http://environment.data.gov.uk/air-quality/so,GB_Network_1,Station_GB1024A,,GB_SamplingPoint_74174,GB_StationProcess_918,GB_SamplingFeature_918,O3,http://dd.eionet.europa.eu/vocabulary/aq/pollutant/7,hour,1.5466700000,µg/m3,2018-01-26 22:00:00 +01:00,2018-01-26 23:00:00 +01:00,2,1
GB,http://environment.data.gov.uk/air-quality/so,GB_Network_1,Station_GB1024A,,GB_SamplingPoint_74174,GB_StationProcess_918,GB_SamplingFeature_918,O3,http://dd.eionet.europa.eu/vocabulary/aq/pollutant/7,hour,0.8980700000,µg/m3,2018-01-26 23:00:00 +01:00,2018-01-27 00:00:00 +01:00,2,1
GB,http://environment.data.gov.uk/air-quality/so,GB_Network_1,Station_GB1024A,,GB_SamplingPoint_74174,GB_StationProcess_918,GB_SamplingFeature_918,O3,http://dd.eionet.europa.eu/vocabulary/aq/pollutant/7,hour,0.7982800000,µg/m3,2018-01-27 00:00:00 +01:00,2018-01-27 01:00:00 +01:00,2,1
GB,http://environment.data.gov.uk/air-quality/so,GB_Network_1,Station_GB1024A,,GB_SamplingPoint_74174,GB_StationProcess_918,GB_SamplingFeature_918,O3,http://dd.eionet.europa.eu/vocabulary/aq/pollutant/7,hour,1.3304700000,µg/m3,2018-01-27 01:00:00 +01:00,2018-01-27 02:00:00 +01:00,2,1
GB,http://environment.data.gov.uk/air-quality/so,GB_Network_1,Station_GB1024A,,GB_SamplingPoint_74174,GB_StationProcess_918,GB_SamplingFeature_918,O3,http://dd.eionet.europa.eu/vocabulary/aq/pollutant/7,hour,11.6249500000,µg/m3,2018-01-27 05:00:00 +01:00,2018-01-27 06:00:00 +01:00,1,1
GB,http://environment.data.gov.uk/air-quality/so,GB_Network_1,Station_GB1024A,,GB_SamplingPoint_74174,GB_StationProcess_918,GB_SamplingFeature_918,O3,http://dd.eionet.europa.eu/vocabulary/aq/pollutant/7,hour,21.2043100000,µg/m3,2018-01-27 06:00:00 +01:00,2018-01-27 07:00:00 +01:00,1,1
GB,http://environment.data.gov.uk/air-quality/so,GB_Network_1,Station_GB1024A,,GB_SamplingPoint_74174,GB_StationProcess_918,GB_SamplingFeature_918,O3,http://dd.eionet.europa.eu/vocabulary/aq/pollutant/7,hour,22.9505500000,µg/m3,2018-01-27 10:00:00 +01:00,2018-01-27 11:00:00 +01:00,1,1
GB,http://environment.data.gov.uk/air-quality/so,GB_Network_1,Station_GB1024A,,GB_SamplingPoint_74174,GB_StationProcess_918,GB_SamplingFeature_918,O3,http://dd.eionet.europa.eu/vocabulary/aq/pollutant/7,hour,36.5213100000,µg/m3,2018-01-27 11:00:00 +01:00,2018-01-27 12:00:00 +01:00,1,1
GB,http://environment.data.gov.uk/air-quality/so,GB_Network_1,Station_GB1024A,,GB_SamplingPoint_74174,GB_StationProcess_918,GB_SamplingFeature_918,O3,http://dd.eionet.europa.eu/vocabulary/aq/pollutant/7,hour,53.7841200000,µg/m3,2018-01-27 13:00:00 +01:00,2018-01-27 14:00:00 +01:00,1,1
GB,http://environment.data.gov.uk/air-quality/so,GB_Network_1,Station_GB1024A,,GB_SamplingPoint_74174,GB_StationProcess_918,GB_SamplingFeature_918,O3,http://dd.eionet.europa.eu/vocabulary/aq/pollutant/7,hour,55.4305700000,µg/m3,2018-01-27 14:00:00 +01:00,2018-01-27 15:00:00 +01:00,1,1
GB,http://environment.data.gov.uk/air-quality/so,GB_Network_1,Station_GB1024A,,GB_SamplingPoint_74174,GB_StationProcess_918,GB_SamplingFeature_918,O3,http://dd.eionet.europa.eu/vocabulary/aq/pollutant/7,hour,51.9879900000,µg/m3,2018-01-27 16:00:00 +01:00,2018-01-27 17:00:00 +01:00,1,1
GB,http://environment.data.gov.uk/air-quality/so,GB_Network_1,Station_GB1024A,,GB_SamplingPoint_74174,GB_StationProcess_918,GB_SamplingFeature_918,O3,http://dd.eionet.europa.eu/vocabulary/aq/pollutant/7,hour,36.7208800000,µg/m3,2018-01-27 19:00:00 +01:00,2018-01-27 20:00:00 +01:00,1,1
GB,http://environment.data.gov.uk/air-quality/so,GB_Network_1,Station_GB1024A,,GB_SamplingPoint_74174,GB_StationProcess_918,GB_SamplingFeature_918,O3,http://dd.eionet.europa.eu/vocabulary/aq/pollutant/7,hour,33.9269000000,µg/m3,2018-01-27 20:00:00 +01:00,2018-01-27 21:00:00 +01:00,1,1
GB,http://environment.data.gov.uk/air-quality/so,GB_Network_1,Station_GB1024A,,GB_SamplingPoint_74174,GB_StationProcess_918,GB_SamplingFeature_918,O3,http://dd.eionet.europa.eu/vocabulary/aq/pollutant/7,hour,53.4847600000,µg/m3,2018-01-27 23:00:00 +01:00,2018-01-28 00:00:00 +01:00,1,1
GB,http://environment.data.gov.uk/air-quality/so,GB_Network_1,Station_GB1024A,,GB_SamplingPoint_74174,GB_StationProcess_918,GB_SamplingFeature_918,O3,http://dd.eionet.europa.eu/vocabulary/aq/pollutant/7,hour,60.3366600000,µg/m3,2018-01-28 02:00:00 +01:00,2018-01-28 03:00:00 +01:00,1,1
GB,http://environment.data.gov.uk/air-quality/so,GB_Network_1,Station_GB1024A,,GB_SamplingPoint_74174,GB_StationProcess_918,GB_SamplingFeature_918,O3,http://dd.eionet.europa.eu/vocabulary/aq/pollutant/7,hour,61.0684200000,µg/m3,2018-01-28 05:00:00 +01:00,2018-01-28 06:00:00 +01:00,1,1
GB,http://environment.data.gov.uk/air-quality/so,GB_Network_1,Station_GB1024A,,GB_SamplingPoint_74174,GB_StationProcess_918,GB_SamplingFeature_918,O3,http://dd.eionet.europa.eu/vocabulary/aq/pollutant/7,hour,56.7776700000,µg/m3,2018-01-28 08:00:00 +01:00,2018-01-28 09:00:00 +01:00,1,1
GB,http://environment.data.gov.uk/air-quality/so,GB_Network_1,Station_GB1024A,,GB_SamplingPoint_74174,GB_StationProcess_918,GB_SamplingFeature_918,O3,http://dd.eionet.europa.eu/vocabulary/aq/pollutant/7,hour,60.3200300000,µg/m3,2018-01-28 09:00:00 +01:00,2018-01-28 10:00:00 +01:00,1,1
GB,http://environment.data.gov.uk/air-quality/so,GB_Network_1,Station_GB1024A,,GB_SamplingPoint_74174,GB_StationProcess_918,GB_SamplingFeature_918,O3,http://dd.eionet.europa.eu/vocabulary/aq/pollutant/7,hour,62.9643400000,µg/m3,2018-01-28 10:00:00 +01:00,2018-01-28 11:00:00 +01:00,1,1
GB,http://environment.data.gov.uk/air-quality/so,GB_Network_1,Station_GB1024A,,GB_SamplingPoint_74174,GB_StationProcess_918,GB_SamplingFeature_918,O3,http://dd.eionet.europa.eu/vocabulary/aq/pollutant/7,hour,63.8125100000,µg/m3,2018-01-28 14:00:00 +01:00,2018-01-28 15:00:00 +01:00,1,1
GB,http://environment.data.gov.uk/air-quality/so,GB_Network_1,Station_GB1024A,,GB_SamplingPoint_74174,GB_StationProcess_918,GB_SamplingFeature_918,O3,http://dd.eionet.europa.eu/vocabulary/aq/pollutant/7,hour,56.4783100000,µg/m3,2018-01-28 15:00:00 +01:00,2018-01-28 16:00:00 +01:00,1,1
GB,http://environment.data.gov.uk/air-quality/so,GB_Network_1,Station_GB1024A,,GB_SamplingPoint_74174,GB_StationProcess_918,GB_SamplingFeature_918,O3,http://dd.eionet.europa.eu/vocabulary/aq/pollutant/7,hour,60.8688500000,µg/m3,2018-01-28 18:00:00 +01:00,2018-01-28 19:00:00 +01:00,1,1
GB,http://environment.data.gov.uk/air-quality/so,GB_Network_1,Station_GB1024A,,GB_SamplingPoint_74174,GB_StationProcess_918,GB_SamplingFeature_918,O3,http://dd.eionet.europa.eu/vocabulary/aq/pollutant/7,hour,66.8559500000,µg/m3,2018-01-28 23:00:00 +01:00,2018-01-29 00:00:00 +01:00,1,1
GB,http://environment.data.gov.uk/air-quality/so,GB_Network_1,Station_GB1024A,,GB_SamplingPoint_74174,GB_StationProcess_918,GB_SamplingFeature_918,O3,http://dd.eionet.europa.eu/vocabulary/aq/pollutant/7,hour,70.9804000000,µg/m3,2018-01-29 01:00:00 +01:00,2018-01-29 02:00:00 +01:00,1,1
GB,http://environment.data.gov.uk/air-quality/so,GB_Network_1,Station_GB1024A,,GB_SamplingPoint_74174,GB_StationProcess_918,GB_SamplingFeature_918,O3,http://dd.eionet.europa.eu/vocabulary/aq/pollutant/7,hour,71.0469200000,µg/m3,2018-01-29 03:00:00 +01:00,2018-01-29 04:00:00 +01:00,1,1
GB,http://environment.data.gov.uk/air-quality/so,GB_Network_1,Station_GB1024A,,GB_SamplingPoint_74174,GB_StationProcess_918,GB_SamplingFeature_918,O3,http://dd.eionet.europa.eu/vocabulary/aq/pollutant/7,hour,72.0946600000,µg/m3,2018-01-29 04:00:00 +01:00,2018-01-29 05:00:00 +01:00,1,1
GB,http://environment.data.gov.uk/air-quality/so,GB_Network_1,Station_GB1024A,,GB_SamplingPoint_74174,GB_StationProcess_918,GB_SamplingFeature_918,O3,http://dd.eionet.europa.eu/vocabulary/aq/pollutant/7,hour,73.8409000000,µg/m3,2018-01-29 05:00:00 +01:00,2018-01-29 06:00:00 +01:00,1,1
GB,http://environment.data.gov.uk/air-quality/so,GB_Network_1,Station_GB1024A,,GB_SamplingPoint_74174,GB_StationProcess_918,GB_SamplingFeature_918,O3,http://dd.eionet.europa.eu/vocabulary/aq/pollutant/7,hour,74.9385400000,µg/m3,2018-01-29 06:00:00 +01:00,2018-01-29 07:00:00 +01:00,1,1
GB,http://environment.data.gov.uk/air-quality/so,GB_Network_1,Station_GB1024A,,GB_SamplingPoint_74174,GB_StationProcess_918,GB_SamplingFeature_918,O3,http://dd.eionet.europa.eu/vocabulary/aq/pollutant/7,hour,71.5957400000,µg/m3,2018-01-29 07:00:00 +01:00,2018-01-29 08:00:00 +01:00,1,1
GB,http://environment.data.gov.uk/air-quality/so,GB_Network_1,Station_GB1024A,,GB_SamplingPoint_74174,GB_StationProcess_918,GB_SamplingFeature_918,O3,http://dd.eionet.europa.eu/vocabulary/aq/pollutant/7,hour,63.1639100000,µg/m3,2018-01-29 08:00:00 +01:00,2018-01-29 09:00:00 +01:00,1,1
GB,http://environment.data.gov.uk/air-quality/so,GB_Network_1,Station_GB1024A,,GB_SamplingPoint_74174,GB_StationProcess_918,GB_SamplingFeature_918,O3,http://dd.eionet.europa.eu/vocabulary/aq/pollutant/7,hour,59.3221800000,µg/m3,2018-01-29 12:00:00 +01:00,2018-01-29 13:00:00 +01:00,1,1
GB,http://environment.data.gov.uk/air-quality/so,GB_Network_1,Station_GB1024A,,GB_SamplingPoint_74174,GB_StationProcess_918,GB_SamplingFeature_918,O3,http://dd.eionet.europa.eu/vocabulary/aq/pollutant/7,hour,57.4262700000,µg/m3,2018-01-29 14:00:00 +01:00,2018-01-29 15:00:00 +01:00,1,1
GB,http://environment.data.gov.uk/air-quality/so,GB_Network_1,Station_GB1024A,,GB_SamplingPoint_74174,GB_StationProcess_918,GB_SamplingFeature_918,O3,http://dd.eionet.europa.eu/vocabulary/aq/pollutant/7,hour,57.9750900000,µg/m3,2018-01-29 16:00:00 +01:00,2018-01-29 17:00:00 +01:00,1,1
GB,http://environment.data.gov.uk/air-quality/so,GB_Network_1,Station_GB1024A,,GB_SamplingPoint_74174,GB_StationProcess_918,GB_SamplingFeature_918,O3,http://dd.eionet.europa.eu/vocabulary/aq/pollutant/7,hour,49.7927200000,µg/m3,2018-01-29 17:00:00 +01:00,2018-01-29 18:00:00 +01:00,1,1
GB,http://environment.data.gov.uk/air-quality/so,GB_Network_1,Station_GB1024A,,GB_SamplingPoint_74174,GB_StationProcess_918,GB_SamplingFeature_918,O3,http://dd.eionet.europa.eu/vocabulary/aq/pollutant/7,hour,45.0529300000,µg/m3,2018-01-29 18:00:00 +01:00,2018-01-29 19:00:00 +01:00,1,1
GB,http://environment.data.gov.uk/air-quality/so,GB_Network_1,Station_GB1024A,,GB_SamplingPoint_74174,GB_StationProcess_918,GB_SamplingFeature_918,O3,http://dd.eionet.europa.eu/vocabulary/aq/pollutant/7,hour,33.7772200000,µg/m3,2018-01-29 19:00:00 +01:00,2018-01-29 20:00:00 +01:00,1,1
GB,http://environment.data.gov.uk/air-quality/so,GB_Network_1,Station_GB1024A,,GB_SamplingPoint_74174,GB_StationProcess_918,GB_SamplingFeature_918,O3,http://dd.eionet.europa.eu/vocabulary/aq/pollutant/7,hour,14.2193600000,µg/m3,2018-01-29 22:00:00 +01:00,2018-01-29 23:00:00 +01:00,1,1
GB,http://environment.data.gov.uk/air-quality/so,GB_Network_1,Station_GB1024A,,GB_SamplingPoint_74174,GB_StationProcess_918,GB_SamplingFeature_918,O3,http://dd.eionet.europa.eu/vocabulary/aq/pollutant/7,hour,33.9269000000,µg/m3,2018-01-29 23:00:00 +01:00,2018-01-30 00:00:00 +01:00,1,1
GB,http://environment.data.gov.uk/air-quality/so,GB_Network_1,Station_GB1024A,,GB_SamplingPoint_74174,GB_StationProcess_918,GB_SamplingFeature_918,O3,http://dd.eionet.europa.eu/vocabulary/aq/pollutant/7,hour,24.1479700000,µg/m3,2018-01-30 02:00:00 +01:00,2018-01-30 03:00:00 +01:00,1,1
GB,http://environment.data.gov.uk/air-quality/so,GB_Network_1,Station_GB1024A,,GB_SamplingPoint_74174,GB_StationProcess_918,GB_SamplingFeature_918,O3,http://dd.eionet.europa.eu/vocabulary/aq/pollutant/7,hour,13.1716200000,µg/m3,2018-01-30 03:00:00 +01:00,2018-01-30 04:00:00 +01:00,1,1
GB,http://environment.data.gov.uk/air-quality/so,GB_Network_1,Station_GB1024A,,GB_SamplingPoint_74174,GB_StationProcess_918,GB_SamplingFeature_918,O3,http://dd.eionet.europa.eu/vocabulary/aq/pollutant/7,hour,11.0761400000,µg/m3,2018-01-30 06:00:00 +01:00,2018-01-30 07:00:00 +01:00,1,1
GB,http://environment.data.gov.uk/air-quality/so,GB_Network_1,Station_GB1024A,,GB_SamplingPoint_74174,GB_StationProcess_918,GB_SamplingFeature_918,O3,http://dd.eionet.europa.eu/vocabulary/aq/pollutant/7,hour,3.5423700000,µg/m3,2018-01-30 07:00:00 +01:00,2018-01-30 08:00:00 +01:00,2,1
GB,http://environment.data.gov.uk/air-quality/so,GB_Network_1,Station_GB1024A,,GB_SamplingPoint_74174,GB_StationProcess_918,GB_SamplingFeature_918,O3,http://dd.eionet.europa.eu/vocabulary/aq/pollutant/7,hour,0.9479600000,µg/m3,2018-01-30 08:00:00 +01:00,2018-01-30 09:00:00 +01:00,2,1
GB,http://environment.data.gov.uk/air-quality/so,GB_Network_1,Station_GB1024A,,GB_SamplingPoint_74174,GB_StationProcess_918,GB_SamplingFeature_918,O3,http://dd.eionet.europa.eu/vocabulary/aq/pollutant/7,hour,14.3690400000,µg/m3,2018-01-30 11:00:00 +01:00,2018-01-30 12:00:00 +01:00,1,1
GB,http://environment.data.gov.uk/air-quality/so,GB_Network_1,Station_GB1024A,,GB_SamplingPoint_74174,GB_StationProcess_918,GB_SamplingFeature_918,O3,http://dd.eionet.europa.eu/vocabulary/aq/pollutant/7,hour,48.0963700000,µg/m3,2018-01-30 15:00:00 +01:00,2018-01-30 16:00:00 +01:00,1,1
GB,http://environment.data.gov.uk/air-quality/so,GB_Network_1,Station_GB1024A,,GB_SamplingPoint_74174,GB_StationProcess_918,GB_SamplingFeature_918,O3,http://dd.eionet.europa.eu/vocabulary/aq/pollutant/7,hour,40.8619600000,µg/m3,2018-01-30 16:00:00 +01:00,2018-01-30 17:00:00 +01:00,1,1
GB,http://environment.data.gov.uk/air-quality/so,GB_Network_1,Station_GB1024A,,GB_SamplingPoint_74174,GB_StationProcess_918,GB_SamplingFeature_918,O3,http://dd.eionet.europa.eu/vocabulary/aq/pollutant/7,hour,32.0808800000,µg/m3,2018-01-30 17:00:00 +01:00,2018-01-30 18:00:00 +01:00,1,1
GB,http://environment.data.gov.uk/air-quality/so,GB_Network_1,Station_GB1024A,,GB_SamplingPoint_74174,GB_StationProcess_918,GB_SamplingFeature_918,O3,http://dd.eionet.europa.eu/vocabulary/aq/pollutant/7,hour,16.3647400000,µg/m3,2018-01-30 18:00:00 +01:00,2018-01-30 19:00:00 +01:00,1,1
GB,http://environment.data.gov.uk/air-quality/so,GB_Network_1,Station_GB1024A,,GB_SamplingPoint_74174,GB_StationProcess_918,GB_SamplingFeature_918,O3,http://dd.eionet.europa.eu/vocabulary/aq/pollutant/7,hour,14.7182900000,µg/m3,2018-01-30 19:00:00 +01:00,2018-01-30 20:00:00 +01:00,1,1
GB,http://environment.data.gov.uk/air-quality/so,GB_Network_1,Station_GB1024A,,GB_SamplingPoint_74174,GB_StationProcess_918,GB_SamplingFeature_918,O3,http://dd.eionet.europa.eu/vocabulary/aq/pollutant/7,hour,32.6297000000,µg/m3,2018-01-30 22:00:00 +01:00,2018-01-30 23:00:00 +01:00,1,1
GB,http://environment.data.gov.uk/air-quality/so,GB_Network_1,Station_GB1024A,,GB_SamplingPoint_74174,GB_StationProcess_918,GB_SamplingFeature_918,O3,http://dd.eionet.europa.eu/vocabulary/aq/pollutant/7,hour,35.9724900000,µg/m3,2018-01-30 23:00:00 +01:00,2018-01-31 00:00:00 +01:00,1,1
GB,http://environment.data.gov.uk/air-quality/so,GB_Network_1,Station_GB1024A,,GB_SamplingPoint_74174,GB_StationProcess_918,GB_SamplingFeature_918,O3,http://dd.eionet.europa.eu/vocabulary/aq/pollutant/7,hour,48.4955100000,µg/m3,2018-01-31 00:00:00 +01:00,2018-01-31 01:00:00 +01:00,1,1
GB,http://environment.data.gov.uk/air-quality/so,GB_Network_1,Station_GB1024A,,GB_SamplingPoint_74174,GB_StationProcess_918,GB_SamplingFeature_918,O3,http://dd.eionet.europa.eu/vocabulary/aq/pollutant/7,hour,72.3441300000,µg/m3,2018-01-31 04:00:00 +01:00,2018-01-31 05:00:00 +01:00,1,1
GB,http://environment.data.gov.uk/air-quality/so,GB_Network_1,Station_GB1024A,,GB_SamplingPoint_74174,GB_StationProcess_918,GB_SamplingFeature_918,O3,http://dd.eionet.europa.eu/vocabulary/aq/pollutant/7,hour,64.3114300000,µg/m3,2018-01-31 07:00:00 +01:00,2018-01-31 08:00:00 +01:00,1,1
GB,http://environment.data.gov.uk/air-quality/so,GB_Network_1,Station_GB1024A,,GB_SamplingPoint_74174,GB_StationProcess_918,GB_SamplingFeature_918,O3,http://dd.eionet.europa.eu/vocabulary/aq/pollutant/7,hour,56.0292800000,µg/m3,2018-01-31 10:00:00 +01:00,2018-01-31 11:00:00 +01:00,1,1
GB,http://environment.data.gov.uk/air-quality/so,GB_Network_1,Station_GB1024A,,GB_SamplingPoint_74174,GB_StationProcess_918,GB_SamplingFeature_918,O3,http://dd.eionet.europa.eu/vocabulary/aq/pollutant/7,hour,67.8538000000,µg/m3,2018-01-31 12:00:00 +01:00,2018-01-31 13:00:00 +01:00,1,1
GB,http://environment.data.gov.uk/air-quality/so,GB_Network_1,Station_GB1024A,,GB_SamplingPoint_74174,GB_StationProcess_918,GB_SamplingFeature_918,O3,http://dd.eionet.europa.eu/vocabulary/aq/pollutant/7,hour,65.9578900000,µg/m3,2018-01-31 14:00:00 +01:00,2018-01-31 15:00:00 +01:00,1,1
GB,http://environment.data.gov.uk/air-quality/so,GB_Network_1,Station_GB1024A,,GB_SamplingPoint_74174,GB_StationProcess_918,GB_SamplingFeature_918,O3,http://dd.eionet.europa.eu/vocabulary/aq/pollutant/7,hour,51.7385200000,µg/m3,2018-01-31 18:00:00 +01:00,2018-01-31 19:00:00 +01:00,1,1
GB,http://environment.data.gov.uk/air-quality/so,GB_Network_1,Station_GB1024A,,GB_SamplingPoint_74174,GB_StationProcess_918,GB_SamplingFeature_918,O3,http://dd.eionet.europa.eu/vocabulary/aq/pollutant/7,hour,37.4692700000,µg/m3,2018-01-31 19:00:00 +01:00,2018-01-31 20:00:00 +01:00,1,1
GB,http://environment.data.gov.uk/air-quality/so,GB_Network_1,Station_GB1024A,,GB_SamplingPoint_74174,GB_StationProcess_918,GB_SamplingFeature_918,O3,http://dd.eionet.europa.eu/vocabulary/aq/pollutant/7,hour,38.9660400000,µg/m3,2018-01-31 20:00:00 +01:00,2018-01-31 21:00:00 +01:00,1,1
GB,http://environment.data.gov.uk/air-quality/so,GB_Network_1,Station_GB1024A,,GB_SamplingPoint_74174,GB_StationProcess_918,GB_SamplingFeature_918,O3,http://dd.eionet.europa.eu/vocabulary/aq/pollutant/7,hour,44.8533600000,µg/m3,2018-01-31 21:00:00 +01:00,2018-01-31 22:00:00 +01:00,1,1
GB,http://environment.data.gov.uk/air-quality/so,GB_Network_1,Station_GB1024A,,GB_SamplingPoint_74174,GB_StationProcess_918,GB_SamplingFeature_918,O3,http://dd.eionet.europa.eu/vocabulary/aq/pollutant/7,hour,47.0486300000,µg/m3,2018-01-31 22:00:00 +01:00,2018-01-31 23:00:00 +01:00,1,1
GB,http://environment.data.gov.uk/air-quality/so,GB_Network_1,Station_GB1024A,,GB_SamplingPoint_74174,GB_StationProcess_918,GB_SamplingFeature_918,O3,http://dd.eionet.europa.eu/vocabulary/aq/pollutant/7,hour,52.2873400000,µg/m3,2018-02-01 01:00:00 +01:00,2018-02-01 02:00:00 +01:00,1,1
GB,http://environment.data.gov.uk/air-quality/so,GB_Network_1,Station_GB1024A,,GB_SamplingPoint_74174,GB_StationProcess_918,GB_SamplingFeature_918,O3,http://dd.eionet.europa.eu/vocabulary/aq/pollutant/7,hour,56.9439700000,µg/m3,2018-02-01 02:00:00 +01:00,2018-02-01 03:00:00 +01:00,1,1
GB,http://environment.data.gov.uk/air-quality/so,GB_Network_1,Station_GB1024A,,GB_SamplingPoint_74174,GB_StationProcess_918,GB_SamplingFeature_918,O3,http://dd.eionet.europa.eu/vocabulary/aq/pollutant/7,hour,54.9815400000,µg/m3,2018-02-01 03:00:00 +01:00,2018-02-01 04:00:00 +01:00,1,1
GB,http://environment.data.gov.uk/air-quality/so,GB_Network_1,Station_GB1024A,,GB_SamplingPoint_74174,GB_StationProcess_918,GB_SamplingFeature_918,O3,http://dd.eionet.europa.eu/vocabulary/aq/pollutant/7,hour,54.2830400000,µg/m3,2018-02-01 05:00:00 +01:00,2018-02-01 06:00:00 +01:00,1,1
GB,http://environment.data.gov.uk/air-quality/so,GB_Network_1,Station_GB1024A,,GB_SamplingPoint_74174,GB_StationProcess_918,GB_SamplingFeature_918,O3,http://dd.eionet.europa.eu/vocabulary/aq/pollutant/7,hour,63.8624000000,µg/m3,2018-02-01 06:00:00 +01:00,2018-02-01 07:00:00 +01:00,1,1
GB,http://environment.data.gov.uk/air-quality/so,GB_Network_1,Station_GB1024A,,GB_SamplingPoint_74174,GB_StationProcess_918,GB_SamplingFeature_918,O3,http://dd.eionet.europa.eu/vocabulary/aq/pollutant/7,hour,56.4783100000,µg/m3,2018-02-01 07:00:00 +01:00,2018-02-01 08:00:00 +01:00,1,1
GB,http://environment.data.gov.uk/air-quality/so,GB_Network_1,Station_GB1024A,,GB_SamplingPoint_74174,GB_StationProcess_918,GB_SamplingFeature_918,O3,http://dd.eionet.europa.eu/vocabulary/aq/pollutant/7,hour,46.4000300000,µg/m3,2018-02-01 08:00:00 +01:00,2018-02-01 09:00:00 +01:00,1,1
GB,http://environment.data.gov.uk/air-quality/so,GB_Network_1,Station_GB1024A,,GB_SamplingPoint_74174,GB_StationProcess_918,GB_SamplingFeature_918,O3,http://dd.eionet.europa.eu/vocabulary/aq/pollutant/7,hour,41.1613100000,µg/m3,2018-02-01 09:00:00 +01:00,2018-02-01 10:00:00 +01:00,1,1
GB,http://environment.data.gov.uk/air-quality/so,GB_Network_1,Station_GB1024A,,GB_SamplingPoint_74174,GB_StationProcess_918,GB_SamplingFeature_918,O3,http://dd.eionet.europa.eu/vocabulary/aq/pollutant/7,hour,60.3200300000,µg/m3,2018-02-01 11:00:00 +01:00,2018-02-01 12:00:00 +01:00,1,1
GB,http://environment.data.gov.uk/air-quality/so,GB_Network_1,Station_GB1024A,,GB_SamplingPoint_74174,GB_StationProcess_918,GB_SamplingFeature_918,O3,http://dd.eionet.europa.eu/vocabulary/aq/pollutant/7,hour,60.9187400000,µg/m3,2018-02-01 12:00:00 +01:00,2018-02-01 13:00:00 +01:00,1,1
GB,http://environment.data.gov.uk/air-quality/so,GB_Network_1,Station_GB1024A,,GB_SamplingPoint_74174,GB_StationProcess_918,GB_SamplingFeature_918,O3,http://dd.eionet.europa.eu/vocabulary/aq/pollutant/7,hour,63.4133700000,µg/m3,2018-02-01 15:00:00 +01:00,2018-02-01 16:00:00 +01:00,1,1
GB,http://environment.data.gov.uk/air-quality/so,GB_Network_1,Station_GB1024A,,GB_SamplingPoint_74174,GB_StationProcess_918,GB_SamplingFeature_918,O3,http://dd.eionet.europa.eu/vocabulary/aq/pollutant/7,hour,58.9230400000,µg/m3,2018-02-01 16:00:00 +01:00,2018-02-01 17:00:00 +01:00,1,1
GB,http://environment.data.gov.uk/air-quality/so,GB_Network_1,Station_GB1024A,,GB_SamplingPoint_74174,GB_StationProcess_918,GB_SamplingFeature_918,O3,http://dd.eionet.europa.eu/vocabulary/aq/pollutant/7,hour,44.1049700000,µg/m3,2018-02-01 19:00:00 +01:00,2018-02-01 20:00:00 +01:00,1,1
GB,http://environment.data.gov.uk/air-quality/so,GB_Network_1,Station_GB1024A,,GB_SamplingPoint_74174,GB_StationProcess_918,GB_SamplingFeature_918,O3,http://dd.eionet.europa.eu/vocabulary/aq/pollutant/7,hour,29.2370100000,µg/m3,2018-02-01 20:00:00 +01:00,2018-02-01 21:00:00 +01:00,1,1
GB,http://environment.data.gov.uk/air-quality/so,GB_Network_1,Station_GB1024A,,GB_SamplingPoint_74174,GB_StationProcess_918,GB_SamplingFeature_918,O3,http://dd.eionet.europa.eu/vocabulary/aq/pollutant/7,hour,36.5213100000,µg/m3,2018-02-01 21:00:00 +01:00,2018-02-01 22:00:00 +01:00,1,1
GB,http://environment.data.gov.uk/air-quality/so,GB_Network_1,Station_GB1024A,,GB_SamplingPoint_74174,GB_StationProcess_918,GB_SamplingFeature_918,O3,http://dd.eionet.europa.eu/vocabulary/aq/pollutant/7,hour,48.4955100000,µg/m3,2018-02-01 23:00:00 +01:00,2018-02-02 00:00:00 +01:00,1,1
GB,http://environment.data.gov.uk/air-quality/so,GB_Network_1,Station_GB1024A,,GB_SamplingPoint_74174,GB_StationProcess_918,GB_SamplingFeature_918,O3,http://dd.eionet.europa.eu/vocabulary/aq/pollutant/7,hour,55.2310000000,µg/m3,2018-02-02 03:00:00 +01:00,2018-02-02 04:00:00 +01:00,1,1
GB,http://environment.data.gov.uk/air-quality/so,GB_Network_1,Station_GB1024A,,GB_SamplingPoint_74174,GB_StationProcess_918,GB_SamplingFeature_918,O3,http://dd.eionet.europa.eu/vocabulary/aq/pollutant/7,hour,58.1746600000,µg/m3,2018-02-02 06:00:00 +01:00,2018-02-02 07:00:00 +01:00,1,1
GB,http://environment.data.gov.uk/air-quality/so,GB_Network_1,Station_GB1024A,,GB_SamplingPoint_74174,GB_StationProcess_918,GB_SamplingFeature_918,O3,http://dd.eionet.europa.eu/vocabulary/aq/pollutant/7,hour,31.3324900000,µg/m3,2018-02-02 08:00:00 +01:00,2018-02-02 09:00:00 +01:00,1,1
GB,http://environment.data.gov.uk/air-quality/so,GB_Network_1,Station_GB1024A,,GB_SamplingPoint_74174,GB_StationProcess_918,GB_SamplingFeature_918,O3,http://dd.eionet.europa.eu/vocabulary/aq/pollutant/7,hour,21.8529200000,µg/m3,2018-02-02 09:00:00 +01:00,2018-02-02 10:00:00 +01:00,1,1
GB,http://environment.data.gov.uk/air-quality/so,GB_Network_1,Station_GB1024A,,GB_SamplingPoint_74174,GB_StationProcess_918,GB_SamplingFeature_918,O3,http://dd.eionet.europa.eu/vocabulary/aq/pollutant/7,hour,36.4714200000,µg/m3,2018-02-02 10:00:00 +01:00,2018-02-02 11:00:00 +01:00,1,1
GB,http://environment.data.gov.uk/air-quality/so,GB_Network_1,Station_GB1024A,,GB_SamplingPoint_74174,GB_StationProcess_918,GB_SamplingFeature_918,O3,http://dd.eionet.europa.eu/vocabulary/aq/pollutant/7,hour,40.2133600000,µg/m3,2018-02-02 13:00:00 +01:00,2018-02-02 14:00:00 +01:00,1,1
GB,http://environment.data.gov.uk/air-quality/so,GB_Network_1,Station_GB1024A,,GB_SamplingPoint_74174,GB_StationProcess_918,GB_SamplingFeature_918,O3,http://dd.eionet.europa.eu/vocabulary/aq/pollutant/7,hour,36.9204500000,µg/m3,2018-02-02 15:00:00 +01:00,2018-02-02 16:00:00 +01:00,1,1
GB,http://environment.data.gov.uk/air-quality/so,GB_Network_1,Station_GB1024A,,GB_SamplingPoint_74174,GB_StationProcess_918,GB_SamplingFeature_918,O3,http://dd.eionet.europa.eu/vocabulary/aq/pollutant/7,hour,37.6688400000,µg/m3,2018-02-02 16:00:00 +01:00,2018-02-02 17:00:00 +01:00,1,1
GB,http://environment.data.gov.uk/air-quality/so,GB_Network_1,Station_GB1024A,,GB_SamplingPoint_74174,GB_StationProcess_918,GB_SamplingFeature_918,O3,http://dd.eionet.europa.eu/vocabulary/aq/pollutant/7,hour,35.9226000000,µg/m3,2018-02-02 17:00:00 +01:00,2018-02-02 18:00:00 +01:00,1,1
GB,http://environment.data.gov.uk/air-quality/so,GB_Network_1,Station_GB1024A,,GB_SamplingPoint_74174,GB_StationProcess_918,GB_SamplingFeature_918,O3,http://dd.eionet.europa.eu/vocabulary/aq/pollutant/7,hour,3.4924800000,µg/m3,2018-02-02 19:00:00 +01:00,2018-02-02 20:00:00 +01:00,2,1
GB,http://environment.data.gov.uk/air-quality/so,GB_Network_1,Station_GB1024A,,GB_SamplingPoint_74174,GB_StationProcess_918,GB_SamplingFeature_918,O3,http://dd.eionet.europa.eu/vocabulary/aq/pollutant/7,hour,1.6464500000,µg/m3,2018-02-02 20:00:00 +01:00,2018-02-02 21:00:00 +01:00,2,1
GB,http://environment.data.gov.uk/air-quality/so,GB_Network_1,Station_GB1024A,,GB_SamplingPoint_74174,GB_StationProcess_918,GB_SamplingFeature_918,O3,http://dd.eionet.europa.eu/vocabulary/aq/pollutant/7,hour,1.5466700000,µg/m3,2018-02-02 23:00:00 +01:00,2018-02-03 00:00:00 +01:00,2,1
GB,http://environment.data.gov.uk/air-quality/so,GB_Network_1,Station_GB1024A,,GB_SamplingPoint_74174,GB_StationProcess_918,GB_SamplingFeature_918,O3,http://dd.eionet.europa.eu/vocabulary/aq/pollutant/7,hour,1.6963500000,µg/m3,2018-02-03 00:00:00 +01:00,2018-02-03 01:00:00 +01:00,2,1
GB,http://environment.data.gov.uk/air-quality/so,GB_Network_1,Station_GB1024A,,GB_SamplingPoint_74174,GB_StationProcess_918,GB_SamplingFeature_918,O3,http://dd.eionet.europa.eu/vocabulary/aq/pollutant/7,hour,1.5965600000,µg/m3,2018-02-03 01:00:00 +01:00,2018-02-03 02:00:00 +01:00,2,1
GB,http://environment.data.gov.uk/air-quality/so,GB_Network_1,Station_GB1024A,,GB_SamplingPoint_74174,GB_StationProcess_918,GB_SamplingFeature_918,O3,http://dd.eionet.europa.eu/vocabulary/aq/pollutant/7,hour,4.7397900000,µg/m3,2018-02-03 04:00:00 +01:00,2018-02-03 05:00:00 +01:00,2,1
GB,http://environment.data.gov.uk/air-quality/so,GB_Network_1,Station_GB1024A,,GB_SamplingPoint_74174,GB_StationProcess_918,GB_SamplingFeature_918,O3,http://dd.eionet.europa.eu/vocabulary/aq/pollutant/7,hour,7.3342000000,µg/m3,2018-02-03 07:00:00 +01:00,2018-02-03 08:00:00 +01:00,1,1
GB,http://environment.data.gov.uk/air-quality/so,GB_Network_1,Station_GB1024A,,GB_SamplingPoint_74174,GB_StationProcess_918,GB_SamplingFeature_918,O3,http://dd.eionet.europa.eu/vocabulary/aq/pollutant/7,hour,4.8894700000,µg/m3,2018-02-03 08:00:00 +01:00,2018-02-03 09:00:00 +01:00,2,1
GB,http://environment.data.gov.uk/air-quality/so,GB_Network_1,Station_GB1024A,,GB_SamplingPoint_74174,GB_StationProcess_918,GB_SamplingFeature_918,O3,http://dd.eionet.europa.eu/vocabulary/aq/pollutant/7,hour,20.2563600000,µg/m3,2018-02-03 10:00:00 +01:00,2018-02-03 11:00:00 +01:00,1,1
GB,http://environment.data.gov.uk/air-quality/so,GB_Network_1,Station_GB1024A,,GB_SamplingPoint_74174,GB_StationProcess_918,GB_SamplingFeature_918,O3,http://dd.eionet.europa.eu/vocabulary/aq/pollutant/7,hour,27.8899100000,µg/m3,2018-02-03 11:00:00 +01:00,2018-02-03 12:00:00 +01:00,1,1
GB,http://environment.data.gov.uk/air-quality/so,GB_Network_1,Station_GB1024A,,GB_SamplingPoint_74174,GB_StationProcess_918,GB_SamplingFeature_918,O3,http://dd.eionet.europa.eu/vocabulary/aq/pollutant/7,hour,22.4017300000,µg/m3,2018-02-03 12:00:00 +01:00,2018-02-03 13:00:00 +01:00,1,1
GB,http://environment.data.gov.uk/air-quality/so,GB_Network_1,Station_GB1024A,,GB_SamplingPoint_74174,GB_StationProcess_918,GB_SamplingFeature_918,O3,http://dd.eionet.europa.eu/vocabulary/aq/pollutant/7,hour,12.8722700000,µg/m3,2018-02-03 13:00:00 +01:00,2018-02-03 14:00:00 +01:00,1,1
GB,http://environment.data.gov.uk/air-quality/so,GB_Network_1,Station_GB1024A,,GB_SamplingPoint_74174,GB_StationProcess_918,GB_SamplingFeature_918,O3,http://dd.eionet.europa.eu/vocabulary/aq/pollutant/7,hour,13.7703300000,µg/m3,2018-02-03 15:00:00 +01:00,2018-02-03 16:00:00 +01:00,1,1
GB,http://environment.data.gov.uk/air-quality/so,GB_Network_1,Station_GB1024A,,GB_SamplingPoint_74174,GB_StationProcess_918,GB_SamplingFeature_918,O3,http://dd.eionet.europa.eu/vocabulary/aq/pollutant/7,hour,14.0696900000,µg/m3,2018-02-03 16:00:00 +01:00,2018-02-03 17:00:00 +01:00,1,1
GB,http://environment.data.gov.uk/air-quality/so,GB_Network_1,Station_GB1024A,,GB_SamplingPoint_74174,GB_StationProcess_918,GB_SamplingFeature_918,O3,http://dd.eionet.europa.eu/vocabulary/aq/pollutant/7,hour,5.6378500000,µg/m3,2018-02-03 18:00:00 +01:00,2018-02-03 19:00:00 +01:00,2,1
GB,http://environment.data.gov.uk/air-quality/so,GB_Network_1,Station_GB1024A,,GB_SamplingPoint_74174,GB_StationProcess_918,GB_SamplingFeature_918,O3,http://dd.eionet.europa.eu/vocabulary/aq/pollutant/7,hour,15.4666800000,µg/m3,2018-02-03 19:00:00 +01:00,2018-02-03 20:00:00 +01:00,1,1
GB,http://environment.data.gov.uk/air-quality/so,GB_Network_1,Station_GB1024A,,GB_SamplingPoint_74174,GB_StationProcess_918,GB_SamplingFeature_918,O3,http://dd.eionet.europa.eu/vocabulary/aq/pollutant/7,hour,12.2236600000,µg/m3,2018-02-03 20:00:00 +01:00,2018-02-03 21:00:00 +01:00,1,1
GB,http://environment.data.gov.uk/air-quality/so,GB_Network_1,Station_GB1024A,,GB_SamplingPoint_74174,GB_StationProcess_918,GB_SamplingFeature_918,O3,http://dd.eionet.europa.eu/vocabulary/aq/pollutant/7,hour,17.2129100000,µg/m3,2018-02-03 21:00:00 +01:00,2018-02-03 22:00:00 +01:00,1,1
GB,http://environment.data.gov.uk/air-quality/so,GB_Network_1,Station_GB1024A,,GB_SamplingPoint_74174,GB_StationProcess_918,GB_SamplingFeature_918,O3,http://dd.eionet.europa.eu/vocabulary/aq/pollutant/7,hour,25.8443200000,µg/m3,2018-02-03 22:00:00 +01:00,2018-02-03 23:00:00 +01:00,1,1
GB,http://environment.data.gov.uk/air-quality/so,GB_Network_1,Station_GB1024A,,GB_SamplingPoint_74174,GB_StationProcess_918,GB_SamplingFeature_918,O3,http://dd.eionet.europa.eu/vocabulary/aq/pollutant/7,hour,30.9333500000,µg/m3,2018-02-04 00:00:00 +01:00,2018-02-04 01:00:00 +01:00,1,1
GB,http://environment.data.gov.uk/air-quality/so,GB_Network_1,Station_GB1024A,,GB_SamplingPoint_74174,GB_StationProcess_918,GB_SamplingFeature_918,O3,http://dd.eionet.europa.eu/vocabulary/aq/pollutant/7,hour,39.9140000000,µg/m3,2018-02-04 03:00:00 +01:00,2018-02-04 04:00:00 +01:00,1,1
GB,http://environment.data.gov.uk/air-quality/so,GB_Network_1,Station_GB1024A,,GB_SamplingPoint_74174,GB_StationProcess_918,GB_SamplingFeature_918,O3,http://dd.eionet.europa.eu/vocabulary/aq/pollutant/7,hour,55.9793900000,µg/m3,2018-02-04 05:00:00 +01:00,2018-02-04 06:00:00 +01:00,1,1
GB,http://environment.data.gov.uk/air-quality/so,GB_Network_1,Station_GB1024A,,GB_SamplingPoint_74174,GB_StationProcess_918,GB_SamplingFeature_918,O3,http://dd.eionet.europa.eu/vocabulary/aq/pollutant/7,hour,56.8774500000,µg/m3,2018-02-04 06:00:00 +01:00,2018-02-04 07:00:00 +01:00,1,1
GB,http://environment.data.gov.uk/air-quality/so,GB_Network_1,Station_GB1024A,,GB_SamplingPoint_74174,GB_StationProcess_918,GB_SamplingFeature_918,O3,http://dd.eionet.europa.eu/vocabulary/aq/pollutant/7,hour,49.2937900000,µg/m3,2018-02-04 08:00:00 +01:00,2018-02-04 09:00:00 +01:00,1,1
GB,http://environment.data.gov.uk/air-quality/so,GB_Network_1,Station_GB1024A,,GB_SamplingPoint_74174,GB_StationProcess_918,GB_SamplingFeature_918,O3,http://dd.eionet.europa.eu/vocabulary/aq/pollutant/7,hour,49.3935800000,µg/m3,2018-02-04 09:00:00 +01:00,2018-02-04 10:00:00 +01:00,1,1
GB,http://environment.data.gov.uk/air-quality/so,GB_Network_1,Station_GB1024A,,GB_SamplingPoint_74174,GB_StationProcess_918,GB_SamplingFeature_918,O3,http://dd.eionet.europa.eu/vocabulary/aq/pollutant/7,hour,51.0400300000,µg/m3,2018-02-04 10:00:00 +01:00,2018-02-04 11:00:00 +01:00,1,1
GB,http://environment.data.gov.uk/air-quality/so,GB_Network_1,Station_GB1024A,,GB_SamplingPoint_74174,GB_StationProcess_918,GB_SamplingFeature_918,O3,http://dd.eionet.europa.eu/vocabulary/aq/pollutant/7,hour,51.5389500000,µg/m3,2018-02-04 11:00:00 +01:00,2018-02-04 12:00:00 +01:00,1,1
GB,http://environment.data.gov.uk/air-quality/so,GB_Network_1,Station_GB1024A,,GB_SamplingPoint_74174,GB_StationProcess_918,GB_SamplingFeature_918,O3,http://dd.eionet.europa.eu/vocabulary/aq/pollutant/7,hour,52.0378800000,µg/m3,2018-02-04 12:00:00 +01:00,2018-02-04 13:00:00 +01:00,1,1
GB,http://environment.data.gov.uk/air-quality/so,GB_Network_1,Station_GB1024A,,GB_SamplingPoint_74174,GB_StationProcess_918,GB_SamplingFeature_918,O3,http://dd.eionet.europa.eu/vocabulary/aq/pollutant/7,hour,50.0920700000,µg/m3,2018-02-04 13:00:00 +01:00,2018-02-04 14:00:00 +01:00,1,1
GB,http://environment.data.gov.uk/air-quality/so,GB_Network_1,Station_GB1024A,,GB_SamplingPoint_74174,GB_StationProcess_918,GB_SamplingFeature_918,O3,http://dd.eionet.europa.eu/vocabulary/aq/pollutant/7,hour,49.7428200000,µg/m3,2018-02-04 14:00:00 +01:00,2018-02-04 15:00:00 +01:00,1,1
GB,http://environment.data.gov.uk/air-quality/so,GB_Network_1,Station_GB1024A,,GB_SamplingPoint_74174,GB_StationProcess_918,GB_SamplingFeature_918,O3,http://dd.eionet.europa.eu/vocabulary/aq/pollutant/7,hour,49.8426100000,µg/m3,2018-02-04 15:00:00 +01:00,2018-02-04 16:00:00 +01:00,1,1
GB,http://environment.data.gov.uk/air-quality/so,GB_Network_1,Station_GB1024A,,GB_SamplingPoint_74174,GB_StationProcess_918,GB_SamplingFeature_918,O3,http://dd.eionet.europa.eu/vocabulary/aq/pollutant/7,hour,43.6060500000,µg/m3,2018-02-04 17:00:00 +01:00,2018-02-04 18:00:00 +01:00,1,1
GB,http://environment.data.gov.uk/air-quality/so,GB_Network_1,Station_GB1024A,,GB_SamplingPoint_74174,GB_StationProcess_918,GB_SamplingFeature_918,O3,http://dd.eionet.europa.eu/vocabulary/aq/pollutant/7,hour,41.4107800000,µg/m3,2018-02-04 18:00:00 +01:00,2018-02-04 19:00:00 +01:00,1,1
GB,http://environment.data.gov.uk/air-quality/so,GB_Network_1,Station_GB1024A,,GB_SamplingPoint_74174,GB_StationProcess_918,GB_SamplingFeature_918,O3,http://dd.eionet.europa.eu/vocabulary/aq/pollutant/7,hour,37.2697000000,µg/m3,2018-02-04 23:00:00 +01:00,2018-02-05 00:00:00 +01:00,1,1
GB,http://environment.data.gov.uk/air-quality/so,GB_Network_1,Station_GB1024A,,GB_SamplingPoint_74174,GB_StationProcess_918,GB_SamplingFeature_918,O3,http://dd.eionet.europa.eu/vocabulary/aq/pollutant/7,hour,50.7573000000,µg/m3,2018-02-05 02:00:00 +01:00,2018-02-05 03:00:00 +01:00,1,1
GB,http://environment.data.gov.uk/air-quality/so,GB_Network_1,Station_GB1024A,,GB_SamplingPoint_74174,GB_StationProcess_918,GB_SamplingFeature_918,O3,http://dd.eionet.europa.eu/vocabulary/aq/pollutant/7,hour,53.2851900000,µg/m3,2018-02-05 03:00:00 +01:00,2018-02-05 04:00:00 +01:00,1,1
GB,http://environment.data.gov.uk/air-quality/so,GB_Network_1,Station_GB1024A,,GB_SamplingPoint_74174,GB_StationProcess_918,GB_SamplingFeature_918,O3,http://dd.eionet.europa.eu/vocabulary/aq/pollutant/7,hour,55.7798200000,µg/m3,2018-02-05 04:00:00 +01:00,2018-02-05 05:00:00 +01:00,1,1
GB,http://environment.data.gov.uk/air-quality/so,GB_Network_1,Station_GB1024A,,GB_SamplingPoint_74174,GB_StationProcess_918,GB_SamplingFeature_918,O3,http://dd.eionet.europa.eu/vocabulary/aq/pollutant/7,hour,56.1290600000,µg/m3,2018-02-05 05:00:00 +01:00,2018-02-05 06:00:00 +01:00,1,1
GB,http://environment.data.gov.uk/air-quality/so,GB_Network_1,Station_GB1024A,,GB_SamplingPoint_74174,GB_StationProcess_918,GB_SamplingFeature_918,O3,http://dd.eionet.europa.eu/vocabulary/aq/pollutant/7,hour,50.9402400000,µg/m3,2018-02-05 06:00:00 +01:00,2018-02-05 07:00:00 +01:00,1,1
GB,http://environment.data.gov.uk/air-quality/so,GB_Network_1,Station_GB1024A,,GB_SamplingPoint_74174,GB_StationProcess_918,GB_SamplingFeature_918,O3,http://dd.eionet.europa.eu/vocabulary/aq/pollutant/7,hour,36.1720600000,µg/m3,2018-02-05 07:00:00 +01:00,2018-02-05 08:00:00 +01:00,1,1
GB,http://environment.data.gov.uk/air-quality/so,GB_Network_1,Station_GB1024A,,GB_SamplingPoint_74174,GB_StationProcess_918,GB_SamplingFeature_918,O3,http://dd.eionet.europa.eu/vocabulary/aq/pollutant/7,hour,26.4430300000,µg/m3,2018-02-05 08:00:00 +01:00,2018-02-05 09:00:00 +01:00,1,1
GB,http://environment.data.gov.uk/air-quality/so,GB_Network_1,Station_GB1024A,,GB_SamplingPoint_74174,GB_StationProcess_918,GB_SamplingFeature_918,O3,http://dd.eionet.europa.eu/vocabulary/aq/pollutant/7,hour,24.6967900000,µg/m3,2018-02-05 09:00:00 +01:00,2018-02-05 10:00:00 +01:00,1,1
GB,http://environment.data.gov.uk/air-quality/so,GB_Network_1,Station_GB1024A,,GB_SamplingPoint_74174,GB_StationProcess_918,GB_SamplingFeature_918,O3,http://dd.eionet.europa.eu/vocabulary/aq/pollutant/7,hour,31.1828100000,µg/m3,2018-02-05 10:00:00 +01:00,2018-02-05 11:00:00 +01:00,1,1
GB,http://environment.data.gov.uk/air-quality/so,GB_Network_1,Station_GB1024A,,GB_SamplingPoint_74174,GB_StationProcess_918,GB_SamplingFeature_918,O3,http://dd.eionet.europa.eu/vocabulary/aq/pollutant/7,hour,36.9703400000,µg/m3,2018-02-05 11:00:00 +01:00,2018-02-05 12:00:00 +01:00,1,1
GB,http://environment.data.gov.uk/air-quality/so,GB_Network_1,Station_GB1024A,,GB_SamplingPoint_74174,GB_StationProcess_918,GB_SamplingFeature_918,O3,http://dd.eionet.europa.eu/vocabulary/aq/pollutant/7,hour,39.1656100000,µg/m3,2018-02-05 12:00:00 +01:00,2018-02-05 13:00:00 +01:00,1,1
GB,http://environment.data.gov.uk/air-quality/so,GB_Network_1,Station_GB1024A,,GB_SamplingPoint_74174,GB_StationProcess_918,GB_SamplingFeature_918,O3,http://dd.eionet.europa.eu/vocabulary/aq/pollutant/7,hour,37.2198100000,µg/m3,2018-02-05 16:00:00 +01:00,2018-02-05 17:00:00 +01:00,1,1
GB,http://environment.data.gov.uk/air-quality/so,GB_Network_1,Station_GB1024A,,GB_SamplingPoint_74174,GB_StationProcess_918,GB_SamplingFeature_918,O3,http://dd.eionet.europa.eu/vocabulary/aq/pollutant/7,hour,27.5905500000,µg/m3,2018-02-05 18:00:00 +01:00,2018-02-05 19:00:00 +01:00,1,1
GB,http://environment.data.gov.uk/air-quality/so,GB_Network_1,Station_GB1024A,,GB_SamplingPoint_74174,GB_StationProcess_918,GB_SamplingFeature_918,O3,http://dd.eionet.europa.eu/vocabulary/aq/pollutant/7,hour,20.4060300000,µg/m3,2018-02-05 19:00:00 +01:00,2018-02-05 20:00:00 +01:00,1,1
GB,http://environment.data.gov.uk/air-quality/so,GB_Network_1,Station_GB1024A,,GB_SamplingPoint_74174,GB_StationProcess_918,GB_SamplingFeature_918,O3,http://dd.eionet.europa.eu/vocabulary/aq/pollutant/7,hour,30.3845300000,µg/m3,2018-02-05 21:00:00 +01:00,2018-02-05 22:00:00 +01:00,1,1
GB,http://environment.data.gov.uk/air-quality/so,GB_Network_1,Station_GB1024A,,GB_SamplingPoint_74174,GB_StationProcess_918,GB_SamplingFeature_918,O3,http://dd.eionet.europa.eu/vocabulary/aq/pollutant/7,hour,39.0159400000,µg/m3,2018-02-06 00:00:00 +01:00,2018-02-06 01:00:00 +01:00,1,1
GB,http://environment.data.gov.uk/air-quality/so,GB_Network_1,Station_GB1024A,,GB_SamplingPoint_74174,GB_StationProcess_918,GB_SamplingFeature_918,O3,http://dd.eionet.europa.eu/vocabulary/aq/pollutant/7,hour,43.8388800000,µg/m3,2018-02-06 02:00:00 +01:00,2018-02-06 03:00:00 +01:00,1,1
GB,http://environment.data.gov.uk/air-quality/so,GB_Network_1,Station_GB1024A,,GB_SamplingPoint_74174,GB_StationProcess_918,GB_SamplingFeature_918,O3,http://dd.eionet.europa.eu/vocabulary/aq/pollutant/7,hour,37.0202400000,µg/m3,2018-02-06 05:00:00 +01:00,2018-02-06 06:00:00 +01:00,1,1
GB,http://environment.data.gov.uk/air-quality/so,GB_Network_1,Station_GB1024A,,GB_SamplingPoint_74174,GB_StationProcess_918,GB_SamplingFeature_918,O3,http://dd.eionet.europa.eu/vocabulary/aq/pollutant/7,hour,18.5101200000,µg/m3,2018-02-06 08:00:00 +01:00,2018-02-06 09:00:00 +01:00,1,1
GB,http://environment.data.gov.uk/air-quality/so,GB_Network_1,Station_GB1024A,,GB_SamplingPoint_74174,GB_StationProcess_918,GB_SamplingFeature_918,O3,http://dd.eionet.europa.eu/vocabulary/aq/pollutant/7,hour,14.7182900000,µg/m3,2018-02-06 09:00:00 +01:00,2018-02-06 10:00:00 +01:00,1,1
GB,http://environment.data.gov.uk/air-quality/so,GB_Network_1,Station_GB1024A,,GB_SamplingPoint_74174,GB_StationProcess_918,GB_SamplingFeature_918,O3,http://dd.eionet.europa.eu/vocabulary/aq/pollutant/7,hour,43.4563700000,µg/m3,2018-02-06 11:00:00 +01:00,2018-02-06 12:00:00 +01:00,1,1
GB,http://environment.data.gov.uk/air-quality/so,GB_Network_1,Station_GB1024A,,GB_SamplingPoint_74174,GB_StationProcess_918,GB_SamplingFeature_918,O3,http://dd.eionet.europa.eu/vocabulary/aq/pollutant/7,hour,58.1746600000,µg/m3,2018-02-06 15:00:00 +01:00,2018-02-06 16:00:00 +01:00,1,1
GB,http://environment.data.gov.uk/air-quality/so,GB_Network_1,Station_GB1024A,,GB_SamplingPoint_74174,GB_StationProcess_918,GB_SamplingFeature_918,O3,http://dd.eionet.europa.eu/vocabulary/aq/pollutant/7,hour,55.6800300000,µg/m3,2018-02-06 16:00:00 +01:00,2018-02-06 17:00:00 +01:00,1,1
GB,http://environment.data.gov.uk/air-quality/so,GB_Network_1,Station_GB1024A,,GB_SamplingPoint_74174,GB_StationProcess_918,GB_SamplingFeature_918,O3,http://dd.eionet.europa.eu/vocabulary/aq/pollutant/7,hour,23.9982900000,µg/m3,2018-02-06 19:00:00 +01:00,2018-02-06 20:00:00 +01:00,1,1
GB,http://environment.data.gov.uk/air-quality/so,GB_Network_1,Station_GB1024A,,GB_SamplingPoint_74174,GB_StationProcess_918,GB_SamplingFeature_918,O3,http://dd.eionet.europa.eu/vocabulary/aq/pollutant/7,hour,14.6684000000,µg/m3,2018-02-06 20:00:00 +01:00,2018-02-06 21:00:00 +01:00,1,1
GB,http://environment.data.gov.uk/air-quality/so,GB_Network_1,Station_GB1024A,,GB_SamplingPoint_74174,GB_StationProcess_918,GB_SamplingFeature_918,O3,http://dd.eionet.europa.eu/vocabulary/aq/pollutant/7,hour,3.4924800000,µg/m3,2018-02-06 22:00:00 +01:00,2018-02-06 23:00:00 +01:00,2,1
GB,http://environment.data.gov.uk/air-quality/so,GB_Network_1,Station_GB1024A,,GB_SamplingPoint_74174,GB_StationProcess_918,GB_SamplingFeature_918,O3,http://dd.eionet.europa.eu/vocabulary/aq/pollutant/7,hour,11.8411500000,µg/m3,2018-02-07 01:00:00 +01:00,2018-02-07 02:00:00 +01:00,1,1
GB,http://environment.data.gov.uk/air-quality/so,GB_Network_1,Station_GB1024A,,GB_SamplingPoint_74174,GB_StationProcess_918,GB_SamplingFeature_918,O3,http://dd.eionet.europa.eu/vocabulary/aq/pollutant/7,hour,33.9269000000,µg/m3,2018-02-07 02:00:00 +01:00,2018-02-07 03:00:00 +01:00,1,1
GB,http://environment.data.gov.uk/air-quality/so,GB_Network_1,Station_GB1024A,,GB_SamplingPoint_74174,GB_StationProcess_918,GB_SamplingFeature_918,O3,http://dd.eionet.europa.eu/vocabulary/aq/pollutant/7,hour,38.6666900000,µg/m3,2018-02-07 03:00:00 +01:00,2018-02-07 04:00:00 +01:00,1,1
GB,http://environment.data.gov.uk/air-quality/so,GB_Network_1,Station_GB1024A,,GB_SamplingPoint_74174,GB_StationProcess_918,GB_SamplingFeature_918,O3,http://dd.eionet.europa.eu/vocabulary/aq/pollutant/7,hour,45.9011000000,µg/m3,2018-02-07 04:00:00 +01:00,2018-02-07 05:00:00 +01:00,1,1
GB,http://environment.data.gov.uk/air-quality/so,GB_Network_1,Station_GB1024A,,GB_SamplingPoint_74174,GB_StationProcess_918,GB_SamplingFeature_918,O3,http://dd.eionet.europa.eu/vocabulary/aq/pollutant/7,hour,44.4043300000,µg/m3,2018-02-07 07:00:00 +01:00,2018-02-07 08:00:00 +01:00,1,1
GB,http://environment.data.gov.uk/air-quality/so,GB_Network_1,Station_GB1024A,,GB_SamplingPoint_74174,GB_StationProcess_918,GB_SamplingFeature_918,O3,http://dd.eionet.europa.eu/vocabulary/aq/pollutant/7,hour,34.0765800000,µg/m3,2018-02-07 08:00:00 +01:00,2018-02-07 09:00:00 +01:00,1,1
GB,http://environment.data.gov.uk/air-quality/so,GB_Network_1,Station_GB1024A,,GB_SamplingPoint_74174,GB_StationProcess_918,GB_SamplingFeature_918,O3,http://dd.eionet.europa.eu/vocabulary/aq/pollutant/7,hour,29.5862500000,µg/m3,2018-02-07 09:00:00 +01:00,2018-02-07 10:00:00 +01:00,1,1
GB,http://environment.data.gov.uk/air-quality/so,GB_Network_1,Station_GB1024A,,GB_SamplingPoint_74174,GB_StationProcess_918,GB_SamplingFeature_918,O3,http://dd.eionet.europa.eu/vocabulary/aq/pollutant/7,hour,31.0830300000,µg/m3,2018-02-07 10:00:00 +01:00,2018-02-07 11:00:00 +01:00,1,1
GB,http://environment.data.gov.uk/air-quality/so,GB_Network_1,Station_GB1024A,,GB_SamplingPoint_74174,GB_StationProcess_918,GB_SamplingFeature_918,O3,http://dd.eionet.europa.eu/vocabulary/aq/pollutant/7,hour,38.9660400000,µg/m3,2018-02-07 11:00:00 +01:00,2018-02-07 12:00:00 +01:00,1,1
GB,http://environment.data.gov.uk/air-quality/so,GB_Network_1,Station_GB1024A,,GB_SamplingPoint_74174,GB_StationProcess_918,GB_SamplingFeature_918,O3,http://dd.eionet.europa.eu/vocabulary/aq/pollutant/7,hour,50.4912100000,µg/m3,2018-02-07 13:00:00 +01:00,2018-02-07 14:00:00 +01:00,1,1
GB,http://environment.data.gov.uk/air-quality/so,GB_Network_1,Station_GB1024A,,GB_SamplingPoint_74174,GB_StationProcess_918,GB_SamplingFeature_918,O3,http://dd.eionet.europa.eu/vocabulary/aq/pollutant/7,hour,56.6778800000,µg/m3,2018-02-07 15:00:00 +01:00,2018-02-07 16:00:00 +01:00,1,1
GB,http://environment.data.gov.uk/air-quality/so,GB_Network_1,Station_GB1024A,,GB_SamplingPoint_74174,GB_StationProcess_918,GB_SamplingFeature_918,O3,http://dd.eionet.europa.eu/vocabulary/aq/pollutant/7,hour,50.5411000000,µg/m3,2018-02-07 16:00:00 +01:00,2018-02-07 17:00:00 +01:00,1,1
GB,http://environment.data.gov.uk/air-quality/so,GB_Network_1,Station_GB1024A,,GB_SamplingPoint_74174,GB_StationProcess_918,GB_SamplingFeature_918,O3,http://dd.eionet.europa.eu/vocabulary/aq/pollutant/7,hour,10.0782900000,µg/m3,2018-02-07 18:00:00 +01:00,2018-02-07 19:00:00 +01:00,1,1
GB,http://environment.data.gov.uk/air-quality/so,GB_Network_1,Station_GB1024A,,GB_SamplingPoint_74174,GB_StationProcess_918,GB_SamplingFeature_918,O3,http://dd.eionet.europa.eu/vocabulary/aq/pollutant/7,hour,1.7462400000,µg/m3,2018-02-07 19:00:00 +01:00,2018-02-07 20:00:00 +01:00,2,1
GB,http://environment.data.gov.uk/air-quality/so,GB_Network_1,Station_GB1024A,,GB_SamplingPoint_74174,GB_StationProcess_918,GB_SamplingFeature_918,O3,http://dd.eionet.europa.eu/vocabulary/aq/pollutant/7,hour,1.7961300000,µg/m3,2018-02-07 20:00:00 +01:00,2018-02-07 21:00:00 +01:00,2,1
GB,http://environment.data.gov.uk/air-quality/so,GB_Network_1,Station_GB1024A,,GB_SamplingPoint_74174,GB_StationProcess_918,GB_SamplingFeature_918,O3,http://dd.eionet.europa.eu/vocabulary/aq/pollutant/7,hour,1.5965600000,µg/m3,2018-02-07 21:00:00 +01:00,2018-02-07 22:00:00 +01:00,2,1
GB,http://environment.data.gov.uk/air-quality/so,GB_Network_1,Station_GB1024A,,GB_SamplingPoint_74174,GB_StationProcess_918,GB_SamplingFeature_918,O3,http://dd.eionet.europa.eu/vocabulary/aq/pollutant/7,hour,1.6464500000,µg/m3,2018-02-07 22:00:00 +01:00,2018-02-07 23:00:00 +01:00,2,1
GB,http://environment.data.gov.uk/air-quality/so,GB_Network_1,Station_GB1024A,,GB_SamplingPoint_74174,GB_StationProcess_918,GB_SamplingFeature_918,O3,http://dd.eionet.europa.eu/vocabulary/aq/pollutant/7,hour,1.7462400000,µg/m3,2018-02-07 23:00:00 +01:00,2018-02-08 00:00:00 +01:00,2,1
GB,http://environment.data.gov.uk/air-quality/so,GB_Network_1,Station_GB1024A,,GB_SamplingPoint_74174,GB_StationProcess_918,GB_SamplingFeature_918,O3,http://dd.eionet.europa.eu/vocabulary/aq/pollutant/7,hour,1.8460200000,µg/m3,2018-02-08 00:00:00 +01:00,2018-02-08 01:00:00 +01:00,2,1
GB,http://environment.data.gov.uk/air-quality/so,GB_Network_1,Station_GB1024A,,GB_SamplingPoint_74174,GB_StationProcess_918,GB_SamplingFeature_918,O3,http://dd.eionet.europa.eu/vocabulary/aq/pollutant/7,hour,1.2639400000,µg/m3,2018-02-08 02:00:00 +01:00,2018-02-08 03:00:00 +01:00,2,1
GB,http://environment.data.gov.uk/air-quality/so,GB_Network_1,Station_GB1024A,,GB_SamplingPoint_74174,GB_StationProcess_918,GB_SamplingFeature_918,O3,http://dd.eionet.europa.eu/vocabulary/aq/pollutant/7,hour,1.2972100000,µg/m3,2018-02-08 03:00:00 +01:00,2018-02-08 04:00:00 +01:00,2,1
GB,http://environment.data.gov.uk/air-quality/so,GB_Network_1,Station_GB1024A,,GB_SamplingPoint_74174,GB_StationProcess_918,GB_SamplingFeature_918,O3,http://dd.eionet.europa.eu/vocabulary/aq/pollutant/7,hour,3.7918300000,µg/m3,2018-02-08 04:00:00 +01:00,2018-02-08 05:00:00 +01:00,2,1
GB,http://environment.data.gov.uk/air-quality/so,GB_Network_1,Station_GB1024A,,GB_SamplingPoint_74174,GB_StationProcess_918,GB_SamplingFeature_918,O3,http://dd.eionet.europa.eu/vocabulary/aq/pollutant/7,hour,21.2043100000,µg/m3,2018-02-08 06:00:00 +01:00,2018-02-08 07:00:00 +01:00,1,1
GB,http://environment.data.gov.uk/air-quality/so,GB_Network_1,Station_GB1024A,,GB_SamplingPoint_74174,GB_StationProcess_918,GB_SamplingFeature_918,O3,http://dd.eionet.europa.eu/vocabulary/aq/pollutant/7,hour,13.4210800000,µg/m3,2018-02-08 08:00:00 +01:00,2018-02-08 09:00:00 +01:00,1,1
GB,http://environment.data.gov.uk/air-quality/so,GB_Network_1,Station_GB1024A,,GB_SamplingPoint_74174,GB_StationProcess_918,GB_SamplingFeature_918,O3,http://dd.eionet.europa.eu/vocabulary/aq/pollutant/7,hour,11.9742000000,µg/m3,2018-02-08 09:00:00 +01:00,2018-02-08 10:00:00 +01:00,1,1
GB,http://environment.data.gov.uk/air-quality/so,GB_Network_1,Station_GB1024A,,GB_SamplingPoint_74174,GB_StationProcess_918,GB_SamplingFeature_918,O3,http://dd.eionet.europa.eu/vocabulary/aq/pollutant/7,hour,26.3432400000,µg/m3,2018-02-08 11:00:00 +01:00,2018-02-08 12:00:00 +01:00,1,1
GB,http://environment.data.gov.uk/air-quality/so,GB_Network_1,Station_GB1024A,,GB_SamplingPoint_74174,GB_StationProcess_918,GB_SamplingFeature_918,O3,http://dd.eionet.europa.eu/vocabulary/aq/pollutant/7,hour,57.9750900000,µg/m3,2018-02-08 13:00:00 +01:00,2018-02-08 14:00:00 +01:00,1,1
GB,http://environment.data.gov.uk/air-quality/so,GB_Network_1,Station_GB1024A,,GB_SamplingPoint_74174,GB_StationProcess_918,GB_SamplingFeature_918,O3,http://dd.eionet.europa.eu/vocabulary/aq/pollutant/7,hour,56.8774500000,µg/m3,2018-02-08 14:00:00 +01:00,2018-02-08 15:00:00 +01:00,1,1
GB,http://environment.data.gov.uk/air-quality/so,GB_Network_1,Station_GB1024A,,GB_SamplingPoint_74174,GB_StationProcess_918,GB_SamplingFeature_918,O3,http://dd.eionet.europa.eu/vocabulary/aq/pollutant/7,hour,55.7798200000,µg/m3,2018-02-08 15:00:00 +01:00,2018-02-08 16:00:00 +01:00,1,1
GB,http://environment.data.gov.uk/air-quality/so,GB_Network_1,Station_GB1024A,,GB_SamplingPoint_74174,GB_StationProcess_918,GB_SamplingFeature_918,O3,http://dd.eionet.europa.eu/vocabulary/aq/pollutant/7,hour,55.5802500000,µg/m3,2018-02-08 16:00:00 +01:00,2018-02-08 17:00:00 +01:00,1,1
GB,http://environment.data.gov.uk/air-quality/so,GB_Network_1,Station_GB1024A,,GB_SamplingPoint_74174,GB_StationProcess_918,GB_SamplingFeature_918,O3,http://dd.eionet.europa.eu/vocabulary/aq/pollutant/7,hour,58.3243300000,µg/m3,2018-02-08 21:00:00 +01:00,2018-02-08 22:00:00 +01:00,1,1
GB,http://environment.data.gov.uk/air-quality/so,GB_Network_1,Station_GB1024A,,GB_SamplingPoint_74174,GB_StationProcess_918,GB_SamplingFeature_918,O3,http://dd.eionet.europa.eu/vocabulary/aq/pollutant/7,hour,66.9557400000,µg/m3,2018-02-08 22:00:00 +01:00,2018-02-08 23:00:00 +01:00,1,1
GB,http://environment.data.gov.uk/air-quality/so,GB_Network_1,Station_GB1024A,,GB_SamplingPoint_74174,GB_StationProcess_918,GB_SamplingFeature_918,O3,http://dd.eionet.europa.eu/vocabulary/aq/pollutant/7,hour,62.0662700000,µg/m3,2018-02-09 00:00:00 +01:00,2018-02-09 01:00:00 +01:00,1,1
GB,http://environment.data.gov.uk/air-quality/so,GB_Network_1,Station_GB1024A,,GB_SamplingPoint_74174,GB_StationProcess_918,GB_SamplingFeature_918,O3,http://dd.eionet.europa.eu/vocabulary/aq/pollutant/7,hour,66.1574600000,µg/m3,2018-02-09 05:00:00 +01:00,2018-02-09 06:00:00 +01:00,1,1
GB,http://environment.data.gov.uk/air-quality/so,GB_Network_1,Station_GB1024A,,GB_SamplingPoint_74174,GB_StationProcess_918,GB_SamplingFeature_918,O3,http://dd.eionet.europa.eu/vocabulary/aq/pollutant/7,hour,66.9557400000,µg/m3,2018-02-09 06:00:00 +01:00,2018-02-09 07:00:00 +01:00,1,1
GB,http://environment.data.gov.uk/air-quality/so,GB_Network_1,Station_GB1024A,,GB_SamplingPoint_74174,GB_StationProcess_918,GB_SamplingFeature_918,O3,http://dd.eionet.europa.eu/vocabulary/aq/pollutant/7,hour,52.9858400000,µg/m3,2018-02-09 07:00:00 +01:00,2018-02-09 08:00:00 +01:00,1,1
GB,http://environment.data.gov.uk/air-quality/so,GB_Network_1,Station_GB1024A,,GB_SamplingPoint_74174,GB_StationProcess_918,GB_SamplingFeature_918,O3,http://dd.eionet.europa.eu/vocabulary/aq/pollutant/7,hour,49.8426100000,µg/m3,2018-02-09 10:00:00 +01:00,2018-02-09 11:00:00 +01:00,1,1
GB,http://environment.data.gov.uk/air-quality/so,GB_Network_1,Station_GB1024A,,GB_SamplingPoint_74174,GB_StationProcess_918,GB_SamplingFeature_918,O3,http://dd.eionet.europa.eu/vocabulary/aq/pollutant/7,hour,63.6129400000,µg/m3,2018-02-09 11:00:00 +01:00,2018-02-09 12:00:00 +01:00,1,1
GB,http://environment.data.gov.uk/air-quality/so,GB_Network_1,Station_GB1024A,,GB_SamplingPoint_74174,GB_StationProcess_918,GB_SamplingFeature_918,O3,http://dd.eionet.europa.eu/vocabulary/aq/pollutant/7,hour,64.9600400000,µg/m3,2018-02-09 12:00:00 +01:00,2018-02-09 13:00:00 +01:00,1,1
GB,http://environment.data.gov.uk/air-quality/so,GB_Network_1,Station_GB1024A,,GB_SamplingPoint_74174,GB_StationProcess_918,GB_SamplingFeature_918,O3,http://dd.eionet.europa.eu/vocabulary/aq/pollutant/7,hour,61.2181000000,µg/m3,2018-02-09 16:00:00 +01:00,2018-02-09 17:00:00 +01:00,1,1
GB,http://environment.data.gov.uk/air-quality/so,GB_Network_1,Station_GB1024A,,GB_SamplingPoint_74174,GB_StationProcess_918,GB_SamplingFeature_918,O3,http://dd.eionet.europa.eu/vocabulary/aq/pollutant/7,hour,46.4000300000,µg/m3,2018-02-09 21:00:00 +01:00,2018-02-09 22:00:00 +01:00,1,1
GB,http://environment.data.gov.uk/air-quality/so,GB_Network_1,Station_GB1024A,,GB_SamplingPoint_74174,GB_StationProcess_918,GB_SamplingFeature_918,O3,http://dd.eionet.europa.eu/vocabulary/aq/pollutant/7,hour,43.6060500000,µg/m3,2018-02-09 22:00:00 +01:00,2018-02-09 23:00:00 +01:00,1,1
GB,http://environment.data.gov.uk/air-quality/so,GB_Network_1,Station_GB1024A,,GB_SamplingPoint_74174,GB_StationProcess_918,GB_SamplingFeature_918,O3,http://dd.eionet.europa.eu/vocabulary/aq/pollutant/7,hour,37.1699100000,µg/m3,2018-02-09 23:00:00 +01:00,2018-02-10 00:00:00 +01:00,1,1
GB,http://environment.data.gov.uk/air-quality/so,GB_Network_1,Station_GB1024A,,GB_SamplingPoint_74174,GB_StationProcess_918,GB_SamplingFeature_918,O3,http://dd.eionet.europa.eu/vocabulary/aq/pollutant/7,hour,31.1828100000,µg/m3,2018-02-10 00:00:00 +01:00,2018-02-10 01:00:00 +01:00,1,1
GB,http://environment.data.gov.uk/air-quality/so,GB_Network_1,Station_GB1024A,,GB_SamplingPoint_74174,GB_StationProcess_918,GB_SamplingFeature_918,O3,http://dd.eionet.europa.eu/vocabulary/aq/pollutant/7,hour,33.5277600000,µg/m3,2018-02-10 01:00:00 +01:00,2018-02-10 02:00:00 +01:00,1,1
GB,http://environment.data.gov.uk/air-quality/so,GB_Network_1,Station_GB1024A,,GB_SamplingPoint_74174,GB_StationProcess_918,GB_SamplingFeature_918,O3,http://dd.eionet.europa.eu/vocabulary/aq/pollutant/7,hour,39.2487700000,µg/m3,2018-02-10 02:00:00 +01:00,2018-02-10 03:00:00 +01:00,1,1
GB,http://environment.data.gov.uk/air-quality/so,GB_Network_1,Station_GB1024A,,GB_SamplingPoint_74174,GB_StationProcess_918,GB_SamplingFeature_918,O3,http://dd.eionet.europa.eu/vocabulary/aq/pollutant/7,hour,30.4843200000,µg/m3,2018-02-10 04:00:00 +01:00,2018-02-10 05:00:00 +01:00,1,1
GB,http://environment.data.gov.uk/air-quality/so,GB_Network_1,Station_GB1024A,,GB_SamplingPoint_74174,GB_StationProcess_918,GB_SamplingFeature_918,O3,http://dd.eionet.europa.eu/vocabulary/aq/pollutant/7,hour,28.8877600000,µg/m3,2018-02-10 05:00:00 +01:00,2018-02-10 06:00:00 +01:00,1,1
GB,http://environment.data.gov.uk/air-quality/so,GB_Network_1,Station_GB1024A,,GB_SamplingPoint_74174,GB_StationProcess_918,GB_SamplingFeature_918,O3,http://dd.eionet.europa.eu/vocabulary/aq/pollutant/7,hour,30.9333500000,µg/m3,2018-02-10 06:00:00 +01:00,2018-02-10 07:00:00 +01:00,1,1
GB,http://environment.data.gov.uk/air-quality/so,GB_Network_1,Station_GB1024A,,GB_SamplingPoint_74174,GB_StationProcess_918,GB_SamplingFeature_918,O3,http://dd.eionet.europa.eu/vocabulary/aq/pollutant/7,hour,15.8159200000,µg/m3,2018-02-10 07:00:00 +01:00,2018-02-10 08:00:00 +01:00,1,1
GB,http://environment.data.gov.uk/air-quality/so,GB_Network_1,Station_GB1024A,,GB_SamplingPoint_74174,GB_StationProcess_918,GB_SamplingFeature_918,O3,http://dd.eionet.europa.eu/vocabulary/aq/pollutant/7,hour,16.8137700000,µg/m3,2018-02-10 08:00:00 +01:00,2018-02-10 09:00:00 +01:00,1,1
GB,http://environment.data.gov.uk/air-quality/so,GB_Network_1,Station_GB1024A,,GB_SamplingPoint_74174,GB_StationProcess_918,GB_SamplingFeature_918,O3,http://dd.eionet.europa.eu/vocabulary/aq/pollutant/7,hour,31.2327100000,µg/m3,2018-02-10 10:00:00 +01:00,2018-02-10 11:00:00 +01:00,1,1
GB,http://environment.data.gov.uk/air-quality/so,GB_Network_1,Station_GB1024A,,GB_SamplingPoint_74174,GB_StationProcess_918,GB_SamplingFeature_918,O3,http://dd.eionet.europa.eu/vocabulary/aq/pollutant/7,hour,43.1071200000,µg/m3,2018-02-10 11:00:00 +01:00,2018-02-10 12:00:00 +01:00,1,1
GB,http://environment.data.gov.uk/air-quality/so,GB_Network_1,Station_GB1024A,,GB_SamplingPoint_74174,GB_StationProcess_918,GB_SamplingFeature_918,O3,http://dd.eionet.europa.eu/vocabulary/aq/pollutant/7,hour,49.3935800000,µg/m3,2018-02-10 12:00:00 +01:00,2018-02-10 13:00:00 +01:00,1,1
GB,http://environment.data.gov.uk/air-quality/so,GB_Network_1,Station_GB1024A,,GB_SamplingPoint_74174,GB_StationProcess_918,GB_SamplingFeature_918,O3,http://dd.eionet.europa.eu/vocabulary/aq/pollutant/7,hour,55.4804600000,µg/m3,2018-02-10 14:00:00 +01:00,2018-02-10 15:00:00 +01:00,1,1
GB,http://environment.data.gov.uk/air-quality/so,GB_Network_1,Station_GB1024A,,GB_SamplingPoint_74174,GB_StationProcess_918,GB_SamplingFeature_918,O3,http://dd.eionet.europa.eu/vocabulary/aq/pollutant/7,hour,55.0314300000,µg/m3,2018-02-10 16:00:00 +01:00,2018-02-10 17:00:00 +01:00,1,1
GB,http://environment.data.gov.uk/air-quality/so,GB_Network_1,Station_GB1024A,,GB_SamplingPoint_74174,GB_StationProcess_918,GB_SamplingFeature_918,O3,http://dd.eionet.europa.eu/vocabulary/aq/pollutant/7,hour,56.4783100000,µg/m3,2018-02-10 17:00:00 +01:00,2018-02-10 18:00:00 +01:00,1,1
GB,http://environment.data.gov.uk/air-quality/so,GB_Network_1,Station_GB1024A,,GB_SamplingPoint_74174,GB_StationProcess_918,GB_SamplingFeature_918,O3,http://dd.eionet.europa.eu/vocabulary/aq/pollutant/7,hour,56.9273400000,µg/m3,2018-02-10 18:00:00 +01:00,2018-02-10 19:00:00 +01:00,1,1
GB,http://environment.data.gov.uk/air-quality/so,GB_Network_1,Station_GB1024A,,GB_SamplingPoint_74174,GB_StationProcess_918,GB_SamplingFeature_918,O3,http://dd.eionet.europa.eu/vocabulary/aq/pollutant/7,hour,58.7733700000,µg/m3,2018-02-10 19:00:00 +01:00,2018-02-10 20:00:00 +01:00,1,1
GB,http://environment.data.gov.uk/air-quality/so,GB_Network_1,Station_GB1024A,,GB_SamplingPoint_74174,GB_StationProcess_918,GB_SamplingFeature_918,O3,http://dd.eionet.europa.eu/vocabulary/aq/pollutant/7,hour,53.9836900000,µg/m3,2018-02-10 21:00:00 +01:00,2018-02-10 22:00:00 +01:00,1,1
GB,http://environment.data.gov.uk/air-quality/so,GB_Network_1,Station_GB1024A,,GB_SamplingPoint_74174,GB_StationProcess_918,GB_SamplingFeature_918,O3,http://dd.eionet.europa.eu/vocabulary/aq/pollutant/7,hour,56.9273400000,µg/m3,2018-02-10 23:00:00 +01:00,2018-02-11 00:00:00 +01:00,1,1
GB,http://environment.data.gov.uk/air-quality/so,GB_Network_1,Station_GB1024A,,GB_SamplingPoint_74174,GB_StationProcess_918,GB_SamplingFeature_918,O3,http://dd.eionet.europa.eu/vocabulary/aq/pollutant/7,hour,62.6649800000,µg/m3,2018-02-11 00:00:00 +01:00,2018-02-11 01:00:00 +01:00,1,1
GB,http://environment.data.gov.uk/air-quality/so,GB_Network_1,Station_GB1024A,,GB_SamplingPoint_74174,GB_StationProcess_918,GB_SamplingFeature_918,O3,http://dd.eionet.europa.eu/vocabulary/aq/pollutant/7,hour,80.4267100000,µg/m3,2018-02-11 03:00:00 +01:00,2018-02-11 04:00:00 +01:00,1,1
GB,http://environment.data.gov.uk/air-quality/so,GB_Network_1,Station_GB1024A,,GB_SamplingPoint_74174,GB_StationProcess_918,GB_SamplingFeature_918,O3,http://dd.eionet.europa.eu/vocabulary/aq/pollutant/7,hour,77.1837000000,µg/m3,2018-02-11 04:00:00 +01:00,2018-02-11 05:00:00 +01:00,1,1
GB,http://environment.data.gov.uk/air-quality/so,GB_Network_1,Station_GB1024A,,GB_SamplingPoint_74174,GB_StationProcess_918,GB_SamplingFeature_918,O3,http://dd.eionet.europa.eu/vocabulary/aq/pollutant/7,hour,75.6869200000,µg/m3,2018-02-11 05:00:00 +01:00,2018-02-11 06:00:00 +01:00,1,1
GB,http://environment.data.gov.uk/air-quality/so,GB_Network_1,Station_GB1024A,,GB_SamplingPoint_74174,GB_StationProcess_918,GB_SamplingFeature_918,O3,http://dd.eionet.europa.eu/vocabulary/aq/pollutant/7,hour,73.3419800000,µg/m3,2018-02-11 06:00:00 +01:00,2018-02-11 07:00:00 +01:00,1,1
GB,http://environment.data.gov.uk/air-quality/so,GB_Network_1,Station_GB1024A,,GB_SamplingPoint_74174,GB_StationProcess_918,GB_SamplingFeature_918,O3,http://dd.eionet.europa.eu/vocabulary/aq/pollutant/7,hour,70.7974600000,µg/m3,2018-02-11 07:00:00 +01:00,2018-02-11 08:00:00 +01:00,1,1
GB,http://environment.data.gov.uk/air-quality/so,GB_Network_1,Station_GB1024A,,GB_SamplingPoint_74174,GB_StationProcess_918,GB_SamplingFeature_918,O3,http://dd.eionet.europa.eu/vocabulary/aq/pollutant/7,hour,68.4525100000,µg/m3,2018-02-11 09:00:00 +01:00,2018-02-11 10:00:00 +01:00,1,1
GB,http://environment.data.gov.uk/air-quality/so,GB_Network_1,Station_GB1024A,,GB_SamplingPoint_74174,GB_StationProcess_918,GB_SamplingFeature_918,O3,http://dd.eionet.europa.eu/vocabulary/aq/pollutant/7,hour,68.4525100000,µg/m3,2018-02-11 10:00:00 +01:00,2018-02-11 11:00:00 +01:00,1,1
GB,http://environment.data.gov.uk/air-quality/so,GB_Network_1,Station_GB1024A,,GB_SamplingPoint_74174,GB_StationProcess_918,GB_SamplingFeature_918,O3,http://dd.eionet.europa.eu/vocabulary/aq/pollutant/7,hour,71.5957400000,µg/m3,2018-02-11 12:00:00 +01:00,2018-02-11 13:00:00 +01:00,1,1
GB,http://environment.data.gov.uk/air-quality/so,GB_Network_1,Station_GB1024A,,GB_SamplingPoint_74174,GB_StationProcess_918,GB_SamplingFeature_918,O3,http://dd.eionet.europa.eu/vocabulary/aq/pollutant/7,hour,70.7974600000,µg/m3,2018-02-11 13:00:00 +01:00,2018-02-11 14:00:00 +01:00,1,1
GB,http://environment.data.gov.uk/air-quality/so,GB_Network_1,Station_GB1024A,,GB_SamplingPoint_74174,GB_StationProcess_918,GB_SamplingFeature_918,O3,http://dd.eionet.europa.eu/vocabulary/aq/pollutant/7,hour,71.0968100000,µg/m3,2018-02-11 15:00:00 +01:00,2018-02-11 16:00:00 +01:00,1,1
GB,http://environment.data.gov.uk/air-quality/so,GB_Network_1,Station_GB1024A,,GB_SamplingPoint_74174,GB_StationProcess_918,GB_SamplingFeature_918,O3,http://dd.eionet.europa.eu/vocabulary/aq/pollutant/7,hour,71.0968100000,µg/m3,2018-02-11 16:00:00 +01:00,2018-02-11 17:00:00 +01:00,1,1
GB,http://environment.data.gov.uk/air-quality/so,GB_Network_1,Station_GB1024A,,GB_SamplingPoint_74174,GB_StationProcess_918,GB_SamplingFeature_918,O3,http://dd.eionet.europa.eu/vocabulary/aq/pollutant/7,hour,62.8146600000,µg/m3,2018-02-11 18:00:00 +01:00,2018-02-11 19:00:00 +01:00,1,1
GB,http://environment.data.gov.uk/air-quality/so,GB_Network_1,Station_GB1024A,,GB_SamplingPoint_74174,GB_StationProcess_918,GB_SamplingFeature_918,O3,http://dd.eionet.europa.eu/vocabulary/aq/pollutant/7,hour,51.5389500000,µg/m3,2018-02-11 21:00:00 +01:00,2018-02-11 22:00:00 +01:00,1,1
GB,http://environment.data.gov.uk/air-quality/so,GB_Network_1,Station_GB1024A,,GB_SamplingPoint_74174,GB_StationProcess_918,GB_SamplingFeature_918,O3,http://dd.eionet.europa.eu/vocabulary/aq/pollutant/7,hour,55.5802500000,µg/m3,2018-02-11 22:00:00 +01:00,2018-02-11 23:00:00 +01:00,1,1
GB,http://environment.data.gov.uk/air-quality/so,GB_Network_1,Station_GB1024A,,GB_SamplingPoint_74174,GB_StationProcess_918,GB_SamplingFeature_918,O3,http://dd.eionet.europa.eu/vocabulary/aq/pollutant/7,hour,59.8710000000,µg/m3,2018-02-11 23:00:00 +01:00,2018-02-12 00:00:00 +01:00,1,1
GB,http://environment.data.gov.uk/air-quality/so,GB_Network_1,Station_GB1024A,,GB_SamplingPoint_74174,GB_StationProcess_918,GB_SamplingFeature_918,O3,http://dd.eionet.europa.eu/vocabulary/aq/pollutant/7,hour,60.2036200000,µg/m3,2018-02-12 01:00:00 +01:00,2018-02-12 02:00:00 +01:00,1,1
GB,http://environment.data.gov.uk/air-quality/so,GB_Network_1,Station_GB1024A,,GB_SamplingPoint_74174,GB_StationProcess_918,GB_SamplingFeature_918,O3,http://dd.eionet.europa.eu/vocabulary/aq/pollutant/7,hour,61.8667000000,µg/m3,2018-02-12 03:00:00 +01:00,2018-02-12 04:00:00 +01:00,1,1
GB,http://environment.data.gov.uk/air-quality/so,GB_Network_1,Station_GB1024A,,GB_SamplingPoint_74174,GB_StationProcess_918,GB_SamplingFeature_918,O3,http://dd.eionet.europa.eu/vocabulary/aq/pollutant/7,hour,57.4761600000,µg/m3,2018-02-12 05:00:00 +01:00,2018-02-12 06:00:00 +01:00,1,1
GB,http://environment.data.gov.uk/air-quality/so,GB_Network_1,Station_GB1024A,,GB_SamplingPoint_74174,GB_StationProcess_918,GB_SamplingFeature_918,O3,http://dd.eionet.europa.eu/vocabulary/aq/pollutant/7,hour,50.3914300000,µg/m3,2018-02-12 06:00:00 +01:00,2018-02-12 07:00:00 +01:00,1,1
GB,http://environment.data.gov.uk/air-quality/so,GB_Network_1,Station_GB1024A,,GB_SamplingPoint_74174,GB_StationProcess_918,GB_SamplingFeature_918,O3,http://dd.eionet.europa.eu/vocabulary/aq/pollutant/7,hour,36.1720600000,µg/m3,2018-02-12 07:00:00 +01:00,2018-02-12 08:00:00 +01:00,1,1
GB,http://environment.data.gov.uk/air-quality/so,GB_Network_1,Station_GB1024A,,GB_SamplingPoint_74174,GB_StationProcess_918,GB_SamplingFeature_918,O3,http://dd.eionet.europa.eu/vocabulary/aq/pollutant/7,hour,15.4666800000,µg/m3,2018-02-12 08:00:00 +01:00,2018-02-12 09:00:00 +01:00,1,1
GB,http://environment.data.gov.uk/air-quality/so,GB_Network_1,Station_GB1024A,,GB_SamplingPoint_74174,GB_StationProcess_918,GB_SamplingFeature_918,O3,http://dd.eionet.europa.eu/vocabulary/aq/pollutant/7,hour,10.1780700000,µg/m3,2018-02-12 09:00:00 +01:00,2018-02-12 10:00:00 +01:00,1,1
GB,http://environment.data.gov.uk/air-quality/so,GB_Network_1,Station_GB1024A,,GB_SamplingPoint_74174,GB_StationProcess_918,GB_SamplingFeature_918,O3,http://dd.eionet.europa.eu/vocabulary/aq/pollutant/7,hour,24.5471100000,µg/m3,2018-02-12 10:00:00 +01:00,2018-02-12 11:00:00 +01:00,1,1
GB,http://environment.data.gov.uk/air-quality/so,GB_Network_1,Station_GB1024A,,GB_SamplingPoint_74174,GB_StationProcess_918,GB_SamplingFeature_918,O3,http://dd.eionet.europa.eu/vocabulary/aq/pollutant/7,hour,41.1613100000,µg/m3,2018-02-12 11:00:00 +01:00,2018-02-12 12:00:00 +01:00,1,1
GB,http://environment.data.gov.uk/air-quality/so,GB_Network_1,Station_GB1024A,,GB_SamplingPoint_74174,GB_StationProcess_918,GB_SamplingFeature_918,O3,http://dd.eionet.europa.eu/vocabulary/aq/pollutant/7,hour,50.0421800000,µg/m3,2018-02-12 12:00:00 +01:00,2018-02-12 13:00:00 +01:00,1,1
GB,http://environment.data.gov.uk/air-quality/so,GB_Network_1,Station_GB1024A,,GB_SamplingPoint_74174,GB_StationProcess_918,GB_SamplingFeature_918,O3,http://dd.eionet.europa.eu/vocabulary/aq/pollutant/7,hour,65.5587500000,µg/m3,2018-02-12 14:00:00 +01:00,2018-02-12 15:00:00 +01:00,1,1
GB,http://environment.data.gov.uk/air-quality/so,GB_Network_1,Station_GB1024A,,GB_SamplingPoint_74174,GB_StationProcess_918,GB_SamplingFeature_918,O3,http://dd.eionet.europa.eu/vocabulary/aq/pollutant/7,hour,64.3114300000,µg/m3,2018-02-12 15:00:00 +01:00,2018-02-12 16:00:00 +01:00,1,1
GB,http://environment.data.gov.uk/air-quality/so,GB_Network_1,Station_GB1024A,,GB_SamplingPoint_74174,GB_StationProcess_918,GB_SamplingFeature_918,O3,http://dd.eionet.europa.eu/vocabulary/aq/pollutant/7,hour,47.2980900000,µg/m3,2018-02-12 17:00:00 +01:00,2018-02-12 18:00:00 +01:00,1,1
GB,http://environment.data.gov.uk/air-quality/so,GB_Network_1,Station_GB1024A,,GB_SamplingPoint_74174,GB_StationProcess_918,GB_SamplingFeature_918,O3,http://dd.eionet.europa.eu/vocabulary/aq/pollutant/7,hour,33.7273300000,µg/m3,2018-02-12 20:00:00 +01:00,2018-02-12 21:00:00 +01:00,1,1
GB,http://environment.data.gov.uk/air-quality/so,GB_Network_1,Station_GB1024A,,GB_SamplingPoint_74174,GB_StationProcess_918,GB_SamplingFeature_918,O3,http://dd.eionet.europa.eu/vocabulary/aq/pollutant/7,hour,47.3479800000,µg/m3,2018-02-12 22:00:00 +01:00,2018-02-12 23:00:00 +01:00,1,1
GB,http://environment.data.gov.uk/air-quality/so,GB_Network_1,Station_GB1024A,,GB_SamplingPoint_74174,GB_StationProcess_918,GB_SamplingFeature_918,O3,http://dd.eionet.europa.eu/vocabulary/aq/pollutant/7,hour,65.7084200000,µg/m3,2018-02-13 00:00:00 +01:00,2018-02-13 01:00:00 +01:00,1,1
GB,http://environment.data.gov.uk/air-quality/so,GB_Network_1,Station_GB1024A,,GB_SamplingPoint_74174,GB_StationProcess_918,GB_SamplingFeature_918,O3,http://dd.eionet.europa.eu/vocabulary/aq/pollutant/7,hour,56.6778800000,µg/m3,2018-02-13 01:00:00 +01:00,2018-02-13 02:00:00 +01:00,1,1
GB,http://environment.data.gov.uk/air-quality/so,GB_Network_1,Station_GB1024A,,GB_SamplingPoint_74174,GB_StationProcess_918,GB_SamplingFeature_918,O3,http://dd.eionet.europa.eu/vocabulary/aq/pollutant/7,hour,63.8624000000,µg/m3,2018-02-13 02:00:00 +01:00,2018-02-13 03:00:00 +01:00,1,1
GB,http://environment.data.gov.uk/air-quality/so,GB_Network_1,Station_GB1024A,,GB_SamplingPoint_74174,GB_StationProcess_918,GB_SamplingFeature_918,O3,http://dd.eionet.europa.eu/vocabulary/aq/pollutant/7,hour,64.4611100000,µg/m3,2018-02-13 04:00:00 +01:00,2018-02-13 05:00:00 +01:00,1,1
GB,http://environment.data.gov.uk/air-quality/so,GB_Network_1,Station_GB1024A,,GB_SamplingPoint_74174,GB_StationProcess_918,GB_SamplingFeature_918,O3,http://dd.eionet.europa.eu/vocabulary/aq/pollutant/7,hour,69.0512200000,µg/m3,2018-02-13 06:00:00 +01:00,2018-02-13 07:00:00 +01:00,1,1
GB,http://environment.data.gov.uk/air-quality/so,GB_Network_1,Station_GB1024A,,GB_SamplingPoint_74174,GB_StationProcess_918,GB_SamplingFeature_918,O3,http://dd.eionet.europa.eu/vocabulary/aq/pollutant/7,hour,64.8103600000,µg/m3,2018-02-13 07:00:00 +01:00,2018-02-13 08:00:00 +01:00,1,1
GB,http://environment.data.gov.uk/air-quality/so,GB_Network_1,Station_GB1024A,,GB_SamplingPoint_74174,GB_StationProcess_918,GB_SamplingFeature_918,O3,http://dd.eionet.europa.eu/vocabulary/aq/pollutant/7,hour,60.9686400000,µg/m3,2018-02-13 10:00:00 +01:00,2018-02-13 11:00:00 +01:00,1,1
GB,http://environment.data.gov.uk/air-quality/so,GB_Network_1,Station_GB1024A,,GB_SamplingPoint_74174,GB_StationProcess_918,GB_SamplingFeature_918,O3,http://dd.eionet.europa.eu/vocabulary/aq/pollutant/7,hour,58.8731500000,µg/m3,2018-02-13 11:00:00 +01:00,2018-02-13 12:00:00 +01:00,1,1
GB,http://environment.data.gov.uk/air-quality/so,GB_Network_1,Station_GB1024A,,GB_SamplingPoint_74174,GB_StationProcess_918,GB_SamplingFeature_918,O3,http://dd.eionet.europa.eu/vocabulary/aq/pollutant/7,hour,50.7905700000,µg/m3,2018-02-13 16:00:00 +01:00,2018-02-13 17:00:00 +01:00,1,1
GB,http://environment.data.gov.uk/air-quality/so,GB_Network_1,Station_GB1024A,,GB_SamplingPoint_74174,GB_StationProcess_918,GB_SamplingFeature_918,O3,http://dd.eionet.europa.eu/vocabulary/aq/pollutant/7,hour,31.2327100000,µg/m3,2018-02-13 18:00:00 +01:00,2018-02-13 19:00:00 +01:00,1,1
GB,http://environment.data.gov.uk/air-quality/so,GB_Network_1,Station_GB1024A,,GB_SamplingPoint_74174,GB_StationProcess_918,GB_SamplingFeature_918,O3,http://dd.eionet.europa.eu/vocabulary/aq/pollutant/7,hour,20.9548500000,µg/m3,2018-02-13 19:00:00 +01:00,2018-02-13 20:00:00 +01:00,1,1
GB,http://environment.data.gov.uk/air-quality/so,GB_Network_1,Station_GB1024A,,GB_SamplingPoint_74174,GB_StationProcess_918,GB_SamplingFeature_918,O3,http://dd.eionet.europa.eu/vocabulary/aq/pollutant/7,hour,11.1759200000,µg/m3,2018-02-13 20:00:00 +01:00,2018-02-13 21:00:00 +01:00,1,1
GB,http://environment.data.gov.uk/air-quality/so,GB_Network_1,Station_GB1024A,,GB_SamplingPoint_74174,GB_StationProcess_918,GB_SamplingFeature_918,O3,http://dd.eionet.europa.eu/vocabulary/aq/pollutant/7,hour,5.1389300000,µg/m3,2018-02-13 21:00:00 +01:00,2018-02-13 22:00:00 +01:00,2,1
GB,http://environment.data.gov.uk/air-quality/so,GB_Network_1,Station_GB1024A,,GB_SamplingPoint_74174,GB_StationProcess_918,GB_SamplingFeature_918,O3,http://dd.eionet.europa.eu/vocabulary/aq/pollutant/7,hour,6.4361300000,µg/m3,2018-02-13 22:00:00 +01:00,2018-02-13 23:00:00 +01:00,1,1
GB,http://environment.data.gov.uk/air-quality/so,GB_Network_1,Station_GB1024A,,GB_SamplingPoint_74174,GB_StationProcess_918,GB_SamplingFeature_918,O3,http://dd.eionet.europa.eu/vocabulary/aq/pollutant/7,hour,16.0154900000,µg/m3,2018-02-13 23:00:00 +01:00,2018-02-14 00:00:00 +01:00,1,1
GB,http://environment.data.gov.uk/air-quality/so,GB_Network_1,Station_GB1024A,,GB_SamplingPoint_74174,GB_StationProcess_918,GB_SamplingFeature_918,O3,http://dd.eionet.europa.eu/vocabulary/aq/pollutant/7,hour,27.1415200000,µg/m3,2018-02-14 01:00:00 +01:00,2018-02-14 02:00:00 +01:00,1,1
GB,http://environment.data.gov.uk/air-quality/so,GB_Network_1,Station_GB1024A,,GB_SamplingPoint_74174,GB_StationProcess_918,GB_SamplingFeature_918,O3,http://dd.eionet.europa.eu/vocabulary/aq/pollutant/7,hour,27.1415200000,µg/m3,2018-02-14 03:00:00 +01:00,2018-02-14 04:00:00 +01:00,1,1
GB,http://environment.data.gov.uk/air-quality/so,GB_Network_1,Station_GB1024A,,GB_SamplingPoint_74174,GB_StationProcess_918,GB_SamplingFeature_918,O3,http://dd.eionet.europa.eu/vocabulary/aq/pollutant/7,hour,16.8137700000,µg/m3,2018-02-14 04:00:00 +01:00,2018-02-14 05:00:00 +01:00,1,1
GB,http://environment.data.gov.uk/air-quality/so,GB_Network_1,Station_GB1024A,,GB_SamplingPoint_74174,GB_StationProcess_918,GB_SamplingFeature_918,O3,http://dd.eionet.europa.eu/vocabulary/aq/pollutant/7,hour,6.0369900000,µg/m3,2018-02-14 05:00:00 +01:00,2018-02-14 06:00:00 +01:00,2,1
GB,http://environment.data.gov.uk/air-quality/so,GB_Network_1,Station_GB1024A,,GB_SamplingPoint_74174,GB_StationProcess_918,GB_SamplingFeature_918,O3,http://dd.eionet.europa.eu/vocabulary/aq/pollutant/7,hour,1.8460200000,µg/m3,2018-02-14 06:00:00 +01:00,2018-02-14 07:00:00 +01:00,2,1
GB,http://environment.data.gov.uk/air-quality/so,GB_Network_1,Station_GB1024A,,GB_SamplingPoint_74174,GB_StationProcess_918,GB_SamplingFeature_918,O3,http://dd.eionet.europa.eu/vocabulary/aq/pollutant/7,hour,4.1909700000,µg/m3,2018-02-14 09:00:00 +01:00,2018-02-14 10:00:00 +01:00,2,1
GB,http://environment.data.gov.uk/air-quality/so,GB_Network_1,Station_GB1024A,,GB_SamplingPoint_74174,GB_StationProcess_918,GB_SamplingFeature_918,O3,http://dd.eionet.europa.eu/vocabulary/aq/pollutant/7,hour,35.5234600000,µg/m3,2018-02-14 11:00:00 +01:00,2018-02-14 12:00:00 +01:00,1,1
GB,http://environment.data.gov.uk/air-quality/so,GB_Network_1,Station_GB1024A,,GB_SamplingPoint_74174,GB_StationProcess_918,GB_SamplingFeature_918,O3,http://dd.eionet.europa.eu/vocabulary/aq/pollutant/7,hour,58.3243300000,µg/m3,2018-02-14 15:00:00 +01:00,2018-02-14 16:00:00 +01:00,1,1
GB,http://environment.data.gov.uk/air-quality/so,GB_Network_1,Station_GB1024A,,GB_SamplingPoint_74174,GB_StationProcess_918,GB_SamplingFeature_918,O3,http://dd.eionet.europa.eu/vocabulary/aq/pollutant/7,hour,58.6735800000,µg/m3,2018-02-14 16:00:00 +01:00,2018-02-14 17:00:00 +01:00,1,1
GB,http://environment.data.gov.uk/air-quality/so,GB_Network_1,Station_GB1024A,,GB_SamplingPoint_74174,GB_StationProcess_918,GB_SamplingFeature_918,O3,http://dd.eionet.europa.eu/vocabulary/aq/pollutant/7,hour,45.1028200000,µg/m3,2018-02-14 20:00:00 +01:00,2018-02-14 21:00:00 +01:00,1,1
GB,http://environment.data.gov.uk/air-quality/so,GB_Network_1,Station_GB1024A,,GB_SamplingPoint_74174,GB_StationProcess_918,GB_SamplingFeature_918,O3,http://dd.eionet.europa.eu/vocabulary/aq/pollutant/7,hour,42.3587300000,µg/m3,2018-02-14 21:00:00 +01:00,2018-02-14 22:00:00 +01:00,1,1
GB,http://environment.data.gov.uk/air-quality/so,GB_Network_1,Station_GB1024A,,GB_SamplingPoint_74174,GB_StationProcess_918,GB_SamplingFeature_918,O3,http://dd.eionet.europa.eu/vocabulary/aq/pollutant/7,hour,43.1570100000,µg/m3,2018-02-14 22:00:00 +01:00,2018-02-14 23:00:00 +01:00,1,1
GB,http://environment.data.gov.uk/air-quality/so,GB_Network_1,Station_GB1024A,,GB_SamplingPoint_74174,GB_StationProcess_918,GB_SamplingFeature_918,O3,http://dd.eionet.europa.eu/vocabulary/aq/pollutant/7,hour,39.2155100000,µg/m3,2018-02-15 00:00:00 +01:00,2018-02-15 01:00:00 +01:00,1,1
GB,http://environment.data.gov.uk/air-quality/so,GB_Network_1,Station_GB1024A,,GB_SamplingPoint_74174,GB_StationProcess_918,GB_SamplingFeature_918,O3,http://dd.eionet.europa.eu/vocabulary/aq/pollutant/7,hour,40.4461900000,µg/m3,2018-02-15 01:00:00 +01:00,2018-02-15 02:00:00 +01:00,1,1
GB,http://environment.data.gov.uk/air-quality/so,GB_Network_1,Station_GB1024A,,GB_SamplingPoint_74174,GB_StationProcess_918,GB_SamplingFeature_918,O3,http://dd.eionet.europa.eu/vocabulary/aq/pollutant/7,hour,41.0116400000,µg/m3,2018-02-15 03:00:00 +01:00,2018-02-15 04:00:00 +01:00,1,1
GB,http://environment.data.gov.uk/air-quality/so,GB_Network_1,Station_GB1024A,,GB_SamplingPoint_74174,GB_StationProcess_918,GB_SamplingFeature_918,O3,http://dd.eionet.europa.eu/vocabulary/aq/pollutant/7,hour,40.0137900000,µg/m3,2018-02-15 04:00:00 +01:00,2018-02-15 05:00:00 +01:00,1,1
GB,http://environment.data.gov.uk/air-quality/so,GB_Network_1,Station_GB1024A,,GB_SamplingPoint_74174,GB_StationProcess_918,GB_SamplingFeature_918,O3,http://dd.eionet.europa.eu/vocabulary/aq/pollutant/7,hour,41.8598100000,µg/m3,2018-02-15 05:00:00 +01:00,2018-02-15 06:00:00 +01:00,1,1
GB,http://environment.data.gov.uk/air-quality/so,GB_Network_1,Station_GB1024A,,GB_SamplingPoint_74174,GB_StationProcess_918,GB_SamplingFeature_918,O3,http://dd.eionet.europa.eu/vocabulary/aq/pollutant/7,hour,45.5518500000,µg/m3,2018-02-15 06:00:00 +01:00,2018-02-15 07:00:00 +01:00,1,1
GB,http://environment.data.gov.uk/air-quality/so,GB_Network_1,Station_GB1024A,,GB_SamplingPoint_74174,GB_StationProcess_918,GB_SamplingFeature_918,O3,http://dd.eionet.europa.eu/vocabulary/aq/pollutant/7,hour,32.6297000000,µg/m3,2018-02-15 08:00:00 +01:00,2018-02-15 09:00:00 +01:00,1,1
GB,http://environment.data.gov.uk/air-quality/so,GB_Network_1,Station_GB1024A,,GB_SamplingPoint_74174,GB_StationProcess_918,GB_SamplingFeature_918,O3,http://dd.eionet.europa.eu/vocabulary/aq/pollutant/7,hour,50.9402400000,µg/m3,2018-02-15 09:00:00 +01:00,2018-02-15 10:00:00 +01:00,1,1
GB,http://environment.data.gov.uk/air-quality/so,GB_Network_1,Station_GB1024A,,GB_SamplingPoint_74174,GB_StationProcess_918,GB_SamplingFeature_918,O3,http://dd.eionet.europa.eu/vocabulary/aq/pollutant/7,hour,54.9316400000,µg/m3,2018-02-15 10:00:00 +01:00,2018-02-15 11:00:00 +01:00,1,1
GB,http://environment.data.gov.uk/air-quality/so,GB_Network_1,Station_GB1024A,,GB_SamplingPoint_74174,GB_StationProcess_918,GB_SamplingFeature_918,O3,http://dd.eionet.europa.eu/vocabulary/aq/pollutant/7,hour,67.0555200000,µg/m3,2018-02-15 12:00:00 +01:00,2018-02-15 13:00:00 +01:00,1,1
GB,http://environment.data.gov.uk/air-quality/so,GB_Network_1,Station_GB1024A,,GB_SamplingPoint_74174,GB_StationProcess_918,GB_SamplingFeature_918,O3,http://dd.eionet.europa.eu/vocabulary/aq/pollutant/7,hour,67.1553100000,µg/m3,2018-02-15 14:00:00 +01:00,2018-02-15 15:00:00 +01:00,1,1
GB,http://environment.data.gov.uk/air-quality/so,GB_Network_1,Station_GB1024A,,GB_SamplingPoint_74174,GB_StationProcess_918,GB_SamplingFeature_918,O3,http://dd.eionet.europa.eu/vocabulary/aq/pollutant/7,hour,71.4460600000,µg/m3,2018-02-15 15:00:00 +01:00,2018-02-15 16:00:00 +01:00,1,1
GB,http://environment.data.gov.uk/air-quality/so,GB_Network_1,Station_GB1024A,,GB_SamplingPoint_74174,GB_StationProcess_918,GB_SamplingFeature_918,O3,http://dd.eionet.europa.eu/vocabulary/aq/pollutant/7,hour,66.5566000000,µg/m3,2018-02-15 17:00:00 +01:00,2018-02-15 18:00:00 +01:00,1,1
GB,http://environment.data.gov.uk/air-quality/so,GB_Network_1,Station_GB1024A,,GB_SamplingPoint_74174,GB_StationProcess_918,GB_SamplingFeature_918,O3,http://dd.eionet.europa.eu/vocabulary/aq/pollutant/7,hour,43.6060500000,µg/m3,2018-02-15 19:00:00 +01:00,2018-02-15 20:00:00 +01:00,1,1
GB,http://environment.data.gov.uk/air-quality/so,GB_Network_1,Station_GB1024A,,GB_SamplingPoint_74174,GB_StationProcess_918,GB_SamplingFeature_918,O3,http://dd.eionet.europa.eu/vocabulary/aq/pollutant/7,hour,44.8533600000,µg/m3,2018-02-15 20:00:00 +01:00,2018-02-15 21:00:00 +01:00,1,1
GB,http://environment.data.gov.uk/air-quality/so,GB_Network_1,Station_GB1024A,,GB_SamplingPoint_74174,GB_StationProcess_918,GB_SamplingFeature_918,O3,http://dd.eionet.europa.eu/vocabulary/aq/pollutant/7,hour,36.2219600000,µg/m3,2018-02-15 21:00:00 +01:00,2018-02-15 22:00:00 +01:00,1,1
GB,http://environment.data.gov.uk/air-quality/so,GB_Network_1,Station_GB1024A,,GB_SamplingPoint_74174,GB_StationProcess_918,GB_SamplingFeature_918,O3,http://dd.eionet.europa.eu/vocabulary/aq/pollutant/7,hour,35.1742100000,µg/m3,2018-02-15 23:00:00 +01:00,2018-02-16 00:00:00 +01:00,1,1
GB,http://environment.data.gov.uk/air-quality/so,GB_Network_1,Station_GB1024A,,GB_SamplingPoint_74174,GB_StationProcess_918,GB_SamplingFeature_918,O3,http://dd.eionet.europa.eu/vocabulary/aq/pollutant/7,hour,43.8388800000,µg/m3,2018-02-16 02:00:00 +01:00,2018-02-16 03:00:00 +01:00,1,1
GB,http://environment.data.gov.uk/air-quality/so,GB_Network_1,Station_GB1024A,,GB_SamplingPoint_74174,GB_StationProcess_918,GB_SamplingFeature_918,O3,http://dd.eionet.europa.eu/vocabulary/aq/pollutant/7,hour,44.9032500000,µg/m3,2018-02-16 03:00:00 +01:00,2018-02-16 04:00:00 +01:00,1,1
GB,http://environment.data.gov.uk/air-quality/so,GB_Network_1,Station_GB1024A,,GB_SamplingPoint_74174,GB_StationProcess_918,GB_SamplingFeature_918,O3,http://dd.eionet.europa.eu/vocabulary/aq/pollutant/7,hour,30.8335700000,µg/m3,2018-02-16 05:00:00 +01:00,2018-02-16 06:00:00 +01:00,1,1
GB,http://environment.data.gov.uk/air-quality/so,GB_Network_1,Station_GB1024A,,GB_SamplingPoint_74174,GB_StationProcess_918,GB_SamplingFeature_918,O3,http://dd.eionet.europa.eu/vocabulary/aq/pollutant/7,hour,35.0744300000,µg/m3,2018-02-16 06:00:00 +01:00,2018-02-16 07:00:00 +01:00,1,1
GB,http://environment.data.gov.uk/air-quality/so,GB_Network_1,Station_GB1024A,,GB_SamplingPoint_74174,GB_StationProcess_918,GB_SamplingFeature_918,O3,http://dd.eionet.europa.eu/vocabulary/aq/pollutant/7,hour,17.2129100000,µg/m3,2018-02-16 09:00:00 +01:00,2018-02-16 10:00:00 +01:00,1,1
GB,http://environment.data.gov.uk/air-quality/so,GB_Network_1,Station_GB1024A,,GB_SamplingPoint_74174,GB_StationProcess_918,GB_SamplingFeature_918,O3,http://dd.eionet.europa.eu/vocabulary/aq/pollutant/7,hour,24.4473300000,µg/m3,2018-02-16 10:00:00 +01:00,2018-02-16 11:00:00 +01:00,1,1
GB,http://environment.data.gov.uk/air-quality/so,GB_Network_1,Station_GB1024A,,GB_SamplingPoint_74174,GB_StationProcess_918,GB_SamplingFeature_918,O3,http://dd.eionet.europa.eu/vocabulary/aq/pollutant/7,hour,28.0395900000,µg/m3,2018-02-16 11:00:00 +01:00,2018-02-16 12:00:00 +01:00,1,1
GB,http://environment.data.gov.uk/air-quality/so,GB_Network_1,Station_GB1024A,,GB_SamplingPoint_74174,GB_StationProcess_918,GB_SamplingFeature_918,O3,http://dd.eionet.europa.eu/vocabulary/aq/pollutant/7,hour,53.9836900000,µg/m3,2018-02-16 15:00:00 +01:00,2018-02-16 16:00:00 +01:00,1,1
GB,http://environment.data.gov.uk/air-quality/so,GB_Network_1,Station_GB1024A,,GB_SamplingPoint_74174,GB_StationProcess_918,GB_SamplingFeature_918,O3,http://dd.eionet.europa.eu/vocabulary/aq/pollutant/7,hour,53.9836900000,µg/m3,2018-02-16 16:00:00 +01:00,2018-02-16 17:00:00 +01:00,1,1
GB,http://environment.data.gov.uk/air-quality/so,GB_Network_1,Station_GB1024A,,GB_SamplingPoint_74174,GB_StationProcess_918,GB_SamplingFeature_918,O3,http://dd.eionet.europa.eu/vocabulary/aq/pollutant/7,hour,16.3148500000,µg/m3,2018-02-16 18:00:00 +01:00,2018-02-16 19:00:00 +01:00,1,1
GB,http://environment.data.gov.uk/air-quality/so,GB_Network_1,Station_GB1024A,,GB_SamplingPoint_74174,GB_StationProcess_918,GB_SamplingFeature_918,O3,http://dd.eionet.europa.eu/vocabulary/aq/pollutant/7,hour,10.9763500000,µg/m3,2018-02-16 20:00:00 +01:00,2018-02-16 21:00:00 +01:00,1,1
GB,http://environment.data.gov.uk/air-quality/so,GB_Network_1,Station_GB1024A,,GB_SamplingPoint_74174,GB_StationProcess_918,GB_SamplingFeature_918,O3,http://dd.eionet.europa.eu/vocabulary/aq/pollutant/7,hour,6.5858100000,µg/m3,2018-02-16 21:00:00 +01:00,2018-02-16 22:00:00 +01:00,1,1
GB,http://environment.data.gov.uk/air-quality/so,GB_Network_1,Station_GB1024A,,GB_SamplingPoint_74174,GB_StationProcess_918,GB_SamplingFeature_918,O3,http://dd.eionet.europa.eu/vocabulary/aq/pollutant/7,hour,6.7354900000,µg/m3,2018-02-16 22:00:00 +01:00,2018-02-16 23:00:00 +01:00,1,1
GB,http://environment.data.gov.uk/air-quality/so,GB_Network_1,Station_GB1024A,,GB_SamplingPoint_74174,GB_StationProcess_918,GB_SamplingFeature_918,O3,http://dd.eionet.europa.eu/vocabulary/aq/pollutant/7,hour,4.0911900000,µg/m3,2018-02-16 23:00:00 +01:00,2018-02-17 00:00:00 +01:00,2,1
GB,http://environment.data.gov.uk/air-quality/so,GB_Network_1,Station_GB1024A,,GB_SamplingPoint_74174,GB_StationProcess_918,GB_SamplingFeature_918,O3,http://dd.eionet.europa.eu/vocabulary/aq/pollutant/7,hour,1.5965600000,µg/m3,2018-02-17 00:00:00 +01:00,2018-02-17 01:00:00 +01:00,2,1
GB,http://environment.data.gov.uk/air-quality/so,GB_Network_1,Station_GB1024A,,GB_SamplingPoint_74174,GB_StationProcess_918,GB_SamplingFeature_918,O3,http://dd.eionet.europa.eu/vocabulary/aq/pollutant/7,hour,1.4635100000,µg/m3,2018-02-17 01:00:00 +01:00,2018-02-17 02:00:00 +01:00,2,1
GB,http://environment.data.gov.uk/air-quality/so,GB_Network_1,Station_GB1024A,,GB_SamplingPoint_74174,GB_StationProcess_918,GB_SamplingFeature_918,O3,http://dd.eionet.europa.eu/vocabulary/aq/pollutant/7,hour,1.2639400000,µg/m3,2018-02-17 02:00:00 +01:00,2018-02-17 03:00:00 +01:00,2,1
GB,http://environment.data.gov.uk/air-quality/so,GB_Network_1,Station_GB1024A,,GB_SamplingPoint_74174,GB_StationProcess_918,GB_SamplingFeature_918,O3,http://dd.eionet.europa.eu/vocabulary/aq/pollutant/7,hour,1.0976400000,µg/m3,2018-02-17 03:00:00 +01:00,2018-02-17 04:00:00 +01:00,2,1
GB,http://environment.data.gov.uk/air-quality/so,GB_Network_1,Station_GB1024A,,GB_SamplingPoint_74174,GB_StationProcess_918,GB_SamplingFeature_918,O3,http://dd.eionet.europa.eu/vocabulary/aq/pollutant/7,hour,1.5965600000,µg/m3,2018-02-17 04:00:00 +01:00,2018-02-17 05:00:00 +01:00,2,1
GB,http://environment.data.gov.uk/air-quality/so,GB_Network_1,Station_GB1024A,,GB_SamplingPoint_74174,GB_StationProcess_918,GB_SamplingFeature_918,O3,http://dd.eionet.europa.eu/vocabulary/aq/pollutant/7,hour,1.5965600000,µg/m3,2018-02-17 08:00:00 +01:00,2018-02-17 09:00:00 +01:00,2,1
GB,http://environment.data.gov.uk/air-quality/so,GB_Network_1,Station_GB1024A,,GB_SamplingPoint_74174,GB_StationProcess_918,GB_SamplingFeature_918,O3,http://dd.eionet.europa.eu/vocabulary/aq/pollutant/7,hour,3.7918300000,µg/m3,2018-02-17 10:00:00 +01:00,2018-02-17 11:00:00 +01:00,2,1
GB,http://environment.data.gov.uk/air-quality/so,GB_Network_1,Station_GB1024A,,GB_SamplingPoint_74174,GB_StationProcess_918,GB_SamplingFeature_918,O3,http://dd.eionet.europa.eu/vocabulary/aq/pollutant/7,hour,10.5273200000,µg/m3,2018-02-17 11:00:00 +01:00,2018-02-17 12:00:00 +01:00,1,1
GB,http://environment.data.gov.uk/air-quality/so,GB_Network_1,Station_GB1024A,,GB_SamplingPoint_74174,GB_StationProcess_918,GB_SamplingFeature_918,O3,http://dd.eionet.europa.eu/vocabulary/aq/pollutant/7,hour,30.3845300000,µg/m3,2018-02-17 12:00:00 +01:00,2018-02-17 13:00:00 +01:00,1,1
GB,http://environment.data.gov.uk/air-quality/so,GB_Network_1,Station_GB1024A,,GB_SamplingPoint_74174,GB_StationProcess_918,GB_SamplingFeature_918,O3,http://dd.eionet.europa.eu/vocabulary/aq/pollutant/7,hour,52.2873400000,µg/m3,2018-02-17 13:00:00 +01:00,2018-02-17 14:00:00 +01:00,1,1
GB,http://environment.data.gov.uk/air-quality/so,GB_Network_1,Station_GB1024A,,GB_SamplingPoint_74174,GB_StationProcess_918,GB_SamplingFeature_918,O3,http://dd.eionet.europa.eu/vocabulary/aq/pollutant/7,hour,57.4262700000,µg/m3,2018-02-17 14:00:00 +01:00,2018-02-17 15:00:00 +01:00,1,1
GB,http://environment.data.gov.uk/air-quality/so,GB_Network_1,Station_GB1024A,,GB_SamplingPoint_74174,GB_StationProcess_918,GB_SamplingFeature_918,O3,http://dd.eionet.europa.eu/vocabulary/aq/pollutant/7,hour,52.2374500000,µg/m3,2018-02-17 17:00:00 +01:00,2018-02-17 18:00:00 +01:00,1,1
GB,http://environment.data.gov.uk/air-quality/so,GB_Network_1,Station_GB1024A,,GB_SamplingPoint_74174,GB_StationProcess_918,GB_SamplingFeature_918,O3,http://dd.eionet.europa.eu/vocabulary/aq/pollutant/7,hour,33.5277600000,µg/m3,2018-02-17 18:00:00 +01:00,2018-02-17 19:00:00 +01:00,1,1
GB,http://environment.data.gov.uk/air-quality/so,GB_Network_1,Station_GB1024A,,GB_SamplingPoint_74174,GB_StationProcess_918,GB_SamplingFeature_918,O3,http://dd.eionet.europa.eu/vocabulary/aq/pollutant/7,hour,17.6619500000,µg/m3,2018-02-17 19:00:00 +01:00,2018-02-17 20:00:00 +01:00,1,1
GB,http://environment.data.gov.uk/air-quality/so,GB_Network_1,Station_GB1024A,,GB_SamplingPoint_74174,GB_StationProcess_918,GB_SamplingFeature_918,O3,http://dd.eionet.europa.eu/vocabulary/aq/pollutant/7,hour,24.7466800000,µg/m3,2018-02-17 20:00:00 +01:00,2018-02-17 21:00:00 +01:00,1,1
GB,http://environment.data.gov.uk/air-quality/so,GB_Network_1,Station_GB1024A,,GB_SamplingPoint_74174,GB_StationProcess_918,GB_SamplingFeature_918,O3,http://dd.eionet.europa.eu/vocabulary/aq/pollutant/7,hour,28.2890500000,µg/m3,2018-02-17 21:00:00 +01:00,2018-02-17 22:00:00 +01:00,1,1
GB,http://environment.data.gov.uk/air-quality/so,GB_Network_1,Station_GB1024A,,GB_SamplingPoint_74174,GB_StationProcess_918,GB_SamplingFeature_918,O3,http://dd.eionet.europa.eu/vocabulary/aq/pollutant/7,hour,41.6602400000,µg/m3,2018-02-18 00:00:00 +01:00,2018-02-18 01:00:00 +01:00,1,1
GB,http://environment.data.gov.uk/air-quality/so,GB_Network_1,Station_GB1024A,,GB_SamplingPoint_74174,GB_StationProcess_918,GB_SamplingFeature_918,O3,http://dd.eionet.europa.eu/vocabulary/aq/pollutant/7,hour,32.7294800000,µg/m3,2018-02-18 01:00:00 +01:00,2018-02-18 02:00:00 +01:00,1,1
GB,http://environment.data.gov.uk/air-quality/so,GB_Network_1,Station_GB1024A,,GB_SamplingPoint_74174,GB_StationProcess_918,GB_SamplingFeature_918,O3,http://dd.eionet.europa.eu/vocabulary/aq/pollutant/7,hour,5.5214400000,µg/m3,2018-02-18 02:00:00 +01:00,2018-02-18 03:00:00 +01:00,2,1
GB,http://environment.data.gov.uk/air-quality/so,GB_Network_1,Station_GB1024A,,GB_SamplingPoint_74174,GB_StationProcess_918,GB_SamplingFeature_918,O3,http://dd.eionet.europa.eu/vocabulary/aq/pollutant/7,hour,1.5965600000,µg/m3,2018-02-18 05:00:00 +01:00,2018-02-18 06:00:00 +01:00,2,1
GB,http://environment.data.gov.uk/air-quality/so,GB_Network_1,Station_GB1024A,,GB_SamplingPoint_74174,GB_StationProcess_918,GB_SamplingFeature_918,O3,http://dd.eionet.europa.eu/vocabulary/aq/pollutant/7,hour,1.7961300000,µg/m3,2018-02-18 06:00:00 +01:00,2018-02-18 07:00:00 +01:00,2,1
GB,http://environment.data.gov.uk/air-quality/so,GB_Network_1,Station_GB1024A,,GB_SamplingPoint_74174,GB_StationProcess_918,GB_SamplingFeature_918,O3,http://dd.eionet.europa.eu/vocabulary/aq/pollutant/7,hour,1.6464500000,µg/m3,2018-02-18 07:00:00 +01:00,2018-02-18 08:00:00 +01:00,2,1
GB,http://environment.data.gov.uk/air-quality/so,GB_Network_1,Station_GB1024A,,GB_SamplingPoint_74174,GB_StationProcess_918,GB_SamplingFeature_918,O3,http://dd.eionet.europa.eu/vocabulary/aq/pollutant/7,hour,1.4967800000,µg/m3,2018-02-18 08:00:00 +01:00,2018-02-18 09:00:00 +01:00,2,1
GB,http://environment.data.gov.uk/air-quality/so,GB_Network_1,Station_GB1024A,,GB_SamplingPoint_74174,GB_StationProcess_918,GB_SamplingFeature_918,O3,http://dd.eionet.europa.eu/vocabulary/aq/pollutant/7,hour,7.0348400000,µg/m3,2018-02-18 10:00:00 +01:00,2018-02-18 11:00:00 +01:00,1,1
GB,http://environment.data.gov.uk/air-quality/so,GB_Network_1,Station_GB1024A,,GB_SamplingPoint_74174,GB_StationProcess_918,GB_SamplingFeature_918,O3,http://dd.eionet.europa.eu/vocabulary/aq/pollutant/7,hour,36.1720600000,µg/m3,2018-02-18 11:00:00 +01:00,2018-02-18 12:00:00 +01:00,1,1
GB,http://environment.data.gov.uk/air-quality/so,GB_Network_1,Station_GB1024A,,GB_SamplingPoint_74174,GB_StationProcess_918,GB_SamplingFeature_918,O3,http://dd.eionet.europa.eu/vocabulary/aq/pollutant/7,hour,67.8039100000,µg/m3,2018-02-18 12:00:00 +01:00,2018-02-18 13:00:00 +01:00,1,1
GB,http://environment.data.gov.uk/air-quality/so,GB_Network_1,Station_GB1024A,,GB_SamplingPoint_74174,GB_StationProcess_918,GB_SamplingFeature_918,O3,http://dd.eionet.europa.eu/vocabulary/aq/pollutant/7,hour,68.8516500000,µg/m3,2018-02-18 13:00:00 +01:00,2018-02-18 14:00:00 +01:00,1,1
GB,http://environment.data.gov.uk/air-quality/so,GB_Network_1,Station_GB1024A,,GB_SamplingPoint_74174,GB_StationProcess_918,GB_SamplingFeature_918,O3,http://dd.eionet.europa.eu/vocabulary/aq/pollutant/7,hour,68.0533700000,µg/m3,2018-02-18 14:00:00 +01:00,2018-02-18 15:00:00 +01:00,1,1
GB,http://environment.data.gov.uk/air-quality/so,GB_Network_1,Station_GB1024A,,GB_SamplingPoint_74174,GB_StationProcess_918,GB_SamplingFeature_918,O3,http://dd.eionet.europa.eu/vocabulary/aq/pollutant/7,hour,60.8688500000,µg/m3,2018-02-18 16:00:00 +01:00,2018-02-18 17:00:00 +01:00,1,1
GB,http://environment.data.gov.uk/air-quality/so,GB_Network_1,Station_GB1024A,,GB_SamplingPoint_74174,GB_StationProcess_918,GB_SamplingFeature_918,O3,http://dd.eionet.europa.eu/vocabulary/aq/pollutant/7,hour,60.9187400000,µg/m3,2018-02-18 17:00:00 +01:00,2018-02-18 18:00:00 +01:00,1,1
GB,http://environment.data.gov.uk/air-quality/so,GB_Network_1,Station_GB1024A,,GB_SamplingPoint_74174,GB_StationProcess_918,GB_SamplingFeature_918,O3,http://dd.eionet.europa.eu/vocabulary/aq/pollutant/7,hour,48.7449700000,µg/m3,2018-02-18 19:00:00 +01:00,2018-02-18 20:00:00 +01:00,1,1
GB,http://environment.data.gov.uk/air-quality/so,GB_Network_1,Station_GB1024A,,GB_SamplingPoint_74174,GB_StationProcess_918,GB_SamplingFeature_918,O3,http://dd.eionet.europa.eu/vocabulary/aq/pollutant/7,hour,47.7471200000,µg/m3,2018-02-18 20:00:00 +01:00,2018-02-18 21:00:00 +01:00,1,1
GB,http://environment.data.gov.uk/air-quality/so,GB_Network_1,Station_GB1024A,,GB_SamplingPoint_74174,GB_StationProcess_918,GB_SamplingFeature_918,O3,http://dd.eionet.europa.eu/vocabulary/aq/pollutant/7,hour,46.5497000000,µg/m3,2018-02-18 21:00:00 +01:00,2018-02-18 22:00:00 +01:00,1,1
GB,http://environment.data.gov.uk/air-quality/so,GB_Network_1,Station_GB1024A,,GB_SamplingPoint_74174,GB_StationProcess_918,GB_SamplingFeature_918,O3,http://dd.eionet.europa.eu/vocabulary/aq/pollutant/7,hour,49.7428200000,µg/m3,2018-02-18 22:00:00 +01:00,2018-02-18 23:00:00 +01:00,1,1
GB,http://environment.data.gov.uk/air-quality/so,GB_Network_1,Station_GB1024A,,GB_SamplingPoint_74174,GB_StationProcess_918,GB_SamplingFeature_918,O3,http://dd.eionet.europa.eu/vocabulary/aq/pollutant/7,hour,13.6206500000,µg/m3,2018-02-19 08:00:00 +01:00,2018-02-19 09:00:00 +01:00,1,1
GB,http://environment.data.gov.uk/air-quality/so,GB_Network_1,Station_GB1024A,,GB_SamplingPoint_74174,GB_StationProcess_918,GB_SamplingFeature_918,O3,http://dd.eionet.europa.eu/vocabulary/aq/pollutant/7,hour,6.8352700000,µg/m3,2018-02-19 10:00:00 +01:00,2018-02-19 11:00:00 +01:00,1,1
GB,http://environment.data.gov.uk/air-quality/so,GB_Network_1,Station_GB1024A,,GB_SamplingPoint_74174,GB_StationProcess_918,GB_SamplingFeature_918,O3,http://dd.eionet.europa.eu/vocabulary/aq/pollutant/7,hour,6.7354900000,µg/m3,2018-02-19 11:00:00 +01:00,2018-02-19 12:00:00 +01:00,1,1
GB,http://environment.data.gov.uk/air-quality/so,GB_Network_1,Station_GB1024A,,GB_SamplingPoint_74174,GB_StationProcess_918,GB_SamplingFeature_918,O3,http://dd.eionet.europa.eu/vocabulary/aq/pollutant/7,hour,8.3320500000,µg/m3,2018-02-19 12:00:00 +01:00,2018-02-19 13:00:00 +01:00,1,1
GB,http://environment.data.gov.uk/air-quality/so,GB_Network_1,Station_GB1024A,,GB_SamplingPoint_74174,GB_StationProcess_918,GB_SamplingFeature_918,O3,http://dd.eionet.europa.eu/vocabulary/aq/pollutant/7,hour,8.8309700000,µg/m3,2018-02-19 13:00:00 +01:00,2018-02-19 14:00:00 +01:00,1,1
GB,http://environment.data.gov.uk/air-quality/so,GB_Network_1,Station_GB1024A,,GB_SamplingPoint_74174,GB_StationProcess_918,GB_SamplingFeature_918,O3,http://dd.eionet.europa.eu/vocabulary/aq/pollutant/7,hour,22.4516300000,µg/m3,2018-02-19 15:00:00 +01:00,2018-02-19 16:00:00 +01:00,1,1
GB,http://environment.data.gov.uk/air-quality/so,GB_Network_1,Station_GB1024A,,GB_SamplingPoint_74174,GB_StationProcess_918,GB_SamplingFeature_918,O3,http://dd.eionet.europa.eu/vocabulary/aq/pollutant/7,hour,14.9677500000,µg/m3,2018-02-19 18:00:00 +01:00,2018-02-19 19:00:00 +01:00,1,1
GB,http://environment.data.gov.uk/air-quality/so,GB_Network_1,Station_GB1024A,,GB_SamplingPoint_74174,GB_StationProcess_918,GB_SamplingFeature_918,O3,http://dd.eionet.europa.eu/vocabulary/aq/pollutant/7,hour,30.4843200000,µg/m3,2018-02-19 21:00:00 +01:00,2018-02-19 22:00:00 +01:00,1,1
GB,http://environment.data.gov.uk/air-quality/so,GB_Network_1,Station_GB1024A,,GB_SamplingPoint_74174,GB_StationProcess_918,GB_SamplingFeature_918,O3,http://dd.eionet.europa.eu/vocabulary/aq/pollutant/7,hour,28.4886200000,µg/m3,2018-02-19 23:00:00 +01:00,2018-02-20 00:00:00 +01:00,1,1
GB,http://environment.data.gov.uk/air-quality/so,GB_Network_1,Station_GB1024A,,GB_SamplingPoint_74174,GB_StationProcess_918,GB_SamplingFeature_918,O3,http://dd.eionet.europa.eu/vocabulary/aq/pollutant/7,hour,21.4205100000,µg/m3,2018-02-20 01:00:00 +01:00,2018-02-20 02:00:00 +01:00,1,1
GB,http://environment.data.gov.uk/air-quality/so,GB_Network_1,Station_GB1024A,,GB_SamplingPoint_74174,GB_StationProcess_918,GB_SamplingFeature_918,O3,http://dd.eionet.europa.eu/vocabulary/aq/pollutant/7,hour,22.4848900000,µg/m3,2018-02-20 02:00:00 +01:00,2018-02-20 03:00:00 +01:00,1,1
GB,http://environment.data.gov.uk/air-quality/so,GB_Network_1,Station_GB1024A,,GB_SamplingPoint_74174,GB_StationProcess_918,GB_SamplingFeature_918,O3,http://dd.eionet.europa.eu/vocabulary/aq/pollutant/7,hour,19.5578600000,µg/m3,2018-02-20 04:00:00 +01:00,2018-02-20 05:00:00 +01:00,1,1
GB,http://environment.data.gov.uk/air-quality/so,GB_Network_1,Station_GB1024A,,GB_SamplingPoint_74174,GB_StationProcess_918,GB_SamplingFeature_918,O3,http://dd.eionet.europa.eu/vocabulary/aq/pollutant/7,hour,17.5122700000,µg/m3,2018-02-20 05:00:00 +01:00,2018-02-20 06:00:00 +01:00,1,1
GB,http://environment.data.gov.uk/air-quality/so,GB_Network_1,Station_GB1024A,,GB_SamplingPoint_74174,GB_StationProcess_918,GB_SamplingFeature_918,O3,http://dd.eionet.europa.eu/vocabulary/aq/pollutant/7,hour,13.8701200000,µg/m3,2018-02-20 08:00:00 +01:00,2018-02-20 09:00:00 +01:00,1,1
GB,http://environment.data.gov.uk/air-quality/so,GB_Network_1,Station_GB1024A,,GB_SamplingPoint_74174,GB_StationProcess_918,GB_SamplingFeature_918,O3,http://dd.eionet.europa.eu/vocabulary/aq/pollutant/7,hour,21.8529200000,µg/m3,2018-02-20 09:00:00 +01:00,2018-02-20 10:00:00 +01:00,1,1
GB,http://environment.data.gov.uk/air-quality/so,GB_Network_1,Station_GB1024A,,GB_SamplingPoint_74174,GB_StationProcess_918,GB_SamplingFeature_918,O3,http://dd.eionet.europa.eu/vocabulary/aq/pollutant/7,hour,38.9161500000,µg/m3,2018-02-20 10:00:00 +01:00,2018-02-20 11:00:00 +01:00,1,1
GB,http://environment.data.gov.uk/air-quality/so,GB_Network_1,Station_GB1024A,,GB_SamplingPoint_74174,GB_StationProcess_918,GB_SamplingFeature_918,O3,http://dd.eionet.europa.eu/vocabulary/aq/pollutant/7,hour,49.8426100000,µg/m3,2018-02-20 11:00:00 +01:00,2018-02-20 12:00:00 +01:00,1,1
GB,http://environment.data.gov.uk/air-quality/so,GB_Network_1,Station_GB1024A,,GB_SamplingPoint_74174,GB_StationProcess_918,GB_SamplingFeature_918,O3,http://dd.eionet.europa.eu/vocabulary/aq/pollutant/7,hour,58.4241200000,µg/m3,2018-02-20 13:00:00 +01:00,2018-02-20 14:00:00 +01:00,1,1
GB,http://environment.data.gov.uk/air-quality/so,GB_Network_1,Station_GB1024A,,GB_SamplingPoint_74174,GB_StationProcess_918,GB_SamplingFeature_918,O3,http://dd.eionet.europa.eu/vocabulary/aq/pollutant/7,hour,,µg/m3,2018-02-20 14:00:00 +01:00,2018-02-20 15:00:00 +01:00,-1,1
GB,http://environment.data.gov.uk/air-quality/so,GB_Network_1,Station_GB1024A,,GB_SamplingPoint_74174,GB_StationProcess_918,GB_SamplingFeature_918,O3,http://dd.eionet.europa.eu/vocabulary/aq/pollutant/7,hour,55.4804600000,µg/m3,2018-02-20 16:00:00 +01:00,2018-02-20 17:00:00 +01:00,1,1
GB,http://environment.data.gov.uk/air-quality/so,GB_Network_1,Station_GB1024A,,GB_SamplingPoint_74174,GB_StationProcess_918,GB_SamplingFeature_918,O3,http://dd.eionet.europa.eu/vocabulary/aq/pollutant/7,hour,54.4826100000,µg/m3,2018-02-20 17:00:00 +01:00,2018-02-20 18:00:00 +01:00,1,1
GB,http://environment.data.gov.uk/air-quality/so,GB_Network_1,Station_GB1024A,,GB_SamplingPoint_74174,GB_StationProcess_918,GB_SamplingFeature_918,O3,http://dd.eionet.europa.eu/vocabulary/aq/pollutant/7,hour,63.3135800000,µg/m3,2018-02-20 18:00:00 +01:00,2018-02-20 19:00:00 +01:00,1,1
GB,http://environment.data.gov.uk/air-quality/so,GB_Network_1,Station_GB1024A,,GB_SamplingPoint_74174,GB_StationProcess_918,GB_SamplingFeature_918,O3,http://dd.eionet.europa.eu/vocabulary/aq/pollutant/7,hour,70.8473500000,µg/m3,2018-02-20 19:00:00 +01:00,2018-02-20 20:00:00 +01:00,1,1
GB,http://environment.data.gov.uk/air-quality/so,GB_Network_1,Station_GB1024A,,GB_SamplingPoint_74174,GB_StationProcess_918,GB_SamplingFeature_918,O3,http://dd.eionet.europa.eu/vocabulary/aq/pollutant/7,hour,55.7798200000,µg/m3,2018-02-20 20:00:00 +01:00,2018-02-20 21:00:00 +01:00,1,1
GB,http://environment.data.gov.uk/air-quality/so,GB_Network_1,Station_GB1024A,,GB_SamplingPoint_74174,GB_StationProcess_918,GB_SamplingFeature_918,O3,http://dd.eionet.europa.eu/vocabulary/aq/pollutant/7,hour,32.7294800000,µg/m3,2018-02-20 22:00:00 +01:00,2018-02-20 23:00:00 +01:00,1,1
GB,http://environment.data.gov.uk/air-quality/so,GB_Network_1,Station_GB1024A,,GB_SamplingPoint_74174,GB_StationProcess_918,GB_SamplingFeature_918,O3,http://dd.eionet.europa.eu/vocabulary/aq/pollutant/7,hour,31.1828100000,µg/m3,2018-02-20 23:00:00 +01:00,2018-02-21 00:00:00 +01:00,1,1
GB,http://environment.data.gov.uk/air-quality/so,GB_Network_1,Station_GB1024A,,GB_SamplingPoint_74174,GB_StationProcess_918,GB_SamplingFeature_918,O3,http://dd.eionet.europa.eu/vocabulary/aq/pollutant/7,hour,41.8598100000,µg/m3,2018-02-21 00:00:00 +01:00,2018-02-21 01:00:00 +01:00,1,1
GB,http://environment.data.gov.uk/air-quality/so,GB_Network_1,Station_GB1024A,,GB_SamplingPoint_74174,GB_StationProcess_918,GB_SamplingFeature_918,O3,http://dd.eionet.europa.eu/vocabulary/aq/pollutant/7,hour,43.3066900000,µg/m3,2018-02-21 01:00:00 +01:00,2018-02-21 02:00:00 +01:00,1,1
GB,http://environment.data.gov.uk/air-quality/so,GB_Network_1,Station_GB1024A,,GB_SamplingPoint_74174,GB_StationProcess_918,GB_SamplingFeature_918,O3,http://dd.eionet.europa.eu/vocabulary/aq/pollutant/7,hour,37.2697000000,µg/m3,2018-02-21 05:00:00 +01:00,2018-02-21 06:00:00 +01:00,1,1
GB,http://environment.data.gov.uk/air-quality/so,GB_Network_1,Station_GB1024A,,GB_SamplingPoint_74174,GB_StationProcess_918,GB_SamplingFeature_918,O3,http://dd.eionet.europa.eu/vocabulary/aq/pollutant/7,hour,26.1436700000,µg/m3,2018-02-21 06:00:00 +01:00,2018-02-21 07:00:00 +01:00,1,1
GB,http://environment.data.gov.uk/air-quality/so,GB_Network_1,Station_GB1024A,,GB_SamplingPoint_74174,GB_StationProcess_918,GB_SamplingFeature_918,O3,http://dd.eionet.europa.eu/vocabulary/aq/pollutant/7,hour,9.0305400000,µg/m3,2018-02-21 07:00:00 +01:00,2018-02-21 08:00:00 +01:00,1,1
GB,http://environment.data.gov.uk/air-quality/so,GB_Network_1,Station_GB1024A,,GB_SamplingPoint_74174,GB_StationProcess_918,GB_SamplingFeature_918,O3,http://dd.eionet.europa.eu/vocabulary/aq/pollutant/7,hour,13.7204400000,µg/m3,2018-02-21 10:00:00 +01:00,2018-02-21 11:00:00 +01:00,1,1
GB,http://environment.data.gov.uk/air-quality/so,GB_Network_1,Station_GB1024A,,GB_SamplingPoint_74174,GB_StationProcess_918,GB_SamplingFeature_918,O3,http://dd.eionet.europa.eu/vocabulary/aq/pollutant/7,hour,20.6555000000,µg/m3,2018-02-21 11:00:00 +01:00,2018-02-21 12:00:00 +01:00,1,1
GB,http://environment.data.gov.uk/air-quality/so,GB_Network_1,Station_GB1024A,,GB_SamplingPoint_74174,GB_StationProcess_918,GB_SamplingFeature_918,O3,http://dd.eionet.europa.eu/vocabulary/aq/pollutant/7,hour,44.9032500000,µg/m3,2018-02-21 14:00:00 +01:00,2018-02-21 15:00:00 +01:00,1,1
GB,http://environment.data.gov.uk/air-quality/so,GB_Network_1,Station_GB1024A,,GB_SamplingPoint_74174,GB_StationProcess_918,GB_SamplingFeature_918,O3,http://dd.eionet.europa.eu/vocabulary/aq/pollutant/7,hour,41.9097000000,µg/m3,2018-02-21 17:00:00 +01:00,2018-02-21 18:00:00 +01:00,1,1
GB,http://environment.data.gov.uk/air-quality/so,GB_Network_1,Station_GB1024A,,GB_SamplingPoint_74174,GB_StationProcess_918,GB_SamplingFeature_918,O3,http://dd.eionet.europa.eu/vocabulary/aq/pollutant/7,hour,30.8335700000,µg/m3,2018-02-21 18:00:00 +01:00,2018-02-21 19:00:00 +01:00,1,1
GB,http://environment.data.gov.uk/air-quality/so,GB_Network_1,Station_GB1024A,,GB_SamplingPoint_74174,GB_StationProcess_918,GB_SamplingFeature_918,O3,http://dd.eionet.europa.eu/vocabulary/aq/pollutant/7,hour,24.7466800000,µg/m3,2018-02-21 19:00:00 +01:00,2018-02-21 20:00:00 +01:00,1,1
GB,http://environment.data.gov.uk/air-quality/so,GB_Network_1,Station_GB1024A,,GB_SamplingPoint_74174,GB_StationProcess_918,GB_SamplingFeature_918,O3,http://dd.eionet.europa.eu/vocabulary/aq/pollutant/7,hour,26.9918400000,µg/m3,2018-02-21 21:00:00 +01:00,2018-02-21 22:00:00 +01:00,1,1
GB,http://environment.data.gov.uk/air-quality/so,GB_Network_1,Station_GB1024A,,GB_SamplingPoint_74174,GB_StationProcess_918,GB_SamplingFeature_918,O3,http://dd.eionet.europa.eu/vocabulary/aq/pollutant/7,hour,37.8185200000,µg/m3,2018-02-21 23:00:00 +01:00,2018-02-22 00:00:00 +01:00,1,1
GB,http://environment.data.gov.uk/air-quality/so,GB_Network_1,Station_GB1024A,,GB_SamplingPoint_74174,GB_StationProcess_918,GB_SamplingFeature_918,O3,http://dd.eionet.europa.eu/vocabulary/aq/pollutant/7,hour,37.1865400000,µg/m3,2018-02-22 01:00:00 +01:00,2018-02-22 02:00:00 +01:00,1,1
GB,http://environment.data.gov.uk/air-quality/so,GB_Network_1,Station_GB1024A,,GB_SamplingPoint_74174,GB_StationProcess_918,GB_SamplingFeature_918,O3,http://dd.eionet.europa.eu/vocabulary/aq/pollutant/7,hour,51.7385200000,µg/m3,2018-02-22 04:00:00 +01:00,2018-02-22 05:00:00 +01:00,1,1
GB,http://environment.data.gov.uk/air-quality/so,GB_Network_1,Station_GB1024A,,GB_SamplingPoint_74174,GB_StationProcess_918,GB_SamplingFeature_918,O3,http://dd.eionet.europa.eu/vocabulary/aq/pollutant/7,hour,49.9423900000,µg/m3,2018-02-22 05:00:00 +01:00,2018-02-22 06:00:00 +01:00,1,1
GB,http://environment.data.gov.uk/air-quality/so,GB_Network_1,Station_GB1024A,,GB_SamplingPoint_74174,GB_StationProcess_918,GB_SamplingFeature_918,O3,http://dd.eionet.europa.eu/vocabulary/aq/pollutant/7,hour,39.9140000000,µg/m3,2018-02-22 06:00:00 +01:00,2018-02-22 07:00:00 +01:00,1,1
GB,http://environment.data.gov.uk/air-quality/so,GB_Network_1,Station_GB1024A,,GB_SamplingPoint_74174,GB_StationProcess_918,GB_SamplingFeature_918,O3,http://dd.eionet.europa.eu/vocabulary/aq/pollutant/7,hour,20.2064600000,µg/m3,2018-02-22 07:00:00 +01:00,2018-02-22 08:00:00 +01:00,1,1
GB,http://environment.data.gov.uk/air-quality/so,GB_Network_1,Station_GB1024A,,GB_SamplingPoint_74174,GB_StationProcess_918,GB_SamplingFeature_918,O3,http://dd.eionet.europa.eu/vocabulary/aq/pollutant/7,hour,27.3410900000,µg/m3,2018-02-22 09:00:00 +01:00,2018-02-22 10:00:00 +01:00,1,1
GB,http://environment.data.gov.uk/air-quality/so,GB_Network_1,Station_GB1024A,,GB_SamplingPoint_74174,GB_StationProcess_918,GB_SamplingFeature_918,O3,http://dd.eionet.europa.eu/vocabulary/aq/pollutant/7,hour,36.7208800000,µg/m3,2018-02-22 10:00:00 +01:00,2018-02-22 11:00:00 +01:00,1,1
GB,http://environment.data.gov.uk/air-quality/so,GB_Network_1,Station_GB1024A,,GB_SamplingPoint_74174,GB_StationProcess_918,GB_SamplingFeature_918,O3,http://dd.eionet.europa.eu/vocabulary/aq/pollutant/7,hour,47.7970200000,µg/m3,2018-02-22 11:00:00 +01:00,2018-02-22 12:00:00 +01:00,1,1
GB,http://environment.data.gov.uk/air-quality/so,GB_Network_1,Station_GB1024A,,GB_SamplingPoint_74174,GB_StationProcess_918,GB_SamplingFeature_918,O3,http://dd.eionet.europa.eu/vocabulary/aq/pollutant/7,hour,55.4804600000,µg/m3,2018-02-22 12:00:00 +01:00,2018-02-22 13:00:00 +01:00,1,1
GB,http://environment.data.gov.uk/air-quality/so,GB_Network_1,Station_GB1024A,,GB_SamplingPoint_74174,GB_StationProcess_918,GB_SamplingFeature_918,O3,http://dd.eionet.europa.eu/vocabulary/aq/pollutant/7,hour,57.4761600000,µg/m3,2018-02-22 13:00:00 +01:00,2018-02-22 14:00:00 +01:00,1,1
GB,http://environment.data.gov.uk/air-quality/so,GB_Network_1,Station_GB1024A,,GB_SamplingPoint_74174,GB_StationProcess_918,GB_SamplingFeature_918,O3,http://dd.eionet.europa.eu/vocabulary/aq/pollutant/7,hour,63.6129400000,µg/m3,2018-02-22 15:00:00 +01:00,2018-02-22 16:00:00 +01:00,1,1
GB,http://environment.data.gov.uk/air-quality/so,GB_Network_1,Station_GB1024A,,GB_SamplingPoint_74174,GB_StationProcess_918,GB_SamplingFeature_918,O3,http://dd.eionet.europa.eu/vocabulary/aq/pollutant/7,hour,63.3634800000,µg/m3,2018-02-22 16:00:00 +01:00,2018-02-22 17:00:00 +01:00,1,1
GB,http://environment.data.gov.uk/air-quality/so,GB_Network_1,Station_GB1024A,,GB_SamplingPoint_74174,GB_StationProcess_918,GB_SamplingFeature_918,O3,http://dd.eionet.europa.eu/vocabulary/aq/pollutant/7,hour,53.4847600000,µg/m3,2018-02-22 18:00:00 +01:00,2018-02-22 19:00:00 +01:00,1,1
GB,http://environment.data.gov.uk/air-quality/so,GB_Network_1,Station_GB1024A,,GB_SamplingPoint_74174,GB_StationProcess_918,GB_SamplingFeature_918,O3,http://dd.eionet.europa.eu/vocabulary/aq/pollutant/7,hour,28.8877600000,µg/m3,2018-02-22 19:00:00 +01:00,2018-02-22 20:00:00 +01:00,1,1
GB,http://environment.data.gov.uk/air-quality/so,GB_Network_1,Station_GB1024A,,GB_SamplingPoint_74174,GB_StationProcess_918,GB_SamplingFeature_918,O3,http://dd.eionet.europa.eu/vocabulary/aq/pollutant/7,hour,13.3711900000,µg/m3,2018-02-22 20:00:00 +01:00,2018-02-22 21:00:00 +01:00,1,1
GB,http://environment.data.gov.uk/air-quality/so,GB_Network_1,Station_GB1024A,,GB_SamplingPoint_74174,GB_StationProcess_918,GB_SamplingFeature_918,O3,http://dd.eionet.europa.eu/vocabulary/aq/pollutant/7,hour,25.2955000000,µg/m3,2018-02-22 22:00:00 +01:00,2018-02-22 23:00:00 +01:00,1,1
GB,http://environment.data.gov.uk/air-quality/so,GB_Network_1,Station_GB1024A,,GB_SamplingPoint_74174,GB_StationProcess_918,GB_SamplingFeature_918,O3,http://dd.eionet.europa.eu/vocabulary/aq/pollutant/7,hour,33.0787300000,µg/m3,2018-02-22 23:00:00 +01:00,2018-02-23 00:00:00 +01:00,1,1
GB,http://environment.data.gov.uk/air-quality/so,GB_Network_1,Station_GB1024A,,GB_SamplingPoint_74174,GB_StationProcess_918,GB_SamplingFeature_918,O3,http://dd.eionet.europa.eu/vocabulary/aq/pollutant/7,hour,30.2348600000,µg/m3,2018-02-23 00:00:00 +01:00,2018-02-23 01:00:00 +01:00,1,1
GB,http://environment.data.gov.uk/air-quality/so,GB_Network_1,Station_GB1024A,,GB_SamplingPoint_74174,GB_StationProcess_918,GB_SamplingFeature_918,O3,http://dd.eionet.europa.eu/vocabulary/aq/pollutant/7,hour,25.1458200000,µg/m3,2018-02-23 01:00:00 +01:00,2018-02-23 02:00:00 +01:00,1,1
GB,http://environment.data.gov.uk/air-quality/so,GB_Network_1,Station_GB1024A,,GB_SamplingPoint_74174,GB_StationProcess_918,GB_SamplingFeature_918,O3,http://dd.eionet.europa.eu/vocabulary/aq/pollutant/7,hour,26.6093300000,µg/m3,2018-02-23 02:00:00 +01:00,2018-02-23 03:00:00 +01:00,1,1
GB,http://environment.data.gov.uk/air-quality/so,GB_Network_1,Station_GB1024A,,GB_SamplingPoint_74174,GB_StationProcess_918,GB_SamplingFeature_918,O3,http://dd.eionet.europa.eu/vocabulary/aq/pollutant/7,hour,26.5927000000,µg/m3,2018-02-23 03:00:00 +01:00,2018-02-23 04:00:00 +01:00,1,1
GB,http://environment.data.gov.uk/air-quality/so,GB_Network_1,Station_GB1024A,,GB_SamplingPoint_74174,GB_StationProcess_918,GB_SamplingFeature_918,O3,http://dd.eionet.europa.eu/vocabulary/aq/pollutant/7,hour,29.0873300000,µg/m3,2018-02-23 04:00:00 +01:00,2018-02-23 05:00:00 +01:00,1,1
GB,http://environment.data.gov.uk/air-quality/so,GB_Network_1,Station_GB1024A,,GB_SamplingPoint_74174,GB_StationProcess_918,GB_SamplingFeature_918,O3,http://dd.eionet.europa.eu/vocabulary/aq/pollutant/7,hour,18.6598000000,µg/m3,2018-02-23 05:00:00 +01:00,2018-02-23 06:00:00 +01:00,1,1
GB,http://environment.data.gov.uk/air-quality/so,GB_Network_1,Station_GB1024A,,GB_SamplingPoint_74174,GB_StationProcess_918,GB_SamplingFeature_918,O3,http://dd.eionet.europa.eu/vocabulary/aq/pollutant/7,hour,19.6576500000,µg/m3,2018-02-23 06:00:00 +01:00,2018-02-23 07:00:00 +01:00,1,1
GB,http://environment.data.gov.uk/air-quality/so,GB_Network_1,Station_GB1024A,,GB_SamplingPoint_74174,GB_StationProcess_918,GB_SamplingFeature_918,O3,http://dd.eionet.europa.eu/vocabulary/aq/pollutant/7,hour,8.5316200000,µg/m3,2018-02-23 09:00:00 +01:00,2018-02-23 10:00:00 +01:00,1,1
GB,http://environment.data.gov.uk/air-quality/so,GB_Network_1,Station_GB1024A,,GB_SamplingPoint_74174,GB_StationProcess_918,GB_SamplingFeature_918,O3,http://dd.eionet.europa.eu/vocabulary/aq/pollutant/7,hour,34.4757200000,µg/m3,2018-02-23 10:00:00 +01:00,2018-02-23 11:00:00 +01:00,1,1
GB,http://environment.data.gov.uk/air-quality/so,GB_Network_1,Station_GB1024A,,GB_SamplingPoint_74174,GB_StationProcess_918,GB_SamplingFeature_918,O3,http://dd.eionet.europa.eu/vocabulary/aq/pollutant/7,hour,58.1247600000,µg/m3,2018-02-23 13:00:00 +01:00,2018-02-23 14:00:00 +01:00,1,1
GB,http://environment.data.gov.uk/air-quality/so,GB_Network_1,Station_GB1024A,,GB_SamplingPoint_74174,GB_StationProcess_918,GB_SamplingFeature_918,O3,http://dd.eionet.europa.eu/vocabulary/aq/pollutant/7,hour,56.9772400000,µg/m3,2018-02-23 14:00:00 +01:00,2018-02-23 15:00:00 +01:00,1,1
GB,http://environment.data.gov.uk/air-quality/so,GB_Network_1,Station_GB1024A,,GB_SamplingPoint_74174,GB_StationProcess_918,GB_SamplingFeature_918,O3,http://dd.eionet.europa.eu/vocabulary/aq/pollutant/7,hour,61.1183100000,µg/m3,2018-02-23 15:00:00 +01:00,2018-02-23 16:00:00 +01:00,1,1
GB,http://environment.data.gov.uk/air-quality/so,GB_Network_1,Station_GB1024A,,GB_SamplingPoint_74174,GB_StationProcess_918,GB_SamplingFeature_918,O3,http://dd.eionet.europa.eu/vocabulary/aq/pollutant/7,hour,55.9793900000,µg/m3,2018-02-23 16:00:00 +01:00,2018-02-23 17:00:00 +01:00,1,1
GB,http://environment.data.gov.uk/air-quality/so,GB_Network_1,Station_GB1024A,,GB_SamplingPoint_74174,GB_StationProcess_918,GB_SamplingFeature_918,O3,http://dd.eionet.europa.eu/vocabulary/aq/pollutant/7,hour,55.4305700000,µg/m3,2018-02-23 17:00:00 +01:00,2018-02-23 18:00:00 +01:00,1,1
GB,http://environment.data.gov.uk/air-quality/so,GB_Network_1,Station_GB1024A,,GB_SamplingPoint_74174,GB_StationProcess_918,GB_SamplingFeature_918,O3,http://dd.eionet.europa.eu/vocabulary/aq/pollutant/7,hour,38.0180900000,µg/m3,2018-02-23 20:00:00 +01:00,2018-02-23 21:00:00 +01:00,1,1
GB,http://environment.data.gov.uk/air-quality/so,GB_Network_1,Station_GB1024A,,GB_SamplingPoint_74174,GB_StationProcess_918,GB_SamplingFeature_918,O3,http://dd.eionet.europa.eu/vocabulary/aq/pollutant/7,hour,29.7359300000,µg/m3,2018-02-23 22:00:00 +01:00,2018-02-23 23:00:00 +01:00,1,1
GB,http://environment.data.gov.uk/air-quality/so,GB_Network_1,Station_GB1024A,,GB_SamplingPoint_74174,GB_StationProcess_918,GB_SamplingFeature_918,O3,http://dd.eionet.europa.eu/vocabulary/aq/pollutant/7,hour,31.0830300000,µg/m3,2018-02-24 00:00:00 +01:00,2018-02-24 01:00:00 +01:00,1,1
GB,http://environment.data.gov.uk/air-quality/so,GB_Network_1,Station_GB1024A,,GB_SamplingPoint_74174,GB_StationProcess_918,GB_SamplingFeature_918,O3,http://dd.eionet.europa.eu/vocabulary/aq/pollutant/7,hour,31.6817400000,µg/m3,2018-02-24 04:00:00 +01:00,2018-02-24 05:00:00 +01:00,1,1
GB,http://environment.data.gov.uk/air-quality/so,GB_Network_1,Station_GB1024A,,GB_SamplingPoint_74174,GB_StationProcess_918,GB_SamplingFeature_918,O3,http://dd.eionet.europa.eu/vocabulary/aq/pollutant/7,hour,11.7247400000,µg/m3,2018-02-24 07:00:00 +01:00,2018-02-24 08:00:00 +01:00,1,1
GB,http://environment.data.gov.uk/air-quality/so,GB_Network_1,Station_GB1024A,,GB_SamplingPoint_74174,GB_StationProcess_918,GB_SamplingFeature_918,O3,http://dd.eionet.europa.eu/vocabulary/aq/pollutant/7,hour,18.7595800000,µg/m3,2018-02-24 09:00:00 +01:00,2018-02-24 10:00:00 +01:00,1,1
GB,http://environment.data.gov.uk/air-quality/so,GB_Network_1,Station_GB1024A,,GB_SamplingPoint_74174,GB_StationProcess_918,GB_SamplingFeature_918,O3,http://dd.eionet.europa.eu/vocabulary/aq/pollutant/7,hour,35.8228200000,µg/m3,2018-02-24 10:00:00 +01:00,2018-02-24 11:00:00 +01:00,1,1
GB,http://environment.data.gov.uk/air-quality/so,GB_Network_1,Station_GB1024A,,GB_SamplingPoint_74174,GB_StationProcess_918,GB_SamplingFeature_918,O3,http://dd.eionet.europa.eu/vocabulary/aq/pollutant/7,hour,48.7449700000,µg/m3,2018-02-24 11:00:00 +01:00,2018-02-24 12:00:00 +01:00,1,1
GB,http://environment.data.gov.uk/air-quality/so,GB_Network_1,Station_GB1024A,,GB_SamplingPoint_74174,GB_StationProcess_918,GB_SamplingFeature_918,O3,http://dd.eionet.europa.eu/vocabulary/aq/pollutant/7,hour,53.7342200000,µg/m3,2018-02-24 12:00:00 +01:00,2018-02-24 13:00:00 +01:00,1,1
GB,http://environment.data.gov.uk/air-quality/so,GB_Network_1,Station_GB1024A,,GB_SamplingPoint_74174,GB_StationProcess_918,GB_SamplingFeature_918,O3,http://dd.eionet.europa.eu/vocabulary/aq/pollutant/7,hour,65.5587500000,µg/m3,2018-02-24 15:00:00 +01:00,2018-02-24 16:00:00 +01:00,1,1
GB,http://environment.data.gov.uk/air-quality/so,GB_Network_1,Station_GB1024A,,GB_SamplingPoint_74174,GB_StationProcess_918,GB_SamplingFeature_918,O3,http://dd.eionet.europa.eu/vocabulary/aq/pollutant/7,hour,63.3135800000,µg/m3,2018-02-24 16:00:00 +01:00,2018-02-24 17:00:00 +01:00,1,1
GB,http://environment.data.gov.uk/air-quality/so,GB_Network_1,Station_GB1024A,,GB_SamplingPoint_74174,GB_StationProcess_918,GB_SamplingFeature_918,O3,http://dd.eionet.europa.eu/vocabulary/aq/pollutant/7,hour,59.4219700000,µg/m3,2018-02-24 17:00:00 +01:00,2018-02-24 18:00:00 +01:00,1,1
GB,http://environment.data.gov.uk/air-quality/so,GB_Network_1,Station_GB1024A,,GB_SamplingPoint_74174,GB_StationProcess_918,GB_SamplingFeature_918,O3,http://dd.eionet.europa.eu/vocabulary/aq/pollutant/7,hour,39.2155100000,µg/m3,2018-02-24 20:00:00 +01:00,2018-02-24 21:00:00 +01:00,1,1
GB,http://environment.data.gov.uk/air-quality/so,GB_Network_1,Station_GB1024A,,GB_SamplingPoint_74174,GB_StationProcess_918,GB_SamplingFeature_918,O3,http://dd.eionet.europa.eu/vocabulary/aq/pollutant/7,hour,45.2026100000,µg/m3,2018-02-24 23:00:00 +01:00,2018-02-25 00:00:00 +01:00,1,1
GB,http://environment.data.gov.uk/air-quality/so,GB_Network_1,Station_GB1024A,,GB_SamplingPoint_74174,GB_StationProcess_918,GB_SamplingFeature_918,O3,http://dd.eionet.europa.eu/vocabulary/aq/pollutant/7,hour,53.6843300000,µg/m3,2018-02-25 00:00:00 +01:00,2018-02-25 01:00:00 +01:00,1,1
GB,http://environment.data.gov.uk/air-quality/so,GB_Network_1,Station_GB1024A,,GB_SamplingPoint_74174,GB_StationProcess_918,GB_SamplingFeature_918,O3,http://dd.eionet.europa.eu/vocabulary/aq/pollutant/7,hour,45.3023900000,µg/m3,2018-02-25 04:00:00 +01:00,2018-02-25 05:00:00 +01:00,1,1
GB,http://environment.data.gov.uk/air-quality/so,GB_Network_1,Station_GB1024A,,GB_SamplingPoint_74174,GB_StationProcess_918,GB_SamplingFeature_918,O3,http://dd.eionet.europa.eu/vocabulary/aq/pollutant/7,hour,38.2176600000,µg/m3,2018-02-25 06:00:00 +01:00,2018-02-25 07:00:00 +01:00,1,1
GB,http://environment.data.gov.uk/air-quality/so,GB_Network_1,Station_GB1024A,,GB_SamplingPoint_74174,GB_StationProcess_918,GB_SamplingFeature_918,O3,http://dd.eionet.europa.eu/vocabulary/aq/pollutant/7,hour,36.9703400000,µg/m3,2018-02-25 07:00:00 +01:00,2018-02-25 08:00:00 +01:00,1,1
GB,http://environment.data.gov.uk/air-quality/so,GB_Network_1,Station_GB1024A,,GB_SamplingPoint_74174,GB_StationProcess_918,GB_SamplingFeature_918,O3,http://dd.eionet.europa.eu/vocabulary/aq/pollutant/7,hour,37.2198100000,µg/m3,2018-02-25 08:00:00 +01:00,2018-02-25 09:00:00 +01:00,1,1
GB,http://environment.data.gov.uk/air-quality/so,GB_Network_1,Station_GB1024A,,GB_SamplingPoint_74174,GB_StationProcess_918,GB_SamplingFeature_918,O3,http://dd.eionet.europa.eu/vocabulary/aq/pollutant/7,hour,63.3135800000,µg/m3,2018-02-25 11:00:00 +01:00,2018-02-25 12:00:00 +01:00,1,1
GB,http://environment.data.gov.uk/air-quality/so,GB_Network_1,Station_GB1024A,,GB_SamplingPoint_74174,GB_StationProcess_918,GB_SamplingFeature_918,O3,http://dd.eionet.europa.eu/vocabulary/aq/pollutant/7,hour,62.8645500000,µg/m3,2018-02-25 12:00:00 +01:00,2018-02-25 13:00:00 +01:00,1,1
GB,http://environment.data.gov.uk/air-quality/so,GB_Network_1,Station_GB1024A,,GB_SamplingPoint_74174,GB_StationProcess_918,GB_SamplingFeature_918,O3,http://dd.eionet.europa.eu/vocabulary/aq/pollutant/7,hour,65.7084200000,µg/m3,2018-02-25 13:00:00 +01:00,2018-02-25 14:00:00 +01:00,1,1
GB,http://environment.data.gov.uk/air-quality/so,GB_Network_1,Station_GB1024A,,GB_SamplingPoint_74174,GB_StationProcess_918,GB_SamplingFeature_918,O3,http://dd.eionet.europa.eu/vocabulary/aq/pollutant/7,hour,67.1054100000,µg/m3,2018-02-25 14:00:00 +01:00,2018-02-25 15:00:00 +01:00,1,1
GB,http://environment.data.gov.uk/air-quality/so,GB_Network_1,Station_GB1024A,,GB_SamplingPoint_74174,GB_StationProcess_918,GB_SamplingFeature_918,O3,http://dd.eionet.europa.eu/vocabulary/aq/pollutant/7,hour,48.6451900000,µg/m3,2018-02-25 19:00:00 +01:00,2018-02-25 20:00:00 +01:00,1,1
GB,http://environment.data.gov.uk/air-quality/so,GB_Network_1,Station_GB1024A,,GB_SamplingPoint_74174,GB_StationProcess_918,GB_SamplingFeature_918,O3,http://dd.eionet.europa.eu/vocabulary/aq/pollutant/7,hour,45.9011000000,µg/m3,2018-02-25 20:00:00 +01:00,2018-02-25 21:00:00 +01:00,1,1
GB,http://environment.data.gov.uk/air-quality/so,GB_Network_1,Station_GB1024A,,GB_SamplingPoint_74174,GB_StationProcess_918,GB_SamplingFeature_918,O3,http://dd.eionet.europa.eu/vocabulary/aq/pollutant/7,hour,54.0335800000,µg/m3,2018-02-25 21:00:00 +01:00,2018-02-25 22:00:00 +01:00,1,1
GB,http://environment.data.gov.uk/air-quality/so,GB_Network_1,Station_GB1024A,,GB_SamplingPoint_74174,GB_StationProcess_918,GB_SamplingFeature_918,O3,http://dd.eionet.europa.eu/vocabulary/aq/pollutant/7,hour,55.9793900000,µg/m3,2018-02-25 23:00:00 +01:00,2018-02-26 00:00:00 +01:00,1,1
GB,http://environment.data.gov.uk/air-quality/so,GB_Network_1,Station_GB1024A,,GB_SamplingPoint_74174,GB_StationProcess_918,GB_SamplingFeature_918,O3,http://dd.eionet.europa.eu/vocabulary/aq/pollutant/7,hour,69.3173100000,µg/m3,2018-02-26 02:00:00 +01:00,2018-02-26 03:00:00 +01:00,1,1
GB,http://environment.data.gov.uk/air-quality/so,GB_Network_1,Station_GB1024A,,GB_SamplingPoint_74174,GB_StationProcess_918,GB_SamplingFeature_918,O3,http://dd.eionet.europa.eu/vocabulary/aq/pollutant/7,hour,71.8452000000,µg/m3,2018-02-26 04:00:00 +01:00,2018-02-26 05:00:00 +01:00,1,1
GB,http://environment.data.gov.uk/air-quality/so,GB_Network_1,Station_GB1024A,,GB_SamplingPoint_74174,GB_StationProcess_918,GB_SamplingFeature_918,O3,http://dd.eionet.europa.eu/vocabulary/aq/pollutant/7,hour,68.4525100000,µg/m3,2018-02-26 06:00:00 +01:00,2018-02-26 07:00:00 +01:00,1,1
GB,http://environment.data.gov.uk/air-quality/so,GB_Network_1,Station_GB1024A,,GB_SamplingPoint_74174,GB_StationProcess_918,GB_SamplingFeature_918,O3,http://dd.eionet.europa.eu/vocabulary/aq/pollutant/7,hour,60.6692800000,µg/m3,2018-02-26 07:00:00 +01:00,2018-02-26 08:00:00 +01:00,1,1
GB,http://environment.data.gov.uk/air-quality/so,GB_Network_1,Station_GB1024A,,GB_SamplingPoint_74174,GB_StationProcess_918,GB_SamplingFeature_918,O3,http://dd.eionet.europa.eu/vocabulary/aq/pollutant/7,hour,51.4890600000,µg/m3,2018-02-26 08:00:00 +01:00,2018-02-26 09:00:00 +01:00,1,1
GB,http://environment.data.gov.uk/air-quality/so,GB_Network_1,Station_GB1024A,,GB_SamplingPoint_74174,GB_StationProcess_918,GB_SamplingFeature_918,O3,http://dd.eionet.europa.eu/vocabulary/aq/pollutant/7,hour,50.5411000000,µg/m3,2018-02-26 10:00:00 +01:00,2018-02-26 11:00:00 +01:00,1,1
GB,http://environment.data.gov.uk/air-quality/so,GB_Network_1,Station_GB1024A,,GB_SamplingPoint_74174,GB_StationProcess_918,GB_SamplingFeature_918,O3,http://dd.eionet.europa.eu/vocabulary/aq/pollutant/7,hour,67.9535900000,µg/m3,2018-02-26 13:00:00 +01:00,2018-02-26 14:00:00 +01:00,1,1
GB,http://environment.data.gov.uk/air-quality/so,GB_Network_1,Station_GB1024A,,GB_SamplingPoint_74174,GB_StationProcess_918,GB_SamplingFeature_918,O3,http://dd.eionet.europa.eu/vocabulary/aq/pollutant/7,hour,68.4525100000,µg/m3,2018-02-26 15:00:00 +01:00,2018-02-26 16:00:00 +01:00,1,1
GB,http://environment.data.gov.uk/air-quality/so,GB_Network_1,Station_GB1024A,,GB_SamplingPoint_74174,GB_StationProcess_918,GB_SamplingFeature_918,O3,http://dd.eionet.europa.eu/vocabulary/aq/pollutant/7,hour,58.6735800000,µg/m3,2018-02-26 16:00:00 +01:00,2018-02-26 17:00:00 +01:00,1,1
GB,http://environment.data.gov.uk/air-quality/so,GB_Network_1,Station_GB1024A,,GB_SamplingPoint_74174,GB_StationProcess_918,GB_SamplingFeature_918,O3,http://dd.eionet.europa.eu/vocabulary/aq/pollutant/7,hour,56.9273400000,µg/m3,2018-02-26 17:00:00 +01:00,2018-02-26 18:00:00 +01:00,1,1
GB,http://environment.data.gov.uk/air-quality/so,GB_Network_1,Station_GB1024A,,GB_SamplingPoint_74174,GB_StationProcess_918,GB_SamplingFeature_918,O3,http://dd.eionet.europa.eu/vocabulary/aq/pollutant/7,hour,43.6060500000,µg/m3,2018-02-26 19:00:00 +01:00,2018-02-26 20:00:00 +01:00,1,1
GB,http://environment.data.gov.uk/air-quality/so,GB_Network_1,Station_GB1024A,,GB_SamplingPoint_74174,GB_StationProcess_918,GB_SamplingFeature_918,O3,http://dd.eionet.europa.eu/vocabulary/aq/pollutant/7,hour,48.5454000000,µg/m3,2018-02-26 20:00:00 +01:00,2018-02-26 21:00:00 +01:00,1,1
GB,http://environment.data.gov.uk/air-quality/so,GB_Network_1,Station_GB1024A,,GB_SamplingPoint_74174,GB_StationProcess_918,GB_SamplingFeature_918,O3,http://dd.eionet.europa.eu/vocabulary/aq/pollutant/7,hour,53.5845500000,µg/m3,2018-02-26 21:00:00 +01:00,2018-02-26 22:00:00 +01:00,1,1
GB,http://environment.data.gov.uk/air-quality/so,GB_Network_1,Station_GB1024A,,GB_SamplingPoint_74174,GB_StationProcess_918,GB_SamplingFeature_918,O3,http://dd.eionet.europa.eu/vocabulary/aq/pollutant/7,hour,53.0357300000,µg/m3,2018-02-26 22:00:00 +01:00,2018-02-26 23:00:00 +01:00,1,1
GB,http://environment.data.gov.uk/air-quality/so,GB_Network_1,Station_GB1024A,,GB_SamplingPoint_74174,GB_StationProcess_918,GB_SamplingFeature_918,O3,http://dd.eionet.europa.eu/vocabulary/aq/pollutant/7,hour,56.8774500000,µg/m3,2018-02-26 23:00:00 +01:00,2018-02-27 00:00:00 +01:00,1,1
GB,http://environment.data.gov.uk/air-quality/so,GB_Network_1,Station_GB1024A,,GB_SamplingPoint_74174,GB_StationProcess_918,GB_SamplingFeature_918,O3,http://dd.eionet.europa.eu/vocabulary/aq/pollutant/7,hour,58.2245500000,µg/m3,2018-02-27 00:00:00 +01:00,2018-02-27 01:00:00 +01:00,1,1
GB,http://environment.data.gov.uk/air-quality/so,GB_Network_1,Station_GB1024A,,GB_SamplingPoint_74174,GB_StationProcess_918,GB_SamplingFeature_918,O3,http://dd.eionet.europa.eu/vocabulary/aq/pollutant/7,hour,60.3200300000,µg/m3,2018-02-27 05:00:00 +01:00,2018-02-27 06:00:00 +01:00,1,1
GB,http://environment.data.gov.uk/air-quality/so,GB_Network_1,Station_GB1024A,,GB_SamplingPoint_74174,GB_StationProcess_918,GB_SamplingFeature_918,O3,http://dd.eionet.europa.eu/vocabulary/aq/pollutant/7,hour,41.4606700000,µg/m3,2018-02-27 09:00:00 +01:00,2018-02-27 10:00:00 +01:00,1,1
GB,http://environment.data.gov.uk/air-quality/so,GB_Network_1,Station_GB1024A,,GB_SamplingPoint_74174,GB_StationProcess_918,GB_SamplingFeature_918,O3,http://dd.eionet.europa.eu/vocabulary/aq/pollutant/7,hour,65.3092800000,µg/m3,2018-02-27 11:00:00 +01:00,2018-02-27 12:00:00 +01:00,1,1
GB,http://environment.data.gov.uk/air-quality/so,GB_Network_1,Station_GB1024A,,GB_SamplingPoint_74174,GB_StationProcess_918,GB_SamplingFeature_918,O3,http://dd.eionet.europa.eu/vocabulary/aq/pollutant/7,hour,65.1596100000,µg/m3,2018-02-27 13:00:00 +01:00,2018-02-27 14:00:00 +01:00,1,1
GB,http://environment.data.gov.uk/air-quality/so,GB_Network_1,Station_GB1024A,,GB_SamplingPoint_74174,GB_StationProcess_918,GB_SamplingFeature_918,O3,http://dd.eionet.europa.eu/vocabulary/aq/pollutant/7,hour,61.3677800000,µg/m3,2018-02-27 16:00:00 +01:00,2018-02-27 17:00:00 +01:00,1,1
GB,http://environment.data.gov.uk/air-quality/so,GB_Network_1,Station_GB1024A,,GB_SamplingPoint_74174,GB_StationProcess_918,GB_SamplingFeature_918,O3,http://dd.eionet.europa.eu/vocabulary/aq/pollutant/7,hour,55.1312100000,µg/m3,2018-02-27 17:00:00 +01:00,2018-02-27 18:00:00 +01:00,1,1
GB,http://environment.data.gov.uk/air-quality/so,GB_Network_1,Station_GB1024A,,GB_SamplingPoint_74174,GB_StationProcess_918,GB_SamplingFeature_918,O3,http://dd.eionet.europa.eu/vocabulary/aq/pollutant/7,hour,25.5948500000,µg/m3,2018-02-27 19:00:00 +01:00,2018-02-27 20:00:00 +01:00,1,1
GB,http://environment.data.gov.uk/air-quality/so,GB_Network_1,Station_GB1024A,,GB_SamplingPoint_74174,GB_StationProcess_918,GB_SamplingFeature_918,O3,http://dd.eionet.europa.eu/vocabulary/aq/pollutant/7,hour,3.3428000000,µg/m3,2018-02-27 21:00:00 +01:00,2018-02-27 22:00:00 +01:00,2,1
GB,http://environment.data.gov.uk/air-quality/so,GB_Network_1,Station_GB1024A,,GB_SamplingPoint_74174,GB_StationProcess_918,GB_SamplingFeature_918,O3,http://dd.eionet.europa.eu/vocabulary/aq/pollutant/7,hour,15.6163500000,µg/m3,2018-02-28 00:00:00 +01:00,2018-02-28 01:00:00 +01:00,1,1
GB,http://environment.data.gov.uk/air-quality/so,GB_Network_1,Station_GB1024A,,GB_SamplingPoint_74174,GB_StationProcess_918,GB_SamplingFeature_918,O3,http://dd.eionet.europa.eu/vocabulary/aq/pollutant/7,hour,32.3303400000,µg/m3,2018-02-28 01:00:00 +01:00,2018-02-28 02:00:00 +01:00,1,1
GB,http://environment.data.gov.uk/air-quality/so,GB_Network_1,Station_GB1024A,,GB_SamplingPoint_74174,GB_StationProcess_918,GB_SamplingFeature_918,O3,http://dd.eionet.europa.eu/vocabulary/aq/pollutant/7,hour,44.6039000000,µg/m3,2018-02-28 05:00:00 +01:00,2018-02-28 06:00:00 +01:00,1,1
GB,http://environment.data.gov.uk/air-quality/so,GB_Network_1,Station_GB1024A,,GB_SamplingPoint_74174,GB_StationProcess_918,GB_SamplingFeature_918,O3,http://dd.eionet.europa.eu/vocabulary/aq/pollutant/7,hour,36.9703400000,µg/m3,2018-02-28 06:00:00 +01:00,2018-02-28 07:00:00 +01:00,1,1
GB,http://environment.data.gov.uk/air-quality/so,GB_Network_1,Station_GB1024A,,GB_SamplingPoint_74174,GB_StationProcess_918,GB_SamplingFeature_918,O3,http://dd.eionet.europa.eu/vocabulary/aq/pollutant/7,hour,21.9527000000,µg/m3,2018-02-28 07:00:00 +01:00,2018-02-28 08:00:00 +01:00,1,1
GB,http://environment.data.gov.uk/air-quality/so,GB_Network_1,Station_GB1024A,,GB_SamplingPoint_74174,GB_StationProcess_918,GB_SamplingFeature_918,O3,http://dd.eionet.europa.eu/vocabulary/aq/pollutant/7,hour,7.4339800000,µg/m3,2018-02-28 08:00:00 +01:00,2018-02-28 09:00:00 +01:00,1,1
GB,http://environment.data.gov.uk/air-quality/so,GB_Network_1,Station_GB1024A,,GB_SamplingPoint_74174,GB_StationProcess_918,GB_SamplingFeature_918,O3,http://dd.eionet.europa.eu/vocabulary/aq/pollutant/7,hour,33.4778700000,µg/m3,2018-02-28 10:00:00 +01:00,2018-02-28 11:00:00 +01:00,1,1
GB,http://environment.data.gov.uk/air-quality/so,GB_Network_1,Station_GB1024A,,GB_SamplingPoint_74174,GB_StationProcess_918,GB_SamplingFeature_918,O3,http://dd.eionet.europa.eu/vocabulary/aq/pollutant/7,hour,45.7514200000,µg/m3,2018-02-28 11:00:00 +01:00,2018-02-28 12:00:00 +01:00,1,1
GB,http://environment.data.gov.uk/air-quality/so,GB_Network_1,Station_GB1024A,,GB_SamplingPoint_74174,GB_StationProcess_918,GB_SamplingFeature_918,O3,http://dd.eionet.europa.eu/vocabulary/aq/pollutant/7,hour,70.2985300000,µg/m3,2018-02-28 15:00:00 +01:00,2018-02-28 16:00:00 +01:00,1,1
GB,http://environment.data.gov.uk/air-quality/so,GB_Network_1,Station_GB1024A,,GB_SamplingPoint_74174,GB_StationProcess_918,GB_SamplingFeature_918,O3,http://dd.eionet.europa.eu/vocabulary/aq/pollutant/7,hour,55.2310000000,µg/m3,2018-02-28 19:00:00 +01:00,2018-02-28 20:00:00 +01:00,1,1
GB,http://environment.data.gov.uk/air-quality/so,GB_Network_1,Station_GB1024A,,GB_SamplingPoint_74174,GB_StationProcess_918,GB_SamplingFeature_918,O3,http://dd.eionet.europa.eu/vocabulary/aq/pollutant/7,hour,53.9337900000,µg/m3,2018-02-28 20:00:00 +01:00,2018-02-28 21:00:00 +01:00,1,1
GB,http://environment.data.gov.uk/air-quality/so,GB_Network_1,Station_GB1024A,,GB_SamplingPoint_74174,GB_StationProcess_918,GB_SamplingFeature_918,O3,http://dd.eionet.europa.eu/vocabulary/aq/pollutant/7,hour,56.0292800000,µg/m3,2018-03-01 00:00:00 +01:00,2018-03-01 01:00:00 +01:00,1,1
GB,http://environment.data.gov.uk/air-quality/so,GB_Network_1,Station_GB1024A,,GB_SamplingPoint_74174,GB_StationProcess_918,GB_SamplingFeature_918,O3,http://dd.eionet.europa.eu/vocabulary/aq/pollutant/7,hour,53.6843300000,µg/m3,2018-03-01 02:00:00 +01:00,2018-03-01 03:00:00 +01:00,1,1
GB,http://environment.data.gov.uk/air-quality/so,GB_Network_1,Station_GB1024A,,GB_SamplingPoint_74174,GB_StationProcess_918,GB_SamplingFeature_918,O3,http://dd.eionet.europa.eu/vocabulary/aq/pollutant/7,hour,52.6864800000,µg/m3,2018-03-01 03:00:00 +01:00,2018-03-01 04:00:00 +01:00,1,1
GB,http://environment.data.gov.uk/air-quality/so,GB_Network_1,Station_GB1024A,,GB_SamplingPoint_74174,GB_StationProcess_918,GB_SamplingFeature_918,O3,http://dd.eionet.europa.eu/vocabulary/aq/pollutant/7,hour,55.9294900000,µg/m3,2018-03-01 05:00:00 +01:00,2018-03-01 06:00:00 +01:00,1,1
GB,http://environment.data.gov.uk/air-quality/so,GB_Network_1,Station_GB1024A,,GB_SamplingPoint_74174,GB_StationProcess_918,GB_SamplingFeature_918,O3,http://dd.eionet.europa.eu/vocabulary/aq/pollutant/7,hour,54.0335800000,µg/m3,2018-03-01 06:00:00 +01:00,2018-03-01 07:00:00 +01:00,1,1
GB,http://environment.data.gov.uk/air-quality/so,GB_Network_1,Station_GB1024A,,GB_SamplingPoint_74174,GB_StationProcess_918,GB_SamplingFeature_918,O3,http://dd.eionet.europa.eu/vocabulary/aq/pollutant/7,hour,43.6559400000,µg/m3,2018-03-01 07:00:00 +01:00,2018-03-01 08:00:00 +01:00,1,1
GB,http://environment.data.gov.uk/air-quality/so,GB_Network_1,Station_GB1024A,,GB_SamplingPoint_74174,GB_StationProcess_918,GB_SamplingFeature_918,O3,http://dd.eionet.europa.eu/vocabulary/aq/pollutant/7,hour,34.7750700000,µg/m3,2018-03-01 09:00:00 +01:00,2018-03-01 10:00:00 +01:00,1,1
GB,http://environment.data.gov.uk/air-quality/so,GB_Network_1,Station_GB1024A,,GB_SamplingPoint_74174,GB_StationProcess_918,GB_SamplingFeature_918,O3,http://dd.eionet.europa.eu/vocabulary/aq/pollutant/7,hour,40.5626000000,µg/m3,2018-03-01 11:00:00 +01:00,2018-03-01 12:00:00 +01:00,1,1
GB,http://environment.data.gov.uk/air-quality/so,GB_Network_1,Station_GB1024A,,GB_SamplingPoint_74174,GB_StationProcess_918,GB_SamplingFeature_918,O3,http://dd.eionet.europa.eu/vocabulary/aq/pollutant/7,hour,46.2004600000,µg/m3,2018-03-01 15:00:00 +01:00,2018-03-01 16:00:00 +01:00,1,1
GB,http://environment.data.gov.uk/air-quality/so,GB_Network_1,Station_GB1024A,,GB_SamplingPoint_74174,GB_StationProcess_918,GB_SamplingFeature_918,O3,http://dd.eionet.europa.eu/vocabulary/aq/pollutant/7,hour,47.0486300000,µg/m3,2018-03-01 16:00:00 +01:00,2018-03-01 17:00:00 +01:00,1,1
GB,http://environment.data.gov.uk/air-quality/so,GB_Network_1,Station_GB1024A,,GB_SamplingPoint_74174,GB_StationProcess_918,GB_SamplingFeature_918,O3,http://dd.eionet.europa.eu/vocabulary/aq/pollutant/7,hour,48.5454000000,µg/m3,2018-03-01 18:00:00 +01:00,2018-03-01 19:00:00 +01:00,1,1
GB,http://environment.data.gov.uk/air-quality/so,GB_Network_1,Station_GB1024A,,GB_SamplingPoint_74174,GB_StationProcess_918,GB_SamplingFeature_918,O3,http://dd.eionet.europa.eu/vocabulary/aq/pollutant/7,hour,51.4890600000,µg/m3,2018-03-01 19:00:00 +01:00,2018-03-01 20:00:00 +01:00,1,1
GB,http://environment.data.gov.uk/air-quality/so,GB_Network_1,Station_GB1024A,,GB_SamplingPoint_74174,GB_StationProcess_918,GB_SamplingFeature_918,O3,http://dd.eionet.europa.eu/vocabulary/aq/pollutant/7,hour,55.4305700000,µg/m3,2018-03-01 20:00:00 +01:00,2018-03-01 21:00:00 +01:00,1,1
GB,http://environment.data.gov.uk/air-quality/so,GB_Network_1,Station_GB1024A,,GB_SamplingPoint_74174,GB_StationProcess_918,GB_SamplingFeature_918,O3,http://dd.eionet.europa.eu/vocabulary/aq/pollutant/7,hour,55.0314300000,µg/m3,2018-03-01 23:00:00 +01:00,2018-03-02 00:00:00 +01:00,1,1
GB,http://environment.data.gov.uk/air-quality/so,GB_Network_1,Station_GB1024A,,GB_SamplingPoint_74174,GB_StationProcess_918,GB_SamplingFeature_918,O3,http://dd.eionet.europa.eu/vocabulary/aq/pollutant/7,hour,56.1290600000,µg/m3,2018-03-02 00:00:00 +01:00,2018-03-02 01:00:00 +01:00,1,1
GB,http://environment.data.gov.uk/air-quality/so,GB_Network_1,Station_GB1024A,,GB_SamplingPoint_74174,GB_StationProcess_918,GB_SamplingFeature_918,O3,http://dd.eionet.europa.eu/vocabulary/aq/pollutant/7,hour,56.4783100000,µg/m3,2018-03-02 01:00:00 +01:00,2018-03-02 02:00:00 +01:00,1,1
GB,http://environment.data.gov.uk/air-quality/so,GB_Network_1,Station_GB1024A,,GB_SamplingPoint_74174,GB_StationProcess_918,GB_SamplingFeature_918,O3,http://dd.eionet.europa.eu/vocabulary/aq/pollutant/7,hour,57.4761600000,µg/m3,2018-03-02 02:00:00 +01:00,2018-03-02 03:00:00 +01:00,1,1
GB,http://environment.data.gov.uk/air-quality/so,GB_Network_1,Station_GB1024A,,GB_SamplingPoint_74174,GB_StationProcess_918,GB_SamplingFeature_918,O3,http://dd.eionet.europa.eu/vocabulary/aq/pollutant/7,hour,55.2310000000,µg/m3,2018-03-02 04:00:00 +01:00,2018-03-02 05:00:00 +01:00,1,1
GB,http://environment.data.gov.uk/air-quality/so,GB_Network_1,Station_GB1024A,,GB_SamplingPoint_74174,GB_StationProcess_918,GB_SamplingFeature_918,O3,http://dd.eionet.europa.eu/vocabulary/aq/pollutant/7,hour,49.8426100000,µg/m3,2018-03-02 05:00:00 +01:00,2018-03-02 06:00:00 +01:00,1,1
GB,http://environment.data.gov.uk/air-quality/so,GB_Network_1,Station_GB1024A,,GB_SamplingPoint_74174,GB_StationProcess_918,GB_SamplingFeature_918,O3,http://dd.eionet.europa.eu/vocabulary/aq/pollutant/7,hour,48.6451900000,µg/m3,2018-03-02 06:00:00 +01:00,2018-03-02 07:00:00 +01:00,1,1
GB,http://environment.data.gov.uk/air-quality/so,GB_Network_1,Station_GB1024A,,GB_SamplingPoint_74174,GB_StationProcess_918,GB_SamplingFeature_918,O3,http://dd.eionet.europa.eu/vocabulary/aq/pollutant/7,hour,46.5497000000,µg/m3,2018-03-02 08:00:00 +01:00,2018-03-02 09:00:00 +01:00,1,1
GB,http://environment.data.gov.uk/air-quality/so,GB_Network_1,Station_GB1024A,,GB_SamplingPoint_74174,GB_StationProcess_918,GB_SamplingFeature_918,O3,http://dd.eionet.europa.eu/vocabulary/aq/pollutant/7,hour,45.6516400000,µg/m3,2018-03-02 11:00:00 +01:00,2018-03-02 12:00:00 +01:00,1,1
GB,http://environment.data.gov.uk/air-quality/so,GB_Network_1,Station_GB1024A,,GB_SamplingPoint_74174,GB_StationProcess_918,GB_SamplingFeature_918,O3,http://dd.eionet.europa.eu/vocabulary/aq/pollutant/7,hour,43.1570100000,µg/m3,2018-03-02 14:00:00 +01:00,2018-03-02 15:00:00 +01:00,1,1
GB,http://environment.data.gov.uk/air-quality/so,GB_Network_1,Station_GB1024A,,GB_SamplingPoint_74174,GB_StationProcess_918,GB_SamplingFeature_918,O3,http://dd.eionet.europa.eu/vocabulary/aq/pollutant/7,hour,37.8185200000,µg/m3,2018-03-02 15:00:00 +01:00,2018-03-02 16:00:00 +01:00,1,1
GB,http://environment.data.gov.uk/air-quality/so,GB_Network_1,Station_GB1024A,,GB_SamplingPoint_74174,GB_StationProcess_918,GB_SamplingFeature_918,O3,http://dd.eionet.europa.eu/vocabulary/aq/pollutant/7,hour,32.3303400000,µg/m3,2018-03-02 16:00:00 +01:00,2018-03-02 17:00:00 +01:00,1,1
GB,http://environment.data.gov.uk/air-quality/so,GB_Network_1,Station_GB1024A,,GB_SamplingPoint_74174,GB_StationProcess_918,GB_SamplingFeature_918,O3,http://dd.eionet.europa.eu/vocabulary/aq/pollutant/7,hour,26.4430300000,µg/m3,2018-03-02 17:00:00 +01:00,2018-03-02 18:00:00 +01:00,1,1
GB,http://environment.data.gov.uk/air-quality/so,GB_Network_1,Station_GB1024A,,GB_SamplingPoint_74174,GB_StationProcess_918,GB_SamplingFeature_918,O3,http://dd.eionet.europa.eu/vocabulary/aq/pollutant/7,hour,16.7638800000,µg/m3,2018-03-02 18:00:00 +01:00,2018-03-02 19:00:00 +01:00,1,1
GB,http://environment.data.gov.uk/air-quality/so,GB_Network_1,Station_GB1024A,,GB_SamplingPoint_74174,GB_StationProcess_918,GB_SamplingFeature_918,O3,http://dd.eionet.europa.eu/vocabulary/aq/pollutant/7,hour,9.8288200000,µg/m3,2018-03-02 19:00:00 +01:00,2018-03-02 20:00:00 +01:00,1,1
GB,http://environment.data.gov.uk/air-quality/so,GB_Network_1,Station_GB1024A,,GB_SamplingPoint_74174,GB_StationProcess_918,GB_SamplingFeature_918,O3,http://dd.eionet.europa.eu/vocabulary/aq/pollutant/7,hour,12.1238800000,µg/m3,2018-03-02 20:00:00 +01:00,2018-03-02 21:00:00 +01:00,1,1
GB,http://environment.data.gov.uk/air-quality/so,GB_Network_1,Station_GB1024A,,GB_SamplingPoint_74174,GB_StationProcess_918,GB_SamplingFeature_918,O3,http://dd.eionet.europa.eu/vocabulary/aq/pollutant/7,hour,16.1651700000,µg/m3,2018-03-02 21:00:00 +01:00,2018-03-02 22:00:00 +01:00,1,1
GB,http://environment.data.gov.uk/air-quality/so,GB_Network_1,Station_GB1024A,,GB_SamplingPoint_74174,GB_StationProcess_918,GB_SamplingFeature_918,O3,http://dd.eionet.europa.eu/vocabulary/aq/pollutant/7,hour,18.0610900000,µg/m3,2018-03-02 22:00:00 +01:00,2018-03-02 23:00:00 +01:00,1,1
GB,http://environment.data.gov.uk/air-quality/so,GB_Network_1,Station_GB1024A,,GB_SamplingPoint_74174,GB_StationProcess_918,GB_SamplingFeature_918,O3,http://dd.eionet.europa.eu/vocabulary/aq/pollutant/7,hour,18.3604400000,µg/m3,2018-03-02 23:00:00 +01:00,2018-03-03 00:00:00 +01:00,1,1
GB,http://environment.data.gov.uk/air-quality/so,GB_Network_1,Station_GB1024A,,GB_SamplingPoint_74174,GB_StationProcess_918,GB_SamplingFeature_918,O3,http://dd.eionet.europa.eu/vocabulary/aq/pollutant/7,hour,14.4355600000,µg/m3,2018-03-03 01:00:00 +01:00,2018-03-03 02:00:00 +01:00,1,1
GB,http://environment.data.gov.uk/air-quality/so,GB_Network_1,Station_GB1024A,,GB_SamplingPoint_74174,GB_StationProcess_918,GB_SamplingFeature_918,O3,http://dd.eionet.europa.eu/vocabulary/aq/pollutant/7,hour,15.8990800000,µg/m3,2018-03-03 02:00:00 +01:00,2018-03-03 03:00:00 +01:00,1,1
GB,http://environment.data.gov.uk/air-quality/so,GB_Network_1,Station_GB1024A,,GB_SamplingPoint_74174,GB_StationProcess_918,GB_SamplingFeature_918,O3,http://dd.eionet.europa.eu/vocabulary/aq/pollutant/7,hour,17.3625900000,µg/m3,2018-03-03 03:00:00 +01:00,2018-03-03 04:00:00 +01:00,1,1
GB,http://environment.data.gov.uk/air-quality/so,GB_Network_1,Station_GB1024A,,GB_SamplingPoint_74174,GB_StationProcess_918,GB_SamplingFeature_918,O3,http://dd.eionet.europa.eu/vocabulary/aq/pollutant/7,hour,13.7204400000,µg/m3,2018-03-03 05:00:00 +01:00,2018-03-03 06:00:00 +01:00,1,1
GB,http://environment.data.gov.uk/air-quality/so,GB_Network_1,Station_GB1024A,,GB_SamplingPoint_74174,GB_StationProcess_918,GB_SamplingFeature_918,O3,http://dd.eionet.europa.eu/vocabulary/aq/pollutant/7,hour,11.9742000000,µg/m3,2018-03-03 06:00:00 +01:00,2018-03-03 07:00:00 +01:00,1,1
GB,http://environment.data.gov.uk/air-quality/so,GB_Network_1,Station_GB1024A,,GB_SamplingPoint_74174,GB_StationProcess_918,GB_SamplingFeature_918,O3,http://dd.eionet.europa.eu/vocabulary/aq/pollutant/7,hour,10.7767800000,µg/m3,2018-03-03 07:00:00 +01:00,2018-03-03 08:00:00 +01:00,1,1
GB,http://environment.data.gov.uk/air-quality/so,GB_Network_1,Station_GB1024A,,GB_SamplingPoint_74174,GB_StationProcess_918,GB_SamplingFeature_918,O3,http://dd.eionet.europa.eu/vocabulary/aq/pollutant/7,hour,28.2890500000,µg/m3,2018-03-03 09:00:00 +01:00,2018-03-03 10:00:00 +01:00,1,1
GB,http://environment.data.gov.uk/air-quality/so,GB_Network_1,Station_GB1024A,,GB_SamplingPoint_74174,GB_StationProcess_918,GB_SamplingFeature_918,O3,http://dd.eionet.europa.eu/vocabulary/aq/pollutant/7,hour,28.4886200000,µg/m3,2018-03-03 12:00:00 +01:00,2018-03-03 13:00:00 +01:00,1,1
GB,http://environment.data.gov.uk/air-quality/so,GB_Network_1,Station_GB1024A,,GB_SamplingPoint_74174,GB_StationProcess_918,GB_SamplingFeature_918,O3,http://dd.eionet.europa.eu/vocabulary/aq/pollutant/7,hour,30.0352900000,µg/m3,2018-03-03 13:00:00 +01:00,2018-03-03 14:00:00 +01:00,1,1
GB,http://environment.data.gov.uk/air-quality/so,GB_Network_1,Station_GB1024A,,GB_SamplingPoint_74174,GB_StationProcess_918,GB_SamplingFeature_918,O3,http://dd.eionet.europa.eu/vocabulary/aq/pollutant/7,hour,33.1785100000,µg/m3,2018-03-03 14:00:00 +01:00,2018-03-03 15:00:00 +01:00,1,1
GB,http://environment.data.gov.uk/air-quality/so,GB_Network_1,Station_GB1024A,,GB_SamplingPoint_74174,GB_StationProcess_918,GB_SamplingFeature_918,O3,http://dd.eionet.europa.eu/vocabulary/aq/pollutant/7,hour,34.8249700000,µg/m3,2018-03-03 15:00:00 +01:00,2018-03-03 16:00:00 +01:00,1,1
GB,http://environment.data.gov.uk/air-quality/so,GB_Network_1,Station_GB1024A,,GB_SamplingPoint_74174,GB_StationProcess_918,GB_SamplingFeature_918,O3,http://dd.eionet.europa.eu/vocabulary/aq/pollutant/7,hour,36.9204500000,µg/m3,2018-03-03 16:00:00 +01:00,2018-03-03 17:00:00 +01:00,1,1
GB,http://environment.data.gov.uk/air-quality/so,GB_Network_1,Station_GB1024A,,GB_SamplingPoint_74174,GB_StationProcess_918,GB_SamplingFeature_918,O3,http://dd.eionet.europa.eu/vocabulary/aq/pollutant/7,hour,33.0288400000,µg/m3,2018-03-03 19:00:00 +01:00,2018-03-03 20:00:00 +01:00,1,1
GB,http://environment.data.gov.uk/air-quality/so,GB_Network_1,Station_GB1024A,,GB_SamplingPoint_74174,GB_StationProcess_918,GB_SamplingFeature_918,O3,http://dd.eionet.europa.eu/vocabulary/aq/pollutant/7,hour,26.1436700000,µg/m3,2018-03-03 20:00:00 +01:00,2018-03-03 21:00:00 +01:00,1,1
GB,http://environment.data.gov.uk/air-quality/so,GB_Network_1,Station_GB1024A,,GB_SamplingPoint_74174,GB_StationProcess_918,GB_SamplingFeature_918,O3,http://dd.eionet.europa.eu/vocabulary/aq/pollutant/7,hour,15.8159200000,µg/m3,2018-03-03 21:00:00 +01:00,2018-03-03 22:00:00 +01:00,1,1
GB,http://environment.data.gov.uk/air-quality/so,GB_Network_1,Station_GB1024A,,GB_SamplingPoint_74174,GB_StationProcess_918,GB_SamplingFeature_918,O3,http://dd.eionet.europa.eu/vocabulary/aq/pollutant/7,hour,7.0348400000,µg/m3,2018-03-03 22:00:00 +01:00,2018-03-03 23:00:00 +01:00,1,1
GB,http://environment.data.gov.uk/air-quality/so,GB_Network_1,Station_GB1024A,,GB_SamplingPoint_74174,GB_StationProcess_918,GB_SamplingFeature_918,O3,http://dd.eionet.europa.eu/vocabulary/aq/pollutant/7,hour,1.7462400000,µg/m3,2018-03-03 23:00:00 +01:00,2018-03-04 00:00:00 +01:00,2,1
GB,http://environment.data.gov.uk/air-quality/so,GB_Network_1,Station_GB1024A,,GB_SamplingPoint_74174,GB_StationProcess_918,GB_SamplingFeature_918,O3,http://dd.eionet.europa.eu/vocabulary/aq/pollutant/7,hour,1.5466700000,µg/m3,2018-03-04 00:00:00 +01:00,2018-03-04 01:00:00 +01:00,2,1
GB,http://environment.data.gov.uk/air-quality/so,GB_Network_1,Station_GB1024A,,GB_SamplingPoint_74174,GB_StationProcess_918,GB_SamplingFeature_918,O3,http://dd.eionet.europa.eu/vocabulary/aq/pollutant/7,hour,1.4635100000,µg/m3,2018-03-04 01:00:00 +01:00,2018-03-04 02:00:00 +01:00,2,1
GB,http://environment.data.gov.uk/air-quality/so,GB_Network_1,Station_GB1024A,,GB_SamplingPoint_74174,GB_StationProcess_918,GB_SamplingFeature_918,O3,http://dd.eionet.europa.eu/vocabulary/aq/pollutant/7,hour,3.2596400000,µg/m3,2018-03-04 02:00:00 +01:00,2018-03-04 03:00:00 +01:00,2,1
GB,http://environment.data.gov.uk/air-quality/so,GB_Network_1,Station_GB1024A,,GB_SamplingPoint_74174,GB_StationProcess_918,GB_SamplingFeature_918,O3,http://dd.eionet.europa.eu/vocabulary/aq/pollutant/7,hour,1.4967800000,µg/m3,2018-03-04 03:00:00 +01:00,2018-03-04 04:00:00 +01:00,2,1
GB,http://environment.data.gov.uk/air-quality/so,GB_Network_1,Station_GB1024A,,GB_SamplingPoint_74174,GB_StationProcess_918,GB_SamplingFeature_918,O3,http://dd.eionet.europa.eu/vocabulary/aq/pollutant/7,hour,0.8980700000,µg/m3,2018-03-04 04:00:00 +01:00,2018-03-04 05:00:00 +01:00,2,1
GB,http://environment.data.gov.uk/air-quality/so,GB_Network_1,Station_GB1024A,,GB_SamplingPoint_74174,GB_StationProcess_918,GB_SamplingFeature_918,O3,http://dd.eionet.europa.eu/vocabulary/aq/pollutant/7,hour,1.0976400000,µg/m3,2018-03-04 05:00:00 +01:00,2018-03-04 06:00:00 +01:00,2,1
GB,http://environment.data.gov.uk/air-quality/so,GB_Network_1,Station_GB1024A,,GB_SamplingPoint_74174,GB_StationProcess_918,GB_SamplingFeature_918,O3,http://dd.eionet.europa.eu/vocabulary/aq/pollutant/7,hour,1.2972100000,µg/m3,2018-03-04 06:00:00 +01:00,2018-03-04 07:00:00 +01:00,2,1
GB,http://environment.data.gov.uk/air-quality/so,GB_Network_1,Station_GB1024A,,GB_SamplingPoint_74174,GB_StationProcess_918,GB_SamplingFeature_918,O3,http://dd.eionet.europa.eu/vocabulary/aq/pollutant/7,hour,5.2886100000,µg/m3,2018-03-04 08:00:00 +01:00,2018-03-04 09:00:00 +01:00,2,1
GB,http://environment.data.gov.uk/air-quality/so,GB_Network_1,Station_GB1024A,,GB_SamplingPoint_74174,GB_StationProcess_918,GB_SamplingFeature_918,O3,http://dd.eionet.europa.eu/vocabulary/aq/pollutant/7,hour,17.9114100000,µg/m3,2018-03-04 09:00:00 +01:00,2018-03-04 10:00:00 +01:00,1,1
GB,http://environment.data.gov.uk/air-quality/so,GB_Network_1,Station_GB1024A,,GB_SamplingPoint_74174,GB_StationProcess_918,GB_SamplingFeature_918,O3,http://dd.eionet.europa.eu/vocabulary/aq/pollutant/7,hour,50.7406700000,µg/m3,2018-03-04 11:00:00 +01:00,2018-03-04 12:00:00 +01:00,1,1
GB,http://environment.data.gov.uk/air-quality/so,GB_Network_1,Station_GB1024A,,GB_SamplingPoint_74174,GB_StationProcess_918,GB_SamplingFeature_918,O3,http://dd.eionet.europa.eu/vocabulary/aq/pollutant/7,hour,55.2310000000,µg/m3,2018-03-04 13:00:00 +01:00,2018-03-04 14:00:00 +01:00,1,1
GB,http://environment.data.gov.uk/air-quality/so,GB_Network_1,Station_GB1024A,,GB_SamplingPoint_74174,GB_StationProcess_918,GB_SamplingFeature_918,O3,http://dd.eionet.europa.eu/vocabulary/aq/pollutant/7,hour,58.3243300000,µg/m3,2018-03-04 15:00:00 +01:00,2018-03-04 16:00:00 +01:00,1,1
GB,http://environment.data.gov.uk/air-quality/so,GB_Network_1,Station_GB1024A,,GB_SamplingPoint_74174,GB_StationProcess_918,GB_SamplingFeature_918,O3,http://dd.eionet.europa.eu/vocabulary/aq/pollutant/7,hour,20.5557100000,µg/m3,2018-03-04 21:00:00 +01:00,2018-03-04 22:00:00 +01:00,1,1
GB,http://environment.data.gov.uk/air-quality/so,GB_Network_1,Station_GB1024A,,GB_SamplingPoint_74174,GB_StationProcess_918,GB_SamplingFeature_918,O3,http://dd.eionet.europa.eu/vocabulary/aq/pollutant/7,hour,28.0395900000,µg/m3,2018-03-04 22:00:00 +01:00,2018-03-04 23:00:00 +01:00,1,1
GB,http://environment.data.gov.uk/air-quality/so,GB_Network_1,Station_GB1024A,,GB_SamplingPoint_74174,GB_StationProcess_918,GB_SamplingFeature_918,O3,http://dd.eionet.europa.eu/vocabulary/aq/pollutant/7,hour,73.7910100000,µg/m3,2018-03-05 03:00:00 +01:00,2018-03-05 04:00:00 +01:00,1,1
GB,http://environment.data.gov.uk/air-quality/so,GB_Network_1,Station_GB1024A,,GB_SamplingPoint_74174,GB_StationProcess_918,GB_SamplingFeature_918,O3,http://dd.eionet.europa.eu/vocabulary/aq/pollutant/7,hour,71.0968100000,µg/m3,2018-03-05 04:00:00 +01:00,2018-03-05 05:00:00 +01:00,1,1
GB,http://environment.data.gov.uk/air-quality/so,GB_Network_1,Station_GB1024A,,GB_SamplingPoint_74174,GB_StationProcess_918,GB_SamplingFeature_918,O3,http://dd.eionet.europa.eu/vocabulary/aq/pollutant/7,hour,61.2181000000,µg/m3,2018-03-05 05:00:00 +01:00,2018-03-05 06:00:00 +01:00,1,1
GB,http://environment.data.gov.uk/air-quality/so,GB_Network_1,Station_GB1024A,,GB_SamplingPoint_74174,GB_StationProcess_918,GB_SamplingFeature_918,O3,http://dd.eionet.europa.eu/vocabulary/aq/pollutant/7,hour,54.4826100000,µg/m3,2018-03-05 11:00:00 +01:00,2018-03-05 12:00:00 +01:00,1,1
GB,http://environment.data.gov.uk/air-quality/so,GB_Network_1,Station_GB1024A,,GB_SamplingPoint_74174,GB_StationProcess_918,GB_SamplingFeature_918,O3,http://dd.eionet.europa.eu/vocabulary/aq/pollutant/7,hour,64.4611100000,µg/m3,2018-03-05 12:00:00 +01:00,2018-03-05 13:00:00 +01:00,1,1
GB,http://environment.data.gov.uk/air-quality/so,GB_Network_1,Station_GB1024A,,GB_SamplingPoint_74174,GB_StationProcess_918,GB_SamplingFeature_918,O3,http://dd.eionet.europa.eu/vocabulary/aq/pollutant/7,hour,68.8516500000,µg/m3,2018-03-05 14:00:00 +01:00,2018-03-05 15:00:00 +01:00,1,1
GB,http://environment.data.gov.uk/air-quality/so,GB_Network_1,Station_GB1024A,,GB_SamplingPoint_74174,GB_StationProcess_918,GB_SamplingFeature_918,O3,http://dd.eionet.europa.eu/vocabulary/aq/pollutant/7,hour,70.4482100000,µg/m3,2018-03-05 15:00:00 +01:00,2018-03-05 16:00:00 +01:00,1,1
GB,http://environment.data.gov.uk/air-quality/so,GB_Network_1,Station_GB1024A,,GB_SamplingPoint_74174,GB_StationProcess_918,GB_SamplingFeature_918,O3,http://dd.eionet.europa.eu/vocabulary/aq/pollutant/7,hour,40.6623900000,µg/m3,2018-03-05 17:00:00 +01:00,2018-03-05 18:00:00 +01:00,1,1
GB,http://environment.data.gov.uk/air-quality/so,GB_Network_1,Station_GB1024A,,GB_SamplingPoint_74174,GB_StationProcess_918,GB_SamplingFeature_918,O3,http://dd.eionet.europa.eu/vocabulary/aq/pollutant/7,hour,35.0744300000,µg/m3,2018-03-05 18:00:00 +01:00,2018-03-05 19:00:00 +01:00,1,1
GB,http://environment.data.gov.uk/air-quality/so,GB_Network_1,Station_GB1024A,,GB_SamplingPoint_74174,GB_StationProcess_918,GB_SamplingFeature_918,O3,http://dd.eionet.europa.eu/vocabulary/aq/pollutant/7,hour,12.3733400000,µg/m3,2018-03-05 20:00:00 +01:00,2018-03-05 21:00:00 +01:00,1,1
GB,http://environment.data.gov.uk/air-quality/so,GB_Network_1,Station_GB1024A,,GB_SamplingPoint_74174,GB_StationProcess_918,GB_SamplingFeature_918,O3,http://dd.eionet.europa.eu/vocabulary/aq/pollutant/7,hour,32.7793700000,µg/m3,2018-03-05 22:00:00 +01:00,2018-03-05 23:00:00 +01:00,1,1
GB,http://environment.data.gov.uk/air-quality/so,GB_Network_1,Station_GB1024A,,GB_SamplingPoint_74174,GB_StationProcess_918,GB_SamplingFeature_918,O3,http://dd.eionet.europa.eu/vocabulary/aq/pollutant/7,hour,46.5497000000,µg/m3,2018-03-05 23:00:00 +01:00,2018-03-06 00:00:00 +01:00,1,1
GB,http://environment.data.gov.uk/air-quality/so,GB_Network_1,Station_GB1024A,,GB_SamplingPoint_74174,GB_StationProcess_918,GB_SamplingFeature_918,O3,http://dd.eionet.europa.eu/vocabulary/aq/pollutant/7,hour,49.6264100000,µg/m3,2018-03-06 01:00:00 +01:00,2018-03-06 02:00:00 +01:00,1,1
GB,http://environment.data.gov.uk/air-quality/so,GB_Network_1,Station_GB1024A,,GB_SamplingPoint_74174,GB_StationProcess_918,GB_SamplingFeature_918,O3,http://dd.eionet.europa.eu/vocabulary/aq/pollutant/7,hour,64.4112200000,µg/m3,2018-03-06 06:00:00 +01:00,2018-03-06 07:00:00 +01:00,1,1
GB,http://environment.data.gov.uk/air-quality/so,GB_Network_1,Station_GB1024A,,GB_SamplingPoint_74174,GB_StationProcess_918,GB_SamplingFeature_918,O3,http://dd.eionet.europa.eu/vocabulary/aq/pollutant/7,hour,40.8619600000,µg/m3,2018-03-06 09:00:00 +01:00,2018-03-06 10:00:00 +01:00,1,1
GB,http://environment.data.gov.uk/air-quality/so,GB_Network_1,Station_GB1024A,,GB_SamplingPoint_74174,GB_StationProcess_918,GB_SamplingFeature_918,O3,http://dd.eionet.europa.eu/vocabulary/aq/pollutant/7,hour,66.4069200000,µg/m3,2018-03-06 14:00:00 +01:00,2018-03-06 15:00:00 +01:00,1,1
GB,http://environment.data.gov.uk/air-quality/so,GB_Network_1,Station_GB1024A,,GB_SamplingPoint_74174,GB_StationProcess_918,GB_SamplingFeature_918,O3,http://dd.eionet.europa.eu/vocabulary/aq/pollutant/7,hour,69.9492900000,µg/m3,2018-03-06 15:00:00 +01:00,2018-03-06 16:00:00 +01:00,1,1
GB,http://environment.data.gov.uk/air-quality/so,GB_Network_1,Station_GB1024A,,GB_SamplingPoint_74174,GB_StationProcess_918,GB_SamplingFeature_918,O3,http://dd.eionet.europa.eu/vocabulary/aq/pollutant/7,hour,59.1725100000,µg/m3,2018-03-06 16:00:00 +01:00,2018-03-06 17:00:00 +01:00,1,1
GB,http://environment.data.gov.uk/air-quality/so,GB_Network_1,Station_GB1024A,,GB_SamplingPoint_74174,GB_StationProcess_918,GB_SamplingFeature_918,O3,http://dd.eionet.europa.eu/vocabulary/aq/pollutant/7,hour,51.2894900000,µg/m3,2018-03-06 17:00:00 +01:00,2018-03-06 18:00:00 +01:00,1,1
GB,http://environment.data.gov.uk/air-quality/so,GB_Network_1,Station_GB1024A,,GB_SamplingPoint_74174,GB_StationProcess_918,GB_SamplingFeature_918,O3,http://dd.eionet.europa.eu/vocabulary/aq/pollutant/7,hour,26.1935600000,µg/m3,2018-03-06 19:00:00 +01:00,2018-03-06 20:00:00 +01:00,1,1
GB,http://environment.data.gov.uk/air-quality/so,GB_Network_1,Station_GB1024A,,GB_SamplingPoint_74174,GB_StationProcess_918,GB_SamplingFeature_918,O3,http://dd.eionet.europa.eu/vocabulary/aq/pollutant/7,hour,3.4425800000,µg/m3,2018-03-06 21:00:00 +01:00,2018-03-06 22:00:00 +01:00,2,1
GB,http://environment.data.gov.uk/air-quality/so,GB_Network_1,Station_GB1024A,,GB_SamplingPoint_74174,GB_StationProcess_918,GB_SamplingFeature_918,O3,http://dd.eionet.europa.eu/vocabulary/aq/pollutant/7,hour,1.2972100000,µg/m3,2018-03-06 22:00:00 +01:00,2018-03-06 23:00:00 +01:00,2,1
GB,http://environment.data.gov.uk/air-quality/so,GB_Network_1,Station_GB1024A,,GB_SamplingPoint_74174,GB_StationProcess_918,GB_SamplingFeature_918,O3,http://dd.eionet.europa.eu/vocabulary/aq/pollutant/7,hour,1.5965600000,µg/m3,2018-03-06 23:00:00 +01:00,2018-03-07 00:00:00 +01:00,2,1
GB,http://environment.data.gov.uk/air-quality/so,GB_Network_1,Station_GB1024A,,GB_SamplingPoint_74174,GB_StationProcess_918,GB_SamplingFeature_918,O3,http://dd.eionet.europa.eu/vocabulary/aq/pollutant/7,hour,1.4967800000,µg/m3,2018-03-07 00:00:00 +01:00,2018-03-07 01:00:00 +01:00,2,1
GB,http://environment.data.gov.uk/air-quality/so,GB_Network_1,Station_GB1024A,,GB_SamplingPoint_74174,GB_StationProcess_918,GB_SamplingFeature_918,O3,http://dd.eionet.europa.eu/vocabulary/aq/pollutant/7,hour,1.7961300000,µg/m3,2018-03-07 01:00:00 +01:00,2018-03-07 02:00:00 +01:00,2,1
GB,http://environment.data.gov.uk/air-quality/so,GB_Network_1,Station_GB1024A,,GB_SamplingPoint_74174,GB_StationProcess_918,GB_SamplingFeature_918,O3,http://dd.eionet.europa.eu/vocabulary/aq/pollutant/7,hour,0.9978500000,µg/m3,2018-03-07 02:00:00 +01:00,2018-03-07 03:00:00 +01:00,2,1
GB,http://environment.data.gov.uk/air-quality/so,GB_Network_1,Station_GB1024A,,GB_SamplingPoint_74174,GB_StationProcess_918,GB_SamplingFeature_918,O3,http://dd.eionet.europa.eu/vocabulary/aq/pollutant/7,hour,0.3991400000,µg/m3,2018-03-07 03:00:00 +01:00,2018-03-07 04:00:00 +01:00,2,1
GB,http://environment.data.gov.uk/air-quality/so,GB_Network_1,Station_GB1024A,,GB_SamplingPoint_74174,GB_StationProcess_918,GB_SamplingFeature_918,O3,http://dd.eionet.europa.eu/vocabulary/aq/pollutant/7,hour,0.1496800000,µg/m3,2018-03-07 04:00:00 +01:00,2018-03-07 05:00:00 +01:00,2,1
GB,http://environment.data.gov.uk/air-quality/so,GB_Network_1,Station_GB1024A,,GB_SamplingPoint_74174,GB_StationProcess_918,GB_SamplingFeature_918,O3,http://dd.eionet.europa.eu/vocabulary/aq/pollutant/7,hour,0.2993600000,µg/m3,2018-03-07 05:00:00 +01:00,2018-03-07 06:00:00 +01:00,2,1
GB,http://environment.data.gov.uk/air-quality/so,GB_Network_1,Station_GB1024A,,GB_SamplingPoint_74174,GB_StationProcess_918,GB_SamplingFeature_918,O3,http://dd.eionet.europa.eu/vocabulary/aq/pollutant/7,hour,22.1522700000,µg/m3,2018-03-07 07:00:00 +01:00,2018-03-07 08:00:00 +01:00,1,1
GB,http://environment.data.gov.uk/air-quality/so,GB_Network_1,Station_GB1024A,,GB_SamplingPoint_74174,GB_StationProcess_918,GB_SamplingFeature_918,O3,http://dd.eionet.europa.eu/vocabulary/aq/pollutant/7,hour,41.2112100000,µg/m3,2018-03-07 08:00:00 +01:00,2018-03-07 09:00:00 +01:00,1,1
GB,http://environment.data.gov.uk/air-quality/so,GB_Network_1,Station_GB1024A,,GB_SamplingPoint_74174,GB_StationProcess_918,GB_SamplingFeature_918,O3,http://dd.eionet.europa.eu/vocabulary/aq/pollutant/7,hour,24.0980800000,µg/m3,2018-03-07 09:00:00 +01:00,2018-03-07 10:00:00 +01:00,1,1
GB,http://environment.data.gov.uk/air-quality/so,GB_Network_1,Station_GB1024A,,GB_SamplingPoint_74174,GB_StationProcess_918,GB_SamplingFeature_918,O3,http://dd.eionet.europa.eu/vocabulary/aq/pollutant/7,hour,20.1066800000,µg/m3,2018-03-07 10:00:00 +01:00,2018-03-07 11:00:00 +01:00,1,1
GB,http://environment.data.gov.uk/air-quality/so,GB_Network_1,Station_GB1024A,,GB_SamplingPoint_74174,GB_StationProcess_918,GB_SamplingFeature_918,O3,http://dd.eionet.europa.eu/vocabulary/aq/pollutant/7,hour,52.8361600000,µg/m3,2018-03-07 12:00:00 +01:00,2018-03-07 13:00:00 +01:00,1,1
GB,http://environment.data.gov.uk/air-quality/so,GB_Network_1,Station_GB1024A,,GB_SamplingPoint_74174,GB_StationProcess_918,GB_SamplingFeature_918,O3,http://dd.eionet.europa.eu/vocabulary/aq/pollutant/7,hour,45.6516400000,µg/m3,2018-03-07 13:00:00 +01:00,2018-03-07 14:00:00 +01:00,1,1
GB,http://environment.data.gov.uk/air-quality/so,GB_Network_1,Station_GB1024A,,GB_SamplingPoint_74174,GB_StationProcess_918,GB_SamplingFeature_918,O3,http://dd.eionet.europa.eu/vocabulary/aq/pollutant/7,hour,54.5824000000,µg/m3,2018-03-07 14:00:00 +01:00,2018-03-07 15:00:00 +01:00,1,1
GB,http://environment.data.gov.uk/air-quality/so,GB_Network_1,Station_GB1024A,,GB_SamplingPoint_74174,GB_StationProcess_918,GB_SamplingFeature_918,O3,http://dd.eionet.europa.eu/vocabulary/aq/pollutant/7,hour,65.7084200000,µg/m3,2018-03-07 15:00:00 +01:00,2018-03-07 16:00:00 +01:00,1,1
GB,http://environment.data.gov.uk/air-quality/so,GB_Network_1,Station_GB1024A,,GB_SamplingPoint_74174,GB_StationProcess_918,GB_SamplingFeature_918,O3,http://dd.eionet.europa.eu/vocabulary/aq/pollutant/7,hour,68.8017600000,µg/m3,2018-03-07 17:00:00 +01:00,2018-03-07 18:00:00 +01:00,1,1
GB,http://environment.data.gov.uk/air-quality/so,GB_Network_1,Station_GB1024A,,GB_SamplingPoint_74174,GB_StationProcess_918,GB_SamplingFeature_918,O3,http://dd.eionet.europa.eu/vocabulary/aq/pollutant/7,hour,63.6628300000,µg/m3,2018-03-07 18:00:00 +01:00,2018-03-07 19:00:00 +01:00,1,1
GB,http://environment.data.gov.uk/air-quality/so,GB_Network_1,Station_GB1024A,,GB_SamplingPoint_74174,GB_StationProcess_918,GB_SamplingFeature_918,O3,http://dd.eionet.europa.eu/vocabulary/aq/pollutant/7,hour,47.6473400000,µg/m3,2018-03-07 19:00:00 +01:00,2018-03-07 20:00:00 +01:00,1,1
GB,http://environment.data.gov.uk/air-quality/so,GB_Network_1,Station_GB1024A,,GB_SamplingPoint_74174,GB_StationProcess_918,GB_SamplingFeature_918,O3,http://dd.eionet.europa.eu/vocabulary/aq/pollutant/7,hour,40.1135700000,µg/m3,2018-03-07 22:00:00 +01:00,2018-03-07 23:00:00 +01:00,1,1
GB,http://environment.data.gov.uk/air-quality/so,GB_Network_1,Station_GB1024A,,GB_SamplingPoint_74174,GB_StationProcess_918,GB_SamplingFeature_918,O3,http://dd.eionet.europa.eu/vocabulary/aq/pollutant/7,hour,49.9423900000,µg/m3,2018-03-07 23:00:00 +01:00,2018-03-08 00:00:00 +01:00,1,1
GB,http://environment.data.gov.uk/air-quality/so,GB_Network_1,Station_GB1024A,,GB_SamplingPoint_74174,GB_StationProcess_918,GB_SamplingFeature_918,O3,http://dd.eionet.europa.eu/vocabulary/aq/pollutant/7,hour,51.8383100000,µg/m3,2018-03-08 00:00:00 +01:00,2018-03-08 01:00:00 +01:00,1,1
GB,http://environment.data.gov.uk/air-quality/so,GB_Network_1,Station_GB1024A,,GB_SamplingPoint_74174,GB_StationProcess_918,GB_SamplingFeature_918,O3,http://dd.eionet.europa.eu/vocabulary/aq/pollutant/7,hour,68.9181700000,µg/m3,2018-03-08 02:00:00 +01:00,2018-03-08 03:00:00 +01:00,1,1
GB,http://environment.data.gov.uk/air-quality/so,GB_Network_1,Station_GB1024A,,GB_SamplingPoint_74174,GB_StationProcess_918,GB_SamplingFeature_918,O3,http://dd.eionet.europa.eu/vocabulary/aq/pollutant/7,hour,65.1596100000,µg/m3,2018-03-08 03:00:00 +01:00,2018-03-08 04:00:00 +01:00,1,1
GB,http://environment.data.gov.uk/air-quality/so,GB_Network_1,Station_GB1024A,,GB_SamplingPoint_74174,GB_StationProcess_918,GB_SamplingFeature_918,O3,http://dd.eionet.europa.eu/vocabulary/aq/pollutant/7,hour,68.3028300000,µg/m3,2018-03-08 04:00:00 +01:00,2018-03-08 05:00:00 +01:00,1,1
GB,http://environment.data.gov.uk/air-quality/so,GB_Network_1,Station_GB1024A,,GB_SamplingPoint_74174,GB_StationProcess_918,GB_SamplingFeature_918,O3,http://dd.eionet.europa.eu/vocabulary/aq/pollutant/7,hour,68.1531600000,µg/m3,2018-03-08 05:00:00 +01:00,2018-03-08 06:00:00 +01:00,1,1
GB,http://environment.data.gov.uk/air-quality/so,GB_Network_1,Station_GB1024A,,GB_SamplingPoint_74174,GB_StationProcess_918,GB_SamplingFeature_918,O3,http://dd.eionet.europa.eu/vocabulary/aq/pollutant/7,hour,64.4611100000,µg/m3,2018-03-08 07:00:00 +01:00,2018-03-08 08:00:00 +01:00,1,1
GB,http://environment.data.gov.uk/air-quality/so,GB_Network_1,Station_GB1024A,,GB_SamplingPoint_74174,GB_StationProcess_918,GB_SamplingFeature_918,O3,http://dd.eionet.europa.eu/vocabulary/aq/pollutant/7,hour,60.4198200000,µg/m3,2018-03-08 08:00:00 +01:00,2018-03-08 09:00:00 +01:00,1,1
GB,http://environment.data.gov.uk/air-quality/so,GB_Network_1,Station_GB1024A,,GB_SamplingPoint_74174,GB_StationProcess_918,GB_SamplingFeature_918,O3,http://dd.eionet.europa.eu/vocabulary/aq/pollutant/7,hour,72.4439100000,µg/m3,2018-03-08 10:00:00 +01:00,2018-03-08 11:00:00 +01:00,1,1
GB,http://environment.data.gov.uk/air-quality/so,GB_Network_1,Station_GB1024A,,GB_SamplingPoint_74174,GB_StationProcess_918,GB_SamplingFeature_918,O3,http://dd.eionet.europa.eu/vocabulary/aq/pollutant/7,hour,76.9342400000,µg/m3,2018-03-08 15:00:00 +01:00,2018-03-08 16:00:00 +01:00,1,1
GB,http://environment.data.gov.uk/air-quality/so,GB_Network_1,Station_GB1024A,,GB_SamplingPoint_74174,GB_StationProcess_918,GB_SamplingFeature_918,O3,http://dd.eionet.europa.eu/vocabulary/aq/pollutant/7,hour,42.0094900000,µg/m3,2018-03-08 19:00:00 +01:00,2018-03-08 20:00:00 +01:00,1,1
GB,http://environment.data.gov.uk/air-quality/so,GB_Network_1,Station_GB1024A,,GB_SamplingPoint_74174,GB_StationProcess_918,GB_SamplingFeature_918,O3,http://dd.eionet.europa.eu/vocabulary/aq/pollutant/7,hour,20.5058200000,µg/m3,2018-03-08 20:00:00 +01:00,2018-03-08 21:00:00 +01:00,1,1
GB,http://environment.data.gov.uk/air-quality/so,GB_Network_1,Station_GB1024A,,GB_SamplingPoint_74174,GB_StationProcess_918,GB_SamplingFeature_918,O3,http://dd.eionet.europa.eu/vocabulary/aq/pollutant/7,hour,35.2740000000,µg/m3,2018-03-08 21:00:00 +01:00,2018-03-08 22:00:00 +01:00,1,1
GB,http://environment.data.gov.uk/air-quality/so,GB_Network_1,Station_GB1024A,,GB_SamplingPoint_74174,GB_StationProcess_918,GB_SamplingFeature_918,O3,http://dd.eionet.europa.eu/vocabulary/aq/pollutant/7,hour,45.4021800000,µg/m3,2018-03-09 00:00:00 +01:00,2018-03-09 01:00:00 +01:00,1,1
GB,http://environment.data.gov.uk/air-quality/so,GB_Network_1,Station_GB1024A,,GB_SamplingPoint_74174,GB_StationProcess_918,GB_SamplingFeature_918,O3,http://dd.eionet.europa.eu/vocabulary/aq/pollutant/7,hour,46.7492700000,µg/m3,2018-03-09 03:00:00 +01:00,2018-03-09 04:00:00 +01:00,1,1
GB,http://environment.data.gov.uk/air-quality/so,GB_Network_1,Station_GB1024A,,GB_SamplingPoint_74174,GB_StationProcess_918,GB_SamplingFeature_918,O3,http://dd.eionet.europa.eu/vocabulary/aq/pollutant/7,hour,37.2697000000,µg/m3,2018-03-09 04:00:00 +01:00,2018-03-09 05:00:00 +01:00,1,1
GB,http://environment.data.gov.uk/air-quality/so,GB_Network_1,Station_GB1024A,,GB_SamplingPoint_74174,GB_StationProcess_918,GB_SamplingFeature_918,O3,http://dd.eionet.europa.eu/vocabulary/aq/pollutant/7,hour,10.6271000000,µg/m3,2018-03-09 06:00:00 +01:00,2018-03-09 07:00:00 +01:00,1,1
GB,http://environment.data.gov.uk/air-quality/so,GB_Network_1,Station_GB1024A,,GB_SamplingPoint_74174,GB_StationProcess_918,GB_SamplingFeature_918,O3,http://dd.eionet.europa.eu/vocabulary/aq/pollutant/7,hour,1.7462400000,µg/m3,2018-03-09 07:00:00 +01:00,2018-03-09 08:00:00 +01:00,2,1
GB,http://environment.data.gov.uk/air-quality/so,GB_Network_1,Station_GB1024A,,GB_SamplingPoint_74174,GB_StationProcess_918,GB_SamplingFeature_918,O3,http://dd.eionet.europa.eu/vocabulary/aq/pollutant/7,hour,1.9957000000,µg/m3,2018-03-09 08:00:00 +01:00,2018-03-09 09:00:00 +01:00,2,1
GB,http://environment.data.gov.uk/air-quality/so,GB_Network_1,Station_GB1024A,,GB_SamplingPoint_74174,GB_StationProcess_918,GB_SamplingFeature_918,O3,http://dd.eionet.europa.eu/vocabulary/aq/pollutant/7,hour,3.9914000000,µg/m3,2018-03-09 10:00:00 +01:00,2018-03-09 11:00:00 +01:00,2,1
GB,http://environment.data.gov.uk/air-quality/so,GB_Network_1,Station_GB1024A,,GB_SamplingPoint_74174,GB_StationProcess_918,GB_SamplingFeature_918,O3,http://dd.eionet.europa.eu/vocabulary/aq/pollutant/7,hour,42.4585200000,µg/m3,2018-03-09 13:00:00 +01:00,2018-03-09 14:00:00 +01:00,1,1
GB,http://environment.data.gov.uk/air-quality/so,GB_Network_1,Station_GB1024A,,GB_SamplingPoint_74174,GB_StationProcess_918,GB_SamplingFeature_918,O3,http://dd.eionet.europa.eu/vocabulary/aq/pollutant/7,hour,41.8598100000,µg/m3,2018-03-09 14:00:00 +01:00,2018-03-09 15:00:00 +01:00,1,1
GB,http://environment.data.gov.uk/air-quality/so,GB_Network_1,Station_GB1024A,,GB_SamplingPoint_74174,GB_StationProcess_918,GB_SamplingFeature_918,O3,http://dd.eionet.europa.eu/vocabulary/aq/pollutant/7,hour,47.3978800000,µg/m3,2018-03-09 15:00:00 +01:00,2018-03-09 16:00:00 +01:00,1,1
GB,http://environment.data.gov.uk/air-quality/so,GB_Network_1,Station_GB1024A,,GB_SamplingPoint_74174,GB_StationProcess_918,GB_SamplingFeature_918,O3,http://dd.eionet.europa.eu/vocabulary/aq/pollutant/7,hour,30.6838900000,µg/m3,2018-03-09 16:00:00 +01:00,2018-03-09 17:00:00 +01:00,1,1
GB,http://environment.data.gov.uk/air-quality/so,GB_Network_1,Station_GB1024A,,GB_SamplingPoint_74174,GB_StationProcess_918,GB_SamplingFeature_918,O3,http://dd.eionet.europa.eu/vocabulary/aq/pollutant/7,hour,14.3191500000,µg/m3,2018-03-09 18:00:00 +01:00,2018-03-09 19:00:00 +01:00,1,1
GB,http://environment.data.gov.uk/air-quality/so,GB_Network_1,Station_GB1024A,,GB_SamplingPoint_74174,GB_StationProcess_918,GB_SamplingFeature_918,O3,http://dd.eionet.europa.eu/vocabulary/aq/pollutant/7,hour,4.8395700000,µg/m3,2018-03-09 19:00:00 +01:00,2018-03-09 20:00:00 +01:00,2,1
GB,http://environment.data.gov.uk/air-quality/so,GB_Network_1,Station_GB1024A,,GB_SamplingPoint_74174,GB_StationProcess_918,GB_SamplingFeature_918,O3,http://dd.eionet.europa.eu/vocabulary/aq/pollutant/7,hour,1.0976400000,µg/m3,2018-03-09 20:00:00 +01:00,2018-03-09 21:00:00 +01:00,2,1
GB,http://environment.data.gov.uk/air-quality/so,GB_Network_1,Station_GB1024A,,GB_SamplingPoint_74174,GB_StationProcess_918,GB_SamplingFeature_918,O3,http://dd.eionet.europa.eu/vocabulary/aq/pollutant/7,hour,1.2972100000,µg/m3,2018-03-09 21:00:00 +01:00,2018-03-09 22:00:00 +01:00,2,1
GB,http://environment.data.gov.uk/air-quality/so,GB_Network_1,Station_GB1024A,,GB_SamplingPoint_74174,GB_StationProcess_918,GB_SamplingFeature_918,O3,http://dd.eionet.europa.eu/vocabulary/aq/pollutant/7,hour,0.8481700000,µg/m3,2018-03-09 22:00:00 +01:00,2018-03-09 23:00:00 +01:00,2,1
GB,http://environment.data.gov.uk/air-quality/so,GB_Network_1,Station_GB1024A,,GB_SamplingPoint_74174,GB_StationProcess_918,GB_SamplingFeature_918,O3,http://dd.eionet.europa.eu/vocabulary/aq/pollutant/7,hour,21.2542100000,µg/m3,2018-03-10 00:00:00 +01:00,2018-03-10 01:00:00 +01:00,1,1
GB,http://environment.data.gov.uk/air-quality/so,GB_Network_1,Station_GB1024A,,GB_SamplingPoint_74174,GB_StationProcess_918,GB_SamplingFeature_918,O3,http://dd.eionet.europa.eu/vocabulary/aq/pollutant/7,hour,30.3346400000,µg/m3,2018-03-10 03:00:00 +01:00,2018-03-10 04:00:00 +01:00,1,1
GB,http://environment.data.gov.uk/air-quality/so,GB_Network_1,Station_GB1024A,,GB_SamplingPoint_74174,GB_StationProcess_918,GB_SamplingFeature_918,O3,http://dd.eionet.europa.eu/vocabulary/aq/pollutant/7,hour,28.2890500000,µg/m3,2018-03-10 08:00:00 +01:00,2018-03-10 09:00:00 +01:00,1,1
GB,http://environment.data.gov.uk/air-quality/so,GB_Network_1,Station_GB1024A,,GB_SamplingPoint_74174,GB_StationProcess_918,GB_SamplingFeature_918,O3,http://dd.eionet.europa.eu/vocabulary/aq/pollutant/7,hour,29.7359300000,µg/m3,2018-03-10 10:00:00 +01:00,2018-03-10 11:00:00 +01:00,1,1
GB,http://environment.data.gov.uk/air-quality/so,GB_Network_1,Station_GB1024A,,GB_SamplingPoint_74174,GB_StationProcess_918,GB_SamplingFeature_918,O3,http://dd.eionet.europa.eu/vocabulary/aq/pollutant/7,hour,38.3673300000,µg/m3,2018-03-10 12:00:00 +01:00,2018-03-10 13:00:00 +01:00,1,1
GB,http://environment.data.gov.uk/air-quality/so,GB_Network_1,Station_GB1024A,,GB_SamplingPoint_74174,GB_StationProcess_918,GB_SamplingFeature_918,O3,http://dd.eionet.europa.eu/vocabulary/aq/pollutant/7,hour,38.2176600000,µg/m3,2018-03-10 14:00:00 +01:00,2018-03-10 15:00:00 +01:00,1,1
GB,http://environment.data.gov.uk/air-quality/so,GB_Network_1,Station_GB1024A,,GB_SamplingPoint_74174,GB_StationProcess_918,GB_SamplingFeature_918,O3,http://dd.eionet.europa.eu/vocabulary/aq/pollutant/7,hour,50.9402400000,µg/m3,2018-03-10 16:00:00 +01:00,2018-03-10 17:00:00 +01:00,1,1
GB,http://environment.data.gov.uk/air-quality/so,GB_Network_1,Station_GB1024A,,GB_SamplingPoint_74174,GB_StationProcess_918,GB_SamplingFeature_918,O3,http://dd.eionet.europa.eu/vocabulary/aq/pollutant/7,hour,67.0555200000,µg/m3,2018-03-10 18:00:00 +01:00,2018-03-10 19:00:00 +01:00,1,1
GB,http://environment.data.gov.uk/air-quality/so,GB_Network_1,Station_GB1024A,,GB_SamplingPoint_74174,GB_StationProcess_918,GB_SamplingFeature_918,O3,http://dd.eionet.europa.eu/vocabulary/aq/pollutant/7,hour,62.1660600000,µg/m3,2018-03-10 19:00:00 +01:00,2018-03-10 20:00:00 +01:00,1,1
GB,http://environment.data.gov.uk/air-quality/so,GB_Network_1,Station_GB1024A,,GB_SamplingPoint_74174,GB_StationProcess_918,GB_SamplingFeature_918,O3,http://dd.eionet.europa.eu/vocabulary/aq/pollutant/7,hour,51.2396000000,µg/m3,2018-03-10 20:00:00 +01:00,2018-03-10 21:00:00 +01:00,1,1
GB,http://environment.data.gov.uk/air-quality/so,GB_Network_1,Station_GB1024A,,GB_SamplingPoint_74174,GB_StationProcess_918,GB_SamplingFeature_918,O3,http://dd.eionet.europa.eu/vocabulary/aq/pollutant/7,hour,45.3522800000,µg/m3,2018-03-10 21:00:00 +01:00,2018-03-10 22:00:00 +01:00,1,1
GB,http://environment.data.gov.uk/air-quality/so,GB_Network_1,Station_GB1024A,,GB_SamplingPoint_74174,GB_StationProcess_918,GB_SamplingFeature_918,O3,http://dd.eionet.europa.eu/vocabulary/aq/pollutant/7,hour,47.3978800000,µg/m3,2018-03-10 23:00:00 +01:00,2018-03-11 00:00:00 +01:00,1,1
GB,http://environment.data.gov.uk/air-quality/so,GB_Network_1,Station_GB1024A,,GB_SamplingPoint_74174,GB_StationProcess_918,GB_SamplingFeature_918,O3,http://dd.eionet.europa.eu/vocabulary/aq/pollutant/7,hour,24.5970000000,µg/m3,2018-03-11 00:00:00 +01:00,2018-03-11 01:00:00 +01:00,1,1
GB,http://environment.data.gov.uk/air-quality/so,GB_Network_1,Station_GB1024A,,GB_SamplingPoint_74174,GB_StationProcess_918,GB_SamplingFeature_918,O3,http://dd.eionet.europa.eu/vocabulary/aq/pollutant/7,hour,2.6609300000,µg/m3,2018-03-11 01:00:00 +01:00,2018-03-11 02:00:00 +01:00,2,1
GB,http://environment.data.gov.uk/air-quality/so,GB_Network_1,Station_GB1024A,,GB_SamplingPoint_74174,GB_StationProcess_918,GB_SamplingFeature_918,O3,http://dd.eionet.europa.eu/vocabulary/aq/pollutant/7,hour,0.8980700000,µg/m3,2018-03-11 03:00:00 +01:00,2018-03-11 04:00:00 +01:00,2,1
GB,http://environment.data.gov.uk/air-quality/so,GB_Network_1,Station_GB1024A,,GB_SamplingPoint_74174,GB_StationProcess_918,GB_SamplingFeature_918,O3,http://dd.eionet.europa.eu/vocabulary/aq/pollutant/7,hour,0.8980700000,µg/m3,2018-03-11 07:00:00 +01:00,2018-03-11 08:00:00 +01:00,2,1
GB,http://environment.data.gov.uk/air-quality/so,GB_Network_1,Station_GB1024A,,GB_SamplingPoint_74174,GB_StationProcess_918,GB_SamplingFeature_918,O3,http://dd.eionet.europa.eu/vocabulary/aq/pollutant/7,hour,18.7595800000,µg/m3,2018-03-11 10:00:00 +01:00,2018-03-11 11:00:00 +01:00,1,1
GB,http://environment.data.gov.uk/air-quality/so,GB_Network_1,Station_GB1024A,,GB_SamplingPoint_74174,GB_StationProcess_918,GB_SamplingFeature_918,O3,http://dd.eionet.europa.eu/vocabulary/aq/pollutant/7,hour,58.1247600000,µg/m3,2018-03-11 14:00:00 +01:00,2018-03-11 15:00:00 +01:00,1,1
GB,http://environment.data.gov.uk/air-quality/so,GB_Network_1,Station_GB1024A,,GB_SamplingPoint_74174,GB_StationProcess_918,GB_SamplingFeature_918,O3,http://dd.eionet.europa.eu/vocabulary/aq/pollutant/7,hour,50.0421800000,µg/m3,2018-03-11 16:00:00 +01:00,2018-03-11 17:00:00 +01:00,1,1
GB,http://environment.data.gov.uk/air-quality/so,GB_Network_1,Station_GB1024A,,GB_SamplingPoint_74174,GB_StationProcess_918,GB_SamplingFeature_918,O3,http://dd.eionet.europa.eu/vocabulary/aq/pollutant/7,hour,38.4671200000,µg/m3,2018-03-11 17:00:00 +01:00,2018-03-11 18:00:00 +01:00,1,1
GB,http://environment.data.gov.uk/air-quality/so,GB_Network_1,Station_GB1024A,,GB_SamplingPoint_74174,GB_StationProcess_918,GB_SamplingFeature_918,O3,http://dd.eionet.europa.eu/vocabulary/aq/pollutant/7,hour,27.4907700000,µg/m3,2018-03-11 18:00:00 +01:00,2018-03-11 19:00:00 +01:00,1,1
GB,http://environment.data.gov.uk/air-quality/so,GB_Network_1,Station_GB1024A,,GB_SamplingPoint_74174,GB_StationProcess_918,GB_SamplingFeature_918,O3,http://dd.eionet.europa.eu/vocabulary/aq/pollutant/7,hour,21.1045300000,µg/m3,2018-03-11 19:00:00 +01:00,2018-03-11 20:00:00 +01:00,1,1
GB,http://environment.data.gov.uk/air-quality/so,GB_Network_1,Station_GB1024A,,GB_SamplingPoint_74174,GB_StationProcess_918,GB_SamplingFeature_918,O3,http://dd.eionet.europa.eu/vocabulary/aq/pollutant/7,hour,23.7488300000,µg/m3,2018-03-11 20:00:00 +01:00,2018-03-11 21:00:00 +01:00,1,1
GB,http://environment.data.gov.uk/air-quality/so,GB_Network_1,Station_GB1024A,,GB_SamplingPoint_74174,GB_StationProcess_918,GB_SamplingFeature_918,O3,http://dd.eionet.europa.eu/vocabulary/aq/pollutant/7,hour,17.0632400000,µg/m3,2018-03-11 21:00:00 +01:00,2018-03-11 22:00:00 +01:00,1,1
GB,http://environment.data.gov.uk/air-quality/so,GB_Network_1,Station_GB1024A,,GB_SamplingPoint_74174,GB_StationProcess_918,GB_SamplingFeature_918,O3,http://dd.eionet.europa.eu/vocabulary/aq/pollutant/7,hour,13.4709800000,µg/m3,2018-03-11 22:00:00 +01:00,2018-03-11 23:00:00 +01:00,1,1
GB,http://environment.data.gov.uk/air-quality/so,GB_Network_1,Station_GB1024A,,GB_SamplingPoint_74174,GB_StationProcess_918,GB_SamplingFeature_918,O3,http://dd.eionet.europa.eu/vocabulary/aq/pollutant/7,hour,8.4817300000,µg/m3,2018-03-11 23:00:00 +01:00,2018-03-12 00:00:00 +01:00,1,1
GB,http://environment.data.gov.uk/air-quality/so,GB_Network_1,Station_GB1024A,,GB_SamplingPoint_74174,GB_StationProcess_918,GB_SamplingFeature_918,O3,http://dd.eionet.europa.eu/vocabulary/aq/pollutant/7,hour,30.2348600000,µg/m3,2018-03-12 05:00:00 +01:00,2018-03-12 06:00:00 +01:00,1,1
GB,http://environment.data.gov.uk/air-quality/so,GB_Network_1,Station_GB1024A,,GB_SamplingPoint_74174,GB_StationProcess_918,GB_SamplingFeature_918,O3,http://dd.eionet.europa.eu/vocabulary/aq/pollutant/7,hour,16.2150600000,µg/m3,2018-03-12 07:00:00 +01:00,2018-03-12 08:00:00 +01:00,1,1
GB,http://environment.data.gov.uk/air-quality/so,GB_Network_1,Station_GB1024A,,GB_SamplingPoint_74174,GB_StationProcess_918,GB_SamplingFeature_918,O3,http://dd.eionet.europa.eu/vocabulary/aq/pollutant/7,hour,5.2886100000,µg/m3,2018-03-12 09:00:00 +01:00,2018-03-12 10:00:00 +01:00,2,1
GB,http://environment.data.gov.uk/air-quality/so,GB_Network_1,Station_GB1024A,,GB_SamplingPoint_74174,GB_StationProcess_918,GB_SamplingFeature_918,O3,http://dd.eionet.europa.eu/vocabulary/aq/pollutant/7,hour,14.5187200000,µg/m3,2018-03-12 11:00:00 +01:00,2018-03-12 12:00:00 +01:00,1,1
GB,http://environment.data.gov.uk/air-quality/so,GB_Network_1,Station_GB1024A,,GB_SamplingPoint_74174,GB_StationProcess_918,GB_SamplingFeature_918,O3,http://dd.eionet.europa.eu/vocabulary/aq/pollutant/7,hour,23.2998000000,µg/m3,2018-03-12 12:00:00 +01:00,2018-03-12 13:00:00 +01:00,1,1
GB,http://environment.data.gov.uk/air-quality/so,GB_Network_1,Station_GB1024A,,GB_SamplingPoint_74174,GB_StationProcess_918,GB_SamplingFeature_918,O3,http://dd.eionet.europa.eu/vocabulary/aq/pollutant/7,hour,20.6555000000,µg/m3,2018-03-12 13:00:00 +01:00,2018-03-12 14:00:00 +01:00,1,1
GB,http://environment.data.gov.uk/air-quality/so,GB_Network_1,Station_GB1024A,,GB_SamplingPoint_74174,GB_StationProcess_918,GB_SamplingFeature_918,O3,http://dd.eionet.europa.eu/vocabulary/aq/pollutant/7,hour,37.2198100000,µg/m3,2018-03-12 15:00:00 +01:00,2018-03-12 16:00:00 +01:00,1,1
GB,http://environment.data.gov.uk/air-quality/so,GB_Network_1,Station_GB1024A,,GB_SamplingPoint_74174,GB_StationProcess_918,GB_SamplingFeature_918,O3,http://dd.eionet.europa.eu/vocabulary/aq/pollutant/7,hour,25.5948500000,µg/m3,2018-03-12 16:00:00 +01:00,2018-03-12 17:00:00 +01:00,1,1
GB,http://environment.data.gov.uk/air-quality/so,GB_Network_1,Station_GB1024A,,GB_SamplingPoint_74174,GB_StationProcess_918,GB_SamplingFeature_918,O3,http://dd.eionet.europa.eu/vocabulary/aq/pollutant/7,hour,17.9613000000,µg/m3,2018-03-12 17:00:00 +01:00,2018-03-12 18:00:00 +01:00,1,1
GB,http://environment.data.gov.uk/air-quality/so,GB_Network_1,Station_GB1024A,,GB_SamplingPoint_74174,GB_StationProcess_918,GB_SamplingFeature_918,O3,http://dd.eionet.europa.eu/vocabulary/aq/pollutant/7,hour,17.2129100000,µg/m3,2018-03-12 18:00:00 +01:00,2018-03-12 19:00:00 +01:00,1,1
GB,http://environment.data.gov.uk/air-quality/so,GB_Network_1,Station_GB1024A,,GB_SamplingPoint_74174,GB_StationProcess_918,GB_SamplingFeature_918,O3,http://dd.eionet.europa.eu/vocabulary/aq/pollutant/7,hour,15.6662500000,µg/m3,2018-03-12 19:00:00 +01:00,2018-03-12 20:00:00 +01:00,1,1
GB,http://environment.data.gov.uk/air-quality/so,GB_Network_1,Station_GB1024A,,GB_SamplingPoint_74174,GB_StationProcess_918,GB_SamplingFeature_918,O3,http://dd.eionet.europa.eu/vocabulary/aq/pollutant/7,hour,26.4430300000,µg/m3,2018-03-12 20:00:00 +01:00,2018-03-12 21:00:00 +01:00,1,1
GB,http://environment.data.gov.uk/air-quality/so,GB_Network_1,Station_GB1024A,,GB_SamplingPoint_74174,GB_StationProcess_918,GB_SamplingFeature_918,O3,http://dd.eionet.europa.eu/vocabulary/aq/pollutant/7,hour,32.5299100000,µg/m3,2018-03-12 22:00:00 +01:00,2018-03-12 23:00:00 +01:00,1,1
GB,http://environment.data.gov.uk/air-quality/so,GB_Network_1,Station_GB1024A,,GB_SamplingPoint_74174,GB_StationProcess_918,GB_SamplingFeature_918,O3,http://dd.eionet.europa.eu/vocabulary/aq/pollutant/7,hour,58.6735800000,µg/m3,2018-03-13 02:00:00 +01:00,2018-03-13 03:00:00 +01:00,1,1
GB,http://environment.data.gov.uk/air-quality/so,GB_Network_1,Station_GB1024A,,GB_SamplingPoint_74174,GB_StationProcess_918,GB_SamplingFeature_918,O3,http://dd.eionet.europa.eu/vocabulary/aq/pollutant/7,hour,53.9337900000,µg/m3,2018-03-13 03:00:00 +01:00,2018-03-13 04:00:00 +01:00,1,1
GB,http://environment.data.gov.uk/air-quality/so,GB_Network_1,Station_GB1024A,,GB_SamplingPoint_74174,GB_StationProcess_918,GB_SamplingFeature_918,O3,http://dd.eionet.europa.eu/vocabulary/aq/pollutant/7,hour,50.0421800000,µg/m3,2018-03-13 04:00:00 +01:00,2018-03-13 05:00:00 +01:00,1,1
GB,http://environment.data.gov.uk/air-quality/so,GB_Network_1,Station_GB1024A,,GB_SamplingPoint_74174,GB_StationProcess_918,GB_SamplingFeature_918,O3,http://dd.eionet.europa.eu/vocabulary/aq/pollutant/7,hour,24.8963600000,µg/m3,2018-03-13 07:00:00 +01:00,2018-03-13 08:00:00 +01:00,1,1
GB,http://environment.data.gov.uk/air-quality/so,GB_Network_1,Station_GB1024A,,GB_SamplingPoint_74174,GB_StationProcess_918,GB_SamplingFeature_918,O3,http://dd.eionet.europa.eu/vocabulary/aq/pollutant/7,hour,11.2757100000,µg/m3,2018-03-13 08:00:00 +01:00,2018-03-13 09:00:00 +01:00,1,1
GB,http://environment.data.gov.uk/air-quality/so,GB_Network_1,Station_GB1024A,,GB_SamplingPoint_74174,GB_StationProcess_918,GB_SamplingFeature_918,O3,http://dd.eionet.europa.eu/vocabulary/aq/pollutant/7,hour,28.4886200000,µg/m3,2018-03-13 10:00:00 +01:00,2018-03-13 11:00:00 +01:00,1,1
GB,http://environment.data.gov.uk/air-quality/so,GB_Network_1,Station_GB1024A,,GB_SamplingPoint_74174,GB_StationProcess_918,GB_SamplingFeature_918,O3,http://dd.eionet.europa.eu/vocabulary/aq/pollutant/7,hour,45.0529300000,µg/m3,2018-03-13 11:00:00 +01:00,2018-03-13 12:00:00 +01:00,1,1
GB,http://environment.data.gov.uk/air-quality/so,GB_Network_1,Station_GB1024A,,GB_SamplingPoint_74174,GB_StationProcess_918,GB_SamplingFeature_918,O3,http://dd.eionet.europa.eu/vocabulary/aq/pollutant/7,hour,,µg/m3,2018-03-13 13:00:00 +01:00,2018-03-13 14:00:00 +01:00,-1,1
GB,http://environment.data.gov.uk/air-quality/so,GB_Network_1,Station_GB1024A,,GB_SamplingPoint_74174,GB_StationProcess_918,GB_SamplingFeature_918,O3,http://dd.eionet.europa.eu/vocabulary/aq/pollutant/7,hour,56.4783100000,µg/m3,2018-03-13 14:00:00 +01:00,2018-03-13 15:00:00 +01:00,1,1
GB,http://environment.data.gov.uk/air-quality/so,GB_Network_1,Station_GB1024A,,GB_SamplingPoint_74174,GB_StationProcess_918,GB_SamplingFeature_918,O3,http://dd.eionet.europa.eu/vocabulary/aq/pollutant/7,hour,52.5867000000,µg/m3,2018-03-13 15:00:00 +01:00,2018-03-13 16:00:00 +01:00,1,1
GB,http://environment.data.gov.uk/air-quality/so,GB_Network_1,Station_GB1024A,,GB_SamplingPoint_74174,GB_StationProcess_918,GB_SamplingFeature_918,O3,http://dd.eionet.europa.eu/vocabulary/aq/pollutant/7,hour,52.4869100000,µg/m3,2018-03-13 16:00:00 +01:00,2018-03-13 17:00:00 +01:00,1,1
GB,http://environment.data.gov.uk/air-quality/so,GB_Network_1,Station_GB1024A,,GB_SamplingPoint_74174,GB_StationProcess_918,GB_SamplingFeature_918,O3,http://dd.eionet.europa.eu/vocabulary/aq/pollutant/7,hour,41.2112100000,µg/m3,2018-03-13 17:00:00 +01:00,2018-03-13 18:00:00 +01:00,1,1
GB,http://environment.data.gov.uk/air-quality/so,GB_Network_1,Station_GB1024A,,GB_SamplingPoint_74174,GB_StationProcess_918,GB_SamplingFeature_918,O3,http://dd.eionet.europa.eu/vocabulary/aq/pollutant/7,hour,38.4172300000,µg/m3,2018-03-13 18:00:00 +01:00,2018-03-13 19:00:00 +01:00,1,1
GB,http://environment.data.gov.uk/air-quality/so,GB_Network_1,Station_GB1024A,,GB_SamplingPoint_74174,GB_StationProcess_918,GB_SamplingFeature_918,O3,http://dd.eionet.europa.eu/vocabulary/aq/pollutant/7,hour,13.6705500000,µg/m3,2018-03-13 19:00:00 +01:00,2018-03-13 20:00:00 +01:00,1,1
GB,http://environment.data.gov.uk/air-quality/so,GB_Network_1,Station_GB1024A,,GB_SamplingPoint_74174,GB_StationProcess_918,GB_SamplingFeature_918,O3,http://dd.eionet.europa.eu/vocabulary/aq/pollutant/7,hour,1.6963500000,µg/m3,2018-03-13 20:00:00 +01:00,2018-03-13 21:00:00 +01:00,2,1
GB,http://environment.data.gov.uk/air-quality/so,GB_Network_1,Station_GB1024A,,GB_SamplingPoint_74174,GB_StationProcess_918,GB_SamplingFeature_918,O3,http://dd.eionet.europa.eu/vocabulary/aq/pollutant/7,hour,20.5058200000,µg/m3,2018-03-13 22:00:00 +01:00,2018-03-13 23:00:00 +01:00,1,1
GB,http://environment.data.gov.uk/air-quality/so,GB_Network_1,Station_GB1024A,,GB_SamplingPoint_74174,GB_StationProcess_918,GB_SamplingFeature_918,O3,http://dd.eionet.europa.eu/vocabulary/aq/pollutant/7,hour,36.8206700000,µg/m3,2018-03-13 23:00:00 +01:00,2018-03-14 00:00:00 +01:00,1,1
GB,http://environment.data.gov.uk/air-quality/so,GB_Network_1,Station_GB1024A,,GB_SamplingPoint_74174,GB_StationProcess_918,GB_SamplingFeature_918,O3,http://dd.eionet.europa.eu/vocabulary/aq/pollutant/7,hour,41.3608800000,µg/m3,2018-03-14 00:00:00 +01:00,2018-03-14 01:00:00 +01:00,1,1
GB,http://environment.data.gov.uk/air-quality/so,GB_Network_1,Station_GB1024A,,GB_SamplingPoint_74174,GB_StationProcess_918,GB_SamplingFeature_918,O3,http://dd.eionet.europa.eu/vocabulary/aq/pollutant/7,hour,46.3002400000,µg/m3,2018-03-14 01:00:00 +01:00,2018-03-14 02:00:00 +01:00,1,1
GB,http://environment.data.gov.uk/air-quality/so,GB_Network_1,Station_GB1024A,,GB_SamplingPoint_74174,GB_StationProcess_918,GB_SamplingFeature_918,O3,http://dd.eionet.europa.eu/vocabulary/aq/pollutant/7,hour,25.1458200000,µg/m3,2018-03-14 04:00:00 +01:00,2018-03-14 05:00:00 +01:00,1,1
GB,http://environment.data.gov.uk/air-quality/so,GB_Network_1,Station_GB1024A,,GB_SamplingPoint_74174,GB_StationProcess_918,GB_SamplingFeature_918,O3,http://dd.eionet.europa.eu/vocabulary/aq/pollutant/7,hour,31.9312000000,µg/m3,2018-03-14 05:00:00 +01:00,2018-03-14 06:00:00 +01:00,1,1
GB,http://environment.data.gov.uk/air-quality/so,GB_Network_1,Station_GB1024A,,GB_SamplingPoint_74174,GB_StationProcess_918,GB_SamplingFeature_918,O3,http://dd.eionet.europa.eu/vocabulary/aq/pollutant/7,hour,26.8920600000,µg/m3,2018-03-14 06:00:00 +01:00,2018-03-14 07:00:00 +01:00,1,1
GB,http://environment.data.gov.uk/air-quality/so,GB_Network_1,Station_GB1024A,,GB_SamplingPoint_74174,GB_StationProcess_918,GB_SamplingFeature_918,O3,http://dd.eionet.europa.eu/vocabulary/aq/pollutant/7,hour,17.2628100000,µg/m3,2018-03-14 07:00:00 +01:00,2018-03-14 08:00:00 +01:00,1,1
GB,http://environment.data.gov.uk/air-quality/so,GB_Network_1,Station_GB1024A,,GB_SamplingPoint_74174,GB_StationProcess_918,GB_SamplingFeature_918,O3,http://dd.eionet.europa.eu/vocabulary/aq/pollutant/7,hour,28.4886200000,µg/m3,2018-03-14 08:00:00 +01:00,2018-03-14 09:00:00 +01:00,1,1
GB,http://environment.data.gov.uk/air-quality/so,GB_Network_1,Station_GB1024A,,GB_SamplingPoint_74174,GB_StationProcess_918,GB_SamplingFeature_918,O3,http://dd.eionet.europa.eu/vocabulary/aq/pollutant/7,hour,47.5475500000,µg/m3,2018-03-14 10:00:00 +01:00,2018-03-14 11:00:00 +01:00,1,1
GB,http://environment.data.gov.uk/air-quality/so,GB_Network_1,Station_GB1024A,,GB_SamplingPoint_74174,GB_StationProcess_918,GB_SamplingFeature_918,O3,http://dd.eionet.europa.eu/vocabulary/aq/pollutant/7,hour,80.1772500000,µg/m3,2018-03-14 13:00:00 +01:00,2018-03-14 14:00:00 +01:00,1,1
GB,http://environment.data.gov.uk/air-quality/so,GB_Network_1,Station_GB1024A,,GB_SamplingPoint_74174,GB_StationProcess_918,GB_SamplingFeature_918,O3,http://dd.eionet.europa.eu/vocabulary/aq/pollutant/7,hour,80.5763900000,µg/m3,2018-03-14 14:00:00 +01:00,2018-03-14 15:00:00 +01:00,1,1
GB,http://environment.data.gov.uk/air-quality/so,GB_Network_1,Station_GB1024A,,GB_SamplingPoint_74174,GB_StationProcess_918,GB_SamplingFeature_918,O3,http://dd.eionet.europa.eu/vocabulary/aq/pollutant/7,hour,73.4417600000,µg/m3,2018-03-14 16:00:00 +01:00,2018-03-14 17:00:00 +01:00,1,1
GB,http://environment.data.gov.uk/air-quality/so,GB_Network_1,Station_GB1024A,,GB_SamplingPoint_74174,GB_StationProcess_918,GB_SamplingFeature_918,O3,http://dd.eionet.europa.eu/vocabulary/aq/pollutant/7,hour,63.8624000000,µg/m3,2018-03-14 17:00:00 +01:00,2018-03-14 18:00:00 +01:00,1,1
GB,http://environment.data.gov.uk/air-quality/so,GB_Network_1,Station_GB1024A,,GB_SamplingPoint_74174,GB_StationProcess_918,GB_SamplingFeature_918,O3,http://dd.eionet.europa.eu/vocabulary/aq/pollutant/7,hour,56.7776700000,µg/m3,2018-03-14 23:00:00 +01:00,2018-03-15 00:00:00 +01:00,1,1
GB,http://environment.data.gov.uk/air-quality/so,GB_Network_1,Station_GB1024A,,GB_SamplingPoint_74174,GB_StationProcess_918,GB_SamplingFeature_918,O3,http://dd.eionet.europa.eu/vocabulary/aq/pollutant/7,hour,41.7101300000,µg/m3,2018-03-15 01:00:00 +01:00,2018-03-15 02:00:00 +01:00,1,1
GB,http://environment.data.gov.uk/air-quality/so,GB_Network_1,Station_GB1024A,,GB_SamplingPoint_74174,GB_StationProcess_918,GB_SamplingFeature_918,O3,http://dd.eionet.europa.eu/vocabulary/aq/pollutant/7,hour,42.3753600000,µg/m3,2018-03-15 02:00:00 +01:00,2018-03-15 03:00:00 +01:00,1,1
GB,http://environment.data.gov.uk/air-quality/so,GB_Network_1,Station_GB1024A,,GB_SamplingPoint_74174,GB_StationProcess_918,GB_SamplingFeature_918,O3,http://dd.eionet.europa.eu/vocabulary/aq/pollutant/7,hour,62.6150900000,µg/m3,2018-03-15 04:00:00 +01:00,2018-03-15 05:00:00 +01:00,1,1
GB,http://environment.data.gov.uk/air-quality/so,GB_Network_1,Station_GB1024A,,GB_SamplingPoint_74174,GB_StationProcess_918,GB_SamplingFeature_918,O3,http://dd.eionet.europa.eu/vocabulary/aq/pollutant/7,hour,40.9118500000,µg/m3,2018-03-15 08:00:00 +01:00,2018-03-15 09:00:00 +01:00,1,1
GB,http://environment.data.gov.uk/air-quality/so,GB_Network_1,Station_GB1024A,,GB_SamplingPoint_74174,GB_StationProcess_918,GB_SamplingFeature_918,O3,http://dd.eionet.europa.eu/vocabulary/aq/pollutant/7,hour,35.1742100000,µg/m3,2018-03-15 10:00:00 +01:00,2018-03-15 11:00:00 +01:00,1,1
GB,http://environment.data.gov.uk/air-quality/so,GB_Network_1,Station_GB1024A,,GB_SamplingPoint_74174,GB_StationProcess_918,GB_SamplingFeature_918,O3,http://dd.eionet.europa.eu/vocabulary/aq/pollutant/7,hour,61.6172400000,µg/m3,2018-03-15 13:00:00 +01:00,2018-03-15 14:00:00 +01:00,1,1
GB,http://environment.data.gov.uk/air-quality/so,GB_Network_1,Station_GB1024A,,GB_SamplingPoint_74174,GB_StationProcess_918,GB_SamplingFeature_918,O3,http://dd.eionet.europa.eu/vocabulary/aq/pollutant/7,hour,67.5544500000,µg/m3,2018-03-15 14:00:00 +01:00,2018-03-15 15:00:00 +01:00,1,1
GB,http://environment.data.gov.uk/air-quality/so,GB_Network_1,Station_GB1024A,,GB_SamplingPoint_74174,GB_StationProcess_918,GB_SamplingFeature_918,O3,http://dd.eionet.europa.eu/vocabulary/aq/pollutant/7,hour,60.9187400000,µg/m3,2018-03-15 15:00:00 +01:00,2018-03-15 16:00:00 +01:00,1,1
GB,http://environment.data.gov.uk/air-quality/so,GB_Network_1,Station_GB1024A,,GB_SamplingPoint_74174,GB_StationProcess_918,GB_SamplingFeature_918,O3,http://dd.eionet.europa.eu/vocabulary/aq/pollutant/7,hour,48.6451900000,µg/m3,2018-03-15 17:00:00 +01:00,2018-03-15 18:00:00 +01:00,1,1
GB,http://environment.data.gov.uk/air-quality/so,GB_Network_1,Station_GB1024A,,GB_SamplingPoint_74174,GB_StationProcess_918,GB_SamplingFeature_918,O3,http://dd.eionet.europa.eu/vocabulary/aq/pollutant/7,hour,12.2735600000,µg/m3,2018-03-15 23:00:00 +01:00,2018-03-16 00:00:00 +01:00,1,1
GB,http://environment.data.gov.uk/air-quality/so,GB_Network_1,Station_GB1024A,,GB_SamplingPoint_74174,GB_StationProcess_918,GB_SamplingFeature_918,O3,http://dd.eionet.europa.eu/vocabulary/aq/pollutant/7,hour,12.5729100000,µg/m3,2018-03-16 02:00:00 +01:00,2018-03-16 03:00:00 +01:00,1,1
GB,http://environment.data.gov.uk/air-quality/so,GB_Network_1,Station_GB1024A,,GB_SamplingPoint_74174,GB_StationProcess_918,GB_SamplingFeature_918,O3,http://dd.eionet.europa.eu/vocabulary/aq/pollutant/7,hour,59.4718600000,µg/m3,2018-03-16 03:00:00 +01:00,2018-03-16 04:00:00 +01:00,1,1
GB,http://environment.data.gov.uk/air-quality/so,GB_Network_1,Station_GB1024A,,GB_SamplingPoint_74174,GB_StationProcess_918,GB_SamplingFeature_918,O3,http://dd.eionet.europa.eu/vocabulary/aq/pollutant/7,hour,78.8301500000,µg/m3,2018-03-16 06:00:00 +01:00,2018-03-16 07:00:00 +01:00,1,1
GB,http://environment.data.gov.uk/air-quality/so,GB_Network_1,Station_GB1024A,,GB_SamplingPoint_74174,GB_StationProcess_918,GB_SamplingFeature_918,O3,http://dd.eionet.europa.eu/vocabulary/aq/pollutant/7,hour,58.9729400000,µg/m3,2018-03-16 07:00:00 +01:00,2018-03-16 08:00:00 +01:00,1,1
GB,http://environment.data.gov.uk/air-quality/so,GB_Network_1,Station_GB1024A,,GB_SamplingPoint_74174,GB_StationProcess_918,GB_SamplingFeature_918,O3,http://dd.eionet.europa.eu/vocabulary/aq/pollutant/7,hour,59.8710000000,µg/m3,2018-03-16 09:00:00 +01:00,2018-03-16 10:00:00 +01:00,1,1
GB,http://environment.data.gov.uk/air-quality/so,GB_Network_1,Station_GB1024A,,GB_SamplingPoint_74174,GB_StationProcess_918,GB_SamplingFeature_918,O3,http://dd.eionet.europa.eu/vocabulary/aq/pollutant/7,hour,67.8538000000,µg/m3,2018-03-16 10:00:00 +01:00,2018-03-16 11:00:00 +01:00,1,1
GB,http://environment.data.gov.uk/air-quality/so,GB_Network_1,Station_GB1024A,,GB_SamplingPoint_74174,GB_StationProcess_918,GB_SamplingFeature_918,O3,http://dd.eionet.europa.eu/vocabulary/aq/pollutant/7,hour,74.0903600000,µg/m3,2018-03-16 11:00:00 +01:00,2018-03-16 12:00:00 +01:00,1,1
GB,http://environment.data.gov.uk/air-quality/so,GB_Network_1,Station_GB1024A,,GB_SamplingPoint_74174,GB_StationProcess_918,GB_SamplingFeature_918,O3,http://dd.eionet.europa.eu/vocabulary/aq/pollutant/7,hour,70.1987500000,µg/m3,2018-03-16 16:00:00 +01:00,2018-03-16 17:00:00 +01:00,1,1
GB,http://environment.data.gov.uk/air-quality/so,GB_Network_1,Station_GB1024A,,GB_SamplingPoint_74174,GB_StationProcess_918,GB_SamplingFeature_918,O3,http://dd.eionet.europa.eu/vocabulary/aq/pollutant/7,hour,20.8550700000,µg/m3,2018-03-16 20:00:00 +01:00,2018-03-16 21:00:00 +01:00,1,1
GB,http://environment.data.gov.uk/air-quality/so,GB_Network_1,Station_GB1024A,,GB_SamplingPoint_74174,GB_StationProcess_918,GB_SamplingFeature_918,O3,http://dd.eionet.europa.eu/vocabulary/aq/pollutant/7,hour,1.4967800000,µg/m3,2018-03-16 21:00:00 +01:00,2018-03-16 22:00:00 +01:00,2,1
GB,http://environment.data.gov.uk/air-quality/so,GB_Network_1,Station_GB1024A,,GB_SamplingPoint_74174,GB_StationProcess_918,GB_SamplingFeature_918,O3,http://dd.eionet.europa.eu/vocabulary/aq/pollutant/7,hour,5.3883900000,µg/m3,2018-03-16 22:00:00 +01:00,2018-03-16 23:00:00 +01:00,2,1
GB,http://environment.data.gov.uk/air-quality/so,GB_Network_1,Station_GB1024A,,GB_SamplingPoint_74174,GB_StationProcess_918,GB_SamplingFeature_918,O3,http://dd.eionet.europa.eu/vocabulary/aq/pollutant/7,hour,43.3066900000,µg/m3,2018-03-16 23:00:00 +01:00,2018-03-17 00:00:00 +01:00,1,1
GB,http://environment.data.gov.uk/air-quality/so,GB_Network_1,Station_GB1024A,,GB_SamplingPoint_74174,GB_StationProcess_918,GB_SamplingFeature_918,O3,http://dd.eionet.europa.eu/vocabulary/aq/pollutant/7,hour,53.9337900000,µg/m3,2018-03-17 00:00:00 +01:00,2018-03-17 01:00:00 +01:00,1,1
GB,http://environment.data.gov.uk/air-quality/so,GB_Network_1,Station_GB1024A,,GB_SamplingPoint_74174,GB_StationProcess_918,GB_SamplingFeature_918,O3,http://dd.eionet.europa.eu/vocabulary/aq/pollutant/7,hour,37.2530700000,µg/m3,2018-03-17 01:00:00 +01:00,2018-03-17 02:00:00 +01:00,1,1
GB,http://environment.data.gov.uk/air-quality/so,GB_Network_1,Station_GB1024A,,GB_SamplingPoint_74174,GB_StationProcess_918,GB_SamplingFeature_918,O3,http://dd.eionet.europa.eu/vocabulary/aq/pollutant/7,hour,19.4248100000,µg/m3,2018-03-17 02:00:00 +01:00,2018-03-17 03:00:00 +01:00,1,1
GB,http://environment.data.gov.uk/air-quality/so,GB_Network_1,Station_GB1024A,,GB_SamplingPoint_74174,GB_StationProcess_918,GB_SamplingFeature_918,O3,http://dd.eionet.europa.eu/vocabulary/aq/pollutant/7,hour,17.1131300000,µg/m3,2018-03-17 03:00:00 +01:00,2018-03-17 04:00:00 +01:00,1,1
GB,http://environment.data.gov.uk/air-quality/so,GB_Network_1,Station_GB1024A,,GB_SamplingPoint_74174,GB_StationProcess_918,GB_SamplingFeature_918,O3,http://dd.eionet.europa.eu/vocabulary/aq/pollutant/7,hour,28.4387300000,µg/m3,2018-03-17 04:00:00 +01:00,2018-03-17 05:00:00 +01:00,1,1
GB,http://environment.data.gov.uk/air-quality/so,GB_Network_1,Station_GB1024A,,GB_SamplingPoint_74174,GB_StationProcess_918,GB_SamplingFeature_918,O3,http://dd.eionet.europa.eu/vocabulary/aq/pollutant/7,hour,50.4912100000,µg/m3,2018-03-17 06:00:00 +01:00,2018-03-17 07:00:00 +01:00,1,1
GB,http://environment.data.gov.uk/air-quality/so,GB_Network_1,Station_GB1024A,,GB_SamplingPoint_74174,GB_StationProcess_918,GB_SamplingFeature_918,O3,http://dd.eionet.europa.eu/vocabulary/aq/pollutant/7,hour,57.1269100000,µg/m3,2018-03-17 08:00:00 +01:00,2018-03-17 09:00:00 +01:00,1,1
GB,http://environment.data.gov.uk/air-quality/so,GB_Network_1,Station_GB1024A,,GB_SamplingPoint_74174,GB_StationProcess_918,GB_SamplingFeature_918,O3,http://dd.eionet.europa.eu/vocabulary/aq/pollutant/7,hour,54.1333600000,µg/m3,2018-03-17 09:00:00 +01:00,2018-03-17 10:00:00 +01:00,1,1
GB,http://environment.data.gov.uk/air-quality/so,GB_Network_1,Station_GB1024A,,GB_SamplingPoint_74174,GB_StationProcess_918,GB_SamplingFeature_918,O3,http://dd.eionet.europa.eu/vocabulary/aq/pollutant/7,hour,57.1768100000,µg/m3,2018-03-17 10:00:00 +01:00,2018-03-17 11:00:00 +01:00,1,1
GB,http://environment.data.gov.uk/air-quality/so,GB_Network_1,Station_GB1024A,,GB_SamplingPoint_74174,GB_StationProcess_918,GB_SamplingFeature_918,O3,http://dd.eionet.europa.eu/vocabulary/aq/pollutant/7,hour,60.2202500000,µg/m3,2018-03-17 11:00:00 +01:00,2018-03-17 12:00:00 +01:00,1,1
GB,http://environment.data.gov.uk/air-quality/so,GB_Network_1,Station_GB1024A,,GB_SamplingPoint_74174,GB_StationProcess_918,GB_SamplingFeature_918,O3,http://dd.eionet.europa.eu/vocabulary/aq/pollutant/7,hour,60.3200300000,µg/m3,2018-03-17 12:00:00 +01:00,2018-03-17 13:00:00 +01:00,1,1
GB,http://environment.data.gov.uk/air-quality/so,GB_Network_1,Station_GB1024A,,GB_SamplingPoint_74174,GB_StationProcess_918,GB_SamplingFeature_918,O3,http://dd.eionet.europa.eu/vocabulary/aq/pollutant/7,hour,61.3178800000,µg/m3,2018-03-17 13:00:00 +01:00,2018-03-17 14:00:00 +01:00,1,1
GB,http://environment.data.gov.uk/air-quality/so,GB_Network_1,Station_GB1024A,,GB_SamplingPoint_74174,GB_StationProcess_918,GB_SamplingFeature_918,O3,http://dd.eionet.europa.eu/vocabulary/aq/pollutant/7,hour,62.8146600000,µg/m3,2018-03-17 14:00:00 +01:00,2018-03-17 15:00:00 +01:00,1,1
GB,http://environment.data.gov.uk/air-quality/so,GB_Network_1,Station_GB1024A,,GB_SamplingPoint_74174,GB_StationProcess_918,GB_SamplingFeature_918,O3,http://dd.eionet.europa.eu/vocabulary/aq/pollutant/7,hour,61.3178800000,µg/m3,2018-03-17 16:00:00 +01:00,2018-03-17 17:00:00 +01:00,1,1
GB,http://environment.data.gov.uk/air-quality/so,GB_Network_1,Station_GB1024A,,GB_SamplingPoint_74174,GB_StationProcess_918,GB_SamplingFeature_918,O3,http://dd.eionet.europa.eu/vocabulary/aq/pollutant/7,hour,64.0619700000,µg/m3,2018-03-17 17:00:00 +01:00,2018-03-17 18:00:00 +01:00,1,1
GB,http://environment.data.gov.uk/air-quality/so,GB_Network_1,Station_GB1024A,,GB_SamplingPoint_74174,GB_StationProcess_918,GB_SamplingFeature_918,O3,http://dd.eionet.europa.eu/vocabulary/aq/pollutant/7,hour,62.6649800000,µg/m3,2018-03-17 19:00:00 +01:00,2018-03-17 20:00:00 +01:00,1,1
GB,http://environment.data.gov.uk/air-quality/so,GB_Network_1,Station_GB1024A,,GB_SamplingPoint_74174,GB_StationProcess_918,GB_SamplingFeature_918,O3,http://dd.eionet.europa.eu/vocabulary/aq/pollutant/7,hour,58.7733700000,µg/m3,2018-03-17 20:00:00 +01:00,2018-03-17 21:00:00 +01:00,1,1
GB,http://environment.data.gov.uk/air-quality/so,GB_Network_1,Station_GB1024A,,GB_SamplingPoint_74174,GB_StationProcess_918,GB_SamplingFeature_918,O3,http://dd.eionet.europa.eu/vocabulary/aq/pollutant/7,hour,58.9230400000,µg/m3,2018-03-17 21:00:00 +01:00,2018-03-17 22:00:00 +01:00,1,1
GB,http://environment.data.gov.uk/air-quality/so,GB_Network_1,Station_GB1024A,,GB_SamplingPoint_74174,GB_StationProcess_918,GB_SamplingFeature_918,O3,http://dd.eionet.europa.eu/vocabulary/aq/pollutant/7,hour,59.7712200000,µg/m3,2018-03-17 22:00:00 +01:00,2018-03-17 23:00:00 +01:00,1,1
GB,http://environment.data.gov.uk/air-quality/so,GB_Network_1,Station_GB1024A,,GB_SamplingPoint_74174,GB_StationProcess_918,GB_SamplingFeature_918,O3,http://dd.eionet.europa.eu/vocabulary/aq/pollutant/7,hour,61.2014700000,µg/m3,2018-03-18 01:00:00 +01:00,2018-03-18 02:00:00 +01:00,1,1
GB,http://environment.data.gov.uk/air-quality/so,GB_Network_1,Station_GB1024A,,GB_SamplingPoint_74174,GB_StationProcess_918,GB_SamplingFeature_918,O3,http://dd.eionet.europa.eu/vocabulary/aq/pollutant/7,hour,64.3114300000,µg/m3,2018-03-18 05:00:00 +01:00,2018-03-18 06:00:00 +01:00,1,1
GB,http://environment.data.gov.uk/air-quality/so,GB_Network_1,Station_GB1024A,,GB_SamplingPoint_74174,GB_StationProcess_918,GB_SamplingFeature_918,O3,http://dd.eionet.europa.eu/vocabulary/aq/pollutant/7,hour,64.0619700000,µg/m3,2018-03-18 06:00:00 +01:00,2018-03-18 07:00:00 +01:00,1,1
GB,http://environment.data.gov.uk/air-quality/so,GB_Network_1,Station_GB1024A,,GB_SamplingPoint_74174,GB_StationProcess_918,GB_SamplingFeature_918,O3,http://dd.eionet.europa.eu/vocabulary/aq/pollutant/7,hour,61.8667000000,µg/m3,2018-03-18 07:00:00 +01:00,2018-03-18 08:00:00 +01:00,1,1
GB,http://environment.data.gov.uk/air-quality/so,GB_Network_1,Station_GB1024A,,GB_SamplingPoint_74174,GB_StationProcess_918,GB_SamplingFeature_918,O3,http://dd.eionet.europa.eu/vocabulary/aq/pollutant/7,hour,59.4219700000,µg/m3,2018-03-18 08:00:00 +01:00,2018-03-18 09:00:00 +01:00,1,1
GB,http://environment.data.gov.uk/air-quality/so,GB_Network_1,Station_GB1024A,,GB_SamplingPoint_74174,GB_StationProcess_918,GB_SamplingFeature_918,O3,http://dd.eionet.europa.eu/vocabulary/aq/pollutant/7,hour,61.3677800000,µg/m3,2018-03-18 10:00:00 +01:00,2018-03-18 11:00:00 +01:00,1,1
GB,http://environment.data.gov.uk/air-quality/so,GB_Network_1,Station_GB1024A,,GB_SamplingPoint_74174,GB_StationProcess_918,GB_SamplingFeature_918,O3,http://dd.eionet.europa.eu/vocabulary/aq/pollutant/7,hour,55.4305700000,µg/m3,2018-03-18 13:00:00 +01:00,2018-03-18 14:00:00 +01:00,1,1
GB,http://environment.data.gov.uk/air-quality/so,GB_Network_1,Station_GB1024A,,GB_SamplingPoint_74174,GB_StationProcess_918,GB_SamplingFeature_918,O3,http://dd.eionet.europa.eu/vocabulary/aq/pollutant/7,hour,54.1333600000,µg/m3,2018-03-18 18:00:00 +01:00,2018-03-18 19:00:00 +01:00,1,1
GB,http://environment.data.gov.uk/air-quality/so,GB_Network_1,Station_GB1024A,,GB_SamplingPoint_74174,GB_StationProcess_918,GB_SamplingFeature_918,O3,http://dd.eionet.europa.eu/vocabulary/aq/pollutant/7,hour,51.2396000000,µg/m3,2018-03-18 19:00:00 +01:00,2018-03-18 20:00:00 +01:00,1,1
GB,http://environment.data.gov.uk/air-quality/so,GB_Network_1,Station_GB1024A,,GB_SamplingPoint_74174,GB_StationProcess_918,GB_SamplingFeature_918,O3,http://dd.eionet.europa.eu/vocabulary/aq/pollutant/7,hour,51.7884200000,µg/m3,2018-03-18 21:00:00 +01:00,2018-03-18 22:00:00 +01:00,1,1
GB,http://environment.data.gov.uk/air-quality/so,GB_Network_1,Station_GB1024A,,GB_SamplingPoint_74174,GB_StationProcess_918,GB_SamplingFeature_918,O3,http://dd.eionet.europa.eu/vocabulary/aq/pollutant/7,hour,52.5867000000,µg/m3,2018-03-18 22:00:00 +01:00,2018-03-18 23:00:00 +01:00,1,1
GB,http://environment.data.gov.uk/air-quality/so,GB_Network_1,Station_GB1024A,,GB_SamplingPoint_74174,GB_StationProcess_918,GB_SamplingFeature_918,O3,http://dd.eionet.europa.eu/vocabulary/aq/pollutant/7,hour,56.7776700000,µg/m3,2018-03-19 00:00:00 +01:00,2018-03-19 01:00:00 +01:00,1,1
GB,http://environment.data.gov.uk/air-quality/so,GB_Network_1,Station_GB1024A,,GB_SamplingPoint_74174,GB_StationProcess_918,GB_SamplingFeature_918,O3,http://dd.eionet.europa.eu/vocabulary/aq/pollutant/7,hour,61.2014700000,µg/m3,2018-03-19 01:00:00 +01:00,2018-03-19 02:00:00 +01:00,1,1
GB,http://environment.data.gov.uk/air-quality/so,GB_Network_1,Station_GB1024A,,GB_SamplingPoint_74174,GB_StationProcess_918,GB_SamplingFeature_918,O3,http://dd.eionet.europa.eu/vocabulary/aq/pollutant/7,hour,64.9933000000,µg/m3,2018-03-19 02:00:00 +01:00,2018-03-19 03:00:00 +01:00,1,1
GB,http://environment.data.gov.uk/air-quality/so,GB_Network_1,Station_GB1024A,,GB_SamplingPoint_74174,GB_StationProcess_918,GB_SamplingFeature_918,O3,http://dd.eionet.europa.eu/vocabulary/aq/pollutant/7,hour,71.4460600000,µg/m3,2018-03-19 03:00:00 +01:00,2018-03-19 04:00:00 +01:00,1,1
GB,http://environment.data.gov.uk/air-quality/so,GB_Network_1,Station_GB1024A,,GB_SamplingPoint_74174,GB_StationProcess_918,GB_SamplingFeature_918,O3,http://dd.eionet.europa.eu/vocabulary/aq/pollutant/7,hour,72.3441300000,µg/m3,2018-03-19 05:00:00 +01:00,2018-03-19 06:00:00 +01:00,1,1
GB,http://environment.data.gov.uk/air-quality/so,GB_Network_1,Station_GB1024A,,GB_SamplingPoint_74174,GB_StationProcess_918,GB_SamplingFeature_918,O3,http://dd.eionet.europa.eu/vocabulary/aq/pollutant/7,hour,66.4069200000,µg/m3,2018-03-19 06:00:00 +01:00,2018-03-19 07:00:00 +01:00,1,1
GB,http://environment.data.gov.uk/air-quality/so,GB_Network_1,Station_GB1024A,,GB_SamplingPoint_74174,GB_StationProcess_918,GB_SamplingFeature_918,O3,http://dd.eionet.europa.eu/vocabulary/aq/pollutant/7,hour,55.5802500000,µg/m3,2018-03-19 08:00:00 +01:00,2018-03-19 09:00:00 +01:00,1,1
GB,http://environment.data.gov.uk/air-quality/so,GB_Network_1,Station_GB1024A,,GB_SamplingPoint_74174,GB_StationProcess_918,GB_SamplingFeature_918,O3,http://dd.eionet.europa.eu/vocabulary/aq/pollutant/7,hour,59.9707900000,µg/m3,2018-03-19 09:00:00 +01:00,2018-03-19 10:00:00 +01:00,1,1
GB,http://environment.data.gov.uk/air-quality/so,GB_Network_1,Station_GB1024A,,GB_SamplingPoint_74174,GB_StationProcess_918,GB_SamplingFeature_918,O3,http://dd.eionet.europa.eu/vocabulary/aq/pollutant/7,hour,66.5566000000,µg/m3,2018-03-19 11:00:00 +01:00,2018-03-19 12:00:00 +01:00,1,1
GB,http://environment.data.gov.uk/air-quality/so,GB_Network_1,Station_GB1024A,,GB_SamplingPoint_74174,GB_StationProcess_918,GB_SamplingFeature_918,O3,http://dd.eionet.europa.eu/vocabulary/aq/pollutant/7,hour,71.6955200000,µg/m3,2018-03-19 12:00:00 +01:00,2018-03-19 13:00:00 +01:00,1,1
GB,http://environment.data.gov.uk/air-quality/so,GB_Network_1,Station_GB1024A,,GB_SamplingPoint_74174,GB_StationProcess_918,GB_SamplingFeature_918,O3,http://dd.eionet.europa.eu/vocabulary/aq/pollutant/7,hour,83.1708000000,µg/m3,2018-03-19 14:00:00 +01:00,2018-03-19 15:00:00 +01:00,1,1
GB,http://environment.data.gov.uk/air-quality/so,GB_Network_1,Station_GB1024A,,GB_SamplingPoint_74174,GB_StationProcess_918,GB_SamplingFeature_918,O3,http://dd.eionet.europa.eu/vocabulary/aq/pollutant/7,hour,87.8606900000,µg/m3,2018-03-19 17:00:00 +01:00,2018-03-19 18:00:00 +01:00,1,1
GB,http://environment.data.gov.uk/air-quality/so,GB_Network_1,Station_GB1024A,,GB_SamplingPoint_74174,GB_StationProcess_918,GB_SamplingFeature_918,O3,http://dd.eionet.europa.eu/vocabulary/aq/pollutant/7,hour,82.7217700000,µg/m3,2018-03-19 18:00:00 +01:00,2018-03-19 19:00:00 +01:00,1,1
GB,http://environment.data.gov.uk/air-quality/so,GB_Network_1,Station_GB1024A,,GB_SamplingPoint_74174,GB_StationProcess_918,GB_SamplingFeature_918,O3,http://dd.eionet.europa.eu/vocabulary/aq/pollutant/7,hour,75.0882100000,µg/m3,2018-03-19 20:00:00 +01:00,2018-03-19 21:00:00 +01:00,1,1
GB,http://environment.data.gov.uk/air-quality/so,GB_Network_1,Station_GB1024A,,GB_SamplingPoint_74174,GB_StationProcess_918,GB_SamplingFeature_918,O3,http://dd.eionet.europa.eu/vocabulary/aq/pollutant/7,hour,66.7062700000,µg/m3,2018-03-19 22:00:00 +01:00,2018-03-19 23:00:00 +01:00,1,1
GB,http://environment.data.gov.uk/air-quality/so,GB_Network_1,Station_GB1024A,,GB_SamplingPoint_74174,GB_StationProcess_918,GB_SamplingFeature_918,O3,http://dd.eionet.europa.eu/vocabulary/aq/pollutant/7,hour,65.7084200000,µg/m3,2018-03-19 23:00:00 +01:00,2018-03-20 00:00:00 +01:00,1,1
GB,http://environment.data.gov.uk/air-quality/so,GB_Network_1,Station_GB1024A,,GB_SamplingPoint_74174,GB_StationProcess_918,GB_SamplingFeature_918,O3,http://dd.eionet.europa.eu/vocabulary/aq/pollutant/7,hour,66.2073500000,µg/m3,2018-03-20 00:00:00 +01:00,2018-03-20 01:00:00 +01:00,1,1
GB,http://environment.data.gov.uk/air-quality/so,GB_Network_1,Station_GB1024A,,GB_SamplingPoint_74174,GB_StationProcess_918,GB_SamplingFeature_918,O3,http://dd.eionet.europa.eu/vocabulary/aq/pollutant/7,hour,67.3216100000,µg/m3,2018-03-20 01:00:00 +01:00,2018-03-20 02:00:00 +01:00,1,1
GB,http://environment.data.gov.uk/air-quality/so,GB_Network_1,Station_GB1024A,,GB_SamplingPoint_74174,GB_StationProcess_918,GB_SamplingFeature_918,O3,http://dd.eionet.europa.eu/vocabulary/aq/pollutant/7,hour,72.4439100000,µg/m3,2018-03-20 02:00:00 +01:00,2018-03-20 03:00:00 +01:00,1,1
GB,http://environment.data.gov.uk/air-quality/so,GB_Network_1,Station_GB1024A,,GB_SamplingPoint_74174,GB_StationProcess_918,GB_SamplingFeature_918,O3,http://dd.eionet.europa.eu/vocabulary/aq/pollutant/7,hour,75.4374600000,µg/m3,2018-03-20 03:00:00 +01:00,2018-03-20 04:00:00 +01:00,1,1
GB,http://environment.data.gov.uk/air-quality/so,GB_Network_1,Station_GB1024A,,GB_SamplingPoint_74174,GB_StationProcess_918,GB_SamplingFeature_918,O3,http://dd.eionet.europa.eu/vocabulary/aq/pollutant/7,hour,76.5849900000,µg/m3,2018-03-20 04:00:00 +01:00,2018-03-20 05:00:00 +01:00,1,1
GB,http://environment.data.gov.uk/air-quality/so,GB_Network_1,Station_GB1024A,,GB_SamplingPoint_74174,GB_StationProcess_918,GB_SamplingFeature_918,O3,http://dd.eionet.europa.eu/vocabulary/aq/pollutant/7,hour,61.1682100000,µg/m3,2018-03-20 06:00:00 +01:00,2018-03-20 07:00:00 +01:00,1,1
GB,http://environment.data.gov.uk/air-quality/so,GB_Network_1,Station_GB1024A,,GB_SamplingPoint_74174,GB_StationProcess_918,GB_SamplingFeature_918,O3,http://dd.eionet.europa.eu/vocabulary/aq/pollutant/7,hour,62.9643400000,µg/m3,2018-03-20 07:00:00 +01:00,2018-03-20 08:00:00 +01:00,1,1
GB,http://environment.data.gov.uk/air-quality/so,GB_Network_1,Station_GB1024A,,GB_SamplingPoint_74174,GB_StationProcess_918,GB_SamplingFeature_918,O3,http://dd.eionet.europa.eu/vocabulary/aq/pollutant/7,hour,72.0447700000,µg/m3,2018-03-20 10:00:00 +01:00,2018-03-20 11:00:00 +01:00,1,1
GB,http://environment.data.gov.uk/air-quality/so,GB_Network_1,Station_GB1024A,,GB_SamplingPoint_74174,GB_StationProcess_918,GB_SamplingFeature_918,O3,http://dd.eionet.europa.eu/vocabulary/aq/pollutant/7,hour,86.3140300000,µg/m3,2018-03-20 14:00:00 +01:00,2018-03-20 15:00:00 +01:00,1,1
GB,http://environment.data.gov.uk/air-quality/so,GB_Network_1,Station_GB1024A,,GB_SamplingPoint_74174,GB_StationProcess_918,GB_SamplingFeature_918,O3,http://dd.eionet.europa.eu/vocabulary/aq/pollutant/7,hour,85.0667100000,µg/m3,2018-03-20 15:00:00 +01:00,2018-03-20 16:00:00 +01:00,1,1
GB,http://environment.data.gov.uk/air-quality/so,GB_Network_1,Station_GB1024A,,GB_SamplingPoint_74174,GB_StationProcess_918,GB_SamplingFeature_918,O3,http://dd.eionet.europa.eu/vocabulary/aq/pollutant/7,hour,82.8714400000,µg/m3,2018-03-20 16:00:00 +01:00,2018-03-20 17:00:00 +01:00,1,1
GB,http://environment.data.gov.uk/air-quality/so,GB_Network_1,Station_GB1024A,,GB_SamplingPoint_74174,GB_StationProcess_918,GB_SamplingFeature_918,O3,http://dd.eionet.europa.eu/vocabulary/aq/pollutant/7,hour,81.4245600000,µg/m3,2018-03-20 18:00:00 +01:00,2018-03-20 19:00:00 +01:00,1,1
GB,http://environment.data.gov.uk/air-quality/so,GB_Network_1,Station_GB1024A,,GB_SamplingPoint_74174,GB_StationProcess_918,GB_SamplingFeature_918,O3,http://dd.eionet.europa.eu/vocabulary/aq/pollutant/7,hour,67.1054100000,µg/m3,2018-03-20 19:00:00 +01:00,2018-03-20 20:00:00 +01:00,1,1
GB,http://environment.data.gov.uk/air-quality/so,GB_Network_1,Station_GB1024A,,GB_SamplingPoint_74174,GB_StationProcess_918,GB_SamplingFeature_918,O3,http://dd.eionet.europa.eu/vocabulary/aq/pollutant/7,hour,53.9836900000,µg/m3,2018-03-20 20:00:00 +01:00,2018-03-20 21:00:00 +01:00,1,1
GB,http://environment.data.gov.uk/air-quality/so,GB_Network_1,Station_GB1024A,,GB_SamplingPoint_74174,GB_StationProcess_918,GB_SamplingFeature_918,O3,http://dd.eionet.europa.eu/vocabulary/aq/pollutant/7,hour,54.6821800000,µg/m3,2018-03-20 21:00:00 +01:00,2018-03-20 22:00:00 +01:00,1,1
GB,http://environment.data.gov.uk/air-quality/so,GB_Network_1,Station_GB1024A,,GB_SamplingPoint_74174,GB_StationProcess_918,GB_SamplingFeature_918,O3,http://dd.eionet.europa.eu/vocabulary/aq/pollutant/7,hour,56.9273400000,µg/m3,2018-03-20 22:00:00 +01:00,2018-03-20 23:00:00 +01:00,1,1
GB,http://environment.data.gov.uk/air-quality/so,GB_Network_1,Station_GB1024A,,GB_SamplingPoint_74174,GB_StationProcess_918,GB_SamplingFeature_918,O3,http://dd.eionet.europa.eu/vocabulary/aq/pollutant/7,hour,49.8426100000,µg/m3,2018-03-21 00:00:00 +01:00,2018-03-21 01:00:00 +01:00,1,1
GB,http://environment.data.gov.uk/air-quality/so,GB_Network_1,Station_GB1024A,,GB_SamplingPoint_74174,GB_StationProcess_918,GB_SamplingFeature_918,O3,http://dd.eionet.europa.eu/vocabulary/aq/pollutant/7,hour,24.6801600000,µg/m3,2018-03-21 02:00:00 +01:00,2018-03-21 03:00:00 +01:00,1,1
GB,http://environment.data.gov.uk/air-quality/so,GB_Network_1,Station_GB1024A,,GB_SamplingPoint_74174,GB_StationProcess_918,GB_SamplingFeature_918,O3,http://dd.eionet.europa.eu/vocabulary/aq/pollutant/7,hour,24.2976500000,µg/m3,2018-03-21 03:00:00 +01:00,2018-03-21 04:00:00 +01:00,1,1
GB,http://environment.data.gov.uk/air-quality/so,GB_Network_1,Station_GB1024A,,GB_SamplingPoint_74174,GB_StationProcess_918,GB_SamplingFeature_918,O3,http://dd.eionet.europa.eu/vocabulary/aq/pollutant/7,hour,29.3367900000,µg/m3,2018-03-21 04:00:00 +01:00,2018-03-21 05:00:00 +01:00,1,1
GB,http://environment.data.gov.uk/air-quality/so,GB_Network_1,Station_GB1024A,,GB_SamplingPoint_74174,GB_StationProcess_918,GB_SamplingFeature_918,O3,http://dd.eionet.europa.eu/vocabulary/aq/pollutant/7,hour,9.4795800000,µg/m3,2018-03-21 06:00:00 +01:00,2018-03-21 07:00:00 +01:00,1,1
GB,http://environment.data.gov.uk/air-quality/so,GB_Network_1,Station_GB1024A,,GB_SamplingPoint_74174,GB_StationProcess_918,GB_SamplingFeature_918,O3,http://dd.eionet.europa.eu/vocabulary/aq/pollutant/7,hour,8.1823700000,µg/m3,2018-03-21 07:00:00 +01:00,2018-03-21 08:00:00 +01:00,1,1
GB,http://environment.data.gov.uk/air-quality/so,GB_Network_1,Station_GB1024A,,GB_SamplingPoint_74174,GB_StationProcess_918,GB_SamplingFeature_918,O3,http://dd.eionet.europa.eu/vocabulary/aq/pollutant/7,hour,7.5836600000,µg/m3,2018-03-21 08:00:00 +01:00,2018-03-21 09:00:00 +01:00,1,1
GB,http://environment.data.gov.uk/air-quality/so,GB_Network_1,Station_GB1024A,,GB_SamplingPoint_74174,GB_StationProcess_918,GB_SamplingFeature_918,O3,http://dd.eionet.europa.eu/vocabulary/aq/pollutant/7,hour,13.6705500000,µg/m3,2018-03-21 09:00:00 +01:00,2018-03-21 10:00:00 +01:00,1,1
GB,http://environment.data.gov.uk/air-quality/so,GB_Network_1,Station_GB1024A,,GB_SamplingPoint_74174,GB_StationProcess_918,GB_SamplingFeature_918,O3,http://dd.eionet.europa.eu/vocabulary/aq/pollutant/7,hour,27.8899100000,µg/m3,2018-03-21 10:00:00 +01:00,2018-03-21 11:00:00 +01:00,1,1
GB,http://environment.data.gov.uk/air-quality/so,GB_Network_1,Station_GB1024A,,GB_SamplingPoint_74174,GB_StationProcess_918,GB_SamplingFeature_918,O3,http://dd.eionet.europa.eu/vocabulary/aq/pollutant/7,hour,78.6804700000,µg/m3,2018-03-21 12:00:00 +01:00,2018-03-21 13:00:00 +01:00,1,1
GB,http://environment.data.gov.uk/air-quality/so,GB_Network_1,Station_GB1024A,,GB_SamplingPoint_74174,GB_StationProcess_918,GB_SamplingFeature_918,O3,http://dd.eionet.europa.eu/vocabulary/aq/pollutant/7,hour,77.9320900000,µg/m3,2018-03-21 13:00:00 +01:00,2018-03-21 14:00:00 +01:00,1,1
GB,http://environment.data.gov.uk/air-quality/so,GB_Network_1,Station_GB1024A,,GB_SamplingPoint_74174,GB_StationProcess_918,GB_SamplingFeature_918,O3,http://dd.eionet.europa.eu/vocabulary/aq/pollutant/7,hour,76.4353100000,µg/m3,2018-03-21 15:00:00 +01:00,2018-03-21 16:00:00 +01:00,1,1
GB,http://environment.data.gov.uk/air-quality/so,GB_Network_1,Station_GB1024A,,GB_SamplingPoint_74174,GB_StationProcess_918,GB_SamplingFeature_918,O3,http://dd.eionet.europa.eu/vocabulary/aq/pollutant/7,hour,62.3656300000,µg/m3,2018-03-21 20:00:00 +01:00,2018-03-21 21:00:00 +01:00,1,1
GB,http://environment.data.gov.uk/air-quality/so,GB_Network_1,Station_GB1024A,,GB_SamplingPoint_74174,GB_StationProcess_918,GB_SamplingFeature_918,O3,http://dd.eionet.europa.eu/vocabulary/aq/pollutant/7,hour,58.3243300000,µg/m3,2018-03-21 22:00:00 +01:00,2018-03-21 23:00:00 +01:00,1,1
GB,http://environment.data.gov.uk/air-quality/so,GB_Network_1,Station_GB1024A,,GB_SamplingPoint_74174,GB_StationProcess_918,GB_SamplingFeature_918,O3,http://dd.eionet.europa.eu/vocabulary/aq/pollutant/7,hour,43.6060500000,µg/m3,2018-03-22 00:00:00 +01:00,2018-03-22 01:00:00 +01:00,1,1
GB,http://environment.data.gov.uk/air-quality/so,GB_Network_1,Station_GB1024A,,GB_SamplingPoint_74174,GB_StationProcess_918,GB_SamplingFeature_918,O3,http://dd.eionet.europa.eu/vocabulary/aq/pollutant/7,hour,48.8281300000,µg/m3,2018-03-22 01:00:00 +01:00,2018-03-22 02:00:00 +01:00,1,1
GB,http://environment.data.gov.uk/air-quality/so,GB_Network_1,Station_GB1024A,,GB_SamplingPoint_74174,GB_StationProcess_918,GB_SamplingFeature_918,O3,http://dd.eionet.europa.eu/vocabulary/aq/pollutant/7,hour,45.5684800000,µg/m3,2018-03-22 02:00:00 +01:00,2018-03-22 03:00:00 +01:00,1,1
GB,http://environment.data.gov.uk/air-quality/so,GB_Network_1,Station_GB1024A,,GB_SamplingPoint_74174,GB_StationProcess_918,GB_SamplingFeature_918,O3,http://dd.eionet.europa.eu/vocabulary/aq/pollutant/7,hour,52.7363700000,µg/m3,2018-03-22 03:00:00 +01:00,2018-03-22 04:00:00 +01:00,1,1
GB,http://environment.data.gov.uk/air-quality/so,GB_Network_1,Station_GB1024A,,GB_SamplingPoint_74174,GB_StationProcess_918,GB_SamplingFeature_918,O3,http://dd.eionet.europa.eu/vocabulary/aq/pollutant/7,hour,54.2331500000,µg/m3,2018-03-22 04:00:00 +01:00,2018-03-22 05:00:00 +01:00,1,1
GB,http://environment.data.gov.uk/air-quality/so,GB_Network_1,Station_GB1024A,,GB_SamplingPoint_74174,GB_StationProcess_918,GB_SamplingFeature_918,O3,http://dd.eionet.europa.eu/vocabulary/aq/pollutant/7,hour,46.4000300000,µg/m3,2018-03-22 06:00:00 +01:00,2018-03-22 07:00:00 +01:00,1,1
GB,http://environment.data.gov.uk/air-quality/so,GB_Network_1,Station_GB1024A,,GB_SamplingPoint_74174,GB_StationProcess_918,GB_SamplingFeature_918,O3,http://dd.eionet.europa.eu/vocabulary/aq/pollutant/7,hour,35.7230300000,µg/m3,2018-03-22 07:00:00 +01:00,2018-03-22 08:00:00 +01:00,1,1
GB,http://environment.data.gov.uk/air-quality/so,GB_Network_1,Station_GB1024A,,GB_SamplingPoint_74174,GB_StationProcess_918,GB_SamplingFeature_918,O3,http://dd.eionet.europa.eu/vocabulary/aq/pollutant/7,hour,24.2477600000,µg/m3,2018-03-22 08:00:00 +01:00,2018-03-22 09:00:00 +01:00,1,1
GB,http://environment.data.gov.uk/air-quality/so,GB_Network_1,Station_GB1024A,,GB_SamplingPoint_74174,GB_StationProcess_918,GB_SamplingFeature_918,O3,http://dd.eionet.europa.eu/vocabulary/aq/pollutant/7,hour,30.0352900000,µg/m3,2018-03-22 09:00:00 +01:00,2018-03-22 10:00:00 +01:00,1,1
GB,http://environment.data.gov.uk/air-quality/so,GB_Network_1,Station_GB1024A,,GB_SamplingPoint_74174,GB_StationProcess_918,GB_SamplingFeature_918,O3,http://dd.eionet.europa.eu/vocabulary/aq/pollutant/7,hour,71.9449900000,µg/m3,2018-03-22 11:00:00 +01:00,2018-03-22 12:00:00 +01:00,1,1
GB,http://environment.data.gov.uk/air-quality/so,GB_Network_1,Station_GB1024A,,GB_SamplingPoint_74174,GB_StationProcess_918,GB_SamplingFeature_918,O3,http://dd.eionet.europa.eu/vocabulary/aq/pollutant/7,hour,73.4916500000,µg/m3,2018-03-22 13:00:00 +01:00,2018-03-22 14:00:00 +01:00,1,1
GB,http://environment.data.gov.uk/air-quality/so,GB_Network_1,Station_GB1024A,,GB_SamplingPoint_74174,GB_StationProcess_918,GB_SamplingFeature_918,O3,http://dd.eionet.europa.eu/vocabulary/aq/pollutant/7,hour,86.7131700000,µg/m3,2018-03-22 16:00:00 +01:00,2018-03-22 17:00:00 +01:00,1,1
GB,http://environment.data.gov.uk/air-quality/so,GB_Network_1,Station_GB1024A,,GB_SamplingPoint_74174,GB_StationProcess_918,GB_SamplingFeature_918,O3,http://dd.eionet.europa.eu/vocabulary/aq/pollutant/7,hour,76.4353100000,µg/m3,2018-03-22 19:00:00 +01:00,2018-03-22 20:00:00 +01:00,1,1
GB,http://environment.data.gov.uk/air-quality/so,GB_Network_1,Station_GB1024A,,GB_SamplingPoint_74174,GB_StationProcess_918,GB_SamplingFeature_918,O3,http://dd.eionet.europa.eu/vocabulary/aq/pollutant/7,hour,78.4809000000,µg/m3,2018-03-22 20:00:00 +01:00,2018-03-22 21:00:00 +01:00,1,1
GB,http://environment.data.gov.uk/air-quality/so,GB_Network_1,Station_GB1024A,,GB_SamplingPoint_74174,GB_StationProcess_918,GB_SamplingFeature_918,O3,http://dd.eionet.europa.eu/vocabulary/aq/pollutant/7,hour,80.1772500000,µg/m3,2018-03-22 21:00:00 +01:00,2018-03-22 22:00:00 +01:00,1,1
GB,http://environment.data.gov.uk/air-quality/so,GB_Network_1,Station_GB1024A,,GB_SamplingPoint_74174,GB_StationProcess_918,GB_SamplingFeature_918,O3,http://dd.eionet.europa.eu/vocabulary/aq/pollutant/7,hour,83.8692900000,µg/m3,2018-03-22 22:00:00 +01:00,2018-03-22 23:00:00 +01:00,1,1
GB,http://environment.data.gov.uk/air-quality/so,GB_Network_1,Station_GB1024A,,GB_SamplingPoint_74174,GB_StationProcess_918,GB_SamplingFeature_918,O3,http://dd.eionet.europa.eu/vocabulary/aq/pollutant/7,hour,79.2292900000,µg/m3,2018-03-22 23:00:00 +01:00,2018-03-23 00:00:00 +01:00,1,1
GB,http://environment.data.gov.uk/air-quality/so,GB_Network_1,Station_GB1024A,,GB_SamplingPoint_74174,GB_StationProcess_918,GB_SamplingFeature_918,O3,http://dd.eionet.europa.eu/vocabulary/aq/pollutant/7,hour,77.4830500000,µg/m3,2018-03-23 00:00:00 +01:00,2018-03-23 01:00:00 +01:00,1,1
GB,http://environment.data.gov.uk/air-quality/so,GB_Network_1,Station_GB1024A,,GB_SamplingPoint_74174,GB_StationProcess_918,GB_SamplingFeature_918,O3,http://dd.eionet.europa.eu/vocabulary/aq/pollutant/7,hour,92.1348200000,µg/m3,2018-03-23 02:00:00 +01:00,2018-03-23 03:00:00 +01:00,1,1
GB,http://environment.data.gov.uk/air-quality/so,GB_Network_1,Station_GB1024A,,GB_SamplingPoint_74174,GB_StationProcess_918,GB_SamplingFeature_918,O3,http://dd.eionet.europa.eu/vocabulary/aq/pollutant/7,hour,87.8108000000,µg/m3,2018-03-23 03:00:00 +01:00,2018-03-23 04:00:00 +01:00,1,1
GB,http://environment.data.gov.uk/air-quality/so,GB_Network_1,Station_GB1024A,,GB_SamplingPoint_74174,GB_StationProcess_918,GB_SamplingFeature_918,O3,http://dd.eionet.europa.eu/vocabulary/aq/pollutant/7,hour,89.3075800000,µg/m3,2018-03-23 04:00:00 +01:00,2018-03-23 05:00:00 +01:00,1,1
GB,http://environment.data.gov.uk/air-quality/so,GB_Network_1,Station_GB1024A,,GB_SamplingPoint_74174,GB_StationProcess_918,GB_SamplingFeature_918,O3,http://dd.eionet.europa.eu/vocabulary/aq/pollutant/7,hour,86.4637000000,µg/m3,2018-03-23 05:00:00 +01:00,2018-03-23 06:00:00 +01:00,1,1
GB,http://environment.data.gov.uk/air-quality/so,GB_Network_1,Station_GB1024A,,GB_SamplingPoint_74174,GB_StationProcess_918,GB_SamplingFeature_918,O3,http://dd.eionet.europa.eu/vocabulary/aq/pollutant/7,hour,83.9690800000,µg/m3,2018-03-23 06:00:00 +01:00,2018-03-23 07:00:00 +01:00,1,1
GB,http://environment.data.gov.uk/air-quality/so,GB_Network_1,Station_GB1024A,,GB_SamplingPoint_74174,GB_StationProcess_918,GB_SamplingFeature_918,O3,http://dd.eionet.europa.eu/vocabulary/aq/pollutant/7,hour,77.9320900000,µg/m3,2018-03-23 07:00:00 +01:00,2018-03-23 08:00:00 +01:00,1,1
GB,http://environment.data.gov.uk/air-quality/so,GB_Network_1,Station_GB1024A,,GB_SamplingPoint_74174,GB_StationProcess_918,GB_SamplingFeature_918,O3,http://dd.eionet.europa.eu/vocabulary/aq/pollutant/7,hour,65.2095000000,µg/m3,2018-03-23 08:00:00 +01:00,2018-03-23 09:00:00 +01:00,1,1
GB,http://environment.data.gov.uk/air-quality/so,GB_Network_1,Station_GB1024A,,GB_SamplingPoint_74174,GB_StationProcess_918,GB_SamplingFeature_918,O3,http://dd.eionet.europa.eu/vocabulary/aq/pollutant/7,hour,83.3204800000,µg/m3,2018-03-23 12:00:00 +01:00,2018-03-23 13:00:00 +01:00,1,1
GB,http://environment.data.gov.uk/air-quality/so,GB_Network_1,Station_GB1024A,,GB_SamplingPoint_74174,GB_StationProcess_918,GB_SamplingFeature_918,O3,http://dd.eionet.europa.eu/vocabulary/aq/pollutant/7,hour,82.0731600000,µg/m3,2018-03-23 14:00:00 +01:00,2018-03-23 15:00:00 +01:00,1,1
GB,http://environment.data.gov.uk/air-quality/so,GB_Network_1,Station_GB1024A,,GB_SamplingPoint_74174,GB_StationProcess_918,GB_SamplingFeature_918,O3,http://dd.eionet.europa.eu/vocabulary/aq/pollutant/7,hour,83.3204800000,µg/m3,2018-03-23 15:00:00 +01:00,2018-03-23 16:00:00 +01:00,1,1
GB,http://environment.data.gov.uk/air-quality/so,GB_Network_1,Station_GB1024A,,GB_SamplingPoint_74174,GB_StationProcess_918,GB_SamplingFeature_918,O3,http://dd.eionet.europa.eu/vocabulary/aq/pollutant/7,hour,87.6112300000,µg/m3,2018-03-23 16:00:00 +01:00,2018-03-23 17:00:00 +01:00,1,1
GB,http://environment.data.gov.uk/air-quality/so,GB_Network_1,Station_GB1024A,,GB_SamplingPoint_74174,GB_StationProcess_918,GB_SamplingFeature_918,O3,http://dd.eionet.europa.eu/vocabulary/aq/pollutant/7,hour,78.6804700000,µg/m3,2018-03-23 18:00:00 +01:00,2018-03-23 19:00:00 +01:00,1,1
GB,http://environment.data.gov.uk/air-quality/so,GB_Network_1,Station_GB1024A,,GB_SamplingPoint_74174,GB_StationProcess_918,GB_SamplingFeature_918,O3,http://dd.eionet.europa.eu/vocabulary/aq/pollutant/7,hour,75.5372500000,µg/m3,2018-03-23 19:00:00 +01:00,2018-03-23 20:00:00 +01:00,1,1
GB,http://environment.data.gov.uk/air-quality/so,GB_Network_1,Station_GB1024A,,GB_SamplingPoint_74174,GB_StationProcess_918,GB_SamplingFeature_918,O3,http://dd.eionet.europa.eu/vocabulary/aq/pollutant/7,hour,70.9471400000,µg/m3,2018-03-23 21:00:00 +01:00,2018-03-23 22:00:00 +01:00,1,1
GB,http://environment.data.gov.uk/air-quality/so,GB_Network_1,Station_GB1024A,,GB_SamplingPoint_74174,GB_StationProcess_918,GB_SamplingFeature_918,O3,http://dd.eionet.europa.eu/vocabulary/aq/pollutant/7,hour,68.3028300000,µg/m3,2018-03-23 22:00:00 +01:00,2018-03-23 23:00:00 +01:00,1,1
GB,http://environment.data.gov.uk/air-quality/so,GB_Network_1,Station_GB1024A,,GB_SamplingPoint_74174,GB_StationProcess_918,GB_SamplingFeature_918,O3,http://dd.eionet.europa.eu/vocabulary/aq/pollutant/7,hour,61.1682100000,µg/m3,2018-03-24 00:00:00 +01:00,2018-03-24 01:00:00 +01:00,1,1
GB,http://environment.data.gov.uk/air-quality/so,GB_Network_1,Station_GB1024A,,GB_SamplingPoint_74174,GB_StationProcess_918,GB_SamplingFeature_918,O3,http://dd.eionet.europa.eu/vocabulary/aq/pollutant/7,hour,58.2079200000,µg/m3,2018-03-24 01:00:00 +01:00,2018-03-24 02:00:00 +01:00,1,1
GB,http://environment.data.gov.uk/air-quality/so,GB_Network_1,Station_GB1024A,,GB_SamplingPoint_74174,GB_StationProcess_918,GB_SamplingFeature_918,O3,http://dd.eionet.europa.eu/vocabulary/aq/pollutant/7,hour,41.9097000000,µg/m3,2018-03-24 02:00:00 +01:00,2018-03-24 03:00:00 +01:00,1,1
GB,http://environment.data.gov.uk/air-quality/so,GB_Network_1,Station_GB1024A,,GB_SamplingPoint_74174,GB_StationProcess_918,GB_SamplingFeature_918,O3,http://dd.eionet.europa.eu/vocabulary/aq/pollutant/7,hour,35.0744300000,µg/m3,2018-03-24 03:00:00 +01:00,2018-03-24 04:00:00 +01:00,1,1
GB,http://environment.data.gov.uk/air-quality/so,GB_Network_1,Station_GB1024A,,GB_SamplingPoint_74174,GB_StationProcess_918,GB_SamplingFeature_918,O3,http://dd.eionet.europa.eu/vocabulary/aq/pollutant/7,hour,39.2155100000,µg/m3,2018-03-24 04:00:00 +01:00,2018-03-24 05:00:00 +01:00,1,1
GB,http://environment.data.gov.uk/air-quality/so,GB_Network_1,Station_GB1024A,,GB_SamplingPoint_74174,GB_StationProcess_918,GB_SamplingFeature_918,O3,http://dd.eionet.europa.eu/vocabulary/aq/pollutant/7,hour,22.2520600000,µg/m3,2018-03-24 08:00:00 +01:00,2018-03-24 09:00:00 +01:00,1,1
GB,http://environment.data.gov.uk/air-quality/so,GB_Network_1,Station_GB1024A,,GB_SamplingPoint_74174,GB_StationProcess_918,GB_SamplingFeature_918,O3,http://dd.eionet.europa.eu/vocabulary/aq/pollutant/7,hour,18.1109800000,µg/m3,2018-03-24 09:00:00 +01:00,2018-03-24 10:00:00 +01:00,1,1
GB,http://environment.data.gov.uk/air-quality/so,GB_Network_1,Station_GB1024A,,GB_SamplingPoint_74174,GB_StationProcess_918,GB_SamplingFeature_918,O3,http://dd.eionet.europa.eu/vocabulary/aq/pollutant/7,hour,17.6120500000,µg/m3,2018-03-24 10:00:00 +01:00,2018-03-24 11:00:00 +01:00,1,1
GB,http://environment.data.gov.uk/air-quality/so,GB_Network_1,Station_GB1024A,,GB_SamplingPoint_74174,GB_StationProcess_918,GB_SamplingFeature_918,O3,http://dd.eionet.europa.eu/vocabulary/aq/pollutant/7,hour,17.2129100000,µg/m3,2018-03-24 11:00:00 +01:00,2018-03-24 12:00:00 +01:00,1,1
GB,http://environment.data.gov.uk/air-quality/so,GB_Network_1,Station_GB1024A,,GB_SamplingPoint_74174,GB_StationProcess_918,GB_SamplingFeature_918,O3,http://dd.eionet.europa.eu/vocabulary/aq/pollutant/7,hour,25.9939900000,µg/m3,2018-03-24 12:00:00 +01:00,2018-03-24 13:00:00 +01:00,1,1
GB,http://environment.data.gov.uk/air-quality/so,GB_Network_1,Station_GB1024A,,GB_SamplingPoint_74174,GB_StationProcess_918,GB_SamplingFeature_918,O3,http://dd.eionet.europa.eu/vocabulary/aq/pollutant/7,hour,38.1677600000,µg/m3,2018-03-24 13:00:00 +01:00,2018-03-24 14:00:00 +01:00,1,1
GB,http://environment.data.gov.uk/air-quality/so,GB_Network_1,Station_GB1024A,,GB_SamplingPoint_74174,GB_StationProcess_918,GB_SamplingFeature_918,O3,http://dd.eionet.europa.eu/vocabulary/aq/pollutant/7,hour,37.7187300000,µg/m3,2018-03-24 14:00:00 +01:00,2018-03-24 15:00:00 +01:00,1,1
GB,http://environment.data.gov.uk/air-quality/so,GB_Network_1,Station_GB1024A,,GB_SamplingPoint_74174,GB_StationProcess_918,GB_SamplingFeature_918,O3,http://dd.eionet.europa.eu/vocabulary/aq/pollutant/7,hour,28.3389400000,µg/m3,2018-03-24 15:00:00 +01:00,2018-03-24 16:00:00 +01:00,1,1
GB,http://environment.data.gov.uk/air-quality/so,GB_Network_1,Station_GB1024A,,GB_SamplingPoint_74174,GB_StationProcess_918,GB_SamplingFeature_918,O3,http://dd.eionet.europa.eu/vocabulary/aq/pollutant/7,hour,25.1458200000,µg/m3,2018-03-24 16:00:00 +01:00,2018-03-24 17:00:00 +01:00,1,1
GB,http://environment.data.gov.uk/air-quality/so,GB_Network_1,Station_GB1024A,,GB_SamplingPoint_74174,GB_StationProcess_918,GB_SamplingFeature_918,O3,http://dd.eionet.europa.eu/vocabulary/aq/pollutant/7,hour,26.2933500000,µg/m3,2018-03-24 17:00:00 +01:00,2018-03-24 18:00:00 +01:00,1,1
GB,http://environment.data.gov.uk/air-quality/so,GB_Network_1,Station_GB1024A,,GB_SamplingPoint_74174,GB_StationProcess_918,GB_SamplingFeature_918,O3,http://dd.eionet.europa.eu/vocabulary/aq/pollutant/7,hour,26.6426000000,µg/m3,2018-03-24 18:00:00 +01:00,2018-03-24 19:00:00 +01:00,1,1
GB,http://environment.data.gov.uk/air-quality/so,GB_Network_1,Station_GB1024A,,GB_SamplingPoint_74174,GB_StationProcess_918,GB_SamplingFeature_918,O3,http://dd.eionet.europa.eu/vocabulary/aq/pollutant/7,hour,18.2606600000,µg/m3,2018-03-24 20:00:00 +01:00,2018-03-24 21:00:00 +01:00,1,1
GB,http://environment.data.gov.uk/air-quality/so,GB_Network_1,Station_GB1024A,,GB_SamplingPoint_74174,GB_StationProcess_918,GB_SamplingFeature_918,O3,http://dd.eionet.europa.eu/vocabulary/aq/pollutant/7,hour,26.4929200000,µg/m3,2018-03-24 22:00:00 +01:00,2018-03-24 23:00:00 +01:00,1,1
GB,http://environment.data.gov.uk/air-quality/so,GB_Network_1,Station_GB1024A,,GB_SamplingPoint_74174,GB_StationProcess_918,GB_SamplingFeature_918,O3,http://dd.eionet.europa.eu/vocabulary/aq/pollutant/7,hour,25.8443200000,µg/m3,2018-03-24 23:00:00 +01:00,2018-03-25 00:00:00 +01:00,1,1
GB,http://environment.data.gov.uk/air-quality/so,GB_Network_1,Station_GB1024A,,GB_SamplingPoint_74174,GB_StationProcess_918,GB_SamplingFeature_918,O3,http://dd.eionet.europa.eu/vocabulary/aq/pollutant/7,hour,15.2172100000,µg/m3,2018-03-25 00:00:00 +01:00,2018-03-25 01:00:00 +01:00,1,1
GB,http://environment.data.gov.uk/air-quality/so,GB_Network_1,Station_GB1024A,,GB_SamplingPoint_74174,GB_StationProcess_918,GB_SamplingFeature_918,O3,http://dd.eionet.europa.eu/vocabulary/aq/pollutant/7,hour,14.7016600000,µg/m3,2018-03-25 01:00:00 +01:00,2018-03-25 02:00:00 +01:00,1,1
GB,http://environment.data.gov.uk/air-quality/so,GB_Network_1,Station_GB1024A,,GB_SamplingPoint_74174,GB_StationProcess_918,GB_SamplingFeature_918,O3,http://dd.eionet.europa.eu/vocabulary/aq/pollutant/7,hour,32.7294800000,µg/m3,2018-03-25 04:00:00 +01:00,2018-03-25 05:00:00 +01:00,1,1
GB,http://environment.data.gov.uk/air-quality/so,GB_Network_1,Station_GB1024A,,GB_SamplingPoint_74174,GB_StationProcess_918,GB_SamplingFeature_918,O3,http://dd.eionet.europa.eu/vocabulary/aq/pollutant/7,hour,39.4649700000,µg/m3,2018-03-25 05:00:00 +01:00,2018-03-25 06:00:00 +01:00,1,1
GB,http://environment.data.gov.uk/air-quality/so,GB_Network_1,Station_GB1024A,,GB_SamplingPoint_74174,GB_StationProcess_918,GB_SamplingFeature_918,O3,http://dd.eionet.europa.eu/vocabulary/aq/pollutant/7,hour,26.9918400000,µg/m3,2018-03-25 06:00:00 +01:00,2018-03-25 07:00:00 +01:00,1,1
GB,http://environment.data.gov.uk/air-quality/so,GB_Network_1,Station_GB1024A,,GB_SamplingPoint_74174,GB_StationProcess_918,GB_SamplingFeature_918,O3,http://dd.eionet.europa.eu/vocabulary/aq/pollutant/7,hour,45.3023900000,µg/m3,2018-03-25 09:00:00 +01:00,2018-03-25 10:00:00 +01:00,1,1
GB,http://environment.data.gov.uk/air-quality/so,GB_Network_1,Station_GB1024A,,GB_SamplingPoint_74174,GB_StationProcess_918,GB_SamplingFeature_918,O3,http://dd.eionet.europa.eu/vocabulary/aq/pollutant/7,hour,45.4021800000,µg/m3,2018-03-25 10:00:00 +01:00,2018-03-25 11:00:00 +01:00,1,1
GB,http://environment.data.gov.uk/air-quality/so,GB_Network_1,Station_GB1024A,,GB_SamplingPoint_74174,GB_StationProcess_918,GB_SamplingFeature_918,O3,http://dd.eionet.europa.eu/vocabulary/aq/pollutant/7,hour,72.8430500000,µg/m3,2018-03-25 17:00:00 +01:00,2018-03-25 18:00:00 +01:00,1,1
GB,http://environment.data.gov.uk/air-quality/so,GB_Network_1,Station_GB1024A,,GB_SamplingPoint_74174,GB_StationProcess_918,GB_SamplingFeature_918,O3,http://dd.eionet.europa.eu/vocabulary/aq/pollutant/7,hour,50.4912100000,µg/m3,2018-03-25 19:00:00 +01:00,2018-03-25 20:00:00 +01:00,1,1
GB,http://environment.data.gov.uk/air-quality/so,GB_Network_1,Station_GB1024A,,GB_SamplingPoint_74174,GB_StationProcess_918,GB_SamplingFeature_918,O3,http://dd.eionet.europa.eu/vocabulary/aq/pollutant/7,hour,7.4339800000,µg/m3,2018-03-25 21:00:00 +01:00,2018-03-25 22:00:00 +01:00,1,1
GB,http://environment.data.gov.uk/air-quality/so,GB_Network_1,Station_GB1024A,,GB_SamplingPoint_74174,GB_StationProcess_918,GB_SamplingFeature_918,O3,http://dd.eionet.europa.eu/vocabulary/aq/pollutant/7,hour,17.3127000000,µg/m3,2018-03-26 00:00:00 +01:00,2018-03-26 01:00:00 +01:00,1,1
GB,http://environment.data.gov.uk/air-quality/so,GB_Network_1,Station_GB1024A,,GB_SamplingPoint_74174,GB_StationProcess_918,GB_SamplingFeature_918,O3,http://dd.eionet.europa.eu/vocabulary/aq/pollutant/7,hour,59.1226100000,µg/m3,2018-03-26 06:00:00 +01:00,2018-03-26 07:00:00 +01:00,1,1
GB,http://environment.data.gov.uk/air-quality/so,GB_Network_1,Station_GB1024A,,GB_SamplingPoint_74174,GB_StationProcess_918,GB_SamplingFeature_918,O3,http://dd.eionet.europa.eu/vocabulary/aq/pollutant/7,hour,34.1763600000,µg/m3,2018-03-26 07:00:00 +01:00,2018-03-26 08:00:00 +01:00,1,1
GB,http://environment.data.gov.uk/air-quality/so,GB_Network_1,Station_GB1024A,,GB_SamplingPoint_74174,GB_StationProcess_918,GB_SamplingFeature_918,O3,http://dd.eionet.europa.eu/vocabulary/aq/pollutant/7,hour,32.9789400000,µg/m3,2018-03-26 08:00:00 +01:00,2018-03-26 09:00:00 +01:00,1,1
GB,http://environment.data.gov.uk/air-quality/so,GB_Network_1,Station_GB1024A,,GB_SamplingPoint_74174,GB_StationProcess_918,GB_SamplingFeature_918,O3,http://dd.eionet.europa.eu/vocabulary/aq/pollutant/7,hour,77.2335900000,µg/m3,2018-03-26 11:00:00 +01:00,2018-03-26 12:00:00 +01:00,1,1
GB,http://environment.data.gov.uk/air-quality/so,GB_Network_1,Station_GB1024A,,GB_SamplingPoint_74174,GB_StationProcess_918,GB_SamplingFeature_918,O3,http://dd.eionet.europa.eu/vocabulary/aq/pollutant/7,hour,84.9669300000,µg/m3,2018-03-26 15:00:00 +01:00,2018-03-26 16:00:00 +01:00,1,1
GB,http://environment.data.gov.uk/air-quality/so,GB_Network_1,Station_GB1024A,,GB_SamplingPoint_74174,GB_StationProcess_918,GB_SamplingFeature_918,O3,http://dd.eionet.europa.eu/vocabulary/aq/pollutant/7,hour,86.6133800000,µg/m3,2018-03-26 16:00:00 +01:00,2018-03-26 17:00:00 +01:00,1,1
GB,http://environment.data.gov.uk/air-quality/so,GB_Network_1,Station_GB1024A,,GB_SamplingPoint_74174,GB_StationProcess_918,GB_SamplingFeature_918,O3,http://dd.eionet.europa.eu/vocabulary/aq/pollutant/7,hour,71.0469200000,µg/m3,2018-03-26 18:00:00 +01:00,2018-03-26 19:00:00 +01:00,1,1
GB,http://environment.data.gov.uk/air-quality/so,GB_Network_1,Station_GB1024A,,GB_SamplingPoint_74174,GB_StationProcess_918,GB_SamplingFeature_918,O3,http://dd.eionet.europa.eu/vocabulary/aq/pollutant/7,hour,50.8404600000,µg/m3,2018-03-26 19:00:00 +01:00,2018-03-26 20:00:00 +01:00,1,1
GB,http://environment.data.gov.uk/air-quality/so,GB_Network_1,Station_GB1024A,,GB_SamplingPoint_74174,GB_StationProcess_918,GB_SamplingFeature_918,O3,http://dd.eionet.europa.eu/vocabulary/aq/pollutant/7,hour,39.1157200000,µg/m3,2018-03-26 20:00:00 +01:00,2018-03-26 21:00:00 +01:00,1,1
GB,http://environment.data.gov.uk/air-quality/so,GB_Network_1,Station_GB1024A,,GB_SamplingPoint_74174,GB_StationProcess_918,GB_SamplingFeature_918,O3,http://dd.eionet.europa.eu/vocabulary/aq/pollutant/7,hour,27.6404500000,µg/m3,2018-03-26 21:00:00 +01:00,2018-03-26 22:00:00 +01:00,1,1
GB,http://environment.data.gov.uk/air-quality/so,GB_Network_1,Station_GB1024A,,GB_SamplingPoint_74174,GB_StationProcess_918,GB_SamplingFeature_918,O3,http://dd.eionet.europa.eu/vocabulary/aq/pollutant/7,hour,44.6039000000,µg/m3,2018-03-26 23:00:00 +01:00,2018-03-27 00:00:00 +01:00,1,1
GB,http://environment.data.gov.uk/air-quality/so,GB_Network_1,Station_GB1024A,,GB_SamplingPoint_74174,GB_StationProcess_918,GB_SamplingFeature_918,O3,http://dd.eionet.europa.eu/vocabulary/aq/pollutant/7,hour,50.8404600000,µg/m3,2018-03-27 00:00:00 +01:00,2018-03-27 01:00:00 +01:00,1,1
GB,http://environment.data.gov.uk/air-quality/so,GB_Network_1,Station_GB1024A,,GB_SamplingPoint_74174,GB_StationProcess_918,GB_SamplingFeature_918,O3,http://dd.eionet.europa.eu/vocabulary/aq/pollutant/7,hour,64.0619700000,µg/m3,2018-03-27 01:00:00 +01:00,2018-03-27 02:00:00 +01:00,1,1
GB,http://environment.data.gov.uk/air-quality/so,GB_Network_1,Station_GB1024A,,GB_SamplingPoint_74174,GB_StationProcess_918,GB_SamplingFeature_918,O3,http://dd.eionet.europa.eu/vocabulary/aq/pollutant/7,hour,65.5254800000,µg/m3,2018-03-27 02:00:00 +01:00,2018-03-27 03:00:00 +01:00,1,1
GB,http://environment.data.gov.uk/air-quality/so,GB_Network_1,Station_GB1024A,,GB_SamplingPoint_74174,GB_StationProcess_918,GB_SamplingFeature_918,O3,http://dd.eionet.europa.eu/vocabulary/aq/pollutant/7,hour,84.3183300000,µg/m3,2018-03-27 03:00:00 +01:00,2018-03-27 04:00:00 +01:00,1,1
GB,http://environment.data.gov.uk/air-quality/so,GB_Network_1,Station_GB1024A,,GB_SamplingPoint_74174,GB_StationProcess_918,GB_SamplingFeature_918,O3,http://dd.eionet.europa.eu/vocabulary/aq/pollutant/7,hour,80.9755300000,µg/m3,2018-03-27 04:00:00 +01:00,2018-03-27 05:00:00 +01:00,1,1
GB,http://environment.data.gov.uk/air-quality/so,GB_Network_1,Station_GB1024A,,GB_SamplingPoint_74174,GB_StationProcess_918,GB_SamplingFeature_918,O3,http://dd.eionet.europa.eu/vocabulary/aq/pollutant/7,hour,56.9273400000,µg/m3,2018-03-27 07:00:00 +01:00,2018-03-27 08:00:00 +01:00,1,1
GB,http://environment.data.gov.uk/air-quality/so,GB_Network_1,Station_GB1024A,,GB_SamplingPoint_74174,GB_StationProcess_918,GB_SamplingFeature_918,O3,http://dd.eionet.europa.eu/vocabulary/aq/pollutant/7,hour,26.8920600000,µg/m3,2018-03-27 10:00:00 +01:00,2018-03-27 11:00:00 +01:00,1,1
GB,http://environment.data.gov.uk/air-quality/so,GB_Network_1,Station_GB1024A,,GB_SamplingPoint_74174,GB_StationProcess_918,GB_SamplingFeature_918,O3,http://dd.eionet.europa.eu/vocabulary/aq/pollutant/7,hour,32.2804500000,µg/m3,2018-03-27 13:00:00 +01:00,2018-03-27 14:00:00 +01:00,1,1
GB,http://environment.data.gov.uk/air-quality/so,GB_Network_1,Station_GB1024A,,GB_SamplingPoint_74174,GB_StationProcess_918,GB_SamplingFeature_918,O3,http://dd.eionet.europa.eu/vocabulary/aq/pollutant/7,hour,42.4086300000,µg/m3,2018-03-27 14:00:00 +01:00,2018-03-27 15:00:00 +01:00,1,1
GB,http://environment.data.gov.uk/air-quality/so,GB_Network_1,Station_GB1024A,,GB_SamplingPoint_74174,GB_StationProcess_918,GB_SamplingFeature_918,O3,http://dd.eionet.europa.eu/vocabulary/aq/pollutant/7,hour,52.9359400000,µg/m3,2018-03-27 16:00:00 +01:00,2018-03-27 17:00:00 +01:00,1,1
GB,http://environment.data.gov.uk/air-quality/so,GB_Network_1,Station_GB1024A,,GB_SamplingPoint_74174,GB_StationProcess_918,GB_SamplingFeature_918,O3,http://dd.eionet.europa.eu/vocabulary/aq/pollutant/7,hour,66.9557400000,µg/m3,2018-03-27 18:00:00 +01:00,2018-03-27 19:00:00 +01:00,1,1
GB,http://environment.data.gov.uk/air-quality/so,GB_Network_1,Station_GB1024A,,GB_SamplingPoint_74174,GB_StationProcess_918,GB_SamplingFeature_918,O3,http://dd.eionet.europa.eu/vocabulary/aq/pollutant/7,hour,74.5394000000,µg/m3,2018-03-27 21:00:00 +01:00,2018-03-27 22:00:00 +01:00,1,1
GB,http://environment.data.gov.uk/air-quality/so,GB_Network_1,Station_GB1024A,,GB_SamplingPoint_74174,GB_StationProcess_918,GB_SamplingFeature_918,O3,http://dd.eionet.europa.eu/vocabulary/aq/pollutant/7,hour,69.8495000000,µg/m3,2018-03-27 22:00:00 +01:00,2018-03-27 23:00:00 +01:00,1,1
GB,http://environment.data.gov.uk/air-quality/so,GB_Network_1,Station_GB1024A,,GB_SamplingPoint_74174,GB_StationProcess_918,GB_SamplingFeature_918,O3,http://dd.eionet.europa.eu/vocabulary/aq/pollutant/7,hour,47.9633200000,µg/m3,2018-03-28 01:00:00 +01:00,2018-03-28 02:00:00 +01:00,1,1
GB,http://environment.data.gov.uk/air-quality/so,GB_Network_1,Station_GB1024A,,GB_SamplingPoint_74174,GB_StationProcess_918,GB_SamplingFeature_918,O3,http://dd.eionet.europa.eu/vocabulary/aq/pollutant/7,hour,54.6821800000,µg/m3,2018-03-28 02:00:00 +01:00,2018-03-28 03:00:00 +01:00,1,1
GB,http://environment.data.gov.uk/air-quality/so,GB_Network_1,Station_GB1024A,,GB_SamplingPoint_74174,GB_StationProcess_918,GB_SamplingFeature_918,O3,http://dd.eionet.europa.eu/vocabulary/aq/pollutant/7,hour,45.8512100000,µg/m3,2018-03-28 05:00:00 +01:00,2018-03-28 06:00:00 +01:00,1,1
GB,http://environment.data.gov.uk/air-quality/so,GB_Network_1,Station_GB1024A,,GB_SamplingPoint_74174,GB_StationProcess_918,GB_SamplingFeature_918,O3,http://dd.eionet.europa.eu/vocabulary/aq/pollutant/7,hour,32.8292700000,µg/m3,2018-03-28 06:00:00 +01:00,2018-03-28 07:00:00 +01:00,1,1
GB,http://environment.data.gov.uk/air-quality/so,GB_Network_1,Station_GB1024A,,GB_SamplingPoint_74174,GB_StationProcess_918,GB_SamplingFeature_918,O3,http://dd.eionet.europa.eu/vocabulary/aq/pollutant/7,hour,25.9939900000,µg/m3,2018-03-28 07:00:00 +01:00,2018-03-28 08:00:00 +01:00,1,1
GB,http://environment.data.gov.uk/air-quality/so,GB_Network_1,Station_GB1024A,,GB_SamplingPoint_74174,GB_StationProcess_918,GB_SamplingFeature_918,O3,http://dd.eionet.europa.eu/vocabulary/aq/pollutant/7,hour,42.3587300000,µg/m3,2018-03-28 08:00:00 +01:00,2018-03-28 09:00:00 +01:00,1,1
GB,http://environment.data.gov.uk/air-quality/so,GB_Network_1,Station_GB1024A,,GB_SamplingPoint_74174,GB_StationProcess_918,GB_SamplingFeature_918,O3,http://dd.eionet.europa.eu/vocabulary/aq/pollutant/7,hour,,µg/m3,2018-03-28 10:00:00 +01:00,2018-03-28 11:00:00 +01:00,-1,1
GB,http://environment.data.gov.uk/air-quality/so,GB_Network_1,Station_GB1024A,,GB_SamplingPoint_74174,GB_StationProcess_918,GB_SamplingFeature_918,O3,http://dd.eionet.europa.eu/vocabulary/aq/pollutant/7,hour,49.5931500000,µg/m3,2018-03-28 11:00:00 +01:00,2018-03-28 12:00:00 +01:00,1,1
GB,http://environment.data.gov.uk/air-quality/so,GB_Network_1,Station_GB1024A,,GB_SamplingPoint_74174,GB_StationProcess_918,GB_SamplingFeature_918,O3,http://dd.eionet.europa.eu/vocabulary/aq/pollutant/7,hour,62.5153000000,µg/m3,2018-03-28 12:00:00 +01:00,2018-03-28 13:00:00 +01:00,1,1
GB,http://environment.data.gov.uk/air-quality/so,GB_Network_1,Station_GB1024A,,GB_SamplingPoint_74174,GB_StationProcess_918,GB_SamplingFeature_918,O3,http://dd.eionet.europa.eu/vocabulary/aq/pollutant/7,hour,67.7041200000,µg/m3,2018-03-28 14:00:00 +01:00,2018-03-28 15:00:00 +01:00,1,1
GB,http://environment.data.gov.uk/air-quality/so,GB_Network_1,Station_GB1024A,,GB_SamplingPoint_74174,GB_StationProcess_918,GB_SamplingFeature_918,O3,http://dd.eionet.europa.eu/vocabulary/aq/pollutant/7,hour,63.3634800000,µg/m3,2018-03-28 15:00:00 +01:00,2018-03-28 16:00:00 +01:00,1,1
GB,http://environment.data.gov.uk/air-quality/so,GB_Network_1,Station_GB1024A,,GB_SamplingPoint_74174,GB_StationProcess_918,GB_SamplingFeature_918,O3,http://dd.eionet.europa.eu/vocabulary/aq/pollutant/7,hour,64.4112200000,µg/m3,2018-03-28 17:00:00 +01:00,2018-03-28 18:00:00 +01:00,1,1
GB,http://environment.data.gov.uk/air-quality/so,GB_Network_1,Station_GB1024A,,GB_SamplingPoint_74174,GB_StationProcess_918,GB_SamplingFeature_918,O3,http://dd.eionet.europa.eu/vocabulary/aq/pollutant/7,hour,67.3049800000,µg/m3,2018-03-28 18:00:00 +01:00,2018-03-28 19:00:00 +01:00,1,1
GB,http://environment.data.gov.uk/air-quality/so,GB_Network_1,Station_GB1024A,,GB_SamplingPoint_74174,GB_StationProcess_918,GB_SamplingFeature_918,O3,http://dd.eionet.europa.eu/vocabulary/aq/pollutant/7,hour,56.4284200000,µg/m3,2018-03-28 19:00:00 +01:00,2018-03-28 20:00:00 +01:00,1,1
GB,http://environment.data.gov.uk/air-quality/so,GB_Network_1,Station_GB1024A,,GB_SamplingPoint_74174,GB_StationProcess_918,GB_SamplingFeature_918,O3,http://dd.eionet.europa.eu/vocabulary/aq/pollutant/7,hour,39.0159400000,µg/m3,2018-03-28 20:00:00 +01:00,2018-03-28 21:00:00 +01:00,1,1
GB,http://environment.data.gov.uk/air-quality/so,GB_Network_1,Station_GB1024A,,GB_SamplingPoint_74174,GB_StationProcess_918,GB_SamplingFeature_918,O3,http://dd.eionet.europa.eu/vocabulary/aq/pollutant/7,hour,17.5122700000,µg/m3,2018-03-28 21:00:00 +01:00,2018-03-28 22:00:00 +01:00,1,1
GB,http://environment.data.gov.uk/air-quality/so,GB_Network_1,Station_GB1024A,,GB_SamplingPoint_74174,GB_StationProcess_918,GB_SamplingFeature_918,O3,http://dd.eionet.europa.eu/vocabulary/aq/pollutant/7,hour,3.7918300000,µg/m3,2018-03-28 22:00:00 +01:00,2018-03-28 23:00:00 +01:00,2,1
GB,http://environment.data.gov.uk/air-quality/so,GB_Network_1,Station_GB1024A,,GB_SamplingPoint_74174,GB_StationProcess_918,GB_SamplingFeature_918,O3,http://dd.eionet.europa.eu/vocabulary/aq/pollutant/7,hour,5.1389300000,µg/m3,2018-03-28 23:00:00 +01:00,2018-03-29 00:00:00 +01:00,2,1
GB,http://environment.data.gov.uk/air-quality/so,GB_Network_1,Station_GB1024A,,GB_SamplingPoint_74174,GB_StationProcess_918,GB_SamplingFeature_918,O3,http://dd.eionet.europa.eu/vocabulary/aq/pollutant/7,hour,21.9527000000,µg/m3,2018-03-29 01:00:00 +01:00,2018-03-29 02:00:00 +01:00,1,1
GB,http://environment.data.gov.uk/air-quality/so,GB_Network_1,Station_GB1024A,,GB_SamplingPoint_74174,GB_StationProcess_918,GB_SamplingFeature_918,O3,http://dd.eionet.europa.eu/vocabulary/aq/pollutant/7,hour,36.0223900000,µg/m3,2018-03-29 03:00:00 +01:00,2018-03-29 04:00:00 +01:00,1,1
GB,http://environment.data.gov.uk/air-quality/so,GB_Network_1,Station_GB1024A,,GB_SamplingPoint_74174,GB_StationProcess_918,GB_SamplingFeature_918,O3,http://dd.eionet.europa.eu/vocabulary/aq/pollutant/7,hour,41.0116400000,µg/m3,2018-03-29 05:00:00 +01:00,2018-03-29 06:00:00 +01:00,1,1
GB,http://environment.data.gov.uk/air-quality/so,GB_Network_1,Station_GB1024A,,GB_SamplingPoint_74174,GB_StationProcess_918,GB_SamplingFeature_918,O3,http://dd.eionet.europa.eu/vocabulary/aq/pollutant/7,hour,24.6967900000,µg/m3,2018-03-29 06:00:00 +01:00,2018-03-29 07:00:00 +01:00,1,1
GB,http://environment.data.gov.uk/air-quality/so,GB_Network_1,Station_GB1024A,,GB_SamplingPoint_74174,GB_StationProcess_918,GB_SamplingFeature_918,O3,http://dd.eionet.europa.eu/vocabulary/aq/pollutant/7,hour,4.0412900000,µg/m3,2018-03-29 07:00:00 +01:00,2018-03-29 08:00:00 +01:00,2,1
GB,http://environment.data.gov.uk/air-quality/so,GB_Network_1,Station_GB1024A,,GB_SamplingPoint_74174,GB_StationProcess_918,GB_SamplingFeature_918,O3,http://dd.eionet.europa.eu/vocabulary/aq/pollutant/7,hour,7.5836600000,µg/m3,2018-03-29 08:00:00 +01:00,2018-03-29 09:00:00 +01:00,1,1
GB,http://environment.data.gov.uk/air-quality/so,GB_Network_1,Station_GB1024A,,GB_SamplingPoint_74174,GB_StationProcess_918,GB_SamplingFeature_918,O3,http://dd.eionet.europa.eu/vocabulary/aq/pollutant/7,hour,38.6666900000,µg/m3,2018-03-29 09:00:00 +01:00,2018-03-29 10:00:00 +01:00,1,1
GB,http://environment.data.gov.uk/air-quality/so,GB_Network_1,Station_GB1024A,,GB_SamplingPoint_74174,GB_StationProcess_918,GB_SamplingFeature_918,O3,http://dd.eionet.europa.eu/vocabulary/aq/pollutant/7,hour,64.5609000000,µg/m3,2018-03-29 10:00:00 +01:00,2018-03-29 11:00:00 +01:00,1,1
GB,http://environment.data.gov.uk/air-quality/so,GB_Network_1,Station_GB1024A,,GB_SamplingPoint_74174,GB_StationProcess_918,GB_SamplingFeature_918,O3,http://dd.eionet.europa.eu/vocabulary/aq/pollutant/7,hour,77.5329500000,µg/m3,2018-03-29 12:00:00 +01:00,2018-03-29 13:00:00 +01:00,1,1
GB,http://environment.data.gov.uk/air-quality/so,GB_Network_1,Station_GB1024A,,GB_SamplingPoint_74174,GB_StationProcess_918,GB_SamplingFeature_918,O3,http://dd.eionet.europa.eu/vocabulary/aq/pollutant/7,hour,74.5892900000,µg/m3,2018-03-29 13:00:00 +01:00,2018-03-29 14:00:00 +01:00,1,1
GB,http://environment.data.gov.uk/air-quality/so,GB_Network_1,Station_GB1024A,,GB_SamplingPoint_74174,GB_StationProcess_918,GB_SamplingFeature_918,O3,http://dd.eionet.europa.eu/vocabulary/aq/pollutant/7,hour,68.0533700000,µg/m3,2018-03-29 15:00:00 +01:00,2018-03-29 16:00:00 +01:00,1,1
GB,http://environment.data.gov.uk/air-quality/so,GB_Network_1,Station_GB1024A,,GB_SamplingPoint_74174,GB_StationProcess_918,GB_SamplingFeature_918,O3,http://dd.eionet.europa.eu/vocabulary/aq/pollutant/7,hour,38.4671200000,µg/m3,2018-03-29 17:00:00 +01:00,2018-03-29 18:00:00 +01:00,1,1
GB,http://environment.data.gov.uk/air-quality/so,GB_Network_1,Station_GB1024A,,GB_SamplingPoint_74174,GB_StationProcess_918,GB_SamplingFeature_918,O3,http://dd.eionet.europa.eu/vocabulary/aq/pollutant/7,hour,54.2331500000,µg/m3,2018-03-29 19:00:00 +01:00,2018-03-29 20:00:00 +01:00,1,1
GB,http://environment.data.gov.uk/air-quality/so,GB_Network_1,Station_GB1024A,,GB_SamplingPoint_74174,GB_StationProcess_918,GB_SamplingFeature_918,O3,http://dd.eionet.europa.eu/vocabulary/aq/pollutant/7,hour,51.4890600000,µg/m3,2018-03-29 22:00:00 +01:00,2018-03-29 23:00:00 +01:00,1,1
GB,http://environment.data.gov.uk/air-quality/so,GB_Network_1,Station_GB1024A,,GB_SamplingPoint_74174,GB_StationProcess_918,GB_SamplingFeature_918,O3,http://dd.eionet.europa.eu/vocabulary/aq/pollutant/7,hour,52.4869100000,µg/m3,2018-03-30 00:00:00 +01:00,2018-03-30 01:00:00 +01:00,1,1
GB,http://environment.data.gov.uk/air-quality/so,GB_Network_1,Station_GB1024A,,GB_SamplingPoint_74174,GB_StationProcess_918,GB_SamplingFeature_918,O3,http://dd.eionet.europa.eu/vocabulary/aq/pollutant/7,hour,59.4718600000,µg/m3,2018-03-30 02:00:00 +01:00,2018-03-30 03:00:00 +01:00,1,1
GB,http://environment.data.gov.uk/air-quality/so,GB_Network_1,Station_GB1024A,,GB_SamplingPoint_74174,GB_StationProcess_918,GB_SamplingFeature_918,O3,http://dd.eionet.europa.eu/vocabulary/aq/pollutant/7,hour,53.9836900000,µg/m3,2018-03-30 03:00:00 +01:00,2018-03-30 04:00:00 +01:00,1,1
GB,http://environment.data.gov.uk/air-quality/so,GB_Network_1,Station_GB1024A,,GB_SamplingPoint_74174,GB_StationProcess_918,GB_SamplingFeature_918,O3,http://dd.eionet.europa.eu/vocabulary/aq/pollutant/7,hour,47.3978800000,µg/m3,2018-03-30 04:00:00 +01:00,2018-03-30 05:00:00 +01:00,1,1
GB,http://environment.data.gov.uk/air-quality/so,GB_Network_1,Station_GB1024A,,GB_SamplingPoint_74174,GB_StationProcess_918,GB_SamplingFeature_918,O3,http://dd.eionet.europa.eu/vocabulary/aq/pollutant/7,hour,24.1479700000,µg/m3,2018-03-30 05:00:00 +01:00,2018-03-30 06:00:00 +01:00,1,1
GB,http://environment.data.gov.uk/air-quality/so,GB_Network_1,Station_GB1024A,,GB_SamplingPoint_74174,GB_StationProcess_918,GB_SamplingFeature_918,O3,http://dd.eionet.europa.eu/vocabulary/aq/pollutant/7,hour,45.1028200000,µg/m3,2018-03-30 09:00:00 +01:00,2018-03-30 10:00:00 +01:00,1,1
GB,http://environment.data.gov.uk/air-quality/so,GB_Network_1,Station_GB1024A,,GB_SamplingPoint_74174,GB_StationProcess_918,GB_SamplingFeature_918,O3,http://dd.eionet.europa.eu/vocabulary/aq/pollutant/7,hour,52.4869100000,µg/m3,2018-03-30 10:00:00 +01:00,2018-03-30 11:00:00 +01:00,1,1
GB,http://environment.data.gov.uk/air-quality/so,GB_Network_1,Station_GB1024A,,GB_SamplingPoint_74174,GB_StationProcess_918,GB_SamplingFeature_918,O3,http://dd.eionet.europa.eu/vocabulary/aq/pollutant/7,hour,55.9793900000,µg/m3,2018-03-30 12:00:00 +01:00,2018-03-30 13:00:00 +01:00,1,1
GB,http://environment.data.gov.uk/air-quality/so,GB_Network_1,Station_GB1024A,,GB_SamplingPoint_74174,GB_StationProcess_918,GB_SamplingFeature_918,O3,http://dd.eionet.europa.eu/vocabulary/aq/pollutant/7,hour,52.5368000000,µg/m3,2018-03-30 13:00:00 +01:00,2018-03-30 14:00:00 +01:00,1,1
GB,http://environment.data.gov.uk/air-quality/so,GB_Network_1,Station_GB1024A,,GB_SamplingPoint_74174,GB_StationProcess_918,GB_SamplingFeature_918,O3,http://dd.eionet.europa.eu/vocabulary/aq/pollutant/7,hour,54.2830400000,µg/m3,2018-03-30 14:00:00 +01:00,2018-03-30 15:00:00 +01:00,1,1
GB,http://environment.data.gov.uk/air-quality/so,GB_Network_1,Station_GB1024A,,GB_SamplingPoint_74174,GB_StationProcess_918,GB_SamplingFeature_918,O3,http://dd.eionet.europa.eu/vocabulary/aq/pollutant/7,hour,53.9337900000,µg/m3,2018-03-30 16:00:00 +01:00,2018-03-30 17:00:00 +01:00,1,1
GB,http://environment.data.gov.uk/air-quality/so,GB_Network_1,Station_GB1024A,,GB_SamplingPoint_74174,GB_StationProcess_918,GB_SamplingFeature_918,O3,http://dd.eionet.europa.eu/vocabulary/aq/pollutant/7,hour,46.5497000000,µg/m3,2018-03-30 17:00:00 +01:00,2018-03-30 18:00:00 +01:00,1,1
GB,http://environment.data.gov.uk/air-quality/so,GB_Network_1,Station_GB1024A,,GB_SamplingPoint_74174,GB_StationProcess_918,GB_SamplingFeature_918,O3,http://dd.eionet.europa.eu/vocabulary/aq/pollutant/7,hour,57.9750900000,µg/m3,2018-03-30 22:00:00 +01:00,2018-03-30 23:00:00 +01:00,1,1
GB,http://environment.data.gov.uk/air-quality/so,GB_Network_1,Station_GB1024A,,GB_SamplingPoint_74174,GB_StationProcess_918,GB_SamplingFeature_918,O3,http://dd.eionet.europa.eu/vocabulary/aq/pollutant/7,hour,54.6821800000,µg/m3,2018-03-30 23:00:00 +01:00,2018-03-31 00:00:00 +01:00,1,1
GB,http://environment.data.gov.uk/air-quality/so,GB_Network_1,Station_GB1024A,,GB_SamplingPoint_74174,GB_StationProcess_918,GB_SamplingFeature_918,O3,http://dd.eionet.europa.eu/vocabulary/aq/pollutant/7,hour,54.6821800000,µg/m3,2018-03-31 00:00:00 +01:00,2018-03-31 01:00:00 +01:00,1,1
GB,http://environment.data.gov.uk/air-quality/so,GB_Network_1,Station_GB1024A,,GB_SamplingPoint_74174,GB_StationProcess_918,GB_SamplingFeature_918,O3,http://dd.eionet.europa.eu/vocabulary/aq/pollutant/7,hour,57.0105000000,µg/m3,2018-03-31 02:00:00 +01:00,2018-03-31 03:00:00 +01:00,1,1
GB,http://environment.data.gov.uk/air-quality/so,GB_Network_1,Station_GB1024A,,GB_SamplingPoint_74174,GB_StationProcess_918,GB_SamplingFeature_918,O3,http://dd.eionet.europa.eu/vocabulary/aq/pollutant/7,hour,57.2267000000,µg/m3,2018-03-31 03:00:00 +01:00,2018-03-31 04:00:00 +01:00,1,1
GB,http://environment.data.gov.uk/air-quality/so,GB_Network_1,Station_GB1024A,,GB_SamplingPoint_74174,GB_StationProcess_918,GB_SamplingFeature_918,O3,http://dd.eionet.europa.eu/vocabulary/aq/pollutant/7,hour,56.9273400000,µg/m3,2018-03-31 04:00:00 +01:00,2018-03-31 05:00:00 +01:00,1,1
GB,http://environment.data.gov.uk/air-quality/so,GB_Network_1,Station_GB1024A,,GB_SamplingPoint_74174,GB_StationProcess_918,GB_SamplingFeature_918,O3,http://dd.eionet.europa.eu/vocabulary/aq/pollutant/7,hour,54.9815400000,µg/m3,2018-03-31 05:00:00 +01:00,2018-03-31 06:00:00 +01:00,1,1
GB,http://environment.data.gov.uk/air-quality/so,GB_Network_1,Station_GB1024A,,GB_SamplingPoint_74174,GB_StationProcess_918,GB_SamplingFeature_918,O3,http://dd.eionet.europa.eu/vocabulary/aq/pollutant/7,hour,49.9423900000,µg/m3,2018-03-31 06:00:00 +01:00,2018-03-31 07:00:00 +01:00,1,1
GB,http://environment.data.gov.uk/air-quality/so,GB_Network_1,Station_GB1024A,,GB_SamplingPoint_74174,GB_StationProcess_918,GB_SamplingFeature_918,O3,http://dd.eionet.europa.eu/vocabulary/aq/pollutant/7,hour,49.5432500000,µg/m3,2018-03-31 07:00:00 +01:00,2018-03-31 08:00:00 +01:00,1,1
GB,http://environment.data.gov.uk/air-quality/so,GB_Network_1,Station_GB1024A,,GB_SamplingPoint_74174,GB_StationProcess_918,GB_SamplingFeature_918,O3,http://dd.eionet.europa.eu/vocabulary/aq/pollutant/7,hour,48.0464800000,µg/m3,2018-03-31 08:00:00 +01:00,2018-03-31 09:00:00 +01:00,1,1
GB,http://environment.data.gov.uk/air-quality/so,GB_Network_1,Station_GB1024A,,GB_SamplingPoint_74174,GB_StationProcess_918,GB_SamplingFeature_918,O3,http://dd.eionet.europa.eu/vocabulary/aq/pollutant/7,hour,48.5454000000,µg/m3,2018-03-31 09:00:00 +01:00,2018-03-31 10:00:00 +01:00,1,1
GB,http://environment.data.gov.uk/air-quality/so,GB_Network_1,Station_GB1024A,,GB_SamplingPoint_74174,GB_StationProcess_918,GB_SamplingFeature_918,O3,http://dd.eionet.europa.eu/vocabulary/aq/pollutant/7,hour,46.3501300000,µg/m3,2018-03-31 10:00:00 +01:00,2018-03-31 11:00:00 +01:00,1,1
GB,http://environment.data.gov.uk/air-quality/so,GB_Network_1,Station_GB1024A,,GB_SamplingPoint_74174,GB_StationProcess_918,GB_SamplingFeature_918,O3,http://dd.eionet.europa.eu/vocabulary/aq/pollutant/7,hour,35.1742100000,µg/m3,2018-03-31 13:00:00 +01:00,2018-03-31 14:00:00 +01:00,1,1
GB,http://environment.data.gov.uk/air-quality/so,GB_Network_1,Station_GB1024A,,GB_SamplingPoint_74174,GB_StationProcess_918,GB_SamplingFeature_918,O3,http://dd.eionet.europa.eu/vocabulary/aq/pollutant/7,hour,40.6623900000,µg/m3,2018-03-31 15:00:00 +01:00,2018-03-31 16:00:00 +01:00,1,1
GB,http://environment.data.gov.uk/air-quality/so,GB_Network_1,Station_GB1024A,,GB_SamplingPoint_74174,GB_StationProcess_918,GB_SamplingFeature_918,O3,http://dd.eionet.europa.eu/vocabulary/aq/pollutant/7,hour,51.9380900000,µg/m3,2018-03-31 16:00:00 +01:00,2018-03-31 17:00:00 +01:00,1,1
GB,http://environment.data.gov.uk/air-quality/so,GB_Network_1,Station_GB1024A,,GB_SamplingPoint_74174,GB_StationProcess_918,GB_SamplingFeature_918,O3,http://dd.eionet.europa.eu/vocabulary/aq/pollutant/7,hour,56.7277700000,µg/m3,2018-03-31 17:00:00 +01:00,2018-03-31 18:00:00 +01:00,1,1
GB,http://environment.data.gov.uk/air-quality/so,GB_Network_1,Station_GB1024A,,GB_SamplingPoint_74174,GB_StationProcess_918,GB_SamplingFeature_918,O3,http://dd.eionet.europa.eu/vocabulary/aq/pollutant/7,hour,67.4546600000,µg/m3,2018-03-31 18:00:00 +01:00,2018-03-31 19:00:00 +01:00,1,1
GB,http://environment.data.gov.uk/air-quality/so,GB_Network_1,Station_GB1024A,,GB_SamplingPoint_74174,GB_StationProcess_918,GB_SamplingFeature_918,O3,http://dd.eionet.europa.eu/vocabulary/aq/pollutant/7,hour,57.2267000000,µg/m3,2018-03-31 20:00:00 +01:00,2018-03-31 21:00:00 +01:00,1,1
GB,http://environment.data.gov.uk/air-quality/so,GB_Network_1,Station_GB1024A,,GB_SamplingPoint_74174,GB_StationProcess_918,GB_SamplingFeature_918,O3,http://dd.eionet.europa.eu/vocabulary/aq/pollutant/7,hour,55.4804600000,µg/m3,2018-03-31 22:00:00 +01:00,2018-03-31 23:00:00 +01:00,1,1
GB,http://environment.data.gov.uk/air-quality/so,GB_Network_1,Station_GB1024A,,GB_SamplingPoint_74174,GB_StationProcess_918,GB_SamplingFeature_918,O3,http://dd.eionet.europa.eu/vocabulary/aq/pollutant/7,hour,58.6236900000,µg/m3,2018-04-01 00:00:00 +01:00,2018-04-01 01:00:00 +01:00,1,1
GB,http://environment.data.gov.uk/air-quality/so,GB_Network_1,Station_GB1024A,,GB_SamplingPoint_74174,GB_StationProcess_918,GB_SamplingFeature_918,O3,http://dd.eionet.europa.eu/vocabulary/aq/pollutant/7,hour,59.6215400000,µg/m3,2018-04-01 05:00:00 +01:00,2018-04-01 06:00:00 +01:00,1,1
GB,http://environment.data.gov.uk/air-quality/so,GB_Network_1,Station_GB1024A,,GB_SamplingPoint_74174,GB_StationProcess_918,GB_SamplingFeature_918,O3,http://dd.eionet.europa.eu/vocabulary/aq/pollutant/7,hour,57.6757300000,µg/m3,2018-04-01 06:00:00 +01:00,2018-04-01 07:00:00 +01:00,1,1
GB,http://environment.data.gov.uk/air-quality/so,GB_Network_1,Station_GB1024A,,GB_SamplingPoint_74174,GB_StationProcess_918,GB_SamplingFeature_918,O3,http://dd.eionet.europa.eu/vocabulary/aq/pollutant/7,hour,54.7320700000,µg/m3,2018-04-01 07:00:00 +01:00,2018-04-01 08:00:00 +01:00,1,1
GB,http://environment.data.gov.uk/air-quality/so,GB_Network_1,Station_GB1024A,,GB_SamplingPoint_74174,GB_StationProcess_918,GB_SamplingFeature_918,O3,http://dd.eionet.europa.eu/vocabulary/aq/pollutant/7,hour,57.0271300000,µg/m3,2018-04-01 08:00:00 +01:00,2018-04-01 09:00:00 +01:00,1,1
GB,http://environment.data.gov.uk/air-quality/so,GB_Network_1,Station_GB1024A,,GB_SamplingPoint_74174,GB_StationProcess_918,GB_SamplingFeature_918,O3,http://dd.eionet.europa.eu/vocabulary/aq/pollutant/7,hour,61.9664900000,µg/m3,2018-04-01 10:00:00 +01:00,2018-04-01 11:00:00 +01:00,1,1
GB,http://environment.data.gov.uk/air-quality/so,GB_Network_1,Station_GB1024A,,GB_SamplingPoint_74174,GB_StationProcess_918,GB_SamplingFeature_918,O3,http://dd.eionet.europa.eu/vocabulary/aq/pollutant/7,hour,70.5978900000,µg/m3,2018-04-01 13:00:00 +01:00,2018-04-01 14:00:00 +01:00,1,1
GB,http://environment.data.gov.uk/air-quality/so,GB_Network_1,Station_GB1024A,,GB_SamplingPoint_74174,GB_StationProcess_918,GB_SamplingFeature_918,O3,http://dd.eionet.europa.eu/vocabulary/aq/pollutant/7,hour,66.0576700000,µg/m3,2018-04-01 14:00:00 +01:00,2018-04-01 15:00:00 +01:00,1,1
GB,http://environment.data.gov.uk/air-quality/so,GB_Network_1,Station_GB1024A,,GB_SamplingPoint_74174,GB_StationProcess_918,GB_SamplingFeature_918,O3,http://dd.eionet.europa.eu/vocabulary/aq/pollutant/7,hour,37.9183000000,µg/m3,2018-04-01 18:00:00 +01:00,2018-04-01 19:00:00 +01:00,1,1
GB,http://environment.data.gov.uk/air-quality/so,GB_Network_1,Station_GB1024A,,GB_SamplingPoint_74174,GB_StationProcess_918,GB_SamplingFeature_918,O3,http://dd.eionet.europa.eu/vocabulary/aq/pollutant/7,hour,16.3148500000,µg/m3,2018-04-01 21:00:00 +01:00,2018-04-01 22:00:00 +01:00,1,1
GB,http://environment.data.gov.uk/air-quality/so,GB_Network_1,Station_GB1024A,,GB_SamplingPoint_74174,GB_StationProcess_918,GB_SamplingFeature_918,O3,http://dd.eionet.europa.eu/vocabulary/aq/pollutant/7,hour,59.6714300000,µg/m3,2018-04-02 02:00:00 +01:00,2018-04-02 03:00:00 +01:00,1,1
GB,http://environment.data.gov.uk/air-quality/so,GB_Network_1,Station_GB1024A,,GB_SamplingPoint_74174,GB_StationProcess_918,GB_SamplingFeature_918,O3,http://dd.eionet.europa.eu/vocabulary/aq/pollutant/7,hour,60.4198200000,µg/m3,2018-04-02 03:00:00 +01:00,2018-04-02 04:00:00 +01:00,1,1
GB,http://environment.data.gov.uk/air-quality/so,GB_Network_1,Station_GB1024A,,GB_SamplingPoint_74174,GB_StationProcess_918,GB_SamplingFeature_918,O3,http://dd.eionet.europa.eu/vocabulary/aq/pollutant/7,hour,55.7798200000,µg/m3,2018-04-02 05:00:00 +01:00,2018-04-02 06:00:00 +01:00,1,1
GB,http://environment.data.gov.uk/air-quality/so,GB_Network_1,Station_GB1024A,,GB_SamplingPoint_74174,GB_StationProcess_918,GB_SamplingFeature_918,O3,http://dd.eionet.europa.eu/vocabulary/aq/pollutant/7,hour,56.4783100000,µg/m3,2018-04-02 07:00:00 +01:00,2018-04-02 08:00:00 +01:00,1,1
GB,http://environment.data.gov.uk/air-quality/so,GB_Network_1,Station_GB1024A,,GB_SamplingPoint_74174,GB_StationProcess_918,GB_SamplingFeature_918,O3,http://dd.eionet.europa.eu/vocabulary/aq/pollutant/7,hour,50.5910000000,µg/m3,2018-04-02 13:00:00 +01:00,2018-04-02 14:00:00 +01:00,1,1
GB,http://environment.data.gov.uk/air-quality/so,GB_Network_1,Station_GB1024A,,GB_SamplingPoint_74174,GB_StationProcess_918,GB_SamplingFeature_918,O3,http://dd.eionet.europa.eu/vocabulary/aq/pollutant/7,hour,43.1570100000,µg/m3,2018-04-02 16:00:00 +01:00,2018-04-02 17:00:00 +01:00,1,1
GB,http://environment.data.gov.uk/air-quality/so,GB_Network_1,Station_GB1024A,,GB_SamplingPoint_74174,GB_StationProcess_918,GB_SamplingFeature_918,O3,http://dd.eionet.europa.eu/vocabulary/aq/pollutant/7,hour,45.0529300000,µg/m3,2018-04-02 17:00:00 +01:00,2018-04-02 18:00:00 +01:00,1,1
GB,http://environment.data.gov.uk/air-quality/so,GB_Network_1,Station_GB1024A,,GB_SamplingPoint_74174,GB_StationProcess_918,GB_SamplingFeature_918,O3,http://dd.eionet.europa.eu/vocabulary/aq/pollutant/7,hour,35.8228200000,µg/m3,2018-04-02 19:00:00 +01:00,2018-04-02 20:00:00 +01:00,1,1
GB,http://environment.data.gov.uk/air-quality/so,GB_Network_1,Station_GB1024A,,GB_SamplingPoint_74174,GB_StationProcess_918,GB_SamplingFeature_918,O3,http://dd.eionet.europa.eu/vocabulary/aq/pollutant/7,hour,28.7879700000,µg/m3,2018-04-02 20:00:00 +01:00,2018-04-02 21:00:00 +01:00,1,1
GB,http://environment.data.gov.uk/air-quality/so,GB_Network_1,Station_GB1024A,,GB_SamplingPoint_74174,GB_StationProcess_918,GB_SamplingFeature_918,O3,http://dd.eionet.europa.eu/vocabulary/aq/pollutant/7,hour,29.4864700000,µg/m3,2018-04-02 21:00:00 +01:00,2018-04-02 22:00:00 +01:00,1,1
GB,http://environment.data.gov.uk/air-quality/so,GB_Network_1,Station_GB1024A,,GB_SamplingPoint_74174,GB_StationProcess_918,GB_SamplingFeature_918,O3,http://dd.eionet.europa.eu/vocabulary/aq/pollutant/7,hour,46.3501300000,µg/m3,2018-04-02 22:00:00 +01:00,2018-04-02 23:00:00 +01:00,1,1
GB,http://environment.data.gov.uk/air-quality/so,GB_Network_1,Station_GB1024A,,GB_SamplingPoint_74174,GB_StationProcess_918,GB_SamplingFeature_918,O3,http://dd.eionet.europa.eu/vocabulary/aq/pollutant/7,hour,54.5824000000,µg/m3,2018-04-02 23:00:00 +01:00,2018-04-03 00:00:00 +01:00,1,1
GB,http://environment.data.gov.uk/air-quality/so,GB_Network_1,Station_GB1024A,,GB_SamplingPoint_74174,GB_StationProcess_918,GB_SamplingFeature_918,O3,http://dd.eionet.europa.eu/vocabulary/aq/pollutant/7,hour,60.1204600000,µg/m3,2018-04-03 00:00:00 +01:00,2018-04-03 01:00:00 +01:00,1,1
GB,http://environment.data.gov.uk/air-quality/so,GB_Network_1,Station_GB1024A,,GB_SamplingPoint_74174,GB_StationProcess_918,GB_SamplingFeature_918,O3,http://dd.eionet.europa.eu/vocabulary/aq/pollutant/7,hour,67.3881400000,µg/m3,2018-04-03 02:00:00 +01:00,2018-04-03 03:00:00 +01:00,1,1
GB,http://environment.data.gov.uk/air-quality/so,GB_Network_1,Station_GB1024A,,GB_SamplingPoint_74174,GB_StationProcess_918,GB_SamplingFeature_918,O3,http://dd.eionet.europa.eu/vocabulary/aq/pollutant/7,hour,64.9600400000,µg/m3,2018-04-03 05:00:00 +01:00,2018-04-03 06:00:00 +01:00,1,1
GB,http://environment.data.gov.uk/air-quality/so,GB_Network_1,Station_GB1024A,,GB_SamplingPoint_74174,GB_StationProcess_918,GB_SamplingFeature_918,O3,http://dd.eionet.europa.eu/vocabulary/aq/pollutant/7,hour,49.9423900000,µg/m3,2018-04-03 07:00:00 +01:00,2018-04-03 08:00:00 +01:00,1,1
GB,http://environment.data.gov.uk/air-quality/so,GB_Network_1,Station_GB1024A,,GB_SamplingPoint_74174,GB_StationProcess_918,GB_SamplingFeature_918,O3,http://dd.eionet.europa.eu/vocabulary/aq/pollutant/7,hour,41.2112100000,µg/m3,2018-04-03 08:00:00 +01:00,2018-04-03 09:00:00 +01:00,1,1
GB,http://environment.data.gov.uk/air-quality/so,GB_Network_1,Station_GB1024A,,GB_SamplingPoint_74174,GB_StationProcess_918,GB_SamplingFeature_918,O3,http://dd.eionet.europa.eu/vocabulary/aq/pollutant/7,hour,56.4284200000,µg/m3,2018-04-03 10:00:00 +01:00,2018-04-03 11:00:00 +01:00,1,1
GB,http://environment.data.gov.uk/air-quality/so,GB_Network_1,Station_GB1024A,,GB_SamplingPoint_74174,GB_StationProcess_918,GB_SamplingFeature_918,O3,http://dd.eionet.europa.eu/vocabulary/aq/pollutant/7,hour,70.6976700000,µg/m3,2018-04-03 13:00:00 +01:00,2018-04-03 14:00:00 +01:00,1,1
GB,http://environment.data.gov.uk/air-quality/so,GB_Network_1,Station_GB1024A,,GB_SamplingPoint_74174,GB_StationProcess_918,GB_SamplingFeature_918,O3,http://dd.eionet.europa.eu/vocabulary/aq/pollutant/7,hour,86.7131700000,µg/m3,2018-04-03 15:00:00 +01:00,2018-04-03 16:00:00 +01:00,1,1
GB,http://environment.data.gov.uk/air-quality/so,GB_Network_1,Station_GB1024A,,GB_SamplingPoint_74174,GB_StationProcess_918,GB_SamplingFeature_918,O3,http://dd.eionet.europa.eu/vocabulary/aq/pollutant/7,hour,81.8237000000,µg/m3,2018-04-03 20:00:00 +01:00,2018-04-03 21:00:00 +01:00,1,1
GB,http://environment.data.gov.uk/air-quality/so,GB_Network_1,Station_GB1024A,,GB_SamplingPoint_74174,GB_StationProcess_918,GB_SamplingFeature_918,O3,http://dd.eionet.europa.eu/vocabulary/aq/pollutant/7,hour,70.1987500000,µg/m3,2018-04-03 22:00:00 +01:00,2018-04-03 23:00:00 +01:00,1,1
GB,http://environment.data.gov.uk/air-quality/so,GB_Network_1,Station_GB1024A,,GB_SamplingPoint_74174,GB_StationProcess_918,GB_SamplingFeature_918,O3,http://dd.eionet.europa.eu/vocabulary/aq/pollutant/7,hour,51.7385200000,µg/m3,2018-04-03 23:00:00 +01:00,2018-04-04 00:00:00 +01:00,1,1
GB,http://environment.data.gov.uk/air-quality/so,GB_Network_1,Station_GB1024A,,GB_SamplingPoint_74174,GB_StationProcess_918,GB_SamplingFeature_918,O3,http://dd.eionet.europa.eu/vocabulary/aq/pollutant/7,hour,47.6473400000,µg/m3,2018-04-04 00:00:00 +01:00,2018-04-04 01:00:00 +01:00,1,1
GB,http://environment.data.gov.uk/air-quality/so,GB_Network_1,Station_GB1024A,,GB_SamplingPoint_74174,GB_StationProcess_918,GB_SamplingFeature_918,O3,http://dd.eionet.europa.eu/vocabulary/aq/pollutant/7,hour,55.5802500000,µg/m3,2018-04-04 03:00:00 +01:00,2018-04-04 04:00:00 +01:00,1,1
GB,http://environment.data.gov.uk/air-quality/so,GB_Network_1,Station_GB1024A,,GB_SamplingPoint_74174,GB_StationProcess_918,GB_SamplingFeature_918,O3,http://dd.eionet.europa.eu/vocabulary/aq/pollutant/7,hour,66.8060600000,µg/m3,2018-04-04 04:00:00 +01:00,2018-04-04 05:00:00 +01:00,1,1
GB,http://environment.data.gov.uk/air-quality/so,GB_Network_1,Station_GB1024A,,GB_SamplingPoint_74174,GB_StationProcess_918,GB_SamplingFeature_918,O3,http://dd.eionet.europa.eu/vocabulary/aq/pollutant/7,hour,46.1006700000,µg/m3,2018-04-04 07:00:00 +01:00,2018-04-04 08:00:00 +01:00,1,1
GB,http://environment.data.gov.uk/air-quality/so,GB_Network_1,Station_GB1024A,,GB_SamplingPoint_74174,GB_StationProcess_918,GB_SamplingFeature_918,O3,http://dd.eionet.europa.eu/vocabulary/aq/pollutant/7,hour,63.8125100000,µg/m3,2018-04-04 09:00:00 +01:00,2018-04-04 10:00:00 +01:00,1,1
GB,http://environment.data.gov.uk/air-quality/so,GB_Network_1,Station_GB1024A,,GB_SamplingPoint_74174,GB_StationProcess_918,GB_SamplingFeature_918,O3,http://dd.eionet.europa.eu/vocabulary/aq/pollutant/7,hour,75.0882100000,µg/m3,2018-04-04 10:00:00 +01:00,2018-04-04 11:00:00 +01:00,1,1
GB,http://environment.data.gov.uk/air-quality/so,GB_Network_1,Station_GB1024A,,GB_SamplingPoint_74174,GB_StationProcess_918,GB_SamplingFeature_918,O3,http://dd.eionet.europa.eu/vocabulary/aq/pollutant/7,hour,74.7888600000,µg/m3,2018-04-04 11:00:00 +01:00,2018-04-04 12:00:00 +01:00,1,1
GB,http://environment.data.gov.uk/air-quality/so,GB_Network_1,Station_GB1024A,,GB_SamplingPoint_74174,GB_StationProcess_918,GB_SamplingFeature_918,O3,http://dd.eionet.europa.eu/vocabulary/aq/pollutant/7,hour,84.7174700000,µg/m3,2018-04-04 16:00:00 +01:00,2018-04-04 17:00:00 +01:00,1,1
GB,http://environment.data.gov.uk/air-quality/so,GB_Network_1,Station_GB1024A,,GB_SamplingPoint_74174,GB_StationProcess_918,GB_SamplingFeature_918,O3,http://dd.eionet.europa.eu/vocabulary/aq/pollutant/7,hour,83.2206900000,µg/m3,2018-04-04 18:00:00 +01:00,2018-04-04 19:00:00 +01:00,1,1
GB,http://environment.data.gov.uk/air-quality/so,GB_Network_1,Station_GB1024A,,GB_SamplingPoint_74174,GB_StationProcess_918,GB_SamplingFeature_918,O3,http://dd.eionet.europa.eu/vocabulary/aq/pollutant/7,hour,76.8344500000,µg/m3,2018-04-04 19:00:00 +01:00,2018-04-04 20:00:00 +01:00,1,1
GB,http://environment.data.gov.uk/air-quality/so,GB_Network_1,Station_GB1024A,,GB_SamplingPoint_74174,GB_StationProcess_918,GB_SamplingFeature_918,O3,http://dd.eionet.europa.eu/vocabulary/aq/pollutant/7,hour,62.5153000000,µg/m3,2018-04-04 21:00:00 +01:00,2018-04-04 22:00:00 +01:00,1,1
GB,http://environment.data.gov.uk/air-quality/so,GB_Network_1,Station_GB1024A,,GB_SamplingPoint_74174,GB_StationProcess_918,GB_SamplingFeature_918,O3,http://dd.eionet.europa.eu/vocabulary/aq/pollutant/7,hour,75.6869200000,µg/m3,2018-04-04 22:00:00 +01:00,2018-04-04 23:00:00 +01:00,1,1
GB,http://environment.data.gov.uk/air-quality/so,GB_Network_1,Station_GB1024A,,GB_SamplingPoint_74174,GB_StationProcess_918,GB_SamplingFeature_918,O3,http://dd.eionet.europa.eu/vocabulary/aq/pollutant/7,hour,83.2206900000,µg/m3,2018-04-05 04:00:00 +01:00,2018-04-05 05:00:00 +01:00,1,1
GB,http://environment.data.gov.uk/air-quality/so,GB_Network_1,Station_GB1024A,,GB_SamplingPoint_74174,GB_StationProcess_918,GB_SamplingFeature_918,O3,http://dd.eionet.europa.eu/vocabulary/aq/pollutant/7,hour,76.4852000000,µg/m3,2018-04-05 05:00:00 +01:00,2018-04-05 06:00:00 +01:00,1,1
GB,http://environment.data.gov.uk/air-quality/so,GB_Network_1,Station_GB1024A,,GB_SamplingPoint_74174,GB_StationProcess_918,GB_SamplingFeature_918,O3,http://dd.eionet.europa.eu/vocabulary/aq/pollutant/7,hour,65.7084200000,µg/m3,2018-04-05 06:00:00 +01:00,2018-04-05 07:00:00 +01:00,1,1
GB,http://environment.data.gov.uk/air-quality/so,GB_Network_1,Station_GB1024A,,GB_SamplingPoint_74174,GB_StationProcess_918,GB_SamplingFeature_918,O3,http://dd.eionet.europa.eu/vocabulary/aq/pollutant/7,hour,55.2310000000,µg/m3,2018-04-05 07:00:00 +01:00,2018-04-05 08:00:00 +01:00,1,1
GB,http://environment.data.gov.uk/air-quality/so,GB_Network_1,Station_GB1024A,,GB_SamplingPoint_74174,GB_StationProcess_918,GB_SamplingFeature_918,O3,http://dd.eionet.europa.eu/vocabulary/aq/pollutant/7,hour,61.6172400000,µg/m3,2018-04-05 08:00:00 +01:00,2018-04-05 09:00:00 +01:00,1,1
GB,http://environment.data.gov.uk/air-quality/so,GB_Network_1,Station_GB1024A,,GB_SamplingPoint_74174,GB_StationProcess_918,GB_SamplingFeature_918,O3,http://dd.eionet.europa.eu/vocabulary/aq/pollutant/7,hour,68.8516500000,µg/m3,2018-04-05 10:00:00 +01:00,2018-04-05 11:00:00 +01:00,1,1
GB,http://environment.data.gov.uk/air-quality/so,GB_Network_1,Station_GB1024A,,GB_SamplingPoint_74174,GB_StationProcess_918,GB_SamplingFeature_918,O3,http://dd.eionet.europa.eu/vocabulary/aq/pollutant/7,hour,73.7910100000,µg/m3,2018-04-05 12:00:00 +01:00,2018-04-05 13:00:00 +01:00,1,1
GB,http://environment.data.gov.uk/air-quality/so,GB_Network_1,Station_GB1024A,,GB_SamplingPoint_74174,GB_StationProcess_918,GB_SamplingFeature_918,O3,http://dd.eionet.europa.eu/vocabulary/aq/pollutant/7,hour,74.3398300000,µg/m3,2018-04-05 13:00:00 +01:00,2018-04-05 14:00:00 +01:00,1,1
GB,http://environment.data.gov.uk/air-quality/so,GB_Network_1,Station_GB1024A,,GB_SamplingPoint_74174,GB_StationProcess_918,GB_SamplingFeature_918,O3,http://dd.eionet.europa.eu/vocabulary/aq/pollutant/7,hour,67.8538000000,µg/m3,2018-04-05 15:00:00 +01:00,2018-04-05 16:00:00 +01:00,1,1
GB,http://environment.data.gov.uk/air-quality/so,GB_Network_1,Station_GB1024A,,GB_SamplingPoint_74174,GB_StationProcess_918,GB_SamplingFeature_918,O3,http://dd.eionet.europa.eu/vocabulary/aq/pollutant/7,hour,71.6955200000,µg/m3,2018-04-05 17:00:00 +01:00,2018-04-05 18:00:00 +01:00,1,1
GB,http://environment.data.gov.uk/air-quality/so,GB_Network_1,Station_GB1024A,,GB_SamplingPoint_74174,GB_StationProcess_918,GB_SamplingFeature_918,O3,http://dd.eionet.europa.eu/vocabulary/aq/pollutant/7,hour,66.1075600000,µg/m3,2018-04-05 21:00:00 +01:00,2018-04-05 22:00:00 +01:00,1,1
GB,http://environment.data.gov.uk/air-quality/so,GB_Network_1,Station_GB1024A,,GB_SamplingPoint_74174,GB_StationProcess_918,GB_SamplingFeature_918,O3,http://dd.eionet.europa.eu/vocabulary/aq/pollutant/7,hour,67.9535900000,µg/m3,2018-04-05 22:00:00 +01:00,2018-04-05 23:00:00 +01:00,1,1
GB,http://environment.data.gov.uk/air-quality/so,GB_Network_1,Station_GB1024A,,GB_SamplingPoint_74174,GB_StationProcess_918,GB_SamplingFeature_918,O3,http://dd.eionet.europa.eu/vocabulary/aq/pollutant/7,hour,56.7776700000,µg/m3,2018-04-06 03:00:00 +01:00,2018-04-06 04:00:00 +01:00,1,1
GB,http://environment.data.gov.uk/air-quality/so,GB_Network_1,Station_GB1024A,,GB_SamplingPoint_74174,GB_StationProcess_918,GB_SamplingFeature_918,O3,http://dd.eionet.europa.eu/vocabulary/aq/pollutant/7,hour,58.6236900000,µg/m3,2018-04-06 04:00:00 +01:00,2018-04-06 05:00:00 +01:00,1,1
GB,http://environment.data.gov.uk/air-quality/so,GB_Network_1,Station_GB1024A,,GB_SamplingPoint_74174,GB_StationProcess_918,GB_SamplingFeature_918,O3,http://dd.eionet.europa.eu/vocabulary/aq/pollutant/7,hour,35.2740000000,µg/m3,2018-04-06 07:00:00 +01:00,2018-04-06 08:00:00 +01:00,1,1
GB,http://environment.data.gov.uk/air-quality/so,GB_Network_1,Station_GB1024A,,GB_SamplingPoint_74174,GB_StationProcess_918,GB_SamplingFeature_918,O3,http://dd.eionet.europa.eu/vocabulary/aq/pollutant/7,hour,57.9251900000,µg/m3,2018-04-06 10:00:00 +01:00,2018-04-06 11:00:00 +01:00,1,1
GB,http://environment.data.gov.uk/air-quality/so,GB_Network_1,Station_GB1024A,,GB_SamplingPoint_74174,GB_StationProcess_918,GB_SamplingFeature_918,O3,http://dd.eionet.europa.eu/vocabulary/aq/pollutant/7,hour,67.2052000000,µg/m3,2018-04-06 11:00:00 +01:00,2018-04-06 12:00:00 +01:00,1,1
GB,http://environment.data.gov.uk/air-quality/so,GB_Network_1,Station_GB1024A,,GB_SamplingPoint_74174,GB_StationProcess_918,GB_SamplingFeature_918,O3,http://dd.eionet.europa.eu/vocabulary/aq/pollutant/7,hour,77.1837000000,µg/m3,2018-04-06 13:00:00 +01:00,2018-04-06 14:00:00 +01:00,1,1
GB,http://environment.data.gov.uk/air-quality/so,GB_Network_1,Station_GB1024A,,GB_SamplingPoint_74174,GB_StationProcess_918,GB_SamplingFeature_918,O3,http://dd.eionet.europa.eu/vocabulary/aq/pollutant/7,hour,78.4310100000,µg/m3,2018-04-06 15:00:00 +01:00,2018-04-06 16:00:00 +01:00,1,1
GB,http://environment.data.gov.uk/air-quality/so,GB_Network_1,Station_GB1024A,,GB_SamplingPoint_74174,GB_StationProcess_918,GB_SamplingFeature_918,O3,http://dd.eionet.europa.eu/vocabulary/aq/pollutant/7,hour,79.4787500000,µg/m3,2018-04-06 16:00:00 +01:00,2018-04-06 17:00:00 +01:00,1,1
GB,http://environment.data.gov.uk/air-quality/so,GB_Network_1,Station_GB1024A,,GB_SamplingPoint_74174,GB_StationProcess_918,GB_SamplingFeature_918,O3,http://dd.eionet.europa.eu/vocabulary/aq/pollutant/7,hour,77.3333800000,µg/m3,2018-04-06 18:00:00 +01:00,2018-04-06 19:00:00 +01:00,1,1
GB,http://environment.data.gov.uk/air-quality/so,GB_Network_1,Station_GB1024A,,GB_SamplingPoint_74174,GB_StationProcess_918,GB_SamplingFeature_918,O3,http://dd.eionet.europa.eu/vocabulary/aq/pollutant/7,hour,23.6989400000,µg/m3,2018-04-06 20:00:00 +01:00,2018-04-06 21:00:00 +01:00,1,1
GB,http://environment.data.gov.uk/air-quality/so,GB_Network_1,Station_GB1024A,,GB_SamplingPoint_74174,GB_StationProcess_918,GB_SamplingFeature_918,O3,http://dd.eionet.europa.eu/vocabulary/aq/pollutant/7,hour,3.7918300000,µg/m3,2018-04-06 21:00:00 +01:00,2018-04-06 22:00:00 +01:00,2,1
GB,http://environment.data.gov.uk/air-quality/so,GB_Network_1,Station_GB1024A,,GB_SamplingPoint_74174,GB_StationProcess_918,GB_SamplingFeature_918,O3,http://dd.eionet.europa.eu/vocabulary/aq/pollutant/7,hour,0.8481700000,µg/m3,2018-04-06 22:00:00 +01:00,2018-04-06 23:00:00 +01:00,2,1
GB,http://environment.data.gov.uk/air-quality/so,GB_Network_1,Station_GB1024A,,GB_SamplingPoint_74174,GB_StationProcess_918,GB_SamplingFeature_918,O3,http://dd.eionet.europa.eu/vocabulary/aq/pollutant/7,hour,0.8980700000,µg/m3,2018-04-06 23:00:00 +01:00,2018-04-07 00:00:00 +01:00,2,1
GB,http://environment.data.gov.uk/air-quality/so,GB_Network_1,Station_GB1024A,,GB_SamplingPoint_74174,GB_StationProcess_918,GB_SamplingFeature_918,O3,http://dd.eionet.europa.eu/vocabulary/aq/pollutant/7,hour,0.6985000000,µg/m3,2018-04-07 00:00:00 +01:00,2018-04-07 01:00:00 +01:00,2,1
GB,http://environment.data.gov.uk/air-quality/so,GB_Network_1,Station_GB1024A,,GB_SamplingPoint_74174,GB_StationProcess_918,GB_SamplingFeature_918,O3,http://dd.eionet.europa.eu/vocabulary/aq/pollutant/7,hour,0.7317600000,µg/m3,2018-04-07 01:00:00 +01:00,2018-04-07 02:00:00 +01:00,2,1
GB,http://environment.data.gov.uk/air-quality/so,GB_Network_1,Station_GB1024A,,GB_SamplingPoint_74174,GB_StationProcess_918,GB_SamplingFeature_918,O3,http://dd.eionet.europa.eu/vocabulary/aq/pollutant/7,hour,0.8648000000,µg/m3,2018-04-07 02:00:00 +01:00,2018-04-07 03:00:00 +01:00,2,1
GB,http://environment.data.gov.uk/air-quality/so,GB_Network_1,Station_GB1024A,,GB_SamplingPoint_74174,GB_StationProcess_918,GB_SamplingFeature_918,O3,http://dd.eionet.europa.eu/vocabulary/aq/pollutant/7,hour,0.6985000000,µg/m3,2018-04-07 03:00:00 +01:00,2018-04-07 04:00:00 +01:00,2,1
GB,http://environment.data.gov.uk/air-quality/so,GB_Network_1,Station_GB1024A,,GB_SamplingPoint_74174,GB_StationProcess_918,GB_SamplingFeature_918,O3,http://dd.eionet.europa.eu/vocabulary/aq/pollutant/7,hour,0.7483900000,µg/m3,2018-04-07 04:00:00 +01:00,2018-04-07 05:00:00 +01:00,2,1
GB,http://environment.data.gov.uk/air-quality/so,GB_Network_1,Station_GB1024A,,GB_SamplingPoint_74174,GB_StationProcess_918,GB_SamplingFeature_918,O3,http://dd.eionet.europa.eu/vocabulary/aq/pollutant/7,hour,0.7483900000,µg/m3,2018-04-07 05:00:00 +01:00,2018-04-07 06:00:00 +01:00,2,1
GB,http://environment.data.gov.uk/air-quality/so,GB_Network_1,Station_GB1024A,,GB_SamplingPoint_74174,GB_StationProcess_918,GB_SamplingFeature_918,O3,http://dd.eionet.europa.eu/vocabulary/aq/pollutant/7,hour,0.8481700000,µg/m3,2018-04-07 06:00:00 +01:00,2018-04-07 07:00:00 +01:00,2,1
GB,http://environment.data.gov.uk/air-quality/so,GB_Network_1,Station_GB1024A,,GB_SamplingPoint_74174,GB_StationProcess_918,GB_SamplingFeature_918,O3,http://dd.eionet.europa.eu/vocabulary/aq/pollutant/7,hour,1.6963500000,µg/m3,2018-04-07 07:00:00 +01:00,2018-04-07 08:00:00 +01:00,2,1
GB,http://environment.data.gov.uk/air-quality/so,GB_Network_1,Station_GB1024A,,GB_SamplingPoint_74174,GB_StationProcess_918,GB_SamplingFeature_918,O3,http://dd.eionet.europa.eu/vocabulary/aq/pollutant/7,hour,3.4425800000,µg/m3,2018-04-07 08:00:00 +01:00,2018-04-07 09:00:00 +01:00,2,1
GB,http://environment.data.gov.uk/air-quality/so,GB_Network_1,Station_GB1024A,,GB_SamplingPoint_74174,GB_StationProcess_918,GB_SamplingFeature_918,O3,http://dd.eionet.europa.eu/vocabulary/aq/pollutant/7,hour,6.7853800000,µg/m3,2018-04-07 09:00:00 +01:00,2018-04-07 10:00:00 +01:00,1,1
GB,http://environment.data.gov.uk/air-quality/so,GB_Network_1,Station_GB1024A,,GB_SamplingPoint_74174,GB_StationProcess_918,GB_SamplingFeature_918,O3,http://dd.eionet.europa.eu/vocabulary/aq/pollutant/7,hour,40.2133600000,µg/m3,2018-04-07 11:00:00 +01:00,2018-04-07 12:00:00 +01:00,1,1
GB,http://environment.data.gov.uk/air-quality/so,GB_Network_1,Station_GB1024A,,GB_SamplingPoint_74174,GB_StationProcess_918,GB_SamplingFeature_918,O3,http://dd.eionet.europa.eu/vocabulary/aq/pollutant/7,hour,73.8409000000,µg/m3,2018-04-07 16:00:00 +01:00,2018-04-07 17:00:00 +01:00,1,1
GB,http://environment.data.gov.uk/air-quality/so,GB_Network_1,Station_GB1024A,,GB_SamplingPoint_74174,GB_StationProcess_918,GB_SamplingFeature_918,O3,http://dd.eionet.europa.eu/vocabulary/aq/pollutant/7,hour,71.6955200000,µg/m3,2018-04-07 18:00:00 +01:00,2018-04-07 19:00:00 +01:00,1,1
GB,http://environment.data.gov.uk/air-quality/so,GB_Network_1,Station_GB1024A,,GB_SamplingPoint_74174,GB_StationProcess_918,GB_SamplingFeature_918,O3,http://dd.eionet.europa.eu/vocabulary/aq/pollutant/7,hour,52.0378800000,µg/m3,2018-04-07 19:00:00 +01:00,2018-04-07 20:00:00 +01:00,1,1
GB,http://environment.data.gov.uk/air-quality/so,GB_Network_1,Station_GB1024A,,GB_SamplingPoint_74174,GB_StationProcess_918,GB_SamplingFeature_918,O3,http://dd.eionet.europa.eu/vocabulary/aq/pollutant/7,hour,38.1178700000,µg/m3,2018-04-07 20:00:00 +01:00,2018-04-07 21:00:00 +01:00,1,1
GB,http://environment.data.gov.uk/air-quality/so,GB_Network_1,Station_GB1024A,,GB_SamplingPoint_74174,GB_StationProcess_918,GB_SamplingFeature_918,O3,http://dd.eionet.europa.eu/vocabulary/aq/pollutant/7,hour,48.5454000000,µg/m3,2018-04-07 22:00:00 +01:00,2018-04-07 23:00:00 +01:00,1,1
GB,http://environment.data.gov.uk/air-quality/so,GB_Network_1,Station_GB1024A,,GB_SamplingPoint_74174,GB_StationProcess_918,GB_SamplingFeature_918,O3,http://dd.eionet.europa.eu/vocabulary/aq/pollutant/7,hour,50.3914300000,µg/m3,2018-04-07 23:00:00 +01:00,2018-04-08 00:00:00 +01:00,1,1
GB,http://environment.data.gov.uk/air-quality/so,GB_Network_1,Station_GB1024A,,GB_SamplingPoint_74174,GB_StationProcess_918,GB_SamplingFeature_918,O3,http://dd.eionet.europa.eu/vocabulary/aq/pollutant/7,hour,49.2937900000,µg/m3,2018-04-08 00:00:00 +01:00,2018-04-08 01:00:00 +01:00,1,1
GB,http://environment.data.gov.uk/air-quality/so,GB_Network_1,Station_GB1024A,,GB_SamplingPoint_74174,GB_StationProcess_918,GB_SamplingFeature_918,O3,http://dd.eionet.europa.eu/vocabulary/aq/pollutant/7,hour,46.3002400000,µg/m3,2018-04-08 01:00:00 +01:00,2018-04-08 02:00:00 +01:00,1,1
GB,http://environment.data.gov.uk/air-quality/so,GB_Network_1,Station_GB1024A,,GB_SamplingPoint_74174,GB_StationProcess_918,GB_SamplingFeature_918,O3,http://dd.eionet.europa.eu/vocabulary/aq/pollutant/7,hour,39.5813800000,µg/m3,2018-04-08 02:00:00 +01:00,2018-04-08 03:00:00 +01:00,1,1
GB,http://environment.data.gov.uk/air-quality/so,GB_Network_1,Station_GB1024A,,GB_SamplingPoint_74174,GB_StationProcess_918,GB_SamplingFeature_918,O3,http://dd.eionet.europa.eu/vocabulary/aq/pollutant/7,hour,41.5604500000,µg/m3,2018-04-08 03:00:00 +01:00,2018-04-08 04:00:00 +01:00,1,1
GB,http://environment.data.gov.uk/air-quality/so,GB_Network_1,Station_GB1024A,,GB_SamplingPoint_74174,GB_StationProcess_918,GB_SamplingFeature_918,O3,http://dd.eionet.europa.eu/vocabulary/aq/pollutant/7,hour,31.0830300000,µg/m3,2018-04-08 05:00:00 +01:00,2018-04-08 06:00:00 +01:00,1,1
GB,http://environment.data.gov.uk/air-quality/so,GB_Network_1,Station_GB1024A,,GB_SamplingPoint_74174,GB_StationProcess_918,GB_SamplingFeature_918,O3,http://dd.eionet.europa.eu/vocabulary/aq/pollutant/7,hour,19.4081800000,µg/m3,2018-04-08 06:00:00 +01:00,2018-04-08 07:00:00 +01:00,1,1
GB,http://environment.data.gov.uk/air-quality/so,GB_Network_1,Station_GB1024A,,GB_SamplingPoint_74174,GB_StationProcess_918,GB_SamplingFeature_918,O3,http://dd.eionet.europa.eu/vocabulary/aq/pollutant/7,hour,14.4688300000,µg/m3,2018-04-08 08:00:00 +01:00,2018-04-08 09:00:00 +01:00,1,1
GB,http://environment.data.gov.uk/air-quality/so,GB_Network_1,Station_GB1024A,,GB_SamplingPoint_74174,GB_StationProcess_918,GB_SamplingFeature_918,O3,http://dd.eionet.europa.eu/vocabulary/aq/pollutant/7,hour,13.4709800000,µg/m3,2018-04-08 09:00:00 +01:00,2018-04-08 10:00:00 +01:00,1,1
GB,http://environment.data.gov.uk/air-quality/so,GB_Network_1,Station_GB1024A,,GB_SamplingPoint_74174,GB_StationProcess_918,GB_SamplingFeature_918,O3,http://dd.eionet.europa.eu/vocabulary/aq/pollutant/7,hour,17.3127000000,µg/m3,2018-04-08 10:00:00 +01:00,2018-04-08 11:00:00 +01:00,1,1
GB,http://environment.data.gov.uk/air-quality/so,GB_Network_1,Station_GB1024A,,GB_SamplingPoint_74174,GB_StationProcess_918,GB_SamplingFeature_918,O3,http://dd.eionet.europa.eu/vocabulary/aq/pollutant/7,hour,56.9273400000,µg/m3,2018-04-08 11:00:00 +01:00,2018-04-08 12:00:00 +01:00,1,1
GB,http://environment.data.gov.uk/air-quality/so,GB_Network_1,Station_GB1024A,,GB_SamplingPoint_74174,GB_StationProcess_918,GB_SamplingFeature_918,O3,http://dd.eionet.europa.eu/vocabulary/aq/pollutant/7,hour,66.8060600000,µg/m3,2018-04-08 12:00:00 +01:00,2018-04-08 13:00:00 +01:00,1,1
GB,http://environment.data.gov.uk/air-quality/so,GB_Network_1,Station_GB1024A,,GB_SamplingPoint_74174,GB_StationProcess_918,GB_SamplingFeature_918,O3,http://dd.eionet.europa.eu/vocabulary/aq/pollutant/7,hour,32.0808800000,µg/m3,2018-04-08 15:00:00 +01:00,2018-04-08 16:00:00 +01:00,1,1
GB,http://environment.data.gov.uk/air-quality/so,GB_Network_1,Station_GB1024A,,GB_SamplingPoint_74174,GB_StationProcess_918,GB_SamplingFeature_918,O3,http://dd.eionet.europa.eu/vocabulary/aq/pollutant/7,hour,23.8985100000,µg/m3,2018-04-08 16:00:00 +01:00,2018-04-08 17:00:00 +01:00,1,1
GB,http://environment.data.gov.uk/air-quality/so,GB_Network_1,Station_GB1024A,,GB_SamplingPoint_74174,GB_StationProcess_918,GB_SamplingFeature_918,O3,http://dd.eionet.europa.eu/vocabulary/aq/pollutant/7,hour,35.1742100000,µg/m3,2018-04-08 17:00:00 +01:00,2018-04-08 18:00:00 +01:00,1,1
GB,http://environment.data.gov.uk/air-quality/so,GB_Network_1,Station_GB1024A,,GB_SamplingPoint_74174,GB_StationProcess_918,GB_SamplingFeature_918,O3,http://dd.eionet.europa.eu/vocabulary/aq/pollutant/7,hour,28.8877600000,µg/m3,2018-04-08 18:00:00 +01:00,2018-04-08 19:00:00 +01:00,1,1
GB,http://environment.data.gov.uk/air-quality/so,GB_Network_1,Station_GB1024A,,GB_SamplingPoint_74174,GB_StationProcess_918,GB_SamplingFeature_918,O3,http://dd.eionet.europa.eu/vocabulary/aq/pollutant/7,hour,27.3410900000,µg/m3,2018-04-08 20:00:00 +01:00,2018-04-08 21:00:00 +01:00,1,1
GB,http://environment.data.gov.uk/air-quality/so,GB_Network_1,Station_GB1024A,,GB_SamplingPoint_74174,GB_StationProcess_918,GB_SamplingFeature_918,O3,http://dd.eionet.europa.eu/vocabulary/aq/pollutant/7,hour,42.2090600000,µg/m3,2018-04-08 22:00:00 +01:00,2018-04-08 23:00:00 +01:00,1,1
GB,http://environment.data.gov.uk/air-quality/so,GB_Network_1,Station_GB1024A,,GB_SamplingPoint_74174,GB_StationProcess_918,GB_SamplingFeature_918,O3,http://dd.eionet.europa.eu/vocabulary/aq/pollutant/7,hour,43.1570100000,µg/m3,2018-04-08 23:00:00 +01:00,2018-04-09 00:00:00 +01:00,1,1
GB,http://environment.data.gov.uk/air-quality/so,GB_Network_1,Station_GB1024A,,GB_SamplingPoint_74174,GB_StationProcess_918,GB_SamplingFeature_918,O3,http://dd.eionet.europa.eu/vocabulary/aq/pollutant/7,hour,37.3861100000,µg/m3,2018-04-09 02:00:00 +01:00,2018-04-09 03:00:00 +01:00,1,1
GB,http://environment.data.gov.uk/air-quality/so,GB_Network_1,Station_GB1024A,,GB_SamplingPoint_74174,GB_StationProcess_918,GB_SamplingFeature_918,O3,http://dd.eionet.europa.eu/vocabulary/aq/pollutant/7,hour,48.3957300000,µg/m3,2018-04-09 04:00:00 +01:00,2018-04-09 05:00:00 +01:00,1,1
GB,http://environment.data.gov.uk/air-quality/so,GB_Network_1,Station_GB1024A,,GB_SamplingPoint_74174,GB_StationProcess_918,GB_SamplingFeature_918,O3,http://dd.eionet.europa.eu/vocabulary/aq/pollutant/7,hour,46.8490600000,µg/m3,2018-04-09 05:00:00 +01:00,2018-04-09 06:00:00 +01:00,1,1
GB,http://environment.data.gov.uk/air-quality/so,GB_Network_1,Station_GB1024A,,GB_SamplingPoint_74174,GB_StationProcess_918,GB_SamplingFeature_918,O3,http://dd.eionet.europa.eu/vocabulary/aq/pollutant/7,hour,46.1006700000,µg/m3,2018-04-09 06:00:00 +01:00,2018-04-09 07:00:00 +01:00,1,1
GB,http://environment.data.gov.uk/air-quality/so,GB_Network_1,Station_GB1024A,,GB_SamplingPoint_74174,GB_StationProcess_918,GB_SamplingFeature_918,O3,http://dd.eionet.europa.eu/vocabulary/aq/pollutant/7,hour,39.2654000000,µg/m3,2018-04-09 07:00:00 +01:00,2018-04-09 08:00:00 +01:00,1,1
GB,http://environment.data.gov.uk/air-quality/so,GB_Network_1,Station_GB1024A,,GB_SamplingPoint_74174,GB_StationProcess_918,GB_SamplingFeature_918,O3,http://dd.eionet.europa.eu/vocabulary/aq/pollutant/7,hour,34.7750700000,µg/m3,2018-04-09 09:00:00 +01:00,2018-04-09 10:00:00 +01:00,1,1
GB,http://environment.data.gov.uk/air-quality/so,GB_Network_1,Station_GB1024A,,GB_SamplingPoint_74174,GB_StationProcess_918,GB_SamplingFeature_918,O3,http://dd.eionet.europa.eu/vocabulary/aq/pollutant/7,hour,27.1914100000,µg/m3,2018-04-09 10:00:00 +01:00,2018-04-09 11:00:00 +01:00,1,1
GB,http://environment.data.gov.uk/air-quality/so,GB_Network_1,Station_GB1024A,,GB_SamplingPoint_74174,GB_StationProcess_918,GB_SamplingFeature_918,O3,http://dd.eionet.europa.eu/vocabulary/aq/pollutant/7,hour,28.6383000000,µg/m3,2018-04-09 11:00:00 +01:00,2018-04-09 12:00:00 +01:00,1,1
GB,http://environment.data.gov.uk/air-quality/so,GB_Network_1,Station_GB1024A,,GB_SamplingPoint_74174,GB_StationProcess_918,GB_SamplingFeature_918,O3,http://dd.eionet.europa.eu/vocabulary/aq/pollutant/7,hour,29.5862500000,µg/m3,2018-04-09 12:00:00 +01:00,2018-04-09 13:00:00 +01:00,1,1
GB,http://environment.data.gov.uk/air-quality/so,GB_Network_1,Station_GB1024A,,GB_SamplingPoint_74174,GB_StationProcess_918,GB_SamplingFeature_918,O3,http://dd.eionet.europa.eu/vocabulary/aq/pollutant/7,hour,31.0331400000,µg/m3,2018-04-09 13:00:00 +01:00,2018-04-09 14:00:00 +01:00,1,1
GB,http://environment.data.gov.uk/air-quality/so,GB_Network_1,Station_GB1024A,,GB_SamplingPoint_74174,GB_StationProcess_918,GB_SamplingFeature_918,O3,http://dd.eionet.europa.eu/vocabulary/aq/pollutant/7,hour,37.1699100000,µg/m3,2018-04-09 15:00:00 +01:00,2018-04-09 16:00:00 +01:00,1,1
GB,http://environment.data.gov.uk/air-quality/so,GB_Network_1,Station_GB1024A,,GB_SamplingPoint_74174,GB_StationProcess_918,GB_SamplingFeature_918,O3,http://dd.eionet.europa.eu/vocabulary/aq/pollutant/7,hour,43.2069100000,µg/m3,2018-04-09 16:00:00 +01:00,2018-04-09 17:00:00 +01:00,1,1
GB,http://environment.data.gov.uk/air-quality/so,GB_Network_1,Station_GB1024A,,GB_SamplingPoint_74174,GB_StationProcess_918,GB_SamplingFeature_918,O3,http://dd.eionet.europa.eu/vocabulary/aq/pollutant/7,hour,35.0744300000,µg/m3,2018-04-09 18:00:00 +01:00,2018-04-09 19:00:00 +01:00,1,1
GB,http://environment.data.gov.uk/air-quality/so,GB_Network_1,Station_GB1024A,,GB_SamplingPoint_74174,GB_StationProcess_918,GB_SamplingFeature_918,O3,http://dd.eionet.europa.eu/vocabulary/aq/pollutant/7,hour,28.1393700000,µg/m3,2018-04-09 19:00:00 +01:00,2018-04-09 20:00:00 +01:00,1,1
GB,http://environment.data.gov.uk/air-quality/so,GB_Network_1,Station_GB1024A,,GB_SamplingPoint_74174,GB_StationProcess_918,GB_SamplingFeature_918,O3,http://dd.eionet.europa.eu/vocabulary/aq/pollutant/7,hour,37.9183000000,µg/m3,2018-04-09 20:00:00 +01:00,2018-04-09 21:00:00 +01:00,1,1
GB,http://environment.data.gov.uk/air-quality/so,GB_Network_1,Station_GB1024A,,GB_SamplingPoint_74174,GB_StationProcess_918,GB_SamplingFeature_918,O3,http://dd.eionet.europa.eu/vocabulary/aq/pollutant/7,hour,35.2241100000,µg/m3,2018-04-09 22:00:00 +01:00,2018-04-09 23:00:00 +01:00,1,1
GB,http://environment.data.gov.uk/air-quality/so,GB_Network_1,Station_GB1024A,,GB_SamplingPoint_74174,GB_StationProcess_918,GB_SamplingFeature_918,O3,http://dd.eionet.europa.eu/vocabulary/aq/pollutant/7,hour,33.5277600000,µg/m3,2018-04-09 23:00:00 +01:00,2018-04-10 00:00:00 +01:00,1,1
GB,http://environment.data.gov.uk/air-quality/so,GB_Network_1,Station_GB1024A,,GB_SamplingPoint_74174,GB_StationProcess_918,GB_SamplingFeature_918,O3,http://dd.eionet.europa.eu/vocabulary/aq/pollutant/7,hour,42.0094900000,µg/m3,2018-04-10 00:00:00 +01:00,2018-04-10 01:00:00 +01:00,1,1
GB,http://environment.data.gov.uk/air-quality/so,GB_Network_1,Station_GB1024A,,GB_SamplingPoint_74174,GB_StationProcess_918,GB_SamplingFeature_918,O3,http://dd.eionet.europa.eu/vocabulary/aq/pollutant/7,hour,46.5996000000,µg/m3,2018-04-10 03:00:00 +01:00,2018-04-10 04:00:00 +01:00,1,1
GB,http://environment.data.gov.uk/air-quality/so,GB_Network_1,Station_GB1024A,,GB_SamplingPoint_74174,GB_StationProcess_918,GB_SamplingFeature_918,O3,http://dd.eionet.europa.eu/vocabulary/aq/pollutant/7,hour,39.9140000000,µg/m3,2018-04-10 07:00:00 +01:00,2018-04-10 08:00:00 +01:00,1,1
GB,http://environment.data.gov.uk/air-quality/so,GB_Network_1,Station_GB1024A,,GB_SamplingPoint_74174,GB_StationProcess_918,GB_SamplingFeature_918,O3,http://dd.eionet.europa.eu/vocabulary/aq/pollutant/7,hour,36.4714200000,µg/m3,2018-04-10 08:00:00 +01:00,2018-04-10 09:00:00 +01:00,1,1
GB,http://environment.data.gov.uk/air-quality/so,GB_Network_1,Station_GB1024A,,GB_SamplingPoint_74174,GB_StationProcess_918,GB_SamplingFeature_918,O3,http://dd.eionet.europa.eu/vocabulary/aq/pollutant/7,hour,41.4107800000,µg/m3,2018-04-10 11:00:00 +01:00,2018-04-10 12:00:00 +01:00,1,1
GB,http://environment.data.gov.uk/air-quality/so,GB_Network_1,Station_GB1024A,,GB_SamplingPoint_74174,GB_StationProcess_918,GB_SamplingFeature_918,O3,http://dd.eionet.europa.eu/vocabulary/aq/pollutant/7,hour,50.2916400000,µg/m3,2018-04-10 13:00:00 +01:00,2018-04-10 14:00:00 +01:00,1,1
GB,http://environment.data.gov.uk/air-quality/so,GB_Network_1,Station_GB1024A,,GB_SamplingPoint_74174,GB_StationProcess_918,GB_SamplingFeature_918,O3,http://dd.eionet.europa.eu/vocabulary/aq/pollutant/7,hour,52.2374500000,µg/m3,2018-04-10 14:00:00 +01:00,2018-04-10 15:00:00 +01:00,1,1
GB,http://environment.data.gov.uk/air-quality/so,GB_Network_1,Station_GB1024A,,GB_SamplingPoint_74174,GB_StationProcess_918,GB_SamplingFeature_918,O3,http://dd.eionet.europa.eu/vocabulary/aq/pollutant/7,hour,59.3221800000,µg/m3,2018-04-10 15:00:00 +01:00,2018-04-10 16:00:00 +01:00,1,1
GB,http://environment.data.gov.uk/air-quality/so,GB_Network_1,Station_GB1024A,,GB_SamplingPoint_74174,GB_StationProcess_918,GB_SamplingFeature_918,O3,http://dd.eionet.europa.eu/vocabulary/aq/pollutant/7,hour,66.2073500000,µg/m3,2018-04-10 17:00:00 +01:00,2018-04-10 18:00:00 +01:00,1,1
GB,http://environment.data.gov.uk/air-quality/so,GB_Network_1,Station_GB1024A,,GB_SamplingPoint_74174,GB_StationProcess_918,GB_SamplingFeature_918,O3,http://dd.eionet.europa.eu/vocabulary/aq/pollutant/7,hour,34.5256100000,µg/m3,2018-04-10 19:00:00 +01:00,2018-04-10 20:00:00 +01:00,1,1
GB,http://environment.data.gov.uk/air-quality/so,GB_Network_1,Station_GB1024A,,GB_SamplingPoint_74174,GB_StationProcess_918,GB_SamplingFeature_918,O3,http://dd.eionet.europa.eu/vocabulary/aq/pollutant/7,hour,18.0610900000,µg/m3,2018-04-10 20:00:00 +01:00,2018-04-10 21:00:00 +01:00,1,1
GB,http://environment.data.gov.uk/air-quality/so,GB_Network_1,Station_GB1024A,,GB_SamplingPoint_74174,GB_StationProcess_918,GB_SamplingFeature_918,O3,http://dd.eionet.europa.eu/vocabulary/aq/pollutant/7,hour,14.3191500000,µg/m3,2018-04-10 21:00:00 +01:00,2018-04-10 22:00:00 +01:00,1,1
GB,http://environment.data.gov.uk/air-quality/so,GB_Network_1,Station_GB1024A,,GB_SamplingPoint_74174,GB_StationProcess_918,GB_SamplingFeature_918,O3,http://dd.eionet.europa.eu/vocabulary/aq/pollutant/7,hour,12.7724800000,µg/m3,2018-04-10 22:00:00 +01:00,2018-04-10 23:00:00 +01:00,1,1
GB,http://environment.data.gov.uk/air-quality/so,GB_Network_1,Station_GB1024A,,GB_SamplingPoint_74174,GB_StationProcess_918,GB_SamplingFeature_918,O3,http://dd.eionet.europa.eu/vocabulary/aq/pollutant/7,hour,9.7789300000,µg/m3,2018-04-10 23:00:00 +01:00,2018-04-11 00:00:00 +01:00,1,1
GB,http://environment.data.gov.uk/air-quality/so,GB_Network_1,Station_GB1024A,,GB_SamplingPoint_74174,GB_StationProcess_918,GB_SamplingFeature_918,O3,http://dd.eionet.europa.eu/vocabulary/aq/pollutant/7,hour,13.8701200000,µg/m3,2018-04-11 00:00:00 +01:00,2018-04-11 01:00:00 +01:00,1,1
GB,http://environment.data.gov.uk/air-quality/so,GB_Network_1,Station_GB1024A,,GB_SamplingPoint_74174,GB_StationProcess_918,GB_SamplingFeature_918,O3,http://dd.eionet.europa.eu/vocabulary/aq/pollutant/7,hour,21.0879000000,µg/m3,2018-04-11 01:00:00 +01:00,2018-04-11 02:00:00 +01:00,1,1
GB,http://environment.data.gov.uk/air-quality/so,GB_Network_1,Station_GB1024A,,GB_SamplingPoint_74174,GB_StationProcess_918,GB_SamplingFeature_918,O3,http://dd.eionet.europa.eu/vocabulary/aq/pollutant/7,hour,31.4655400000,µg/m3,2018-04-11 02:00:00 +01:00,2018-04-11 03:00:00 +01:00,1,1
GB,http://environment.data.gov.uk/air-quality/so,GB_Network_1,Station_GB1024A,,GB_SamplingPoint_74174,GB_StationProcess_918,GB_SamplingFeature_918,O3,http://dd.eionet.europa.eu/vocabulary/aq/pollutant/7,hour,30.0352900000,µg/m3,2018-04-11 04:00:00 +01:00,2018-04-11 05:00:00 +01:00,1,1
GB,http://environment.data.gov.uk/air-quality/so,GB_Network_1,Station_GB1024A,,GB_SamplingPoint_74174,GB_StationProcess_918,GB_SamplingFeature_918,O3,http://dd.eionet.europa.eu/vocabulary/aq/pollutant/7,hour,32.1806600000,µg/m3,2018-04-11 07:00:00 +01:00,2018-04-11 08:00:00 +01:00,1,1
GB,http://environment.data.gov.uk/air-quality/so,GB_Network_1,Station_GB1024A,,GB_SamplingPoint_74174,GB_StationProcess_918,GB_SamplingFeature_918,O3,http://dd.eionet.europa.eu/vocabulary/aq/pollutant/7,hour,43.9054000000,µg/m3,2018-04-11 09:00:00 +01:00,2018-04-11 10:00:00 +01:00,1,1
GB,http://environment.data.gov.uk/air-quality/so,GB_Network_1,Station_GB1024A,,GB_SamplingPoint_74174,GB_StationProcess_918,GB_SamplingFeature_918,O3,http://dd.eionet.europa.eu/vocabulary/aq/pollutant/7,hour,39.9140000000,µg/m3,2018-04-11 10:00:00 +01:00,2018-04-11 11:00:00 +01:00,1,1
GB,http://environment.data.gov.uk/air-quality/so,GB_Network_1,Station_GB1024A,,GB_SamplingPoint_74174,GB_StationProcess_918,GB_SamplingFeature_918,O3,http://dd.eionet.europa.eu/vocabulary/aq/pollutant/7,hour,36.0223900000,µg/m3,2018-04-11 11:00:00 +01:00,2018-04-11 12:00:00 +01:00,1,1
GB,http://environment.data.gov.uk/air-quality/so,GB_Network_1,Station_GB1024A,,GB_SamplingPoint_74174,GB_StationProcess_918,GB_SamplingFeature_918,O3,http://dd.eionet.europa.eu/vocabulary/aq/pollutant/7,hour,30.0851800000,µg/m3,2018-04-11 12:00:00 +01:00,2018-04-11 13:00:00 +01:00,1,1
GB,http://environment.data.gov.uk/air-quality/so,GB_Network_1,Station_GB1024A,,GB_SamplingPoint_74174,GB_StationProcess_918,GB_SamplingFeature_918,O3,http://dd.eionet.europa.eu/vocabulary/aq/pollutant/7,hour,29.9355000000,µg/m3,2018-04-11 13:00:00 +01:00,2018-04-11 14:00:00 +01:00,1,1
GB,http://environment.data.gov.uk/air-quality/so,GB_Network_1,Station_GB1024A,,GB_SamplingPoint_74174,GB_StationProcess_918,GB_SamplingFeature_918,O3,http://dd.eionet.europa.eu/vocabulary/aq/pollutant/7,hour,29.5862500000,µg/m3,2018-04-11 14:00:00 +01:00,2018-04-11 15:00:00 +01:00,1,1
GB,http://environment.data.gov.uk/air-quality/so,GB_Network_1,Station_GB1024A,,GB_SamplingPoint_74174,GB_StationProcess_918,GB_SamplingFeature_918,O3,http://dd.eionet.europa.eu/vocabulary/aq/pollutant/7,hour,31.5320600000,µg/m3,2018-04-11 15:00:00 +01:00,2018-04-11 16:00:00 +01:00,1,1
GB,http://environment.data.gov.uk/air-quality/so,GB_Network_1,Station_GB1024A,,GB_SamplingPoint_74174,GB_StationProcess_918,GB_SamplingFeature_918,O3,http://dd.eionet.europa.eu/vocabulary/aq/pollutant/7,hour,31.8314200000,µg/m3,2018-04-11 16:00:00 +01:00,2018-04-11 17:00:00 +01:00,1,1
GB,http://environment.data.gov.uk/air-quality/so,GB_Network_1,Station_GB1024A,,GB_SamplingPoint_74174,GB_StationProcess_918,GB_SamplingFeature_918,O3,http://dd.eionet.europa.eu/vocabulary/aq/pollutant/7,hour,28.3389400000,µg/m3,2018-04-11 18:00:00 +01:00,2018-04-11 19:00:00 +01:00,1,1
GB,http://environment.data.gov.uk/air-quality/so,GB_Network_1,Station_GB1024A,,GB_SamplingPoint_74174,GB_StationProcess_918,GB_SamplingFeature_918,O3,http://dd.eionet.europa.eu/vocabulary/aq/pollutant/7,hour,12.7225900000,µg/m3,2018-04-11 21:00:00 +01:00,2018-04-11 22:00:00 +01:00,1,1
GB,http://environment.data.gov.uk/air-quality/so,GB_Network_1,Station_GB1024A,,GB_SamplingPoint_74174,GB_StationProcess_918,GB_SamplingFeature_918,O3,http://dd.eionet.europa.eu/vocabulary/aq/pollutant/7,hour,22.1023800000,µg/m3,2018-04-12 00:00:00 +01:00,2018-04-12 01:00:00 +01:00,1,1
GB,http://environment.data.gov.uk/air-quality/so,GB_Network_1,Station_GB1024A,,GB_SamplingPoint_74174,GB_StationProcess_918,GB_SamplingFeature_918,O3,http://dd.eionet.europa.eu/vocabulary/aq/pollutant/7,hour,32.0642500000,µg/m3,2018-04-12 01:00:00 +01:00,2018-04-12 02:00:00 +01:00,1,1
GB,http://environment.data.gov.uk/air-quality/so,GB_Network_1,Station_GB1024A,,GB_SamplingPoint_74174,GB_StationProcess_918,GB_SamplingFeature_918,O3,http://dd.eionet.europa.eu/vocabulary/aq/pollutant/7,hour,37.7187300000,µg/m3,2018-04-12 02:00:00 +01:00,2018-04-12 03:00:00 +01:00,1,1
GB,http://environment.data.gov.uk/air-quality/so,GB_Network_1,Station_GB1024A,,GB_SamplingPoint_74174,GB_StationProcess_918,GB_SamplingFeature_918,O3,http://dd.eionet.europa.eu/vocabulary/aq/pollutant/7,hour,31.9312000000,µg/m3,2018-04-12 03:00:00 +01:00,2018-04-12 04:00:00 +01:00,1,1
GB,http://environment.data.gov.uk/air-quality/so,GB_Network_1,Station_GB1024A,,GB_SamplingPoint_74174,GB_StationProcess_918,GB_SamplingFeature_918,O3,http://dd.eionet.europa.eu/vocabulary/aq/pollutant/7,hour,29.9355000000,µg/m3,2018-04-12 04:00:00 +01:00,2018-04-12 05:00:00 +01:00,1,1
GB,http://environment.data.gov.uk/air-quality/so,GB_Network_1,Station_GB1024A,,GB_SamplingPoint_74174,GB_StationProcess_918,GB_SamplingFeature_918,O3,http://dd.eionet.europa.eu/vocabulary/aq/pollutant/7,hour,31.9312000000,µg/m3,2018-04-12 05:00:00 +01:00,2018-04-12 06:00:00 +01:00,1,1
GB,http://environment.data.gov.uk/air-quality/so,GB_Network_1,Station_GB1024A,,GB_SamplingPoint_74174,GB_StationProcess_918,GB_SamplingFeature_918,O3,http://dd.eionet.europa.eu/vocabulary/aq/pollutant/7,hour,28.9376500000,µg/m3,2018-04-12 09:00:00 +01:00,2018-04-12 10:00:00 +01:00,1,1
GB,http://environment.data.gov.uk/air-quality/so,GB_Network_1,Station_GB1024A,,GB_SamplingPoint_74174,GB_StationProcess_918,GB_SamplingFeature_918,O3,http://dd.eionet.europa.eu/vocabulary/aq/pollutant/7,hour,23.1501200000,µg/m3,2018-04-12 11:00:00 +01:00,2018-04-12 12:00:00 +01:00,1,1
GB,http://environment.data.gov.uk/air-quality/so,GB_Network_1,Station_GB1024A,,GB_SamplingPoint_74174,GB_StationProcess_918,GB_SamplingFeature_918,O3,http://dd.eionet.europa.eu/vocabulary/aq/pollutant/7,hour,17.6619500000,µg/m3,2018-04-12 14:00:00 +01:00,2018-04-12 15:00:00 +01:00,1,1
GB,http://environment.data.gov.uk/air-quality/so,GB_Network_1,Station_GB1024A,,GB_SamplingPoint_74174,GB_StationProcess_918,GB_SamplingFeature_918,O3,http://dd.eionet.europa.eu/vocabulary/aq/pollutant/7,hour,19.0589400000,µg/m3,2018-04-12 15:00:00 +01:00,2018-04-12 16:00:00 +01:00,1,1
GB,http://environment.data.gov.uk/air-quality/so,GB_Network_1,Station_GB1024A,,GB_SamplingPoint_74174,GB_StationProcess_918,GB_SamplingFeature_918,O3,http://dd.eionet.europa.eu/vocabulary/aq/pollutant/7,hour,23.5492600000,µg/m3,2018-04-12 16:00:00 +01:00,2018-04-12 17:00:00 +01:00,1,1
GB,http://environment.data.gov.uk/air-quality/so,GB_Network_1,Station_GB1024A,,GB_SamplingPoint_74174,GB_StationProcess_918,GB_SamplingFeature_918,O3,http://dd.eionet.europa.eu/vocabulary/aq/pollutant/7,hour,28.4886200000,µg/m3,2018-04-12 17:00:00 +01:00,2018-04-12 18:00:00 +01:00,1,1
GB,http://environment.data.gov.uk/air-quality/so,GB_Network_1,Station_GB1024A,,GB_SamplingPoint_74174,GB_StationProcess_918,GB_SamplingFeature_918,O3,http://dd.eionet.europa.eu/vocabulary/aq/pollutant/7,hour,35.0245400000,µg/m3,2018-04-12 18:00:00 +01:00,2018-04-12 19:00:00 +01:00,1,1
GB,http://environment.data.gov.uk/air-quality/so,GB_Network_1,Station_GB1024A,,GB_SamplingPoint_74174,GB_StationProcess_918,GB_SamplingFeature_918,O3,http://dd.eionet.europa.eu/vocabulary/aq/pollutant/7,hour,46.4000300000,µg/m3,2018-04-12 20:00:00 +01:00,2018-04-12 21:00:00 +01:00,1,1
GB,http://environment.data.gov.uk/air-quality/so,GB_Network_1,Station_GB1024A,,GB_SamplingPoint_74174,GB_StationProcess_918,GB_SamplingFeature_918,O3,http://dd.eionet.europa.eu/vocabulary/aq/pollutant/7,hour,55.0314300000,µg/m3,2018-04-12 21:00:00 +01:00,2018-04-12 22:00:00 +01:00,1,1
GB,http://environment.data.gov.uk/air-quality/so,GB_Network_1,Station_GB1024A,,GB_SamplingPoint_74174,GB_StationProcess_918,GB_SamplingFeature_918,O3,http://dd.eionet.europa.eu/vocabulary/aq/pollutant/7,hour,55.5802500000,µg/m3,2018-04-12 23:00:00 +01:00,2018-04-13 00:00:00 +01:00,1,1
GB,http://environment.data.gov.uk/air-quality/so,GB_Network_1,Station_GB1024A,,GB_SamplingPoint_74174,GB_StationProcess_918,GB_SamplingFeature_918,O3,http://dd.eionet.europa.eu/vocabulary/aq/pollutant/7,hour,53.7841200000,µg/m3,2018-04-13 00:00:00 +01:00,2018-04-13 01:00:00 +01:00,1,1
GB,http://environment.data.gov.uk/air-quality/so,GB_Network_1,Station_GB1024A,,GB_SamplingPoint_74174,GB_StationProcess_918,GB_SamplingFeature_918,O3,http://dd.eionet.europa.eu/vocabulary/aq/pollutant/7,hour,56.2122200000,µg/m3,2018-04-13 02:00:00 +01:00,2018-04-13 03:00:00 +01:00,1,1
GB,http://environment.data.gov.uk/air-quality/so,GB_Network_1,Station_GB1024A,,GB_SamplingPoint_74174,GB_StationProcess_918,GB_SamplingFeature_918,O3,http://dd.eionet.europa.eu/vocabulary/aq/pollutant/7,hour,30.8834600000,µg/m3,2018-04-13 07:00:00 +01:00,2018-04-13 08:00:00 +01:00,1,1
GB,http://environment.data.gov.uk/air-quality/so,GB_Network_1,Station_GB1024A,,GB_SamplingPoint_74174,GB_StationProcess_918,GB_SamplingFeature_918,O3,http://dd.eionet.europa.eu/vocabulary/aq/pollutant/7,hour,26.4430300000,µg/m3,2018-04-13 09:00:00 +01:00,2018-04-13 10:00:00 +01:00,1,1
GB,http://environment.data.gov.uk/air-quality/so,GB_Network_1,Station_GB1024A,,GB_SamplingPoint_74174,GB_StationProcess_918,GB_SamplingFeature_918,O3,http://dd.eionet.europa.eu/vocabulary/aq/pollutant/7,hour,26.2933500000,µg/m3,2018-04-13 10:00:00 +01:00,2018-04-13 11:00:00 +01:00,1,1
GB,http://environment.data.gov.uk/air-quality/so,GB_Network_1,Station_GB1024A,,GB_SamplingPoint_74174,GB_StationProcess_918,GB_SamplingFeature_918,O3,http://dd.eionet.europa.eu/vocabulary/aq/pollutant/7,hour,21.2542100000,µg/m3,2018-04-13 11:00:00 +01:00,2018-04-13 12:00:00 +01:00,1,1
GB,http://environment.data.gov.uk/air-quality/so,GB_Network_1,Station_GB1024A,,GB_SamplingPoint_74174,GB_StationProcess_918,GB_SamplingFeature_918,O3,http://dd.eionet.europa.eu/vocabulary/aq/pollutant/7,hour,27.1914100000,µg/m3,2018-04-13 12:00:00 +01:00,2018-04-13 13:00:00 +01:00,1,1
GB,http://environment.data.gov.uk/air-quality/so,GB_Network_1,Station_GB1024A,,GB_SamplingPoint_74174,GB_StationProcess_918,GB_SamplingFeature_918,O3,http://dd.eionet.europa.eu/vocabulary/aq/pollutant/7,hour,31.6817400000,µg/m3,2018-04-13 13:00:00 +01:00,2018-04-13 14:00:00 +01:00,1,1
GB,http://environment.data.gov.uk/air-quality/so,GB_Network_1,Station_GB1024A,,GB_SamplingPoint_74174,GB_StationProcess_918,GB_SamplingFeature_918,O3,http://dd.eionet.europa.eu/vocabulary/aq/pollutant/7,hour,39.4649700000,µg/m3,2018-04-13 14:00:00 +01:00,2018-04-13 15:00:00 +01:00,1,1
GB,http://environment.data.gov.uk/air-quality/so,GB_Network_1,Station_GB1024A,,GB_SamplingPoint_74174,GB_StationProcess_918,GB_SamplingFeature_918,O3,http://dd.eionet.europa.eu/vocabulary/aq/pollutant/7,hour,42.9075500000,µg/m3,2018-04-13 18:00:00 +01:00,2018-04-13 19:00:00 +01:00,1,1
GB,http://environment.data.gov.uk/air-quality/so,GB_Network_1,Station_GB1024A,,GB_SamplingPoint_74174,GB_StationProcess_918,GB_SamplingFeature_918,O3,http://dd.eionet.europa.eu/vocabulary/aq/pollutant/7,hour,18.7595800000,µg/m3,2018-04-13 21:00:00 +01:00,2018-04-13 22:00:00 +01:00,1,1
GB,http://environment.data.gov.uk/air-quality/so,GB_Network_1,Station_GB1024A,,GB_SamplingPoint_74174,GB_StationProcess_918,GB_SamplingFeature_918,O3,http://dd.eionet.europa.eu/vocabulary/aq/pollutant/7,hour,25.0460400000,µg/m3,2018-04-14 00:00:00 +01:00,2018-04-14 01:00:00 +01:00,1,1
GB,http://environment.data.gov.uk/air-quality/so,GB_Network_1,Station_GB1024A,,GB_SamplingPoint_74174,GB_StationProcess_918,GB_SamplingFeature_918,O3,http://dd.eionet.europa.eu/vocabulary/aq/pollutant/7,hour,22.6179300000,µg/m3,2018-04-14 01:00:00 +01:00,2018-04-14 02:00:00 +01:00,1,1
GB,http://environment.data.gov.uk/air-quality/so,GB_Network_1,Station_GB1024A,,GB_SamplingPoint_74174,GB_StationProcess_918,GB_SamplingFeature_918,O3,http://dd.eionet.europa.eu/vocabulary/aq/pollutant/7,hour,25.6780100000,µg/m3,2018-04-14 02:00:00 +01:00,2018-04-14 03:00:00 +01:00,1,1
GB,http://environment.data.gov.uk/air-quality/so,GB_Network_1,Station_GB1024A,,GB_SamplingPoint_74174,GB_StationProcess_918,GB_SamplingFeature_918,O3,http://dd.eionet.europa.eu/vocabulary/aq/pollutant/7,hour,14.5187200000,µg/m3,2018-04-14 04:00:00 +01:00,2018-04-14 05:00:00 +01:00,1,1
GB,http://environment.data.gov.uk/air-quality/so,GB_Network_1,Station_GB1024A,,GB_SamplingPoint_74174,GB_StationProcess_918,GB_SamplingFeature_918,O3,http://dd.eionet.europa.eu/vocabulary/aq/pollutant/7,hour,14.8679700000,µg/m3,2018-04-14 05:00:00 +01:00,2018-04-14 06:00:00 +01:00,1,1
GB,http://environment.data.gov.uk/air-quality/so,GB_Network_1,Station_GB1024A,,GB_SamplingPoint_74174,GB_StationProcess_918,GB_SamplingFeature_918,O3,http://dd.eionet.europa.eu/vocabulary/aq/pollutant/7,hour,9.9286100000,µg/m3,2018-04-14 07:00:00 +01:00,2018-04-14 08:00:00 +01:00,1,1
GB,http://environment.data.gov.uk/air-quality/so,GB_Network_1,Station_GB1024A,,GB_SamplingPoint_74174,GB_StationProcess_918,GB_SamplingFeature_918,O3,http://dd.eionet.europa.eu/vocabulary/aq/pollutant/7,hour,22.4516300000,µg/m3,2018-04-14 09:00:00 +01:00,2018-04-14 10:00:00 +01:00,1,1
GB,http://environment.data.gov.uk/air-quality/so,GB_Network_1,Station_GB1024A,,GB_SamplingPoint_74174,GB_StationProcess_918,GB_SamplingFeature_918,O3,http://dd.eionet.europa.eu/vocabulary/aq/pollutant/7,hour,42.4086300000,µg/m3,2018-04-14 10:00:00 +01:00,2018-04-14 11:00:00 +01:00,1,1
GB,http://environment.data.gov.uk/air-quality/so,GB_Network_1,Station_GB1024A,,GB_SamplingPoint_74174,GB_StationProcess_918,GB_SamplingFeature_918,O3,http://dd.eionet.europa.eu/vocabulary/aq/pollutant/7,hour,62.0662700000,µg/m3,2018-04-14 11:00:00 +01:00,2018-04-14 12:00:00 +01:00,1,1
GB,http://environment.data.gov.uk/air-quality/so,GB_Network_1,Station_GB1024A,,GB_SamplingPoint_74174,GB_StationProcess_918,GB_SamplingFeature_918,O3,http://dd.eionet.europa.eu/vocabulary/aq/pollutant/7,hour,74.6890700000,µg/m3,2018-04-14 13:00:00 +01:00,2018-04-14 14:00:00 +01:00,1,1
GB,http://environment.data.gov.uk/air-quality/so,GB_Network_1,Station_GB1024A,,GB_SamplingPoint_74174,GB_StationProcess_918,GB_SamplingFeature_918,O3,http://dd.eionet.europa.eu/vocabulary/aq/pollutant/7,hour,83.9690800000,µg/m3,2018-04-14 17:00:00 +01:00,2018-04-14 18:00:00 +01:00,1,1
GB,http://environment.data.gov.uk/air-quality/so,GB_Network_1,Station_GB1024A,,GB_SamplingPoint_74174,GB_StationProcess_918,GB_SamplingFeature_918,O3,http://dd.eionet.europa.eu/vocabulary/aq/pollutant/7,hour,66.8559500000,µg/m3,2018-04-14 19:00:00 +01:00,2018-04-14 20:00:00 +01:00,1,1
GB,http://environment.data.gov.uk/air-quality/so,GB_Network_1,Station_GB1024A,,GB_SamplingPoint_74174,GB_StationProcess_918,GB_SamplingFeature_918,O3,http://dd.eionet.europa.eu/vocabulary/aq/pollutant/7,hour,28.9376500000,µg/m3,2018-04-14 21:00:00 +01:00,2018-04-14 22:00:00 +01:00,1,1
GB,http://environment.data.gov.uk/air-quality/so,GB_Network_1,Station_GB1024A,,GB_SamplingPoint_74174,GB_StationProcess_918,GB_SamplingFeature_918,O3,http://dd.eionet.europa.eu/vocabulary/aq/pollutant/7,hour,15.1174300000,µg/m3,2018-04-14 22:00:00 +01:00,2018-04-14 23:00:00 +01:00,1,1
GB,http://environment.data.gov.uk/air-quality/so,GB_Network_1,Station_GB1024A,,GB_SamplingPoint_74174,GB_StationProcess_918,GB_SamplingFeature_918,O3,http://dd.eionet.europa.eu/vocabulary/aq/pollutant/7,hour,15.3668900000,µg/m3,2018-04-14 23:00:00 +01:00,2018-04-15 00:00:00 +01:00,1,1
GB,http://environment.data.gov.uk/air-quality/so,GB_Network_1,Station_GB1024A,,GB_SamplingPoint_74174,GB_StationProcess_918,GB_SamplingFeature_918,O3,http://dd.eionet.europa.eu/vocabulary/aq/pollutant/7,hour,18.3604400000,µg/m3,2018-04-15 00:00:00 +01:00,2018-04-15 01:00:00 +01:00,1,1
GB,http://environment.data.gov.uk/air-quality/so,GB_Network_1,Station_GB1024A,,GB_SamplingPoint_74174,GB_StationProcess_918,GB_SamplingFeature_918,O3,http://dd.eionet.europa.eu/vocabulary/aq/pollutant/7,hour,16.2316900000,µg/m3,2018-04-15 01:00:00 +01:00,2018-04-15 02:00:00 +01:00,1,1
GB,http://environment.data.gov.uk/air-quality/so,GB_Network_1,Station_GB1024A,,GB_SamplingPoint_74174,GB_StationProcess_918,GB_SamplingFeature_918,O3,http://dd.eionet.europa.eu/vocabulary/aq/pollutant/7,hour,18.9591500000,µg/m3,2018-04-15 02:00:00 +01:00,2018-04-15 03:00:00 +01:00,1,1
GB,http://environment.data.gov.uk/air-quality/so,GB_Network_1,Station_GB1024A,,GB_SamplingPoint_74174,GB_StationProcess_918,GB_SamplingFeature_918,O3,http://dd.eionet.europa.eu/vocabulary/aq/pollutant/7,hour,18.2107600000,µg/m3,2018-04-15 03:00:00 +01:00,2018-04-15 04:00:00 +01:00,1,1
GB,http://environment.data.gov.uk/air-quality/so,GB_Network_1,Station_GB1024A,,GB_SamplingPoint_74174,GB_StationProcess_918,GB_SamplingFeature_918,O3,http://dd.eionet.europa.eu/vocabulary/aq/pollutant/7,hour,12.0739900000,µg/m3,2018-04-15 04:00:00 +01:00,2018-04-15 05:00:00 +01:00,1,1
GB,http://environment.data.gov.uk/air-quality/so,GB_Network_1,Station_GB1024A,,GB_SamplingPoint_74174,GB_StationProcess_918,GB_SamplingFeature_918,O3,http://dd.eionet.europa.eu/vocabulary/aq/pollutant/7,hour,12.4232300000,µg/m3,2018-04-15 05:00:00 +01:00,2018-04-15 06:00:00 +01:00,1,1
GB,http://environment.data.gov.uk/air-quality/so,GB_Network_1,Station_GB1024A,,GB_SamplingPoint_74174,GB_StationProcess_918,GB_SamplingFeature_918,O3,http://dd.eionet.europa.eu/vocabulary/aq/pollutant/7,hour,16.2150600000,µg/m3,2018-04-15 08:00:00 +01:00,2018-04-15 09:00:00 +01:00,1,1
GB,http://environment.data.gov.uk/air-quality/so,GB_Network_1,Station_GB1024A,,GB_SamplingPoint_74174,GB_StationProcess_918,GB_SamplingFeature_918,O3,http://dd.eionet.europa.eu/vocabulary/aq/pollutant/7,hour,21.0047400000,µg/m3,2018-04-15 09:00:00 +01:00,2018-04-15 10:00:00 +01:00,1,1
GB,http://environment.data.gov.uk/air-quality/so,GB_Network_1,Station_GB1024A,,GB_SamplingPoint_74174,GB_StationProcess_918,GB_SamplingFeature_918,O3,http://dd.eionet.europa.eu/vocabulary/aq/pollutant/7,hour,52.8361600000,µg/m3,2018-04-15 11:00:00 +01:00,2018-04-15 12:00:00 +01:00,1,1
GB,http://environment.data.gov.uk/air-quality/so,GB_Network_1,Station_GB1024A,,GB_SamplingPoint_74174,GB_StationProcess_918,GB_SamplingFeature_918,O3,http://dd.eionet.europa.eu/vocabulary/aq/pollutant/7,hour,65.2095000000,µg/m3,2018-04-15 12:00:00 +01:00,2018-04-15 13:00:00 +01:00,1,1
GB,http://environment.data.gov.uk/air-quality/so,GB_Network_1,Station_GB1024A,,GB_SamplingPoint_74174,GB_StationProcess_918,GB_SamplingFeature_918,O3,http://dd.eionet.europa.eu/vocabulary/aq/pollutant/7,hour,75.0882100000,µg/m3,2018-04-15 13:00:00 +01:00,2018-04-15 14:00:00 +01:00,1,1
GB,http://environment.data.gov.uk/air-quality/so,GB_Network_1,Station_GB1024A,,GB_SamplingPoint_74174,GB_StationProcess_918,GB_SamplingFeature_918,O3,http://dd.eionet.europa.eu/vocabulary/aq/pollutant/7,hour,85.3161800000,µg/m3,2018-04-15 15:00:00 +01:00,2018-04-15 16:00:00 +01:00,1,1
GB,http://environment.data.gov.uk/air-quality/so,GB_Network_1,Station_GB1024A,,GB_SamplingPoint_74174,GB_StationProcess_918,GB_SamplingFeature_918,O3,http://dd.eionet.europa.eu/vocabulary/aq/pollutant/7,hour,92.9497300000,µg/m3,2018-04-15 16:00:00 +01:00,2018-04-15 17:00:00 +01:00,1,1
GB,http://environment.data.gov.uk/air-quality/so,GB_Network_1,Station_GB1024A,,GB_SamplingPoint_74174,GB_StationProcess_918,GB_SamplingFeature_918,O3,http://dd.eionet.europa.eu/vocabulary/aq/pollutant/7,hour,80.9755300000,µg/m3,2018-04-15 17:00:00 +01:00,2018-04-15 18:00:00 +01:00,1,1
GB,http://environment.data.gov.uk/air-quality/so,GB_Network_1,Station_GB1024A,,GB_SamplingPoint_74174,GB_StationProcess_918,GB_SamplingFeature_918,O3,http://dd.eionet.europa.eu/vocabulary/aq/pollutant/7,hour,71.6955200000,µg/m3,2018-04-15 18:00:00 +01:00,2018-04-15 19:00:00 +01:00,1,1
GB,http://environment.data.gov.uk/air-quality/so,GB_Network_1,Station_GB1024A,,GB_SamplingPoint_74174,GB_StationProcess_918,GB_SamplingFeature_918,O3,http://dd.eionet.europa.eu/vocabulary/aq/pollutant/7,hour,74.8387500000,µg/m3,2018-04-16 01:00:00 +01:00,2018-04-16 02:00:00 +01:00,1,1
GB,http://environment.data.gov.uk/air-quality/so,GB_Network_1,Station_GB1024A,,GB_SamplingPoint_74174,GB_StationProcess_918,GB_SamplingFeature_918,O3,http://dd.eionet.europa.eu/vocabulary/aq/pollutant/7,hour,69.3006800000,µg/m3,2018-04-16 05:00:00 +01:00,2018-04-16 06:00:00 +01:00,1,1
GB,http://environment.data.gov.uk/air-quality/so,GB_Network_1,Station_GB1024A,,GB_SamplingPoint_74174,GB_StationProcess_918,GB_SamplingFeature_918,O3,http://dd.eionet.europa.eu/vocabulary/aq/pollutant/7,hour,56.6778800000,µg/m3,2018-04-16 07:00:00 +01:00,2018-04-16 08:00:00 +01:00,1,1
GB,http://environment.data.gov.uk/air-quality/so,GB_Network_1,Station_GB1024A,,GB_SamplingPoint_74174,GB_StationProcess_918,GB_SamplingFeature_918,O3,http://dd.eionet.europa.eu/vocabulary/aq/pollutant/7,hour,68.8516500000,µg/m3,2018-04-16 09:00:00 +01:00,2018-04-16 10:00:00 +01:00,1,1
GB,http://environment.data.gov.uk/air-quality/so,GB_Network_1,Station_GB1024A,,GB_SamplingPoint_74174,GB_StationProcess_918,GB_SamplingFeature_918,O3,http://dd.eionet.europa.eu/vocabulary/aq/pollutant/7,hour,88.4594000000,µg/m3,2018-04-16 12:00:00 +01:00,2018-04-16 13:00:00 +01:00,1,1
GB,http://environment.data.gov.uk/air-quality/so,GB_Network_1,Station_GB1024A,,GB_SamplingPoint_74174,GB_StationProcess_918,GB_SamplingFeature_918,O3,http://dd.eionet.europa.eu/vocabulary/aq/pollutant/7,hour,93.4486500000,µg/m3,2018-04-16 13:00:00 +01:00,2018-04-16 14:00:00 +01:00,1,1
GB,http://environment.data.gov.uk/air-quality/so,GB_Network_1,Station_GB1024A,,GB_SamplingPoint_74174,GB_StationProcess_918,GB_SamplingFeature_918,O3,http://dd.eionet.europa.eu/vocabulary/aq/pollutant/7,hour,96.3424200000,µg/m3,2018-04-16 14:00:00 +01:00,2018-04-16 15:00:00 +01:00,1,1
GB,http://environment.data.gov.uk/air-quality/so,GB_Network_1,Station_GB1024A,,GB_SamplingPoint_74174,GB_StationProcess_918,GB_SamplingFeature_918,O3,http://dd.eionet.europa.eu/vocabulary/aq/pollutant/7,hour,97.0908100000,µg/m3,2018-04-16 15:00:00 +01:00,2018-04-16 16:00:00 +01:00,1,1
GB,http://environment.data.gov.uk/air-quality/so,GB_Network_1,Station_GB1024A,,GB_SamplingPoint_74174,GB_StationProcess_918,GB_SamplingFeature_918,O3,http://dd.eionet.europa.eu/vocabulary/aq/pollutant/7,hour,97.0908100000,µg/m3,2018-04-16 16:00:00 +01:00,2018-04-16 17:00:00 +01:00,1,1
GB,http://environment.data.gov.uk/air-quality/so,GB_Network_1,Station_GB1024A,,GB_SamplingPoint_74174,GB_StationProcess_918,GB_SamplingFeature_918,O3,http://dd.eionet.europa.eu/vocabulary/aq/pollutant/7,hour,95.9432800000,µg/m3,2018-04-16 18:00:00 +01:00,2018-04-16 19:00:00 +01:00,1,1
GB,http://environment.data.gov.uk/air-quality/so,GB_Network_1,Station_GB1024A,,GB_SamplingPoint_74174,GB_StationProcess_918,GB_SamplingFeature_918,O3,http://dd.eionet.europa.eu/vocabulary/aq/pollutant/7,hour,83.3204800000,µg/m3,2018-04-16 20:00:00 +01:00,2018-04-16 21:00:00 +01:00,1,1
GB,http://environment.data.gov.uk/air-quality/so,GB_Network_1,Station_GB1024A,,GB_SamplingPoint_74174,GB_StationProcess_918,GB_SamplingFeature_918,O3,http://dd.eionet.europa.eu/vocabulary/aq/pollutant/7,hour,65.8082100000,µg/m3,2018-04-16 21:00:00 +01:00,2018-04-16 22:00:00 +01:00,1,1
GB,http://environment.data.gov.uk/air-quality/so,GB_Network_1,Station_GB1024A,,GB_SamplingPoint_74174,GB_StationProcess_918,GB_SamplingFeature_918,O3,http://dd.eionet.europa.eu/vocabulary/aq/pollutant/7,hour,73.8409000000,µg/m3,2018-04-17 00:00:00 +01:00,2018-04-17 01:00:00 +01:00,1,1
GB,http://environment.data.gov.uk/air-quality/so,GB_Network_1,Station_GB1024A,,GB_SamplingPoint_74174,GB_StationProcess_918,GB_SamplingFeature_918,O3,http://dd.eionet.europa.eu/vocabulary/aq/pollutant/7,hour,82.8215500000,µg/m3,2018-04-17 01:00:00 +01:00,2018-04-17 02:00:00 +01:00,1,1
GB,http://environment.data.gov.uk/air-quality/so,GB_Network_1,Station_GB1024A,,GB_SamplingPoint_74174,GB_StationProcess_918,GB_SamplingFeature_918,O3,http://dd.eionet.europa.eu/vocabulary/aq/pollutant/7,hour,80.8258500000,µg/m3,2018-04-17 04:00:00 +01:00,2018-04-17 05:00:00 +01:00,1,1
GB,http://environment.data.gov.uk/air-quality/so,GB_Network_1,Station_GB1024A,,GB_SamplingPoint_74174,GB_StationProcess_918,GB_SamplingFeature_918,O3,http://dd.eionet.europa.eu/vocabulary/aq/pollutant/7,hour,80.5763900000,µg/m3,2018-04-17 05:00:00 +01:00,2018-04-17 06:00:00 +01:00,1,1
GB,http://environment.data.gov.uk/air-quality/so,GB_Network_1,Station_GB1024A,,GB_SamplingPoint_74174,GB_StationProcess_918,GB_SamplingFeature_918,O3,http://dd.eionet.europa.eu/vocabulary/aq/pollutant/7,hour,64.1617600000,µg/m3,2018-04-17 07:00:00 +01:00,2018-04-17 08:00:00 +01:00,1,1
GB,http://environment.data.gov.uk/air-quality/so,GB_Network_1,Station_GB1024A,,GB_SamplingPoint_74174,GB_StationProcess_918,GB_SamplingFeature_918,O3,http://dd.eionet.europa.eu/vocabulary/aq/pollutant/7,hour,,µg/m3,2018-04-17 10:00:00 +01:00,2018-04-17 11:00:00 +01:00,-1,1
GB,http://environment.data.gov.uk/air-quality/so,GB_Network_1,Station_GB1024A,,GB_SamplingPoint_74174,GB_StationProcess_918,GB_SamplingFeature_918,O3,http://dd.eionet.europa.eu/vocabulary/aq/pollutant/7,hour,,µg/m3,2018-04-17 11:00:00 +01:00,2018-04-17 12:00:00 +01:00,-1,1
GB,http://environment.data.gov.uk/air-quality/so,GB_Network_1,Station_GB1024A,,GB_SamplingPoint_74174,GB_StationProcess_918,GB_SamplingFeature_918,O3,http://dd.eionet.europa.eu/vocabulary/aq/pollutant/7,hour,,µg/m3,2018-04-17 12:00:00 +01:00,2018-04-17 13:00:00 +01:00,-1,1
GB,http://environment.data.gov.uk/air-quality/so,GB_Network_1,Station_GB1024A,,GB_SamplingPoint_74174,GB_StationProcess_918,GB_SamplingFeature_918,O3,http://dd.eionet.europa.eu/vocabulary/aq/pollutant/7,hour,87.8606900000,µg/m3,2018-04-17 16:00:00 +01:00,2018-04-17 17:00:00 +01:00,1,1
GB,http://environment.data.gov.uk/air-quality/so,GB_Network_1,Station_GB1024A,,GB_SamplingPoint_74174,GB_StationProcess_918,GB_SamplingFeature_918,O3,http://dd.eionet.europa.eu/vocabulary/aq/pollutant/7,hour,82.1729500000,µg/m3,2018-04-17 18:00:00 +01:00,2018-04-17 19:00:00 +01:00,1,1
GB,http://environment.data.gov.uk/air-quality/so,GB_Network_1,Station_GB1024A,,GB_SamplingPoint_74174,GB_StationProcess_918,GB_SamplingFeature_918,O3,http://dd.eionet.europa.eu/vocabulary/aq/pollutant/7,hour,76.1858500000,µg/m3,2018-04-17 21:00:00 +01:00,2018-04-17 22:00:00 +01:00,1,1
GB,http://environment.data.gov.uk/air-quality/so,GB_Network_1,Station_GB1024A,,GB_SamplingPoint_74174,GB_StationProcess_918,GB_SamplingFeature_918,O3,http://dd.eionet.europa.eu/vocabulary/aq/pollutant/7,hour,59.1226100000,µg/m3,2018-04-18 00:00:00 +01:00,2018-04-18 01:00:00 +01:00,1,1
GB,http://environment.data.gov.uk/air-quality/so,GB_Network_1,Station_GB1024A,,GB_SamplingPoint_74174,GB_StationProcess_918,GB_SamplingFeature_918,O3,http://dd.eionet.europa.eu/vocabulary/aq/pollutant/7,hour,58.7988100000,µg/m3,2018-04-18 02:00:00 +01:00,2018-04-18 03:00:00 +01:00,1,1
GB,http://environment.data.gov.uk/air-quality/so,GB_Network_1,Station_GB1024A,,GB_SamplingPoint_74174,GB_StationProcess_918,GB_SamplingFeature_918,O3,http://dd.eionet.europa.eu/vocabulary/aq/pollutant/7,hour,52.8192700000,µg/m3,2018-04-18 03:00:00 +01:00,2018-04-18 04:00:00 +01:00,1,1
GB,http://environment.data.gov.uk/air-quality/so,GB_Network_1,Station_GB1024A,,GB_SamplingPoint_74174,GB_StationProcess_918,GB_SamplingFeature_918,O3,http://dd.eionet.europa.eu/vocabulary/aq/pollutant/7,hour,46.2916000000,µg/m3,2018-04-18 04:00:00 +01:00,2018-04-18 05:00:00 +01:00,1,1
GB,http://environment.data.gov.uk/air-quality/so,GB_Network_1,Station_GB1024A,,GB_SamplingPoint_74174,GB_StationProcess_918,GB_SamplingFeature_918,O3,http://dd.eionet.europa.eu/vocabulary/aq/pollutant/7,hour,37.1728000000,µg/m3,2018-04-18 07:00:00 +01:00,2018-04-18 08:00:00 +01:00,1,1
GB,http://environment.data.gov.uk/air-quality/so,GB_Network_1,Station_GB1024A,,GB_SamplingPoint_74174,GB_StationProcess_918,GB_SamplingFeature_918,O3,http://dd.eionet.europa.eu/vocabulary/aq/pollutant/7,hour,35.1796300000,µg/m3,2018-04-18 08:00:00 +01:00,2018-04-18 09:00:00 +01:00,1,1
GB,http://environment.data.gov.uk/air-quality/so,GB_Network_1,Station_GB1024A,,GB_SamplingPoint_74174,GB_StationProcess_918,GB_SamplingFeature_918,O3,http://dd.eionet.europa.eu/vocabulary/aq/pollutant/7,hour,47.6868300000,µg/m3,2018-04-18 09:00:00 +01:00,2018-04-18 10:00:00 +01:00,1,1
GB,http://environment.data.gov.uk/air-quality/so,GB_Network_1,Station_GB1024A,,GB_SamplingPoint_74174,GB_StationProcess_918,GB_SamplingFeature_918,O3,http://dd.eionet.europa.eu/vocabulary/aq/pollutant/7,hour,55.0117600000,µg/m3,2018-04-18 10:00:00 +01:00,2018-04-18 11:00:00 +01:00,1,1
GB,http://environment.data.gov.uk/air-quality/so,GB_Network_1,Station_GB1024A,,GB_SamplingPoint_74174,GB_StationProcess_918,GB_SamplingFeature_918,O3,http://dd.eionet.europa.eu/vocabulary/aq/pollutant/7,hour,75.7408300000,µg/m3,2018-04-18 14:00:00 +01:00,2018-04-18 15:00:00 +01:00,1,1
GB,http://environment.data.gov.uk/air-quality/so,GB_Network_1,Station_GB1024A,,GB_SamplingPoint_74174,GB_StationProcess_918,GB_SamplingFeature_918,O3,http://dd.eionet.europa.eu/vocabulary/aq/pollutant/7,hour,93.1313300000,µg/m3,2018-04-18 15:00:00 +01:00,2018-04-18 16:00:00 +01:00,1,1
GB,http://environment.data.gov.uk/air-quality/so,GB_Network_1,Station_GB1024A,,GB_SamplingPoint_74174,GB_StationProcess_918,GB_SamplingFeature_918,O3,http://dd.eionet.europa.eu/vocabulary/aq/pollutant/7,hour,99.7586500000,µg/m3,2018-04-18 16:00:00 +01:00,2018-04-18 17:00:00 +01:00,1,1
GB,http://environment.data.gov.uk/air-quality/so,GB_Network_1,Station_GB1024A,,GB_SamplingPoint_74174,GB_StationProcess_918,GB_SamplingFeature_918,O3,http://dd.eionet.europa.eu/vocabulary/aq/pollutant/7,hour,100.3566100000,µg/m3,2018-04-18 18:00:00 +01:00,2018-04-18 19:00:00 +01:00,1,1
GB,http://environment.data.gov.uk/air-quality/so,GB_Network_1,Station_GB1024A,,GB_SamplingPoint_74174,GB_StationProcess_918,GB_SamplingFeature_918,O3,http://dd.eionet.europa.eu/vocabulary/aq/pollutant/7,hour,11.1477000000,µg/m3,2018-04-19 01:00:00 +01:00,2018-04-19 02:00:00 +01:00,1,1
GB,http://environment.data.gov.uk/air-quality/so,GB_Network_1,Station_GB1024A,,GB_SamplingPoint_74174,GB_StationProcess_918,GB_SamplingFeature_918,O3,http://dd.eionet.europa.eu/vocabulary/aq/pollutant/7,hour,5.0430000000,µg/m3,2018-04-19 02:00:00 +01:00,2018-04-19 03:00:00 +01:00,2,1
GB,http://environment.data.gov.uk/air-quality/so,GB_Network_1,Station_GB1024A,,GB_SamplingPoint_74174,GB_StationProcess_918,GB_SamplingFeature_918,O3,http://dd.eionet.europa.eu/vocabulary/aq/pollutant/7,hour,4.1803900000,µg/m3,2018-04-19 03:00:00 +01:00,2018-04-19 04:00:00 +01:00,2,1
GB,http://environment.data.gov.uk/air-quality/so,GB_Network_1,Station_GB1024A,,GB_SamplingPoint_74174,GB_StationProcess_918,GB_SamplingFeature_918,O3,http://dd.eionet.europa.eu/vocabulary/aq/pollutant/7,hour,3.5334200000,µg/m3,2018-04-19 04:00:00 +01:00,2018-04-19 05:00:00 +01:00,2,1
GB,http://environment.data.gov.uk/air-quality/so,GB_Network_1,Station_GB1024A,,GB_SamplingPoint_74174,GB_StationProcess_918,GB_SamplingFeature_918,O3,http://dd.eionet.europa.eu/vocabulary/aq/pollutant/7,hour,1.4930000000,µg/m3,2018-04-19 06:00:00 +01:00,2018-04-19 07:00:00 +01:00,2,1
GB,http://environment.data.gov.uk/air-quality/so,GB_Network_1,Station_GB1024A,,GB_SamplingPoint_74174,GB_StationProcess_918,GB_SamplingFeature_918,O3,http://dd.eionet.europa.eu/vocabulary/aq/pollutant/7,hour,3.9813200000,µg/m3,2018-04-19 07:00:00 +01:00,2018-04-19 08:00:00 +01:00,2,1
GB,http://environment.data.gov.uk/air-quality/so,GB_Network_1,Station_GB1024A,,GB_SamplingPoint_74174,GB_StationProcess_918,GB_SamplingFeature_918,O3,http://dd.eionet.europa.eu/vocabulary/aq/pollutant/7,hour,5.7729100000,µg/m3,2018-04-19 08:00:00 +01:00,2018-04-19 09:00:00 +01:00,2,1
GB,http://environment.data.gov.uk/air-quality/so,GB_Network_1,Station_GB1024A,,GB_SamplingPoint_74174,GB_StationProcess_918,GB_SamplingFeature_918,O3,http://dd.eionet.europa.eu/vocabulary/aq/pollutant/7,hour,14.5815800000,µg/m3,2018-04-19 10:00:00 +01:00,2018-04-19 11:00:00 +01:00,1,1
GB,http://environment.data.gov.uk/air-quality/so,GB_Network_1,Station_GB1024A,,GB_SamplingPoint_74174,GB_StationProcess_918,GB_SamplingFeature_918,O3,http://dd.eionet.europa.eu/vocabulary/aq/pollutant/7,hour,93.0135700000,µg/m3,2018-04-19 13:00:00 +01:00,2018-04-19 14:00:00 +01:00,1,1
GB,http://environment.data.gov.uk/air-quality/so,GB_Network_1,Station_GB1024A,,GB_SamplingPoint_74174,GB_StationProcess_918,GB_SamplingFeature_918,O3,http://dd.eionet.europa.eu/vocabulary/aq/pollutant/7,hour,110.3323100000,µg/m3,2018-04-19 14:00:00 +01:00,2018-04-19 15:00:00 +01:00,1,1
GB,http://environment.data.gov.uk/air-quality/so,GB_Network_1,Station_GB1024A,,GB_SamplingPoint_74174,GB_StationProcess_918,GB_SamplingFeature_918,O3,http://dd.eionet.europa.eu/vocabulary/aq/pollutant/7,hour,125.0134300000,µg/m3,2018-04-19 15:00:00 +01:00,2018-04-19 16:00:00 +01:00,1,1
GB,http://environment.data.gov.uk/air-quality/so,GB_Network_1,Station_GB1024A,,GB_SamplingPoint_74174,GB_StationProcess_918,GB_SamplingFeature_918,O3,http://dd.eionet.europa.eu/vocabulary/aq/pollutant/7,hour,126.5064200000,µg/m3,2018-04-19 17:00:00 +01:00,2018-04-19 18:00:00 +01:00,1,1
GB,http://environment.data.gov.uk/air-quality/so,GB_Network_1,Station_GB1024A,,GB_SamplingPoint_74174,GB_StationProcess_918,GB_SamplingFeature_918,O3,http://dd.eionet.europa.eu/vocabulary/aq/pollutant/7,hour,101.2748100000,µg/m3,2018-04-19 18:00:00 +01:00,2018-04-19 19:00:00 +01:00,1,1
GB,http://environment.data.gov.uk/air-quality/so,GB_Network_1,Station_GB1024A,,GB_SamplingPoint_74174,GB_StationProcess_918,GB_SamplingFeature_918,O3,http://dd.eionet.europa.eu/vocabulary/aq/pollutant/7,hour,73.4055800000,µg/m3,2018-04-19 19:00:00 +01:00,2018-04-19 20:00:00 +01:00,1,1
GB,http://environment.data.gov.uk/air-quality/so,GB_Network_1,Station_GB1024A,,GB_SamplingPoint_74174,GB_StationProcess_918,GB_SamplingFeature_918,O3,http://dd.eionet.europa.eu/vocabulary/aq/pollutant/7,hour,88.0866900000,µg/m3,2018-04-19 21:00:00 +01:00,2018-04-19 22:00:00 +01:00,1,1
GB,http://environment.data.gov.uk/air-quality/so,GB_Network_1,Station_GB1024A,,GB_SamplingPoint_74174,GB_StationProcess_918,GB_SamplingFeature_918,O3,http://dd.eionet.europa.eu/vocabulary/aq/pollutant/7,hour,93.2624100000,µg/m3,2018-04-19 22:00:00 +01:00,2018-04-19 23:00:00 +01:00,1,1
GB,http://environment.data.gov.uk/air-quality/so,GB_Network_1,Station_GB1024A,,GB_SamplingPoint_74174,GB_StationProcess_918,GB_SamplingFeature_918,O3,http://dd.eionet.europa.eu/vocabulary/aq/pollutant/7,hour,90.3759500000,µg/m3,2018-04-19 23:00:00 +01:00,2018-04-20 00:00:00 +01:00,1,1
GB,http://environment.data.gov.uk/air-quality/so,GB_Network_1,Station_GB1024A,,GB_SamplingPoint_74174,GB_StationProcess_918,GB_SamplingFeature_918,O3,http://dd.eionet.europa.eu/vocabulary/aq/pollutant/7,hour,70.1209900000,µg/m3,2018-04-20 00:00:00 +01:00,2018-04-20 01:00:00 +01:00,1,1
GB,http://environment.data.gov.uk/air-quality/so,GB_Network_1,Station_GB1024A,,GB_SamplingPoint_74174,GB_StationProcess_918,GB_SamplingFeature_918,O3,http://dd.eionet.europa.eu/vocabulary/aq/pollutant/7,hour,53.6135000000,µg/m3,2018-04-20 01:00:00 +01:00,2018-04-20 02:00:00 +01:00,1,1
GB,http://environment.data.gov.uk/air-quality/so,GB_Network_1,Station_GB1024A,,GB_SamplingPoint_74174,GB_StationProcess_918,GB_SamplingFeature_918,O3,http://dd.eionet.europa.eu/vocabulary/aq/pollutant/7,hour,28.6954800000,µg/m3,2018-04-20 02:00:00 +01:00,2018-04-20 03:00:00 +01:00,1,1
GB,http://environment.data.gov.uk/air-quality/so,GB_Network_1,Station_GB1024A,,GB_SamplingPoint_74174,GB_StationProcess_918,GB_SamplingFeature_918,O3,http://dd.eionet.europa.eu/vocabulary/aq/pollutant/7,hour,24.9014500000,µg/m3,2018-04-20 03:00:00 +01:00,2018-04-20 04:00:00 +01:00,1,1
GB,http://environment.data.gov.uk/air-quality/so,GB_Network_1,Station_GB1024A,,GB_SamplingPoint_74174,GB_StationProcess_918,GB_SamplingFeature_918,O3,http://dd.eionet.europa.eu/vocabulary/aq/pollutant/7,hour,16.7500800000,µg/m3,2018-04-20 05:00:00 +01:00,2018-04-20 06:00:00 +01:00,1,1
GB,http://environment.data.gov.uk/air-quality/so,GB_Network_1,Station_GB1024A,,GB_SamplingPoint_74174,GB_StationProcess_918,GB_SamplingFeature_918,O3,http://dd.eionet.europa.eu/vocabulary/aq/pollutant/7,hour,11.6803200000,µg/m3,2018-04-20 06:00:00 +01:00,2018-04-20 07:00:00 +01:00,1,1
GB,http://environment.data.gov.uk/air-quality/so,GB_Network_1,Station_GB1024A,,GB_SamplingPoint_74174,GB_StationProcess_918,GB_SamplingFeature_918,O3,http://dd.eionet.europa.eu/vocabulary/aq/pollutant/7,hour,10.5868400000,µg/m3,2018-04-20 07:00:00 +01:00,2018-04-20 08:00:00 +01:00,1,1
GB,http://environment.data.gov.uk/air-quality/so,GB_Network_1,Station_GB1024A,,GB_SamplingPoint_74174,GB_StationProcess_918,GB_SamplingFeature_918,O3,http://dd.eionet.europa.eu/vocabulary/aq/pollutant/7,hour,19.1358400000,µg/m3,2018-04-20 08:00:00 +01:00,2018-04-20 09:00:00 +01:00,1,1
GB,http://environment.data.gov.uk/air-quality/so,GB_Network_1,Station_GB1024A,,GB_SamplingPoint_74174,GB_StationProcess_918,GB_SamplingFeature_918,O3,http://dd.eionet.europa.eu/vocabulary/aq/pollutant/7,hour,26.5913700000,µg/m3,2018-04-20 09:00:00 +01:00,2018-04-20 10:00:00 +01:00,1,1
GB,http://environment.data.gov.uk/air-quality/so,GB_Network_1,Station_GB1024A,,GB_SamplingPoint_74174,GB_StationProcess_918,GB_SamplingFeature_918,O3,http://dd.eionet.europa.eu/vocabulary/aq/pollutant/7,hour,76.9907000000,µg/m3,2018-04-20 12:00:00 +01:00,2018-04-20 13:00:00 +01:00,1,1
GB,http://environment.data.gov.uk/air-quality/so,GB_Network_1,Station_GB1024A,,GB_SamplingPoint_74174,GB_StationProcess_918,GB_SamplingFeature_918,O3,http://dd.eionet.europa.eu/vocabulary/aq/pollutant/7,hour,101.0969000000,µg/m3,2018-04-20 16:00:00 +01:00,2018-04-20 17:00:00 +01:00,1,1
GB,http://environment.data.gov.uk/air-quality/so,GB_Network_1,Station_GB1024A,,GB_SamplingPoint_74174,GB_StationProcess_918,GB_SamplingFeature_918,O3,http://dd.eionet.europa.eu/vocabulary/aq/pollutant/7,hour,48.6597200000,µg/m3,2018-04-20 20:00:00 +01:00,2018-04-20 21:00:00 +01:00,1,1
GB,http://environment.data.gov.uk/air-quality/so,GB_Network_1,Station_GB1024A,,GB_SamplingPoint_74174,GB_StationProcess_918,GB_SamplingFeature_918,O3,http://dd.eionet.europa.eu/vocabulary/aq/pollutant/7,hour,71.6724300000,µg/m3,2018-04-20 22:00:00 +01:00,2018-04-20 23:00:00 +01:00,1,1
GB,http://environment.data.gov.uk/air-quality/so,GB_Network_1,Station_GB1024A,,GB_SamplingPoint_74174,GB_StationProcess_918,GB_SamplingFeature_918,O3,http://dd.eionet.europa.eu/vocabulary/aq/pollutant/7,hour,71.9706500000,µg/m3,2018-04-21 00:00:00 +01:00,2018-04-21 01:00:00 +01:00,1,1
GB,http://environment.data.gov.uk/air-quality/so,GB_Network_1,Station_GB1024A,,GB_SamplingPoint_74174,GB_StationProcess_918,GB_SamplingFeature_918,O3,http://dd.eionet.europa.eu/vocabulary/aq/pollutant/7,hour,64.4002600000,µg/m3,2018-04-21 02:00:00 +01:00,2018-04-21 03:00:00 +01:00,1,1
GB,http://environment.data.gov.uk/air-quality/so,GB_Network_1,Station_GB1024A,,GB_SamplingPoint_74174,GB_StationProcess_918,GB_SamplingFeature_918,O3,http://dd.eionet.europa.eu/vocabulary/aq/pollutant/7,hour,56.0937500000,µg/m3,2018-04-21 04:00:00 +01:00,2018-04-21 05:00:00 +01:00,1,1
GB,http://environment.data.gov.uk/air-quality/so,GB_Network_1,Station_GB1024A,,GB_SamplingPoint_74174,GB_StationProcess_918,GB_SamplingFeature_918,O3,http://dd.eionet.europa.eu/vocabulary/aq/pollutant/7,hour,49.6404900000,µg/m3,2018-04-21 05:00:00 +01:00,2018-04-21 06:00:00 +01:00,1,1
GB,http://environment.data.gov.uk/air-quality/so,GB_Network_1,Station_GB1024A,,GB_SamplingPoint_74174,GB_StationProcess_918,GB_SamplingFeature_918,O3,http://dd.eionet.europa.eu/vocabulary/aq/pollutant/7,hour,32.8620000000,µg/m3,2018-04-21 06:00:00 +01:00,2018-04-21 07:00:00 +01:00,1,1
GB,http://environment.data.gov.uk/air-quality/so,GB_Network_1,Station_GB1024A,,GB_SamplingPoint_74174,GB_StationProcess_918,GB_SamplingFeature_918,O3,http://dd.eionet.europa.eu/vocabulary/aq/pollutant/7,hour,30.9260200000,µg/m3,2018-04-21 07:00:00 +01:00,2018-04-21 08:00:00 +01:00,1,1
GB,http://environment.data.gov.uk/air-quality/so,GB_Network_1,Station_GB1024A,,GB_SamplingPoint_74174,GB_StationProcess_918,GB_SamplingFeature_918,O3,http://dd.eionet.europa.eu/vocabulary/aq/pollutant/7,hour,38.9181400000,µg/m3,2018-04-21 08:00:00 +01:00,2018-04-21 09:00:00 +01:00,1,1
GB,http://environment.data.gov.uk/air-quality/so,GB_Network_1,Station_GB1024A,,GB_SamplingPoint_74174,GB_StationProcess_918,GB_SamplingFeature_918,O3,http://dd.eionet.europa.eu/vocabulary/aq/pollutant/7,hour,42.4426100000,µg/m3,2018-04-21 09:00:00 +01:00,2018-04-21 10:00:00 +01:00,1,1
GB,http://environment.data.gov.uk/air-quality/so,GB_Network_1,Station_GB1024A,,GB_SamplingPoint_74174,GB_StationProcess_918,GB_SamplingFeature_918,O3,http://dd.eionet.europa.eu/vocabulary/aq/pollutant/7,hour,52.1721500000,µg/m3,2018-04-21 11:00:00 +01:00,2018-04-21 12:00:00 +01:00,1,1
GB,http://environment.data.gov.uk/air-quality/so,GB_Network_1,Station_GB1024A,,GB_SamplingPoint_74174,GB_StationProcess_918,GB_SamplingFeature_918,O3,http://dd.eionet.europa.eu/vocabulary/aq/pollutant/7,hour,60.1642700000,µg/m3,2018-04-21 12:00:00 +01:00,2018-04-21 13:00:00 +01:00,1,1
GB,http://environment.data.gov.uk/air-quality/so,GB_Network_1,Station_GB1024A,,GB_SamplingPoint_74174,GB_StationProcess_918,GB_SamplingFeature_918,O3,http://dd.eionet.europa.eu/vocabulary/aq/pollutant/7,hour,65.2772400000,µg/m3,2018-04-21 13:00:00 +01:00,2018-04-21 14:00:00 +01:00,1,1
GB,http://environment.data.gov.uk/air-quality/so,GB_Network_1,Station_GB1024A,,GB_SamplingPoint_74174,GB_StationProcess_918,GB_SamplingFeature_918,O3,http://dd.eionet.europa.eu/vocabulary/aq/pollutant/7,hour,70.3405700000,µg/m3,2018-04-21 16:00:00 +01:00,2018-04-21 17:00:00 +01:00,1,1
GB,http://environment.data.gov.uk/air-quality/so,GB_Network_1,Station_GB1024A,,GB_SamplingPoint_74174,GB_StationProcess_918,GB_SamplingFeature_918,O3,http://dd.eionet.europa.eu/vocabulary/aq/pollutant/7,hour,8.3396000000,µg/m3,2018-04-21 22:00:00 +01:00,2018-04-21 23:00:00 +01:00,1,1
GB,http://environment.data.gov.uk/air-quality/so,GB_Network_1,Station_GB1024A,,GB_SamplingPoint_74174,GB_StationProcess_918,GB_SamplingFeature_918,O3,http://dd.eionet.europa.eu/vocabulary/aq/pollutant/7,hour,1.3899300000,µg/m3,2018-04-21 23:00:00 +01:00,2018-04-22 00:00:00 +01:00,2,1
GB,http://environment.data.gov.uk/air-quality/so,GB_Network_1,Station_GB1024A,,GB_SamplingPoint_74174,GB_StationProcess_918,GB_SamplingFeature_918,O3,http://dd.eionet.europa.eu/vocabulary/aq/pollutant/7,hour,88.0496100000,µg/m3,2018-04-22 01:00:00 +01:00,2018-04-22 02:00:00 +01:00,1,1
GB,http://environment.data.gov.uk/air-quality/so,GB_Network_1,Station_GB1024A,,GB_SamplingPoint_74174,GB_StationProcess_918,GB_SamplingFeature_918,O3,http://dd.eionet.europa.eu/vocabulary/aq/pollutant/7,hour,45.3138200000,µg/m3,2018-04-22 03:00:00 +01:00,2018-04-22 04:00:00 +01:00,1,1
GB,http://environment.data.gov.uk/air-quality/so,GB_Network_1,Station_GB1024A,,GB_SamplingPoint_74174,GB_StationProcess_918,GB_SamplingFeature_918,O3,http://dd.eionet.europa.eu/vocabulary/aq/pollutant/7,hour,28.8045200000,µg/m3,2018-04-22 04:00:00 +01:00,2018-04-22 05:00:00 +01:00,1,1
GB,http://environment.data.gov.uk/air-quality/so,GB_Network_1,Station_GB1024A,,GB_SamplingPoint_74174,GB_StationProcess_918,GB_SamplingFeature_918,O3,http://dd.eionet.europa.eu/vocabulary/aq/pollutant/7,hour,6.2467600000,µg/m3,2018-04-22 06:00:00 +01:00,2018-04-22 07:00:00 +01:00,1,1
GB,http://environment.data.gov.uk/air-quality/so,GB_Network_1,Station_GB1024A,,GB_SamplingPoint_74174,GB_StationProcess_918,GB_SamplingFeature_918,O3,http://dd.eionet.europa.eu/vocabulary/aq/pollutant/7,hour,62.9138200000,µg/m3,2018-04-22 08:00:00 +01:00,2018-04-22 09:00:00 +01:00,1,1
GB,http://environment.data.gov.uk/air-quality/so,GB_Network_1,Station_GB1024A,,GB_SamplingPoint_74174,GB_StationProcess_918,GB_SamplingFeature_918,O3,http://dd.eionet.europa.eu/vocabulary/aq/pollutant/7,hour,77.6879100000,µg/m3,2018-04-22 09:00:00 +01:00,2018-04-22 10:00:00 +01:00,1,1
GB,http://environment.data.gov.uk/air-quality/so,GB_Network_1,Station_GB1024A,,GB_SamplingPoint_74174,GB_StationProcess_918,GB_SamplingFeature_918,O3,http://dd.eionet.europa.eu/vocabulary/aq/pollutant/7,hour,91.7679200000,µg/m3,2018-04-22 10:00:00 +01:00,2018-04-22 11:00:00 +01:00,1,1
GB,http://environment.data.gov.uk/air-quality/so,GB_Network_1,Station_GB1024A,,GB_SamplingPoint_74174,GB_StationProcess_918,GB_SamplingFeature_918,O3,http://dd.eionet.europa.eu/vocabulary/aq/pollutant/7,hour,103.0715800000,µg/m3,2018-04-22 12:00:00 +01:00,2018-04-22 13:00:00 +01:00,1,1
GB,http://environment.data.gov.uk/air-quality/so,GB_Network_1,Station_GB1024A,,GB_SamplingPoint_74174,GB_StationProcess_918,GB_SamplingFeature_918,O3,http://dd.eionet.europa.eu/vocabulary/aq/pollutant/7,hour,107.3352500000,µg/m3,2018-04-22 13:00:00 +01:00,2018-04-22 14:00:00 +01:00,1,1
GB,http://environment.data.gov.uk/air-quality/so,GB_Network_1,Station_GB1024A,,GB_SamplingPoint_74174,GB_StationProcess_918,GB_SamplingFeature_918,O3,http://dd.eionet.europa.eu/vocabulary/aq/pollutant/7,hour,108.4259500000,µg/m3,2018-04-22 14:00:00 +01:00,2018-04-22 15:00:00 +01:00,1,1
GB,http://environment.data.gov.uk/air-quality/so,GB_Network_1,Station_GB1024A,,GB_SamplingPoint_74174,GB_StationProcess_918,GB_SamplingFeature_918,O3,http://dd.eionet.europa.eu/vocabulary/aq/pollutant/7,hour,114.4248300000,µg/m3,2018-04-22 15:00:00 +01:00,2018-04-22 16:00:00 +01:00,1,1
GB,http://environment.data.gov.uk/air-quality/so,GB_Network_1,Station_GB1024A,,GB_SamplingPoint_74174,GB_StationProcess_918,GB_SamplingFeature_918,O3,http://dd.eionet.europa.eu/vocabulary/aq/pollutant/7,hour,113.1853900000,µg/m3,2018-04-22 16:00:00 +01:00,2018-04-22 17:00:00 +01:00,1,1
GB,http://environment.data.gov.uk/air-quality/so,GB_Network_1,Station_GB1024A,,GB_SamplingPoint_74174,GB_StationProcess_918,GB_SamplingFeature_918,O3,http://dd.eionet.europa.eu/vocabulary/aq/pollutant/7,hour,90.9746800000,µg/m3,2018-04-22 18:00:00 +01:00,2018-04-22 19:00:00 +01:00,1,1
GB,http://environment.data.gov.uk/air-quality/so,GB_Network_1,Station_GB1024A,,GB_SamplingPoint_74174,GB_StationProcess_918,GB_SamplingFeature_918,O3,http://dd.eionet.europa.eu/vocabulary/aq/pollutant/7,hour,79.0760800000,µg/m3,2018-04-22 20:00:00 +01:00,2018-04-22 21:00:00 +01:00,1,1
GB,http://environment.data.gov.uk/air-quality/so,GB_Network_1,Station_GB1024A,,GB_SamplingPoint_74174,GB_StationProcess_918,GB_SamplingFeature_918,O3,http://dd.eionet.europa.eu/vocabulary/aq/pollutant/7,hour,72.9284700000,µg/m3,2018-04-22 21:00:00 +01:00,2018-04-22 22:00:00 +01:00,1,1
GB,http://environment.data.gov.uk/air-quality/so,GB_Network_1,Station_GB1024A,,GB_SamplingPoint_74174,GB_StationProcess_918,GB_SamplingFeature_918,O3,http://dd.eionet.europa.eu/vocabulary/aq/pollutant/7,hour,73.2755200000,µg/m3,2018-04-22 23:00:00 +01:00,2018-04-23 00:00:00 +01:00,1,1
GB,http://environment.data.gov.uk/air-quality/so,GB_Network_1,Station_GB1024A,,GB_SamplingPoint_74174,GB_StationProcess_918,GB_SamplingFeature_918,O3,http://dd.eionet.europa.eu/vocabulary/aq/pollutant/7,hour,73.5729800000,µg/m3,2018-04-23 00:00:00 +01:00,2018-04-23 01:00:00 +01:00,1,1
GB,http://environment.data.gov.uk/air-quality/so,GB_Network_1,Station_GB1024A,,GB_SamplingPoint_74174,GB_StationProcess_918,GB_SamplingFeature_918,O3,http://dd.eionet.europa.eu/vocabulary/aq/pollutant/7,hour,71.5649200000,µg/m3,2018-04-23 01:00:00 +01:00,2018-04-23 02:00:00 +01:00,1,1
GB,http://environment.data.gov.uk/air-quality/so,GB_Network_1,Station_GB1024A,,GB_SamplingPoint_74174,GB_StationProcess_918,GB_SamplingFeature_918,O3,http://dd.eionet.europa.eu/vocabulary/aq/pollutant/7,hour,54.3669000000,µg/m3,2018-04-23 05:00:00 +01:00,2018-04-23 06:00:00 +01:00,1,1
GB,http://environment.data.gov.uk/air-quality/so,GB_Network_1,Station_GB1024A,,GB_SamplingPoint_74174,GB_StationProcess_918,GB_SamplingFeature_918,O3,http://dd.eionet.europa.eu/vocabulary/aq/pollutant/7,hour,43.2261400000,µg/m3,2018-04-23 06:00:00 +01:00,2018-04-23 07:00:00 +01:00,1,1
GB,http://environment.data.gov.uk/air-quality/so,GB_Network_1,Station_GB1024A,,GB_SamplingPoint_74174,GB_StationProcess_918,GB_SamplingFeature_918,O3,http://dd.eionet.europa.eu/vocabulary/aq/pollutant/7,hour,40.2552700000,µg/m3,2018-04-23 07:00:00 +01:00,2018-04-23 08:00:00 +01:00,1,1
GB,http://environment.data.gov.uk/air-quality/so,GB_Network_1,Station_GB1024A,,GB_SamplingPoint_74174,GB_StationProcess_918,GB_SamplingFeature_918,O3,http://dd.eionet.europa.eu/vocabulary/aq/pollutant/7,hour,48.0290400000,µg/m3,2018-04-23 08:00:00 +01:00,2018-04-23 09:00:00 +01:00,1,1
GB,http://environment.data.gov.uk/air-quality/so,GB_Network_1,Station_GB1024A,,GB_SamplingPoint_74174,GB_StationProcess_918,GB_SamplingFeature_918,O3,http://dd.eionet.europa.eu/vocabulary/aq/pollutant/7,hour,62.5367800000,µg/m3,2018-04-23 10:00:00 +01:00,2018-04-23 11:00:00 +01:00,1,1
GB,http://environment.data.gov.uk/air-quality/so,GB_Network_1,Station_GB1024A,,GB_SamplingPoint_74174,GB_StationProcess_918,GB_SamplingFeature_918,O3,http://dd.eionet.europa.eu/vocabulary/aq/pollutant/7,hour,78.2823900000,µg/m3,2018-04-23 13:00:00 +01:00,2018-04-23 14:00:00 +01:00,1,1
GB,http://environment.data.gov.uk/air-quality/so,GB_Network_1,Station_GB1024A,,GB_SamplingPoint_74174,GB_StationProcess_918,GB_SamplingFeature_918,O3,http://dd.eionet.europa.eu/vocabulary/aq/pollutant/7,hour,82.8872300000,µg/m3,2018-04-23 14:00:00 +01:00,2018-04-23 15:00:00 +01:00,1,1
GB,http://environment.data.gov.uk/air-quality/so,GB_Network_1,Station_GB1024A,,GB_SamplingPoint_74174,GB_StationProcess_918,GB_SamplingFeature_918,O3,http://dd.eionet.europa.eu/vocabulary/aq/pollutant/7,hour,83.7289800000,µg/m3,2018-04-23 15:00:00 +01:00,2018-04-23 16:00:00 +01:00,1,1
GB,http://environment.data.gov.uk/air-quality/so,GB_Network_1,Station_GB1024A,,GB_SamplingPoint_74174,GB_StationProcess_918,GB_SamplingFeature_918,O3,http://dd.eionet.europa.eu/vocabulary/aq/pollutant/7,hour,83.3328700000,µg/m3,2018-04-23 16:00:00 +01:00,2018-04-23 17:00:00 +01:00,1,1
GB,http://environment.data.gov.uk/air-quality/so,GB_Network_1,Station_GB1024A,,GB_SamplingPoint_74174,GB_StationProcess_918,GB_SamplingFeature_918,O3,http://dd.eionet.europa.eu/vocabulary/aq/pollutant/7,hour,84.1746100000,µg/m3,2018-04-23 18:00:00 +01:00,2018-04-23 19:00:00 +01:00,1,1
GB,http://environment.data.gov.uk/air-quality/so,GB_Network_1,Station_GB1024A,,GB_SamplingPoint_74174,GB_StationProcess_918,GB_SamplingFeature_918,O3,http://dd.eionet.europa.eu/vocabulary/aq/pollutant/7,hour,75.5095800000,µg/m3,2018-04-23 20:00:00 +01:00,2018-04-23 21:00:00 +01:00,1,1
GB,http://environment.data.gov.uk/air-quality/so,GB_Network_1,Station_GB1024A,,GB_SamplingPoint_74174,GB_StationProcess_918,GB_SamplingFeature_918,O3,http://dd.eionet.europa.eu/vocabulary/aq/pollutant/7,hour,63.8736800000,µg/m3,2018-04-23 22:00:00 +01:00,2018-04-23 23:00:00 +01:00,1,1
GB,http://environment.data.gov.uk/air-quality/so,GB_Network_1,Station_GB1024A,,GB_SamplingPoint_74174,GB_StationProcess_918,GB_SamplingFeature_918,O3,http://dd.eionet.europa.eu/vocabulary/aq/pollutant/7,hour,65.1610500000,µg/m3,2018-04-23 23:00:00 +01:00,2018-04-24 00:00:00 +01:00,1,1
GB,http://environment.data.gov.uk/air-quality/so,GB_Network_1,Station_GB1024A,,GB_SamplingPoint_74174,GB_StationProcess_918,GB_SamplingFeature_918,O3,http://dd.eionet.europa.eu/vocabulary/aq/pollutant/7,hour,75.1629800000,µg/m3,2018-04-24 00:00:00 +01:00,2018-04-24 01:00:00 +01:00,1,1
GB,http://environment.data.gov.uk/air-quality/so,GB_Network_1,Station_GB1024A,,GB_SamplingPoint_74174,GB_StationProcess_918,GB_SamplingFeature_918,O3,http://dd.eionet.europa.eu/vocabulary/aq/pollutant/7,hour,76.8146200000,µg/m3,2018-04-24 01:00:00 +01:00,2018-04-24 02:00:00 +01:00,1,1
GB,http://environment.data.gov.uk/air-quality/so,GB_Network_1,Station_GB1024A,,GB_SamplingPoint_74174,GB_StationProcess_918,GB_SamplingFeature_918,O3,http://dd.eionet.europa.eu/vocabulary/aq/pollutant/7,hour,66.0671700000,µg/m3,2018-04-24 04:00:00 +01:00,2018-04-24 05:00:00 +01:00,1,1
GB,http://environment.data.gov.uk/air-quality/so,GB_Network_1,Station_GB1024A,,GB_SamplingPoint_74174,GB_StationProcess_918,GB_SamplingFeature_918,O3,http://dd.eionet.europa.eu/vocabulary/aq/pollutant/7,hour,42.1821100000,µg/m3,2018-04-24 07:00:00 +01:00,2018-04-24 08:00:00 +01:00,1,1
GB,http://environment.data.gov.uk/air-quality/so,GB_Network_1,Station_GB1024A,,GB_SamplingPoint_74174,GB_StationProcess_918,GB_SamplingFeature_918,O3,http://dd.eionet.europa.eu/vocabulary/aq/pollutant/7,hour,66.1660700000,µg/m3,2018-04-24 13:00:00 +01:00,2018-04-24 14:00:00 +01:00,1,1
GB,http://environment.data.gov.uk/air-quality/so,GB_Network_1,Station_GB1024A,,GB_SamplingPoint_74174,GB_StationProcess_918,GB_SamplingFeature_918,O3,http://dd.eionet.europa.eu/vocabulary/aq/pollutant/7,hour,,µg/m3,2018-04-24 14:00:00 +01:00,2018-04-24 15:00:00 +01:00,-1,1
GB,http://environment.data.gov.uk/air-quality/so,GB_Network_1,Station_GB1024A,,GB_SamplingPoint_74174,GB_StationProcess_918,GB_SamplingFeature_918,O3,http://dd.eionet.europa.eu/vocabulary/aq/pollutant/7,hour,57.1164500000,µg/m3,2018-04-24 19:00:00 +01:00,2018-04-24 20:00:00 +01:00,1,1
GB,http://environment.data.gov.uk/air-quality/so,GB_Network_1,Station_GB1024A,,GB_SamplingPoint_74174,GB_StationProcess_918,GB_SamplingFeature_918,O3,http://dd.eionet.europa.eu/vocabulary/aq/pollutant/7,hour,57.7098700000,µg/m3,2018-04-24 20:00:00 +01:00,2018-04-24 21:00:00 +01:00,1,1
GB,http://environment.data.gov.uk/air-quality/so,GB_Network_1,Station_GB1024A,,GB_SamplingPoint_74174,GB_StationProcess_918,GB_SamplingFeature_918,O3,http://dd.eionet.europa.eu/vocabulary/aq/pollutant/7,hour,54.9900400000,µg/m3,2018-04-24 23:00:00 +01:00,2018-04-25 00:00:00 +01:00,1,1
GB,http://environment.data.gov.uk/air-quality/so,GB_Network_1,Station_GB1024A,,GB_SamplingPoint_74174,GB_StationProcess_918,GB_SamplingFeature_918,O3,http://dd.eionet.europa.eu/vocabulary/aq/pollutant/7,hour,68.8969100000,µg/m3,2018-04-25 03:00:00 +01:00,2018-04-25 04:00:00 +01:00,1,1
GB,http://environment.data.gov.uk/air-quality/so,GB_Network_1,Station_GB1024A,,GB_SamplingPoint_74174,GB_StationProcess_918,GB_SamplingFeature_918,O3,http://dd.eionet.europa.eu/vocabulary/aq/pollutant/7,hour,64.6495100000,µg/m3,2018-04-25 04:00:00 +01:00,2018-04-25 05:00:00 +01:00,1,1
GB,http://environment.data.gov.uk/air-quality/so,GB_Network_1,Station_GB1024A,,GB_SamplingPoint_74174,GB_StationProcess_918,GB_SamplingFeature_918,O3,http://dd.eionet.europa.eu/vocabulary/aq/pollutant/7,hour,55.0681400000,µg/m3,2018-04-25 05:00:00 +01:00,2018-04-25 06:00:00 +01:00,1,1
GB,http://environment.data.gov.uk/air-quality/so,GB_Network_1,Station_GB1024A,,GB_SamplingPoint_74174,GB_StationProcess_918,GB_SamplingFeature_918,O3,http://dd.eionet.europa.eu/vocabulary/aq/pollutant/7,hour,46.1288300000,µg/m3,2018-04-25 06:00:00 +01:00,2018-04-25 07:00:00 +01:00,1,1
GB,http://environment.data.gov.uk/air-quality/so,GB_Network_1,Station_GB1024A,,GB_SamplingPoint_74174,GB_StationProcess_918,GB_SamplingFeature_918,O3,http://dd.eionet.europa.eu/vocabulary/aq/pollutant/7,hour,44.4496200000,µg/m3,2018-04-25 07:00:00 +01:00,2018-04-25 08:00:00 +01:00,1,1
GB,http://environment.data.gov.uk/air-quality/so,GB_Network_1,Station_GB1024A,,GB_SamplingPoint_74174,GB_StationProcess_918,GB_SamplingFeature_918,O3,http://dd.eionet.europa.eu/vocabulary/aq/pollutant/7,hour,53.2901600000,µg/m3,2018-04-25 08:00:00 +01:00,2018-04-25 09:00:00 +01:00,1,1
GB,http://environment.data.gov.uk/air-quality/so,GB_Network_1,Station_GB1024A,,GB_SamplingPoint_74174,GB_StationProcess_918,GB_SamplingFeature_918,O3,http://dd.eionet.europa.eu/vocabulary/aq/pollutant/7,hour,74.3296500000,µg/m3,2018-04-25 10:00:00 +01:00,2018-04-25 11:00:00 +01:00,1,1
GB,http://environment.data.gov.uk/air-quality/so,GB_Network_1,Station_GB1024A,,GB_SamplingPoint_74174,GB_StationProcess_918,GB_SamplingFeature_918,O3,http://dd.eionet.europa.eu/vocabulary/aq/pollutant/7,hour,81.7379200000,µg/m3,2018-04-25 13:00:00 +01:00,2018-04-25 14:00:00 +01:00,1,1
GB,http://environment.data.gov.uk/air-quality/so,GB_Network_1,Station_GB1024A,,GB_SamplingPoint_74174,GB_StationProcess_918,GB_SamplingFeature_918,O3,http://dd.eionet.europa.eu/vocabulary/aq/pollutant/7,hour,81.7873100000,µg/m3,2018-04-25 15:00:00 +01:00,2018-04-25 16:00:00 +01:00,1,1
GB,http://environment.data.gov.uk/air-quality/so,GB_Network_1,Station_GB1024A,,GB_SamplingPoint_74174,GB_StationProcess_918,GB_SamplingFeature_918,O3,http://dd.eionet.europa.eu/vocabulary/aq/pollutant/7,hour,79.3672700000,µg/m3,2018-04-25 16:00:00 +01:00,2018-04-25 17:00:00 +01:00,1,1
GB,http://environment.data.gov.uk/air-quality/so,GB_Network_1,Station_GB1024A,,GB_SamplingPoint_74174,GB_StationProcess_918,GB_SamplingFeature_918,O3,http://dd.eionet.europa.eu/vocabulary/aq/pollutant/7,hour,74.0333200000,µg/m3,2018-04-25 17:00:00 +01:00,2018-04-25 18:00:00 +01:00,1,1
GB,http://environment.data.gov.uk/air-quality/so,GB_Network_1,Station_GB1024A,,GB_SamplingPoint_74174,GB_StationProcess_918,GB_SamplingFeature_918,O3,http://dd.eionet.europa.eu/vocabulary/aq/pollutant/7,hour,82.5281300000,µg/m3,2018-04-25 20:00:00 +01:00,2018-04-25 21:00:00 +01:00,1,1
GB,http://environment.data.gov.uk/air-quality/so,GB_Network_1,Station_GB1024A,,GB_SamplingPoint_74174,GB_StationProcess_918,GB_SamplingFeature_918,O3,http://dd.eionet.europa.eu/vocabulary/aq/pollutant/7,hour,81.3922000000,µg/m3,2018-04-25 21:00:00 +01:00,2018-04-25 22:00:00 +01:00,1,1
GB,http://environment.data.gov.uk/air-quality/so,GB_Network_1,Station_GB1024A,,GB_SamplingPoint_74174,GB_StationProcess_918,GB_SamplingFeature_918,O3,http://dd.eionet.europa.eu/vocabulary/aq/pollutant/7,hour,74.0827100000,µg/m3,2018-04-26 00:00:00 +01:00,2018-04-26 01:00:00 +01:00,1,1
GB,http://environment.data.gov.uk/air-quality/so,GB_Network_1,Station_GB1024A,,GB_SamplingPoint_74174,GB_StationProcess_918,GB_SamplingFeature_918,O3,http://dd.eionet.europa.eu/vocabulary/aq/pollutant/7,hour,73.9224300000,µg/m3,2018-04-26 01:00:00 +01:00,2018-04-26 02:00:00 +01:00,1,1
GB,http://environment.data.gov.uk/air-quality/so,GB_Network_1,Station_GB1024A,,GB_SamplingPoint_74174,GB_StationProcess_918,GB_SamplingFeature_918,O3,http://dd.eionet.europa.eu/vocabulary/aq/pollutant/7,hour,64.9123100000,µg/m3,2018-04-26 04:00:00 +01:00,2018-04-26 05:00:00 +01:00,1,1
GB,http://environment.data.gov.uk/air-quality/so,GB_Network_1,Station_GB1024A,,GB_SamplingPoint_74174,GB_StationProcess_918,GB_SamplingFeature_918,O3,http://dd.eionet.europa.eu/vocabulary/aq/pollutant/7,hour,58.8452800000,µg/m3,2018-04-26 05:00:00 +01:00,2018-04-26 06:00:00 +01:00,1,1
GB,http://environment.data.gov.uk/air-quality/so,GB_Network_1,Station_GB1024A,,GB_SamplingPoint_74174,GB_StationProcess_918,GB_SamplingFeature_918,O3,http://dd.eionet.europa.eu/vocabulary/aq/pollutant/7,hour,49.9667000000,µg/m3,2018-04-26 06:00:00 +01:00,2018-04-26 07:00:00 +01:00,1,1
GB,http://environment.data.gov.uk/air-quality/so,GB_Network_1,Station_GB1024A,,GB_SamplingPoint_74174,GB_StationProcess_918,GB_SamplingFeature_918,O3,http://dd.eionet.europa.eu/vocabulary/aq/pollutant/7,hour,46.1686400000,µg/m3,2018-04-26 07:00:00 +01:00,2018-04-26 08:00:00 +01:00,1,1
GB,http://environment.data.gov.uk/air-quality/so,GB_Network_1,Station_GB1024A,,GB_SamplingPoint_74174,GB_StationProcess_918,GB_SamplingFeature_918,O3,http://dd.eionet.europa.eu/vocabulary/aq/pollutant/7,hour,63.9751300000,µg/m3,2018-04-26 09:00:00 +01:00,2018-04-26 10:00:00 +01:00,1,1
GB,http://environment.data.gov.uk/air-quality/so,GB_Network_1,Station_GB1024A,,GB_SamplingPoint_74174,GB_StationProcess_918,GB_SamplingFeature_918,O3,http://dd.eionet.europa.eu/vocabulary/aq/pollutant/7,hour,80.8444400000,µg/m3,2018-04-26 13:00:00 +01:00,2018-04-26 14:00:00 +01:00,1,1
GB,http://environment.data.gov.uk/air-quality/so,GB_Network_1,Station_GB1024A,,GB_SamplingPoint_74174,GB_StationProcess_918,GB_SamplingFeature_918,O3,http://dd.eionet.europa.eu/vocabulary/aq/pollutant/7,hour,80.3511900000,µg/m3,2018-04-26 14:00:00 +01:00,2018-04-26 15:00:00 +01:00,1,1
GB,http://environment.data.gov.uk/air-quality/so,GB_Network_1,Station_GB1024A,,GB_SamplingPoint_74174,GB_StationProcess_918,GB_SamplingFeature_918,O3,http://dd.eionet.europa.eu/vocabulary/aq/pollutant/7,hour,87.9473100000,µg/m3,2018-04-26 16:00:00 +01:00,2018-04-26 17:00:00 +01:00,1,1
GB,http://environment.data.gov.uk/air-quality/so,GB_Network_1,Station_GB1024A,,GB_SamplingPoint_74174,GB_StationProcess_918,GB_SamplingFeature_918,O3,http://dd.eionet.europa.eu/vocabulary/aq/pollutant/7,hour,65.7508500000,µg/m3,2018-04-26 21:00:00 +01:00,2018-04-26 22:00:00 +01:00,1,1
GB,http://environment.data.gov.uk/air-quality/so,GB_Network_1,Station_GB1024A,,GB_SamplingPoint_74174,GB_StationProcess_918,GB_SamplingFeature_918,O3,http://dd.eionet.europa.eu/vocabulary/aq/pollutant/7,hour,57.6121500000,µg/m3,2018-04-26 22:00:00 +01:00,2018-04-26 23:00:00 +01:00,1,1
GB,http://environment.data.gov.uk/air-quality/so,GB_Network_1,Station_GB1024A,,GB_SamplingPoint_74174,GB_StationProcess_918,GB_SamplingFeature_918,O3,http://dd.eionet.europa.eu/vocabulary/aq/pollutant/7,hour,47.4233300000,µg/m3,2018-04-27 01:00:00 +01:00,2018-04-27 02:00:00 +01:00,1,1
GB,http://environment.data.gov.uk/air-quality/so,GB_Network_1,Station_GB1024A,,GB_SamplingPoint_74174,GB_StationProcess_918,GB_SamplingFeature_918,O3,http://dd.eionet.europa.eu/vocabulary/aq/pollutant/7,hour,52.6123100000,µg/m3,2018-04-27 02:00:00 +01:00,2018-04-27 03:00:00 +01:00,1,1
GB,http://environment.data.gov.uk/air-quality/so,GB_Network_1,Station_GB1024A,,GB_SamplingPoint_74174,GB_StationProcess_918,GB_SamplingFeature_918,O3,http://dd.eionet.europa.eu/vocabulary/aq/pollutant/7,hour,55.0261700000,µg/m3,2018-04-27 03:00:00 +01:00,2018-04-27 04:00:00 +01:00,1,1
GB,http://environment.data.gov.uk/air-quality/so,GB_Network_1,Station_GB1024A,,GB_SamplingPoint_74174,GB_StationProcess_918,GB_SamplingFeature_918,O3,http://dd.eionet.europa.eu/vocabulary/aq/pollutant/7,hour,44.2376900000,µg/m3,2018-04-27 05:00:00 +01:00,2018-04-27 06:00:00 +01:00,1,1
GB,http://environment.data.gov.uk/air-quality/so,GB_Network_1,Station_GB1024A,,GB_SamplingPoint_74174,GB_StationProcess_918,GB_SamplingFeature_918,O3,http://dd.eionet.europa.eu/vocabulary/aq/pollutant/7,hour,50.0999300000,µg/m3,2018-04-27 07:00:00 +01:00,2018-04-27 08:00:00 +01:00,1,1
GB,http://environment.data.gov.uk/air-quality/so,GB_Network_1,Station_GB1024A,,GB_SamplingPoint_74174,GB_StationProcess_918,GB_SamplingFeature_918,O3,http://dd.eionet.europa.eu/vocabulary/aq/pollutant/7,hour,37.8335700000,µg/m3,2018-04-27 08:00:00 +01:00,2018-04-27 09:00:00 +01:00,1,1
GB,http://environment.data.gov.uk/air-quality/so,GB_Network_1,Station_GB1024A,,GB_SamplingPoint_74174,GB_StationProcess_918,GB_SamplingFeature_918,O3,http://dd.eionet.europa.eu/vocabulary/aq/pollutant/7,hour,42.5627700000,µg/m3,2018-04-27 10:00:00 +01:00,2018-04-27 11:00:00 +01:00,1,1
GB,http://environment.data.gov.uk/air-quality/so,GB_Network_1,Station_GB1024A,,GB_SamplingPoint_74174,GB_StationProcess_918,GB_SamplingFeature_918,O3,http://dd.eionet.europa.eu/vocabulary/aq/pollutant/7,hour,44.3854800000,µg/m3,2018-04-27 11:00:00 +01:00,2018-04-27 12:00:00 +01:00,1,1
GB,http://environment.data.gov.uk/air-quality/so,GB_Network_1,Station_GB1024A,,GB_SamplingPoint_74174,GB_StationProcess_918,GB_SamplingFeature_918,O3,http://dd.eionet.europa.eu/vocabulary/aq/pollutant/7,hour,41.5282600000,µg/m3,2018-04-27 12:00:00 +01:00,2018-04-27 13:00:00 +01:00,1,1
GB,http://environment.data.gov.uk/air-quality/so,GB_Network_1,Station_GB1024A,,GB_SamplingPoint_74174,GB_StationProcess_918,GB_SamplingFeature_918,O3,http://dd.eionet.europa.eu/vocabulary/aq/pollutant/7,hour,31.8728100000,µg/m3,2018-04-27 14:00:00 +01:00,2018-04-27 15:00:00 +01:00,1,1
GB,http://environment.data.gov.uk/air-quality/so,GB_Network_1,Station_GB1024A,,GB_SamplingPoint_74174,GB_StationProcess_918,GB_SamplingFeature_918,O3,http://dd.eionet.europa.eu/vocabulary/aq/pollutant/7,hour,51.4792700000,µg/m3,2018-04-27 15:00:00 +01:00,2018-04-27 16:00:00 +01:00,1,1
GB,http://environment.data.gov.uk/air-quality/so,GB_Network_1,Station_GB1024A,,GB_SamplingPoint_74174,GB_StationProcess_918,GB_SamplingFeature_918,O3,http://dd.eionet.europa.eu/vocabulary/aq/pollutant/7,hour,38.3262000000,µg/m3,2018-04-27 16:00:00 +01:00,2018-04-27 17:00:00 +01:00,1,1
GB,http://environment.data.gov.uk/air-quality/so,GB_Network_1,Station_GB1024A,,GB_SamplingPoint_74174,GB_StationProcess_918,GB_SamplingFeature_918,O3,http://dd.eionet.europa.eu/vocabulary/aq/pollutant/7,hour,32.1683900000,µg/m3,2018-04-27 19:00:00 +01:00,2018-04-27 20:00:00 +01:00,1,1
GB,http://environment.data.gov.uk/air-quality/so,GB_Network_1,Station_GB1024A,,GB_SamplingPoint_74174,GB_StationProcess_918,GB_SamplingFeature_918,O3,http://dd.eionet.europa.eu/vocabulary/aq/pollutant/7,hour,12.5619300000,µg/m3,2018-04-27 20:00:00 +01:00,2018-04-27 21:00:00 +01:00,1,1
GB,http://environment.data.gov.uk/air-quality/so,GB_Network_1,Station_GB1024A,,GB_SamplingPoint_74174,GB_StationProcess_918,GB_SamplingFeature_918,O3,http://dd.eionet.europa.eu/vocabulary/aq/pollutant/7,hour,17.3896500000,µg/m3,2018-04-27 21:00:00 +01:00,2018-04-27 22:00:00 +01:00,1,1
GB,http://environment.data.gov.uk/air-quality/so,GB_Network_1,Station_GB1024A,,GB_SamplingPoint_74174,GB_StationProcess_918,GB_SamplingFeature_918,O3,http://dd.eionet.europa.eu/vocabulary/aq/pollutant/7,hour,11.0840500000,µg/m3,2018-04-27 23:00:00 +01:00,2018-04-28 00:00:00 +01:00,1,1
GB,http://environment.data.gov.uk/air-quality/so,GB_Network_1,Station_GB1024A,,GB_SamplingPoint_74174,GB_StationProcess_918,GB_SamplingFeature_918,O3,http://dd.eionet.europa.eu/vocabulary/aq/pollutant/7,hour,21.6262200000,µg/m3,2018-04-28 00:00:00 +01:00,2018-04-28 01:00:00 +01:00,1,1
GB,http://environment.data.gov.uk/air-quality/so,GB_Network_1,Station_GB1024A,,GB_SamplingPoint_74174,GB_StationProcess_918,GB_SamplingFeature_918,O3,http://dd.eionet.europa.eu/vocabulary/aq/pollutant/7,hour,21.9757600000,µg/m3,2018-04-28 01:00:00 +01:00,2018-04-28 02:00:00 +01:00,1,1
GB,http://environment.data.gov.uk/air-quality/so,GB_Network_1,Station_GB1024A,,GB_SamplingPoint_74174,GB_StationProcess_918,GB_SamplingFeature_918,O3,http://dd.eionet.europa.eu/vocabulary/aq/pollutant/7,hour,24.4029300000,µg/m3,2018-04-28 02:00:00 +01:00,2018-04-28 03:00:00 +01:00,1,1
GB,http://environment.data.gov.uk/air-quality/so,GB_Network_1,Station_GB1024A,,GB_SamplingPoint_74174,GB_StationProcess_918,GB_SamplingFeature_918,O3,http://dd.eionet.europa.eu/vocabulary/aq/pollutant/7,hour,22.8285500000,µg/m3,2018-04-28 03:00:00 +01:00,2018-04-28 04:00:00 +01:00,1,1
GB,http://environment.data.gov.uk/air-quality/so,GB_Network_1,Station_GB1024A,,GB_SamplingPoint_74174,GB_StationProcess_918,GB_SamplingFeature_918,O3,http://dd.eionet.europa.eu/vocabulary/aq/pollutant/7,hour,35.1284100000,µg/m3,2018-04-28 04:00:00 +01:00,2018-04-28 05:00:00 +01:00,1,1
GB,http://environment.data.gov.uk/air-quality/so,GB_Network_1,Station_GB1024A,,GB_SamplingPoint_74174,GB_StationProcess_918,GB_SamplingFeature_918,O3,http://dd.eionet.europa.eu/vocabulary/aq/pollutant/7,hour,57.9077600000,µg/m3,2018-04-28 08:00:00 +01:00,2018-04-28 09:00:00 +01:00,1,1
GB,http://environment.data.gov.uk/air-quality/so,GB_Network_1,Station_GB1024A,,GB_SamplingPoint_74174,GB_StationProcess_918,GB_SamplingFeature_918,O3,http://dd.eionet.europa.eu/vocabulary/aq/pollutant/7,hour,60.7121300000,µg/m3,2018-04-28 09:00:00 +01:00,2018-04-28 10:00:00 +01:00,1,1
GB,http://environment.data.gov.uk/air-quality/so,GB_Network_1,Station_GB1024A,,GB_SamplingPoint_74174,GB_StationProcess_918,GB_SamplingFeature_918,O3,http://dd.eionet.europa.eu/vocabulary/aq/pollutant/7,hour,64.4020900000,µg/m3,2018-04-28 10:00:00 +01:00,2018-04-28 11:00:00 +01:00,1,1
GB,http://environment.data.gov.uk/air-quality/so,GB_Network_1,Station_GB1024A,,GB_SamplingPoint_74174,GB_StationProcess_918,GB_SamplingFeature_918,O3,http://dd.eionet.europa.eu/vocabulary/aq/pollutant/7,hour,68.5348500000,µg/m3,2018-04-28 11:00:00 +01:00,2018-04-28 12:00:00 +01:00,1,1
GB,http://environment.data.gov.uk/air-quality/so,GB_Network_1,Station_GB1024A,,GB_SamplingPoint_74174,GB_StationProcess_918,GB_SamplingFeature_918,O3,http://dd.eionet.europa.eu/vocabulary/aq/pollutant/7,hour,67.5016600000,µg/m3,2018-04-28 13:00:00 +01:00,2018-04-28 14:00:00 +01:00,1,1
GB,http://environment.data.gov.uk/air-quality/so,GB_Network_1,Station_GB1024A,,GB_SamplingPoint_74174,GB_StationProcess_918,GB_SamplingFeature_918,O3,http://dd.eionet.europa.eu/vocabulary/aq/pollutant/7,hour,65.5336800000,µg/m3,2018-04-28 15:00:00 +01:00,2018-04-28 16:00:00 +01:00,1,1
GB,http://environment.data.gov.uk/air-quality/so,GB_Network_1,Station_GB1024A,,GB_SamplingPoint_74174,GB_StationProcess_918,GB_SamplingFeature_918,O3,http://dd.eionet.europa.eu/vocabulary/aq/pollutant/7,hour,65.6812800000,µg/m3,2018-04-28 16:00:00 +01:00,2018-04-28 17:00:00 +01:00,1,1
GB,http://environment.data.gov.uk/air-quality/so,GB_Network_1,Station_GB1024A,,GB_SamplingPoint_74174,GB_StationProcess_918,GB_SamplingFeature_918,O3,http://dd.eionet.europa.eu/vocabulary/aq/pollutant/7,hour,66.6652700000,µg/m3,2018-04-28 17:00:00 +01:00,2018-04-28 18:00:00 +01:00,1,1
GB,http://environment.data.gov.uk/air-quality/so,GB_Network_1,Station_GB1024A,,GB_SamplingPoint_74174,GB_StationProcess_918,GB_SamplingFeature_918,O3,http://dd.eionet.europa.eu/vocabulary/aq/pollutant/7,hour,70.4044200000,µg/m3,2018-04-28 18:00:00 +01:00,2018-04-28 19:00:00 +01:00,1,1
GB,http://environment.data.gov.uk/air-quality/so,GB_Network_1,Station_GB1024A,,GB_SamplingPoint_74174,GB_StationProcess_918,GB_SamplingFeature_918,O3,http://dd.eionet.europa.eu/vocabulary/aq/pollutant/7,hour,66.8620700000,µg/m3,2018-04-28 21:00:00 +01:00,2018-04-28 22:00:00 +01:00,1,1
GB,http://environment.data.gov.uk/air-quality/so,GB_Network_1,Station_GB1024A,,GB_SamplingPoint_74174,GB_StationProcess_918,GB_SamplingFeature_918,O3,http://dd.eionet.europa.eu/vocabulary/aq/pollutant/7,hour,59.7773400000,µg/m3,2018-04-28 23:00:00 +01:00,2018-04-29 00:00:00 +01:00,1,1
GB,http://environment.data.gov.uk/air-quality/so,GB_Network_1,Station_GB1024A,,GB_SamplingPoint_74174,GB_StationProcess_918,GB_SamplingFeature_918,O3,http://dd.eionet.europa.eu/vocabulary/aq/pollutant/7,hour,67.6117600000,µg/m3,2018-04-29 01:00:00 +01:00,2018-04-29 02:00:00 +01:00,1,1
GB,http://environment.data.gov.uk/air-quality/so,GB_Network_1,Station_GB1024A,,GB_SamplingPoint_74174,GB_StationProcess_918,GB_SamplingFeature_918,O3,http://dd.eionet.europa.eu/vocabulary/aq/pollutant/7,hour,68.2014000000,µg/m3,2018-04-29 04:00:00 +01:00,2018-04-29 05:00:00 +01:00,1,1
GB,http://environment.data.gov.uk/air-quality/so,GB_Network_1,Station_GB1024A,,GB_SamplingPoint_74174,GB_StationProcess_918,GB_SamplingFeature_918,O3,http://dd.eionet.europa.eu/vocabulary/aq/pollutant/7,hour,67.7100300000,µg/m3,2018-04-29 06:00:00 +01:00,2018-04-29 07:00:00 +01:00,1,1
GB,http://environment.data.gov.uk/air-quality/so,GB_Network_1,Station_GB1024A,,GB_SamplingPoint_74174,GB_StationProcess_918,GB_SamplingFeature_918,O3,http://dd.eionet.europa.eu/vocabulary/aq/pollutant/7,hour,65.5971700000,µg/m3,2018-04-29 07:00:00 +01:00,2018-04-29 08:00:00 +01:00,1,1
GB,http://environment.data.gov.uk/air-quality/so,GB_Network_1,Station_GB1024A,,GB_SamplingPoint_74174,GB_StationProcess_918,GB_SamplingFeature_918,O3,http://dd.eionet.europa.eu/vocabulary/aq/pollutant/7,hour,67.2186700000,µg/m3,2018-04-29 08:00:00 +01:00,2018-04-29 09:00:00 +01:00,1,1
GB,http://environment.data.gov.uk/air-quality/so,GB_Network_1,Station_GB1024A,,GB_SamplingPoint_74174,GB_StationProcess_918,GB_SamplingFeature_918,O3,http://dd.eionet.europa.eu/vocabulary/aq/pollutant/7,hour,69.4298100000,µg/m3,2018-04-29 09:00:00 +01:00,2018-04-29 10:00:00 +01:00,1,1
GB,http://environment.data.gov.uk/air-quality/so,GB_Network_1,Station_GB1024A,,GB_SamplingPoint_74174,GB_StationProcess_918,GB_SamplingFeature_918,O3,http://dd.eionet.europa.eu/vocabulary/aq/pollutant/7,hour,68.9384500000,µg/m3,2018-04-29 10:00:00 +01:00,2018-04-29 11:00:00 +01:00,1,1
GB,http://environment.data.gov.uk/air-quality/so,GB_Network_1,Station_GB1024A,,GB_SamplingPoint_74174,GB_StationProcess_918,GB_SamplingFeature_918,O3,http://dd.eionet.europa.eu/vocabulary/aq/pollutant/7,hour,69.2332600000,µg/m3,2018-04-29 11:00:00 +01:00,2018-04-29 12:00:00 +01:00,1,1
GB,http://environment.data.gov.uk/air-quality/so,GB_Network_1,Station_GB1024A,,GB_SamplingPoint_74174,GB_StationProcess_918,GB_SamplingFeature_918,O3,http://dd.eionet.europa.eu/vocabulary/aq/pollutant/7,hour,71.5426800000,µg/m3,2018-04-29 12:00:00 +01:00,2018-04-29 13:00:00 +01:00,1,1
GB,http://environment.data.gov.uk/air-quality/so,GB_Network_1,Station_GB1024A,,GB_SamplingPoint_74174,GB_StationProcess_918,GB_SamplingFeature_918,O3,http://dd.eionet.europa.eu/vocabulary/aq/pollutant/7,hour,72.8693600000,µg/m3,2018-04-29 13:00:00 +01:00,2018-04-29 14:00:00 +01:00,1,1
GB,http://environment.data.gov.uk/air-quality/so,GB_Network_1,Station_GB1024A,,GB_SamplingPoint_74174,GB_StationProcess_918,GB_SamplingFeature_918,O3,http://dd.eionet.europa.eu/vocabulary/aq/pollutant/7,hour,69.4298100000,µg/m3,2018-04-29 14:00:00 +01:00,2018-04-29 15:00:00 +01:00,1,1
GB,http://environment.data.gov.uk/air-quality/so,GB_Network_1,Station_GB1024A,,GB_SamplingPoint_74174,GB_StationProcess_918,GB_SamplingFeature_918,O3,http://dd.eionet.europa.eu/vocabulary/aq/pollutant/7,hour,69.2332600000,µg/m3,2018-04-29 16:00:00 +01:00,2018-04-29 17:00:00 +01:00,1,1
GB,http://environment.data.gov.uk/air-quality/so,GB_Network_1,Station_GB1024A,,GB_SamplingPoint_74174,GB_StationProcess_918,GB_SamplingFeature_918,O3,http://dd.eionet.europa.eu/vocabulary/aq/pollutant/7,hour,72.6728200000,µg/m3,2018-04-29 17:00:00 +01:00,2018-04-29 18:00:00 +01:00,1,1
GB,http://environment.data.gov.uk/air-quality/so,GB_Network_1,Station_GB1024A,,GB_SamplingPoint_74174,GB_StationProcess_918,GB_SamplingFeature_918,O3,http://dd.eionet.europa.eu/vocabulary/aq/pollutant/7,hour,76.1615000000,µg/m3,2018-04-29 19:00:00 +01:00,2018-04-29 20:00:00 +01:00,1,1
GB,http://environment.data.gov.uk/air-quality/so,GB_Network_1,Station_GB1024A,,GB_SamplingPoint_74174,GB_StationProcess_918,GB_SamplingFeature_918,O3,http://dd.eionet.europa.eu/vocabulary/aq/pollutant/7,hour,79.9941500000,µg/m3,2018-04-29 21:00:00 +01:00,2018-04-29 22:00:00 +01:00,1,1
GB,http://environment.data.gov.uk/air-quality/so,GB_Network_1,Station_GB1024A,,GB_SamplingPoint_74174,GB_StationProcess_918,GB_SamplingFeature_918,O3,http://dd.eionet.europa.eu/vocabulary/aq/pollutant/7,hour,81.2225600000,µg/m3,2018-04-29 22:00:00 +01:00,2018-04-29 23:00:00 +01:00,1,1
GB,http://environment.data.gov.uk/air-quality/so,GB_Network_1,Station_GB1024A,,GB_SamplingPoint_74174,GB_StationProcess_918,GB_SamplingFeature_918,O3,http://dd.eionet.europa.eu/vocabulary/aq/pollutant/7,hour,82.6966500000,µg/m3,2018-04-29 23:00:00 +01:00,2018-04-30 00:00:00 +01:00,1,1
GB,http://environment.data.gov.uk/air-quality/so,GB_Network_1,Station_GB1024A,,GB_SamplingPoint_74174,GB_StationProcess_918,GB_SamplingFeature_918,O3,http://dd.eionet.europa.eu/vocabulary/aq/pollutant/7,hour,80.3872400000,µg/m3,2018-04-30 00:00:00 +01:00,2018-04-30 01:00:00 +01:00,1,1
GB,http://environment.data.gov.uk/air-quality/so,GB_Network_1,Station_GB1024A,,GB_SamplingPoint_74174,GB_StationProcess_918,GB_SamplingFeature_918,O3,http://dd.eionet.europa.eu/vocabulary/aq/pollutant/7,hour,82.7705500000,µg/m3,2018-04-30 01:00:00 +01:00,2018-04-30 02:00:00 +01:00,1,1
GB,http://environment.data.gov.uk/air-quality/so,GB_Network_1,Station_GB1024A,,GB_SamplingPoint_74174,GB_StationProcess_918,GB_SamplingFeature_918,O3,http://dd.eionet.europa.eu/vocabulary/aq/pollutant/7,hour,83.4903000000,µg/m3,2018-04-30 02:00:00 +01:00,2018-04-30 03:00:00 +01:00,1,1
GB,http://environment.data.gov.uk/air-quality/so,GB_Network_1,Station_GB1024A,,GB_SamplingPoint_74174,GB_StationProcess_918,GB_SamplingFeature_918,O3,http://dd.eionet.europa.eu/vocabulary/aq/pollutant/7,hour,86.0748300000,µg/m3,2018-04-30 03:00:00 +01:00,2018-04-30 04:00:00 +01:00,1,1
GB,http://environment.data.gov.uk/air-quality/so,GB_Network_1,Station_GB1024A,,GB_SamplingPoint_74174,GB_StationProcess_918,GB_SamplingFeature_918,O3,http://dd.eionet.europa.eu/vocabulary/aq/pollutant/7,hour,85.6331700000,µg/m3,2018-04-30 04:00:00 +01:00,2018-04-30 05:00:00 +01:00,1,1
GB,http://environment.data.gov.uk/air-quality/so,GB_Network_1,Station_GB1024A,,GB_SamplingPoint_74174,GB_StationProcess_918,GB_SamplingFeature_918,O3,http://dd.eionet.europa.eu/vocabulary/aq/pollutant/7,hour,74.7879400000,µg/m3,2018-04-30 07:00:00 +01:00,2018-04-30 08:00:00 +01:00,1,1
GB,http://environment.data.gov.uk/air-quality/so,GB_Network_1,Station_GB1024A,,GB_SamplingPoint_74174,GB_StationProcess_918,GB_SamplingFeature_918,O3,http://dd.eionet.europa.eu/vocabulary/aq/pollutant/7,hour,70.0278100000,µg/m3,2018-04-30 10:00:00 +01:00,2018-04-30 11:00:00 +01:00,1,1
GB,http://environment.data.gov.uk/air-quality/so,GB_Network_1,Station_GB1024A,,GB_SamplingPoint_74174,GB_StationProcess_918,GB_SamplingFeature_918,O3,http://dd.eionet.europa.eu/vocabulary/aq/pollutant/7,hour,71.3037300000,µg/m3,2018-04-30 11:00:00 +01:00,2018-04-30 12:00:00 +01:00,1,1
GB,http://environment.data.gov.uk/air-quality/so,GB_Network_1,Station_GB1024A,,GB_SamplingPoint_74174,GB_StationProcess_918,GB_SamplingFeature_918,O3,http://dd.eionet.europa.eu/vocabulary/aq/pollutant/7,hour,70.0278100000,µg/m3,2018-04-30 12:00:00 +01:00,2018-04-30 13:00:00 +01:00,1,1
GB,http://environment.data.gov.uk/air-quality/so,GB_Network_1,Station_GB1024A,,GB_SamplingPoint_74174,GB_StationProcess_918,GB_SamplingFeature_918,O3,http://dd.eionet.europa.eu/vocabulary/aq/pollutant/7,hour,70.4204000000,µg/m3,2018-04-30 13:00:00 +01:00,2018-04-30 14:00:00 +01:00,1,1
GB,http://environment.data.gov.uk/air-quality/so,GB_Network_1,Station_GB1024A,,GB_SamplingPoint_74174,GB_StationProcess_918,GB_SamplingFeature_918,O3,http://dd.eionet.europa.eu/vocabulary/aq/pollutant/7,hour,61.3418100000,µg/m3,2018-04-30 18:00:00 +01:00,2018-04-30 19:00:00 +01:00,1,1
GB,http://environment.data.gov.uk/air-quality/so,GB_Network_1,Station_GB1024A,,GB_SamplingPoint_74174,GB_StationProcess_918,GB_SamplingFeature_918,O3,http://dd.eionet.europa.eu/vocabulary/aq/pollutant/7,hour,60.3112700000,µg/m3,2018-04-30 20:00:00 +01:00,2018-04-30 21:00:00 +01:00,1,1
GB,http://environment.data.gov.uk/air-quality/so,GB_Network_1,Station_GB1024A,,GB_SamplingPoint_74174,GB_StationProcess_918,GB_SamplingFeature_918,O3,http://dd.eionet.europa.eu/vocabulary/aq/pollutant/7,hour,55.8455900000,µg/m3,2018-04-30 21:00:00 +01:00,2018-04-30 22:00:00 +01:00,1,1
GB,http://environment.data.gov.uk/air-quality/so,GB_Network_1,Station_GB1024A,,GB_SamplingPoint_74174,GB_StationProcess_918,GB_SamplingFeature_918,O3,http://dd.eionet.europa.eu/vocabulary/aq/pollutant/7,hour,20.2673400000,µg/m3,2018-04-30 23:00:00 +01:00,2018-05-01 00:00:00 +01:00,1,1
GB,http://environment.data.gov.uk/air-quality/so,GB_Network_1,Station_GB1024A,,GB_SamplingPoint_74174,GB_StationProcess_918,GB_SamplingFeature_918,O3,http://dd.eionet.europa.eu/vocabulary/aq/pollutant/7,hour,32.0449600000,µg/m3,2018-05-01 00:00:00 +01:00,2018-05-01 01:00:00 +01:00,1,1
GB,http://environment.data.gov.uk/air-quality/so,GB_Network_1,Station_GB1024A,,GB_SamplingPoint_74174,GB_StationProcess_918,GB_SamplingFeature_918,O3,http://dd.eionet.europa.eu/vocabulary/aq/pollutant/7,hour,54.6303100000,µg/m3,2018-05-01 02:00:00 +01:00,2018-05-01 03:00:00 +01:00,1,1
GB,http://environment.data.gov.uk/air-quality/so,GB_Network_1,Station_GB1024A,,GB_SamplingPoint_74174,GB_StationProcess_918,GB_SamplingFeature_918,O3,http://dd.eionet.europa.eu/vocabulary/aq/pollutant/7,hour,55.2837800000,µg/m3,2018-05-01 03:00:00 +01:00,2018-05-01 04:00:00 +01:00,1,1
GB,http://environment.data.gov.uk/air-quality/so,GB_Network_1,Station_GB1024A,,GB_SamplingPoint_74174,GB_StationProcess_918,GB_SamplingFeature_918,O3,http://dd.eionet.europa.eu/vocabulary/aq/pollutant/7,hour,48.9614400000,µg/m3,2018-05-01 05:00:00 +01:00,2018-05-01 06:00:00 +01:00,1,1
GB,http://environment.data.gov.uk/air-quality/so,GB_Network_1,Station_GB1024A,,GB_SamplingPoint_74174,GB_StationProcess_918,GB_SamplingFeature_918,O3,http://dd.eionet.europa.eu/vocabulary/aq/pollutant/7,hour,38.3751800000,µg/m3,2018-05-01 06:00:00 +01:00,2018-05-01 07:00:00 +01:00,1,1
GB,http://environment.data.gov.uk/air-quality/so,GB_Network_1,Station_GB1024A,,GB_SamplingPoint_74174,GB_StationProcess_918,GB_SamplingFeature_918,O3,http://dd.eionet.europa.eu/vocabulary/aq/pollutant/7,hour,33.1800700000,µg/m3,2018-05-01 08:00:00 +01:00,2018-05-01 09:00:00 +01:00,1,1
GB,http://environment.data.gov.uk/air-quality/so,GB_Network_1,Station_GB1024A,,GB_SamplingPoint_74174,GB_StationProcess_918,GB_SamplingFeature_918,O3,http://dd.eionet.europa.eu/vocabulary/aq/pollutant/7,hour,63.7625900000,µg/m3,2018-05-01 10:00:00 +01:00,2018-05-01 11:00:00 +01:00,1,1
GB,http://environment.data.gov.uk/air-quality/so,GB_Network_1,Station_GB1024A,,GB_SamplingPoint_74174,GB_StationProcess_918,GB_SamplingFeature_918,O3,http://dd.eionet.europa.eu/vocabulary/aq/pollutant/7,hour,75.0840100000,µg/m3,2018-05-01 12:00:00 +01:00,2018-05-01 13:00:00 +01:00,1,1
GB,http://environment.data.gov.uk/air-quality/so,GB_Network_1,Station_GB1024A,,GB_SamplingPoint_74174,GB_StationProcess_918,GB_SamplingFeature_918,O3,http://dd.eionet.europa.eu/vocabulary/aq/pollutant/7,hour,82.2395300000,µg/m3,2018-05-01 13:00:00 +01:00,2018-05-01 14:00:00 +01:00,1,1
GB,http://environment.data.gov.uk/air-quality/so,GB_Network_1,Station_GB1024A,,GB_SamplingPoint_74174,GB_StationProcess_918,GB_SamplingFeature_918,O3,http://dd.eionet.europa.eu/vocabulary/aq/pollutant/7,hour,84.4940100000,µg/m3,2018-05-01 14:00:00 +01:00,2018-05-01 15:00:00 +01:00,1,1
GB,http://environment.data.gov.uk/air-quality/so,GB_Network_1,Station_GB1024A,,GB_SamplingPoint_74174,GB_StationProcess_918,GB_SamplingFeature_918,O3,http://dd.eionet.europa.eu/vocabulary/aq/pollutant/7,hour,88.2188100000,µg/m3,2018-05-01 15:00:00 +01:00,2018-05-01 16:00:00 +01:00,1,1
GB,http://environment.data.gov.uk/air-quality/so,GB_Network_1,Station_GB1024A,,GB_SamplingPoint_74174,GB_StationProcess_918,GB_SamplingFeature_918,O3,http://dd.eionet.europa.eu/vocabulary/aq/pollutant/7,hour,78.9558300000,µg/m3,2018-05-01 20:00:00 +01:00,2018-05-01 21:00:00 +01:00,1,1
GB,http://environment.data.gov.uk/air-quality/so,GB_Network_1,Station_GB1024A,,GB_SamplingPoint_74174,GB_StationProcess_918,GB_SamplingFeature_918,O3,http://dd.eionet.europa.eu/vocabulary/aq/pollutant/7,hour,74.4468700000,µg/m3,2018-05-01 21:00:00 +01:00,2018-05-01 22:00:00 +01:00,1,1
GB,http://environment.data.gov.uk/air-quality/so,GB_Network_1,Station_GB1024A,,GB_SamplingPoint_74174,GB_StationProcess_918,GB_SamplingFeature_918,O3,http://dd.eionet.europa.eu/vocabulary/aq/pollutant/7,hour,66.0170700000,µg/m3,2018-05-01 22:00:00 +01:00,2018-05-01 23:00:00 +01:00,1,1
GB,http://environment.data.gov.uk/air-quality/so,GB_Network_1,Station_GB1024A,,GB_SamplingPoint_74174,GB_StationProcess_918,GB_SamplingFeature_918,O3,http://dd.eionet.europa.eu/vocabulary/aq/pollutant/7,hour,66.1641000000,µg/m3,2018-05-01 23:00:00 +01:00,2018-05-02 00:00:00 +01:00,1,1
GB,http://environment.data.gov.uk/air-quality/so,GB_Network_1,Station_GB1024A,,GB_SamplingPoint_74174,GB_StationProcess_918,GB_SamplingFeature_918,O3,http://dd.eionet.europa.eu/vocabulary/aq/pollutant/7,hour,80.1432800000,µg/m3,2018-05-02 02:00:00 +01:00,2018-05-02 03:00:00 +01:00,1,1
GB,http://environment.data.gov.uk/air-quality/so,GB_Network_1,Station_GB1024A,,GB_SamplingPoint_74174,GB_StationProcess_918,GB_SamplingFeature_918,O3,http://dd.eionet.europa.eu/vocabulary/aq/pollutant/7,hour,80.8611800000,µg/m3,2018-05-02 03:00:00 +01:00,2018-05-02 04:00:00 +01:00,1,1
GB,http://environment.data.gov.uk/air-quality/so,GB_Network_1,Station_GB1024A,,GB_SamplingPoint_74174,GB_StationProcess_918,GB_SamplingFeature_918,O3,http://dd.eionet.europa.eu/vocabulary/aq/pollutant/7,hour,82.0848600000,µg/m3,2018-05-02 05:00:00 +01:00,2018-05-02 06:00:00 +01:00,1,1
GB,http://environment.data.gov.uk/air-quality/so,GB_Network_1,Station_GB1024A,,GB_SamplingPoint_74174,GB_StationProcess_918,GB_SamplingFeature_918,O3,http://dd.eionet.europa.eu/vocabulary/aq/pollutant/7,hour,80.2248600000,µg/m3,2018-05-02 06:00:00 +01:00,2018-05-02 07:00:00 +01:00,1,1
GB,http://environment.data.gov.uk/air-quality/so,GB_Network_1,Station_GB1024A,,GB_SamplingPoint_74174,GB_StationProcess_918,GB_SamplingFeature_918,O3,http://dd.eionet.europa.eu/vocabulary/aq/pollutant/7,hour,57.4643000000,µg/m3,2018-05-02 08:00:00 +01:00,2018-05-02 09:00:00 +01:00,1,1
GB,http://environment.data.gov.uk/air-quality/so,GB_Network_1,Station_GB1024A,,GB_SamplingPoint_74174,GB_StationProcess_918,GB_SamplingFeature_918,O3,http://dd.eionet.europa.eu/vocabulary/aq/pollutant/7,hour,59.1774600000,µg/m3,2018-05-02 09:00:00 +01:00,2018-05-02 10:00:00 +01:00,1,1
GB,http://environment.data.gov.uk/air-quality/so,GB_Network_1,Station_GB1024A,,GB_SamplingPoint_74174,GB_StationProcess_918,GB_SamplingFeature_918,O3,http://dd.eionet.europa.eu/vocabulary/aq/pollutant/7,hour,65.1979900000,µg/m3,2018-05-02 11:00:00 +01:00,2018-05-02 12:00:00 +01:00,1,1
GB,http://environment.data.gov.uk/air-quality/so,GB_Network_1,Station_GB1024A,,GB_SamplingPoint_74174,GB_StationProcess_918,GB_SamplingFeature_918,O3,http://dd.eionet.europa.eu/vocabulary/aq/pollutant/7,hour,60.1074600000,µg/m3,2018-05-02 14:00:00 +01:00,2018-05-02 15:00:00 +01:00,1,1
GB,http://environment.data.gov.uk/air-quality/so,GB_Network_1,Station_GB1024A,,GB_SamplingPoint_74174,GB_StationProcess_918,GB_SamplingFeature_918,O3,http://dd.eionet.europa.eu/vocabulary/aq/pollutant/7,hour,73.2743200000,µg/m3,2018-05-02 15:00:00 +01:00,2018-05-02 16:00:00 +01:00,1,1
GB,http://environment.data.gov.uk/air-quality/so,GB_Network_1,Station_GB1024A,,GB_SamplingPoint_74174,GB_StationProcess_918,GB_SamplingFeature_918,O3,http://dd.eionet.europa.eu/vocabulary/aq/pollutant/7,hour,70.4353700000,µg/m3,2018-05-02 16:00:00 +01:00,2018-05-02 17:00:00 +01:00,1,1
GB,http://environment.data.gov.uk/air-quality/so,GB_Network_1,Station_GB1024A,,GB_SamplingPoint_74174,GB_StationProcess_918,GB_SamplingFeature_918,O3,http://dd.eionet.europa.eu/vocabulary/aq/pollutant/7,hour,71.2185300000,µg/m3,2018-05-02 17:00:00 +01:00,2018-05-02 18:00:00 +01:00,1,1
GB,http://environment.data.gov.uk/air-quality/so,GB_Network_1,Station_GB1024A,,GB_SamplingPoint_74174,GB_StationProcess_918,GB_SamplingFeature_918,O3,http://dd.eionet.europa.eu/vocabulary/aq/pollutant/7,hour,62.1143100000,µg/m3,2018-05-02 20:00:00 +01:00,2018-05-02 21:00:00 +01:00,1,1
GB,http://environment.data.gov.uk/air-quality/so,GB_Network_1,Station_GB1024A,,GB_SamplingPoint_74174,GB_StationProcess_918,GB_SamplingFeature_918,O3,http://dd.eionet.europa.eu/vocabulary/aq/pollutant/7,hour,39.8921700000,µg/m3,2018-05-02 22:00:00 +01:00,2018-05-02 23:00:00 +01:00,1,1
GB,http://environment.data.gov.uk/air-quality/so,GB_Network_1,Station_GB1024A,,GB_SamplingPoint_74174,GB_StationProcess_918,GB_SamplingFeature_918,O3,http://dd.eionet.europa.eu/vocabulary/aq/pollutant/7,hour,26.5784600000,µg/m3,2018-05-03 00:00:00 +01:00,2018-05-03 01:00:00 +01:00,1,1
GB,http://environment.data.gov.uk/air-quality/so,GB_Network_1,Station_GB1024A,,GB_SamplingPoint_74174,GB_StationProcess_918,GB_SamplingFeature_918,O3,http://dd.eionet.europa.eu/vocabulary/aq/pollutant/7,hour,34.0724500000,µg/m3,2018-05-03 03:00:00 +01:00,2018-05-03 04:00:00 +01:00,1,1
GB,http://environment.data.gov.uk/air-quality/so,GB_Network_1,Station_GB1024A,,GB_SamplingPoint_74174,GB_StationProcess_918,GB_SamplingFeature_918,O3,http://dd.eionet.europa.eu/vocabulary/aq/pollutant/7,hour,32.0681900000,µg/m3,2018-05-03 04:00:00 +01:00,2018-05-03 05:00:00 +01:00,1,1
GB,http://environment.data.gov.uk/air-quality/so,GB_Network_1,Station_GB1024A,,GB_SamplingPoint_74174,GB_StationProcess_918,GB_SamplingFeature_918,O3,http://dd.eionet.europa.eu/vocabulary/aq/pollutant/7,hour,34.5613000000,µg/m3,2018-05-03 05:00:00 +01:00,2018-05-03 06:00:00 +01:00,1,1
GB,http://environment.data.gov.uk/air-quality/so,GB_Network_1,Station_GB1024A,,GB_SamplingPoint_74174,GB_StationProcess_918,GB_SamplingFeature_918,O3,http://dd.eionet.europa.eu/vocabulary/aq/pollutant/7,hour,22.9756900000,µg/m3,2018-05-03 06:00:00 +01:00,2018-05-03 07:00:00 +01:00,1,1
GB,http://environment.data.gov.uk/air-quality/so,GB_Network_1,Station_GB1024A,,GB_SamplingPoint_74174,GB_StationProcess_918,GB_SamplingFeature_918,O3,http://dd.eionet.europa.eu/vocabulary/aq/pollutant/7,hour,19.1138200000,µg/m3,2018-05-03 07:00:00 +01:00,2018-05-03 08:00:00 +01:00,1,1
GB,http://environment.data.gov.uk/air-quality/so,GB_Network_1,Station_GB1024A,,GB_SamplingPoint_74174,GB_StationProcess_918,GB_SamplingFeature_918,O3,http://dd.eionet.europa.eu/vocabulary/aq/pollutant/7,hour,19.2115800000,µg/m3,2018-05-03 08:00:00 +01:00,2018-05-03 09:00:00 +01:00,1,1
GB,http://environment.data.gov.uk/air-quality/so,GB_Network_1,Station_GB1024A,,GB_SamplingPoint_74174,GB_StationProcess_918,GB_SamplingFeature_918,O3,http://dd.eionet.europa.eu/vocabulary/aq/pollutant/7,hour,53.7728800000,µg/m3,2018-05-03 11:00:00 +01:00,2018-05-03 12:00:00 +01:00,1,1
GB,http://environment.data.gov.uk/air-quality/so,GB_Network_1,Station_GB1024A,,GB_SamplingPoint_74174,GB_StationProcess_918,GB_SamplingFeature_918,O3,http://dd.eionet.europa.eu/vocabulary/aq/pollutant/7,hour,65.0163000000,µg/m3,2018-05-03 12:00:00 +01:00,2018-05-03 13:00:00 +01:00,1,1
GB,http://environment.data.gov.uk/air-quality/so,GB_Network_1,Station_GB1024A,,GB_SamplingPoint_74174,GB_StationProcess_918,GB_SamplingFeature_918,O3,http://dd.eionet.europa.eu/vocabulary/aq/pollutant/7,hour,82.5658200000,µg/m3,2018-05-03 18:00:00 +01:00,2018-05-03 19:00:00 +01:00,1,1
GB,http://environment.data.gov.uk/air-quality/so,GB_Network_1,Station_GB1024A,,GB_SamplingPoint_74174,GB_StationProcess_918,GB_SamplingFeature_918,O3,http://dd.eionet.europa.eu/vocabulary/aq/pollutant/7,hour,71.7134700000,µg/m3,2018-05-03 20:00:00 +01:00,2018-05-03 21:00:00 +01:00,1,1
GB,http://environment.data.gov.uk/air-quality/so,GB_Network_1,Station_GB1024A,,GB_SamplingPoint_74174,GB_StationProcess_918,GB_SamplingFeature_918,O3,http://dd.eionet.europa.eu/vocabulary/aq/pollutant/7,hour,60.0789800000,µg/m3,2018-05-03 21:00:00 +01:00,2018-05-03 22:00:00 +01:00,1,1
GB,http://environment.data.gov.uk/air-quality/so,GB_Network_1,Station_GB1024A,,GB_SamplingPoint_74174,GB_StationProcess_918,GB_SamplingFeature_918,O3,http://dd.eionet.europa.eu/vocabulary/aq/pollutant/7,hour,59.5901300000,µg/m3,2018-05-03 22:00:00 +01:00,2018-05-03 23:00:00 +01:00,1,1
GB,http://environment.data.gov.uk/air-quality/so,GB_Network_1,Station_GB1024A,,GB_SamplingPoint_74174,GB_StationProcess_918,GB_SamplingFeature_918,O3,http://dd.eionet.europa.eu/vocabulary/aq/pollutant/7,hour,48.6400200000,µg/m3,2018-05-03 23:00:00 +01:00,2018-05-04 00:00:00 +01:00,1,1
GB,http://environment.data.gov.uk/air-quality/so,GB_Network_1,Station_GB1024A,,GB_SamplingPoint_74174,GB_StationProcess_918,GB_SamplingFeature_918,O3,http://dd.eionet.europa.eu/vocabulary/aq/pollutant/7,hour,41.8450800000,µg/m3,2018-05-04 00:00:00 +01:00,2018-05-04 01:00:00 +01:00,1,1
GB,http://environment.data.gov.uk/air-quality/so,GB_Network_1,Station_GB1024A,,GB_SamplingPoint_74174,GB_StationProcess_918,GB_SamplingFeature_918,O3,http://dd.eionet.europa.eu/vocabulary/aq/pollutant/7,hour,46.0223400000,µg/m3,2018-05-04 02:00:00 +01:00,2018-05-04 03:00:00 +01:00,1,1
GB,http://environment.data.gov.uk/air-quality/so,GB_Network_1,Station_GB1024A,,GB_SamplingPoint_74174,GB_StationProcess_918,GB_SamplingFeature_918,O3,http://dd.eionet.europa.eu/vocabulary/aq/pollutant/7,hour,44.1345800000,µg/m3,2018-05-04 03:00:00 +01:00,2018-05-04 04:00:00 +01:00,1,1
GB,http://environment.data.gov.uk/air-quality/so,GB_Network_1,Station_GB1024A,,GB_SamplingPoint_74174,GB_StationProcess_918,GB_SamplingFeature_918,O3,http://dd.eionet.europa.eu/vocabulary/aq/pollutant/7,hour,32.1733300000,µg/m3,2018-05-04 04:00:00 +01:00,2018-05-04 05:00:00 +01:00,1,1
GB,http://environment.data.gov.uk/air-quality/so,GB_Network_1,Station_GB1024A,,GB_SamplingPoint_74174,GB_StationProcess_918,GB_SamplingFeature_918,O3,http://dd.eionet.europa.eu/vocabulary/aq/pollutant/7,hour,11.0336500000,µg/m3,2018-05-04 06:00:00 +01:00,2018-05-04 07:00:00 +01:00,1,1
GB,http://environment.data.gov.uk/air-quality/so,GB_Network_1,Station_GB1024A,,GB_SamplingPoint_74174,GB_StationProcess_918,GB_SamplingFeature_918,O3,http://dd.eionet.europa.eu/vocabulary/aq/pollutant/7,hour,34.1261900000,µg/m3,2018-05-04 07:00:00 +01:00,2018-05-04 08:00:00 +01:00,1,1
GB,http://environment.data.gov.uk/air-quality/so,GB_Network_1,Station_GB1024A,,GB_SamplingPoint_74174,GB_StationProcess_918,GB_SamplingFeature_918,O3,http://dd.eionet.europa.eu/vocabulary/aq/pollutant/7,hour,44.0857600000,µg/m3,2018-05-04 08:00:00 +01:00,2018-05-04 09:00:00 +01:00,1,1
GB,http://environment.data.gov.uk/air-quality/so,GB_Network_1,Station_GB1024A,,GB_SamplingPoint_74174,GB_StationProcess_918,GB_SamplingFeature_918,O3,http://dd.eionet.europa.eu/vocabulary/aq/pollutant/7,hour,77.3331500000,µg/m3,2018-05-04 12:00:00 +01:00,2018-05-04 13:00:00 +01:00,1,1
GB,http://environment.data.gov.uk/air-quality/so,GB_Network_1,Station_GB1024A,,GB_SamplingPoint_74174,GB_StationProcess_918,GB_SamplingFeature_918,O3,http://dd.eionet.europa.eu/vocabulary/aq/pollutant/7,hour,76.6984800000,µg/m3,2018-05-04 13:00:00 +01:00,2018-05-04 14:00:00 +01:00,1,1
GB,http://environment.data.gov.uk/air-quality/so,GB_Network_1,Station_GB1024A,,GB_SamplingPoint_74174,GB_StationProcess_918,GB_SamplingFeature_918,O3,http://dd.eionet.europa.eu/vocabulary/aq/pollutant/7,hour,72.9880500000,µg/m3,2018-05-04 14:00:00 +01:00,2018-05-04 15:00:00 +01:00,1,1
GB,http://environment.data.gov.uk/air-quality/so,GB_Network_1,Station_GB1024A,,GB_SamplingPoint_74174,GB_StationProcess_918,GB_SamplingFeature_918,O3,http://dd.eionet.europa.eu/vocabulary/aq/pollutant/7,hour,75.0385500000,µg/m3,2018-05-04 15:00:00 +01:00,2018-05-04 16:00:00 +01:00,1,1
GB,http://environment.data.gov.uk/air-quality/so,GB_Network_1,Station_GB1024A,,GB_SamplingPoint_74174,GB_StationProcess_918,GB_SamplingFeature_918,O3,http://dd.eionet.europa.eu/vocabulary/aq/pollutant/7,hour,69.4240800000,µg/m3,2018-05-04 16:00:00 +01:00,2018-05-04 17:00:00 +01:00,1,1
GB,http://environment.data.gov.uk/air-quality/so,GB_Network_1,Station_GB1024A,,GB_SamplingPoint_74174,GB_StationProcess_918,GB_SamplingFeature_918,O3,http://dd.eionet.europa.eu/vocabulary/aq/pollutant/7,hour,60.6850400000,µg/m3,2018-05-04 19:00:00 +01:00,2018-05-04 20:00:00 +01:00,1,1
GB,http://environment.data.gov.uk/air-quality/so,GB_Network_1,Station_GB1024A,,GB_SamplingPoint_74174,GB_StationProcess_918,GB_SamplingFeature_918,O3,http://dd.eionet.europa.eu/vocabulary/aq/pollutant/7,hour,62.8331900000,µg/m3,2018-05-04 20:00:00 +01:00,2018-05-04 21:00:00 +01:00,1,1
GB,http://environment.data.gov.uk/air-quality/so,GB_Network_1,Station_GB1024A,,GB_SamplingPoint_74174,GB_StationProcess_918,GB_SamplingFeature_918,O3,http://dd.eionet.europa.eu/vocabulary/aq/pollutant/7,hour,48.4308600000,µg/m3,2018-05-04 21:00:00 +01:00,2018-05-04 22:00:00 +01:00,1,1
GB,http://environment.data.gov.uk/air-quality/so,GB_Network_1,Station_GB1024A,,GB_SamplingPoint_74174,GB_StationProcess_918,GB_SamplingFeature_918,O3,http://dd.eionet.europa.eu/vocabulary/aq/pollutant/7,hour,59.6109700000,µg/m3,2018-05-04 22:00:00 +01:00,2018-05-04 23:00:00 +01:00,1,1
GB,http://environment.data.gov.uk/air-quality/so,GB_Network_1,Station_GB1024A,,GB_SamplingPoint_74174,GB_StationProcess_918,GB_SamplingFeature_918,O3,http://dd.eionet.europa.eu/vocabulary/aq/pollutant/7,hour,34.9561500000,µg/m3,2018-05-04 23:00:00 +01:00,2018-05-05 00:00:00 +01:00,1,1
GB,http://environment.data.gov.uk/air-quality/so,GB_Network_1,Station_GB1024A,,GB_SamplingPoint_74174,GB_StationProcess_918,GB_SamplingFeature_918,O3,http://dd.eionet.europa.eu/vocabulary/aq/pollutant/7,hour,23.2390000000,µg/m3,2018-05-05 00:00:00 +01:00,2018-05-05 01:00:00 +01:00,1,1
GB,http://environment.data.gov.uk/air-quality/so,GB_Network_1,Station_GB1024A,,GB_SamplingPoint_74174,GB_StationProcess_918,GB_SamplingFeature_918,O3,http://dd.eionet.europa.eu/vocabulary/aq/pollutant/7,hour,19.3083400000,µg/m3,2018-05-05 01:00:00 +01:00,2018-05-05 02:00:00 +01:00,1,1
GB,http://environment.data.gov.uk/air-quality/so,GB_Network_1,Station_GB1024A,,GB_SamplingPoint_74174,GB_StationProcess_918,GB_SamplingFeature_918,O3,http://dd.eionet.europa.eu/vocabulary/aq/pollutant/7,hour,5.0221200000,µg/m3,2018-05-05 03:00:00 +01:00,2018-05-05 04:00:00 +01:00,2,1
GB,http://environment.data.gov.uk/air-quality/so,GB_Network_1,Station_GB1024A,,GB_SamplingPoint_74174,GB_StationProcess_918,GB_SamplingFeature_918,O3,http://dd.eionet.europa.eu/vocabulary/aq/pollutant/7,hour,0.6338600000,µg/m3,2018-05-05 04:00:00 +01:00,2018-05-05 05:00:00 +01:00,2,1
GB,http://environment.data.gov.uk/air-quality/so,GB_Network_1,Station_GB1024A,,GB_SamplingPoint_74174,GB_StationProcess_918,GB_SamplingFeature_918,O3,http://dd.eionet.europa.eu/vocabulary/aq/pollutant/7,hour,0.9264100000,µg/m3,2018-05-05 05:00:00 +01:00,2018-05-05 06:00:00 +01:00,2,1
GB,http://environment.data.gov.uk/air-quality/so,GB_Network_1,Station_GB1024A,,GB_SamplingPoint_74174,GB_StationProcess_918,GB_SamplingFeature_918,O3,http://dd.eionet.europa.eu/vocabulary/aq/pollutant/7,hour,13.7986400000,µg/m3,2018-05-05 07:00:00 +01:00,2018-05-05 08:00:00 +01:00,1,1
GB,http://environment.data.gov.uk/air-quality/so,GB_Network_1,Station_GB1024A,,GB_SamplingPoint_74174,GB_StationProcess_918,GB_SamplingFeature_918,O3,http://dd.eionet.europa.eu/vocabulary/aq/pollutant/7,hour,70.0658700000,µg/m3,2018-05-05 09:00:00 +01:00,2018-05-05 10:00:00 +01:00,1,1
GB,http://environment.data.gov.uk/air-quality/so,GB_Network_1,Station_GB1024A,,GB_SamplingPoint_74174,GB_StationProcess_918,GB_SamplingFeature_918,O3,http://dd.eionet.europa.eu/vocabulary/aq/pollutant/7,hour,83.4256800000,µg/m3,2018-05-05 10:00:00 +01:00,2018-05-05 11:00:00 +01:00,1,1
GB,http://environment.data.gov.uk/air-quality/so,GB_Network_1,Station_GB1024A,,GB_SamplingPoint_74174,GB_StationProcess_918,GB_SamplingFeature_918,O3,http://dd.eionet.europa.eu/vocabulary/aq/pollutant/7,hour,89.5204800000,µg/m3,2018-05-05 11:00:00 +01:00,2018-05-05 12:00:00 +01:00,1,1
GB,http://environment.data.gov.uk/air-quality/so,GB_Network_1,Station_GB1024A,,GB_SamplingPoint_74174,GB_StationProcess_918,GB_SamplingFeature_918,O3,http://dd.eionet.europa.eu/vocabulary/aq/pollutant/7,hour,97.1755500000,µg/m3,2018-05-05 12:00:00 +01:00,2018-05-05 13:00:00 +01:00,1,1
GB,http://environment.data.gov.uk/air-quality/so,GB_Network_1,Station_GB1024A,,GB_SamplingPoint_74174,GB_StationProcess_918,GB_SamplingFeature_918,O3,http://dd.eionet.europa.eu/vocabulary/aq/pollutant/7,hour,107.6098600000,µg/m3,2018-05-05 13:00:00 +01:00,2018-05-05 14:00:00 +01:00,1,1
GB,http://environment.data.gov.uk/air-quality/so,GB_Network_1,Station_GB1024A,,GB_SamplingPoint_74174,GB_StationProcess_918,GB_SamplingFeature_918,O3,http://dd.eionet.europa.eu/vocabulary/aq/pollutant/7,hour,109.3651600000,µg/m3,2018-05-05 14:00:00 +01:00,2018-05-05 15:00:00 +01:00,1,1
GB,http://environment.data.gov.uk/air-quality/so,GB_Network_1,Station_GB1024A,,GB_SamplingPoint_74174,GB_StationProcess_918,GB_SamplingFeature_918,O3,http://dd.eionet.europa.eu/vocabulary/aq/pollutant/7,hour,111.5592900000,µg/m3,2018-05-05 15:00:00 +01:00,2018-05-05 16:00:00 +01:00,1,1
GB,http://environment.data.gov.uk/air-quality/so,GB_Network_1,Station_GB1024A,,GB_SamplingPoint_74174,GB_StationProcess_918,GB_SamplingFeature_918,O3,http://dd.eionet.europa.eu/vocabulary/aq/pollutant/7,hour,103.0265700000,µg/m3,2018-05-05 16:00:00 +01:00,2018-05-05 17:00:00 +01:00,1,1
GB,http://environment.data.gov.uk/air-quality/so,GB_Network_1,Station_GB1024A,,GB_SamplingPoint_74174,GB_StationProcess_918,GB_SamplingFeature_918,O3,http://dd.eionet.europa.eu/vocabulary/aq/pollutant/7,hour,105.9520700000,µg/m3,2018-05-05 17:00:00 +01:00,2018-05-05 18:00:00 +01:00,1,1
GB,http://environment.data.gov.uk/air-quality/so,GB_Network_1,Station_GB1024A,,GB_SamplingPoint_74174,GB_StationProcess_918,GB_SamplingFeature_918,O3,http://dd.eionet.europa.eu/vocabulary/aq/pollutant/7,hour,99.9060300000,µg/m3,2018-05-05 19:00:00 +01:00,2018-05-05 20:00:00 +01:00,1,1
GB,http://environment.data.gov.uk/air-quality/so,GB_Network_1,Station_GB1024A,,GB_SamplingPoint_74174,GB_StationProcess_918,GB_SamplingFeature_918,O3,http://dd.eionet.europa.eu/vocabulary/aq/pollutant/7,hour,86.5949800000,µg/m3,2018-05-05 20:00:00 +01:00,2018-05-05 21:00:00 +01:00,1,1
GB,http://environment.data.gov.uk/air-quality/so,GB_Network_1,Station_GB1024A,,GB_SamplingPoint_74174,GB_StationProcess_918,GB_SamplingFeature_918,O3,http://dd.eionet.europa.eu/vocabulary/aq/pollutant/7,hour,80.6464500000,µg/m3,2018-05-05 21:00:00 +01:00,2018-05-05 22:00:00 +01:00,1,1
GB,http://environment.data.gov.uk/air-quality/so,GB_Network_1,Station_GB1024A,,GB_SamplingPoint_74174,GB_StationProcess_918,GB_SamplingFeature_918,O3,http://dd.eionet.europa.eu/vocabulary/aq/pollutant/7,hour,59.8753600000,µg/m3,2018-05-05 22:00:00 +01:00,2018-05-05 23:00:00 +01:00,1,1
GB,http://environment.data.gov.uk/air-quality/so,GB_Network_1,Station_GB1024A,,GB_SamplingPoint_74174,GB_StationProcess_918,GB_SamplingFeature_918,O3,http://dd.eionet.europa.eu/vocabulary/aq/pollutant/7,hour,53.5367600000,µg/m3,2018-05-05 23:00:00 +01:00,2018-05-06 00:00:00 +01:00,1,1
GB,http://environment.data.gov.uk/air-quality/so,GB_Network_1,Station_GB1024A,,GB_SamplingPoint_74174,GB_StationProcess_918,GB_SamplingFeature_918,O3,http://dd.eionet.europa.eu/vocabulary/aq/pollutant/7,hour,48.7096700000,µg/m3,2018-05-06 00:00:00 +01:00,2018-05-06 01:00:00 +01:00,1,1
GB,http://environment.data.gov.uk/air-quality/so,GB_Network_1,Station_GB1024A,,GB_SamplingPoint_74174,GB_StationProcess_918,GB_SamplingFeature_918,O3,http://dd.eionet.europa.eu/vocabulary/aq/pollutant/7,hour,39.2160500000,µg/m3,2018-05-06 01:00:00 +01:00,2018-05-06 02:00:00 +01:00,1,1
GB,http://environment.data.gov.uk/air-quality/so,GB_Network_1,Station_GB1024A,,GB_SamplingPoint_74174,GB_StationProcess_918,GB_SamplingFeature_918,O3,http://dd.eionet.europa.eu/vocabulary/aq/pollutant/7,hour,37.4954800000,µg/m3,2018-05-06 03:00:00 +01:00,2018-05-06 04:00:00 +01:00,1,1
GB,http://environment.data.gov.uk/air-quality/so,GB_Network_1,Station_GB1024A,,GB_SamplingPoint_74174,GB_StationProcess_918,GB_SamplingFeature_918,O3,http://dd.eionet.europa.eu/vocabulary/aq/pollutant/7,hour,39.7841700000,µg/m3,2018-05-06 04:00:00 +01:00,2018-05-06 05:00:00 +01:00,1,1
GB,http://environment.data.gov.uk/air-quality/so,GB_Network_1,Station_GB1024A,,GB_SamplingPoint_74174,GB_StationProcess_918,GB_SamplingFeature_918,O3,http://dd.eionet.europa.eu/vocabulary/aq/pollutant/7,hour,42.9493700000,µg/m3,2018-05-06 05:00:00 +01:00,2018-05-06 06:00:00 +01:00,1,1
GB,http://environment.data.gov.uk/air-quality/so,GB_Network_1,Station_GB1024A,,GB_SamplingPoint_74174,GB_StationProcess_918,GB_SamplingFeature_918,O3,http://dd.eionet.europa.eu/vocabulary/aq/pollutant/7,hour,38.3720000000,µg/m3,2018-05-06 06:00:00 +01:00,2018-05-06 07:00:00 +01:00,1,1
GB,http://environment.data.gov.uk/air-quality/so,GB_Network_1,Station_GB1024A,,GB_SamplingPoint_74174,GB_StationProcess_918,GB_SamplingFeature_918,O3,http://dd.eionet.europa.eu/vocabulary/aq/pollutant/7,hour,56.6814800000,µg/m3,2018-05-06 08:00:00 +01:00,2018-05-06 09:00:00 +01:00,1,1
GB,http://environment.data.gov.uk/air-quality/so,GB_Network_1,Station_GB1024A,,GB_SamplingPoint_74174,GB_StationProcess_918,GB_SamplingFeature_918,O3,http://dd.eionet.europa.eu/vocabulary/aq/pollutant/7,hour,57.8014700000,µg/m3,2018-05-06 09:00:00 +01:00,2018-05-06 10:00:00 +01:00,1,1
GB,http://environment.data.gov.uk/air-quality/so,GB_Network_1,Station_GB1024A,,GB_SamplingPoint_74174,GB_StationProcess_918,GB_SamplingFeature_918,O3,http://dd.eionet.europa.eu/vocabulary/aq/pollutant/7,hour,110.6360100000,µg/m3,2018-05-06 12:00:00 +01:00,2018-05-06 13:00:00 +01:00,1,1
GB,http://environment.data.gov.uk/air-quality/so,GB_Network_1,Station_GB1024A,,GB_SamplingPoint_74174,GB_StationProcess_918,GB_SamplingFeature_918,O3,http://dd.eionet.europa.eu/vocabulary/aq/pollutant/7,hour,119.1090200000,µg/m3,2018-05-06 13:00:00 +01:00,2018-05-06 14:00:00 +01:00,1,1
GB,http://environment.data.gov.uk/air-quality/so,GB_Network_1,Station_GB1024A,,GB_SamplingPoint_74174,GB_StationProcess_918,GB_SamplingFeature_918,O3,http://dd.eionet.europa.eu/vocabulary/aq/pollutant/7,hour,121.6898800000,µg/m3,2018-05-06 14:00:00 +01:00,2018-05-06 15:00:00 +01:00,1,1
GB,http://environment.data.gov.uk/air-quality/so,GB_Network_1,Station_GB1024A,,GB_SamplingPoint_74174,GB_StationProcess_918,GB_SamplingFeature_918,O3,http://dd.eionet.europa.eu/vocabulary/aq/pollutant/7,hour,126.3159400000,µg/m3,2018-05-06 15:00:00 +01:00,2018-05-06 16:00:00 +01:00,1,1
GB,http://environment.data.gov.uk/air-quality/so,GB_Network_1,Station_GB1024A,,GB_SamplingPoint_74174,GB_StationProcess_918,GB_SamplingFeature_918,O3,http://dd.eionet.europa.eu/vocabulary/aq/pollutant/7,hour,127.8255000000,µg/m3,2018-05-06 16:00:00 +01:00,2018-05-06 17:00:00 +01:00,1,1
GB,http://environment.data.gov.uk/air-quality/so,GB_Network_1,Station_GB1024A,,GB_SamplingPoint_74174,GB_StationProcess_918,GB_SamplingFeature_918,O3,http://dd.eionet.europa.eu/vocabulary/aq/pollutant/7,hour,129.6272300000,µg/m3,2018-05-06 17:00:00 +01:00,2018-05-06 18:00:00 +01:00,1,1
GB,http://environment.data.gov.uk/air-quality/so,GB_Network_1,Station_GB1024A,,GB_SamplingPoint_74174,GB_StationProcess_918,GB_SamplingFeature_918,O3,http://dd.eionet.europa.eu/vocabulary/aq/pollutant/7,hour,132.2080900000,µg/m3,2018-05-06 18:00:00 +01:00,2018-05-06 19:00:00 +01:00,1,1
GB,http://environment.data.gov.uk/air-quality/so,GB_Network_1,Station_GB1024A,,GB_SamplingPoint_74174,GB_StationProcess_918,GB_SamplingFeature_918,O3,http://dd.eionet.europa.eu/vocabulary/aq/pollutant/7,hour,84.2917900000,µg/m3,2018-05-06 20:00:00 +01:00,2018-05-06 21:00:00 +01:00,1,1
GB,http://environment.data.gov.uk/air-quality/so,GB_Network_1,Station_GB1024A,,GB_SamplingPoint_74174,GB_StationProcess_918,GB_SamplingFeature_918,O3,http://dd.eionet.europa.eu/vocabulary/aq/pollutant/7,hour,88.3335100000,µg/m3,2018-05-06 21:00:00 +01:00,2018-05-06 22:00:00 +01:00,1,1
GB,http://environment.data.gov.uk/air-quality/so,GB_Network_1,Station_GB1024A,,GB_SamplingPoint_74174,GB_StationProcess_918,GB_SamplingFeature_918,O3,http://dd.eionet.europa.eu/vocabulary/aq/pollutant/7,hour,70.3648900000,µg/m3,2018-05-06 23:00:00 +01:00,2018-05-07 00:00:00 +01:00,1,1
GB,http://environment.data.gov.uk/air-quality/so,GB_Network_1,Station_GB1024A,,GB_SamplingPoint_74174,GB_StationProcess_918,GB_SamplingFeature_918,O3,http://dd.eionet.europa.eu/vocabulary/aq/pollutant/7,hour,38.3233000000,µg/m3,2018-05-07 00:00:00 +01:00,2018-05-07 01:00:00 +01:00,1,1
GB,http://environment.data.gov.uk/air-quality/so,GB_Network_1,Station_GB1024A,,GB_SamplingPoint_74174,GB_StationProcess_918,GB_SamplingFeature_918,O3,http://dd.eionet.europa.eu/vocabulary/aq/pollutant/7,hour,16.6647100000,µg/m3,2018-05-07 02:00:00 +01:00,2018-05-07 03:00:00 +01:00,1,1
GB,http://environment.data.gov.uk/air-quality/so,GB_Network_1,Station_GB1024A,,GB_SamplingPoint_74174,GB_StationProcess_918,GB_SamplingFeature_918,O3,http://dd.eionet.europa.eu/vocabulary/aq/pollutant/7,hour,10.2614400000,µg/m3,2018-05-07 03:00:00 +01:00,2018-05-07 04:00:00 +01:00,1,1
GB,http://environment.data.gov.uk/air-quality/so,GB_Network_1,Station_GB1024A,,GB_SamplingPoint_74174,GB_StationProcess_918,GB_SamplingFeature_918,O3,http://dd.eionet.europa.eu/vocabulary/aq/pollutant/7,hour,10.2614400000,µg/m3,2018-05-07 05:00:00 +01:00,2018-05-07 06:00:00 +01:00,1,1
GB,http://environment.data.gov.uk/air-quality/so,GB_Network_1,Station_GB1024A,,GB_SamplingPoint_74174,GB_StationProcess_918,GB_SamplingFeature_918,O3,http://dd.eionet.europa.eu/vocabulary/aq/pollutant/7,hour,17.7508400000,µg/m3,2018-05-07 06:00:00 +01:00,2018-05-07 07:00:00 +01:00,1,1
GB,http://environment.data.gov.uk/air-quality/so,GB_Network_1,Station_GB1024A,,GB_SamplingPoint_74174,GB_StationProcess_918,GB_SamplingFeature_918,O3,http://dd.eionet.europa.eu/vocabulary/aq/pollutant/7,hour,28.2554400000,µg/m3,2018-05-07 07:00:00 +01:00,2018-05-07 08:00:00 +01:00,1,1
GB,http://environment.data.gov.uk/air-quality/so,GB_Network_1,Station_GB1024A,,GB_SamplingPoint_74174,GB_StationProcess_918,GB_SamplingFeature_918,O3,http://dd.eionet.europa.eu/vocabulary/aq/pollutant/7,hour,60.0124100000,µg/m3,2018-05-07 08:00:00 +01:00,2018-05-07 09:00:00 +01:00,1,1
GB,http://environment.data.gov.uk/air-quality/so,GB_Network_1,Station_GB1024A,,GB_SamplingPoint_74174,GB_StationProcess_918,GB_SamplingFeature_918,O3,http://dd.eionet.europa.eu/vocabulary/aq/pollutant/7,hour,100.7177500000,µg/m3,2018-05-07 10:00:00 +01:00,2018-05-07 11:00:00 +01:00,1,1
GB,http://environment.data.gov.uk/air-quality/so,GB_Network_1,Station_GB1024A,,GB_SamplingPoint_74174,GB_StationProcess_918,GB_SamplingFeature_918,O3,http://dd.eionet.europa.eu/vocabulary/aq/pollutant/7,hour,113.4594500000,µg/m3,2018-05-07 11:00:00 +01:00,2018-05-07 12:00:00 +01:00,1,1
GB,http://environment.data.gov.uk/air-quality/so,GB_Network_1,Station_GB1024A,,GB_SamplingPoint_74174,GB_StationProcess_918,GB_SamplingFeature_918,O3,http://dd.eionet.europa.eu/vocabulary/aq/pollutant/7,hour,125.7634500000,µg/m3,2018-05-07 12:00:00 +01:00,2018-05-07 13:00:00 +01:00,1,1
GB,http://environment.data.gov.uk/air-quality/so,GB_Network_1,Station_GB1024A,,GB_SamplingPoint_74174,GB_StationProcess_918,GB_SamplingFeature_918,O3,http://dd.eionet.europa.eu/vocabulary/aq/pollutant/7,hour,121.8728600000,µg/m3,2018-05-07 13:00:00 +01:00,2018-05-07 14:00:00 +01:00,1,1
GB,http://environment.data.gov.uk/air-quality/so,GB_Network_1,Station_GB1024A,,GB_SamplingPoint_74174,GB_StationProcess_918,GB_SamplingFeature_918,O3,http://dd.eionet.europa.eu/vocabulary/aq/pollutant/7,hour,128.3409700000,µg/m3,2018-05-07 14:00:00 +01:00,2018-05-07 15:00:00 +01:00,1,1
GB,http://environment.data.gov.uk/air-quality/so,GB_Network_1,Station_GB1024A,,GB_SamplingPoint_74174,GB_StationProcess_918,GB_SamplingFeature_918,O3,http://dd.eionet.europa.eu/vocabulary/aq/pollutant/7,hour,148.2802600000,µg/m3,2018-05-07 15:00:00 +01:00,2018-05-07 16:00:00 +01:00,1,1
GB,http://environment.data.gov.uk/air-quality/so,GB_Network_1,Station_GB1024A,,GB_SamplingPoint_74174,GB_StationProcess_918,GB_SamplingFeature_918,O3,http://dd.eionet.europa.eu/vocabulary/aq/pollutant/7,hour,145.6054800000,µg/m3,2018-05-07 16:00:00 +01:00,2018-05-07 17:00:00 +01:00,1,1
GB,http://environment.data.gov.uk/air-quality/so,GB_Network_1,Station_GB1024A,,GB_SamplingPoint_74174,GB_StationProcess_918,GB_SamplingFeature_918,O3,http://dd.eionet.europa.eu/vocabulary/aq/pollutant/7,hour,120.4625200000,µg/m3,2018-05-07 19:00:00 +01:00,2018-05-07 20:00:00 +01:00,1,1
GB,http://environment.data.gov.uk/air-quality/so,GB_Network_1,Station_GB1024A,,GB_SamplingPoint_74174,GB_StationProcess_918,GB_SamplingFeature_918,O3,http://dd.eionet.europa.eu/vocabulary/aq/pollutant/7,hour,69.3498400000,µg/m3,2018-05-07 21:00:00 +01:00,2018-05-07 22:00:00 +01:00,1,1
GB,http://environment.data.gov.uk/air-quality/so,GB_Network_1,Station_GB1024A,,GB_SamplingPoint_74174,GB_StationProcess_918,GB_SamplingFeature_918,O3,http://dd.eionet.europa.eu/vocabulary/aq/pollutant/7,hour,60.3528400000,µg/m3,2018-05-07 22:00:00 +01:00,2018-05-07 23:00:00 +01:00,1,1
GB,http://environment.data.gov.uk/air-quality/so,GB_Network_1,Station_GB1024A,,GB_SamplingPoint_74174,GB_StationProcess_918,GB_SamplingFeature_918,O3,http://dd.eionet.europa.eu/vocabulary/aq/pollutant/7,hour,39.8299600000,µg/m3,2018-05-07 23:00:00 +01:00,2018-05-08 00:00:00 +01:00,1,1
GB,http://environment.data.gov.uk/air-quality/so,GB_Network_1,Station_GB1024A,,GB_SamplingPoint_74174,GB_StationProcess_918,GB_SamplingFeature_918,O3,http://dd.eionet.europa.eu/vocabulary/aq/pollutant/7,hour,21.5928000000,µg/m3,2018-05-08 00:00:00 +01:00,2018-05-08 01:00:00 +01:00,1,1
GB,http://environment.data.gov.uk/air-quality/so,GB_Network_1,Station_GB1024A,,GB_SamplingPoint_74174,GB_StationProcess_918,GB_SamplingFeature_918,O3,http://dd.eionet.europa.eu/vocabulary/aq/pollutant/7,hour,7.3825500000,µg/m3,2018-05-08 02:00:00 +01:00,2018-05-08 03:00:00 +01:00,1,1
GB,http://environment.data.gov.uk/air-quality/so,GB_Network_1,Station_GB1024A,,GB_SamplingPoint_74174,GB_StationProcess_918,GB_SamplingFeature_918,O3,http://dd.eionet.europa.eu/vocabulary/aq/pollutant/7,hour,4.7598000000,µg/m3,2018-05-08 03:00:00 +01:00,2018-05-08 04:00:00 +01:00,2,1
GB,http://environment.data.gov.uk/air-quality/so,GB_Network_1,Station_GB1024A,,GB_SamplingPoint_74174,GB_StationProcess_918,GB_SamplingFeature_918,O3,http://dd.eionet.europa.eu/vocabulary/aq/pollutant/7,hour,1.6999300000,µg/m3,2018-05-08 04:00:00 +01:00,2018-05-08 05:00:00 +01:00,2,1
GB,http://environment.data.gov.uk/air-quality/so,GB_Network_1,Station_GB1024A,,GB_SamplingPoint_74174,GB_StationProcess_918,GB_SamplingFeature_918,O3,http://dd.eionet.europa.eu/vocabulary/aq/pollutant/7,hour,7.7711100000,µg/m3,2018-05-08 08:00:00 +01:00,2018-05-08 09:00:00 +01:00,1,1
GB,http://environment.data.gov.uk/air-quality/so,GB_Network_1,Station_GB1024A,,GB_SamplingPoint_74174,GB_StationProcess_918,GB_SamplingFeature_918,O3,http://dd.eionet.europa.eu/vocabulary/aq/pollutant/7,hour,16.7564500000,µg/m3,2018-05-08 09:00:00 +01:00,2018-05-08 10:00:00 +01:00,1,1
GB,http://environment.data.gov.uk/air-quality/so,GB_Network_1,Station_GB1024A,,GB_SamplingPoint_74174,GB_StationProcess_918,GB_SamplingFeature_918,O3,http://dd.eionet.europa.eu/vocabulary/aq/pollutant/7,hour,87.9592200000,µg/m3,2018-05-08 10:00:00 +01:00,2018-05-08 11:00:00 +01:00,1,1
GB,http://environment.data.gov.uk/air-quality/so,GB_Network_1,Station_GB1024A,,GB_SamplingPoint_74174,GB_StationProcess_918,GB_SamplingFeature_918,O3,http://dd.eionet.europa.eu/vocabulary/aq/pollutant/7,hour,115.3038100000,µg/m3,2018-05-08 11:00:00 +01:00,2018-05-08 12:00:00 +01:00,1,1
GB,http://environment.data.gov.uk/air-quality/so,GB_Network_1,Station_GB1024A,,GB_SamplingPoint_74174,GB_StationProcess_918,GB_SamplingFeature_918,O3,http://dd.eionet.europa.eu/vocabulary/aq/pollutant/7,hour,126.2804900000,µg/m3,2018-05-08 12:00:00 +01:00,2018-05-08 13:00:00 +01:00,1,1
GB,http://environment.data.gov.uk/air-quality/so,GB_Network_1,Station_GB1024A,,GB_SamplingPoint_74174,GB_StationProcess_918,GB_SamplingFeature_918,O3,http://dd.eionet.europa.eu/vocabulary/aq/pollutant/7,hour,139.0542500000,µg/m3,2018-05-08 13:00:00 +01:00,2018-05-08 14:00:00 +01:00,1,1
GB,http://environment.data.gov.uk/air-quality/so,GB_Network_1,Station_GB1024A,,GB_SamplingPoint_74174,GB_StationProcess_918,GB_SamplingFeature_918,O3,http://dd.eionet.europa.eu/vocabulary/aq/pollutant/7,hour,135.6543900000,µg/m3,2018-05-08 14:00:00 +01:00,2018-05-08 15:00:00 +01:00,1,1
GB,http://environment.data.gov.uk/air-quality/so,GB_Network_1,Station_GB1024A,,GB_SamplingPoint_74174,GB_StationProcess_918,GB_SamplingFeature_918,O3,http://dd.eionet.europa.eu/vocabulary/aq/pollutant/7,hour,128.4175500000,µg/m3,2018-05-08 16:00:00 +01:00,2018-05-08 17:00:00 +01:00,1,1
GB,http://environment.data.gov.uk/air-quality/so,GB_Network_1,Station_GB1024A,,GB_SamplingPoint_74174,GB_StationProcess_918,GB_SamplingFeature_918,O3,http://dd.eionet.europa.eu/vocabulary/aq/pollutant/7,hour,115.5466500000,µg/m3,2018-05-08 17:00:00 +01:00,2018-05-08 18:00:00 +01:00,1,1
GB,http://environment.data.gov.uk/air-quality/so,GB_Network_1,Station_GB1024A,,GB_SamplingPoint_74174,GB_StationProcess_918,GB_SamplingFeature_918,O3,http://dd.eionet.europa.eu/vocabulary/aq/pollutant/7,hour,98.3530800000,µg/m3,2018-05-08 18:00:00 +01:00,2018-05-08 19:00:00 +01:00,1,1
GB,http://environment.data.gov.uk/air-quality/so,GB_Network_1,Station_GB1024A,,GB_SamplingPoint_74174,GB_StationProcess_918,GB_SamplingFeature_918,O3,http://dd.eionet.europa.eu/vocabulary/aq/pollutant/7,hour,72.4170100000,µg/m3,2018-05-08 19:00:00 +01:00,2018-05-08 20:00:00 +01:00,1,1
GB,http://environment.data.gov.uk/air-quality/so,GB_Network_1,Station_GB1024A,,GB_SamplingPoint_74174,GB_StationProcess_918,GB_SamplingFeature_918,O3,http://dd.eionet.europa.eu/vocabulary/aq/pollutant/7,hour,59.2061300000,µg/m3,2018-05-08 20:00:00 +01:00,2018-05-08 21:00:00 +01:00,1,1
GB,http://environment.data.gov.uk/air-quality/so,GB_Network_1,Station_GB1024A,,GB_SamplingPoint_74174,GB_StationProcess_918,GB_SamplingFeature_918,O3,http://dd.eionet.europa.eu/vocabulary/aq/pollutant/7,hour,50.8036200000,µg/m3,2018-05-08 21:00:00 +01:00,2018-05-08 22:00:00 +01:00,1,1
GB,http://environment.data.gov.uk/air-quality/so,GB_Network_1,Station_GB1024A,,GB_SamplingPoint_74174,GB_StationProcess_918,GB_SamplingFeature_918,O3,http://dd.eionet.europa.eu/vocabulary/aq/pollutant/7,hour,54.7377400000,µg/m3,2018-05-08 22:00:00 +01:00,2018-05-08 23:00:00 +01:00,1,1
GB,http://environment.data.gov.uk/air-quality/so,GB_Network_1,Station_GB1024A,,GB_SamplingPoint_74174,GB_StationProcess_918,GB_SamplingFeature_918,O3,http://dd.eionet.europa.eu/vocabulary/aq/pollutant/7,hour,50.5122000000,µg/m3,2018-05-09 00:00:00 +01:00,2018-05-09 01:00:00 +01:00,1,1
GB,http://environment.data.gov.uk/air-quality/so,GB_Network_1,Station_GB1024A,,GB_SamplingPoint_74174,GB_StationProcess_918,GB_SamplingFeature_918,O3,http://dd.eionet.europa.eu/vocabulary/aq/pollutant/7,hour,40.5998700000,µg/m3,2018-05-09 03:00:00 +01:00,2018-05-09 04:00:00 +01:00,1,1
GB,http://environment.data.gov.uk/air-quality/so,GB_Network_1,Station_GB1024A,,GB_SamplingPoint_74174,GB_StationProcess_918,GB_SamplingFeature_918,O3,http://dd.eionet.europa.eu/vocabulary/aq/pollutant/7,hour,34.6335800000,µg/m3,2018-05-09 04:00:00 +01:00,2018-05-09 05:00:00 +01:00,1,1
GB,http://environment.data.gov.uk/air-quality/so,GB_Network_1,Station_GB1024A,,GB_SamplingPoint_74174,GB_StationProcess_918,GB_SamplingFeature_918,O3,http://dd.eionet.europa.eu/vocabulary/aq/pollutant/7,hour,29.4919000000,µg/m3,2018-05-09 05:00:00 +01:00,2018-05-09 06:00:00 +01:00,1,1
GB,http://environment.data.gov.uk/air-quality/so,GB_Network_1,Station_GB1024A,,GB_SamplingPoint_74174,GB_StationProcess_918,GB_SamplingFeature_918,O3,http://dd.eionet.europa.eu/vocabulary/aq/pollutant/7,hour,24.7382700000,µg/m3,2018-05-09 06:00:00 +01:00,2018-05-09 07:00:00 +01:00,1,1
GB,http://environment.data.gov.uk/air-quality/so,GB_Network_1,Station_GB1024A,,GB_SamplingPoint_74174,GB_StationProcess_918,GB_SamplingFeature_918,O3,http://dd.eionet.europa.eu/vocabulary/aq/pollutant/7,hour,32.2567700000,µg/m3,2018-05-09 08:00:00 +01:00,2018-05-09 09:00:00 +01:00,1,1
GB,http://environment.data.gov.uk/air-quality/so,GB_Network_1,Station_GB1024A,,GB_SamplingPoint_74174,GB_StationProcess_918,GB_SamplingFeature_918,O3,http://dd.eionet.europa.eu/vocabulary/aq/pollutant/7,hour,62.7188000000,µg/m3,2018-05-09 10:00:00 +01:00,2018-05-09 11:00:00 +01:00,1,1
GB,http://environment.data.gov.uk/air-quality/so,GB_Network_1,Station_GB1024A,,GB_SamplingPoint_74174,GB_StationProcess_918,GB_SamplingFeature_918,O3,http://dd.eionet.europa.eu/vocabulary/aq/pollutant/7,hour,73.4387200000,µg/m3,2018-05-09 12:00:00 +01:00,2018-05-09 13:00:00 +01:00,1,1
GB,http://environment.data.gov.uk/air-quality/so,GB_Network_1,Station_GB1024A,,GB_SamplingPoint_74174,GB_StationProcess_918,GB_SamplingFeature_918,O3,http://dd.eionet.europa.eu/vocabulary/aq/pollutant/7,hour,94.1994600000,µg/m3,2018-05-09 15:00:00 +01:00,2018-05-09 16:00:00 +01:00,1,1
GB,http://environment.data.gov.uk/air-quality/so,GB_Network_1,Station_GB1024A,,GB_SamplingPoint_74174,GB_StationProcess_918,GB_SamplingFeature_918,O3,http://dd.eionet.europa.eu/vocabulary/aq/pollutant/7,hour,93.1808300000,µg/m3,2018-05-09 16:00:00 +01:00,2018-05-09 17:00:00 +01:00,1,1
GB,http://environment.data.gov.uk/air-quality/so,GB_Network_1,Station_GB1024A,,GB_SamplingPoint_74174,GB_StationProcess_918,GB_SamplingFeature_918,O3,http://dd.eionet.europa.eu/vocabulary/aq/pollutant/7,hour,79.0654600000,µg/m3,2018-05-09 18:00:00 +01:00,2018-05-09 19:00:00 +01:00,1,1
GB,http://environment.data.gov.uk/air-quality/so,GB_Network_1,Station_GB1024A,,GB_SamplingPoint_74174,GB_StationProcess_918,GB_SamplingFeature_918,O3,http://dd.eionet.europa.eu/vocabulary/aq/pollutant/7,hour,65.3866500000,µg/m3,2018-05-09 19:00:00 +01:00,2018-05-09 20:00:00 +01:00,1,1
GB,http://environment.data.gov.uk/air-quality/so,GB_Network_1,Station_GB1024A,,GB_SamplingPoint_74174,GB_StationProcess_918,GB_SamplingFeature_918,O3,http://dd.eionet.europa.eu/vocabulary/aq/pollutant/7,hour,61.5061400000,µg/m3,2018-05-09 20:00:00 +01:00,2018-05-09 21:00:00 +01:00,1,1
GB,http://environment.data.gov.uk/air-quality/so,GB_Network_1,Station_GB1024A,,GB_SamplingPoint_74174,GB_StationProcess_918,GB_SamplingFeature_918,O3,http://dd.eionet.europa.eu/vocabulary/aq/pollutant/7,hour,62.3307500000,µg/m3,2018-05-09 21:00:00 +01:00,2018-05-09 22:00:00 +01:00,1,1
GB,http://environment.data.gov.uk/air-quality/so,GB_Network_1,Station_GB1024A,,GB_SamplingPoint_74174,GB_StationProcess_918,GB_SamplingFeature_918,O3,http://dd.eionet.europa.eu/vocabulary/aq/pollutant/7,hour,57.8196500000,µg/m3,2018-05-09 22:00:00 +01:00,2018-05-09 23:00:00 +01:00,1,1
GB,http://environment.data.gov.uk/air-quality/so,GB_Network_1,Station_GB1024A,,GB_SamplingPoint_74174,GB_StationProcess_918,GB_SamplingFeature_918,O3,http://dd.eionet.europa.eu/vocabulary/aq/pollutant/7,hour,56.1943600000,µg/m3,2018-05-10 04:00:00 +01:00,2018-05-10 05:00:00 +01:00,1,1
GB,http://environment.data.gov.uk/air-quality/so,GB_Network_1,Station_GB1024A,,GB_SamplingPoint_74174,GB_StationProcess_918,GB_SamplingFeature_918,O3,http://dd.eionet.europa.eu/vocabulary/aq/pollutant/7,hour,57.5023300000,µg/m3,2018-05-10 05:00:00 +01:00,2018-05-10 06:00:00 +01:00,1,1
GB,http://environment.data.gov.uk/air-quality/so,GB_Network_1,Station_GB1024A,,GB_SamplingPoint_74174,GB_StationProcess_918,GB_SamplingFeature_918,O3,http://dd.eionet.europa.eu/vocabulary/aq/pollutant/7,hour,61.4262500000,µg/m3,2018-05-10 07:00:00 +01:00,2018-05-10 08:00:00 +01:00,1,1
GB,http://environment.data.gov.uk/air-quality/so,GB_Network_1,Station_GB1024A,,GB_SamplingPoint_74174,GB_StationProcess_918,GB_SamplingFeature_918,O3,http://dd.eionet.europa.eu/vocabulary/aq/pollutant/7,hour,61.8138000000,µg/m3,2018-05-10 08:00:00 +01:00,2018-05-10 09:00:00 +01:00,1,1
GB,http://environment.data.gov.uk/air-quality/so,GB_Network_1,Station_GB1024A,,GB_SamplingPoint_74174,GB_StationProcess_918,GB_SamplingFeature_918,O3,http://dd.eionet.europa.eu/vocabulary/aq/pollutant/7,hour,68.1114400000,µg/m3,2018-05-10 10:00:00 +01:00,2018-05-10 11:00:00 +01:00,1,1
GB,http://environment.data.gov.uk/air-quality/so,GB_Network_1,Station_GB1024A,,GB_SamplingPoint_74174,GB_StationProcess_918,GB_SamplingFeature_918,O3,http://dd.eionet.europa.eu/vocabulary/aq/pollutant/7,hour,89.6203100000,µg/m3,2018-05-10 14:00:00 +01:00,2018-05-10 15:00:00 +01:00,1,1
GB,http://environment.data.gov.uk/air-quality/so,GB_Network_1,Station_GB1024A,,GB_SamplingPoint_74174,GB_StationProcess_918,GB_SamplingFeature_918,O3,http://dd.eionet.europa.eu/vocabulary/aq/pollutant/7,hour,87.7794600000,µg/m3,2018-05-10 17:00:00 +01:00,2018-05-10 18:00:00 +01:00,1,1
GB,http://environment.data.gov.uk/air-quality/so,GB_Network_1,Station_GB1024A,,GB_SamplingPoint_74174,GB_StationProcess_918,GB_SamplingFeature_918,O3,http://dd.eionet.europa.eu/vocabulary/aq/pollutant/7,hour,86.4230500000,µg/m3,2018-05-10 19:00:00 +01:00,2018-05-10 20:00:00 +01:00,1,1
GB,http://environment.data.gov.uk/air-quality/so,GB_Network_1,Station_GB1024A,,GB_SamplingPoint_74174,GB_StationProcess_918,GB_SamplingFeature_918,O3,http://dd.eionet.europa.eu/vocabulary/aq/pollutant/7,hour,14.8366600000,µg/m3,2018-05-11 01:00:00 +01:00,2018-05-11 02:00:00 +01:00,1,1
GB,http://environment.data.gov.uk/air-quality/so,GB_Network_1,Station_GB1024A,,GB_SamplingPoint_74174,GB_StationProcess_918,GB_SamplingFeature_918,O3,http://dd.eionet.europa.eu/vocabulary/aq/pollutant/7,hour,8.7084700000,µg/m3,2018-05-11 02:00:00 +01:00,2018-05-11 03:00:00 +01:00,1,1
GB,http://environment.data.gov.uk/air-quality/so,GB_Network_1,Station_GB1024A,,GB_SamplingPoint_74174,GB_StationProcess_918,GB_SamplingFeature_918,O3,http://dd.eionet.europa.eu/vocabulary/aq/pollutant/7,hour,5.4186100000,µg/m3,2018-05-11 04:00:00 +01:00,2018-05-11 05:00:00 +01:00,2,1
GB,http://environment.data.gov.uk/air-quality/so,GB_Network_1,Station_GB1024A,,GB_SamplingPoint_74174,GB_StationProcess_918,GB_SamplingFeature_918,O3,http://dd.eionet.europa.eu/vocabulary/aq/pollutant/7,hour,6.2894500000,µg/m3,2018-05-11 05:00:00 +01:00,2018-05-11 06:00:00 +01:00,1,1
GB,http://environment.data.gov.uk/air-quality/so,GB_Network_1,Station_GB1024A,,GB_SamplingPoint_74174,GB_StationProcess_918,GB_SamplingFeature_918,O3,http://dd.eionet.europa.eu/vocabulary/aq/pollutant/7,hour,75.0380200000,µg/m3,2018-05-11 10:00:00 +01:00,2018-05-11 11:00:00 +01:00,1,1
GB,http://environment.data.gov.uk/air-quality/so,GB_Network_1,Station_GB1024A,,GB_SamplingPoint_74174,GB_StationProcess_918,GB_SamplingFeature_918,O3,http://dd.eionet.europa.eu/vocabulary/aq/pollutant/7,hour,80.0695800000,µg/m3,2018-05-11 11:00:00 +01:00,2018-05-11 12:00:00 +01:00,1,1
GB,http://environment.data.gov.uk/air-quality/so,GB_Network_1,Station_GB1024A,,GB_SamplingPoint_74174,GB_StationProcess_918,GB_SamplingFeature_918,O3,http://dd.eionet.europa.eu/vocabulary/aq/pollutant/7,hour,85.5849400000,µg/m3,2018-05-11 13:00:00 +01:00,2018-05-11 14:00:00 +01:00,1,1
GB,http://environment.data.gov.uk/air-quality/so,GB_Network_1,Station_GB1024A,,GB_SamplingPoint_74174,GB_StationProcess_918,GB_SamplingFeature_918,O3,http://dd.eionet.europa.eu/vocabulary/aq/pollutant/7,hour,85.4398000000,µg/m3,2018-05-11 15:00:00 +01:00,2018-05-11 16:00:00 +01:00,1,1
GB,http://environment.data.gov.uk/air-quality/so,GB_Network_1,Station_GB1024A,,GB_SamplingPoint_74174,GB_StationProcess_918,GB_SamplingFeature_918,O3,http://dd.eionet.europa.eu/vocabulary/aq/pollutant/7,hour,82.3918400000,µg/m3,2018-05-11 18:00:00 +01:00,2018-05-11 19:00:00 +01:00,1,1
GB,http://environment.data.gov.uk/air-quality/so,GB_Network_1,Station_GB1024A,,GB_SamplingPoint_74174,GB_StationProcess_918,GB_SamplingFeature_918,O3,http://dd.eionet.europa.eu/vocabulary/aq/pollutant/7,hour,80.7952800000,µg/m3,2018-05-11 19:00:00 +01:00,2018-05-11 20:00:00 +01:00,1,1
GB,http://environment.data.gov.uk/air-quality/so,GB_Network_1,Station_GB1024A,,GB_SamplingPoint_74174,GB_StationProcess_918,GB_SamplingFeature_918,O3,http://dd.eionet.europa.eu/vocabulary/aq/pollutant/7,hour,68.3131400000,µg/m3,2018-05-11 21:00:00 +01:00,2018-05-11 22:00:00 +01:00,1,1
GB,http://environment.data.gov.uk/air-quality/so,GB_Network_1,Station_GB1024A,,GB_SamplingPoint_74174,GB_StationProcess_918,GB_SamplingFeature_918,O3,http://dd.eionet.europa.eu/vocabulary/aq/pollutant/7,hour,53.5087300000,µg/m3,2018-05-11 22:00:00 +01:00,2018-05-11 23:00:00 +01:00,1,1
GB,http://environment.data.gov.uk/air-quality/so,GB_Network_1,Station_GB1024A,,GB_SamplingPoint_74174,GB_StationProcess_918,GB_SamplingFeature_918,O3,http://dd.eionet.europa.eu/vocabulary/aq/pollutant/7,hour,59.8949500000,µg/m3,2018-05-12 00:00:00 +01:00,2018-05-12 01:00:00 +01:00,1,1
GB,http://environment.data.gov.uk/air-quality/so,GB_Network_1,Station_GB1024A,,GB_SamplingPoint_74174,GB_StationProcess_918,GB_SamplingFeature_918,O3,http://dd.eionet.europa.eu/vocabulary/aq/pollutant/7,hour,64.1655200000,µg/m3,2018-05-12 02:00:00 +01:00,2018-05-12 03:00:00 +01:00,1,1
GB,http://environment.data.gov.uk/air-quality/so,GB_Network_1,Station_GB1024A,,GB_SamplingPoint_74174,GB_StationProcess_918,GB_SamplingFeature_918,O3,http://dd.eionet.europa.eu/vocabulary/aq/pollutant/7,hour,27.2027000000,µg/m3,2018-05-12 04:00:00 +01:00,2018-05-12 05:00:00 +01:00,1,1
GB,http://environment.data.gov.uk/air-quality/so,GB_Network_1,Station_GB1024A,,GB_SamplingPoint_74174,GB_StationProcess_918,GB_SamplingFeature_918,O3,http://dd.eionet.europa.eu/vocabulary/aq/pollutant/7,hour,25.0284200000,µg/m3,2018-05-12 05:00:00 +01:00,2018-05-12 06:00:00 +01:00,1,1
GB,http://environment.data.gov.uk/air-quality/so,GB_Network_1,Station_GB1024A,,GB_SamplingPoint_74174,GB_StationProcess_918,GB_SamplingFeature_918,O3,http://dd.eionet.europa.eu/vocabulary/aq/pollutant/7,hour,49.4770200000,µg/m3,2018-05-12 06:00:00 +01:00,2018-05-12 07:00:00 +01:00,1,1
GB,http://environment.data.gov.uk/air-quality/so,GB_Network_1,Station_GB1024A,,GB_SamplingPoint_74174,GB_StationProcess_918,GB_SamplingFeature_918,O3,http://dd.eionet.europa.eu/vocabulary/aq/pollutant/7,hour,59.2854600000,µg/m3,2018-05-12 08:00:00 +01:00,2018-05-12 09:00:00 +01:00,1,1
GB,http://environment.data.gov.uk/air-quality/so,GB_Network_1,Station_GB1024A,,GB_SamplingPoint_74174,GB_StationProcess_918,GB_SamplingFeature_918,O3,http://dd.eionet.europa.eu/vocabulary/aq/pollutant/7,hour,52.1828000000,µg/m3,2018-05-12 13:00:00 +01:00,2018-05-12 14:00:00 +01:00,1,1
GB,http://environment.data.gov.uk/air-quality/so,GB_Network_1,Station_GB1024A,,GB_SamplingPoint_74174,GB_StationProcess_918,GB_SamplingFeature_918,O3,http://dd.eionet.europa.eu/vocabulary/aq/pollutant/7,hour,46.1431200000,µg/m3,2018-05-12 14:00:00 +01:00,2018-05-12 15:00:00 +01:00,1,1
GB,http://environment.data.gov.uk/air-quality/so,GB_Network_1,Station_GB1024A,,GB_SamplingPoint_74174,GB_StationProcess_918,GB_SamplingFeature_918,O3,http://dd.eionet.europa.eu/vocabulary/aq/pollutant/7,hour,42.0844600000,µg/m3,2018-05-12 15:00:00 +01:00,2018-05-12 16:00:00 +01:00,1,1
GB,http://environment.data.gov.uk/air-quality/so,GB_Network_1,Station_GB1024A,,GB_SamplingPoint_74174,GB_StationProcess_918,GB_SamplingFeature_918,O3,http://dd.eionet.europa.eu/vocabulary/aq/pollutant/7,hour,33.5322800000,µg/m3,2018-05-12 16:00:00 +01:00,2018-05-12 17:00:00 +01:00,1,1
GB,http://environment.data.gov.uk/air-quality/so,GB_Network_1,Station_GB1024A,,GB_SamplingPoint_74174,GB_StationProcess_918,GB_SamplingFeature_918,O3,http://dd.eionet.europa.eu/vocabulary/aq/pollutant/7,hour,46.0948100000,µg/m3,2018-05-12 18:00:00 +01:00,2018-05-12 19:00:00 +01:00,1,1
GB,http://environment.data.gov.uk/air-quality/so,GB_Network_1,Station_GB1024A,,GB_SamplingPoint_74174,GB_StationProcess_918,GB_SamplingFeature_918,O3,http://dd.eionet.europa.eu/vocabulary/aq/pollutant/7,hour,53.1008300000,µg/m3,2018-05-12 19:00:00 +01:00,2018-05-12 20:00:00 +01:00,1,1
GB,http://environment.data.gov.uk/air-quality/so,GB_Network_1,Station_GB1024A,,GB_SamplingPoint_74174,GB_StationProcess_918,GB_SamplingFeature_918,O3,http://dd.eionet.europa.eu/vocabulary/aq/pollutant/7,hour,37.2044000000,µg/m3,2018-05-12 22:00:00 +01:00,2018-05-12 23:00:00 +01:00,1,1
GB,http://environment.data.gov.uk/air-quality/so,GB_Network_1,Station_GB1024A,,GB_SamplingPoint_74174,GB_StationProcess_918,GB_SamplingFeature_918,O3,http://dd.eionet.europa.eu/vocabulary/aq/pollutant/7,hour,35.7548800000,µg/m3,2018-05-12 23:00:00 +01:00,2018-05-13 00:00:00 +01:00,1,1
GB,http://environment.data.gov.uk/air-quality/so,GB_Network_1,Station_GB1024A,,GB_SamplingPoint_74174,GB_StationProcess_918,GB_SamplingFeature_918,O3,http://dd.eionet.europa.eu/vocabulary/aq/pollutant/7,hour,36.0942900000,µg/m3,2018-05-13 01:00:00 +01:00,2018-05-13 02:00:00 +01:00,1,1
GB,http://environment.data.gov.uk/air-quality/so,GB_Network_1,Station_GB1024A,,GB_SamplingPoint_74174,GB_StationProcess_918,GB_SamplingFeature_918,O3,http://dd.eionet.europa.eu/vocabulary/aq/pollutant/7,hour,35.3222200000,µg/m3,2018-05-13 02:00:00 +01:00,2018-05-13 03:00:00 +01:00,1,1
GB,http://environment.data.gov.uk/air-quality/so,GB_Network_1,Station_GB1024A,,GB_SamplingPoint_74174,GB_StationProcess_918,GB_SamplingFeature_918,O3,http://dd.eionet.europa.eu/vocabulary/aq/pollutant/7,hour,34.0676100000,µg/m3,2018-05-13 03:00:00 +01:00,2018-05-13 04:00:00 +01:00,1,1
GB,http://environment.data.gov.uk/air-quality/so,GB_Network_1,Station_GB1024A,,GB_SamplingPoint_74174,GB_StationProcess_918,GB_SamplingFeature_918,O3,http://dd.eionet.europa.eu/vocabulary/aq/pollutant/7,hour,27.8910500000,µg/m3,2018-05-13 04:00:00 +01:00,2018-05-13 05:00:00 +01:00,1,1
GB,http://environment.data.gov.uk/air-quality/so,GB_Network_1,Station_GB1024A,,GB_SamplingPoint_74174,GB_StationProcess_918,GB_SamplingFeature_918,O3,http://dd.eionet.europa.eu/vocabulary/aq/pollutant/7,hour,20.2668500000,µg/m3,2018-05-13 05:00:00 +01:00,2018-05-13 06:00:00 +01:00,1,1
GB,http://environment.data.gov.uk/air-quality/so,GB_Network_1,Station_GB1024A,,GB_SamplingPoint_74174,GB_StationProcess_918,GB_SamplingFeature_918,O3,http://dd.eionet.europa.eu/vocabulary/aq/pollutant/7,hour,18.5779500000,µg/m3,2018-05-13 06:00:00 +01:00,2018-05-13 07:00:00 +01:00,1,1
GB,http://environment.data.gov.uk/air-quality/so,GB_Network_1,Station_GB1024A,,GB_SamplingPoint_74174,GB_StationProcess_918,GB_SamplingFeature_918,O3,http://dd.eionet.europa.eu/vocabulary/aq/pollutant/7,hour,23.5481500000,µg/m3,2018-05-13 07:00:00 +01:00,2018-05-13 08:00:00 +01:00,1,1
GB,http://environment.data.gov.uk/air-quality/so,GB_Network_1,Station_GB1024A,,GB_SamplingPoint_74174,GB_StationProcess_918,GB_SamplingFeature_918,O3,http://dd.eionet.europa.eu/vocabulary/aq/pollutant/7,hour,28.1323200000,µg/m3,2018-05-13 08:00:00 +01:00,2018-05-13 09:00:00 +01:00,1,1
GB,http://environment.data.gov.uk/air-quality/so,GB_Network_1,Station_GB1024A,,GB_SamplingPoint_74174,GB_StationProcess_918,GB_SamplingFeature_918,O3,http://dd.eionet.europa.eu/vocabulary/aq/pollutant/7,hour,58.6291000000,µg/m3,2018-05-13 11:00:00 +01:00,2018-05-13 12:00:00 +01:00,1,1
GB,http://environment.data.gov.uk/air-quality/so,GB_Network_1,Station_GB1024A,,GB_SamplingPoint_74174,GB_StationProcess_918,GB_SamplingFeature_918,O3,http://dd.eionet.europa.eu/vocabulary/aq/pollutant/7,hour,66.1085300000,µg/m3,2018-05-13 12:00:00 +01:00,2018-05-13 13:00:00 +01:00,1,1
GB,http://environment.data.gov.uk/air-quality/so,GB_Network_1,Station_GB1024A,,GB_SamplingPoint_74174,GB_StationProcess_918,GB_SamplingFeature_918,O3,http://dd.eionet.europa.eu/vocabulary/aq/pollutant/7,hour,78.5099100000,µg/m3,2018-05-13 14:00:00 +01:00,2018-05-13 15:00:00 +01:00,1,1
GB,http://environment.data.gov.uk/air-quality/so,GB_Network_1,Station_GB1024A,,GB_SamplingPoint_74174,GB_StationProcess_918,GB_SamplingFeature_918,O3,http://dd.eionet.europa.eu/vocabulary/aq/pollutant/7,hour,82.8528100000,µg/m3,2018-05-13 17:00:00 +01:00,2018-05-13 18:00:00 +01:00,1,1
GB,http://environment.data.gov.uk/air-quality/so,GB_Network_1,Station_GB1024A,,GB_SamplingPoint_74174,GB_StationProcess_918,GB_SamplingFeature_918,O3,http://dd.eionet.europa.eu/vocabulary/aq/pollutant/7,hour,85.9410900000,µg/m3,2018-05-13 18:00:00 +01:00,2018-05-13 19:00:00 +01:00,1,1
GB,http://environment.data.gov.uk/air-quality/so,GB_Network_1,Station_GB1024A,,GB_SamplingPoint_74174,GB_StationProcess_918,GB_SamplingFeature_918,O3,http://dd.eionet.europa.eu/vocabulary/aq/pollutant/7,hour,84.3486900000,µg/m3,2018-05-13 19:00:00 +01:00,2018-05-13 20:00:00 +01:00,1,1
GB,http://environment.data.gov.uk/air-quality/so,GB_Network_1,Station_GB1024A,,GB_SamplingPoint_74174,GB_StationProcess_918,GB_SamplingFeature_918,O3,http://dd.eionet.europa.eu/vocabulary/aq/pollutant/7,hour,66.2532900000,µg/m3,2018-05-13 20:00:00 +01:00,2018-05-13 21:00:00 +01:00,1,1
GB,http://environment.data.gov.uk/air-quality/so,GB_Network_1,Station_GB1024A,,GB_SamplingPoint_74174,GB_StationProcess_918,GB_SamplingFeature_918,O3,http://dd.eionet.europa.eu/vocabulary/aq/pollutant/7,hour,15.1036300000,µg/m3,2018-05-13 22:00:00 +01:00,2018-05-13 23:00:00 +01:00,1,1
GB,http://environment.data.gov.uk/air-quality/so,GB_Network_1,Station_GB1024A,,GB_SamplingPoint_74174,GB_StationProcess_918,GB_SamplingFeature_918,O3,http://dd.eionet.europa.eu/vocabulary/aq/pollutant/7,hour,15.7309400000,µg/m3,2018-05-13 23:00:00 +01:00,2018-05-14 00:00:00 +01:00,1,1
GB,http://environment.data.gov.uk/air-quality/so,GB_Network_1,Station_GB1024A,,GB_SamplingPoint_74174,GB_StationProcess_918,GB_SamplingFeature_918,O3,http://dd.eionet.europa.eu/vocabulary/aq/pollutant/7,hour,55.4201100000,µg/m3,2018-05-14 04:00:00 +01:00,2018-05-14 05:00:00 +01:00,1,1
GB,http://environment.data.gov.uk/air-quality/so,GB_Network_1,Station_GB1024A,,GB_SamplingPoint_74174,GB_StationProcess_918,GB_SamplingFeature_918,O3,http://dd.eionet.europa.eu/vocabulary/aq/pollutant/7,hour,53.8297900000,µg/m3,2018-05-14 05:00:00 +01:00,2018-05-14 06:00:00 +01:00,1,1
GB,http://environment.data.gov.uk/air-quality/so,GB_Network_1,Station_GB1024A,,GB_SamplingPoint_74174,GB_StationProcess_918,GB_SamplingFeature_918,O3,http://dd.eionet.europa.eu/vocabulary/aq/pollutant/7,hour,46.7456600000,µg/m3,2018-05-14 06:00:00 +01:00,2018-05-14 07:00:00 +01:00,1,1
GB,http://environment.data.gov.uk/air-quality/so,GB_Network_1,Station_GB1024A,,GB_SamplingPoint_74174,GB_StationProcess_918,GB_SamplingFeature_918,O3,http://dd.eionet.europa.eu/vocabulary/aq/pollutant/7,hour,45.4926800000,µg/m3,2018-05-14 07:00:00 +01:00,2018-05-14 08:00:00 +01:00,1,1
GB,http://environment.data.gov.uk/air-quality/so,GB_Network_1,Station_GB1024A,,GB_SamplingPoint_74174,GB_StationProcess_918,GB_SamplingFeature_918,O3,http://dd.eionet.europa.eu/vocabulary/aq/pollutant/7,hour,53.9261800000,µg/m3,2018-05-14 08:00:00 +01:00,2018-05-14 09:00:00 +01:00,1,1
GB,http://environment.data.gov.uk/air-quality/so,GB_Network_1,Station_GB1024A,,GB_SamplingPoint_74174,GB_StationProcess_918,GB_SamplingFeature_918,O3,http://dd.eionet.europa.eu/vocabulary/aq/pollutant/7,hour,,µg/m3,2018-05-14 09:00:00 +01:00,2018-05-14 10:00:00 +01:00,-1,1
GB,http://environment.data.gov.uk/air-quality/so,GB_Network_1,Station_GB1024A,,GB_SamplingPoint_74174,GB_StationProcess_918,GB_SamplingFeature_918,O3,http://dd.eionet.europa.eu/vocabulary/aq/pollutant/7,hour,,µg/m3,2018-05-14 10:00:00 +01:00,2018-05-14 11:00:00 +01:00,-1,1
GB,http://environment.data.gov.uk/air-quality/so,GB_Network_1,Station_GB1024A,,GB_SamplingPoint_74174,GB_StationProcess_918,GB_SamplingFeature_918,O3,http://dd.eionet.europa.eu/vocabulary/aq/pollutant/7,hour,57.3477600000,µg/m3,2018-05-14 11:00:00 +01:00,2018-05-14 12:00:00 +01:00,1,1
GB,http://environment.data.gov.uk/air-quality/so,GB_Network_1,Station_GB1024A,,GB_SamplingPoint_74174,GB_StationProcess_918,GB_SamplingFeature_918,O3,http://dd.eionet.europa.eu/vocabulary/aq/pollutant/7,hour,83.7084600000,µg/m3,2018-05-14 16:00:00 +01:00,2018-05-14 17:00:00 +01:00,1,1
GB,http://environment.data.gov.uk/air-quality/so,GB_Network_1,Station_GB1024A,,GB_SamplingPoint_74174,GB_StationProcess_918,GB_SamplingFeature_918,O3,http://dd.eionet.europa.eu/vocabulary/aq/pollutant/7,hour,83.6120800000,µg/m3,2018-05-14 18:00:00 +01:00,2018-05-14 19:00:00 +01:00,1,1
GB,http://environment.data.gov.uk/air-quality/so,GB_Network_1,Station_GB1024A,,GB_SamplingPoint_74174,GB_StationProcess_918,GB_SamplingFeature_918,O3,http://dd.eionet.europa.eu/vocabulary/aq/pollutant/7,hour,82.4072900000,µg/m3,2018-05-14 19:00:00 +01:00,2018-05-14 20:00:00 +01:00,1,1
GB,http://environment.data.gov.uk/air-quality/so,GB_Network_1,Station_GB1024A,,GB_SamplingPoint_74174,GB_StationProcess_918,GB_SamplingFeature_918,O3,http://dd.eionet.europa.eu/vocabulary/aq/pollutant/7,hour,74.3593300000,µg/m3,2018-05-14 21:00:00 +01:00,2018-05-14 22:00:00 +01:00,1,1
GB,http://environment.data.gov.uk/air-quality/so,GB_Network_1,Station_GB1024A,,GB_SamplingPoint_74174,GB_StationProcess_918,GB_SamplingFeature_918,O3,http://dd.eionet.europa.eu/vocabulary/aq/pollutant/7,hour,71.1786900000,µg/m3,2018-05-14 23:00:00 +01:00,2018-05-15 00:00:00 +01:00,1,1
GB,http://environment.data.gov.uk/air-quality/so,GB_Network_1,Station_GB1024A,,GB_SamplingPoint_74174,GB_StationProcess_918,GB_SamplingFeature_918,O3,http://dd.eionet.europa.eu/vocabulary/aq/pollutant/7,hour,72.0642500000,µg/m3,2018-05-15 01:00:00 +01:00,2018-05-15 02:00:00 +01:00,1,1
GB,http://environment.data.gov.uk/air-quality/so,GB_Network_1,Station_GB1024A,,GB_SamplingPoint_74174,GB_StationProcess_918,GB_SamplingFeature_918,O3,http://dd.eionet.europa.eu/vocabulary/aq/pollutant/7,hour,67.5241400000,µg/m3,2018-05-15 05:00:00 +01:00,2018-05-15 06:00:00 +01:00,1,1
GB,http://environment.data.gov.uk/air-quality/so,GB_Network_1,Station_GB1024A,,GB_SamplingPoint_74174,GB_StationProcess_918,GB_SamplingFeature_918,O3,http://dd.eionet.europa.eu/vocabulary/aq/pollutant/7,hour,61.6524700000,µg/m3,2018-05-15 06:00:00 +01:00,2018-05-15 07:00:00 +01:00,1,1
GB,http://environment.data.gov.uk/air-quality/so,GB_Network_1,Station_GB1024A,,GB_SamplingPoint_74174,GB_StationProcess_918,GB_SamplingFeature_918,O3,http://dd.eionet.europa.eu/vocabulary/aq/pollutant/7,hour,62.3262700000,µg/m3,2018-05-15 07:00:00 +01:00,2018-05-15 08:00:00 +01:00,1,1
GB,http://environment.data.gov.uk/air-quality/so,GB_Network_1,Station_GB1024A,,GB_SamplingPoint_74174,GB_StationProcess_918,GB_SamplingFeature_918,O3,http://dd.eionet.europa.eu/vocabulary/aq/pollutant/7,hour,76.1391200000,µg/m3,2018-05-15 11:00:00 +01:00,2018-05-15 12:00:00 +01:00,1,1
GB,http://environment.data.gov.uk/air-quality/so,GB_Network_1,Station_GB1024A,,GB_SamplingPoint_74174,GB_StationProcess_918,GB_SamplingFeature_918,O3,http://dd.eionet.europa.eu/vocabulary/aq/pollutant/7,hour,91.2033100000,µg/m3,2018-05-15 13:00:00 +01:00,2018-05-15 14:00:00 +01:00,1,1
GB,http://environment.data.gov.uk/air-quality/so,GB_Network_1,Station_GB1024A,,GB_SamplingPoint_74174,GB_StationProcess_918,GB_SamplingFeature_918,O3,http://dd.eionet.europa.eu/vocabulary/aq/pollutant/7,hour,102.5616100000,µg/m3,2018-05-15 15:00:00 +01:00,2018-05-15 16:00:00 +01:00,1,1
GB,http://environment.data.gov.uk/air-quality/so,GB_Network_1,Station_GB1024A,,GB_SamplingPoint_74174,GB_StationProcess_918,GB_SamplingFeature_918,O3,http://dd.eionet.europa.eu/vocabulary/aq/pollutant/7,hour,104.4867400000,µg/m3,2018-05-15 16:00:00 +01:00,2018-05-15 17:00:00 +01:00,1,1
GB,http://environment.data.gov.uk/air-quality/so,GB_Network_1,Station_GB1024A,,GB_SamplingPoint_74174,GB_StationProcess_918,GB_SamplingFeature_918,O3,http://dd.eionet.europa.eu/vocabulary/aq/pollutant/7,hour,105.6418300000,µg/m3,2018-05-15 17:00:00 +01:00,2018-05-15 18:00:00 +01:00,1,1
GB,http://environment.data.gov.uk/air-quality/so,GB_Network_1,Station_GB1024A,,GB_SamplingPoint_74174,GB_StationProcess_918,GB_SamplingFeature_918,O3,http://dd.eionet.europa.eu/vocabulary/aq/pollutant/7,hour,106.1712400000,µg/m3,2018-05-15 18:00:00 +01:00,2018-05-15 19:00:00 +01:00,1,1
GB,http://environment.data.gov.uk/air-quality/so,GB_Network_1,Station_GB1024A,,GB_SamplingPoint_74174,GB_StationProcess_918,GB_SamplingFeature_918,O3,http://dd.eionet.europa.eu/vocabulary/aq/pollutant/7,hour,104.3904900000,µg/m3,2018-05-15 19:00:00 +01:00,2018-05-15 20:00:00 +01:00,1,1
GB,http://environment.data.gov.uk/air-quality/so,GB_Network_1,Station_GB1024A,,GB_SamplingPoint_74174,GB_StationProcess_918,GB_SamplingFeature_918,O3,http://dd.eionet.europa.eu/vocabulary/aq/pollutant/7,hour,87.9787000000,µg/m3,2018-05-15 23:00:00 +01:00,2018-05-16 00:00:00 +01:00,1,1
GB,http://environment.data.gov.uk/air-quality/so,GB_Network_1,Station_GB1024A,,GB_SamplingPoint_74174,GB_StationProcess_918,GB_SamplingFeature_918,O3,http://dd.eionet.europa.eu/vocabulary/aq/pollutant/7,hour,98.9506200000,µg/m3,2018-05-16 01:00:00 +01:00,2018-05-16 02:00:00 +01:00,1,1
GB,http://environment.data.gov.uk/air-quality/so,GB_Network_1,Station_GB1024A,,GB_SamplingPoint_74174,GB_StationProcess_918,GB_SamplingFeature_918,O3,http://dd.eionet.europa.eu/vocabulary/aq/pollutant/7,hour,76.2317100000,µg/m3,2018-05-16 04:00:00 +01:00,2018-05-16 05:00:00 +01:00,1,1
GB,http://environment.data.gov.uk/air-quality/so,GB_Network_1,Station_GB1024A,,GB_SamplingPoint_74174,GB_StationProcess_918,GB_SamplingFeature_918,O3,http://dd.eionet.europa.eu/vocabulary/aq/pollutant/7,hour,55.1310000000,µg/m3,2018-05-16 08:00:00 +01:00,2018-05-16 09:00:00 +01:00,1,1
GB,http://environment.data.gov.uk/air-quality/so,GB_Network_1,Station_GB1024A,,GB_SamplingPoint_74174,GB_StationProcess_918,GB_SamplingFeature_918,O3,http://dd.eionet.europa.eu/vocabulary/aq/pollutant/7,hour,51.7664300000,µg/m3,2018-05-16 09:00:00 +01:00,2018-05-16 10:00:00 +01:00,1,1
GB,http://environment.data.gov.uk/air-quality/so,GB_Network_1,Station_GB1024A,,GB_SamplingPoint_74174,GB_StationProcess_918,GB_SamplingFeature_918,O3,http://dd.eionet.europa.eu/vocabulary/aq/pollutant/7,hour,56.1403800000,µg/m3,2018-05-16 10:00:00 +01:00,2018-05-16 11:00:00 +01:00,1,1
GB,http://environment.data.gov.uk/air-quality/so,GB_Network_1,Station_GB1024A,,GB_SamplingPoint_74174,GB_StationProcess_918,GB_SamplingFeature_918,O3,http://dd.eionet.europa.eu/vocabulary/aq/pollutant/7,hour,60.5143300000,µg/m3,2018-05-16 11:00:00 +01:00,2018-05-16 12:00:00 +01:00,1,1
GB,http://environment.data.gov.uk/air-quality/so,GB_Network_1,Station_GB1024A,,GB_SamplingPoint_74174,GB_StationProcess_918,GB_SamplingFeature_918,O3,http://dd.eionet.europa.eu/vocabulary/aq/pollutant/7,hour,63.3501800000,µg/m3,2018-05-16 12:00:00 +01:00,2018-05-16 13:00:00 +01:00,1,1
GB,http://environment.data.gov.uk/air-quality/so,GB_Network_1,Station_GB1024A,,GB_SamplingPoint_74174,GB_StationProcess_918,GB_SamplingFeature_918,O3,http://dd.eionet.europa.eu/vocabulary/aq/pollutant/7,hour,63.2059900000,µg/m3,2018-05-16 13:00:00 +01:00,2018-05-16 14:00:00 +01:00,1,1
GB,http://environment.data.gov.uk/air-quality/so,GB_Network_1,Station_GB1024A,,GB_SamplingPoint_74174,GB_StationProcess_918,GB_SamplingFeature_918,O3,http://dd.eionet.europa.eu/vocabulary/aq/pollutant/7,hour,60.8507900000,µg/m3,2018-05-16 15:00:00 +01:00,2018-05-16 16:00:00 +01:00,1,1
GB,http://environment.data.gov.uk/air-quality/so,GB_Network_1,Station_GB1024A,,GB_SamplingPoint_74174,GB_StationProcess_918,GB_SamplingFeature_918,O3,http://dd.eionet.europa.eu/vocabulary/aq/pollutant/7,hour,61.3314400000,µg/m3,2018-05-16 16:00:00 +01:00,2018-05-16 17:00:00 +01:00,1,1
GB,http://environment.data.gov.uk/air-quality/so,GB_Network_1,Station_GB1024A,,GB_SamplingPoint_74174,GB_StationProcess_918,GB_SamplingFeature_918,O3,http://dd.eionet.europa.eu/vocabulary/aq/pollutant/7,hour,62.7734000000,µg/m3,2018-05-16 17:00:00 +01:00,2018-05-16 18:00:00 +01:00,1,1
GB,http://environment.data.gov.uk/air-quality/so,GB_Network_1,Station_GB1024A,,GB_SamplingPoint_74174,GB_StationProcess_918,GB_SamplingFeature_918,O3,http://dd.eionet.europa.eu/vocabulary/aq/pollutant/7,hour,62.1485500000,µg/m3,2018-05-16 18:00:00 +01:00,2018-05-16 19:00:00 +01:00,1,1
GB,http://environment.data.gov.uk/air-quality/so,GB_Network_1,Station_GB1024A,,GB_SamplingPoint_74174,GB_StationProcess_918,GB_SamplingFeature_918,O3,http://dd.eionet.europa.eu/vocabulary/aq/pollutant/7,hour,62.1966200000,µg/m3,2018-05-16 20:00:00 +01:00,2018-05-16 21:00:00 +01:00,1,1
GB,http://environment.data.gov.uk/air-quality/so,GB_Network_1,Station_GB1024A,,GB_SamplingPoint_74174,GB_StationProcess_918,GB_SamplingFeature_918,O3,http://dd.eionet.europa.eu/vocabulary/aq/pollutant/7,hour,63.8308400000,µg/m3,2018-05-16 21:00:00 +01:00,2018-05-16 22:00:00 +01:00,1,1
GB,http://environment.data.gov.uk/air-quality/so,GB_Network_1,Station_GB1024A,,GB_SamplingPoint_74174,GB_StationProcess_918,GB_SamplingFeature_918,O3,http://dd.eionet.europa.eu/vocabulary/aq/pollutant/7,hour,65.8495800000,µg/m3,2018-05-16 22:00:00 +01:00,2018-05-16 23:00:00 +01:00,1,1
GB,http://environment.data.gov.uk/air-quality/so,GB_Network_1,Station_GB1024A,,GB_SamplingPoint_74174,GB_StationProcess_918,GB_SamplingFeature_918,O3,http://dd.eionet.europa.eu/vocabulary/aq/pollutant/7,hour,65.3472500000,µg/m3,2018-05-17 01:00:00 +01:00,2018-05-17 02:00:00 +01:00,1,1
GB,http://environment.data.gov.uk/air-quality/so,GB_Network_1,Station_GB1024A,,GB_SamplingPoint_74174,GB_StationProcess_918,GB_SamplingFeature_918,O3,http://dd.eionet.europa.eu/vocabulary/aq/pollutant/7,hour,54.9627300000,µg/m3,2018-05-17 07:00:00 +01:00,2018-05-17 08:00:00 +01:00,1,1
GB,http://environment.data.gov.uk/air-quality/so,GB_Network_1,Station_GB1024A,,GB_SamplingPoint_74174,GB_StationProcess_918,GB_SamplingFeature_918,O3,http://dd.eionet.europa.eu/vocabulary/aq/pollutant/7,hour,61.0590400000,µg/m3,2018-05-17 10:00:00 +01:00,2018-05-17 11:00:00 +01:00,1,1
GB,http://environment.data.gov.uk/air-quality/so,GB_Network_1,Station_GB1024A,,GB_SamplingPoint_74174,GB_StationProcess_918,GB_SamplingFeature_918,O3,http://dd.eionet.europa.eu/vocabulary/aq/pollutant/7,hour,75.7957700000,µg/m3,2018-05-17 13:00:00 +01:00,2018-05-17 14:00:00 +01:00,1,1
GB,http://environment.data.gov.uk/air-quality/so,GB_Network_1,Station_GB1024A,,GB_SamplingPoint_74174,GB_StationProcess_918,GB_SamplingFeature_918,O3,http://dd.eionet.europa.eu/vocabulary/aq/pollutant/7,hour,76.8038200000,µg/m3,2018-05-17 18:00:00 +01:00,2018-05-17 19:00:00 +01:00,1,1
GB,http://environment.data.gov.uk/air-quality/so,GB_Network_1,Station_GB1024A,,GB_SamplingPoint_74174,GB_StationProcess_918,GB_SamplingFeature_918,O3,http://dd.eionet.europa.eu/vocabulary/aq/pollutant/7,hour,67.4913600000,µg/m3,2018-05-17 20:00:00 +01:00,2018-05-17 21:00:00 +01:00,1,1
GB,http://environment.data.gov.uk/air-quality/so,GB_Network_1,Station_GB1024A,,GB_SamplingPoint_74174,GB_StationProcess_918,GB_SamplingFeature_918,O3,http://dd.eionet.europa.eu/vocabulary/aq/pollutant/7,hour,60.9630300000,µg/m3,2018-05-17 21:00:00 +01:00,2018-05-17 22:00:00 +01:00,1,1
GB,http://environment.data.gov.uk/air-quality/so,GB_Network_1,Station_GB1024A,,GB_SamplingPoint_74174,GB_StationProcess_918,GB_SamplingFeature_918,O3,http://dd.eionet.europa.eu/vocabulary/aq/pollutant/7,hour,50.3545000000,µg/m3,2018-05-17 22:00:00 +01:00,2018-05-17 23:00:00 +01:00,1,1
GB,http://environment.data.gov.uk/air-quality/so,GB_Network_1,Station_GB1024A,,GB_SamplingPoint_74174,GB_StationProcess_918,GB_SamplingFeature_918,O3,http://dd.eionet.europa.eu/vocabulary/aq/pollutant/7,hour,46.6583200000,µg/m3,2018-05-17 23:00:00 +01:00,2018-05-18 00:00:00 +01:00,1,1
GB,http://environment.data.gov.uk/air-quality/so,GB_Network_1,Station_GB1024A,,GB_SamplingPoint_74174,GB_StationProcess_918,GB_SamplingFeature_918,O3,http://dd.eionet.europa.eu/vocabulary/aq/pollutant/7,hour,29.5306600000,µg/m3,2018-05-18 03:00:00 +01:00,2018-05-18 04:00:00 +01:00,1,1
GB,http://environment.data.gov.uk/air-quality/so,GB_Network_1,Station_GB1024A,,GB_SamplingPoint_74174,GB_StationProcess_918,GB_SamplingFeature_918,O3,http://dd.eionet.europa.eu/vocabulary/aq/pollutant/7,hour,24.9764200000,µg/m3,2018-05-18 04:00:00 +01:00,2018-05-18 05:00:00 +01:00,1,1
GB,http://environment.data.gov.uk/air-quality/so,GB_Network_1,Station_GB1024A,,GB_SamplingPoint_74174,GB_StationProcess_918,GB_SamplingFeature_918,O3,http://dd.eionet.europa.eu/vocabulary/aq/pollutant/7,hour,21.0933300000,µg/m3,2018-05-18 05:00:00 +01:00,2018-05-18 06:00:00 +01:00,1,1
GB,http://environment.data.gov.uk/air-quality/so,GB_Network_1,Station_GB1024A,,GB_SamplingPoint_74174,GB_StationProcess_918,GB_SamplingFeature_918,O3,http://dd.eionet.europa.eu/vocabulary/aq/pollutant/7,hour,18.9840000000,µg/m3,2018-05-18 06:00:00 +01:00,2018-05-18 07:00:00 +01:00,1,1
GB,http://environment.data.gov.uk/air-quality/so,GB_Network_1,Station_GB1024A,,GB_SamplingPoint_74174,GB_StationProcess_918,GB_SamplingFeature_918,O3,http://dd.eionet.europa.eu/vocabulary/aq/pollutant/7,hour,32.1673300000,µg/m3,2018-05-18 07:00:00 +01:00,2018-05-18 08:00:00 +01:00,1,1
GB,http://environment.data.gov.uk/air-quality/so,GB_Network_1,Station_GB1024A,,GB_SamplingPoint_74174,GB_StationProcess_918,GB_SamplingFeature_918,O3,http://dd.eionet.europa.eu/vocabulary/aq/pollutant/7,hour,55.4658700000,µg/m3,2018-05-18 09:00:00 +01:00,2018-05-18 10:00:00 +01:00,1,1
GB,http://environment.data.gov.uk/air-quality/so,GB_Network_1,Station_GB1024A,,GB_SamplingPoint_74174,GB_StationProcess_918,GB_SamplingFeature_918,O3,http://dd.eionet.europa.eu/vocabulary/aq/pollutant/7,hour,54.4112000000,µg/m3,2018-05-18 10:00:00 +01:00,2018-05-18 11:00:00 +01:00,1,1
GB,http://environment.data.gov.uk/air-quality/so,GB_Network_1,Station_GB1024A,,GB_SamplingPoint_74174,GB_StationProcess_918,GB_SamplingFeature_918,O3,http://dd.eionet.europa.eu/vocabulary/aq/pollutant/7,hour,60.4515600000,µg/m3,2018-05-18 11:00:00 +01:00,2018-05-18 12:00:00 +01:00,1,1
GB,http://environment.data.gov.uk/air-quality/so,GB_Network_1,Station_GB1024A,,GB_SamplingPoint_74174,GB_StationProcess_918,GB_SamplingFeature_918,O3,http://dd.eionet.europa.eu/vocabulary/aq/pollutant/7,hour,70.1832600000,µg/m3,2018-05-18 13:00:00 +01:00,2018-05-18 14:00:00 +01:00,1,1
GB,http://environment.data.gov.uk/air-quality/so,GB_Network_1,Station_GB1024A,,GB_SamplingPoint_74174,GB_StationProcess_918,GB_SamplingFeature_918,O3,http://dd.eionet.europa.eu/vocabulary/aq/pollutant/7,hour,76.0798000000,µg/m3,2018-05-18 14:00:00 +01:00,2018-05-18 15:00:00 +01:00,1,1
GB,http://environment.data.gov.uk/air-quality/so,GB_Network_1,Station_GB1024A,,GB_SamplingPoint_74174,GB_StationProcess_918,GB_SamplingFeature_918,O3,http://dd.eionet.europa.eu/vocabulary/aq/pollutant/7,hour,80.3943500000,µg/m3,2018-05-18 15:00:00 +01:00,2018-05-18 16:00:00 +01:00,1,1
GB,http://environment.data.gov.uk/air-quality/so,GB_Network_1,Station_GB1024A,,GB_SamplingPoint_74174,GB_StationProcess_918,GB_SamplingFeature_918,O3,http://dd.eionet.europa.eu/vocabulary/aq/pollutant/7,hour,80.5381600000,µg/m3,2018-05-18 16:00:00 +01:00,2018-05-18 17:00:00 +01:00,1,1
GB,http://environment.data.gov.uk/air-quality/so,GB_Network_1,Station_GB1024A,,GB_SamplingPoint_74174,GB_StationProcess_918,GB_SamplingFeature_918,O3,http://dd.eionet.europa.eu/vocabulary/aq/pollutant/7,hour,80.9696200000,µg/m3,2018-05-18 18:00:00 +01:00,2018-05-18 19:00:00 +01:00,1,1
GB,http://environment.data.gov.uk/air-quality/so,GB_Network_1,Station_GB1024A,,GB_SamplingPoint_74174,GB_StationProcess_918,GB_SamplingFeature_918,O3,http://dd.eionet.europa.eu/vocabulary/aq/pollutant/7,hour,79.3396800000,µg/m3,2018-05-18 19:00:00 +01:00,2018-05-18 20:00:00 +01:00,1,1
GB,http://environment.data.gov.uk/air-quality/so,GB_Network_1,Station_GB1024A,,GB_SamplingPoint_74174,GB_StationProcess_918,GB_SamplingFeature_918,O3,http://dd.eionet.europa.eu/vocabulary/aq/pollutant/7,hour,74.0663500000,µg/m3,2018-05-18 20:00:00 +01:00,2018-05-18 21:00:00 +01:00,1,1
GB,http://environment.data.gov.uk/air-quality/so,GB_Network_1,Station_GB1024A,,GB_SamplingPoint_74174,GB_StationProcess_918,GB_SamplingFeature_918,O3,http://dd.eionet.europa.eu/vocabulary/aq/pollutant/7,hour,47.8435100000,µg/m3,2018-05-18 21:00:00 +01:00,2018-05-18 22:00:00 +01:00,1,1
GB,http://environment.data.gov.uk/air-quality/so,GB_Network_1,Station_GB1024A,,GB_SamplingPoint_74174,GB_StationProcess_918,GB_SamplingFeature_918,O3,http://dd.eionet.europa.eu/vocabulary/aq/pollutant/7,hour,42.3304800000,µg/m3,2018-05-18 22:00:00 +01:00,2018-05-18 23:00:00 +01:00,1,1
GB,http://environment.data.gov.uk/air-quality/so,GB_Network_1,Station_GB1024A,,GB_SamplingPoint_74174,GB_StationProcess_918,GB_SamplingFeature_918,O3,http://dd.eionet.europa.eu/vocabulary/aq/pollutant/7,hour,8.1070700000,µg/m3,2018-05-19 02:00:00 +01:00,2018-05-19 03:00:00 +01:00,1,1
GB,http://environment.data.gov.uk/air-quality/so,GB_Network_1,Station_GB1024A,,GB_SamplingPoint_74174,GB_StationProcess_918,GB_SamplingFeature_918,O3,http://dd.eionet.europa.eu/vocabulary/aq/pollutant/7,hour,7.5644700000,µg/m3,2018-05-19 03:00:00 +01:00,2018-05-19 04:00:00 +01:00,1,1
GB,http://environment.data.gov.uk/air-quality/so,GB_Network_1,Station_GB1024A,,GB_SamplingPoint_74174,GB_StationProcess_918,GB_SamplingFeature_918,O3,http://dd.eionet.europa.eu/vocabulary/aq/pollutant/7,hour,2.1065600000,µg/m3,2018-05-19 05:00:00 +01:00,2018-05-19 06:00:00 +01:00,2,1
GB,http://environment.data.gov.uk/air-quality/so,GB_Network_1,Station_GB1024A,,GB_SamplingPoint_74174,GB_StationProcess_918,GB_SamplingFeature_918,O3,http://dd.eionet.europa.eu/vocabulary/aq/pollutant/7,hour,24.0818200000,µg/m3,2018-05-19 08:00:00 +01:00,2018-05-19 09:00:00 +01:00,1,1
GB,http://environment.data.gov.uk/air-quality/so,GB_Network_1,Station_GB1024A,,GB_SamplingPoint_74174,GB_StationProcess_918,GB_SamplingFeature_918,O3,http://dd.eionet.europa.eu/vocabulary/aq/pollutant/7,hour,68.4153500000,µg/m3,2018-05-19 10:00:00 +01:00,2018-05-19 11:00:00 +01:00,1,1
GB,http://environment.data.gov.uk/air-quality/so,GB_Network_1,Station_GB1024A,,GB_SamplingPoint_74174,GB_StationProcess_918,GB_SamplingFeature_918,O3,http://dd.eionet.europa.eu/vocabulary/aq/pollutant/7,hour,78.2300000000,µg/m3,2018-05-19 11:00:00 +01:00,2018-05-19 12:00:00 +01:00,1,1
GB,http://environment.data.gov.uk/air-quality/so,GB_Network_1,Station_GB1024A,,GB_SamplingPoint_74174,GB_StationProcess_918,GB_SamplingFeature_918,O3,http://dd.eionet.europa.eu/vocabulary/aq/pollutant/7,hour,82.1079900000,µg/m3,2018-05-19 12:00:00 +01:00,2018-05-19 13:00:00 +01:00,1,1
GB,http://environment.data.gov.uk/air-quality/so,GB_Network_1,Station_GB1024A,,GB_SamplingPoint_74174,GB_StationProcess_918,GB_SamplingFeature_918,O3,http://dd.eionet.europa.eu/vocabulary/aq/pollutant/7,hour,86.5604900000,µg/m3,2018-05-19 13:00:00 +01:00,2018-05-19 14:00:00 +01:00,1,1
GB,http://environment.data.gov.uk/air-quality/so,GB_Network_1,Station_GB1024A,,GB_SamplingPoint_74174,GB_StationProcess_918,GB_SamplingFeature_918,O3,http://dd.eionet.europa.eu/vocabulary/aq/pollutant/7,hour,90.9172400000,µg/m3,2018-05-19 16:00:00 +01:00,2018-05-19 17:00:00 +01:00,1,1
GB,http://environment.data.gov.uk/air-quality/so,GB_Network_1,Station_GB1024A,,GB_SamplingPoint_74174,GB_StationProcess_918,GB_SamplingFeature_918,O3,http://dd.eionet.europa.eu/vocabulary/aq/pollutant/7,hour,91.3960100000,µg/m3,2018-05-19 17:00:00 +01:00,2018-05-19 18:00:00 +01:00,1,1
GB,http://environment.data.gov.uk/air-quality/so,GB_Network_1,Station_GB1024A,,GB_SamplingPoint_74174,GB_StationProcess_918,GB_SamplingFeature_918,O3,http://dd.eionet.europa.eu/vocabulary/aq/pollutant/7,hour,77.1288500000,µg/m3,2018-05-19 19:00:00 +01:00,2018-05-19 20:00:00 +01:00,1,1
GB,http://environment.data.gov.uk/air-quality/so,GB_Network_1,Station_GB1024A,,GB_SamplingPoint_74174,GB_StationProcess_918,GB_SamplingFeature_918,O3,http://dd.eionet.europa.eu/vocabulary/aq/pollutant/7,hour,69.8995100000,µg/m3,2018-05-19 20:00:00 +01:00,2018-05-19 21:00:00 +01:00,1,1
GB,http://environment.data.gov.uk/air-quality/so,GB_Network_1,Station_GB1024A,,GB_SamplingPoint_74174,GB_StationProcess_918,GB_SamplingFeature_918,O3,http://dd.eionet.europa.eu/vocabulary/aq/pollutant/7,hour,62.3350500000,µg/m3,2018-05-19 21:00:00 +01:00,2018-05-19 22:00:00 +01:00,1,1
GB,http://environment.data.gov.uk/air-quality/so,GB_Network_1,Station_GB1024A,,GB_SamplingPoint_74174,GB_StationProcess_918,GB_SamplingFeature_918,O3,http://dd.eionet.europa.eu/vocabulary/aq/pollutant/7,hour,21.0656100000,µg/m3,2018-05-19 23:00:00 +01:00,2018-05-20 00:00:00 +01:00,1,1
GB,http://environment.data.gov.uk/air-quality/so,GB_Network_1,Station_GB1024A,,GB_SamplingPoint_74174,GB_StationProcess_918,GB_SamplingFeature_918,O3,http://dd.eionet.europa.eu/vocabulary/aq/pollutant/7,hour,11.4903300000,µg/m3,2018-05-20 00:00:00 +01:00,2018-05-20 01:00:00 +01:00,1,1
GB,http://environment.data.gov.uk/air-quality/so,GB_Network_1,Station_GB1024A,,GB_SamplingPoint_74174,GB_StationProcess_918,GB_SamplingFeature_918,O3,http://dd.eionet.europa.eu/vocabulary/aq/pollutant/7,hour,5.2913500000,µg/m3,2018-05-20 01:00:00 +01:00,2018-05-20 02:00:00 +01:00,2,1
GB,http://environment.data.gov.uk/air-quality/so,GB_Network_1,Station_GB1024A,,GB_SamplingPoint_74174,GB_StationProcess_918,GB_SamplingFeature_918,O3,http://dd.eionet.europa.eu/vocabulary/aq/pollutant/7,hour,1.5937800000,µg/m3,2018-05-20 02:00:00 +01:00,2018-05-20 03:00:00 +01:00,2,1
GB,http://environment.data.gov.uk/air-quality/so,GB_Network_1,Station_GB1024A,,GB_SamplingPoint_74174,GB_StationProcess_918,GB_SamplingFeature_918,O3,http://dd.eionet.europa.eu/vocabulary/aq/pollutant/7,hour,1.1953300000,µg/m3,2018-05-20 03:00:00 +01:00,2018-05-20 04:00:00 +01:00,2,1
GB,http://environment.data.gov.uk/air-quality/so,GB_Network_1,Station_GB1024A,,GB_SamplingPoint_74174,GB_StationProcess_918,GB_SamplingFeature_918,O3,http://dd.eionet.europa.eu/vocabulary/aq/pollutant/7,hour,1.3387800000,µg/m3,2018-05-20 04:00:00 +01:00,2018-05-20 05:00:00 +01:00,2,1
GB,http://environment.data.gov.uk/air-quality/so,GB_Network_1,Station_GB1024A,,GB_SamplingPoint_74174,GB_StationProcess_918,GB_SamplingFeature_918,O3,http://dd.eionet.europa.eu/vocabulary/aq/pollutant/7,hour,1.6256600000,µg/m3,2018-05-20 05:00:00 +01:00,2018-05-20 06:00:00 +01:00,2,1
GB,http://environment.data.gov.uk/air-quality/so,GB_Network_1,Station_GB1024A,,GB_SamplingPoint_74174,GB_StationProcess_918,GB_SamplingFeature_918,O3,http://dd.eionet.europa.eu/vocabulary/aq/pollutant/7,hour,6.0723000000,µg/m3,2018-05-20 06:00:00 +01:00,2018-05-20 07:00:00 +01:00,2,1
GB,http://environment.data.gov.uk/air-quality/so,GB_Network_1,Station_GB1024A,,GB_SamplingPoint_74174,GB_StationProcess_918,GB_SamplingFeature_918,O3,http://dd.eionet.europa.eu/vocabulary/aq/pollutant/7,hour,13.6746300000,µg/m3,2018-05-20 07:00:00 +01:00,2018-05-20 08:00:00 +01:00,1,1
GB,http://environment.data.gov.uk/air-quality/so,GB_Network_1,Station_GB1024A,,GB_SamplingPoint_74174,GB_StationProcess_918,GB_SamplingFeature_918,O3,http://dd.eionet.europa.eu/vocabulary/aq/pollutant/7,hour,20.6553800000,µg/m3,2018-05-20 08:00:00 +01:00,2018-05-20 09:00:00 +01:00,1,1
GB,http://environment.data.gov.uk/air-quality/so,GB_Network_1,Station_GB1024A,,GB_SamplingPoint_74174,GB_StationProcess_918,GB_SamplingFeature_918,O3,http://dd.eionet.europa.eu/vocabulary/aq/pollutant/7,hour,26.9667500000,µg/m3,2018-05-20 09:00:00 +01:00,2018-05-20 10:00:00 +01:00,1,1
GB,http://environment.data.gov.uk/air-quality/so,GB_Network_1,Station_GB1024A,,GB_SamplingPoint_74174,GB_StationProcess_918,GB_SamplingFeature_918,O3,http://dd.eionet.europa.eu/vocabulary/aq/pollutant/7,hour,81.2349300000,µg/m3,2018-05-20 13:00:00 +01:00,2018-05-20 14:00:00 +01:00,1,1
GB,http://environment.data.gov.uk/air-quality/so,GB_Network_1,Station_GB1024A,,GB_SamplingPoint_74174,GB_StationProcess_918,GB_SamplingFeature_918,O3,http://dd.eionet.europa.eu/vocabulary/aq/pollutant/7,hour,91.8016800000,µg/m3,2018-05-20 14:00:00 +01:00,2018-05-20 15:00:00 +01:00,1,1
GB,http://environment.data.gov.uk/air-quality/so,GB_Network_1,Station_GB1024A,,GB_SamplingPoint_74174,GB_StationProcess_918,GB_SamplingFeature_918,O3,http://dd.eionet.europa.eu/vocabulary/aq/pollutant/7,hour,95.5789400000,µg/m3,2018-05-20 17:00:00 +01:00,2018-05-20 18:00:00 +01:00,1,1
GB,http://environment.data.gov.uk/air-quality/so,GB_Network_1,Station_GB1024A,,GB_SamplingPoint_74174,GB_StationProcess_918,GB_SamplingFeature_918,O3,http://dd.eionet.europa.eu/vocabulary/aq/pollutant/7,hour,87.0681600000,µg/m3,2018-05-20 18:00:00 +01:00,2018-05-20 19:00:00 +01:00,1,1
GB,http://environment.data.gov.uk/air-quality/so,GB_Network_1,Station_GB1024A,,GB_SamplingPoint_74174,GB_StationProcess_918,GB_SamplingFeature_918,O3,http://dd.eionet.europa.eu/vocabulary/aq/pollutant/7,hour,29.5008500000,µg/m3,2018-05-20 23:00:00 +01:00,2018-05-21 00:00:00 +01:00,1,1
GB,http://environment.data.gov.uk/air-quality/so,GB_Network_1,Station_GB1024A,,GB_SamplingPoint_74174,GB_StationProcess_918,GB_SamplingFeature_918,O3,http://dd.eionet.europa.eu/vocabulary/aq/pollutant/7,hour,25.2454600000,µg/m3,2018-05-21 00:00:00 +01:00,2018-05-21 01:00:00 +01:00,1,1
GB,http://environment.data.gov.uk/air-quality/so,GB_Network_1,Station_GB1024A,,GB_SamplingPoint_74174,GB_StationProcess_918,GB_SamplingFeature_918,O3,http://dd.eionet.europa.eu/vocabulary/aq/pollutant/7,hour,30.4329000000,µg/m3,2018-05-21 01:00:00 +01:00,2018-05-21 02:00:00 +01:00,1,1
GB,http://environment.data.gov.uk/air-quality/so,GB_Network_1,Station_GB1024A,,GB_SamplingPoint_74174,GB_StationProcess_918,GB_SamplingFeature_918,O3,http://dd.eionet.europa.eu/vocabulary/aq/pollutant/7,hour,36.0992800000,µg/m3,2018-05-21 02:00:00 +01:00,2018-05-21 03:00:00 +01:00,1,1
GB,http://environment.data.gov.uk/air-quality/so,GB_Network_1,Station_GB1024A,,GB_SamplingPoint_74174,GB_StationProcess_918,GB_SamplingFeature_918,O3,http://dd.eionet.europa.eu/vocabulary/aq/pollutant/7,hour,20.2939100000,µg/m3,2018-05-21 07:00:00 +01:00,2018-05-21 08:00:00 +01:00,1,1
GB,http://environment.data.gov.uk/air-quality/so,GB_Network_1,Station_GB1024A,,GB_SamplingPoint_74174,GB_StationProcess_918,GB_SamplingFeature_918,O3,http://dd.eionet.europa.eu/vocabulary/aq/pollutant/7,hour,50.3766400000,µg/m3,2018-05-21 10:00:00 +01:00,2018-05-21 11:00:00 +01:00,1,1
GB,http://environment.data.gov.uk/air-quality/so,GB_Network_1,Station_GB1024A,,GB_SamplingPoint_74174,GB_StationProcess_918,GB_SamplingFeature_918,O3,http://dd.eionet.europa.eu/vocabulary/aq/pollutant/7,hour,81.9873900000,µg/m3,2018-05-21 12:00:00 +01:00,2018-05-21 13:00:00 +01:00,1,1
GB,http://environment.data.gov.uk/air-quality/so,GB_Network_1,Station_GB1024A,,GB_SamplingPoint_74174,GB_StationProcess_918,GB_SamplingFeature_918,O3,http://dd.eionet.europa.eu/vocabulary/aq/pollutant/7,hour,81.4621300000,µg/m3,2018-05-21 13:00:00 +01:00,2018-05-21 14:00:00 +01:00,1,1
GB,http://environment.data.gov.uk/air-quality/so,GB_Network_1,Station_GB1024A,,GB_SamplingPoint_74174,GB_StationProcess_918,GB_SamplingFeature_918,O3,http://dd.eionet.europa.eu/vocabulary/aq/pollutant/7,hour,74.2040800000,µg/m3,2018-05-21 15:00:00 +01:00,2018-05-21 16:00:00 +01:00,1,1
GB,http://environment.data.gov.uk/air-quality/so,GB_Network_1,Station_GB1024A,,GB_SamplingPoint_74174,GB_StationProcess_918,GB_SamplingFeature_918,O3,http://dd.eionet.europa.eu/vocabulary/aq/pollutant/7,hour,92.2537200000,µg/m3,2018-05-21 17:00:00 +01:00,2018-05-21 18:00:00 +01:00,1,1
GB,http://environment.data.gov.uk/air-quality/so,GB_Network_1,Station_GB1024A,,GB_SamplingPoint_74174,GB_StationProcess_918,GB_SamplingFeature_918,O3,http://dd.eionet.europa.eu/vocabulary/aq/pollutant/7,hour,105.3850700000,µg/m3,2018-05-21 18:00:00 +01:00,2018-05-21 19:00:00 +01:00,1,1
GB,http://environment.data.gov.uk/air-quality/so,GB_Network_1,Station_GB1024A,,GB_SamplingPoint_74174,GB_StationProcess_918,GB_SamplingFeature_918,O3,http://dd.eionet.europa.eu/vocabulary/aq/pollutant/7,hour,86.9056800000,µg/m3,2018-05-21 19:00:00 +01:00,2018-05-21 20:00:00 +01:00,1,1
GB,http://environment.data.gov.uk/air-quality/so,GB_Network_1,Station_GB1024A,,GB_SamplingPoint_74174,GB_StationProcess_918,GB_SamplingFeature_918,O3,http://dd.eionet.europa.eu/vocabulary/aq/pollutant/7,hour,41.2085700000,µg/m3,2018-05-21 21:00:00 +01:00,2018-05-21 22:00:00 +01:00,1,1
GB,http://environment.data.gov.uk/air-quality/so,GB_Network_1,Station_GB1024A,,GB_SamplingPoint_74174,GB_StationProcess_918,GB_SamplingFeature_918,O3,http://dd.eionet.europa.eu/vocabulary/aq/pollutant/7,hour,17.7631400000,µg/m3,2018-05-21 22:00:00 +01:00,2018-05-21 23:00:00 +01:00,1,1
GB,http://environment.data.gov.uk/air-quality/so,GB_Network_1,Station_GB1024A,,GB_SamplingPoint_74174,GB_StationProcess_918,GB_SamplingFeature_918,O3,http://dd.eionet.europa.eu/vocabulary/aq/pollutant/7,hour,57.9689500000,µg/m3,2018-05-22 00:00:00 +01:00,2018-05-22 01:00:00 +01:00,1,1
GB,http://environment.data.gov.uk/air-quality/so,GB_Network_1,Station_GB1024A,,GB_SamplingPoint_74174,GB_StationProcess_918,GB_SamplingFeature_918,O3,http://dd.eionet.europa.eu/vocabulary/aq/pollutant/7,hour,61.1670000000,µg/m3,2018-05-22 01:00:00 +01:00,2018-05-22 02:00:00 +01:00,1,1
GB,http://environment.data.gov.uk/air-quality/so,GB_Network_1,Station_GB1024A,,GB_SamplingPoint_74174,GB_StationProcess_918,GB_SamplingFeature_918,O3,http://dd.eionet.europa.eu/vocabulary/aq/pollutant/7,hour,67.3981500000,µg/m3,2018-05-22 02:00:00 +01:00,2018-05-22 03:00:00 +01:00,1,1
GB,http://environment.data.gov.uk/air-quality/so,GB_Network_1,Station_GB1024A,,GB_SamplingPoint_74174,GB_StationProcess_918,GB_SamplingFeature_918,O3,http://dd.eionet.europa.eu/vocabulary/aq/pollutant/7,hour,69.8619900000,µg/m3,2018-05-22 05:00:00 +01:00,2018-05-22 06:00:00 +01:00,1,1
GB,http://environment.data.gov.uk/air-quality/so,GB_Network_1,Station_GB1024A,,GB_SamplingPoint_74174,GB_StationProcess_918,GB_SamplingFeature_918,O3,http://dd.eionet.europa.eu/vocabulary/aq/pollutant/7,hour,68.7651800000,µg/m3,2018-05-22 08:00:00 +01:00,2018-05-22 09:00:00 +01:00,1,1
GB,http://environment.data.gov.uk/air-quality/so,GB_Network_1,Station_GB1024A,,GB_SamplingPoint_74174,GB_StationProcess_918,GB_SamplingFeature_918,O3,http://dd.eionet.europa.eu/vocabulary/aq/pollutant/7,hour,85.5511400000,µg/m3,2018-05-22 12:00:00 +01:00,2018-05-22 13:00:00 +01:00,1,1
GB,http://environment.data.gov.uk/air-quality/so,GB_Network_1,Station_GB1024A,,GB_SamplingPoint_74174,GB_StationProcess_918,GB_SamplingFeature_918,O3,http://dd.eionet.europa.eu/vocabulary/aq/pollutant/7,hour,93.1811200000,µg/m3,2018-05-22 13:00:00 +01:00,2018-05-22 14:00:00 +01:00,1,1
GB,http://environment.data.gov.uk/air-quality/so,GB_Network_1,Station_GB1024A,,GB_SamplingPoint_74174,GB_StationProcess_918,GB_SamplingFeature_918,O3,http://dd.eionet.europa.eu/vocabulary/aq/pollutant/7,hour,95.3270500000,µg/m3,2018-05-22 14:00:00 +01:00,2018-05-22 15:00:00 +01:00,1,1
GB,http://environment.data.gov.uk/air-quality/so,GB_Network_1,Station_GB1024A,,GB_SamplingPoint_74174,GB_StationProcess_918,GB_SamplingFeature_918,O3,http://dd.eionet.europa.eu/vocabulary/aq/pollutant/7,hour,93.4195500000,µg/m3,2018-05-22 15:00:00 +01:00,2018-05-22 16:00:00 +01:00,1,1
GB,http://environment.data.gov.uk/air-quality/so,GB_Network_1,Station_GB1024A,,GB_SamplingPoint_74174,GB_StationProcess_918,GB_SamplingFeature_918,O3,http://dd.eionet.europa.eu/vocabulary/aq/pollutant/7,hour,94.0871800000,µg/m3,2018-05-22 16:00:00 +01:00,2018-05-22 17:00:00 +01:00,1,1
GB,http://environment.data.gov.uk/air-quality/so,GB_Network_1,Station_GB1024A,,GB_SamplingPoint_74174,GB_StationProcess_918,GB_SamplingFeature_918,O3,http://dd.eionet.europa.eu/vocabulary/aq/pollutant/7,hour,96.0900500000,µg/m3,2018-05-22 17:00:00 +01:00,2018-05-22 18:00:00 +01:00,1,1
GB,http://environment.data.gov.uk/air-quality/so,GB_Network_1,Station_GB1024A,,GB_SamplingPoint_74174,GB_StationProcess_918,GB_SamplingFeature_918,O3,http://dd.eionet.europa.eu/vocabulary/aq/pollutant/7,hour,95.1363000000,µg/m3,2018-05-22 19:00:00 +01:00,2018-05-22 20:00:00 +01:00,1,1
GB,http://environment.data.gov.uk/air-quality/so,GB_Network_1,Station_GB1024A,,GB_SamplingPoint_74174,GB_StationProcess_918,GB_SamplingFeature_918,O3,http://dd.eionet.europa.eu/vocabulary/aq/pollutant/7,hour,92.0843100000,µg/m3,2018-05-22 20:00:00 +01:00,2018-05-22 21:00:00 +01:00,1,1
GB,http://environment.data.gov.uk/air-quality/so,GB_Network_1,Station_GB1024A,,GB_SamplingPoint_74174,GB_StationProcess_918,GB_SamplingFeature_918,O3,http://dd.eionet.europa.eu/vocabulary/aq/pollutant/7,hour,87.8401300000,µg/m3,2018-05-22 21:00:00 +01:00,2018-05-22 22:00:00 +01:00,1,1
GB,http://environment.data.gov.uk/air-quality/so,GB_Network_1,Station_GB1024A,,GB_SamplingPoint_74174,GB_StationProcess_918,GB_SamplingFeature_918,O3,http://dd.eionet.europa.eu/vocabulary/aq/pollutant/7,hour,90.2245000000,µg/m3,2018-05-22 22:00:00 +01:00,2018-05-22 23:00:00 +01:00,1,1
GB,http://environment.data.gov.uk/air-quality/so,GB_Network_1,Station_GB1024A,,GB_SamplingPoint_74174,GB_StationProcess_918,GB_SamplingFeature_918,O3,http://dd.eionet.europa.eu/vocabulary/aq/pollutant/7,hour,95.7562400000,µg/m3,2018-05-22 23:00:00 +01:00,2018-05-23 00:00:00 +01:00,1,1
GB,http://environment.data.gov.uk/air-quality/so,GB_Network_1,Station_GB1024A,,GB_SamplingPoint_74174,GB_StationProcess_918,GB_SamplingFeature_918,O3,http://dd.eionet.europa.eu/vocabulary/aq/pollutant/7,hour,95.7085500000,µg/m3,2018-05-23 00:00:00 +01:00,2018-05-23 01:00:00 +01:00,1,1
GB,http://environment.data.gov.uk/air-quality/so,GB_Network_1,Station_GB1024A,,GB_SamplingPoint_74174,GB_StationProcess_918,GB_SamplingFeature_918,O3,http://dd.eionet.europa.eu/vocabulary/aq/pollutant/7,hour,97.2172000000,µg/m3,2018-05-23 02:00:00 +01:00,2018-05-23 03:00:00 +01:00,1,1
GB,http://environment.data.gov.uk/air-quality/so,GB_Network_1,Station_GB1024A,,GB_SamplingPoint_74174,GB_StationProcess_918,GB_SamplingFeature_918,O3,http://dd.eionet.europa.eu/vocabulary/aq/pollutant/7,hour,96.9632000000,µg/m3,2018-05-23 03:00:00 +01:00,2018-05-23 04:00:00 +01:00,1,1
GB,http://environment.data.gov.uk/air-quality/so,GB_Network_1,Station_GB1024A,,GB_SamplingPoint_74174,GB_StationProcess_918,GB_SamplingFeature_918,O3,http://dd.eionet.europa.eu/vocabulary/aq/pollutant/7,hour,94.9629800000,µg/m3,2018-05-23 04:00:00 +01:00,2018-05-23 05:00:00 +01:00,1,1
GB,http://environment.data.gov.uk/air-quality/so,GB_Network_1,Station_GB1024A,,GB_SamplingPoint_74174,GB_StationProcess_918,GB_SamplingFeature_918,O3,http://dd.eionet.europa.eu/vocabulary/aq/pollutant/7,hour,93.2961300000,µg/m3,2018-05-23 05:00:00 +01:00,2018-05-23 06:00:00 +01:00,1,1
GB,http://environment.data.gov.uk/air-quality/so,GB_Network_1,Station_GB1024A,,GB_SamplingPoint_74174,GB_StationProcess_918,GB_SamplingFeature_918,O3,http://dd.eionet.europa.eu/vocabulary/aq/pollutant/7,hour,90.0100500000,µg/m3,2018-05-23 07:00:00 +01:00,2018-05-23 08:00:00 +01:00,1,1
GB,http://environment.data.gov.uk/air-quality/so,GB_Network_1,Station_GB1024A,,GB_SamplingPoint_74174,GB_StationProcess_918,GB_SamplingFeature_918,O3,http://dd.eionet.europa.eu/vocabulary/aq/pollutant/7,hour,86.2001000000,µg/m3,2018-05-23 09:00:00 +01:00,2018-05-23 10:00:00 +01:00,1,1
GB,http://environment.data.gov.uk/air-quality/so,GB_Network_1,Station_GB1024A,,GB_SamplingPoint_74174,GB_StationProcess_918,GB_SamplingFeature_918,O3,http://dd.eionet.europa.eu/vocabulary/aq/pollutant/7,hour,84.9618600000,µg/m3,2018-05-23 12:00:00 +01:00,2018-05-23 13:00:00 +01:00,1,1
GB,http://environment.data.gov.uk/air-quality/so,GB_Network_1,Station_GB1024A,,GB_SamplingPoint_74174,GB_StationProcess_918,GB_SamplingFeature_918,O3,http://dd.eionet.europa.eu/vocabulary/aq/pollutant/7,hour,86.0572300000,µg/m3,2018-05-23 13:00:00 +01:00,2018-05-23 14:00:00 +01:00,1,1
GB,http://environment.data.gov.uk/air-quality/so,GB_Network_1,Station_GB1024A,,GB_SamplingPoint_74174,GB_StationProcess_918,GB_SamplingFeature_918,O3,http://dd.eionet.europa.eu/vocabulary/aq/pollutant/7,hour,88.2479500000,µg/m3,2018-05-23 14:00:00 +01:00,2018-05-23 15:00:00 +01:00,1,1
GB,http://environment.data.gov.uk/air-quality/so,GB_Network_1,Station_GB1024A,,GB_SamplingPoint_74174,GB_StationProcess_918,GB_SamplingFeature_918,O3,http://dd.eionet.europa.eu/vocabulary/aq/pollutant/7,hour,89.9148000000,µg/m3,2018-05-23 15:00:00 +01:00,2018-05-23 16:00:00 +01:00,1,1
GB,http://environment.data.gov.uk/air-quality/so,GB_Network_1,Station_GB1024A,,GB_SamplingPoint_74174,GB_StationProcess_918,GB_SamplingFeature_918,O3,http://dd.eionet.europa.eu/vocabulary/aq/pollutant/7,hour,79.3421900000,µg/m3,2018-05-23 19:00:00 +01:00,2018-05-23 20:00:00 +01:00,1,1
GB,http://environment.data.gov.uk/air-quality/so,GB_Network_1,Station_GB1024A,,GB_SamplingPoint_74174,GB_StationProcess_918,GB_SamplingFeature_918,O3,http://dd.eionet.europa.eu/vocabulary/aq/pollutant/7,hour,74.2940100000,µg/m3,2018-05-23 23:00:00 +01:00,2018-05-24 00:00:00 +01:00,1,1
GB,http://environment.data.gov.uk/air-quality/so,GB_Network_1,Station_GB1024A,,GB_SamplingPoint_74174,GB_StationProcess_918,GB_SamplingFeature_918,O3,http://dd.eionet.europa.eu/vocabulary/aq/pollutant/7,hour,78.7230700000,µg/m3,2018-05-24 00:00:00 +01:00,2018-05-24 01:00:00 +01:00,1,1
GB,http://environment.data.gov.uk/air-quality/so,GB_Network_1,Station_GB1024A,,GB_SamplingPoint_74174,GB_StationProcess_918,GB_SamplingFeature_918,O3,http://dd.eionet.europa.eu/vocabulary/aq/pollutant/7,hour,64.8261300000,µg/m3,2018-05-24 03:00:00 +01:00,2018-05-24 04:00:00 +01:00,1,1
GB,http://environment.data.gov.uk/air-quality/so,GB_Network_1,Station_GB1024A,,GB_SamplingPoint_74174,GB_StationProcess_918,GB_SamplingFeature_918,O3,http://dd.eionet.europa.eu/vocabulary/aq/pollutant/7,hour,59.7370700000,µg/m3,2018-05-24 04:00:00 +01:00,2018-05-24 05:00:00 +01:00,1,1
GB,http://environment.data.gov.uk/air-quality/so,GB_Network_1,Station_GB1024A,,GB_SamplingPoint_74174,GB_StationProcess_918,GB_SamplingFeature_918,O3,http://dd.eionet.europa.eu/vocabulary/aq/pollutant/7,hour,61.0687900000,µg/m3,2018-05-24 05:00:00 +01:00,2018-05-24 06:00:00 +01:00,1,1
GB,http://environment.data.gov.uk/air-quality/so,GB_Network_1,Station_GB1024A,,GB_SamplingPoint_74174,GB_StationProcess_918,GB_SamplingFeature_918,O3,http://dd.eionet.europa.eu/vocabulary/aq/pollutant/7,hour,43.0430300000,µg/m3,2018-05-24 08:00:00 +01:00,2018-05-24 09:00:00 +01:00,1,1
GB,http://environment.data.gov.uk/air-quality/so,GB_Network_1,Station_GB1024A,,GB_SamplingPoint_74174,GB_StationProcess_918,GB_SamplingFeature_918,O3,http://dd.eionet.europa.eu/vocabulary/aq/pollutant/7,hour,46.5625700000,µg/m3,2018-05-24 09:00:00 +01:00,2018-05-24 10:00:00 +01:00,1,1
GB,http://environment.data.gov.uk/air-quality/so,GB_Network_1,Station_GB1024A,,GB_SamplingPoint_74174,GB_StationProcess_918,GB_SamplingFeature_918,O3,http://dd.eionet.europa.eu/vocabulary/aq/pollutant/7,hour,49.1308900000,µg/m3,2018-05-24 11:00:00 +01:00,2018-05-24 12:00:00 +01:00,1,1
GB,http://environment.data.gov.uk/air-quality/so,GB_Network_1,Station_GB1024A,,GB_SamplingPoint_74174,GB_StationProcess_918,GB_SamplingFeature_918,O3,http://dd.eionet.europa.eu/vocabulary/aq/pollutant/7,hour,49.7967400000,µg/m3,2018-05-24 12:00:00 +01:00,2018-05-24 13:00:00 +01:00,1,1
GB,http://environment.data.gov.uk/air-quality/so,GB_Network_1,Station_GB1024A,,GB_SamplingPoint_74174,GB_StationProcess_918,GB_SamplingFeature_918,O3,http://dd.eionet.europa.eu/vocabulary/aq/pollutant/7,hour,60.4504900000,µg/m3,2018-05-24 13:00:00 +01:00,2018-05-24 14:00:00 +01:00,1,1
GB,http://environment.data.gov.uk/air-quality/so,GB_Network_1,Station_GB1024A,,GB_SamplingPoint_74174,GB_StationProcess_918,GB_SamplingFeature_918,O3,http://dd.eionet.europa.eu/vocabulary/aq/pollutant/7,hour,67.9651800000,µg/m3,2018-05-24 16:00:00 +01:00,2018-05-24 17:00:00 +01:00,1,1
GB,http://environment.data.gov.uk/air-quality/so,GB_Network_1,Station_GB1024A,,GB_SamplingPoint_74174,GB_StationProcess_918,GB_SamplingFeature_918,O3,http://dd.eionet.europa.eu/vocabulary/aq/pollutant/7,hour,65.1115000000,µg/m3,2018-05-24 17:00:00 +01:00,2018-05-24 18:00:00 +01:00,1,1
GB,http://environment.data.gov.uk/air-quality/so,GB_Network_1,Station_GB1024A,,GB_SamplingPoint_74174,GB_StationProcess_918,GB_SamplingFeature_918,O3,http://dd.eionet.europa.eu/vocabulary/aq/pollutant/7,hour,54.5528800000,µg/m3,2018-05-24 18:00:00 +01:00,2018-05-24 19:00:00 +01:00,1,1
GB,http://environment.data.gov.uk/air-quality/so,GB_Network_1,Station_GB1024A,,GB_SamplingPoint_74174,GB_StationProcess_918,GB_SamplingFeature_918,O3,http://dd.eionet.europa.eu/vocabulary/aq/pollutant/7,hour,86.7994800000,µg/m3,2018-05-24 21:00:00 +01:00,2018-05-24 22:00:00 +01:00,1,1
GB,http://environment.data.gov.uk/air-quality/so,GB_Network_1,Station_GB1024A,,GB_SamplingPoint_74174,GB_StationProcess_918,GB_SamplingFeature_918,O3,http://dd.eionet.europa.eu/vocabulary/aq/pollutant/7,hour,73.5774200000,µg/m3,2018-05-24 22:00:00 +01:00,2018-05-24 23:00:00 +01:00,1,1
GB,http://environment.data.gov.uk/air-quality/so,GB_Network_1,Station_GB1024A,,GB_SamplingPoint_74174,GB_StationProcess_918,GB_SamplingFeature_918,O3,http://dd.eionet.europa.eu/vocabulary/aq/pollutant/7,hour,75.0993900000,µg/m3,2018-05-24 23:00:00 +01:00,2018-05-25 00:00:00 +01:00,1,1
GB,http://environment.data.gov.uk/air-quality/so,GB_Network_1,Station_GB1024A,,GB_SamplingPoint_74174,GB_StationProcess_918,GB_SamplingFeature_918,O3,http://dd.eionet.europa.eu/vocabulary/aq/pollutant/7,hour,87.7769600000,µg/m3,2018-05-25 01:00:00 +01:00,2018-05-25 02:00:00 +01:00,1,1
GB,http://environment.data.gov.uk/air-quality/so,GB_Network_1,Station_GB1024A,,GB_SamplingPoint_74174,GB_StationProcess_918,GB_SamplingFeature_918,O3,http://dd.eionet.europa.eu/vocabulary/aq/pollutant/7,hour,86.3203500000,µg/m3,2018-05-25 02:00:00 +01:00,2018-05-25 03:00:00 +01:00,1,1
GB,http://environment.data.gov.uk/air-quality/so,GB_Network_1,Station_GB1024A,,GB_SamplingPoint_74174,GB_StationProcess_918,GB_SamplingFeature_918,O3,http://dd.eionet.europa.eu/vocabulary/aq/pollutant/7,hour,52.6756800000,µg/m3,2018-05-25 05:00:00 +01:00,2018-05-25 06:00:00 +01:00,1,1
GB,http://environment.data.gov.uk/air-quality/so,GB_Network_1,Station_GB1024A,,GB_SamplingPoint_74174,GB_StationProcess_918,GB_SamplingFeature_918,O3,http://dd.eionet.europa.eu/vocabulary/aq/pollutant/7,hour,46.6908800000,µg/m3,2018-05-25 08:00:00 +01:00,2018-05-25 09:00:00 +01:00,1,1
GB,http://environment.data.gov.uk/air-quality/so,GB_Network_1,Station_GB1024A,,GB_SamplingPoint_74174,GB_StationProcess_918,GB_SamplingFeature_918,O3,http://dd.eionet.europa.eu/vocabulary/aq/pollutant/7,hour,45.2184400000,µg/m3,2018-05-25 09:00:00 +01:00,2018-05-25 10:00:00 +01:00,1,1
GB,http://environment.data.gov.uk/air-quality/so,GB_Network_1,Station_GB1024A,,GB_SamplingPoint_74174,GB_StationProcess_918,GB_SamplingFeature_918,O3,http://dd.eionet.europa.eu/vocabulary/aq/pollutant/7,hour,47.3558600000,µg/m3,2018-05-25 10:00:00 +01:00,2018-05-25 11:00:00 +01:00,1,1
GB,http://environment.data.gov.uk/air-quality/so,GB_Network_1,Station_GB1024A,,GB_SamplingPoint_74174,GB_StationProcess_918,GB_SamplingFeature_918,O3,http://dd.eionet.europa.eu/vocabulary/aq/pollutant/7,hour,44.1259700000,µg/m3,2018-05-25 11:00:00 +01:00,2018-05-25 12:00:00 +01:00,1,1
GB,http://environment.data.gov.uk/air-quality/so,GB_Network_1,Station_GB1024A,,GB_SamplingPoint_74174,GB_StationProcess_918,GB_SamplingFeature_918,O3,http://dd.eionet.europa.eu/vocabulary/aq/pollutant/7,hour,47.8783400000,µg/m3,2018-05-25 12:00:00 +01:00,2018-05-25 13:00:00 +01:00,1,1
GB,http://environment.data.gov.uk/air-quality/so,GB_Network_1,Station_GB1024A,,GB_SamplingPoint_74174,GB_StationProcess_918,GB_SamplingFeature_918,O3,http://dd.eionet.europa.eu/vocabulary/aq/pollutant/7,hour,45.6934200000,µg/m3,2018-05-25 13:00:00 +01:00,2018-05-25 14:00:00 +01:00,1,1
GB,http://environment.data.gov.uk/air-quality/so,GB_Network_1,Station_GB1024A,,GB_SamplingPoint_74174,GB_StationProcess_918,GB_SamplingFeature_918,O3,http://dd.eionet.europa.eu/vocabulary/aq/pollutant/7,hour,36.2887500000,µg/m3,2018-05-25 15:00:00 +01:00,2018-05-25 16:00:00 +01:00,1,1
GB,http://environment.data.gov.uk/air-quality/so,GB_Network_1,Station_GB1024A,,GB_SamplingPoint_74174,GB_StationProcess_918,GB_SamplingFeature_918,O3,http://dd.eionet.europa.eu/vocabulary/aq/pollutant/7,hour,35.7662600000,µg/m3,2018-05-25 16:00:00 +01:00,2018-05-25 17:00:00 +01:00,1,1
GB,http://environment.data.gov.uk/air-quality/so,GB_Network_1,Station_GB1024A,,GB_SamplingPoint_74174,GB_StationProcess_918,GB_SamplingFeature_918,O3,http://dd.eionet.europa.eu/vocabulary/aq/pollutant/7,hour,39.9461200000,µg/m3,2018-05-25 17:00:00 +01:00,2018-05-25 18:00:00 +01:00,1,1
GB,http://environment.data.gov.uk/air-quality/so,GB_Network_1,Station_GB1024A,,GB_SamplingPoint_74174,GB_StationProcess_918,GB_SamplingFeature_918,O3,http://dd.eionet.europa.eu/vocabulary/aq/pollutant/7,hour,39.8036200000,µg/m3,2018-05-25 18:00:00 +01:00,2018-05-25 19:00:00 +01:00,1,1
GB,http://environment.data.gov.uk/air-quality/so,GB_Network_1,Station_GB1024A,,GB_SamplingPoint_74174,GB_StationProcess_918,GB_SamplingFeature_918,O3,http://dd.eionet.europa.eu/vocabulary/aq/pollutant/7,hour,35.5287700000,µg/m3,2018-05-25 19:00:00 +01:00,2018-05-25 20:00:00 +01:00,1,1
GB,http://environment.data.gov.uk/air-quality/so,GB_Network_1,Station_GB1024A,,GB_SamplingPoint_74174,GB_StationProcess_918,GB_SamplingFeature_918,O3,http://dd.eionet.europa.eu/vocabulary/aq/pollutant/7,hour,28.2140200000,µg/m3,2018-05-25 22:00:00 +01:00,2018-05-25 23:00:00 +01:00,1,1
GB,http://environment.data.gov.uk/air-quality/so,GB_Network_1,Station_GB1024A,,GB_SamplingPoint_74174,GB_StationProcess_918,GB_SamplingFeature_918,O3,http://dd.eionet.europa.eu/vocabulary/aq/pollutant/7,hour,3.8948700000,µg/m3,2018-05-26 00:00:00 +01:00,2018-05-26 01:00:00 +01:00,2,1
GB,http://environment.data.gov.uk/air-quality/so,GB_Network_1,Station_GB1024A,,GB_SamplingPoint_74174,GB_StationProcess_918,GB_SamplingFeature_918,O3,http://dd.eionet.europa.eu/vocabulary/aq/pollutant/7,hour,14.2938500000,µg/m3,2018-05-26 01:00:00 +01:00,2018-05-26 02:00:00 +01:00,1,1
GB,http://environment.data.gov.uk/air-quality/so,GB_Network_1,Station_GB1024A,,GB_SamplingPoint_74174,GB_StationProcess_918,GB_SamplingFeature_918,O3,http://dd.eionet.europa.eu/vocabulary/aq/pollutant/7,hour,67.4056400000,µg/m3,2018-05-26 05:00:00 +01:00,2018-05-26 06:00:00 +01:00,1,1
GB,http://environment.data.gov.uk/air-quality/so,GB_Network_1,Station_GB1024A,,GB_SamplingPoint_74174,GB_StationProcess_918,GB_SamplingFeature_918,O3,http://dd.eionet.europa.eu/vocabulary/aq/pollutant/7,hour,62.1877500000,µg/m3,2018-05-26 06:00:00 +01:00,2018-05-26 07:00:00 +01:00,1,1
GB,http://environment.data.gov.uk/air-quality/so,GB_Network_1,Station_GB1024A,,GB_SamplingPoint_74174,GB_StationProcess_918,GB_SamplingFeature_918,O3,http://dd.eionet.europa.eu/vocabulary/aq/pollutant/7,hour,66.5518000000,µg/m3,2018-05-26 07:00:00 +01:00,2018-05-26 08:00:00 +01:00,1,1
GB,http://environment.data.gov.uk/air-quality/so,GB_Network_1,Station_GB1024A,,GB_SamplingPoint_74174,GB_StationProcess_918,GB_SamplingFeature_918,O3,http://dd.eionet.europa.eu/vocabulary/aq/pollutant/7,hour,59.1044500000,µg/m3,2018-05-26 08:00:00 +01:00,2018-05-26 09:00:00 +01:00,1,1
GB,http://environment.data.gov.uk/air-quality/so,GB_Network_1,Station_GB1024A,,GB_SamplingPoint_74174,GB_StationProcess_918,GB_SamplingFeature_918,O3,http://dd.eionet.europa.eu/vocabulary/aq/pollutant/7,hour,88.2771900000,µg/m3,2018-05-26 12:00:00 +01:00,2018-05-26 13:00:00 +01:00,1,1
GB,http://environment.data.gov.uk/air-quality/so,GB_Network_1,Station_GB1024A,,GB_SamplingPoint_74174,GB_StationProcess_918,GB_SamplingFeature_918,O3,http://dd.eionet.europa.eu/vocabulary/aq/pollutant/7,hour,108.3897800000,µg/m3,2018-05-26 14:00:00 +01:00,2018-05-26 15:00:00 +01:00,1,1
GB,http://environment.data.gov.uk/air-quality/so,GB_Network_1,Station_GB1024A,,GB_SamplingPoint_74174,GB_StationProcess_918,GB_SamplingFeature_918,O3,http://dd.eionet.europa.eu/vocabulary/aq/pollutant/7,hour,114.9833000000,µg/m3,2018-05-26 15:00:00 +01:00,2018-05-26 16:00:00 +01:00,1,1
GB,http://environment.data.gov.uk/air-quality/so,GB_Network_1,Station_GB1024A,,GB_SamplingPoint_74174,GB_StationProcess_918,GB_SamplingFeature_918,O3,http://dd.eionet.europa.eu/vocabulary/aq/pollutant/7,hour,120.5806700000,µg/m3,2018-05-26 16:00:00 +01:00,2018-05-26 17:00:00 +01:00,1,1
GB,http://environment.data.gov.uk/air-quality/so,GB_Network_1,Station_GB1024A,,GB_SamplingPoint_74174,GB_StationProcess_918,GB_SamplingFeature_918,O3,http://dd.eionet.europa.eu/vocabulary/aq/pollutant/7,hour,121.8614200000,µg/m3,2018-05-26 17:00:00 +01:00,2018-05-26 18:00:00 +01:00,1,1
GB,http://environment.data.gov.uk/air-quality/so,GB_Network_1,Station_GB1024A,,GB_SamplingPoint_74174,GB_StationProcess_918,GB_SamplingFeature_918,O3,http://dd.eionet.europa.eu/vocabulary/aq/pollutant/7,hour,115.6948200000,µg/m3,2018-05-26 18:00:00 +01:00,2018-05-26 19:00:00 +01:00,1,1
GB,http://environment.data.gov.uk/air-quality/so,GB_Network_1,Station_GB1024A,,GB_SamplingPoint_74174,GB_StationProcess_918,GB_SamplingFeature_918,O3,http://dd.eionet.europa.eu/vocabulary/aq/pollutant/7,hour,125.0870200000,µg/m3,2018-05-26 19:00:00 +01:00,2018-05-26 20:00:00 +01:00,1,1
GB,http://environment.data.gov.uk/air-quality/so,GB_Network_1,Station_GB1024A,,GB_SamplingPoint_74174,GB_StationProcess_918,GB_SamplingFeature_918,O3,http://dd.eionet.europa.eu/vocabulary/aq/pollutant/7,hour,116.4063600000,µg/m3,2018-05-26 21:00:00 +01:00,2018-05-26 22:00:00 +01:00,1,1
GB,http://environment.data.gov.uk/air-quality/so,GB_Network_1,Station_GB1024A,,GB_SamplingPoint_74174,GB_StationProcess_918,GB_SamplingFeature_918,O3,http://dd.eionet.europa.eu/vocabulary/aq/pollutant/7,hour,105.7334000000,µg/m3,2018-05-26 22:00:00 +01:00,2018-05-26 23:00:00 +01:00,1,1
GB,http://environment.data.gov.uk/air-quality/so,GB_Network_1,Station_GB1024A,,GB_SamplingPoint_74174,GB_StationProcess_918,GB_SamplingFeature_918,O3,http://dd.eionet.europa.eu/vocabulary/aq/pollutant/7,hour,49.6462200000,µg/m3,2018-05-27 01:00:00 +01:00,2018-05-27 02:00:00 +01:00,1,1
GB,http://environment.data.gov.uk/air-quality/so,GB_Network_1,Station_GB1024A,,GB_SamplingPoint_74174,GB_StationProcess_918,GB_SamplingFeature_918,O3,http://dd.eionet.europa.eu/vocabulary/aq/pollutant/7,hour,68.4688400000,µg/m3,2018-05-27 02:00:00 +01:00,2018-05-27 03:00:00 +01:00,1,1
GB,http://environment.data.gov.uk/air-quality/so,GB_Network_1,Station_GB1024A,,GB_SamplingPoint_74174,GB_StationProcess_918,GB_SamplingFeature_918,O3,http://dd.eionet.europa.eu/vocabulary/aq/pollutant/7,hour,59.4996700000,µg/m3,2018-05-27 03:00:00 +01:00,2018-05-27 04:00:00 +01:00,1,1
GB,http://environment.data.gov.uk/air-quality/so,GB_Network_1,Station_GB1024A,,GB_SamplingPoint_74174,GB_StationProcess_918,GB_SamplingFeature_918,O3,http://dd.eionet.europa.eu/vocabulary/aq/pollutant/7,hour,53.9097300000,µg/m3,2018-05-27 04:00:00 +01:00,2018-05-27 05:00:00 +01:00,1,1
GB,http://environment.data.gov.uk/air-quality/so,GB_Network_1,Station_GB1024A,,GB_SamplingPoint_74174,GB_StationProcess_918,GB_SamplingFeature_918,O3,http://dd.eionet.europa.eu/vocabulary/aq/pollutant/7,hour,45.6195700000,µg/m3,2018-05-27 05:00:00 +01:00,2018-05-27 06:00:00 +01:00,1,1
GB,http://environment.data.gov.uk/air-quality/so,GB_Network_1,Station_GB1024A,,GB_SamplingPoint_74174,GB_StationProcess_918,GB_SamplingFeature_918,O3,http://dd.eionet.europa.eu/vocabulary/aq/pollutant/7,hour,44.0089100000,µg/m3,2018-05-27 07:00:00 +01:00,2018-05-27 08:00:00 +01:00,1,1
GB,http://environment.data.gov.uk/air-quality/so,GB_Network_1,Station_GB1024A,,GB_SamplingPoint_74174,GB_StationProcess_918,GB_SamplingFeature_918,O3,http://dd.eionet.europa.eu/vocabulary/aq/pollutant/7,hour,57.3205400000,µg/m3,2018-05-27 08:00:00 +01:00,2018-05-27 09:00:00 +01:00,1,1
GB,http://environment.data.gov.uk/air-quality/so,GB_Network_1,Station_GB1024A,,GB_SamplingPoint_74174,GB_StationProcess_918,GB_SamplingFeature_918,O3,http://dd.eionet.europa.eu/vocabulary/aq/pollutant/7,hour,68.5951600000,µg/m3,2018-05-27 11:00:00 +01:00,2018-05-27 12:00:00 +01:00,1,1
GB,http://environment.data.gov.uk/air-quality/so,GB_Network_1,Station_GB1024A,,GB_SamplingPoint_74174,GB_StationProcess_918,GB_SamplingFeature_918,O3,http://dd.eionet.europa.eu/vocabulary/aq/pollutant/7,hour,76.8379500000,µg/m3,2018-05-27 13:00:00 +01:00,2018-05-27 14:00:00 +01:00,1,1
GB,http://environment.data.gov.uk/air-quality/so,GB_Network_1,Station_GB1024A,,GB_SamplingPoint_74174,GB_StationProcess_918,GB_SamplingFeature_918,O3,http://dd.eionet.europa.eu/vocabulary/aq/pollutant/7,hour,96.4027300000,µg/m3,2018-05-27 18:00:00 +01:00,2018-05-27 19:00:00 +01:00,1,1
GB,http://environment.data.gov.uk/air-quality/so,GB_Network_1,Station_GB1024A,,GB_SamplingPoint_74174,GB_StationProcess_918,GB_SamplingFeature_918,O3,http://dd.eionet.europa.eu/vocabulary/aq/pollutant/7,hour,53.6728700000,µg/m3,2018-05-27 21:00:00 +01:00,2018-05-27 22:00:00 +01:00,1,1
GB,http://environment.data.gov.uk/air-quality/so,GB_Network_1,Station_GB1024A,,GB_SamplingPoint_74174,GB_StationProcess_918,GB_SamplingFeature_918,O3,http://dd.eionet.europa.eu/vocabulary/aq/pollutant/7,hour,27.2864700000,µg/m3,2018-05-27 23:00:00 +01:00,2018-05-28 00:00:00 +01:00,1,1
GB,http://environment.data.gov.uk/air-quality/so,GB_Network_1,Station_GB1024A,,GB_SamplingPoint_74174,GB_StationProcess_918,GB_SamplingFeature_918,O3,http://dd.eionet.europa.eu/vocabulary/aq/pollutant/7,hour,13.6250900000,µg/m3,2018-05-28 01:00:00 +01:00,2018-05-28 02:00:00 +01:00,1,1
GB,http://environment.data.gov.uk/air-quality/so,GB_Network_1,Station_GB1024A,,GB_SamplingPoint_74174,GB_StationProcess_918,GB_SamplingFeature_918,O3,http://dd.eionet.europa.eu/vocabulary/aq/pollutant/7,hour,28.6694600000,µg/m3,2018-05-28 03:00:00 +01:00,2018-05-28 04:00:00 +01:00,1,1
GB,http://environment.data.gov.uk/air-quality/so,GB_Network_1,Station_GB1024A,,GB_SamplingPoint_74174,GB_StationProcess_918,GB_SamplingFeature_918,O3,http://dd.eionet.europa.eu/vocabulary/aq/pollutant/7,hour,20.8634200000,µg/m3,2018-05-28 05:00:00 +01:00,2018-05-28 06:00:00 +01:00,1,1
GB,http://environment.data.gov.uk/air-quality/so,GB_Network_1,Station_GB1024A,,GB_SamplingPoint_74174,GB_StationProcess_918,GB_SamplingFeature_918,O3,http://dd.eionet.europa.eu/vocabulary/aq/pollutant/7,hour,32.4069000000,µg/m3,2018-05-28 07:00:00 +01:00,2018-05-28 08:00:00 +01:00,1,1
GB,http://environment.data.gov.uk/air-quality/so,GB_Network_1,Station_GB1024A,,GB_SamplingPoint_74174,GB_StationProcess_918,GB_SamplingFeature_918,O3,http://dd.eionet.europa.eu/vocabulary/aq/pollutant/7,hour,47.3093500000,µg/m3,2018-05-28 10:00:00 +01:00,2018-05-28 11:00:00 +01:00,1,1
GB,http://environment.data.gov.uk/air-quality/so,GB_Network_1,Station_GB1024A,,GB_SamplingPoint_74174,GB_StationProcess_918,GB_SamplingFeature_918,O3,http://dd.eionet.europa.eu/vocabulary/aq/pollutant/7,hour,54.4530600000,µg/m3,2018-05-28 11:00:00 +01:00,2018-05-28 12:00:00 +01:00,1,1
GB,http://environment.data.gov.uk/air-quality/so,GB_Network_1,Station_GB1024A,,GB_SamplingPoint_74174,GB_StationProcess_918,GB_SamplingFeature_918,O3,http://dd.eionet.europa.eu/vocabulary/aq/pollutant/7,hour,60.6032700000,µg/m3,2018-05-28 12:00:00 +01:00,2018-05-28 13:00:00 +01:00,1,1
GB,http://environment.data.gov.uk/air-quality/so,GB_Network_1,Station_GB1024A,,GB_SamplingPoint_74174,GB_StationProcess_918,GB_SamplingFeature_918,O3,http://dd.eionet.europa.eu/vocabulary/aq/pollutant/7,hour,85.3933700000,µg/m3,2018-05-28 14:00:00 +01:00,2018-05-28 15:00:00 +01:00,1,1
GB,http://environment.data.gov.uk/air-quality/so,GB_Network_1,Station_GB1024A,,GB_SamplingPoint_74174,GB_StationProcess_918,GB_SamplingFeature_918,O3,http://dd.eionet.europa.eu/vocabulary/aq/pollutant/7,hour,104.6009600000,µg/m3,2018-05-28 16:00:00 +01:00,2018-05-28 17:00:00 +01:00,1,1
GB,http://environment.data.gov.uk/air-quality/so,GB_Network_1,Station_GB1024A,,GB_SamplingPoint_74174,GB_StationProcess_918,GB_SamplingFeature_918,O3,http://dd.eionet.europa.eu/vocabulary/aq/pollutant/7,hour,103.9859400000,µg/m3,2018-05-28 17:00:00 +01:00,2018-05-28 18:00:00 +01:00,1,1
GB,http://environment.data.gov.uk/air-quality/so,GB_Network_1,Station_GB1024A,,GB_SamplingPoint_74174,GB_StationProcess_918,GB_SamplingFeature_918,O3,http://dd.eionet.europa.eu/vocabulary/aq/pollutant/7,hour,100.2958100000,µg/m3,2018-05-28 18:00:00 +01:00,2018-05-28 19:00:00 +01:00,1,1
GB,http://environment.data.gov.uk/air-quality/so,GB_Network_1,Station_GB1024A,,GB_SamplingPoint_74174,GB_StationProcess_918,GB_SamplingFeature_918,O3,http://dd.eionet.europa.eu/vocabulary/aq/pollutant/7,hour,64.9084200000,µg/m3,2018-05-28 20:00:00 +01:00,2018-05-28 21:00:00 +01:00,1,1
GB,http://environment.data.gov.uk/air-quality/so,GB_Network_1,Station_GB1024A,,GB_SamplingPoint_74174,GB_StationProcess_918,GB_SamplingFeature_918,O3,http://dd.eionet.europa.eu/vocabulary/aq/pollutant/7,hour,66.3750100000,µg/m3,2018-05-28 22:00:00 +01:00,2018-05-28 23:00:00 +01:00,1,1
GB,http://environment.data.gov.uk/air-quality/so,GB_Network_1,Station_GB1024A,,GB_SamplingPoint_74174,GB_StationProcess_918,GB_SamplingFeature_918,O3,http://dd.eionet.europa.eu/vocabulary/aq/pollutant/7,hour,69.0243300000,µg/m3,2018-05-28 23:00:00 +01:00,2018-05-29 00:00:00 +01:00,1,1
GB,http://environment.data.gov.uk/air-quality/so,GB_Network_1,Station_GB1024A,,GB_SamplingPoint_74174,GB_StationProcess_918,GB_SamplingFeature_918,O3,http://dd.eionet.europa.eu/vocabulary/aq/pollutant/7,hour,79.4368500000,µg/m3,2018-05-29 01:00:00 +01:00,2018-05-29 02:00:00 +01:00,1,1
GB,http://environment.data.gov.uk/air-quality/so,GB_Network_1,Station_GB1024A,,GB_SamplingPoint_74174,GB_StationProcess_918,GB_SamplingFeature_918,O3,http://dd.eionet.europa.eu/vocabulary/aq/pollutant/7,hour,83.3897900000,µg/m3,2018-05-29 03:00:00 +01:00,2018-05-29 04:00:00 +01:00,1,1
GB,http://environment.data.gov.uk/air-quality/so,GB_Network_1,Station_GB1024A,,GB_SamplingPoint_74174,GB_StationProcess_918,GB_SamplingFeature_918,O3,http://dd.eionet.europa.eu/vocabulary/aq/pollutant/7,hour,82.6811000000,µg/m3,2018-05-29 04:00:00 +01:00,2018-05-29 05:00:00 +01:00,1,1
GB,http://environment.data.gov.uk/air-quality/so,GB_Network_1,Station_GB1024A,,GB_SamplingPoint_74174,GB_StationProcess_918,GB_SamplingFeature_918,O3,http://dd.eionet.europa.eu/vocabulary/aq/pollutant/7,hour,82.9173300000,µg/m3,2018-05-29 05:00:00 +01:00,2018-05-29 06:00:00 +01:00,1,1
GB,http://environment.data.gov.uk/air-quality/so,GB_Network_1,Station_GB1024A,,GB_SamplingPoint_74174,GB_StationProcess_918,GB_SamplingFeature_918,O3,http://dd.eionet.europa.eu/vocabulary/aq/pollutant/7,hour,83.3897900000,µg/m3,2018-05-29 07:00:00 +01:00,2018-05-29 08:00:00 +01:00,1,1
GB,http://environment.data.gov.uk/air-quality/so,GB_Network_1,Station_GB1024A,,GB_SamplingPoint_74174,GB_StationProcess_918,GB_SamplingFeature_918,O3,http://dd.eionet.europa.eu/vocabulary/aq/pollutant/7,hour,85.2796500000,µg/m3,2018-05-29 08:00:00 +01:00,2018-05-29 09:00:00 +01:00,1,1
GB,http://environment.data.gov.uk/air-quality/so,GB_Network_1,Station_GB1024A,,GB_SamplingPoint_74174,GB_StationProcess_918,GB_SamplingFeature_918,O3,http://dd.eionet.europa.eu/vocabulary/aq/pollutant/7,hour,,µg/m3,2018-05-29 09:00:00 +01:00,2018-05-29 10:00:00 +01:00,-1,1
GB,http://environment.data.gov.uk/air-quality/so,GB_Network_1,Station_GB1024A,,GB_SamplingPoint_74174,GB_StationProcess_918,GB_SamplingFeature_918,O3,http://dd.eionet.europa.eu/vocabulary/aq/pollutant/7,hour,77.9092200000,µg/m3,2018-05-29 10:00:00 +01:00,2018-05-29 11:00:00 +01:00,1,1
GB,http://environment.data.gov.uk/air-quality/so,GB_Network_1,Station_GB1024A,,GB_SamplingPoint_74174,GB_StationProcess_918,GB_SamplingFeature_918,O3,http://dd.eionet.europa.eu/vocabulary/aq/pollutant/7,hour,76.7753000000,µg/m3,2018-05-29 11:00:00 +01:00,2018-05-29 12:00:00 +01:00,1,1
GB,http://environment.data.gov.uk/air-quality/so,GB_Network_1,Station_GB1024A,,GB_SamplingPoint_74174,GB_StationProcess_918,GB_SamplingFeature_918,O3,http://dd.eionet.europa.eu/vocabulary/aq/pollutant/7,hour,43.2776500000,µg/m3,2018-05-29 13:00:00 +01:00,2018-05-29 14:00:00 +01:00,1,1
GB,http://environment.data.gov.uk/air-quality/so,GB_Network_1,Station_GB1024A,,GB_SamplingPoint_74174,GB_StationProcess_918,GB_SamplingFeature_918,O3,http://dd.eionet.europa.eu/vocabulary/aq/pollutant/7,hour,57.4988000000,µg/m3,2018-05-29 15:00:00 +01:00,2018-05-29 16:00:00 +01:00,1,1
GB,http://environment.data.gov.uk/air-quality/so,GB_Network_1,Station_GB1024A,,GB_SamplingPoint_74174,GB_StationProcess_918,GB_SamplingFeature_918,O3,http://dd.eionet.europa.eu/vocabulary/aq/pollutant/7,hour,59.8138700000,µg/m3,2018-05-29 16:00:00 +01:00,2018-05-29 17:00:00 +01:00,1,1
GB,http://environment.data.gov.uk/air-quality/so,GB_Network_1,Station_GB1024A,,GB_SamplingPoint_74174,GB_StationProcess_918,GB_SamplingFeature_918,O3,http://dd.eionet.europa.eu/vocabulary/aq/pollutant/7,hour,67.3260400000,µg/m3,2018-05-29 20:00:00 +01:00,2018-05-29 21:00:00 +01:00,1,1
GB,http://environment.data.gov.uk/air-quality/so,GB_Network_1,Station_GB1024A,,GB_SamplingPoint_74174,GB_StationProcess_918,GB_SamplingFeature_918,O3,http://dd.eionet.europa.eu/vocabulary/aq/pollutant/7,hour,73.0900900000,µg/m3,2018-05-30 00:00:00 +01:00,2018-05-30 01:00:00 +01:00,1,1
GB,http://environment.data.gov.uk/air-quality/so,GB_Network_1,Station_GB1024A,,GB_SamplingPoint_74174,GB_StationProcess_918,GB_SamplingFeature_918,O3,http://dd.eionet.europa.eu/vocabulary/aq/pollutant/7,hour,69.8942500000,µg/m3,2018-05-30 01:00:00 +01:00,2018-05-30 02:00:00 +01:00,1,1
GB,http://environment.data.gov.uk/air-quality/so,GB_Network_1,Station_GB1024A,,GB_SamplingPoint_74174,GB_StationProcess_918,GB_SamplingFeature_918,O3,http://dd.eionet.europa.eu/vocabulary/aq/pollutant/7,hour,69.7055200000,µg/m3,2018-05-30 02:00:00 +01:00,2018-05-30 03:00:00 +01:00,1,1
GB,http://environment.data.gov.uk/air-quality/so,GB_Network_1,Station_GB1024A,,GB_SamplingPoint_74174,GB_StationProcess_918,GB_SamplingFeature_918,O3,http://dd.eionet.europa.eu/vocabulary/aq/pollutant/7,hour,70.5390900000,µg/m3,2018-05-30 03:00:00 +01:00,2018-05-30 04:00:00 +01:00,1,1
GB,http://environment.data.gov.uk/air-quality/so,GB_Network_1,Station_GB1024A,,GB_SamplingPoint_74174,GB_StationProcess_918,GB_SamplingFeature_918,O3,http://dd.eionet.europa.eu/vocabulary/aq/pollutant/7,hour,66.2454100000,µg/m3,2018-05-30 04:00:00 +01:00,2018-05-30 05:00:00 +01:00,1,1
GB,http://environment.data.gov.uk/air-quality/so,GB_Network_1,Station_GB1024A,,GB_SamplingPoint_74174,GB_StationProcess_918,GB_SamplingFeature_918,O3,http://dd.eionet.europa.eu/vocabulary/aq/pollutant/7,hour,56.7143700000,µg/m3,2018-05-30 07:00:00 +01:00,2018-05-30 08:00:00 +01:00,1,1
GB,http://environment.data.gov.uk/air-quality/so,GB_Network_1,Station_GB1024A,,GB_SamplingPoint_74174,GB_StationProcess_918,GB_SamplingFeature_918,O3,http://dd.eionet.europa.eu/vocabulary/aq/pollutant/7,hour,46.7586900000,µg/m3,2018-05-30 08:00:00 +01:00,2018-05-30 09:00:00 +01:00,1,1
GB,http://environment.data.gov.uk/air-quality/so,GB_Network_1,Station_GB1024A,,GB_SamplingPoint_74174,GB_StationProcess_918,GB_SamplingFeature_918,O3,http://dd.eionet.europa.eu/vocabulary/aq/pollutant/7,hour,41.2854200000,µg/m3,2018-05-30 09:00:00 +01:00,2018-05-30 10:00:00 +01:00,1,1
GB,http://environment.data.gov.uk/air-quality/so,GB_Network_1,Station_GB1024A,,GB_SamplingPoint_74174,GB_StationProcess_918,GB_SamplingFeature_918,O3,http://dd.eionet.europa.eu/vocabulary/aq/pollutant/7,hour,40.8607700000,µg/m3,2018-05-30 10:00:00 +01:00,2018-05-30 11:00:00 +01:00,1,1
GB,http://environment.data.gov.uk/air-quality/so,GB_Network_1,Station_GB1024A,,GB_SamplingPoint_74174,GB_StationProcess_918,GB_SamplingFeature_918,O3,http://dd.eionet.europa.eu/vocabulary/aq/pollutant/7,hour,43.9748700000,µg/m3,2018-05-30 12:00:00 +01:00,2018-05-30 13:00:00 +01:00,1,1
GB,http://environment.data.gov.uk/air-quality/so,GB_Network_1,Station_GB1024A,,GB_SamplingPoint_74174,GB_StationProcess_918,GB_SamplingFeature_918,O3,http://dd.eionet.europa.eu/vocabulary/aq/pollutant/7,hour,45.9093900000,µg/m3,2018-05-30 13:00:00 +01:00,2018-05-30 14:00:00 +01:00,1,1
GB,http://environment.data.gov.uk/air-quality/so,GB_Network_1,Station_GB1024A,,GB_SamplingPoint_74174,GB_StationProcess_918,GB_SamplingFeature_918,O3,http://dd.eionet.europa.eu/vocabulary/aq/pollutant/7,hour,36.1424400000,µg/m3,2018-05-30 14:00:00 +01:00,2018-05-30 15:00:00 +01:00,1,1
GB,http://environment.data.gov.uk/air-quality/so,GB_Network_1,Station_GB1024A,,GB_SamplingPoint_74174,GB_StationProcess_918,GB_SamplingFeature_918,O3,http://dd.eionet.europa.eu/vocabulary/aq/pollutant/7,hour,29.1593000000,µg/m3,2018-05-30 15:00:00 +01:00,2018-05-30 16:00:00 +01:00,1,1
GB,http://environment.data.gov.uk/air-quality/so,GB_Network_1,Station_GB1024A,,GB_SamplingPoint_74174,GB_StationProcess_918,GB_SamplingFeature_918,O3,http://dd.eionet.europa.eu/vocabulary/aq/pollutant/7,hour,34.5382000000,µg/m3,2018-05-30 17:00:00 +01:00,2018-05-30 18:00:00 +01:00,1,1
GB,http://environment.data.gov.uk/air-quality/so,GB_Network_1,Station_GB1024A,,GB_SamplingPoint_74174,GB_StationProcess_918,GB_SamplingFeature_918,O3,http://dd.eionet.europa.eu/vocabulary/aq/pollutant/7,hour,30.6691700000,µg/m3,2018-05-30 18:00:00 +01:00,2018-05-30 19:00:00 +01:00,1,1
GB,http://environment.data.gov.uk/air-quality/so,GB_Network_1,Station_GB1024A,,GB_SamplingPoint_74174,GB_StationProcess_918,GB_SamplingFeature_918,O3,http://dd.eionet.europa.eu/vocabulary/aq/pollutant/7,hour,24.8656200000,µg/m3,2018-05-30 19:00:00 +01:00,2018-05-30 20:00:00 +01:00,1,1
GB,http://environment.data.gov.uk/air-quality/so,GB_Network_1,Station_GB1024A,,GB_SamplingPoint_74174,GB_StationProcess_918,GB_SamplingFeature_918,O3,http://dd.eionet.europa.eu/vocabulary/aq/pollutant/7,hour,20.9494000000,µg/m3,2018-05-30 20:00:00 +01:00,2018-05-30 21:00:00 +01:00,1,1
GB,http://environment.data.gov.uk/air-quality/so,GB_Network_1,Station_GB1024A,,GB_SamplingPoint_74174,GB_StationProcess_918,GB_SamplingFeature_918,O3,http://dd.eionet.europa.eu/vocabulary/aq/pollutant/7,hour,8.3986300000,µg/m3,2018-05-30 21:00:00 +01:00,2018-05-30 22:00:00 +01:00,1,1
GB,http://environment.data.gov.uk/air-quality/so,GB_Network_1,Station_GB1024A,,GB_SamplingPoint_74174,GB_StationProcess_918,GB_SamplingFeature_918,O3,http://dd.eionet.europa.eu/vocabulary/aq/pollutant/7,hour,2.9253700000,µg/m3,2018-05-30 22:00:00 +01:00,2018-05-30 23:00:00 +01:00,2,1
GB,http://environment.data.gov.uk/air-quality/so,GB_Network_1,Station_GB1024A,,GB_SamplingPoint_74174,GB_StationProcess_918,GB_SamplingFeature_918,O3,http://dd.eionet.europa.eu/vocabulary/aq/pollutant/7,hour,1.9817000000,µg/m3,2018-05-30 23:00:00 +01:00,2018-05-31 00:00:00 +01:00,2,1
GB,http://environment.data.gov.uk/air-quality/so,GB_Network_1,Station_GB1024A,,GB_SamplingPoint_74174,GB_StationProcess_918,GB_SamplingFeature_918,O3,http://dd.eionet.europa.eu/vocabulary/aq/pollutant/7,hour,18.0712200000,µg/m3,2018-05-31 00:00:00 +01:00,2018-05-31 01:00:00 +01:00,1,1
GB,http://environment.data.gov.uk/air-quality/so,GB_Network_1,Station_GB1024A,,GB_SamplingPoint_74174,GB_StationProcess_918,GB_SamplingFeature_918,O3,http://dd.eionet.europa.eu/vocabulary/aq/pollutant/7,hour,32.2931400000,µg/m3,2018-05-31 01:00:00 +01:00,2018-05-31 02:00:00 +01:00,1,1
GB,http://environment.data.gov.uk/air-quality/so,GB_Network_1,Station_GB1024A,,GB_SamplingPoint_74174,GB_StationProcess_918,GB_SamplingFeature_918,O3,http://dd.eionet.europa.eu/vocabulary/aq/pollutant/7,hour,34.4920800000,µg/m3,2018-05-31 02:00:00 +01:00,2018-05-31 03:00:00 +01:00,1,1
GB,http://environment.data.gov.uk/air-quality/so,GB_Network_1,Station_GB1024A,,GB_SamplingPoint_74174,GB_StationProcess_918,GB_SamplingFeature_918,O3,http://dd.eionet.europa.eu/vocabulary/aq/pollutant/7,hour,31.2879000000,µg/m3,2018-05-31 04:00:00 +01:00,2018-05-31 05:00:00 +01:00,1,1
GB,http://environment.data.gov.uk/air-quality/so,GB_Network_1,Station_GB1024A,,GB_SamplingPoint_74174,GB_StationProcess_918,GB_SamplingFeature_918,O3,http://dd.eionet.europa.eu/vocabulary/aq/pollutant/7,hour,30.0156500000,µg/m3,2018-05-31 05:00:00 +01:00,2018-05-31 06:00:00 +01:00,1,1
GB,http://environment.data.gov.uk/air-quality/so,GB_Network_1,Station_GB1024A,,GB_SamplingPoint_74174,GB_StationProcess_918,GB_SamplingFeature_918,O3,http://dd.eionet.europa.eu/vocabulary/aq/pollutant/7,hour,31.6177400000,µg/m3,2018-05-31 08:00:00 +01:00,2018-05-31 09:00:00 +01:00,1,1
GB,http://environment.data.gov.uk/air-quality/so,GB_Network_1,Station_GB1024A,,GB_SamplingPoint_74174,GB_StationProcess_918,GB_SamplingFeature_918,O3,http://dd.eionet.europa.eu/vocabulary/aq/pollutant/7,hour,36.8481000000,µg/m3,2018-05-31 10:00:00 +01:00,2018-05-31 11:00:00 +01:00,1,1
GB,http://environment.data.gov.uk/air-quality/so,GB_Network_1,Station_GB1024A,,GB_SamplingPoint_74174,GB_StationProcess_918,GB_SamplingFeature_918,O3,http://dd.eionet.europa.eu/vocabulary/aq/pollutant/7,hour,41.2774100000,µg/m3,2018-05-31 11:00:00 +01:00,2018-05-31 12:00:00 +01:00,1,1
GB,http://environment.data.gov.uk/air-quality/so,GB_Network_1,Station_GB1024A,,GB_SamplingPoint_74174,GB_StationProcess_918,GB_SamplingFeature_918,O3,http://dd.eionet.europa.eu/vocabulary/aq/pollutant/7,hour,52.3978100000,µg/m3,2018-05-31 12:00:00 +01:00,2018-05-31 13:00:00 +01:00,1,1
GB,http://environment.data.gov.uk/air-quality/so,GB_Network_1,Station_GB1024A,,GB_SamplingPoint_74174,GB_StationProcess_918,GB_SamplingFeature_918,O3,http://dd.eionet.europa.eu/vocabulary/aq/pollutant/7,hour,64.6491000000,µg/m3,2018-05-31 14:00:00 +01:00,2018-05-31 15:00:00 +01:00,1,1
GB,http://environment.data.gov.uk/air-quality/so,GB_Network_1,Station_GB1024A,,GB_SamplingPoint_74174,GB_StationProcess_918,GB_SamplingFeature_918,O3,http://dd.eionet.europa.eu/vocabulary/aq/pollutant/7,hour,64.5548600000,µg/m3,2018-05-31 15:00:00 +01:00,2018-05-31 16:00:00 +01:00,1,1
GB,http://environment.data.gov.uk/air-quality/so,GB_Network_1,Station_GB1024A,,GB_SamplingPoint_74174,GB_StationProcess_918,GB_SamplingFeature_918,O3,http://dd.eionet.europa.eu/vocabulary/aq/pollutant/7,hour,78.3139900000,µg/m3,2018-05-31 16:00:00 +01:00,2018-05-31 17:00:00 +01:00,1,1
GB,http://environment.data.gov.uk/air-quality/so,GB_Network_1,Station_GB1024A,,GB_SamplingPoint_74174,GB_StationProcess_918,GB_SamplingFeature_918,O3,http://dd.eionet.europa.eu/vocabulary/aq/pollutant/7,hour,82.6961900000,µg/m3,2018-05-31 17:00:00 +01:00,2018-05-31 18:00:00 +01:00,1,1
GB,http://environment.data.gov.uk/air-quality/so,GB_Network_1,Station_GB1024A,,GB_SamplingPoint_74174,GB_StationProcess_918,GB_SamplingFeature_918,O3,http://dd.eionet.europa.eu/vocabulary/aq/pollutant/7,hour,103.9003400000,µg/m3,2018-05-31 18:00:00 +01:00,2018-05-31 19:00:00 +01:00,1,1
GB,http://environment.data.gov.uk/air-quality/so,GB_Network_1,Station_GB1024A,,GB_SamplingPoint_74174,GB_StationProcess_918,GB_SamplingFeature_918,O3,http://dd.eionet.europa.eu/vocabulary/aq/pollutant/7,hour,88.8218300000,µg/m3,2018-05-31 19:00:00 +01:00,2018-05-31 20:00:00 +01:00,1,1
GB,http://environment.data.gov.uk/air-quality/so,GB_Network_1,Station_GB1024A,,GB_SamplingPoint_74174,GB_StationProcess_918,GB_SamplingFeature_918,O3,http://dd.eionet.europa.eu/vocabulary/aq/pollutant/7,hour,73.7904400000,µg/m3,2018-05-31 20:00:00 +01:00,2018-05-31 21:00:00 +01:00,1,1
GB,http://environment.data.gov.uk/air-quality/so,GB_Network_1,Station_GB1024A,,GB_SamplingPoint_74174,GB_StationProcess_918,GB_SamplingFeature_918,O3,http://dd.eionet.europa.eu/vocabulary/aq/pollutant/7,hour,71.0574600000,µg/m3,2018-05-31 21:00:00 +01:00,2018-05-31 22:00:00 +01:00,1,1
GB,http://environment.data.gov.uk/air-quality/so,GB_Network_1,Station_GB1024A,,GB_SamplingPoint_74174,GB_StationProcess_918,GB_SamplingFeature_918,O3,http://dd.eionet.europa.eu/vocabulary/aq/pollutant/7,hour,72.4239500000,µg/m3,2018-05-31 23:00:00 +01:00,2018-06-01 00:00:00 +01:00,1,1
GB,http://environment.data.gov.uk/air-quality/so,GB_Network_1,Station_GB1024A,,GB_SamplingPoint_74174,GB_StationProcess_918,GB_SamplingFeature_918,O3,http://dd.eionet.europa.eu/vocabulary/aq/pollutant/7,hour,58.6020600000,µg/m3,2018-06-01 02:00:00 +01:00,2018-06-01 03:00:00 +01:00,1,1
GB,http://environment.data.gov.uk/air-quality/so,GB_Network_1,Station_GB1024A,,GB_SamplingPoint_74174,GB_StationProcess_918,GB_SamplingFeature_918,O3,http://dd.eionet.europa.eu/vocabulary/aq/pollutant/7,hour,21.1287400000,µg/m3,2018-06-01 04:00:00 +01:00,2018-06-01 05:00:00 +01:00,1,1
GB,http://environment.data.gov.uk/air-quality/so,GB_Network_1,Station_GB1024A,,GB_SamplingPoint_74174,GB_StationProcess_918,GB_SamplingFeature_918,O3,http://dd.eionet.europa.eu/vocabulary/aq/pollutant/7,hour,57.6922900000,µg/m3,2018-06-01 09:00:00 +01:00,2018-06-01 10:00:00 +01:00,1,1
GB,http://environment.data.gov.uk/air-quality/so,GB_Network_1,Station_GB1024A,,GB_SamplingPoint_74174,GB_StationProcess_918,GB_SamplingFeature_918,O3,http://dd.eionet.europa.eu/vocabulary/aq/pollutant/7,hour,53.2689000000,µg/m3,2018-06-01 12:00:00 +01:00,2018-06-01 13:00:00 +01:00,1,1
GB,http://environment.data.gov.uk/air-quality/so,GB_Network_1,Station_GB1024A,,GB_SamplingPoint_74174,GB_StationProcess_918,GB_SamplingFeature_918,O3,http://dd.eionet.europa.eu/vocabulary/aq/pollutant/7,hour,72.8447500000,µg/m3,2018-06-01 16:00:00 +01:00,2018-06-01 17:00:00 +01:00,1,1
GB,http://environment.data.gov.uk/air-quality/so,GB_Network_1,Station_GB1024A,,GB_SamplingPoint_74174,GB_StationProcess_918,GB_SamplingFeature_918,O3,http://dd.eionet.europa.eu/vocabulary/aq/pollutant/7,hour,58.1158000000,µg/m3,2018-06-01 19:00:00 +01:00,2018-06-01 20:00:00 +01:00,1,1
GB,http://environment.data.gov.uk/air-quality/so,GB_Network_1,Station_GB1024A,,GB_SamplingPoint_74174,GB_StationProcess_918,GB_SamplingFeature_918,O3,http://dd.eionet.europa.eu/vocabulary/aq/pollutant/7,hour,58.4922600000,µg/m3,2018-06-01 20:00:00 +01:00,2018-06-01 21:00:00 +01:00,1,1
GB,http://environment.data.gov.uk/air-quality/so,GB_Network_1,Station_GB1024A,,GB_SamplingPoint_74174,GB_StationProcess_918,GB_SamplingFeature_918,O3,http://dd.eionet.europa.eu/vocabulary/aq/pollutant/7,hour,43.1986300000,µg/m3,2018-06-01 21:00:00 +01:00,2018-06-01 22:00:00 +01:00,1,1
GB,http://environment.data.gov.uk/air-quality/so,GB_Network_1,Station_GB1024A,,GB_SamplingPoint_74174,GB_StationProcess_918,GB_SamplingFeature_918,O3,http://dd.eionet.europa.eu/vocabulary/aq/pollutant/7,hour,7.2468300000,µg/m3,2018-06-02 00:00:00 +01:00,2018-06-02 01:00:00 +01:00,1,1
GB,http://environment.data.gov.uk/air-quality/so,GB_Network_1,Station_GB1024A,,GB_SamplingPoint_74174,GB_StationProcess_918,GB_SamplingFeature_918,O3,http://dd.eionet.europa.eu/vocabulary/aq/pollutant/7,hour,10.8400200000,µg/m3,2018-06-02 01:00:00 +01:00,2018-06-02 02:00:00 +01:00,1,1
GB,http://environment.data.gov.uk/air-quality/so,GB_Network_1,Station_GB1024A,,GB_SamplingPoint_74174,GB_StationProcess_918,GB_SamplingFeature_918,O3,http://dd.eionet.europa.eu/vocabulary/aq/pollutant/7,hour,29.7944000000,µg/m3,2018-06-02 04:00:00 +01:00,2018-06-02 05:00:00 +01:00,1,1
GB,http://environment.data.gov.uk/air-quality/so,GB_Network_1,Station_GB1024A,,GB_SamplingPoint_74174,GB_StationProcess_918,GB_SamplingFeature_918,O3,http://dd.eionet.europa.eu/vocabulary/aq/pollutant/7,hour,34.8228000000,µg/m3,2018-06-02 05:00:00 +01:00,2018-06-02 06:00:00 +01:00,1,1
GB,http://environment.data.gov.uk/air-quality/so,GB_Network_1,Station_GB1024A,,GB_SamplingPoint_74174,GB_StationProcess_918,GB_SamplingFeature_918,O3,http://dd.eionet.europa.eu/vocabulary/aq/pollutant/7,hour,46.6653700000,µg/m3,2018-06-02 06:00:00 +01:00,2018-06-02 07:00:00 +01:00,1,1
GB,http://environment.data.gov.uk/air-quality/so,GB_Network_1,Station_GB1024A,,GB_SamplingPoint_74174,GB_StationProcess_918,GB_SamplingFeature_918,O3,http://dd.eionet.europa.eu/vocabulary/aq/pollutant/7,hour,56.0172400000,µg/m3,2018-06-02 07:00:00 +01:00,2018-06-02 08:00:00 +01:00,1,1
GB,http://environment.data.gov.uk/air-quality/so,GB_Network_1,Station_GB1024A,,GB_SamplingPoint_74174,GB_StationProcess_918,GB_SamplingFeature_918,O3,http://dd.eionet.europa.eu/vocabulary/aq/pollutant/7,hour,56.7691500000,µg/m3,2018-06-02 09:00:00 +01:00,2018-06-02 10:00:00 +01:00,1,1
GB,http://environment.data.gov.uk/air-quality/so,GB_Network_1,Station_GB1024A,,GB_SamplingPoint_74174,GB_StationProcess_918,GB_SamplingFeature_918,O3,http://dd.eionet.europa.eu/vocabulary/aq/pollutant/7,hour,55.1713400000,µg/m3,2018-06-02 11:00:00 +01:00,2018-06-02 12:00:00 +01:00,1,1
GB,http://environment.data.gov.uk/air-quality/so,GB_Network_1,Station_GB1024A,,GB_SamplingPoint_74174,GB_StationProcess_918,GB_SamplingFeature_918,O3,http://dd.eionet.europa.eu/vocabulary/aq/pollutant/7,hour,62.3144800000,µg/m3,2018-06-02 12:00:00 +01:00,2018-06-02 13:00:00 +01:00,1,1
GB,http://environment.data.gov.uk/air-quality/so,GB_Network_1,Station_GB1024A,,GB_SamplingPoint_74174,GB_StationProcess_918,GB_SamplingFeature_918,O3,http://dd.eionet.europa.eu/vocabulary/aq/pollutant/7,hour,76.8827200000,µg/m3,2018-06-02 13:00:00 +01:00,2018-06-02 14:00:00 +01:00,1,1
GB,http://environment.data.gov.uk/air-quality/so,GB_Network_1,Station_GB1024A,,GB_SamplingPoint_74174,GB_StationProcess_918,GB_SamplingFeature_918,O3,http://dd.eionet.europa.eu/vocabulary/aq/pollutant/7,hour,87.1744800000,µg/m3,2018-06-02 15:00:00 +01:00,2018-06-02 16:00:00 +01:00,1,1
GB,http://environment.data.gov.uk/air-quality/so,GB_Network_1,Station_GB1024A,,GB_SamplingPoint_74174,GB_StationProcess_918,GB_SamplingFeature_918,O3,http://dd.eionet.europa.eu/vocabulary/aq/pollutant/7,hour,94.5525800000,µg/m3,2018-06-02 16:00:00 +01:00,2018-06-02 17:00:00 +01:00,1,1
GB,http://environment.data.gov.uk/air-quality/so,GB_Network_1,Station_GB1024A,,GB_SamplingPoint_74174,GB_StationProcess_918,GB_SamplingFeature_918,O3,http://dd.eionet.europa.eu/vocabulary/aq/pollutant/7,hour,93.0487700000,µg/m3,2018-06-02 19:00:00 +01:00,2018-06-02 20:00:00 +01:00,1,1
GB,http://environment.data.gov.uk/air-quality/so,GB_Network_1,Station_GB1024A,,GB_SamplingPoint_74174,GB_StationProcess_918,GB_SamplingFeature_918,O3,http://dd.eionet.europa.eu/vocabulary/aq/pollutant/7,hour,52.9156100000,µg/m3,2018-06-02 21:00:00 +01:00,2018-06-02 22:00:00 +01:00,1,1
GB,http://environment.data.gov.uk/air-quality/so,GB_Network_1,Station_GB1024A,,GB_SamplingPoint_74174,GB_StationProcess_918,GB_SamplingFeature_918,O3,http://dd.eionet.europa.eu/vocabulary/aq/pollutant/7,hour,28.9955000000,µg/m3,2018-06-02 23:00:00 +01:00,2018-06-03 00:00:00 +01:00,1,1
GB,http://environment.data.gov.uk/air-quality/so,GB_Network_1,Station_GB1024A,,GB_SamplingPoint_74174,GB_StationProcess_918,GB_SamplingFeature_918,O3,http://dd.eionet.europa.eu/vocabulary/aq/pollutant/7,hour,29.8013900000,µg/m3,2018-06-03 03:00:00 +01:00,2018-06-03 04:00:00 +01:00,1,1
GB,http://environment.data.gov.uk/air-quality/so,GB_Network_1,Station_GB1024A,,GB_SamplingPoint_74174,GB_StationProcess_918,GB_SamplingFeature_918,O3,http://dd.eionet.europa.eu/vocabulary/aq/pollutant/7,hour,14.4079200000,µg/m3,2018-06-03 05:00:00 +01:00,2018-06-03 06:00:00 +01:00,1,1
GB,http://environment.data.gov.uk/air-quality/so,GB_Network_1,Station_GB1024A,,GB_SamplingPoint_74174,GB_StationProcess_918,GB_SamplingFeature_918,O3,http://dd.eionet.europa.eu/vocabulary/aq/pollutant/7,hour,19.5234300000,µg/m3,2018-06-03 06:00:00 +01:00,2018-06-03 07:00:00 +01:00,1,1
GB,http://environment.data.gov.uk/air-quality/so,GB_Network_1,Station_GB1024A,,GB_SamplingPoint_74174,GB_StationProcess_918,GB_SamplingFeature_918,O3,http://dd.eionet.europa.eu/vocabulary/aq/pollutant/7,hour,41.4872900000,µg/m3,2018-06-03 08:00:00 +01:00,2018-06-03 09:00:00 +01:00,1,1
GB,http://environment.data.gov.uk/air-quality/so,GB_Network_1,Station_GB1024A,,GB_SamplingPoint_74174,GB_StationProcess_918,GB_SamplingFeature_918,O3,http://dd.eionet.europa.eu/vocabulary/aq/pollutant/7,hour,49.1840300000,µg/m3,2018-06-03 09:00:00 +01:00,2018-06-03 10:00:00 +01:00,1,1
GB,http://environment.data.gov.uk/air-quality/so,GB_Network_1,Station_GB1024A,,GB_SamplingPoint_74174,GB_StationProcess_918,GB_SamplingFeature_918,O3,http://dd.eionet.europa.eu/vocabulary/aq/pollutant/7,hour,60.5883400000,µg/m3,2018-06-03 10:00:00 +01:00,2018-06-03 11:00:00 +01:00,1,1
GB,http://environment.data.gov.uk/air-quality/so,GB_Network_1,Station_GB1024A,,GB_SamplingPoint_74174,GB_StationProcess_918,GB_SamplingFeature_918,O3,http://dd.eionet.europa.eu/vocabulary/aq/pollutant/7,hour,67.5811000000,µg/m3,2018-06-03 12:00:00 +01:00,2018-06-03 13:00:00 +01:00,1,1
GB,http://environment.data.gov.uk/air-quality/so,GB_Network_1,Station_GB1024A,,GB_SamplingPoint_74174,GB_StationProcess_918,GB_SamplingFeature_918,O3,http://dd.eionet.europa.eu/vocabulary/aq/pollutant/7,hour,78.2345100000,µg/m3,2018-06-03 13:00:00 +01:00,2018-06-03 14:00:00 +01:00,1,1
GB,http://environment.data.gov.uk/air-quality/so,GB_Network_1,Station_GB1024A,,GB_SamplingPoint_74174,GB_StationProcess_918,GB_SamplingFeature_918,O3,http://dd.eionet.europa.eu/vocabulary/aq/pollutant/7,hour,101.7001800000,µg/m3,2018-06-03 15:00:00 +01:00,2018-06-03 16:00:00 +01:00,1,1
GB,http://environment.data.gov.uk/air-quality/so,GB_Network_1,Station_GB1024A,,GB_SamplingPoint_74174,GB_StationProcess_918,GB_SamplingFeature_918,O3,http://dd.eionet.europa.eu/vocabulary/aq/pollutant/7,hour,108.7868000000,µg/m3,2018-06-03 16:00:00 +01:00,2018-06-03 17:00:00 +01:00,1,1
GB,http://environment.data.gov.uk/air-quality/so,GB_Network_1,Station_GB1024A,,GB_SamplingPoint_74174,GB_StationProcess_918,GB_SamplingFeature_918,O3,http://dd.eionet.europa.eu/vocabulary/aq/pollutant/7,hour,101.7001800000,µg/m3,2018-06-03 17:00:00 +01:00,2018-06-03 18:00:00 +01:00,1,1
GB,http://environment.data.gov.uk/air-quality/so,GB_Network_1,Station_GB1024A,,GB_SamplingPoint_74174,GB_StationProcess_918,GB_SamplingFeature_918,O3,http://dd.eionet.europa.eu/vocabulary/aq/pollutant/7,hour,95.3175200000,µg/m3,2018-06-03 18:00:00 +01:00,2018-06-03 19:00:00 +01:00,1,1
GB,http://environment.data.gov.uk/air-quality/so,GB_Network_1,Station_GB1024A,,GB_SamplingPoint_74174,GB_StationProcess_918,GB_SamplingFeature_918,O3,http://dd.eionet.europa.eu/vocabulary/aq/pollutant/7,hour,90.0612100000,µg/m3,2018-06-03 19:00:00 +01:00,2018-06-03 20:00:00 +01:00,1,1
GB,http://environment.data.gov.uk/air-quality/so,GB_Network_1,Station_GB1024A,,GB_SamplingPoint_74174,GB_StationProcess_918,GB_SamplingFeature_918,O3,http://dd.eionet.europa.eu/vocabulary/aq/pollutant/7,hour,88.9348600000,µg/m3,2018-06-03 20:00:00 +01:00,2018-06-03 21:00:00 +01:00,1,1
GB,http://environment.data.gov.uk/air-quality/so,GB_Network_1,Station_GB1024A,,GB_SamplingPoint_74174,GB_StationProcess_918,GB_SamplingFeature_918,O3,http://dd.eionet.europa.eu/vocabulary/aq/pollutant/7,hour,84.8049000000,µg/m3,2018-06-03 21:00:00 +01:00,2018-06-03 22:00:00 +01:00,1,1
GB,http://environment.data.gov.uk/air-quality/so,GB_Network_1,Station_GB1024A,,GB_SamplingPoint_74174,GB_StationProcess_918,GB_SamplingFeature_918,O3,http://dd.eionet.europa.eu/vocabulary/aq/pollutant/7,hour,53.8048300000,µg/m3,2018-06-04 01:00:00 +01:00,2018-06-04 02:00:00 +01:00,1,1
GB,http://environment.data.gov.uk/air-quality/so,GB_Network_1,Station_GB1024A,,GB_SamplingPoint_74174,GB_StationProcess_918,GB_SamplingFeature_918,O3,http://dd.eionet.europa.eu/vocabulary/aq/pollutant/7,hour,55.0546500000,µg/m3,2018-06-04 02:00:00 +01:00,2018-06-04 03:00:00 +01:00,1,1
GB,http://environment.data.gov.uk/air-quality/so,GB_Network_1,Station_GB1024A,,GB_SamplingPoint_74174,GB_StationProcess_918,GB_SamplingFeature_918,O3,http://dd.eionet.europa.eu/vocabulary/aq/pollutant/7,hour,43.1657200000,µg/m3,2018-06-04 07:00:00 +01:00,2018-06-04 08:00:00 +01:00,1,1
GB,http://environment.data.gov.uk/air-quality/so,GB_Network_1,Station_GB1024A,,GB_SamplingPoint_74174,GB_StationProcess_918,GB_SamplingFeature_918,O3,http://dd.eionet.europa.eu/vocabulary/aq/pollutant/7,hour,47.8525500000,µg/m3,2018-06-04 09:00:00 +01:00,2018-06-04 10:00:00 +01:00,1,1
GB,http://environment.data.gov.uk/air-quality/so,GB_Network_1,Station_GB1024A,,GB_SamplingPoint_74174,GB_StationProcess_918,GB_SamplingFeature_918,O3,http://dd.eionet.europa.eu/vocabulary/aq/pollutant/7,hour,59.8039700000,µg/m3,2018-06-04 10:00:00 +01:00,2018-06-04 11:00:00 +01:00,1,1
GB,http://environment.data.gov.uk/air-quality/so,GB_Network_1,Station_GB1024A,,GB_SamplingPoint_74174,GB_StationProcess_918,GB_SamplingFeature_918,O3,http://dd.eionet.europa.eu/vocabulary/aq/pollutant/7,hour,60.4132600000,µg/m3,2018-06-04 11:00:00 +01:00,2018-06-04 12:00:00 +01:00,1,1
GB,http://environment.data.gov.uk/air-quality/so,GB_Network_1,Station_GB1024A,,GB_SamplingPoint_74174,GB_StationProcess_918,GB_SamplingFeature_918,O3,http://dd.eionet.europa.eu/vocabulary/aq/pollutant/7,hour,68.0528000000,µg/m3,2018-06-04 12:00:00 +01:00,2018-06-04 13:00:00 +01:00,1,1
GB,http://environment.data.gov.uk/air-quality/so,GB_Network_1,Station_GB1024A,,GB_SamplingPoint_74174,GB_StationProcess_918,GB_SamplingFeature_918,O3,http://dd.eionet.europa.eu/vocabulary/aq/pollutant/7,hour,75.2236500000,µg/m3,2018-06-04 13:00:00 +01:00,2018-06-04 14:00:00 +01:00,1,1
GB,http://environment.data.gov.uk/air-quality/so,GB_Network_1,Station_GB1024A,,GB_SamplingPoint_74174,GB_StationProcess_918,GB_SamplingFeature_918,O3,http://dd.eionet.europa.eu/vocabulary/aq/pollutant/7,hour,78.1294900000,µg/m3,2018-06-04 14:00:00 +01:00,2018-06-04 15:00:00 +01:00,1,1
GB,http://environment.data.gov.uk/air-quality/so,GB_Network_1,Station_GB1024A,,GB_SamplingPoint_74174,GB_StationProcess_918,GB_SamplingFeature_918,O3,http://dd.eionet.europa.eu/vocabulary/aq/pollutant/7,hour,79.6292700000,µg/m3,2018-06-04 15:00:00 +01:00,2018-06-04 16:00:00 +01:00,1,1
GB,http://environment.data.gov.uk/air-quality/so,GB_Network_1,Station_GB1024A,,GB_SamplingPoint_74174,GB_StationProcess_918,GB_SamplingFeature_918,O3,http://dd.eionet.europa.eu/vocabulary/aq/pollutant/7,hour,77.4264600000,µg/m3,2018-06-04 16:00:00 +01:00,2018-06-04 17:00:00 +01:00,1,1
GB,http://environment.data.gov.uk/air-quality/so,GB_Network_1,Station_GB1024A,,GB_SamplingPoint_74174,GB_StationProcess_918,GB_SamplingFeature_918,O3,http://dd.eionet.europa.eu/vocabulary/aq/pollutant/7,hour,72.7396300000,µg/m3,2018-06-04 17:00:00 +01:00,2018-06-04 18:00:00 +01:00,1,1
GB,http://environment.data.gov.uk/air-quality/so,GB_Network_1,Station_GB1024A,,GB_SamplingPoint_74174,GB_StationProcess_918,GB_SamplingFeature_918,O3,http://dd.eionet.europa.eu/vocabulary/aq/pollutant/7,hour,67.2091700000,µg/m3,2018-06-04 18:00:00 +01:00,2018-06-04 19:00:00 +01:00,1,1
GB,http://environment.data.gov.uk/air-quality/so,GB_Network_1,Station_GB1024A,,GB_SamplingPoint_74174,GB_StationProcess_918,GB_SamplingFeature_918,O3,http://dd.eionet.europa.eu/vocabulary/aq/pollutant/7,hour,69.0839000000,µg/m3,2018-06-04 20:00:00 +01:00,2018-06-04 21:00:00 +01:00,1,1
GB,http://environment.data.gov.uk/air-quality/so,GB_Network_1,Station_GB1024A,,GB_SamplingPoint_74174,GB_StationProcess_918,GB_SamplingFeature_918,O3,http://dd.eionet.europa.eu/vocabulary/aq/pollutant/7,hour,80.6135100000,µg/m3,2018-06-04 23:00:00 +01:00,2018-06-05 00:00:00 +01:00,1,1
GB,http://environment.data.gov.uk/air-quality/so,GB_Network_1,Station_GB1024A,,GB_SamplingPoint_74174,GB_StationProcess_918,GB_SamplingFeature_918,O3,http://dd.eionet.europa.eu/vocabulary/aq/pollutant/7,hour,81.3165300000,µg/m3,2018-06-05 00:00:00 +01:00,2018-06-05 01:00:00 +01:00,1,1
GB,http://environment.data.gov.uk/air-quality/so,GB_Network_1,Station_GB1024A,,GB_SamplingPoint_74174,GB_StationProcess_918,GB_SamplingFeature_918,O3,http://dd.eionet.europa.eu/vocabulary/aq/pollutant/7,hour,79.5066300000,µg/m3,2018-06-05 01:00:00 +01:00,2018-06-05 02:00:00 +01:00,1,1
GB,http://environment.data.gov.uk/air-quality/so,GB_Network_1,Station_GB1024A,,GB_SamplingPoint_74174,GB_StationProcess_918,GB_SamplingFeature_918,O3,http://dd.eionet.europa.eu/vocabulary/aq/pollutant/7,hour,78.9605700000,µg/m3,2018-06-05 04:00:00 +01:00,2018-06-05 05:00:00 +01:00,1,1
GB,http://environment.data.gov.uk/air-quality/so,GB_Network_1,Station_GB1024A,,GB_SamplingPoint_74174,GB_StationProcess_918,GB_SamplingFeature_918,O3,http://dd.eionet.europa.eu/vocabulary/aq/pollutant/7,hour,63.2339800000,µg/m3,2018-06-05 06:00:00 +01:00,2018-06-05 07:00:00 +01:00,1,1
GB,http://environment.data.gov.uk/air-quality/so,GB_Network_1,Station_GB1024A,,GB_SamplingPoint_74174,GB_StationProcess_918,GB_SamplingFeature_918,O3,http://dd.eionet.europa.eu/vocabulary/aq/pollutant/7,hour,58.8342800000,µg/m3,2018-06-05 08:00:00 +01:00,2018-06-05 09:00:00 +01:00,1,1
GB,http://environment.data.gov.uk/air-quality/so,GB_Network_1,Station_GB1024A,,GB_SamplingPoint_74174,GB_StationProcess_918,GB_SamplingFeature_918,O3,http://dd.eionet.europa.eu/vocabulary/aq/pollutant/7,hour,62.8127300000,µg/m3,2018-06-05 09:00:00 +01:00,2018-06-05 10:00:00 +01:00,1,1
GB,http://environment.data.gov.uk/air-quality/so,GB_Network_1,Station_GB1024A,,GB_SamplingPoint_74174,GB_StationProcess_918,GB_SamplingFeature_918,O3,http://dd.eionet.europa.eu/vocabulary/aq/pollutant/7,hour,64.1700900000,µg/m3,2018-06-05 10:00:00 +01:00,2018-06-05 11:00:00 +01:00,1,1
GB,http://environment.data.gov.uk/air-quality/so,GB_Network_1,Station_GB1024A,,GB_SamplingPoint_74174,GB_StationProcess_918,GB_SamplingFeature_918,O3,http://dd.eionet.europa.eu/vocabulary/aq/pollutant/7,hour,67.9613200000,µg/m3,2018-06-05 16:00:00 +01:00,2018-06-05 17:00:00 +01:00,1,1
GB,http://environment.data.gov.uk/air-quality/so,GB_Network_1,Station_GB1024A,,GB_SamplingPoint_74174,GB_StationProcess_918,GB_SamplingFeature_918,O3,http://dd.eionet.europa.eu/vocabulary/aq/pollutant/7,hour,53.8729200000,µg/m3,2018-06-05 23:00:00 +01:00,2018-06-06 00:00:00 +01:00,1,1
GB,http://environment.data.gov.uk/air-quality/so,GB_Network_1,Station_GB1024A,,GB_SamplingPoint_74174,GB_StationProcess_918,GB_SamplingFeature_918,O3,http://dd.eionet.europa.eu/vocabulary/aq/pollutant/7,hour,46.6180900000,µg/m3,2018-06-06 00:00:00 +01:00,2018-06-06 01:00:00 +01:00,1,1
GB,http://environment.data.gov.uk/air-quality/so,GB_Network_1,Station_GB1024A,,GB_SamplingPoint_74174,GB_StationProcess_918,GB_SamplingFeature_918,O3,http://dd.eionet.europa.eu/vocabulary/aq/pollutant/7,hour,45.9944300000,µg/m3,2018-06-06 01:00:00 +01:00,2018-06-06 02:00:00 +01:00,1,1
GB,http://environment.data.gov.uk/air-quality/so,GB_Network_1,Station_GB1024A,,GB_SamplingPoint_74174,GB_StationProcess_918,GB_SamplingFeature_918,O3,http://dd.eionet.europa.eu/vocabulary/aq/pollutant/7,hour,33.1870400000,µg/m3,2018-06-06 03:00:00 +01:00,2018-06-06 04:00:00 +01:00,1,1
GB,http://environment.data.gov.uk/air-quality/so,GB_Network_1,Station_GB1024A,,GB_SamplingPoint_74174,GB_StationProcess_918,GB_SamplingFeature_918,O3,http://dd.eionet.europa.eu/vocabulary/aq/pollutant/7,hour,59.5497000000,µg/m3,2018-06-06 05:00:00 +01:00,2018-06-06 06:00:00 +01:00,1,1
GB,http://environment.data.gov.uk/air-quality/so,GB_Network_1,Station_GB1024A,,GB_SamplingPoint_74174,GB_StationProcess_918,GB_SamplingFeature_918,O3,http://dd.eionet.europa.eu/vocabulary/aq/pollutant/7,hour,59.4094800000,µg/m3,2018-06-06 06:00:00 +01:00,2018-06-06 07:00:00 +01:00,1,1
GB,http://environment.data.gov.uk/air-quality/so,GB_Network_1,Station_GB1024A,,GB_SamplingPoint_74174,GB_StationProcess_918,GB_SamplingFeature_918,O3,http://dd.eionet.europa.eu/vocabulary/aq/pollutant/7,hour,55.9505500000,µg/m3,2018-06-06 07:00:00 +01:00,2018-06-06 08:00:00 +01:00,1,1
GB,http://environment.data.gov.uk/air-quality/so,GB_Network_1,Station_GB1024A,,GB_SamplingPoint_74174,GB_StationProcess_918,GB_SamplingFeature_918,O3,http://dd.eionet.europa.eu/vocabulary/aq/pollutant/7,hour,55.9972900000,µg/m3,2018-06-06 08:00:00 +01:00,2018-06-06 09:00:00 +01:00,1,1
GB,http://environment.data.gov.uk/air-quality/so,GB_Network_1,Station_GB1024A,,GB_SamplingPoint_74174,GB_StationProcess_918,GB_SamplingFeature_918,O3,http://dd.eionet.europa.eu/vocabulary/aq/pollutant/7,hour,56.1375200000,µg/m3,2018-06-06 09:00:00 +01:00,2018-06-06 10:00:00 +01:00,1,1
GB,http://environment.data.gov.uk/air-quality/so,GB_Network_1,Station_GB1024A,,GB_SamplingPoint_74174,GB_StationProcess_918,GB_SamplingFeature_918,O3,http://dd.eionet.europa.eu/vocabulary/aq/pollutant/7,hour,58.5681200000,µg/m3,2018-06-06 10:00:00 +01:00,2018-06-06 11:00:00 +01:00,1,1
GB,http://environment.data.gov.uk/air-quality/so,GB_Network_1,Station_GB1024A,,GB_SamplingPoint_74174,GB_StationProcess_918,GB_SamplingFeature_918,O3,http://dd.eionet.europa.eu/vocabulary/aq/pollutant/7,hour,85.2579700000,µg/m3,2018-06-06 15:00:00 +01:00,2018-06-06 16:00:00 +01:00,1,1
GB,http://environment.data.gov.uk/air-quality/so,GB_Network_1,Station_GB1024A,,GB_SamplingPoint_74174,GB_StationProcess_918,GB_SamplingFeature_918,O3,http://dd.eionet.europa.eu/vocabulary/aq/pollutant/7,hour,90.4931200000,µg/m3,2018-06-06 17:00:00 +01:00,2018-06-06 18:00:00 +01:00,1,1
GB,http://environment.data.gov.uk/air-quality/so,GB_Network_1,Station_GB1024A,,GB_SamplingPoint_74174,GB_StationProcess_918,GB_SamplingFeature_918,O3,http://dd.eionet.europa.eu/vocabulary/aq/pollutant/7,hour,91.7084100000,µg/m3,2018-06-06 18:00:00 +01:00,2018-06-06 19:00:00 +01:00,1,1
GB,http://environment.data.gov.uk/air-quality/so,GB_Network_1,Station_GB1024A,,GB_SamplingPoint_74174,GB_StationProcess_918,GB_SamplingFeature_918,O3,http://dd.eionet.europa.eu/vocabulary/aq/pollutant/7,hour,85.3514600000,µg/m3,2018-06-06 19:00:00 +01:00,2018-06-06 20:00:00 +01:00,1,1
GB,http://environment.data.gov.uk/air-quality/so,GB_Network_1,Station_GB1024A,,GB_SamplingPoint_74174,GB_StationProcess_918,GB_SamplingFeature_918,O3,http://dd.eionet.europa.eu/vocabulary/aq/pollutant/7,hour,64.9250700000,µg/m3,2018-06-06 20:00:00 +01:00,2018-06-06 21:00:00 +01:00,1,1
GB,http://environment.data.gov.uk/air-quality/so,GB_Network_1,Station_GB1024A,,GB_SamplingPoint_74174,GB_StationProcess_918,GB_SamplingFeature_918,O3,http://dd.eionet.europa.eu/vocabulary/aq/pollutant/7,hour,73.7126200000,µg/m3,2018-06-06 21:00:00 +01:00,2018-06-06 22:00:00 +01:00,1,1
GB,http://environment.data.gov.uk/air-quality/so,GB_Network_1,Station_GB1024A,,GB_SamplingPoint_74174,GB_StationProcess_918,GB_SamplingFeature_918,O3,http://dd.eionet.europa.eu/vocabulary/aq/pollutant/7,hour,62.4009900000,µg/m3,2018-06-06 23:00:00 +01:00,2018-06-07 00:00:00 +01:00,1,1
GB,http://environment.data.gov.uk/air-quality/so,GB_Network_1,Station_GB1024A,,GB_SamplingPoint_74174,GB_StationProcess_918,GB_SamplingFeature_918,O3,http://dd.eionet.europa.eu/vocabulary/aq/pollutant/7,hour,61.5128800000,µg/m3,2018-06-07 00:00:00 +01:00,2018-06-07 01:00:00 +01:00,1,1
GB,http://environment.data.gov.uk/air-quality/so,GB_Network_1,Station_GB1024A,,GB_SamplingPoint_74174,GB_StationProcess_918,GB_SamplingFeature_918,O3,http://dd.eionet.europa.eu/vocabulary/aq/pollutant/7,hour,56.6220000000,µg/m3,2018-06-07 06:00:00 +01:00,2018-06-07 07:00:00 +01:00,1,1
GB,http://environment.data.gov.uk/air-quality/so,GB_Network_1,Station_GB1024A,,GB_SamplingPoint_74174,GB_StationProcess_918,GB_SamplingFeature_918,O3,http://dd.eionet.europa.eu/vocabulary/aq/pollutant/7,hour,52.1407900000,µg/m3,2018-06-07 08:00:00 +01:00,2018-06-07 09:00:00 +01:00,1,1
GB,http://environment.data.gov.uk/air-quality/so,GB_Network_1,Station_GB1024A,,GB_SamplingPoint_74174,GB_StationProcess_918,GB_SamplingFeature_918,O3,http://dd.eionet.europa.eu/vocabulary/aq/pollutant/7,hour,51.7673500000,µg/m3,2018-06-07 09:00:00 +01:00,2018-06-07 10:00:00 +01:00,1,1
GB,http://environment.data.gov.uk/air-quality/so,GB_Network_1,Station_GB1024A,,GB_SamplingPoint_74174,GB_StationProcess_918,GB_SamplingFeature_918,O3,http://dd.eionet.europa.eu/vocabulary/aq/pollutant/7,hour,55.7817700000,µg/m3,2018-06-07 12:00:00 +01:00,2018-06-07 13:00:00 +01:00,1,1
GB,http://environment.data.gov.uk/air-quality/so,GB_Network_1,Station_GB1024A,,GB_SamplingPoint_74174,GB_StationProcess_918,GB_SamplingFeature_918,O3,http://dd.eionet.europa.eu/vocabulary/aq/pollutant/7,hour,64.5108000000,µg/m3,2018-06-07 13:00:00 +01:00,2018-06-07 14:00:00 +01:00,1,1
GB,http://environment.data.gov.uk/air-quality/so,GB_Network_1,Station_GB1024A,,GB_SamplingPoint_74174,GB_StationProcess_918,GB_SamplingFeature_918,O3,http://dd.eionet.europa.eu/vocabulary/aq/pollutant/7,hour,70.5324300000,µg/m3,2018-06-07 14:00:00 +01:00,2018-06-07 15:00:00 +01:00,1,1
GB,http://environment.data.gov.uk/air-quality/so,GB_Network_1,Station_GB1024A,,GB_SamplingPoint_74174,GB_StationProcess_918,GB_SamplingFeature_918,O3,http://dd.eionet.europa.eu/vocabulary/aq/pollutant/7,hour,72.4462900000,µg/m3,2018-06-07 15:00:00 +01:00,2018-06-07 16:00:00 +01:00,1,1
GB,http://environment.data.gov.uk/air-quality/so,GB_Network_1,Station_GB1024A,,GB_SamplingPoint_74174,GB_StationProcess_918,GB_SamplingFeature_918,O3,http://dd.eionet.europa.eu/vocabulary/aq/pollutant/7,hour,73.0998000000,µg/m3,2018-06-07 16:00:00 +01:00,2018-06-07 17:00:00 +01:00,1,1
GB,http://environment.data.gov.uk/air-quality/so,GB_Network_1,Station_GB1024A,,GB_SamplingPoint_74174,GB_StationProcess_918,GB_SamplingFeature_918,O3,http://dd.eionet.europa.eu/vocabulary/aq/pollutant/7,hour,75.7605200000,µg/m3,2018-06-07 17:00:00 +01:00,2018-06-07 18:00:00 +01:00,1,1
GB,http://environment.data.gov.uk/air-quality/so,GB_Network_1,Station_GB1024A,,GB_SamplingPoint_74174,GB_StationProcess_918,GB_SamplingFeature_918,O3,http://dd.eionet.europa.eu/vocabulary/aq/pollutant/7,hour,58.3024500000,µg/m3,2018-06-07 19:00:00 +01:00,2018-06-07 20:00:00 +01:00,1,1
GB,http://environment.data.gov.uk/air-quality/so,GB_Network_1,Station_GB1024A,,GB_SamplingPoint_74174,GB_StationProcess_918,GB_SamplingFeature_918,O3,http://dd.eionet.europa.eu/vocabulary/aq/pollutant/7,hour,56.6686800000,µg/m3,2018-06-07 21:00:00 +01:00,2018-06-07 22:00:00 +01:00,1,1
GB,http://environment.data.gov.uk/air-quality/so,GB_Network_1,Station_GB1024A,,GB_SamplingPoint_74174,GB_StationProcess_918,GB_SamplingFeature_918,O3,http://dd.eionet.europa.eu/vocabulary/aq/pollutant/7,hour,30.4815900000,µg/m3,2018-06-07 23:00:00 +01:00,2018-06-08 00:00:00 +01:00,1,1
GB,http://environment.data.gov.uk/air-quality/so,GB_Network_1,Station_GB1024A,,GB_SamplingPoint_74174,GB_StationProcess_918,GB_SamplingFeature_918,O3,http://dd.eionet.europa.eu/vocabulary/aq/pollutant/7,hour,46.8660300000,µg/m3,2018-06-08 00:00:00 +01:00,2018-06-08 01:00:00 +01:00,1,1
GB,http://environment.data.gov.uk/air-quality/so,GB_Network_1,Station_GB1024A,,GB_SamplingPoint_74174,GB_StationProcess_918,GB_SamplingFeature_918,O3,http://dd.eionet.europa.eu/vocabulary/aq/pollutant/7,hour,56.1260300000,µg/m3,2018-06-08 01:00:00 +01:00,2018-06-08 02:00:00 +01:00,1,1
GB,http://environment.data.gov.uk/air-quality/so,GB_Network_1,Station_GB1024A,,GB_SamplingPoint_74174,GB_StationProcess_918,GB_SamplingFeature_918,O3,http://dd.eionet.europa.eu/vocabulary/aq/pollutant/7,hour,52.7075000000,µg/m3,2018-06-08 02:00:00 +01:00,2018-06-08 03:00:00 +01:00,1,1
GB,http://environment.data.gov.uk/air-quality/so,GB_Network_1,Station_GB1024A,,GB_SamplingPoint_74174,GB_StationProcess_918,GB_SamplingFeature_918,O3,http://dd.eionet.europa.eu/vocabulary/aq/pollutant/7,hour,44.2854900000,µg/m3,2018-06-08 03:00:00 +01:00,2018-06-08 04:00:00 +01:00,1,1
GB,http://environment.data.gov.uk/air-quality/so,GB_Network_1,Station_GB1024A,,GB_SamplingPoint_74174,GB_StationProcess_918,GB_SamplingFeature_918,O3,http://dd.eionet.europa.eu/vocabulary/aq/pollutant/7,hour,50.2523800000,µg/m3,2018-06-08 05:00:00 +01:00,2018-06-08 06:00:00 +01:00,1,1
GB,http://environment.data.gov.uk/air-quality/so,GB_Network_1,Station_GB1024A,,GB_SamplingPoint_74174,GB_StationProcess_918,GB_SamplingFeature_918,O3,http://dd.eionet.europa.eu/vocabulary/aq/pollutant/7,hour,48.8538900000,µg/m3,2018-06-08 07:00:00 +01:00,2018-06-08 08:00:00 +01:00,1,1
GB,http://environment.data.gov.uk/air-quality/so,GB_Network_1,Station_GB1024A,,GB_SamplingPoint_74174,GB_StationProcess_918,GB_SamplingFeature_918,O3,http://dd.eionet.europa.eu/vocabulary/aq/pollutant/7,hour,41.0223500000,µg/m3,2018-06-08 08:00:00 +01:00,2018-06-08 09:00:00 +01:00,1,1
GB,http://environment.data.gov.uk/air-quality/so,GB_Network_1,Station_GB1024A,,GB_SamplingPoint_74174,GB_StationProcess_918,GB_SamplingFeature_918,O3,http://dd.eionet.europa.eu/vocabulary/aq/pollutant/7,hour,42.7937700000,µg/m3,2018-06-08 09:00:00 +01:00,2018-06-08 10:00:00 +01:00,1,1
GB,http://environment.data.gov.uk/air-quality/so,GB_Network_1,Station_GB1024A,,GB_SamplingPoint_74174,GB_StationProcess_918,GB_SamplingFeature_918,O3,http://dd.eionet.europa.eu/vocabulary/aq/pollutant/7,hour,79.7138800000,µg/m3,2018-06-08 13:00:00 +01:00,2018-06-08 14:00:00 +01:00,1,1
GB,http://environment.data.gov.uk/air-quality/so,GB_Network_1,Station_GB1024A,,GB_SamplingPoint_74174,GB_StationProcess_918,GB_SamplingFeature_918,O3,http://dd.eionet.europa.eu/vocabulary/aq/pollutant/7,hour,90.6687100000,µg/m3,2018-06-08 14:00:00 +01:00,2018-06-08 15:00:00 +01:00,1,1
GB,http://environment.data.gov.uk/air-quality/so,GB_Network_1,Station_GB1024A,,GB_SamplingPoint_74174,GB_StationProcess_918,GB_SamplingFeature_918,O3,http://dd.eionet.europa.eu/vocabulary/aq/pollutant/7,hour,93.6055400000,µg/m3,2018-06-08 17:00:00 +01:00,2018-06-08 18:00:00 +01:00,1,1
GB,http://environment.data.gov.uk/air-quality/so,GB_Network_1,Station_GB1024A,,GB_SamplingPoint_74174,GB_StationProcess_918,GB_SamplingFeature_918,O3,http://dd.eionet.europa.eu/vocabulary/aq/pollutant/7,hour,78.2221600000,µg/m3,2018-06-08 19:00:00 +01:00,2018-06-08 20:00:00 +01:00,1,1
GB,http://environment.data.gov.uk/air-quality/so,GB_Network_1,Station_GB1024A,,GB_SamplingPoint_74174,GB_StationProcess_918,GB_SamplingFeature_918,O3,http://dd.eionet.europa.eu/vocabulary/aq/pollutant/7,hour,65.8688400000,µg/m3,2018-06-08 21:00:00 +01:00,2018-06-08 22:00:00 +01:00,1,1
GB,http://environment.data.gov.uk/air-quality/so,GB_Network_1,Station_GB1024A,,GB_SamplingPoint_74174,GB_StationProcess_918,GB_SamplingFeature_918,O3,http://dd.eionet.europa.eu/vocabulary/aq/pollutant/7,hour,62.7921600000,µg/m3,2018-06-08 22:00:00 +01:00,2018-06-08 23:00:00 +01:00,1,1
GB,http://environment.data.gov.uk/air-quality/so,GB_Network_1,Station_GB1024A,,GB_SamplingPoint_74174,GB_StationProcess_918,GB_SamplingFeature_918,O3,http://dd.eionet.europa.eu/vocabulary/aq/pollutant/7,hour,36.1276300000,µg/m3,2018-06-09 00:00:00 +01:00,2018-06-09 01:00:00 +01:00,1,1
GB,http://environment.data.gov.uk/air-quality/so,GB_Network_1,Station_GB1024A,,GB_SamplingPoint_74174,GB_StationProcess_918,GB_SamplingFeature_918,O3,http://dd.eionet.europa.eu/vocabulary/aq/pollutant/7,hour,44.1325300000,µg/m3,2018-06-09 01:00:00 +01:00,2018-06-09 02:00:00 +01:00,1,1
GB,http://environment.data.gov.uk/air-quality/so,GB_Network_1,Station_GB1024A,,GB_SamplingPoint_74174,GB_StationProcess_918,GB_SamplingFeature_918,O3,http://dd.eionet.europa.eu/vocabulary/aq/pollutant/7,hour,59.2778700000,µg/m3,2018-06-09 02:00:00 +01:00,2018-06-09 03:00:00 +01:00,1,1
GB,http://environment.data.gov.uk/air-quality/so,GB_Network_1,Station_GB1024A,,GB_SamplingPoint_74174,GB_StationProcess_918,GB_SamplingFeature_918,O3,http://dd.eionet.europa.eu/vocabulary/aq/pollutant/7,hour,61.9624400000,µg/m3,2018-06-09 06:00:00 +01:00,2018-06-09 07:00:00 +01:00,1,1
GB,http://environment.data.gov.uk/air-quality/so,GB_Network_1,Station_GB1024A,,GB_SamplingPoint_74174,GB_StationProcess_918,GB_SamplingFeature_918,O3,http://dd.eionet.europa.eu/vocabulary/aq/pollutant/7,hour,63.6849100000,µg/m3,2018-06-09 07:00:00 +01:00,2018-06-09 08:00:00 +01:00,1,1
GB,http://environment.data.gov.uk/air-quality/so,GB_Network_1,Station_GB1024A,,GB_SamplingPoint_74174,GB_StationProcess_918,GB_SamplingFeature_918,O3,http://dd.eionet.europa.eu/vocabulary/aq/pollutant/7,hour,60.3330800000,µg/m3,2018-06-09 08:00:00 +01:00,2018-06-09 09:00:00 +01:00,1,1
GB,http://environment.data.gov.uk/air-quality/so,GB_Network_1,Station_GB1024A,,GB_SamplingPoint_74174,GB_StationProcess_918,GB_SamplingFeature_918,O3,http://dd.eionet.europa.eu/vocabulary/aq/pollutant/7,hour,67.4557300000,µg/m3,2018-06-09 12:00:00 +01:00,2018-06-09 13:00:00 +01:00,1,1
GB,http://environment.data.gov.uk/air-quality/so,GB_Network_1,Station_GB1024A,,GB_SamplingPoint_74174,GB_StationProcess_918,GB_SamplingFeature_918,O3,http://dd.eionet.europa.eu/vocabulary/aq/pollutant/7,hour,81.5148300000,µg/m3,2018-06-09 14:00:00 +01:00,2018-06-09 15:00:00 +01:00,1,1
GB,http://environment.data.gov.uk/air-quality/so,GB_Network_1,Station_GB1024A,,GB_SamplingPoint_74174,GB_StationProcess_918,GB_SamplingFeature_918,O3,http://dd.eionet.europa.eu/vocabulary/aq/pollutant/7,hour,87.2408800000,µg/m3,2018-06-09 15:00:00 +01:00,2018-06-09 16:00:00 +01:00,1,1
GB,http://environment.data.gov.uk/air-quality/so,GB_Network_1,Station_GB1024A,,GB_SamplingPoint_74174,GB_StationProcess_918,GB_SamplingFeature_918,O3,http://dd.eionet.europa.eu/vocabulary/aq/pollutant/7,hour,86.5891400000,µg/m3,2018-06-09 16:00:00 +01:00,2018-06-09 17:00:00 +01:00,1,1
GB,http://environment.data.gov.uk/air-quality/so,GB_Network_1,Station_GB1024A,,GB_SamplingPoint_74174,GB_StationProcess_918,GB_SamplingFeature_918,O3,http://dd.eionet.europa.eu/vocabulary/aq/pollutant/7,hour,81.0027400000,µg/m3,2018-06-09 17:00:00 +01:00,2018-06-09 18:00:00 +01:00,1,1
GB,http://environment.data.gov.uk/air-quality/so,GB_Network_1,Station_GB1024A,,GB_SamplingPoint_74174,GB_StationProcess_918,GB_SamplingFeature_918,O3,http://dd.eionet.europa.eu/vocabulary/aq/pollutant/7,hour,63.8245700000,µg/m3,2018-06-09 18:00:00 +01:00,2018-06-09 19:00:00 +01:00,1,1
GB,http://environment.data.gov.uk/air-quality/so,GB_Network_1,Station_GB1024A,,GB_SamplingPoint_74174,GB_StationProcess_918,GB_SamplingFeature_918,O3,http://dd.eionet.europa.eu/vocabulary/aq/pollutant/7,hour,48.8809600000,µg/m3,2018-06-09 20:00:00 +01:00,2018-06-09 21:00:00 +01:00,1,1
GB,http://environment.data.gov.uk/air-quality/so,GB_Network_1,Station_GB1024A,,GB_SamplingPoint_74174,GB_StationProcess_918,GB_SamplingFeature_918,O3,http://dd.eionet.europa.eu/vocabulary/aq/pollutant/7,hour,50.5103300000,µg/m3,2018-06-09 21:00:00 +01:00,2018-06-09 22:00:00 +01:00,1,1
GB,http://environment.data.gov.uk/air-quality/so,GB_Network_1,Station_GB1024A,,GB_SamplingPoint_74174,GB_StationProcess_918,GB_SamplingFeature_918,O3,http://dd.eionet.europa.eu/vocabulary/aq/pollutant/7,hour,60.7520600000,µg/m3,2018-06-09 23:00:00 +01:00,2018-06-10 00:00:00 +01:00,1,1
GB,http://environment.data.gov.uk/air-quality/so,GB_Network_1,Station_GB1024A,,GB_SamplingPoint_74174,GB_StationProcess_918,GB_SamplingFeature_918,O3,http://dd.eionet.europa.eu/vocabulary/aq/pollutant/7,hour,60.3330800000,µg/m3,2018-06-10 00:00:00 +01:00,2018-06-10 01:00:00 +01:00,1,1
GB,http://environment.data.gov.uk/air-quality/so,GB_Network_1,Station_GB1024A,,GB_SamplingPoint_74174,GB_StationProcess_918,GB_SamplingFeature_918,O3,http://dd.eionet.europa.eu/vocabulary/aq/pollutant/7,hour,53.2468900000,µg/m3,2018-06-10 01:00:00 +01:00,2018-06-10 02:00:00 +01:00,1,1
GB,http://environment.data.gov.uk/air-quality/so,GB_Network_1,Station_GB1024A,,GB_SamplingPoint_74174,GB_StationProcess_918,GB_SamplingFeature_918,O3,http://dd.eionet.europa.eu/vocabulary/aq/pollutant/7,hour,52.9059600000,µg/m3,2018-06-10 04:00:00 +01:00,2018-06-10 05:00:00 +01:00,1,1
GB,http://environment.data.gov.uk/air-quality/so,GB_Network_1,Station_GB1024A,,GB_SamplingPoint_74174,GB_StationProcess_918,GB_SamplingFeature_918,O3,http://dd.eionet.europa.eu/vocabulary/aq/pollutant/7,hour,46.8622200000,µg/m3,2018-06-10 05:00:00 +01:00,2018-06-10 06:00:00 +01:00,1,1
GB,http://environment.data.gov.uk/air-quality/so,GB_Network_1,Station_GB1024A,,GB_SamplingPoint_74174,GB_StationProcess_918,GB_SamplingFeature_918,O3,http://dd.eionet.europa.eu/vocabulary/aq/pollutant/7,hour,51.0463400000,µg/m3,2018-06-10 08:00:00 +01:00,2018-06-10 09:00:00 +01:00,1,1
GB,http://environment.data.gov.uk/air-quality/so,GB_Network_1,Station_GB1024A,,GB_SamplingPoint_74174,GB_StationProcess_918,GB_SamplingFeature_918,O3,http://dd.eionet.europa.eu/vocabulary/aq/pollutant/7,hour,66.3416500000,µg/m3,2018-06-10 12:00:00 +01:00,2018-06-10 13:00:00 +01:00,1,1
GB,http://environment.data.gov.uk/air-quality/so,GB_Network_1,Station_GB1024A,,GB_SamplingPoint_74174,GB_StationProcess_918,GB_SamplingFeature_918,O3,http://dd.eionet.europa.eu/vocabulary/aq/pollutant/7,hour,76.1511000000,µg/m3,2018-06-10 14:00:00 +01:00,2018-06-10 15:00:00 +01:00,1,1
GB,http://environment.data.gov.uk/air-quality/so,GB_Network_1,Station_GB1024A,,GB_SamplingPoint_74174,GB_StationProcess_918,GB_SamplingFeature_918,O3,http://dd.eionet.europa.eu/vocabulary/aq/pollutant/7,hour,71.1766400000,µg/m3,2018-06-10 18:00:00 +01:00,2018-06-10 19:00:00 +01:00,1,1
GB,http://environment.data.gov.uk/air-quality/so,GB_Network_1,Station_GB1024A,,GB_SamplingPoint_74174,GB_StationProcess_918,GB_SamplingFeature_918,O3,http://dd.eionet.europa.eu/vocabulary/aq/pollutant/7,hour,62.0180500000,µg/m3,2018-06-10 20:00:00 +01:00,2018-06-10 21:00:00 +01:00,1,1
GB,http://environment.data.gov.uk/air-quality/so,GB_Network_1,Station_GB1024A,,GB_SamplingPoint_74174,GB_StationProcess_918,GB_SamplingFeature_918,O3,http://dd.eionet.europa.eu/vocabulary/aq/pollutant/7,hour,59.7865200000,µg/m3,2018-06-10 21:00:00 +01:00,2018-06-10 22:00:00 +01:00,1,1
GB,http://environment.data.gov.uk/air-quality/so,GB_Network_1,Station_GB1024A,,GB_SamplingPoint_74174,GB_StationProcess_918,GB_SamplingFeature_918,O3,http://dd.eionet.europa.eu/vocabulary/aq/pollutant/7,hour,49.6516400000,µg/m3,2018-06-10 22:00:00 +01:00,2018-06-10 23:00:00 +01:00,1,1
GB,http://environment.data.gov.uk/air-quality/so,GB_Network_1,Station_GB1024A,,GB_SamplingPoint_74174,GB_StationProcess_918,GB_SamplingFeature_918,O3,http://dd.eionet.europa.eu/vocabulary/aq/pollutant/7,hour,53.9175600000,µg/m3,2018-06-11 01:00:00 +01:00,2018-06-11 02:00:00 +01:00,1,1
GB,http://environment.data.gov.uk/air-quality/so,GB_Network_1,Station_GB1024A,,GB_SamplingPoint_74174,GB_StationProcess_918,GB_SamplingFeature_918,O3,http://dd.eionet.europa.eu/vocabulary/aq/pollutant/7,hour,47.1701300000,µg/m3,2018-06-11 02:00:00 +01:00,2018-06-11 03:00:00 +01:00,1,1
GB,http://environment.data.gov.uk/air-quality/so,GB_Network_1,Station_GB1024A,,GB_SamplingPoint_74174,GB_StationProcess_918,GB_SamplingFeature_918,O3,http://dd.eionet.europa.eu/vocabulary/aq/pollutant/7,hour,37.5596800000,µg/m3,2018-06-11 05:00:00 +01:00,2018-06-11 06:00:00 +01:00,1,1
GB,http://environment.data.gov.uk/air-quality/so,GB_Network_1,Station_GB1024A,,GB_SamplingPoint_74174,GB_StationProcess_918,GB_SamplingFeature_918,O3,http://dd.eionet.europa.eu/vocabulary/aq/pollutant/7,hour,39.6024800000,µg/m3,2018-06-11 08:00:00 +01:00,2018-06-11 09:00:00 +01:00,1,1
GB,http://environment.data.gov.uk/air-quality/so,GB_Network_1,Station_GB1024A,,GB_SamplingPoint_74174,GB_StationProcess_918,GB_SamplingFeature_918,O3,http://dd.eionet.europa.eu/vocabulary/aq/pollutant/7,hour,,µg/m3,2018-06-11 10:00:00 +01:00,2018-06-11 11:00:00 +01:00,-1,1
GB,http://environment.data.gov.uk/air-quality/so,GB_Network_1,Station_GB1024A,,GB_SamplingPoint_74174,GB_StationProcess_918,GB_SamplingFeature_918,O3,http://dd.eionet.europa.eu/vocabulary/aq/pollutant/7,hour,49.9557700000,µg/m3,2018-06-11 11:00:00 +01:00,2018-06-11 12:00:00 +01:00,1,1
GB,http://environment.data.gov.uk/air-quality/so,GB_Network_1,Station_GB1024A,,GB_SamplingPoint_74174,GB_StationProcess_918,GB_SamplingFeature_918,O3,http://dd.eionet.europa.eu/vocabulary/aq/pollutant/7,hour,60.9126100000,µg/m3,2018-06-11 12:00:00 +01:00,2018-06-11 13:00:00 +01:00,1,1
GB,http://environment.data.gov.uk/air-quality/so,GB_Network_1,Station_GB1024A,,GB_SamplingPoint_74174,GB_StationProcess_918,GB_SamplingFeature_918,O3,http://dd.eionet.europa.eu/vocabulary/aq/pollutant/7,hour,72.8444200000,µg/m3,2018-06-11 13:00:00 +01:00,2018-06-11 14:00:00 +01:00,1,1
GB,http://environment.data.gov.uk/air-quality/so,GB_Network_1,Station_GB1024A,,GB_SamplingPoint_74174,GB_StationProcess_918,GB_SamplingFeature_918,O3,http://dd.eionet.europa.eu/vocabulary/aq/pollutant/7,hour,78.7871200000,µg/m3,2018-06-11 14:00:00 +01:00,2018-06-11 15:00:00 +01:00,1,1
GB,http://environment.data.gov.uk/air-quality/so,GB_Network_1,Station_GB1024A,,GB_SamplingPoint_74174,GB_StationProcess_918,GB_SamplingFeature_918,O3,http://dd.eionet.europa.eu/vocabulary/aq/pollutant/7,hour,85.2869400000,µg/m3,2018-06-11 15:00:00 +01:00,2018-06-11 16:00:00 +01:00,1,1
GB,http://environment.data.gov.uk/air-quality/so,GB_Network_1,Station_GB1024A,,GB_SamplingPoint_74174,GB_StationProcess_918,GB_SamplingFeature_918,O3,http://dd.eionet.europa.eu/vocabulary/aq/pollutant/7,hour,65.1374900000,µg/m3,2018-06-11 19:00:00 +01:00,2018-06-11 20:00:00 +01:00,1,1
GB,http://environment.data.gov.uk/air-quality/so,GB_Network_1,Station_GB1024A,,GB_SamplingPoint_74174,GB_StationProcess_918,GB_SamplingFeature_918,O3,http://dd.eionet.europa.eu/vocabulary/aq/pollutant/7,hour,68.7588200000,µg/m3,2018-06-11 21:00:00 +01:00,2018-06-11 22:00:00 +01:00,1,1
GB,http://environment.data.gov.uk/air-quality/so,GB_Network_1,Station_GB1024A,,GB_SamplingPoint_74174,GB_StationProcess_918,GB_SamplingFeature_918,O3,http://dd.eionet.europa.eu/vocabulary/aq/pollutant/7,hour,66.9481600000,µg/m3,2018-06-11 22:00:00 +01:00,2018-06-11 23:00:00 +01:00,1,1
GB,http://environment.data.gov.uk/air-quality/so,GB_Network_1,Station_GB1024A,,GB_SamplingPoint_74174,GB_StationProcess_918,GB_SamplingFeature_918,O3,http://dd.eionet.europa.eu/vocabulary/aq/pollutant/7,hour,48.4236700000,µg/m3,2018-06-11 23:00:00 +01:00,2018-06-12 00:00:00 +01:00,1,1
GB,http://environment.data.gov.uk/air-quality/so,GB_Network_1,Station_GB1024A,,GB_SamplingPoint_74174,GB_StationProcess_918,GB_SamplingFeature_918,O3,http://dd.eionet.europa.eu/vocabulary/aq/pollutant/7,hour,38.7605500000,µg/m3,2018-06-12 01:00:00 +01:00,2018-06-12 02:00:00 +01:00,1,1
GB,http://environment.data.gov.uk/air-quality/so,GB_Network_1,Station_GB1024A,,GB_SamplingPoint_74174,GB_StationProcess_918,GB_SamplingFeature_918,O3,http://dd.eionet.europa.eu/vocabulary/aq/pollutant/7,hour,39.7496500000,µg/m3,2018-06-12 02:00:00 +01:00,2018-06-12 03:00:00 +01:00,1,1
GB,http://environment.data.gov.uk/air-quality/so,GB_Network_1,Station_GB1024A,,GB_SamplingPoint_74174,GB_StationProcess_918,GB_SamplingFeature_918,O3,http://dd.eionet.europa.eu/vocabulary/aq/pollutant/7,hour,33.7068400000,µg/m3,2018-06-12 03:00:00 +01:00,2018-06-12 04:00:00 +01:00,1,1
GB,http://environment.data.gov.uk/air-quality/so,GB_Network_1,Station_GB1024A,,GB_SamplingPoint_74174,GB_StationProcess_918,GB_SamplingFeature_918,O3,http://dd.eionet.europa.eu/vocabulary/aq/pollutant/7,hour,40.1051100000,µg/m3,2018-06-12 07:00:00 +01:00,2018-06-12 08:00:00 +01:00,1,1
GB,http://environment.data.gov.uk/air-quality/so,GB_Network_1,Station_GB1024A,,GB_SamplingPoint_74174,GB_StationProcess_918,GB_SamplingFeature_918,O3,http://dd.eionet.europa.eu/vocabulary/aq/pollutant/7,hour,40.0123800000,µg/m3,2018-06-12 08:00:00 +01:00,2018-06-12 09:00:00 +01:00,1,1
GB,http://environment.data.gov.uk/air-quality/so,GB_Network_1,Station_GB1024A,,GB_SamplingPoint_74174,GB_StationProcess_918,GB_SamplingFeature_918,O3,http://dd.eionet.europa.eu/vocabulary/aq/pollutant/7,hour,42.9797000000,µg/m3,2018-06-12 09:00:00 +01:00,2018-06-12 10:00:00 +01:00,1,1
GB,http://environment.data.gov.uk/air-quality/so,GB_Network_1,Station_GB1024A,,GB_SamplingPoint_74174,GB_StationProcess_918,GB_SamplingFeature_918,O3,http://dd.eionet.europa.eu/vocabulary/aq/pollutant/7,hour,49.7488800000,µg/m3,2018-06-12 11:00:00 +01:00,2018-06-12 12:00:00 +01:00,1,1
GB,http://environment.data.gov.uk/air-quality/so,GB_Network_1,Station_GB1024A,,GB_SamplingPoint_74174,GB_StationProcess_918,GB_SamplingFeature_918,O3,http://dd.eionet.europa.eu/vocabulary/aq/pollutant/7,hour,58.8362800000,µg/m3,2018-06-12 15:00:00 +01:00,2018-06-12 16:00:00 +01:00,1,1
GB,http://environment.data.gov.uk/air-quality/so,GB_Network_1,Station_GB1024A,,GB_SamplingPoint_74174,GB_StationProcess_918,GB_SamplingFeature_918,O3,http://dd.eionet.europa.eu/vocabulary/aq/pollutant/7,hour,67.1354900000,µg/m3,2018-06-12 18:00:00 +01:00,2018-06-12 19:00:00 +01:00,1,1
GB,http://environment.data.gov.uk/air-quality/so,GB_Network_1,Station_GB1024A,,GB_SamplingPoint_74174,GB_StationProcess_918,GB_SamplingFeature_918,O3,http://dd.eionet.europa.eu/vocabulary/aq/pollutant/7,hour,59.0681000000,µg/m3,2018-06-12 21:00:00 +01:00,2018-06-12 22:00:00 +01:00,1,1
GB,http://environment.data.gov.uk/air-quality/so,GB_Network_1,Station_GB1024A,,GB_SamplingPoint_74174,GB_StationProcess_918,GB_SamplingFeature_918,O3,http://dd.eionet.europa.eu/vocabulary/aq/pollutant/7,hour,45.5760900000,µg/m3,2018-06-12 22:00:00 +01:00,2018-06-12 23:00:00 +01:00,1,1
GB,http://environment.data.gov.uk/air-quality/so,GB_Network_1,Station_GB1024A,,GB_SamplingPoint_74174,GB_StationProcess_918,GB_SamplingFeature_918,O3,http://dd.eionet.europa.eu/vocabulary/aq/pollutant/7,hour,36.9987000000,µg/m3,2018-06-13 00:00:00 +01:00,2018-06-13 01:00:00 +01:00,1,1
GB,http://environment.data.gov.uk/air-quality/so,GB_Network_1,Station_GB1024A,,GB_SamplingPoint_74174,GB_StationProcess_918,GB_SamplingFeature_918,O3,http://dd.eionet.europa.eu/vocabulary/aq/pollutant/7,hour,35.1272400000,µg/m3,2018-06-13 01:00:00 +01:00,2018-06-13 02:00:00 +01:00,1,1
GB,http://environment.data.gov.uk/air-quality/so,GB_Network_1,Station_GB1024A,,GB_SamplingPoint_74174,GB_StationProcess_918,GB_SamplingFeature_918,O3,http://dd.eionet.europa.eu/vocabulary/aq/pollutant/7,hour,23.7062600000,µg/m3,2018-06-13 02:00:00 +01:00,2018-06-13 03:00:00 +01:00,1,1
GB,http://environment.data.gov.uk/air-quality/so,GB_Network_1,Station_GB1024A,,GB_SamplingPoint_74174,GB_StationProcess_918,GB_SamplingFeature_918,O3,http://dd.eionet.europa.eu/vocabulary/aq/pollutant/7,hour,19.7706500000,µg/m3,2018-06-13 03:00:00 +01:00,2018-06-13 04:00:00 +01:00,1,1
GB,http://environment.data.gov.uk/air-quality/so,GB_Network_1,Station_GB1024A,,GB_SamplingPoint_74174,GB_StationProcess_918,GB_SamplingFeature_918,O3,http://dd.eionet.europa.eu/vocabulary/aq/pollutant/7,hour,14.3071000000,µg/m3,2018-06-13 05:00:00 +01:00,2018-06-13 06:00:00 +01:00,1,1
GB,http://environment.data.gov.uk/air-quality/so,GB_Network_1,Station_GB1024A,,GB_SamplingPoint_74174,GB_StationProcess_918,GB_SamplingFeature_918,O3,http://dd.eionet.europa.eu/vocabulary/aq/pollutant/7,hour,16.9925700000,µg/m3,2018-06-13 06:00:00 +01:00,2018-06-13 07:00:00 +01:00,1,1
GB,http://environment.data.gov.uk/air-quality/so,GB_Network_1,Station_GB1024A,,GB_SamplingPoint_74174,GB_StationProcess_918,GB_SamplingFeature_918,O3,http://dd.eionet.europa.eu/vocabulary/aq/pollutant/7,hour,24.9100900000,µg/m3,2018-06-13 07:00:00 +01:00,2018-06-13 08:00:00 +01:00,1,1
GB,http://environment.data.gov.uk/air-quality/so,GB_Network_1,Station_GB1024A,,GB_SamplingPoint_74174,GB_StationProcess_918,GB_SamplingFeature_918,O3,http://dd.eionet.europa.eu/vocabulary/aq/pollutant/7,hour,26.4380300000,µg/m3,2018-06-13 08:00:00 +01:00,2018-06-13 09:00:00 +01:00,1,1
GB,http://environment.data.gov.uk/air-quality/so,GB_Network_1,Station_GB1024A,,GB_SamplingPoint_74174,GB_StationProcess_918,GB_SamplingFeature_918,O3,http://dd.eionet.europa.eu/vocabulary/aq/pollutant/7,hour,40.3284200000,µg/m3,2018-06-13 10:00:00 +01:00,2018-06-13 11:00:00 +01:00,1,1
GB,http://environment.data.gov.uk/air-quality/so,GB_Network_1,Station_GB1024A,,GB_SamplingPoint_74174,GB_StationProcess_918,GB_SamplingFeature_918,O3,http://dd.eionet.europa.eu/vocabulary/aq/pollutant/7,hour,60.1916700000,µg/m3,2018-06-13 11:00:00 +01:00,2018-06-13 12:00:00 +01:00,1,1
GB,http://environment.data.gov.uk/air-quality/so,GB_Network_1,Station_GB1024A,,GB_SamplingPoint_74174,GB_StationProcess_918,GB_SamplingFeature_918,O3,http://dd.eionet.europa.eu/vocabulary/aq/pollutant/7,hour,69.0352100000,µg/m3,2018-06-13 12:00:00 +01:00,2018-06-13 13:00:00 +01:00,1,1
GB,http://environment.data.gov.uk/air-quality/so,GB_Network_1,Station_GB1024A,,GB_SamplingPoint_74174,GB_StationProcess_918,GB_SamplingFeature_918,O3,http://dd.eionet.europa.eu/vocabulary/aq/pollutant/7,hour,74.6376700000,µg/m3,2018-06-13 13:00:00 +01:00,2018-06-13 14:00:00 +01:00,1,1
GB,http://environment.data.gov.uk/air-quality/so,GB_Network_1,Station_GB1024A,,GB_SamplingPoint_74174,GB_StationProcess_918,GB_SamplingFeature_918,O3,http://dd.eionet.europa.eu/vocabulary/aq/pollutant/7,hour,84.9628600000,µg/m3,2018-06-13 14:00:00 +01:00,2018-06-13 15:00:00 +01:00,1,1
GB,http://environment.data.gov.uk/air-quality/so,GB_Network_1,Station_GB1024A,,GB_SamplingPoint_74174,GB_StationProcess_918,GB_SamplingFeature_918,O3,http://dd.eionet.europa.eu/vocabulary/aq/pollutant/7,hour,90.4727100000,µg/m3,2018-06-13 15:00:00 +01:00,2018-06-13 16:00:00 +01:00,1,1
GB,http://environment.data.gov.uk/air-quality/so,GB_Network_1,Station_GB1024A,,GB_SamplingPoint_74174,GB_StationProcess_918,GB_SamplingFeature_918,O3,http://dd.eionet.europa.eu/vocabulary/aq/pollutant/7,hour,81.1198500000,µg/m3,2018-06-13 17:00:00 +01:00,2018-06-13 18:00:00 +01:00,1,1
GB,http://environment.data.gov.uk/air-quality/so,GB_Network_1,Station_GB1024A,,GB_SamplingPoint_74174,GB_StationProcess_918,GB_SamplingFeature_918,O3,http://dd.eionet.europa.eu/vocabulary/aq/pollutant/7,hour,84.6850500000,µg/m3,2018-06-13 18:00:00 +01:00,2018-06-13 19:00:00 +01:00,1,1
GB,http://environment.data.gov.uk/air-quality/so,GB_Network_1,Station_GB1024A,,GB_SamplingPoint_74174,GB_StationProcess_918,GB_SamplingFeature_918,O3,http://dd.eionet.europa.eu/vocabulary/aq/pollutant/7,hour,75.0080800000,µg/m3,2018-06-13 21:00:00 +01:00,2018-06-13 22:00:00 +01:00,1,1
GB,http://environment.data.gov.uk/air-quality/so,GB_Network_1,Station_GB1024A,,GB_SamplingPoint_74174,GB_StationProcess_918,GB_SamplingFeature_918,O3,http://dd.eionet.europa.eu/vocabulary/aq/pollutant/7,hour,93.8990000000,µg/m3,2018-06-13 23:00:00 +01:00,2018-06-14 00:00:00 +01:00,1,1
GB,http://environment.data.gov.uk/air-quality/so,GB_Network_1,Station_GB1024A,,GB_SamplingPoint_74174,GB_StationProcess_918,GB_SamplingFeature_918,O3,http://dd.eionet.europa.eu/vocabulary/aq/pollutant/7,hour,89.8707900000,µg/m3,2018-06-14 00:00:00 +01:00,2018-06-14 01:00:00 +01:00,1,1
GB,http://environment.data.gov.uk/air-quality/so,GB_Network_1,Station_GB1024A,,GB_SamplingPoint_74174,GB_StationProcess_918,GB_SamplingFeature_918,O3,http://dd.eionet.europa.eu/vocabulary/aq/pollutant/7,hour,71.1453000000,µg/m3,2018-06-14 02:00:00 +01:00,2018-06-14 03:00:00 +01:00,1,1
GB,http://environment.data.gov.uk/air-quality/so,GB_Network_1,Station_GB1024A,,GB_SamplingPoint_74174,GB_StationProcess_918,GB_SamplingFeature_918,O3,http://dd.eionet.europa.eu/vocabulary/aq/pollutant/7,hour,61.7281100000,µg/m3,2018-06-14 03:00:00 +01:00,2018-06-14 04:00:00 +01:00,1,1
GB,http://environment.data.gov.uk/air-quality/so,GB_Network_1,Station_GB1024A,,GB_SamplingPoint_74174,GB_StationProcess_918,GB_SamplingFeature_918,O3,http://dd.eionet.europa.eu/vocabulary/aq/pollutant/7,hour,55.9945600000,µg/m3,2018-06-14 04:00:00 +01:00,2018-06-14 05:00:00 +01:00,1,1
GB,http://environment.data.gov.uk/air-quality/so,GB_Network_1,Station_GB1024A,,GB_SamplingPoint_74174,GB_StationProcess_918,GB_SamplingFeature_918,O3,http://dd.eionet.europa.eu/vocabulary/aq/pollutant/7,hour,54.1912700000,µg/m3,2018-06-14 05:00:00 +01:00,2018-06-14 06:00:00 +01:00,1,1
GB,http://environment.data.gov.uk/air-quality/so,GB_Network_1,Station_GB1024A,,GB_SamplingPoint_74174,GB_StationProcess_918,GB_SamplingFeature_918,O3,http://dd.eionet.europa.eu/vocabulary/aq/pollutant/7,hour,53.2202600000,µg/m3,2018-06-14 06:00:00 +01:00,2018-06-14 07:00:00 +01:00,1,1
GB,http://environment.data.gov.uk/air-quality/so,GB_Network_1,Station_GB1024A,,GB_SamplingPoint_74174,GB_StationProcess_918,GB_SamplingFeature_918,O3,http://dd.eionet.europa.eu/vocabulary/aq/pollutant/7,hour,39.9036400000,µg/m3,2018-06-14 09:00:00 +01:00,2018-06-14 10:00:00 +01:00,1,1
GB,http://environment.data.gov.uk/air-quality/so,GB_Network_1,Station_GB1024A,,GB_SamplingPoint_74174,GB_StationProcess_918,GB_SamplingFeature_918,O3,http://dd.eionet.europa.eu/vocabulary/aq/pollutant/7,hour,37.9153900000,µg/m3,2018-06-14 11:00:00 +01:00,2018-06-14 12:00:00 +01:00,1,1
GB,http://environment.data.gov.uk/air-quality/so,GB_Network_1,Station_GB1024A,,GB_SamplingPoint_74174,GB_StationProcess_918,GB_SamplingFeature_918,O3,http://dd.eionet.europa.eu/vocabulary/aq/pollutant/7,hour,65.8895500000,µg/m3,2018-06-14 13:00:00 +01:00,2018-06-14 14:00:00 +01:00,1,1
GB,http://environment.data.gov.uk/air-quality/so,GB_Network_1,Station_GB1024A,,GB_SamplingPoint_74174,GB_StationProcess_918,GB_SamplingFeature_918,O3,http://dd.eionet.europa.eu/vocabulary/aq/pollutant/7,hour,84.8010100000,µg/m3,2018-06-14 15:00:00 +01:00,2018-06-14 16:00:00 +01:00,1,1
GB,http://environment.data.gov.uk/air-quality/so,GB_Network_1,Station_GB1024A,,GB_SamplingPoint_74174,GB_StationProcess_918,GB_SamplingFeature_918,O3,http://dd.eionet.europa.eu/vocabulary/aq/pollutant/7,hour,82.4428500000,µg/m3,2018-06-14 16:00:00 +01:00,2018-06-14 17:00:00 +01:00,1,1
GB,http://environment.data.gov.uk/air-quality/so,GB_Network_1,Station_GB1024A,,GB_SamplingPoint_74174,GB_StationProcess_918,GB_SamplingFeature_918,O3,http://dd.eionet.europa.eu/vocabulary/aq/pollutant/7,hour,77.5416000000,µg/m3,2018-06-14 17:00:00 +01:00,2018-06-14 18:00:00 +01:00,1,1
GB,http://environment.data.gov.uk/air-quality/so,GB_Network_1,Station_GB1024A,,GB_SamplingPoint_74174,GB_StationProcess_918,GB_SamplingFeature_918,O3,http://dd.eionet.europa.eu/vocabulary/aq/pollutant/7,hour,76.4781200000,µg/m3,2018-06-14 18:00:00 +01:00,2018-06-14 19:00:00 +01:00,1,1
GB,http://environment.data.gov.uk/air-quality/so,GB_Network_1,Station_GB1024A,,GB_SamplingPoint_74174,GB_StationProcess_918,GB_SamplingFeature_918,O3,http://dd.eionet.europa.eu/vocabulary/aq/pollutant/7,hour,68.2939400000,µg/m3,2018-06-14 20:00:00 +01:00,2018-06-14 21:00:00 +01:00,1,1
GB,http://environment.data.gov.uk/air-quality/so,GB_Network_1,Station_GB1024A,,GB_SamplingPoint_74174,GB_StationProcess_918,GB_SamplingFeature_918,O3,http://dd.eionet.europa.eu/vocabulary/aq/pollutant/7,hour,60.3409600000,µg/m3,2018-06-14 21:00:00 +01:00,2018-06-14 22:00:00 +01:00,1,1
GB,http://environment.data.gov.uk/air-quality/so,GB_Network_1,Station_GB1024A,,GB_SamplingPoint_74174,GB_StationProcess_918,GB_SamplingFeature_918,O3,http://dd.eionet.europa.eu/vocabulary/aq/pollutant/7,hour,14.6113000000,µg/m3,2018-06-14 23:00:00 +01:00,2018-06-15 00:00:00 +01:00,1,1
GB,http://environment.data.gov.uk/air-quality/so,GB_Network_1,Station_GB1024A,,GB_SamplingPoint_74174,GB_StationProcess_918,GB_SamplingFeature_918,O3,http://dd.eionet.europa.eu/vocabulary/aq/pollutant/7,hour,21.2696100000,µg/m3,2018-06-15 00:00:00 +01:00,2018-06-15 01:00:00 +01:00,1,1
GB,http://environment.data.gov.uk/air-quality/so,GB_Network_1,Station_GB1024A,,GB_SamplingPoint_74174,GB_StationProcess_918,GB_SamplingFeature_918,O3,http://dd.eionet.europa.eu/vocabulary/aq/pollutant/7,hour,26.3506900000,µg/m3,2018-06-15 01:00:00 +01:00,2018-06-15 02:00:00 +01:00,1,1
GB,http://environment.data.gov.uk/air-quality/so,GB_Network_1,Station_GB1024A,,GB_SamplingPoint_74174,GB_StationProcess_918,GB_SamplingFeature_918,O3,http://dd.eionet.europa.eu/vocabulary/aq/pollutant/7,hour,41.6501000000,µg/m3,2018-06-15 07:00:00 +01:00,2018-06-15 08:00:00 +01:00,1,1
GB,http://environment.data.gov.uk/air-quality/so,GB_Network_1,Station_GB1024A,,GB_SamplingPoint_74174,GB_StationProcess_918,GB_SamplingFeature_918,O3,http://dd.eionet.europa.eu/vocabulary/aq/pollutant/7,hour,71.4793300000,µg/m3,2018-06-15 11:00:00 +01:00,2018-06-15 12:00:00 +01:00,1,1
GB,http://environment.data.gov.uk/air-quality/so,GB_Network_1,Station_GB1024A,,GB_SamplingPoint_74174,GB_StationProcess_918,GB_SamplingFeature_918,O3,http://dd.eionet.europa.eu/vocabulary/aq/pollutant/7,hour,70.3249500000,µg/m3,2018-06-15 12:00:00 +01:00,2018-06-15 13:00:00 +01:00,1,1
GB,http://environment.data.gov.uk/air-quality/so,GB_Network_1,Station_GB1024A,,GB_SamplingPoint_74174,GB_StationProcess_918,GB_SamplingFeature_918,O3,http://dd.eionet.europa.eu/vocabulary/aq/pollutant/7,hour,83.6696000000,µg/m3,2018-06-15 13:00:00 +01:00,2018-06-15 14:00:00 +01:00,1,1
GB,http://environment.data.gov.uk/air-quality/so,GB_Network_1,Station_GB1024A,,GB_SamplingPoint_74174,GB_StationProcess_918,GB_SamplingFeature_918,O3,http://dd.eionet.europa.eu/vocabulary/aq/pollutant/7,hour,87.9177300000,µg/m3,2018-06-15 14:00:00 +01:00,2018-06-15 15:00:00 +01:00,1,1
GB,http://environment.data.gov.uk/air-quality/so,GB_Network_1,Station_GB1024A,,GB_SamplingPoint_74174,GB_StationProcess_918,GB_SamplingFeature_918,O3,http://dd.eionet.europa.eu/vocabulary/aq/pollutant/7,hour,87.0404000000,µg/m3,2018-06-15 16:00:00 +01:00,2018-06-15 17:00:00 +01:00,1,1
GB,http://environment.data.gov.uk/air-quality/so,GB_Network_1,Station_GB1024A,,GB_SamplingPoint_74174,GB_StationProcess_918,GB_SamplingFeature_918,O3,http://dd.eionet.europa.eu/vocabulary/aq/pollutant/7,hour,84.6854600000,µg/m3,2018-06-15 17:00:00 +01:00,2018-06-15 18:00:00 +01:00,1,1
GB,http://environment.data.gov.uk/air-quality/so,GB_Network_1,Station_GB1024A,,GB_SamplingPoint_74174,GB_StationProcess_918,GB_SamplingFeature_918,O3,http://dd.eionet.europa.eu/vocabulary/aq/pollutant/7,hour,79.3291300000,µg/m3,2018-06-15 20:00:00 +01:00,2018-06-15 21:00:00 +01:00,1,1
GB,http://environment.data.gov.uk/air-quality/so,GB_Network_1,Station_GB1024A,,GB_SamplingPoint_74174,GB_StationProcess_918,GB_SamplingFeature_918,O3,http://dd.eionet.europa.eu/vocabulary/aq/pollutant/7,hour,64.8762600000,µg/m3,2018-06-15 23:00:00 +01:00,2018-06-16 00:00:00 +01:00,1,1
GB,http://environment.data.gov.uk/air-quality/so,GB_Network_1,Station_GB1024A,,GB_SamplingPoint_74174,GB_StationProcess_918,GB_SamplingFeature_918,O3,http://dd.eionet.europa.eu/vocabulary/aq/pollutant/7,hour,59.5199300000,µg/m3,2018-06-16 00:00:00 +01:00,2018-06-16 01:00:00 +01:00,1,1
GB,http://environment.data.gov.uk/air-quality/so,GB_Network_1,Station_GB1024A,,GB_SamplingPoint_74174,GB_StationProcess_918,GB_SamplingFeature_918,O3,http://dd.eionet.europa.eu/vocabulary/aq/pollutant/7,hour,55.8880800000,µg/m3,2018-06-16 01:00:00 +01:00,2018-06-16 02:00:00 +01:00,1,1
GB,http://environment.data.gov.uk/air-quality/so,GB_Network_1,Station_GB1024A,,GB_SamplingPoint_74174,GB_StationProcess_918,GB_SamplingFeature_918,O3,http://dd.eionet.europa.eu/vocabulary/aq/pollutant/7,hour,54.1665500000,µg/m3,2018-06-16 02:00:00 +01:00,2018-06-16 03:00:00 +01:00,1,1
GB,http://environment.data.gov.uk/air-quality/so,GB_Network_1,Station_GB1024A,,GB_SamplingPoint_74174,GB_StationProcess_918,GB_SamplingFeature_918,O3,http://dd.eionet.europa.eu/vocabulary/aq/pollutant/7,hour,53.3519000000,µg/m3,2018-06-16 03:00:00 +01:00,2018-06-16 04:00:00 +01:00,1,1
GB,http://environment.data.gov.uk/air-quality/so,GB_Network_1,Station_GB1024A,,GB_SamplingPoint_74174,GB_StationProcess_918,GB_SamplingFeature_918,O3,http://dd.eionet.europa.eu/vocabulary/aq/pollutant/7,hour,31.8174700000,µg/m3,2018-06-16 06:00:00 +01:00,2018-06-16 07:00:00 +01:00,1,1
GB,http://environment.data.gov.uk/air-quality/so,GB_Network_1,Station_GB1024A,,GB_SamplingPoint_74174,GB_StationProcess_918,GB_SamplingFeature_918,O3,http://dd.eionet.europa.eu/vocabulary/aq/pollutant/7,hour,36.1520200000,µg/m3,2018-06-16 07:00:00 +01:00,2018-06-16 08:00:00 +01:00,1,1
GB,http://environment.data.gov.uk/air-quality/so,GB_Network_1,Station_GB1024A,,GB_SamplingPoint_74174,GB_StationProcess_918,GB_SamplingFeature_918,O3,http://dd.eionet.europa.eu/vocabulary/aq/pollutant/7,hour,66.9550200000,µg/m3,2018-06-16 12:00:00 +01:00,2018-06-16 13:00:00 +01:00,1,1
GB,http://environment.data.gov.uk/air-quality/so,GB_Network_1,Station_GB1024A,,GB_SamplingPoint_74174,GB_StationProcess_918,GB_SamplingFeature_918,O3,http://dd.eionet.europa.eu/vocabulary/aq/pollutant/7,hour,70.5978900000,µg/m3,2018-06-16 13:00:00 +01:00,2018-06-16 14:00:00 +01:00,1,1
GB,http://environment.data.gov.uk/air-quality/so,GB_Network_1,Station_GB1024A,,GB_SamplingPoint_74174,GB_StationProcess_918,GB_SamplingFeature_918,O3,http://dd.eionet.europa.eu/vocabulary/aq/pollutant/7,hour,73.0879500000,µg/m3,2018-06-16 14:00:00 +01:00,2018-06-16 15:00:00 +01:00,1,1
GB,http://environment.data.gov.uk/air-quality/so,GB_Network_1,Station_GB1024A,,GB_SamplingPoint_74174,GB_StationProcess_918,GB_SamplingFeature_918,O3,http://dd.eionet.europa.eu/vocabulary/aq/pollutant/7,hour,73.5951900000,µg/m3,2018-06-16 17:00:00 +01:00,2018-06-16 18:00:00 +01:00,1,1
GB,http://environment.data.gov.uk/air-quality/so,GB_Network_1,Station_GB1024A,,GB_SamplingPoint_74174,GB_StationProcess_918,GB_SamplingFeature_918,O3,http://dd.eionet.europa.eu/vocabulary/aq/pollutant/7,hour,69.3989700000,µg/m3,2018-06-16 20:00:00 +01:00,2018-06-16 21:00:00 +01:00,1,1
GB,http://environment.data.gov.uk/air-quality/so,GB_Network_1,Station_GB1024A,,GB_SamplingPoint_74174,GB_StationProcess_918,GB_SamplingFeature_918,O3,http://dd.eionet.europa.eu/vocabulary/aq/pollutant/7,hour,57.0396900000,µg/m3,2018-06-17 01:00:00 +01:00,2018-06-17 02:00:00 +01:00,1,1
GB,http://environment.data.gov.uk/air-quality/so,GB_Network_1,Station_GB1024A,,GB_SamplingPoint_74174,GB_StationProcess_918,GB_SamplingFeature_918,O3,http://dd.eionet.europa.eu/vocabulary/aq/pollutant/7,hour,50.7156000000,µg/m3,2018-06-17 02:00:00 +01:00,2018-06-17 03:00:00 +01:00,1,1
GB,http://environment.data.gov.uk/air-quality/so,GB_Network_1,Station_GB1024A,,GB_SamplingPoint_74174,GB_StationProcess_918,GB_SamplingFeature_918,O3,http://dd.eionet.europa.eu/vocabulary/aq/pollutant/7,hour,53.5553000000,µg/m3,2018-06-17 04:00:00 +01:00,2018-06-17 05:00:00 +01:00,1,1
GB,http://environment.data.gov.uk/air-quality/so,GB_Network_1,Station_GB1024A,,GB_SamplingPoint_74174,GB_StationProcess_918,GB_SamplingFeature_918,O3,http://dd.eionet.europa.eu/vocabulary/aq/pollutant/7,hour,53.8316000000,µg/m3,2018-06-17 05:00:00 +01:00,2018-06-17 06:00:00 +01:00,1,1
GB,http://environment.data.gov.uk/air-quality/so,GB_Network_1,Station_GB1024A,,GB_SamplingPoint_74174,GB_StationProcess_918,GB_SamplingFeature_918,O3,http://dd.eionet.europa.eu/vocabulary/aq/pollutant/7,hour,54.3381400000,µg/m3,2018-06-17 06:00:00 +01:00,2018-06-17 07:00:00 +01:00,1,1
GB,http://environment.data.gov.uk/air-quality/so,GB_Network_1,Station_GB1024A,,GB_SamplingPoint_74174,GB_StationProcess_918,GB_SamplingFeature_918,O3,http://dd.eionet.europa.eu/vocabulary/aq/pollutant/7,hour,52.5882700000,µg/m3,2018-06-17 07:00:00 +01:00,2018-06-17 08:00:00 +01:00,1,1
GB,http://environment.data.gov.uk/air-quality/so,GB_Network_1,Station_GB1024A,,GB_SamplingPoint_74174,GB_StationProcess_918,GB_SamplingFeature_918,O3,http://dd.eionet.europa.eu/vocabulary/aq/pollutant/7,hour,55.7656700000,µg/m3,2018-06-17 11:00:00 +01:00,2018-06-17 12:00:00 +01:00,1,1
GB,http://environment.data.gov.uk/air-quality/so,GB_Network_1,Station_GB1024A,,GB_SamplingPoint_74174,GB_StationProcess_918,GB_SamplingFeature_918,O3,http://dd.eionet.europa.eu/vocabulary/aq/pollutant/7,hour,62.0283700000,µg/m3,2018-06-17 12:00:00 +01:00,2018-06-17 13:00:00 +01:00,1,1
GB,http://environment.data.gov.uk/air-quality/so,GB_Network_1,Station_GB1024A,,GB_SamplingPoint_74174,GB_StationProcess_918,GB_SamplingFeature_918,O3,http://dd.eionet.europa.eu/vocabulary/aq/pollutant/7,hour,63.5940400000,µg/m3,2018-06-17 14:00:00 +01:00,2018-06-17 15:00:00 +01:00,1,1
GB,http://environment.data.gov.uk/air-quality/so,GB_Network_1,Station_GB1024A,,GB_SamplingPoint_74174,GB_StationProcess_918,GB_SamplingFeature_918,O3,http://dd.eionet.europa.eu/vocabulary/aq/pollutant/7,hour,62.8572500000,µg/m3,2018-06-17 15:00:00 +01:00,2018-06-17 16:00:00 +01:00,1,1
GB,http://environment.data.gov.uk/air-quality/so,GB_Network_1,Station_GB1024A,,GB_SamplingPoint_74174,GB_StationProcess_918,GB_SamplingFeature_918,O3,http://dd.eionet.europa.eu/vocabulary/aq/pollutant/7,hour,66.1267500000,µg/m3,2018-06-17 16:00:00 +01:00,2018-06-17 17:00:00 +01:00,1,1
GB,http://environment.data.gov.uk/air-quality/so,GB_Network_1,Station_GB1024A,,GB_SamplingPoint_74174,GB_StationProcess_918,GB_SamplingFeature_918,O3,http://dd.eionet.europa.eu/vocabulary/aq/pollutant/7,hour,68.7976100000,µg/m3,2018-06-17 17:00:00 +01:00,2018-06-17 18:00:00 +01:00,1,1
GB,http://environment.data.gov.uk/air-quality/so,GB_Network_1,Station_GB1024A,,GB_SamplingPoint_74174,GB_StationProcess_918,GB_SamplingFeature_918,O3,http://dd.eionet.europa.eu/vocabulary/aq/pollutant/7,hour,72.6657500000,µg/m3,2018-06-17 18:00:00 +01:00,2018-06-17 19:00:00 +01:00,1,1
GB,http://environment.data.gov.uk/air-quality/so,GB_Network_1,Station_GB1024A,,GB_SamplingPoint_74174,GB_StationProcess_918,GB_SamplingFeature_918,O3,http://dd.eionet.europa.eu/vocabulary/aq/pollutant/7,hour,65.2057700000,µg/m3,2018-06-17 20:00:00 +01:00,2018-06-17 21:00:00 +01:00,1,1
GB,http://environment.data.gov.uk/air-quality/so,GB_Network_1,Station_GB1024A,,GB_SamplingPoint_74174,GB_StationProcess_918,GB_SamplingFeature_918,O3,http://dd.eionet.europa.eu/vocabulary/aq/pollutant/7,hour,52.3580200000,µg/m3,2018-06-17 22:00:00 +01:00,2018-06-17 23:00:00 +01:00,1,1
GB,http://environment.data.gov.uk/air-quality/so,GB_Network_1,Station_GB1024A,,GB_SamplingPoint_74174,GB_StationProcess_918,GB_SamplingFeature_918,O3,http://dd.eionet.europa.eu/vocabulary/aq/pollutant/7,hour,46.1874200000,µg/m3,2018-06-17 23:00:00 +01:00,2018-06-18 00:00:00 +01:00,1,1
GB,http://environment.data.gov.uk/air-quality/so,GB_Network_1,Station_GB1024A,,GB_SamplingPoint_74174,GB_StationProcess_918,GB_SamplingFeature_918,O3,http://dd.eionet.europa.eu/vocabulary/aq/pollutant/7,hour,31.8225000000,µg/m3,2018-06-18 02:00:00 +01:00,2018-06-18 03:00:00 +01:00,1,1
GB,http://environment.data.gov.uk/air-quality/so,GB_Network_1,Station_GB1024A,,GB_SamplingPoint_74174,GB_StationProcess_918,GB_SamplingFeature_918,O3,http://dd.eionet.europa.eu/vocabulary/aq/pollutant/7,hour,28.9713500000,µg/m3,2018-06-18 03:00:00 +01:00,2018-06-18 04:00:00 +01:00,1,1
GB,http://environment.data.gov.uk/air-quality/so,GB_Network_1,Station_GB1024A,,GB_SamplingPoint_74174,GB_StationProcess_918,GB_SamplingFeature_918,O3,http://dd.eionet.europa.eu/vocabulary/aq/pollutant/7,hour,56.4251500000,µg/m3,2018-06-18 07:00:00 +01:00,2018-06-18 08:00:00 +01:00,1,1
GB,http://environment.data.gov.uk/air-quality/so,GB_Network_1,Station_GB1024A,,GB_SamplingPoint_74174,GB_StationProcess_918,GB_SamplingFeature_918,O3,http://dd.eionet.europa.eu/vocabulary/aq/pollutant/7,hour,52.2863800000,µg/m3,2018-06-18 08:00:00 +01:00,2018-06-18 09:00:00 +01:00,1,1
GB,http://environment.data.gov.uk/air-quality/so,GB_Network_1,Station_GB1024A,,GB_SamplingPoint_74174,GB_StationProcess_918,GB_SamplingFeature_918,O3,http://dd.eionet.europa.eu/vocabulary/aq/pollutant/7,hour,53.8039300000,µg/m3,2018-06-18 09:00:00 +01:00,2018-06-18 10:00:00 +01:00,1,1
GB,http://environment.data.gov.uk/air-quality/so,GB_Network_1,Station_GB1024A,,GB_SamplingPoint_74174,GB_StationProcess_918,GB_SamplingFeature_918,O3,http://dd.eionet.europa.eu/vocabulary/aq/pollutant/7,hour,60.7478600000,µg/m3,2018-06-18 10:00:00 +01:00,2018-06-18 11:00:00 +01:00,1,1
GB,http://environment.data.gov.uk/air-quality/so,GB_Network_1,Station_GB1024A,,GB_SamplingPoint_74174,GB_StationProcess_918,GB_SamplingFeature_918,O3,http://dd.eionet.europa.eu/vocabulary/aq/pollutant/7,hour,65.6683900000,µg/m3,2018-06-18 11:00:00 +01:00,2018-06-18 12:00:00 +01:00,1,1
GB,http://environment.data.gov.uk/air-quality/so,GB_Network_1,Station_GB1024A,,GB_SamplingPoint_74174,GB_StationProcess_918,GB_SamplingFeature_918,O3,http://dd.eionet.europa.eu/vocabulary/aq/pollutant/7,hour,75.6014200000,µg/m3,2018-06-18 13:00:00 +01:00,2018-06-18 14:00:00 +01:00,1,1
GB,http://environment.data.gov.uk/air-quality/so,GB_Network_1,Station_GB1024A,,GB_SamplingPoint_74174,GB_StationProcess_918,GB_SamplingFeature_918,O3,http://dd.eionet.europa.eu/vocabulary/aq/pollutant/7,hour,71.8305500000,µg/m3,2018-06-18 15:00:00 +01:00,2018-06-18 16:00:00 +01:00,1,1
GB,http://environment.data.gov.uk/air-quality/so,GB_Network_1,Station_GB1024A,,GB_SamplingPoint_74174,GB_StationProcess_918,GB_SamplingFeature_918,O3,http://dd.eionet.europa.eu/vocabulary/aq/pollutant/7,hour,59.8281300000,µg/m3,2018-06-18 16:00:00 +01:00,2018-06-18 17:00:00 +01:00,1,1
GB,http://environment.data.gov.uk/air-quality/so,GB_Network_1,Station_GB1024A,,GB_SamplingPoint_74174,GB_StationProcess_918,GB_SamplingFeature_918,O3,http://dd.eionet.europa.eu/vocabulary/aq/pollutant/7,hour,51.6425800000,µg/m3,2018-06-18 18:00:00 +01:00,2018-06-18 19:00:00 +01:00,1,1
GB,http://environment.data.gov.uk/air-quality/so,GB_Network_1,Station_GB1024A,,GB_SamplingPoint_74174,GB_StationProcess_918,GB_SamplingFeature_918,O3,http://dd.eionet.europa.eu/vocabulary/aq/pollutant/7,hour,51.5046200000,µg/m3,2018-06-18 20:00:00 +01:00,2018-06-18 21:00:00 +01:00,1,1
GB,http://environment.data.gov.uk/air-quality/so,GB_Network_1,Station_GB1024A,,GB_SamplingPoint_74174,GB_StationProcess_918,GB_SamplingFeature_918,O3,http://dd.eionet.europa.eu/vocabulary/aq/pollutant/7,hour,34.5356900000,µg/m3,2018-06-18 23:00:00 +01:00,2018-06-19 00:00:00 +01:00,1,1
GB,http://environment.data.gov.uk/air-quality/so,GB_Network_1,Station_GB1024A,,GB_SamplingPoint_74174,GB_StationProcess_918,GB_SamplingFeature_918,O3,http://dd.eionet.europa.eu/vocabulary/aq/pollutant/7,hour,30.3509400000,µg/m3,2018-06-19 00:00:00 +01:00,2018-06-19 01:00:00 +01:00,1,1
GB,http://environment.data.gov.uk/air-quality/so,GB_Network_1,Station_GB1024A,,GB_SamplingPoint_74174,GB_StationProcess_918,GB_SamplingFeature_918,O3,http://dd.eionet.europa.eu/vocabulary/aq/pollutant/7,hour,30.0644300000,µg/m3,2018-06-19 01:00:00 +01:00,2018-06-19 02:00:00 +01:00,1,1
GB,http://environment.data.gov.uk/air-quality/so,GB_Network_1,Station_GB1024A,,GB_SamplingPoint_74174,GB_StationProcess_918,GB_SamplingFeature_918,O3,http://dd.eionet.europa.eu/vocabulary/aq/pollutant/7,hour,28.7938900000,µg/m3,2018-06-19 03:00:00 +01:00,2018-06-19 04:00:00 +01:00,1,1
GB,http://environment.data.gov.uk/air-quality/so,GB_Network_1,Station_GB1024A,,GB_SamplingPoint_74174,GB_StationProcess_918,GB_SamplingFeature_918,O3,http://dd.eionet.europa.eu/vocabulary/aq/pollutant/7,hour,31.7329700000,µg/m3,2018-06-19 05:00:00 +01:00,2018-06-19 06:00:00 +01:00,1,1
GB,http://environment.data.gov.uk/air-quality/so,GB_Network_1,Station_GB1024A,,GB_SamplingPoint_74174,GB_StationProcess_918,GB_SamplingFeature_918,O3,http://dd.eionet.europa.eu/vocabulary/aq/pollutant/7,hour,28.9775800000,µg/m3,2018-06-19 06:00:00 +01:00,2018-06-19 07:00:00 +01:00,1,1
GB,http://environment.data.gov.uk/air-quality/so,GB_Network_1,Station_GB1024A,,GB_SamplingPoint_74174,GB_StationProcess_918,GB_SamplingFeature_918,O3,http://dd.eionet.europa.eu/vocabulary/aq/pollutant/7,hour,26.2221800000,µg/m3,2018-06-19 07:00:00 +01:00,2018-06-19 08:00:00 +01:00,1,1
GB,http://environment.data.gov.uk/air-quality/so,GB_Network_1,Station_GB1024A,,GB_SamplingPoint_74174,GB_StationProcess_918,GB_SamplingFeature_918,O3,http://dd.eionet.europa.eu/vocabulary/aq/pollutant/7,hour,28.5642700000,µg/m3,2018-06-19 09:00:00 +01:00,2018-06-19 10:00:00 +01:00,1,1
GB,http://environment.data.gov.uk/air-quality/so,GB_Network_1,Station_GB1024A,,GB_SamplingPoint_74174,GB_StationProcess_918,GB_SamplingFeature_918,O3,http://dd.eionet.europa.eu/vocabulary/aq/pollutant/7,hour,29.2990400000,µg/m3,2018-06-19 10:00:00 +01:00,2018-06-19 11:00:00 +01:00,1,1
GB,http://environment.data.gov.uk/air-quality/so,GB_Network_1,Station_GB1024A,,GB_SamplingPoint_74174,GB_StationProcess_918,GB_SamplingFeature_918,O3,http://dd.eionet.europa.eu/vocabulary/aq/pollutant/7,hour,41.3768600000,µg/m3,2018-06-19 13:00:00 +01:00,2018-06-19 14:00:00 +01:00,1,1
GB,http://environment.data.gov.uk/air-quality/so,GB_Network_1,Station_GB1024A,,GB_SamplingPoint_74174,GB_StationProcess_918,GB_SamplingFeature_918,O3,http://dd.eionet.europa.eu/vocabulary/aq/pollutant/7,hour,40.6420900000,µg/m3,2018-06-19 14:00:00 +01:00,2018-06-19 15:00:00 +01:00,1,1
GB,http://environment.data.gov.uk/air-quality/so,GB_Network_1,Station_GB1024A,,GB_SamplingPoint_74174,GB_StationProcess_918,GB_SamplingFeature_918,O3,http://dd.eionet.europa.eu/vocabulary/aq/pollutant/7,hour,35.4986800000,µg/m3,2018-06-19 16:00:00 +01:00,2018-06-19 17:00:00 +01:00,1,1
GB,http://environment.data.gov.uk/air-quality/so,GB_Network_1,Station_GB1024A,,GB_SamplingPoint_74174,GB_StationProcess_918,GB_SamplingFeature_918,O3,http://dd.eionet.europa.eu/vocabulary/aq/pollutant/7,hour,36.3712200000,µg/m3,2018-06-19 18:00:00 +01:00,2018-06-19 19:00:00 +01:00,1,1
GB,http://environment.data.gov.uk/air-quality/so,GB_Network_1,Station_GB1024A,,GB_SamplingPoint_74174,GB_StationProcess_918,GB_SamplingFeature_918,O3,http://dd.eionet.europa.eu/vocabulary/aq/pollutant/7,hour,37.7948400000,µg/m3,2018-06-19 19:00:00 +01:00,2018-06-19 20:00:00 +01:00,1,1
GB,http://environment.data.gov.uk/air-quality/so,GB_Network_1,Station_GB1024A,,GB_SamplingPoint_74174,GB_StationProcess_918,GB_SamplingFeature_918,O3,http://dd.eionet.europa.eu/vocabulary/aq/pollutant/7,hour,37.4274600000,µg/m3,2018-06-19 20:00:00 +01:00,2018-06-19 21:00:00 +01:00,1,1
GB,http://environment.data.gov.uk/air-quality/so,GB_Network_1,Station_GB1024A,,GB_SamplingPoint_74174,GB_StationProcess_918,GB_SamplingFeature_918,O3,http://dd.eionet.europa.eu/vocabulary/aq/pollutant/7,hour,28.7020400000,µg/m3,2018-06-19 22:00:00 +01:00,2018-06-19 23:00:00 +01:00,1,1
GB,http://environment.data.gov.uk/air-quality/so,GB_Network_1,Station_GB1024A,,GB_SamplingPoint_74174,GB_StationProcess_918,GB_SamplingFeature_918,O3,http://dd.eionet.europa.eu/vocabulary/aq/pollutant/7,hour,24.0637900000,µg/m3,2018-06-19 23:00:00 +01:00,2018-06-20 00:00:00 +01:00,1,1
GB,http://environment.data.gov.uk/air-quality/so,GB_Network_1,Station_GB1024A,,GB_SamplingPoint_74174,GB_StationProcess_918,GB_SamplingFeature_918,O3,http://dd.eionet.europa.eu/vocabulary/aq/pollutant/7,hour,17.7326300000,µg/m3,2018-06-20 01:00:00 +01:00,2018-06-20 02:00:00 +01:00,1,1
GB,http://environment.data.gov.uk/air-quality/so,GB_Network_1,Station_GB1024A,,GB_SamplingPoint_74174,GB_StationProcess_918,GB_SamplingFeature_918,O3,http://dd.eionet.europa.eu/vocabulary/aq/pollutant/7,hour,16.2651100000,µg/m3,2018-06-20 02:00:00 +01:00,2018-06-20 03:00:00 +01:00,1,1
GB,http://environment.data.gov.uk/air-quality/so,GB_Network_1,Station_GB1024A,,GB_SamplingPoint_74174,GB_StationProcess_918,GB_SamplingFeature_918,O3,http://dd.eionet.europa.eu/vocabulary/aq/pollutant/7,hour,14.4459800000,µg/m3,2018-06-20 03:00:00 +01:00,2018-06-20 04:00:00 +01:00,1,1
GB,http://environment.data.gov.uk/air-quality/so,GB_Network_1,Station_GB1024A,,GB_SamplingPoint_74174,GB_StationProcess_918,GB_SamplingFeature_918,O3,http://dd.eionet.europa.eu/vocabulary/aq/pollutant/7,hour,17.6103400000,µg/m3,2018-06-20 05:00:00 +01:00,2018-06-20 06:00:00 +01:00,1,1
GB,http://environment.data.gov.uk/air-quality/so,GB_Network_1,Station_GB1024A,,GB_SamplingPoint_74174,GB_StationProcess_918,GB_SamplingFeature_918,O3,http://dd.eionet.europa.eu/vocabulary/aq/pollutant/7,hour,15.4549100000,µg/m3,2018-06-20 07:00:00 +01:00,2018-06-20 08:00:00 +01:00,1,1
GB,http://environment.data.gov.uk/air-quality/so,GB_Network_1,Station_GB1024A,,GB_SamplingPoint_74174,GB_StationProcess_918,GB_SamplingFeature_918,O3,http://dd.eionet.europa.eu/vocabulary/aq/pollutant/7,hour,14.7211400000,µg/m3,2018-06-20 09:00:00 +01:00,2018-06-20 10:00:00 +01:00,1,1
GB,http://environment.data.gov.uk/air-quality/so,GB_Network_1,Station_GB1024A,,GB_SamplingPoint_74174,GB_StationProcess_918,GB_SamplingFeature_918,O3,http://dd.eionet.europa.eu/vocabulary/aq/pollutant/7,hour,17.6103400000,µg/m3,2018-06-20 10:00:00 +01:00,2018-06-20 11:00:00 +01:00,1,1
GB,http://environment.data.gov.uk/air-quality/so,GB_Network_1,Station_GB1024A,,GB_SamplingPoint_74174,GB_StationProcess_918,GB_SamplingFeature_918,O3,http://dd.eionet.europa.eu/vocabulary/aq/pollutant/7,hour,20.8664200000,µg/m3,2018-06-20 13:00:00 +01:00,2018-06-20 14:00:00 +01:00,1,1
GB,http://environment.data.gov.uk/air-quality/so,GB_Network_1,Station_GB1024A,,GB_SamplingPoint_74174,GB_StationProcess_918,GB_SamplingFeature_918,O3,http://dd.eionet.europa.eu/vocabulary/aq/pollutant/7,hour,22.9759900000,µg/m3,2018-06-20 14:00:00 +01:00,2018-06-20 15:00:00 +01:00,1,1
GB,http://environment.data.gov.uk/air-quality/so,GB_Network_1,Station_GB1024A,,GB_SamplingPoint_74174,GB_StationProcess_918,GB_SamplingFeature_918,O3,http://dd.eionet.europa.eu/vocabulary/aq/pollutant/7,hour,28.1582000000,µg/m3,2018-06-20 16:00:00 +01:00,2018-06-20 17:00:00 +01:00,1,1
GB,http://environment.data.gov.uk/air-quality/so,GB_Network_1,Station_GB1024A,,GB_SamplingPoint_74174,GB_StationProcess_918,GB_SamplingFeature_918,O3,http://dd.eionet.europa.eu/vocabulary/aq/pollutant/7,hour,31.4142800000,µg/m3,2018-06-20 17:00:00 +01:00,2018-06-20 18:00:00 +01:00,1,1
GB,http://environment.data.gov.uk/air-quality/so,GB_Network_1,Station_GB1024A,,GB_SamplingPoint_74174,GB_StationProcess_918,GB_SamplingFeature_918,O3,http://dd.eionet.europa.eu/vocabulary/aq/pollutant/7,hour,29.7633100000,µg/m3,2018-06-20 18:00:00 +01:00,2018-06-20 19:00:00 +01:00,1,1
GB,http://environment.data.gov.uk/air-quality/so,GB_Network_1,Station_GB1024A,,GB_SamplingPoint_74174,GB_StationProcess_918,GB_SamplingFeature_918,O3,http://dd.eionet.europa.eu/vocabulary/aq/pollutant/7,hour,22.9759900000,µg/m3,2018-06-20 19:00:00 +01:00,2018-06-20 20:00:00 +01:00,1,1
GB,http://environment.data.gov.uk/air-quality/so,GB_Network_1,Station_GB1024A,,GB_SamplingPoint_74174,GB_StationProcess_918,GB_SamplingFeature_918,O3,http://dd.eionet.europa.eu/vocabulary/aq/pollutant/7,hour,33.5238500000,µg/m3,2018-06-20 21:00:00 +01:00,2018-06-20 22:00:00 +01:00,1,1
GB,http://environment.data.gov.uk/air-quality/so,GB_Network_1,Station_GB1024A,,GB_SamplingPoint_74174,GB_StationProcess_918,GB_SamplingFeature_918,O3,http://dd.eionet.europa.eu/vocabulary/aq/pollutant/7,hour,35.0831000000,µg/m3,2018-06-20 22:00:00 +01:00,2018-06-20 23:00:00 +01:00,1,1
GB,http://environment.data.gov.uk/air-quality/so,GB_Network_1,Station_GB1024A,,GB_SamplingPoint_74174,GB_StationProcess_918,GB_SamplingFeature_918,O3,http://dd.eionet.europa.eu/vocabulary/aq/pollutant/7,hour,57.5546200000,µg/m3,2018-06-21 00:00:00 +01:00,2018-06-21 01:00:00 +01:00,1,1
GB,http://environment.data.gov.uk/air-quality/so,GB_Network_1,Station_GB1024A,,GB_SamplingPoint_74174,GB_StationProcess_918,GB_SamplingFeature_918,O3,http://dd.eionet.europa.eu/vocabulary/aq/pollutant/7,hour,62.1621400000,µg/m3,2018-06-21 01:00:00 +01:00,2018-06-21 02:00:00 +01:00,1,1
GB,http://environment.data.gov.uk/air-quality/so,GB_Network_1,Station_GB1024A,,GB_SamplingPoint_74174,GB_StationProcess_918,GB_SamplingFeature_918,O3,http://dd.eionet.europa.eu/vocabulary/aq/pollutant/7,hour,57.1091800000,µg/m3,2018-06-21 03:00:00 +01:00,2018-06-21 04:00:00 +01:00,1,1
GB,http://environment.data.gov.uk/air-quality/so,GB_Network_1,Station_GB1024A,,GB_SamplingPoint_74174,GB_StationProcess_918,GB_SamplingFeature_918,O3,http://dd.eionet.europa.eu/vocabulary/aq/pollutant/7,hour,56.1474300000,µg/m3,2018-06-21 04:00:00 +01:00,2018-06-21 05:00:00 +01:00,1,1
GB,http://environment.data.gov.uk/air-quality/so,GB_Network_1,Station_GB1024A,,GB_SamplingPoint_74174,GB_StationProcess_918,GB_SamplingFeature_918,O3,http://dd.eionet.europa.eu/vocabulary/aq/pollutant/7,hour,49.5984300000,µg/m3,2018-06-21 07:00:00 +01:00,2018-06-21 08:00:00 +01:00,1,1
GB,http://environment.data.gov.uk/air-quality/so,GB_Network_1,Station_GB1024A,,GB_SamplingPoint_74174,GB_StationProcess_918,GB_SamplingFeature_918,O3,http://dd.eionet.europa.eu/vocabulary/aq/pollutant/7,hour,60.1775900000,µg/m3,2018-06-21 11:00:00 +01:00,2018-06-21 12:00:00 +01:00,1,1
GB,http://environment.data.gov.uk/air-quality/so,GB_Network_1,Station_GB1024A,,GB_SamplingPoint_74174,GB_StationProcess_918,GB_SamplingFeature_918,O3,http://dd.eionet.europa.eu/vocabulary/aq/pollutant/7,hour,64.3451400000,µg/m3,2018-06-21 12:00:00 +01:00,2018-06-21 13:00:00 +01:00,1,1
GB,http://environment.data.gov.uk/air-quality/so,GB_Network_1,Station_GB1024A,,GB_SamplingPoint_74174,GB_StationProcess_918,GB_SamplingFeature_918,O3,http://dd.eionet.europa.eu/vocabulary/aq/pollutant/7,hour,77.0309800000,µg/m3,2018-06-21 14:00:00 +01:00,2018-06-21 15:00:00 +01:00,1,1
GB,http://environment.data.gov.uk/air-quality/so,GB_Network_1,Station_GB1024A,,GB_SamplingPoint_74174,GB_StationProcess_918,GB_SamplingFeature_918,O3,http://dd.eionet.europa.eu/vocabulary/aq/pollutant/7,hour,81.4275200000,µg/m3,2018-06-21 15:00:00 +01:00,2018-06-21 16:00:00 +01:00,1,1
GB,http://environment.data.gov.uk/air-quality/so,GB_Network_1,Station_GB1024A,,GB_SamplingPoint_74174,GB_StationProcess_918,GB_SamplingFeature_918,O3,http://dd.eionet.europa.eu/vocabulary/aq/pollutant/7,hour,83.2594100000,µg/m3,2018-06-21 16:00:00 +01:00,2018-06-21 17:00:00 +01:00,1,1
GB,http://environment.data.gov.uk/air-quality/so,GB_Network_1,Station_GB1024A,,GB_SamplingPoint_74174,GB_StationProcess_918,GB_SamplingFeature_918,O3,http://dd.eionet.europa.eu/vocabulary/aq/pollutant/7,hour,67.3219600000,µg/m3,2018-06-21 21:00:00 +01:00,2018-06-21 22:00:00 +01:00,1,1
GB,http://environment.data.gov.uk/air-quality/so,GB_Network_1,Station_GB1024A,,GB_SamplingPoint_74174,GB_StationProcess_918,GB_SamplingFeature_918,O3,http://dd.eionet.europa.eu/vocabulary/aq/pollutant/7,hour,57.9793200000,µg/m3,2018-06-21 23:00:00 +01:00,2018-06-22 00:00:00 +01:00,1,1
GB,http://environment.data.gov.uk/air-quality/so,GB_Network_1,Station_GB1024A,,GB_SamplingPoint_74174,GB_StationProcess_918,GB_SamplingFeature_918,O3,http://dd.eionet.europa.eu/vocabulary/aq/pollutant/7,hour,52.0256800000,µg/m3,2018-06-22 00:00:00 +01:00,2018-06-22 01:00:00 +01:00,1,1
GB,http://environment.data.gov.uk/air-quality/so,GB_Network_1,Station_GB1024A,,GB_SamplingPoint_74174,GB_StationProcess_918,GB_SamplingFeature_918,O3,http://dd.eionet.europa.eu/vocabulary/aq/pollutant/7,hour,53.4785800000,µg/m3,2018-06-22 01:00:00 +01:00,2018-06-22 02:00:00 +01:00,1,1
GB,http://environment.data.gov.uk/air-quality/so,GB_Network_1,Station_GB1024A,,GB_SamplingPoint_74174,GB_StationProcess_918,GB_SamplingFeature_918,O3,http://dd.eionet.europa.eu/vocabulary/aq/pollutant/7,hour,50.1247400000,µg/m3,2018-06-22 02:00:00 +01:00,2018-06-22 03:00:00 +01:00,1,1
GB,http://environment.data.gov.uk/air-quality/so,GB_Network_1,Station_GB1024A,,GB_SamplingPoint_74174,GB_StationProcess_918,GB_SamplingFeature_918,O3,http://dd.eionet.europa.eu/vocabulary/aq/pollutant/7,hour,48.6155100000,µg/m3,2018-06-22 03:00:00 +01:00,2018-06-22 04:00:00 +01:00,1,1
GB,http://environment.data.gov.uk/air-quality/so,GB_Network_1,Station_GB1024A,,GB_SamplingPoint_74174,GB_StationProcess_918,GB_SamplingFeature_918,O3,http://dd.eionet.europa.eu/vocabulary/aq/pollutant/7,hour,41.0693600000,µg/m3,2018-06-22 05:00:00 +01:00,2018-06-22 06:00:00 +01:00,1,1
GB,http://environment.data.gov.uk/air-quality/so,GB_Network_1,Station_GB1024A,,GB_SamplingPoint_74174,GB_StationProcess_918,GB_SamplingFeature_918,O3,http://dd.eionet.europa.eu/vocabulary/aq/pollutant/7,hour,36.3587300000,µg/m3,2018-06-22 06:00:00 +01:00,2018-06-22 07:00:00 +01:00,1,1
GB,http://environment.data.gov.uk/air-quality/so,GB_Network_1,Station_GB1024A,,GB_SamplingPoint_74174,GB_StationProcess_918,GB_SamplingFeature_918,O3,http://dd.eionet.europa.eu/vocabulary/aq/pollutant/7,hour,36.6788700000,µg/m3,2018-06-22 07:00:00 +01:00,2018-06-22 08:00:00 +01:00,1,1
GB,http://environment.data.gov.uk/air-quality/so,GB_Network_1,Station_GB1024A,,GB_SamplingPoint_74174,GB_StationProcess_918,GB_SamplingFeature_918,O3,http://dd.eionet.europa.eu/vocabulary/aq/pollutant/7,hour,43.1274000000,µg/m3,2018-06-22 08:00:00 +01:00,2018-06-22 09:00:00 +01:00,1,1
GB,http://environment.data.gov.uk/air-quality/so,GB_Network_1,Station_GB1024A,,GB_SamplingPoint_74174,GB_StationProcess_918,GB_SamplingFeature_918,O3,http://dd.eionet.europa.eu/vocabulary/aq/pollutant/7,hour,48.8441800000,µg/m3,2018-06-22 09:00:00 +01:00,2018-06-22 10:00:00 +01:00,1,1
GB,http://environment.data.gov.uk/air-quality/so,GB_Network_1,Station_GB1024A,,GB_SamplingPoint_74174,GB_StationProcess_918,GB_SamplingFeature_918,O3,http://dd.eionet.europa.eu/vocabulary/aq/pollutant/7,hour,52.5029200000,µg/m3,2018-06-22 10:00:00 +01:00,2018-06-22 11:00:00 +01:00,1,1
GB,http://environment.data.gov.uk/air-quality/so,GB_Network_1,Station_GB1024A,,GB_SamplingPoint_74174,GB_StationProcess_918,GB_SamplingFeature_918,O3,http://dd.eionet.europa.eu/vocabulary/aq/pollutant/7,hour,67.0921500000,µg/m3,2018-06-22 12:00:00 +01:00,2018-06-22 13:00:00 +01:00,1,1
GB,http://environment.data.gov.uk/air-quality/so,GB_Network_1,Station_GB1024A,,GB_SamplingPoint_74174,GB_StationProcess_918,GB_SamplingFeature_918,O3,http://dd.eionet.europa.eu/vocabulary/aq/pollutant/7,hour,75.3700500000,µg/m3,2018-06-22 13:00:00 +01:00,2018-06-22 14:00:00 +01:00,1,1
GB,http://environment.data.gov.uk/air-quality/so,GB_Network_1,Station_GB1024A,,GB_SamplingPoint_74174,GB_StationProcess_918,GB_SamplingFeature_918,O3,http://dd.eionet.europa.eu/vocabulary/aq/pollutant/7,hour,85.1114400000,µg/m3,2018-06-22 15:00:00 +01:00,2018-06-22 16:00:00 +01:00,1,1
GB,http://environment.data.gov.uk/air-quality/so,GB_Network_1,Station_GB1024A,,GB_SamplingPoint_74174,GB_StationProcess_918,GB_SamplingFeature_918,O3,http://dd.eionet.europa.eu/vocabulary/aq/pollutant/7,hour,89.5019300000,µg/m3,2018-06-22 17:00:00 +01:00,2018-06-22 18:00:00 +01:00,1,1
GB,http://environment.data.gov.uk/air-quality/so,GB_Network_1,Station_GB1024A,,GB_SamplingPoint_74174,GB_StationProcess_918,GB_SamplingFeature_918,O3,http://dd.eionet.europa.eu/vocabulary/aq/pollutant/7,hour,92.3374500000,µg/m3,2018-06-22 18:00:00 +01:00,2018-06-22 19:00:00 +01:00,1,1
GB,http://environment.data.gov.uk/air-quality/so,GB_Network_1,Station_GB1024A,,GB_SamplingPoint_74174,GB_StationProcess_918,GB_SamplingFeature_918,O3,http://dd.eionet.europa.eu/vocabulary/aq/pollutant/7,hour,93.3893400000,µg/m3,2018-06-22 19:00:00 +01:00,2018-06-22 20:00:00 +01:00,1,1
GB,http://environment.data.gov.uk/air-quality/so,GB_Network_1,Station_GB1024A,,GB_SamplingPoint_74174,GB_StationProcess_918,GB_SamplingFeature_918,O3,http://dd.eionet.europa.eu/vocabulary/aq/pollutant/7,hour,85.1114400000,µg/m3,2018-06-22 20:00:00 +01:00,2018-06-22 21:00:00 +01:00,1,1
GB,http://environment.data.gov.uk/air-quality/so,GB_Network_1,Station_GB1024A,,GB_SamplingPoint_74174,GB_StationProcess_918,GB_SamplingFeature_918,O3,http://dd.eionet.europa.eu/vocabulary/aq/pollutant/7,hour,58.9971800000,µg/m3,2018-06-22 21:00:00 +01:00,2018-06-22 22:00:00 +01:00,1,1
GB,http://environment.data.gov.uk/air-quality/so,GB_Network_1,Station_GB1024A,,GB_SamplingPoint_74174,GB_StationProcess_918,GB_SamplingFeature_918,O3,http://dd.eionet.europa.eu/vocabulary/aq/pollutant/7,hour,35.2153700000,µg/m3,2018-06-22 23:00:00 +01:00,2018-06-23 00:00:00 +01:00,1,1
GB,http://environment.data.gov.uk/air-quality/so,GB_Network_1,Station_GB1024A,,GB_SamplingPoint_74174,GB_StationProcess_918,GB_SamplingFeature_918,O3,http://dd.eionet.europa.eu/vocabulary/aq/pollutant/7,hour,40.5205500000,µg/m3,2018-06-23 00:00:00 +01:00,2018-06-23 01:00:00 +01:00,1,1
GB,http://environment.data.gov.uk/air-quality/so,GB_Network_1,Station_GB1024A,,GB_SamplingPoint_74174,GB_StationProcess_918,GB_SamplingFeature_918,O3,http://dd.eionet.europa.eu/vocabulary/aq/pollutant/7,hour,36.1716300000,µg/m3,2018-06-23 01:00:00 +01:00,2018-06-23 02:00:00 +01:00,1,1
GB,http://environment.data.gov.uk/air-quality/so,GB_Network_1,Station_GB1024A,,GB_SamplingPoint_74174,GB_StationProcess_918,GB_SamplingFeature_918,O3,http://dd.eionet.europa.eu/vocabulary/aq/pollutant/7,hour,39.6426400000,µg/m3,2018-06-23 03:00:00 +01:00,2018-06-23 04:00:00 +01:00,1,1
GB,http://environment.data.gov.uk/air-quality/so,GB_Network_1,Station_GB1024A,,GB_SamplingPoint_74174,GB_StationProcess_918,GB_SamplingFeature_918,O3,http://dd.eionet.europa.eu/vocabulary/aq/pollutant/7,hour,47.3154100000,µg/m3,2018-06-23 07:00:00 +01:00,2018-06-23 08:00:00 +01:00,1,1
GB,http://environment.data.gov.uk/air-quality/so,GB_Network_1,Station_GB1024A,,GB_SamplingPoint_74174,GB_StationProcess_918,GB_SamplingFeature_918,O3,http://dd.eionet.europa.eu/vocabulary/aq/pollutant/7,hour,50.1927000000,µg/m3,2018-06-23 08:00:00 +01:00,2018-06-23 09:00:00 +01:00,1,1
GB,http://environment.data.gov.uk/air-quality/so,GB_Network_1,Station_GB1024A,,GB_SamplingPoint_74174,GB_StationProcess_918,GB_SamplingFeature_918,O3,http://dd.eionet.europa.eu/vocabulary/aq/pollutant/7,hour,56.8150300000,µg/m3,2018-06-23 09:00:00 +01:00,2018-06-23 10:00:00 +01:00,1,1
GB,http://environment.data.gov.uk/air-quality/so,GB_Network_1,Station_GB1024A,,GB_SamplingPoint_74174,GB_StationProcess_918,GB_SamplingFeature_918,O3,http://dd.eionet.europa.eu/vocabulary/aq/pollutant/7,hour,71.2014700000,µg/m3,2018-06-23 10:00:00 +01:00,2018-06-23 11:00:00 +01:00,1,1
GB,http://environment.data.gov.uk/air-quality/so,GB_Network_1,Station_GB1024A,,GB_SamplingPoint_74174,GB_StationProcess_918,GB_SamplingFeature_918,O3,http://dd.eionet.europa.eu/vocabulary/aq/pollutant/7,hour,76.4993400000,µg/m3,2018-06-23 11:00:00 +01:00,2018-06-23 12:00:00 +01:00,1,1
GB,http://environment.data.gov.uk/air-quality/so,GB_Network_1,Station_GB1024A,,GB_SamplingPoint_74174,GB_StationProcess_918,GB_SamplingFeature_918,O3,http://dd.eionet.europa.eu/vocabulary/aq/pollutant/7,hour,80.4270700000,µg/m3,2018-06-23 12:00:00 +01:00,2018-06-23 13:00:00 +01:00,1,1
GB,http://environment.data.gov.uk/air-quality/so,GB_Network_1,Station_GB1024A,,GB_SamplingPoint_74174,GB_StationProcess_918,GB_SamplingFeature_918,O3,http://dd.eionet.europa.eu/vocabulary/aq/pollutant/7,hour,89.7440000000,µg/m3,2018-06-23 14:00:00 +01:00,2018-06-23 15:00:00 +01:00,1,1
GB,http://environment.data.gov.uk/air-quality/so,GB_Network_1,Station_GB1024A,,GB_SamplingPoint_74174,GB_StationProcess_918,GB_SamplingFeature_918,O3,http://dd.eionet.europa.eu/vocabulary/aq/pollutant/7,hour,88.9675900000,µg/m3,2018-06-23 15:00:00 +01:00,2018-06-23 16:00:00 +01:00,1,1
GB,http://environment.data.gov.uk/air-quality/so,GB_Network_1,Station_GB1024A,,GB_SamplingPoint_74174,GB_StationProcess_918,GB_SamplingFeature_918,O3,http://dd.eionet.europa.eu/vocabulary/aq/pollutant/7,hour,87.8258100000,µg/m3,2018-06-23 17:00:00 +01:00,2018-06-23 18:00:00 +01:00,1,1
GB,http://environment.data.gov.uk/air-quality/so,GB_Network_1,Station_GB1024A,,GB_SamplingPoint_74174,GB_StationProcess_918,GB_SamplingFeature_918,O3,http://dd.eionet.europa.eu/vocabulary/aq/pollutant/7,hour,88.3281900000,µg/m3,2018-06-23 18:00:00 +01:00,2018-06-23 19:00:00 +01:00,1,1
GB,http://environment.data.gov.uk/air-quality/so,GB_Network_1,Station_GB1024A,,GB_SamplingPoint_74174,GB_StationProcess_918,GB_SamplingFeature_918,O3,http://dd.eionet.europa.eu/vocabulary/aq/pollutant/7,hour,74.8551700000,µg/m3,2018-06-23 21:00:00 +01:00,2018-06-23 22:00:00 +01:00,1,1
GB,http://environment.data.gov.uk/air-quality/so,GB_Network_1,Station_GB1024A,,GB_SamplingPoint_74174,GB_StationProcess_918,GB_SamplingFeature_918,O3,http://dd.eionet.europa.eu/vocabulary/aq/pollutant/7,hour,51.1518000000,µg/m3,2018-06-24 00:00:00 +01:00,2018-06-24 01:00:00 +01:00,1,1
GB,http://environment.data.gov.uk/air-quality/so,GB_Network_1,Station_GB1024A,,GB_SamplingPoint_74174,GB_StationProcess_918,GB_SamplingFeature_918,O3,http://dd.eionet.europa.eu/vocabulary/aq/pollutant/7,hour,46.2771600000,µg/m3,2018-06-24 02:00:00 +01:00,2018-06-24 03:00:00 +01:00,1,1
GB,http://environment.data.gov.uk/air-quality/so,GB_Network_1,Station_GB1024A,,GB_SamplingPoint_74174,GB_StationProcess_918,GB_SamplingFeature_918,O3,http://dd.eionet.europa.eu/vocabulary/aq/pollutant/7,hour,42.6893200000,µg/m3,2018-06-24 05:00:00 +01:00,2018-06-24 06:00:00 +01:00,1,1
GB,http://environment.data.gov.uk/air-quality/so,GB_Network_1,Station_GB1024A,,GB_SamplingPoint_74174,GB_StationProcess_918,GB_SamplingFeature_918,O3,http://dd.eionet.europa.eu/vocabulary/aq/pollutant/7,hour,50.6707600000,µg/m3,2018-06-24 08:00:00 +01:00,2018-06-24 09:00:00 +01:00,1,1
GB,http://environment.data.gov.uk/air-quality/so,GB_Network_1,Station_GB1024A,,GB_SamplingPoint_74174,GB_StationProcess_918,GB_SamplingFeature_918,O3,http://dd.eionet.europa.eu/vocabulary/aq/pollutant/7,hour,63.3954600000,µg/m3,2018-06-24 09:00:00 +01:00,2018-06-24 10:00:00 +01:00,1,1
GB,http://environment.data.gov.uk/air-quality/so,GB_Network_1,Station_GB1024A,,GB_SamplingPoint_74174,GB_StationProcess_918,GB_SamplingFeature_918,O3,http://dd.eionet.europa.eu/vocabulary/aq/pollutant/7,hour,84.7401100000,µg/m3,2018-06-24 11:00:00 +01:00,2018-06-24 12:00:00 +01:00,1,1
GB,http://environment.data.gov.uk/air-quality/so,GB_Network_1,Station_GB1024A,,GB_SamplingPoint_74174,GB_StationProcess_918,GB_SamplingFeature_918,O3,http://dd.eionet.europa.eu/vocabulary/aq/pollutant/7,hour,95.0931900000,µg/m3,2018-06-24 12:00:00 +01:00,2018-06-24 13:00:00 +01:00,1,1
GB,http://environment.data.gov.uk/air-quality/so,GB_Network_1,Station_GB1024A,,GB_SamplingPoint_74174,GB_StationProcess_918,GB_SamplingFeature_918,O3,http://dd.eionet.europa.eu/vocabulary/aq/pollutant/7,hour,106.7689000000,µg/m3,2018-06-24 13:00:00 +01:00,2018-06-24 14:00:00 +01:00,1,1
GB,http://environment.data.gov.uk/air-quality/so,GB_Network_1,Station_GB1024A,,GB_SamplingPoint_74174,GB_StationProcess_918,GB_SamplingFeature_918,O3,http://dd.eionet.europa.eu/vocabulary/aq/pollutant/7,hour,114.5223000000,µg/m3,2018-06-24 14:00:00 +01:00,2018-06-24 15:00:00 +01:00,1,1
GB,http://environment.data.gov.uk/air-quality/so,GB_Network_1,Station_GB1024A,,GB_SamplingPoint_74174,GB_StationProcess_918,GB_SamplingFeature_918,O3,http://dd.eionet.europa.eu/vocabulary/aq/pollutant/7,hour,114.3398600000,µg/m3,2018-06-24 15:00:00 +01:00,2018-06-24 16:00:00 +01:00,1,1
GB,http://environment.data.gov.uk/air-quality/so,GB_Network_1,Station_GB1024A,,GB_SamplingPoint_74174,GB_StationProcess_918,GB_SamplingFeature_918,O3,http://dd.eionet.europa.eu/vocabulary/aq/pollutant/7,hour,108.0915300000,µg/m3,2018-06-24 16:00:00 +01:00,2018-06-24 17:00:00 +01:00,1,1
GB,http://environment.data.gov.uk/air-quality/so,GB_Network_1,Station_GB1024A,,GB_SamplingPoint_74174,GB_StationProcess_918,GB_SamplingFeature_918,O3,http://dd.eionet.europa.eu/vocabulary/aq/pollutant/7,hour,100.9766500000,µg/m3,2018-06-24 17:00:00 +01:00,2018-06-24 18:00:00 +01:00,1,1
GB,http://environment.data.gov.uk/air-quality/so,GB_Network_1,Station_GB1024A,,GB_SamplingPoint_74174,GB_StationProcess_918,GB_SamplingFeature_918,O3,http://dd.eionet.europa.eu/vocabulary/aq/pollutant/7,hour,99.0154900000,µg/m3,2018-06-24 18:00:00 +01:00,2018-06-24 19:00:00 +01:00,1,1
GB,http://environment.data.gov.uk/air-quality/so,GB_Network_1,Station_GB1024A,,GB_SamplingPoint_74174,GB_StationProcess_918,GB_SamplingFeature_918,O3,http://dd.eionet.europa.eu/vocabulary/aq/pollutant/7,hour,39.6335600000,µg/m3,2018-06-24 22:00:00 +01:00,2018-06-24 23:00:00 +01:00,1,1
GB,http://environment.data.gov.uk/air-quality/so,GB_Network_1,Station_GB1024A,,GB_SamplingPoint_74174,GB_StationProcess_918,GB_SamplingFeature_918,O3,http://dd.eionet.europa.eu/vocabulary/aq/pollutant/7,hour,27.8210300000,µg/m3,2018-06-24 23:00:00 +01:00,2018-06-25 00:00:00 +01:00,1,1
GB,http://environment.data.gov.uk/air-quality/so,GB_Network_1,Station_GB1024A,,GB_SamplingPoint_74174,GB_StationProcess_918,GB_SamplingFeature_918,O3,http://dd.eionet.europa.eu/vocabulary/aq/pollutant/7,hour,26.9088600000,µg/m3,2018-06-25 00:00:00 +01:00,2018-06-25 01:00:00 +01:00,1,1
GB,http://environment.data.gov.uk/air-quality/so,GB_Network_1,Station_GB1024A,,GB_SamplingPoint_74174,GB_StationProcess_918,GB_SamplingFeature_918,O3,http://dd.eionet.europa.eu/vocabulary/aq/pollutant/7,hour,11.5381300000,µg/m3,2018-06-25 02:00:00 +01:00,2018-06-25 03:00:00 +01:00,1,1
GB,http://environment.data.gov.uk/air-quality/so,GB_Network_1,Station_GB1024A,,GB_SamplingPoint_74174,GB_StationProcess_918,GB_SamplingFeature_918,O3,http://dd.eionet.europa.eu/vocabulary/aq/pollutant/7,hour,8.6536000000,µg/m3,2018-06-25 03:00:00 +01:00,2018-06-25 04:00:00 +01:00,1,1
GB,http://environment.data.gov.uk/air-quality/so,GB_Network_1,Station_GB1024A,,GB_SamplingPoint_74174,GB_StationProcess_918,GB_SamplingFeature_918,O3,http://dd.eionet.europa.eu/vocabulary/aq/pollutant/7,hour,18.8557300000,µg/m3,2018-06-25 04:00:00 +01:00,2018-06-25 05:00:00 +01:00,1,1
GB,http://environment.data.gov.uk/air-quality/so,GB_Network_1,Station_GB1024A,,GB_SamplingPoint_74174,GB_StationProcess_918,GB_SamplingFeature_918,O3,http://dd.eionet.europa.eu/vocabulary/aq/pollutant/7,hour,30.7885800000,µg/m3,2018-06-25 05:00:00 +01:00,2018-06-25 06:00:00 +01:00,1,1
GB,http://environment.data.gov.uk/air-quality/so,GB_Network_1,Station_GB1024A,,GB_SamplingPoint_74174,GB_StationProcess_918,GB_SamplingFeature_918,O3,http://dd.eionet.europa.eu/vocabulary/aq/pollutant/7,hour,53.9711100000,µg/m3,2018-06-25 06:00:00 +01:00,2018-06-25 07:00:00 +01:00,1,1
GB,http://environment.data.gov.uk/air-quality/so,GB_Network_1,Station_GB1024A,,GB_SamplingPoint_74174,GB_StationProcess_918,GB_SamplingFeature_918,O3,http://dd.eionet.europa.eu/vocabulary/aq/pollutant/7,hour,60.1197200000,µg/m3,2018-06-25 07:00:00 +01:00,2018-06-25 08:00:00 +01:00,1,1
GB,http://environment.data.gov.uk/air-quality/so,GB_Network_1,Station_GB1024A,,GB_SamplingPoint_74174,GB_StationProcess_918,GB_SamplingFeature_918,O3,http://dd.eionet.europa.eu/vocabulary/aq/pollutant/7,hour,59.0721800000,µg/m3,2018-06-25 08:00:00 +01:00,2018-06-25 09:00:00 +01:00,1,1
GB,http://environment.data.gov.uk/air-quality/so,GB_Network_1,Station_GB1024A,,GB_SamplingPoint_74174,GB_StationProcess_918,GB_SamplingFeature_918,O3,http://dd.eionet.europa.eu/vocabulary/aq/pollutant/7,hour,72.0525700000,µg/m3,2018-06-25 09:00:00 +01:00,2018-06-25 10:00:00 +01:00,1,1
GB,http://environment.data.gov.uk/air-quality/so,GB_Network_1,Station_GB1024A,,GB_SamplingPoint_74174,GB_StationProcess_918,GB_SamplingFeature_918,O3,http://dd.eionet.europa.eu/vocabulary/aq/pollutant/7,hour,93.9142800000,µg/m3,2018-06-25 10:00:00 +01:00,2018-06-25 11:00:00 +01:00,1,1
GB,http://environment.data.gov.uk/air-quality/so,GB_Network_1,Station_GB1024A,,GB_SamplingPoint_74174,GB_StationProcess_918,GB_SamplingFeature_918,O3,http://dd.eionet.europa.eu/vocabulary/aq/pollutant/7,hour,115.9581800000,µg/m3,2018-06-25 11:00:00 +01:00,2018-06-25 12:00:00 +01:00,1,1
GB,http://environment.data.gov.uk/air-quality/so,GB_Network_1,Station_GB1024A,,GB_SamplingPoint_74174,GB_StationProcess_918,GB_SamplingFeature_918,O3,http://dd.eionet.europa.eu/vocabulary/aq/pollutant/7,hour,127.7999400000,µg/m3,2018-06-25 12:00:00 +01:00,2018-06-25 13:00:00 +01:00,1,1
GB,http://environment.data.gov.uk/air-quality/so,GB_Network_1,Station_GB1024A,,GB_SamplingPoint_74174,GB_StationProcess_918,GB_SamplingFeature_918,O3,http://dd.eionet.europa.eu/vocabulary/aq/pollutant/7,hour,153.9884500000,µg/m3,2018-06-25 16:00:00 +01:00,2018-06-25 17:00:00 +01:00,1,1
GB,http://environment.data.gov.uk/air-quality/so,GB_Network_1,Station_GB1024A,,GB_SamplingPoint_74174,GB_StationProcess_918,GB_SamplingFeature_918,O3,http://dd.eionet.europa.eu/vocabulary/aq/pollutant/7,hour,157.2221600000,µg/m3,2018-06-25 17:00:00 +01:00,2018-06-25 18:00:00 +01:00,1,1
GB,http://environment.data.gov.uk/air-quality/so,GB_Network_1,Station_GB1024A,,GB_SamplingPoint_74174,GB_StationProcess_918,GB_SamplingFeature_918,O3,http://dd.eionet.europa.eu/vocabulary/aq/pollutant/7,hour,153.5785500000,µg/m3,2018-06-25 18:00:00 +01:00,2018-06-25 19:00:00 +01:00,1,1
GB,http://environment.data.gov.uk/air-quality/so,GB_Network_1,Station_GB1024A,,GB_SamplingPoint_74174,GB_StationProcess_918,GB_SamplingFeature_918,O3,http://dd.eionet.europa.eu/vocabulary/aq/pollutant/7,hour,137.0911700000,µg/m3,2018-06-25 19:00:00 +01:00,2018-06-25 20:00:00 +01:00,1,1
GB,http://environment.data.gov.uk/air-quality/so,GB_Network_1,Station_GB1024A,,GB_SamplingPoint_74174,GB_StationProcess_918,GB_SamplingFeature_918,O3,http://dd.eionet.europa.eu/vocabulary/aq/pollutant/7,hour,130.4871100000,µg/m3,2018-06-25 20:00:00 +01:00,2018-06-25 21:00:00 +01:00,1,1
GB,http://environment.data.gov.uk/air-quality/so,GB_Network_1,Station_GB1024A,,GB_SamplingPoint_74174,GB_StationProcess_918,GB_SamplingFeature_918,O3,http://dd.eionet.europa.eu/vocabulary/aq/pollutant/7,hour,111.5858400000,µg/m3,2018-06-25 21:00:00 +01:00,2018-06-25 22:00:00 +01:00,1,1
GB,http://environment.data.gov.uk/air-quality/so,GB_Network_1,Station_GB1024A,,GB_SamplingPoint_74174,GB_StationProcess_918,GB_SamplingFeature_918,O3,http://dd.eionet.europa.eu/vocabulary/aq/pollutant/7,hour,92.4568400000,µg/m3,2018-06-25 22:00:00 +01:00,2018-06-25 23:00:00 +01:00,1,1
GB,http://environment.data.gov.uk/air-quality/so,GB_Network_1,Station_GB1024A,,GB_SamplingPoint_74174,GB_StationProcess_918,GB_SamplingFeature_918,O3,http://dd.eionet.europa.eu/vocabulary/aq/pollutant/7,hour,38.2657200000,µg/m3,2018-06-26 01:00:00 +01:00,2018-06-26 02:00:00 +01:00,1,1
GB,http://environment.data.gov.uk/air-quality/so,GB_Network_1,Station_GB1024A,,GB_SamplingPoint_74174,GB_StationProcess_918,GB_SamplingFeature_918,O3,http://dd.eionet.europa.eu/vocabulary/aq/pollutant/7,hour,25.8339100000,µg/m3,2018-06-26 02:00:00 +01:00,2018-06-26 03:00:00 +01:00,1,1
GB,http://environment.data.gov.uk/air-quality/so,GB_Network_1,Station_GB1024A,,GB_SamplingPoint_74174,GB_StationProcess_918,GB_SamplingFeature_918,O3,http://dd.eionet.europa.eu/vocabulary/aq/pollutant/7,hour,12.9169600000,µg/m3,2018-06-26 03:00:00 +01:00,2018-06-26 04:00:00 +01:00,1,1
GB,http://environment.data.gov.uk/air-quality/so,GB_Network_1,Station_GB1024A,,GB_SamplingPoint_74174,GB_StationProcess_918,GB_SamplingFeature_918,O3,http://dd.eionet.europa.eu/vocabulary/aq/pollutant/7,hour,6.9587800000,µg/m3,2018-06-26 04:00:00 +01:00,2018-06-26 05:00:00 +01:00,1,1
GB,http://environment.data.gov.uk/air-quality/so,GB_Network_1,Station_GB1024A,,GB_SamplingPoint_74174,GB_StationProcess_918,GB_SamplingFeature_918,O3,http://dd.eionet.europa.eu/vocabulary/aq/pollutant/7,hour,6.5949200000,µg/m3,2018-06-26 05:00:00 +01:00,2018-06-26 06:00:00 +01:00,1,1
GB,http://environment.data.gov.uk/air-quality/so,GB_Network_1,Station_GB1024A,,GB_SamplingPoint_74174,GB_StationProcess_918,GB_SamplingFeature_918,O3,http://dd.eionet.europa.eu/vocabulary/aq/pollutant/7,hour,8.5961400000,µg/m3,2018-06-26 06:00:00 +01:00,2018-06-26 07:00:00 +01:00,1,1
GB,http://environment.data.gov.uk/air-quality/so,GB_Network_1,Station_GB1024A,,GB_SamplingPoint_74174,GB_StationProcess_918,GB_SamplingFeature_918,O3,http://dd.eionet.europa.eu/vocabulary/aq/pollutant/7,hour,20.0576700000,µg/m3,2018-06-26 07:00:00 +01:00,2018-06-26 08:00:00 +01:00,1,1
GB,http://environment.data.gov.uk/air-quality/so,GB_Network_1,Station_GB1024A,,GB_SamplingPoint_74174,GB_StationProcess_918,GB_SamplingFeature_918,O3,http://dd.eionet.europa.eu/vocabulary/aq/pollutant/7,hour,73.9086300000,µg/m3,2018-06-26 10:00:00 +01:00,2018-06-26 11:00:00 +01:00,1,1
GB,http://environment.data.gov.uk/air-quality/so,GB_Network_1,Station_GB1024A,,GB_SamplingPoint_74174,GB_StationProcess_918,GB_SamplingFeature_918,O3,http://dd.eionet.europa.eu/vocabulary/aq/pollutant/7,hour,89.2816300000,µg/m3,2018-06-26 11:00:00 +01:00,2018-06-26 12:00:00 +01:00,1,1
GB,http://environment.data.gov.uk/air-quality/so,GB_Network_1,Station_GB1024A,,GB_SamplingPoint_74174,GB_StationProcess_918,GB_SamplingFeature_918,O3,http://dd.eionet.europa.eu/vocabulary/aq/pollutant/7,hour,94.5120900000,µg/m3,2018-06-26 12:00:00 +01:00,2018-06-26 13:00:00 +01:00,1,1
GB,http://environment.data.gov.uk/air-quality/so,GB_Network_1,Station_GB1024A,,GB_SamplingPoint_74174,GB_StationProcess_918,GB_SamplingFeature_918,O3,http://dd.eionet.europa.eu/vocabulary/aq/pollutant/7,hour,107.5654900000,µg/m3,2018-06-26 13:00:00 +01:00,2018-06-26 14:00:00 +01:00,1,1
GB,http://environment.data.gov.uk/air-quality/so,GB_Network_1,Station_GB1024A,,GB_SamplingPoint_74174,GB_StationProcess_918,GB_SamplingFeature_918,O3,http://dd.eionet.europa.eu/vocabulary/aq/pollutant/7,hour,116.8438600000,µg/m3,2018-06-26 14:00:00 +01:00,2018-06-26 15:00:00 +01:00,1,1
GB,http://environment.data.gov.uk/air-quality/so,GB_Network_1,Station_GB1024A,,GB_SamplingPoint_74174,GB_StationProcess_918,GB_SamplingFeature_918,O3,http://dd.eionet.europa.eu/vocabulary/aq/pollutant/7,hour,100.8796000000,µg/m3,2018-06-26 15:00:00 +01:00,2018-06-26 16:00:00 +01:00,1,1
GB,http://environment.data.gov.uk/air-quality/so,GB_Network_1,Station_GB1024A,,GB_SamplingPoint_74174,GB_StationProcess_918,GB_SamplingFeature_918,O3,http://dd.eionet.europa.eu/vocabulary/aq/pollutant/7,hour,93.8753300000,µg/m3,2018-06-26 17:00:00 +01:00,2018-06-26 18:00:00 +01:00,1,1
GB,http://environment.data.gov.uk/air-quality/so,GB_Network_1,Station_GB1024A,,GB_SamplingPoint_74174,GB_StationProcess_918,GB_SamplingFeature_918,O3,http://dd.eionet.europa.eu/vocabulary/aq/pollutant/7,hour,67.2682300000,µg/m3,2018-06-26 19:00:00 +01:00,2018-06-26 20:00:00 +01:00,1,1
GB,http://environment.data.gov.uk/air-quality/so,GB_Network_1,Station_GB1024A,,GB_SamplingPoint_74174,GB_StationProcess_918,GB_SamplingFeature_918,O3,http://dd.eionet.europa.eu/vocabulary/aq/pollutant/7,hour,58.7630500000,µg/m3,2018-06-26 23:00:00 +01:00,2018-06-27 00:00:00 +01:00,1,1
GB,http://environment.data.gov.uk/air-quality/so,GB_Network_1,Station_GB1024A,,GB_SamplingPoint_74174,GB_StationProcess_918,GB_SamplingFeature_918,O3,http://dd.eionet.europa.eu/vocabulary/aq/pollutant/7,hour,56.0776100000,µg/m3,2018-06-27 01:00:00 +01:00,2018-06-27 02:00:00 +01:00,1,1
GB,http://environment.data.gov.uk/air-quality/so,GB_Network_1,Station_GB1024A,,GB_SamplingPoint_74174,GB_StationProcess_918,GB_SamplingFeature_918,O3,http://dd.eionet.europa.eu/vocabulary/aq/pollutant/7,hour,50.5667400000,µg/m3,2018-06-27 02:00:00 +01:00,2018-06-27 03:00:00 +01:00,1,1
GB,http://environment.data.gov.uk/air-quality/so,GB_Network_1,Station_GB1024A,,GB_SamplingPoint_74174,GB_StationProcess_918,GB_SamplingFeature_918,O3,http://dd.eionet.europa.eu/vocabulary/aq/pollutant/7,hour,62.3151900000,µg/m3,2018-06-27 04:00:00 +01:00,2018-06-27 05:00:00 +01:00,1,1
GB,http://environment.data.gov.uk/air-quality/so,GB_Network_1,Station_GB1024A,,GB_SamplingPoint_74174,GB_StationProcess_918,GB_SamplingFeature_918,O3,http://dd.eionet.europa.eu/vocabulary/aq/pollutant/7,hour,55.9564900000,µg/m3,2018-06-27 05:00:00 +01:00,2018-06-27 06:00:00 +01:00,1,1
GB,http://environment.data.gov.uk/air-quality/so,GB_Network_1,Station_GB1024A,,GB_SamplingPoint_74174,GB_StationProcess_918,GB_SamplingFeature_918,O3,http://dd.eionet.europa.eu/vocabulary/aq/pollutant/7,hour,45.8280000000,µg/m3,2018-06-27 07:00:00 +01:00,2018-06-27 08:00:00 +01:00,1,1
GB,http://environment.data.gov.uk/air-quality/so,GB_Network_1,Station_GB1024A,,GB_SamplingPoint_74174,GB_StationProcess_918,GB_SamplingFeature_918,O3,http://dd.eionet.europa.eu/vocabulary/aq/pollutant/7,hour,42.6486600000,µg/m3,2018-06-27 08:00:00 +01:00,2018-06-27 09:00:00 +01:00,1,1
GB,http://environment.data.gov.uk/air-quality/so,GB_Network_1,Station_GB1024A,,GB_SamplingPoint_74174,GB_StationProcess_918,GB_SamplingFeature_918,O3,http://dd.eionet.europa.eu/vocabulary/aq/pollutant/7,hour,46.9634900000,µg/m3,2018-06-27 10:00:00 +01:00,2018-06-27 11:00:00 +01:00,1,1
GB,http://environment.data.gov.uk/air-quality/so,GB_Network_1,Station_GB1024A,,GB_SamplingPoint_74174,GB_StationProcess_918,GB_SamplingFeature_918,O3,http://dd.eionet.europa.eu/vocabulary/aq/pollutant/7,hour,59.1812600000,µg/m3,2018-06-27 11:00:00 +01:00,2018-06-27 12:00:00 +01:00,1,1
GB,http://environment.data.gov.uk/air-quality/so,GB_Network_1,Station_GB1024A,,GB_SamplingPoint_74174,GB_StationProcess_918,GB_SamplingFeature_918,O3,http://dd.eionet.europa.eu/vocabulary/aq/pollutant/7,hour,91.7014300000,µg/m3,2018-06-27 14:00:00 +01:00,2018-06-27 15:00:00 +01:00,1,1
GB,http://environment.data.gov.uk/air-quality/so,GB_Network_1,Station_GB1024A,,GB_SamplingPoint_74174,GB_StationProcess_918,GB_SamplingFeature_918,O3,http://dd.eionet.europa.eu/vocabulary/aq/pollutant/7,hour,104.6459100000,µg/m3,2018-06-27 15:00:00 +01:00,2018-06-27 16:00:00 +01:00,1,1
GB,http://environment.data.gov.uk/air-quality/so,GB_Network_1,Station_GB1024A,,GB_SamplingPoint_74174,GB_StationProcess_918,GB_SamplingFeature_918,O3,http://dd.eionet.europa.eu/vocabulary/aq/pollutant/7,hour,105.1909400000,µg/m3,2018-06-27 17:00:00 +01:00,2018-06-27 18:00:00 +01:00,1,1
GB,http://environment.data.gov.uk/air-quality/so,GB_Network_1,Station_GB1024A,,GB_SamplingPoint_74174,GB_StationProcess_918,GB_SamplingFeature_918,O3,http://dd.eionet.europa.eu/vocabulary/aq/pollutant/7,hour,69.4914200000,µg/m3,2018-06-27 19:00:00 +01:00,2018-06-27 20:00:00 +01:00,1,1
GB,http://environment.data.gov.uk/air-quality/so,GB_Network_1,Station_GB1024A,,GB_SamplingPoint_74174,GB_StationProcess_918,GB_SamplingFeature_918,O3,http://dd.eionet.europa.eu/vocabulary/aq/pollutant/7,hour,55.9110700000,µg/m3,2018-06-27 21:00:00 +01:00,2018-06-27 22:00:00 +01:00,1,1
GB,http://environment.data.gov.uk/air-quality/so,GB_Network_1,Station_GB1024A,,GB_SamplingPoint_74174,GB_StationProcess_918,GB_SamplingFeature_918,O3,http://dd.eionet.europa.eu/vocabulary/aq/pollutant/7,hour,58.0912000000,µg/m3,2018-06-27 23:00:00 +01:00,2018-06-28 00:00:00 +01:00,1,1
GB,http://environment.data.gov.uk/air-quality/so,GB_Network_1,Station_GB1024A,,GB_SamplingPoint_74174,GB_StationProcess_918,GB_SamplingFeature_918,O3,http://dd.eionet.europa.eu/vocabulary/aq/pollutant/7,hour,53.7309500000,µg/m3,2018-06-28 00:00:00 +01:00,2018-06-28 01:00:00 +01:00,1,1
GB,http://environment.data.gov.uk/air-quality/so,GB_Network_1,Station_GB1024A,,GB_SamplingPoint_74174,GB_StationProcess_918,GB_SamplingFeature_918,O3,http://dd.eionet.europa.eu/vocabulary/aq/pollutant/7,hour,54.6693700000,µg/m3,2018-06-28 01:00:00 +01:00,2018-06-28 02:00:00 +01:00,1,1
GB,http://environment.data.gov.uk/air-quality/so,GB_Network_1,Station_GB1024A,,GB_SamplingPoint_74174,GB_StationProcess_918,GB_SamplingFeature_918,O3,http://dd.eionet.europa.eu/vocabulary/aq/pollutant/7,hour,62.7730200000,µg/m3,2018-06-28 02:00:00 +01:00,2018-06-28 03:00:00 +01:00,1,1
GB,http://environment.data.gov.uk/air-quality/so,GB_Network_1,Station_GB1024A,,GB_SamplingPoint_74174,GB_StationProcess_918,GB_SamplingFeature_918,O3,http://dd.eionet.europa.eu/vocabulary/aq/pollutant/7,hour,56.4231500000,µg/m3,2018-06-28 04:00:00 +01:00,2018-06-28 05:00:00 +01:00,1,1
GB,http://environment.data.gov.uk/air-quality/so,GB_Network_1,Station_GB1024A,,GB_SamplingPoint_74174,GB_StationProcess_918,GB_SamplingFeature_918,O3,http://dd.eionet.europa.eu/vocabulary/aq/pollutant/7,hour,46.0819300000,µg/m3,2018-06-28 06:00:00 +01:00,2018-06-28 07:00:00 +01:00,1,1
GB,http://environment.data.gov.uk/air-quality/so,GB_Network_1,Station_GB1024A,,GB_SamplingPoint_74174,GB_StationProcess_918,GB_SamplingFeature_918,O3,http://dd.eionet.europa.eu/vocabulary/aq/pollutant/7,hour,44.4491000000,µg/m3,2018-06-28 07:00:00 +01:00,2018-06-28 08:00:00 +01:00,1,1
GB,http://environment.data.gov.uk/air-quality/so,GB_Network_1,Station_GB1024A,,GB_SamplingPoint_74174,GB_StationProcess_918,GB_SamplingFeature_918,O3,http://dd.eionet.europa.eu/vocabulary/aq/pollutant/7,hour,45.3108700000,µg/m3,2018-06-28 08:00:00 +01:00,2018-06-28 09:00:00 +01:00,1,1
GB,http://environment.data.gov.uk/air-quality/so,GB_Network_1,Station_GB1024A,,GB_SamplingPoint_74174,GB_StationProcess_918,GB_SamplingFeature_918,O3,http://dd.eionet.europa.eu/vocabulary/aq/pollutant/7,hour,44.9933800000,µg/m3,2018-06-28 09:00:00 +01:00,2018-06-28 10:00:00 +01:00,1,1
GB,http://environment.data.gov.uk/air-quality/so,GB_Network_1,Station_GB1024A,,GB_SamplingPoint_74174,GB_StationProcess_918,GB_SamplingFeature_918,O3,http://dd.eionet.europa.eu/vocabulary/aq/pollutant/7,hour,56.8313500000,µg/m3,2018-06-28 11:00:00 +01:00,2018-06-28 12:00:00 +01:00,1,1
GB,http://environment.data.gov.uk/air-quality/so,GB_Network_1,Station_GB1024A,,GB_SamplingPoint_74174,GB_StationProcess_918,GB_SamplingFeature_918,O3,http://dd.eionet.europa.eu/vocabulary/aq/pollutant/7,hour,92.2999200000,µg/m3,2018-06-28 13:00:00 +01:00,2018-06-28 14:00:00 +01:00,1,1
GB,http://environment.data.gov.uk/air-quality/so,GB_Network_1,Station_GB1024A,,GB_SamplingPoint_74174,GB_StationProcess_918,GB_SamplingFeature_918,O3,http://dd.eionet.europa.eu/vocabulary/aq/pollutant/7,hour,106.9046300000,µg/m3,2018-06-28 14:00:00 +01:00,2018-06-28 15:00:00 +01:00,1,1
GB,http://environment.data.gov.uk/air-quality/so,GB_Network_1,Station_GB1024A,,GB_SamplingPoint_74174,GB_StationProcess_918,GB_SamplingFeature_918,O3,http://dd.eionet.europa.eu/vocabulary/aq/pollutant/7,hour,111.8938100000,µg/m3,2018-06-28 15:00:00 +01:00,2018-06-28 16:00:00 +01:00,1,1
GB,http://environment.data.gov.uk/air-quality/so,GB_Network_1,Station_GB1024A,,GB_SamplingPoint_74174,GB_StationProcess_918,GB_SamplingFeature_918,O3,http://dd.eionet.europa.eu/vocabulary/aq/pollutant/7,hour,117.6087000000,µg/m3,2018-06-28 17:00:00 +01:00,2018-06-28 18:00:00 +01:00,1,1
GB,http://environment.data.gov.uk/air-quality/so,GB_Network_1,Station_GB1024A,,GB_SamplingPoint_74174,GB_StationProcess_918,GB_SamplingFeature_918,O3,http://dd.eionet.europa.eu/vocabulary/aq/pollutant/7,hour,116.4747900000,µg/m3,2018-06-28 18:00:00 +01:00,2018-06-28 19:00:00 +01:00,1,1
GB,http://environment.data.gov.uk/air-quality/so,GB_Network_1,Station_GB1024A,,GB_SamplingPoint_74174,GB_StationProcess_918,GB_SamplingFeature_918,O3,http://dd.eionet.europa.eu/vocabulary/aq/pollutant/7,hour,107.6303300000,µg/m3,2018-06-28 19:00:00 +01:00,2018-06-28 20:00:00 +01:00,1,1
GB,http://environment.data.gov.uk/air-quality/so,GB_Network_1,Station_GB1024A,,GB_SamplingPoint_74174,GB_StationProcess_918,GB_SamplingFeature_918,O3,http://dd.eionet.europa.eu/vocabulary/aq/pollutant/7,hour,100.5547600000,µg/m3,2018-06-28 20:00:00 +01:00,2018-06-28 21:00:00 +01:00,1,1
GB,http://environment.data.gov.uk/air-quality/so,GB_Network_1,Station_GB1024A,,GB_SamplingPoint_74174,GB_StationProcess_918,GB_SamplingFeature_918,O3,http://dd.eionet.europa.eu/vocabulary/aq/pollutant/7,hour,90.5763900000,µg/m3,2018-06-28 21:00:00 +01:00,2018-06-28 22:00:00 +01:00,1,1
GB,http://environment.data.gov.uk/air-quality/so,GB_Network_1,Station_GB1024A,,GB_SamplingPoint_74174,GB_StationProcess_918,GB_SamplingFeature_918,O3,http://dd.eionet.europa.eu/vocabulary/aq/pollutant/7,hour,85.1336400000,µg/m3,2018-06-28 22:00:00 +01:00,2018-06-28 23:00:00 +01:00,1,1
GB,http://environment.data.gov.uk/air-quality/so,GB_Network_1,Station_GB1024A,,GB_SamplingPoint_74174,GB_StationProcess_918,GB_SamplingFeature_918,O3,http://dd.eionet.europa.eu/vocabulary/aq/pollutant/7,hour,78.6930600000,µg/m3,2018-06-29 00:00:00 +01:00,2018-06-29 01:00:00 +01:00,1,1
GB,http://environment.data.gov.uk/air-quality/so,GB_Network_1,Station_GB1024A,,GB_SamplingPoint_74174,GB_StationProcess_918,GB_SamplingFeature_918,O3,http://dd.eionet.europa.eu/vocabulary/aq/pollutant/7,hour,80.2595900000,µg/m3,2018-06-29 01:00:00 +01:00,2018-06-29 02:00:00 +01:00,1,1
GB,http://environment.data.gov.uk/air-quality/so,GB_Network_1,Station_GB1024A,,GB_SamplingPoint_74174,GB_StationProcess_918,GB_SamplingFeature_918,O3,http://dd.eionet.europa.eu/vocabulary/aq/pollutant/7,hour,73.4958000000,µg/m3,2018-06-29 02:00:00 +01:00,2018-06-29 03:00:00 +01:00,1,1
GB,http://environment.data.gov.uk/air-quality/so,GB_Network_1,Station_GB1024A,,GB_SamplingPoint_74174,GB_StationProcess_918,GB_SamplingFeature_918,O3,http://dd.eionet.europa.eu/vocabulary/aq/pollutant/7,hour,41.6244700000,µg/m3,2018-06-29 04:00:00 +01:00,2018-06-29 05:00:00 +01:00,1,1
GB,http://environment.data.gov.uk/air-quality/so,GB_Network_1,Station_GB1024A,,GB_SamplingPoint_74174,GB_StationProcess_918,GB_SamplingFeature_918,O3,http://dd.eionet.europa.eu/vocabulary/aq/pollutant/7,hour,50.0037200000,µg/m3,2018-06-29 06:00:00 +01:00,2018-06-29 07:00:00 +01:00,1,1
GB,http://environment.data.gov.uk/air-quality/so,GB_Network_1,Station_GB1024A,,GB_SamplingPoint_74174,GB_StationProcess_918,GB_SamplingFeature_918,O3,http://dd.eionet.europa.eu/vocabulary/aq/pollutant/7,hour,50.3207700000,µg/m3,2018-06-29 08:00:00 +01:00,2018-06-29 09:00:00 +01:00,1,1
GB,http://environment.data.gov.uk/air-quality/so,GB_Network_1,Station_GB1024A,,GB_SamplingPoint_74174,GB_StationProcess_918,GB_SamplingFeature_918,O3,http://dd.eionet.europa.eu/vocabulary/aq/pollutant/7,hour,68.6192400000,µg/m3,2018-06-29 11:00:00 +01:00,2018-06-29 12:00:00 +01:00,1,1
GB,http://environment.data.gov.uk/air-quality/so,GB_Network_1,Station_GB1024A,,GB_SamplingPoint_74174,GB_StationProcess_918,GB_SamplingFeature_918,O3,http://dd.eionet.europa.eu/vocabulary/aq/pollutant/7,hour,93.5758000000,µg/m3,2018-06-29 13:00:00 +01:00,2018-06-29 14:00:00 +01:00,1,1
GB,http://environment.data.gov.uk/air-quality/so,GB_Network_1,Station_GB1024A,,GB_SamplingPoint_74174,GB_StationProcess_918,GB_SamplingFeature_918,O3,http://dd.eionet.europa.eu/vocabulary/aq/pollutant/7,hour,100.3244900000,µg/m3,2018-06-29 14:00:00 +01:00,2018-06-29 15:00:00 +01:00,1,1
GB,http://environment.data.gov.uk/air-quality/so,GB_Network_1,Station_GB1024A,,GB_SamplingPoint_74174,GB_StationProcess_918,GB_SamplingFeature_918,O3,http://dd.eionet.europa.eu/vocabulary/aq/pollutant/7,hour,102.7250300000,µg/m3,2018-06-29 15:00:00 +01:00,2018-06-29 16:00:00 +01:00,1,1
GB,http://environment.data.gov.uk/air-quality/so,GB_Network_1,Station_GB1024A,,GB_SamplingPoint_74174,GB_StationProcess_918,GB_SamplingFeature_918,O3,http://dd.eionet.europa.eu/vocabulary/aq/pollutant/7,hour,104.5367600000,µg/m3,2018-06-29 16:00:00 +01:00,2018-06-29 17:00:00 +01:00,1,1
GB,http://environment.data.gov.uk/air-quality/so,GB_Network_1,Station_GB1024A,,GB_SamplingPoint_74174,GB_StationProcess_918,GB_SamplingFeature_918,O3,http://dd.eionet.europa.eu/vocabulary/aq/pollutant/7,hour,104.5367600000,µg/m3,2018-06-29 17:00:00 +01:00,2018-06-29 18:00:00 +01:00,1,1
GB,http://environment.data.gov.uk/air-quality/so,GB_Network_1,Station_GB1024A,,GB_SamplingPoint_74174,GB_StationProcess_918,GB_SamplingFeature_918,O3,http://dd.eionet.europa.eu/vocabulary/aq/pollutant/7,hour,97.1086700000,µg/m3,2018-06-29 18:00:00 +01:00,2018-06-29 19:00:00 +01:00,1,1
GB,http://environment.data.gov.uk/air-quality/so,GB_Network_1,Station_GB1024A,,GB_SamplingPoint_74174,GB_StationProcess_918,GB_SamplingFeature_918,O3,http://dd.eionet.europa.eu/vocabulary/aq/pollutant/7,hour,101.6832900000,µg/m3,2018-06-29 20:00:00 +01:00,2018-06-29 21:00:00 +01:00,1,1
GB,http://environment.data.gov.uk/air-quality/so,GB_Network_1,Station_GB1024A,,GB_SamplingPoint_74174,GB_StationProcess_918,GB_SamplingFeature_918,O3,http://dd.eionet.europa.eu/vocabulary/aq/pollutant/7,hour,76.2737900000,µg/m3,2018-06-29 22:00:00 +01:00,2018-06-29 23:00:00 +01:00,1,1
GB,http://environment.data.gov.uk/air-quality/so,GB_Network_1,Station_GB1024A,,GB_SamplingPoint_74174,GB_StationProcess_918,GB_SamplingFeature_918,O3,http://dd.eionet.europa.eu/vocabulary/aq/pollutant/7,hour,67.6041000000,µg/m3,2018-06-30 02:00:00 +01:00,2018-06-30 03:00:00 +01:00,1,1
GB,http://environment.data.gov.uk/air-quality/so,GB_Network_1,Station_GB1024A,,GB_SamplingPoint_74174,GB_StationProcess_918,GB_SamplingFeature_918,O3,http://dd.eionet.europa.eu/vocabulary/aq/pollutant/7,hour,65.9004300000,µg/m3,2018-06-30 03:00:00 +01:00,2018-06-30 04:00:00 +01:00,1,1
GB,http://environment.data.gov.uk/air-quality/so,GB_Network_1,Station_GB1024A,,GB_SamplingPoint_74174,GB_StationProcess_918,GB_SamplingFeature_918,O3,http://dd.eionet.europa.eu/vocabulary/aq/pollutant/7,hour,74.8560200000,µg/m3,2018-06-30 05:00:00 +01:00,2018-06-30 06:00:00 +01:00,1,1
GB,http://environment.data.gov.uk/air-quality/so,GB_Network_1,Station_GB1024A,,GB_SamplingPoint_74174,GB_StationProcess_918,GB_SamplingFeature_918,O3,http://dd.eionet.europa.eu/vocabulary/aq/pollutant/7,hour,76.3033800000,µg/m3,2018-06-30 06:00:00 +01:00,2018-06-30 07:00:00 +01:00,1,1
GB,http://environment.data.gov.uk/air-quality/so,GB_Network_1,Station_GB1024A,,GB_SamplingPoint_74174,GB_StationProcess_918,GB_SamplingFeature_918,O3,http://dd.eionet.europa.eu/vocabulary/aq/pollutant/7,hour,78.7458100000,µg/m3,2018-06-30 08:00:00 +01:00,2018-06-30 09:00:00 +01:00,1,1
GB,http://environment.data.gov.uk/air-quality/so,GB_Network_1,Station_GB1024A,,GB_SamplingPoint_74174,GB_StationProcess_918,GB_SamplingFeature_918,O3,http://dd.eionet.europa.eu/vocabulary/aq/pollutant/7,hour,79.9218000000,µg/m3,2018-06-30 10:00:00 +01:00,2018-06-30 11:00:00 +01:00,1,1
GB,http://environment.data.gov.uk/air-quality/so,GB_Network_1,Station_GB1024A,,GB_SamplingPoint_74174,GB_StationProcess_918,GB_SamplingFeature_918,O3,http://dd.eionet.europa.eu/vocabulary/aq/pollutant/7,hour,85.4398900000,µg/m3,2018-06-30 11:00:00 +01:00,2018-06-30 12:00:00 +01:00,1,1
GB,http://environment.data.gov.uk/air-quality/so,GB_Network_1,Station_GB1024A,,GB_SamplingPoint_74174,GB_StationProcess_918,GB_SamplingFeature_918,O3,http://dd.eionet.europa.eu/vocabulary/aq/pollutant/7,hour,97.8782000000,µg/m3,2018-06-30 13:00:00 +01:00,2018-06-30 14:00:00 +01:00,1,1
GB,http://environment.data.gov.uk/air-quality/so,GB_Network_1,Station_GB1024A,,GB_SamplingPoint_74174,GB_StationProcess_918,GB_SamplingFeature_918,O3,http://dd.eionet.europa.eu/vocabulary/aq/pollutant/7,hour,110.5878900000,µg/m3,2018-06-30 15:00:00 +01:00,2018-06-30 16:00:00 +01:00,1,1
GB,http://environment.data.gov.uk/air-quality/so,GB_Network_1,Station_GB1024A,,GB_SamplingPoint_74174,GB_StationProcess_918,GB_SamplingFeature_918,O3,http://dd.eionet.europa.eu/vocabulary/aq/pollutant/7,hour,116.1059700000,µg/m3,2018-06-30 17:00:00 +01:00,2018-06-30 18:00:00 +01:00,1,1
GB,http://environment.data.gov.uk/air-quality/so,GB_Network_1,Station_GB1024A,,GB_SamplingPoint_74174,GB_StationProcess_918,GB_SamplingFeature_918,O3,http://dd.eionet.europa.eu/vocabulary/aq/pollutant/7,hour,114.3872300000,µg/m3,2018-06-30 18:00:00 +01:00,2018-06-30 19:00:00 +01:00,1,1
GB,http://environment.data.gov.uk/air-quality/so,GB_Network_1,Station_GB1024A,,GB_SamplingPoint_74174,GB_StationProcess_918,GB_SamplingFeature_918,O3,http://dd.eionet.europa.eu/vocabulary/aq/pollutant/7,hour,111.9900300000,µg/m3,2018-06-30 19:00:00 +01:00,2018-06-30 20:00:00 +01:00,1,1
GB,http://environment.data.gov.uk/air-quality/so,GB_Network_1,Station_GB1024A,,GB_SamplingPoint_74174,GB_StationProcess_918,GB_SamplingFeature_918,O3,http://dd.eionet.europa.eu/vocabulary/aq/pollutant/7,hour,107.7836100000,µg/m3,2018-06-30 20:00:00 +01:00,2018-06-30 21:00:00 +01:00,1,1
GB,http://environment.data.gov.uk/air-quality/so,GB_Network_1,Station_GB1024A,,GB_SamplingPoint_74174,GB_StationProcess_918,GB_SamplingFeature_918,O3,http://dd.eionet.europa.eu/vocabulary/aq/pollutant/7,hour,103.8485800000,µg/m3,2018-06-30 21:00:00 +01:00,2018-06-30 22:00:00 +01:00,1,1
GB,http://environment.data.gov.uk/air-quality/so,GB_Network_1,Station_GB1024A,,GB_SamplingPoint_74174,GB_StationProcess_918,GB_SamplingFeature_918,O3,http://dd.eionet.europa.eu/vocabulary/aq/pollutant/7,hour,91.9530400000,µg/m3,2018-06-30 22:00:00 +01:00,2018-06-30 23:00:00 +01:00,1,1
GB,http://environment.data.gov.uk/air-quality/so,GB_Network_1,Station_GB1024A,,GB_SamplingPoint_74174,GB_StationProcess_918,GB_SamplingFeature_918,O3,http://dd.eionet.europa.eu/vocabulary/aq/pollutant/7,hour,59.8616200000,µg/m3,2018-07-01 02:00:00 +01:00,2018-07-01 03:00:00 +01:00,1,1
GB,http://environment.data.gov.uk/air-quality/so,GB_Network_1,Station_GB1024A,,GB_SamplingPoint_74174,GB_StationProcess_918,GB_SamplingFeature_918,O3,http://dd.eionet.europa.eu/vocabulary/aq/pollutant/7,hour,70.2350200000,µg/m3,2018-07-01 03:00:00 +01:00,2018-07-01 04:00:00 +01:00,1,1
GB,http://environment.data.gov.uk/air-quality/so,GB_Network_1,Station_GB1024A,,GB_SamplingPoint_74174,GB_StationProcess_918,GB_SamplingFeature_918,O3,http://dd.eionet.europa.eu/vocabulary/aq/pollutant/7,hour,58.6722100000,µg/m3,2018-07-01 05:00:00 +01:00,2018-07-01 06:00:00 +01:00,1,1
GB,http://environment.data.gov.uk/air-quality/so,GB_Network_1,Station_GB1024A,,GB_SamplingPoint_74174,GB_StationProcess_918,GB_SamplingFeature_918,O3,http://dd.eionet.europa.eu/vocabulary/aq/pollutant/7,hour,52.7101400000,µg/m3,2018-07-01 06:00:00 +01:00,2018-07-01 07:00:00 +01:00,1,1
GB,http://environment.data.gov.uk/air-quality/so,GB_Network_1,Station_GB1024A,,GB_SamplingPoint_74174,GB_StationProcess_918,GB_SamplingFeature_918,O3,http://dd.eionet.europa.eu/vocabulary/aq/pollutant/7,hour,103.7491000000,µg/m3,2018-07-01 11:00:00 +01:00,2018-07-01 12:00:00 +01:00,1,1
GB,http://environment.data.gov.uk/air-quality/so,GB_Network_1,Station_GB1024A,,GB_SamplingPoint_74174,GB_StationProcess_918,GB_SamplingFeature_918,O3,http://dd.eionet.europa.eu/vocabulary/aq/pollutant/7,hour,127.9587200000,µg/m3,2018-07-01 12:00:00 +01:00,2018-07-01 13:00:00 +01:00,1,1
GB,http://environment.data.gov.uk/air-quality/so,GB_Network_1,Station_GB1024A,,GB_SamplingPoint_74174,GB_StationProcess_918,GB_SamplingFeature_918,O3,http://dd.eionet.europa.eu/vocabulary/aq/pollutant/7,hour,157.3174200000,µg/m3,2018-07-01 14:00:00 +01:00,2018-07-01 15:00:00 +01:00,1,1
GB,http://environment.data.gov.uk/air-quality/so,GB_Network_1,Station_GB1024A,,GB_SamplingPoint_74174,GB_StationProcess_918,GB_SamplingFeature_918,O3,http://dd.eionet.europa.eu/vocabulary/aq/pollutant/7,hour,150.9940000000,µg/m3,2018-07-01 15:00:00 +01:00,2018-07-01 16:00:00 +01:00,1,1
GB,http://environment.data.gov.uk/air-quality/so,GB_Network_1,Station_GB1024A,,GB_SamplingPoint_74174,GB_StationProcess_918,GB_SamplingFeature_918,O3,http://dd.eionet.europa.eu/vocabulary/aq/pollutant/7,hour,156.6850700000,µg/m3,2018-07-01 16:00:00 +01:00,2018-07-01 17:00:00 +01:00,1,1
GB,http://environment.data.gov.uk/air-quality/so,GB_Network_1,Station_GB1024A,,GB_SamplingPoint_74174,GB_StationProcess_918,GB_SamplingFeature_918,O3,http://dd.eionet.europa.eu/vocabulary/aq/pollutant/7,hour,159.2144400000,µg/m3,2018-07-01 17:00:00 +01:00,2018-07-01 18:00:00 +01:00,1,1
GB,http://environment.data.gov.uk/air-quality/so,GB_Network_1,Station_GB1024A,,GB_SamplingPoint_74174,GB_StationProcess_918,GB_SamplingFeature_918,O3,http://dd.eionet.europa.eu/vocabulary/aq/pollutant/7,hour,157.0464100000,µg/m3,2018-07-01 19:00:00 +01:00,2018-07-01 20:00:00 +01:00,1,1
GB,http://environment.data.gov.uk/air-quality/so,GB_Network_1,Station_GB1024A,,GB_SamplingPoint_74174,GB_StationProcess_918,GB_SamplingFeature_918,O3,http://dd.eionet.europa.eu/vocabulary/aq/pollutant/7,hour,132.2044400000,µg/m3,2018-07-01 22:00:00 +01:00,2018-07-01 23:00:00 +01:00,1,1
GB,http://environment.data.gov.uk/air-quality/so,GB_Network_1,Station_GB1024A,,GB_SamplingPoint_74174,GB_StationProcess_918,GB_SamplingFeature_918,O3,http://dd.eionet.europa.eu/vocabulary/aq/pollutant/7,hour,107.4528100000,µg/m3,2018-07-02 00:00:00 +01:00,2018-07-02 01:00:00 +01:00,1,1
GB,http://environment.data.gov.uk/air-quality/so,GB_Network_1,Station_GB1024A,,GB_SamplingPoint_74174,GB_StationProcess_918,GB_SamplingFeature_918,O3,http://dd.eionet.europa.eu/vocabulary/aq/pollutant/7,hour,100.9131600000,µg/m3,2018-07-02 01:00:00 +01:00,2018-07-02 02:00:00 +01:00,1,1
GB,http://environment.data.gov.uk/air-quality/so,GB_Network_1,Station_GB1024A,,GB_SamplingPoint_74174,GB_StationProcess_918,GB_SamplingFeature_918,O3,http://dd.eionet.europa.eu/vocabulary/aq/pollutant/7,hour,94.7789800000,µg/m3,2018-07-02 02:00:00 +01:00,2018-07-02 03:00:00 +01:00,1,1
GB,http://environment.data.gov.uk/air-quality/so,GB_Network_1,Station_GB1024A,,GB_SamplingPoint_74174,GB_StationProcess_918,GB_SamplingFeature_918,O3,http://dd.eionet.europa.eu/vocabulary/aq/pollutant/7,hour,52.4562000000,µg/m3,2018-07-02 06:00:00 +01:00,2018-07-02 07:00:00 +01:00,1,1
GB,http://environment.data.gov.uk/air-quality/so,GB_Network_1,Station_GB1024A,,GB_SamplingPoint_74174,GB_StationProcess_918,GB_SamplingFeature_918,O3,http://dd.eionet.europa.eu/vocabulary/aq/pollutant/7,hour,47.2241100000,µg/m3,2018-07-02 07:00:00 +01:00,2018-07-02 08:00:00 +01:00,1,1
GB,http://environment.data.gov.uk/air-quality/so,GB_Network_1,Station_GB1024A,,GB_SamplingPoint_74174,GB_StationProcess_918,GB_SamplingFeature_918,O3,http://dd.eionet.europa.eu/vocabulary/aq/pollutant/7,hour,50.4265100000,µg/m3,2018-07-02 08:00:00 +01:00,2018-07-02 09:00:00 +01:00,1,1
GB,http://environment.data.gov.uk/air-quality/so,GB_Network_1,Station_GB1024A,,GB_SamplingPoint_74174,GB_StationProcess_918,GB_SamplingFeature_918,O3,http://dd.eionet.europa.eu/vocabulary/aq/pollutant/7,hour,114.6098000000,µg/m3,2018-07-02 11:00:00 +01:00,2018-07-02 12:00:00 +01:00,1,1
GB,http://environment.data.gov.uk/air-quality/so,GB_Network_1,Station_GB1024A,,GB_SamplingPoint_74174,GB_StationProcess_918,GB_SamplingFeature_918,O3,http://dd.eionet.europa.eu/vocabulary/aq/pollutant/7,hour,126.0211700000,µg/m3,2018-07-02 12:00:00 +01:00,2018-07-02 13:00:00 +01:00,1,1
GB,http://environment.data.gov.uk/air-quality/so,GB_Network_1,Station_GB1024A,,GB_SamplingPoint_74174,GB_StationProcess_918,GB_SamplingFeature_918,O3,http://dd.eionet.europa.eu/vocabulary/aq/pollutant/7,hour,130.1707600000,µg/m3,2018-07-02 13:00:00 +01:00,2018-07-02 14:00:00 +01:00,1,1
GB,http://environment.data.gov.uk/air-quality/so,GB_Network_1,Station_GB1024A,,GB_SamplingPoint_74174,GB_StationProcess_918,GB_SamplingFeature_918,O3,http://dd.eionet.europa.eu/vocabulary/aq/pollutant/7,hour,126.5624200000,µg/m3,2018-07-02 14:00:00 +01:00,2018-07-02 15:00:00 +01:00,1,1
GB,http://environment.data.gov.uk/air-quality/so,GB_Network_1,Station_GB1024A,,GB_SamplingPoint_74174,GB_StationProcess_918,GB_SamplingFeature_918,O3,http://dd.eionet.europa.eu/vocabulary/aq/pollutant/7,hour,123.9012700000,µg/m3,2018-07-02 15:00:00 +01:00,2018-07-02 16:00:00 +01:00,1,1
GB,http://environment.data.gov.uk/air-quality/so,GB_Network_1,Station_GB1024A,,GB_SamplingPoint_74174,GB_StationProcess_918,GB_SamplingFeature_918,O3,http://dd.eionet.europa.eu/vocabulary/aq/pollutant/7,hour,122.6834600000,µg/m3,2018-07-02 16:00:00 +01:00,2018-07-02 17:00:00 +01:00,1,1
GB,http://environment.data.gov.uk/air-quality/so,GB_Network_1,Station_GB1024A,,GB_SamplingPoint_74174,GB_StationProcess_918,GB_SamplingFeature_918,O3,http://dd.eionet.europa.eu/vocabulary/aq/pollutant/7,hour,130.7571100000,µg/m3,2018-07-02 17:00:00 +01:00,2018-07-02 18:00:00 +01:00,1,1
GB,http://environment.data.gov.uk/air-quality/so,GB_Network_1,Station_GB1024A,,GB_SamplingPoint_74174,GB_StationProcess_918,GB_SamplingFeature_918,O3,http://dd.eionet.europa.eu/vocabulary/aq/pollutant/7,hour,132.7868000000,µg/m3,2018-07-02 18:00:00 +01:00,2018-07-02 19:00:00 +01:00,1,1
GB,http://environment.data.gov.uk/air-quality/so,GB_Network_1,Station_GB1024A,,GB_SamplingPoint_74174,GB_StationProcess_918,GB_SamplingFeature_918,O3,http://dd.eionet.europa.eu/vocabulary/aq/pollutant/7,hour,125.5701300000,µg/m3,2018-07-02 19:00:00 +01:00,2018-07-02 20:00:00 +01:00,1,1
GB,http://environment.data.gov.uk/air-quality/so,GB_Network_1,Station_GB1024A,,GB_SamplingPoint_74174,GB_StationProcess_918,GB_SamplingFeature_918,O3,http://dd.eionet.europa.eu/vocabulary/aq/pollutant/7,hour,98.0565600000,µg/m3,2018-07-02 21:00:00 +01:00,2018-07-02 22:00:00 +01:00,1,1
GB,http://environment.data.gov.uk/air-quality/so,GB_Network_1,Station_GB1024A,,GB_SamplingPoint_74174,GB_StationProcess_918,GB_SamplingFeature_918,O3,http://dd.eionet.europa.eu/vocabulary/aq/pollutant/7,hour,85.6529000000,µg/m3,2018-07-03 00:00:00 +01:00,2018-07-03 01:00:00 +01:00,1,1
GB,http://environment.data.gov.uk/air-quality/so,GB_Network_1,Station_GB1024A,,GB_SamplingPoint_74174,GB_StationProcess_918,GB_SamplingFeature_918,O3,http://dd.eionet.europa.eu/vocabulary/aq/pollutant/7,hour,80.6537900000,µg/m3,2018-07-03 01:00:00 +01:00,2018-07-03 02:00:00 +01:00,1,1
GB,http://environment.data.gov.uk/air-quality/so,GB_Network_1,Station_GB1024A,,GB_SamplingPoint_74174,GB_StationProcess_918,GB_SamplingFeature_918,O3,http://dd.eionet.europa.eu/vocabulary/aq/pollutant/7,hour,72.5613900000,µg/m3,2018-07-03 03:00:00 +01:00,2018-07-03 04:00:00 +01:00,1,1
GB,http://environment.data.gov.uk/air-quality/so,GB_Network_1,Station_GB1024A,,GB_SamplingPoint_74174,GB_StationProcess_918,GB_SamplingFeature_918,O3,http://dd.eionet.europa.eu/vocabulary/aq/pollutant/7,hour,65.9853700000,µg/m3,2018-07-03 06:00:00 +01:00,2018-07-03 07:00:00 +01:00,1,1
GB,http://environment.data.gov.uk/air-quality/so,GB_Network_1,Station_GB1024A,,GB_SamplingPoint_74174,GB_StationProcess_918,GB_SamplingFeature_918,O3,http://dd.eionet.europa.eu/vocabulary/aq/pollutant/7,hour,62.9225700000,µg/m3,2018-07-03 07:00:00 +01:00,2018-07-03 08:00:00 +01:00,1,1
GB,http://environment.data.gov.uk/air-quality/so,GB_Network_1,Station_GB1024A,,GB_SamplingPoint_74174,GB_StationProcess_918,GB_SamplingFeature_918,O3,http://dd.eionet.europa.eu/vocabulary/aq/pollutant/7,hour,72.7415500000,µg/m3,2018-07-03 08:00:00 +01:00,2018-07-03 09:00:00 +01:00,1,1
GB,http://environment.data.gov.uk/air-quality/so,GB_Network_1,Station_GB1024A,,GB_SamplingPoint_74174,GB_StationProcess_918,GB_SamplingFeature_918,O3,http://dd.eionet.europa.eu/vocabulary/aq/pollutant/7,hour,82.5605300000,µg/m3,2018-07-03 09:00:00 +01:00,2018-07-03 10:00:00 +01:00,1,1
GB,http://environment.data.gov.uk/air-quality/so,GB_Network_1,Station_GB1024A,,GB_SamplingPoint_74174,GB_StationProcess_918,GB_SamplingFeature_918,O3,http://dd.eionet.europa.eu/vocabulary/aq/pollutant/7,hour,98.0096700000,µg/m3,2018-07-03 10:00:00 +01:00,2018-07-03 11:00:00 +01:00,1,1
GB,http://environment.data.gov.uk/air-quality/so,GB_Network_1,Station_GB1024A,,GB_SamplingPoint_74174,GB_StationProcess_918,GB_SamplingFeature_918,O3,http://dd.eionet.europa.eu/vocabulary/aq/pollutant/7,hour,105.6666800000,µg/m3,2018-07-03 11:00:00 +01:00,2018-07-03 12:00:00 +01:00,1,1
GB,http://environment.data.gov.uk/air-quality/so,GB_Network_1,Station_GB1024A,,GB_SamplingPoint_74174,GB_StationProcess_918,GB_SamplingFeature_918,O3,http://dd.eionet.europa.eu/vocabulary/aq/pollutant/7,hour,112.9183100000,µg/m3,2018-07-03 12:00:00 +01:00,2018-07-03 13:00:00 +01:00,1,1
GB,http://environment.data.gov.uk/air-quality/so,GB_Network_1,Station_GB1024A,,GB_SamplingPoint_74174,GB_StationProcess_918,GB_SamplingFeature_918,O3,http://dd.eionet.europa.eu/vocabulary/aq/pollutant/7,hour,115.2604500000,µg/m3,2018-07-03 13:00:00 +01:00,2018-07-03 14:00:00 +01:00,1,1
GB,http://environment.data.gov.uk/air-quality/so,GB_Network_1,Station_GB1024A,,GB_SamplingPoint_74174,GB_StationProcess_918,GB_SamplingFeature_918,O3,http://dd.eionet.europa.eu/vocabulary/aq/pollutant/7,hour,117.0170600000,µg/m3,2018-07-03 14:00:00 +01:00,2018-07-03 15:00:00 +01:00,1,1
GB,http://environment.data.gov.uk/air-quality/so,GB_Network_1,Station_GB1024A,,GB_SamplingPoint_74174,GB_StationProcess_918,GB_SamplingFeature_918,O3,http://dd.eionet.europa.eu/vocabulary/aq/pollutant/7,hour,117.3323500000,µg/m3,2018-07-03 15:00:00 +01:00,2018-07-03 16:00:00 +01:00,1,1
GB,http://environment.data.gov.uk/air-quality/so,GB_Network_1,Station_GB1024A,,GB_SamplingPoint_74174,GB_StationProcess_918,GB_SamplingFeature_918,O3,http://dd.eionet.europa.eu/vocabulary/aq/pollutant/7,hour,115.5307000000,µg/m3,2018-07-03 16:00:00 +01:00,2018-07-03 17:00:00 +01:00,1,1
GB,http://environment.data.gov.uk/air-quality/so,GB_Network_1,Station_GB1024A,,GB_SamplingPoint_74174,GB_StationProcess_918,GB_SamplingFeature_918,O3,http://dd.eionet.europa.eu/vocabulary/aq/pollutant/7,hour,113.1885600000,µg/m3,2018-07-03 17:00:00 +01:00,2018-07-03 18:00:00 +01:00,1,1
GB,http://environment.data.gov.uk/air-quality/so,GB_Network_1,Station_GB1024A,,GB_SamplingPoint_74174,GB_StationProcess_918,GB_SamplingFeature_918,O3,http://dd.eionet.europa.eu/vocabulary/aq/pollutant/7,hour,100.7571800000,µg/m3,2018-07-03 19:00:00 +01:00,2018-07-03 20:00:00 +01:00,1,1
GB,http://environment.data.gov.uk/air-quality/so,GB_Network_1,Station_GB1024A,,GB_SamplingPoint_74174,GB_StationProcess_918,GB_SamplingFeature_918,O3,http://dd.eionet.europa.eu/vocabulary/aq/pollutant/7,hour,93.5956300000,µg/m3,2018-07-03 20:00:00 +01:00,2018-07-03 21:00:00 +01:00,1,1
GB,http://environment.data.gov.uk/air-quality/so,GB_Network_1,Station_GB1024A,,GB_SamplingPoint_74174,GB_StationProcess_918,GB_SamplingFeature_918,O3,http://dd.eionet.europa.eu/vocabulary/aq/pollutant/7,hour,76.9303900000,µg/m3,2018-07-03 23:00:00 +01:00,2018-07-04 00:00:00 +01:00,1,1
GB,http://environment.data.gov.uk/air-quality/so,GB_Network_1,Station_GB1024A,,GB_SamplingPoint_74174,GB_StationProcess_918,GB_SamplingFeature_918,O3,http://dd.eionet.europa.eu/vocabulary/aq/pollutant/7,hour,80.9008000000,µg/m3,2018-07-04 01:00:00 +01:00,2018-07-04 02:00:00 +01:00,1,1
GB,http://environment.data.gov.uk/air-quality/so,GB_Network_1,Station_GB1024A,,GB_SamplingPoint_74174,GB_StationProcess_918,GB_SamplingFeature_918,O3,http://dd.eionet.europa.eu/vocabulary/aq/pollutant/7,hour,68.8616300000,µg/m3,2018-07-04 03:00:00 +01:00,2018-07-04 04:00:00 +01:00,1,1
GB,http://environment.data.gov.uk/air-quality/so,GB_Network_1,Station_GB1024A,,GB_SamplingPoint_74174,GB_StationProcess_918,GB_SamplingFeature_918,O3,http://dd.eionet.europa.eu/vocabulary/aq/pollutant/7,hour,63.4642500000,µg/m3,2018-07-04 04:00:00 +01:00,2018-07-04 05:00:00 +01:00,1,1
GB,http://environment.data.gov.uk/air-quality/so,GB_Network_1,Station_GB1024A,,GB_SamplingPoint_74174,GB_StationProcess_918,GB_SamplingFeature_918,O3,http://dd.eionet.europa.eu/vocabulary/aq/pollutant/7,hour,54.7834500000,µg/m3,2018-07-04 06:00:00 +01:00,2018-07-04 07:00:00 +01:00,1,1
GB,http://environment.data.gov.uk/air-quality/so,GB_Network_1,Station_GB1024A,,GB_SamplingPoint_74174,GB_StationProcess_918,GB_SamplingFeature_918,O3,http://dd.eionet.europa.eu/vocabulary/aq/pollutant/7,hour,48.1266800000,µg/m3,2018-07-04 07:00:00 +01:00,2018-07-04 08:00:00 +01:00,1,1
GB,http://environment.data.gov.uk/air-quality/so,GB_Network_1,Station_GB1024A,,GB_SamplingPoint_74174,GB_StationProcess_918,GB_SamplingFeature_918,O3,http://dd.eionet.europa.eu/vocabulary/aq/pollutant/7,hour,49.7009200000,µg/m3,2018-07-04 08:00:00 +01:00,2018-07-04 09:00:00 +01:00,1,1
GB,http://environment.data.gov.uk/air-quality/so,GB_Network_1,Station_GB1024A,,GB_SamplingPoint_74174,GB_StationProcess_918,GB_SamplingFeature_918,O3,http://dd.eionet.europa.eu/vocabulary/aq/pollutant/7,hour,55.7280000000,µg/m3,2018-07-04 09:00:00 +01:00,2018-07-04 10:00:00 +01:00,1,1
GB,http://environment.data.gov.uk/air-quality/so,GB_Network_1,Station_GB1024A,,GB_SamplingPoint_74174,GB_StationProcess_918,GB_SamplingFeature_918,O3,http://dd.eionet.europa.eu/vocabulary/aq/pollutant/7,hour,68.4118500000,µg/m3,2018-07-04 11:00:00 +01:00,2018-07-04 12:00:00 +01:00,1,1
GB,http://environment.data.gov.uk/air-quality/so,GB_Network_1,Station_GB1024A,,GB_SamplingPoint_74174,GB_StationProcess_918,GB_SamplingFeature_918,O3,http://dd.eionet.europa.eu/vocabulary/aq/pollutant/7,hour,83.2096800000,µg/m3,2018-07-04 12:00:00 +01:00,2018-07-04 13:00:00 +01:00,1,1
GB,http://environment.data.gov.uk/air-quality/so,GB_Network_1,Station_GB1024A,,GB_SamplingPoint_74174,GB_StationProcess_918,GB_SamplingFeature_918,O3,http://dd.eionet.europa.eu/vocabulary/aq/pollutant/7,hour,93.4197300000,µg/m3,2018-07-04 13:00:00 +01:00,2018-07-04 14:00:00 +01:00,1,1
GB,http://environment.data.gov.uk/air-quality/so,GB_Network_1,Station_GB1024A,,GB_SamplingPoint_74174,GB_StationProcess_918,GB_SamplingFeature_918,O3,http://dd.eionet.europa.eu/vocabulary/aq/pollutant/7,hour,104.1695200000,µg/m3,2018-07-04 14:00:00 +01:00,2018-07-04 15:00:00 +01:00,1,1
GB,http://environment.data.gov.uk/air-quality/so,GB_Network_1,Station_GB1024A,,GB_SamplingPoint_74174,GB_StationProcess_918,GB_SamplingFeature_918,O3,http://dd.eionet.europa.eu/vocabulary/aq/pollutant/7,hour,110.9162500000,µg/m3,2018-07-04 15:00:00 +01:00,2018-07-04 16:00:00 +01:00,1,1
GB,http://environment.data.gov.uk/air-quality/so,GB_Network_1,Station_GB1024A,,GB_SamplingPoint_74174,GB_StationProcess_918,GB_SamplingFeature_918,O3,http://dd.eionet.europa.eu/vocabulary/aq/pollutant/7,hour,111.3210600000,µg/m3,2018-07-04 17:00:00 +01:00,2018-07-04 18:00:00 +01:00,1,1
GB,http://environment.data.gov.uk/air-quality/so,GB_Network_1,Station_GB1024A,,GB_SamplingPoint_74174,GB_StationProcess_918,GB_SamplingFeature_918,O3,http://dd.eionet.europa.eu/vocabulary/aq/pollutant/7,hour,61.4852100000,µg/m3,2018-07-04 20:00:00 +01:00,2018-07-04 21:00:00 +01:00,1,1
GB,http://environment.data.gov.uk/air-quality/so,GB_Network_1,Station_GB1024A,,GB_SamplingPoint_74174,GB_StationProcess_918,GB_SamplingFeature_918,O3,http://dd.eionet.europa.eu/vocabulary/aq/pollutant/7,hour,8.5908400000,µg/m3,2018-07-05 00:00:00 +01:00,2018-07-05 01:00:00 +01:00,1,1
GB,http://environment.data.gov.uk/air-quality/so,GB_Network_1,Station_GB1024A,,GB_SamplingPoint_74174,GB_StationProcess_918,GB_SamplingFeature_918,O3,http://dd.eionet.europa.eu/vocabulary/aq/pollutant/7,hour,,µg/m3,2018-07-05 02:00:00 +01:00,2018-07-05 03:00:00 +01:00,-1,1
GB,http://environment.data.gov.uk/air-quality/so,GB_Network_1,Station_GB1024A,,GB_SamplingPoint_74174,GB_StationProcess_918,GB_SamplingFeature_918,O3,http://dd.eionet.europa.eu/vocabulary/aq/pollutant/7,hour,,µg/m3,2018-07-05 03:00:00 +01:00,2018-07-05 04:00:00 +01:00,-1,1
GB,http://environment.data.gov.uk/air-quality/so,GB_Network_1,Station_GB1024A,,GB_SamplingPoint_74174,GB_StationProcess_918,GB_SamplingFeature_918,O3,http://dd.eionet.europa.eu/vocabulary/aq/pollutant/7,hour,,µg/m3,2018-07-05 04:00:00 +01:00,2018-07-05 05:00:00 +01:00,-1,1
GB,http://environment.data.gov.uk/air-quality/so,GB_Network_1,Station_GB1024A,,GB_SamplingPoint_74174,GB_StationProcess_918,GB_SamplingFeature_918,O3,http://dd.eionet.europa.eu/vocabulary/aq/pollutant/7,hour,,µg/m3,2018-07-05 05:00:00 +01:00,2018-07-05 06:00:00 +01:00,-1,1
GB,http://environment.data.gov.uk/air-quality/so,GB_Network_1,Station_GB1024A,,GB_SamplingPoint_74174,GB_StationProcess_918,GB_SamplingFeature_918,O3,http://dd.eionet.europa.eu/vocabulary/aq/pollutant/7,hour,,µg/m3,2018-07-05 06:00:00 +01:00,2018-07-05 07:00:00 +01:00,-1,1
GB,http://environment.data.gov.uk/air-quality/so,GB_Network_1,Station_GB1024A,,GB_SamplingPoint_74174,GB_StationProcess_918,GB_SamplingFeature_918,O3,http://dd.eionet.europa.eu/vocabulary/aq/pollutant/7,hour,,µg/m3,2018-07-05 07:00:00 +01:00,2018-07-05 08:00:00 +01:00,-1,1
GB,http://environment.data.gov.uk/air-quality/so,GB_Network_1,Station_GB1024A,,GB_SamplingPoint_74174,GB_StationProcess_918,GB_SamplingFeature_918,O3,http://dd.eionet.europa.eu/vocabulary/aq/pollutant/7,hour,,µg/m3,2018-07-05 08:00:00 +01:00,2018-07-05 09:00:00 +01:00,-1,1
GB,http://environment.data.gov.uk/air-quality/so,GB_Network_1,Station_GB1024A,,GB_SamplingPoint_74174,GB_StationProcess_918,GB_SamplingFeature_918,O3,http://dd.eionet.europa.eu/vocabulary/aq/pollutant/7,hour,,µg/m3,2018-07-05 09:00:00 +01:00,2018-07-05 10:00:00 +01:00,-1,1
GB,http://environment.data.gov.uk/air-quality/so,GB_Network_1,Station_GB1024A,,GB_SamplingPoint_74174,GB_StationProcess_918,GB_SamplingFeature_918,O3,http://dd.eionet.europa.eu/vocabulary/aq/pollutant/7,hour,,µg/m3,2018-07-05 10:00:00 +01:00,2018-07-05 11:00:00 +01:00,-1,1
GB,http://environment.data.gov.uk/air-quality/so,GB_Network_1,Station_GB1024A,,GB_SamplingPoint_74174,GB_StationProcess_918,GB_SamplingFeature_918,O3,http://dd.eionet.europa.eu/vocabulary/aq/pollutant/7,hour,,µg/m3,2018-07-05 11:00:00 +01:00,2018-07-05 12:00:00 +01:00,-1,1
GB,http://environment.data.gov.uk/air-quality/so,GB_Network_1,Station_GB1024A,,GB_SamplingPoint_74174,GB_StationProcess_918,GB_SamplingFeature_918,O3,http://dd.eionet.europa.eu/vocabulary/aq/pollutant/7,hour,,µg/m3,2018-07-05 12:00:00 +01:00,2018-07-05 13:00:00 +01:00,-1,1
GB,http://environment.data.gov.uk/air-quality/so,GB_Network_1,Station_GB1024A,,GB_SamplingPoint_74174,GB_StationProcess_918,GB_SamplingFeature_918,O3,http://dd.eionet.europa.eu/vocabulary/aq/pollutant/7,hour,,µg/m3,2018-07-05 13:00:00 +01:00,2018-07-05 14:00:00 +01:00,-1,1
GB,http://environment.data.gov.uk/air-quality/so,GB_Network_1,Station_GB1024A,,GB_SamplingPoint_74174,GB_StationProcess_918,GB_SamplingFeature_918,O3,http://dd.eionet.europa.eu/vocabulary/aq/pollutant/7,hour,,µg/m3,2018-07-05 14:00:00 +01:00,2018-07-05 15:00:00 +01:00,-1,1
GB,http://environment.data.gov.uk/air-quality/so,GB_Network_1,Station_GB1024A,,GB_SamplingPoint_74174,GB_StationProcess_918,GB_SamplingFeature_918,O3,http://dd.eionet.europa.eu/vocabulary/aq/pollutant/7,hour,,µg/m3,2018-07-05 15:00:00 +01:00,2018-07-05 16:00:00 +01:00,-1,1
GB,http://environment.data.gov.uk/air-quality/so,GB_Network_1,Station_GB1024A,,GB_SamplingPoint_74174,GB_StationProcess_918,GB_SamplingFeature_918,O3,http://dd.eionet.europa.eu/vocabulary/aq/pollutant/7,hour,,µg/m3,2018-07-05 16:00:00 +01:00,2018-07-05 17:00:00 +01:00,-1,1
GB,http://environment.data.gov.uk/air-quality/so,GB_Network_1,Station_GB1024A,,GB_SamplingPoint_74174,GB_StationProcess_918,GB_SamplingFeature_918,O3,http://dd.eionet.europa.eu/vocabulary/aq/pollutant/7,hour,,µg/m3,2018-07-05 17:00:00 +01:00,2018-07-05 18:00:00 +01:00,-1,1
GB,http://environment.data.gov.uk/air-quality/so,GB_Network_1,Station_GB1024A,,GB_SamplingPoint_74174,GB_StationProcess_918,GB_SamplingFeature_918,O3,http://dd.eionet.europa.eu/vocabulary/aq/pollutant/7,hour,,µg/m3,2018-07-05 18:00:00 +01:00,2018-07-05 19:00:00 +01:00,-1,1
GB,http://environment.data.gov.uk/air-quality/so,GB_Network_1,Station_GB1024A,,GB_SamplingPoint_74174,GB_StationProcess_918,GB_SamplingFeature_918,O3,http://dd.eionet.europa.eu/vocabulary/aq/pollutant/7,hour,,µg/m3,2018-07-05 19:00:00 +01:00,2018-07-05 20:00:00 +01:00,-1,1
GB,http://environment.data.gov.uk/air-quality/so,GB_Network_1,Station_GB1024A,,GB_SamplingPoint_74174,GB_StationProcess_918,GB_SamplingFeature_918,O3,http://dd.eionet.europa.eu/vocabulary/aq/pollutant/7,hour,,µg/m3,2018-07-05 20:00:00 +01:00,2018-07-05 21:00:00 +01:00,-1,1
GB,http://environment.data.gov.uk/air-quality/so,GB_Network_1,Station_GB1024A,,GB_SamplingPoint_74174,GB_StationProcess_918,GB_SamplingFeature_918,O3,http://dd.eionet.europa.eu/vocabulary/aq/pollutant/7,hour,,µg/m3,2018-07-05 21:00:00 +01:00,2018-07-05 22:00:00 +01:00,-1,1
GB,http://environment.data.gov.uk/air-quality/so,GB_Network_1,Station_GB1024A,,GB_SamplingPoint_74174,GB_StationProcess_918,GB_SamplingFeature_918,O3,http://dd.eionet.europa.eu/vocabulary/aq/pollutant/7,hour,,µg/m3,2018-07-05 22:00:00 +01:00,2018-07-05 23:00:00 +01:00,-1,1
GB,http://environment.data.gov.uk/air-quality/so,GB_Network_1,Station_GB1024A,,GB_SamplingPoint_74174,GB_StationProcess_918,GB_SamplingFeature_918,O3,http://dd.eionet.europa.eu/vocabulary/aq/pollutant/7,hour,,µg/m3,2018-07-05 23:00:00 +01:00,2018-07-06 00:00:00 +01:00,-1,1
GB,http://environment.data.gov.uk/air-quality/so,GB_Network_1,Station_GB1024A,,GB_SamplingPoint_74174,GB_StationProcess_918,GB_SamplingFeature_918,O3,http://dd.eionet.europa.eu/vocabulary/aq/pollutant/7,hour,,µg/m3,2018-07-06 00:00:00 +01:00,2018-07-06 01:00:00 +01:00,-1,1
GB,http://environment.data.gov.uk/air-quality/so,GB_Network_1,Station_GB1024A,,GB_SamplingPoint_74174,GB_StationProcess_918,GB_SamplingFeature_918,O3,http://dd.eionet.europa.eu/vocabulary/aq/pollutant/7,hour,,µg/m3,2018-07-06 01:00:00 +01:00,2018-07-06 02:00:00 +01:00,-1,1
GB,http://environment.data.gov.uk/air-quality/so,GB_Network_1,Station_GB1024A,,GB_SamplingPoint_74174,GB_StationProcess_918,GB_SamplingFeature_918,O3,http://dd.eionet.europa.eu/vocabulary/aq/pollutant/7,hour,,µg/m3,2018-07-06 02:00:00 +01:00,2018-07-06 03:00:00 +01:00,-1,1
GB,http://environment.data.gov.uk/air-quality/so,GB_Network_1,Station_GB1024A,,GB_SamplingPoint_74174,GB_StationProcess_918,GB_SamplingFeature_918,O3,http://dd.eionet.europa.eu/vocabulary/aq/pollutant/7,hour,,µg/m3,2018-07-06 03:00:00 +01:00,2018-07-06 04:00:00 +01:00,-1,1
GB,http://environment.data.gov.uk/air-quality/so,GB_Network_1,Station_GB1024A,,GB_SamplingPoint_74174,GB_StationProcess_918,GB_SamplingFeature_918,O3,http://dd.eionet.europa.eu/vocabulary/aq/pollutant/7,hour,,µg/m3,2018-07-06 04:00:00 +01:00,2018-07-06 05:00:00 +01:00,-1,1
GB,http://environment.data.gov.uk/air-quality/so,GB_Network_1,Station_GB1024A,,GB_SamplingPoint_74174,GB_StationProcess_918,GB_SamplingFeature_918,O3,http://dd.eionet.europa.eu/vocabulary/aq/pollutant/7,hour,,µg/m3,2018-07-06 05:00:00 +01:00,2018-07-06 06:00:00 +01:00,-1,1
GB,http://environment.data.gov.uk/air-quality/so,GB_Network_1,Station_GB1024A,,GB_SamplingPoint_74174,GB_StationProcess_918,GB_SamplingFeature_918,O3,http://dd.eionet.europa.eu/vocabulary/aq/pollutant/7,hour,,µg/m3,2018-07-06 06:00:00 +01:00,2018-07-06 07:00:00 +01:00,-1,1
GB,http://environment.data.gov.uk/air-quality/so,GB_Network_1,Station_GB1024A,,GB_SamplingPoint_74174,GB_StationProcess_918,GB_SamplingFeature_918,O3,http://dd.eionet.europa.eu/vocabulary/aq/pollutant/7,hour,,µg/m3,2018-07-06 07:00:00 +01:00,2018-07-06 08:00:00 +01:00,-1,1
GB,http://environment.data.gov.uk/air-quality/so,GB_Network_1,Station_GB1024A,,GB_SamplingPoint_74174,GB_StationProcess_918,GB_SamplingFeature_918,O3,http://dd.eionet.europa.eu/vocabulary/aq/pollutant/7,hour,,µg/m3,2018-07-06 08:00:00 +01:00,2018-07-06 09:00:00 +01:00,-1,1
GB,http://environment.data.gov.uk/air-quality/so,GB_Network_1,Station_GB1024A,,GB_SamplingPoint_74174,GB_StationProcess_918,GB_SamplingFeature_918,O3,http://dd.eionet.europa.eu/vocabulary/aq/pollutant/7,hour,,µg/m3,2018-07-06 09:00:00 +01:00,2018-07-06 10:00:00 +01:00,-1,1
GB,http://environment.data.gov.uk/air-quality/so,GB_Network_1,Station_GB1024A,,GB_SamplingPoint_74174,GB_StationProcess_918,GB_SamplingFeature_918,O3,http://dd.eionet.europa.eu/vocabulary/aq/pollutant/7,hour,,µg/m3,2018-07-06 10:00:00 +01:00,2018-07-06 11:00:00 +01:00,-1,1
GB,http://environment.data.gov.uk/air-quality/so,GB_Network_1,Station_GB1024A,,GB_SamplingPoint_74174,GB_StationProcess_918,GB_SamplingFeature_918,O3,http://dd.eionet.europa.eu/vocabulary/aq/pollutant/7,hour,,µg/m3,2018-07-06 11:00:00 +01:00,2018-07-06 12:00:00 +01:00,-1,1
GB,http://environment.data.gov.uk/air-quality/so,GB_Network_1,Station_GB1024A,,GB_SamplingPoint_74174,GB_StationProcess_918,GB_SamplingFeature_918,O3,http://dd.eionet.europa.eu/vocabulary/aq/pollutant/7,hour,,µg/m3,2018-07-06 12:00:00 +01:00,2018-07-06 13:00:00 +01:00,-1,1
GB,http://environment.data.gov.uk/air-quality/so,GB_Network_1,Station_GB1024A,,GB_SamplingPoint_74174,GB_StationProcess_918,GB_SamplingFeature_918,O3,http://dd.eionet.europa.eu/vocabulary/aq/pollutant/7,hour,,µg/m3,2018-07-06 13:00:00 +01:00,2018-07-06 14:00:00 +01:00,-1,1
GB,http://environment.data.gov.uk/air-quality/so,GB_Network_1,Station_GB1024A,,GB_SamplingPoint_74174,GB_StationProcess_918,GB_SamplingFeature_918,O3,http://dd.eionet.europa.eu/vocabulary/aq/pollutant/7,hour,,µg/m3,2018-07-06 14:00:00 +01:00,2018-07-06 15:00:00 +01:00,-1,1
GB,http://environment.data.gov.uk/air-quality/so,GB_Network_1,Station_GB1024A,,GB_SamplingPoint_74174,GB_StationProcess_918,GB_SamplingFeature_918,O3,http://dd.eionet.europa.eu/vocabulary/aq/pollutant/7,hour,,µg/m3,2018-07-06 15:00:00 +01:00,2018-07-06 16:00:00 +01:00,-1,1
GB,http://environment.data.gov.uk/air-quality/so,GB_Network_1,Station_GB1024A,,GB_SamplingPoint_74174,GB_StationProcess_918,GB_SamplingFeature_918,O3,http://dd.eionet.europa.eu/vocabulary/aq/pollutant/7,hour,,µg/m3,2018-07-06 16:00:00 +01:00,2018-07-06 17:00:00 +01:00,-1,1
GB,http://environment.data.gov.uk/air-quality/so,GB_Network_1,Station_GB1024A,,GB_SamplingPoint_74174,GB_StationProcess_918,GB_SamplingFeature_918,O3,http://dd.eionet.europa.eu/vocabulary/aq/pollutant/7,hour,,µg/m3,2018-07-06 17:00:00 +01:00,2018-07-06 18:00:00 +01:00,-1,1
GB,http://environment.data.gov.uk/air-quality/so,GB_Network_1,Station_GB1024A,,GB_SamplingPoint_74174,GB_StationProcess_918,GB_SamplingFeature_918,O3,http://dd.eionet.europa.eu/vocabulary/aq/pollutant/7,hour,,µg/m3,2018-07-06 18:00:00 +01:00,2018-07-06 19:00:00 +01:00,-1,1
GB,http://environment.data.gov.uk/air-quality/so,GB_Network_1,Station_GB1024A,,GB_SamplingPoint_74174,GB_StationProcess_918,GB_SamplingFeature_918,O3,http://dd.eionet.europa.eu/vocabulary/aq/pollutant/7,hour,,µg/m3,2018-07-06 19:00:00 +01:00,2018-07-06 20:00:00 +01:00,-1,1
GB,http://environment.data.gov.uk/air-quality/so,GB_Network_1,Station_GB1024A,,GB_SamplingPoint_74174,GB_StationProcess_918,GB_SamplingFeature_918,O3,http://dd.eionet.europa.eu/vocabulary/aq/pollutant/7,hour,,µg/m3,2018-07-06 20:00:00 +01:00,2018-07-06 21:00:00 +01:00,-1,1
GB,http://environment.data.gov.uk/air-quality/so,GB_Network_1,Station_GB1024A,,GB_SamplingPoint_74174,GB_StationProcess_918,GB_SamplingFeature_918,O3,http://dd.eionet.europa.eu/vocabulary/aq/pollutant/7,hour,,µg/m3,2018-07-06 21:00:00 +01:00,2018-07-06 22:00:00 +01:00,-1,1
GB,http://environment.data.gov.uk/air-quality/so,GB_Network_1,Station_GB1024A,,GB_SamplingPoint_74174,GB_StationProcess_918,GB_SamplingFeature_918,O3,http://dd.eionet.europa.eu/vocabulary/aq/pollutant/7,hour,,µg/m3,2018-07-06 22:00:00 +01:00,2018-07-06 23:00:00 +01:00,-1,1
GB,http://environment.data.gov.uk/air-quality/so,GB_Network_1,Station_GB1024A,,GB_SamplingPoint_74174,GB_StationProcess_918,GB_SamplingFeature_918,O3,http://dd.eionet.europa.eu/vocabulary/aq/pollutant/7,hour,,µg/m3,2018-07-06 23:00:00 +01:00,2018-07-07 00:00:00 +01:00,-1,1
GB,http://environment.data.gov.uk/air-quality/so,GB_Network_1,Station_GB1024A,,GB_SamplingPoint_74174,GB_StationProcess_918,GB_SamplingFeature_918,O3,http://dd.eionet.europa.eu/vocabulary/aq/pollutant/7,hour,,µg/m3,2018-07-07 00:00:00 +01:00,2018-07-07 01:00:00 +01:00,-1,1
GB,http://environment.data.gov.uk/air-quality/so,GB_Network_1,Station_GB1024A,,GB_SamplingPoint_74174,GB_StationProcess_918,GB_SamplingFeature_918,O3,http://dd.eionet.europa.eu/vocabulary/aq/pollutant/7,hour,,µg/m3,2018-07-07 01:00:00 +01:00,2018-07-07 02:00:00 +01:00,-1,1
GB,http://environment.data.gov.uk/air-quality/so,GB_Network_1,Station_GB1024A,,GB_SamplingPoint_74174,GB_StationProcess_918,GB_SamplingFeature_918,O3,http://dd.eionet.europa.eu/vocabulary/aq/pollutant/7,hour,,µg/m3,2018-07-07 02:00:00 +01:00,2018-07-07 03:00:00 +01:00,-1,1
GB,http://environment.data.gov.uk/air-quality/so,GB_Network_1,Station_GB1024A,,GB_SamplingPoint_74174,GB_StationProcess_918,GB_SamplingFeature_918,O3,http://dd.eionet.europa.eu/vocabulary/aq/pollutant/7,hour,,µg/m3,2018-07-07 03:00:00 +01:00,2018-07-07 04:00:00 +01:00,-1,1
GB,http://environment.data.gov.uk/air-quality/so,GB_Network_1,Station_GB1024A,,GB_SamplingPoint_74174,GB_StationProcess_918,GB_SamplingFeature_918,O3,http://dd.eionet.europa.eu/vocabulary/aq/pollutant/7,hour,,µg/m3,2018-07-07 04:00:00 +01:00,2018-07-07 05:00:00 +01:00,-1,1
GB,http://environment.data.gov.uk/air-quality/so,GB_Network_1,Station_GB1024A,,GB_SamplingPoint_74174,GB_StationProcess_918,GB_SamplingFeature_918,O3,http://dd.eionet.europa.eu/vocabulary/aq/pollutant/7,hour,,µg/m3,2018-07-07 05:00:00 +01:00,2018-07-07 06:00:00 +01:00,-1,1
GB,http://environment.data.gov.uk/air-quality/so,GB_Network_1,Station_GB1024A,,GB_SamplingPoint_74174,GB_StationProcess_918,GB_SamplingFeature_918,O3,http://dd.eionet.europa.eu/vocabulary/aq/pollutant/7,hour,,µg/m3,2018-07-07 06:00:00 +01:00,2018-07-07 07:00:00 +01:00,-1,1
GB,http://environment.data.gov.uk/air-quality/so,GB_Network_1,Station_GB1024A,,GB_SamplingPoint_74174,GB_StationProcess_918,GB_SamplingFeature_918,O3,http://dd.eionet.europa.eu/vocabulary/aq/pollutant/7,hour,,µg/m3,2018-07-07 07:00:00 +01:00,2018-07-07 08:00:00 +01:00,-1,1
GB,http://environment.data.gov.uk/air-quality/so,GB_Network_1,Station_GB1024A,,GB_SamplingPoint_74174,GB_StationProcess_918,GB_SamplingFeature_918,O3,http://dd.eionet.europa.eu/vocabulary/aq/pollutant/7,hour,,µg/m3,2018-07-07 08:00:00 +01:00,2018-07-07 09:00:00 +01:00,-1,1
GB,http://environment.data.gov.uk/air-quality/so,GB_Network_1,Station_GB1024A,,GB_SamplingPoint_74174,GB_StationProcess_918,GB_SamplingFeature_918,O3,http://dd.eionet.europa.eu/vocabulary/aq/pollutant/7,hour,,µg/m3,2018-07-07 09:00:00 +01:00,2018-07-07 10:00:00 +01:00,-1,1
GB,http://environment.data.gov.uk/air-quality/so,GB_Network_1,Station_GB1024A,,GB_SamplingPoint_74174,GB_StationProcess_918,GB_SamplingFeature_918,O3,http://dd.eionet.europa.eu/vocabulary/aq/pollutant/7,hour,,µg/m3,2018-07-07 10:00:00 +01:00,2018-07-07 11:00:00 +01:00,-1,1
GB,http://environment.data.gov.uk/air-quality/so,GB_Network_1,Station_GB1024A,,GB_SamplingPoint_74174,GB_StationProcess_918,GB_SamplingFeature_918,O3,http://dd.eionet.europa.eu/vocabulary/aq/pollutant/7,hour,,µg/m3,2018-07-07 11:00:00 +01:00,2018-07-07 12:00:00 +01:00,-1,1
GB,http://environment.data.gov.uk/air-quality/so,GB_Network_1,Station_GB1024A,,GB_SamplingPoint_74174,GB_StationProcess_918,GB_SamplingFeature_918,O3,http://dd.eionet.europa.eu/vocabulary/aq/pollutant/7,hour,,µg/m3,2018-07-07 12:00:00 +01:00,2018-07-07 13:00:00 +01:00,-1,1
GB,http://environment.data.gov.uk/air-quality/so,GB_Network_1,Station_GB1024A,,GB_SamplingPoint_74174,GB_StationProcess_918,GB_SamplingFeature_918,O3,http://dd.eionet.europa.eu/vocabulary/aq/pollutant/7,hour,,µg/m3,2018-07-07 13:00:00 +01:00,2018-07-07 14:00:00 +01:00,-1,1
GB,http://environment.data.gov.uk/air-quality/so,GB_Network_1,Station_GB1024A,,GB_SamplingPoint_74174,GB_StationProcess_918,GB_SamplingFeature_918,O3,http://dd.eionet.europa.eu/vocabulary/aq/pollutant/7,hour,,µg/m3,2018-07-07 14:00:00 +01:00,2018-07-07 15:00:00 +01:00,-1,1
GB,http://environment.data.gov.uk/air-quality/so,GB_Network_1,Station_GB1024A,,GB_SamplingPoint_74174,GB_StationProcess_918,GB_SamplingFeature_918,O3,http://dd.eionet.europa.eu/vocabulary/aq/pollutant/7,hour,,µg/m3,2018-07-07 15:00:00 +01:00,2018-07-07 16:00:00 +01:00,-1,1
GB,http://environment.data.gov.uk/air-quality/so,GB_Network_1,Station_GB1024A,,GB_SamplingPoint_74174,GB_StationProcess_918,GB_SamplingFeature_918,O3,http://dd.eionet.europa.eu/vocabulary/aq/pollutant/7,hour,,µg/m3,2018-07-07 16:00:00 +01:00,2018-07-07 17:00:00 +01:00,-1,1
GB,http://environment.data.gov.uk/air-quality/so,GB_Network_1,Station_GB1024A,,GB_SamplingPoint_74174,GB_StationProcess_918,GB_SamplingFeature_918,O3,http://dd.eionet.europa.eu/vocabulary/aq/pollutant/7,hour,,µg/m3,2018-07-07 17:00:00 +01:00,2018-07-07 18:00:00 +01:00,-1,1
GB,http://environment.data.gov.uk/air-quality/so,GB_Network_1,Station_GB1024A,,GB_SamplingPoint_74174,GB_StationProcess_918,GB_SamplingFeature_918,O3,http://dd.eionet.europa.eu/vocabulary/aq/pollutant/7,hour,,µg/m3,2018-07-07 18:00:00 +01:00,2018-07-07 19:00:00 +01:00,-1,1
GB,http://environment.data.gov.uk/air-quality/so,GB_Network_1,Station_GB1024A,,GB_SamplingPoint_74174,GB_StationProcess_918,GB_SamplingFeature_918,O3,http://dd.eionet.europa.eu/vocabulary/aq/pollutant/7,hour,,µg/m3,2018-07-07 19:00:00 +01:00,2018-07-07 20:00:00 +01:00,-1,1
GB,http://environment.data.gov.uk/air-quality/so,GB_Network_1,Station_GB1024A,,GB_SamplingPoint_74174,GB_StationProcess_918,GB_SamplingFeature_918,O3,http://dd.eionet.europa.eu/vocabulary/aq/pollutant/7,hour,,µg/m3,2018-07-07 20:00:00 +01:00,2018-07-07 21:00:00 +01:00,-1,1
GB,http://environment.data.gov.uk/air-quality/so,GB_Network_1,Station_GB1024A,,GB_SamplingPoint_74174,GB_StationProcess_918,GB_SamplingFeature_918,O3,http://dd.eionet.europa.eu/vocabulary/aq/pollutant/7,hour,,µg/m3,2018-07-07 21:00:00 +01:00,2018-07-07 22:00:00 +01:00,-1,1
GB,http://environment.data.gov.uk/air-quality/so,GB_Network_1,Station_GB1024A,,GB_SamplingPoint_74174,GB_StationProcess_918,GB_SamplingFeature_918,O3,http://dd.eionet.europa.eu/vocabulary/aq/pollutant/7,hour,,µg/m3,2018-07-07 22:00:00 +01:00,2018-07-07 23:00:00 +01:00,-1,1
GB,http://environment.data.gov.uk/air-quality/so,GB_Network_1,Station_GB1024A,,GB_SamplingPoint_74174,GB_StationProcess_918,GB_SamplingFeature_918,O3,http://dd.eionet.europa.eu/vocabulary/aq/pollutant/7,hour,,µg/m3,2018-07-07 23:00:00 +01:00,2018-07-08 00:00:00 +01:00,-1,1
GB,http://environment.data.gov.uk/air-quality/so,GB_Network_1,Station_GB1024A,,GB_SamplingPoint_74174,GB_StationProcess_918,GB_SamplingFeature_918,O3,http://dd.eionet.europa.eu/vocabulary/aq/pollutant/7,hour,,µg/m3,2018-07-08 00:00:00 +01:00,2018-07-08 01:00:00 +01:00,-1,1
GB,http://environment.data.gov.uk/air-quality/so,GB_Network_1,Station_GB1024A,,GB_SamplingPoint_74174,GB_StationProcess_918,GB_SamplingFeature_918,O3,http://dd.eionet.europa.eu/vocabulary/aq/pollutant/7,hour,,µg/m3,2018-07-08 01:00:00 +01:00,2018-07-08 02:00:00 +01:00,-1,1
GB,http://environment.data.gov.uk/air-quality/so,GB_Network_1,Station_GB1024A,,GB_SamplingPoint_74174,GB_StationProcess_918,GB_SamplingFeature_918,O3,http://dd.eionet.europa.eu/vocabulary/aq/pollutant/7,hour,,µg/m3,2018-07-08 02:00:00 +01:00,2018-07-08 03:00:00 +01:00,-1,1
GB,http://environment.data.gov.uk/air-quality/so,GB_Network_1,Station_GB1024A,,GB_SamplingPoint_74174,GB_StationProcess_918,GB_SamplingFeature_918,O3,http://dd.eionet.europa.eu/vocabulary/aq/pollutant/7,hour,,µg/m3,2018-07-08 03:00:00 +01:00,2018-07-08 04:00:00 +01:00,-1,1
GB,http://environment.data.gov.uk/air-quality/so,GB_Network_1,Station_GB1024A,,GB_SamplingPoint_74174,GB_StationProcess_918,GB_SamplingFeature_918,O3,http://dd.eionet.europa.eu/vocabulary/aq/pollutant/7,hour,,µg/m3,2018-07-08 04:00:00 +01:00,2018-07-08 05:00:00 +01:00,-1,1
GB,http://environment.data.gov.uk/air-quality/so,GB_Network_1,Station_GB1024A,,GB_SamplingPoint_74174,GB_StationProcess_918,GB_SamplingFeature_918,O3,http://dd.eionet.europa.eu/vocabulary/aq/pollutant/7,hour,,µg/m3,2018-07-08 05:00:00 +01:00,2018-07-08 06:00:00 +01:00,-1,1
GB,http://environment.data.gov.uk/air-quality/so,GB_Network_1,Station_GB1024A,,GB_SamplingPoint_74174,GB_StationProcess_918,GB_SamplingFeature_918,O3,http://dd.eionet.europa.eu/vocabulary/aq/pollutant/7,hour,,µg/m3,2018-07-08 06:00:00 +01:00,2018-07-08 07:00:00 +01:00,-1,1
GB,http://environment.data.gov.uk/air-quality/so,GB_Network_1,Station_GB1024A,,GB_SamplingPoint_74174,GB_StationProcess_918,GB_SamplingFeature_918,O3,http://dd.eionet.europa.eu/vocabulary/aq/pollutant/7,hour,,µg/m3,2018-07-08 07:00:00 +01:00,2018-07-08 08:00:00 +01:00,-1,1
GB,http://environment.data.gov.uk/air-quality/so,GB_Network_1,Station_GB1024A,,GB_SamplingPoint_74174,GB_StationProcess_918,GB_SamplingFeature_918,O3,http://dd.eionet.europa.eu/vocabulary/aq/pollutant/7,hour,,µg/m3,2018-07-08 08:00:00 +01:00,2018-07-08 09:00:00 +01:00,-1,1
GB,http://environment.data.gov.uk/air-quality/so,GB_Network_1,Station_GB1024A,,GB_SamplingPoint_74174,GB_StationProcess_918,GB_SamplingFeature_918,O3,http://dd.eionet.europa.eu/vocabulary/aq/pollutant/7,hour,,µg/m3,2018-07-08 09:00:00 +01:00,2018-07-08 10:00:00 +01:00,-1,1
GB,http://environment.data.gov.uk/air-quality/so,GB_Network_1,Station_GB1024A,,GB_SamplingPoint_74174,GB_StationProcess_918,GB_SamplingFeature_918,O3,http://dd.eionet.europa.eu/vocabulary/aq/pollutant/7,hour,,µg/m3,2018-07-08 10:00:00 +01:00,2018-07-08 11:00:00 +01:00,-1,1
GB,http://environment.data.gov.uk/air-quality/so,GB_Network_1,Station_GB1024A,,GB_SamplingPoint_74174,GB_StationProcess_918,GB_SamplingFeature_918,O3,http://dd.eionet.europa.eu/vocabulary/aq/pollutant/7,hour,,µg/m3,2018-07-08 11:00:00 +01:00,2018-07-08 12:00:00 +01:00,-1,1
GB,http://environment.data.gov.uk/air-quality/so,GB_Network_1,Station_GB1024A,,GB_SamplingPoint_74174,GB_StationProcess_918,GB_SamplingFeature_918,O3,http://dd.eionet.europa.eu/vocabulary/aq/pollutant/7,hour,,µg/m3,2018-07-08 12:00:00 +01:00,2018-07-08 13:00:00 +01:00,-1,1
GB,http://environment.data.gov.uk/air-quality/so,GB_Network_1,Station_GB1024A,,GB_SamplingPoint_74174,GB_StationProcess_918,GB_SamplingFeature_918,O3,http://dd.eionet.europa.eu/vocabulary/aq/pollutant/7,hour,,µg/m3,2018-07-08 13:00:00 +01:00,2018-07-08 14:00:00 +01:00,-1,1
GB,http://environment.data.gov.uk/air-quality/so,GB_Network_1,Station_GB1024A,,GB_SamplingPoint_74174,GB_StationProcess_918,GB_SamplingFeature_918,O3,http://dd.eionet.europa.eu/vocabulary/aq/pollutant/7,hour,,µg/m3,2018-07-08 14:00:00 +01:00,2018-07-08 15:00:00 +01:00,-1,1
GB,http://environment.data.gov.uk/air-quality/so,GB_Network_1,Station_GB1024A,,GB_SamplingPoint_74174,GB_StationProcess_918,GB_SamplingFeature_918,O3,http://dd.eionet.europa.eu/vocabulary/aq/pollutant/7,hour,,µg/m3,2018-07-08 15:00:00 +01:00,2018-07-08 16:00:00 +01:00,-1,1
GB,http://environment.data.gov.uk/air-quality/so,GB_Network_1,Station_GB1024A,,GB_SamplingPoint_74174,GB_StationProcess_918,GB_SamplingFeature_918,O3,http://dd.eionet.europa.eu/vocabulary/aq/pollutant/7,hour,,µg/m3,2018-07-08 16:00:00 +01:00,2018-07-08 17:00:00 +01:00,-1,1
GB,http://environment.data.gov.uk/air-quality/so,GB_Network_1,Station_GB1024A,,GB_SamplingPoint_74174,GB_StationProcess_918,GB_SamplingFeature_918,O3,http://dd.eionet.europa.eu/vocabulary/aq/pollutant/7,hour,,µg/m3,2018-07-08 17:00:00 +01:00,2018-07-08 18:00:00 +01:00,-1,1
GB,http://environment.data.gov.uk/air-quality/so,GB_Network_1,Station_GB1024A,,GB_SamplingPoint_74174,GB_StationProcess_918,GB_SamplingFeature_918,O3,http://dd.eionet.europa.eu/vocabulary/aq/pollutant/7,hour,,µg/m3,2018-07-08 18:00:00 +01:00,2018-07-08 19:00:00 +01:00,-1,1
GB,http://environment.data.gov.uk/air-quality/so,GB_Network_1,Station_GB1024A,,GB_SamplingPoint_74174,GB_StationProcess_918,GB_SamplingFeature_918,O3,http://dd.eionet.europa.eu/vocabulary/aq/pollutant/7,hour,,µg/m3,2018-07-08 19:00:00 +01:00,2018-07-08 20:00:00 +01:00,-1,1
GB,http://environment.data.gov.uk/air-quality/so,GB_Network_1,Station_GB1024A,,GB_SamplingPoint_74174,GB_StationProcess_918,GB_SamplingFeature_918,O3,http://dd.eionet.europa.eu/vocabulary/aq/pollutant/7,hour,,µg/m3,2018-07-08 20:00:00 +01:00,2018-07-08 21:00:00 +01:00,-1,1
GB,http://environment.data.gov.uk/air-quality/so,GB_Network_1,Station_GB1024A,,GB_SamplingPoint_74174,GB_StationProcess_918,GB_SamplingFeature_918,O3,http://dd.eionet.europa.eu/vocabulary/aq/pollutant/7,hour,,µg/m3,2018-07-08 21:00:00 +01:00,2018-07-08 22:00:00 +01:00,-1,1
GB,http://environment.data.gov.uk/air-quality/so,GB_Network_1,Station_GB1024A,,GB_SamplingPoint_74174,GB_StationProcess_918,GB_SamplingFeature_918,O3,http://dd.eionet.europa.eu/vocabulary/aq/pollutant/7,hour,,µg/m3,2018-07-08 22:00:00 +01:00,2018-07-08 23:00:00 +01:00,-1,1
GB,http://environment.data.gov.uk/air-quality/so,GB_Network_1,Station_GB1024A,,GB_SamplingPoint_74174,GB_StationProcess_918,GB_SamplingFeature_918,O3,http://dd.eionet.europa.eu/vocabulary/aq/pollutant/7,hour,,µg/m3,2018-07-08 23:00:00 +01:00,2018-07-09 00:00:00 +01:00,-1,1
GB,http://environment.data.gov.uk/air-quality/so,GB_Network_1,Station_GB1024A,,GB_SamplingPoint_74174,GB_StationProcess_918,GB_SamplingFeature_918,O3,http://dd.eionet.europa.eu/vocabulary/aq/pollutant/7,hour,,µg/m3,2018-07-09 00:00:00 +01:00,2018-07-09 01:00:00 +01:00,-1,1
GB,http://environment.data.gov.uk/air-quality/so,GB_Network_1,Station_GB1024A,,GB_SamplingPoint_74174,GB_StationProcess_918,GB_SamplingFeature_918,O3,http://dd.eionet.europa.eu/vocabulary/aq/pollutant/7,hour,,µg/m3,2018-07-09 01:00:00 +01:00,2018-07-09 02:00:00 +01:00,-1,1
GB,http://environment.data.gov.uk/air-quality/so,GB_Network_1,Station_GB1024A,,GB_SamplingPoint_74174,GB_StationProcess_918,GB_SamplingFeature_918,O3,http://dd.eionet.europa.eu/vocabulary/aq/pollutant/7,hour,,µg/m3,2018-07-09 02:00:00 +01:00,2018-07-09 03:00:00 +01:00,-1,1
GB,http://environment.data.gov.uk/air-quality/so,GB_Network_1,Station_GB1024A,,GB_SamplingPoint_74174,GB_StationProcess_918,GB_SamplingFeature_918,O3,http://dd.eionet.europa.eu/vocabulary/aq/pollutant/7,hour,,µg/m3,2018-07-09 03:00:00 +01:00,2018-07-09 04:00:00 +01:00,-1,1
GB,http://environment.data.gov.uk/air-quality/so,GB_Network_1,Station_GB1024A,,GB_SamplingPoint_74174,GB_StationProcess_918,GB_SamplingFeature_918,O3,http://dd.eionet.europa.eu/vocabulary/aq/pollutant/7,hour,,µg/m3,2018-07-09 04:00:00 +01:00,2018-07-09 05:00:00 +01:00,-1,1
GB,http://environment.data.gov.uk/air-quality/so,GB_Network_1,Station_GB1024A,,GB_SamplingPoint_74174,GB_StationProcess_918,GB_SamplingFeature_918,O3,http://dd.eionet.europa.eu/vocabulary/aq/pollutant/7,hour,,µg/m3,2018-07-09 05:00:00 +01:00,2018-07-09 06:00:00 +01:00,-1,1
GB,http://environment.data.gov.uk/air-quality/so,GB_Network_1,Station_GB1024A,,GB_SamplingPoint_74174,GB_StationProcess_918,GB_SamplingFeature_918,O3,http://dd.eionet.europa.eu/vocabulary/aq/pollutant/7,hour,,µg/m3,2018-07-09 06:00:00 +01:00,2018-07-09 07:00:00 +01:00,-1,1
GB,http://environment.data.gov.uk/air-quality/so,GB_Network_1,Station_GB1024A,,GB_SamplingPoint_74174,GB_StationProcess_918,GB_SamplingFeature_918,O3,http://dd.eionet.europa.eu/vocabulary/aq/pollutant/7,hour,,µg/m3,2018-07-09 07:00:00 +01:00,2018-07-09 08:00:00 +01:00,-1,1
GB,http://environment.data.gov.uk/air-quality/so,GB_Network_1,Station_GB1024A,,GB_SamplingPoint_74174,GB_StationProcess_918,GB_SamplingFeature_918,O3,http://dd.eionet.europa.eu/vocabulary/aq/pollutant/7,hour,,µg/m3,2018-07-09 08:00:00 +01:00,2018-07-09 09:00:00 +01:00,-1,1
GB,http://environment.data.gov.uk/air-quality/so,GB_Network_1,Station_GB1024A,,GB_SamplingPoint_74174,GB_StationProcess_918,GB_SamplingFeature_918,O3,http://dd.eionet.europa.eu/vocabulary/aq/pollutant/7,hour,,µg/m3,2018-07-09 09:00:00 +01:00,2018-07-09 10:00:00 +01:00,-1,1
GB,http://environment.data.gov.uk/air-quality/so,GB_Network_1,Station_GB1024A,,GB_SamplingPoint_74174,GB_StationProcess_918,GB_SamplingFeature_918,O3,http://dd.eionet.europa.eu/vocabulary/aq/pollutant/7,hour,,µg/m3,2018-07-09 10:00:00 +01:00,2018-07-09 11:00:00 +01:00,-1,1
GB,http://environment.data.gov.uk/air-quality/so,GB_Network_1,Station_GB1024A,,GB_SamplingPoint_74174,GB_StationProcess_918,GB_SamplingFeature_918,O3,http://dd.eionet.europa.eu/vocabulary/aq/pollutant/7,hour,,µg/m3,2018-07-09 11:00:00 +01:00,2018-07-09 12:00:00 +01:00,-1,1
GB,http://environment.data.gov.uk/air-quality/so,GB_Network_1,Station_GB1024A,,GB_SamplingPoint_74174,GB_StationProcess_918,GB_SamplingFeature_918,O3,http://dd.eionet.europa.eu/vocabulary/aq/pollutant/7,hour,39.7204600000,µg/m3,2018-07-09 12:00:00 +01:00,2018-07-09 13:00:00 +01:00,1,1
GB,http://environment.data.gov.uk/air-quality/so,GB_Network_1,Station_GB1024A,,GB_SamplingPoint_74174,GB_StationProcess_918,GB_SamplingFeature_918,O3,http://dd.eionet.europa.eu/vocabulary/aq/pollutant/7,hour,81.8676200000,µg/m3,2018-07-09 15:00:00 +01:00,2018-07-09 16:00:00 +01:00,1,1
GB,http://environment.data.gov.uk/air-quality/so,GB_Network_1,Station_GB1024A,,GB_SamplingPoint_74174,GB_StationProcess_918,GB_SamplingFeature_918,O3,http://dd.eionet.europa.eu/vocabulary/aq/pollutant/7,hour,83.5201600000,µg/m3,2018-07-09 16:00:00 +01:00,2018-07-09 17:00:00 +01:00,1,1
GB,http://environment.data.gov.uk/air-quality/so,GB_Network_1,Station_GB1024A,,GB_SamplingPoint_74174,GB_StationProcess_918,GB_SamplingFeature_918,O3,http://dd.eionet.europa.eu/vocabulary/aq/pollutant/7,hour,81.0636800000,µg/m3,2018-07-09 17:00:00 +01:00,2018-07-09 18:00:00 +01:00,1,1
GB,http://environment.data.gov.uk/air-quality/so,GB_Network_1,Station_GB1024A,,GB_SamplingPoint_74174,GB_StationProcess_918,GB_SamplingFeature_918,O3,http://dd.eionet.europa.eu/vocabulary/aq/pollutant/7,hour,55.0250500000,µg/m3,2018-07-09 19:00:00 +01:00,2018-07-09 20:00:00 +01:00,1,1
GB,http://environment.data.gov.uk/air-quality/so,GB_Network_1,Station_GB1024A,,GB_SamplingPoint_74174,GB_StationProcess_918,GB_SamplingFeature_918,O3,http://dd.eionet.europa.eu/vocabulary/aq/pollutant/7,hour,41.0454700000,µg/m3,2018-07-09 21:00:00 +01:00,2018-07-09 22:00:00 +01:00,1,1
GB,http://environment.data.gov.uk/air-quality/so,GB_Network_1,Station_GB1024A,,GB_SamplingPoint_74174,GB_StationProcess_918,GB_SamplingFeature_918,O3,http://dd.eionet.europa.eu/vocabulary/aq/pollutant/7,hour,37.0704500000,µg/m3,2018-07-09 23:00:00 +01:00,2018-07-10 00:00:00 +01:00,1,1
GB,http://environment.data.gov.uk/air-quality/so,GB_Network_1,Station_GB1024A,,GB_SamplingPoint_74174,GB_StationProcess_918,GB_SamplingFeature_918,O3,http://dd.eionet.europa.eu/vocabulary/aq/pollutant/7,hour,36.6910800000,µg/m3,2018-07-10 02:00:00 +01:00,2018-07-10 03:00:00 +01:00,1,1
GB,http://environment.data.gov.uk/air-quality/so,GB_Network_1,Station_GB1024A,,GB_SamplingPoint_74174,GB_StationProcess_918,GB_SamplingFeature_918,O3,http://dd.eionet.europa.eu/vocabulary/aq/pollutant/7,hour,33.4947400000,µg/m3,2018-07-10 03:00:00 +01:00,2018-07-10 04:00:00 +01:00,1,1
GB,http://environment.data.gov.uk/air-quality/so,GB_Network_1,Station_GB1024A,,GB_SamplingPoint_74174,GB_StationProcess_918,GB_SamplingFeature_918,O3,http://dd.eionet.europa.eu/vocabulary/aq/pollutant/7,hour,33.8961400000,µg/m3,2018-07-10 04:00:00 +01:00,2018-07-10 05:00:00 +01:00,1,1
GB,http://environment.data.gov.uk/air-quality/so,GB_Network_1,Station_GB1024A,,GB_SamplingPoint_74174,GB_StationProcess_918,GB_SamplingFeature_918,O3,http://dd.eionet.europa.eu/vocabulary/aq/pollutant/7,hour,35.3679500000,µg/m3,2018-07-10 05:00:00 +01:00,2018-07-10 06:00:00 +01:00,1,1
GB,http://environment.data.gov.uk/air-quality/so,GB_Network_1,Station_GB1024A,,GB_SamplingPoint_74174,GB_StationProcess_918,GB_SamplingFeature_918,O3,http://dd.eionet.europa.eu/vocabulary/aq/pollutant/7,hour,40.9429700000,µg/m3,2018-07-10 08:00:00 +01:00,2018-07-10 09:00:00 +01:00,1,1
GB,http://environment.data.gov.uk/air-quality/so,GB_Network_1,Station_GB1024A,,GB_SamplingPoint_74174,GB_StationProcess_918,GB_SamplingFeature_918,O3,http://dd.eionet.europa.eu/vocabulary/aq/pollutant/7,hour,48.7926000000,µg/m3,2018-07-10 11:00:00 +01:00,2018-07-10 12:00:00 +01:00,1,1
GB,http://environment.data.gov.uk/air-quality/so,GB_Network_1,Station_GB1024A,,GB_SamplingPoint_74174,GB_StationProcess_918,GB_SamplingFeature_918,O3,http://dd.eionet.europa.eu/vocabulary/aq/pollutant/7,hour,45.6259900000,µg/m3,2018-07-10 12:00:00 +01:00,2018-07-10 13:00:00 +01:00,1,1
GB,http://environment.data.gov.uk/air-quality/so,GB_Network_1,Station_GB1024A,,GB_SamplingPoint_74174,GB_StationProcess_918,GB_SamplingFeature_918,O3,http://dd.eionet.europa.eu/vocabulary/aq/pollutant/7,hour,51.9146100000,µg/m3,2018-07-10 13:00:00 +01:00,2018-07-10 14:00:00 +01:00,1,1
GB,http://environment.data.gov.uk/air-quality/so,GB_Network_1,Station_GB1024A,,GB_SamplingPoint_74174,GB_StationProcess_918,GB_SamplingFeature_918,O3,http://dd.eionet.europa.eu/vocabulary/aq/pollutant/7,hour,58.9614400000,µg/m3,2018-07-10 15:00:00 +01:00,2018-07-10 16:00:00 +01:00,1,1
GB,http://environment.data.gov.uk/air-quality/so,GB_Network_1,Station_GB1024A,,GB_SamplingPoint_74174,GB_StationProcess_918,GB_SamplingFeature_918,O3,http://dd.eionet.europa.eu/vocabulary/aq/pollutant/7,hour,67.1232700000,µg/m3,2018-07-10 17:00:00 +01:00,2018-07-10 18:00:00 +01:00,1,1
GB,http://environment.data.gov.uk/air-quality/so,GB_Network_1,Station_GB1024A,,GB_SamplingPoint_74174,GB_StationProcess_918,GB_SamplingFeature_918,O3,http://dd.eionet.europa.eu/vocabulary/aq/pollutant/7,hour,63.2876600000,µg/m3,2018-07-10 19:00:00 +01:00,2018-07-10 20:00:00 +01:00,1,1
GB,http://environment.data.gov.uk/air-quality/so,GB_Network_1,Station_GB1024A,,GB_SamplingPoint_74174,GB_StationProcess_918,GB_SamplingFeature_918,O3,http://dd.eionet.europa.eu/vocabulary/aq/pollutant/7,hour,62.1726600000,µg/m3,2018-07-10 20:00:00 +01:00,2018-07-10 21:00:00 +01:00,1,1
GB,http://environment.data.gov.uk/air-quality/so,GB_Network_1,Station_GB1024A,,GB_SamplingPoint_74174,GB_StationProcess_918,GB_SamplingFeature_918,O3,http://dd.eionet.europa.eu/vocabulary/aq/pollutant/7,hour,57.4896400000,µg/m3,2018-07-10 21:00:00 +01:00,2018-07-10 22:00:00 +01:00,1,1
GB,http://environment.data.gov.uk/air-quality/so,GB_Network_1,Station_GB1024A,,GB_SamplingPoint_74174,GB_StationProcess_918,GB_SamplingFeature_918,O3,http://dd.eionet.europa.eu/vocabulary/aq/pollutant/7,hour,48.4804000000,µg/m3,2018-07-10 23:00:00 +01:00,2018-07-11 00:00:00 +01:00,1,1
GB,http://environment.data.gov.uk/air-quality/so,GB_Network_1,Station_GB1024A,,GB_SamplingPoint_74174,GB_StationProcess_918,GB_SamplingFeature_918,O3,http://dd.eionet.europa.eu/vocabulary/aq/pollutant/7,hour,45.8935900000,µg/m3,2018-07-11 00:00:00 +01:00,2018-07-11 01:00:00 +01:00,1,1
GB,http://environment.data.gov.uk/air-quality/so,GB_Network_1,Station_GB1024A,,GB_SamplingPoint_74174,GB_StationProcess_918,GB_SamplingFeature_918,O3,http://dd.eionet.europa.eu/vocabulary/aq/pollutant/7,hour,44.0027300000,µg/m3,2018-07-11 01:00:00 +01:00,2018-07-11 02:00:00 +01:00,1,1
GB,http://environment.data.gov.uk/air-quality/so,GB_Network_1,Station_GB1024A,,GB_SamplingPoint_74174,GB_StationProcess_918,GB_SamplingFeature_918,O3,http://dd.eionet.europa.eu/vocabulary/aq/pollutant/7,hour,50.5942300000,µg/m3,2018-07-11 02:00:00 +01:00,2018-07-11 03:00:00 +01:00,1,1
GB,http://environment.data.gov.uk/air-quality/so,GB_Network_1,Station_GB1024A,,GB_SamplingPoint_74174,GB_StationProcess_918,GB_SamplingFeature_918,O3,http://dd.eionet.europa.eu/vocabulary/aq/pollutant/7,hour,53.5336900000,µg/m3,2018-07-11 05:00:00 +01:00,2018-07-11 06:00:00 +01:00,1,1
GB,http://environment.data.gov.uk/air-quality/so,GB_Network_1,Station_GB1024A,,GB_SamplingPoint_74174,GB_StationProcess_918,GB_SamplingFeature_918,O3,http://dd.eionet.europa.eu/vocabulary/aq/pollutant/7,hour,51.7522000000,µg/m3,2018-07-11 06:00:00 +01:00,2018-07-11 07:00:00 +01:00,1,1
GB,http://environment.data.gov.uk/air-quality/so,GB_Network_1,Station_GB1024A,,GB_SamplingPoint_74174,GB_StationProcess_918,GB_SamplingFeature_918,O3,http://dd.eionet.europa.eu/vocabulary/aq/pollutant/7,hour,49.1245100000,µg/m3,2018-07-11 08:00:00 +01:00,2018-07-11 09:00:00 +01:00,1,1
GB,http://environment.data.gov.uk/air-quality/so,GB_Network_1,Station_GB1024A,,GB_SamplingPoint_74174,GB_StationProcess_918,GB_SamplingFeature_918,O3,http://dd.eionet.europa.eu/vocabulary/aq/pollutant/7,hour,47.6993200000,µg/m3,2018-07-11 09:00:00 +01:00,2018-07-11 10:00:00 +01:00,1,1
GB,http://environment.data.gov.uk/air-quality/so,GB_Network_1,Station_GB1024A,,GB_SamplingPoint_74174,GB_StationProcess_918,GB_SamplingFeature_918,O3,http://dd.eionet.europa.eu/vocabulary/aq/pollutant/7,hour,55.4487900000,µg/m3,2018-07-11 13:00:00 +01:00,2018-07-11 14:00:00 +01:00,1,1
GB,http://environment.data.gov.uk/air-quality/so,GB_Network_1,Station_GB1024A,,GB_SamplingPoint_74174,GB_StationProcess_918,GB_SamplingFeature_918,O3,http://dd.eionet.europa.eu/vocabulary/aq/pollutant/7,hour,57.6311100000,µg/m3,2018-07-11 14:00:00 +01:00,2018-07-11 15:00:00 +01:00,1,1
GB,http://environment.data.gov.uk/air-quality/so,GB_Network_1,Station_GB1024A,,GB_SamplingPoint_74174,GB_StationProcess_918,GB_SamplingFeature_918,O3,http://dd.eionet.europa.eu/vocabulary/aq/pollutant/7,hour,64.8015900000,µg/m3,2018-07-11 15:00:00 +01:00,2018-07-11 16:00:00 +01:00,1,1
GB,http://environment.data.gov.uk/air-quality/so,GB_Network_1,Station_GB1024A,,GB_SamplingPoint_74174,GB_StationProcess_918,GB_SamplingFeature_918,O3,http://dd.eionet.europa.eu/vocabulary/aq/pollutant/7,hour,68.5872600000,µg/m3,2018-07-11 16:00:00 +01:00,2018-07-11 17:00:00 +01:00,1,1
GB,http://environment.data.gov.uk/air-quality/so,GB_Network_1,Station_GB1024A,,GB_SamplingPoint_74174,GB_StationProcess_918,GB_SamplingFeature_918,O3,http://dd.eionet.europa.eu/vocabulary/aq/pollutant/7,hour,74.2434800000,µg/m3,2018-07-11 18:00:00 +01:00,2018-07-11 19:00:00 +01:00,1,1
GB,http://environment.data.gov.uk/air-quality/so,GB_Network_1,Station_GB1024A,,GB_SamplingPoint_74174,GB_StationProcess_918,GB_SamplingFeature_918,O3,http://dd.eionet.europa.eu/vocabulary/aq/pollutant/7,hour,50.8169200000,µg/m3,2018-07-11 22:00:00 +01:00,2018-07-11 23:00:00 +01:00,1,1
GB,http://environment.data.gov.uk/air-quality/so,GB_Network_1,Station_GB1024A,,GB_SamplingPoint_74174,GB_StationProcess_918,GB_SamplingFeature_918,O3,http://dd.eionet.europa.eu/vocabulary/aq/pollutant/7,hour,48.7682100000,µg/m3,2018-07-11 23:00:00 +01:00,2018-07-12 00:00:00 +01:00,1,1
GB,http://environment.data.gov.uk/air-quality/so,GB_Network_1,Station_GB1024A,,GB_SamplingPoint_74174,GB_StationProcess_918,GB_SamplingFeature_918,O3,http://dd.eionet.europa.eu/vocabulary/aq/pollutant/7,hour,42.7111500000,µg/m3,2018-07-12 00:00:00 +01:00,2018-07-12 01:00:00 +01:00,1,1
GB,http://environment.data.gov.uk/air-quality/so,GB_Network_1,Station_GB1024A,,GB_SamplingPoint_74174,GB_StationProcess_918,GB_SamplingFeature_918,O3,http://dd.eionet.europa.eu/vocabulary/aq/pollutant/7,hour,30.6575300000,µg/m3,2018-07-12 01:00:00 +01:00,2018-07-12 02:00:00 +01:00,1,1
GB,http://environment.data.gov.uk/air-quality/so,GB_Network_1,Station_GB1024A,,GB_SamplingPoint_74174,GB_StationProcess_918,GB_SamplingFeature_918,O3,http://dd.eionet.europa.eu/vocabulary/aq/pollutant/7,hour,21.0362900000,µg/m3,2018-07-12 03:00:00 +01:00,2018-07-12 04:00:00 +01:00,1,1
GB,http://environment.data.gov.uk/air-quality/so,GB_Network_1,Station_GB1024A,,GB_SamplingPoint_74174,GB_StationProcess_918,GB_SamplingFeature_918,O3,http://dd.eionet.europa.eu/vocabulary/aq/pollutant/7,hour,25.2168600000,µg/m3,2018-07-12 04:00:00 +01:00,2018-07-12 05:00:00 +01:00,1,1
GB,http://environment.data.gov.uk/air-quality/so,GB_Network_1,Station_GB1024A,,GB_SamplingPoint_74174,GB_StationProcess_918,GB_SamplingFeature_918,O3,http://dd.eionet.europa.eu/vocabulary/aq/pollutant/7,hour,25.3502800000,µg/m3,2018-07-12 05:00:00 +01:00,2018-07-12 06:00:00 +01:00,1,1
GB,http://environment.data.gov.uk/air-quality/so,GB_Network_1,Station_GB1024A,,GB_SamplingPoint_74174,GB_StationProcess_918,GB_SamplingFeature_918,O3,http://dd.eionet.europa.eu/vocabulary/aq/pollutant/7,hour,27.3960900000,µg/m3,2018-07-12 06:00:00 +01:00,2018-07-12 07:00:00 +01:00,1,1
GB,http://environment.data.gov.uk/air-quality/so,GB_Network_1,Station_GB1024A,,GB_SamplingPoint_74174,GB_StationProcess_918,GB_SamplingFeature_918,O3,http://dd.eionet.europa.eu/vocabulary/aq/pollutant/7,hour,33.5780000000,µg/m3,2018-07-12 07:00:00 +01:00,2018-07-12 08:00:00 +01:00,1,1
GB,http://environment.data.gov.uk/air-quality/so,GB_Network_1,Station_GB1024A,,GB_SamplingPoint_74174,GB_StationProcess_918,GB_SamplingFeature_918,O3,http://dd.eionet.europa.eu/vocabulary/aq/pollutant/7,hour,46.8313100000,µg/m3,2018-07-12 08:00:00 +01:00,2018-07-12 09:00:00 +01:00,1,1
GB,http://environment.data.gov.uk/air-quality/so,GB_Network_1,Station_GB1024A,,GB_SamplingPoint_74174,GB_StationProcess_918,GB_SamplingFeature_918,O3,http://dd.eionet.europa.eu/vocabulary/aq/pollutant/7,hour,,µg/m3,2018-07-12 13:00:00 +01:00,2018-07-12 14:00:00 +01:00,-1,1
GB,http://environment.data.gov.uk/air-quality/so,GB_Network_1,Station_GB1024A,,GB_SamplingPoint_74174,GB_StationProcess_918,GB_SamplingFeature_918,O3,http://dd.eionet.europa.eu/vocabulary/aq/pollutant/7,hour,,µg/m3,2018-07-12 14:00:00 +01:00,2018-07-12 15:00:00 +01:00,-1,1
GB,http://environment.data.gov.uk/air-quality/so,GB_Network_1,Station_GB1024A,,GB_SamplingPoint_74174,GB_StationProcess_918,GB_SamplingFeature_918,O3,http://dd.eionet.europa.eu/vocabulary/aq/pollutant/7,hour,,µg/m3,2018-07-12 15:00:00 +01:00,2018-07-12 16:00:00 +01:00,-1,1
GB,http://environment.data.gov.uk/air-quality/so,GB_Network_1,Station_GB1024A,,GB_SamplingPoint_74174,GB_StationProcess_918,GB_SamplingFeature_918,O3,http://dd.eionet.europa.eu/vocabulary/aq/pollutant/7,hour,87.6141200000,µg/m3,2018-07-12 16:00:00 +01:00,2018-07-12 17:00:00 +01:00,1,1
GB,http://environment.data.gov.uk/air-quality/so,GB_Network_1,Station_GB1024A,,GB_SamplingPoint_74174,GB_StationProcess_918,GB_SamplingFeature_918,O3,http://dd.eionet.europa.eu/vocabulary/aq/pollutant/7,hour,83.2556600000,µg/m3,2018-07-12 17:00:00 +01:00,2018-07-12 18:00:00 +01:00,1,1
GB,http://environment.data.gov.uk/air-quality/so,GB_Network_1,Station_GB1024A,,GB_SamplingPoint_74174,GB_StationProcess_918,GB_SamplingFeature_918,O3,http://dd.eionet.europa.eu/vocabulary/aq/pollutant/7,hour,83.3890800000,µg/m3,2018-07-12 18:00:00 +01:00,2018-07-12 19:00:00 +01:00,1,1
GB,http://environment.data.gov.uk/air-quality/so,GB_Network_1,Station_GB1024A,,GB_SamplingPoint_74174,GB_StationProcess_918,GB_SamplingFeature_918,O3,http://dd.eionet.europa.eu/vocabulary/aq/pollutant/7,hour,80.5427300000,µg/m3,2018-07-12 19:00:00 +01:00,2018-07-12 20:00:00 +01:00,1,1
GB,http://environment.data.gov.uk/air-quality/so,GB_Network_1,Station_GB1024A,,GB_SamplingPoint_74174,GB_StationProcess_918,GB_SamplingFeature_918,O3,http://dd.eionet.europa.eu/vocabulary/aq/pollutant/7,hour,79.6532500000,µg/m3,2018-07-12 20:00:00 +01:00,2018-07-12 21:00:00 +01:00,1,1
GB,http://environment.data.gov.uk/air-quality/so,GB_Network_1,Station_GB1024A,,GB_SamplingPoint_74174,GB_StationProcess_918,GB_SamplingFeature_918,O3,http://dd.eionet.europa.eu/vocabulary/aq/pollutant/7,hour,65.8217800000,µg/m3,2018-07-12 21:00:00 +01:00,2018-07-12 22:00:00 +01:00,1,1
GB,http://environment.data.gov.uk/air-quality/so,GB_Network_1,Station_GB1024A,,GB_SamplingPoint_74174,GB_StationProcess_918,GB_SamplingFeature_918,O3,http://dd.eionet.europa.eu/vocabulary/aq/pollutant/7,hour,55.0145500000,µg/m3,2018-07-13 00:00:00 +01:00,2018-07-13 01:00:00 +01:00,1,1
GB,http://environment.data.gov.uk/air-quality/so,GB_Network_1,Station_GB1024A,,GB_SamplingPoint_74174,GB_StationProcess_918,GB_SamplingFeature_918,O3,http://dd.eionet.europa.eu/vocabulary/aq/pollutant/7,hour,59.8325900000,µg/m3,2018-07-13 01:00:00 +01:00,2018-07-13 02:00:00 +01:00,1,1
GB,http://environment.data.gov.uk/air-quality/so,GB_Network_1,Station_GB1024A,,GB_SamplingPoint_74174,GB_StationProcess_918,GB_SamplingFeature_918,O3,http://dd.eionet.europa.eu/vocabulary/aq/pollutant/7,hour,56.6156200000,µg/m3,2018-07-13 04:00:00 +01:00,2018-07-13 05:00:00 +01:00,1,1
GB,http://environment.data.gov.uk/air-quality/so,GB_Network_1,Station_GB1024A,,GB_SamplingPoint_74174,GB_StationProcess_918,GB_SamplingFeature_918,O3,http://dd.eionet.europa.eu/vocabulary/aq/pollutant/7,hour,46.5199900000,µg/m3,2018-07-13 08:00:00 +01:00,2018-07-13 09:00:00 +01:00,1,1
GB,http://environment.data.gov.uk/air-quality/so,GB_Network_1,Station_GB1024A,,GB_SamplingPoint_74174,GB_StationProcess_918,GB_SamplingFeature_918,O3,http://dd.eionet.europa.eu/vocabulary/aq/pollutant/7,hour,46.4310400000,µg/m3,2018-07-13 09:00:00 +01:00,2018-07-13 10:00:00 +01:00,1,1
GB,http://environment.data.gov.uk/air-quality/so,GB_Network_1,Station_GB1024A,,GB_SamplingPoint_74174,GB_StationProcess_918,GB_SamplingFeature_918,O3,http://dd.eionet.europa.eu/vocabulary/aq/pollutant/7,hour,43.3178500000,µg/m3,2018-07-13 10:00:00 +01:00,2018-07-13 11:00:00 +01:00,1,1
GB,http://environment.data.gov.uk/air-quality/so,GB_Network_1,Station_GB1024A,,GB_SamplingPoint_74174,GB_StationProcess_918,GB_SamplingFeature_918,O3,http://dd.eionet.europa.eu/vocabulary/aq/pollutant/7,hour,54.4808600000,µg/m3,2018-07-13 11:00:00 +01:00,2018-07-13 12:00:00 +01:00,1,1
GB,http://environment.data.gov.uk/air-quality/so,GB_Network_1,Station_GB1024A,,GB_SamplingPoint_74174,GB_StationProcess_918,GB_SamplingFeature_918,O3,http://dd.eionet.europa.eu/vocabulary/aq/pollutant/7,hour,77.2961200000,µg/m3,2018-07-13 13:00:00 +01:00,2018-07-13 14:00:00 +01:00,1,1
GB,http://environment.data.gov.uk/air-quality/so,GB_Network_1,Station_GB1024A,,GB_SamplingPoint_74174,GB_StationProcess_918,GB_SamplingFeature_918,O3,http://dd.eionet.europa.eu/vocabulary/aq/pollutant/7,hour,103.0021900000,µg/m3,2018-07-13 15:00:00 +01:00,2018-07-13 16:00:00 +01:00,1,1
GB,http://environment.data.gov.uk/air-quality/so,GB_Network_1,Station_GB1024A,,GB_SamplingPoint_74174,GB_StationProcess_918,GB_SamplingFeature_918,O3,http://dd.eionet.europa.eu/vocabulary/aq/pollutant/7,hour,104.6477300000,µg/m3,2018-07-13 17:00:00 +01:00,2018-07-13 18:00:00 +01:00,1,1
GB,http://environment.data.gov.uk/air-quality/so,GB_Network_1,Station_GB1024A,,GB_SamplingPoint_74174,GB_StationProcess_918,GB_SamplingFeature_918,O3,http://dd.eionet.europa.eu/vocabulary/aq/pollutant/7,hour,73.0266000000,µg/m3,2018-07-13 19:00:00 +01:00,2018-07-13 20:00:00 +01:00,1,1
GB,http://environment.data.gov.uk/air-quality/so,GB_Network_1,Station_GB1024A,,GB_SamplingPoint_74174,GB_StationProcess_918,GB_SamplingFeature_918,O3,http://dd.eionet.europa.eu/vocabulary/aq/pollutant/7,hour,39.4930700000,µg/m3,2018-07-13 20:00:00 +01:00,2018-07-13 21:00:00 +01:00,1,1
GB,http://environment.data.gov.uk/air-quality/so,GB_Network_1,Station_GB1024A,,GB_SamplingPoint_74174,GB_StationProcess_918,GB_SamplingFeature_918,O3,http://dd.eionet.europa.eu/vocabulary/aq/pollutant/7,hour,23.0376200000,µg/m3,2018-07-13 23:00:00 +01:00,2018-07-14 00:00:00 +01:00,1,1
GB,http://environment.data.gov.uk/air-quality/so,GB_Network_1,Station_GB1024A,,GB_SamplingPoint_74174,GB_StationProcess_918,GB_SamplingFeature_918,O3,http://dd.eionet.europa.eu/vocabulary/aq/pollutant/7,hour,15.2546400000,µg/m3,2018-07-14 00:00:00 +01:00,2018-07-14 01:00:00 +01:00,1,1
GB,http://environment.data.gov.uk/air-quality/so,GB_Network_1,Station_GB1024A,,GB_SamplingPoint_74174,GB_StationProcess_918,GB_SamplingFeature_918,O3,http://dd.eionet.europa.eu/vocabulary/aq/pollutant/7,hour,14.5282300000,µg/m3,2018-07-14 01:00:00 +01:00,2018-07-14 02:00:00 +01:00,1,1
GB,http://environment.data.gov.uk/air-quality/so,GB_Network_1,Station_GB1024A,,GB_SamplingPoint_74174,GB_StationProcess_918,GB_SamplingFeature_918,O3,http://dd.eionet.europa.eu/vocabulary/aq/pollutant/7,hour,10.3773100000,µg/m3,2018-07-14 02:00:00 +01:00,2018-07-14 03:00:00 +01:00,1,1
GB,http://environment.data.gov.uk/air-quality/so,GB_Network_1,Station_GB1024A,,GB_SamplingPoint_74174,GB_StationProcess_918,GB_SamplingFeature_918,O3,http://dd.eionet.europa.eu/vocabulary/aq/pollutant/7,hour,4.3140000000,µg/m3,2018-07-14 06:00:00 +01:00,2018-07-14 07:00:00 +01:00,2,1
GB,http://environment.data.gov.uk/air-quality/so,GB_Network_1,Station_GB1024A,,GB_SamplingPoint_74174,GB_StationProcess_918,GB_SamplingFeature_918,O3,http://dd.eionet.europa.eu/vocabulary/aq/pollutant/7,hour,25.6171300000,µg/m3,2018-07-14 07:00:00 +01:00,2018-07-14 08:00:00 +01:00,1,1
GB,http://environment.data.gov.uk/air-quality/so,GB_Network_1,Station_GB1024A,,GB_SamplingPoint_74174,GB_StationProcess_918,GB_SamplingFeature_918,O3,http://dd.eionet.europa.eu/vocabulary/aq/pollutant/7,hour,54.1250700000,µg/m3,2018-07-14 09:00:00 +01:00,2018-07-14 10:00:00 +01:00,1,1
GB,http://environment.data.gov.uk/air-quality/so,GB_Network_1,Station_GB1024A,,GB_SamplingPoint_74174,GB_StationProcess_918,GB_SamplingFeature_918,O3,http://dd.eionet.europa.eu/vocabulary/aq/pollutant/7,hour,77.7853300000,µg/m3,2018-07-14 11:00:00 +01:00,2018-07-14 12:00:00 +01:00,1,1
GB,http://environment.data.gov.uk/air-quality/so,GB_Network_1,Station_GB1024A,,GB_SamplingPoint_74174,GB_StationProcess_918,GB_SamplingFeature_918,O3,http://dd.eionet.europa.eu/vocabulary/aq/pollutant/7,hour,93.5291900000,µg/m3,2018-07-14 12:00:00 +01:00,2018-07-14 13:00:00 +01:00,1,1
GB,http://environment.data.gov.uk/air-quality/so,GB_Network_1,Station_GB1024A,,GB_SamplingPoint_74174,GB_StationProcess_918,GB_SamplingFeature_918,O3,http://dd.eionet.europa.eu/vocabulary/aq/pollutant/7,hour,107.4051300000,µg/m3,2018-07-14 13:00:00 +01:00,2018-07-14 14:00:00 +01:00,1,1
GB,http://environment.data.gov.uk/air-quality/so,GB_Network_1,Station_GB1024A,,GB_SamplingPoint_74174,GB_StationProcess_918,GB_SamplingFeature_918,O3,http://dd.eionet.europa.eu/vocabulary/aq/pollutant/7,hour,117.2784000000,µg/m3,2018-07-14 14:00:00 +01:00,2018-07-14 15:00:00 +01:00,1,1
GB,http://environment.data.gov.uk/air-quality/so,GB_Network_1,Station_GB1024A,,GB_SamplingPoint_74174,GB_StationProcess_918,GB_SamplingFeature_918,O3,http://dd.eionet.europa.eu/vocabulary/aq/pollutant/7,hour,129.3753700000,µg/m3,2018-07-14 16:00:00 +01:00,2018-07-14 17:00:00 +01:00,1,1
GB,http://environment.data.gov.uk/air-quality/so,GB_Network_1,Station_GB1024A,,GB_SamplingPoint_74174,GB_StationProcess_918,GB_SamplingFeature_918,O3,http://dd.eionet.europa.eu/vocabulary/aq/pollutant/7,hour,116.7002300000,µg/m3,2018-07-14 17:00:00 +01:00,2018-07-14 18:00:00 +01:00,1,1
GB,http://environment.data.gov.uk/air-quality/so,GB_Network_1,Station_GB1024A,,GB_SamplingPoint_74174,GB_StationProcess_918,GB_SamplingFeature_918,O3,http://dd.eionet.europa.eu/vocabulary/aq/pollutant/7,hour,110.3849000000,µg/m3,2018-07-14 18:00:00 +01:00,2018-07-14 19:00:00 +01:00,1,1
GB,http://environment.data.gov.uk/air-quality/so,GB_Network_1,Station_GB1024A,,GB_SamplingPoint_74174,GB_StationProcess_918,GB_SamplingFeature_918,O3,http://dd.eionet.europa.eu/vocabulary/aq/pollutant/7,hour,99.9334700000,µg/m3,2018-07-14 21:00:00 +01:00,2018-07-14 22:00:00 +01:00,1,1
GB,http://environment.data.gov.uk/air-quality/so,GB_Network_1,Station_GB1024A,,GB_SamplingPoint_74174,GB_StationProcess_918,GB_SamplingFeature_918,O3,http://dd.eionet.europa.eu/vocabulary/aq/pollutant/7,hour,78.8527100000,µg/m3,2018-07-14 23:00:00 +01:00,2018-07-15 00:00:00 +01:00,1,1
GB,http://environment.data.gov.uk/air-quality/so,GB_Network_1,Station_GB1024A,,GB_SamplingPoint_74174,GB_StationProcess_918,GB_SamplingFeature_918,O3,http://dd.eionet.europa.eu/vocabulary/aq/pollutant/7,hour,30.9540300000,µg/m3,2018-07-15 01:00:00 +01:00,2018-07-15 02:00:00 +01:00,1,1
GB,http://environment.data.gov.uk/air-quality/so,GB_Network_1,Station_GB1024A,,GB_SamplingPoint_74174,GB_StationProcess_918,GB_SamplingFeature_918,O3,http://dd.eionet.europa.eu/vocabulary/aq/pollutant/7,hour,14.7061300000,µg/m3,2018-07-15 02:00:00 +01:00,2018-07-15 03:00:00 +01:00,1,1
GB,http://environment.data.gov.uk/air-quality/so,GB_Network_1,Station_GB1024A,,GB_SamplingPoint_74174,GB_StationProcess_918,GB_SamplingFeature_918,O3,http://dd.eionet.europa.eu/vocabulary/aq/pollutant/7,hour,10.5403800000,µg/m3,2018-07-15 03:00:00 +01:00,2018-07-15 04:00:00 +01:00,1,1
GB,http://environment.data.gov.uk/air-quality/so,GB_Network_1,Station_GB1024A,,GB_SamplingPoint_74174,GB_StationProcess_918,GB_SamplingFeature_918,O3,http://dd.eionet.europa.eu/vocabulary/aq/pollutant/7,hour,10.8961700000,µg/m3,2018-07-15 04:00:00 +01:00,2018-07-15 05:00:00 +01:00,1,1
GB,http://environment.data.gov.uk/air-quality/so,GB_Network_1,Station_GB1024A,,GB_SamplingPoint_74174,GB_StationProcess_918,GB_SamplingFeature_918,O3,http://dd.eionet.europa.eu/vocabulary/aq/pollutant/7,hour,21.8812900000,µg/m3,2018-07-15 05:00:00 +01:00,2018-07-15 06:00:00 +01:00,1,1
GB,http://environment.data.gov.uk/air-quality/so,GB_Network_1,Station_GB1024A,,GB_SamplingPoint_74174,GB_StationProcess_918,GB_SamplingFeature_918,O3,http://dd.eionet.europa.eu/vocabulary/aq/pollutant/7,hour,27.9742600000,µg/m3,2018-07-15 06:00:00 +01:00,2018-07-15 07:00:00 +01:00,1,1
GB,http://environment.data.gov.uk/air-quality/so,GB_Network_1,Station_GB1024A,,GB_SamplingPoint_74174,GB_StationProcess_918,GB_SamplingFeature_918,O3,http://dd.eionet.europa.eu/vocabulary/aq/pollutant/7,hour,54.4808600000,µg/m3,2018-07-15 08:00:00 +01:00,2018-07-15 09:00:00 +01:00,1,1
GB,http://environment.data.gov.uk/air-quality/so,GB_Network_1,Station_GB1024A,,GB_SamplingPoint_74174,GB_StationProcess_918,GB_SamplingFeature_918,O3,http://dd.eionet.europa.eu/vocabulary/aq/pollutant/7,hour,72.2260600000,µg/m3,2018-07-15 09:00:00 +01:00,2018-07-15 10:00:00 +01:00,1,1
GB,http://environment.data.gov.uk/air-quality/so,GB_Network_1,Station_GB1024A,,GB_SamplingPoint_74174,GB_StationProcess_918,GB_SamplingFeature_918,O3,http://dd.eionet.europa.eu/vocabulary/aq/pollutant/7,hour,107.4051300000,µg/m3,2018-07-15 12:00:00 +01:00,2018-07-15 13:00:00 +01:00,1,1
GB,http://environment.data.gov.uk/air-quality/so,GB_Network_1,Station_GB1024A,,GB_SamplingPoint_74174,GB_StationProcess_918,GB_SamplingFeature_918,O3,http://dd.eionet.europa.eu/vocabulary/aq/pollutant/7,hour,120.7473800000,µg/m3,2018-07-15 13:00:00 +01:00,2018-07-15 14:00:00 +01:00,1,1
GB,http://environment.data.gov.uk/air-quality/so,GB_Network_1,Station_GB1024A,,GB_SamplingPoint_74174,GB_StationProcess_918,GB_SamplingFeature_918,O3,http://dd.eionet.europa.eu/vocabulary/aq/pollutant/7,hour,124.9279600000,µg/m3,2018-07-15 14:00:00 +01:00,2018-07-15 15:00:00 +01:00,1,1
GB,http://environment.data.gov.uk/air-quality/so,GB_Network_1,Station_GB1024A,,GB_SamplingPoint_74174,GB_StationProcess_918,GB_SamplingFeature_918,O3,http://dd.eionet.europa.eu/vocabulary/aq/pollutant/7,hour,131.2432900000,µg/m3,2018-07-15 15:00:00 +01:00,2018-07-15 16:00:00 +01:00,1,1
GB,http://environment.data.gov.uk/air-quality/so,GB_Network_1,Station_GB1024A,,GB_SamplingPoint_74174,GB_StationProcess_918,GB_SamplingFeature_918,O3,http://dd.eionet.europa.eu/vocabulary/aq/pollutant/7,hour,138.8039000000,µg/m3,2018-07-15 16:00:00 +01:00,2018-07-15 17:00:00 +01:00,1,1
GB,http://environment.data.gov.uk/air-quality/so,GB_Network_1,Station_GB1024A,,GB_SamplingPoint_74174,GB_StationProcess_918,GB_SamplingFeature_918,O3,http://dd.eionet.europa.eu/vocabulary/aq/pollutant/7,hour,137.9144200000,µg/m3,2018-07-15 17:00:00 +01:00,2018-07-15 18:00:00 +01:00,1,1
GB,http://environment.data.gov.uk/air-quality/so,GB_Network_1,Station_GB1024A,,GB_SamplingPoint_74174,GB_StationProcess_918,GB_SamplingFeature_918,O3,http://dd.eionet.europa.eu/vocabulary/aq/pollutant/7,hour,129.6866900000,µg/m3,2018-07-15 18:00:00 +01:00,2018-07-15 19:00:00 +01:00,1,1
GB,http://environment.data.gov.uk/air-quality/so,GB_Network_1,Station_GB1024A,,GB_SamplingPoint_74174,GB_StationProcess_918,GB_SamplingFeature_918,O3,http://dd.eionet.europa.eu/vocabulary/aq/pollutant/7,hour,118.9239400000,µg/m3,2018-07-15 19:00:00 +01:00,2018-07-15 20:00:00 +01:00,1,1
GB,http://environment.data.gov.uk/air-quality/so,GB_Network_1,Station_GB1024A,,GB_SamplingPoint_74174,GB_StationProcess_918,GB_SamplingFeature_918,O3,http://dd.eionet.europa.eu/vocabulary/aq/pollutant/7,hour,102.4685000000,µg/m3,2018-07-15 20:00:00 +01:00,2018-07-15 21:00:00 +01:00,1,1
GB,http://environment.data.gov.uk/air-quality/so,GB_Network_1,Station_GB1024A,,GB_SamplingPoint_74174,GB_StationProcess_918,GB_SamplingFeature_918,O3,http://dd.eionet.europa.eu/vocabulary/aq/pollutant/7,hour,92.9510300000,µg/m3,2018-07-15 21:00:00 +01:00,2018-07-15 22:00:00 +01:00,1,1
GB,http://environment.data.gov.uk/air-quality/so,GB_Network_1,Station_GB1024A,,GB_SamplingPoint_74174,GB_StationProcess_918,GB_SamplingFeature_918,O3,http://dd.eionet.europa.eu/vocabulary/aq/pollutant/7,hour,82.4106500000,µg/m3,2018-07-15 22:00:00 +01:00,2018-07-15 23:00:00 +01:00,1,1
GB,http://environment.data.gov.uk/air-quality/so,GB_Network_1,Station_GB1024A,,GB_SamplingPoint_74174,GB_StationProcess_918,GB_SamplingFeature_918,O3,http://dd.eionet.europa.eu/vocabulary/aq/pollutant/7,hour,66.3109900000,µg/m3,2018-07-15 23:00:00 +01:00,2018-07-16 00:00:00 +01:00,1,1
GB,http://environment.data.gov.uk/air-quality/so,GB_Network_1,Station_GB1024A,,GB_SamplingPoint_74174,GB_StationProcess_918,GB_SamplingFeature_918,O3,http://dd.eionet.europa.eu/vocabulary/aq/pollutant/7,hour,70.5805200000,µg/m3,2018-07-16 00:00:00 +01:00,2018-07-16 01:00:00 +01:00,1,1
GB,http://environment.data.gov.uk/air-quality/so,GB_Network_1,Station_GB1024A,,GB_SamplingPoint_74174,GB_StationProcess_918,GB_SamplingFeature_918,O3,http://dd.eionet.europa.eu/vocabulary/aq/pollutant/7,hour,77.3257700000,µg/m3,2018-07-16 01:00:00 +01:00,2018-07-16 02:00:00 +01:00,1,1
GB,http://environment.data.gov.uk/air-quality/so,GB_Network_1,Station_GB1024A,,GB_SamplingPoint_74174,GB_StationProcess_918,GB_SamplingFeature_918,O3,http://dd.eionet.europa.eu/vocabulary/aq/pollutant/7,hour,48.5065000000,µg/m3,2018-07-16 02:00:00 +01:00,2018-07-16 03:00:00 +01:00,1,1
GB,http://environment.data.gov.uk/air-quality/so,GB_Network_1,Station_GB1024A,,GB_SamplingPoint_74174,GB_StationProcess_918,GB_SamplingFeature_918,O3,http://dd.eionet.europa.eu/vocabulary/aq/pollutant/7,hour,40.5604500000,µg/m3,2018-07-16 03:00:00 +01:00,2018-07-16 04:00:00 +01:00,1,1
GB,http://environment.data.gov.uk/air-quality/so,GB_Network_1,Station_GB1024A,,GB_SamplingPoint_74174,GB_StationProcess_918,GB_SamplingFeature_918,O3,http://dd.eionet.europa.eu/vocabulary/aq/pollutant/7,hour,32.3772000000,µg/m3,2018-07-16 04:00:00 +01:00,2018-07-16 05:00:00 +01:00,1,1
GB,http://environment.data.gov.uk/air-quality/so,GB_Network_1,Station_GB1024A,,GB_SamplingPoint_74174,GB_StationProcess_918,GB_SamplingFeature_918,O3,http://dd.eionet.europa.eu/vocabulary/aq/pollutant/7,hour,26.3731900000,µg/m3,2018-07-16 06:00:00 +01:00,2018-07-16 07:00:00 +01:00,1,1
GB,http://environment.data.gov.uk/air-quality/so,GB_Network_1,Station_GB1024A,,GB_SamplingPoint_74174,GB_StationProcess_918,GB_SamplingFeature_918,O3,http://dd.eionet.europa.eu/vocabulary/aq/pollutant/7,hour,49.9889700000,µg/m3,2018-07-16 08:00:00 +01:00,2018-07-16 09:00:00 +01:00,1,1
GB,http://environment.data.gov.uk/air-quality/so,GB_Network_1,Station_GB1024A,,GB_SamplingPoint_74174,GB_StationProcess_918,GB_SamplingFeature_918,O3,http://dd.eionet.europa.eu/vocabulary/aq/pollutant/7,hour,67.6007500000,µg/m3,2018-07-16 09:00:00 +01:00,2018-07-16 10:00:00 +01:00,1,1
GB,http://environment.data.gov.uk/air-quality/so,GB_Network_1,Station_GB1024A,,GB_SamplingPoint_74174,GB_StationProcess_918,GB_SamplingFeature_918,O3,http://dd.eionet.europa.eu/vocabulary/aq/pollutant/7,hour,80.4093100000,µg/m3,2018-07-16 10:00:00 +01:00,2018-07-16 11:00:00 +01:00,1,1
GB,http://environment.data.gov.uk/air-quality/so,GB_Network_1,Station_GB1024A,,GB_SamplingPoint_74174,GB_StationProcess_918,GB_SamplingFeature_918,O3,http://dd.eionet.europa.eu/vocabulary/aq/pollutant/7,hour,92.9955000000,µg/m3,2018-07-16 11:00:00 +01:00,2018-07-16 12:00:00 +01:00,1,1
GB,http://environment.data.gov.uk/air-quality/so,GB_Network_1,Station_GB1024A,,GB_SamplingPoint_74174,GB_StationProcess_918,GB_SamplingFeature_918,O3,http://dd.eionet.europa.eu/vocabulary/aq/pollutant/7,hour,98.8660900000,µg/m3,2018-07-16 12:00:00 +01:00,2018-07-16 13:00:00 +01:00,1,1
GB,http://environment.data.gov.uk/air-quality/so,GB_Network_1,Station_GB1024A,,GB_SamplingPoint_74174,GB_StationProcess_918,GB_SamplingFeature_918,O3,http://dd.eionet.europa.eu/vocabulary/aq/pollutant/7,hour,120.2136900000,µg/m3,2018-07-16 14:00:00 +01:00,2018-07-16 15:00:00 +01:00,1,1
GB,http://environment.data.gov.uk/air-quality/so,GB_Network_1,Station_GB1024A,,GB_SamplingPoint_74174,GB_StationProcess_918,GB_SamplingFeature_918,O3,http://dd.eionet.europa.eu/vocabulary/aq/pollutant/7,hour,122.8821400000,µg/m3,2018-07-16 15:00:00 +01:00,2018-07-16 16:00:00 +01:00,1,1
GB,http://environment.data.gov.uk/air-quality/so,GB_Network_1,Station_GB1024A,,GB_SamplingPoint_74174,GB_StationProcess_918,GB_SamplingFeature_918,O3,http://dd.eionet.europa.eu/vocabulary/aq/pollutant/7,hour,103.7582500000,µg/m3,2018-07-16 17:00:00 +01:00,2018-07-16 18:00:00 +01:00,1,1
GB,http://environment.data.gov.uk/air-quality/so,GB_Network_1,Station_GB1024A,,GB_SamplingPoint_74174,GB_StationProcess_918,GB_SamplingFeature_918,O3,http://dd.eionet.europa.eu/vocabulary/aq/pollutant/7,hour,111.2743900000,µg/m3,2018-07-16 18:00:00 +01:00,2018-07-16 19:00:00 +01:00,1,1
GB,http://environment.data.gov.uk/air-quality/so,GB_Network_1,Station_GB1024A,,GB_SamplingPoint_74174,GB_StationProcess_918,GB_SamplingFeature_918,O3,http://dd.eionet.europa.eu/vocabulary/aq/pollutant/7,hour,121.6368700000,µg/m3,2018-07-16 19:00:00 +01:00,2018-07-16 20:00:00 +01:00,1,1
GB,http://environment.data.gov.uk/air-quality/so,GB_Network_1,Station_GB1024A,,GB_SamplingPoint_74174,GB_StationProcess_918,GB_SamplingFeature_918,O3,http://dd.eionet.europa.eu/vocabulary/aq/pollutant/7,hour,108.9172500000,µg/m3,2018-07-16 20:00:00 +01:00,2018-07-16 21:00:00 +01:00,1,1
GB,http://environment.data.gov.uk/air-quality/so,GB_Network_1,Station_GB1024A,,GB_SamplingPoint_74174,GB_StationProcess_918,GB_SamplingFeature_918,O3,http://dd.eionet.europa.eu/vocabulary/aq/pollutant/7,hour,92.2394400000,µg/m3,2018-07-16 21:00:00 +01:00,2018-07-16 22:00:00 +01:00,1,1
GB,http://environment.data.gov.uk/air-quality/so,GB_Network_1,Station_GB1024A,,GB_SamplingPoint_74174,GB_StationProcess_918,GB_SamplingFeature_918,O3,http://dd.eionet.europa.eu/vocabulary/aq/pollutant/7,hour,77.0737400000,µg/m3,2018-07-16 22:00:00 +01:00,2018-07-16 23:00:00 +01:00,1,1
GB,http://environment.data.gov.uk/air-quality/so,GB_Network_1,Station_GB1024A,,GB_SamplingPoint_74174,GB_StationProcess_918,GB_SamplingFeature_918,O3,http://dd.eionet.europa.eu/vocabulary/aq/pollutant/7,hour,61.9080500000,µg/m3,2018-07-16 23:00:00 +01:00,2018-07-17 00:00:00 +01:00,1,1
GB,http://environment.data.gov.uk/air-quality/so,GB_Network_1,Station_GB1024A,,GB_SamplingPoint_74174,GB_StationProcess_918,GB_SamplingFeature_918,O3,http://dd.eionet.europa.eu/vocabulary/aq/pollutant/7,hour,63.2422800000,µg/m3,2018-07-17 00:00:00 +01:00,2018-07-17 01:00:00 +01:00,1,1
GB,http://environment.data.gov.uk/air-quality/so,GB_Network_1,Station_GB1024A,,GB_SamplingPoint_74174,GB_StationProcess_918,GB_SamplingFeature_918,O3,http://dd.eionet.europa.eu/vocabulary/aq/pollutant/7,hour,68.1937300000,µg/m3,2018-07-17 01:00:00 +01:00,2018-07-17 02:00:00 +01:00,1,1
GB,http://environment.data.gov.uk/air-quality/so,GB_Network_1,Station_GB1024A,,GB_SamplingPoint_74174,GB_StationProcess_918,GB_SamplingFeature_918,O3,http://dd.eionet.europa.eu/vocabulary/aq/pollutant/7,hour,58.9727600000,µg/m3,2018-07-17 03:00:00 +01:00,2018-07-17 04:00:00 +01:00,1,1
GB,http://environment.data.gov.uk/air-quality/so,GB_Network_1,Station_GB1024A,,GB_SamplingPoint_74174,GB_StationProcess_918,GB_SamplingFeature_918,O3,http://dd.eionet.europa.eu/vocabulary/aq/pollutant/7,hour,52.9242700000,µg/m3,2018-07-17 05:00:00 +01:00,2018-07-17 06:00:00 +01:00,1,1
GB,http://environment.data.gov.uk/air-quality/so,GB_Network_1,Station_GB1024A,,GB_SamplingPoint_74174,GB_StationProcess_918,GB_SamplingFeature_918,O3,http://dd.eionet.europa.eu/vocabulary/aq/pollutant/7,hour,44.7854900000,µg/m3,2018-07-17 07:00:00 +01:00,2018-07-17 08:00:00 +01:00,1,1
GB,http://environment.data.gov.uk/air-quality/so,GB_Network_1,Station_GB1024A,,GB_SamplingPoint_74174,GB_StationProcess_918,GB_SamplingFeature_918,O3,http://dd.eionet.europa.eu/vocabulary/aq/pollutant/7,hour,60.5738300000,µg/m3,2018-07-17 12:00:00 +01:00,2018-07-17 13:00:00 +01:00,1,1
GB,http://environment.data.gov.uk/air-quality/so,GB_Network_1,Station_GB1024A,,GB_SamplingPoint_74174,GB_StationProcess_918,GB_SamplingFeature_918,O3,http://dd.eionet.europa.eu/vocabulary/aq/pollutant/7,hour,62.9754300000,µg/m3,2018-07-17 14:00:00 +01:00,2018-07-17 15:00:00 +01:00,1,1
GB,http://environment.data.gov.uk/air-quality/so,GB_Network_1,Station_GB1024A,,GB_SamplingPoint_74174,GB_StationProcess_918,GB_SamplingFeature_918,O3,http://dd.eionet.europa.eu/vocabulary/aq/pollutant/7,hour,66.5333700000,µg/m3,2018-07-17 16:00:00 +01:00,2018-07-17 17:00:00 +01:00,1,1
GB,http://environment.data.gov.uk/air-quality/so,GB_Network_1,Station_GB1024A,,GB_SamplingPoint_74174,GB_StationProcess_918,GB_SamplingFeature_918,O3,http://dd.eionet.europa.eu/vocabulary/aq/pollutant/7,hour,60.8851500000,µg/m3,2018-07-17 18:00:00 +01:00,2018-07-17 19:00:00 +01:00,1,1
GB,http://environment.data.gov.uk/air-quality/so,GB_Network_1,Station_GB1024A,,GB_SamplingPoint_74174,GB_StationProcess_918,GB_SamplingFeature_918,O3,http://dd.eionet.europa.eu/vocabulary/aq/pollutant/7,hour,61.4633100000,µg/m3,2018-07-17 19:00:00 +01:00,2018-07-17 20:00:00 +01:00,1,1
GB,http://environment.data.gov.uk/air-quality/so,GB_Network_1,Station_GB1024A,,GB_SamplingPoint_74174,GB_StationProcess_918,GB_SamplingFeature_918,O3,http://dd.eionet.europa.eu/vocabulary/aq/pollutant/7,hour,56.6156200000,µg/m3,2018-07-17 20:00:00 +01:00,2018-07-17 21:00:00 +01:00,1,1
GB,http://environment.data.gov.uk/air-quality/so,GB_Network_1,Station_GB1024A,,GB_SamplingPoint_74174,GB_StationProcess_918,GB_SamplingFeature_918,O3,http://dd.eionet.europa.eu/vocabulary/aq/pollutant/7,hour,50.5671400000,µg/m3,2018-07-17 21:00:00 +01:00,2018-07-17 22:00:00 +01:00,1,1
GB,http://environment.data.gov.uk/air-quality/so,GB_Network_1,Station_GB1024A,,GB_SamplingPoint_74174,GB_StationProcess_918,GB_SamplingFeature_918,O3,http://dd.eionet.europa.eu/vocabulary/aq/pollutant/7,hour,44.8744400000,µg/m3,2018-07-17 22:00:00 +01:00,2018-07-17 23:00:00 +01:00,1,1
GB,http://environment.data.gov.uk/air-quality/so,GB_Network_1,Station_GB1024A,,GB_SamplingPoint_74174,GB_StationProcess_918,GB_SamplingFeature_918,O3,http://dd.eionet.europa.eu/vocabulary/aq/pollutant/7,hour,32.3772000000,µg/m3,2018-07-18 00:00:00 +01:00,2018-07-18 01:00:00 +01:00,1,1
GB,http://environment.data.gov.uk/air-quality/so,GB_Network_1,Station_GB1024A,,GB_SamplingPoint_74174,GB_StationProcess_918,GB_SamplingFeature_918,O3,http://dd.eionet.europa.eu/vocabulary/aq/pollutant/7,hour,35.0456500000,µg/m3,2018-07-18 01:00:00 +01:00,2018-07-18 02:00:00 +01:00,1,1
GB,http://environment.data.gov.uk/air-quality/so,GB_Network_1,Station_GB1024A,,GB_SamplingPoint_74174,GB_StationProcess_918,GB_SamplingFeature_918,O3,http://dd.eionet.europa.eu/vocabulary/aq/pollutant/7,hour,43.1103000000,µg/m3,2018-07-18 02:00:00 +01:00,2018-07-18 03:00:00 +01:00,1,1
GB,http://environment.data.gov.uk/air-quality/so,GB_Network_1,Station_GB1024A,,GB_SamplingPoint_74174,GB_StationProcess_918,GB_SamplingFeature_918,O3,http://dd.eionet.europa.eu/vocabulary/aq/pollutant/7,hour,38.4256900000,µg/m3,2018-07-18 03:00:00 +01:00,2018-07-18 04:00:00 +01:00,1,1
GB,http://environment.data.gov.uk/air-quality/so,GB_Network_1,Station_GB1024A,,GB_SamplingPoint_74174,GB_StationProcess_918,GB_SamplingFeature_918,O3,http://dd.eionet.europa.eu/vocabulary/aq/pollutant/7,hour,23.7492100000,µg/m3,2018-07-18 05:00:00 +01:00,2018-07-18 06:00:00 +01:00,1,1
GB,http://environment.data.gov.uk/air-quality/so,GB_Network_1,Station_GB1024A,,GB_SamplingPoint_74174,GB_StationProcess_918,GB_SamplingFeature_918,O3,http://dd.eionet.europa.eu/vocabulary/aq/pollutant/7,hour,28.2855800000,µg/m3,2018-07-18 07:00:00 +01:00,2018-07-18 08:00:00 +01:00,1,1
GB,http://environment.data.gov.uk/air-quality/so,GB_Network_1,Station_GB1024A,,GB_SamplingPoint_74174,GB_StationProcess_918,GB_SamplingFeature_918,O3,http://dd.eionet.europa.eu/vocabulary/aq/pollutant/7,hour,39.0038500000,µg/m3,2018-07-18 09:00:00 +01:00,2018-07-18 10:00:00 +01:00,1,1
GB,http://environment.data.gov.uk/air-quality/so,GB_Network_1,Station_GB1024A,,GB_SamplingPoint_74174,GB_StationProcess_918,GB_SamplingFeature_918,O3,http://dd.eionet.europa.eu/vocabulary/aq/pollutant/7,hour,45.4526100000,µg/m3,2018-07-18 10:00:00 +01:00,2018-07-18 11:00:00 +01:00,1,1
GB,http://environment.data.gov.uk/air-quality/so,GB_Network_1,Station_GB1024A,,GB_SamplingPoint_74174,GB_StationProcess_918,GB_SamplingFeature_918,O3,http://dd.eionet.europa.eu/vocabulary/aq/pollutant/7,hour,50.7895100000,µg/m3,2018-07-18 11:00:00 +01:00,2018-07-18 12:00:00 +01:00,1,1
GB,http://environment.data.gov.uk/air-quality/so,GB_Network_1,Station_GB1024A,,GB_SamplingPoint_74174,GB_StationProcess_918,GB_SamplingFeature_918,O3,http://dd.eionet.europa.eu/vocabulary/aq/pollutant/7,hour,61.2409400000,µg/m3,2018-07-18 12:00:00 +01:00,2018-07-18 13:00:00 +01:00,1,1
GB,http://environment.data.gov.uk/air-quality/so,GB_Network_1,Station_GB1024A,,GB_SamplingPoint_74174,GB_StationProcess_918,GB_SamplingFeature_918,O3,http://dd.eionet.europa.eu/vocabulary/aq/pollutant/7,hour,65.2436100000,µg/m3,2018-07-18 13:00:00 +01:00,2018-07-18 14:00:00 +01:00,1,1
GB,http://environment.data.gov.uk/air-quality/so,GB_Network_1,Station_GB1024A,,GB_SamplingPoint_74174,GB_StationProcess_918,GB_SamplingFeature_918,O3,http://dd.eionet.europa.eu/vocabulary/aq/pollutant/7,hour,89.0373000000,µg/m3,2018-07-18 17:00:00 +01:00,2018-07-18 18:00:00 +01:00,1,1
GB,http://environment.data.gov.uk/air-quality/so,GB_Network_1,Station_GB1024A,,GB_SamplingPoint_74174,GB_StationProcess_918,GB_SamplingFeature_918,O3,http://dd.eionet.europa.eu/vocabulary/aq/pollutant/7,hour,89.9712600000,µg/m3,2018-07-18 18:00:00 +01:00,2018-07-18 19:00:00 +01:00,1,1
GB,http://environment.data.gov.uk/air-quality/so,GB_Network_1,Station_GB1024A,,GB_SamplingPoint_74174,GB_StationProcess_918,GB_SamplingFeature_918,O3,http://dd.eionet.europa.eu/vocabulary/aq/pollutant/7,hour,85.4793600000,µg/m3,2018-07-18 19:00:00 +01:00,2018-07-18 20:00:00 +01:00,1,1
GB,http://environment.data.gov.uk/air-quality/so,GB_Network_1,Station_GB1024A,,GB_SamplingPoint_74174,GB_StationProcess_918,GB_SamplingFeature_918,O3,http://dd.eionet.europa.eu/vocabulary/aq/pollutant/7,hour,78.0521800000,µg/m3,2018-07-18 20:00:00 +01:00,2018-07-18 21:00:00 +01:00,1,1
GB,http://environment.data.gov.uk/air-quality/so,GB_Network_1,Station_GB1024A,,GB_SamplingPoint_74174,GB_StationProcess_918,GB_SamplingFeature_918,O3,http://dd.eionet.europa.eu/vocabulary/aq/pollutant/7,hour,21.0807600000,µg/m3,2018-07-19 00:00:00 +01:00,2018-07-19 01:00:00 +01:00,1,1
GB,http://environment.data.gov.uk/air-quality/so,GB_Network_1,Station_GB1024A,,GB_SamplingPoint_74174,GB_StationProcess_918,GB_SamplingFeature_918,O3,http://dd.eionet.europa.eu/vocabulary/aq/pollutant/7,hour,5.5148000000,µg/m3,2018-07-19 01:00:00 +01:00,2018-07-19 02:00:00 +01:00,2,1
GB,http://environment.data.gov.uk/air-quality/so,GB_Network_1,Station_GB1024A,,GB_SamplingPoint_74174,GB_StationProcess_918,GB_SamplingFeature_918,O3,http://dd.eionet.europa.eu/vocabulary/aq/pollutant/7,hour,6.9972700000,µg/m3,2018-07-19 02:00:00 +01:00,2018-07-19 03:00:00 +01:00,1,1
GB,http://environment.data.gov.uk/air-quality/so,GB_Network_1,Station_GB1024A,,GB_SamplingPoint_74174,GB_StationProcess_918,GB_SamplingFeature_918,O3,http://dd.eionet.europa.eu/vocabulary/aq/pollutant/7,hour,3.4245100000,µg/m3,2018-07-19 03:00:00 +01:00,2018-07-19 04:00:00 +01:00,2,1
GB,http://environment.data.gov.uk/air-quality/so,GB_Network_1,Station_GB1024A,,GB_SamplingPoint_74174,GB_StationProcess_918,GB_SamplingFeature_918,O3,http://dd.eionet.europa.eu/vocabulary/aq/pollutant/7,hour,3.2466200000,µg/m3,2018-07-19 04:00:00 +01:00,2018-07-19 05:00:00 +01:00,2,1
GB,http://environment.data.gov.uk/air-quality/so,GB_Network_1,Station_GB1024A,,GB_SamplingPoint_74174,GB_StationProcess_918,GB_SamplingFeature_918,O3,http://dd.eionet.europa.eu/vocabulary/aq/pollutant/7,hour,4.7142600000,µg/m3,2018-07-19 07:00:00 +01:00,2018-07-19 08:00:00 +01:00,2,1
GB,http://environment.data.gov.uk/air-quality/so,GB_Network_1,Station_GB1024A,,GB_SamplingPoint_74174,GB_StationProcess_918,GB_SamplingFeature_918,O3,http://dd.eionet.europa.eu/vocabulary/aq/pollutant/7,hour,65.0212400000,µg/m3,2018-07-19 11:00:00 +01:00,2018-07-19 12:00:00 +01:00,1,1
GB,http://environment.data.gov.uk/air-quality/so,GB_Network_1,Station_GB1024A,,GB_SamplingPoint_74174,GB_StationProcess_918,GB_SamplingFeature_918,O3,http://dd.eionet.europa.eu/vocabulary/aq/pollutant/7,hour,77.4740100000,µg/m3,2018-07-19 12:00:00 +01:00,2018-07-19 13:00:00 +01:00,1,1
GB,http://environment.data.gov.uk/air-quality/so,GB_Network_1,Station_GB1024A,,GB_SamplingPoint_74174,GB_StationProcess_918,GB_SamplingFeature_918,O3,http://dd.eionet.europa.eu/vocabulary/aq/pollutant/7,hour,99.5776800000,µg/m3,2018-07-19 14:00:00 +01:00,2018-07-19 15:00:00 +01:00,1,1
GB,http://environment.data.gov.uk/air-quality/so,GB_Network_1,Station_GB1024A,,GB_SamplingPoint_74174,GB_StationProcess_918,GB_SamplingFeature_918,O3,http://dd.eionet.europa.eu/vocabulary/aq/pollutant/7,hour,100.8229500000,µg/m3,2018-07-19 15:00:00 +01:00,2018-07-19 16:00:00 +01:00,1,1
GB,http://environment.data.gov.uk/air-quality/so,GB_Network_1,Station_GB1024A,,GB_SamplingPoint_74174,GB_StationProcess_918,GB_SamplingFeature_918,O3,http://dd.eionet.europa.eu/vocabulary/aq/pollutant/7,hour,94.0184100000,µg/m3,2018-07-19 17:00:00 +01:00,2018-07-19 18:00:00 +01:00,1,1
GB,http://environment.data.gov.uk/air-quality/so,GB_Network_1,Station_GB1024A,,GB_SamplingPoint_74174,GB_StationProcess_918,GB_SamplingFeature_918,O3,http://dd.eionet.europa.eu/vocabulary/aq/pollutant/7,hour,81.5656400000,µg/m3,2018-07-19 19:00:00 +01:00,2018-07-19 20:00:00 +01:00,1,1
GB,http://environment.data.gov.uk/air-quality/so,GB_Network_1,Station_GB1024A,,GB_SamplingPoint_74174,GB_StationProcess_918,GB_SamplingFeature_918,O3,http://dd.eionet.europa.eu/vocabulary/aq/pollutant/7,hour,74.8055600000,µg/m3,2018-07-19 20:00:00 +01:00,2018-07-19 21:00:00 +01:00,1,1
GB,http://environment.data.gov.uk/air-quality/so,GB_Network_1,Station_GB1024A,,GB_SamplingPoint_74174,GB_StationProcess_918,GB_SamplingFeature_918,O3,http://dd.eionet.europa.eu/vocabulary/aq/pollutant/7,hour,62.5306900000,µg/m3,2018-07-19 21:00:00 +01:00,2018-07-19 22:00:00 +01:00,1,1
GB,http://environment.data.gov.uk/air-quality/so,GB_Network_1,Station_GB1024A,,GB_SamplingPoint_74174,GB_StationProcess_918,GB_SamplingFeature_918,O3,http://dd.eionet.europa.eu/vocabulary/aq/pollutant/7,hour,42.8731000000,µg/m3,2018-07-19 22:00:00 +01:00,2018-07-19 23:00:00 +01:00,1,1
GB,http://environment.data.gov.uk/air-quality/so,GB_Network_1,Station_GB1024A,,GB_SamplingPoint_74174,GB_StationProcess_918,GB_SamplingFeature_918,O3,http://dd.eionet.europa.eu/vocabulary/aq/pollutant/7,hour,26.8179300000,µg/m3,2018-07-19 23:00:00 +01:00,2018-07-20 00:00:00 +01:00,1,1
GB,http://environment.data.gov.uk/air-quality/so,GB_Network_1,Station_GB1024A,,GB_SamplingPoint_74174,GB_StationProcess_918,GB_SamplingFeature_918,O3,http://dd.eionet.europa.eu/vocabulary/aq/pollutant/7,hour,38.1143700000,µg/m3,2018-07-20 00:00:00 +01:00,2018-07-20 01:00:00 +01:00,1,1
GB,http://environment.data.gov.uk/air-quality/so,GB_Network_1,Station_GB1024A,,GB_SamplingPoint_74174,GB_StationProcess_918,GB_SamplingFeature_918,O3,http://dd.eionet.europa.eu/vocabulary/aq/pollutant/7,hour,31.0726200000,µg/m3,2018-07-20 01:00:00 +01:00,2018-07-20 02:00:00 +01:00,1,1
GB,http://environment.data.gov.uk/air-quality/so,GB_Network_1,Station_GB1024A,,GB_SamplingPoint_74174,GB_StationProcess_918,GB_SamplingFeature_918,O3,http://dd.eionet.europa.eu/vocabulary/aq/pollutant/7,hour,13.9204200000,µg/m3,2018-07-20 04:00:00 +01:00,2018-07-20 05:00:00 +01:00,1,1
GB,http://environment.data.gov.uk/air-quality/so,GB_Network_1,Station_GB1024A,,GB_SamplingPoint_74174,GB_StationProcess_918,GB_SamplingFeature_918,O3,http://dd.eionet.europa.eu/vocabulary/aq/pollutant/7,hour,27.7963600000,µg/m3,2018-07-20 09:00:00 +01:00,2018-07-20 10:00:00 +01:00,1,1
GB,http://environment.data.gov.uk/air-quality/so,GB_Network_1,Station_GB1024A,,GB_SamplingPoint_74174,GB_StationProcess_918,GB_SamplingFeature_918,O3,http://dd.eionet.europa.eu/vocabulary/aq/pollutant/7,hour,33.2666800000,µg/m3,2018-07-20 10:00:00 +01:00,2018-07-20 11:00:00 +01:00,1,1
GB,http://environment.data.gov.uk/air-quality/so,GB_Network_1,Station_GB1024A,,GB_SamplingPoint_74174,GB_StationProcess_918,GB_SamplingFeature_918,O3,http://dd.eionet.europa.eu/vocabulary/aq/pollutant/7,hour,66.7557400000,µg/m3,2018-07-20 11:00:00 +01:00,2018-07-20 12:00:00 +01:00,1,1
GB,http://environment.data.gov.uk/air-quality/so,GB_Network_1,Station_GB1024A,,GB_SamplingPoint_74174,GB_StationProcess_918,GB_SamplingFeature_918,O3,http://dd.eionet.europa.eu/vocabulary/aq/pollutant/7,hour,89.2151900000,µg/m3,2018-07-20 12:00:00 +01:00,2018-07-20 13:00:00 +01:00,1,1
GB,http://environment.data.gov.uk/air-quality/so,GB_Network_1,Station_GB1024A,,GB_SamplingPoint_74174,GB_StationProcess_918,GB_SamplingFeature_918,O3,http://dd.eionet.europa.eu/vocabulary/aq/pollutant/7,hour,92.7286500000,µg/m3,2018-07-20 13:00:00 +01:00,2018-07-20 14:00:00 +01:00,1,1
GB,http://environment.data.gov.uk/air-quality/so,GB_Network_1,Station_GB1024A,,GB_SamplingPoint_74174,GB_StationProcess_918,GB_SamplingFeature_918,O3,http://dd.eionet.europa.eu/vocabulary/aq/pollutant/7,hour,90.7273200000,µg/m3,2018-07-20 14:00:00 +01:00,2018-07-20 15:00:00 +01:00,1,1
GB,http://environment.data.gov.uk/air-quality/so,GB_Network_1,Station_GB1024A,,GB_SamplingPoint_74174,GB_StationProcess_918,GB_SamplingFeature_918,O3,http://dd.eionet.europa.eu/vocabulary/aq/pollutant/7,hour,93.0844500000,µg/m3,2018-07-20 16:00:00 +01:00,2018-07-20 17:00:00 +01:00,1,1
GB,http://environment.data.gov.uk/air-quality/so,GB_Network_1,Station_GB1024A,,GB_SamplingPoint_74174,GB_StationProcess_918,GB_SamplingFeature_918,O3,http://dd.eionet.europa.eu/vocabulary/aq/pollutant/7,hour,90.8162600000,µg/m3,2018-07-20 17:00:00 +01:00,2018-07-20 18:00:00 +01:00,1,1
GB,http://environment.data.gov.uk/air-quality/so,GB_Network_1,Station_GB1024A,,GB_SamplingPoint_74174,GB_StationProcess_918,GB_SamplingFeature_918,O3,http://dd.eionet.europa.eu/vocabulary/aq/pollutant/7,hour,95.3526300000,µg/m3,2018-07-20 19:00:00 +01:00,2018-07-20 20:00:00 +01:00,1,1
GB,http://environment.data.gov.uk/air-quality/so,GB_Network_1,Station_GB1024A,,GB_SamplingPoint_74174,GB_StationProcess_918,GB_SamplingFeature_918,O3,http://dd.eionet.europa.eu/vocabulary/aq/pollutant/7,hour,92.4618100000,µg/m3,2018-07-20 20:00:00 +01:00,2018-07-20 21:00:00 +01:00,1,1
GB,http://environment.data.gov.uk/air-quality/so,GB_Network_1,Station_GB1024A,,GB_SamplingPoint_74174,GB_StationProcess_918,GB_SamplingFeature_918,O3,http://dd.eionet.europa.eu/vocabulary/aq/pollutant/7,hour,100.8674300000,µg/m3,2018-07-20 22:00:00 +01:00,2018-07-20 23:00:00 +01:00,1,1
GB,http://environment.data.gov.uk/air-quality/so,GB_Network_1,Station_GB1024A,,GB_SamplingPoint_74174,GB_StationProcess_918,GB_SamplingFeature_918,O3,http://dd.eionet.europa.eu/vocabulary/aq/pollutant/7,hour,82.9888100000,µg/m3,2018-07-21 00:00:00 +01:00,2018-07-21 01:00:00 +01:00,1,1
GB,http://environment.data.gov.uk/air-quality/so,GB_Network_1,Station_GB1024A,,GB_SamplingPoint_74174,GB_StationProcess_918,GB_SamplingFeature_918,O3,http://dd.eionet.europa.eu/vocabulary/aq/pollutant/7,hour,62.3824400000,µg/m3,2018-07-21 02:00:00 +01:00,2018-07-21 03:00:00 +01:00,1,1
GB,http://environment.data.gov.uk/air-quality/so,GB_Network_1,Station_GB1024A,,GB_SamplingPoint_74174,GB_StationProcess_918,GB_SamplingFeature_918,O3,http://dd.eionet.europa.eu/vocabulary/aq/pollutant/7,hour,54.1250700000,µg/m3,2018-07-21 03:00:00 +01:00,2018-07-21 04:00:00 +01:00,1,1
GB,http://environment.data.gov.uk/air-quality/so,GB_Network_1,Station_GB1024A,,GB_SamplingPoint_74174,GB_StationProcess_918,GB_SamplingFeature_918,O3,http://dd.eionet.europa.eu/vocabulary/aq/pollutant/7,hour,26.1952900000,µg/m3,2018-07-21 05:00:00 +01:00,2018-07-21 06:00:00 +01:00,1,1
GB,http://environment.data.gov.uk/air-quality/so,GB_Network_1,Station_GB1024A,,GB_SamplingPoint_74174,GB_StationProcess_918,GB_SamplingFeature_918,O3,http://dd.eionet.europa.eu/vocabulary/aq/pollutant/7,hour,24.2384300000,µg/m3,2018-07-21 07:00:00 +01:00,2018-07-21 08:00:00 +01:00,1,1
GB,http://environment.data.gov.uk/air-quality/so,GB_Network_1,Station_GB1024A,,GB_SamplingPoint_74174,GB_StationProcess_918,GB_SamplingFeature_918,O3,http://dd.eionet.europa.eu/vocabulary/aq/pollutant/7,hour,61.1964600000,µg/m3,2018-07-21 09:00:00 +01:00,2018-07-21 10:00:00 +01:00,1,1
GB,http://environment.data.gov.uk/air-quality/so,GB_Network_1,Station_GB1024A,,GB_SamplingPoint_74174,GB_StationProcess_918,GB_SamplingFeature_918,O3,http://dd.eionet.europa.eu/vocabulary/aq/pollutant/7,hour,114.2986300000,µg/m3,2018-07-21 12:00:00 +01:00,2018-07-21 13:00:00 +01:00,1,1
GB,http://environment.data.gov.uk/air-quality/so,GB_Network_1,Station_GB1024A,,GB_SamplingPoint_74174,GB_StationProcess_918,GB_SamplingFeature_918,O3,http://dd.eionet.europa.eu/vocabulary/aq/pollutant/7,hour,127.1516700000,µg/m3,2018-07-21 13:00:00 +01:00,2018-07-21 14:00:00 +01:00,1,1
GB,http://environment.data.gov.uk/air-quality/so,GB_Network_1,Station_GB1024A,,GB_SamplingPoint_74174,GB_StationProcess_918,GB_SamplingFeature_918,O3,http://dd.eionet.europa.eu/vocabulary/aq/pollutant/7,hour,140.3160200000,µg/m3,2018-07-21 14:00:00 +01:00,2018-07-21 15:00:00 +01:00,1,1
GB,http://environment.data.gov.uk/air-quality/so,GB_Network_1,Station_GB1024A,,GB_SamplingPoint_74174,GB_StationProcess_918,GB_SamplingFeature_918,O3,http://dd.eionet.europa.eu/vocabulary/aq/pollutant/7,hour,156.7269900000,µg/m3,2018-07-21 16:00:00 +01:00,2018-07-21 17:00:00 +01:00,1,1
GB,http://environment.data.gov.uk/air-quality/so,GB_Network_1,Station_GB1024A,,GB_SamplingPoint_74174,GB_StationProcess_918,GB_SamplingFeature_918,O3,http://dd.eionet.europa.eu/vocabulary/aq/pollutant/7,hour,143.7850100000,µg/m3,2018-07-21 18:00:00 +01:00,2018-07-21 19:00:00 +01:00,1,1
GB,http://environment.data.gov.uk/air-quality/so,GB_Network_1,Station_GB1024A,,GB_SamplingPoint_74174,GB_StationProcess_918,GB_SamplingFeature_918,O3,http://dd.eionet.europa.eu/vocabulary/aq/pollutant/7,hour,133.6004200000,µg/m3,2018-07-21 19:00:00 +01:00,2018-07-21 20:00:00 +01:00,1,1
GB,http://environment.data.gov.uk/air-quality/so,GB_Network_1,Station_GB1024A,,GB_SamplingPoint_74174,GB_StationProcess_918,GB_SamplingFeature_918,O3,http://dd.eionet.europa.eu/vocabulary/aq/pollutant/7,hour,127.4629800000,µg/m3,2018-07-21 20:00:00 +01:00,2018-07-21 21:00:00 +01:00,1,1
GB,http://environment.data.gov.uk/air-quality/so,GB_Network_1,Station_GB1024A,,GB_SamplingPoint_74174,GB_StationProcess_918,GB_SamplingFeature_918,O3,http://dd.eionet.europa.eu/vocabulary/aq/pollutant/7,hour,117.5452400000,µg/m3,2018-07-21 21:00:00 +01:00,2018-07-21 22:00:00 +01:00,1,1
GB,http://environment.data.gov.uk/air-quality/so,GB_Network_1,Station_GB1024A,,GB_SamplingPoint_74174,GB_StationProcess_918,GB_SamplingFeature_918,O3,http://dd.eionet.europa.eu/vocabulary/aq/pollutant/7,hour,101.4900700000,µg/m3,2018-07-21 22:00:00 +01:00,2018-07-21 23:00:00 +01:00,1,1
GB,http://environment.data.gov.uk/air-quality/so,GB_Network_1,Station_GB1024A,,GB_SamplingPoint_74174,GB_StationProcess_918,GB_SamplingFeature_918,O3,http://dd.eionet.europa.eu/vocabulary/aq/pollutant/7,hour,28.3448700000,µg/m3,2018-07-22 02:00:00 +01:00,2018-07-22 03:00:00 +01:00,1,1
GB,http://environment.data.gov.uk/air-quality/so,GB_Network_1,Station_GB1024A,,GB_SamplingPoint_74174,GB_StationProcess_918,GB_SamplingFeature_918,O3,http://dd.eionet.europa.eu/vocabulary/aq/pollutant/7,hour,26.4176600000,µg/m3,2018-07-22 03:00:00 +01:00,2018-07-22 04:00:00 +01:00,1,1
GB,http://environment.data.gov.uk/air-quality/so,GB_Network_1,Station_GB1024A,,GB_SamplingPoint_74174,GB_StationProcess_918,GB_SamplingFeature_918,O3,http://dd.eionet.europa.eu/vocabulary/aq/pollutant/7,hour,24.6386900000,µg/m3,2018-07-22 04:00:00 +01:00,2018-07-22 05:00:00 +01:00,1,1
GB,http://environment.data.gov.uk/air-quality/so,GB_Network_1,Station_GB1024A,,GB_SamplingPoint_74174,GB_StationProcess_918,GB_SamplingFeature_918,O3,http://dd.eionet.europa.eu/vocabulary/aq/pollutant/7,hour,19.3017900000,µg/m3,2018-07-22 05:00:00 +01:00,2018-07-22 06:00:00 +01:00,1,1
GB,http://environment.data.gov.uk/air-quality/so,GB_Network_1,Station_GB1024A,,GB_SamplingPoint_74174,GB_StationProcess_918,GB_SamplingFeature_918,O3,http://dd.eionet.europa.eu/vocabulary/aq/pollutant/7,hour,20.5470700000,µg/m3,2018-07-22 06:00:00 +01:00,2018-07-22 07:00:00 +01:00,1,1
GB,http://environment.data.gov.uk/air-quality/so,GB_Network_1,Station_GB1024A,,GB_SamplingPoint_74174,GB_StationProcess_918,GB_SamplingFeature_918,O3,http://dd.eionet.europa.eu/vocabulary/aq/pollutant/7,hour,29.0861100000,µg/m3,2018-07-22 07:00:00 +01:00,2018-07-22 08:00:00 +01:00,1,1
GB,http://environment.data.gov.uk/air-quality/so,GB_Network_1,Station_GB1024A,,GB_SamplingPoint_74174,GB_StationProcess_918,GB_SamplingFeature_918,O3,http://dd.eionet.europa.eu/vocabulary/aq/pollutant/7,hour,39.6709600000,µg/m3,2018-07-22 08:00:00 +01:00,2018-07-22 09:00:00 +01:00,1,1
GB,http://environment.data.gov.uk/air-quality/so,GB_Network_1,Station_GB1024A,,GB_SamplingPoint_74174,GB_StationProcess_918,GB_SamplingFeature_918,O3,http://dd.eionet.europa.eu/vocabulary/aq/pollutant/7,hour,55.8595600000,µg/m3,2018-07-22 10:00:00 +01:00,2018-07-22 11:00:00 +01:00,1,1
GB,http://environment.data.gov.uk/air-quality/so,GB_Network_1,Station_GB1024A,,GB_SamplingPoint_74174,GB_StationProcess_918,GB_SamplingFeature_918,O3,http://dd.eionet.europa.eu/vocabulary/aq/pollutant/7,hour,69.5131400000,µg/m3,2018-07-22 11:00:00 +01:00,2018-07-22 12:00:00 +01:00,1,1
GB,http://environment.data.gov.uk/air-quality/so,GB_Network_1,Station_GB1024A,,GB_SamplingPoint_74174,GB_StationProcess_918,GB_SamplingFeature_918,O3,http://dd.eionet.europa.eu/vocabulary/aq/pollutant/7,hour,77.5184900000,µg/m3,2018-07-22 12:00:00 +01:00,2018-07-22 13:00:00 +01:00,1,1
GB,http://environment.data.gov.uk/air-quality/so,GB_Network_1,Station_GB1024A,,GB_SamplingPoint_74174,GB_StationProcess_918,GB_SamplingFeature_918,O3,http://dd.eionet.europa.eu/vocabulary/aq/pollutant/7,hour,91.0831100000,µg/m3,2018-07-22 13:00:00 +01:00,2018-07-22 14:00:00 +01:00,1,1
GB,http://environment.data.gov.uk/air-quality/so,GB_Network_1,Station_GB1024A,,GB_SamplingPoint_74174,GB_StationProcess_918,GB_SamplingFeature_918,O3,http://dd.eionet.europa.eu/vocabulary/aq/pollutant/7,hour,96.9981800000,µg/m3,2018-07-22 14:00:00 +01:00,2018-07-22 15:00:00 +01:00,1,1
GB,http://environment.data.gov.uk/air-quality/so,GB_Network_1,Station_GB1024A,,GB_SamplingPoint_74174,GB_StationProcess_918,GB_SamplingFeature_918,O3,http://dd.eionet.europa.eu/vocabulary/aq/pollutant/7,hour,95.5750000000,µg/m3,2018-07-22 16:00:00 +01:00,2018-07-22 17:00:00 +01:00,1,1
GB,http://environment.data.gov.uk/air-quality/so,GB_Network_1,Station_GB1024A,,GB_SamplingPoint_74174,GB_StationProcess_918,GB_SamplingFeature_918,O3,http://dd.eionet.europa.eu/vocabulary/aq/pollutant/7,hour,90.9496900000,µg/m3,2018-07-22 18:00:00 +01:00,2018-07-22 19:00:00 +01:00,1,1
GB,http://environment.data.gov.uk/air-quality/so,GB_Network_1,Station_GB1024A,,GB_SamplingPoint_74174,GB_StationProcess_918,GB_SamplingFeature_918,O3,http://dd.eionet.europa.eu/vocabulary/aq/pollutant/7,hour,86.2354200000,µg/m3,2018-07-22 19:00:00 +01:00,2018-07-22 20:00:00 +01:00,1,1
GB,http://environment.data.gov.uk/air-quality/so,GB_Network_1,Station_GB1024A,,GB_SamplingPoint_74174,GB_StationProcess_918,GB_SamplingFeature_918,O3,http://dd.eionet.europa.eu/vocabulary/aq/pollutant/7,hour,61.6412100000,µg/m3,2018-07-22 21:00:00 +01:00,2018-07-22 22:00:00 +01:00,1,1
GB,http://environment.data.gov.uk/air-quality/so,GB_Network_1,Station_GB1024A,,GB_SamplingPoint_74174,GB_StationProcess_918,GB_SamplingFeature_918,O3,http://dd.eionet.europa.eu/vocabulary/aq/pollutant/7,hour,57.7274800000,µg/m3,2018-07-22 22:00:00 +01:00,2018-07-22 23:00:00 +01:00,1,1
GB,http://environment.data.gov.uk/air-quality/so,GB_Network_1,Station_GB1024A,,GB_SamplingPoint_74174,GB_StationProcess_918,GB_SamplingFeature_918,O3,http://dd.eionet.europa.eu/vocabulary/aq/pollutant/7,hour,23.4823600000,µg/m3,2018-07-23 00:00:00 +01:00,2018-07-23 01:00:00 +01:00,1,1
GB,http://environment.data.gov.uk/air-quality/so,GB_Network_1,Station_GB1024A,,GB_SamplingPoint_74174,GB_StationProcess_918,GB_SamplingFeature_918,O3,http://dd.eionet.europa.eu/vocabulary/aq/pollutant/7,hour,25.7950200000,µg/m3,2018-07-23 01:00:00 +01:00,2018-07-23 02:00:00 +01:00,1,1
GB,http://environment.data.gov.uk/air-quality/so,GB_Network_1,Station_GB1024A,,GB_SamplingPoint_74174,GB_StationProcess_918,GB_SamplingFeature_918,O3,http://dd.eionet.europa.eu/vocabulary/aq/pollutant/7,hour,,µg/m3,2018-07-23 02:00:00 +01:00,2018-07-23 03:00:00 +01:00,-1,1
GB,http://environment.data.gov.uk/air-quality/so,GB_Network_1,Station_GB1024A,,GB_SamplingPoint_74174,GB_StationProcess_918,GB_SamplingFeature_918,O3,http://dd.eionet.europa.eu/vocabulary/aq/pollutant/7,hour,,µg/m3,2018-07-23 03:00:00 +01:00,2018-07-23 04:00:00 +01:00,-1,1
GB,http://environment.data.gov.uk/air-quality/so,GB_Network_1,Station_GB1024A,,GB_SamplingPoint_74174,GB_StationProcess_918,GB_SamplingFeature_918,O3,http://dd.eionet.europa.eu/vocabulary/aq/pollutant/7,hour,,µg/m3,2018-07-23 04:00:00 +01:00,2018-07-23 05:00:00 +01:00,-1,1
GB,http://environment.data.gov.uk/air-quality/so,GB_Network_1,Station_GB1024A,,GB_SamplingPoint_74174,GB_StationProcess_918,GB_SamplingFeature_918,O3,http://dd.eionet.europa.eu/vocabulary/aq/pollutant/7,hour,,µg/m3,2018-07-23 05:00:00 +01:00,2018-07-23 06:00:00 +01:00,-1,1
GB,http://environment.data.gov.uk/air-quality/so,GB_Network_1,Station_GB1024A,,GB_SamplingPoint_74174,GB_StationProcess_918,GB_SamplingFeature_918,O3,http://dd.eionet.europa.eu/vocabulary/aq/pollutant/7,hour,,µg/m3,2018-07-23 06:00:00 +01:00,2018-07-23 07:00:00 +01:00,-1,1
GB,http://environment.data.gov.uk/air-quality/so,GB_Network_1,Station_GB1024A,,GB_SamplingPoint_74174,GB_StationProcess_918,GB_SamplingFeature_918,O3,http://dd.eionet.europa.eu/vocabulary/aq/pollutant/7,hour,,µg/m3,2018-07-23 07:00:00 +01:00,2018-07-23 08:00:00 +01:00,-1,1
GB,http://environment.data.gov.uk/air-quality/so,GB_Network_1,Station_GB1024A,,GB_SamplingPoint_74174,GB_StationProcess_918,GB_SamplingFeature_918,O3,http://dd.eionet.europa.eu/vocabulary/aq/pollutant/7,hour,,µg/m3,2018-07-23 08:00:00 +01:00,2018-07-23 09:00:00 +01:00,-1,1
GB,http://environment.data.gov.uk/air-quality/so,GB_Network_1,Station_GB1024A,,GB_SamplingPoint_74174,GB_StationProcess_918,GB_SamplingFeature_918,O3,http://dd.eionet.europa.eu/vocabulary/aq/pollutant/7,hour,,µg/m3,2018-07-23 09:00:00 +01:00,2018-07-23 10:00:00 +01:00,-1,1
GB,http://environment.data.gov.uk/air-quality/so,GB_Network_1,Station_GB1024A,,GB_SamplingPoint_74174,GB_StationProcess_918,GB_SamplingFeature_918,O3,http://dd.eionet.europa.eu/vocabulary/aq/pollutant/7,hour,,µg/m3,2018-07-23 10:00:00 +01:00,2018-07-23 11:00:00 +01:00,-1,1
GB,http://environment.data.gov.uk/air-quality/so,GB_Network_1,Station_GB1024A,,GB_SamplingPoint_74174,GB_StationProcess_918,GB_SamplingFeature_918,O3,http://dd.eionet.europa.eu/vocabulary/aq/pollutant/7,hour,,µg/m3,2018-07-23 11:00:00 +01:00,2018-07-23 12:00:00 +01:00,-1,1
GB,http://environment.data.gov.uk/air-quality/so,GB_Network_1,Station_GB1024A,,GB_SamplingPoint_74174,GB_StationProcess_918,GB_SamplingFeature_918,O3,http://dd.eionet.europa.eu/vocabulary/aq/pollutant/7,hour,,µg/m3,2018-07-23 12:00:00 +01:00,2018-07-23 13:00:00 +01:00,-1,1
GB,http://environment.data.gov.uk/air-quality/so,GB_Network_1,Station_GB1024A,,GB_SamplingPoint_74174,GB_StationProcess_918,GB_SamplingFeature_918,O3,http://dd.eionet.europa.eu/vocabulary/aq/pollutant/7,hour,,µg/m3,2018-07-23 13:00:00 +01:00,2018-07-23 14:00:00 +01:00,-1,1
GB,http://environment.data.gov.uk/air-quality/so,GB_Network_1,Station_GB1024A,,GB_SamplingPoint_74174,GB_StationProcess_918,GB_SamplingFeature_918,O3,http://dd.eionet.europa.eu/vocabulary/aq/pollutant/7,hour,,µg/m3,2018-07-23 14:00:00 +01:00,2018-07-23 15:00:00 +01:00,-1,1
GB,http://environment.data.gov.uk/air-quality/so,GB_Network_1,Station_GB1024A,,GB_SamplingPoint_74174,GB_StationProcess_918,GB_SamplingFeature_918,O3,http://dd.eionet.europa.eu/vocabulary/aq/pollutant/7,hour,,µg/m3,2018-07-23 15:00:00 +01:00,2018-07-23 16:00:00 +01:00,-1,1
GB,http://environment.data.gov.uk/air-quality/so,GB_Network_1,Station_GB1024A,,GB_SamplingPoint_74174,GB_StationProcess_918,GB_SamplingFeature_918,O3,http://dd.eionet.europa.eu/vocabulary/aq/pollutant/7,hour,,µg/m3,2018-07-23 16:00:00 +01:00,2018-07-23 17:00:00 +01:00,-1,1
GB,http://environment.data.gov.uk/air-quality/so,GB_Network_1,Station_GB1024A,,GB_SamplingPoint_74174,GB_StationProcess_918,GB_SamplingFeature_918,O3,http://dd.eionet.europa.eu/vocabulary/aq/pollutant/7,hour,,µg/m3,2018-07-23 17:00:00 +01:00,2018-07-23 18:00:00 +01:00,-1,1
GB,http://environment.data.gov.uk/air-quality/so,GB_Network_1,Station_GB1024A,,GB_SamplingPoint_74174,GB_StationProcess_918,GB_SamplingFeature_918,O3,http://dd.eionet.europa.eu/vocabulary/aq/pollutant/7,hour,,µg/m3,2018-07-23 18:00:00 +01:00,2018-07-23 19:00:00 +01:00,-1,1
GB,http://environment.data.gov.uk/air-quality/so,GB_Network_1,Station_GB1024A,,GB_SamplingPoint_74174,GB_StationProcess_918,GB_SamplingFeature_918,O3,http://dd.eionet.europa.eu/vocabulary/aq/pollutant/7,hour,,µg/m3,2018-07-23 19:00:00 +01:00,2018-07-23 20:00:00 +01:00,-1,1
GB,http://environment.data.gov.uk/air-quality/so,GB_Network_1,Station_GB1024A,,GB_SamplingPoint_74174,GB_StationProcess_918,GB_SamplingFeature_918,O3,http://dd.eionet.europa.eu/vocabulary/aq/pollutant/7,hour,,µg/m3,2018-07-23 20:00:00 +01:00,2018-07-23 21:00:00 +01:00,-1,1
GB,http://environment.data.gov.uk/air-quality/so,GB_Network_1,Station_GB1024A,,GB_SamplingPoint_74174,GB_StationProcess_918,GB_SamplingFeature_918,O3,http://dd.eionet.europa.eu/vocabulary/aq/pollutant/7,hour,,µg/m3,2018-07-23 21:00:00 +01:00,2018-07-23 22:00:00 +01:00,-1,1
GB,http://environment.data.gov.uk/air-quality/so,GB_Network_1,Station_GB1024A,,GB_SamplingPoint_74174,GB_StationProcess_918,GB_SamplingFeature_918,O3,http://dd.eionet.europa.eu/vocabulary/aq/pollutant/7,hour,,µg/m3,2018-07-23 22:00:00 +01:00,2018-07-23 23:00:00 +01:00,-1,1
GB,http://environment.data.gov.uk/air-quality/so,GB_Network_1,Station_GB1024A,,GB_SamplingPoint_74174,GB_StationProcess_918,GB_SamplingFeature_918,O3,http://dd.eionet.europa.eu/vocabulary/aq/pollutant/7,hour,,µg/m3,2018-07-23 23:00:00 +01:00,2018-07-24 00:00:00 +01:00,-1,1
GB,http://environment.data.gov.uk/air-quality/so,GB_Network_1,Station_GB1024A,,GB_SamplingPoint_74174,GB_StationProcess_918,GB_SamplingFeature_918,O3,http://dd.eionet.europa.eu/vocabulary/aq/pollutant/7,hour,,µg/m3,2018-07-24 00:00:00 +01:00,2018-07-24 01:00:00 +01:00,-1,1
GB,http://environment.data.gov.uk/air-quality/so,GB_Network_1,Station_GB1024A,,GB_SamplingPoint_74174,GB_StationProcess_918,GB_SamplingFeature_918,O3,http://dd.eionet.europa.eu/vocabulary/aq/pollutant/7,hour,,µg/m3,2018-07-24 01:00:00 +01:00,2018-07-24 02:00:00 +01:00,-1,1
GB,http://environment.data.gov.uk/air-quality/so,GB_Network_1,Station_GB1024A,,GB_SamplingPoint_74174,GB_StationProcess_918,GB_SamplingFeature_918,O3,http://dd.eionet.europa.eu/vocabulary/aq/pollutant/7,hour,,µg/m3,2018-07-24 02:00:00 +01:00,2018-07-24 03:00:00 +01:00,-1,1
GB,http://environment.data.gov.uk/air-quality/so,GB_Network_1,Station_GB1024A,,GB_SamplingPoint_74174,GB_StationProcess_918,GB_SamplingFeature_918,O3,http://dd.eionet.europa.eu/vocabulary/aq/pollutant/7,hour,,µg/m3,2018-07-24 03:00:00 +01:00,2018-07-24 04:00:00 +01:00,-1,1
GB,http://environment.data.gov.uk/air-quality/so,GB_Network_1,Station_GB1024A,,GB_SamplingPoint_74174,GB_StationProcess_918,GB_SamplingFeature_918,O3,http://dd.eionet.europa.eu/vocabulary/aq/pollutant/7,hour,,µg/m3,2018-07-24 04:00:00 +01:00,2018-07-24 05:00:00 +01:00,-1,1
GB,http://environment.data.gov.uk/air-quality/so,GB_Network_1,Station_GB1024A,,GB_SamplingPoint_74174,GB_StationProcess_918,GB_SamplingFeature_918,O3,http://dd.eionet.europa.eu/vocabulary/aq/pollutant/7,hour,,µg/m3,2018-07-24 05:00:00 +01:00,2018-07-24 06:00:00 +01:00,-1,1
GB,http://environment.data.gov.uk/air-quality/so,GB_Network_1,Station_GB1024A,,GB_SamplingPoint_74174,GB_StationProcess_918,GB_SamplingFeature_918,O3,http://dd.eionet.europa.eu/vocabulary/aq/pollutant/7,hour,,µg/m3,2018-07-24 06:00:00 +01:00,2018-07-24 07:00:00 +01:00,-1,1
GB,http://environment.data.gov.uk/air-quality/so,GB_Network_1,Station_GB1024A,,GB_SamplingPoint_74174,GB_StationProcess_918,GB_SamplingFeature_918,O3,http://dd.eionet.europa.eu/vocabulary/aq/pollutant/7,hour,,µg/m3,2018-07-24 07:00:00 +01:00,2018-07-24 08:00:00 +01:00,-1,1
GB,http://environment.data.gov.uk/air-quality/so,GB_Network_1,Station_GB1024A,,GB_SamplingPoint_74174,GB_StationProcess_918,GB_SamplingFeature_918,O3,http://dd.eionet.europa.eu/vocabulary/aq/pollutant/7,hour,,µg/m3,2018-07-24 08:00:00 +01:00,2018-07-24 09:00:00 +01:00,-1,1
GB,http://environment.data.gov.uk/air-quality/so,GB_Network_1,Station_GB1024A,,GB_SamplingPoint_74174,GB_StationProcess_918,GB_SamplingFeature_918,O3,http://dd.eionet.europa.eu/vocabulary/aq/pollutant/7,hour,,µg/m3,2018-07-24 09:00:00 +01:00,2018-07-24 10:00:00 +01:00,-1,1
GB,http://environment.data.gov.uk/air-quality/so,GB_Network_1,Station_GB1024A,,GB_SamplingPoint_74174,GB_StationProcess_918,GB_SamplingFeature_918,O3,http://dd.eionet.europa.eu/vocabulary/aq/pollutant/7,hour,,µg/m3,2018-07-24 10:00:00 +01:00,2018-07-24 11:00:00 +01:00,-1,1
GB,http://environment.data.gov.uk/air-quality/so,GB_Network_1,Station_GB1024A,,GB_SamplingPoint_74174,GB_StationProcess_918,GB_SamplingFeature_918,O3,http://dd.eionet.europa.eu/vocabulary/aq/pollutant/7,hour,,µg/m3,2018-07-24 11:00:00 +01:00,2018-07-24 12:00:00 +01:00,-1,1
GB,http://environment.data.gov.uk/air-quality/so,GB_Network_1,Station_GB1024A,,GB_SamplingPoint_74174,GB_StationProcess_918,GB_SamplingFeature_918,O3,http://dd.eionet.europa.eu/vocabulary/aq/pollutant/7,hour,,µg/m3,2018-07-24 12:00:00 +01:00,2018-07-24 13:00:00 +01:00,-1,1
GB,http://environment.data.gov.uk/air-quality/so,GB_Network_1,Station_GB1024A,,GB_SamplingPoint_74174,GB_StationProcess_918,GB_SamplingFeature_918,O3,http://dd.eionet.europa.eu/vocabulary/aq/pollutant/7,hour,,µg/m3,2018-07-24 13:00:00 +01:00,2018-07-24 14:00:00 +01:00,-1,1
GB,http://environment.data.gov.uk/air-quality/so,GB_Network_1,Station_GB1024A,,GB_SamplingPoint_74174,GB_StationProcess_918,GB_SamplingFeature_918,O3,http://dd.eionet.europa.eu/vocabulary/aq/pollutant/7,hour,,µg/m3,2018-07-24 14:00:00 +01:00,2018-07-24 15:00:00 +01:00,-1,1
GB,http://environment.data.gov.uk/air-quality/so,GB_Network_1,Station_GB1024A,,GB_SamplingPoint_74174,GB_StationProcess_918,GB_SamplingFeature_918,O3,http://dd.eionet.europa.eu/vocabulary/aq/pollutant/7,hour,,µg/m3,2018-07-24 15:00:00 +01:00,2018-07-24 16:00:00 +01:00,-1,1
GB,http://environment.data.gov.uk/air-quality/so,GB_Network_1,Station_GB1024A,,GB_SamplingPoint_74174,GB_StationProcess_918,GB_SamplingFeature_918,O3,http://dd.eionet.europa.eu/vocabulary/aq/pollutant/7,hour,,µg/m3,2018-07-24 16:00:00 +01:00,2018-07-24 17:00:00 +01:00,-1,1
GB,http://environment.data.gov.uk/air-quality/so,GB_Network_1,Station_GB1024A,,GB_SamplingPoint_74174,GB_StationProcess_918,GB_SamplingFeature_918,O3,http://dd.eionet.europa.eu/vocabulary/aq/pollutant/7,hour,,µg/m3,2018-07-24 17:00:00 +01:00,2018-07-24 18:00:00 +01:00,-1,1
GB,http://environment.data.gov.uk/air-quality/so,GB_Network_1,Station_GB1024A,,GB_SamplingPoint_74174,GB_StationProcess_918,GB_SamplingFeature_918,O3,http://dd.eionet.europa.eu/vocabulary/aq/pollutant/7,hour,,µg/m3,2018-07-24 18:00:00 +01:00,2018-07-24 19:00:00 +01:00,-1,1
GB,http://environment.data.gov.uk/air-quality/so,GB_Network_1,Station_GB1024A,,GB_SamplingPoint_74174,GB_StationProcess_918,GB_SamplingFeature_918,O3,http://dd.eionet.europa.eu/vocabulary/aq/pollutant/7,hour,,µg/m3,2018-07-24 19:00:00 +01:00,2018-07-24 20:00:00 +01:00,-1,1
GB,http://environment.data.gov.uk/air-quality/so,GB_Network_1,Station_GB1024A,,GB_SamplingPoint_74174,GB_StationProcess_918,GB_SamplingFeature_918,O3,http://dd.eionet.europa.eu/vocabulary/aq/pollutant/7,hour,,µg/m3,2018-07-24 20:00:00 +01:00,2018-07-24 21:00:00 +01:00,-1,1
GB,http://environment.data.gov.uk/air-quality/so,GB_Network_1,Station_GB1024A,,GB_SamplingPoint_74174,GB_StationProcess_918,GB_SamplingFeature_918,O3,http://dd.eionet.europa.eu/vocabulary/aq/pollutant/7,hour,,µg/m3,2018-07-24 21:00:00 +01:00,2018-07-24 22:00:00 +01:00,-1,1
GB,http://environment.data.gov.uk/air-quality/so,GB_Network_1,Station_GB1024A,,GB_SamplingPoint_74174,GB_StationProcess_918,GB_SamplingFeature_918,O3,http://dd.eionet.europa.eu/vocabulary/aq/pollutant/7,hour,,µg/m3,2018-07-24 22:00:00 +01:00,2018-07-24 23:00:00 +01:00,-1,1
GB,http://environment.data.gov.uk/air-quality/so,GB_Network_1,Station_GB1024A,,GB_SamplingPoint_74174,GB_StationProcess_918,GB_SamplingFeature_918,O3,http://dd.eionet.europa.eu/vocabulary/aq/pollutant/7,hour,,µg/m3,2018-07-24 23:00:00 +01:00,2018-07-25 00:00:00 +01:00,-1,1
GB,http://environment.data.gov.uk/air-quality/so,GB_Network_1,Station_GB1024A,,GB_SamplingPoint_74174,GB_StationProcess_918,GB_SamplingFeature_918,O3,http://dd.eionet.europa.eu/vocabulary/aq/pollutant/7,hour,,µg/m3,2018-07-25 00:00:00 +01:00,2018-07-25 01:00:00 +01:00,-1,1
GB,http://environment.data.gov.uk/air-quality/so,GB_Network_1,Station_GB1024A,,GB_SamplingPoint_74174,GB_StationProcess_918,GB_SamplingFeature_918,O3,http://dd.eionet.europa.eu/vocabulary/aq/pollutant/7,hour,,µg/m3,2018-07-25 01:00:00 +01:00,2018-07-25 02:00:00 +01:00,-1,1
GB,http://environment.data.gov.uk/air-quality/so,GB_Network_1,Station_GB1024A,,GB_SamplingPoint_74174,GB_StationProcess_918,GB_SamplingFeature_918,O3,http://dd.eionet.europa.eu/vocabulary/aq/pollutant/7,hour,,µg/m3,2018-07-25 02:00:00 +01:00,2018-07-25 03:00:00 +01:00,-1,1
GB,http://environment.data.gov.uk/air-quality/so,GB_Network_1,Station_GB1024A,,GB_SamplingPoint_74174,GB_StationProcess_918,GB_SamplingFeature_918,O3,http://dd.eionet.europa.eu/vocabulary/aq/pollutant/7,hour,,µg/m3,2018-07-25 03:00:00 +01:00,2018-07-25 04:00:00 +01:00,-1,1
GB,http://environment.data.gov.uk/air-quality/so,GB_Network_1,Station_GB1024A,,GB_SamplingPoint_74174,GB_StationProcess_918,GB_SamplingFeature_918,O3,http://dd.eionet.europa.eu/vocabulary/aq/pollutant/7,hour,,µg/m3,2018-07-25 04:00:00 +01:00,2018-07-25 05:00:00 +01:00,-1,1
GB,http://environment.data.gov.uk/air-quality/so,GB_Network_1,Station_GB1024A,,GB_SamplingPoint_74174,GB_StationProcess_918,GB_SamplingFeature_918,O3,http://dd.eionet.europa.eu/vocabulary/aq/pollutant/7,hour,,µg/m3,2018-07-25 05:00:00 +01:00,2018-07-25 06:00:00 +01:00,-1,1
GB,http://environment.data.gov.uk/air-quality/so,GB_Network_1,Station_GB1024A,,GB_SamplingPoint_74174,GB_StationProcess_918,GB_SamplingFeature_918,O3,http://dd.eionet.europa.eu/vocabulary/aq/pollutant/7,hour,,µg/m3,2018-07-25 06:00:00 +01:00,2018-07-25 07:00:00 +01:00,-1,1
GB,http://environment.data.gov.uk/air-quality/so,GB_Network_1,Station_GB1024A,,GB_SamplingPoint_74174,GB_StationProcess_918,GB_SamplingFeature_918,O3,http://dd.eionet.europa.eu/vocabulary/aq/pollutant/7,hour,,µg/m3,2018-07-25 07:00:00 +01:00,2018-07-25 08:00:00 +01:00,-1,1
GB,http://environment.data.gov.uk/air-quality/so,GB_Network_1,Station_GB1024A,,GB_SamplingPoint_74174,GB_StationProcess_918,GB_SamplingFeature_918,O3,http://dd.eionet.europa.eu/vocabulary/aq/pollutant/7,hour,,µg/m3,2018-07-25 08:00:00 +01:00,2018-07-25 09:00:00 +01:00,-1,1
GB,http://environment.data.gov.uk/air-quality/so,GB_Network_1,Station_GB1024A,,GB_SamplingPoint_74174,GB_StationProcess_918,GB_SamplingFeature_918,O3,http://dd.eionet.europa.eu/vocabulary/aq/pollutant/7,hour,,µg/m3,2018-07-25 09:00:00 +01:00,2018-07-25 10:00:00 +01:00,-1,1
GB,http://environment.data.gov.uk/air-quality/so,GB_Network_1,Station_GB1024A,,GB_SamplingPoint_74174,GB_StationProcess_918,GB_SamplingFeature_918,O3,http://dd.eionet.europa.eu/vocabulary/aq/pollutant/7,hour,,µg/m3,2018-07-25 10:00:00 +01:00,2018-07-25 11:00:00 +01:00,-1,1
GB,http://environment.data.gov.uk/air-quality/so,GB_Network_1,Station_GB1024A,,GB_SamplingPoint_74174,GB_StationProcess_918,GB_SamplingFeature_918,O3,http://dd.eionet.europa.eu/vocabulary/aq/pollutant/7,hour,,µg/m3,2018-07-25 11:00:00 +01:00,2018-07-25 12:00:00 +01:00,-1,1
GB,http://environment.data.gov.uk/air-quality/so,GB_Network_1,Station_GB1024A,,GB_SamplingPoint_74174,GB_StationProcess_918,GB_SamplingFeature_918,O3,http://dd.eionet.europa.eu/vocabulary/aq/pollutant/7,hour,,µg/m3,2018-07-25 12:00:00 +01:00,2018-07-25 13:00:00 +01:00,-1,1
GB,http://environment.data.gov.uk/air-quality/so,GB_Network_1,Station_GB1024A,,GB_SamplingPoint_74174,GB_StationProcess_918,GB_SamplingFeature_918,O3,http://dd.eionet.europa.eu/vocabulary/aq/pollutant/7,hour,68.4457600000,µg/m3,2018-07-25 13:00:00 +01:00,2018-07-25 14:00:00 +01:00,1,1
GB,http://environment.data.gov.uk/air-quality/so,GB_Network_1,Station_GB1024A,,GB_SamplingPoint_74174,GB_StationProcess_918,GB_SamplingFeature_918,O3,http://dd.eionet.europa.eu/vocabulary/aq/pollutant/7,hour,83.9672400000,µg/m3,2018-07-25 14:00:00 +01:00,2018-07-25 15:00:00 +01:00,1,1
GB,http://environment.data.gov.uk/air-quality/so,GB_Network_1,Station_GB1024A,,GB_SamplingPoint_74174,GB_StationProcess_918,GB_SamplingFeature_918,O3,http://dd.eionet.europa.eu/vocabulary/aq/pollutant/7,hour,103.7137800000,µg/m3,2018-07-25 15:00:00 +01:00,2018-07-25 16:00:00 +01:00,1,1
GB,http://environment.data.gov.uk/air-quality/so,GB_Network_1,Station_GB1024A,,GB_SamplingPoint_74174,GB_StationProcess_918,GB_SamplingFeature_918,O3,http://dd.eionet.europa.eu/vocabulary/aq/pollutant/7,hour,116.5223400000,µg/m3,2018-07-25 16:00:00 +01:00,2018-07-25 17:00:00 +01:00,1,1
GB,http://environment.data.gov.uk/air-quality/so,GB_Network_1,Station_GB1024A,,GB_SamplingPoint_74174,GB_StationProcess_918,GB_SamplingFeature_918,O3,http://dd.eionet.europa.eu/vocabulary/aq/pollutant/7,hour,114.6099500000,µg/m3,2018-07-25 18:00:00 +01:00,2018-07-25 19:00:00 +01:00,1,1
GB,http://environment.data.gov.uk/air-quality/so,GB_Network_1,Station_GB1024A,,GB_SamplingPoint_74174,GB_StationProcess_918,GB_SamplingFeature_918,O3,http://dd.eionet.europa.eu/vocabulary/aq/pollutant/7,hour,76.4066300000,µg/m3,2018-07-25 21:00:00 +01:00,2018-07-25 22:00:00 +01:00,1,1
GB,http://environment.data.gov.uk/air-quality/so,GB_Network_1,Station_GB1024A,,GB_SamplingPoint_74174,GB_StationProcess_918,GB_SamplingFeature_918,O3,http://dd.eionet.europa.eu/vocabulary/aq/pollutant/7,hour,65.5994100000,µg/m3,2018-07-25 22:00:00 +01:00,2018-07-25 23:00:00 +01:00,1,1
GB,http://environment.data.gov.uk/air-quality/so,GB_Network_1,Station_GB1024A,,GB_SamplingPoint_74174,GB_StationProcess_918,GB_SamplingFeature_918,O3,http://dd.eionet.europa.eu/vocabulary/aq/pollutant/7,hour,34.5712600000,µg/m3,2018-07-26 01:00:00 +01:00,2018-07-26 02:00:00 +01:00,1,1
GB,http://environment.data.gov.uk/air-quality/so,GB_Network_1,Station_GB1024A,,GB_SamplingPoint_74174,GB_StationProcess_918,GB_SamplingFeature_918,O3,http://dd.eionet.europa.eu/vocabulary/aq/pollutant/7,hour,15.1656900000,µg/m3,2018-07-26 03:00:00 +01:00,2018-07-26 04:00:00 +01:00,1,1
GB,http://environment.data.gov.uk/air-quality/so,GB_Network_1,Station_GB1024A,,GB_SamplingPoint_74174,GB_StationProcess_918,GB_SamplingFeature_918,O3,http://dd.eionet.europa.eu/vocabulary/aq/pollutant/7,hour,18.7236300000,µg/m3,2018-07-26 04:00:00 +01:00,2018-07-26 05:00:00 +01:00,1,1
GB,http://environment.data.gov.uk/air-quality/so,GB_Network_1,Station_GB1024A,,GB_SamplingPoint_74174,GB_StationProcess_918,GB_SamplingFeature_918,O3,http://dd.eionet.europa.eu/vocabulary/aq/pollutant/7,hour,18.2788900000,µg/m3,2018-07-26 08:00:00 +01:00,2018-07-26 09:00:00 +01:00,1,1
GB,http://environment.data.gov.uk/air-quality/so,GB_Network_1,Station_GB1024A,,GB_SamplingPoint_74174,GB_StationProcess_918,GB_SamplingFeature_918,O3,http://dd.eionet.europa.eu/vocabulary/aq/pollutant/7,hour,38.2477900000,µg/m3,2018-07-26 10:00:00 +01:00,2018-07-26 11:00:00 +01:00,1,1
GB,http://environment.data.gov.uk/air-quality/so,GB_Network_1,Station_GB1024A,,GB_SamplingPoint_74174,GB_StationProcess_918,GB_SamplingFeature_918,O3,http://dd.eionet.europa.eu/vocabulary/aq/pollutant/7,hour,151.5679900000,µg/m3,2018-07-26 12:00:00 +01:00,2018-07-26 13:00:00 +01:00,1,1
GB,http://environment.data.gov.uk/air-quality/so,GB_Network_1,Station_GB1024A,,GB_SamplingPoint_74174,GB_StationProcess_918,GB_SamplingFeature_918,O3,http://dd.eionet.europa.eu/vocabulary/aq/pollutant/7,hour,135.8241300000,µg/m3,2018-07-26 14:00:00 +01:00,2018-07-26 15:00:00 +01:00,1,1
GB,http://environment.data.gov.uk/air-quality/so,GB_Network_1,Station_GB1024A,,GB_SamplingPoint_74174,GB_StationProcess_918,GB_SamplingFeature_918,O3,http://dd.eionet.europa.eu/vocabulary/aq/pollutant/7,hour,128.9751100000,µg/m3,2018-07-26 15:00:00 +01:00,2018-07-26 16:00:00 +01:00,1,1
GB,http://environment.data.gov.uk/air-quality/so,GB_Network_1,Station_GB1024A,,GB_SamplingPoint_74174,GB_StationProcess_918,GB_SamplingFeature_918,O3,http://dd.eionet.europa.eu/vocabulary/aq/pollutant/7,hour,104.2029900000,µg/m3,2018-07-26 17:00:00 +01:00,2018-07-26 18:00:00 +01:00,1,1
GB,http://environment.data.gov.uk/air-quality/so,GB_Network_1,Station_GB1024A,,GB_SamplingPoint_74174,GB_StationProcess_918,GB_SamplingFeature_918,O3,http://dd.eionet.europa.eu/vocabulary/aq/pollutant/7,hour,101.0898000000,µg/m3,2018-07-26 18:00:00 +01:00,2018-07-26 19:00:00 +01:00,1,1
GB,http://environment.data.gov.uk/air-quality/so,GB_Network_1,Station_GB1024A,,GB_SamplingPoint_74174,GB_StationProcess_918,GB_SamplingFeature_918,O3,http://dd.eionet.europa.eu/vocabulary/aq/pollutant/7,hour,100.7784800000,µg/m3,2018-07-26 19:00:00 +01:00,2018-07-26 20:00:00 +01:00,1,1
GB,http://environment.data.gov.uk/air-quality/so,GB_Network_1,Station_GB1024A,,GB_SamplingPoint_74174,GB_StationProcess_918,GB_SamplingFeature_918,O3,http://dd.eionet.europa.eu/vocabulary/aq/pollutant/7,hour,105.4927400000,µg/m3,2018-07-26 20:00:00 +01:00,2018-07-26 21:00:00 +01:00,1,1
GB,http://environment.data.gov.uk/air-quality/so,GB_Network_1,Station_GB1024A,,GB_SamplingPoint_74174,GB_StationProcess_918,GB_SamplingFeature_918,O3,http://dd.eionet.europa.eu/vocabulary/aq/pollutant/7,hour,104.4253600000,µg/m3,2018-07-26 21:00:00 +01:00,2018-07-26 22:00:00 +01:00,1,1
GB,http://environment.data.gov.uk/air-quality/so,GB_Network_1,Station_GB1024A,,GB_SamplingPoint_74174,GB_StationProcess_918,GB_SamplingFeature_918,O3,http://dd.eionet.europa.eu/vocabulary/aq/pollutant/7,hour,90.5938900000,µg/m3,2018-07-26 22:00:00 +01:00,2018-07-26 23:00:00 +01:00,1,1
GB,http://environment.data.gov.uk/air-quality/so,GB_Network_1,Station_GB1024A,,GB_SamplingPoint_74174,GB_StationProcess_918,GB_SamplingFeature_918,O3,http://dd.eionet.europa.eu/vocabulary/aq/pollutant/7,hour,38.9593800000,µg/m3,2018-07-27 01:00:00 +01:00,2018-07-27 02:00:00 +01:00,1,1
GB,http://environment.data.gov.uk/air-quality/so,GB_Network_1,Station_GB1024A,,GB_SamplingPoint_74174,GB_StationProcess_918,GB_SamplingFeature_918,O3,http://dd.eionet.europa.eu/vocabulary/aq/pollutant/7,hour,42.4580100000,µg/m3,2018-07-27 02:00:00 +01:00,2018-07-27 03:00:00 +01:00,1,1
GB,http://environment.data.gov.uk/air-quality/so,GB_Network_1,Station_GB1024A,,GB_SamplingPoint_74174,GB_StationProcess_918,GB_SamplingFeature_918,O3,http://dd.eionet.europa.eu/vocabulary/aq/pollutant/7,hour,40.2491300000,µg/m3,2018-07-27 03:00:00 +01:00,2018-07-27 04:00:00 +01:00,1,1
GB,http://environment.data.gov.uk/air-quality/so,GB_Network_1,Station_GB1024A,,GB_SamplingPoint_74174,GB_StationProcess_918,GB_SamplingFeature_918,O3,http://dd.eionet.europa.eu/vocabulary/aq/pollutant/7,hour,47.0092000000,µg/m3,2018-07-27 04:00:00 +01:00,2018-07-27 05:00:00 +01:00,1,1
GB,http://environment.data.gov.uk/air-quality/so,GB_Network_1,Station_GB1024A,,GB_SamplingPoint_74174,GB_StationProcess_918,GB_SamplingFeature_918,O3,http://dd.eionet.europa.eu/vocabulary/aq/pollutant/7,hour,39.9822800000,µg/m3,2018-07-27 06:00:00 +01:00,2018-07-27 07:00:00 +01:00,1,1
GB,http://environment.data.gov.uk/air-quality/so,GB_Network_1,Station_GB1024A,,GB_SamplingPoint_74174,GB_StationProcess_918,GB_SamplingFeature_918,O3,http://dd.eionet.europa.eu/vocabulary/aq/pollutant/7,hour,49.3218600000,µg/m3,2018-07-27 08:00:00 +01:00,2018-07-27 09:00:00 +01:00,1,1
GB,http://environment.data.gov.uk/air-quality/so,GB_Network_1,Station_GB1024A,,GB_SamplingPoint_74174,GB_StationProcess_918,GB_SamplingFeature_918,O3,http://dd.eionet.europa.eu/vocabulary/aq/pollutant/7,hour,64.1762300000,µg/m3,2018-07-27 09:00:00 +01:00,2018-07-27 10:00:00 +01:00,1,1
GB,http://environment.data.gov.uk/air-quality/so,GB_Network_1,Station_GB1024A,,GB_SamplingPoint_74174,GB_StationProcess_918,GB_SamplingFeature_918,O3,http://dd.eionet.europa.eu/vocabulary/aq/pollutant/7,hour,73.8716000000,µg/m3,2018-07-27 10:00:00 +01:00,2018-07-27 11:00:00 +01:00,1,1
GB,http://environment.data.gov.uk/air-quality/so,GB_Network_1,Station_GB1024A,,GB_SamplingPoint_74174,GB_StationProcess_918,GB_SamplingFeature_918,O3,http://dd.eionet.europa.eu/vocabulary/aq/pollutant/7,hour,148.6326900000,µg/m3,2018-07-27 14:00:00 +01:00,2018-07-27 15:00:00 +01:00,1,1
GB,http://environment.data.gov.uk/air-quality/so,GB_Network_1,Station_GB1024A,,GB_SamplingPoint_74174,GB_StationProcess_918,GB_SamplingFeature_918,O3,http://dd.eionet.europa.eu/vocabulary/aq/pollutant/7,hour,118.1234100000,µg/m3,2018-07-27 16:00:00 +01:00,2018-07-27 17:00:00 +01:00,1,1
GB,http://environment.data.gov.uk/air-quality/so,GB_Network_1,Station_GB1024A,,GB_SamplingPoint_74174,GB_StationProcess_918,GB_SamplingFeature_918,O3,http://dd.eionet.europa.eu/vocabulary/aq/pollutant/7,hour,65.4659900000,µg/m3,2018-07-27 18:00:00 +01:00,2018-07-27 19:00:00 +01:00,1,1
GB,http://environment.data.gov.uk/air-quality/so,GB_Network_1,Station_GB1024A,,GB_SamplingPoint_74174,GB_StationProcess_918,GB_SamplingFeature_918,O3,http://dd.eionet.europa.eu/vocabulary/aq/pollutant/7,hour,48.1210600000,µg/m3,2018-07-27 19:00:00 +01:00,2018-07-27 20:00:00 +01:00,1,1
GB,http://environment.data.gov.uk/air-quality/so,GB_Network_1,Station_GB1024A,,GB_SamplingPoint_74174,GB_StationProcess_918,GB_SamplingFeature_918,O3,http://dd.eionet.europa.eu/vocabulary/aq/pollutant/7,hour,29.5308500000,µg/m3,2018-07-27 23:00:00 +01:00,2018-07-28 00:00:00 +01:00,1,1
GB,http://environment.data.gov.uk/air-quality/so,GB_Network_1,Station_GB1024A,,GB_SamplingPoint_74174,GB_StationProcess_918,GB_SamplingFeature_918,O3,http://dd.eionet.europa.eu/vocabulary/aq/pollutant/7,hour,45.1264600000,µg/m3,2018-07-28 01:00:00 +01:00,2018-07-28 02:00:00 +01:00,1,1
GB,http://environment.data.gov.uk/air-quality/so,GB_Network_1,Station_GB1024A,,GB_SamplingPoint_74174,GB_StationProcess_918,GB_SamplingFeature_918,O3,http://dd.eionet.europa.eu/vocabulary/aq/pollutant/7,hour,45.8528700000,µg/m3,2018-07-28 03:00:00 +01:00,2018-07-28 04:00:00 +01:00,1,1
GB,http://environment.data.gov.uk/air-quality/so,GB_Network_1,Station_GB1024A,,GB_SamplingPoint_74174,GB_StationProcess_918,GB_SamplingFeature_918,O3,http://dd.eionet.europa.eu/vocabulary/aq/pollutant/7,hour,40.7828200000,µg/m3,2018-07-28 05:00:00 +01:00,2018-07-28 06:00:00 +01:00,1,1
GB,http://environment.data.gov.uk/air-quality/so,GB_Network_1,Station_GB1024A,,GB_SamplingPoint_74174,GB_StationProcess_918,GB_SamplingFeature_918,O3,http://dd.eionet.europa.eu/vocabulary/aq/pollutant/7,hour,45.3191800000,µg/m3,2018-07-28 06:00:00 +01:00,2018-07-28 07:00:00 +01:00,1,1
GB,http://environment.data.gov.uk/air-quality/so,GB_Network_1,Station_GB1024A,,GB_SamplingPoint_74174,GB_StationProcess_918,GB_SamplingFeature_918,O3,http://dd.eionet.europa.eu/vocabulary/aq/pollutant/7,hour,54.1695500000,µg/m3,2018-07-28 08:00:00 +01:00,2018-07-28 09:00:00 +01:00,1,1
GB,http://environment.data.gov.uk/air-quality/so,GB_Network_1,Station_GB1024A,,GB_SamplingPoint_74174,GB_StationProcess_918,GB_SamplingFeature_918,O3,http://dd.eionet.europa.eu/vocabulary/aq/pollutant/7,hour,54.8366600000,µg/m3,2018-07-28 09:00:00 +01:00,2018-07-28 10:00:00 +01:00,1,1
GB,http://environment.data.gov.uk/air-quality/so,GB_Network_1,Station_GB1024A,,GB_SamplingPoint_74174,GB_StationProcess_918,GB_SamplingFeature_918,O3,http://dd.eionet.europa.eu/vocabulary/aq/pollutant/7,hour,65.0212400000,µg/m3,2018-07-28 11:00:00 +01:00,2018-07-28 12:00:00 +01:00,1,1
GB,http://environment.data.gov.uk/air-quality/so,GB_Network_1,Station_GB1024A,,GB_SamplingPoint_74174,GB_StationProcess_918,GB_SamplingFeature_918,O3,http://dd.eionet.europa.eu/vocabulary/aq/pollutant/7,hour,68.8015500000,µg/m3,2018-07-28 12:00:00 +01:00,2018-07-28 13:00:00 +01:00,1,1
GB,http://environment.data.gov.uk/air-quality/so,GB_Network_1,Station_GB1024A,,GB_SamplingPoint_74174,GB_StationProcess_918,GB_SamplingFeature_918,O3,http://dd.eionet.europa.eu/vocabulary/aq/pollutant/7,hour,69.5131400000,µg/m3,2018-07-28 13:00:00 +01:00,2018-07-28 14:00:00 +01:00,1,1
GB,http://environment.data.gov.uk/air-quality/so,GB_Network_1,Station_GB1024A,,GB_SamplingPoint_74174,GB_StationProcess_918,GB_SamplingFeature_918,O3,http://dd.eionet.europa.eu/vocabulary/aq/pollutant/7,hour,65.3325600000,µg/m3,2018-07-28 17:00:00 +01:00,2018-07-28 18:00:00 +01:00,1,1
GB,http://environment.data.gov.uk/air-quality/so,GB_Network_1,Station_GB1024A,,GB_SamplingPoint_74174,GB_StationProcess_918,GB_SamplingFeature_918,O3,http://dd.eionet.europa.eu/vocabulary/aq/pollutant/7,hour,59.4619700000,µg/m3,2018-07-28 19:00:00 +01:00,2018-07-28 20:00:00 +01:00,1,1
GB,http://environment.data.gov.uk/air-quality/so,GB_Network_1,Station_GB1024A,,GB_SamplingPoint_74174,GB_StationProcess_918,GB_SamplingFeature_918,O3,http://dd.eionet.europa.eu/vocabulary/aq/pollutant/7,hour,56.4377300000,µg/m3,2018-07-28 22:00:00 +01:00,2018-07-28 23:00:00 +01:00,1,1
GB,http://environment.data.gov.uk/air-quality/so,GB_Network_1,Station_GB1024A,,GB_SamplingPoint_74174,GB_StationProcess_918,GB_SamplingFeature_918,O3,http://dd.eionet.europa.eu/vocabulary/aq/pollutant/7,hour,54.4363900000,µg/m3,2018-07-28 23:00:00 +01:00,2018-07-29 00:00:00 +01:00,1,1
GB,http://environment.data.gov.uk/air-quality/so,GB_Network_1,Station_GB1024A,,GB_SamplingPoint_74174,GB_StationProcess_918,GB_SamplingFeature_918,O3,http://dd.eionet.europa.eu/vocabulary/aq/pollutant/7,hour,52.5240000000,µg/m3,2018-07-29 00:00:00 +01:00,2018-07-29 01:00:00 +01:00,1,1
GB,http://environment.data.gov.uk/air-quality/so,GB_Network_1,Station_GB1024A,,GB_SamplingPoint_74174,GB_StationProcess_918,GB_SamplingFeature_918,O3,http://dd.eionet.europa.eu/vocabulary/aq/pollutant/7,hour,50.2261700000,µg/m3,2018-07-29 02:00:00 +01:00,2018-07-29 03:00:00 +01:00,1,1
GB,http://environment.data.gov.uk/air-quality/so,GB_Network_1,Station_GB1024A,,GB_SamplingPoint_74174,GB_StationProcess_918,GB_SamplingFeature_918,O3,http://dd.eionet.europa.eu/vocabulary/aq/pollutant/7,hour,52.1682100000,µg/m3,2018-07-29 03:00:00 +01:00,2018-07-29 04:00:00 +01:00,1,1
GB,http://environment.data.gov.uk/air-quality/so,GB_Network_1,Station_GB1024A,,GB_SamplingPoint_74174,GB_StationProcess_918,GB_SamplingFeature_918,O3,http://dd.eionet.europa.eu/vocabulary/aq/pollutant/7,hour,55.3703500000,µg/m3,2018-07-29 04:00:00 +01:00,2018-07-29 05:00:00 +01:00,1,1
GB,http://environment.data.gov.uk/air-quality/so,GB_Network_1,Station_GB1024A,,GB_SamplingPoint_74174,GB_StationProcess_918,GB_SamplingFeature_918,O3,http://dd.eionet.europa.eu/vocabulary/aq/pollutant/7,hour,48.5658000000,µg/m3,2018-07-29 06:00:00 +01:00,2018-07-29 07:00:00 +01:00,1,1
GB,http://environment.data.gov.uk/air-quality/so,GB_Network_1,Station_GB1024A,,GB_SamplingPoint_74174,GB_StationProcess_918,GB_SamplingFeature_918,O3,http://dd.eionet.europa.eu/vocabulary/aq/pollutant/7,hour,50.7895100000,µg/m3,2018-07-29 07:00:00 +01:00,2018-07-29 08:00:00 +01:00,1,1
GB,http://environment.data.gov.uk/air-quality/so,GB_Network_1,Station_GB1024A,,GB_SamplingPoint_74174,GB_StationProcess_918,GB_SamplingFeature_918,O3,http://dd.eionet.europa.eu/vocabulary/aq/pollutant/7,hour,47.8542100000,µg/m3,2018-07-29 09:00:00 +01:00,2018-07-29 10:00:00 +01:00,1,1
GB,http://environment.data.gov.uk/air-quality/so,GB_Network_1,Station_GB1024A,,GB_SamplingPoint_74174,GB_StationProcess_918,GB_SamplingFeature_918,O3,http://dd.eionet.europa.eu/vocabulary/aq/pollutant/7,hour,45.3636600000,µg/m3,2018-07-29 11:00:00 +01:00,2018-07-29 12:00:00 +01:00,1,1
GB,http://environment.data.gov.uk/air-quality/so,GB_Network_1,Station_GB1024A,,GB_SamplingPoint_74174,GB_StationProcess_918,GB_SamplingFeature_918,O3,http://dd.eionet.europa.eu/vocabulary/aq/pollutant/7,hour,43.2289000000,µg/m3,2018-07-29 15:00:00 +01:00,2018-07-29 16:00:00 +01:00,1,1
GB,http://environment.data.gov.uk/air-quality/so,GB_Network_1,Station_GB1024A,,GB_SamplingPoint_74174,GB_StationProcess_918,GB_SamplingFeature_918,O3,http://dd.eionet.europa.eu/vocabulary/aq/pollutant/7,hour,43.2289000000,µg/m3,2018-07-29 16:00:00 +01:00,2018-07-29 17:00:00 +01:00,1,1
GB,http://environment.data.gov.uk/air-quality/so,GB_Network_1,Station_GB1024A,,GB_SamplingPoint_74174,GB_StationProcess_918,GB_SamplingFeature_918,O3,http://dd.eionet.europa.eu/vocabulary/aq/pollutant/7,hour,30.0200700000,µg/m3,2018-07-29 18:00:00 +01:00,2018-07-29 19:00:00 +01:00,1,1
GB,http://environment.data.gov.uk/air-quality/so,GB_Network_1,Station_GB1024A,,GB_SamplingPoint_74174,GB_StationProcess_918,GB_SamplingFeature_918,O3,http://dd.eionet.europa.eu/vocabulary/aq/pollutant/7,hour,23.5713100000,µg/m3,2018-07-29 19:00:00 +01:00,2018-07-29 20:00:00 +01:00,1,1
GB,http://environment.data.gov.uk/air-quality/so,GB_Network_1,Station_GB1024A,,GB_SamplingPoint_74174,GB_StationProcess_918,GB_SamplingFeature_918,O3,http://dd.eionet.europa.eu/vocabulary/aq/pollutant/7,hour,25.2613300000,µg/m3,2018-07-29 22:00:00 +01:00,2018-07-29 23:00:00 +01:00,1,1
GB,http://environment.data.gov.uk/air-quality/so,GB_Network_1,Station_GB1024A,,GB_SamplingPoint_74174,GB_StationProcess_918,GB_SamplingFeature_918,O3,http://dd.eionet.europa.eu/vocabulary/aq/pollutant/7,hour,24.5497400000,µg/m3,2018-07-29 23:00:00 +01:00,2018-07-30 00:00:00 +01:00,1,1
GB,http://environment.data.gov.uk/air-quality/so,GB_Network_1,Station_GB1024A,,GB_SamplingPoint_74174,GB_StationProcess_918,GB_SamplingFeature_918,O3,http://dd.eionet.europa.eu/vocabulary/aq/pollutant/7,hour,28.9082100000,µg/m3,2018-07-30 00:00:00 +01:00,2018-07-30 01:00:00 +01:00,1,1
GB,http://environment.data.gov.uk/air-quality/so,GB_Network_1,Station_GB1024A,,GB_SamplingPoint_74174,GB_StationProcess_918,GB_SamplingFeature_918,O3,http://dd.eionet.europa.eu/vocabulary/aq/pollutant/7,hour,26.3880100000,µg/m3,2018-07-30 01:00:00 +01:00,2018-07-30 02:00:00 +01:00,1,1
GB,http://environment.data.gov.uk/air-quality/so,GB_Network_1,Station_GB1024A,,GB_SamplingPoint_74174,GB_StationProcess_918,GB_SamplingFeature_918,O3,http://dd.eionet.europa.eu/vocabulary/aq/pollutant/7,hour,22.9931500000,µg/m3,2018-07-30 03:00:00 +01:00,2018-07-30 04:00:00 +01:00,1,1
GB,http://environment.data.gov.uk/air-quality/so,GB_Network_1,Station_GB1024A,,GB_SamplingPoint_74174,GB_StationProcess_918,GB_SamplingFeature_918,O3,http://dd.eionet.europa.eu/vocabulary/aq/pollutant/7,hour,21.4365500000,µg/m3,2018-07-30 04:00:00 +01:00,2018-07-30 05:00:00 +01:00,1,1
GB,http://environment.data.gov.uk/air-quality/so,GB_Network_1,Station_GB1024A,,GB_SamplingPoint_74174,GB_StationProcess_918,GB_SamplingFeature_918,O3,http://dd.eionet.europa.eu/vocabulary/aq/pollutant/7,hour,14.6764800000,µg/m3,2018-07-30 07:00:00 +01:00,2018-07-30 08:00:00 +01:00,1,1
GB,http://environment.data.gov.uk/air-quality/so,GB_Network_1,Station_GB1024A,,GB_SamplingPoint_74174,GB_StationProcess_918,GB_SamplingFeature_918,O3,http://dd.eionet.europa.eu/vocabulary/aq/pollutant/7,hour,19.2573200000,µg/m3,2018-07-30 08:00:00 +01:00,2018-07-30 09:00:00 +01:00,1,1
GB,http://environment.data.gov.uk/air-quality/so,GB_Network_1,Station_GB1024A,,GB_SamplingPoint_74174,GB_StationProcess_918,GB_SamplingFeature_918,O3,http://dd.eionet.europa.eu/vocabulary/aq/pollutant/7,hour,19.8799600000,µg/m3,2018-07-30 09:00:00 +01:00,2018-07-30 10:00:00 +01:00,1,1
GB,http://environment.data.gov.uk/air-quality/so,GB_Network_1,Station_GB1024A,,GB_SamplingPoint_74174,GB_StationProcess_918,GB_SamplingFeature_918,O3,http://dd.eionet.europa.eu/vocabulary/aq/pollutant/7,hour,22.5484100000,µg/m3,2018-07-30 10:00:00 +01:00,2018-07-30 11:00:00 +01:00,1,1
GB,http://environment.data.gov.uk/air-quality/so,GB_Network_1,Station_GB1024A,,GB_SamplingPoint_74174,GB_StationProcess_918,GB_SamplingFeature_918,O3,http://dd.eionet.europa.eu/vocabulary/aq/pollutant/7,hour,29.3529600000,µg/m3,2018-07-30 11:00:00 +01:00,2018-07-30 12:00:00 +01:00,1,1
GB,http://environment.data.gov.uk/air-quality/so,GB_Network_1,Station_GB1024A,,GB_SamplingPoint_74174,GB_StationProcess_918,GB_SamplingFeature_918,O3,http://dd.eionet.europa.eu/vocabulary/aq/pollutant/7,hour,32.1993000000,µg/m3,2018-07-30 12:00:00 +01:00,2018-07-30 13:00:00 +01:00,1,1
GB,http://environment.data.gov.uk/air-quality/so,GB_Network_1,Station_GB1024A,,GB_SamplingPoint_74174,GB_StationProcess_918,GB_SamplingFeature_918,O3,http://dd.eionet.europa.eu/vocabulary/aq/pollutant/7,hour,42.8731000000,µg/m3,2018-07-30 13:00:00 +01:00,2018-07-30 14:00:00 +01:00,1,1
GB,http://environment.data.gov.uk/air-quality/so,GB_Network_1,Station_GB1024A,,GB_SamplingPoint_74174,GB_StationProcess_918,GB_SamplingFeature_918,O3,http://dd.eionet.europa.eu/vocabulary/aq/pollutant/7,hour,45.7194500000,µg/m3,2018-07-30 14:00:00 +01:00,2018-07-30 15:00:00 +01:00,1,1
GB,http://environment.data.gov.uk/air-quality/so,GB_Network_1,Station_GB1024A,,GB_SamplingPoint_74174,GB_StationProcess_918,GB_SamplingFeature_918,O3,http://dd.eionet.europa.eu/vocabulary/aq/pollutant/7,hour,46.4310400000,µg/m3,2018-07-30 15:00:00 +01:00,2018-07-30 16:00:00 +01:00,1,1
GB,http://environment.data.gov.uk/air-quality/so,GB_Network_1,Station_GB1024A,,GB_SamplingPoint_74174,GB_StationProcess_918,GB_SamplingFeature_918,O3,http://dd.eionet.europa.eu/vocabulary/aq/pollutant/7,hour,44.2962800000,µg/m3,2018-07-30 19:00:00 +01:00,2018-07-30 20:00:00 +01:00,1,1
GB,http://environment.data.gov.uk/air-quality/so,GB_Network_1,Station_GB1024A,,GB_SamplingPoint_74174,GB_StationProcess_918,GB_SamplingFeature_918,O3,http://dd.eionet.europa.eu/vocabulary/aq/pollutant/7,hour,43.9849600000,µg/m3,2018-07-30 20:00:00 +01:00,2018-07-30 21:00:00 +01:00,1,1
GB,http://environment.data.gov.uk/air-quality/so,GB_Network_1,Station_GB1024A,,GB_SamplingPoint_74174,GB_StationProcess_918,GB_SamplingFeature_918,O3,http://dd.eionet.europa.eu/vocabulary/aq/pollutant/7,hour,42.2059900000,µg/m3,2018-07-30 21:00:00 +01:00,2018-07-30 22:00:00 +01:00,1,1
GB,http://environment.data.gov.uk/air-quality/so,GB_Network_1,Station_GB1024A,,GB_SamplingPoint_74174,GB_StationProcess_918,GB_SamplingFeature_918,O3,http://dd.eionet.europa.eu/vocabulary/aq/pollutant/7,hour,33.3111600000,µg/m3,2018-07-31 00:00:00 +01:00,2018-07-31 01:00:00 +01:00,1,1
GB,http://environment.data.gov.uk/air-quality/so,GB_Network_1,Station_GB1024A,,GB_SamplingPoint_74174,GB_StationProcess_918,GB_SamplingFeature_918,O3,http://dd.eionet.europa.eu/vocabulary/aq/pollutant/7,hour,33.0294900000,µg/m3,2018-07-31 01:00:00 +01:00,2018-07-31 02:00:00 +01:00,1,1
GB,http://environment.data.gov.uk/air-quality/so,GB_Network_1,Station_GB1024A,,GB_SamplingPoint_74174,GB_StationProcess_918,GB_SamplingFeature_918,O3,http://dd.eionet.europa.eu/vocabulary/aq/pollutant/7,hour,29.4863800000,µg/m3,2018-07-31 03:00:00 +01:00,2018-07-31 04:00:00 +01:00,1,1
GB,http://environment.data.gov.uk/air-quality/so,GB_Network_1,Station_GB1024A,,GB_SamplingPoint_74174,GB_StationProcess_918,GB_SamplingFeature_918,O3,http://dd.eionet.europa.eu/vocabulary/aq/pollutant/7,hour,16.0107000000,µg/m3,2018-07-31 05:00:00 +01:00,2018-07-31 06:00:00 +01:00,1,1
GB,http://environment.data.gov.uk/air-quality/so,GB_Network_1,Station_GB1024A,,GB_SamplingPoint_74174,GB_StationProcess_918,GB_SamplingFeature_918,O3,http://dd.eionet.europa.eu/vocabulary/aq/pollutant/7,hour,28.9971600000,µg/m3,2018-07-31 07:00:00 +01:00,2018-07-31 08:00:00 +01:00,1,1
GB,http://environment.data.gov.uk/air-quality/so,GB_Network_1,Station_GB1024A,,GB_SamplingPoint_74174,GB_StationProcess_918,GB_SamplingFeature_918,O3,http://dd.eionet.europa.eu/vocabulary/aq/pollutant/7,hour,35.8461900000,µg/m3,2018-07-31 08:00:00 +01:00,2018-07-31 09:00:00 +01:00,1,1
GB,http://environment.data.gov.uk/air-quality/so,GB_Network_1,Station_GB1024A,,GB_SamplingPoint_74174,GB_StationProcess_918,GB_SamplingFeature_918,O3,http://dd.eionet.europa.eu/vocabulary/aq/pollutant/7,hour,46.9647300000,µg/m3,2018-07-31 09:00:00 +01:00,2018-07-31 10:00:00 +01:00,1,1
GB,http://environment.data.gov.uk/air-quality/so,GB_Network_1,Station_GB1024A,,GB_SamplingPoint_74174,GB_StationProcess_918,GB_SamplingFeature_918,O3,http://dd.eionet.europa.eu/vocabulary/aq/pollutant/7,hour,60.1735600000,µg/m3,2018-07-31 11:00:00 +01:00,2018-07-31 12:00:00 +01:00,1,1
GB,http://environment.data.gov.uk/air-quality/so,GB_Network_1,Station_GB1024A,,GB_SamplingPoint_74174,GB_StationProcess_918,GB_SamplingFeature_918,O3,http://dd.eionet.europa.eu/vocabulary/aq/pollutant/7,hour,75.8729400000,µg/m3,2018-07-31 14:00:00 +01:00,2018-07-31 15:00:00 +01:00,1,1
GB,http://environment.data.gov.uk/air-quality/so,GB_Network_1,Station_GB1024A,,GB_SamplingPoint_74174,GB_StationProcess_918,GB_SamplingFeature_918,O3,http://dd.eionet.europa.eu/vocabulary/aq/pollutant/7,hour,87.6141200000,µg/m3,2018-07-31 16:00:00 +01:00,2018-07-31 17:00:00 +01:00,1,1
GB,http://environment.data.gov.uk/air-quality/so,GB_Network_1,Station_GB1024A,,GB_SamplingPoint_74174,GB_StationProcess_918,GB_SamplingFeature_918,O3,http://dd.eionet.europa.eu/vocabulary/aq/pollutant/7,hour,84.4119800000,µg/m3,2018-07-31 17:00:00 +01:00,2018-07-31 18:00:00 +01:00,1,1
GB,http://environment.data.gov.uk/air-quality/so,GB_Network_1,Station_GB1024A,,GB_SamplingPoint_74174,GB_StationProcess_918,GB_SamplingFeature_918,O3,http://dd.eionet.europa.eu/vocabulary/aq/pollutant/7,hour,80.0535100000,µg/m3,2018-07-31 18:00:00 +01:00,2018-07-31 19:00:00 +01:00,1,1
GB,http://environment.data.gov.uk/air-quality/so,GB_Network_1,Station_GB1024A,,GB_SamplingPoint_74174,GB_StationProcess_918,GB_SamplingFeature_918,O3,http://dd.eionet.europa.eu/vocabulary/aq/pollutant/7,hour,71.6479000000,µg/m3,2018-07-31 19:00:00 +01:00,2018-07-31 20:00:00 +01:00,1,1
GB,http://environment.data.gov.uk/air-quality/so,GB_Network_1,Station_GB1024A,,GB_SamplingPoint_74174,GB_StationProcess_918,GB_SamplingFeature_918,O3,http://dd.eionet.europa.eu/vocabulary/aq/pollutant/7,hour,58.7059100000,µg/m3,2018-07-31 21:00:00 +01:00,2018-07-31 22:00:00 +01:00,1,1
GB,http://environment.data.gov.uk/air-quality/so,GB_Network_1,Station_GB1024A,,GB_SamplingPoint_74174,GB_StationProcess_918,GB_SamplingFeature_918,O3,http://dd.eionet.europa.eu/vocabulary/aq/pollutant/7,hour,45.8973500000,µg/m3,2018-07-31 23:00:00 +01:00,2018-08-01 00:00:00 +01:00,1,1
GB,http://environment.data.gov.uk/air-quality/so,GB_Network_1,Station_GB1024A,,GB_SamplingPoint_74174,GB_StationProcess_918,GB_SamplingFeature_918,O3,http://dd.eionet.europa.eu/vocabulary/aq/pollutant/7,hour,35.5793400000,µg/m3,2018-08-01 00:00:00 +01:00,2018-08-01 01:00:00 +01:00,1,1
GB,http://environment.data.gov.uk/air-quality/so,GB_Network_1,Station_GB1024A,,GB_SamplingPoint_74174,GB_StationProcess_918,GB_SamplingFeature_918,O3,http://dd.eionet.europa.eu/vocabulary/aq/pollutant/7,hour,35.2235500000,µg/m3,2018-08-01 01:00:00 +01:00,2018-08-01 02:00:00 +01:00,1,1
GB,http://environment.data.gov.uk/air-quality/so,GB_Network_1,Station_GB1024A,,GB_SamplingPoint_74174,GB_StationProcess_918,GB_SamplingFeature_918,O3,http://dd.eionet.europa.eu/vocabulary/aq/pollutant/7,hour,33.8596700000,µg/m3,2018-08-01 02:00:00 +01:00,2018-08-01 03:00:00 +01:00,1,1
GB,http://environment.data.gov.uk/air-quality/so,GB_Network_1,Station_GB1024A,,GB_SamplingPoint_74174,GB_StationProcess_918,GB_SamplingFeature_918,O3,http://dd.eionet.europa.eu/vocabulary/aq/pollutant/7,hour,25.0834300000,µg/m3,2018-08-01 03:00:00 +01:00,2018-08-01 04:00:00 +01:00,1,1
GB,http://environment.data.gov.uk/air-quality/so,GB_Network_1,Station_GB1024A,,GB_SamplingPoint_74174,GB_StationProcess_918,GB_SamplingFeature_918,O3,http://dd.eionet.europa.eu/vocabulary/aq/pollutant/7,hour,22.9931500000,µg/m3,2018-08-01 04:00:00 +01:00,2018-08-01 05:00:00 +01:00,1,1
GB,http://environment.data.gov.uk/air-quality/so,GB_Network_1,Station_GB1024A,,GB_SamplingPoint_74174,GB_StationProcess_918,GB_SamplingFeature_918,O3,http://dd.eionet.europa.eu/vocabulary/aq/pollutant/7,hour,16.0551800000,µg/m3,2018-08-01 05:00:00 +01:00,2018-08-01 06:00:00 +01:00,1,1
GB,http://environment.data.gov.uk/air-quality/so,GB_Network_1,Station_GB1024A,,GB_SamplingPoint_74174,GB_StationProcess_918,GB_SamplingFeature_918,O3,http://dd.eionet.europa.eu/vocabulary/aq/pollutant/7,hour,15.6993800000,µg/m3,2018-08-01 06:00:00 +01:00,2018-08-01 07:00:00 +01:00,1,1
GB,http://environment.data.gov.uk/air-quality/so,GB_Network_1,Station_GB1024A,,GB_SamplingPoint_74174,GB_StationProcess_918,GB_SamplingFeature_918,O3,http://dd.eionet.europa.eu/vocabulary/aq/pollutant/7,hour,50.7005600000,µg/m3,2018-08-01 10:00:00 +01:00,2018-08-01 11:00:00 +01:00,1,1
GB,http://environment.data.gov.uk/air-quality/so,GB_Network_1,Station_GB1024A,,GB_SamplingPoint_74174,GB_StationProcess_918,GB_SamplingFeature_918,O3,http://dd.eionet.europa.eu/vocabulary/aq/pollutant/7,hour,56.2598300000,µg/m3,2018-08-01 11:00:00 +01:00,2018-08-01 12:00:00 +01:00,1,1
GB,http://environment.data.gov.uk/air-quality/so,GB_Network_1,Station_GB1024A,,GB_SamplingPoint_74174,GB_StationProcess_918,GB_SamplingFeature_918,O3,http://dd.eionet.europa.eu/vocabulary/aq/pollutant/7,hour,93.1734000000,µg/m3,2018-08-01 15:00:00 +01:00,2018-08-01 16:00:00 +01:00,1,1
GB,http://environment.data.gov.uk/air-quality/so,GB_Network_1,Station_GB1024A,,GB_SamplingPoint_74174,GB_StationProcess_918,GB_SamplingFeature_918,O3,http://dd.eionet.europa.eu/vocabulary/aq/pollutant/7,hour,104.2919400000,µg/m3,2018-08-01 17:00:00 +01:00,2018-08-01 18:00:00 +01:00,1,1
GB,http://environment.data.gov.uk/air-quality/so,GB_Network_1,Station_GB1024A,,GB_SamplingPoint_74174,GB_StationProcess_918,GB_SamplingFeature_918,O3,http://dd.eionet.europa.eu/vocabulary/aq/pollutant/7,hour,102.1571800000,µg/m3,2018-08-01 18:00:00 +01:00,2018-08-01 19:00:00 +01:00,1,1
GB,http://environment.data.gov.uk/air-quality/so,GB_Network_1,Station_GB1024A,,GB_SamplingPoint_74174,GB_StationProcess_918,GB_SamplingFeature_918,O3,http://dd.eionet.europa.eu/vocabulary/aq/pollutant/7,hour,89.9712600000,µg/m3,2018-08-01 19:00:00 +01:00,2018-08-01 20:00:00 +01:00,1,1
GB,http://environment.data.gov.uk/air-quality/so,GB_Network_1,Station_GB1024A,,GB_SamplingPoint_74174,GB_StationProcess_918,GB_SamplingFeature_918,O3,http://dd.eionet.europa.eu/vocabulary/aq/pollutant/7,hour,76.1397900000,µg/m3,2018-08-01 20:00:00 +01:00,2018-08-01 21:00:00 +01:00,1,1
GB,http://environment.data.gov.uk/air-quality/so,GB_Network_1,Station_GB1024A,,GB_SamplingPoint_74174,GB_StationProcess_918,GB_SamplingFeature_918,O3,http://dd.eionet.europa.eu/vocabulary/aq/pollutant/7,hour,61.7301500000,µg/m3,2018-08-01 21:00:00 +01:00,2018-08-01 22:00:00 +01:00,1,1
GB,http://environment.data.gov.uk/air-quality/so,GB_Network_1,Station_GB1024A,,GB_SamplingPoint_74174,GB_StationProcess_918,GB_SamplingFeature_918,O3,http://dd.eionet.europa.eu/vocabulary/aq/pollutant/7,hour,48.6547500000,µg/m3,2018-08-01 22:00:00 +01:00,2018-08-01 23:00:00 +01:00,1,1
GB,http://environment.data.gov.uk/air-quality/so,GB_Network_1,Station_GB1024A,,GB_SamplingPoint_74174,GB_StationProcess_918,GB_SamplingFeature_918,O3,http://dd.eionet.europa.eu/vocabulary/aq/pollutant/7,hour,32.2437800000,µg/m3,2018-08-01 23:00:00 +01:00,2018-08-02 00:00:00 +01:00,1,1
GB,http://environment.data.gov.uk/air-quality/so,GB_Network_1,Station_GB1024A,,GB_SamplingPoint_74174,GB_StationProcess_918,GB_SamplingFeature_918,O3,http://dd.eionet.europa.eu/vocabulary/aq/pollutant/7,hour,26.3287100000,µg/m3,2018-08-02 00:00:00 +01:00,2018-08-02 01:00:00 +01:00,1,1
GB,http://environment.data.gov.uk/air-quality/so,GB_Network_1,Station_GB1024A,,GB_SamplingPoint_74174,GB_StationProcess_918,GB_SamplingFeature_918,O3,http://dd.eionet.europa.eu/vocabulary/aq/pollutant/7,hour,26.6845100000,µg/m3,2018-08-02 01:00:00 +01:00,2018-08-02 02:00:00 +01:00,1,1
GB,http://environment.data.gov.uk/air-quality/so,GB_Network_1,Station_GB1024A,,GB_SamplingPoint_74174,GB_StationProcess_918,GB_SamplingFeature_918,O3,http://dd.eionet.europa.eu/vocabulary/aq/pollutant/7,hour,29.4122500000,µg/m3,2018-08-02 02:00:00 +01:00,2018-08-02 03:00:00 +01:00,1,1
GB,http://environment.data.gov.uk/air-quality/so,GB_Network_1,Station_GB1024A,,GB_SamplingPoint_74174,GB_StationProcess_918,GB_SamplingFeature_918,O3,http://dd.eionet.europa.eu/vocabulary/aq/pollutant/7,hour,32.3772000000,µg/m3,2018-08-02 04:00:00 +01:00,2018-08-02 05:00:00 +01:00,1,1
GB,http://environment.data.gov.uk/air-quality/so,GB_Network_1,Station_GB1024A,,GB_SamplingPoint_74174,GB_StationProcess_918,GB_SamplingFeature_918,O3,http://dd.eionet.europa.eu/vocabulary/aq/pollutant/7,hour,27.9297800000,µg/m3,2018-08-02 06:00:00 +01:00,2018-08-02 07:00:00 +01:00,1,1
GB,http://environment.data.gov.uk/air-quality/so,GB_Network_1,Station_GB1024A,,GB_SamplingPoint_74174,GB_StationProcess_918,GB_SamplingFeature_918,O3,http://dd.eionet.europa.eu/vocabulary/aq/pollutant/7,hour,,µg/m3,2018-08-02 08:00:00 +01:00,2018-08-02 09:00:00 +01:00,-1,1
GB,http://environment.data.gov.uk/air-quality/so,GB_Network_1,Station_GB1024A,,GB_SamplingPoint_74174,GB_StationProcess_918,GB_SamplingFeature_918,O3,http://dd.eionet.europa.eu/vocabulary/aq/pollutant/7,hour,,µg/m3,2018-08-02 09:00:00 +01:00,2018-08-02 10:00:00 +01:00,-1,1
GB,http://environment.data.gov.uk/air-quality/so,GB_Network_1,Station_GB1024A,,GB_SamplingPoint_74174,GB_StationProcess_918,GB_SamplingFeature_918,O3,http://dd.eionet.europa.eu/vocabulary/aq/pollutant/7,hour,,µg/m3,2018-08-02 10:00:00 +01:00,2018-08-02 11:00:00 +01:00,-1,1
GB,http://environment.data.gov.uk/air-quality/so,GB_Network_1,Station_GB1024A,,GB_SamplingPoint_74174,GB_StationProcess_918,GB_SamplingFeature_918,O3,http://dd.eionet.europa.eu/vocabulary/aq/pollutant/7,hour,,µg/m3,2018-08-02 11:00:00 +01:00,2018-08-02 12:00:00 +01:00,-1,1
GB,http://environment.data.gov.uk/air-quality/so,GB_Network_1,Station_GB1024A,,GB_SamplingPoint_74174,GB_StationProcess_918,GB_SamplingFeature_918,O3,http://dd.eionet.europa.eu/vocabulary/aq/pollutant/7,hour,,µg/m3,2018-08-02 12:00:00 +01:00,2018-08-02 13:00:00 +01:00,-1,1
GB,http://environment.data.gov.uk/air-quality/so,GB_Network_1,Station_GB1024A,,GB_SamplingPoint_74174,GB_StationProcess_918,GB_SamplingFeature_918,O3,http://dd.eionet.europa.eu/vocabulary/aq/pollutant/7,hour,,µg/m3,2018-08-02 13:00:00 +01:00,2018-08-02 14:00:00 +01:00,-1,1
GB,http://environment.data.gov.uk/air-quality/so,GB_Network_1,Station_GB1024A,,GB_SamplingPoint_74174,GB_StationProcess_918,GB_SamplingFeature_918,O3,http://dd.eionet.europa.eu/vocabulary/aq/pollutant/7,hour,,µg/m3,2018-08-02 14:00:00 +01:00,2018-08-02 15:00:00 +01:00,-1,1
GB,http://environment.data.gov.uk/air-quality/so,GB_Network_1,Station_GB1024A,,GB_SamplingPoint_74174,GB_StationProcess_918,GB_SamplingFeature_918,O3,http://dd.eionet.europa.eu/vocabulary/aq/pollutant/7,hour,,µg/m3,2018-08-02 15:00:00 +01:00,2018-08-02 16:00:00 +01:00,-1,1
GB,http://environment.data.gov.uk/air-quality/so,GB_Network_1,Station_GB1024A,,GB_SamplingPoint_74174,GB_StationProcess_918,GB_SamplingFeature_918,O3,http://dd.eionet.europa.eu/vocabulary/aq/pollutant/7,hour,,µg/m3,2018-08-02 16:00:00 +01:00,2018-08-02 17:00:00 +01:00,-1,1
GB,http://environment.data.gov.uk/air-quality/so,GB_Network_1,Station_GB1024A,,GB_SamplingPoint_74174,GB_StationProcess_918,GB_SamplingFeature_918,O3,http://dd.eionet.europa.eu/vocabulary/aq/pollutant/7,hour,,µg/m3,2018-08-02 17:00:00 +01:00,2018-08-02 18:00:00 +01:00,-1,1
GB,http://environment.data.gov.uk/air-quality/so,GB_Network_1,Station_GB1024A,,GB_SamplingPoint_74174,GB_StationProcess_918,GB_SamplingFeature_918,O3,http://dd.eionet.europa.eu/vocabulary/aq/pollutant/7,hour,,µg/m3,2018-08-02 18:00:00 +01:00,2018-08-02 19:00:00 +01:00,-1,1
GB,http://environment.data.gov.uk/air-quality/so,GB_Network_1,Station_GB1024A,,GB_SamplingPoint_74174,GB_StationProcess_918,GB_SamplingFeature_918,O3,http://dd.eionet.europa.eu/vocabulary/aq/pollutant/7,hour,,µg/m3,2018-08-02 19:00:00 +01:00,2018-08-02 20:00:00 +01:00,-1,1
GB,http://environment.data.gov.uk/air-quality/so,GB_Network_1,Station_GB1024A,,GB_SamplingPoint_74174,GB_StationProcess_918,GB_SamplingFeature_918,O3,http://dd.eionet.europa.eu/vocabulary/aq/pollutant/7,hour,,µg/m3,2018-08-02 20:00:00 +01:00,2018-08-02 21:00:00 +01:00,-1,1
GB,http://environment.data.gov.uk/air-quality/so,GB_Network_1,Station_GB1024A,,GB_SamplingPoint_74174,GB_StationProcess_918,GB_SamplingFeature_918,O3,http://dd.eionet.europa.eu/vocabulary/aq/pollutant/7,hour,,µg/m3,2018-08-02 21:00:00 +01:00,2018-08-02 22:00:00 +01:00,-1,1
GB,http://environment.data.gov.uk/air-quality/so,GB_Network_1,Station_GB1024A,,GB_SamplingPoint_74174,GB_StationProcess_918,GB_SamplingFeature_918,O3,http://dd.eionet.europa.eu/vocabulary/aq/pollutant/7,hour,,µg/m3,2018-08-02 22:00:00 +01:00,2018-08-02 23:00:00 +01:00,-1,1
GB,http://environment.data.gov.uk/air-quality/so,GB_Network_1,Station_GB1024A,,GB_SamplingPoint_74174,GB_StationProcess_918,GB_SamplingFeature_918,O3,http://dd.eionet.europa.eu/vocabulary/aq/pollutant/7,hour,,µg/m3,2018-08-02 23:00:00 +01:00,2018-08-03 00:00:00 +01:00,-1,1
GB,http://environment.data.gov.uk/air-quality/so,GB_Network_1,Station_GB1024A,,GB_SamplingPoint_74174,GB_StationProcess_918,GB_SamplingFeature_918,O3,http://dd.eionet.europa.eu/vocabulary/aq/pollutant/7,hour,,µg/m3,2018-08-03 00:00:00 +01:00,2018-08-03 01:00:00 +01:00,-1,1
GB,http://environment.data.gov.uk/air-quality/so,GB_Network_1,Station_GB1024A,,GB_SamplingPoint_74174,GB_StationProcess_918,GB_SamplingFeature_918,O3,http://dd.eionet.europa.eu/vocabulary/aq/pollutant/7,hour,,µg/m3,2018-08-03 01:00:00 +01:00,2018-08-03 02:00:00 +01:00,-1,1
GB,http://environment.data.gov.uk/air-quality/so,GB_Network_1,Station_GB1024A,,GB_SamplingPoint_74174,GB_StationProcess_918,GB_SamplingFeature_918,O3,http://dd.eionet.europa.eu/vocabulary/aq/pollutant/7,hour,,µg/m3,2018-08-03 02:00:00 +01:00,2018-08-03 03:00:00 +01:00,-1,1
GB,http://environment.data.gov.uk/air-quality/so,GB_Network_1,Station_GB1024A,,GB_SamplingPoint_74174,GB_StationProcess_918,GB_SamplingFeature_918,O3,http://dd.eionet.europa.eu/vocabulary/aq/pollutant/7,hour,,µg/m3,2018-08-03 03:00:00 +01:00,2018-08-03 04:00:00 +01:00,-1,1
GB,http://environment.data.gov.uk/air-quality/so,GB_Network_1,Station_GB1024A,,GB_SamplingPoint_74174,GB_StationProcess_918,GB_SamplingFeature_918,O3,http://dd.eionet.europa.eu/vocabulary/aq/pollutant/7,hour,,µg/m3,2018-08-03 04:00:00 +01:00,2018-08-03 05:00:00 +01:00,-1,1
GB,http://environment.data.gov.uk/air-quality/so,GB_Network_1,Station_GB1024A,,GB_SamplingPoint_74174,GB_StationProcess_918,GB_SamplingFeature_918,O3,http://dd.eionet.europa.eu/vocabulary/aq/pollutant/7,hour,,µg/m3,2018-08-03 05:00:00 +01:00,2018-08-03 06:00:00 +01:00,-1,1
GB,http://environment.data.gov.uk/air-quality/so,GB_Network_1,Station_GB1024A,,GB_SamplingPoint_74174,GB_StationProcess_918,GB_SamplingFeature_918,O3,http://dd.eionet.europa.eu/vocabulary/aq/pollutant/7,hour,,µg/m3,2018-08-03 06:00:00 +01:00,2018-08-03 07:00:00 +01:00,-1,1
GB,http://environment.data.gov.uk/air-quality/so,GB_Network_1,Station_GB1024A,,GB_SamplingPoint_74174,GB_StationProcess_918,GB_SamplingFeature_918,O3,http://dd.eionet.europa.eu/vocabulary/aq/pollutant/7,hour,,µg/m3,2018-08-03 07:00:00 +01:00,2018-08-03 08:00:00 +01:00,-1,1
GB,http://environment.data.gov.uk/air-quality/so,GB_Network_1,Station_GB1024A,,GB_SamplingPoint_74174,GB_StationProcess_918,GB_SamplingFeature_918,O3,http://dd.eionet.europa.eu/vocabulary/aq/pollutant/7,hour,,µg/m3,2018-08-03 08:00:00 +01:00,2018-08-03 09:00:00 +01:00,-1,1
GB,http://environment.data.gov.uk/air-quality/so,GB_Network_1,Station_GB1024A,,GB_SamplingPoint_74174,GB_StationProcess_918,GB_SamplingFeature_918,O3,http://dd.eionet.europa.eu/vocabulary/aq/pollutant/7,hour,,µg/m3,2018-08-03 09:00:00 +01:00,2018-08-03 10:00:00 +01:00,-1,1
GB,http://environment.data.gov.uk/air-quality/so,GB_Network_1,Station_GB1024A,,GB_SamplingPoint_74174,GB_StationProcess_918,GB_SamplingFeature_918,O3,http://dd.eionet.europa.eu/vocabulary/aq/pollutant/7,hour,,µg/m3,2018-08-03 10:00:00 +01:00,2018-08-03 11:00:00 +01:00,-1,1
GB,http://environment.data.gov.uk/air-quality/so,GB_Network_1,Station_GB1024A,,GB_SamplingPoint_74174,GB_StationProcess_918,GB_SamplingFeature_918,O3,http://dd.eionet.europa.eu/vocabulary/aq/pollutant/7,hour,,µg/m3,2018-08-03 11:00:00 +01:00,2018-08-03 12:00:00 +01:00,-1,1
GB,http://environment.data.gov.uk/air-quality/so,GB_Network_1,Station_GB1024A,,GB_SamplingPoint_74174,GB_StationProcess_918,GB_SamplingFeature_918,O3,http://dd.eionet.europa.eu/vocabulary/aq/pollutant/7,hour,,µg/m3,2018-08-03 12:00:00 +01:00,2018-08-03 13:00:00 +01:00,-1,1
GB,http://environment.data.gov.uk/air-quality/so,GB_Network_1,Station_GB1024A,,GB_SamplingPoint_74174,GB_StationProcess_918,GB_SamplingFeature_918,O3,http://dd.eionet.europa.eu/vocabulary/aq/pollutant/7,hour,,µg/m3,2018-08-03 13:00:00 +01:00,2018-08-03 14:00:00 +01:00,-1,1
GB,http://environment.data.gov.uk/air-quality/so,GB_Network_1,Station_GB1024A,,GB_SamplingPoint_74174,GB_StationProcess_918,GB_SamplingFeature_918,O3,http://dd.eionet.europa.eu/vocabulary/aq/pollutant/7,hour,,µg/m3,2018-08-03 14:00:00 +01:00,2018-08-03 15:00:00 +01:00,-1,1
GB,http://environment.data.gov.uk/air-quality/so,GB_Network_1,Station_GB1024A,,GB_SamplingPoint_74174,GB_StationProcess_918,GB_SamplingFeature_918,O3,http://dd.eionet.europa.eu/vocabulary/aq/pollutant/7,hour,,µg/m3,2018-08-03 15:00:00 +01:00,2018-08-03 16:00:00 +01:00,-1,1
GB,http://environment.data.gov.uk/air-quality/so,GB_Network_1,Station_GB1024A,,GB_SamplingPoint_74174,GB_StationProcess_918,GB_SamplingFeature_918,O3,http://dd.eionet.europa.eu/vocabulary/aq/pollutant/7,hour,,µg/m3,2018-08-03 16:00:00 +01:00,2018-08-03 17:00:00 +01:00,-1,1
GB,http://environment.data.gov.uk/air-quality/so,GB_Network_1,Station_GB1024A,,GB_SamplingPoint_74174,GB_StationProcess_918,GB_SamplingFeature_918,O3,http://dd.eionet.europa.eu/vocabulary/aq/pollutant/7,hour,,µg/m3,2018-08-03 17:00:00 +01:00,2018-08-03 18:00:00 +01:00,-1,1
GB,http://environment.data.gov.uk/air-quality/so,GB_Network_1,Station_GB1024A,,GB_SamplingPoint_74174,GB_StationProcess_918,GB_SamplingFeature_918,O3,http://dd.eionet.europa.eu/vocabulary/aq/pollutant/7,hour,,µg/m3,2018-08-03 18:00:00 +01:00,2018-08-03 19:00:00 +01:00,-1,1
GB,http://environment.data.gov.uk/air-quality/so,GB_Network_1,Station_GB1024A,,GB_SamplingPoint_74174,GB_StationProcess_918,GB_SamplingFeature_918,O3,http://dd.eionet.europa.eu/vocabulary/aq/pollutant/7,hour,,µg/m3,2018-08-03 19:00:00 +01:00,2018-08-03 20:00:00 +01:00,-1,1
GB,http://environment.data.gov.uk/air-quality/so,GB_Network_1,Station_GB1024A,,GB_SamplingPoint_74174,GB_StationProcess_918,GB_SamplingFeature_918,O3,http://dd.eionet.europa.eu/vocabulary/aq/pollutant/7,hour,,µg/m3,2018-08-03 20:00:00 +01:00,2018-08-03 21:00:00 +01:00,-1,1
GB,http://environment.data.gov.uk/air-quality/so,GB_Network_1,Station_GB1024A,,GB_SamplingPoint_74174,GB_StationProcess_918,GB_SamplingFeature_918,O3,http://dd.eionet.europa.eu/vocabulary/aq/pollutant/7,hour,,µg/m3,2018-08-03 21:00:00 +01:00,2018-08-03 22:00:00 +01:00,-1,1
GB,http://environment.data.gov.uk/air-quality/so,GB_Network_1,Station_GB1024A,,GB_SamplingPoint_74174,GB_StationProcess_918,GB_SamplingFeature_918,O3,http://dd.eionet.europa.eu/vocabulary/aq/pollutant/7,hour,,µg/m3,2018-08-03 22:00:00 +01:00,2018-08-03 23:00:00 +01:00,-1,1
GB,http://environment.data.gov.uk/air-quality/so,GB_Network_1,Station_GB1024A,,GB_SamplingPoint_74174,GB_StationProcess_918,GB_SamplingFeature_918,O3,http://dd.eionet.europa.eu/vocabulary/aq/pollutant/7,hour,,µg/m3,2018-08-03 23:00:00 +01:00,2018-08-04 00:00:00 +01:00,-1,1
GB,http://environment.data.gov.uk/air-quality/so,GB_Network_1,Station_GB1024A,,GB_SamplingPoint_74174,GB_StationProcess_918,GB_SamplingFeature_918,O3,http://dd.eionet.europa.eu/vocabulary/aq/pollutant/7,hour,,µg/m3,2018-08-04 00:00:00 +01:00,2018-08-04 01:00:00 +01:00,-1,1
GB,http://environment.data.gov.uk/air-quality/so,GB_Network_1,Station_GB1024A,,GB_SamplingPoint_74174,GB_StationProcess_918,GB_SamplingFeature_918,O3,http://dd.eionet.europa.eu/vocabulary/aq/pollutant/7,hour,,µg/m3,2018-08-04 01:00:00 +01:00,2018-08-04 02:00:00 +01:00,-1,1
GB,http://environment.data.gov.uk/air-quality/so,GB_Network_1,Station_GB1024A,,GB_SamplingPoint_74174,GB_StationProcess_918,GB_SamplingFeature_918,O3,http://dd.eionet.europa.eu/vocabulary/aq/pollutant/7,hour,,µg/m3,2018-08-04 02:00:00 +01:00,2018-08-04 03:00:00 +01:00,-1,1
GB,http://environment.data.gov.uk/air-quality/so,GB_Network_1,Station_GB1024A,,GB_SamplingPoint_74174,GB_StationProcess_918,GB_SamplingFeature_918,O3,http://dd.eionet.europa.eu/vocabulary/aq/pollutant/7,hour,,µg/m3,2018-08-04 03:00:00 +01:00,2018-08-04 04:00:00 +01:00,-1,1
GB,http://environment.data.gov.uk/air-quality/so,GB_Network_1,Station_GB1024A,,GB_SamplingPoint_74174,GB_StationProcess_918,GB_SamplingFeature_918,O3,http://dd.eionet.europa.eu/vocabulary/aq/pollutant/7,hour,,µg/m3,2018-08-04 04:00:00 +01:00,2018-08-04 05:00:00 +01:00,-1,1
GB,http://environment.data.gov.uk/air-quality/so,GB_Network_1,Station_GB1024A,,GB_SamplingPoint_74174,GB_StationProcess_918,GB_SamplingFeature_918,O3,http://dd.eionet.europa.eu/vocabulary/aq/pollutant/7,hour,,µg/m3,2018-08-04 05:00:00 +01:00,2018-08-04 06:00:00 +01:00,-1,1
GB,http://environment.data.gov.uk/air-quality/so,GB_Network_1,Station_GB1024A,,GB_SamplingPoint_74174,GB_StationProcess_918,GB_SamplingFeature_918,O3,http://dd.eionet.europa.eu/vocabulary/aq/pollutant/7,hour,,µg/m3,2018-08-04 06:00:00 +01:00,2018-08-04 07:00:00 +01:00,-1,1
GB,http://environment.data.gov.uk/air-quality/so,GB_Network_1,Station_GB1024A,,GB_SamplingPoint_74174,GB_StationProcess_918,GB_SamplingFeature_918,O3,http://dd.eionet.europa.eu/vocabulary/aq/pollutant/7,hour,,µg/m3,2018-08-04 07:00:00 +01:00,2018-08-04 08:00:00 +01:00,-1,1
GB,http://environment.data.gov.uk/air-quality/so,GB_Network_1,Station_GB1024A,,GB_SamplingPoint_74174,GB_StationProcess_918,GB_SamplingFeature_918,O3,http://dd.eionet.europa.eu/vocabulary/aq/pollutant/7,hour,,µg/m3,2018-08-04 08:00:00 +01:00,2018-08-04 09:00:00 +01:00,-1,1
GB,http://environment.data.gov.uk/air-quality/so,GB_Network_1,Station_GB1024A,,GB_SamplingPoint_74174,GB_StationProcess_918,GB_SamplingFeature_918,O3,http://dd.eionet.europa.eu/vocabulary/aq/pollutant/7,hour,,µg/m3,2018-08-04 09:00:00 +01:00,2018-08-04 10:00:00 +01:00,-1,1
GB,http://environment.data.gov.uk/air-quality/so,GB_Network_1,Station_GB1024A,,GB_SamplingPoint_74174,GB_StationProcess_918,GB_SamplingFeature_918,O3,http://dd.eionet.europa.eu/vocabulary/aq/pollutant/7,hour,,µg/m3,2018-08-04 10:00:00 +01:00,2018-08-04 11:00:00 +01:00,-1,1
GB,http://environment.data.gov.uk/air-quality/so,GB_Network_1,Station_GB1024A,,GB_SamplingPoint_74174,GB_StationProcess_918,GB_SamplingFeature_918,O3,http://dd.eionet.europa.eu/vocabulary/aq/pollutant/7,hour,,µg/m3,2018-08-04 11:00:00 +01:00,2018-08-04 12:00:00 +01:00,-1,1
GB,http://environment.data.gov.uk/air-quality/so,GB_Network_1,Station_GB1024A,,GB_SamplingPoint_74174,GB_StationProcess_918,GB_SamplingFeature_918,O3,http://dd.eionet.europa.eu/vocabulary/aq/pollutant/7,hour,,µg/m3,2018-08-04 12:00:00 +01:00,2018-08-04 13:00:00 +01:00,-1,1
GB,http://environment.data.gov.uk/air-quality/so,GB_Network_1,Station_GB1024A,,GB_SamplingPoint_74174,GB_StationProcess_918,GB_SamplingFeature_918,O3,http://dd.eionet.europa.eu/vocabulary/aq/pollutant/7,hour,,µg/m3,2018-08-04 13:00:00 +01:00,2018-08-04 14:00:00 +01:00,-1,1
GB,http://environment.data.gov.uk/air-quality/so,GB_Network_1,Station_GB1024A,,GB_SamplingPoint_74174,GB_StationProcess_918,GB_SamplingFeature_918,O3,http://dd.eionet.europa.eu/vocabulary/aq/pollutant/7,hour,,µg/m3,2018-08-04 14:00:00 +01:00,2018-08-04 15:00:00 +01:00,-1,1
GB,http://environment.data.gov.uk/air-quality/so,GB_Network_1,Station_GB1024A,,GB_SamplingPoint_74174,GB_StationProcess_918,GB_SamplingFeature_918,O3,http://dd.eionet.europa.eu/vocabulary/aq/pollutant/7,hour,,µg/m3,2018-08-04 15:00:00 +01:00,2018-08-04 16:00:00 +01:00,-1,1
GB,http://environment.data.gov.uk/air-quality/so,GB_Network_1,Station_GB1024A,,GB_SamplingPoint_74174,GB_StationProcess_918,GB_SamplingFeature_918,O3,http://dd.eionet.europa.eu/vocabulary/aq/pollutant/7,hour,,µg/m3,2018-08-04 16:00:00 +01:00,2018-08-04 17:00:00 +01:00,-1,1
GB,http://environment.data.gov.uk/air-quality/so,GB_Network_1,Station_GB1024A,,GB_SamplingPoint_74174,GB_StationProcess_918,GB_SamplingFeature_918,O3,http://dd.eionet.europa.eu/vocabulary/aq/pollutant/7,hour,,µg/m3,2018-08-04 17:00:00 +01:00,2018-08-04 18:00:00 +01:00,-1,1
GB,http://environment.data.gov.uk/air-quality/so,GB_Network_1,Station_GB1024A,,GB_SamplingPoint_74174,GB_StationProcess_918,GB_SamplingFeature_918,O3,http://dd.eionet.europa.eu/vocabulary/aq/pollutant/7,hour,,µg/m3,2018-08-04 18:00:00 +01:00,2018-08-04 19:00:00 +01:00,-1,1
GB,http://environment.data.gov.uk/air-quality/so,GB_Network_1,Station_GB1024A,,GB_SamplingPoint_74174,GB_StationProcess_918,GB_SamplingFeature_918,O3,http://dd.eionet.europa.eu/vocabulary/aq/pollutant/7,hour,,µg/m3,2018-08-04 19:00:00 +01:00,2018-08-04 20:00:00 +01:00,-1,1
GB,http://environment.data.gov.uk/air-quality/so,GB_Network_1,Station_GB1024A,,GB_SamplingPoint_74174,GB_StationProcess_918,GB_SamplingFeature_918,O3,http://dd.eionet.europa.eu/vocabulary/aq/pollutant/7,hour,,µg/m3,2018-08-04 20:00:00 +01:00,2018-08-04 21:00:00 +01:00,-1,1
GB,http://environment.data.gov.uk/air-quality/so,GB_Network_1,Station_GB1024A,,GB_SamplingPoint_74174,GB_StationProcess_918,GB_SamplingFeature_918,O3,http://dd.eionet.europa.eu/vocabulary/aq/pollutant/7,hour,,µg/m3,2018-08-04 21:00:00 +01:00,2018-08-04 22:00:00 +01:00,-1,1
GB,http://environment.data.gov.uk/air-quality/so,GB_Network_1,Station_GB1024A,,GB_SamplingPoint_74174,GB_StationProcess_918,GB_SamplingFeature_918,O3,http://dd.eionet.europa.eu/vocabulary/aq/pollutant/7,hour,,µg/m3,2018-08-04 22:00:00 +01:00,2018-08-04 23:00:00 +01:00,-1,1
GB,http://environment.data.gov.uk/air-quality/so,GB_Network_1,Station_GB1024A,,GB_SamplingPoint_74174,GB_StationProcess_918,GB_SamplingFeature_918,O3,http://dd.eionet.europa.eu/vocabulary/aq/pollutant/7,hour,,µg/m3,2018-08-04 23:00:00 +01:00,2018-08-05 00:00:00 +01:00,-1,1
GB,http://environment.data.gov.uk/air-quality/so,GB_Network_1,Station_GB1024A,,GB_SamplingPoint_74174,GB_StationProcess_918,GB_SamplingFeature_918,O3,http://dd.eionet.europa.eu/vocabulary/aq/pollutant/7,hour,,µg/m3,2018-08-05 00:00:00 +01:00,2018-08-05 01:00:00 +01:00,-1,1
GB,http://environment.data.gov.uk/air-quality/so,GB_Network_1,Station_GB1024A,,GB_SamplingPoint_74174,GB_StationProcess_918,GB_SamplingFeature_918,O3,http://dd.eionet.europa.eu/vocabulary/aq/pollutant/7,hour,,µg/m3,2018-08-05 01:00:00 +01:00,2018-08-05 02:00:00 +01:00,-1,1
GB,http://environment.data.gov.uk/air-quality/so,GB_Network_1,Station_GB1024A,,GB_SamplingPoint_74174,GB_StationProcess_918,GB_SamplingFeature_918,O3,http://dd.eionet.europa.eu/vocabulary/aq/pollutant/7,hour,,µg/m3,2018-08-05 02:00:00 +01:00,2018-08-05 03:00:00 +01:00,-1,1
GB,http://environment.data.gov.uk/air-quality/so,GB_Network_1,Station_GB1024A,,GB_SamplingPoint_74174,GB_StationProcess_918,GB_SamplingFeature_918,O3,http://dd.eionet.europa.eu/vocabulary/aq/pollutant/7,hour,,µg/m3,2018-08-05 03:00:00 +01:00,2018-08-05 04:00:00 +01:00,-1,1
GB,http://environment.data.gov.uk/air-quality/so,GB_Network_1,Station_GB1024A,,GB_SamplingPoint_74174,GB_StationProcess_918,GB_SamplingFeature_918,O3,http://dd.eionet.europa.eu/vocabulary/aq/pollutant/7,hour,,µg/m3,2018-08-05 04:00:00 +01:00,2018-08-05 05:00:00 +01:00,-1,1
GB,http://environment.data.gov.uk/air-quality/so,GB_Network_1,Station_GB1024A,,GB_SamplingPoint_74174,GB_StationProcess_918,GB_SamplingFeature_918,O3,http://dd.eionet.europa.eu/vocabulary/aq/pollutant/7,hour,,µg/m3,2018-08-05 05:00:00 +01:00,2018-08-05 06:00:00 +01:00,-1,1
GB,http://environment.data.gov.uk/air-quality/so,GB_Network_1,Station_GB1024A,,GB_SamplingPoint_74174,GB_StationProcess_918,GB_SamplingFeature_918,O3,http://dd.eionet.europa.eu/vocabulary/aq/pollutant/7,hour,,µg/m3,2018-08-05 06:00:00 +01:00,2018-08-05 07:00:00 +01:00,-1,1
GB,http://environment.data.gov.uk/air-quality/so,GB_Network_1,Station_GB1024A,,GB_SamplingPoint_74174,GB_StationProcess_918,GB_SamplingFeature_918,O3,http://dd.eionet.europa.eu/vocabulary/aq/pollutant/7,hour,,µg/m3,2018-08-05 07:00:00 +01:00,2018-08-05 08:00:00 +01:00,-1,1
GB,http://environment.data.gov.uk/air-quality/so,GB_Network_1,Station_GB1024A,,GB_SamplingPoint_74174,GB_StationProcess_918,GB_SamplingFeature_918,O3,http://dd.eionet.europa.eu/vocabulary/aq/pollutant/7,hour,,µg/m3,2018-08-05 08:00:00 +01:00,2018-08-05 09:00:00 +01:00,-1,1
GB,http://environment.data.gov.uk/air-quality/so,GB_Network_1,Station_GB1024A,,GB_SamplingPoint_74174,GB_StationProcess_918,GB_SamplingFeature_918,O3,http://dd.eionet.europa.eu/vocabulary/aq/pollutant/7,hour,,µg/m3,2018-08-05 09:00:00 +01:00,2018-08-05 10:00:00 +01:00,-1,1
GB,http://environment.data.gov.uk/air-quality/so,GB_Network_1,Station_GB1024A,,GB_SamplingPoint_74174,GB_StationProcess_918,GB_SamplingFeature_918,O3,http://dd.eionet.europa.eu/vocabulary/aq/pollutant/7,hour,,µg/m3,2018-08-05 10:00:00 +01:00,2018-08-05 11:00:00 +01:00,-1,1
GB,http://environment.data.gov.uk/air-quality/so,GB_Network_1,Station_GB1024A,,GB_SamplingPoint_74174,GB_StationProcess_918,GB_SamplingFeature_918,O3,http://dd.eionet.europa.eu/vocabulary/aq/pollutant/7,hour,,µg/m3,2018-08-05 11:00:00 +01:00,2018-08-05 12:00:00 +01:00,-1,1
GB,http://environment.data.gov.uk/air-quality/so,GB_Network_1,Station_GB1024A,,GB_SamplingPoint_74174,GB_StationProcess_918,GB_SamplingFeature_918,O3,http://dd.eionet.europa.eu/vocabulary/aq/pollutant/7,hour,,µg/m3,2018-08-05 12:00:00 +01:00,2018-08-05 13:00:00 +01:00,-1,1
GB,http://environment.data.gov.uk/air-quality/so,GB_Network_1,Station_GB1024A,,GB_SamplingPoint_74174,GB_StationProcess_918,GB_SamplingFeature_918,O3,http://dd.eionet.europa.eu/vocabulary/aq/pollutant/7,hour,,µg/m3,2018-08-05 13:00:00 +01:00,2018-08-05 14:00:00 +01:00,-1,1
GB,http://environment.data.gov.uk/air-quality/so,GB_Network_1,Station_GB1024A,,GB_SamplingPoint_74174,GB_StationProcess_918,GB_SamplingFeature_918,O3,http://dd.eionet.europa.eu/vocabulary/aq/pollutant/7,hour,,µg/m3,2018-08-05 14:00:00 +01:00,2018-08-05 15:00:00 +01:00,-1,1
GB,http://environment.data.gov.uk/air-quality/so,GB_Network_1,Station_GB1024A,,GB_SamplingPoint_74174,GB_StationProcess_918,GB_SamplingFeature_918,O3,http://dd.eionet.europa.eu/vocabulary/aq/pollutant/7,hour,,µg/m3,2018-08-05 15:00:00 +01:00,2018-08-05 16:00:00 +01:00,-1,1
GB,http://environment.data.gov.uk/air-quality/so,GB_Network_1,Station_GB1024A,,GB_SamplingPoint_74174,GB_StationProcess_918,GB_SamplingFeature_918,O3,http://dd.eionet.europa.eu/vocabulary/aq/pollutant/7,hour,,µg/m3,2018-08-05 16:00:00 +01:00,2018-08-05 17:00:00 +01:00,-1,1
GB,http://environment.data.gov.uk/air-quality/so,GB_Network_1,Station_GB1024A,,GB_SamplingPoint_74174,GB_StationProcess_918,GB_SamplingFeature_918,O3,http://dd.eionet.europa.eu/vocabulary/aq/pollutant/7,hour,,µg/m3,2018-08-05 17:00:00 +01:00,2018-08-05 18:00:00 +01:00,-1,1
GB,http://environment.data.gov.uk/air-quality/so,GB_Network_1,Station_GB1024A,,GB_SamplingPoint_74174,GB_StationProcess_918,GB_SamplingFeature_918,O3,http://dd.eionet.europa.eu/vocabulary/aq/pollutant/7,hour,,µg/m3,2018-08-05 18:00:00 +01:00,2018-08-05 19:00:00 +01:00,-1,1
GB,http://environment.data.gov.uk/air-quality/so,GB_Network_1,Station_GB1024A,,GB_SamplingPoint_74174,GB_StationProcess_918,GB_SamplingFeature_918,O3,http://dd.eionet.europa.eu/vocabulary/aq/pollutant/7,hour,,µg/m3,2018-08-05 19:00:00 +01:00,2018-08-05 20:00:00 +01:00,-1,1
GB,http://environment.data.gov.uk/air-quality/so,GB_Network_1,Station_GB1024A,,GB_SamplingPoint_74174,GB_StationProcess_918,GB_SamplingFeature_918,O3,http://dd.eionet.europa.eu/vocabulary/aq/pollutant/7,hour,,µg/m3,2018-08-05 20:00:00 +01:00,2018-08-05 21:00:00 +01:00,-1,1
GB,http://environment.data.gov.uk/air-quality/so,GB_Network_1,Station_GB1024A,,GB_SamplingPoint_74174,GB_StationProcess_918,GB_SamplingFeature_918,O3,http://dd.eionet.europa.eu/vocabulary/aq/pollutant/7,hour,,µg/m3,2018-08-05 21:00:00 +01:00,2018-08-05 22:00:00 +01:00,-1,1
GB,http://environment.data.gov.uk/air-quality/so,GB_Network_1,Station_GB1024A,,GB_SamplingPoint_74174,GB_StationProcess_918,GB_SamplingFeature_918,O3,http://dd.eionet.europa.eu/vocabulary/aq/pollutant/7,hour,,µg/m3,2018-08-05 22:00:00 +01:00,2018-08-05 23:00:00 +01:00,-1,1
GB,http://environment.data.gov.uk/air-quality/so,GB_Network_1,Station_GB1024A,,GB_SamplingPoint_74174,GB_StationProcess_918,GB_SamplingFeature_918,O3,http://dd.eionet.europa.eu/vocabulary/aq/pollutant/7,hour,,µg/m3,2018-08-05 23:00:00 +01:00,2018-08-06 00:00:00 +01:00,-1,1
GB,http://environment.data.gov.uk/air-quality/so,GB_Network_1,Station_GB1024A,,GB_SamplingPoint_74174,GB_StationProcess_918,GB_SamplingFeature_918,O3,http://dd.eionet.europa.eu/vocabulary/aq/pollutant/7,hour,,µg/m3,2018-08-06 00:00:00 +01:00,2018-08-06 01:00:00 +01:00,-1,1
GB,http://environment.data.gov.uk/air-quality/so,GB_Network_1,Station_GB1024A,,GB_SamplingPoint_74174,GB_StationProcess_918,GB_SamplingFeature_918,O3,http://dd.eionet.europa.eu/vocabulary/aq/pollutant/7,hour,,µg/m3,2018-08-06 01:00:00 +01:00,2018-08-06 02:00:00 +01:00,-1,1
GB,http://environment.data.gov.uk/air-quality/so,GB_Network_1,Station_GB1024A,,GB_SamplingPoint_74174,GB_StationProcess_918,GB_SamplingFeature_918,O3,http://dd.eionet.europa.eu/vocabulary/aq/pollutant/7,hour,,µg/m3,2018-08-06 02:00:00 +01:00,2018-08-06 03:00:00 +01:00,-1,1
GB,http://environment.data.gov.uk/air-quality/so,GB_Network_1,Station_GB1024A,,GB_SamplingPoint_74174,GB_StationProcess_918,GB_SamplingFeature_918,O3,http://dd.eionet.europa.eu/vocabulary/aq/pollutant/7,hour,,µg/m3,2018-08-06 03:00:00 +01:00,2018-08-06 04:00:00 +01:00,-1,1
GB,http://environment.data.gov.uk/air-quality/so,GB_Network_1,Station_GB1024A,,GB_SamplingPoint_74174,GB_StationProcess_918,GB_SamplingFeature_918,O3,http://dd.eionet.europa.eu/vocabulary/aq/pollutant/7,hour,,µg/m3,2018-08-06 04:00:00 +01:00,2018-08-06 05:00:00 +01:00,-1,1
GB,http://environment.data.gov.uk/air-quality/so,GB_Network_1,Station_GB1024A,,GB_SamplingPoint_74174,GB_StationProcess_918,GB_SamplingFeature_918,O3,http://dd.eionet.europa.eu/vocabulary/aq/pollutant/7,hour,,µg/m3,2018-08-06 05:00:00 +01:00,2018-08-06 06:00:00 +01:00,-1,1
GB,http://environment.data.gov.uk/air-quality/so,GB_Network_1,Station_GB1024A,,GB_SamplingPoint_74174,GB_StationProcess_918,GB_SamplingFeature_918,O3,http://dd.eionet.europa.eu/vocabulary/aq/pollutant/7,hour,,µg/m3,2018-08-06 06:00:00 +01:00,2018-08-06 07:00:00 +01:00,-1,1
GB,http://environment.data.gov.uk/air-quality/so,GB_Network_1,Station_GB1024A,,GB_SamplingPoint_74174,GB_StationProcess_918,GB_SamplingFeature_918,O3,http://dd.eionet.europa.eu/vocabulary/aq/pollutant/7,hour,,µg/m3,2018-08-06 07:00:00 +01:00,2018-08-06 08:00:00 +01:00,-1,1
GB,http://environment.data.gov.uk/air-quality/so,GB_Network_1,Station_GB1024A,,GB_SamplingPoint_74174,GB_StationProcess_918,GB_SamplingFeature_918,O3,http://dd.eionet.europa.eu/vocabulary/aq/pollutant/7,hour,,µg/m3,2018-08-06 08:00:00 +01:00,2018-08-06 09:00:00 +01:00,-1,1
GB,http://environment.data.gov.uk/air-quality/so,GB_Network_1,Station_GB1024A,,GB_SamplingPoint_74174,GB_StationProcess_918,GB_SamplingFeature_918,O3,http://dd.eionet.europa.eu/vocabulary/aq/pollutant/7,hour,,µg/m3,2018-08-06 09:00:00 +01:00,2018-08-06 10:00:00 +01:00,-1,1
GB,http://environment.data.gov.uk/air-quality/so,GB_Network_1,Station_GB1024A,,GB_SamplingPoint_74174,GB_StationProcess_918,GB_SamplingFeature_918,O3,http://dd.eionet.europa.eu/vocabulary/aq/pollutant/7,hour,,µg/m3,2018-08-06 10:00:00 +01:00,2018-08-06 11:00:00 +01:00,-1,1
GB,http://environment.data.gov.uk/air-quality/so,GB_Network_1,Station_GB1024A,,GB_SamplingPoint_74174,GB_StationProcess_918,GB_SamplingFeature_918,O3,http://dd.eionet.europa.eu/vocabulary/aq/pollutant/7,hour,,µg/m3,2018-08-06 11:00:00 +01:00,2018-08-06 12:00:00 +01:00,-1,1
GB,http://environment.data.gov.uk/air-quality/so,GB_Network_1,Station_GB1024A,,GB_SamplingPoint_74174,GB_StationProcess_918,GB_SamplingFeature_918,O3,http://dd.eionet.europa.eu/vocabulary/aq/pollutant/7,hour,,µg/m3,2018-08-06 12:00:00 +01:00,2018-08-06 13:00:00 +01:00,-1,1
GB,http://environment.data.gov.uk/air-quality/so,GB_Network_1,Station_GB1024A,,GB_SamplingPoint_74174,GB_StationProcess_918,GB_SamplingFeature_918,O3,http://dd.eionet.europa.eu/vocabulary/aq/pollutant/7,hour,,µg/m3,2018-08-06 13:00:00 +01:00,2018-08-06 14:00:00 +01:00,-1,1
GB,http://environment.data.gov.uk/air-quality/so,GB_Network_1,Station_GB1024A,,GB_SamplingPoint_74174,GB_StationProcess_918,GB_SamplingFeature_918,O3,http://dd.eionet.europa.eu/vocabulary/aq/pollutant/7,hour,,µg/m3,2018-08-06 14:00:00 +01:00,2018-08-06 15:00:00 +01:00,-1,1
GB,http://environment.data.gov.uk/air-quality/so,GB_Network_1,Station_GB1024A,,GB_SamplingPoint_74174,GB_StationProcess_918,GB_SamplingFeature_918,O3,http://dd.eionet.europa.eu/vocabulary/aq/pollutant/7,hour,,µg/m3,2018-08-06 15:00:00 +01:00,2018-08-06 16:00:00 +01:00,-1,1
GB,http://environment.data.gov.uk/air-quality/so,GB_Network_1,Station_GB1024A,,GB_SamplingPoint_74174,GB_StationProcess_918,GB_SamplingFeature_918,O3,http://dd.eionet.europa.eu/vocabulary/aq/pollutant/7,hour,,µg/m3,2018-08-06 16:00:00 +01:00,2018-08-06 17:00:00 +01:00,-1,1
GB,http://environment.data.gov.uk/air-quality/so,GB_Network_1,Station_GB1024A,,GB_SamplingPoint_74174,GB_StationProcess_918,GB_SamplingFeature_918,O3,http://dd.eionet.europa.eu/vocabulary/aq/pollutant/7,hour,,µg/m3,2018-08-06 17:00:00 +01:00,2018-08-06 18:00:00 +01:00,-1,1
GB,http://environment.data.gov.uk/air-quality/so,GB_Network_1,Station_GB1024A,,GB_SamplingPoint_74174,GB_StationProcess_918,GB_SamplingFeature_918,O3,http://dd.eionet.europa.eu/vocabulary/aq/pollutant/7,hour,,µg/m3,2018-08-06 18:00:00 +01:00,2018-08-06 19:00:00 +01:00,-1,1
GB,http://environment.data.gov.uk/air-quality/so,GB_Network_1,Station_GB1024A,,GB_SamplingPoint_74174,GB_StationProcess_918,GB_SamplingFeature_918,O3,http://dd.eionet.europa.eu/vocabulary/aq/pollutant/7,hour,,µg/m3,2018-08-06 19:00:00 +01:00,2018-08-06 20:00:00 +01:00,-1,1
GB,http://environment.data.gov.uk/air-quality/so,GB_Network_1,Station_GB1024A,,GB_SamplingPoint_74174,GB_StationProcess_918,GB_SamplingFeature_918,O3,http://dd.eionet.europa.eu/vocabulary/aq/pollutant/7,hour,,µg/m3,2018-08-06 20:00:00 +01:00,2018-08-06 21:00:00 +01:00,-1,1
GB,http://environment.data.gov.uk/air-quality/so,GB_Network_1,Station_GB1024A,,GB_SamplingPoint_74174,GB_StationProcess_918,GB_SamplingFeature_918,O3,http://dd.eionet.europa.eu/vocabulary/aq/pollutant/7,hour,,µg/m3,2018-08-06 21:00:00 +01:00,2018-08-06 22:00:00 +01:00,-1,1
GB,http://environment.data.gov.uk/air-quality/so,GB_Network_1,Station_GB1024A,,GB_SamplingPoint_74174,GB_StationProcess_918,GB_SamplingFeature_918,O3,http://dd.eionet.europa.eu/vocabulary/aq/pollutant/7,hour,,µg/m3,2018-08-06 22:00:00 +01:00,2018-08-06 23:00:00 +01:00,-1,1
GB,http://environment.data.gov.uk/air-quality/so,GB_Network_1,Station_GB1024A,,GB_SamplingPoint_74174,GB_StationProcess_918,GB_SamplingFeature_918,O3,http://dd.eionet.europa.eu/vocabulary/aq/pollutant/7,hour,,µg/m3,2018-08-06 23:00:00 +01:00,2018-08-07 00:00:00 +01:00,-1,1
GB,http://environment.data.gov.uk/air-quality/so,GB_Network_1,Station_GB1024A,,GB_SamplingPoint_74174,GB_StationProcess_918,GB_SamplingFeature_918,O3,http://dd.eionet.europa.eu/vocabulary/aq/pollutant/7,hour,,µg/m3,2018-08-07 00:00:00 +01:00,2018-08-07 01:00:00 +01:00,-1,1
GB,http://environment.data.gov.uk/air-quality/so,GB_Network_1,Station_GB1024A,,GB_SamplingPoint_74174,GB_StationProcess_918,GB_SamplingFeature_918,O3,http://dd.eionet.europa.eu/vocabulary/aq/pollutant/7,hour,,µg/m3,2018-08-07 01:00:00 +01:00,2018-08-07 02:00:00 +01:00,-1,1
GB,http://environment.data.gov.uk/air-quality/so,GB_Network_1,Station_GB1024A,,GB_SamplingPoint_74174,GB_StationProcess_918,GB_SamplingFeature_918,O3,http://dd.eionet.europa.eu/vocabulary/aq/pollutant/7,hour,,µg/m3,2018-08-07 02:00:00 +01:00,2018-08-07 03:00:00 +01:00,-1,1
GB,http://environment.data.gov.uk/air-quality/so,GB_Network_1,Station_GB1024A,,GB_SamplingPoint_74174,GB_StationProcess_918,GB_SamplingFeature_918,O3,http://dd.eionet.europa.eu/vocabulary/aq/pollutant/7,hour,,µg/m3,2018-08-07 03:00:00 +01:00,2018-08-07 04:00:00 +01:00,-1,1
GB,http://environment.data.gov.uk/air-quality/so,GB_Network_1,Station_GB1024A,,GB_SamplingPoint_74174,GB_StationProcess_918,GB_SamplingFeature_918,O3,http://dd.eionet.europa.eu/vocabulary/aq/pollutant/7,hour,,µg/m3,2018-08-07 04:00:00 +01:00,2018-08-07 05:00:00 +01:00,-1,1
GB,http://environment.data.gov.uk/air-quality/so,GB_Network_1,Station_GB1024A,,GB_SamplingPoint_74174,GB_StationProcess_918,GB_SamplingFeature_918,O3,http://dd.eionet.europa.eu/vocabulary/aq/pollutant/7,hour,,µg/m3,2018-08-07 05:00:00 +01:00,2018-08-07 06:00:00 +01:00,-1,1
GB,http://environment.data.gov.uk/air-quality/so,GB_Network_1,Station_GB1024A,,GB_SamplingPoint_74174,GB_StationProcess_918,GB_SamplingFeature_918,O3,http://dd.eionet.europa.eu/vocabulary/aq/pollutant/7,hour,,µg/m3,2018-08-07 06:00:00 +01:00,2018-08-07 07:00:00 +01:00,-1,1
GB,http://environment.data.gov.uk/air-quality/so,GB_Network_1,Station_GB1024A,,GB_SamplingPoint_74174,GB_StationProcess_918,GB_SamplingFeature_918,O3,http://dd.eionet.europa.eu/vocabulary/aq/pollutant/7,hour,,µg/m3,2018-08-07 07:00:00 +01:00,2018-08-07 08:00:00 +01:00,-1,1
GB,http://environment.data.gov.uk/air-quality/so,GB_Network_1,Station_GB1024A,,GB_SamplingPoint_74174,GB_StationProcess_918,GB_SamplingFeature_918,O3,http://dd.eionet.europa.eu/vocabulary/aq/pollutant/7,hour,,µg/m3,2018-08-07 08:00:00 +01:00,2018-08-07 09:00:00 +01:00,-1,1
GB,http://environment.data.gov.uk/air-quality/so,GB_Network_1,Station_GB1024A,,GB_SamplingPoint_74174,GB_StationProcess_918,GB_SamplingFeature_918,O3,http://dd.eionet.europa.eu/vocabulary/aq/pollutant/7,hour,,µg/m3,2018-08-07 09:00:00 +01:00,2018-08-07 10:00:00 +01:00,-1,1
GB,http://environment.data.gov.uk/air-quality/so,GB_Network_1,Station_GB1024A,,GB_SamplingPoint_74174,GB_StationProcess_918,GB_SamplingFeature_918,O3,http://dd.eionet.europa.eu/vocabulary/aq/pollutant/7,hour,76.1397900000,µg/m3,2018-08-07 10:00:00 +01:00,2018-08-07 11:00:00 +01:00,1,1
GB,http://environment.data.gov.uk/air-quality/so,GB_Network_1,Station_GB1024A,,GB_SamplingPoint_74174,GB_StationProcess_918,GB_SamplingFeature_918,O3,http://dd.eionet.europa.eu/vocabulary/aq/pollutant/7,hour,103.1356100000,µg/m3,2018-08-07 13:00:00 +01:00,2018-08-07 14:00:00 +01:00,1,1
GB,http://environment.data.gov.uk/air-quality/so,GB_Network_1,Station_GB1024A,,GB_SamplingPoint_74174,GB_StationProcess_918,GB_SamplingFeature_918,O3,http://dd.eionet.europa.eu/vocabulary/aq/pollutant/7,hour,113.8983600000,µg/m3,2018-08-07 14:00:00 +01:00,2018-08-07 15:00:00 +01:00,1,1
GB,http://environment.data.gov.uk/air-quality/so,GB_Network_1,Station_GB1024A,,GB_SamplingPoint_74174,GB_StationProcess_918,GB_SamplingFeature_918,O3,http://dd.eionet.europa.eu/vocabulary/aq/pollutant/7,hour,98.0655600000,µg/m3,2018-08-07 15:00:00 +01:00,2018-08-07 16:00:00 +01:00,1,1
GB,http://environment.data.gov.uk/air-quality/so,GB_Network_1,Station_GB1024A,,GB_SamplingPoint_74174,GB_StationProcess_918,GB_SamplingFeature_918,O3,http://dd.eionet.europa.eu/vocabulary/aq/pollutant/7,hour,94.1518300000,µg/m3,2018-08-07 17:00:00 +01:00,2018-08-07 18:00:00 +01:00,1,1
GB,http://environment.data.gov.uk/air-quality/so,GB_Network_1,Station_GB1024A,,GB_SamplingPoint_74174,GB_StationProcess_918,GB_SamplingFeature_918,O3,http://dd.eionet.europa.eu/vocabulary/aq/pollutant/7,hour,90.2381000000,µg/m3,2018-08-07 19:00:00 +01:00,2018-08-07 20:00:00 +01:00,1,1
GB,http://environment.data.gov.uk/air-quality/so,GB_Network_1,Station_GB1024A,,GB_SamplingPoint_74174,GB_StationProcess_918,GB_SamplingFeature_918,O3,http://dd.eionet.europa.eu/vocabulary/aq/pollutant/7,hour,76.5845300000,µg/m3,2018-08-07 20:00:00 +01:00,2018-08-07 21:00:00 +01:00,1,1
GB,http://environment.data.gov.uk/air-quality/so,GB_Network_1,Station_GB1024A,,GB_SamplingPoint_74174,GB_StationProcess_918,GB_SamplingFeature_918,O3,http://dd.eionet.europa.eu/vocabulary/aq/pollutant/7,hour,71.7368400000,µg/m3,2018-08-07 21:00:00 +01:00,2018-08-07 22:00:00 +01:00,1,1
GB,http://environment.data.gov.uk/air-quality/so,GB_Network_1,Station_GB1024A,,GB_SamplingPoint_74174,GB_StationProcess_918,GB_SamplingFeature_918,O3,http://dd.eionet.europa.eu/vocabulary/aq/pollutant/7,hour,45.0523400000,µg/m3,2018-08-07 23:00:00 +01:00,2018-08-08 00:00:00 +01:00,1,1
GB,http://environment.data.gov.uk/air-quality/so,GB_Network_1,Station_GB1024A,,GB_SamplingPoint_74174,GB_StationProcess_918,GB_SamplingFeature_918,O3,http://dd.eionet.europa.eu/vocabulary/aq/pollutant/7,hour,34.1116900000,µg/m3,2018-08-08 00:00:00 +01:00,2018-08-08 01:00:00 +01:00,1,1
GB,http://environment.data.gov.uk/air-quality/so,GB_Network_1,Station_GB1024A,,GB_SamplingPoint_74174,GB_StationProcess_918,GB_SamplingFeature_918,O3,http://dd.eionet.europa.eu/vocabulary/aq/pollutant/7,hour,37.0618100000,µg/m3,2018-08-08 01:00:00 +01:00,2018-08-08 02:00:00 +01:00,1,1
GB,http://environment.data.gov.uk/air-quality/so,GB_Network_1,Station_GB1024A,,GB_SamplingPoint_74174,GB_StationProcess_918,GB_SamplingFeature_918,O3,http://dd.eionet.europa.eu/vocabulary/aq/pollutant/7,hour,32.9108900000,µg/m3,2018-08-08 02:00:00 +01:00,2018-08-08 03:00:00 +01:00,1,1
GB,http://environment.data.gov.uk/air-quality/so,GB_Network_1,Station_GB1024A,,GB_SamplingPoint_74174,GB_StationProcess_918,GB_SamplingFeature_918,O3,http://dd.eionet.europa.eu/vocabulary/aq/pollutant/7,hour,30.5982300000,µg/m3,2018-08-08 04:00:00 +01:00,2018-08-08 05:00:00 +01:00,1,1
GB,http://environment.data.gov.uk/air-quality/so,GB_Network_1,Station_GB1024A,,GB_SamplingPoint_74174,GB_StationProcess_918,GB_SamplingFeature_918,O3,http://dd.eionet.europa.eu/vocabulary/aq/pollutant/7,hour,40.0712300000,µg/m3,2018-08-08 05:00:00 +01:00,2018-08-08 06:00:00 +01:00,1,1
GB,http://environment.data.gov.uk/air-quality/so,GB_Network_1,Station_GB1024A,,GB_SamplingPoint_74174,GB_StationProcess_918,GB_SamplingFeature_918,O3,http://dd.eionet.europa.eu/vocabulary/aq/pollutant/7,hour,44.1628600000,µg/m3,2018-08-08 07:00:00 +01:00,2018-08-08 08:00:00 +01:00,1,1
GB,http://environment.data.gov.uk/air-quality/so,GB_Network_1,Station_GB1024A,,GB_SamplingPoint_74174,GB_StationProcess_918,GB_SamplingFeature_918,O3,http://dd.eionet.europa.eu/vocabulary/aq/pollutant/7,hour,40.9162400000,µg/m3,2018-08-08 08:00:00 +01:00,2018-08-08 09:00:00 +01:00,1,1
GB,http://environment.data.gov.uk/air-quality/so,GB_Network_1,Station_GB1024A,,GB_SamplingPoint_74174,GB_StationProcess_918,GB_SamplingFeature_918,O3,http://dd.eionet.europa.eu/vocabulary/aq/pollutant/7,hour,42.2059900000,µg/m3,2018-08-08 09:00:00 +01:00,2018-08-08 10:00:00 +01:00,1,1
GB,http://environment.data.gov.uk/air-quality/so,GB_Network_1,Station_GB1024A,,GB_SamplingPoint_74174,GB_StationProcess_918,GB_SamplingFeature_918,O3,http://dd.eionet.europa.eu/vocabulary/aq/pollutant/7,hour,45.2302400000,µg/m3,2018-08-08 10:00:00 +01:00,2018-08-08 11:00:00 +01:00,1,1
GB,http://environment.data.gov.uk/air-quality/so,GB_Network_1,Station_GB1024A,,GB_SamplingPoint_74174,GB_StationProcess_918,GB_SamplingFeature_918,O3,http://dd.eionet.europa.eu/vocabulary/aq/pollutant/7,hour,55.3703500000,µg/m3,2018-08-08 13:00:00 +01:00,2018-08-08 14:00:00 +01:00,1,1
GB,http://environment.data.gov.uk/air-quality/so,GB_Network_1,Station_GB1024A,,GB_SamplingPoint_74174,GB_StationProcess_918,GB_SamplingFeature_918,O3,http://dd.eionet.europa.eu/vocabulary/aq/pollutant/7,hour,58.7948600000,µg/m3,2018-08-08 14:00:00 +01:00,2018-08-08 15:00:00 +01:00,1,1
GB,http://environment.data.gov.uk/air-quality/so,GB_Network_1,Station_GB1024A,,GB_SamplingPoint_74174,GB_StationProcess_918,GB_SamplingFeature_918,O3,http://dd.eionet.europa.eu/vocabulary/aq/pollutant/7,hour,65.7328300000,µg/m3,2018-08-08 15:00:00 +01:00,2018-08-08 16:00:00 +01:00,1,1
GB,http://environment.data.gov.uk/air-quality/so,GB_Network_1,Station_GB1024A,,GB_SamplingPoint_74174,GB_StationProcess_918,GB_SamplingFeature_918,O3,http://dd.eionet.europa.eu/vocabulary/aq/pollutant/7,hour,66.3999400000,µg/m3,2018-08-08 16:00:00 +01:00,2018-08-08 17:00:00 +01:00,1,1
GB,http://environment.data.gov.uk/air-quality/so,GB_Network_1,Station_GB1024A,,GB_SamplingPoint_74174,GB_StationProcess_918,GB_SamplingFeature_918,O3,http://dd.eionet.europa.eu/vocabulary/aq/pollutant/7,hour,63.1978000000,µg/m3,2018-08-08 19:00:00 +01:00,2018-08-08 20:00:00 +01:00,1,1
GB,http://environment.data.gov.uk/air-quality/so,GB_Network_1,Station_GB1024A,,GB_SamplingPoint_74174,GB_StationProcess_918,GB_SamplingFeature_918,O3,http://dd.eionet.europa.eu/vocabulary/aq/pollutant/7,hour,57.5051100000,µg/m3,2018-08-08 20:00:00 +01:00,2018-08-08 21:00:00 +01:00,1,1
GB,http://environment.data.gov.uk/air-quality/so,GB_Network_1,Station_GB1024A,,GB_SamplingPoint_74174,GB_StationProcess_918,GB_SamplingFeature_918,O3,http://dd.eionet.europa.eu/vocabulary/aq/pollutant/7,hour,52.1237300000,µg/m3,2018-08-08 21:00:00 +01:00,2018-08-08 22:00:00 +01:00,1,1
GB,http://environment.data.gov.uk/air-quality/so,GB_Network_1,Station_GB1024A,,GB_SamplingPoint_74174,GB_StationProcess_918,GB_SamplingFeature_918,O3,http://dd.eionet.europa.eu/vocabulary/aq/pollutant/7,hour,48.5213200000,µg/m3,2018-08-08 22:00:00 +01:00,2018-08-08 23:00:00 +01:00,1,1
GB,http://environment.data.gov.uk/air-quality/so,GB_Network_1,Station_GB1024A,,GB_SamplingPoint_74174,GB_StationProcess_918,GB_SamplingFeature_918,O3,http://dd.eionet.europa.eu/vocabulary/aq/pollutant/7,hour,39.4930700000,µg/m3,2018-08-08 23:00:00 +01:00,2018-08-09 00:00:00 +01:00,1,1
GB,http://environment.data.gov.uk/air-quality/so,GB_Network_1,Station_GB1024A,,GB_SamplingPoint_74174,GB_StationProcess_918,GB_SamplingFeature_918,O3,http://dd.eionet.europa.eu/vocabulary/aq/pollutant/7,hour,42.6359100000,µg/m3,2018-08-09 01:00:00 +01:00,2018-08-09 02:00:00 +01:00,1,1
GB,http://environment.data.gov.uk/air-quality/so,GB_Network_1,Station_GB1024A,,GB_SamplingPoint_74174,GB_StationProcess_918,GB_SamplingFeature_918,O3,http://dd.eionet.europa.eu/vocabulary/aq/pollutant/7,hour,38.6628800000,µg/m3,2018-08-09 02:00:00 +01:00,2018-08-09 03:00:00 +01:00,1,1
GB,http://environment.data.gov.uk/air-quality/so,GB_Network_1,Station_GB1024A,,GB_SamplingPoint_74174,GB_StationProcess_918,GB_SamplingFeature_918,O3,http://dd.eionet.europa.eu/vocabulary/aq/pollutant/7,hour,32.5106200000,µg/m3,2018-08-09 04:00:00 +01:00,2018-08-09 05:00:00 +01:00,1,1
GB,http://environment.data.gov.uk/air-quality/so,GB_Network_1,Station_GB1024A,,GB_SamplingPoint_74174,GB_StationProcess_918,GB_SamplingFeature_918,O3,http://dd.eionet.europa.eu/vocabulary/aq/pollutant/7,hour,24.6386900000,µg/m3,2018-08-09 05:00:00 +01:00,2018-08-09 06:00:00 +01:00,1,1
GB,http://environment.data.gov.uk/air-quality/so,GB_Network_1,Station_GB1024A,,GB_SamplingPoint_74174,GB_StationProcess_918,GB_SamplingFeature_918,O3,http://dd.eionet.europa.eu/vocabulary/aq/pollutant/7,hour,17.7896700000,µg/m3,2018-08-09 07:00:00 +01:00,2018-08-09 08:00:00 +01:00,1,1
GB,http://environment.data.gov.uk/air-quality/so,GB_Network_1,Station_GB1024A,,GB_SamplingPoint_74174,GB_StationProcess_918,GB_SamplingFeature_918,O3,http://dd.eionet.europa.eu/vocabulary/aq/pollutant/7,hour,14.4541100000,µg/m3,2018-08-09 08:00:00 +01:00,2018-08-09 09:00:00 +01:00,1,1
GB,http://environment.data.gov.uk/air-quality/so,GB_Network_1,Station_GB1024A,,GB_SamplingPoint_74174,GB_StationProcess_918,GB_SamplingFeature_918,O3,http://dd.eionet.europa.eu/vocabulary/aq/pollutant/7,hour,22.4594600000,µg/m3,2018-08-09 09:00:00 +01:00,2018-08-09 10:00:00 +01:00,1,1
GB,http://environment.data.gov.uk/air-quality/so,GB_Network_1,Station_GB1024A,,GB_SamplingPoint_74174,GB_StationProcess_918,GB_SamplingFeature_918,O3,http://dd.eionet.europa.eu/vocabulary/aq/pollutant/7,hour,15.4770100000,µg/m3,2018-08-09 10:00:00 +01:00,2018-08-09 11:00:00 +01:00,1,1
GB,http://environment.data.gov.uk/air-quality/so,GB_Network_1,Station_GB1024A,,GB_SamplingPoint_74174,GB_StationProcess_918,GB_SamplingFeature_918,O3,http://dd.eionet.europa.eu/vocabulary/aq/pollutant/7,hour,13.4756800000,µg/m3,2018-08-09 11:00:00 +01:00,2018-08-09 12:00:00 +01:00,1,1
GB,http://environment.data.gov.uk/air-quality/so,GB_Network_1,Station_GB1024A,,GB_SamplingPoint_74174,GB_StationProcess_918,GB_SamplingFeature_918,O3,http://dd.eionet.europa.eu/vocabulary/aq/pollutant/7,hour,7.8274600000,µg/m3,2018-08-09 12:00:00 +01:00,2018-08-09 13:00:00 +01:00,1,1
GB,http://environment.data.gov.uk/air-quality/so,GB_Network_1,Station_GB1024A,,GB_SamplingPoint_74174,GB_StationProcess_918,GB_SamplingFeature_918,O3,http://dd.eionet.europa.eu/vocabulary/aq/pollutant/7,hour,11.5188100000,µg/m3,2018-08-09 13:00:00 +01:00,2018-08-09 14:00:00 +01:00,1,1
GB,http://environment.data.gov.uk/air-quality/so,GB_Network_1,Station_GB1024A,,GB_SamplingPoint_74174,GB_StationProcess_918,GB_SamplingFeature_918,O3,http://dd.eionet.europa.eu/vocabulary/aq/pollutant/7,hour,11.0740700000,µg/m3,2018-08-09 14:00:00 +01:00,2018-08-09 15:00:00 +01:00,1,1
GB,http://environment.data.gov.uk/air-quality/so,GB_Network_1,Station_GB1024A,,GB_SamplingPoint_74174,GB_StationProcess_918,GB_SamplingFeature_918,O3,http://dd.eionet.europa.eu/vocabulary/aq/pollutant/7,hour,18.2788900000,µg/m3,2018-08-09 16:00:00 +01:00,2018-08-09 17:00:00 +01:00,1,1
GB,http://environment.data.gov.uk/air-quality/so,GB_Network_1,Station_GB1024A,,GB_SamplingPoint_74174,GB_StationProcess_918,GB_SamplingFeature_918,O3,http://dd.eionet.europa.eu/vocabulary/aq/pollutant/7,hour,20.8583900000,µg/m3,2018-08-09 17:00:00 +01:00,2018-08-09 18:00:00 +01:00,1,1
GB,http://environment.data.gov.uk/air-quality/so,GB_Network_1,Station_GB1024A,,GB_SamplingPoint_74174,GB_StationProcess_918,GB_SamplingFeature_918,O3,http://dd.eionet.europa.eu/vocabulary/aq/pollutant/7,hour,14.0093700000,µg/m3,2018-08-09 18:00:00 +01:00,2018-08-09 19:00:00 +01:00,1,1
GB,http://environment.data.gov.uk/air-quality/so,GB_Network_1,Station_GB1024A,,GB_SamplingPoint_74174,GB_StationProcess_918,GB_SamplingFeature_918,O3,http://dd.eionet.europa.eu/vocabulary/aq/pollutant/7,hour,10.8961700000,µg/m3,2018-08-09 19:00:00 +01:00,2018-08-09 20:00:00 +01:00,1,1
GB,http://environment.data.gov.uk/air-quality/so,GB_Network_1,Station_GB1024A,,GB_SamplingPoint_74174,GB_StationProcess_918,GB_SamplingFeature_918,O3,http://dd.eionet.europa.eu/vocabulary/aq/pollutant/7,hour,8.6279900000,µg/m3,2018-08-09 22:00:00 +01:00,2018-08-09 23:00:00 +01:00,1,1
GB,http://environment.data.gov.uk/air-quality/so,GB_Network_1,Station_GB1024A,,GB_SamplingPoint_74174,GB_StationProcess_918,GB_SamplingFeature_918,O3,http://dd.eionet.europa.eu/vocabulary/aq/pollutant/7,hour,6.5821800000,µg/m3,2018-08-09 23:00:00 +01:00,2018-08-10 00:00:00 +01:00,1,1
GB,http://environment.data.gov.uk/air-quality/so,GB_Network_1,Station_GB1024A,,GB_SamplingPoint_74174,GB_StationProcess_918,GB_SamplingFeature_918,O3,http://dd.eionet.europa.eu/vocabulary/aq/pollutant/7,hour,4.7587400000,µg/m3,2018-08-10 00:00:00 +01:00,2018-08-10 01:00:00 +01:00,2,1
GB,http://environment.data.gov.uk/air-quality/so,GB_Network_1,Station_GB1024A,,GB_SamplingPoint_74174,GB_StationProcess_918,GB_SamplingFeature_918,O3,http://dd.eionet.europa.eu/vocabulary/aq/pollutant/7,hour,7.1158700000,µg/m3,2018-08-10 01:00:00 +01:00,2018-08-10 02:00:00 +01:00,1,1
GB,http://environment.data.gov.uk/air-quality/so,GB_Network_1,Station_GB1024A,,GB_SamplingPoint_74174,GB_StationProcess_918,GB_SamplingFeature_918,O3,http://dd.eionet.europa.eu/vocabulary/aq/pollutant/7,hour,10.0808100000,µg/m3,2018-08-10 02:00:00 +01:00,2018-08-10 03:00:00 +01:00,1,1
GB,http://environment.data.gov.uk/air-quality/so,GB_Network_1,Station_GB1024A,,GB_SamplingPoint_74174,GB_StationProcess_918,GB_SamplingFeature_918,O3,http://dd.eionet.europa.eu/vocabulary/aq/pollutant/7,hour,10.4959100000,µg/m3,2018-08-10 03:00:00 +01:00,2018-08-10 04:00:00 +01:00,1,1
GB,http://environment.data.gov.uk/air-quality/so,GB_Network_1,Station_GB1024A,,GB_SamplingPoint_74174,GB_StationProcess_918,GB_SamplingFeature_918,O3,http://dd.eionet.europa.eu/vocabulary/aq/pollutant/7,hour,10.1401100000,µg/m3,2018-08-10 05:00:00 +01:00,2018-08-10 06:00:00 +01:00,1,1
GB,http://environment.data.gov.uk/air-quality/so,GB_Network_1,Station_GB1024A,,GB_SamplingPoint_74174,GB_StationProcess_918,GB_SamplingFeature_918,O3,http://dd.eionet.europa.eu/vocabulary/aq/pollutant/7,hour,40.0712300000,µg/m3,2018-08-10 11:00:00 +01:00,2018-08-10 12:00:00 +01:00,1,1
GB,http://environment.data.gov.uk/air-quality/so,GB_Network_1,Station_GB1024A,,GB_SamplingPoint_74174,GB_StationProcess_918,GB_SamplingFeature_918,O3,http://dd.eionet.europa.eu/vocabulary/aq/pollutant/7,hour,38.0698900000,µg/m3,2018-08-10 12:00:00 +01:00,2018-08-10 13:00:00 +01:00,1,1
GB,http://environment.data.gov.uk/air-quality/so,GB_Network_1,Station_GB1024A,,GB_SamplingPoint_74174,GB_StationProcess_918,GB_SamplingFeature_918,O3,http://dd.eionet.europa.eu/vocabulary/aq/pollutant/7,hour,27.7963600000,µg/m3,2018-08-10 14:00:00 +01:00,2018-08-10 15:00:00 +01:00,1,1
GB,http://environment.data.gov.uk/air-quality/so,GB_Network_1,Station_GB1024A,,GB_SamplingPoint_74174,GB_StationProcess_918,GB_SamplingFeature_918,O3,http://dd.eionet.europa.eu/vocabulary/aq/pollutant/7,hour,33.8003700000,µg/m3,2018-08-10 17:00:00 +01:00,2018-08-10 18:00:00 +01:00,1,1
GB,http://environment.data.gov.uk/air-quality/so,GB_Network_1,Station_GB1024A,,GB_SamplingPoint_74174,GB_StationProcess_918,GB_SamplingFeature_918,O3,http://dd.eionet.europa.eu/vocabulary/aq/pollutant/7,hour,42.5173100000,µg/m3,2018-08-10 18:00:00 +01:00,2018-08-10 19:00:00 +01:00,1,1
GB,http://environment.data.gov.uk/air-quality/so,GB_Network_1,Station_GB1024A,,GB_SamplingPoint_74174,GB_StationProcess_918,GB_SamplingFeature_918,O3,http://dd.eionet.europa.eu/vocabulary/aq/pollutant/7,hour,40.6494000000,µg/m3,2018-08-10 19:00:00 +01:00,2018-08-10 20:00:00 +01:00,1,1
GB,http://environment.data.gov.uk/air-quality/so,GB_Network_1,Station_GB1024A,,GB_SamplingPoint_74174,GB_StationProcess_918,GB_SamplingFeature_918,O3,http://dd.eionet.europa.eu/vocabulary/aq/pollutant/7,hour,37.5806800000,µg/m3,2018-08-10 21:00:00 +01:00,2018-08-10 22:00:00 +01:00,1,1
GB,http://environment.data.gov.uk/air-quality/so,GB_Network_1,Station_GB1024A,,GB_SamplingPoint_74174,GB_StationProcess_918,GB_SamplingFeature_918,O3,http://dd.eionet.europa.eu/vocabulary/aq/pollutant/7,hour,15.7438600000,µg/m3,2018-08-11 00:00:00 +01:00,2018-08-11 01:00:00 +01:00,1,1
GB,http://environment.data.gov.uk/air-quality/so,GB_Network_1,Station_GB1024A,,GB_SamplingPoint_74174,GB_StationProcess_918,GB_SamplingFeature_918,O3,http://dd.eionet.europa.eu/vocabulary/aq/pollutant/7,hour,11.1481900000,µg/m3,2018-08-11 01:00:00 +01:00,2018-08-11 02:00:00 +01:00,1,1
GB,http://environment.data.gov.uk/air-quality/so,GB_Network_1,Station_GB1024A,,GB_SamplingPoint_74174,GB_StationProcess_918,GB_SamplingFeature_918,O3,http://dd.eionet.europa.eu/vocabulary/aq/pollutant/7,hour,16.7222900000,µg/m3,2018-08-11 02:00:00 +01:00,2018-08-11 03:00:00 +01:00,1,1
GB,http://environment.data.gov.uk/air-quality/so,GB_Network_1,Station_GB1024A,,GB_SamplingPoint_74174,GB_StationProcess_918,GB_SamplingFeature_918,O3,http://dd.eionet.europa.eu/vocabulary/aq/pollutant/7,hour,14.1872600000,µg/m3,2018-08-11 05:00:00 +01:00,2018-08-11 06:00:00 +01:00,1,1
GB,http://environment.data.gov.uk/air-quality/so,GB_Network_1,Station_GB1024A,,GB_SamplingPoint_74174,GB_StationProcess_918,GB_SamplingFeature_918,O3,http://dd.eionet.europa.eu/vocabulary/aq/pollutant/7,hour,13.7425200000,µg/m3,2018-08-11 06:00:00 +01:00,2018-08-11 07:00:00 +01:00,1,1
GB,http://environment.data.gov.uk/air-quality/so,GB_Network_1,Station_GB1024A,,GB_SamplingPoint_74174,GB_StationProcess_918,GB_SamplingFeature_918,O3,http://dd.eionet.europa.eu/vocabulary/aq/pollutant/7,hour,14.6764800000,µg/m3,2018-08-11 07:00:00 +01:00,2018-08-11 08:00:00 +01:00,1,1
GB,http://environment.data.gov.uk/air-quality/so,GB_Network_1,Station_GB1024A,,GB_SamplingPoint_74174,GB_StationProcess_918,GB_SamplingFeature_918,O3,http://dd.eionet.europa.eu/vocabulary/aq/pollutant/7,hour,35.9351300000,µg/m3,2018-08-11 09:00:00 +01:00,2018-08-11 10:00:00 +01:00,1,1
GB,http://environment.data.gov.uk/air-quality/so,GB_Network_1,Station_GB1024A,,GB_SamplingPoint_74174,GB_StationProcess_918,GB_SamplingFeature_918,O3,http://dd.eionet.europa.eu/vocabulary/aq/pollutant/7,hour,45.4081300000,µg/m3,2018-08-11 11:00:00 +01:00,2018-08-11 12:00:00 +01:00,1,1
GB,http://environment.data.gov.uk/air-quality/so,GB_Network_1,Station_GB1024A,,GB_SamplingPoint_74174,GB_StationProcess_918,GB_SamplingFeature_918,O3,http://dd.eionet.europa.eu/vocabulary/aq/pollutant/7,hour,56.0374600000,µg/m3,2018-08-11 12:00:00 +01:00,2018-08-11 13:00:00 +01:00,1,1
GB,http://environment.data.gov.uk/air-quality/so,GB_Network_1,Station_GB1024A,,GB_SamplingPoint_74174,GB_StationProcess_918,GB_SamplingFeature_918,O3,http://dd.eionet.europa.eu/vocabulary/aq/pollutant/7,hour,64.1762300000,µg/m3,2018-08-11 13:00:00 +01:00,2018-08-11 14:00:00 +01:00,1,1
GB,http://environment.data.gov.uk/air-quality/so,GB_Network_1,Station_GB1024A,,GB_SamplingPoint_74174,GB_StationProcess_918,GB_SamplingFeature_918,O3,http://dd.eionet.europa.eu/vocabulary/aq/pollutant/7,hour,65.1991400000,µg/m3,2018-08-11 14:00:00 +01:00,2018-08-11 15:00:00 +01:00,1,1
GB,http://environment.data.gov.uk/air-quality/so,GB_Network_1,Station_GB1024A,,GB_SamplingPoint_74174,GB_StationProcess_918,GB_SamplingFeature_918,O3,http://dd.eionet.europa.eu/vocabulary/aq/pollutant/7,hour,63.5536000000,µg/m3,2018-08-11 15:00:00 +01:00,2018-08-11 16:00:00 +01:00,1,1
GB,http://environment.data.gov.uk/air-quality/so,GB_Network_1,Station_GB1024A,,GB_SamplingPoint_74174,GB_StationProcess_918,GB_SamplingFeature_918,O3,http://dd.eionet.europa.eu/vocabulary/aq/pollutant/7,hour,57.1493100000,µg/m3,2018-08-11 16:00:00 +01:00,2018-08-11 17:00:00 +01:00,1,1
GB,http://environment.data.gov.uk/air-quality/so,GB_Network_1,Station_GB1024A,,GB_SamplingPoint_74174,GB_StationProcess_918,GB_SamplingFeature_918,O3,http://dd.eionet.europa.eu/vocabulary/aq/pollutant/7,hour,50.2113400000,µg/m3,2018-08-11 17:00:00 +01:00,2018-08-11 18:00:00 +01:00,1,1
GB,http://environment.data.gov.uk/air-quality/so,GB_Network_1,Station_GB1024A,,GB_SamplingPoint_74174,GB_StationProcess_918,GB_SamplingFeature_918,O3,http://dd.eionet.europa.eu/vocabulary/aq/pollutant/7,hour,43.9404800000,µg/m3,2018-08-11 18:00:00 +01:00,2018-08-11 19:00:00 +01:00,1,1
GB,http://environment.data.gov.uk/air-quality/so,GB_Network_1,Station_GB1024A,,GB_SamplingPoint_74174,GB_StationProcess_918,GB_SamplingFeature_918,O3,http://dd.eionet.europa.eu/vocabulary/aq/pollutant/7,hour,41.1830900000,µg/m3,2018-08-11 19:00:00 +01:00,2018-08-11 20:00:00 +01:00,1,1
GB,http://environment.data.gov.uk/air-quality/so,GB_Network_1,Station_GB1024A,,GB_SamplingPoint_74174,GB_StationProcess_918,GB_SamplingFeature_918,O3,http://dd.eionet.europa.eu/vocabulary/aq/pollutant/7,hour,22.5928800000,µg/m3,2018-08-11 22:00:00 +01:00,2018-08-11 23:00:00 +01:00,1,1
GB,http://environment.data.gov.uk/air-quality/so,GB_Network_1,Station_GB1024A,,GB_SamplingPoint_74174,GB_StationProcess_918,GB_SamplingFeature_918,O3,http://dd.eionet.europa.eu/vocabulary/aq/pollutant/7,hour,24.6831700000,µg/m3,2018-08-11 23:00:00 +01:00,2018-08-12 00:00:00 +01:00,1,1
GB,http://environment.data.gov.uk/air-quality/so,GB_Network_1,Station_GB1024A,,GB_SamplingPoint_74174,GB_StationProcess_918,GB_SamplingFeature_918,O3,http://dd.eionet.europa.eu/vocabulary/aq/pollutant/7,hour,25.2168600000,µg/m3,2018-08-12 00:00:00 +01:00,2018-08-12 01:00:00 +01:00,1,1
GB,http://environment.data.gov.uk/air-quality/so,GB_Network_1,Station_GB1024A,,GB_SamplingPoint_74174,GB_StationProcess_918,GB_SamplingFeature_918,O3,http://dd.eionet.europa.eu/vocabulary/aq/pollutant/7,hour,24.1346500000,µg/m3,2018-08-12 01:00:00 +01:00,2018-08-12 02:00:00 +01:00,1,1
GB,http://environment.data.gov.uk/air-quality/so,GB_Network_1,Station_GB1024A,,GB_SamplingPoint_74174,GB_StationProcess_918,GB_SamplingFeature_918,O3,http://dd.eionet.europa.eu/vocabulary/aq/pollutant/7,hour,30.0645400000,µg/m3,2018-08-12 03:00:00 +01:00,2018-08-12 04:00:00 +01:00,1,1
GB,http://environment.data.gov.uk/air-quality/so,GB_Network_1,Station_GB1024A,,GB_SamplingPoint_74174,GB_StationProcess_918,GB_SamplingFeature_918,O3,http://dd.eionet.europa.eu/vocabulary/aq/pollutant/7,hour,29.8866500000,µg/m3,2018-08-12 04:00:00 +01:00,2018-08-12 05:00:00 +01:00,1,1
GB,http://environment.data.gov.uk/air-quality/so,GB_Network_1,Station_GB1024A,,GB_SamplingPoint_74174,GB_StationProcess_918,GB_SamplingFeature_918,O3,http://dd.eionet.europa.eu/vocabulary/aq/pollutant/7,hour,31.6211400000,µg/m3,2018-08-12 07:00:00 +01:00,2018-08-12 08:00:00 +01:00,1,1
GB,http://environment.data.gov.uk/air-quality/so,GB_Network_1,Station_GB1024A,,GB_SamplingPoint_74174,GB_StationProcess_918,GB_SamplingFeature_918,O3,http://dd.eionet.europa.eu/vocabulary/aq/pollutant/7,hour,35.4014400000,µg/m3,2018-08-12 08:00:00 +01:00,2018-08-12 09:00:00 +01:00,1,1
GB,http://environment.data.gov.uk/air-quality/so,GB_Network_1,Station_GB1024A,,GB_SamplingPoint_74174,GB_StationProcess_918,GB_SamplingFeature_918,O3,http://dd.eionet.europa.eu/vocabulary/aq/pollutant/7,hour,36.6467200000,µg/m3,2018-08-12 09:00:00 +01:00,2018-08-12 10:00:00 +01:00,1,1
GB,http://environment.data.gov.uk/air-quality/so,GB_Network_1,Station_GB1024A,,GB_SamplingPoint_74174,GB_StationProcess_918,GB_SamplingFeature_918,O3,http://dd.eionet.europa.eu/vocabulary/aq/pollutant/7,hour,46.4310400000,µg/m3,2018-08-12 11:00:00 +01:00,2018-08-12 12:00:00 +01:00,1,1
GB,http://environment.data.gov.uk/air-quality/so,GB_Network_1,Station_GB1024A,,GB_SamplingPoint_74174,GB_StationProcess_918,GB_SamplingFeature_918,O3,http://dd.eionet.europa.eu/vocabulary/aq/pollutant/7,hour,53.9471700000,µg/m3,2018-08-12 14:00:00 +01:00,2018-08-12 15:00:00 +01:00,1,1
GB,http://environment.data.gov.uk/air-quality/so,GB_Network_1,Station_GB1024A,,GB_SamplingPoint_74174,GB_StationProcess_918,GB_SamplingFeature_918,O3,http://dd.eionet.europa.eu/vocabulary/aq/pollutant/7,hour,54.2584900000,µg/m3,2018-08-12 16:00:00 +01:00,2018-08-12 17:00:00 +01:00,1,1
GB,http://environment.data.gov.uk/air-quality/so,GB_Network_1,Station_GB1024A,,GB_SamplingPoint_74174,GB_StationProcess_918,GB_SamplingFeature_918,O3,http://dd.eionet.europa.eu/vocabulary/aq/pollutant/7,hour,43.4512700000,µg/m3,2018-08-12 21:00:00 +01:00,2018-08-12 22:00:00 +01:00,1,1
GB,http://environment.data.gov.uk/air-quality/so,GB_Network_1,Station_GB1024A,,GB_SamplingPoint_74174,GB_StationProcess_918,GB_SamplingFeature_918,O3,http://dd.eionet.europa.eu/vocabulary/aq/pollutant/7,hour,31.2653500000,µg/m3,2018-08-12 23:00:00 +01:00,2018-08-13 00:00:00 +01:00,1,1
GB,http://environment.data.gov.uk/air-quality/so,GB_Network_1,Station_GB1024A,,GB_SamplingPoint_74174,GB_StationProcess_918,GB_SamplingFeature_918,O3,http://dd.eionet.europa.eu/vocabulary/aq/pollutant/7,hour,21.4069000000,µg/m3,2018-08-13 01:00:00 +01:00,2018-08-13 02:00:00 +01:00,1,1
GB,http://environment.data.gov.uk/air-quality/so,GB_Network_1,Station_GB1024A,,GB_SamplingPoint_74174,GB_StationProcess_918,GB_SamplingFeature_918,O3,http://dd.eionet.europa.eu/vocabulary/aq/pollutant/7,hour,12.5861900000,µg/m3,2018-08-13 03:00:00 +01:00,2018-08-13 04:00:00 +01:00,1,1
GB,http://environment.data.gov.uk/air-quality/so,GB_Network_1,Station_GB1024A,,GB_SamplingPoint_74174,GB_StationProcess_918,GB_SamplingFeature_918,O3,http://dd.eionet.europa.eu/vocabulary/aq/pollutant/7,hour,15.6104400000,µg/m3,2018-08-13 04:00:00 +01:00,2018-08-13 05:00:00 +01:00,1,1
GB,http://environment.data.gov.uk/air-quality/so,GB_Network_1,Station_GB1024A,,GB_SamplingPoint_74174,GB_StationProcess_918,GB_SamplingFeature_918,O3,http://dd.eionet.europa.eu/vocabulary/aq/pollutant/7,hour,14.2317400000,µg/m3,2018-08-13 05:00:00 +01:00,2018-08-13 06:00:00 +01:00,1,1
GB,http://environment.data.gov.uk/air-quality/so,GB_Network_1,Station_GB1024A,,GB_SamplingPoint_74174,GB_StationProcess_918,GB_SamplingFeature_918,O3,http://dd.eionet.europa.eu/vocabulary/aq/pollutant/7,hour,11.5632900000,µg/m3,2018-08-13 07:00:00 +01:00,2018-08-13 08:00:00 +01:00,1,1
GB,http://environment.data.gov.uk/air-quality/so,GB_Network_1,Station_GB1024A,,GB_SamplingPoint_74174,GB_StationProcess_918,GB_SamplingFeature_918,O3,http://dd.eionet.europa.eu/vocabulary/aq/pollutant/7,hour,17.7452000000,µg/m3,2018-08-13 08:00:00 +01:00,2018-08-13 09:00:00 +01:00,1,1
GB,http://environment.data.gov.uk/air-quality/so,GB_Network_1,Station_GB1024A,,GB_SamplingPoint_74174,GB_StationProcess_918,GB_SamplingFeature_918,O3,http://dd.eionet.europa.eu/vocabulary/aq/pollutant/7,hour,19.9689000000,µg/m3,2018-08-13 09:00:00 +01:00,2018-08-13 10:00:00 +01:00,1,1
GB,http://environment.data.gov.uk/air-quality/so,GB_Network_1,Station_GB1024A,,GB_SamplingPoint_74174,GB_StationProcess_918,GB_SamplingFeature_918,O3,http://dd.eionet.europa.eu/vocabulary/aq/pollutant/7,hour,26.1508200000,µg/m3,2018-08-13 10:00:00 +01:00,2018-08-13 11:00:00 +01:00,1,1
GB,http://environment.data.gov.uk/air-quality/so,GB_Network_1,Station_GB1024A,,GB_SamplingPoint_74174,GB_StationProcess_918,GB_SamplingFeature_918,O3,http://dd.eionet.europa.eu/vocabulary/aq/pollutant/7,hour,34.7343300000,µg/m3,2018-08-13 11:00:00 +01:00,2018-08-13 12:00:00 +01:00,1,1
GB,http://environment.data.gov.uk/air-quality/so,GB_Network_1,Station_GB1024A,,GB_SamplingPoint_74174,GB_StationProcess_918,GB_SamplingFeature_918,O3,http://dd.eionet.europa.eu/vocabulary/aq/pollutant/7,hour,35.8461900000,µg/m3,2018-08-13 12:00:00 +01:00,2018-08-13 13:00:00 +01:00,1,1
GB,http://environment.data.gov.uk/air-quality/so,GB_Network_1,Station_GB1024A,,GB_SamplingPoint_74174,GB_StationProcess_918,GB_SamplingFeature_918,O3,http://dd.eionet.europa.eu/vocabulary/aq/pollutant/7,hour,41.8502000000,µg/m3,2018-08-13 13:00:00 +01:00,2018-08-13 14:00:00 +01:00,1,1
GB,http://environment.data.gov.uk/air-quality/so,GB_Network_1,Station_GB1024A,,GB_SamplingPoint_74174,GB_StationProcess_918,GB_SamplingFeature_918,O3,http://dd.eionet.europa.eu/vocabulary/aq/pollutant/7,hour,47.3205200000,µg/m3,2018-08-13 14:00:00 +01:00,2018-08-13 15:00:00 +01:00,1,1
GB,http://environment.data.gov.uk/air-quality/so,GB_Network_1,Station_GB1024A,,GB_SamplingPoint_74174,GB_StationProcess_918,GB_SamplingFeature_918,O3,http://dd.eionet.europa.eu/vocabulary/aq/pollutant/7,hour,47.8542100000,µg/m3,2018-08-13 15:00:00 +01:00,2018-08-13 16:00:00 +01:00,1,1
GB,http://environment.data.gov.uk/air-quality/so,GB_Network_1,Station_GB1024A,,GB_SamplingPoint_74174,GB_StationProcess_918,GB_SamplingFeature_918,O3,http://dd.eionet.europa.eu/vocabulary/aq/pollutant/7,hour,57.5051100000,µg/m3,2018-08-13 17:00:00 +01:00,2018-08-13 18:00:00 +01:00,1,1
GB,http://environment.data.gov.uk/air-quality/so,GB_Network_1,Station_GB1024A,,GB_SamplingPoint_74174,GB_StationProcess_918,GB_SamplingFeature_918,O3,http://dd.eionet.europa.eu/vocabulary/aq/pollutant/7,hour,45.9863000000,µg/m3,2018-08-13 20:00:00 +01:00,2018-08-13 21:00:00 +01:00,1,1
GB,http://environment.data.gov.uk/air-quality/so,GB_Network_1,Station_GB1024A,,GB_SamplingPoint_74174,GB_StationProcess_918,GB_SamplingFeature_918,O3,http://dd.eionet.europa.eu/vocabulary/aq/pollutant/7,hour,31.0429700000,µg/m3,2018-08-13 21:00:00 +01:00,2018-08-13 22:00:00 +01:00,1,1
GB,http://environment.data.gov.uk/air-quality/so,GB_Network_1,Station_GB1024A,,GB_SamplingPoint_74174,GB_StationProcess_918,GB_SamplingFeature_918,O3,http://dd.eionet.europa.eu/vocabulary/aq/pollutant/7,hour,28.9082100000,µg/m3,2018-08-13 22:00:00 +01:00,2018-08-13 23:00:00 +01:00,1,1
GB,http://environment.data.gov.uk/air-quality/so,GB_Network_1,Station_GB1024A,,GB_SamplingPoint_74174,GB_StationProcess_918,GB_SamplingFeature_918,O3,http://dd.eionet.europa.eu/vocabulary/aq/pollutant/7,hour,33.4445800000,µg/m3,2018-08-13 23:00:00 +01:00,2018-08-14 00:00:00 +01:00,1,1
GB,http://environment.data.gov.uk/air-quality/so,GB_Network_1,Station_GB1024A,,GB_SamplingPoint_74174,GB_StationProcess_918,GB_SamplingFeature_918,O3,http://dd.eionet.europa.eu/vocabulary/aq/pollutant/7,hour,37.0025100000,µg/m3,2018-08-14 01:00:00 +01:00,2018-08-14 02:00:00 +01:00,1,1
GB,http://environment.data.gov.uk/air-quality/so,GB_Network_1,Station_GB1024A,,GB_SamplingPoint_74174,GB_StationProcess_918,GB_SamplingFeature_918,O3,http://dd.eionet.europa.eu/vocabulary/aq/pollutant/7,hour,37.1211100000,µg/m3,2018-08-14 02:00:00 +01:00,2018-08-14 03:00:00 +01:00,1,1
GB,http://environment.data.gov.uk/air-quality/so,GB_Network_1,Station_GB1024A,,GB_SamplingPoint_74174,GB_StationProcess_918,GB_SamplingFeature_918,O3,http://dd.eionet.europa.eu/vocabulary/aq/pollutant/7,hour,36.8690900000,µg/m3,2018-08-14 03:00:00 +01:00,2018-08-14 04:00:00 +01:00,1,1
GB,http://environment.data.gov.uk/air-quality/so,GB_Network_1,Station_GB1024A,,GB_SamplingPoint_74174,GB_StationProcess_918,GB_SamplingFeature_918,O3,http://dd.eionet.europa.eu/vocabulary/aq/pollutant/7,hour,31.1319200000,µg/m3,2018-08-14 04:00:00 +01:00,2018-08-14 05:00:00 +01:00,1,1
GB,http://environment.data.gov.uk/air-quality/so,GB_Network_1,Station_GB1024A,,GB_SamplingPoint_74174,GB_StationProcess_918,GB_SamplingFeature_918,O3,http://dd.eionet.europa.eu/vocabulary/aq/pollutant/7,hour,25.0834300000,µg/m3,2018-08-14 05:00:00 +01:00,2018-08-14 06:00:00 +01:00,1,1
GB,http://environment.data.gov.uk/air-quality/so,GB_Network_1,Station_GB1024A,,GB_SamplingPoint_74174,GB_StationProcess_918,GB_SamplingFeature_918,O3,http://dd.eionet.europa.eu/vocabulary/aq/pollutant/7,hour,11.9783800000,µg/m3,2018-08-14 07:00:00 +01:00,2018-08-14 08:00:00 +01:00,1,1
GB,http://environment.data.gov.uk/air-quality/so,GB_Network_1,Station_GB1024A,,GB_SamplingPoint_74174,GB_StationProcess_918,GB_SamplingFeature_918,O3,http://dd.eionet.europa.eu/vocabulary/aq/pollutant/7,hour,,µg/m3,2018-08-14 08:00:00 +01:00,2018-08-14 09:00:00 +01:00,-1,1
GB,http://environment.data.gov.uk/air-quality/so,GB_Network_1,Station_GB1024A,,GB_SamplingPoint_74174,GB_StationProcess_918,GB_SamplingFeature_918,O3,http://dd.eionet.europa.eu/vocabulary/aq/pollutant/7,hour,19.2128400000,µg/m3,2018-08-14 09:00:00 +01:00,2018-08-14 10:00:00 +01:00,1,1
GB,http://environment.data.gov.uk/air-quality/so,GB_Network_1,Station_GB1024A,,GB_SamplingPoint_74174,GB_StationProcess_918,GB_SamplingFeature_918,O3,http://dd.eionet.europa.eu/vocabulary/aq/pollutant/7,hour,51.4566200000,µg/m3,2018-08-14 13:00:00 +01:00,2018-08-14 14:00:00 +01:00,1,1
GB,http://environment.data.gov.uk/air-quality/so,GB_Network_1,Station_GB1024A,,GB_SamplingPoint_74174,GB_StationProcess_918,GB_SamplingFeature_918,O3,http://dd.eionet.europa.eu/vocabulary/aq/pollutant/7,hour,58.3945900000,µg/m3,2018-08-14 14:00:00 +01:00,2018-08-14 15:00:00 +01:00,1,1
GB,http://environment.data.gov.uk/air-quality/so,GB_Network_1,Station_GB1024A,,GB_SamplingPoint_74174,GB_StationProcess_918,GB_SamplingFeature_918,O3,http://dd.eionet.europa.eu/vocabulary/aq/pollutant/7,hour,63.7314900000,µg/m3,2018-08-14 15:00:00 +01:00,2018-08-14 16:00:00 +01:00,1,1
GB,http://environment.data.gov.uk/air-quality/so,GB_Network_1,Station_GB1024A,,GB_SamplingPoint_74174,GB_StationProcess_918,GB_SamplingFeature_918,O3,http://dd.eionet.europa.eu/vocabulary/aq/pollutant/7,hour,59.7732900000,µg/m3,2018-08-14 16:00:00 +01:00,2018-08-14 17:00:00 +01:00,1,1
GB,http://environment.data.gov.uk/air-quality/so,GB_Network_1,Station_GB1024A,,GB_SamplingPoint_74174,GB_StationProcess_918,GB_SamplingFeature_918,O3,http://dd.eionet.europa.eu/vocabulary/aq/pollutant/7,hour,58.9282800000,µg/m3,2018-08-14 17:00:00 +01:00,2018-08-14 18:00:00 +01:00,1,1
GB,http://environment.data.gov.uk/air-quality/so,GB_Network_1,Station_GB1024A,,GB_SamplingPoint_74174,GB_StationProcess_918,GB_SamplingFeature_918,O3,http://dd.eionet.europa.eu/vocabulary/aq/pollutant/7,hour,49.1439600000,µg/m3,2018-08-14 19:00:00 +01:00,2018-08-14 20:00:00 +01:00,1,1
GB,http://environment.data.gov.uk/air-quality/so,GB_Network_1,Station_GB1024A,,GB_SamplingPoint_74174,GB_StationProcess_918,GB_SamplingFeature_918,O3,http://dd.eionet.europa.eu/vocabulary/aq/pollutant/7,hour,42.7396800000,µg/m3,2018-08-14 20:00:00 +01:00,2018-08-14 21:00:00 +01:00,1,1
GB,http://environment.data.gov.uk/air-quality/so,GB_Network_1,Station_GB1024A,,GB_SamplingPoint_74174,GB_StationProcess_918,GB_SamplingFeature_918,O3,http://dd.eionet.europa.eu/vocabulary/aq/pollutant/7,hour,41.5685300000,µg/m3,2018-08-15 02:00:00 +01:00,2018-08-15 03:00:00 +01:00,1,1
GB,http://environment.data.gov.uk/air-quality/so,GB_Network_1,Station_GB1024A,,GB_SamplingPoint_74174,GB_StationProcess_918,GB_SamplingFeature_918,O3,http://dd.eionet.europa.eu/vocabulary/aq/pollutant/7,hour,43.6291700000,µg/m3,2018-08-15 06:00:00 +01:00,2018-08-15 07:00:00 +01:00,1,1
GB,http://environment.data.gov.uk/air-quality/so,GB_Network_1,Station_GB1024A,,GB_SamplingPoint_74174,GB_StationProcess_918,GB_SamplingFeature_918,O3,http://dd.eionet.europa.eu/vocabulary/aq/pollutant/7,hour,44.3852300000,µg/m3,2018-08-15 07:00:00 +01:00,2018-08-15 08:00:00 +01:00,1,1
GB,http://environment.data.gov.uk/air-quality/so,GB_Network_1,Station_GB1024A,,GB_SamplingPoint_74174,GB_StationProcess_918,GB_SamplingFeature_918,O3,http://dd.eionet.europa.eu/vocabulary/aq/pollutant/7,hour,36.3798800000,µg/m3,2018-08-15 09:00:00 +01:00,2018-08-15 10:00:00 +01:00,1,1
GB,http://environment.data.gov.uk/air-quality/so,GB_Network_1,Station_GB1024A,,GB_SamplingPoint_74174,GB_StationProcess_918,GB_SamplingFeature_918,O3,http://dd.eionet.europa.eu/vocabulary/aq/pollutant/7,hour,31.1319200000,µg/m3,2018-08-15 11:00:00 +01:00,2018-08-15 12:00:00 +01:00,1,1
GB,http://environment.data.gov.uk/air-quality/so,GB_Network_1,Station_GB1024A,,GB_SamplingPoint_74174,GB_StationProcess_918,GB_SamplingFeature_918,O3,http://dd.eionet.europa.eu/vocabulary/aq/pollutant/7,hour,33.6224800000,µg/m3,2018-08-15 13:00:00 +01:00,2018-08-15 14:00:00 +01:00,1,1
GB,http://environment.data.gov.uk/air-quality/so,GB_Network_1,Station_GB1024A,,GB_SamplingPoint_74174,GB_StationProcess_918,GB_SamplingFeature_918,O3,http://dd.eionet.europa.eu/vocabulary/aq/pollutant/7,hour,47.9876300000,µg/m3,2018-08-15 16:00:00 +01:00,2018-08-15 17:00:00 +01:00,1,1
GB,http://environment.data.gov.uk/air-quality/so,GB_Network_1,Station_GB1024A,,GB_SamplingPoint_74174,GB_StationProcess_918,GB_SamplingFeature_918,O3,http://dd.eionet.europa.eu/vocabulary/aq/pollutant/7,hour,45.7194500000,µg/m3,2018-08-15 18:00:00 +01:00,2018-08-15 19:00:00 +01:00,1,1
GB,http://environment.data.gov.uk/air-quality/so,GB_Network_1,Station_GB1024A,,GB_SamplingPoint_74174,GB_StationProcess_918,GB_SamplingFeature_918,O3,http://dd.eionet.europa.eu/vocabulary/aq/pollutant/7,hour,42.9175800000,µg/m3,2018-08-15 19:00:00 +01:00,2018-08-15 20:00:00 +01:00,1,1
GB,http://environment.data.gov.uk/air-quality/so,GB_Network_1,Station_GB1024A,,GB_SamplingPoint_74174,GB_StationProcess_918,GB_SamplingFeature_918,O3,http://dd.eionet.europa.eu/vocabulary/aq/pollutant/7,hour,39.7154400000,µg/m3,2018-08-15 20:00:00 +01:00,2018-08-15 21:00:00 +01:00,1,1
GB,http://environment.data.gov.uk/air-quality/so,GB_Network_1,Station_GB1024A,,GB_SamplingPoint_74174,GB_StationProcess_918,GB_SamplingFeature_918,O3,http://dd.eionet.europa.eu/vocabulary/aq/pollutant/7,hour,38.5146400000,µg/m3,2018-08-15 21:00:00 +01:00,2018-08-15 22:00:00 +01:00,1,1
GB,http://environment.data.gov.uk/air-quality/so,GB_Network_1,Station_GB1024A,,GB_SamplingPoint_74174,GB_StationProcess_918,GB_SamplingFeature_918,O3,http://dd.eionet.europa.eu/vocabulary/aq/pollutant/7,hour,37.8475200000,µg/m3,2018-08-15 23:00:00 +01:00,2018-08-16 00:00:00 +01:00,1,1
GB,http://environment.data.gov.uk/air-quality/so,GB_Network_1,Station_GB1024A,,GB_SamplingPoint_74174,GB_StationProcess_918,GB_SamplingFeature_918,O3,http://dd.eionet.europa.eu/vocabulary/aq/pollutant/7,hour,37.0469900000,µg/m3,2018-08-16 00:00:00 +01:00,2018-08-16 01:00:00 +01:00,1,1
GB,http://environment.data.gov.uk/air-quality/so,GB_Network_1,Station_GB1024A,,GB_SamplingPoint_74174,GB_StationProcess_918,GB_SamplingFeature_918,O3,http://dd.eionet.europa.eu/vocabulary/aq/pollutant/7,hour,38.6035800000,µg/m3,2018-08-16 01:00:00 +01:00,2018-08-16 02:00:00 +01:00,1,1
GB,http://environment.data.gov.uk/air-quality/so,GB_Network_1,Station_GB1024A,,GB_SamplingPoint_74174,GB_StationProcess_918,GB_SamplingFeature_918,O3,http://dd.eionet.europa.eu/vocabulary/aq/pollutant/7,hour,35.1642500000,µg/m3,2018-08-16 02:00:00 +01:00,2018-08-16 03:00:00 +01:00,1,1
GB,http://environment.data.gov.uk/air-quality/so,GB_Network_1,Station_GB1024A,,GB_SamplingPoint_74174,GB_StationProcess_918,GB_SamplingFeature_918,O3,http://dd.eionet.europa.eu/vocabulary/aq/pollutant/7,hour,36.1130300000,µg/m3,2018-08-16 03:00:00 +01:00,2018-08-16 04:00:00 +01:00,1,1
GB,http://environment.data.gov.uk/air-quality/so,GB_Network_1,Station_GB1024A,,GB_SamplingPoint_74174,GB_StationProcess_918,GB_SamplingFeature_918,O3,http://dd.eionet.europa.eu/vocabulary/aq/pollutant/7,hour,36.3798800000,µg/m3,2018-08-16 04:00:00 +01:00,2018-08-16 05:00:00 +01:00,1,1
GB,http://environment.data.gov.uk/air-quality/so,GB_Network_1,Station_GB1024A,,GB_SamplingPoint_74174,GB_StationProcess_918,GB_SamplingFeature_918,O3,http://dd.eionet.europa.eu/vocabulary/aq/pollutant/7,hour,34.6453800000,µg/m3,2018-08-16 05:00:00 +01:00,2018-08-16 06:00:00 +01:00,1,1
GB,http://environment.data.gov.uk/air-quality/so,GB_Network_1,Station_GB1024A,,GB_SamplingPoint_74174,GB_StationProcess_918,GB_SamplingFeature_918,O3,http://dd.eionet.europa.eu/vocabulary/aq/pollutant/7,hour,29.4863800000,µg/m3,2018-08-16 06:00:00 +01:00,2018-08-16 07:00:00 +01:00,1,1
GB,http://environment.data.gov.uk/air-quality/so,GB_Network_1,Station_GB1024A,,GB_SamplingPoint_74174,GB_StationProcess_918,GB_SamplingFeature_918,O3,http://dd.eionet.europa.eu/vocabulary/aq/pollutant/7,hour,26.4176600000,µg/m3,2018-08-16 07:00:00 +01:00,2018-08-16 08:00:00 +01:00,1,1
GB,http://environment.data.gov.uk/air-quality/so,GB_Network_1,Station_GB1024A,,GB_SamplingPoint_74174,GB_StationProcess_918,GB_SamplingFeature_918,O3,http://dd.eionet.europa.eu/vocabulary/aq/pollutant/7,hour,22.4149800000,µg/m3,2018-08-16 08:00:00 +01:00,2018-08-16 09:00:00 +01:00,1,1
GB,http://environment.data.gov.uk/air-quality/so,GB_Network_1,Station_GB1024A,,GB_SamplingPoint_74174,GB_StationProcess_918,GB_SamplingFeature_918,O3,http://dd.eionet.europa.eu/vocabulary/aq/pollutant/7,hour,24.6831700000,µg/m3,2018-08-16 12:00:00 +01:00,2018-08-16 13:00:00 +01:00,1,1
GB,http://environment.data.gov.uk/air-quality/so,GB_Network_1,Station_GB1024A,,GB_SamplingPoint_74174,GB_StationProcess_918,GB_SamplingFeature_918,O3,http://dd.eionet.europa.eu/vocabulary/aq/pollutant/7,hour,27.7518900000,µg/m3,2018-08-16 13:00:00 +01:00,2018-08-16 14:00:00 +01:00,1,1
GB,http://environment.data.gov.uk/air-quality/so,GB_Network_1,Station_GB1024A,,GB_SamplingPoint_74174,GB_StationProcess_918,GB_SamplingFeature_918,O3,http://dd.eionet.europa.eu/vocabulary/aq/pollutant/7,hour,18.8125800000,µg/m3,2018-08-16 14:00:00 +01:00,2018-08-16 15:00:00 +01:00,1,1
GB,http://environment.data.gov.uk/air-quality/so,GB_Network_1,Station_GB1024A,,GB_SamplingPoint_74174,GB_StationProcess_918,GB_SamplingFeature_918,O3,http://dd.eionet.europa.eu/vocabulary/aq/pollutant/7,hour,24.1494800000,µg/m3,2018-08-16 16:00:00 +01:00,2018-08-16 17:00:00 +01:00,1,1
GB,http://environment.data.gov.uk/air-quality/so,GB_Network_1,Station_GB1024A,,GB_SamplingPoint_74174,GB_StationProcess_918,GB_SamplingFeature_918,O3,http://dd.eionet.europa.eu/vocabulary/aq/pollutant/7,hour,29.6198000000,µg/m3,2018-08-16 17:00:00 +01:00,2018-08-16 18:00:00 +01:00,1,1
GB,http://environment.data.gov.uk/air-quality/so,GB_Network_1,Station_GB1024A,,GB_SamplingPoint_74174,GB_StationProcess_918,GB_SamplingFeature_918,O3,http://dd.eionet.europa.eu/vocabulary/aq/pollutant/7,hour,30.7316600000,µg/m3,2018-08-16 18:00:00 +01:00,2018-08-16 19:00:00 +01:00,1,1
GB,http://environment.data.gov.uk/air-quality/so,GB_Network_1,Station_GB1024A,,GB_SamplingPoint_74174,GB_StationProcess_918,GB_SamplingFeature_918,O3,http://dd.eionet.europa.eu/vocabulary/aq/pollutant/7,hour,29.4419000000,µg/m3,2018-08-16 19:00:00 +01:00,2018-08-16 20:00:00 +01:00,1,1
GB,http://environment.data.gov.uk/air-quality/so,GB_Network_1,Station_GB1024A,,GB_SamplingPoint_74174,GB_StationProcess_918,GB_SamplingFeature_918,O3,http://dd.eionet.europa.eu/vocabulary/aq/pollutant/7,hour,18.9015200000,µg/m3,2018-08-16 20:00:00 +01:00,2018-08-16 21:00:00 +01:00,1,1
GB,http://environment.data.gov.uk/air-quality/so,GB_Network_1,Station_GB1024A,,GB_SamplingPoint_74174,GB_StationProcess_918,GB_SamplingFeature_918,O3,http://dd.eionet.europa.eu/vocabulary/aq/pollutant/7,hour,8.8948400000,µg/m3,2018-08-16 21:00:00 +01:00,2018-08-16 22:00:00 +01:00,1,1
GB,http://environment.data.gov.uk/air-quality/so,GB_Network_1,Station_GB1024A,,GB_SamplingPoint_74174,GB_StationProcess_918,GB_SamplingFeature_918,O3,http://dd.eionet.europa.eu/vocabulary/aq/pollutant/7,hour,13.6091000000,µg/m3,2018-08-17 00:00:00 +01:00,2018-08-17 01:00:00 +01:00,1,1
GB,http://environment.data.gov.uk/air-quality/so,GB_Network_1,Station_GB1024A,,GB_SamplingPoint_74174,GB_StationProcess_918,GB_SamplingFeature_918,O3,http://dd.eionet.europa.eu/vocabulary/aq/pollutant/7,hour,13.2829500000,µg/m3,2018-08-17 01:00:00 +01:00,2018-08-17 02:00:00 +01:00,1,1
GB,http://environment.data.gov.uk/air-quality/so,GB_Network_1,Station_GB1024A,,GB_SamplingPoint_74174,GB_StationProcess_918,GB_SamplingFeature_918,O3,http://dd.eionet.europa.eu/vocabulary/aq/pollutant/7,hour,12.6306700000,µg/m3,2018-08-17 02:00:00 +01:00,2018-08-17 03:00:00 +01:00,1,1
GB,http://environment.data.gov.uk/air-quality/so,GB_Network_1,Station_GB1024A,,GB_SamplingPoint_74174,GB_StationProcess_918,GB_SamplingFeature_918,O3,http://dd.eionet.europa.eu/vocabulary/aq/pollutant/7,hour,2.2681800000,µg/m3,2018-08-17 04:00:00 +01:00,2018-08-17 05:00:00 +01:00,2,1
GB,http://environment.data.gov.uk/air-quality/so,GB_Network_1,Station_GB1024A,,GB_SamplingPoint_74174,GB_StationProcess_918,GB_SamplingFeature_918,O3,http://dd.eionet.europa.eu/vocabulary/aq/pollutant/7,hour,1.1563300000,µg/m3,2018-08-17 05:00:00 +01:00,2018-08-17 06:00:00 +01:00,2,1
GB,http://environment.data.gov.uk/air-quality/so,GB_Network_1,Station_GB1024A,,GB_SamplingPoint_74174,GB_StationProcess_918,GB_SamplingFeature_918,O3,http://dd.eionet.europa.eu/vocabulary/aq/pollutant/7,hour,1.8234400000,µg/m3,2018-08-17 06:00:00 +01:00,2018-08-17 07:00:00 +01:00,2,1
GB,http://environment.data.gov.uk/air-quality/so,GB_Network_1,Station_GB1024A,,GB_SamplingPoint_74174,GB_StationProcess_918,GB_SamplingFeature_918,O3,http://dd.eionet.europa.eu/vocabulary/aq/pollutant/7,hour,7.6050800000,µg/m3,2018-08-17 07:00:00 +01:00,2018-08-17 08:00:00 +01:00,1,1
GB,http://environment.data.gov.uk/air-quality/so,GB_Network_1,Station_GB1024A,,GB_SamplingPoint_74174,GB_StationProcess_918,GB_SamplingFeature_918,O3,http://dd.eionet.europa.eu/vocabulary/aq/pollutant/7,hour,12.3193500000,µg/m3,2018-08-17 09:00:00 +01:00,2018-08-17 10:00:00 +01:00,1,1
GB,http://environment.data.gov.uk/air-quality/so,GB_Network_1,Station_GB1024A,,GB_SamplingPoint_74174,GB_StationProcess_918,GB_SamplingFeature_918,O3,http://dd.eionet.europa.eu/vocabulary/aq/pollutant/7,hour,21.5699800000,µg/m3,2018-08-17 10:00:00 +01:00,2018-08-17 11:00:00 +01:00,1,1
GB,http://environment.data.gov.uk/air-quality/so,GB_Network_1,Station_GB1024A,,GB_SamplingPoint_74174,GB_StationProcess_918,GB_SamplingFeature_918,O3,http://dd.eionet.europa.eu/vocabulary/aq/pollutant/7,hour,32.0214100000,µg/m3,2018-08-17 11:00:00 +01:00,2018-08-17 12:00:00 +01:00,1,1
GB,http://environment.data.gov.uk/air-quality/so,GB_Network_1,Station_GB1024A,,GB_SamplingPoint_74174,GB_StationProcess_918,GB_SamplingFeature_918,O3,http://dd.eionet.europa.eu/vocabulary/aq/pollutant/7,hour,46.4310400000,µg/m3,2018-08-17 14:00:00 +01:00,2018-08-17 15:00:00 +01:00,1,1
GB,http://environment.data.gov.uk/air-quality/so,GB_Network_1,Station_GB1024A,,GB_SamplingPoint_74174,GB_StationProcess_918,GB_SamplingFeature_918,O3,http://dd.eionet.europa.eu/vocabulary/aq/pollutant/7,hour,50.3892400000,µg/m3,2018-08-17 15:00:00 +01:00,2018-08-17 16:00:00 +01:00,1,1
GB,http://environment.data.gov.uk/air-quality/so,GB_Network_1,Station_GB1024A,,GB_SamplingPoint_74174,GB_StationProcess_918,GB_SamplingFeature_918,O3,http://dd.eionet.europa.eu/vocabulary/aq/pollutant/7,hour,49.1884400000,µg/m3,2018-08-17 16:00:00 +01:00,2018-08-17 17:00:00 +01:00,1,1
GB,http://environment.data.gov.uk/air-quality/so,GB_Network_1,Station_GB1024A,,GB_SamplingPoint_74174,GB_StationProcess_918,GB_SamplingFeature_918,O3,http://dd.eionet.europa.eu/vocabulary/aq/pollutant/7,hour,49.0550100000,µg/m3,2018-08-17 17:00:00 +01:00,2018-08-17 18:00:00 +01:00,1,1
GB,http://environment.data.gov.uk/air-quality/so,GB_Network_1,Station_GB1024A,,GB_SamplingPoint_74174,GB_StationProcess_918,GB_SamplingFeature_918,O3,http://dd.eionet.europa.eu/vocabulary/aq/pollutant/7,hour,54.4808600000,µg/m3,2018-08-17 18:00:00 +01:00,2018-08-17 19:00:00 +01:00,1,1
GB,http://environment.data.gov.uk/air-quality/so,GB_Network_1,Station_GB1024A,,GB_SamplingPoint_74174,GB_StationProcess_918,GB_SamplingFeature_918,O3,http://dd.eionet.europa.eu/vocabulary/aq/pollutant/7,hour,55.7706200000,µg/m3,2018-08-17 19:00:00 +01:00,2018-08-17 20:00:00 +01:00,1,1
GB,http://environment.data.gov.uk/air-quality/so,GB_Network_1,Station_GB1024A,,GB_SamplingPoint_74174,GB_StationProcess_918,GB_SamplingFeature_918,O3,http://dd.eionet.europa.eu/vocabulary/aq/pollutant/7,hour,49.6331800000,µg/m3,2018-08-17 20:00:00 +01:00,2018-08-17 21:00:00 +01:00,1,1
GB,http://environment.data.gov.uk/air-quality/so,GB_Network_1,Station_GB1024A,,GB_SamplingPoint_74174,GB_StationProcess_918,GB_SamplingFeature_918,O3,http://dd.eionet.europa.eu/vocabulary/aq/pollutant/7,hour,33.0443100000,µg/m3,2018-08-17 23:00:00 +01:00,2018-08-18 00:00:00 +01:00,1,1
GB,http://environment.data.gov.uk/air-quality/so,GB_Network_1,Station_GB1024A,,GB_SamplingPoint_74174,GB_StationProcess_918,GB_SamplingFeature_918,O3,http://dd.eionet.europa.eu/vocabulary/aq/pollutant/7,hour,32.9108900000,µg/m3,2018-08-18 00:00:00 +01:00,2018-08-18 01:00:00 +01:00,1,1
GB,http://environment.data.gov.uk/air-quality/so,GB_Network_1,Station_GB1024A,,GB_SamplingPoint_74174,GB_StationProcess_918,GB_SamplingFeature_918,O3,http://dd.eionet.europa.eu/vocabulary/aq/pollutant/7,hour,35.1642500000,µg/m3,2018-08-18 01:00:00 +01:00,2018-08-18 02:00:00 +01:00,1,1
GB,http://environment.data.gov.uk/air-quality/so,GB_Network_1,Station_GB1024A,,GB_SamplingPoint_74174,GB_StationProcess_918,GB_SamplingFeature_918,O3,http://dd.eionet.europa.eu/vocabulary/aq/pollutant/7,hour,36.5281200000,µg/m3,2018-08-18 02:00:00 +01:00,2018-08-18 03:00:00 +01:00,1,1
GB,http://environment.data.gov.uk/air-quality/so,GB_Network_1,Station_GB1024A,,GB_SamplingPoint_74174,GB_StationProcess_918,GB_SamplingFeature_918,O3,http://dd.eionet.europa.eu/vocabulary/aq/pollutant/7,hour,32.1993000000,µg/m3,2018-08-18 04:00:00 +01:00,2018-08-18 05:00:00 +01:00,1,1
GB,http://environment.data.gov.uk/air-quality/so,GB_Network_1,Station_GB1024A,,GB_SamplingPoint_74174,GB_StationProcess_918,GB_SamplingFeature_918,O3,http://dd.eionet.europa.eu/vocabulary/aq/pollutant/7,hour,28.3300500000,µg/m3,2018-08-18 06:00:00 +01:00,2018-08-18 07:00:00 +01:00,1,1
GB,http://environment.data.gov.uk/air-quality/so,GB_Network_1,Station_GB1024A,,GB_SamplingPoint_74174,GB_StationProcess_918,GB_SamplingFeature_918,O3,http://dd.eionet.europa.eu/vocabulary/aq/pollutant/7,hour,25.2613300000,µg/m3,2018-08-18 08:00:00 +01:00,2018-08-18 09:00:00 +01:00,1,1
GB,http://environment.data.gov.uk/air-quality/so,GB_Network_1,Station_GB1024A,,GB_SamplingPoint_74174,GB_StationProcess_918,GB_SamplingFeature_918,O3,http://dd.eionet.europa.eu/vocabulary/aq/pollutant/7,hour,22.9486700000,µg/m3,2018-08-18 09:00:00 +01:00,2018-08-18 10:00:00 +01:00,1,1
GB,http://environment.data.gov.uk/air-quality/so,GB_Network_1,Station_GB1024A,,GB_SamplingPoint_74174,GB_StationProcess_918,GB_SamplingFeature_918,O3,http://dd.eionet.europa.eu/vocabulary/aq/pollutant/7,hour,33.0887900000,µg/m3,2018-08-18 12:00:00 +01:00,2018-08-18 13:00:00 +01:00,1,1
GB,http://environment.data.gov.uk/air-quality/so,GB_Network_1,Station_GB1024A,,GB_SamplingPoint_74174,GB_StationProcess_918,GB_SamplingFeature_918,O3,http://dd.eionet.europa.eu/vocabulary/aq/pollutant/7,hour,34.1561700000,µg/m3,2018-08-18 13:00:00 +01:00,2018-08-18 14:00:00 +01:00,1,1
GB,http://environment.data.gov.uk/air-quality/so,GB_Network_1,Station_GB1024A,,GB_SamplingPoint_74174,GB_StationProcess_918,GB_SamplingFeature_918,O3,http://dd.eionet.europa.eu/vocabulary/aq/pollutant/7,hour,36.2909300000,µg/m3,2018-08-18 15:00:00 +01:00,2018-08-18 16:00:00 +01:00,1,1
GB,http://environment.data.gov.uk/air-quality/so,GB_Network_1,Station_GB1024A,,GB_SamplingPoint_74174,GB_StationProcess_918,GB_SamplingFeature_918,O3,http://dd.eionet.europa.eu/vocabulary/aq/pollutant/7,hour,37.1804100000,µg/m3,2018-08-18 16:00:00 +01:00,2018-08-18 17:00:00 +01:00,1,1
GB,http://environment.data.gov.uk/air-quality/so,GB_Network_1,Station_GB1024A,,GB_SamplingPoint_74174,GB_StationProcess_918,GB_SamplingFeature_918,O3,http://dd.eionet.europa.eu/vocabulary/aq/pollutant/7,hour,39.1817500000,µg/m3,2018-08-18 17:00:00 +01:00,2018-08-18 18:00:00 +01:00,1,1
GB,http://environment.data.gov.uk/air-quality/so,GB_Network_1,Station_GB1024A,,GB_SamplingPoint_74174,GB_StationProcess_918,GB_SamplingFeature_918,O3,http://dd.eionet.europa.eu/vocabulary/aq/pollutant/7,hour,35.2235500000,µg/m3,2018-08-18 19:00:00 +01:00,2018-08-18 20:00:00 +01:00,1,1
GB,http://environment.data.gov.uk/air-quality/so,GB_Network_1,Station_GB1024A,,GB_SamplingPoint_74174,GB_StationProcess_918,GB_SamplingFeature_918,O3,http://dd.eionet.europa.eu/vocabulary/aq/pollutant/7,hour,32.7774700000,µg/m3,2018-08-18 20:00:00 +01:00,2018-08-18 21:00:00 +01:00,1,1
GB,http://environment.data.gov.uk/air-quality/so,GB_Network_1,Station_GB1024A,,GB_SamplingPoint_74174,GB_StationProcess_918,GB_SamplingFeature_918,O3,http://dd.eionet.europa.eu/vocabulary/aq/pollutant/7,hour,28.9971600000,µg/m3,2018-08-18 21:00:00 +01:00,2018-08-18 22:00:00 +01:00,1,1
GB,http://environment.data.gov.uk/air-quality/so,GB_Network_1,Station_GB1024A,,GB_SamplingPoint_74174,GB_StationProcess_918,GB_SamplingFeature_918,O3,http://dd.eionet.europa.eu/vocabulary/aq/pollutant/7,hour,36.2316300000,µg/m3,2018-08-19 01:00:00 +01:00,2018-08-19 02:00:00 +01:00,1,1
GB,http://environment.data.gov.uk/air-quality/so,GB_Network_1,Station_GB1024A,,GB_SamplingPoint_74174,GB_StationProcess_918,GB_SamplingFeature_918,O3,http://dd.eionet.europa.eu/vocabulary/aq/pollutant/7,hour,37.3583100000,µg/m3,2018-08-19 02:00:00 +01:00,2018-08-19 03:00:00 +01:00,1,1
GB,http://environment.data.gov.uk/air-quality/so,GB_Network_1,Station_GB1024A,,GB_SamplingPoint_74174,GB_StationProcess_918,GB_SamplingFeature_918,O3,http://dd.eionet.europa.eu/vocabulary/aq/pollutant/7,hour,39.7154400000,µg/m3,2018-08-19 07:00:00 +01:00,2018-08-19 08:00:00 +01:00,1,1
GB,http://environment.data.gov.uk/air-quality/so,GB_Network_1,Station_GB1024A,,GB_SamplingPoint_74174,GB_StationProcess_918,GB_SamplingFeature_918,O3,http://dd.eionet.europa.eu/vocabulary/aq/pollutant/7,hour,37.8920000000,µg/m3,2018-08-19 08:00:00 +01:00,2018-08-19 09:00:00 +01:00,1,1
GB,http://environment.data.gov.uk/air-quality/so,GB_Network_1,Station_GB1024A,,GB_SamplingPoint_74174,GB_StationProcess_918,GB_SamplingFeature_918,O3,http://dd.eionet.europa.eu/vocabulary/aq/pollutant/7,hour,35.8017100000,µg/m3,2018-08-19 09:00:00 +01:00,2018-08-19 10:00:00 +01:00,1,1
GB,http://environment.data.gov.uk/air-quality/so,GB_Network_1,Station_GB1024A,,GB_SamplingPoint_74174,GB_StationProcess_918,GB_SamplingFeature_918,O3,http://dd.eionet.europa.eu/vocabulary/aq/pollutant/7,hour,38.6035800000,µg/m3,2018-08-19 10:00:00 +01:00,2018-08-19 11:00:00 +01:00,1,1
GB,http://environment.data.gov.uk/air-quality/so,GB_Network_1,Station_GB1024A,,GB_SamplingPoint_74174,GB_StationProcess_918,GB_SamplingFeature_918,O3,http://dd.eionet.europa.eu/vocabulary/aq/pollutant/7,hour,34.8677500000,µg/m3,2018-08-19 12:00:00 +01:00,2018-08-19 13:00:00 +01:00,1,1
GB,http://environment.data.gov.uk/air-quality/so,GB_Network_1,Station_GB1024A,,GB_SamplingPoint_74174,GB_StationProcess_918,GB_SamplingFeature_918,O3,http://dd.eionet.europa.eu/vocabulary/aq/pollutant/7,hour,33.8003700000,µg/m3,2018-08-19 13:00:00 +01:00,2018-08-19 14:00:00 +01:00,1,1
GB,http://environment.data.gov.uk/air-quality/so,GB_Network_1,Station_GB1024A,,GB_SamplingPoint_74174,GB_StationProcess_918,GB_SamplingFeature_918,O3,http://dd.eionet.europa.eu/vocabulary/aq/pollutant/7,hour,33.5780000000,µg/m3,2018-08-19 14:00:00 +01:00,2018-08-19 15:00:00 +01:00,1,1
GB,http://environment.data.gov.uk/air-quality/so,GB_Network_1,Station_GB1024A,,GB_SamplingPoint_74174,GB_StationProcess_918,GB_SamplingFeature_918,O3,http://dd.eionet.europa.eu/vocabulary/aq/pollutant/7,hour,36.3354000000,µg/m3,2018-08-19 18:00:00 +01:00,2018-08-19 19:00:00 +01:00,1,1
GB,http://environment.data.gov.uk/air-quality/so,GB_Network_1,Station_GB1024A,,GB_SamplingPoint_74174,GB_StationProcess_918,GB_SamplingFeature_918,O3,http://dd.eionet.europa.eu/vocabulary/aq/pollutant/7,hour,35.3125000000,µg/m3,2018-08-19 19:00:00 +01:00,2018-08-19 20:00:00 +01:00,1,1
GB,http://environment.data.gov.uk/air-quality/so,GB_Network_1,Station_GB1024A,,GB_SamplingPoint_74174,GB_StationProcess_918,GB_SamplingFeature_918,O3,http://dd.eionet.europa.eu/vocabulary/aq/pollutant/7,hour,30.1090200000,µg/m3,2018-08-19 20:00:00 +01:00,2018-08-19 21:00:00 +01:00,1,1
GB,http://environment.data.gov.uk/air-quality/so,GB_Network_1,Station_GB1024A,,GB_SamplingPoint_74174,GB_StationProcess_918,GB_SamplingFeature_918,O3,http://dd.eionet.europa.eu/vocabulary/aq/pollutant/7,hour,23.6157900000,µg/m3,2018-08-19 21:00:00 +01:00,2018-08-19 22:00:00 +01:00,1,1
GB,http://environment.data.gov.uk/air-quality/so,GB_Network_1,Station_GB1024A,,GB_SamplingPoint_74174,GB_StationProcess_918,GB_SamplingFeature_918,O3,http://dd.eionet.europa.eu/vocabulary/aq/pollutant/7,hour,19.7465300000,µg/m3,2018-08-19 22:00:00 +01:00,2018-08-19 23:00:00 +01:00,1,1
GB,http://environment.data.gov.uk/air-quality/so,GB_Network_1,Station_GB1024A,,GB_SamplingPoint_74174,GB_StationProcess_918,GB_SamplingFeature_918,O3,http://dd.eionet.europa.eu/vocabulary/aq/pollutant/7,hour,13.7425200000,µg/m3,2018-08-19 23:00:00 +01:00,2018-08-20 00:00:00 +01:00,1,1
GB,http://environment.data.gov.uk/air-quality/so,GB_Network_1,Station_GB1024A,,GB_SamplingPoint_74174,GB_StationProcess_918,GB_SamplingFeature_918,O3,http://dd.eionet.europa.eu/vocabulary/aq/pollutant/7,hour,12.5417200000,µg/m3,2018-08-20 00:00:00 +01:00,2018-08-20 01:00:00 +01:00,1,1
GB,http://environment.data.gov.uk/air-quality/so,GB_Network_1,Station_GB1024A,,GB_SamplingPoint_74174,GB_StationProcess_918,GB_SamplingFeature_918,O3,http://dd.eionet.europa.eu/vocabulary/aq/pollutant/7,hour,15.7142100000,µg/m3,2018-08-20 01:00:00 +01:00,2018-08-20 02:00:00 +01:00,1,1
GB,http://environment.data.gov.uk/air-quality/so,GB_Network_1,Station_GB1024A,,GB_SamplingPoint_74174,GB_StationProcess_918,GB_SamplingFeature_918,O3,http://dd.eionet.europa.eu/vocabulary/aq/pollutant/7,hour,18.3233600000,µg/m3,2018-08-20 02:00:00 +01:00,2018-08-20 03:00:00 +01:00,1,1
GB,http://environment.data.gov.uk/air-quality/so,GB_Network_1,Station_GB1024A,,GB_SamplingPoint_74174,GB_StationProcess_918,GB_SamplingFeature_918,O3,http://dd.eionet.europa.eu/vocabulary/aq/pollutant/7,hour,18.9015200000,µg/m3,2018-08-20 03:00:00 +01:00,2018-08-20 04:00:00 +01:00,1,1
GB,http://environment.data.gov.uk/air-quality/so,GB_Network_1,Station_GB1024A,,GB_SamplingPoint_74174,GB_StationProcess_918,GB_SamplingFeature_918,O3,http://dd.eionet.europa.eu/vocabulary/aq/pollutant/7,hour,17.7007200000,µg/m3,2018-08-20 04:00:00 +01:00,2018-08-20 05:00:00 +01:00,1,1
GB,http://environment.data.gov.uk/air-quality/so,GB_Network_1,Station_GB1024A,,GB_SamplingPoint_74174,GB_StationProcess_918,GB_SamplingFeature_918,O3,http://dd.eionet.europa.eu/vocabulary/aq/pollutant/7,hour,14.7209500000,µg/m3,2018-08-20 05:00:00 +01:00,2018-08-20 06:00:00 +01:00,1,1
GB,http://environment.data.gov.uk/air-quality/so,GB_Network_1,Station_GB1024A,,GB_SamplingPoint_74174,GB_StationProcess_918,GB_SamplingFeature_918,O3,http://dd.eionet.europa.eu/vocabulary/aq/pollutant/7,hour,11.0740700000,µg/m3,2018-08-20 08:00:00 +01:00,2018-08-20 09:00:00 +01:00,1,1
GB,http://environment.data.gov.uk/air-quality/so,GB_Network_1,Station_GB1024A,,GB_SamplingPoint_74174,GB_StationProcess_918,GB_SamplingFeature_918,O3,http://dd.eionet.europa.eu/vocabulary/aq/pollutant/7,hour,15.0767500000,µg/m3,2018-08-20 09:00:00 +01:00,2018-08-20 10:00:00 +01:00,1,1
GB,http://environment.data.gov.uk/air-quality/so,GB_Network_1,Station_GB1024A,,GB_SamplingPoint_74174,GB_StationProcess_918,GB_SamplingFeature_918,O3,http://dd.eionet.europa.eu/vocabulary/aq/pollutant/7,hour,24.5942200000,µg/m3,2018-08-20 10:00:00 +01:00,2018-08-20 11:00:00 +01:00,1,1
GB,http://environment.data.gov.uk/air-quality/so,GB_Network_1,Station_GB1024A,,GB_SamplingPoint_74174,GB_StationProcess_918,GB_SamplingFeature_918,O3,http://dd.eionet.europa.eu/vocabulary/aq/pollutant/7,hour,30.0200700000,µg/m3,2018-08-20 11:00:00 +01:00,2018-08-20 12:00:00 +01:00,1,1
GB,http://environment.data.gov.uk/air-quality/so,GB_Network_1,Station_GB1024A,,GB_SamplingPoint_74174,GB_StationProcess_918,GB_SamplingFeature_918,O3,http://dd.eionet.europa.eu/vocabulary/aq/pollutant/7,hour,29.3974300000,µg/m3,2018-08-20 12:00:00 +01:00,2018-08-20 13:00:00 +01:00,1,1
GB,http://environment.data.gov.uk/air-quality/so,GB_Network_1,Station_GB1024A,,GB_SamplingPoint_74174,GB_StationProcess_918,GB_SamplingFeature_918,O3,http://dd.eionet.europa.eu/vocabulary/aq/pollutant/7,hour,34.3340600000,µg/m3,2018-08-20 13:00:00 +01:00,2018-08-20 14:00:00 +01:00,1,1
GB,http://environment.data.gov.uk/air-quality/so,GB_Network_1,Station_GB1024A,,GB_SamplingPoint_74174,GB_StationProcess_918,GB_SamplingFeature_918,O3,http://dd.eionet.europa.eu/vocabulary/aq/pollutant/7,hour,46.1197200000,µg/m3,2018-08-20 15:00:00 +01:00,2018-08-20 16:00:00 +01:00,1,1
GB,http://environment.data.gov.uk/air-quality/so,GB_Network_1,Station_GB1024A,,GB_SamplingPoint_74174,GB_StationProcess_918,GB_SamplingFeature_918,O3,http://dd.eionet.europa.eu/vocabulary/aq/pollutant/7,hour,40.2046500000,µg/m3,2018-08-20 18:00:00 +01:00,2018-08-20 19:00:00 +01:00,1,1
GB,http://environment.data.gov.uk/air-quality/so,GB_Network_1,Station_GB1024A,,GB_SamplingPoint_74174,GB_StationProcess_918,GB_SamplingFeature_918,O3,http://dd.eionet.europa.eu/vocabulary/aq/pollutant/7,hour,39.6709600000,µg/m3,2018-08-20 19:00:00 +01:00,2018-08-20 20:00:00 +01:00,1,1
GB,http://environment.data.gov.uk/air-quality/so,GB_Network_1,Station_GB1024A,,GB_SamplingPoint_74174,GB_StationProcess_918,GB_SamplingFeature_918,O3,http://dd.eionet.europa.eu/vocabulary/aq/pollutant/7,hour,23.6157900000,µg/m3,2018-08-20 21:00:00 +01:00,2018-08-20 22:00:00 +01:00,1,1
GB,http://environment.data.gov.uk/air-quality/so,GB_Network_1,Station_GB1024A,,GB_SamplingPoint_74174,GB_StationProcess_918,GB_SamplingFeature_918,O3,http://dd.eionet.europa.eu/vocabulary/aq/pollutant/7,hour,30.5982300000,µg/m3,2018-08-20 22:00:00 +01:00,2018-08-20 23:00:00 +01:00,1,1
GB,http://environment.data.gov.uk/air-quality/so,GB_Network_1,Station_GB1024A,,GB_SamplingPoint_74174,GB_StationProcess_918,GB_SamplingFeature_918,O3,http://dd.eionet.europa.eu/vocabulary/aq/pollutant/7,hour,11.5632900000,µg/m3,2018-08-21 01:00:00 +01:00,2018-08-21 02:00:00 +01:00,1,1
GB,http://environment.data.gov.uk/air-quality/so,GB_Network_1,Station_GB1024A,,GB_SamplingPoint_74174,GB_StationProcess_918,GB_SamplingFeature_918,O3,http://dd.eionet.europa.eu/vocabulary/aq/pollutant/7,hour,19.9837300000,µg/m3,2018-08-21 02:00:00 +01:00,2018-08-21 03:00:00 +01:00,1,1
GB,http://environment.data.gov.uk/air-quality/so,GB_Network_1,Station_GB1024A,,GB_SamplingPoint_74174,GB_StationProcess_918,GB_SamplingFeature_918,O3,http://dd.eionet.europa.eu/vocabulary/aq/pollutant/7,hour,17.5673000000,µg/m3,2018-08-21 03:00:00 +01:00,2018-08-21 04:00:00 +01:00,1,1
GB,http://environment.data.gov.uk/air-quality/so,GB_Network_1,Station_GB1024A,,GB_SamplingPoint_74174,GB_StationProcess_918,GB_SamplingFeature_918,O3,http://dd.eionet.europa.eu/vocabulary/aq/pollutant/7,hour,20.5470700000,µg/m3,2018-08-21 04:00:00 +01:00,2018-08-21 05:00:00 +01:00,1,1
GB,http://environment.data.gov.uk/air-quality/so,GB_Network_1,Station_GB1024A,,GB_SamplingPoint_74174,GB_StationProcess_918,GB_SamplingFeature_918,O3,http://dd.eionet.europa.eu/vocabulary/aq/pollutant/7,hour,29.3974300000,µg/m3,2018-08-21 06:00:00 +01:00,2018-08-21 07:00:00 +01:00,1,1
GB,http://environment.data.gov.uk/air-quality/so,GB_Network_1,Station_GB1024A,,GB_SamplingPoint_74174,GB_StationProcess_918,GB_SamplingFeature_918,O3,http://dd.eionet.europa.eu/vocabulary/aq/pollutant/7,hour,22.6818300000,µg/m3,2018-08-21 10:00:00 +01:00,2018-08-21 11:00:00 +01:00,1,1
GB,http://environment.data.gov.uk/air-quality/so,GB_Network_1,Station_GB1024A,,GB_SamplingPoint_74174,GB_StationProcess_918,GB_SamplingFeature_918,O3,http://dd.eionet.europa.eu/vocabulary/aq/pollutant/7,hour,43.8515400000,µg/m3,2018-08-21 12:00:00 +01:00,2018-08-21 13:00:00 +01:00,1,1
GB,http://environment.data.gov.uk/air-quality/so,GB_Network_1,Station_GB1024A,,GB_SamplingPoint_74174,GB_StationProcess_918,GB_SamplingFeature_918,O3,http://dd.eionet.europa.eu/vocabulary/aq/pollutant/7,hour,48.5658000000,µg/m3,2018-08-21 13:00:00 +01:00,2018-08-21 14:00:00 +01:00,1,1
GB,http://environment.data.gov.uk/air-quality/so,GB_Network_1,Station_GB1024A,,GB_SamplingPoint_74174,GB_StationProcess_918,GB_SamplingFeature_918,O3,http://dd.eionet.europa.eu/vocabulary/aq/pollutant/7,hour,55.1924500000,µg/m3,2018-08-21 14:00:00 +01:00,2018-08-21 15:00:00 +01:00,1,1
GB,http://environment.data.gov.uk/air-quality/so,GB_Network_1,Station_GB1024A,,GB_SamplingPoint_74174,GB_StationProcess_918,GB_SamplingFeature_918,O3,http://dd.eionet.europa.eu/vocabulary/aq/pollutant/7,hour,65.3325600000,µg/m3,2018-08-21 16:00:00 +01:00,2018-08-21 17:00:00 +01:00,1,1
GB,http://environment.data.gov.uk/air-quality/so,GB_Network_1,Station_GB1024A,,GB_SamplingPoint_74174,GB_StationProcess_918,GB_SamplingFeature_918,O3,http://dd.eionet.europa.eu/vocabulary/aq/pollutant/7,hour,67.7341700000,µg/m3,2018-08-21 18:00:00 +01:00,2018-08-21 19:00:00 +01:00,1,1
GB,http://environment.data.gov.uk/air-quality/so,GB_Network_1,Station_GB1024A,,GB_SamplingPoint_74174,GB_StationProcess_918,GB_SamplingFeature_918,O3,http://dd.eionet.europa.eu/vocabulary/aq/pollutant/7,hour,65.9107300000,µg/m3,2018-08-21 19:00:00 +01:00,2018-08-21 20:00:00 +01:00,1,1
GB,http://environment.data.gov.uk/air-quality/so,GB_Network_1,Station_GB1024A,,GB_SamplingPoint_74174,GB_StationProcess_918,GB_SamplingFeature_918,O3,http://dd.eionet.europa.eu/vocabulary/aq/pollutant/7,hour,45.0523400000,µg/m3,2018-08-21 21:00:00 +01:00,2018-08-21 22:00:00 +01:00,1,1
GB,http://environment.data.gov.uk/air-quality/so,GB_Network_1,Station_GB1024A,,GB_SamplingPoint_74174,GB_StationProcess_918,GB_SamplingFeature_918,O3,http://dd.eionet.europa.eu/vocabulary/aq/pollutant/7,hour,22.4594600000,µg/m3,2018-08-22 00:00:00 +01:00,2018-08-22 01:00:00 +01:00,1,1
GB,http://environment.data.gov.uk/air-quality/so,GB_Network_1,Station_GB1024A,,GB_SamplingPoint_74174,GB_StationProcess_918,GB_SamplingFeature_918,O3,http://dd.eionet.europa.eu/vocabulary/aq/pollutant/7,hour,13.1643600000,µg/m3,2018-08-22 02:00:00 +01:00,2018-08-22 03:00:00 +01:00,1,1
GB,http://environment.data.gov.uk/air-quality/so,GB_Network_1,Station_GB1024A,,GB_SamplingPoint_74174,GB_StationProcess_918,GB_SamplingFeature_918,O3,http://dd.eionet.europa.eu/vocabulary/aq/pollutant/7,hour,8.0498300000,µg/m3,2018-08-22 03:00:00 +01:00,2018-08-22 04:00:00 +01:00,1,1
GB,http://environment.data.gov.uk/air-quality/so,GB_Network_1,Station_GB1024A,,GB_SamplingPoint_74174,GB_StationProcess_918,GB_SamplingFeature_918,O3,http://dd.eionet.europa.eu/vocabulary/aq/pollutant/7,hour,16.7222900000,µg/m3,2018-08-22 04:00:00 +01:00,2018-08-22 05:00:00 +01:00,1,1
GB,http://environment.data.gov.uk/air-quality/so,GB_Network_1,Station_GB1024A,,GB_SamplingPoint_74174,GB_StationProcess_918,GB_SamplingFeature_918,O3,http://dd.eionet.europa.eu/vocabulary/aq/pollutant/7,hour,13.3867300000,µg/m3,2018-08-22 05:00:00 +01:00,2018-08-22 06:00:00 +01:00,1,1
GB,http://environment.data.gov.uk/air-quality/so,GB_Network_1,Station_GB1024A,,GB_SamplingPoint_74174,GB_StationProcess_918,GB_SamplingFeature_918,O3,http://dd.eionet.europa.eu/vocabulary/aq/pollutant/7,hour,13.1198800000,µg/m3,2018-08-22 06:00:00 +01:00,2018-08-22 07:00:00 +01:00,1,1
GB,http://environment.data.gov.uk/air-quality/so,GB_Network_1,Station_GB1024A,,GB_SamplingPoint_74174,GB_StationProcess_918,GB_SamplingFeature_918,O3,http://dd.eionet.europa.eu/vocabulary/aq/pollutant/7,hour,9.6064200000,µg/m3,2018-08-22 08:00:00 +01:00,2018-08-22 09:00:00 +01:00,1,1
GB,http://environment.data.gov.uk/air-quality/so,GB_Network_1,Station_GB1024A,,GB_SamplingPoint_74174,GB_StationProcess_918,GB_SamplingFeature_918,O3,http://dd.eionet.europa.eu/vocabulary/aq/pollutant/7,hour,19.2573200000,µg/m3,2018-08-22 09:00:00 +01:00,2018-08-22 10:00:00 +01:00,1,1
GB,http://environment.data.gov.uk/air-quality/so,GB_Network_1,Station_GB1024A,,GB_SamplingPoint_74174,GB_StationProcess_918,GB_SamplingFeature_918,O3,http://dd.eionet.europa.eu/vocabulary/aq/pollutant/7,hour,21.9702400000,µg/m3,2018-08-22 10:00:00 +01:00,2018-08-22 11:00:00 +01:00,1,1
GB,http://environment.data.gov.uk/air-quality/so,GB_Network_1,Station_GB1024A,,GB_SamplingPoint_74174,GB_StationProcess_918,GB_SamplingFeature_918,O3,http://dd.eionet.europa.eu/vocabulary/aq/pollutant/7,hour,23.4823600000,µg/m3,2018-08-22 11:00:00 +01:00,2018-08-22 12:00:00 +01:00,1,1
GB,http://environment.data.gov.uk/air-quality/so,GB_Network_1,Station_GB1024A,,GB_SamplingPoint_74174,GB_StationProcess_918,GB_SamplingFeature_918,O3,http://dd.eionet.europa.eu/vocabulary/aq/pollutant/7,hour,23.2155200000,µg/m3,2018-08-22 12:00:00 +01:00,2018-08-22 13:00:00 +01:00,1,1
GB,http://environment.data.gov.uk/air-quality/so,GB_Network_1,Station_GB1024A,,GB_SamplingPoint_74174,GB_StationProcess_918,GB_SamplingFeature_918,O3,http://dd.eionet.europa.eu/vocabulary/aq/pollutant/7,hour,30.5982300000,µg/m3,2018-08-22 15:00:00 +01:00,2018-08-22 16:00:00 +01:00,1,1
GB,http://environment.data.gov.uk/air-quality/so,GB_Network_1,Station_GB1024A,,GB_SamplingPoint_74174,GB_StationProcess_918,GB_SamplingFeature_918,O3,http://dd.eionet.europa.eu/vocabulary/aq/pollutant/7,hour,34.3785400000,µg/m3,2018-08-22 16:00:00 +01:00,2018-08-22 17:00:00 +01:00,1,1
GB,http://environment.data.gov.uk/air-quality/so,GB_Network_1,Station_GB1024A,,GB_SamplingPoint_74174,GB_StationProcess_918,GB_SamplingFeature_918,O3,http://dd.eionet.europa.eu/vocabulary/aq/pollutant/7,hour,33.5780000000,µg/m3,2018-08-22 17:00:00 +01:00,2018-08-22 18:00:00 +01:00,1,1
GB,http://environment.data.gov.uk/air-quality/so,GB_Network_1,Station_GB1024A,,GB_SamplingPoint_74174,GB_StationProcess_918,GB_SamplingFeature_918,O3,http://dd.eionet.europa.eu/vocabulary/aq/pollutant/7,hour,30.0645400000,µg/m3,2018-08-22 18:00:00 +01:00,2018-08-22 19:00:00 +01:00,1,1
GB,http://environment.data.gov.uk/air-quality/so,GB_Network_1,Station_GB1024A,,GB_SamplingPoint_74174,GB_StationProcess_918,GB_SamplingFeature_918,O3,http://dd.eionet.europa.eu/vocabulary/aq/pollutant/7,hour,32.1993000000,µg/m3,2018-08-22 20:00:00 +01:00,2018-08-22 21:00:00 +01:00,1,1
GB,http://environment.data.gov.uk/air-quality/so,GB_Network_1,Station_GB1024A,,GB_SamplingPoint_74174,GB_StationProcess_918,GB_SamplingFeature_918,O3,http://dd.eionet.europa.eu/vocabulary/aq/pollutant/7,hour,14.7654300000,µg/m3,2018-08-22 21:00:00 +01:00,2018-08-22 22:00:00 +01:00,1,1
GB,http://environment.data.gov.uk/air-quality/so,GB_Network_1,Station_GB1024A,,GB_SamplingPoint_74174,GB_StationProcess_918,GB_SamplingFeature_918,O3,http://dd.eionet.europa.eu/vocabulary/aq/pollutant/7,hour,14.2317400000,µg/m3,2018-08-22 22:00:00 +01:00,2018-08-22 23:00:00 +01:00,1,1
GB,http://environment.data.gov.uk/air-quality/so,GB_Network_1,Station_GB1024A,,GB_SamplingPoint_74174,GB_StationProcess_918,GB_SamplingFeature_918,O3,http://dd.eionet.europa.eu/vocabulary/aq/pollutant/7,hour,12.8085600000,µg/m3,2018-08-23 01:00:00 +01:00,2018-08-23 02:00:00 +01:00,1,1
GB,http://environment.data.gov.uk/air-quality/so,GB_Network_1,Station_GB1024A,,GB_SamplingPoint_74174,GB_StationProcess_918,GB_SamplingFeature_918,O3,http://dd.eionet.europa.eu/vocabulary/aq/pollutant/7,hour,16.3072000000,µg/m3,2018-08-23 02:00:00 +01:00,2018-08-23 03:00:00 +01:00,1,1
GB,http://environment.data.gov.uk/air-quality/so,GB_Network_1,Station_GB1024A,,GB_SamplingPoint_74174,GB_StationProcess_918,GB_SamplingFeature_918,O3,http://dd.eionet.europa.eu/vocabulary/aq/pollutant/7,hour,13.3422500000,µg/m3,2018-08-23 03:00:00 +01:00,2018-08-23 04:00:00 +01:00,1,1
GB,http://environment.data.gov.uk/air-quality/so,GB_Network_1,Station_GB1024A,,GB_SamplingPoint_74174,GB_StationProcess_918,GB_SamplingFeature_918,O3,http://dd.eionet.europa.eu/vocabulary/aq/pollutant/7,hour,21.5699800000,µg/m3,2018-08-23 05:00:00 +01:00,2018-08-23 06:00:00 +01:00,1,1
GB,http://environment.data.gov.uk/air-quality/so,GB_Network_1,Station_GB1024A,,GB_SamplingPoint_74174,GB_StationProcess_918,GB_SamplingFeature_918,O3,http://dd.eionet.europa.eu/vocabulary/aq/pollutant/7,hour,15.8328100000,µg/m3,2018-08-23 07:00:00 +01:00,2018-08-23 08:00:00 +01:00,1,1
GB,http://environment.data.gov.uk/air-quality/so,GB_Network_1,Station_GB1024A,,GB_SamplingPoint_74174,GB_StationProcess_918,GB_SamplingFeature_918,O3,http://dd.eionet.europa.eu/vocabulary/aq/pollutant/7,hour,14.4096300000,µg/m3,2018-08-23 08:00:00 +01:00,2018-08-23 09:00:00 +01:00,1,1
GB,http://environment.data.gov.uk/air-quality/so,GB_Network_1,Station_GB1024A,,GB_SamplingPoint_74174,GB_StationProcess_918,GB_SamplingFeature_918,O3,http://dd.eionet.europa.eu/vocabulary/aq/pollutant/7,hour,13.1198800000,µg/m3,2018-08-23 09:00:00 +01:00,2018-08-23 10:00:00 +01:00,1,1
GB,http://environment.data.gov.uk/air-quality/so,GB_Network_1,Station_GB1024A,,GB_SamplingPoint_74174,GB_StationProcess_918,GB_SamplingFeature_918,O3,http://dd.eionet.europa.eu/vocabulary/aq/pollutant/7,hour,14.1427900000,µg/m3,2018-08-23 10:00:00 +01:00,2018-08-23 11:00:00 +01:00,1,1
GB,http://environment.data.gov.uk/air-quality/so,GB_Network_1,Station_GB1024A,,GB_SamplingPoint_74174,GB_StationProcess_918,GB_SamplingFeature_918,O3,http://dd.eionet.europa.eu/vocabulary/aq/pollutant/7,hour,19.4796900000,µg/m3,2018-08-23 12:00:00 +01:00,2018-08-23 13:00:00 +01:00,1,1
GB,http://environment.data.gov.uk/air-quality/so,GB_Network_1,Station_GB1024A,,GB_SamplingPoint_74174,GB_StationProcess_918,GB_SamplingFeature_918,O3,http://dd.eionet.europa.eu/vocabulary/aq/pollutant/7,hour,41.8057200000,µg/m3,2018-08-23 13:00:00 +01:00,2018-08-23 14:00:00 +01:00,1,1
GB,http://environment.data.gov.uk/air-quality/so,GB_Network_1,Station_GB1024A,,GB_SamplingPoint_74174,GB_StationProcess_918,GB_SamplingFeature_918,O3,http://dd.eionet.europa.eu/vocabulary/aq/pollutant/7,hour,52.8353200000,µg/m3,2018-08-23 14:00:00 +01:00,2018-08-23 15:00:00 +01:00,1,1
GB,http://environment.data.gov.uk/air-quality/so,GB_Network_1,Station_GB1024A,,GB_SamplingPoint_74174,GB_StationProcess_918,GB_SamplingFeature_918,O3,http://dd.eionet.europa.eu/vocabulary/aq/pollutant/7,hour,59.1061800000,µg/m3,2018-08-23 15:00:00 +01:00,2018-08-23 16:00:00 +01:00,1,1
GB,http://environment.data.gov.uk/air-quality/so,GB_Network_1,Station_GB1024A,,GB_SamplingPoint_74174,GB_StationProcess_918,GB_SamplingFeature_918,O3,http://dd.eionet.europa.eu/vocabulary/aq/pollutant/7,hour,64.1317600000,µg/m3,2018-08-23 16:00:00 +01:00,2018-08-23 17:00:00 +01:00,1,1
GB,http://environment.data.gov.uk/air-quality/so,GB_Network_1,Station_GB1024A,,GB_SamplingPoint_74174,GB_StationProcess_918,GB_SamplingFeature_918,O3,http://dd.eionet.europa.eu/vocabulary/aq/pollutant/7,hour,62.7975300000,µg/m3,2018-08-23 18:00:00 +01:00,2018-08-23 19:00:00 +01:00,1,1
GB,http://environment.data.gov.uk/air-quality/so,GB_Network_1,Station_GB1024A,,GB_SamplingPoint_74174,GB_StationProcess_918,GB_SamplingFeature_918,O3,http://dd.eionet.europa.eu/vocabulary/aq/pollutant/7,hour,45.1857600000,µg/m3,2018-08-23 23:00:00 +01:00,2018-08-24 00:00:00 +01:00,1,1
GB,http://environment.data.gov.uk/air-quality/so,GB_Network_1,Station_GB1024A,,GB_SamplingPoint_74174,GB_StationProcess_918,GB_SamplingFeature_918,O3,http://dd.eionet.europa.eu/vocabulary/aq/pollutant/7,hour,46.2531400000,µg/m3,2018-08-24 00:00:00 +01:00,2018-08-24 01:00:00 +01:00,1,1
GB,http://environment.data.gov.uk/air-quality/so,GB_Network_1,Station_GB1024A,,GB_SamplingPoint_74174,GB_StationProcess_918,GB_SamplingFeature_918,O3,http://dd.eionet.europa.eu/vocabulary/aq/pollutant/7,hour,46.3124400000,µg/m3,2018-08-24 01:00:00 +01:00,2018-08-24 02:00:00 +01:00,1,1
GB,http://environment.data.gov.uk/air-quality/so,GB_Network_1,Station_GB1024A,,GB_SamplingPoint_74174,GB_StationProcess_918,GB_SamplingFeature_918,O3,http://dd.eionet.europa.eu/vocabulary/aq/pollutant/7,hour,44.0590800000,µg/m3,2018-08-24 02:00:00 +01:00,2018-08-24 03:00:00 +01:00,1,1
GB,http://environment.data.gov.uk/air-quality/so,GB_Network_1,Station_GB1024A,,GB_SamplingPoint_74174,GB_StationProcess_918,GB_SamplingFeature_918,O3,http://dd.eionet.europa.eu/vocabulary/aq/pollutant/7,hour,37.3138300000,µg/m3,2018-08-24 04:00:00 +01:00,2018-08-24 05:00:00 +01:00,1,1
GB,http://environment.data.gov.uk/air-quality/so,GB_Network_1,Station_GB1024A,,GB_SamplingPoint_74174,GB_StationProcess_918,GB_SamplingFeature_918,O3,http://dd.eionet.europa.eu/vocabulary/aq/pollutant/7,hour,20.8139100000,µg/m3,2018-08-24 06:00:00 +01:00,2018-08-24 07:00:00 +01:00,1,1
GB,http://environment.data.gov.uk/air-quality/so,GB_Network_1,Station_GB1024A,,GB_SamplingPoint_74174,GB_StationProcess_918,GB_SamplingFeature_918,O3,http://dd.eionet.europa.eu/vocabulary/aq/pollutant/7,hour,20.2802200000,µg/m3,2018-08-24 07:00:00 +01:00,2018-08-24 08:00:00 +01:00,1,1
GB,http://environment.data.gov.uk/air-quality/so,GB_Network_1,Station_GB1024A,,GB_SamplingPoint_74174,GB_StationProcess_918,GB_SamplingFeature_918,O3,http://dd.eionet.europa.eu/vocabulary/aq/pollutant/7,hour,30.9540300000,µg/m3,2018-08-24 09:00:00 +01:00,2018-08-24 10:00:00 +01:00,1,1
GB,http://environment.data.gov.uk/air-quality/so,GB_Network_1,Station_GB1024A,,GB_SamplingPoint_74174,GB_StationProcess_918,GB_SamplingFeature_918,O3,http://dd.eionet.europa.eu/vocabulary/aq/pollutant/7,hour,46.4755100000,µg/m3,2018-08-24 12:00:00 +01:00,2018-08-24 13:00:00 +01:00,1,1
GB,http://environment.data.gov.uk/air-quality/so,GB_Network_1,Station_GB1024A,,GB_SamplingPoint_74174,GB_StationProcess_918,GB_SamplingFeature_918,O3,http://dd.eionet.europa.eu/vocabulary/aq/pollutant/7,hour,49.7221300000,µg/m3,2018-08-24 13:00:00 +01:00,2018-08-24 14:00:00 +01:00,1,1
GB,http://environment.data.gov.uk/air-quality/so,GB_Network_1,Station_GB1024A,,GB_SamplingPoint_74174,GB_StationProcess_918,GB_SamplingFeature_918,O3,http://dd.eionet.europa.eu/vocabulary/aq/pollutant/7,hour,52.8353200000,µg/m3,2018-08-24 14:00:00 +01:00,2018-08-24 15:00:00 +01:00,1,1
GB,http://environment.data.gov.uk/air-quality/so,GB_Network_1,Station_GB1024A,,GB_SamplingPoint_74174,GB_StationProcess_918,GB_SamplingFeature_918,O3,http://dd.eionet.europa.eu/vocabulary/aq/pollutant/7,hour,54.7921800000,µg/m3,2018-08-24 15:00:00 +01:00,2018-08-24 16:00:00 +01:00,1,1
GB,http://environment.data.gov.uk/air-quality/so,GB_Network_1,Station_GB1024A,,GB_SamplingPoint_74174,GB_StationProcess_918,GB_SamplingFeature_918,O3,http://dd.eionet.europa.eu/vocabulary/aq/pollutant/7,hour,41.2720300000,µg/m3,2018-08-24 17:00:00 +01:00,2018-08-24 18:00:00 +01:00,1,1
GB,http://environment.data.gov.uk/air-quality/so,GB_Network_1,Station_GB1024A,,GB_SamplingPoint_74174,GB_StationProcess_918,GB_SamplingFeature_918,O3,http://dd.eionet.europa.eu/vocabulary/aq/pollutant/7,hour,36.1130300000,µg/m3,2018-08-24 18:00:00 +01:00,2018-08-24 19:00:00 +01:00,1,1
GB,http://environment.data.gov.uk/air-quality/so,GB_Network_1,Station_GB1024A,,GB_SamplingPoint_74174,GB_StationProcess_918,GB_SamplingFeature_918,O3,http://dd.eionet.europa.eu/vocabulary/aq/pollutant/7,hour,45.2302400000,µg/m3,2018-08-24 19:00:00 +01:00,2018-08-24 20:00:00 +01:00,1,1
GB,http://environment.data.gov.uk/air-quality/so,GB_Network_1,Station_GB1024A,,GB_SamplingPoint_74174,GB_StationProcess_918,GB_SamplingFeature_918,O3,http://dd.eionet.europa.eu/vocabulary/aq/pollutant/7,hour,47.0536800000,µg/m3,2018-08-24 20:00:00 +01:00,2018-08-24 21:00:00 +01:00,1,1
GB,http://environment.data.gov.uk/air-quality/so,GB_Network_1,Station_GB1024A,,GB_SamplingPoint_74174,GB_StationProcess_918,GB_SamplingFeature_918,O3,http://dd.eionet.europa.eu/vocabulary/aq/pollutant/7,hour,36.7801400000,µg/m3,2018-08-24 21:00:00 +01:00,2018-08-24 22:00:00 +01:00,1,1
GB,http://environment.data.gov.uk/air-quality/so,GB_Network_1,Station_GB1024A,,GB_SamplingPoint_74174,GB_StationProcess_918,GB_SamplingFeature_918,O3,http://dd.eionet.europa.eu/vocabulary/aq/pollutant/7,hour,33.0443100000,µg/m3,2018-08-24 22:00:00 +01:00,2018-08-24 23:00:00 +01:00,1,1
GB,http://environment.data.gov.uk/air-quality/so,GB_Network_1,Station_GB1024A,,GB_SamplingPoint_74174,GB_StationProcess_918,GB_SamplingFeature_918,O3,http://dd.eionet.europa.eu/vocabulary/aq/pollutant/7,hour,28.2855800000,µg/m3,2018-08-24 23:00:00 +01:00,2018-08-25 00:00:00 +01:00,1,1
GB,http://environment.data.gov.uk/air-quality/so,GB_Network_1,Station_GB1024A,,GB_SamplingPoint_74174,GB_StationProcess_918,GB_SamplingFeature_918,O3,http://dd.eionet.europa.eu/vocabulary/aq/pollutant/7,hour,27.2626700000,µg/m3,2018-08-25 03:00:00 +01:00,2018-08-25 04:00:00 +01:00,1,1
GB,http://environment.data.gov.uk/air-quality/so,GB_Network_1,Station_GB1024A,,GB_SamplingPoint_74174,GB_StationProcess_918,GB_SamplingFeature_918,O3,http://dd.eionet.europa.eu/vocabulary/aq/pollutant/7,hour,21.3476000000,µg/m3,2018-08-25 06:00:00 +01:00,2018-08-25 07:00:00 +01:00,1,1
GB,http://environment.data.gov.uk/air-quality/so,GB_Network_1,Station_GB1024A,,GB_SamplingPoint_74174,GB_StationProcess_918,GB_SamplingFeature_918,O3,http://dd.eionet.europa.eu/vocabulary/aq/pollutant/7,hour,21.5699800000,µg/m3,2018-08-25 07:00:00 +01:00,2018-08-25 08:00:00 +01:00,1,1
GB,http://environment.data.gov.uk/air-quality/so,GB_Network_1,Station_GB1024A,,GB_SamplingPoint_74174,GB_StationProcess_918,GB_SamplingFeature_918,O3,http://dd.eionet.europa.eu/vocabulary/aq/pollutant/7,hour,25.7060700000,µg/m3,2018-08-25 08:00:00 +01:00,2018-08-25 09:00:00 +01:00,1,1
GB,http://environment.data.gov.uk/air-quality/so,GB_Network_1,Station_GB1024A,,GB_SamplingPoint_74174,GB_StationProcess_918,GB_SamplingFeature_918,O3,http://dd.eionet.europa.eu/vocabulary/aq/pollutant/7,hour,33.6669500000,µg/m3,2018-08-25 09:00:00 +01:00,2018-08-25 10:00:00 +01:00,1,1
GB,http://environment.data.gov.uk/air-quality/so,GB_Network_1,Station_GB1024A,,GB_SamplingPoint_74174,GB_StationProcess_918,GB_SamplingFeature_918,O3,http://dd.eionet.europa.eu/vocabulary/aq/pollutant/7,hour,40.7828200000,µg/m3,2018-08-25 10:00:00 +01:00,2018-08-25 11:00:00 +01:00,1,1
GB,http://environment.data.gov.uk/air-quality/so,GB_Network_1,Station_GB1024A,,GB_SamplingPoint_74174,GB_StationProcess_918,GB_SamplingFeature_918,O3,http://dd.eionet.europa.eu/vocabulary/aq/pollutant/7,hour,48.2544800000,µg/m3,2018-08-25 12:00:00 +01:00,2018-08-25 13:00:00 +01:00,1,1
GB,http://environment.data.gov.uk/air-quality/so,GB_Network_1,Station_GB1024A,,GB_SamplingPoint_74174,GB_StationProcess_918,GB_SamplingFeature_918,O3,http://dd.eionet.europa.eu/vocabulary/aq/pollutant/7,hour,53.5913800000,µg/m3,2018-08-25 13:00:00 +01:00,2018-08-25 14:00:00 +01:00,1,1
GB,http://environment.data.gov.uk/air-quality/so,GB_Network_1,Station_GB1024A,,GB_SamplingPoint_74174,GB_StationProcess_918,GB_SamplingFeature_918,O3,http://dd.eionet.europa.eu/vocabulary/aq/pollutant/7,hour,53.9916500000,µg/m3,2018-08-25 14:00:00 +01:00,2018-08-25 15:00:00 +01:00,1,1
GB,http://environment.data.gov.uk/air-quality/so,GB_Network_1,Station_GB1024A,,GB_SamplingPoint_74174,GB_StationProcess_918,GB_SamplingFeature_918,O3,http://dd.eionet.europa.eu/vocabulary/aq/pollutant/7,hour,51.8124100000,µg/m3,2018-08-25 15:00:00 +01:00,2018-08-25 16:00:00 +01:00,1,1
GB,http://environment.data.gov.uk/air-quality/so,GB_Network_1,Station_GB1024A,,GB_SamplingPoint_74174,GB_StationProcess_918,GB_SamplingFeature_918,O3,http://dd.eionet.europa.eu/vocabulary/aq/pollutant/7,hour,59.8177700000,µg/m3,2018-08-25 17:00:00 +01:00,2018-08-25 18:00:00 +01:00,1,1
GB,http://environment.data.gov.uk/air-quality/so,GB_Network_1,Station_GB1024A,,GB_SamplingPoint_74174,GB_StationProcess_918,GB_SamplingFeature_918,O3,http://dd.eionet.europa.eu/vocabulary/aq/pollutant/7,hour,43.5846900000,µg/m3,2018-08-25 19:00:00 +01:00,2018-08-25 20:00:00 +01:00,1,1
GB,http://environment.data.gov.uk/air-quality/so,GB_Network_1,Station_GB1024A,,GB_SamplingPoint_74174,GB_StationProcess_918,GB_SamplingFeature_918,O3,http://dd.eionet.europa.eu/vocabulary/aq/pollutant/7,hour,21.0807600000,µg/m3,2018-08-25 20:00:00 +01:00,2018-08-25 21:00:00 +01:00,1,1
GB,http://environment.data.gov.uk/air-quality/so,GB_Network_1,Station_GB1024A,,GB_SamplingPoint_74174,GB_StationProcess_918,GB_SamplingFeature_918,O3,http://dd.eionet.europa.eu/vocabulary/aq/pollutant/7,hour,1.4231700000,µg/m3,2018-08-25 22:00:00 +01:00,2018-08-25 23:00:00 +01:00,2,1
GB,http://environment.data.gov.uk/air-quality/so,GB_Network_1,Station_GB1024A,,GB_SamplingPoint_74174,GB_StationProcess_918,GB_SamplingFeature_918,O3,http://dd.eionet.europa.eu/vocabulary/aq/pollutant/7,hour,1.2008000000,µg/m3,2018-08-25 23:00:00 +01:00,2018-08-26 00:00:00 +01:00,2,1
GB,http://environment.data.gov.uk/air-quality/so,GB_Network_1,Station_GB1024A,,GB_SamplingPoint_74174,GB_StationProcess_918,GB_SamplingFeature_918,O3,http://dd.eionet.europa.eu/vocabulary/aq/pollutant/7,hour,1.6010700000,µg/m3,2018-08-26 00:00:00 +01:00,2018-08-26 01:00:00 +01:00,2,1
GB,http://environment.data.gov.uk/air-quality/so,GB_Network_1,Station_GB1024A,,GB_SamplingPoint_74174,GB_StationProcess_918,GB_SamplingFeature_918,O3,http://dd.eionet.europa.eu/vocabulary/aq/pollutant/7,hour,1.5417700000,µg/m3,2018-08-26 01:00:00 +01:00,2018-08-26 02:00:00 +01:00,2,1
GB,http://environment.data.gov.uk/air-quality/so,GB_Network_1,Station_GB1024A,,GB_SamplingPoint_74174,GB_StationProcess_918,GB_SamplingFeature_918,O3,http://dd.eionet.europa.eu/vocabulary/aq/pollutant/7,hour,1.3638800000,µg/m3,2018-08-26 02:00:00 +01:00,2018-08-26 03:00:00 +01:00,2,1
GB,http://environment.data.gov.uk/air-quality/so,GB_Network_1,Station_GB1024A,,GB_SamplingPoint_74174,GB_StationProcess_918,GB_SamplingFeature_918,O3,http://dd.eionet.europa.eu/vocabulary/aq/pollutant/7,hour,1.6010700000,µg/m3,2018-08-26 03:00:00 +01:00,2018-08-26 04:00:00 +01:00,2,1
GB,http://environment.data.gov.uk/air-quality/so,GB_Network_1,Station_GB1024A,,GB_SamplingPoint_74174,GB_StationProcess_918,GB_SamplingFeature_918,O3,http://dd.eionet.europa.eu/vocabulary/aq/pollutant/7,hour,1.9568600000,µg/m3,2018-08-26 04:00:00 +01:00,2018-08-26 05:00:00 +01:00,2,1
GB,http://environment.data.gov.uk/air-quality/so,GB_Network_1,Station_GB1024A,,GB_SamplingPoint_74174,GB_StationProcess_918,GB_SamplingFeature_918,O3,http://dd.eionet.europa.eu/vocabulary/aq/pollutant/7,hour,1.8679200000,µg/m3,2018-08-26 05:00:00 +01:00,2018-08-26 06:00:00 +01:00,2,1
GB,http://environment.data.gov.uk/air-quality/so,GB_Network_1,Station_GB1024A,,GB_SamplingPoint_74174,GB_StationProcess_918,GB_SamplingFeature_918,O3,http://dd.eionet.europa.eu/vocabulary/aq/pollutant/7,hour,2.0902900000,µg/m3,2018-08-26 06:00:00 +01:00,2018-08-26 07:00:00 +01:00,2,1
GB,http://environment.data.gov.uk/air-quality/so,GB_Network_1,Station_GB1024A,,GB_SamplingPoint_74174,GB_StationProcess_918,GB_SamplingFeature_918,O3,http://dd.eionet.europa.eu/vocabulary/aq/pollutant/7,hour,2.1792400000,µg/m3,2018-08-26 07:00:00 +01:00,2018-08-26 08:00:00 +01:00,2,1
GB,http://environment.data.gov.uk/air-quality/so,GB_Network_1,Station_GB1024A,,GB_SamplingPoint_74174,GB_StationProcess_918,GB_SamplingFeature_918,O3,http://dd.eionet.europa.eu/vocabulary/aq/pollutant/7,hour,15.1656900000,µg/m3,2018-08-26 08:00:00 +01:00,2018-08-26 09:00:00 +01:00,1,1
GB,http://environment.data.gov.uk/air-quality/so,GB_Network_1,Station_GB1024A,,GB_SamplingPoint_74174,GB_StationProcess_918,GB_SamplingFeature_918,O3,http://dd.eionet.europa.eu/vocabulary/aq/pollutant/7,hour,44.9189200000,µg/m3,2018-08-26 10:00:00 +01:00,2018-08-26 11:00:00 +01:00,1,1
GB,http://environment.data.gov.uk/air-quality/so,GB_Network_1,Station_GB1024A,,GB_SamplingPoint_74174,GB_StationProcess_918,GB_SamplingFeature_918,O3,http://dd.eionet.europa.eu/vocabulary/aq/pollutant/7,hour,47.1871000000,µg/m3,2018-08-26 14:00:00 +01:00,2018-08-26 15:00:00 +01:00,1,1
GB,http://environment.data.gov.uk/air-quality/so,GB_Network_1,Station_GB1024A,,GB_SamplingPoint_74174,GB_StationProcess_918,GB_SamplingFeature_918,O3,http://dd.eionet.europa.eu/vocabulary/aq/pollutant/7,hour,39.6709600000,µg/m3,2018-08-26 16:00:00 +01:00,2018-08-26 17:00:00 +01:00,1,1
GB,http://environment.data.gov.uk/air-quality/so,GB_Network_1,Station_GB1024A,,GB_SamplingPoint_74174,GB_StationProcess_918,GB_SamplingFeature_918,O3,http://dd.eionet.europa.eu/vocabulary/aq/pollutant/7,hour,39.9822800000,µg/m3,2018-08-26 17:00:00 +01:00,2018-08-26 18:00:00 +01:00,1,1
GB,http://environment.data.gov.uk/air-quality/so,GB_Network_1,Station_GB1024A,,GB_SamplingPoint_74174,GB_StationProcess_918,GB_SamplingFeature_918,O3,http://dd.eionet.europa.eu/vocabulary/aq/pollutant/7,hour,33.8003700000,µg/m3,2018-08-26 19:00:00 +01:00,2018-08-26 20:00:00 +01:00,1,1
GB,http://environment.data.gov.uk/air-quality/so,GB_Network_1,Station_GB1024A,,GB_SamplingPoint_74174,GB_StationProcess_918,GB_SamplingFeature_918,O3,http://dd.eionet.europa.eu/vocabulary/aq/pollutant/7,hour,28.5524200000,µg/m3,2018-08-26 20:00:00 +01:00,2018-08-26 21:00:00 +01:00,1,1
GB,http://environment.data.gov.uk/air-quality/so,GB_Network_1,Station_GB1024A,,GB_SamplingPoint_74174,GB_StationProcess_918,GB_SamplingFeature_918,O3,http://dd.eionet.europa.eu/vocabulary/aq/pollutant/7,hour,30.5982300000,µg/m3,2018-08-26 22:00:00 +01:00,2018-08-26 23:00:00 +01:00,1,1
GB,http://environment.data.gov.uk/air-quality/so,GB_Network_1,Station_GB1024A,,GB_SamplingPoint_74174,GB_StationProcess_918,GB_SamplingFeature_918,O3,http://dd.eionet.europa.eu/vocabulary/aq/pollutant/7,hour,29.8866500000,µg/m3,2018-08-27 00:00:00 +01:00,2018-08-27 01:00:00 +01:00,1,1
GB,http://environment.data.gov.uk/air-quality/so,GB_Network_1,Station_GB1024A,,GB_SamplingPoint_74174,GB_StationProcess_918,GB_SamplingFeature_918,O3,http://dd.eionet.europa.eu/vocabulary/aq/pollutant/7,hour,36.8246200000,µg/m3,2018-08-27 02:00:00 +01:00,2018-08-27 03:00:00 +01:00,1,1
GB,http://environment.data.gov.uk/air-quality/so,GB_Network_1,Station_GB1024A,,GB_SamplingPoint_74174,GB_StationProcess_918,GB_SamplingFeature_918,O3,http://dd.eionet.europa.eu/vocabulary/aq/pollutant/7,hour,34.6898600000,µg/m3,2018-08-27 03:00:00 +01:00,2018-08-27 04:00:00 +01:00,1,1
GB,http://environment.data.gov.uk/air-quality/so,GB_Network_1,Station_GB1024A,,GB_SamplingPoint_74174,GB_StationProcess_918,GB_SamplingFeature_918,O3,http://dd.eionet.europa.eu/vocabulary/aq/pollutant/7,hour,30.6871800000,µg/m3,2018-08-27 04:00:00 +01:00,2018-08-27 05:00:00 +01:00,1,1
GB,http://environment.data.gov.uk/air-quality/so,GB_Network_1,Station_GB1024A,,GB_SamplingPoint_74174,GB_StationProcess_918,GB_SamplingFeature_918,O3,http://dd.eionet.europa.eu/vocabulary/aq/pollutant/7,hour,29.4863800000,µg/m3,2018-08-27 05:00:00 +01:00,2018-08-27 06:00:00 +01:00,1,1
GB,http://environment.data.gov.uk/air-quality/so,GB_Network_1,Station_GB1024A,,GB_SamplingPoint_74174,GB_StationProcess_918,GB_SamplingFeature_918,O3,http://dd.eionet.europa.eu/vocabulary/aq/pollutant/7,hour,30.7316600000,µg/m3,2018-08-27 07:00:00 +01:00,2018-08-27 08:00:00 +01:00,1,1
GB,http://environment.data.gov.uk/air-quality/so,GB_Network_1,Station_GB1024A,,GB_SamplingPoint_74174,GB_StationProcess_918,GB_SamplingFeature_918,O3,http://dd.eionet.europa.eu/vocabulary/aq/pollutant/7,hour,41.3165100000,µg/m3,2018-08-27 10:00:00 +01:00,2018-08-27 11:00:00 +01:00,1,1
GB,http://environment.data.gov.uk/air-quality/so,GB_Network_1,Station_GB1024A,,GB_SamplingPoint_74174,GB_StationProcess_918,GB_SamplingFeature_918,O3,http://dd.eionet.europa.eu/vocabulary/aq/pollutant/7,hour,43.0510000000,µg/m3,2018-08-27 11:00:00 +01:00,2018-08-27 12:00:00 +01:00,1,1
GB,http://environment.data.gov.uk/air-quality/so,GB_Network_1,Station_GB1024A,,GB_SamplingPoint_74174,GB_StationProcess_918,GB_SamplingFeature_918,O3,http://dd.eionet.europa.eu/vocabulary/aq/pollutant/7,hour,44.3852300000,µg/m3,2018-08-27 12:00:00 +01:00,2018-08-27 13:00:00 +01:00,1,1
GB,http://environment.data.gov.uk/air-quality/so,GB_Network_1,Station_GB1024A,,GB_SamplingPoint_74174,GB_StationProcess_918,GB_SamplingFeature_918,O3,http://dd.eionet.europa.eu/vocabulary/aq/pollutant/7,hour,46.7868300000,µg/m3,2018-08-27 13:00:00 +01:00,2018-08-27 14:00:00 +01:00,1,1
GB,http://environment.data.gov.uk/air-quality/so,GB_Network_1,Station_GB1024A,,GB_SamplingPoint_74174,GB_StationProcess_918,GB_SamplingFeature_918,O3,http://dd.eionet.europa.eu/vocabulary/aq/pollutant/7,hour,49.0550100000,µg/m3,2018-08-27 15:00:00 +01:00,2018-08-27 16:00:00 +01:00,1,1
GB,http://environment.data.gov.uk/air-quality/so,GB_Network_1,Station_GB1024A,,GB_SamplingPoint_74174,GB_StationProcess_918,GB_SamplingFeature_918,O3,http://dd.eionet.europa.eu/vocabulary/aq/pollutant/7,hour,43.9404800000,µg/m3,2018-08-27 17:00:00 +01:00,2018-08-27 18:00:00 +01:00,1,1
GB,http://environment.data.gov.uk/air-quality/so,GB_Network_1,Station_GB1024A,,GB_SamplingPoint_74174,GB_StationProcess_918,GB_SamplingFeature_918,O3,http://dd.eionet.europa.eu/vocabulary/aq/pollutant/7,hour,41.0941400000,µg/m3,2018-08-27 18:00:00 +01:00,2018-08-27 19:00:00 +01:00,1,1
GB,http://environment.data.gov.uk/air-quality/so,GB_Network_1,Station_GB1024A,,GB_SamplingPoint_74174,GB_StationProcess_918,GB_SamplingFeature_918,O3,http://dd.eionet.europa.eu/vocabulary/aq/pollutant/7,hour,37.8920000000,µg/m3,2018-08-27 19:00:00 +01:00,2018-08-27 20:00:00 +01:00,1,1
GB,http://environment.data.gov.uk/air-quality/so,GB_Network_1,Station_GB1024A,,GB_SamplingPoint_74174,GB_StationProcess_918,GB_SamplingFeature_918,O3,http://dd.eionet.europa.eu/vocabulary/aq/pollutant/7,hour,34.6898600000,µg/m3,2018-08-27 21:00:00 +01:00,2018-08-27 22:00:00 +01:00,1,1
GB,http://environment.data.gov.uk/air-quality/so,GB_Network_1,Station_GB1024A,,GB_SamplingPoint_74174,GB_StationProcess_918,GB_SamplingFeature_918,O3,http://dd.eionet.europa.eu/vocabulary/aq/pollutant/7,hour,33.1332600000,µg/m3,2018-08-27 22:00:00 +01:00,2018-08-27 23:00:00 +01:00,1,1
GB,http://environment.data.gov.uk/air-quality/so,GB_Network_1,Station_GB1024A,,GB_SamplingPoint_74174,GB_StationProcess_918,GB_SamplingFeature_918,O3,http://dd.eionet.europa.eu/vocabulary/aq/pollutant/7,hour,40.4270300000,µg/m3,2018-08-28 00:00:00 +01:00,2018-08-28 01:00:00 +01:00,1,1
GB,http://environment.data.gov.uk/air-quality/so,GB_Network_1,Station_GB1024A,,GB_SamplingPoint_74174,GB_StationProcess_918,GB_SamplingFeature_918,O3,http://dd.eionet.europa.eu/vocabulary/aq/pollutant/7,hour,33.3259800000,µg/m3,2018-08-28 01:00:00 +01:00,2018-08-28 02:00:00 +01:00,1,1
GB,http://environment.data.gov.uk/air-quality/so,GB_Network_1,Station_GB1024A,,GB_SamplingPoint_74174,GB_StationProcess_918,GB_SamplingFeature_918,O3,http://dd.eionet.europa.eu/vocabulary/aq/pollutant/7,hour,27.8704800000,µg/m3,2018-08-28 02:00:00 +01:00,2018-08-28 03:00:00 +01:00,1,1
GB,http://environment.data.gov.uk/air-quality/so,GB_Network_1,Station_GB1024A,,GB_SamplingPoint_74174,GB_StationProcess_918,GB_SamplingFeature_918,O3,http://dd.eionet.europa.eu/vocabulary/aq/pollutant/7,hour,13.8759400000,µg/m3,2018-08-28 05:00:00 +01:00,2018-08-28 06:00:00 +01:00,1,1
GB,http://environment.data.gov.uk/air-quality/so,GB_Network_1,Station_GB1024A,,GB_SamplingPoint_74174,GB_StationProcess_918,GB_SamplingFeature_918,O3,http://dd.eionet.europa.eu/vocabulary/aq/pollutant/7,hour,9.9622200000,µg/m3,2018-08-28 06:00:00 +01:00,2018-08-28 07:00:00 +01:00,1,1
GB,http://environment.data.gov.uk/air-quality/so,GB_Network_1,Station_GB1024A,,GB_SamplingPoint_74174,GB_StationProcess_918,GB_SamplingFeature_918,O3,http://dd.eionet.europa.eu/vocabulary/aq/pollutant/7,hour,4.2695200000,µg/m3,2018-08-28 07:00:00 +01:00,2018-08-28 08:00:00 +01:00,2,1
GB,http://environment.data.gov.uk/air-quality/so,GB_Network_1,Station_GB1024A,,GB_SamplingPoint_74174,GB_StationProcess_918,GB_SamplingFeature_918,O3,http://dd.eionet.europa.eu/vocabulary/aq/pollutant/7,hour,10.7627500000,µg/m3,2018-08-28 08:00:00 +01:00,2018-08-28 09:00:00 +01:00,1,1
GB,http://environment.data.gov.uk/air-quality/so,GB_Network_1,Station_GB1024A,,GB_SamplingPoint_74174,GB_StationProcess_918,GB_SamplingFeature_918,O3,http://dd.eionet.europa.eu/vocabulary/aq/pollutant/7,hour,37.8920000000,µg/m3,2018-08-28 10:00:00 +01:00,2018-08-28 11:00:00 +01:00,1,1
GB,http://environment.data.gov.uk/air-quality/so,GB_Network_1,Station_GB1024A,,GB_SamplingPoint_74174,GB_StationProcess_918,GB_SamplingFeature_918,O3,http://dd.eionet.europa.eu/vocabulary/aq/pollutant/7,hour,39.1817500000,µg/m3,2018-08-28 11:00:00 +01:00,2018-08-28 12:00:00 +01:00,1,1
GB,http://environment.data.gov.uk/air-quality/so,GB_Network_1,Station_GB1024A,,GB_SamplingPoint_74174,GB_StationProcess_918,GB_SamplingFeature_918,O3,http://dd.eionet.europa.eu/vocabulary/aq/pollutant/7,hour,53.9027000000,µg/m3,2018-08-28 16:00:00 +01:00,2018-08-28 17:00:00 +01:00,1,1
GB,http://environment.data.gov.uk/air-quality/so,GB_Network_1,Station_GB1024A,,GB_SamplingPoint_74174,GB_StationProcess_918,GB_SamplingFeature_918,O3,http://dd.eionet.europa.eu/vocabulary/aq/pollutant/7,hour,52.9242700000,µg/m3,2018-08-28 18:00:00 +01:00,2018-08-28 19:00:00 +01:00,1,1
GB,http://environment.data.gov.uk/air-quality/so,GB_Network_1,Station_GB1024A,,GB_SamplingPoint_74174,GB_StationProcess_918,GB_SamplingFeature_918,O3,http://dd.eionet.europa.eu/vocabulary/aq/pollutant/7,hour,47.0536800000,µg/m3,2018-08-28 20:00:00 +01:00,2018-08-28 21:00:00 +01:00,1,1
GB,http://environment.data.gov.uk/air-quality/so,GB_Network_1,Station_GB1024A,,GB_SamplingPoint_74174,GB_StationProcess_918,GB_SamplingFeature_918,O3,http://dd.eionet.europa.eu/vocabulary/aq/pollutant/7,hour,32.5995700000,µg/m3,2018-08-28 21:00:00 +01:00,2018-08-28 22:00:00 +01:00,1,1
GB,http://environment.data.gov.uk/air-quality/so,GB_Network_1,Station_GB1024A,,GB_SamplingPoint_74174,GB_StationProcess_918,GB_SamplingFeature_918,O3,http://dd.eionet.europa.eu/vocabulary/aq/pollutant/7,hour,1.1859800000,µg/m3,2018-08-29 02:00:00 +01:00,2018-08-29 03:00:00 +01:00,2,1
GB,http://environment.data.gov.uk/air-quality/so,GB_Network_1,Station_GB1024A,,GB_SamplingPoint_74174,GB_StationProcess_918,GB_SamplingFeature_918,O3,http://dd.eionet.europa.eu/vocabulary/aq/pollutant/7,hour,1.0673800000,µg/m3,2018-08-29 03:00:00 +01:00,2018-08-29 04:00:00 +01:00,2,1
GB,http://environment.data.gov.uk/air-quality/so,GB_Network_1,Station_GB1024A,,GB_SamplingPoint_74174,GB_StationProcess_918,GB_SamplingFeature_918,O3,http://dd.eionet.europa.eu/vocabulary/aq/pollutant/7,hour,1.6010700000,µg/m3,2018-08-29 05:00:00 +01:00,2018-08-29 06:00:00 +01:00,2,1
GB,http://environment.data.gov.uk/air-quality/so,GB_Network_1,Station_GB1024A,,GB_SamplingPoint_74174,GB_StationProcess_918,GB_SamplingFeature_918,O3,http://dd.eionet.europa.eu/vocabulary/aq/pollutant/7,hour,11.0740700000,µg/m3,2018-08-29 06:00:00 +01:00,2018-08-29 07:00:00 +01:00,1,1
GB,http://environment.data.gov.uk/air-quality/so,GB_Network_1,Station_GB1024A,,GB_SamplingPoint_74174,GB_StationProcess_918,GB_SamplingFeature_918,O3,http://dd.eionet.europa.eu/vocabulary/aq/pollutant/7,hour,15.0322700000,µg/m3,2018-08-29 08:00:00 +01:00,2018-08-29 09:00:00 +01:00,1,1
GB,http://environment.data.gov.uk/air-quality/so,GB_Network_1,Station_GB1024A,,GB_SamplingPoint_74174,GB_StationProcess_918,GB_SamplingFeature_918,O3,http://dd.eionet.europa.eu/vocabulary/aq/pollutant/7,hour,9.0727300000,µg/m3,2018-08-29 09:00:00 +01:00,2018-08-29 10:00:00 +01:00,1,1
GB,http://environment.data.gov.uk/air-quality/so,GB_Network_1,Station_GB1024A,,GB_SamplingPoint_74174,GB_StationProcess_918,GB_SamplingFeature_918,O3,http://dd.eionet.europa.eu/vocabulary/aq/pollutant/7,hour,44.1183800000,µg/m3,2018-08-29 13:00:00 +01:00,2018-08-29 14:00:00 +01:00,1,1
GB,http://environment.data.gov.uk/air-quality/so,GB_Network_1,Station_GB1024A,,GB_SamplingPoint_74174,GB_StationProcess_918,GB_SamplingFeature_918,O3,http://dd.eionet.europa.eu/vocabulary/aq/pollutant/7,hour,49.0994900000,µg/m3,2018-08-29 15:00:00 +01:00,2018-08-29 16:00:00 +01:00,1,1
GB,http://environment.data.gov.uk/air-quality/so,GB_Network_1,Station_GB1024A,,GB_SamplingPoint_74174,GB_StationProcess_918,GB_SamplingFeature_918,O3,http://dd.eionet.europa.eu/vocabulary/aq/pollutant/7,hour,,µg/m3,2018-08-29 17:00:00 +01:00,2018-08-29 18:00:00 +01:00,-1,1
GB,http://environment.data.gov.uk/air-quality/so,GB_Network_1,Station_GB1024A,,GB_SamplingPoint_74174,GB_StationProcess_918,GB_SamplingFeature_918,O3,http://dd.eionet.europa.eu/vocabulary/aq/pollutant/7,hour,,µg/m3,2018-08-29 18:00:00 +01:00,2018-08-29 19:00:00 +01:00,-1,1
GB,http://environment.data.gov.uk/air-quality/so,GB_Network_1,Station_GB1024A,,GB_SamplingPoint_74174,GB_StationProcess_918,GB_SamplingFeature_918,O3,http://dd.eionet.europa.eu/vocabulary/aq/pollutant/7,hour,,µg/m3,2018-08-29 19:00:00 +01:00,2018-08-29 20:00:00 +01:00,-1,1
GB,http://environment.data.gov.uk/air-quality/so,GB_Network_1,Station_GB1024A,,GB_SamplingPoint_74174,GB_StationProcess_918,GB_SamplingFeature_918,O3,http://dd.eionet.europa.eu/vocabulary/aq/pollutant/7,hour,,µg/m3,2018-08-29 20:00:00 +01:00,2018-08-29 21:00:00 +01:00,-1,1
GB,http://environment.data.gov.uk/air-quality/so,GB_Network_1,Station_GB1024A,,GB_SamplingPoint_74174,GB_StationProcess_918,GB_SamplingFeature_918,O3,http://dd.eionet.europa.eu/vocabulary/aq/pollutant/7,hour,,µg/m3,2018-08-29 21:00:00 +01:00,2018-08-29 22:00:00 +01:00,-1,1
GB,http://environment.data.gov.uk/air-quality/so,GB_Network_1,Station_GB1024A,,GB_SamplingPoint_74174,GB_StationProcess_918,GB_SamplingFeature_918,O3,http://dd.eionet.europa.eu/vocabulary/aq/pollutant/7,hour,,µg/m3,2018-08-29 22:00:00 +01:00,2018-08-29 23:00:00 +01:00,-1,1
GB,http://environment.data.gov.uk/air-quality/so,GB_Network_1,Station_GB1024A,,GB_SamplingPoint_74174,GB_StationProcess_918,GB_SamplingFeature_918,O3,http://dd.eionet.europa.eu/vocabulary/aq/pollutant/7,hour,,µg/m3,2018-08-29 23:00:00 +01:00,2018-08-30 00:00:00 +01:00,-1,1
GB,http://environment.data.gov.uk/air-quality/so,GB_Network_1,Station_GB1024A,,GB_SamplingPoint_74174,GB_StationProcess_918,GB_SamplingFeature_918,O3,http://dd.eionet.europa.eu/vocabulary/aq/pollutant/7,hour,,µg/m3,2018-08-30 00:00:00 +01:00,2018-08-30 01:00:00 +01:00,-1,1
GB,http://environment.data.gov.uk/air-quality/so,GB_Network_1,Station_GB1024A,,GB_SamplingPoint_74174,GB_StationProcess_918,GB_SamplingFeature_918,O3,http://dd.eionet.europa.eu/vocabulary/aq/pollutant/7,hour,,µg/m3,2018-08-30 01:00:00 +01:00,2018-08-30 02:00:00 +01:00,-1,1
GB,http://environment.data.gov.uk/air-quality/so,GB_Network_1,Station_GB1024A,,GB_SamplingPoint_74174,GB_StationProcess_918,GB_SamplingFeature_918,O3,http://dd.eionet.europa.eu/vocabulary/aq/pollutant/7,hour,,µg/m3,2018-08-30 02:00:00 +01:00,2018-08-30 03:00:00 +01:00,-1,1
GB,http://environment.data.gov.uk/air-quality/so,GB_Network_1,Station_GB1024A,,GB_SamplingPoint_74174,GB_StationProcess_918,GB_SamplingFeature_918,O3,http://dd.eionet.europa.eu/vocabulary/aq/pollutant/7,hour,,µg/m3,2018-08-30 03:00:00 +01:00,2018-08-30 04:00:00 +01:00,-1,1
GB,http://environment.data.gov.uk/air-quality/so,GB_Network_1,Station_GB1024A,,GB_SamplingPoint_74174,GB_StationProcess_918,GB_SamplingFeature_918,O3,http://dd.eionet.europa.eu/vocabulary/aq/pollutant/7,hour,,µg/m3,2018-08-30 04:00:00 +01:00,2018-08-30 05:00:00 +01:00,-1,1
GB,http://environment.data.gov.uk/air-quality/so,GB_Network_1,Station_GB1024A,,GB_SamplingPoint_74174,GB_StationProcess_918,GB_SamplingFeature_918,O3,http://dd.eionet.europa.eu/vocabulary/aq/pollutant/7,hour,,µg/m3,2018-08-30 05:00:00 +01:00,2018-08-30 06:00:00 +01:00,-1,1
GB,http://environment.data.gov.uk/air-quality/so,GB_Network_1,Station_GB1024A,,GB_SamplingPoint_74174,GB_StationProcess_918,GB_SamplingFeature_918,O3,http://dd.eionet.europa.eu/vocabulary/aq/pollutant/7,hour,,µg/m3,2018-08-30 06:00:00 +01:00,2018-08-30 07:00:00 +01:00,-1,1
GB,http://environment.data.gov.uk/air-quality/so,GB_Network_1,Station_GB1024A,,GB_SamplingPoint_74174,GB_StationProcess_918,GB_SamplingFeature_918,O3,http://dd.eionet.europa.eu/vocabulary/aq/pollutant/7,hour,,µg/m3,2018-08-30 07:00:00 +01:00,2018-08-30 08:00:00 +01:00,-1,1
GB,http://environment.data.gov.uk/air-quality/so,GB_Network_1,Station_GB1024A,,GB_SamplingPoint_74174,GB_StationProcess_918,GB_SamplingFeature_918,O3,http://dd.eionet.europa.eu/vocabulary/aq/pollutant/7,hour,,µg/m3,2018-08-30 08:00:00 +01:00,2018-08-30 09:00:00 +01:00,-1,1
GB,http://environment.data.gov.uk/air-quality/so,GB_Network_1,Station_GB1024A,,GB_SamplingPoint_74174,GB_StationProcess_918,GB_SamplingFeature_918,O3,http://dd.eionet.europa.eu/vocabulary/aq/pollutant/7,hour,,µg/m3,2018-08-30 09:00:00 +01:00,2018-08-30 10:00:00 +01:00,-1,1
GB,http://environment.data.gov.uk/air-quality/so,GB_Network_1,Station_GB1024A,,GB_SamplingPoint_74174,GB_StationProcess_918,GB_SamplingFeature_918,O3,http://dd.eionet.europa.eu/vocabulary/aq/pollutant/7,hour,,µg/m3,2018-08-30 10:00:00 +01:00,2018-08-30 11:00:00 +01:00,-1,1
GB,http://environment.data.gov.uk/air-quality/so,GB_Network_1,Station_GB1024A,,GB_SamplingPoint_74174,GB_StationProcess_918,GB_SamplingFeature_918,O3,http://dd.eionet.europa.eu/vocabulary/aq/pollutant/7,hour,,µg/m3,2018-08-30 11:00:00 +01:00,2018-08-30 12:00:00 +01:00,-1,1
GB,http://environment.data.gov.uk/air-quality/so,GB_Network_1,Station_GB1024A,,GB_SamplingPoint_74174,GB_StationProcess_918,GB_SamplingFeature_918,O3,http://dd.eionet.europa.eu/vocabulary/aq/pollutant/7,hour,,µg/m3,2018-08-30 12:00:00 +01:00,2018-08-30 13:00:00 +01:00,-1,1
GB,http://environment.data.gov.uk/air-quality/so,GB_Network_1,Station_GB1024A,,GB_SamplingPoint_74174,GB_StationProcess_918,GB_SamplingFeature_918,O3,http://dd.eionet.europa.eu/vocabulary/aq/pollutant/7,hour,,µg/m3,2018-08-30 13:00:00 +01:00,2018-08-30 14:00:00 +01:00,-1,1
GB,http://environment.data.gov.uk/air-quality/so,GB_Network_1,Station_GB1024A,,GB_SamplingPoint_74174,GB_StationProcess_918,GB_SamplingFeature_918,O3,http://dd.eionet.europa.eu/vocabulary/aq/pollutant/7,hour,,µg/m3,2018-08-30 14:00:00 +01:00,2018-08-30 15:00:00 +01:00,-1,1
GB,http://environment.data.gov.uk/air-quality/so,GB_Network_1,Station_GB1024A,,GB_SamplingPoint_74174,GB_StationProcess_918,GB_SamplingFeature_918,O3,http://dd.eionet.europa.eu/vocabulary/aq/pollutant/7,hour,,µg/m3,2018-08-30 15:00:00 +01:00,2018-08-30 16:00:00 +01:00,-1,1
GB,http://environment.data.gov.uk/air-quality/so,GB_Network_1,Station_GB1024A,,GB_SamplingPoint_74174,GB_StationProcess_918,GB_SamplingFeature_918,O3,http://dd.eionet.europa.eu/vocabulary/aq/pollutant/7,hour,,µg/m3,2018-08-30 16:00:00 +01:00,2018-08-30 17:00:00 +01:00,-1,1
GB,http://environment.data.gov.uk/air-quality/so,GB_Network_1,Station_GB1024A,,GB_SamplingPoint_74174,GB_StationProcess_918,GB_SamplingFeature_918,O3,http://dd.eionet.europa.eu/vocabulary/aq/pollutant/7,hour,,µg/m3,2018-08-30 17:00:00 +01:00,2018-08-30 18:00:00 +01:00,-1,1
GB,http://environment.data.gov.uk/air-quality/so,GB_Network_1,Station_GB1024A,,GB_SamplingPoint_74174,GB_StationProcess_918,GB_SamplingFeature_918,O3,http://dd.eionet.europa.eu/vocabulary/aq/pollutant/7,hour,,µg/m3,2018-08-30 18:00:00 +01:00,2018-08-30 19:00:00 +01:00,-1,1
GB,http://environment.data.gov.uk/air-quality/so,GB_Network_1,Station_GB1024A,,GB_SamplingPoint_74174,GB_StationProcess_918,GB_SamplingFeature_918,O3,http://dd.eionet.europa.eu/vocabulary/aq/pollutant/7,hour,,µg/m3,2018-08-30 19:00:00 +01:00,2018-08-30 20:00:00 +01:00,-1,1
GB,http://environment.data.gov.uk/air-quality/so,GB_Network_1,Station_GB1024A,,GB_SamplingPoint_74174,GB_StationProcess_918,GB_SamplingFeature_918,O3,http://dd.eionet.europa.eu/vocabulary/aq/pollutant/7,hour,,µg/m3,2018-08-30 20:00:00 +01:00,2018-08-30 21:00:00 +01:00,-1,1
GB,http://environment.data.gov.uk/air-quality/so,GB_Network_1,Station_GB1024A,,GB_SamplingPoint_74174,GB_StationProcess_918,GB_SamplingFeature_918,O3,http://dd.eionet.europa.eu/vocabulary/aq/pollutant/7,hour,,µg/m3,2018-08-30 21:00:00 +01:00,2018-08-30 22:00:00 +01:00,-1,1
GB,http://environment.data.gov.uk/air-quality/so,GB_Network_1,Station_GB1024A,,GB_SamplingPoint_74174,GB_StationProcess_918,GB_SamplingFeature_918,O3,http://dd.eionet.europa.eu/vocabulary/aq/pollutant/7,hour,,µg/m3,2018-08-30 22:00:00 +01:00,2018-08-30 23:00:00 +01:00,-1,1
GB,http://environment.data.gov.uk/air-quality/so,GB_Network_1,Station_GB1024A,,GB_SamplingPoint_74174,GB_StationProcess_918,GB_SamplingFeature_918,O3,http://dd.eionet.europa.eu/vocabulary/aq/pollutant/7,hour,,µg/m3,2018-08-30 23:00:00 +01:00,2018-08-31 00:00:00 +01:00,-1,1
GB,http://environment.data.gov.uk/air-quality/so,GB_Network_1,Station_GB1024A,,GB_SamplingPoint_74174,GB_StationProcess_918,GB_SamplingFeature_918,O3,http://dd.eionet.europa.eu/vocabulary/aq/pollutant/7,hour,,µg/m3,2018-08-31 00:00:00 +01:00,2018-08-31 01:00:00 +01:00,-1,1
GB,http://environment.data.gov.uk/air-quality/so,GB_Network_1,Station_GB1024A,,GB_SamplingPoint_74174,GB_StationProcess_918,GB_SamplingFeature_918,O3,http://dd.eionet.europa.eu/vocabulary/aq/pollutant/7,hour,,µg/m3,2018-08-31 01:00:00 +01:00,2018-08-31 02:00:00 +01:00,-1,1
GB,http://environment.data.gov.uk/air-quality/so,GB_Network_1,Station_GB1024A,,GB_SamplingPoint_74174,GB_StationProcess_918,GB_SamplingFeature_918,O3,http://dd.eionet.europa.eu/vocabulary/aq/pollutant/7,hour,,µg/m3,2018-08-31 02:00:00 +01:00,2018-08-31 03:00:00 +01:00,-1,1
GB,http://environment.data.gov.uk/air-quality/so,GB_Network_1,Station_GB1024A,,GB_SamplingPoint_74174,GB_StationProcess_918,GB_SamplingFeature_918,O3,http://dd.eionet.europa.eu/vocabulary/aq/pollutant/7,hour,,µg/m3,2018-08-31 03:00:00 +01:00,2018-08-31 04:00:00 +01:00,-1,1
GB,http://environment.data.gov.uk/air-quality/so,GB_Network_1,Station_GB1024A,,GB_SamplingPoint_74174,GB_StationProcess_918,GB_SamplingFeature_918,O3,http://dd.eionet.europa.eu/vocabulary/aq/pollutant/7,hour,,µg/m3,2018-08-31 04:00:00 +01:00,2018-08-31 05:00:00 +01:00,-1,1
GB,http://environment.data.gov.uk/air-quality/so,GB_Network_1,Station_GB1024A,,GB_SamplingPoint_74174,GB_StationProcess_918,GB_SamplingFeature_918,O3,http://dd.eionet.europa.eu/vocabulary/aq/pollutant/7,hour,,µg/m3,2018-08-31 05:00:00 +01:00,2018-08-31 06:00:00 +01:00,-1,1
GB,http://environment.data.gov.uk/air-quality/so,GB_Network_1,Station_GB1024A,,GB_SamplingPoint_74174,GB_StationProcess_918,GB_SamplingFeature_918,O3,http://dd.eionet.europa.eu/vocabulary/aq/pollutant/7,hour,,µg/m3,2018-08-31 06:00:00 +01:00,2018-08-31 07:00:00 +01:00,-1,1
GB,http://environment.data.gov.uk/air-quality/so,GB_Network_1,Station_GB1024A,,GB_SamplingPoint_74174,GB_StationProcess_918,GB_SamplingFeature_918,O3,http://dd.eionet.europa.eu/vocabulary/aq/pollutant/7,hour,,µg/m3,2018-08-31 07:00:00 +01:00,2018-08-31 08:00:00 +01:00,-1,1
GB,http://environment.data.gov.uk/air-quality/so,GB_Network_1,Station_GB1024A,,GB_SamplingPoint_74174,GB_StationProcess_918,GB_SamplingFeature_918,O3,http://dd.eionet.europa.eu/vocabulary/aq/pollutant/7,hour,,µg/m3,2018-08-31 08:00:00 +01:00,2018-08-31 09:00:00 +01:00,-1,1
GB,http://environment.data.gov.uk/air-quality/so,GB_Network_1,Station_GB1024A,,GB_SamplingPoint_74174,GB_StationProcess_918,GB_SamplingFeature_918,O3,http://dd.eionet.europa.eu/vocabulary/aq/pollutant/7,hour,,µg/m3,2018-08-31 09:00:00 +01:00,2018-08-31 10:00:00 +01:00,-1,1
GB,http://environment.data.gov.uk/air-quality/so,GB_Network_1,Station_GB1024A,,GB_SamplingPoint_74174,GB_StationProcess_918,GB_SamplingFeature_918,O3,http://dd.eionet.europa.eu/vocabulary/aq/pollutant/7,hour,,µg/m3,2018-08-31 10:00:00 +01:00,2018-08-31 11:00:00 +01:00,-1,1
GB,http://environment.data.gov.uk/air-quality/so,GB_Network_1,Station_GB1024A,,GB_SamplingPoint_74174,GB_StationProcess_918,GB_SamplingFeature_918,O3,http://dd.eionet.europa.eu/vocabulary/aq/pollutant/7,hour,,µg/m3,2018-08-31 11:00:00 +01:00,2018-08-31 12:00:00 +01:00,-1,1
GB,http://environment.data.gov.uk/air-quality/so,GB_Network_1,Station_GB1024A,,GB_SamplingPoint_74174,GB_StationProcess_918,GB_SamplingFeature_918,O3,http://dd.eionet.europa.eu/vocabulary/aq/pollutant/7,hour,,µg/m3,2018-08-31 12:00:00 +01:00,2018-08-31 13:00:00 +01:00,-1,1
GB,http://environment.data.gov.uk/air-quality/so,GB_Network_1,Station_GB1024A,,GB_SamplingPoint_74174,GB_StationProcess_918,GB_SamplingFeature_918,O3,http://dd.eionet.europa.eu/vocabulary/aq/pollutant/7,hour,,µg/m3,2018-08-31 13:00:00 +01:00,2018-08-31 14:00:00 +01:00,-1,1
GB,http://environment.data.gov.uk/air-quality/so,GB_Network_1,Station_GB1024A,,GB_SamplingPoint_74174,GB_StationProcess_918,GB_SamplingFeature_918,O3,http://dd.eionet.europa.eu/vocabulary/aq/pollutant/7,hour,,µg/m3,2018-08-31 14:00:00 +01:00,2018-08-31 15:00:00 +01:00,-1,1
GB,http://environment.data.gov.uk/air-quality/so,GB_Network_1,Station_GB1024A,,GB_SamplingPoint_74174,GB_StationProcess_918,GB_SamplingFeature_918,O3,http://dd.eionet.europa.eu/vocabulary/aq/pollutant/7,hour,,µg/m3,2018-08-31 15:00:00 +01:00,2018-08-31 16:00:00 +01:00,-1,1
GB,http://environment.data.gov.uk/air-quality/so,GB_Network_1,Station_GB1024A,,GB_SamplingPoint_74174,GB_StationProcess_918,GB_SamplingFeature_918,O3,http://dd.eionet.europa.eu/vocabulary/aq/pollutant/7,hour,,µg/m3,2018-08-31 16:00:00 +01:00,2018-08-31 17:00:00 +01:00,-1,1
GB,http://environment.data.gov.uk/air-quality/so,GB_Network_1,Station_GB1024A,,GB_SamplingPoint_74174,GB_StationProcess_918,GB_SamplingFeature_918,O3,http://dd.eionet.europa.eu/vocabulary/aq/pollutant/7,hour,,µg/m3,2018-08-31 17:00:00 +01:00,2018-08-31 18:00:00 +01:00,-1,1
GB,http://environment.data.gov.uk/air-quality/so,GB_Network_1,Station_GB1024A,,GB_SamplingPoint_74174,GB_StationProcess_918,GB_SamplingFeature_918,O3,http://dd.eionet.europa.eu/vocabulary/aq/pollutant/7,hour,,µg/m3,2018-08-31 18:00:00 +01:00,2018-08-31 19:00:00 +01:00,-1,1
GB,http://environment.data.gov.uk/air-quality/so,GB_Network_1,Station_GB1024A,,GB_SamplingPoint_74174,GB_StationProcess_918,GB_SamplingFeature_918,O3,http://dd.eionet.europa.eu/vocabulary/aq/pollutant/7,hour,,µg/m3,2018-08-31 19:00:00 +01:00,2018-08-31 20:00:00 +01:00,-1,1
GB,http://environment.data.gov.uk/air-quality/so,GB_Network_1,Station_GB1024A,,GB_SamplingPoint_74174,GB_StationProcess_918,GB_SamplingFeature_918,O3,http://dd.eionet.europa.eu/vocabulary/aq/pollutant/7,hour,,µg/m3,2018-08-31 20:00:00 +01:00,2018-08-31 21:00:00 +01:00,-1,1
GB,http://environment.data.gov.uk/air-quality/so,GB_Network_1,Station_GB1024A,,GB_SamplingPoint_74174,GB_StationProcess_918,GB_SamplingFeature_918,O3,http://dd.eionet.europa.eu/vocabulary/aq/pollutant/7,hour,,µg/m3,2018-08-31 21:00:00 +01:00,2018-08-31 22:00:00 +01:00,-1,1
GB,http://environment.data.gov.uk/air-quality/so,GB_Network_1,Station_GB1024A,,GB_SamplingPoint_74174,GB_StationProcess_918,GB_SamplingFeature_918,O3,http://dd.eionet.europa.eu/vocabulary/aq/pollutant/7,hour,,µg/m3,2018-08-31 22:00:00 +01:00,2018-08-31 23:00:00 +01:00,-1,1
GB,http://environment.data.gov.uk/air-quality/so,GB_Network_1,Station_GB1024A,,GB_SamplingPoint_74174,GB_StationProcess_918,GB_SamplingFeature_918,O3,http://dd.eionet.europa.eu/vocabulary/aq/pollutant/7,hour,,µg/m3,2018-08-31 23:00:00 +01:00,2018-09-01 00:00:00 +01:00,-1,1
GB,http://environment.data.gov.uk/air-quality/so,GB_Network_1,Station_GB1024A,,GB_SamplingPoint_74174,GB_StationProcess_918,GB_SamplingFeature_918,O3,http://dd.eionet.europa.eu/vocabulary/aq/pollutant/7,hour,,µg/m3,2018-09-01 00:00:00 +01:00,2018-09-01 01:00:00 +01:00,-1,1
GB,http://environment.data.gov.uk/air-quality/so,GB_Network_1,Station_GB1024A,,GB_SamplingPoint_74174,GB_StationProcess_918,GB_SamplingFeature_918,O3,http://dd.eionet.europa.eu/vocabulary/aq/pollutant/7,hour,,µg/m3,2018-09-01 01:00:00 +01:00,2018-09-01 02:00:00 +01:00,-1,1
GB,http://environment.data.gov.uk/air-quality/so,GB_Network_1,Station_GB1024A,,GB_SamplingPoint_74174,GB_StationProcess_918,GB_SamplingFeature_918,O3,http://dd.eionet.europa.eu/vocabulary/aq/pollutant/7,hour,,µg/m3,2018-09-01 02:00:00 +01:00,2018-09-01 03:00:00 +01:00,-1,1
GB,http://environment.data.gov.uk/air-quality/so,GB_Network_1,Station_GB1024A,,GB_SamplingPoint_74174,GB_StationProcess_918,GB_SamplingFeature_918,O3,http://dd.eionet.europa.eu/vocabulary/aq/pollutant/7,hour,,µg/m3,2018-09-01 03:00:00 +01:00,2018-09-01 04:00:00 +01:00,-1,1
GB,http://environment.data.gov.uk/air-quality/so,GB_Network_1,Station_GB1024A,,GB_SamplingPoint_74174,GB_StationProcess_918,GB_SamplingFeature_918,O3,http://dd.eionet.europa.eu/vocabulary/aq/pollutant/7,hour,,µg/m3,2018-09-01 04:00:00 +01:00,2018-09-01 05:00:00 +01:00,-1,1
GB,http://environment.data.gov.uk/air-quality/so,GB_Network_1,Station_GB1024A,,GB_SamplingPoint_74174,GB_StationProcess_918,GB_SamplingFeature_918,O3,http://dd.eionet.europa.eu/vocabulary/aq/pollutant/7,hour,,µg/m3,2018-09-01 05:00:00 +01:00,2018-09-01 06:00:00 +01:00,-1,1
GB,http://environment.data.gov.uk/air-quality/so,GB_Network_1,Station_GB1024A,,GB_SamplingPoint_74174,GB_StationProcess_918,GB_SamplingFeature_918,O3,http://dd.eionet.europa.eu/vocabulary/aq/pollutant/7,hour,,µg/m3,2018-09-01 06:00:00 +01:00,2018-09-01 07:00:00 +01:00,-1,1
GB,http://environment.data.gov.uk/air-quality/so,GB_Network_1,Station_GB1024A,,GB_SamplingPoint_74174,GB_StationProcess_918,GB_SamplingFeature_918,O3,http://dd.eionet.europa.eu/vocabulary/aq/pollutant/7,hour,,µg/m3,2018-09-01 07:00:00 +01:00,2018-09-01 08:00:00 +01:00,-1,1
GB,http://environment.data.gov.uk/air-quality/so,GB_Network_1,Station_GB1024A,,GB_SamplingPoint_74174,GB_StationProcess_918,GB_SamplingFeature_918,O3,http://dd.eionet.europa.eu/vocabulary/aq/pollutant/7,hour,,µg/m3,2018-09-01 08:00:00 +01:00,2018-09-01 09:00:00 +01:00,-1,1
GB,http://environment.data.gov.uk/air-quality/so,GB_Network_1,Station_GB1024A,,GB_SamplingPoint_74174,GB_StationProcess_918,GB_SamplingFeature_918,O3,http://dd.eionet.europa.eu/vocabulary/aq/pollutant/7,hour,,µg/m3,2018-09-01 09:00:00 +01:00,2018-09-01 10:00:00 +01:00,-1,1
GB,http://environment.data.gov.uk/air-quality/so,GB_Network_1,Station_GB1024A,,GB_SamplingPoint_74174,GB_StationProcess_918,GB_SamplingFeature_918,O3,http://dd.eionet.europa.eu/vocabulary/aq/pollutant/7,hour,,µg/m3,2018-09-01 10:00:00 +01:00,2018-09-01 11:00:00 +01:00,-1,1
GB,http://environment.data.gov.uk/air-quality/so,GB_Network_1,Station_GB1024A,,GB_SamplingPoint_74174,GB_StationProcess_918,GB_SamplingFeature_918,O3,http://dd.eionet.europa.eu/vocabulary/aq/pollutant/7,hour,,µg/m3,2018-09-01 11:00:00 +01:00,2018-09-01 12:00:00 +01:00,-1,1
GB,http://environment.data.gov.uk/air-quality/so,GB_Network_1,Station_GB1024A,,GB_SamplingPoint_74174,GB_StationProcess_918,GB_SamplingFeature_918,O3,http://dd.eionet.europa.eu/vocabulary/aq/pollutant/7,hour,,µg/m3,2018-09-01 12:00:00 +01:00,2018-09-01 13:00:00 +01:00,-1,1
GB,http://environment.data.gov.uk/air-quality/so,GB_Network_1,Station_GB1024A,,GB_SamplingPoint_74174,GB_StationProcess_918,GB_SamplingFeature_918,O3,http://dd.eionet.europa.eu/vocabulary/aq/pollutant/7,hour,,µg/m3,2018-09-01 13:00:00 +01:00,2018-09-01 14:00:00 +01:00,-1,1
GB,http://environment.data.gov.uk/air-quality/so,GB_Network_1,Station_GB1024A,,GB_SamplingPoint_74174,GB_StationProcess_918,GB_SamplingFeature_918,O3,http://dd.eionet.europa.eu/vocabulary/aq/pollutant/7,hour,,µg/m3,2018-09-01 14:00:00 +01:00,2018-09-01 15:00:00 +01:00,-1,1
GB,http://environment.data.gov.uk/air-quality/so,GB_Network_1,Station_GB1024A,,GB_SamplingPoint_74174,GB_StationProcess_918,GB_SamplingFeature_918,O3,http://dd.eionet.europa.eu/vocabulary/aq/pollutant/7,hour,,µg/m3,2018-09-01 15:00:00 +01:00,2018-09-01 16:00:00 +01:00,-1,1
GB,http://environment.data.gov.uk/air-quality/so,GB_Network_1,Station_GB1024A,,GB_SamplingPoint_74174,GB_StationProcess_918,GB_SamplingFeature_918,O3,http://dd.eionet.europa.eu/vocabulary/aq/pollutant/7,hour,,µg/m3,2018-09-01 16:00:00 +01:00,2018-09-01 17:00:00 +01:00,-1,1
GB,http://environment.data.gov.uk/air-quality/so,GB_Network_1,Station_GB1024A,,GB_SamplingPoint_74174,GB_StationProcess_918,GB_SamplingFeature_918,O3,http://dd.eionet.europa.eu/vocabulary/aq/pollutant/7,hour,,µg/m3,2018-09-01 17:00:00 +01:00,2018-09-01 18:00:00 +01:00,-1,1
GB,http://environment.data.gov.uk/air-quality/so,GB_Network_1,Station_GB1024A,,GB_SamplingPoint_74174,GB_StationProcess_918,GB_SamplingFeature_918,O3,http://dd.eionet.europa.eu/vocabulary/aq/pollutant/7,hour,,µg/m3,2018-09-01 18:00:00 +01:00,2018-09-01 19:00:00 +01:00,-1,1
GB,http://environment.data.gov.uk/air-quality/so,GB_Network_1,Station_GB1024A,,GB_SamplingPoint_74174,GB_StationProcess_918,GB_SamplingFeature_918,O3,http://dd.eionet.europa.eu/vocabulary/aq/pollutant/7,hour,,µg/m3,2018-09-01 19:00:00 +01:00,2018-09-01 20:00:00 +01:00,-1,1
GB,http://environment.data.gov.uk/air-quality/so,GB_Network_1,Station_GB1024A,,GB_SamplingPoint_74174,GB_StationProcess_918,GB_SamplingFeature_918,O3,http://dd.eionet.europa.eu/vocabulary/aq/pollutant/7,hour,,µg/m3,2018-09-01 20:00:00 +01:00,2018-09-01 21:00:00 +01:00,-1,1
GB,http://environment.data.gov.uk/air-quality/so,GB_Network_1,Station_GB1024A,,GB_SamplingPoint_74174,GB_StationProcess_918,GB_SamplingFeature_918,O3,http://dd.eionet.europa.eu/vocabulary/aq/pollutant/7,hour,,µg/m3,2018-09-01 21:00:00 +01:00,2018-09-01 22:00:00 +01:00,-1,1
GB,http://environment.data.gov.uk/air-quality/so,GB_Network_1,Station_GB1024A,,GB_SamplingPoint_74174,GB_StationProcess_918,GB_SamplingFeature_918,O3,http://dd.eionet.europa.eu/vocabulary/aq/pollutant/7,hour,,µg/m3,2018-09-01 22:00:00 +01:00,2018-09-01 23:00:00 +01:00,-1,1
GB,http://environment.data.gov.uk/air-quality/so,GB_Network_1,Station_GB1024A,,GB_SamplingPoint_74174,GB_StationProcess_918,GB_SamplingFeature_918,O3,http://dd.eionet.europa.eu/vocabulary/aq/pollutant/7,hour,,µg/m3,2018-09-01 23:00:00 +01:00,2018-09-02 00:00:00 +01:00,-1,1
GB,http://environment.data.gov.uk/air-quality/so,GB_Network_1,Station_GB1024A,,GB_SamplingPoint_74174,GB_StationProcess_918,GB_SamplingFeature_918,O3,http://dd.eionet.europa.eu/vocabulary/aq/pollutant/7,hour,,µg/m3,2018-09-02 00:00:00 +01:00,2018-09-02 01:00:00 +01:00,-1,1
GB,http://environment.data.gov.uk/air-quality/so,GB_Network_1,Station_GB1024A,,GB_SamplingPoint_74174,GB_StationProcess_918,GB_SamplingFeature_918,O3,http://dd.eionet.europa.eu/vocabulary/aq/pollutant/7,hour,,µg/m3,2018-09-02 01:00:00 +01:00,2018-09-02 02:00:00 +01:00,-1,1
GB,http://environment.data.gov.uk/air-quality/so,GB_Network_1,Station_GB1024A,,GB_SamplingPoint_74174,GB_StationProcess_918,GB_SamplingFeature_918,O3,http://dd.eionet.europa.eu/vocabulary/aq/pollutant/7,hour,,µg/m3,2018-09-02 02:00:00 +01:00,2018-09-02 03:00:00 +01:00,-1,1
GB,http://environment.data.gov.uk/air-quality/so,GB_Network_1,Station_GB1024A,,GB_SamplingPoint_74174,GB_StationProcess_918,GB_SamplingFeature_918,O3,http://dd.eionet.europa.eu/vocabulary/aq/pollutant/7,hour,,µg/m3,2018-09-02 03:00:00 +01:00,2018-09-02 04:00:00 +01:00,-1,1
GB,http://environment.data.gov.uk/air-quality/so,GB_Network_1,Station_GB1024A,,GB_SamplingPoint_74174,GB_StationProcess_918,GB_SamplingFeature_918,O3,http://dd.eionet.europa.eu/vocabulary/aq/pollutant/7,hour,,µg/m3,2018-09-02 04:00:00 +01:00,2018-09-02 05:00:00 +01:00,-1,1
GB,http://environment.data.gov.uk/air-quality/so,GB_Network_1,Station_GB1024A,,GB_SamplingPoint_74174,GB_StationProcess_918,GB_SamplingFeature_918,O3,http://dd.eionet.europa.eu/vocabulary/aq/pollutant/7,hour,,µg/m3,2018-09-02 05:00:00 +01:00,2018-09-02 06:00:00 +01:00,-1,1
GB,http://environment.data.gov.uk/air-quality/so,GB_Network_1,Station_GB1024A,,GB_SamplingPoint_74174,GB_StationProcess_918,GB_SamplingFeature_918,O3,http://dd.eionet.europa.eu/vocabulary/aq/pollutant/7,hour,,µg/m3,2018-09-02 06:00:00 +01:00,2018-09-02 07:00:00 +01:00,-1,1
GB,http://environment.data.gov.uk/air-quality/so,GB_Network_1,Station_GB1024A,,GB_SamplingPoint_74174,GB_StationProcess_918,GB_SamplingFeature_918,O3,http://dd.eionet.europa.eu/vocabulary/aq/pollutant/7,hour,,µg/m3,2018-09-02 07:00:00 +01:00,2018-09-02 08:00:00 +01:00,-1,1
GB,http://environment.data.gov.uk/air-quality/so,GB_Network_1,Station_GB1024A,,GB_SamplingPoint_74174,GB_StationProcess_918,GB_SamplingFeature_918,O3,http://dd.eionet.europa.eu/vocabulary/aq/pollutant/7,hour,,µg/m3,2018-09-02 08:00:00 +01:00,2018-09-02 09:00:00 +01:00,-1,1
GB,http://environment.data.gov.uk/air-quality/so,GB_Network_1,Station_GB1024A,,GB_SamplingPoint_74174,GB_StationProcess_918,GB_SamplingFeature_918,O3,http://dd.eionet.europa.eu/vocabulary/aq/pollutant/7,hour,,µg/m3,2018-09-02 09:00:00 +01:00,2018-09-02 10:00:00 +01:00,-1,1
GB,http://environment.data.gov.uk/air-quality/so,GB_Network_1,Station_GB1024A,,GB_SamplingPoint_74174,GB_StationProcess_918,GB_SamplingFeature_918,O3,http://dd.eionet.europa.eu/vocabulary/aq/pollutant/7,hour,,µg/m3,2018-09-02 10:00:00 +01:00,2018-09-02 11:00:00 +01:00,-1,1
GB,http://environment.data.gov.uk/air-quality/so,GB_Network_1,Station_GB1024A,,GB_SamplingPoint_74174,GB_StationProcess_918,GB_SamplingFeature_918,O3,http://dd.eionet.europa.eu/vocabulary/aq/pollutant/7,hour,,µg/m3,2018-09-02 11:00:00 +01:00,2018-09-02 12:00:00 +01:00,-1,1
GB,http://environment.data.gov.uk/air-quality/so,GB_Network_1,Station_GB1024A,,GB_SamplingPoint_74174,GB_StationProcess_918,GB_SamplingFeature_918,O3,http://dd.eionet.europa.eu/vocabulary/aq/pollutant/7,hour,,µg/m3,2018-09-02 12:00:00 +01:00,2018-09-02 13:00:00 +01:00,-1,1
GB,http://environment.data.gov.uk/air-quality/so,GB_Network_1,Station_GB1024A,,GB_SamplingPoint_74174,GB_StationProcess_918,GB_SamplingFeature_918,O3,http://dd.eionet.europa.eu/vocabulary/aq/pollutant/7,hour,,µg/m3,2018-09-02 13:00:00 +01:00,2018-09-02 14:00:00 +01:00,-1,1
GB,http://environment.data.gov.uk/air-quality/so,GB_Network_1,Station_GB1024A,,GB_SamplingPoint_74174,GB_StationProcess_918,GB_SamplingFeature_918,O3,http://dd.eionet.europa.eu/vocabulary/aq/pollutant/7,hour,,µg/m3,2018-09-02 14:00:00 +01:00,2018-09-02 15:00:00 +01:00,-1,1
GB,http://environment.data.gov.uk/air-quality/so,GB_Network_1,Station_GB1024A,,GB_SamplingPoint_74174,GB_StationProcess_918,GB_SamplingFeature_918,O3,http://dd.eionet.europa.eu/vocabulary/aq/pollutant/7,hour,,µg/m3,2018-09-02 15:00:00 +01:00,2018-09-02 16:00:00 +01:00,-1,1
GB,http://environment.data.gov.uk/air-quality/so,GB_Network_1,Station_GB1024A,,GB_SamplingPoint_74174,GB_StationProcess_918,GB_SamplingFeature_918,O3,http://dd.eionet.europa.eu/vocabulary/aq/pollutant/7,hour,,µg/m3,2018-09-02 16:00:00 +01:00,2018-09-02 17:00:00 +01:00,-1,1
GB,http://environment.data.gov.uk/air-quality/so,GB_Network_1,Station_GB1024A,,GB_SamplingPoint_74174,GB_StationProcess_918,GB_SamplingFeature_918,O3,http://dd.eionet.europa.eu/vocabulary/aq/pollutant/7,hour,,µg/m3,2018-09-02 17:00:00 +01:00,2018-09-02 18:00:00 +01:00,-1,1
GB,http://environment.data.gov.uk/air-quality/so,GB_Network_1,Station_GB1024A,,GB_SamplingPoint_74174,GB_StationProcess_918,GB_SamplingFeature_918,O3,http://dd.eionet.europa.eu/vocabulary/aq/pollutant/7,hour,,µg/m3,2018-09-02 18:00:00 +01:00,2018-09-02 19:00:00 +01:00,-1,1
GB,http://environment.data.gov.uk/air-quality/so,GB_Network_1,Station_GB1024A,,GB_SamplingPoint_74174,GB_StationProcess_918,GB_SamplingFeature_918,O3,http://dd.eionet.europa.eu/vocabulary/aq/pollutant/7,hour,,µg/m3,2018-09-02 19:00:00 +01:00,2018-09-02 20:00:00 +01:00,-1,1
GB,http://environment.data.gov.uk/air-quality/so,GB_Network_1,Station_GB1024A,,GB_SamplingPoint_74174,GB_StationProcess_918,GB_SamplingFeature_918,O3,http://dd.eionet.europa.eu/vocabulary/aq/pollutant/7,hour,,µg/m3,2018-09-02 20:00:00 +01:00,2018-09-02 21:00:00 +01:00,-1,1
GB,http://environment.data.gov.uk/air-quality/so,GB_Network_1,Station_GB1024A,,GB_SamplingPoint_74174,GB_StationProcess_918,GB_SamplingFeature_918,O3,http://dd.eionet.europa.eu/vocabulary/aq/pollutant/7,hour,,µg/m3,2018-09-02 21:00:00 +01:00,2018-09-02 22:00:00 +01:00,-1,1
GB,http://environment.data.gov.uk/air-quality/so,GB_Network_1,Station_GB1024A,,GB_SamplingPoint_74174,GB_StationProcess_918,GB_SamplingFeature_918,O3,http://dd.eionet.europa.eu/vocabulary/aq/pollutant/7,hour,,µg/m3,2018-09-02 22:00:00 +01:00,2018-09-02 23:00:00 +01:00,-1,1
GB,http://environment.data.gov.uk/air-quality/so,GB_Network_1,Station_GB1024A,,GB_SamplingPoint_74174,GB_StationProcess_918,GB_SamplingFeature_918,O3,http://dd.eionet.europa.eu/vocabulary/aq/pollutant/7,hour,,µg/m3,2018-09-02 23:00:00 +01:00,2018-09-03 00:00:00 +01:00,-1,1
GB,http://environment.data.gov.uk/air-quality/so,GB_Network_1,Station_GB1024A,,GB_SamplingPoint_74174,GB_StationProcess_918,GB_SamplingFeature_918,O3,http://dd.eionet.europa.eu/vocabulary/aq/pollutant/7,hour,,µg/m3,2018-09-03 00:00:00 +01:00,2018-09-03 01:00:00 +01:00,-1,1
GB,http://environment.data.gov.uk/air-quality/so,GB_Network_1,Station_GB1024A,,GB_SamplingPoint_74174,GB_StationProcess_918,GB_SamplingFeature_918,O3,http://dd.eionet.europa.eu/vocabulary/aq/pollutant/7,hour,,µg/m3,2018-09-03 01:00:00 +01:00,2018-09-03 02:00:00 +01:00,-1,1
GB,http://environment.data.gov.uk/air-quality/so,GB_Network_1,Station_GB1024A,,GB_SamplingPoint_74174,GB_StationProcess_918,GB_SamplingFeature_918,O3,http://dd.eionet.europa.eu/vocabulary/aq/pollutant/7,hour,,µg/m3,2018-09-03 02:00:00 +01:00,2018-09-03 03:00:00 +01:00,-1,1
GB,http://environment.data.gov.uk/air-quality/so,GB_Network_1,Station_GB1024A,,GB_SamplingPoint_74174,GB_StationProcess_918,GB_SamplingFeature_918,O3,http://dd.eionet.europa.eu/vocabulary/aq/pollutant/7,hour,,µg/m3,2018-09-03 03:00:00 +01:00,2018-09-03 04:00:00 +01:00,-1,1
GB,http://environment.data.gov.uk/air-quality/so,GB_Network_1,Station_GB1024A,,GB_SamplingPoint_74174,GB_StationProcess_918,GB_SamplingFeature_918,O3,http://dd.eionet.europa.eu/vocabulary/aq/pollutant/7,hour,,µg/m3,2018-09-03 04:00:00 +01:00,2018-09-03 05:00:00 +01:00,-1,1
GB,http://environment.data.gov.uk/air-quality/so,GB_Network_1,Station_GB1024A,,GB_SamplingPoint_74174,GB_StationProcess_918,GB_SamplingFeature_918,O3,http://dd.eionet.europa.eu/vocabulary/aq/pollutant/7,hour,,µg/m3,2018-09-03 05:00:00 +01:00,2018-09-03 06:00:00 +01:00,-1,1
GB,http://environment.data.gov.uk/air-quality/so,GB_Network_1,Station_GB1024A,,GB_SamplingPoint_74174,GB_StationProcess_918,GB_SamplingFeature_918,O3,http://dd.eionet.europa.eu/vocabulary/aq/pollutant/7,hour,,µg/m3,2018-09-03 06:00:00 +01:00,2018-09-03 07:00:00 +01:00,-1,1
GB,http://environment.data.gov.uk/air-quality/so,GB_Network_1,Station_GB1024A,,GB_SamplingPoint_74174,GB_StationProcess_918,GB_SamplingFeature_918,O3,http://dd.eionet.europa.eu/vocabulary/aq/pollutant/7,hour,,µg/m3,2018-09-03 07:00:00 +01:00,2018-09-03 08:00:00 +01:00,-1,1
GB,http://environment.data.gov.uk/air-quality/so,GB_Network_1,Station_GB1024A,,GB_SamplingPoint_74174,GB_StationProcess_918,GB_SamplingFeature_918,O3,http://dd.eionet.europa.eu/vocabulary/aq/pollutant/7,hour,,µg/m3,2018-09-03 08:00:00 +01:00,2018-09-03 09:00:00 +01:00,-1,1
GB,http://environment.data.gov.uk/air-quality/so,GB_Network_1,Station_GB1024A,,GB_SamplingPoint_74174,GB_StationProcess_918,GB_SamplingFeature_918,O3,http://dd.eionet.europa.eu/vocabulary/aq/pollutant/7,hour,38.3673300000,µg/m3,2018-09-03 09:00:00 +01:00,2018-09-03 10:00:00 +01:00,1,1
GB,http://environment.data.gov.uk/air-quality/so,GB_Network_1,Station_GB1024A,,GB_SamplingPoint_74174,GB_StationProcess_918,GB_SamplingFeature_918,O3,http://dd.eionet.europa.eu/vocabulary/aq/pollutant/7,hour,93.5983300000,µg/m3,2018-09-03 13:00:00 +01:00,2018-09-03 14:00:00 +01:00,1,1
GB,http://environment.data.gov.uk/air-quality/so,GB_Network_1,Station_GB1024A,,GB_SamplingPoint_74174,GB_StationProcess_918,GB_SamplingFeature_918,O3,http://dd.eionet.europa.eu/vocabulary/aq/pollutant/7,hour,109.4142500000,µg/m3,2018-09-03 15:00:00 +01:00,2018-09-03 16:00:00 +01:00,1,1
GB,http://environment.data.gov.uk/air-quality/so,GB_Network_1,Station_GB1024A,,GB_SamplingPoint_74174,GB_StationProcess_918,GB_SamplingFeature_918,O3,http://dd.eionet.europa.eu/vocabulary/aq/pollutant/7,hour,111.6594200000,µg/m3,2018-09-03 16:00:00 +01:00,2018-09-03 17:00:00 +01:00,1,1
GB,http://environment.data.gov.uk/air-quality/so,GB_Network_1,Station_GB1024A,,GB_SamplingPoint_74174,GB_StationProcess_918,GB_SamplingFeature_918,O3,http://dd.eionet.europa.eu/vocabulary/aq/pollutant/7,hour,105.4727500000,µg/m3,2018-09-03 17:00:00 +01:00,2018-09-03 18:00:00 +01:00,1,1
GB,http://environment.data.gov.uk/air-quality/so,GB_Network_1,Station_GB1024A,,GB_SamplingPoint_74174,GB_StationProcess_918,GB_SamplingFeature_918,O3,http://dd.eionet.europa.eu/vocabulary/aq/pollutant/7,hour,99.4856500000,µg/m3,2018-09-03 18:00:00 +01:00,2018-09-03 19:00:00 +01:00,1,1
GB,http://environment.data.gov.uk/air-quality/so,GB_Network_1,Station_GB1024A,,GB_SamplingPoint_74174,GB_StationProcess_918,GB_SamplingFeature_918,O3,http://dd.eionet.europa.eu/vocabulary/aq/pollutant/7,hour,87.6112300000,µg/m3,2018-09-03 19:00:00 +01:00,2018-09-03 20:00:00 +01:00,1,1
GB,http://environment.data.gov.uk/air-quality/so,GB_Network_1,Station_GB1024A,,GB_SamplingPoint_74174,GB_StationProcess_918,GB_SamplingFeature_918,O3,http://dd.eionet.europa.eu/vocabulary/aq/pollutant/7,hour,70.4482100000,µg/m3,2018-09-03 20:00:00 +01:00,2018-09-03 21:00:00 +01:00,1,1
GB,http://environment.data.gov.uk/air-quality/so,GB_Network_1,Station_GB1024A,,GB_SamplingPoint_74174,GB_StationProcess_918,GB_SamplingFeature_918,O3,http://dd.eionet.europa.eu/vocabulary/aq/pollutant/7,hour,55.7798200000,µg/m3,2018-09-03 21:00:00 +01:00,2018-09-03 22:00:00 +01:00,1,1
GB,http://environment.data.gov.uk/air-quality/so,GB_Network_1,Station_GB1024A,,GB_SamplingPoint_74174,GB_StationProcess_918,GB_SamplingFeature_918,O3,http://dd.eionet.europa.eu/vocabulary/aq/pollutant/7,hour,13.7204400000,µg/m3,2018-09-03 23:00:00 +01:00,2018-09-04 00:00:00 +01:00,1,1
GB,http://environment.data.gov.uk/air-quality/so,GB_Network_1,Station_GB1024A,,GB_SamplingPoint_74174,GB_StationProcess_918,GB_SamplingFeature_918,O3,http://dd.eionet.europa.eu/vocabulary/aq/pollutant/7,hour,11.7247400000,µg/m3,2018-09-04 00:00:00 +01:00,2018-09-04 01:00:00 +01:00,1,1
GB,http://environment.data.gov.uk/air-quality/so,GB_Network_1,Station_GB1024A,,GB_SamplingPoint_74174,GB_StationProcess_918,GB_SamplingFeature_918,O3,http://dd.eionet.europa.eu/vocabulary/aq/pollutant/7,hour,10.6437300000,µg/m3,2018-09-04 01:00:00 +01:00,2018-09-04 02:00:00 +01:00,1,1
GB,http://environment.data.gov.uk/air-quality/so,GB_Network_1,Station_GB1024A,,GB_SamplingPoint_74174,GB_StationProcess_918,GB_SamplingFeature_918,O3,http://dd.eionet.europa.eu/vocabulary/aq/pollutant/7,hour,13.9699000000,µg/m3,2018-09-04 02:00:00 +01:00,2018-09-04 03:00:00 +01:00,1,1
GB,http://environment.data.gov.uk/air-quality/so,GB_Network_1,Station_GB1024A,,GB_SamplingPoint_74174,GB_StationProcess_918,GB_SamplingFeature_918,O3,http://dd.eionet.europa.eu/vocabulary/aq/pollutant/7,hour,15.4666800000,µg/m3,2018-09-04 04:00:00 +01:00,2018-09-04 05:00:00 +01:00,1,1
GB,http://environment.data.gov.uk/air-quality/so,GB_Network_1,Station_GB1024A,,GB_SamplingPoint_74174,GB_StationProcess_918,GB_SamplingFeature_918,O3,http://dd.eionet.europa.eu/vocabulary/aq/pollutant/7,hour,30.9333500000,µg/m3,2018-09-04 05:00:00 +01:00,2018-09-04 06:00:00 +01:00,1,1
GB,http://environment.data.gov.uk/air-quality/so,GB_Network_1,Station_GB1024A,,GB_SamplingPoint_74174,GB_StationProcess_918,GB_SamplingFeature_918,O3,http://dd.eionet.europa.eu/vocabulary/aq/pollutant/7,hour,42.1092700000,µg/m3,2018-09-04 07:00:00 +01:00,2018-09-04 08:00:00 +01:00,1,1
GB,http://environment.data.gov.uk/air-quality/so,GB_Network_1,Station_GB1024A,,GB_SamplingPoint_74174,GB_StationProcess_918,GB_SamplingFeature_918,O3,http://dd.eionet.europa.eu/vocabulary/aq/pollutant/7,hour,45.3522800000,µg/m3,2018-09-04 08:00:00 +01:00,2018-09-04 09:00:00 +01:00,1,1
GB,http://environment.data.gov.uk/air-quality/so,GB_Network_1,Station_GB1024A,,GB_SamplingPoint_74174,GB_StationProcess_918,GB_SamplingFeature_918,O3,http://dd.eionet.europa.eu/vocabulary/aq/pollutant/7,hour,59.6714300000,µg/m3,2018-09-04 09:00:00 +01:00,2018-09-04 10:00:00 +01:00,1,1
GB,http://environment.data.gov.uk/air-quality/so,GB_Network_1,Station_GB1024A,,GB_SamplingPoint_74174,GB_StationProcess_918,GB_SamplingFeature_918,O3,http://dd.eionet.europa.eu/vocabulary/aq/pollutant/7,hour,62.8645500000,µg/m3,2018-09-04 11:00:00 +01:00,2018-09-04 12:00:00 +01:00,1,1
GB,http://environment.data.gov.uk/air-quality/so,GB_Network_1,Station_GB1024A,,GB_SamplingPoint_74174,GB_StationProcess_918,GB_SamplingFeature_918,O3,http://dd.eionet.europa.eu/vocabulary/aq/pollutant/7,hour,67.1054100000,µg/m3,2018-09-04 12:00:00 +01:00,2018-09-04 13:00:00 +01:00,1,1
GB,http://environment.data.gov.uk/air-quality/so,GB_Network_1,Station_GB1024A,,GB_SamplingPoint_74174,GB_StationProcess_918,GB_SamplingFeature_918,O3,http://dd.eionet.europa.eu/vocabulary/aq/pollutant/7,hour,72.4439100000,µg/m3,2018-09-04 17:00:00 +01:00,2018-09-04 18:00:00 +01:00,1,1
GB,http://environment.data.gov.uk/air-quality/so,GB_Network_1,Station_GB1024A,,GB_SamplingPoint_74174,GB_StationProcess_918,GB_SamplingFeature_918,O3,http://dd.eionet.europa.eu/vocabulary/aq/pollutant/7,hour,70.5480000000,µg/m3,2018-09-04 18:00:00 +01:00,2018-09-04 19:00:00 +01:00,1,1
GB,http://environment.data.gov.uk/air-quality/so,GB_Network_1,Station_GB1024A,,GB_SamplingPoint_74174,GB_StationProcess_918,GB_SamplingFeature_918,O3,http://dd.eionet.europa.eu/vocabulary/aq/pollutant/7,hour,61.3178800000,µg/m3,2018-09-04 21:00:00 +01:00,2018-09-04 22:00:00 +01:00,1,1
GB,http://environment.data.gov.uk/air-quality/so,GB_Network_1,Station_GB1024A,,GB_SamplingPoint_74174,GB_StationProcess_918,GB_SamplingFeature_918,O3,http://dd.eionet.europa.eu/vocabulary/aq/pollutant/7,hour,62.5153000000,µg/m3,2018-09-04 22:00:00 +01:00,2018-09-04 23:00:00 +01:00,1,1
GB,http://environment.data.gov.uk/air-quality/so,GB_Network_1,Station_GB1024A,,GB_SamplingPoint_74174,GB_StationProcess_918,GB_SamplingFeature_918,O3,http://dd.eionet.europa.eu/vocabulary/aq/pollutant/7,hour,55.2310000000,µg/m3,2018-09-04 23:00:00 +01:00,2018-09-05 00:00:00 +01:00,1,1
GB,http://environment.data.gov.uk/air-quality/so,GB_Network_1,Station_GB1024A,,GB_SamplingPoint_74174,GB_StationProcess_918,GB_SamplingFeature_918,O3,http://dd.eionet.europa.eu/vocabulary/aq/pollutant/7,hour,51.7551500000,µg/m3,2018-09-05 01:00:00 +01:00,2018-09-05 02:00:00 +01:00,1,1
GB,http://environment.data.gov.uk/air-quality/so,GB_Network_1,Station_GB1024A,,GB_SamplingPoint_74174,GB_StationProcess_918,GB_SamplingFeature_918,O3,http://dd.eionet.europa.eu/vocabulary/aq/pollutant/7,hour,46.8490600000,µg/m3,2018-09-05 03:00:00 +01:00,2018-09-05 04:00:00 +01:00,1,1
GB,http://environment.data.gov.uk/air-quality/so,GB_Network_1,Station_GB1024A,,GB_SamplingPoint_74174,GB_StationProcess_918,GB_SamplingFeature_918,O3,http://dd.eionet.europa.eu/vocabulary/aq/pollutant/7,hour,45.0529300000,µg/m3,2018-09-05 07:00:00 +01:00,2018-09-05 08:00:00 +01:00,1,1
GB,http://environment.data.gov.uk/air-quality/so,GB_Network_1,Station_GB1024A,,GB_SamplingPoint_74174,GB_StationProcess_918,GB_SamplingFeature_918,O3,http://dd.eionet.europa.eu/vocabulary/aq/pollutant/7,hour,46.5996000000,µg/m3,2018-09-05 08:00:00 +01:00,2018-09-05 09:00:00 +01:00,1,1
GB,http://environment.data.gov.uk/air-quality/so,GB_Network_1,Station_GB1024A,,GB_SamplingPoint_74174,GB_StationProcess_918,GB_SamplingFeature_918,O3,http://dd.eionet.europa.eu/vocabulary/aq/pollutant/7,hour,43.6559400000,µg/m3,2018-09-05 09:00:00 +01:00,2018-09-05 10:00:00 +01:00,1,1
GB,http://environment.data.gov.uk/air-quality/so,GB_Network_1,Station_GB1024A,,GB_SamplingPoint_74174,GB_StationProcess_918,GB_SamplingFeature_918,O3,http://dd.eionet.europa.eu/vocabulary/aq/pollutant/7,hour,63.8624000000,µg/m3,2018-09-05 11:00:00 +01:00,2018-09-05 12:00:00 +01:00,1,1
GB,http://environment.data.gov.uk/air-quality/so,GB_Network_1,Station_GB1024A,,GB_SamplingPoint_74174,GB_StationProcess_918,GB_SamplingFeature_918,O3,http://dd.eionet.europa.eu/vocabulary/aq/pollutant/7,hour,66.7062700000,µg/m3,2018-09-05 12:00:00 +01:00,2018-09-05 13:00:00 +01:00,1,1
GB,http://environment.data.gov.uk/air-quality/so,GB_Network_1,Station_GB1024A,,GB_SamplingPoint_74174,GB_StationProcess_918,GB_SamplingFeature_918,O3,http://dd.eionet.europa.eu/vocabulary/aq/pollutant/7,hour,71.0469200000,µg/m3,2018-09-05 13:00:00 +01:00,2018-09-05 14:00:00 +01:00,1,1
GB,http://environment.data.gov.uk/air-quality/so,GB_Network_1,Station_GB1024A,,GB_SamplingPoint_74174,GB_StationProcess_918,GB_SamplingFeature_918,O3,http://dd.eionet.europa.eu/vocabulary/aq/pollutant/7,hour,80.9256400000,µg/m3,2018-09-05 15:00:00 +01:00,2018-09-05 16:00:00 +01:00,1,1
GB,http://environment.data.gov.uk/air-quality/so,GB_Network_1,Station_GB1024A,,GB_SamplingPoint_74174,GB_StationProcess_918,GB_SamplingFeature_918,O3,http://dd.eionet.europa.eu/vocabulary/aq/pollutant/7,hour,76.4353100000,µg/m3,2018-09-05 18:00:00 +01:00,2018-09-05 19:00:00 +01:00,1,1
GB,http://environment.data.gov.uk/air-quality/so,GB_Network_1,Station_GB1024A,,GB_SamplingPoint_74174,GB_StationProcess_918,GB_SamplingFeature_918,O3,http://dd.eionet.europa.eu/vocabulary/aq/pollutant/7,hour,53.2851900000,µg/m3,2018-09-05 21:00:00 +01:00,2018-09-05 22:00:00 +01:00,1,1
GB,http://environment.data.gov.uk/air-quality/so,GB_Network_1,Station_GB1024A,,GB_SamplingPoint_74174,GB_StationProcess_918,GB_SamplingFeature_918,O3,http://dd.eionet.europa.eu/vocabulary/aq/pollutant/7,hour,31.1828100000,µg/m3,2018-09-05 23:00:00 +01:00,2018-09-06 00:00:00 +01:00,1,1
GB,http://environment.data.gov.uk/air-quality/so,GB_Network_1,Station_GB1024A,,GB_SamplingPoint_74174,GB_StationProcess_918,GB_SamplingFeature_918,O3,http://dd.eionet.europa.eu/vocabulary/aq/pollutant/7,hour,22.8008700000,µg/m3,2018-09-06 03:00:00 +01:00,2018-09-06 04:00:00 +01:00,1,1
GB,http://environment.data.gov.uk/air-quality/so,GB_Network_1,Station_GB1024A,,GB_SamplingPoint_74174,GB_StationProcess_918,GB_SamplingFeature_918,O3,http://dd.eionet.europa.eu/vocabulary/aq/pollutant/7,hour,17.6120500000,µg/m3,2018-09-06 04:00:00 +01:00,2018-09-06 05:00:00 +01:00,1,1
GB,http://environment.data.gov.uk/air-quality/so,GB_Network_1,Station_GB1024A,,GB_SamplingPoint_74174,GB_StationProcess_918,GB_SamplingFeature_918,O3,http://dd.eionet.europa.eu/vocabulary/aq/pollutant/7,hour,16.0653900000,µg/m3,2018-09-06 05:00:00 +01:00,2018-09-06 06:00:00 +01:00,1,1
GB,http://environment.data.gov.uk/air-quality/so,GB_Network_1,Station_GB1024A,,GB_SamplingPoint_74174,GB_StationProcess_918,GB_SamplingFeature_918,O3,http://dd.eionet.europa.eu/vocabulary/aq/pollutant/7,hour,10.0283900000,µg/m3,2018-09-06 06:00:00 +01:00,2018-09-06 07:00:00 +01:00,1,1
GB,http://environment.data.gov.uk/air-quality/so,GB_Network_1,Station_GB1024A,,GB_SamplingPoint_74174,GB_StationProcess_918,GB_SamplingFeature_918,O3,http://dd.eionet.europa.eu/vocabulary/aq/pollutant/7,hour,5.6378500000,µg/m3,2018-09-06 07:00:00 +01:00,2018-09-06 08:00:00 +01:00,2,1
GB,http://environment.data.gov.uk/air-quality/so,GB_Network_1,Station_GB1024A,,GB_SamplingPoint_74174,GB_StationProcess_918,GB_SamplingFeature_918,O3,http://dd.eionet.europa.eu/vocabulary/aq/pollutant/7,hour,13.0219400000,µg/m3,2018-09-06 08:00:00 +01:00,2018-09-06 09:00:00 +01:00,1,1
GB,http://environment.data.gov.uk/air-quality/so,GB_Network_1,Station_GB1024A,,GB_SamplingPoint_74174,GB_StationProcess_918,GB_SamplingFeature_918,O3,http://dd.eionet.europa.eu/vocabulary/aq/pollutant/7,hour,21.2542100000,µg/m3,2018-09-06 09:00:00 +01:00,2018-09-06 10:00:00 +01:00,1,1
GB,http://environment.data.gov.uk/air-quality/so,GB_Network_1,Station_GB1024A,,GB_SamplingPoint_74174,GB_StationProcess_918,GB_SamplingFeature_918,O3,http://dd.eionet.europa.eu/vocabulary/aq/pollutant/7,hour,41.0116400000,µg/m3,2018-09-06 10:00:00 +01:00,2018-09-06 11:00:00 +01:00,1,1
GB,http://environment.data.gov.uk/air-quality/so,GB_Network_1,Station_GB1024A,,GB_SamplingPoint_74174,GB_StationProcess_918,GB_SamplingFeature_918,O3,http://dd.eionet.europa.eu/vocabulary/aq/pollutant/7,hour,76.1858500000,µg/m3,2018-09-06 14:00:00 +01:00,2018-09-06 15:00:00 +01:00,1,1
GB,http://environment.data.gov.uk/air-quality/so,GB_Network_1,Station_GB1024A,,GB_SamplingPoint_74174,GB_StationProcess_918,GB_SamplingFeature_918,O3,http://dd.eionet.europa.eu/vocabulary/aq/pollutant/7,hour,63.4133700000,µg/m3,2018-09-06 16:00:00 +01:00,2018-09-06 17:00:00 +01:00,1,1
GB,http://environment.data.gov.uk/air-quality/so,GB_Network_1,Station_GB1024A,,GB_SamplingPoint_74174,GB_StationProcess_918,GB_SamplingFeature_918,O3,http://dd.eionet.europa.eu/vocabulary/aq/pollutant/7,hour,55.1312100000,µg/m3,2018-09-06 17:00:00 +01:00,2018-09-06 18:00:00 +01:00,1,1
GB,http://environment.data.gov.uk/air-quality/so,GB_Network_1,Station_GB1024A,,GB_SamplingPoint_74174,GB_StationProcess_918,GB_SamplingFeature_918,O3,http://dd.eionet.europa.eu/vocabulary/aq/pollutant/7,hour,38.0180900000,µg/m3,2018-09-06 19:00:00 +01:00,2018-09-06 20:00:00 +01:00,1,1
GB,http://environment.data.gov.uk/air-quality/so,GB_Network_1,Station_GB1024A,,GB_SamplingPoint_74174,GB_StationProcess_918,GB_SamplingFeature_918,O3,http://dd.eionet.europa.eu/vocabulary/aq/pollutant/7,hour,27.4907700000,µg/m3,2018-09-06 21:00:00 +01:00,2018-09-06 22:00:00 +01:00,1,1
GB,http://environment.data.gov.uk/air-quality/so,GB_Network_1,Station_GB1024A,,GB_SamplingPoint_74174,GB_StationProcess_918,GB_SamplingFeature_918,O3,http://dd.eionet.europa.eu/vocabulary/aq/pollutant/7,hour,28.6383000000,µg/m3,2018-09-06 22:00:00 +01:00,2018-09-06 23:00:00 +01:00,1,1
GB,http://environment.data.gov.uk/air-quality/so,GB_Network_1,Station_GB1024A,,GB_SamplingPoint_74174,GB_StationProcess_918,GB_SamplingFeature_918,O3,http://dd.eionet.europa.eu/vocabulary/aq/pollutant/7,hour,43.8388800000,µg/m3,2018-09-07 01:00:00 +01:00,2018-09-07 02:00:00 +01:00,1,1
GB,http://environment.data.gov.uk/air-quality/so,GB_Network_1,Station_GB1024A,,GB_SamplingPoint_74174,GB_StationProcess_918,GB_SamplingFeature_918,O3,http://dd.eionet.europa.eu/vocabulary/aq/pollutant/7,hour,39.4483400000,µg/m3,2018-09-07 02:00:00 +01:00,2018-09-07 03:00:00 +01:00,1,1
GB,http://environment.data.gov.uk/air-quality/so,GB_Network_1,Station_GB1024A,,GB_SamplingPoint_74174,GB_StationProcess_918,GB_SamplingFeature_918,O3,http://dd.eionet.europa.eu/vocabulary/aq/pollutant/7,hour,39.1656100000,µg/m3,2018-09-07 04:00:00 +01:00,2018-09-07 05:00:00 +01:00,1,1
GB,http://environment.data.gov.uk/air-quality/so,GB_Network_1,Station_GB1024A,,GB_SamplingPoint_74174,GB_StationProcess_918,GB_SamplingFeature_918,O3,http://dd.eionet.europa.eu/vocabulary/aq/pollutant/7,hour,28.8877600000,µg/m3,2018-09-07 06:00:00 +01:00,2018-09-07 07:00:00 +01:00,1,1
GB,http://environment.data.gov.uk/air-quality/so,GB_Network_1,Station_GB1024A,,GB_SamplingPoint_74174,GB_StationProcess_918,GB_SamplingFeature_918,O3,http://dd.eionet.europa.eu/vocabulary/aq/pollutant/7,hour,21.5535600000,µg/m3,2018-09-07 07:00:00 +01:00,2018-09-07 08:00:00 +01:00,1,1
GB,http://environment.data.gov.uk/air-quality/so,GB_Network_1,Station_GB1024A,,GB_SamplingPoint_74174,GB_StationProcess_918,GB_SamplingFeature_918,O3,http://dd.eionet.europa.eu/vocabulary/aq/pollutant/7,hour,40.8619600000,µg/m3,2018-09-07 10:00:00 +01:00,2018-09-07 11:00:00 +01:00,1,1
GB,http://environment.data.gov.uk/air-quality/so,GB_Network_1,Station_GB1024A,,GB_SamplingPoint_74174,GB_StationProcess_918,GB_SamplingFeature_918,O3,http://dd.eionet.europa.eu/vocabulary/aq/pollutant/7,hour,51.2396000000,µg/m3,2018-09-07 12:00:00 +01:00,2018-09-07 13:00:00 +01:00,1,1
GB,http://environment.data.gov.uk/air-quality/so,GB_Network_1,Station_GB1024A,,GB_SamplingPoint_74174,GB_StationProcess_918,GB_SamplingFeature_918,O3,http://dd.eionet.europa.eu/vocabulary/aq/pollutant/7,hour,54.9815400000,µg/m3,2018-09-07 13:00:00 +01:00,2018-09-07 14:00:00 +01:00,1,1
GB,http://environment.data.gov.uk/air-quality/so,GB_Network_1,Station_GB1024A,,GB_SamplingPoint_74174,GB_StationProcess_918,GB_SamplingFeature_918,O3,http://dd.eionet.europa.eu/vocabulary/aq/pollutant/7,hour,59.2224000000,µg/m3,2018-09-07 14:00:00 +01:00,2018-09-07 15:00:00 +01:00,1,1
GB,http://environment.data.gov.uk/air-quality/so,GB_Network_1,Station_GB1024A,,GB_SamplingPoint_74174,GB_StationProcess_918,GB_SamplingFeature_918,O3,http://dd.eionet.europa.eu/vocabulary/aq/pollutant/7,hour,63.1140100000,µg/m3,2018-09-07 16:00:00 +01:00,2018-09-07 17:00:00 +01:00,1,1
GB,http://environment.data.gov.uk/air-quality/so,GB_Network_1,Station_GB1024A,,GB_SamplingPoint_74174,GB_StationProcess_918,GB_SamplingFeature_918,O3,http://dd.eionet.europa.eu/vocabulary/aq/pollutant/7,hour,62.6649800000,µg/m3,2018-09-07 17:00:00 +01:00,2018-09-07 18:00:00 +01:00,1,1
GB,http://environment.data.gov.uk/air-quality/so,GB_Network_1,Station_GB1024A,,GB_SamplingPoint_74174,GB_StationProcess_918,GB_SamplingFeature_918,O3,http://dd.eionet.europa.eu/vocabulary/aq/pollutant/7,hour,61.3677800000,µg/m3,2018-09-07 18:00:00 +01:00,2018-09-07 19:00:00 +01:00,1,1
GB,http://environment.data.gov.uk/air-quality/so,GB_Network_1,Station_GB1024A,,GB_SamplingPoint_74174,GB_StationProcess_918,GB_SamplingFeature_918,O3,http://dd.eionet.europa.eu/vocabulary/aq/pollutant/7,hour,23.9484000000,µg/m3,2018-09-07 20:00:00 +01:00,2018-09-07 21:00:00 +01:00,1,1
GB,http://environment.data.gov.uk/air-quality/so,GB_Network_1,Station_GB1024A,,GB_SamplingPoint_74174,GB_StationProcess_918,GB_SamplingFeature_918,O3,http://dd.eionet.europa.eu/vocabulary/aq/pollutant/7,hour,5.2886100000,µg/m3,2018-09-07 22:00:00 +01:00,2018-09-07 23:00:00 +01:00,2,1
GB,http://environment.data.gov.uk/air-quality/so,GB_Network_1,Station_GB1024A,,GB_SamplingPoint_74174,GB_StationProcess_918,GB_SamplingFeature_918,O3,http://dd.eionet.europa.eu/vocabulary/aq/pollutant/7,hour,3.8417200000,µg/m3,2018-09-07 23:00:00 +01:00,2018-09-08 00:00:00 +01:00,2,1
GB,http://environment.data.gov.uk/air-quality/so,GB_Network_1,Station_GB1024A,,GB_SamplingPoint_74174,GB_StationProcess_918,GB_SamplingFeature_918,O3,http://dd.eionet.europa.eu/vocabulary/aq/pollutant/7,hour,8.4484600000,µg/m3,2018-09-08 01:00:00 +01:00,2018-09-08 02:00:00 +01:00,1,1
GB,http://environment.data.gov.uk/air-quality/so,GB_Network_1,Station_GB1024A,,GB_SamplingPoint_74174,GB_StationProcess_918,GB_SamplingFeature_918,O3,http://dd.eionet.europa.eu/vocabulary/aq/pollutant/7,hour,7.0514700000,µg/m3,2018-09-08 02:00:00 +01:00,2018-09-08 03:00:00 +01:00,1,1
GB,http://environment.data.gov.uk/air-quality/so,GB_Network_1,Station_GB1024A,,GB_SamplingPoint_74174,GB_StationProcess_918,GB_SamplingFeature_918,O3,http://dd.eionet.europa.eu/vocabulary/aq/pollutant/7,hour,9.7789300000,µg/m3,2018-09-08 03:00:00 +01:00,2018-09-08 04:00:00 +01:00,1,1
GB,http://environment.data.gov.uk/air-quality/so,GB_Network_1,Station_GB1024A,,GB_SamplingPoint_74174,GB_StationProcess_918,GB_SamplingFeature_918,O3,http://dd.eionet.europa.eu/vocabulary/aq/pollutant/7,hour,9.6292500000,µg/m3,2018-09-08 04:00:00 +01:00,2018-09-08 05:00:00 +01:00,1,1
GB,http://environment.data.gov.uk/air-quality/so,GB_Network_1,Station_GB1024A,,GB_SamplingPoint_74174,GB_StationProcess_918,GB_SamplingFeature_918,O3,http://dd.eionet.europa.eu/vocabulary/aq/pollutant/7,hour,20.4060300000,µg/m3,2018-09-08 08:00:00 +01:00,2018-09-08 09:00:00 +01:00,1,1
GB,http://environment.data.gov.uk/air-quality/so,GB_Network_1,Station_GB1024A,,GB_SamplingPoint_74174,GB_StationProcess_918,GB_SamplingFeature_918,O3,http://dd.eionet.europa.eu/vocabulary/aq/pollutant/7,hour,33.1785100000,µg/m3,2018-09-08 10:00:00 +01:00,2018-09-08 11:00:00 +01:00,1,1
GB,http://environment.data.gov.uk/air-quality/so,GB_Network_1,Station_GB1024A,,GB_SamplingPoint_74174,GB_StationProcess_918,GB_SamplingFeature_918,O3,http://dd.eionet.europa.eu/vocabulary/aq/pollutant/7,hour,56.9772400000,µg/m3,2018-09-08 13:00:00 +01:00,2018-09-08 14:00:00 +01:00,1,1
GB,http://environment.data.gov.uk/air-quality/so,GB_Network_1,Station_GB1024A,,GB_SamplingPoint_74174,GB_StationProcess_918,GB_SamplingFeature_918,O3,http://dd.eionet.europa.eu/vocabulary/aq/pollutant/7,hour,55.7299200000,µg/m3,2018-09-08 18:00:00 +01:00,2018-09-08 19:00:00 +01:00,1,1
GB,http://environment.data.gov.uk/air-quality/so,GB_Network_1,Station_GB1024A,,GB_SamplingPoint_74174,GB_StationProcess_918,GB_SamplingFeature_918,O3,http://dd.eionet.europa.eu/vocabulary/aq/pollutant/7,hour,49.5432500000,µg/m3,2018-09-08 20:00:00 +01:00,2018-09-08 21:00:00 +01:00,1,1
GB,http://environment.data.gov.uk/air-quality/so,GB_Network_1,Station_GB1024A,,GB_SamplingPoint_74174,GB_StationProcess_918,GB_SamplingFeature_918,O3,http://dd.eionet.europa.eu/vocabulary/aq/pollutant/7,hour,50.0421800000,µg/m3,2018-09-08 21:00:00 +01:00,2018-09-08 22:00:00 +01:00,1,1
GB,http://environment.data.gov.uk/air-quality/so,GB_Network_1,Station_GB1024A,,GB_SamplingPoint_74174,GB_StationProcess_918,GB_SamplingFeature_918,O3,http://dd.eionet.europa.eu/vocabulary/aq/pollutant/7,hour,43.6060500000,µg/m3,2018-09-09 00:00:00 +01:00,2018-09-09 01:00:00 +01:00,1,1
GB,http://environment.data.gov.uk/air-quality/so,GB_Network_1,Station_GB1024A,,GB_SamplingPoint_74174,GB_StationProcess_918,GB_SamplingFeature_918,O3,http://dd.eionet.europa.eu/vocabulary/aq/pollutant/7,hour,45.3023900000,µg/m3,2018-09-09 01:00:00 +01:00,2018-09-09 02:00:00 +01:00,1,1
GB,http://environment.data.gov.uk/air-quality/so,GB_Network_1,Station_GB1024A,,GB_SamplingPoint_74174,GB_StationProcess_918,GB_SamplingFeature_918,O3,http://dd.eionet.europa.eu/vocabulary/aq/pollutant/7,hour,47.5475500000,µg/m3,2018-09-09 05:00:00 +01:00,2018-09-09 06:00:00 +01:00,1,1
GB,http://environment.data.gov.uk/air-quality/so,GB_Network_1,Station_GB1024A,,GB_SamplingPoint_74174,GB_StationProcess_918,GB_SamplingFeature_918,O3,http://dd.eionet.europa.eu/vocabulary/aq/pollutant/7,hour,45.8512100000,µg/m3,2018-09-09 06:00:00 +01:00,2018-09-09 07:00:00 +01:00,1,1
GB,http://environment.data.gov.uk/air-quality/so,GB_Network_1,Station_GB1024A,,GB_SamplingPoint_74174,GB_StationProcess_918,GB_SamplingFeature_918,O3,http://dd.eionet.europa.eu/vocabulary/aq/pollutant/7,hour,47.7970200000,µg/m3,2018-09-09 08:00:00 +01:00,2018-09-09 09:00:00 +01:00,1,1
GB,http://environment.data.gov.uk/air-quality/so,GB_Network_1,Station_GB1024A,,GB_SamplingPoint_74174,GB_StationProcess_918,GB_SamplingFeature_918,O3,http://dd.eionet.europa.eu/vocabulary/aq/pollutant/7,hour,55.9294900000,µg/m3,2018-09-09 10:00:00 +01:00,2018-09-09 11:00:00 +01:00,1,1
GB,http://environment.data.gov.uk/air-quality/so,GB_Network_1,Station_GB1024A,,GB_SamplingPoint_74174,GB_StationProcess_918,GB_SamplingFeature_918,O3,http://dd.eionet.europa.eu/vocabulary/aq/pollutant/7,hour,57.1269100000,µg/m3,2018-09-09 11:00:00 +01:00,2018-09-09 12:00:00 +01:00,1,1
GB,http://environment.data.gov.uk/air-quality/so,GB_Network_1,Station_GB1024A,,GB_SamplingPoint_74174,GB_StationProcess_918,GB_SamplingFeature_918,O3,http://dd.eionet.europa.eu/vocabulary/aq/pollutant/7,hour,58.6735800000,µg/m3,2018-09-09 12:00:00 +01:00,2018-09-09 13:00:00 +01:00,1,1
GB,http://environment.data.gov.uk/air-quality/so,GB_Network_1,Station_GB1024A,,GB_SamplingPoint_74174,GB_StationProcess_918,GB_SamplingFeature_918,O3,http://dd.eionet.europa.eu/vocabulary/aq/pollutant/7,hour,69.6998200000,µg/m3,2018-09-09 13:00:00 +01:00,2018-09-09 14:00:00 +01:00,1,1
GB,http://environment.data.gov.uk/air-quality/so,GB_Network_1,Station_GB1024A,,GB_SamplingPoint_74174,GB_StationProcess_918,GB_SamplingFeature_918,O3,http://dd.eionet.europa.eu/vocabulary/aq/pollutant/7,hour,71.4460600000,µg/m3,2018-09-09 17:00:00 +01:00,2018-09-09 18:00:00 +01:00,1,1
GB,http://environment.data.gov.uk/air-quality/so,GB_Network_1,Station_GB1024A,,GB_SamplingPoint_74174,GB_StationProcess_918,GB_SamplingFeature_918,O3,http://dd.eionet.europa.eu/vocabulary/aq/pollutant/7,hour,69.6998200000,µg/m3,2018-09-09 18:00:00 +01:00,2018-09-09 19:00:00 +01:00,1,1
GB,http://environment.data.gov.uk/air-quality/so,GB_Network_1,Station_GB1024A,,GB_SamplingPoint_74174,GB_StationProcess_918,GB_SamplingFeature_918,O3,http://dd.eionet.europa.eu/vocabulary/aq/pollutant/7,hour,59.9707900000,µg/m3,2018-09-09 19:00:00 +01:00,2018-09-09 20:00:00 +01:00,1,1
GB,http://environment.data.gov.uk/air-quality/so,GB_Network_1,Station_GB1024A,,GB_SamplingPoint_74174,GB_StationProcess_918,GB_SamplingFeature_918,O3,http://dd.eionet.europa.eu/vocabulary/aq/pollutant/7,hour,56.1290600000,µg/m3,2018-09-09 20:00:00 +01:00,2018-09-09 21:00:00 +01:00,1,1
GB,http://environment.data.gov.uk/air-quality/so,GB_Network_1,Station_GB1024A,,GB_SamplingPoint_74174,GB_StationProcess_918,GB_SamplingFeature_918,O3,http://dd.eionet.europa.eu/vocabulary/aq/pollutant/7,hour,46.7492700000,µg/m3,2018-09-09 23:00:00 +01:00,2018-09-10 00:00:00 +01:00,1,1
GB,http://environment.data.gov.uk/air-quality/so,GB_Network_1,Station_GB1024A,,GB_SamplingPoint_74174,GB_StationProcess_918,GB_SamplingFeature_918,O3,http://dd.eionet.europa.eu/vocabulary/aq/pollutant/7,hour,49.3935800000,µg/m3,2018-09-10 00:00:00 +01:00,2018-09-10 01:00:00 +01:00,1,1
GB,http://environment.data.gov.uk/air-quality/so,GB_Network_1,Station_GB1024A,,GB_SamplingPoint_74174,GB_StationProcess_918,GB_SamplingFeature_918,O3,http://dd.eionet.europa.eu/vocabulary/aq/pollutant/7,hour,44.3045400000,µg/m3,2018-09-10 01:00:00 +01:00,2018-09-10 02:00:00 +01:00,1,1
GB,http://environment.data.gov.uk/air-quality/so,GB_Network_1,Station_GB1024A,,GB_SamplingPoint_74174,GB_StationProcess_918,GB_SamplingFeature_918,O3,http://dd.eionet.europa.eu/vocabulary/aq/pollutant/7,hour,50.6242600000,µg/m3,2018-09-10 02:00:00 +01:00,2018-09-10 03:00:00 +01:00,1,1
GB,http://environment.data.gov.uk/air-quality/so,GB_Network_1,Station_GB1024A,,GB_SamplingPoint_74174,GB_StationProcess_918,GB_SamplingFeature_918,O3,http://dd.eionet.europa.eu/vocabulary/aq/pollutant/7,hour,47.0985200000,µg/m3,2018-09-10 03:00:00 +01:00,2018-09-10 04:00:00 +01:00,1,1
GB,http://environment.data.gov.uk/air-quality/so,GB_Network_1,Station_GB1024A,,GB_SamplingPoint_74174,GB_StationProcess_918,GB_SamplingFeature_918,O3,http://dd.eionet.europa.eu/vocabulary/aq/pollutant/7,hour,32.4800200000,µg/m3,2018-09-10 05:00:00 +01:00,2018-09-10 06:00:00 +01:00,1,1
GB,http://environment.data.gov.uk/air-quality/so,GB_Network_1,Station_GB1024A,,GB_SamplingPoint_74174,GB_StationProcess_918,GB_SamplingFeature_918,O3,http://dd.eionet.europa.eu/vocabulary/aq/pollutant/7,hour,32.4800200000,µg/m3,2018-09-10 09:00:00 +01:00,2018-09-10 10:00:00 +01:00,1,1
GB,http://environment.data.gov.uk/air-quality/so,GB_Network_1,Station_GB1024A,,GB_SamplingPoint_74174,GB_StationProcess_918,GB_SamplingFeature_918,O3,http://dd.eionet.europa.eu/vocabulary/aq/pollutant/7,hour,48.7948700000,µg/m3,2018-09-10 10:00:00 +01:00,2018-09-10 11:00:00 +01:00,1,1
GB,http://environment.data.gov.uk/air-quality/so,GB_Network_1,Station_GB1024A,,GB_SamplingPoint_74174,GB_StationProcess_918,GB_SamplingFeature_918,O3,http://dd.eionet.europa.eu/vocabulary/aq/pollutant/7,hour,52.8361600000,µg/m3,2018-09-10 11:00:00 +01:00,2018-09-10 12:00:00 +01:00,1,1
GB,http://environment.data.gov.uk/air-quality/so,GB_Network_1,Station_GB1024A,,GB_SamplingPoint_74174,GB_StationProcess_918,GB_SamplingFeature_918,O3,http://dd.eionet.europa.eu/vocabulary/aq/pollutant/7,hour,54.9815400000,µg/m3,2018-09-10 12:00:00 +01:00,2018-09-10 13:00:00 +01:00,1,1
GB,http://environment.data.gov.uk/air-quality/so,GB_Network_1,Station_GB1024A,,GB_SamplingPoint_74174,GB_StationProcess_918,GB_SamplingFeature_918,O3,http://dd.eionet.europa.eu/vocabulary/aq/pollutant/7,hour,56.4284200000,µg/m3,2018-09-10 13:00:00 +01:00,2018-09-10 14:00:00 +01:00,1,1
GB,http://environment.data.gov.uk/air-quality/so,GB_Network_1,Station_GB1024A,,GB_SamplingPoint_74174,GB_StationProcess_918,GB_SamplingFeature_918,O3,http://dd.eionet.europa.eu/vocabulary/aq/pollutant/7,hour,67.3049800000,µg/m3,2018-09-10 15:00:00 +01:00,2018-09-10 16:00:00 +01:00,1,1
GB,http://environment.data.gov.uk/air-quality/so,GB_Network_1,Station_GB1024A,,GB_SamplingPoint_74174,GB_StationProcess_918,GB_SamplingFeature_918,O3,http://dd.eionet.europa.eu/vocabulary/aq/pollutant/7,hour,67.8538000000,µg/m3,2018-09-10 17:00:00 +01:00,2018-09-10 18:00:00 +01:00,1,1
GB,http://environment.data.gov.uk/air-quality/so,GB_Network_1,Station_GB1024A,,GB_SamplingPoint_74174,GB_StationProcess_918,GB_SamplingFeature_918,O3,http://dd.eionet.europa.eu/vocabulary/aq/pollutant/7,hour,58.3243300000,µg/m3,2018-09-10 19:00:00 +01:00,2018-09-10 20:00:00 +01:00,1,1
GB,http://environment.data.gov.uk/air-quality/so,GB_Network_1,Station_GB1024A,,GB_SamplingPoint_74174,GB_StationProcess_918,GB_SamplingFeature_918,O3,http://dd.eionet.europa.eu/vocabulary/aq/pollutant/7,hour,53.7342200000,µg/m3,2018-09-10 21:00:00 +01:00,2018-09-10 22:00:00 +01:00,1,1
GB,http://environment.data.gov.uk/air-quality/so,GB_Network_1,Station_GB1024A,,GB_SamplingPoint_74174,GB_StationProcess_918,GB_SamplingFeature_918,O3,http://dd.eionet.europa.eu/vocabulary/aq/pollutant/7,hour,53.4847600000,µg/m3,2018-09-10 22:00:00 +01:00,2018-09-10 23:00:00 +01:00,1,1
GB,http://environment.data.gov.uk/air-quality/so,GB_Network_1,Station_GB1024A,,GB_SamplingPoint_74174,GB_StationProcess_918,GB_SamplingFeature_918,O3,http://dd.eionet.europa.eu/vocabulary/aq/pollutant/7,hour,52.9359400000,µg/m3,2018-09-10 23:00:00 +01:00,2018-09-11 00:00:00 +01:00,1,1
GB,http://environment.data.gov.uk/air-quality/so,GB_Network_1,Station_GB1024A,,GB_SamplingPoint_74174,GB_StationProcess_918,GB_SamplingFeature_918,O3,http://dd.eionet.europa.eu/vocabulary/aq/pollutant/7,hour,51.8216800000,µg/m3,2018-09-11 01:00:00 +01:00,2018-09-11 02:00:00 +01:00,1,1
GB,http://environment.data.gov.uk/air-quality/so,GB_Network_1,Station_GB1024A,,GB_SamplingPoint_74174,GB_StationProcess_918,GB_SamplingFeature_918,O3,http://dd.eionet.europa.eu/vocabulary/aq/pollutant/7,hour,50.0920700000,µg/m3,2018-09-11 02:00:00 +01:00,2018-09-11 03:00:00 +01:00,1,1
GB,http://environment.data.gov.uk/air-quality/so,GB_Network_1,Station_GB1024A,,GB_SamplingPoint_74174,GB_StationProcess_918,GB_SamplingFeature_918,O3,http://dd.eionet.europa.eu/vocabulary/aq/pollutant/7,hour,53.7342200000,µg/m3,2018-09-11 04:00:00 +01:00,2018-09-11 05:00:00 +01:00,1,1
GB,http://environment.data.gov.uk/air-quality/so,GB_Network_1,Station_GB1024A,,GB_SamplingPoint_74174,GB_StationProcess_918,GB_SamplingFeature_918,O3,http://dd.eionet.europa.eu/vocabulary/aq/pollutant/7,hour,51.5389500000,µg/m3,2018-09-11 05:00:00 +01:00,2018-09-11 06:00:00 +01:00,1,1
GB,http://environment.data.gov.uk/air-quality/so,GB_Network_1,Station_GB1024A,,GB_SamplingPoint_74174,GB_StationProcess_918,GB_SamplingFeature_918,O3,http://dd.eionet.europa.eu/vocabulary/aq/pollutant/7,hour,50.2417500000,µg/m3,2018-09-11 06:00:00 +01:00,2018-09-11 07:00:00 +01:00,1,1
GB,http://environment.data.gov.uk/air-quality/so,GB_Network_1,Station_GB1024A,,GB_SamplingPoint_74174,GB_StationProcess_918,GB_SamplingFeature_918,O3,http://dd.eionet.europa.eu/vocabulary/aq/pollutant/7,hour,46.5996000000,µg/m3,2018-09-11 07:00:00 +01:00,2018-09-11 08:00:00 +01:00,1,1
GB,http://environment.data.gov.uk/air-quality/so,GB_Network_1,Station_GB1024A,,GB_SamplingPoint_74174,GB_StationProcess_918,GB_SamplingFeature_918,O3,http://dd.eionet.europa.eu/vocabulary/aq/pollutant/7,hour,47.0985200000,µg/m3,2018-09-11 10:00:00 +01:00,2018-09-11 11:00:00 +01:00,1,1
GB,http://environment.data.gov.uk/air-quality/so,GB_Network_1,Station_GB1024A,,GB_SamplingPoint_74174,GB_StationProcess_918,GB_SamplingFeature_918,O3,http://dd.eionet.europa.eu/vocabulary/aq/pollutant/7,hour,42.5583000000,µg/m3,2018-09-11 11:00:00 +01:00,2018-09-11 12:00:00 +01:00,1,1
GB,http://environment.data.gov.uk/air-quality/so,GB_Network_1,Station_GB1024A,,GB_SamplingPoint_74174,GB_StationProcess_918,GB_SamplingFeature_918,O3,http://dd.eionet.europa.eu/vocabulary/aq/pollutant/7,hour,41.2112100000,µg/m3,2018-09-11 12:00:00 +01:00,2018-09-11 13:00:00 +01:00,1,1
GB,http://environment.data.gov.uk/air-quality/so,GB_Network_1,Station_GB1024A,,GB_SamplingPoint_74174,GB_StationProcess_918,GB_SamplingFeature_918,O3,http://dd.eionet.europa.eu/vocabulary/aq/pollutant/7,hour,37.4692700000,µg/m3,2018-09-11 13:00:00 +01:00,2018-09-11 14:00:00 +01:00,1,1
GB,http://environment.data.gov.uk/air-quality/so,GB_Network_1,Station_GB1024A,,GB_SamplingPoint_74174,GB_StationProcess_918,GB_SamplingFeature_918,O3,http://dd.eionet.europa.eu/vocabulary/aq/pollutant/7,hour,38.0180900000,µg/m3,2018-09-11 16:00:00 +01:00,2018-09-11 17:00:00 +01:00,1,1
GB,http://environment.data.gov.uk/air-quality/so,GB_Network_1,Station_GB1024A,,GB_SamplingPoint_74174,GB_StationProcess_918,GB_SamplingFeature_918,O3,http://dd.eionet.europa.eu/vocabulary/aq/pollutant/7,hour,37.0202400000,µg/m3,2018-09-11 17:00:00 +01:00,2018-09-11 18:00:00 +01:00,1,1
GB,http://environment.data.gov.uk/air-quality/so,GB_Network_1,Station_GB1024A,,GB_SamplingPoint_74174,GB_StationProcess_918,GB_SamplingFeature_918,O3,http://dd.eionet.europa.eu/vocabulary/aq/pollutant/7,hour,32.5299100000,µg/m3,2018-09-11 20:00:00 +01:00,2018-09-11 21:00:00 +01:00,1,1
GB,http://environment.data.gov.uk/air-quality/so,GB_Network_1,Station_GB1024A,,GB_SamplingPoint_74174,GB_StationProcess_918,GB_SamplingFeature_918,O3,http://dd.eionet.europa.eu/vocabulary/aq/pollutant/7,hour,29.6361500000,µg/m3,2018-09-11 21:00:00 +01:00,2018-09-11 22:00:00 +01:00,1,1
GB,http://environment.data.gov.uk/air-quality/so,GB_Network_1,Station_GB1024A,,GB_SamplingPoint_74174,GB_StationProcess_918,GB_SamplingFeature_918,O3,http://dd.eionet.europa.eu/vocabulary/aq/pollutant/7,hour,39.9140000000,µg/m3,2018-09-11 22:00:00 +01:00,2018-09-11 23:00:00 +01:00,1,1
GB,http://environment.data.gov.uk/air-quality/so,GB_Network_1,Station_GB1024A,,GB_SamplingPoint_74174,GB_StationProcess_918,GB_SamplingFeature_918,O3,http://dd.eionet.europa.eu/vocabulary/aq/pollutant/7,hour,52.4869100000,µg/m3,2018-09-11 23:00:00 +01:00,2018-09-12 00:00:00 +01:00,1,1
GB,http://environment.data.gov.uk/air-quality/so,GB_Network_1,Station_GB1024A,,GB_SamplingPoint_74174,GB_StationProcess_918,GB_SamplingFeature_918,O3,http://dd.eionet.europa.eu/vocabulary/aq/pollutant/7,hour,66.1574600000,µg/m3,2018-09-12 00:00:00 +01:00,2018-09-12 01:00:00 +01:00,1,1
GB,http://environment.data.gov.uk/air-quality/so,GB_Network_1,Station_GB1024A,,GB_SamplingPoint_74174,GB_StationProcess_918,GB_SamplingFeature_918,O3,http://dd.eionet.europa.eu/vocabulary/aq/pollutant/7,hour,58.4740100000,µg/m3,2018-09-12 01:00:00 +01:00,2018-09-12 02:00:00 +01:00,1,1
GB,http://environment.data.gov.uk/air-quality/so,GB_Network_1,Station_GB1024A,,GB_SamplingPoint_74174,GB_StationProcess_918,GB_SamplingFeature_918,O3,http://dd.eionet.europa.eu/vocabulary/aq/pollutant/7,hour,60.8688500000,µg/m3,2018-09-12 02:00:00 +01:00,2018-09-12 03:00:00 +01:00,1,1
GB,http://environment.data.gov.uk/air-quality/so,GB_Network_1,Station_GB1024A,,GB_SamplingPoint_74174,GB_StationProcess_918,GB_SamplingFeature_918,O3,http://dd.eionet.europa.eu/vocabulary/aq/pollutant/7,hour,49.3935800000,µg/m3,2018-09-12 03:00:00 +01:00,2018-09-12 04:00:00 +01:00,1,1
GB,http://environment.data.gov.uk/air-quality/so,GB_Network_1,Station_GB1024A,,GB_SamplingPoint_74174,GB_StationProcess_918,GB_SamplingFeature_918,O3,http://dd.eionet.europa.eu/vocabulary/aq/pollutant/7,hour,37.3694800000,µg/m3,2018-09-12 07:00:00 +01:00,2018-09-12 08:00:00 +01:00,1,1
GB,http://environment.data.gov.uk/air-quality/so,GB_Network_1,Station_GB1024A,,GB_SamplingPoint_74174,GB_StationProcess_918,GB_SamplingFeature_918,O3,http://dd.eionet.europa.eu/vocabulary/aq/pollutant/7,hour,34.4757200000,µg/m3,2018-09-12 08:00:00 +01:00,2018-09-12 09:00:00 +01:00,1,1
GB,http://environment.data.gov.uk/air-quality/so,GB_Network_1,Station_GB1024A,,GB_SamplingPoint_74174,GB_StationProcess_918,GB_SamplingFeature_918,O3,http://dd.eionet.europa.eu/vocabulary/aq/pollutant/7,hour,34.0765800000,µg/m3,2018-09-12 09:00:00 +01:00,2018-09-12 10:00:00 +01:00,1,1
GB,http://environment.data.gov.uk/air-quality/so,GB_Network_1,Station_GB1024A,,GB_SamplingPoint_74174,GB_StationProcess_918,GB_SamplingFeature_918,O3,http://dd.eionet.europa.eu/vocabulary/aq/pollutant/7,hour,33.2783000000,µg/m3,2018-09-12 10:00:00 +01:00,2018-09-12 11:00:00 +01:00,1,1
GB,http://environment.data.gov.uk/air-quality/so,GB_Network_1,Station_GB1024A,,GB_SamplingPoint_74174,GB_StationProcess_918,GB_SamplingFeature_918,O3,http://dd.eionet.europa.eu/vocabulary/aq/pollutant/7,hour,40.4129300000,µg/m3,2018-09-12 11:00:00 +01:00,2018-09-12 12:00:00 +01:00,1,1
GB,http://environment.data.gov.uk/air-quality/so,GB_Network_1,Station_GB1024A,,GB_SamplingPoint_74174,GB_StationProcess_918,GB_SamplingFeature_918,O3,http://dd.eionet.europa.eu/vocabulary/aq/pollutant/7,hour,47.0985200000,µg/m3,2018-09-12 12:00:00 +01:00,2018-09-12 13:00:00 +01:00,1,1
GB,http://environment.data.gov.uk/air-quality/so,GB_Network_1,Station_GB1024A,,GB_SamplingPoint_74174,GB_StationProcess_918,GB_SamplingFeature_918,O3,http://dd.eionet.europa.eu/vocabulary/aq/pollutant/7,hour,46.7492700000,µg/m3,2018-09-12 13:00:00 +01:00,2018-09-12 14:00:00 +01:00,1,1
GB,http://environment.data.gov.uk/air-quality/so,GB_Network_1,Station_GB1024A,,GB_SamplingPoint_74174,GB_StationProcess_918,GB_SamplingFeature_918,O3,http://dd.eionet.europa.eu/vocabulary/aq/pollutant/7,hour,50.8404600000,µg/m3,2018-09-12 14:00:00 +01:00,2018-09-12 15:00:00 +01:00,1,1
GB,http://environment.data.gov.uk/air-quality/so,GB_Network_1,Station_GB1024A,,GB_SamplingPoint_74174,GB_StationProcess_918,GB_SamplingFeature_918,O3,http://dd.eionet.europa.eu/vocabulary/aq/pollutant/7,hour,48.7948700000,µg/m3,2018-09-12 15:00:00 +01:00,2018-09-12 16:00:00 +01:00,1,1
GB,http://environment.data.gov.uk/air-quality/so,GB_Network_1,Station_GB1024A,,GB_SamplingPoint_74174,GB_StationProcess_918,GB_SamplingFeature_918,O3,http://dd.eionet.europa.eu/vocabulary/aq/pollutant/7,hour,42.0094900000,µg/m3,2018-09-12 17:00:00 +01:00,2018-09-12 18:00:00 +01:00,1,1
GB,http://environment.data.gov.uk/air-quality/so,GB_Network_1,Station_GB1024A,,GB_SamplingPoint_74174,GB_StationProcess_918,GB_SamplingFeature_918,O3,http://dd.eionet.europa.eu/vocabulary/aq/pollutant/7,hour,18.8094700000,µg/m3,2018-09-12 19:00:00 +01:00,2018-09-12 20:00:00 +01:00,1,1
GB,http://environment.data.gov.uk/air-quality/so,GB_Network_1,Station_GB1024A,,GB_SamplingPoint_74174,GB_StationProcess_918,GB_SamplingFeature_918,O3,http://dd.eionet.europa.eu/vocabulary/aq/pollutant/7,hour,1.4967800000,µg/m3,2018-09-12 20:00:00 +01:00,2018-09-12 21:00:00 +01:00,2,1
GB,http://environment.data.gov.uk/air-quality/so,GB_Network_1,Station_GB1024A,,GB_SamplingPoint_74174,GB_StationProcess_918,GB_SamplingFeature_918,O3,http://dd.eionet.europa.eu/vocabulary/aq/pollutant/7,hour,0.8980700000,µg/m3,2018-09-12 22:00:00 +01:00,2018-09-12 23:00:00 +01:00,2,1
GB,http://environment.data.gov.uk/air-quality/so,GB_Network_1,Station_GB1024A,,GB_SamplingPoint_74174,GB_StationProcess_918,GB_SamplingFeature_918,O3,http://dd.eionet.europa.eu/vocabulary/aq/pollutant/7,hour,0.9479600000,µg/m3,2018-09-12 23:00:00 +01:00,2018-09-13 00:00:00 +01:00,2,1
GB,http://environment.data.gov.uk/air-quality/so,GB_Network_1,Station_GB1024A,,GB_SamplingPoint_74174,GB_StationProcess_918,GB_SamplingFeature_918,O3,http://dd.eionet.europa.eu/vocabulary/aq/pollutant/7,hour,1.1309000000,µg/m3,2018-09-13 02:00:00 +01:00,2018-09-13 03:00:00 +01:00,2,1
GB,http://environment.data.gov.uk/air-quality/so,GB_Network_1,Station_GB1024A,,GB_SamplingPoint_74174,GB_StationProcess_918,GB_SamplingFeature_918,O3,http://dd.eionet.europa.eu/vocabulary/aq/pollutant/7,hour,0.9479600000,µg/m3,2018-09-13 03:00:00 +01:00,2018-09-13 04:00:00 +01:00,2,1
GB,http://environment.data.gov.uk/air-quality/so,GB_Network_1,Station_GB1024A,,GB_SamplingPoint_74174,GB_StationProcess_918,GB_SamplingFeature_918,O3,http://dd.eionet.europa.eu/vocabulary/aq/pollutant/7,hour,0.2993600000,µg/m3,2018-09-13 04:00:00 +01:00,2018-09-13 05:00:00 +01:00,2,1
GB,http://environment.data.gov.uk/air-quality/so,GB_Network_1,Station_GB1024A,,GB_SamplingPoint_74174,GB_StationProcess_918,GB_SamplingFeature_918,O3,http://dd.eionet.europa.eu/vocabulary/aq/pollutant/7,hour,0.7982800000,µg/m3,2018-09-13 05:00:00 +01:00,2018-09-13 06:00:00 +01:00,2,1
GB,http://environment.data.gov.uk/air-quality/so,GB_Network_1,Station_GB1024A,,GB_SamplingPoint_74174,GB_StationProcess_918,GB_SamplingFeature_918,O3,http://dd.eionet.europa.eu/vocabulary/aq/pollutant/7,hour,1.2972100000,µg/m3,2018-09-13 06:00:00 +01:00,2018-09-13 07:00:00 +01:00,2,1
GB,http://environment.data.gov.uk/air-quality/so,GB_Network_1,Station_GB1024A,,GB_SamplingPoint_74174,GB_StationProcess_918,GB_SamplingFeature_918,O3,http://dd.eionet.europa.eu/vocabulary/aq/pollutant/7,hour,1.2972100000,µg/m3,2018-09-13 07:00:00 +01:00,2018-09-13 08:00:00 +01:00,2,1
GB,http://environment.data.gov.uk/air-quality/so,GB_Network_1,Station_GB1024A,,GB_SamplingPoint_74174,GB_StationProcess_918,GB_SamplingFeature_918,O3,http://dd.eionet.europa.eu/vocabulary/aq/pollutant/7,hour,3.3428000000,µg/m3,2018-09-13 09:00:00 +01:00,2018-09-13 10:00:00 +01:00,2,1
GB,http://environment.data.gov.uk/air-quality/so,GB_Network_1,Station_GB1024A,,GB_SamplingPoint_74174,GB_StationProcess_918,GB_SamplingFeature_918,O3,http://dd.eionet.europa.eu/vocabulary/aq/pollutant/7,hour,52.7862700000,µg/m3,2018-09-13 13:00:00 +01:00,2018-09-13 14:00:00 +01:00,1,1
GB,http://environment.data.gov.uk/air-quality/so,GB_Network_1,Station_GB1024A,,GB_SamplingPoint_74174,GB_StationProcess_918,GB_SamplingFeature_918,O3,http://dd.eionet.europa.eu/vocabulary/aq/pollutant/7,hour,56.6778800000,µg/m3,2018-09-13 14:00:00 +01:00,2018-09-13 15:00:00 +01:00,1,1
GB,http://environment.data.gov.uk/air-quality/so,GB_Network_1,Station_GB1024A,,GB_SamplingPoint_74174,GB_StationProcess_918,GB_SamplingFeature_918,O3,http://dd.eionet.europa.eu/vocabulary/aq/pollutant/7,hour,52.7862700000,µg/m3,2018-09-13 18:00:00 +01:00,2018-09-13 19:00:00 +01:00,1,1
GB,http://environment.data.gov.uk/air-quality/so,GB_Network_1,Station_GB1024A,,GB_SamplingPoint_74174,GB_StationProcess_918,GB_SamplingFeature_918,O3,http://dd.eionet.europa.eu/vocabulary/aq/pollutant/7,hour,34.7251800000,µg/m3,2018-09-13 19:00:00 +01:00,2018-09-13 20:00:00 +01:00,1,1
GB,http://environment.data.gov.uk/air-quality/so,GB_Network_1,Station_GB1024A,,GB_SamplingPoint_74174,GB_StationProcess_918,GB_SamplingFeature_918,O3,http://dd.eionet.europa.eu/vocabulary/aq/pollutant/7,hour,10.4275300000,µg/m3,2018-09-13 20:00:00 +01:00,2018-09-13 21:00:00 +01:00,1,1
GB,http://environment.data.gov.uk/air-quality/so,GB_Network_1,Station_GB1024A,,GB_SamplingPoint_74174,GB_StationProcess_918,GB_SamplingFeature_918,O3,http://dd.eionet.europa.eu/vocabulary/aq/pollutant/7,hour,1.6464500000,µg/m3,2018-09-13 22:00:00 +01:00,2018-09-13 23:00:00 +01:00,2,1
GB,http://environment.data.gov.uk/air-quality/so,GB_Network_1,Station_GB1024A,,GB_SamplingPoint_74174,GB_StationProcess_918,GB_SamplingFeature_918,O3,http://dd.eionet.europa.eu/vocabulary/aq/pollutant/7,hour,6.7354900000,µg/m3,2018-09-14 00:00:00 +01:00,2018-09-14 01:00:00 +01:00,1,1
GB,http://environment.data.gov.uk/air-quality/so,GB_Network_1,Station_GB1024A,,GB_SamplingPoint_74174,GB_StationProcess_918,GB_SamplingFeature_918,O3,http://dd.eionet.europa.eu/vocabulary/aq/pollutant/7,hour,5.5214400000,µg/m3,2018-09-14 01:00:00 +01:00,2018-09-14 02:00:00 +01:00,2,1
GB,http://environment.data.gov.uk/air-quality/so,GB_Network_1,Station_GB1024A,,GB_SamplingPoint_74174,GB_StationProcess_918,GB_SamplingFeature_918,O3,http://dd.eionet.europa.eu/vocabulary/aq/pollutant/7,hour,5.3883900000,µg/m3,2018-09-14 02:00:00 +01:00,2018-09-14 03:00:00 +01:00,2,1
GB,http://environment.data.gov.uk/air-quality/so,GB_Network_1,Station_GB1024A,,GB_SamplingPoint_74174,GB_StationProcess_918,GB_SamplingFeature_918,O3,http://dd.eionet.europa.eu/vocabulary/aq/pollutant/7,hour,11.6249500000,µg/m3,2018-09-14 03:00:00 +01:00,2018-09-14 04:00:00 +01:00,1,1
GB,http://environment.data.gov.uk/air-quality/so,GB_Network_1,Station_GB1024A,,GB_SamplingPoint_74174,GB_StationProcess_918,GB_SamplingFeature_918,O3,http://dd.eionet.europa.eu/vocabulary/aq/pollutant/7,hour,18.0610900000,µg/m3,2018-09-14 04:00:00 +01:00,2018-09-14 05:00:00 +01:00,1,1
GB,http://environment.data.gov.uk/air-quality/so,GB_Network_1,Station_GB1024A,,GB_SamplingPoint_74174,GB_StationProcess_918,GB_SamplingFeature_918,O3,http://dd.eionet.europa.eu/vocabulary/aq/pollutant/7,hour,10.9264600000,µg/m3,2018-09-14 06:00:00 +01:00,2018-09-14 07:00:00 +01:00,1,1
GB,http://environment.data.gov.uk/air-quality/so,GB_Network_1,Station_GB1024A,,GB_SamplingPoint_74174,GB_StationProcess_918,GB_SamplingFeature_918,O3,http://dd.eionet.europa.eu/vocabulary/aq/pollutant/7,hour,9.2800100000,µg/m3,2018-09-14 08:00:00 +01:00,2018-09-14 09:00:00 +01:00,1,1
GB,http://environment.data.gov.uk/air-quality/so,GB_Network_1,Station_GB1024A,,GB_SamplingPoint_74174,GB_StationProcess_918,GB_SamplingFeature_918,O3,http://dd.eionet.europa.eu/vocabulary/aq/pollutant/7,hour,16.5144200000,µg/m3,2018-09-14 09:00:00 +01:00,2018-09-14 10:00:00 +01:00,1,1
GB,http://environment.data.gov.uk/air-quality/so,GB_Network_1,Station_GB1024A,,GB_SamplingPoint_74174,GB_StationProcess_918,GB_SamplingFeature_918,O3,http://dd.eionet.europa.eu/vocabulary/aq/pollutant/7,hour,34.7750700000,µg/m3,2018-09-14 10:00:00 +01:00,2018-09-14 11:00:00 +01:00,1,1
GB,http://environment.data.gov.uk/air-quality/so,GB_Network_1,Station_GB1024A,,GB_SamplingPoint_74174,GB_StationProcess_918,GB_SamplingFeature_918,O3,http://dd.eionet.europa.eu/vocabulary/aq/pollutant/7,hour,45.9011000000,µg/m3,2018-09-14 11:00:00 +01:00,2018-09-14 12:00:00 +01:00,1,1
GB,http://environment.data.gov.uk/air-quality/so,GB_Network_1,Station_GB1024A,,GB_SamplingPoint_74174,GB_StationProcess_918,GB_SamplingFeature_918,O3,http://dd.eionet.europa.eu/vocabulary/aq/pollutant/7,hour,49.4933600000,µg/m3,2018-09-14 12:00:00 +01:00,2018-09-14 13:00:00 +01:00,1,1
GB,http://environment.data.gov.uk/air-quality/so,GB_Network_1,Station_GB1024A,,GB_SamplingPoint_74174,GB_StationProcess_918,GB_SamplingFeature_918,O3,http://dd.eionet.europa.eu/vocabulary/aq/pollutant/7,hour,51.2396000000,µg/m3,2018-09-14 13:00:00 +01:00,2018-09-14 14:00:00 +01:00,1,1
GB,http://environment.data.gov.uk/air-quality/so,GB_Network_1,Station_GB1024A,,GB_SamplingPoint_74174,GB_StationProcess_918,GB_SamplingFeature_918,O3,http://dd.eionet.europa.eu/vocabulary/aq/pollutant/7,hour,56.0292800000,µg/m3,2018-09-14 14:00:00 +01:00,2018-09-14 15:00:00 +01:00,1,1
GB,http://environment.data.gov.uk/air-quality/so,GB_Network_1,Station_GB1024A,,GB_SamplingPoint_74174,GB_StationProcess_918,GB_SamplingFeature_918,O3,http://dd.eionet.europa.eu/vocabulary/aq/pollutant/7,hour,54.7819700000,µg/m3,2018-09-14 15:00:00 +01:00,2018-09-14 16:00:00 +01:00,1,1
GB,http://environment.data.gov.uk/air-quality/so,GB_Network_1,Station_GB1024A,,GB_SamplingPoint_74174,GB_StationProcess_918,GB_SamplingFeature_918,O3,http://dd.eionet.europa.eu/vocabulary/aq/pollutant/7,hour,43.4563700000,µg/m3,2018-09-14 19:00:00 +01:00,2018-09-14 20:00:00 +01:00,1,1
GB,http://environment.data.gov.uk/air-quality/so,GB_Network_1,Station_GB1024A,,GB_SamplingPoint_74174,GB_StationProcess_918,GB_SamplingFeature_918,O3,http://dd.eionet.europa.eu/vocabulary/aq/pollutant/7,hour,19.8572200000,µg/m3,2018-09-14 21:00:00 +01:00,2018-09-14 22:00:00 +01:00,1,1
GB,http://environment.data.gov.uk/air-quality/so,GB_Network_1,Station_GB1024A,,GB_SamplingPoint_74174,GB_StationProcess_918,GB_SamplingFeature_918,O3,http://dd.eionet.europa.eu/vocabulary/aq/pollutant/7,hour,22.1023800000,µg/m3,2018-09-14 23:00:00 +01:00,2018-09-15 00:00:00 +01:00,1,1
GB,http://environment.data.gov.uk/air-quality/so,GB_Network_1,Station_GB1024A,,GB_SamplingPoint_74174,GB_StationProcess_918,GB_SamplingFeature_918,O3,http://dd.eionet.europa.eu/vocabulary/aq/pollutant/7,hour,29.8856100000,µg/m3,2018-09-15 00:00:00 +01:00,2018-09-15 01:00:00 +01:00,1,1
GB,http://environment.data.gov.uk/air-quality/so,GB_Network_1,Station_GB1024A,,GB_SamplingPoint_74174,GB_StationProcess_918,GB_SamplingFeature_918,O3,http://dd.eionet.europa.eu/vocabulary/aq/pollutant/7,hour,24.6136300000,µg/m3,2018-09-15 02:00:00 +01:00,2018-09-15 03:00:00 +01:00,1,1
GB,http://environment.data.gov.uk/air-quality/so,GB_Network_1,Station_GB1024A,,GB_SamplingPoint_74174,GB_StationProcess_918,GB_SamplingFeature_918,O3,http://dd.eionet.europa.eu/vocabulary/aq/pollutant/7,hour,27.8899100000,µg/m3,2018-09-15 04:00:00 +01:00,2018-09-15 05:00:00 +01:00,1,1
GB,http://environment.data.gov.uk/air-quality/so,GB_Network_1,Station_GB1024A,,GB_SamplingPoint_74174,GB_StationProcess_918,GB_SamplingFeature_918,O3,http://dd.eionet.europa.eu/vocabulary/aq/pollutant/7,hour,21.6533500000,µg/m3,2018-09-15 05:00:00 +01:00,2018-09-15 06:00:00 +01:00,1,1
GB,http://environment.data.gov.uk/air-quality/so,GB_Network_1,Station_GB1024A,,GB_SamplingPoint_74174,GB_StationProcess_918,GB_SamplingFeature_918,O3,http://dd.eionet.europa.eu/vocabulary/aq/pollutant/7,hour,14.3191500000,µg/m3,2018-09-15 08:00:00 +01:00,2018-09-15 09:00:00 +01:00,1,1
GB,http://environment.data.gov.uk/air-quality/so,GB_Network_1,Station_GB1024A,,GB_SamplingPoint_74174,GB_StationProcess_918,GB_SamplingFeature_918,O3,http://dd.eionet.europa.eu/vocabulary/aq/pollutant/7,hour,16.6142000000,µg/m3,2018-09-15 09:00:00 +01:00,2018-09-15 10:00:00 +01:00,1,1
GB,http://environment.data.gov.uk/air-quality/so,GB_Network_1,Station_GB1024A,,GB_SamplingPoint_74174,GB_StationProcess_918,GB_SamplingFeature_918,O3,http://dd.eionet.europa.eu/vocabulary/aq/pollutant/7,hour,26.8920600000,µg/m3,2018-09-15 10:00:00 +01:00,2018-09-15 11:00:00 +01:00,1,1
GB,http://environment.data.gov.uk/air-quality/so,GB_Network_1,Station_GB1024A,,GB_SamplingPoint_74174,GB_StationProcess_918,GB_SamplingFeature_918,O3,http://dd.eionet.europa.eu/vocabulary/aq/pollutant/7,hour,47.8469100000,µg/m3,2018-09-15 12:00:00 +01:00,2018-09-15 13:00:00 +01:00,1,1
GB,http://environment.data.gov.uk/air-quality/so,GB_Network_1,Station_GB1024A,,GB_SamplingPoint_74174,GB_StationProcess_918,GB_SamplingFeature_918,O3,http://dd.eionet.europa.eu/vocabulary/aq/pollutant/7,hour,56.0292800000,µg/m3,2018-09-15 13:00:00 +01:00,2018-09-15 14:00:00 +01:00,1,1
GB,http://environment.data.gov.uk/air-quality/so,GB_Network_1,Station_GB1024A,,GB_SamplingPoint_74174,GB_StationProcess_918,GB_SamplingFeature_918,O3,http://dd.eionet.europa.eu/vocabulary/aq/pollutant/7,hour,62.4155200000,µg/m3,2018-09-15 17:00:00 +01:00,2018-09-15 18:00:00 +01:00,1,1
GB,http://environment.data.gov.uk/air-quality/so,GB_Network_1,Station_GB1024A,,GB_SamplingPoint_74174,GB_StationProcess_918,GB_SamplingFeature_918,O3,http://dd.eionet.europa.eu/vocabulary/aq/pollutant/7,hour,52.9359400000,µg/m3,2018-09-15 19:00:00 +01:00,2018-09-15 20:00:00 +01:00,1,1
GB,http://environment.data.gov.uk/air-quality/so,GB_Network_1,Station_GB1024A,,GB_SamplingPoint_74174,GB_StationProcess_918,GB_SamplingFeature_918,O3,http://dd.eionet.europa.eu/vocabulary/aq/pollutant/7,hour,51.6886300000,µg/m3,2018-09-15 20:00:00 +01:00,2018-09-15 21:00:00 +01:00,1,1
GB,http://environment.data.gov.uk/air-quality/so,GB_Network_1,Station_GB1024A,,GB_SamplingPoint_74174,GB_StationProcess_918,GB_SamplingFeature_918,O3,http://dd.eionet.europa.eu/vocabulary/aq/pollutant/7,hour,46.5996000000,µg/m3,2018-09-15 21:00:00 +01:00,2018-09-15 22:00:00 +01:00,1,1
GB,http://environment.data.gov.uk/air-quality/so,GB_Network_1,Station_GB1024A,,GB_SamplingPoint_74174,GB_StationProcess_918,GB_SamplingFeature_918,O3,http://dd.eionet.europa.eu/vocabulary/aq/pollutant/7,hour,45.6350100000,µg/m3,2018-09-16 01:00:00 +01:00,2018-09-16 02:00:00 +01:00,1,1
GB,http://environment.data.gov.uk/air-quality/so,GB_Network_1,Station_GB1024A,,GB_SamplingPoint_74174,GB_StationProcess_918,GB_SamplingFeature_918,O3,http://dd.eionet.europa.eu/vocabulary/aq/pollutant/7,hour,48.9611700000,µg/m3,2018-09-16 02:00:00 +01:00,2018-09-16 03:00:00 +01:00,1,1
GB,http://environment.data.gov.uk/air-quality/so,GB_Network_1,Station_GB1024A,,GB_SamplingPoint_74174,GB_StationProcess_918,GB_SamplingFeature_918,O3,http://dd.eionet.europa.eu/vocabulary/aq/pollutant/7,hour,36.3716300000,µg/m3,2018-09-16 05:00:00 +01:00,2018-09-16 06:00:00 +01:00,1,1
GB,http://environment.data.gov.uk/air-quality/so,GB_Network_1,Station_GB1024A,,GB_SamplingPoint_74174,GB_StationProcess_918,GB_SamplingFeature_918,O3,http://dd.eionet.europa.eu/vocabulary/aq/pollutant/7,hour,32.0808800000,µg/m3,2018-09-16 08:00:00 +01:00,2018-09-16 09:00:00 +01:00,1,1
GB,http://environment.data.gov.uk/air-quality/so,GB_Network_1,Station_GB1024A,,GB_SamplingPoint_74174,GB_StationProcess_918,GB_SamplingFeature_918,O3,http://dd.eionet.europa.eu/vocabulary/aq/pollutant/7,hour,54.1333600000,µg/m3,2018-09-16 11:00:00 +01:00,2018-09-16 12:00:00 +01:00,1,1
GB,http://environment.data.gov.uk/air-quality/so,GB_Network_1,Station_GB1024A,,GB_SamplingPoint_74174,GB_StationProcess_918,GB_SamplingFeature_918,O3,http://dd.eionet.europa.eu/vocabulary/aq/pollutant/7,hour,78.4809000000,µg/m3,2018-09-16 14:00:00 +01:00,2018-09-16 15:00:00 +01:00,1,1
GB,http://environment.data.gov.uk/air-quality/so,GB_Network_1,Station_GB1024A,,GB_SamplingPoint_74174,GB_StationProcess_918,GB_SamplingFeature_918,O3,http://dd.eionet.europa.eu/vocabulary/aq/pollutant/7,hour,84.0688600000,µg/m3,2018-09-16 15:00:00 +01:00,2018-09-16 16:00:00 +01:00,1,1
GB,http://environment.data.gov.uk/air-quality/so,GB_Network_1,Station_GB1024A,,GB_SamplingPoint_74174,GB_StationProcess_918,GB_SamplingFeature_918,O3,http://dd.eionet.europa.eu/vocabulary/aq/pollutant/7,hour,86.2142400000,µg/m3,2018-09-16 16:00:00 +01:00,2018-09-16 17:00:00 +01:00,1,1
GB,http://environment.data.gov.uk/air-quality/so,GB_Network_1,Station_GB1024A,,GB_SamplingPoint_74174,GB_StationProcess_918,GB_SamplingFeature_918,O3,http://dd.eionet.europa.eu/vocabulary/aq/pollutant/7,hour,57.0271300000,µg/m3,2018-09-16 20:00:00 +01:00,2018-09-16 21:00:00 +01:00,1,1
GB,http://environment.data.gov.uk/air-quality/so,GB_Network_1,Station_GB1024A,,GB_SamplingPoint_74174,GB_StationProcess_918,GB_SamplingFeature_918,O3,http://dd.eionet.europa.eu/vocabulary/aq/pollutant/7,hour,56.9772400000,µg/m3,2018-09-16 21:00:00 +01:00,2018-09-16 22:00:00 +01:00,1,1
GB,http://environment.data.gov.uk/air-quality/so,GB_Network_1,Station_GB1024A,,GB_SamplingPoint_74174,GB_StationProcess_918,GB_SamplingFeature_918,O3,http://dd.eionet.europa.eu/vocabulary/aq/pollutant/7,hour,50.5411000000,µg/m3,2018-09-16 23:00:00 +01:00,2018-09-17 00:00:00 +01:00,1,1
GB,http://environment.data.gov.uk/air-quality/so,GB_Network_1,Station_GB1024A,,GB_SamplingPoint_74174,GB_StationProcess_918,GB_SamplingFeature_918,O3,http://dd.eionet.europa.eu/vocabulary/aq/pollutant/7,hour,45.8345800000,µg/m3,2018-09-17 01:00:00 +01:00,2018-09-17 02:00:00 +01:00,1,1
GB,http://environment.data.gov.uk/air-quality/so,GB_Network_1,Station_GB1024A,,GB_SamplingPoint_74174,GB_StationProcess_918,GB_SamplingFeature_918,O3,http://dd.eionet.europa.eu/vocabulary/aq/pollutant/7,hour,46.4332900000,µg/m3,2018-09-17 02:00:00 +01:00,2018-09-17 03:00:00 +01:00,1,1
GB,http://environment.data.gov.uk/air-quality/so,GB_Network_1,Station_GB1024A,,GB_SamplingPoint_74174,GB_StationProcess_918,GB_SamplingFeature_918,O3,http://dd.eionet.europa.eu/vocabulary/aq/pollutant/7,hour,44.9032500000,µg/m3,2018-09-17 03:00:00 +01:00,2018-09-17 04:00:00 +01:00,1,1
GB,http://environment.data.gov.uk/air-quality/so,GB_Network_1,Station_GB1024A,,GB_SamplingPoint_74174,GB_StationProcess_918,GB_SamplingFeature_918,O3,http://dd.eionet.europa.eu/vocabulary/aq/pollutant/7,hour,42.5583000000,µg/m3,2018-09-17 09:00:00 +01:00,2018-09-17 10:00:00 +01:00,1,1
GB,http://environment.data.gov.uk/air-quality/so,GB_Network_1,Station_GB1024A,,GB_SamplingPoint_74174,GB_StationProcess_918,GB_SamplingFeature_918,O3,http://dd.eionet.europa.eu/vocabulary/aq/pollutant/7,hour,52.8361600000,µg/m3,2018-09-17 10:00:00 +01:00,2018-09-17 11:00:00 +01:00,1,1
GB,http://environment.data.gov.uk/air-quality/so,GB_Network_1,Station_GB1024A,,GB_SamplingPoint_74174,GB_StationProcess_918,GB_SamplingFeature_918,O3,http://dd.eionet.europa.eu/vocabulary/aq/pollutant/7,hour,97.1905900000,µg/m3,2018-09-17 15:00:00 +01:00,2018-09-17 16:00:00 +01:00,1,1
GB,http://environment.data.gov.uk/air-quality/so,GB_Network_1,Station_GB1024A,,GB_SamplingPoint_74174,GB_StationProcess_918,GB_SamplingFeature_918,O3,http://dd.eionet.europa.eu/vocabulary/aq/pollutant/7,hour,95.9931700000,µg/m3,2018-09-17 16:00:00 +01:00,2018-09-17 17:00:00 +01:00,1,1
GB,http://environment.data.gov.uk/air-quality/so,GB_Network_1,Station_GB1024A,,GB_SamplingPoint_74174,GB_StationProcess_918,GB_SamplingFeature_918,O3,http://dd.eionet.europa.eu/vocabulary/aq/pollutant/7,hour,78.2314400000,µg/m3,2018-09-17 19:00:00 +01:00,2018-09-17 20:00:00 +01:00,1,1
GB,http://environment.data.gov.uk/air-quality/so,GB_Network_1,Station_GB1024A,,GB_SamplingPoint_74174,GB_StationProcess_918,GB_SamplingFeature_918,O3,http://dd.eionet.europa.eu/vocabulary/aq/pollutant/7,hour,64.3114300000,µg/m3,2018-09-17 20:00:00 +01:00,2018-09-17 21:00:00 +01:00,1,1
GB,http://environment.data.gov.uk/air-quality/so,GB_Network_1,Station_GB1024A,,GB_SamplingPoint_74174,GB_StationProcess_918,GB_SamplingFeature_918,O3,http://dd.eionet.europa.eu/vocabulary/aq/pollutant/7,hour,65.8082100000,µg/m3,2018-09-17 21:00:00 +01:00,2018-09-17 22:00:00 +01:00,1,1
GB,http://environment.data.gov.uk/air-quality/so,GB_Network_1,Station_GB1024A,,GB_SamplingPoint_74174,GB_StationProcess_918,GB_SamplingFeature_918,O3,http://dd.eionet.europa.eu/vocabulary/aq/pollutant/7,hour,49.6264100000,µg/m3,2018-09-18 01:00:00 +01:00,2018-09-18 02:00:00 +01:00,1,1
GB,http://environment.data.gov.uk/air-quality/so,GB_Network_1,Station_GB1024A,,GB_SamplingPoint_74174,GB_StationProcess_918,GB_SamplingFeature_918,O3,http://dd.eionet.europa.eu/vocabulary/aq/pollutant/7,hour,81.1751000000,µg/m3,2018-09-18 03:00:00 +01:00,2018-09-18 04:00:00 +01:00,1,1
GB,http://environment.data.gov.uk/air-quality/so,GB_Network_1,Station_GB1024A,,GB_SamplingPoint_74174,GB_StationProcess_918,GB_SamplingFeature_918,O3,http://dd.eionet.europa.eu/vocabulary/aq/pollutant/7,hour,66.8559500000,µg/m3,2018-09-18 06:00:00 +01:00,2018-09-18 07:00:00 +01:00,1,1
GB,http://environment.data.gov.uk/air-quality/so,GB_Network_1,Station_GB1024A,,GB_SamplingPoint_74174,GB_StationProcess_918,GB_SamplingFeature_918,O3,http://dd.eionet.europa.eu/vocabulary/aq/pollutant/7,hour,56.0292800000,µg/m3,2018-09-18 09:00:00 +01:00,2018-09-18 10:00:00 +01:00,1,1
GB,http://environment.data.gov.uk/air-quality/so,GB_Network_1,Station_GB1024A,,GB_SamplingPoint_74174,GB_StationProcess_918,GB_SamplingFeature_918,O3,http://dd.eionet.europa.eu/vocabulary/aq/pollutant/7,hour,69.6998200000,µg/m3,2018-09-18 11:00:00 +01:00,2018-09-18 12:00:00 +01:00,1,1
GB,http://environment.data.gov.uk/air-quality/so,GB_Network_1,Station_GB1024A,,GB_SamplingPoint_74174,GB_StationProcess_918,GB_SamplingFeature_918,O3,http://dd.eionet.europa.eu/vocabulary/aq/pollutant/7,hour,65.4589600000,µg/m3,2018-09-18 13:00:00 +01:00,2018-09-18 14:00:00 +01:00,1,1
GB,http://environment.data.gov.uk/air-quality/so,GB_Network_1,Station_GB1024A,,GB_SamplingPoint_74174,GB_StationProcess_918,GB_SamplingFeature_918,O3,http://dd.eionet.europa.eu/vocabulary/aq/pollutant/7,hour,62.6649800000,µg/m3,2018-09-18 14:00:00 +01:00,2018-09-18 15:00:00 +01:00,1,1
GB,http://environment.data.gov.uk/air-quality/so,GB_Network_1,Station_GB1024A,,GB_SamplingPoint_74174,GB_StationProcess_918,GB_SamplingFeature_918,O3,http://dd.eionet.europa.eu/vocabulary/aq/pollutant/7,hour,49.7428200000,µg/m3,2018-09-18 18:00:00 +01:00,2018-09-18 19:00:00 +01:00,1,1
GB,http://environment.data.gov.uk/air-quality/so,GB_Network_1,Station_GB1024A,,GB_SamplingPoint_74174,GB_StationProcess_918,GB_SamplingFeature_918,O3,http://dd.eionet.europa.eu/vocabulary/aq/pollutant/7,hour,50.0920700000,µg/m3,2018-09-18 21:00:00 +01:00,2018-09-18 22:00:00 +01:00,1,1
GB,http://environment.data.gov.uk/air-quality/so,GB_Network_1,Station_GB1024A,,GB_SamplingPoint_74174,GB_StationProcess_918,GB_SamplingFeature_918,O3,http://dd.eionet.europa.eu/vocabulary/aq/pollutant/7,hour,48.9445400000,µg/m3,2018-09-19 00:00:00 +01:00,2018-09-19 01:00:00 +01:00,1,1
GB,http://environment.data.gov.uk/air-quality/so,GB_Network_1,Station_GB1024A,,GB_SamplingPoint_74174,GB_StationProcess_918,GB_SamplingFeature_918,O3,http://dd.eionet.europa.eu/vocabulary/aq/pollutant/7,hour,50.9402400000,µg/m3,2018-09-19 03:00:00 +01:00,2018-09-19 04:00:00 +01:00,1,1
GB,http://environment.data.gov.uk/air-quality/so,GB_Network_1,Station_GB1024A,,GB_SamplingPoint_74174,GB_StationProcess_918,GB_SamplingFeature_918,O3,http://dd.eionet.europa.eu/vocabulary/aq/pollutant/7,hour,49.7927200000,µg/m3,2018-09-19 05:00:00 +01:00,2018-09-19 06:00:00 +01:00,1,1
GB,http://environment.data.gov.uk/air-quality/so,GB_Network_1,Station_GB1024A,,GB_SamplingPoint_74174,GB_StationProcess_918,GB_SamplingFeature_918,O3,http://dd.eionet.europa.eu/vocabulary/aq/pollutant/7,hour,45.6516400000,µg/m3,2018-09-19 06:00:00 +01:00,2018-09-19 07:00:00 +01:00,1,1
GB,http://environment.data.gov.uk/air-quality/so,GB_Network_1,Station_GB1024A,,GB_SamplingPoint_74174,GB_StationProcess_918,GB_SamplingFeature_918,O3,http://dd.eionet.europa.eu/vocabulary/aq/pollutant/7,hour,42.4086300000,µg/m3,2018-09-19 07:00:00 +01:00,2018-09-19 08:00:00 +01:00,1,1
GB,http://environment.data.gov.uk/air-quality/so,GB_Network_1,Station_GB1024A,,GB_SamplingPoint_74174,GB_StationProcess_918,GB_SamplingFeature_918,O3,http://dd.eionet.europa.eu/vocabulary/aq/pollutant/7,hour,43.5561500000,µg/m3,2018-09-19 08:00:00 +01:00,2018-09-19 09:00:00 +01:00,1,1
GB,http://environment.data.gov.uk/air-quality/so,GB_Network_1,Station_GB1024A,,GB_SamplingPoint_74174,GB_StationProcess_918,GB_SamplingFeature_918,O3,http://dd.eionet.europa.eu/vocabulary/aq/pollutant/7,hour,47.7970200000,µg/m3,2018-09-19 09:00:00 +01:00,2018-09-19 10:00:00 +01:00,1,1
GB,http://environment.data.gov.uk/air-quality/so,GB_Network_1,Station_GB1024A,,GB_SamplingPoint_74174,GB_StationProcess_918,GB_SamplingFeature_918,O3,http://dd.eionet.europa.eu/vocabulary/aq/pollutant/7,hour,49.8426100000,µg/m3,2018-09-19 10:00:00 +01:00,2018-09-19 11:00:00 +01:00,1,1
GB,http://environment.data.gov.uk/air-quality/so,GB_Network_1,Station_GB1024A,,GB_SamplingPoint_74174,GB_StationProcess_918,GB_SamplingFeature_918,O3,http://dd.eionet.europa.eu/vocabulary/aq/pollutant/7,hour,67.8538000000,µg/m3,2018-09-19 14:00:00 +01:00,2018-09-19 15:00:00 +01:00,1,1
GB,http://environment.data.gov.uk/air-quality/so,GB_Network_1,Station_GB1024A,,GB_SamplingPoint_74174,GB_StationProcess_918,GB_SamplingFeature_918,O3,http://dd.eionet.europa.eu/vocabulary/aq/pollutant/7,hour,71.5957400000,µg/m3,2018-09-19 15:00:00 +01:00,2018-09-19 16:00:00 +01:00,1,1
GB,http://environment.data.gov.uk/air-quality/so,GB_Network_1,Station_GB1024A,,GB_SamplingPoint_74174,GB_StationProcess_918,GB_SamplingFeature_918,O3,http://dd.eionet.europa.eu/vocabulary/aq/pollutant/7,hour,68.8516500000,µg/m3,2018-09-19 16:00:00 +01:00,2018-09-19 17:00:00 +01:00,1,1
GB,http://environment.data.gov.uk/air-quality/so,GB_Network_1,Station_GB1024A,,GB_SamplingPoint_74174,GB_StationProcess_918,GB_SamplingFeature_918,O3,http://dd.eionet.europa.eu/vocabulary/aq/pollutant/7,hour,58.8731500000,µg/m3,2018-09-19 18:00:00 +01:00,2018-09-19 19:00:00 +01:00,1,1
GB,http://environment.data.gov.uk/air-quality/so,GB_Network_1,Station_GB1024A,,GB_SamplingPoint_74174,GB_StationProcess_918,GB_SamplingFeature_918,O3,http://dd.eionet.europa.eu/vocabulary/aq/pollutant/7,hour,55.8796000000,µg/m3,2018-09-19 20:00:00 +01:00,2018-09-19 21:00:00 +01:00,1,1
GB,http://environment.data.gov.uk/air-quality/so,GB_Network_1,Station_GB1024A,,GB_SamplingPoint_74174,GB_StationProcess_918,GB_SamplingFeature_918,O3,http://dd.eionet.europa.eu/vocabulary/aq/pollutant/7,hour,55.0314300000,µg/m3,2018-09-19 21:00:00 +01:00,2018-09-19 22:00:00 +01:00,1,1
GB,http://environment.data.gov.uk/air-quality/so,GB_Network_1,Station_GB1024A,,GB_SamplingPoint_74174,GB_StationProcess_918,GB_SamplingFeature_918,O3,http://dd.eionet.europa.eu/vocabulary/aq/pollutant/7,hour,44.7535700000,µg/m3,2018-09-19 22:00:00 +01:00,2018-09-19 23:00:00 +01:00,1,1
GB,http://environment.data.gov.uk/air-quality/so,GB_Network_1,Station_GB1024A,,GB_SamplingPoint_74174,GB_StationProcess_918,GB_SamplingFeature_918,O3,http://dd.eionet.europa.eu/vocabulary/aq/pollutant/7,hour,44.8533600000,µg/m3,2018-09-19 23:00:00 +01:00,2018-09-20 00:00:00 +01:00,1,1
GB,http://environment.data.gov.uk/air-quality/so,GB_Network_1,Station_GB1024A,,GB_SamplingPoint_74174,GB_StationProcess_918,GB_SamplingFeature_918,O3,http://dd.eionet.europa.eu/vocabulary/aq/pollutant/7,hour,40.4129300000,µg/m3,2018-09-20 00:00:00 +01:00,2018-09-20 01:00:00 +01:00,1,1
GB,http://environment.data.gov.uk/air-quality/so,GB_Network_1,Station_GB1024A,,GB_SamplingPoint_74174,GB_StationProcess_918,GB_SamplingFeature_918,O3,http://dd.eionet.europa.eu/vocabulary/aq/pollutant/7,hour,58.4740100000,µg/m3,2018-09-20 02:00:00 +01:00,2018-09-20 03:00:00 +01:00,1,1
GB,http://environment.data.gov.uk/air-quality/so,GB_Network_1,Station_GB1024A,,GB_SamplingPoint_74174,GB_StationProcess_918,GB_SamplingFeature_918,O3,http://dd.eionet.europa.eu/vocabulary/aq/pollutant/7,hour,56.1290600000,µg/m3,2018-09-20 04:00:00 +01:00,2018-09-20 05:00:00 +01:00,1,1
GB,http://environment.data.gov.uk/air-quality/so,GB_Network_1,Station_GB1024A,,GB_SamplingPoint_74174,GB_StationProcess_918,GB_SamplingFeature_918,O3,http://dd.eionet.europa.eu/vocabulary/aq/pollutant/7,hour,56.7277700000,µg/m3,2018-09-20 05:00:00 +01:00,2018-09-20 06:00:00 +01:00,1,1
GB,http://environment.data.gov.uk/air-quality/so,GB_Network_1,Station_GB1024A,,GB_SamplingPoint_74174,GB_StationProcess_918,GB_SamplingFeature_918,O3,http://dd.eionet.europa.eu/vocabulary/aq/pollutant/7,hour,52.4869100000,µg/m3,2018-09-20 06:00:00 +01:00,2018-09-20 07:00:00 +01:00,1,1
GB,http://environment.data.gov.uk/air-quality/so,GB_Network_1,Station_GB1024A,,GB_SamplingPoint_74174,GB_StationProcess_918,GB_SamplingFeature_918,O3,http://dd.eionet.europa.eu/vocabulary/aq/pollutant/7,hour,40.1634600000,µg/m3,2018-09-20 07:00:00 +01:00,2018-09-20 08:00:00 +01:00,1,1
GB,http://environment.data.gov.uk/air-quality/so,GB_Network_1,Station_GB1024A,,GB_SamplingPoint_74174,GB_StationProcess_918,GB_SamplingFeature_918,O3,http://dd.eionet.europa.eu/vocabulary/aq/pollutant/7,hour,48.5953000000,µg/m3,2018-09-20 10:00:00 +01:00,2018-09-20 11:00:00 +01:00,1,1
GB,http://environment.data.gov.uk/air-quality/so,GB_Network_1,Station_GB1024A,,GB_SamplingPoint_74174,GB_StationProcess_918,GB_SamplingFeature_918,O3,http://dd.eionet.europa.eu/vocabulary/aq/pollutant/7,hour,62.8146600000,µg/m3,2018-09-20 20:00:00 +01:00,2018-09-20 21:00:00 +01:00,1,1
GB,http://environment.data.gov.uk/air-quality/so,GB_Network_1,Station_GB1024A,,GB_SamplingPoint_74174,GB_StationProcess_918,GB_SamplingFeature_918,O3,http://dd.eionet.europa.eu/vocabulary/aq/pollutant/7,hour,60.6193900000,µg/m3,2018-09-20 21:00:00 +01:00,2018-09-20 22:00:00 +01:00,1,1
GB,http://environment.data.gov.uk/air-quality/so,GB_Network_1,Station_GB1024A,,GB_SamplingPoint_74174,GB_StationProcess_918,GB_SamplingFeature_918,O3,http://dd.eionet.europa.eu/vocabulary/aq/pollutant/7,hour,61.6671300000,µg/m3,2018-09-20 23:00:00 +01:00,2018-09-21 00:00:00 +01:00,1,1
GB,http://environment.data.gov.uk/air-quality/so,GB_Network_1,Station_GB1024A,,GB_SamplingPoint_74174,GB_StationProcess_918,GB_SamplingFeature_918,O3,http://dd.eionet.europa.eu/vocabulary/aq/pollutant/7,hour,62.1327900000,µg/m3,2018-09-21 01:00:00 +01:00,2018-09-21 02:00:00 +01:00,1,1
GB,http://environment.data.gov.uk/air-quality/so,GB_Network_1,Station_GB1024A,,GB_SamplingPoint_74174,GB_StationProcess_918,GB_SamplingFeature_918,O3,http://dd.eionet.europa.eu/vocabulary/aq/pollutant/7,hour,53.7841200000,µg/m3,2018-09-21 03:00:00 +01:00,2018-09-21 04:00:00 +01:00,1,1
GB,http://environment.data.gov.uk/air-quality/so,GB_Network_1,Station_GB1024A,,GB_SamplingPoint_74174,GB_StationProcess_918,GB_SamplingFeature_918,O3,http://dd.eionet.europa.eu/vocabulary/aq/pollutant/7,hour,50.7905700000,µg/m3,2018-09-21 05:00:00 +01:00,2018-09-21 06:00:00 +01:00,1,1
GB,http://environment.data.gov.uk/air-quality/so,GB_Network_1,Station_GB1024A,,GB_SamplingPoint_74174,GB_StationProcess_918,GB_SamplingFeature_918,O3,http://dd.eionet.europa.eu/vocabulary/aq/pollutant/7,hour,54.9815400000,µg/m3,2018-09-21 06:00:00 +01:00,2018-09-21 07:00:00 +01:00,1,1
GB,http://environment.data.gov.uk/air-quality/so,GB_Network_1,Station_GB1024A,,GB_SamplingPoint_74174,GB_StationProcess_918,GB_SamplingFeature_918,O3,http://dd.eionet.europa.eu/vocabulary/aq/pollutant/7,hour,47.5475500000,µg/m3,2018-09-21 09:00:00 +01:00,2018-09-21 10:00:00 +01:00,1,1
GB,http://environment.data.gov.uk/air-quality/so,GB_Network_1,Station_GB1024A,,GB_SamplingPoint_74174,GB_StationProcess_918,GB_SamplingFeature_918,O3,http://dd.eionet.europa.eu/vocabulary/aq/pollutant/7,hour,52.2873400000,µg/m3,2018-09-21 10:00:00 +01:00,2018-09-21 11:00:00 +01:00,1,1
GB,http://environment.data.gov.uk/air-quality/so,GB_Network_1,Station_GB1024A,,GB_SamplingPoint_74174,GB_StationProcess_918,GB_SamplingFeature_918,O3,http://dd.eionet.europa.eu/vocabulary/aq/pollutant/7,hour,55.4804600000,µg/m3,2018-09-21 11:00:00 +01:00,2018-09-21 12:00:00 +01:00,1,1
GB,http://environment.data.gov.uk/air-quality/so,GB_Network_1,Station_GB1024A,,GB_SamplingPoint_74174,GB_StationProcess_918,GB_SamplingFeature_918,O3,http://dd.eionet.europa.eu/vocabulary/aq/pollutant/7,hour,62.6150900000,µg/m3,2018-09-21 14:00:00 +01:00,2018-09-21 15:00:00 +01:00,1,1
GB,http://environment.data.gov.uk/air-quality/so,GB_Network_1,Station_GB1024A,,GB_SamplingPoint_74174,GB_StationProcess_918,GB_SamplingFeature_918,O3,http://dd.eionet.europa.eu/vocabulary/aq/pollutant/7,hour,63.3135800000,µg/m3,2018-09-21 15:00:00 +01:00,2018-09-21 16:00:00 +01:00,1,1
GB,http://environment.data.gov.uk/air-quality/so,GB_Network_1,Station_GB1024A,,GB_SamplingPoint_74174,GB_StationProcess_918,GB_SamplingFeature_918,O3,http://dd.eionet.europa.eu/vocabulary/aq/pollutant/7,hour,61.3178800000,µg/m3,2018-09-21 16:00:00 +01:00,2018-09-21 17:00:00 +01:00,1,1
GB,http://environment.data.gov.uk/air-quality/so,GB_Network_1,Station_GB1024A,,GB_SamplingPoint_74174,GB_StationProcess_918,GB_SamplingFeature_918,O3,http://dd.eionet.europa.eu/vocabulary/aq/pollutant/7,hour,59.2224000000,µg/m3,2018-09-21 17:00:00 +01:00,2018-09-21 18:00:00 +01:00,1,1
GB,http://environment.data.gov.uk/air-quality/so,GB_Network_1,Station_GB1024A,,GB_SamplingPoint_74174,GB_StationProcess_918,GB_SamplingFeature_918,O3,http://dd.eionet.europa.eu/vocabulary/aq/pollutant/7,hour,57.6757300000,µg/m3,2018-09-21 18:00:00 +01:00,2018-09-21 19:00:00 +01:00,1,1
GB,http://environment.data.gov.uk/air-quality/so,GB_Network_1,Station_GB1024A,,GB_SamplingPoint_74174,GB_StationProcess_918,GB_SamplingFeature_918,O3,http://dd.eionet.europa.eu/vocabulary/aq/pollutant/7,hour,51.0400300000,µg/m3,2018-09-21 19:00:00 +01:00,2018-09-21 20:00:00 +01:00,1,1
GB,http://environment.data.gov.uk/air-quality/so,GB_Network_1,Station_GB1024A,,GB_SamplingPoint_74174,GB_StationProcess_918,GB_SamplingFeature_918,O3,http://dd.eionet.europa.eu/vocabulary/aq/pollutant/7,hour,42.6580900000,µg/m3,2018-09-21 21:00:00 +01:00,2018-09-21 22:00:00 +01:00,1,1
GB,http://environment.data.gov.uk/air-quality/so,GB_Network_1,Station_GB1024A,,GB_SamplingPoint_74174,GB_StationProcess_918,GB_SamplingFeature_918,O3,http://dd.eionet.europa.eu/vocabulary/aq/pollutant/7,hour,43.3565800000,µg/m3,2018-09-21 22:00:00 +01:00,2018-09-21 23:00:00 +01:00,1,1
GB,http://environment.data.gov.uk/air-quality/so,GB_Network_1,Station_GB1024A,,GB_SamplingPoint_74174,GB_StationProcess_918,GB_SamplingFeature_918,O3,http://dd.eionet.europa.eu/vocabulary/aq/pollutant/7,hour,41.1613100000,µg/m3,2018-09-21 23:00:00 +01:00,2018-09-22 00:00:00 +01:00,1,1
GB,http://environment.data.gov.uk/air-quality/so,GB_Network_1,Station_GB1024A,,GB_SamplingPoint_74174,GB_StationProcess_918,GB_SamplingFeature_918,O3,http://dd.eionet.europa.eu/vocabulary/aq/pollutant/7,hour,35.1742100000,µg/m3,2018-09-22 00:00:00 +01:00,2018-09-22 01:00:00 +01:00,1,1
GB,http://environment.data.gov.uk/air-quality/so,GB_Network_1,Station_GB1024A,,GB_SamplingPoint_74174,GB_StationProcess_918,GB_SamplingFeature_918,O3,http://dd.eionet.europa.eu/vocabulary/aq/pollutant/7,hour,37.7187300000,µg/m3,2018-09-22 01:00:00 +01:00,2018-09-22 02:00:00 +01:00,1,1
GB,http://environment.data.gov.uk/air-quality/so,GB_Network_1,Station_GB1024A,,GB_SamplingPoint_74174,GB_StationProcess_918,GB_SamplingFeature_918,O3,http://dd.eionet.europa.eu/vocabulary/aq/pollutant/7,hour,41.1779400000,µg/m3,2018-09-22 02:00:00 +01:00,2018-09-22 03:00:00 +01:00,1,1
GB,http://environment.data.gov.uk/air-quality/so,GB_Network_1,Station_GB1024A,,GB_SamplingPoint_74174,GB_StationProcess_918,GB_SamplingFeature_918,O3,http://dd.eionet.europa.eu/vocabulary/aq/pollutant/7,hour,39.3651800000,µg/m3,2018-09-22 03:00:00 +01:00,2018-09-22 04:00:00 +01:00,1,1
GB,http://environment.data.gov.uk/air-quality/so,GB_Network_1,Station_GB1024A,,GB_SamplingPoint_74174,GB_StationProcess_918,GB_SamplingFeature_918,O3,http://dd.eionet.europa.eu/vocabulary/aq/pollutant/7,hour,38.9660400000,µg/m3,2018-09-22 04:00:00 +01:00,2018-09-22 05:00:00 +01:00,1,1
GB,http://environment.data.gov.uk/air-quality/so,GB_Network_1,Station_GB1024A,,GB_SamplingPoint_74174,GB_StationProcess_918,GB_SamplingFeature_918,O3,http://dd.eionet.europa.eu/vocabulary/aq/pollutant/7,hour,35.4735700000,µg/m3,2018-09-22 05:00:00 +01:00,2018-09-22 06:00:00 +01:00,1,1
GB,http://environment.data.gov.uk/air-quality/so,GB_Network_1,Station_GB1024A,,GB_SamplingPoint_74174,GB_StationProcess_918,GB_SamplingFeature_918,O3,http://dd.eionet.europa.eu/vocabulary/aq/pollutant/7,hour,33.2783000000,µg/m3,2018-09-22 06:00:00 +01:00,2018-09-22 07:00:00 +01:00,1,1
GB,http://environment.data.gov.uk/air-quality/so,GB_Network_1,Station_GB1024A,,GB_SamplingPoint_74174,GB_StationProcess_918,GB_SamplingFeature_918,O3,http://dd.eionet.europa.eu/vocabulary/aq/pollutant/7,hour,28.1393700000,µg/m3,2018-09-22 08:00:00 +01:00,2018-09-22 09:00:00 +01:00,1,1
GB,http://environment.data.gov.uk/air-quality/so,GB_Network_1,Station_GB1024A,,GB_SamplingPoint_74174,GB_StationProcess_918,GB_SamplingFeature_918,O3,http://dd.eionet.europa.eu/vocabulary/aq/pollutant/7,hour,31.0830300000,µg/m3,2018-09-22 11:00:00 +01:00,2018-09-22 12:00:00 +01:00,1,1
GB,http://environment.data.gov.uk/air-quality/so,GB_Network_1,Station_GB1024A,,GB_SamplingPoint_74174,GB_StationProcess_918,GB_SamplingFeature_918,O3,http://dd.eionet.europa.eu/vocabulary/aq/pollutant/7,hour,34.7251800000,µg/m3,2018-09-22 12:00:00 +01:00,2018-09-22 13:00:00 +01:00,1,1
GB,http://environment.data.gov.uk/air-quality/so,GB_Network_1,Station_GB1024A,,GB_SamplingPoint_74174,GB_StationProcess_918,GB_SamplingFeature_918,O3,http://dd.eionet.europa.eu/vocabulary/aq/pollutant/7,hour,42.4585200000,µg/m3,2018-09-22 13:00:00 +01:00,2018-09-22 14:00:00 +01:00,1,1
GB,http://environment.data.gov.uk/air-quality/so,GB_Network_1,Station_GB1024A,,GB_SamplingPoint_74174,GB_StationProcess_918,GB_SamplingFeature_918,O3,http://dd.eionet.europa.eu/vocabulary/aq/pollutant/7,hour,37.9681900000,µg/m3,2018-09-22 14:00:00 +01:00,2018-09-22 15:00:00 +01:00,1,1
GB,http://environment.data.gov.uk/air-quality/so,GB_Network_1,Station_GB1024A,,GB_SamplingPoint_74174,GB_StationProcess_918,GB_SamplingFeature_918,O3,http://dd.eionet.europa.eu/vocabulary/aq/pollutant/7,hour,28.4886200000,µg/m3,2018-09-22 15:00:00 +01:00,2018-09-22 16:00:00 +01:00,1,1
GB,http://environment.data.gov.uk/air-quality/so,GB_Network_1,Station_GB1024A,,GB_SamplingPoint_74174,GB_StationProcess_918,GB_SamplingFeature_918,O3,http://dd.eionet.europa.eu/vocabulary/aq/pollutant/7,hour,18.9092600000,µg/m3,2018-09-22 16:00:00 +01:00,2018-09-22 17:00:00 +01:00,1,1
GB,http://environment.data.gov.uk/air-quality/so,GB_Network_1,Station_GB1024A,,GB_SamplingPoint_74174,GB_StationProcess_918,GB_SamplingFeature_918,O3,http://dd.eionet.europa.eu/vocabulary/aq/pollutant/7,hour,17.3625900000,µg/m3,2018-09-22 17:00:00 +01:00,2018-09-22 18:00:00 +01:00,1,1
GB,http://environment.data.gov.uk/air-quality/so,GB_Network_1,Station_GB1024A,,GB_SamplingPoint_74174,GB_StationProcess_918,GB_SamplingFeature_918,O3,http://dd.eionet.europa.eu/vocabulary/aq/pollutant/7,hour,29.0873300000,µg/m3,2018-09-22 19:00:00 +01:00,2018-09-22 20:00:00 +01:00,1,1
GB,http://environment.data.gov.uk/air-quality/so,GB_Network_1,Station_GB1024A,,GB_SamplingPoint_74174,GB_StationProcess_918,GB_SamplingFeature_918,O3,http://dd.eionet.europa.eu/vocabulary/aq/pollutant/7,hour,25.0460400000,µg/m3,2018-09-22 20:00:00 +01:00,2018-09-22 21:00:00 +01:00,1,1
GB,http://environment.data.gov.uk/air-quality/so,GB_Network_1,Station_GB1024A,,GB_SamplingPoint_74174,GB_StationProcess_918,GB_SamplingFeature_918,O3,http://dd.eionet.europa.eu/vocabulary/aq/pollutant/7,hour,26.9918400000,µg/m3,2018-09-22 21:00:00 +01:00,2018-09-22 22:00:00 +01:00,1,1
GB,http://environment.data.gov.uk/air-quality/so,GB_Network_1,Station_GB1024A,,GB_SamplingPoint_74174,GB_StationProcess_918,GB_SamplingFeature_918,O3,http://dd.eionet.europa.eu/vocabulary/aq/pollutant/7,hour,34.9247500000,µg/m3,2018-09-22 23:00:00 +01:00,2018-09-23 00:00:00 +01:00,1,1
GB,http://environment.data.gov.uk/air-quality/so,GB_Network_1,Station_GB1024A,,GB_SamplingPoint_74174,GB_StationProcess_918,GB_SamplingFeature_918,O3,http://dd.eionet.europa.eu/vocabulary/aq/pollutant/7,hour,35.5234600000,µg/m3,2018-09-23 00:00:00 +01:00,2018-09-23 01:00:00 +01:00,1,1
GB,http://environment.data.gov.uk/air-quality/so,GB_Network_1,Station_GB1024A,,GB_SamplingPoint_74174,GB_StationProcess_918,GB_SamplingFeature_918,O3,http://dd.eionet.europa.eu/vocabulary/aq/pollutant/7,hour,42.5583000000,µg/m3,2018-09-23 03:00:00 +01:00,2018-09-23 04:00:00 +01:00,1,1
GB,http://environment.data.gov.uk/air-quality/so,GB_Network_1,Station_GB1024A,,GB_SamplingPoint_74174,GB_StationProcess_918,GB_SamplingFeature_918,O3,http://dd.eionet.europa.eu/vocabulary/aq/pollutant/7,hour,37.4692700000,µg/m3,2018-09-23 04:00:00 +01:00,2018-09-23 05:00:00 +01:00,1,1
GB,http://environment.data.gov.uk/air-quality/so,GB_Network_1,Station_GB1024A,,GB_SamplingPoint_74174,GB_StationProcess_918,GB_SamplingFeature_918,O3,http://dd.eionet.europa.eu/vocabulary/aq/pollutant/7,hour,43.9054000000,µg/m3,2018-09-23 05:00:00 +01:00,2018-09-23 06:00:00 +01:00,1,1
GB,http://environment.data.gov.uk/air-quality/so,GB_Network_1,Station_GB1024A,,GB_SamplingPoint_74174,GB_StationProcess_918,GB_SamplingFeature_918,O3,http://dd.eionet.europa.eu/vocabulary/aq/pollutant/7,hour,44.3045400000,µg/m3,2018-09-23 06:00:00 +01:00,2018-09-23 07:00:00 +01:00,1,1
GB,http://environment.data.gov.uk/air-quality/so,GB_Network_1,Station_GB1024A,,GB_SamplingPoint_74174,GB_StationProcess_918,GB_SamplingFeature_918,O3,http://dd.eionet.europa.eu/vocabulary/aq/pollutant/7,hour,33.4778700000,µg/m3,2018-09-23 08:00:00 +01:00,2018-09-23 09:00:00 +01:00,1,1
GB,http://environment.data.gov.uk/air-quality/so,GB_Network_1,Station_GB1024A,,GB_SamplingPoint_74174,GB_StationProcess_918,GB_SamplingFeature_918,O3,http://dd.eionet.europa.eu/vocabulary/aq/pollutant/7,hour,33.9767900000,µg/m3,2018-09-23 09:00:00 +01:00,2018-09-23 10:00:00 +01:00,1,1
GB,http://environment.data.gov.uk/air-quality/so,GB_Network_1,Station_GB1024A,,GB_SamplingPoint_74174,GB_StationProcess_918,GB_SamplingFeature_918,O3,http://dd.eionet.europa.eu/vocabulary/aq/pollutant/7,hour,50.2916400000,µg/m3,2018-09-23 14:00:00 +01:00,2018-09-23 15:00:00 +01:00,1,1
GB,http://environment.data.gov.uk/air-quality/so,GB_Network_1,Station_GB1024A,,GB_SamplingPoint_74174,GB_StationProcess_918,GB_SamplingFeature_918,O3,http://dd.eionet.europa.eu/vocabulary/aq/pollutant/7,hour,55.2310000000,µg/m3,2018-09-23 15:00:00 +01:00,2018-09-23 16:00:00 +01:00,1,1
GB,http://environment.data.gov.uk/air-quality/so,GB_Network_1,Station_GB1024A,,GB_SamplingPoint_74174,GB_StationProcess_918,GB_SamplingFeature_918,O3,http://dd.eionet.europa.eu/vocabulary/aq/pollutant/7,hour,56.2288500000,µg/m3,2018-09-23 16:00:00 +01:00,2018-09-23 17:00:00 +01:00,1,1
GB,http://environment.data.gov.uk/air-quality/so,GB_Network_1,Station_GB1024A,,GB_SamplingPoint_74174,GB_StationProcess_918,GB_SamplingFeature_918,O3,http://dd.eionet.europa.eu/vocabulary/aq/pollutant/7,hour,54.2830400000,µg/m3,2018-09-23 18:00:00 +01:00,2018-09-23 19:00:00 +01:00,1,1
GB,http://environment.data.gov.uk/air-quality/so,GB_Network_1,Station_GB1024A,,GB_SamplingPoint_74174,GB_StationProcess_918,GB_SamplingFeature_918,O3,http://dd.eionet.europa.eu/vocabulary/aq/pollutant/7,hour,38.0180900000,µg/m3,2018-09-23 19:00:00 +01:00,2018-09-23 20:00:00 +01:00,1,1
GB,http://environment.data.gov.uk/air-quality/so,GB_Network_1,Station_GB1024A,,GB_SamplingPoint_74174,GB_StationProcess_918,GB_SamplingFeature_918,O3,http://dd.eionet.europa.eu/vocabulary/aq/pollutant/7,hour,32.6297000000,µg/m3,2018-09-23 20:00:00 +01:00,2018-09-23 21:00:00 +01:00,1,1
GB,http://environment.data.gov.uk/air-quality/so,GB_Network_1,Station_GB1024A,,GB_SamplingPoint_74174,GB_StationProcess_918,GB_SamplingFeature_918,O3,http://dd.eionet.europa.eu/vocabulary/aq/pollutant/7,hour,12.3733400000,µg/m3,2018-09-23 21:00:00 +01:00,2018-09-23 22:00:00 +01:00,1,1
GB,http://environment.data.gov.uk/air-quality/so,GB_Network_1,Station_GB1024A,,GB_SamplingPoint_74174,GB_StationProcess_918,GB_SamplingFeature_918,O3,http://dd.eionet.europa.eu/vocabulary/aq/pollutant/7,hour,15.9656000000,µg/m3,2018-09-23 22:00:00 +01:00,2018-09-23 23:00:00 +01:00,1,1
GB,http://environment.data.gov.uk/air-quality/so,GB_Network_1,Station_GB1024A,,GB_SamplingPoint_74174,GB_StationProcess_918,GB_SamplingFeature_918,O3,http://dd.eionet.europa.eu/vocabulary/aq/pollutant/7,hour,28.6383000000,µg/m3,2018-09-24 00:00:00 +01:00,2018-09-24 01:00:00 +01:00,1,1
GB,http://environment.data.gov.uk/air-quality/so,GB_Network_1,Station_GB1024A,,GB_SamplingPoint_74174,GB_StationProcess_918,GB_SamplingFeature_918,O3,http://dd.eionet.europa.eu/vocabulary/aq/pollutant/7,hour,24.0814500000,µg/m3,2018-09-24 01:00:00 +01:00,2018-09-24 02:00:00 +01:00,1,1
GB,http://environment.data.gov.uk/air-quality/so,GB_Network_1,Station_GB1024A,,GB_SamplingPoint_74174,GB_StationProcess_918,GB_SamplingFeature_918,O3,http://dd.eionet.europa.eu/vocabulary/aq/pollutant/7,hour,19.9570000000,µg/m3,2018-09-24 02:00:00 +01:00,2018-09-24 03:00:00 +01:00,1,1
GB,http://environment.data.gov.uk/air-quality/so,GB_Network_1,Station_GB1024A,,GB_SamplingPoint_74174,GB_StationProcess_918,GB_SamplingFeature_918,O3,http://dd.eionet.europa.eu/vocabulary/aq/pollutant/7,hour,24.0481900000,µg/m3,2018-09-24 03:00:00 +01:00,2018-09-24 04:00:00 +01:00,1,1
GB,http://environment.data.gov.uk/air-quality/so,GB_Network_1,Station_GB1024A,,GB_SamplingPoint_74174,GB_StationProcess_918,GB_SamplingFeature_918,O3,http://dd.eionet.europa.eu/vocabulary/aq/pollutant/7,hour,13.7204400000,µg/m3,2018-09-24 06:00:00 +01:00,2018-09-24 07:00:00 +01:00,1,1
GB,http://environment.data.gov.uk/air-quality/so,GB_Network_1,Station_GB1024A,,GB_SamplingPoint_74174,GB_StationProcess_918,GB_SamplingFeature_918,O3,http://dd.eionet.europa.eu/vocabulary/aq/pollutant/7,hour,7.4838800000,µg/m3,2018-09-24 07:00:00 +01:00,2018-09-24 08:00:00 +01:00,1,1
GB,http://environment.data.gov.uk/air-quality/so,GB_Network_1,Station_GB1024A,,GB_SamplingPoint_74174,GB_StationProcess_918,GB_SamplingFeature_918,O3,http://dd.eionet.europa.eu/vocabulary/aq/pollutant/7,hour,17.9114100000,µg/m3,2018-09-24 08:00:00 +01:00,2018-09-24 09:00:00 +01:00,1,1
GB,http://environment.data.gov.uk/air-quality/so,GB_Network_1,Station_GB1024A,,GB_SamplingPoint_74174,GB_StationProcess_918,GB_SamplingFeature_918,O3,http://dd.eionet.europa.eu/vocabulary/aq/pollutant/7,hour,46.3002400000,µg/m3,2018-09-24 12:00:00 +01:00,2018-09-24 13:00:00 +01:00,1,1
GB,http://environment.data.gov.uk/air-quality/so,GB_Network_1,Station_GB1024A,,GB_SamplingPoint_74174,GB_StationProcess_918,GB_SamplingFeature_918,O3,http://dd.eionet.europa.eu/vocabulary/aq/pollutant/7,hour,48.7449700000,µg/m3,2018-09-24 13:00:00 +01:00,2018-09-24 14:00:00 +01:00,1,1
GB,http://environment.data.gov.uk/air-quality/so,GB_Network_1,Station_GB1024A,,GB_SamplingPoint_74174,GB_StationProcess_918,GB_SamplingFeature_918,O3,http://dd.eionet.europa.eu/vocabulary/aq/pollutant/7,hour,54.7819700000,µg/m3,2018-09-24 15:00:00 +01:00,2018-09-24 16:00:00 +01:00,1,1
GB,http://environment.data.gov.uk/air-quality/so,GB_Network_1,Station_GB1024A,,GB_SamplingPoint_74174,GB_StationProcess_918,GB_SamplingFeature_918,O3,http://dd.eionet.europa.eu/vocabulary/aq/pollutant/7,hour,0.9978500000,µg/m3,2018-09-24 22:00:00 +01:00,2018-09-24 23:00:00 +01:00,2,1
GB,http://environment.data.gov.uk/air-quality/so,GB_Network_1,Station_GB1024A,,GB_SamplingPoint_74174,GB_StationProcess_918,GB_SamplingFeature_918,O3,http://dd.eionet.europa.eu/vocabulary/aq/pollutant/7,hour,1.4967800000,µg/m3,2018-09-25 00:00:00 +01:00,2018-09-25 01:00:00 +01:00,2,1
GB,http://environment.data.gov.uk/air-quality/so,GB_Network_1,Station_GB1024A,,GB_SamplingPoint_74174,GB_StationProcess_918,GB_SamplingFeature_918,O3,http://dd.eionet.europa.eu/vocabulary/aq/pollutant/7,hour,1.3304700000,µg/m3,2018-09-25 01:00:00 +01:00,2018-09-25 02:00:00 +01:00,2,1
GB,http://environment.data.gov.uk/air-quality/so,GB_Network_1,Station_GB1024A,,GB_SamplingPoint_74174,GB_StationProcess_918,GB_SamplingFeature_918,O3,http://dd.eionet.europa.eu/vocabulary/aq/pollutant/7,hour,1.7961300000,µg/m3,2018-09-25 08:00:00 +01:00,2018-09-25 09:00:00 +01:00,2,1
GB,http://environment.data.gov.uk/air-quality/so,GB_Network_1,Station_GB1024A,,GB_SamplingPoint_74174,GB_StationProcess_918,GB_SamplingFeature_918,O3,http://dd.eionet.europa.eu/vocabulary/aq/pollutant/7,hour,5.5380700000,µg/m3,2018-09-25 10:00:00 +01:00,2018-09-25 11:00:00 +01:00,2,1
GB,http://environment.data.gov.uk/air-quality/so,GB_Network_1,Station_GB1024A,,GB_SamplingPoint_74174,GB_StationProcess_918,GB_SamplingFeature_918,O3,http://dd.eionet.europa.eu/vocabulary/aq/pollutant/7,hour,17.8116200000,µg/m3,2018-09-25 11:00:00 +01:00,2018-09-25 12:00:00 +01:00,1,1
GB,http://environment.data.gov.uk/air-quality/so,GB_Network_1,Station_GB1024A,,GB_SamplingPoint_74174,GB_StationProcess_918,GB_SamplingFeature_918,O3,http://dd.eionet.europa.eu/vocabulary/aq/pollutant/7,hour,58.8731500000,µg/m3,2018-09-25 14:00:00 +01:00,2018-09-25 15:00:00 +01:00,1,1
GB,http://environment.data.gov.uk/air-quality/so,GB_Network_1,Station_GB1024A,,GB_SamplingPoint_74174,GB_StationProcess_918,GB_SamplingFeature_918,O3,http://dd.eionet.europa.eu/vocabulary/aq/pollutant/7,hour,66.7062700000,µg/m3,2018-09-25 16:00:00 +01:00,2018-09-25 17:00:00 +01:00,1,1
GB,http://environment.data.gov.uk/air-quality/so,GB_Network_1,Station_GB1024A,,GB_SamplingPoint_74174,GB_StationProcess_918,GB_SamplingFeature_918,O3,http://dd.eionet.europa.eu/vocabulary/aq/pollutant/7,hour,66.8060600000,µg/m3,2018-09-25 17:00:00 +01:00,2018-09-25 18:00:00 +01:00,1,1
GB,http://environment.data.gov.uk/air-quality/so,GB_Network_1,Station_GB1024A,,GB_SamplingPoint_74174,GB_StationProcess_918,GB_SamplingFeature_918,O3,http://dd.eionet.europa.eu/vocabulary/aq/pollutant/7,hour,33.4778700000,µg/m3,2018-09-25 20:00:00 +01:00,2018-09-25 21:00:00 +01:00,1,1
GB,http://environment.data.gov.uk/air-quality/so,GB_Network_1,Station_GB1024A,,GB_SamplingPoint_74174,GB_StationProcess_918,GB_SamplingFeature_918,O3,http://dd.eionet.europa.eu/vocabulary/aq/pollutant/7,hour,9.9785000000,µg/m3,2018-09-25 22:00:00 +01:00,2018-09-25 23:00:00 +01:00,1,1
GB,http://environment.data.gov.uk/air-quality/so,GB_Network_1,Station_GB1024A,,GB_SamplingPoint_74174,GB_StationProcess_918,GB_SamplingFeature_918,O3,http://dd.eionet.europa.eu/vocabulary/aq/pollutant/7,hour,5.2387100000,µg/m3,2018-09-26 00:00:00 +01:00,2018-09-26 01:00:00 +01:00,2,1
GB,http://environment.data.gov.uk/air-quality/so,GB_Network_1,Station_GB1024A,,GB_SamplingPoint_74174,GB_StationProcess_918,GB_SamplingFeature_918,O3,http://dd.eionet.europa.eu/vocabulary/aq/pollutant/7,hour,7.5836600000,µg/m3,2018-09-26 01:00:00 +01:00,2018-09-26 02:00:00 +01:00,1,1
GB,http://environment.data.gov.uk/air-quality/so,GB_Network_1,Station_GB1024A,,GB_SamplingPoint_74174,GB_StationProcess_918,GB_SamplingFeature_918,O3,http://dd.eionet.europa.eu/vocabulary/aq/pollutant/7,hour,15.1673200000,µg/m3,2018-09-26 03:00:00 +01:00,2018-09-26 04:00:00 +01:00,1,1
GB,http://environment.data.gov.uk/air-quality/so,GB_Network_1,Station_GB1024A,,GB_SamplingPoint_74174,GB_StationProcess_918,GB_SamplingFeature_918,O3,http://dd.eionet.europa.eu/vocabulary/aq/pollutant/7,hour,13.8202200000,µg/m3,2018-09-26 04:00:00 +01:00,2018-09-26 05:00:00 +01:00,1,1
GB,http://environment.data.gov.uk/air-quality/so,GB_Network_1,Station_GB1024A,,GB_SamplingPoint_74174,GB_StationProcess_918,GB_SamplingFeature_918,O3,http://dd.eionet.europa.eu/vocabulary/aq/pollutant/7,hour,8.2322600000,µg/m3,2018-09-26 05:00:00 +01:00,2018-09-26 06:00:00 +01:00,1,1
GB,http://environment.data.gov.uk/air-quality/so,GB_Network_1,Station_GB1024A,,GB_SamplingPoint_74174,GB_StationProcess_918,GB_SamplingFeature_918,O3,http://dd.eionet.europa.eu/vocabulary/aq/pollutant/7,hour,9.4795800000,µg/m3,2018-09-26 08:00:00 +01:00,2018-09-26 09:00:00 +01:00,1,1
GB,http://environment.data.gov.uk/air-quality/so,GB_Network_1,Station_GB1024A,,GB_SamplingPoint_74174,GB_StationProcess_918,GB_SamplingFeature_918,O3,http://dd.eionet.europa.eu/vocabulary/aq/pollutant/7,hour,25.3952800000,µg/m3,2018-09-26 09:00:00 +01:00,2018-09-26 10:00:00 +01:00,1,1
GB,http://environment.data.gov.uk/air-quality/so,GB_Network_1,Station_GB1024A,,GB_SamplingPoint_74174,GB_StationProcess_918,GB_SamplingFeature_918,O3,http://dd.eionet.europa.eu/vocabulary/aq/pollutant/7,hour,25.2955000000,µg/m3,2018-09-26 10:00:00 +01:00,2018-09-26 11:00:00 +01:00,1,1
GB,http://environment.data.gov.uk/air-quality/so,GB_Network_1,Station_GB1024A,,GB_SamplingPoint_74174,GB_StationProcess_918,GB_SamplingFeature_918,O3,http://dd.eionet.europa.eu/vocabulary/aq/pollutant/7,hour,49.7927200000,µg/m3,2018-09-26 13:00:00 +01:00,2018-09-26 14:00:00 +01:00,1,1
GB,http://environment.data.gov.uk/air-quality/so,GB_Network_1,Station_GB1024A,,GB_SamplingPoint_74174,GB_StationProcess_918,GB_SamplingFeature_918,O3,http://dd.eionet.europa.eu/vocabulary/aq/pollutant/7,hour,49.2937900000,µg/m3,2018-09-26 14:00:00 +01:00,2018-09-26 15:00:00 +01:00,1,1
GB,http://environment.data.gov.uk/air-quality/so,GB_Network_1,Station_GB1024A,,GB_SamplingPoint_74174,GB_StationProcess_918,GB_SamplingFeature_918,O3,http://dd.eionet.europa.eu/vocabulary/aq/pollutant/7,hour,57.1768100000,µg/m3,2018-09-26 15:00:00 +01:00,2018-09-26 16:00:00 +01:00,1,1
GB,http://environment.data.gov.uk/air-quality/so,GB_Network_1,Station_GB1024A,,GB_SamplingPoint_74174,GB_StationProcess_918,GB_SamplingFeature_918,O3,http://dd.eionet.europa.eu/vocabulary/aq/pollutant/7,hour,63.1140100000,µg/m3,2018-09-26 16:00:00 +01:00,2018-09-26 17:00:00 +01:00,1,1
GB,http://environment.data.gov.uk/air-quality/so,GB_Network_1,Station_GB1024A,,GB_SamplingPoint_74174,GB_StationProcess_918,GB_SamplingFeature_918,O3,http://dd.eionet.europa.eu/vocabulary/aq/pollutant/7,hour,19.2086100000,µg/m3,2018-09-26 18:00:00 +01:00,2018-09-26 19:00:00 +01:00,1,1
GB,http://environment.data.gov.uk/air-quality/so,GB_Network_1,Station_GB1024A,,GB_SamplingPoint_74174,GB_StationProcess_918,GB_SamplingFeature_918,O3,http://dd.eionet.europa.eu/vocabulary/aq/pollutant/7,hour,1.7462400000,µg/m3,2018-09-26 20:00:00 +01:00,2018-09-26 21:00:00 +01:00,2,1
GB,http://environment.data.gov.uk/air-quality/so,GB_Network_1,Station_GB1024A,,GB_SamplingPoint_74174,GB_StationProcess_918,GB_SamplingFeature_918,O3,http://dd.eionet.europa.eu/vocabulary/aq/pollutant/7,hour,1.5466700000,µg/m3,2018-09-26 21:00:00 +01:00,2018-09-26 22:00:00 +01:00,2,1
GB,http://environment.data.gov.uk/air-quality/so,GB_Network_1,Station_GB1024A,,GB_SamplingPoint_74174,GB_StationProcess_918,GB_SamplingFeature_918,O3,http://dd.eionet.europa.eu/vocabulary/aq/pollutant/7,hour,1.7961300000,µg/m3,2018-09-26 22:00:00 +01:00,2018-09-26 23:00:00 +01:00,2,1
GB,http://environment.data.gov.uk/air-quality/so,GB_Network_1,Station_GB1024A,,GB_SamplingPoint_74174,GB_StationProcess_918,GB_SamplingFeature_918,O3,http://dd.eionet.europa.eu/vocabulary/aq/pollutant/7,hour,5.6378500000,µg/m3,2018-09-26 23:00:00 +01:00,2018-09-27 00:00:00 +01:00,2,1
GB,http://environment.data.gov.uk/air-quality/so,GB_Network_1,Station_GB1024A,,GB_SamplingPoint_74174,GB_StationProcess_918,GB_SamplingFeature_918,O3,http://dd.eionet.europa.eu/vocabulary/aq/pollutant/7,hour,14.5686100000,µg/m3,2018-09-27 03:00:00 +01:00,2018-09-27 04:00:00 +01:00,1,1
GB,http://environment.data.gov.uk/air-quality/so,GB_Network_1,Station_GB1024A,,GB_SamplingPoint_74174,GB_StationProcess_918,GB_SamplingFeature_918,O3,http://dd.eionet.europa.eu/vocabulary/aq/pollutant/7,hour,13.3213000000,µg/m3,2018-09-27 04:00:00 +01:00,2018-09-27 05:00:00 +01:00,1,1
GB,http://environment.data.gov.uk/air-quality/so,GB_Network_1,Station_GB1024A,,GB_SamplingPoint_74174,GB_StationProcess_918,GB_SamplingFeature_918,O3,http://dd.eionet.europa.eu/vocabulary/aq/pollutant/7,hour,6.0868900000,µg/m3,2018-09-27 05:00:00 +01:00,2018-09-27 06:00:00 +01:00,2,1
GB,http://environment.data.gov.uk/air-quality/so,GB_Network_1,Station_GB1024A,,GB_SamplingPoint_74174,GB_StationProcess_918,GB_SamplingFeature_918,O3,http://dd.eionet.europa.eu/vocabulary/aq/pollutant/7,hour,1.4967800000,µg/m3,2018-09-27 06:00:00 +01:00,2018-09-27 07:00:00 +01:00,2,1
GB,http://environment.data.gov.uk/air-quality/so,GB_Network_1,Station_GB1024A,,GB_SamplingPoint_74174,GB_StationProcess_918,GB_SamplingFeature_918,O3,http://dd.eionet.europa.eu/vocabulary/aq/pollutant/7,hour,23.8985100000,µg/m3,2018-09-27 09:00:00 +01:00,2018-09-27 10:00:00 +01:00,1,1
GB,http://environment.data.gov.uk/air-quality/so,GB_Network_1,Station_GB1024A,,GB_SamplingPoint_74174,GB_StationProcess_918,GB_SamplingFeature_918,O3,http://dd.eionet.europa.eu/vocabulary/aq/pollutant/7,hour,46.3002400000,µg/m3,2018-09-27 11:00:00 +01:00,2018-09-27 12:00:00 +01:00,1,1
GB,http://environment.data.gov.uk/air-quality/so,GB_Network_1,Station_GB1024A,,GB_SamplingPoint_74174,GB_StationProcess_918,GB_SamplingFeature_918,O3,http://dd.eionet.europa.eu/vocabulary/aq/pollutant/7,hour,49.7428200000,µg/m3,2018-09-27 13:00:00 +01:00,2018-09-27 14:00:00 +01:00,1,1
GB,http://environment.data.gov.uk/air-quality/so,GB_Network_1,Station_GB1024A,,GB_SamplingPoint_74174,GB_StationProcess_918,GB_SamplingFeature_918,O3,http://dd.eionet.europa.eu/vocabulary/aq/pollutant/7,hour,62.6150900000,µg/m3,2018-09-27 14:00:00 +01:00,2018-09-27 15:00:00 +01:00,1,1
GB,http://environment.data.gov.uk/air-quality/so,GB_Network_1,Station_GB1024A,,GB_SamplingPoint_74174,GB_StationProcess_918,GB_SamplingFeature_918,O3,http://dd.eionet.europa.eu/vocabulary/aq/pollutant/7,hour,80.2271400000,µg/m3,2018-09-27 15:00:00 +01:00,2018-09-27 16:00:00 +01:00,1,1
GB,http://environment.data.gov.uk/air-quality/so,GB_Network_1,Station_GB1024A,,GB_SamplingPoint_74174,GB_StationProcess_918,GB_SamplingFeature_918,O3,http://dd.eionet.europa.eu/vocabulary/aq/pollutant/7,hour,86.7131700000,µg/m3,2018-09-27 16:00:00 +01:00,2018-09-27 17:00:00 +01:00,1,1
GB,http://environment.data.gov.uk/air-quality/so,GB_Network_1,Station_GB1024A,,GB_SamplingPoint_74174,GB_StationProcess_918,GB_SamplingFeature_918,O3,http://dd.eionet.europa.eu/vocabulary/aq/pollutant/7,hour,13.0718400000,µg/m3,2018-09-27 19:00:00 +01:00,2018-09-27 20:00:00 +01:00,1,1
GB,http://environment.data.gov.uk/air-quality/so,GB_Network_1,Station_GB1024A,,GB_SamplingPoint_74174,GB_StationProcess_918,GB_SamplingFeature_918,O3,http://dd.eionet.europa.eu/vocabulary/aq/pollutant/7,hour,1.9458100000,µg/m3,2018-09-27 20:00:00 +01:00,2018-09-27 21:00:00 +01:00,2,1
GB,http://environment.data.gov.uk/air-quality/so,GB_Network_1,Station_GB1024A,,GB_SamplingPoint_74174,GB_StationProcess_918,GB_SamplingFeature_918,O3,http://dd.eionet.europa.eu/vocabulary/aq/pollutant/7,hour,4.0911900000,µg/m3,2018-09-27 21:00:00 +01:00,2018-09-27 22:00:00 +01:00,2,1
GB,http://environment.data.gov.uk/air-quality/so,GB_Network_1,Station_GB1024A,,GB_SamplingPoint_74174,GB_StationProcess_918,GB_SamplingFeature_918,O3,http://dd.eionet.europa.eu/vocabulary/aq/pollutant/7,hour,13.6705500000,µg/m3,2018-09-27 22:00:00 +01:00,2018-09-27 23:00:00 +01:00,1,1
GB,http://environment.data.gov.uk/air-quality/so,GB_Network_1,Station_GB1024A,,GB_SamplingPoint_74174,GB_StationProcess_918,GB_SamplingFeature_918,O3,http://dd.eionet.europa.eu/vocabulary/aq/pollutant/7,hour,39.7144300000,µg/m3,2018-09-28 00:00:00 +01:00,2018-09-28 01:00:00 +01:00,1,1
GB,http://environment.data.gov.uk/air-quality/so,GB_Network_1,Station_GB1024A,,GB_SamplingPoint_74174,GB_StationProcess_918,GB_SamplingFeature_918,O3,http://dd.eionet.europa.eu/vocabulary/aq/pollutant/7,hour,39.6479100000,µg/m3,2018-09-28 01:00:00 +01:00,2018-09-28 02:00:00 +01:00,1,1
GB,http://environment.data.gov.uk/air-quality/so,GB_Network_1,Station_GB1024A,,GB_SamplingPoint_74174,GB_StationProcess_918,GB_SamplingFeature_918,O3,http://dd.eionet.europa.eu/vocabulary/aq/pollutant/7,hour,37.8185200000,µg/m3,2018-09-28 03:00:00 +01:00,2018-09-28 04:00:00 +01:00,1,1
GB,http://environment.data.gov.uk/air-quality/so,GB_Network_1,Station_GB1024A,,GB_SamplingPoint_74174,GB_StationProcess_918,GB_SamplingFeature_918,O3,http://dd.eionet.europa.eu/vocabulary/aq/pollutant/7,hour,43.2069100000,µg/m3,2018-09-28 07:00:00 +01:00,2018-09-28 08:00:00 +01:00,1,1
GB,http://environment.data.gov.uk/air-quality/so,GB_Network_1,Station_GB1024A,,GB_SamplingPoint_74174,GB_StationProcess_918,GB_SamplingFeature_918,O3,http://dd.eionet.europa.eu/vocabulary/aq/pollutant/7,hour,39.9140000000,µg/m3,2018-09-28 09:00:00 +01:00,2018-09-28 10:00:00 +01:00,1,1
GB,http://environment.data.gov.uk/air-quality/so,GB_Network_1,Station_GB1024A,,GB_SamplingPoint_74174,GB_StationProcess_918,GB_SamplingFeature_918,O3,http://dd.eionet.europa.eu/vocabulary/aq/pollutant/7,hour,46.6494900000,µg/m3,2018-09-28 10:00:00 +01:00,2018-09-28 11:00:00 +01:00,1,1
GB,http://environment.data.gov.uk/air-quality/so,GB_Network_1,Station_GB1024A,,GB_SamplingPoint_74174,GB_StationProcess_918,GB_SamplingFeature_918,O3,http://dd.eionet.europa.eu/vocabulary/aq/pollutant/7,hour,50.2417500000,µg/m3,2018-09-28 12:00:00 +01:00,2018-09-28 13:00:00 +01:00,1,1
GB,http://environment.data.gov.uk/air-quality/so,GB_Network_1,Station_GB1024A,,GB_SamplingPoint_74174,GB_StationProcess_918,GB_SamplingFeature_918,O3,http://dd.eionet.europa.eu/vocabulary/aq/pollutant/7,hour,56.1290600000,µg/m3,2018-09-28 14:00:00 +01:00,2018-09-28 15:00:00 +01:00,1,1
GB,http://environment.data.gov.uk/air-quality/so,GB_Network_1,Station_GB1024A,,GB_SamplingPoint_74174,GB_StationProcess_918,GB_SamplingFeature_918,O3,http://dd.eionet.europa.eu/vocabulary/aq/pollutant/7,hour,58.3243300000,µg/m3,2018-09-28 16:00:00 +01:00,2018-09-28 17:00:00 +01:00,1,1
GB,http://environment.data.gov.uk/air-quality/so,GB_Network_1,Station_GB1024A,,GB_SamplingPoint_74174,GB_StationProcess_918,GB_SamplingFeature_918,O3,http://dd.eionet.europa.eu/vocabulary/aq/pollutant/7,hour,59.1725100000,µg/m3,2018-09-28 17:00:00 +01:00,2018-09-28 18:00:00 +01:00,1,1
GB,http://environment.data.gov.uk/air-quality/so,GB_Network_1,Station_GB1024A,,GB_SamplingPoint_74174,GB_StationProcess_918,GB_SamplingFeature_918,O3,http://dd.eionet.europa.eu/vocabulary/aq/pollutant/7,hour,39.2155100000,µg/m3,2018-09-28 19:00:00 +01:00,2018-09-28 20:00:00 +01:00,1,1
GB,http://environment.data.gov.uk/air-quality/so,GB_Network_1,Station_GB1024A,,GB_SamplingPoint_74174,GB_StationProcess_918,GB_SamplingFeature_918,O3,http://dd.eionet.europa.eu/vocabulary/aq/pollutant/7,hour,30.5342100000,µg/m3,2018-09-28 20:00:00 +01:00,2018-09-28 21:00:00 +01:00,1,1
GB,http://environment.data.gov.uk/air-quality/so,GB_Network_1,Station_GB1024A,,GB_SamplingPoint_74174,GB_StationProcess_918,GB_SamplingFeature_918,O3,http://dd.eionet.europa.eu/vocabulary/aq/pollutant/7,hour,13.3711900000,µg/m3,2018-09-28 22:00:00 +01:00,2018-09-28 23:00:00 +01:00,1,1
GB,http://environment.data.gov.uk/air-quality/so,GB_Network_1,Station_GB1024A,,GB_SamplingPoint_74174,GB_StationProcess_918,GB_SamplingFeature_918,O3,http://dd.eionet.europa.eu/vocabulary/aq/pollutant/7,hour,8.6813000000,µg/m3,2018-09-28 23:00:00 +01:00,2018-09-29 00:00:00 +01:00,1,1
GB,http://environment.data.gov.uk/air-quality/so,GB_Network_1,Station_GB1024A,,GB_SamplingPoint_74174,GB_StationProcess_918,GB_SamplingFeature_918,O3,http://dd.eionet.europa.eu/vocabulary/aq/pollutant/7,hour,6.9849500000,µg/m3,2018-09-29 02:00:00 +01:00,2018-09-29 03:00:00 +01:00,1,1
GB,http://environment.data.gov.uk/air-quality/so,GB_Network_1,Station_GB1024A,,GB_SamplingPoint_74174,GB_StationProcess_918,GB_SamplingFeature_918,O3,http://dd.eionet.europa.eu/vocabulary/aq/pollutant/7,hour,8.5316200000,µg/m3,2018-09-29 03:00:00 +01:00,2018-09-29 04:00:00 +01:00,1,1
GB,http://environment.data.gov.uk/air-quality/so,GB_Network_1,Station_GB1024A,,GB_SamplingPoint_74174,GB_StationProcess_918,GB_SamplingFeature_918,O3,http://dd.eionet.europa.eu/vocabulary/aq/pollutant/7,hour,10.5273200000,µg/m3,2018-09-29 04:00:00 +01:00,2018-09-29 05:00:00 +01:00,1,1
GB,http://environment.data.gov.uk/air-quality/so,GB_Network_1,Station_GB1024A,,GB_SamplingPoint_74174,GB_StationProcess_918,GB_SamplingFeature_918,O3,http://dd.eionet.europa.eu/vocabulary/aq/pollutant/7,hour,3.7419400000,µg/m3,2018-09-29 08:00:00 +01:00,2018-09-29 09:00:00 +01:00,2,1
GB,http://environment.data.gov.uk/air-quality/so,GB_Network_1,Station_GB1024A,,GB_SamplingPoint_74174,GB_StationProcess_918,GB_SamplingFeature_918,O3,http://dd.eionet.europa.eu/vocabulary/aq/pollutant/7,hour,14.6684000000,µg/m3,2018-09-29 09:00:00 +01:00,2018-09-29 10:00:00 +01:00,1,1
GB,http://environment.data.gov.uk/air-quality/so,GB_Network_1,Station_GB1024A,,GB_SamplingPoint_74174,GB_StationProcess_918,GB_SamplingFeature_918,O3,http://dd.eionet.europa.eu/vocabulary/aq/pollutant/7,hour,25.5449600000,µg/m3,2018-09-29 10:00:00 +01:00,2018-09-29 11:00:00 +01:00,1,1
GB,http://environment.data.gov.uk/air-quality/so,GB_Network_1,Station_GB1024A,,GB_SamplingPoint_74174,GB_StationProcess_918,GB_SamplingFeature_918,O3,http://dd.eionet.europa.eu/vocabulary/aq/pollutant/7,hour,42.6580900000,µg/m3,2018-09-29 11:00:00 +01:00,2018-09-29 12:00:00 +01:00,1,1
GB,http://environment.data.gov.uk/air-quality/so,GB_Network_1,Station_GB1024A,,GB_SamplingPoint_74174,GB_StationProcess_918,GB_SamplingFeature_918,O3,http://dd.eionet.europa.eu/vocabulary/aq/pollutant/7,hour,47.7970200000,µg/m3,2018-09-29 13:00:00 +01:00,2018-09-29 14:00:00 +01:00,1,1
GB,http://environment.data.gov.uk/air-quality/so,GB_Network_1,Station_GB1024A,,GB_SamplingPoint_74174,GB_StationProcess_918,GB_SamplingFeature_918,O3,http://dd.eionet.europa.eu/vocabulary/aq/pollutant/7,hour,50.9402400000,µg/m3,2018-09-29 17:00:00 +01:00,2018-09-29 18:00:00 +01:00,1,1
GB,http://environment.data.gov.uk/air-quality/so,GB_Network_1,Station_GB1024A,,GB_SamplingPoint_74174,GB_StationProcess_918,GB_SamplingFeature_918,O3,http://dd.eionet.europa.eu/vocabulary/aq/pollutant/7,hour,1.7961300000,µg/m3,2018-09-29 23:00:00 +01:00,2018-09-30 00:00:00 +01:00,2,1
GB,http://environment.data.gov.uk/air-quality/so,GB_Network_1,Station_GB1024A,,GB_SamplingPoint_74174,GB_StationProcess_918,GB_SamplingFeature_918,O3,http://dd.eionet.europa.eu/vocabulary/aq/pollutant/7,hour,1.5466700000,µg/m3,2018-09-30 00:00:00 +01:00,2018-09-30 01:00:00 +01:00,2,1
GB,http://environment.data.gov.uk/air-quality/so,GB_Network_1,Station_GB1024A,,GB_SamplingPoint_74174,GB_StationProcess_918,GB_SamplingFeature_918,O3,http://dd.eionet.europa.eu/vocabulary/aq/pollutant/7,hour,1.2639400000,µg/m3,2018-09-30 01:00:00 +01:00,2018-09-30 02:00:00 +01:00,2,1
GB,http://environment.data.gov.uk/air-quality/so,GB_Network_1,Station_GB1024A,,GB_SamplingPoint_74174,GB_StationProcess_918,GB_SamplingFeature_918,O3,http://dd.eionet.europa.eu/vocabulary/aq/pollutant/7,hour,0.8648000000,µg/m3,2018-09-30 02:00:00 +01:00,2018-09-30 03:00:00 +01:00,2,1
GB,http://environment.data.gov.uk/air-quality/so,GB_Network_1,Station_GB1024A,,GB_SamplingPoint_74174,GB_StationProcess_918,GB_SamplingFeature_918,O3,http://dd.eionet.europa.eu/vocabulary/aq/pollutant/7,hour,1.7961300000,µg/m3,2018-09-30 03:00:00 +01:00,2018-09-30 04:00:00 +01:00,2,1
GB,http://environment.data.gov.uk/air-quality/so,GB_Network_1,Station_GB1024A,,GB_SamplingPoint_74174,GB_StationProcess_918,GB_SamplingFeature_918,O3,http://dd.eionet.europa.eu/vocabulary/aq/pollutant/7,hour,4.4404300000,µg/m3,2018-09-30 04:00:00 +01:00,2018-09-30 05:00:00 +01:00,2,1
GB,http://environment.data.gov.uk/air-quality/so,GB_Network_1,Station_GB1024A,,GB_SamplingPoint_74174,GB_StationProcess_918,GB_SamplingFeature_918,O3,http://dd.eionet.europa.eu/vocabulary/aq/pollutant/7,hour,13.7703300000,µg/m3,2018-09-30 05:00:00 +01:00,2018-09-30 06:00:00 +01:00,1,1
GB,http://environment.data.gov.uk/air-quality/so,GB_Network_1,Station_GB1024A,,GB_SamplingPoint_74174,GB_StationProcess_918,GB_SamplingFeature_918,O3,http://dd.eionet.europa.eu/vocabulary/aq/pollutant/7,hour,21.3539900000,µg/m3,2018-09-30 06:00:00 +01:00,2018-09-30 07:00:00 +01:00,1,1
GB,http://environment.data.gov.uk/air-quality/so,GB_Network_1,Station_GB1024A,,GB_SamplingPoint_74174,GB_StationProcess_918,GB_SamplingFeature_918,O3,http://dd.eionet.europa.eu/vocabulary/aq/pollutant/7,hour,23.1002300000,µg/m3,2018-09-30 07:00:00 +01:00,2018-09-30 08:00:00 +01:00,1,1
GB,http://environment.data.gov.uk/air-quality/so,GB_Network_1,Station_GB1024A,,GB_SamplingPoint_74174,GB_StationProcess_918,GB_SamplingFeature_918,O3,http://dd.eionet.europa.eu/vocabulary/aq/pollutant/7,hour,45.6516400000,µg/m3,2018-09-30 10:00:00 +01:00,2018-09-30 11:00:00 +01:00,1,1
GB,http://environment.data.gov.uk/air-quality/so,GB_Network_1,Station_GB1024A,,GB_SamplingPoint_74174,GB_StationProcess_918,GB_SamplingFeature_918,O3,http://dd.eionet.europa.eu/vocabulary/aq/pollutant/7,hour,52.4869100000,µg/m3,2018-09-30 11:00:00 +01:00,2018-09-30 12:00:00 +01:00,1,1
GB,http://environment.data.gov.uk/air-quality/so,GB_Network_1,Station_GB1024A,,GB_SamplingPoint_74174,GB_StationProcess_918,GB_SamplingFeature_918,O3,http://dd.eionet.europa.eu/vocabulary/aq/pollutant/7,hour,59.1725100000,µg/m3,2018-09-30 12:00:00 +01:00,2018-09-30 13:00:00 +01:00,1,1
GB,http://environment.data.gov.uk/air-quality/so,GB_Network_1,Station_GB1024A,,GB_SamplingPoint_74174,GB_StationProcess_918,GB_SamplingFeature_918,O3,http://dd.eionet.europa.eu/vocabulary/aq/pollutant/7,hour,51.0400300000,µg/m3,2018-09-30 15:00:00 +01:00,2018-09-30 16:00:00 +01:00,1,1
GB,http://environment.data.gov.uk/air-quality/so,GB_Network_1,Station_GB1024A,,GB_SamplingPoint_74174,GB_StationProcess_918,GB_SamplingFeature_918,O3,http://dd.eionet.europa.eu/vocabulary/aq/pollutant/7,hour,38.7165800000,µg/m3,2018-09-30 17:00:00 +01:00,2018-09-30 18:00:00 +01:00,1,1
GB,http://environment.data.gov.uk/air-quality/so,GB_Network_1,Station_GB1024A,,GB_SamplingPoint_74174,GB_StationProcess_918,GB_SamplingFeature_918,O3,http://dd.eionet.europa.eu/vocabulary/aq/pollutant/7,hour,38.6666900000,µg/m3,2018-09-30 18:00:00 +01:00,2018-09-30 19:00:00 +01:00,1,1
GB,http://environment.data.gov.uk/air-quality/so,GB_Network_1,Station_GB1024A,,GB_SamplingPoint_74174,GB_StationProcess_918,GB_SamplingFeature_918,O3,http://dd.eionet.europa.eu/vocabulary/aq/pollutant/7,hour,39.9140000000,µg/m3,2018-09-30 19:00:00 +01:00,2018-09-30 20:00:00 +01:00,1,1
GB,http://environment.data.gov.uk/air-quality/so,GB_Network_1,Station_GB1024A,,GB_SamplingPoint_74174,GB_StationProcess_918,GB_SamplingFeature_918,O3,http://dd.eionet.europa.eu/vocabulary/aq/pollutant/7,hour,44.6039000000,µg/m3,2018-09-30 20:00:00 +01:00,2018-09-30 21:00:00 +01:00,1,1
GB,http://environment.data.gov.uk/air-quality/so,GB_Network_1,Station_GB1024A,,GB_SamplingPoint_74174,GB_StationProcess_918,GB_SamplingFeature_918,O3,http://dd.eionet.europa.eu/vocabulary/aq/pollutant/7,hour,48.9445400000,µg/m3,2018-09-30 22:00:00 +01:00,2018-09-30 23:00:00 +01:00,1,1
GB,http://environment.data.gov.uk/air-quality/so,GB_Network_1,Station_GB1024A,,GB_SamplingPoint_74174,GB_StationProcess_918,GB_SamplingFeature_918,O3,http://dd.eionet.europa.eu/vocabulary/aq/pollutant/7,hour,52.0378800000,µg/m3,2018-09-30 23:00:00 +01:00,2018-10-01 00:00:00 +01:00,1,1
GB,http://environment.data.gov.uk/air-quality/so,GB_Network_1,Station_GB1024A,,GB_SamplingPoint_74174,GB_StationProcess_918,GB_SamplingFeature_918,O3,http://dd.eionet.europa.eu/vocabulary/aq/pollutant/7,hour,56.9772400000,µg/m3,2018-10-01 00:00:00 +01:00,2018-10-01 01:00:00 +01:00,1,1
GB,http://environment.data.gov.uk/air-quality/so,GB_Network_1,Station_GB1024A,,GB_SamplingPoint_74174,GB_StationProcess_918,GB_SamplingFeature_918,O3,http://dd.eionet.europa.eu/vocabulary/aq/pollutant/7,hour,55.0148000000,µg/m3,2018-10-01 01:00:00 +01:00,2018-10-01 02:00:00 +01:00,1,1
GB,http://environment.data.gov.uk/air-quality/so,GB_Network_1,Station_GB1024A,,GB_SamplingPoint_74174,GB_StationProcess_918,GB_SamplingFeature_918,O3,http://dd.eionet.europa.eu/vocabulary/aq/pollutant/7,hour,46.6328600000,µg/m3,2018-10-01 02:00:00 +01:00,2018-10-01 03:00:00 +01:00,1,1
GB,http://environment.data.gov.uk/air-quality/so,GB_Network_1,Station_GB1024A,,GB_SamplingPoint_74174,GB_StationProcess_918,GB_SamplingFeature_918,O3,http://dd.eionet.europa.eu/vocabulary/aq/pollutant/7,hour,36.2718500000,µg/m3,2018-10-01 05:00:00 +01:00,2018-10-01 06:00:00 +01:00,1,1
GB,http://environment.data.gov.uk/air-quality/so,GB_Network_1,Station_GB1024A,,GB_SamplingPoint_74174,GB_StationProcess_918,GB_SamplingFeature_918,O3,http://dd.eionet.europa.eu/vocabulary/aq/pollutant/7,hour,28.3389400000,µg/m3,2018-10-01 06:00:00 +01:00,2018-10-01 07:00:00 +01:00,1,1
GB,http://environment.data.gov.uk/air-quality/so,GB_Network_1,Station_GB1024A,,GB_SamplingPoint_74174,GB_StationProcess_918,GB_SamplingFeature_918,O3,http://dd.eionet.europa.eu/vocabulary/aq/pollutant/7,hour,19.3582900000,µg/m3,2018-10-01 07:00:00 +01:00,2018-10-01 08:00:00 +01:00,1,1
GB,http://environment.data.gov.uk/air-quality/so,GB_Network_1,Station_GB1024A,,GB_SamplingPoint_74174,GB_StationProcess_918,GB_SamplingFeature_918,O3,http://dd.eionet.europa.eu/vocabulary/aq/pollutant/7,hour,16.9135600000,µg/m3,2018-10-01 08:00:00 +01:00,2018-10-01 09:00:00 +01:00,1,1
GB,http://environment.data.gov.uk/air-quality/so,GB_Network_1,Station_GB1024A,,GB_SamplingPoint_74174,GB_StationProcess_918,GB_SamplingFeature_918,O3,http://dd.eionet.europa.eu/vocabulary/aq/pollutant/7,hour,40.5626000000,µg/m3,2018-10-01 10:00:00 +01:00,2018-10-01 11:00:00 +01:00,1,1
GB,http://environment.data.gov.uk/air-quality/so,GB_Network_1,Station_GB1024A,,GB_SamplingPoint_74174,GB_StationProcess_918,GB_SamplingFeature_918,O3,http://dd.eionet.europa.eu/vocabulary/aq/pollutant/7,hour,48.9445400000,µg/m3,2018-10-01 11:00:00 +01:00,2018-10-01 12:00:00 +01:00,1,1
GB,http://environment.data.gov.uk/air-quality/so,GB_Network_1,Station_GB1024A,,GB_SamplingPoint_74174,GB_StationProcess_918,GB_SamplingFeature_918,O3,http://dd.eionet.europa.eu/vocabulary/aq/pollutant/7,hour,48.4955100000,µg/m3,2018-10-01 12:00:00 +01:00,2018-10-01 13:00:00 +01:00,1,1
GB,http://environment.data.gov.uk/air-quality/so,GB_Network_1,Station_GB1024A,,GB_SamplingPoint_74174,GB_StationProcess_918,GB_SamplingFeature_918,O3,http://dd.eionet.europa.eu/vocabulary/aq/pollutant/7,hour,51.5888500000,µg/m3,2018-10-01 13:00:00 +01:00,2018-10-01 14:00:00 +01:00,1,1
GB,http://environment.data.gov.uk/air-quality/so,GB_Network_1,Station_GB1024A,,GB_SamplingPoint_74174,GB_StationProcess_918,GB_SamplingFeature_918,O3,http://dd.eionet.europa.eu/vocabulary/aq/pollutant/7,hour,52.9858400000,µg/m3,2018-10-01 15:00:00 +01:00,2018-10-01 16:00:00 +01:00,1,1
GB,http://environment.data.gov.uk/air-quality/so,GB_Network_1,Station_GB1024A,,GB_SamplingPoint_74174,GB_StationProcess_918,GB_SamplingFeature_918,O3,http://dd.eionet.europa.eu/vocabulary/aq/pollutant/7,hour,49.9423900000,µg/m3,2018-10-01 16:00:00 +01:00,2018-10-01 17:00:00 +01:00,1,1
GB,http://environment.data.gov.uk/air-quality/so,GB_Network_1,Station_GB1024A,,GB_SamplingPoint_74174,GB_StationProcess_918,GB_SamplingFeature_918,O3,http://dd.eionet.europa.eu/vocabulary/aq/pollutant/7,hour,33.2783000000,µg/m3,2018-10-01 19:00:00 +01:00,2018-10-01 20:00:00 +01:00,1,1
GB,http://environment.data.gov.uk/air-quality/so,GB_Network_1,Station_GB1024A,,GB_SamplingPoint_74174,GB_StationProcess_918,GB_SamplingFeature_918,O3,http://dd.eionet.europa.eu/vocabulary/aq/pollutant/7,hour,13.0718400000,µg/m3,2018-10-01 20:00:00 +01:00,2018-10-01 21:00:00 +01:00,1,1
GB,http://environment.data.gov.uk/air-quality/so,GB_Network_1,Station_GB1024A,,GB_SamplingPoint_74174,GB_StationProcess_918,GB_SamplingFeature_918,O3,http://dd.eionet.europa.eu/vocabulary/aq/pollutant/7,hour,26.5927000000,µg/m3,2018-10-01 22:00:00 +01:00,2018-10-01 23:00:00 +01:00,1,1
GB,http://environment.data.gov.uk/air-quality/so,GB_Network_1,Station_GB1024A,,GB_SamplingPoint_74174,GB_StationProcess_918,GB_SamplingFeature_918,O3,http://dd.eionet.europa.eu/vocabulary/aq/pollutant/7,hour,39.6645400000,µg/m3,2018-10-01 23:00:00 +01:00,2018-10-02 00:00:00 +01:00,1,1
GB,http://environment.data.gov.uk/air-quality/so,GB_Network_1,Station_GB1024A,,GB_SamplingPoint_74174,GB_StationProcess_918,GB_SamplingFeature_918,O3,http://dd.eionet.europa.eu/vocabulary/aq/pollutant/7,hour,43.5561500000,µg/m3,2018-10-02 00:00:00 +01:00,2018-10-02 01:00:00 +01:00,1,1
GB,http://environment.data.gov.uk/air-quality/so,GB_Network_1,Station_GB1024A,,GB_SamplingPoint_74174,GB_StationProcess_918,GB_SamplingFeature_918,O3,http://dd.eionet.europa.eu/vocabulary/aq/pollutant/7,hour,54.6821800000,µg/m3,2018-10-02 03:00:00 +01:00,2018-10-02 04:00:00 +01:00,1,1
GB,http://environment.data.gov.uk/air-quality/so,GB_Network_1,Station_GB1024A,,GB_SamplingPoint_74174,GB_StationProcess_918,GB_SamplingFeature_918,O3,http://dd.eionet.europa.eu/vocabulary/aq/pollutant/7,hour,54.4327200000,µg/m3,2018-10-02 04:00:00 +01:00,2018-10-02 05:00:00 +01:00,1,1
GB,http://environment.data.gov.uk/air-quality/so,GB_Network_1,Station_GB1024A,,GB_SamplingPoint_74174,GB_StationProcess_918,GB_SamplingFeature_918,O3,http://dd.eionet.europa.eu/vocabulary/aq/pollutant/7,hour,51.9380900000,µg/m3,2018-10-02 05:00:00 +01:00,2018-10-02 06:00:00 +01:00,1,1
GB,http://environment.data.gov.uk/air-quality/so,GB_Network_1,Station_GB1024A,,GB_SamplingPoint_74174,GB_StationProcess_918,GB_SamplingFeature_918,O3,http://dd.eionet.europa.eu/vocabulary/aq/pollutant/7,hour,46.6494900000,µg/m3,2018-10-02 06:00:00 +01:00,2018-10-02 07:00:00 +01:00,1,1
GB,http://environment.data.gov.uk/air-quality/so,GB_Network_1,Station_GB1024A,,GB_SamplingPoint_74174,GB_StationProcess_918,GB_SamplingFeature_918,O3,http://dd.eionet.europa.eu/vocabulary/aq/pollutant/7,hour,14.4189300000,µg/m3,2018-10-02 08:00:00 +01:00,2018-10-02 09:00:00 +01:00,1,1
GB,http://environment.data.gov.uk/air-quality/so,GB_Network_1,Station_GB1024A,,GB_SamplingPoint_74174,GB_StationProcess_918,GB_SamplingFeature_918,O3,http://dd.eionet.europa.eu/vocabulary/aq/pollutant/7,hour,40.4628200000,µg/m3,2018-10-02 10:00:00 +01:00,2018-10-02 11:00:00 +01:00,1,1
GB,http://environment.data.gov.uk/air-quality/so,GB_Network_1,Station_GB1024A,,GB_SamplingPoint_74174,GB_StationProcess_918,GB_SamplingFeature_918,O3,http://dd.eionet.europa.eu/vocabulary/aq/pollutant/7,hour,45.7514200000,µg/m3,2018-10-02 11:00:00 +01:00,2018-10-02 12:00:00 +01:00,1,1
GB,http://environment.data.gov.uk/air-quality/so,GB_Network_1,Station_GB1024A,,GB_SamplingPoint_74174,GB_StationProcess_918,GB_SamplingFeature_918,O3,http://dd.eionet.europa.eu/vocabulary/aq/pollutant/7,hour,54.7819700000,µg/m3,2018-10-02 16:00:00 +01:00,2018-10-02 17:00:00 +01:00,1,1
GB,http://environment.data.gov.uk/air-quality/so,GB_Network_1,Station_GB1024A,,GB_SamplingPoint_74174,GB_StationProcess_918,GB_SamplingFeature_918,O3,http://dd.eionet.europa.eu/vocabulary/aq/pollutant/7,hour,55.1312100000,µg/m3,2018-10-02 17:00:00 +01:00,2018-10-02 18:00:00 +01:00,1,1
GB,http://environment.data.gov.uk/air-quality/so,GB_Network_1,Station_GB1024A,,GB_SamplingPoint_74174,GB_StationProcess_918,GB_SamplingFeature_918,O3,http://dd.eionet.europa.eu/vocabulary/aq/pollutant/7,hour,47.0985200000,µg/m3,2018-10-02 18:00:00 +01:00,2018-10-02 19:00:00 +01:00,1,1
GB,http://environment.data.gov.uk/air-quality/so,GB_Network_1,Station_GB1024A,,GB_SamplingPoint_74174,GB_StationProcess_918,GB_SamplingFeature_918,O3,http://dd.eionet.europa.eu/vocabulary/aq/pollutant/7,hour,40.6623900000,µg/m3,2018-10-02 22:00:00 +01:00,2018-10-02 23:00:00 +01:00,1,1
GB,http://environment.data.gov.uk/air-quality/so,GB_Network_1,Station_GB1024A,,GB_SamplingPoint_74174,GB_StationProcess_918,GB_SamplingFeature_918,O3,http://dd.eionet.europa.eu/vocabulary/aq/pollutant/7,hour,40.1634600000,µg/m3,2018-10-02 23:00:00 +01:00,2018-10-03 00:00:00 +01:00,1,1
GB,http://environment.data.gov.uk/air-quality/so,GB_Network_1,Station_GB1024A,,GB_SamplingPoint_74174,GB_StationProcess_918,GB_SamplingFeature_918,O3,http://dd.eionet.europa.eu/vocabulary/aq/pollutant/7,hour,40.6457600000,µg/m3,2018-10-03 02:00:00 +01:00,2018-10-03 03:00:00 +01:00,1,1
GB,http://environment.data.gov.uk/air-quality/so,GB_Network_1,Station_GB1024A,,GB_SamplingPoint_74174,GB_StationProcess_918,GB_SamplingFeature_918,O3,http://dd.eionet.europa.eu/vocabulary/aq/pollutant/7,hour,31.1828100000,µg/m3,2018-10-03 05:00:00 +01:00,2018-10-03 06:00:00 +01:00,1,1
GB,http://environment.data.gov.uk/air-quality/so,GB_Network_1,Station_GB1024A,,GB_SamplingPoint_74174,GB_StationProcess_918,GB_SamplingFeature_918,O3,http://dd.eionet.europa.eu/vocabulary/aq/pollutant/7,hour,19.3582900000,µg/m3,2018-10-03 06:00:00 +01:00,2018-10-03 07:00:00 +01:00,1,1
GB,http://environment.data.gov.uk/air-quality/so,GB_Network_1,Station_GB1024A,,GB_SamplingPoint_74174,GB_StationProcess_918,GB_SamplingFeature_918,O3,http://dd.eionet.europa.eu/vocabulary/aq/pollutant/7,hour,13.5208700000,µg/m3,2018-10-03 09:00:00 +01:00,2018-10-03 10:00:00 +01:00,1,1
GB,http://environment.data.gov.uk/air-quality/so,GB_Network_1,Station_GB1024A,,GB_SamplingPoint_74174,GB_StationProcess_918,GB_SamplingFeature_918,O3,http://dd.eionet.europa.eu/vocabulary/aq/pollutant/7,hour,27.7402300000,µg/m3,2018-10-03 10:00:00 +01:00,2018-10-03 11:00:00 +01:00,1,1
GB,http://environment.data.gov.uk/air-quality/so,GB_Network_1,Station_GB1024A,,GB_SamplingPoint_74174,GB_StationProcess_918,GB_SamplingFeature_918,O3,http://dd.eionet.europa.eu/vocabulary/aq/pollutant/7,hour,36.4714200000,µg/m3,2018-10-03 11:00:00 +01:00,2018-10-03 12:00:00 +01:00,1,1
GB,http://environment.data.gov.uk/air-quality/so,GB_Network_1,Station_GB1024A,,GB_SamplingPoint_74174,GB_StationProcess_918,GB_SamplingFeature_918,O3,http://dd.eionet.europa.eu/vocabulary/aq/pollutant/7,hour,40.4129300000,µg/m3,2018-10-03 12:00:00 +01:00,2018-10-03 13:00:00 +01:00,1,1
GB,http://environment.data.gov.uk/air-quality/so,GB_Network_1,Station_GB1024A,,GB_SamplingPoint_74174,GB_StationProcess_918,GB_SamplingFeature_918,O3,http://dd.eionet.europa.eu/vocabulary/aq/pollutant/7,hour,41.1613100000,µg/m3,2018-10-03 13:00:00 +01:00,2018-10-03 14:00:00 +01:00,1,1
GB,http://environment.data.gov.uk/air-quality/so,GB_Network_1,Station_GB1024A,,GB_SamplingPoint_74174,GB_StationProcess_918,GB_SamplingFeature_918,O3,http://dd.eionet.europa.eu/vocabulary/aq/pollutant/7,hour,41.6602400000,µg/m3,2018-10-03 15:00:00 +01:00,2018-10-03 16:00:00 +01:00,1,1
GB,http://environment.data.gov.uk/air-quality/so,GB_Network_1,Station_GB1024A,,GB_SamplingPoint_74174,GB_StationProcess_918,GB_SamplingFeature_918,O3,http://dd.eionet.europa.eu/vocabulary/aq/pollutant/7,hour,41.2112100000,µg/m3,2018-10-03 16:00:00 +01:00,2018-10-03 17:00:00 +01:00,1,1
GB,http://environment.data.gov.uk/air-quality/so,GB_Network_1,Station_GB1024A,,GB_SamplingPoint_74174,GB_StationProcess_918,GB_SamplingFeature_918,O3,http://dd.eionet.europa.eu/vocabulary/aq/pollutant/7,hour,21.6533500000,µg/m3,2018-10-03 18:00:00 +01:00,2018-10-03 19:00:00 +01:00,1,1
GB,http://environment.data.gov.uk/air-quality/so,GB_Network_1,Station_GB1024A,,GB_SamplingPoint_74174,GB_StationProcess_918,GB_SamplingFeature_918,O3,http://dd.eionet.europa.eu/vocabulary/aq/pollutant/7,hour,0.9479600000,µg/m3,2018-10-03 21:00:00 +01:00,2018-10-03 22:00:00 +01:00,2,1
GB,http://environment.data.gov.uk/air-quality/so,GB_Network_1,Station_GB1024A,,GB_SamplingPoint_74174,GB_StationProcess_918,GB_SamplingFeature_918,O3,http://dd.eionet.europa.eu/vocabulary/aq/pollutant/7,hour,0.9479600000,µg/m3,2018-10-03 22:00:00 +01:00,2018-10-03 23:00:00 +01:00,2,1
GB,http://environment.data.gov.uk/air-quality/so,GB_Network_1,Station_GB1024A,,GB_SamplingPoint_74174,GB_StationProcess_918,GB_SamplingFeature_918,O3,http://dd.eionet.europa.eu/vocabulary/aq/pollutant/7,hour,1.7961300000,µg/m3,2018-10-03 23:00:00 +01:00,2018-10-04 00:00:00 +01:00,2,1
GB,http://environment.data.gov.uk/air-quality/so,GB_Network_1,Station_GB1024A,,GB_SamplingPoint_74174,GB_StationProcess_918,GB_SamplingFeature_918,O3,http://dd.eionet.europa.eu/vocabulary/aq/pollutant/7,hour,1.2639400000,µg/m3,2018-10-04 01:00:00 +01:00,2018-10-04 02:00:00 +01:00,2,1
GB,http://environment.data.gov.uk/air-quality/so,GB_Network_1,Station_GB1024A,,GB_SamplingPoint_74174,GB_StationProcess_918,GB_SamplingFeature_918,O3,http://dd.eionet.europa.eu/vocabulary/aq/pollutant/7,hour,1.4635100000,µg/m3,2018-10-04 02:00:00 +01:00,2018-10-04 03:00:00 +01:00,2,1
GB,http://environment.data.gov.uk/air-quality/so,GB_Network_1,Station_GB1024A,,GB_SamplingPoint_74174,GB_StationProcess_918,GB_SamplingFeature_918,O3,http://dd.eionet.europa.eu/vocabulary/aq/pollutant/7,hour,3.9914000000,µg/m3,2018-10-04 03:00:00 +01:00,2018-10-04 04:00:00 +01:00,2,1
GB,http://environment.data.gov.uk/air-quality/so,GB_Network_1,Station_GB1024A,,GB_SamplingPoint_74174,GB_StationProcess_918,GB_SamplingFeature_918,O3,http://dd.eionet.europa.eu/vocabulary/aq/pollutant/7,hour,4.9892500000,µg/m3,2018-10-04 04:00:00 +01:00,2018-10-04 05:00:00 +01:00,2,1
GB,http://environment.data.gov.uk/air-quality/so,GB_Network_1,Station_GB1024A,,GB_SamplingPoint_74174,GB_StationProcess_918,GB_SamplingFeature_918,O3,http://dd.eionet.europa.eu/vocabulary/aq/pollutant/7,hour,4.0911900000,µg/m3,2018-10-04 06:00:00 +01:00,2018-10-04 07:00:00 +01:00,2,1
GB,http://environment.data.gov.uk/air-quality/so,GB_Network_1,Station_GB1024A,,GB_SamplingPoint_74174,GB_StationProcess_918,GB_SamplingFeature_918,O3,http://dd.eionet.europa.eu/vocabulary/aq/pollutant/7,hour,3.9415100000,µg/m3,2018-10-04 08:00:00 +01:00,2018-10-04 09:00:00 +01:00,2,1
GB,http://environment.data.gov.uk/air-quality/so,GB_Network_1,Station_GB1024A,,GB_SamplingPoint_74174,GB_StationProcess_918,GB_SamplingFeature_918,O3,http://dd.eionet.europa.eu/vocabulary/aq/pollutant/7,hour,4.4404300000,µg/m3,2018-10-04 09:00:00 +01:00,2018-10-04 10:00:00 +01:00,2,1
GB,http://environment.data.gov.uk/air-quality/so,GB_Network_1,Station_GB1024A,,GB_SamplingPoint_74174,GB_StationProcess_918,GB_SamplingFeature_918,O3,http://dd.eionet.europa.eu/vocabulary/aq/pollutant/7,hour,10.1780700000,µg/m3,2018-10-04 11:00:00 +01:00,2018-10-04 12:00:00 +01:00,1,1
GB,http://environment.data.gov.uk/air-quality/so,GB_Network_1,Station_GB1024A,,GB_SamplingPoint_74174,GB_StationProcess_918,GB_SamplingFeature_918,O3,http://dd.eionet.europa.eu/vocabulary/aq/pollutant/7,hour,12.3733400000,µg/m3,2018-10-04 12:00:00 +01:00,2018-10-04 13:00:00 +01:00,1,1
GB,http://environment.data.gov.uk/air-quality/so,GB_Network_1,Station_GB1024A,,GB_SamplingPoint_74174,GB_StationProcess_918,GB_SamplingFeature_918,O3,http://dd.eionet.europa.eu/vocabulary/aq/pollutant/7,hour,18.6598000000,µg/m3,2018-10-04 13:00:00 +01:00,2018-10-04 14:00:00 +01:00,1,1
GB,http://environment.data.gov.uk/air-quality/so,GB_Network_1,Station_GB1024A,,GB_SamplingPoint_74174,GB_StationProcess_918,GB_SamplingFeature_918,O3,http://dd.eionet.europa.eu/vocabulary/aq/pollutant/7,hour,28.9376500000,µg/m3,2018-10-04 16:00:00 +01:00,2018-10-04 17:00:00 +01:00,1,1
GB,http://environment.data.gov.uk/air-quality/so,GB_Network_1,Station_GB1024A,,GB_SamplingPoint_74174,GB_StationProcess_918,GB_SamplingFeature_918,O3,http://dd.eionet.europa.eu/vocabulary/aq/pollutant/7,hour,27.0417400000,µg/m3,2018-10-04 17:00:00 +01:00,2018-10-04 18:00:00 +01:00,1,1
GB,http://environment.data.gov.uk/air-quality/so,GB_Network_1,Station_GB1024A,,GB_SamplingPoint_74174,GB_StationProcess_918,GB_SamplingFeature_918,O3,http://dd.eionet.europa.eu/vocabulary/aq/pollutant/7,hour,14.5187200000,µg/m3,2018-10-04 18:00:00 +01:00,2018-10-04 19:00:00 +01:00,1,1
GB,http://environment.data.gov.uk/air-quality/so,GB_Network_1,Station_GB1024A,,GB_SamplingPoint_74174,GB_StationProcess_918,GB_SamplingFeature_918,O3,http://dd.eionet.europa.eu/vocabulary/aq/pollutant/7,hour,14.2193600000,µg/m3,2018-10-04 19:00:00 +01:00,2018-10-04 20:00:00 +01:00,1,1
GB,http://environment.data.gov.uk/air-quality/so,GB_Network_1,Station_GB1024A,,GB_SamplingPoint_74174,GB_StationProcess_918,GB_SamplingFeature_918,O3,http://dd.eionet.europa.eu/vocabulary/aq/pollutant/7,hour,23.0004400000,µg/m3,2018-10-04 20:00:00 +01:00,2018-10-04 21:00:00 +01:00,1,1
GB,http://environment.data.gov.uk/air-quality/so,GB_Network_1,Station_GB1024A,,GB_SamplingPoint_74174,GB_StationProcess_918,GB_SamplingFeature_918,O3,http://dd.eionet.europa.eu/vocabulary/aq/pollutant/7,hour,29.3367900000,µg/m3,2018-10-04 22:00:00 +01:00,2018-10-04 23:00:00 +01:00,1,1
GB,http://environment.data.gov.uk/air-quality/so,GB_Network_1,Station_GB1024A,,GB_SamplingPoint_74174,GB_StationProcess_918,GB_SamplingFeature_918,O3,http://dd.eionet.europa.eu/vocabulary/aq/pollutant/7,hour,33.4778700000,µg/m3,2018-10-04 23:00:00 +01:00,2018-10-05 00:00:00 +01:00,1,1
GB,http://environment.data.gov.uk/air-quality/so,GB_Network_1,Station_GB1024A,,GB_SamplingPoint_74174,GB_StationProcess_918,GB_SamplingFeature_918,O3,http://dd.eionet.europa.eu/vocabulary/aq/pollutant/7,hour,15.9656000000,µg/m3,2018-10-05 00:00:00 +01:00,2018-10-05 01:00:00 +01:00,1,1
GB,http://environment.data.gov.uk/air-quality/so,GB_Network_1,Station_GB1024A,,GB_SamplingPoint_74174,GB_StationProcess_918,GB_SamplingFeature_918,O3,http://dd.eionet.europa.eu/vocabulary/aq/pollutant/7,hour,3.7918300000,µg/m3,2018-10-05 03:00:00 +01:00,2018-10-05 04:00:00 +01:00,2,1
GB,http://environment.data.gov.uk/air-quality/so,GB_Network_1,Station_GB1024A,,GB_SamplingPoint_74174,GB_StationProcess_918,GB_SamplingFeature_918,O3,http://dd.eionet.europa.eu/vocabulary/aq/pollutant/7,hour,1.5965600000,µg/m3,2018-10-05 04:00:00 +01:00,2018-10-05 05:00:00 +01:00,2,1
GB,http://environment.data.gov.uk/air-quality/so,GB_Network_1,Station_GB1024A,,GB_SamplingPoint_74174,GB_StationProcess_918,GB_SamplingFeature_918,O3,http://dd.eionet.europa.eu/vocabulary/aq/pollutant/7,hour,1.4967800000,µg/m3,2018-10-05 05:00:00 +01:00,2018-10-05 06:00:00 +01:00,2,1
GB,http://environment.data.gov.uk/air-quality/so,GB_Network_1,Station_GB1024A,,GB_SamplingPoint_74174,GB_StationProcess_918,GB_SamplingFeature_918,O3,http://dd.eionet.europa.eu/vocabulary/aq/pollutant/7,hour,0.6486000000,µg/m3,2018-10-05 08:00:00 +01:00,2018-10-05 09:00:00 +01:00,2,1
GB,http://environment.data.gov.uk/air-quality/so,GB_Network_1,Station_GB1024A,,GB_SamplingPoint_74174,GB_StationProcess_918,GB_SamplingFeature_918,O3,http://dd.eionet.europa.eu/vocabulary/aq/pollutant/7,hour,1.6963500000,µg/m3,2018-10-05 09:00:00 +01:00,2018-10-05 10:00:00 +01:00,2,1
GB,http://environment.data.gov.uk/air-quality/so,GB_Network_1,Station_GB1024A,,GB_SamplingPoint_74174,GB_StationProcess_918,GB_SamplingFeature_918,O3,http://dd.eionet.europa.eu/vocabulary/aq/pollutant/7,hour,16.0653900000,µg/m3,2018-10-05 12:00:00 +01:00,2018-10-05 13:00:00 +01:00,1,1
GB,http://environment.data.gov.uk/air-quality/so,GB_Network_1,Station_GB1024A,,GB_SamplingPoint_74174,GB_StationProcess_918,GB_SamplingFeature_918,O3,http://dd.eionet.europa.eu/vocabulary/aq/pollutant/7,hour,25.0460400000,µg/m3,2018-10-05 13:00:00 +01:00,2018-10-05 14:00:00 +01:00,1,1
GB,http://environment.data.gov.uk/air-quality/so,GB_Network_1,Station_GB1024A,,GB_SamplingPoint_74174,GB_StationProcess_918,GB_SamplingFeature_918,O3,http://dd.eionet.europa.eu/vocabulary/aq/pollutant/7,hour,32.6297000000,µg/m3,2018-10-05 14:00:00 +01:00,2018-10-05 15:00:00 +01:00,1,1
GB,http://environment.data.gov.uk/air-quality/so,GB_Network_1,Station_GB1024A,,GB_SamplingPoint_74174,GB_StationProcess_918,GB_SamplingFeature_918,O3,http://dd.eionet.europa.eu/vocabulary/aq/pollutant/7,hour,55.9294900000,µg/m3,2018-10-05 16:00:00 +01:00,2018-10-05 17:00:00 +01:00,1,1
GB,http://environment.data.gov.uk/air-quality/so,GB_Network_1,Station_GB1024A,,GB_SamplingPoint_74174,GB_StationProcess_918,GB_SamplingFeature_918,O3,http://dd.eionet.europa.eu/vocabulary/aq/pollutant/7,hour,37.8185200000,µg/m3,2018-10-05 17:00:00 +01:00,2018-10-05 18:00:00 +01:00,1,1
GB,http://environment.data.gov.uk/air-quality/so,GB_Network_1,Station_GB1024A,,GB_SamplingPoint_74174,GB_StationProcess_918,GB_SamplingFeature_918,O3,http://dd.eionet.europa.eu/vocabulary/aq/pollutant/7,hour,1.2972100000,µg/m3,2018-10-05 20:00:00 +01:00,2018-10-05 21:00:00 +01:00,2,1
GB,http://environment.data.gov.uk/air-quality/so,GB_Network_1,Station_GB1024A,,GB_SamplingPoint_74174,GB_StationProcess_918,GB_SamplingFeature_918,O3,http://dd.eionet.europa.eu/vocabulary/aq/pollutant/7,hour,1.9957000000,µg/m3,2018-10-06 00:00:00 +01:00,2018-10-06 01:00:00 +01:00,2,1
GB,http://environment.data.gov.uk/air-quality/so,GB_Network_1,Station_GB1024A,,GB_SamplingPoint_74174,GB_StationProcess_918,GB_SamplingFeature_918,O3,http://dd.eionet.europa.eu/vocabulary/aq/pollutant/7,hour,2.2617900000,µg/m3,2018-10-06 01:00:00 +01:00,2018-10-06 02:00:00 +01:00,2,1
GB,http://environment.data.gov.uk/air-quality/so,GB_Network_1,Station_GB1024A,,GB_SamplingPoint_74174,GB_StationProcess_918,GB_SamplingFeature_918,O3,http://dd.eionet.europa.eu/vocabulary/aq/pollutant/7,hour,0.9978500000,µg/m3,2018-10-06 02:00:00 +01:00,2018-10-06 03:00:00 +01:00,2,1
GB,http://environment.data.gov.uk/air-quality/so,GB_Network_1,Station_GB1024A,,GB_SamplingPoint_74174,GB_StationProcess_918,GB_SamplingFeature_918,O3,http://dd.eionet.europa.eu/vocabulary/aq/pollutant/7,hour,0.7483900000,µg/m3,2018-10-06 03:00:00 +01:00,2018-10-06 04:00:00 +01:00,2,1
GB,http://environment.data.gov.uk/air-quality/so,GB_Network_1,Station_GB1024A,,GB_SamplingPoint_74174,GB_StationProcess_918,GB_SamplingFeature_918,O3,http://dd.eionet.europa.eu/vocabulary/aq/pollutant/7,hour,1.5965600000,µg/m3,2018-10-06 05:00:00 +01:00,2018-10-06 06:00:00 +01:00,2,1
GB,http://environment.data.gov.uk/air-quality/so,GB_Network_1,Station_GB1024A,,GB_SamplingPoint_74174,GB_StationProcess_918,GB_SamplingFeature_918,O3,http://dd.eionet.europa.eu/vocabulary/aq/pollutant/7,hour,9.1802200000,µg/m3,2018-10-06 06:00:00 +01:00,2018-10-06 07:00:00 +01:00,1,1
GB,http://environment.data.gov.uk/air-quality/so,GB_Network_1,Station_GB1024A,,GB_SamplingPoint_74174,GB_StationProcess_918,GB_SamplingFeature_918,O3,http://dd.eionet.europa.eu/vocabulary/aq/pollutant/7,hour,32.0309900000,µg/m3,2018-10-06 08:00:00 +01:00,2018-10-06 09:00:00 +01:00,1,1
GB,http://environment.data.gov.uk/air-quality/so,GB_Network_1,Station_GB1024A,,GB_SamplingPoint_74174,GB_StationProcess_918,GB_SamplingFeature_918,O3,http://dd.eionet.europa.eu/vocabulary/aq/pollutant/7,hour,40.3630300000,µg/m3,2018-10-06 09:00:00 +01:00,2018-10-06 10:00:00 +01:00,1,1
GB,http://environment.data.gov.uk/air-quality/so,GB_Network_1,Station_GB1024A,,GB_SamplingPoint_74174,GB_StationProcess_918,GB_SamplingFeature_918,O3,http://dd.eionet.europa.eu/vocabulary/aq/pollutant/7,hour,40.8619600000,µg/m3,2018-10-06 10:00:00 +01:00,2018-10-06 11:00:00 +01:00,1,1
GB,http://environment.data.gov.uk/air-quality/so,GB_Network_1,Station_GB1024A,,GB_SamplingPoint_74174,GB_StationProcess_918,GB_SamplingFeature_918,O3,http://dd.eionet.europa.eu/vocabulary/aq/pollutant/7,hour,62.3157300000,µg/m3,2018-10-06 14:00:00 +01:00,2018-10-06 15:00:00 +01:00,1,1
GB,http://environment.data.gov.uk/air-quality/so,GB_Network_1,Station_GB1024A,,GB_SamplingPoint_74174,GB_StationProcess_918,GB_SamplingFeature_918,O3,http://dd.eionet.europa.eu/vocabulary/aq/pollutant/7,hour,62.6150900000,µg/m3,2018-10-06 17:00:00 +01:00,2018-10-06 18:00:00 +01:00,1,1
GB,http://environment.data.gov.uk/air-quality/so,GB_Network_1,Station_GB1024A,,GB_SamplingPoint_74174,GB_StationProcess_918,GB_SamplingFeature_918,O3,http://dd.eionet.europa.eu/vocabulary/aq/pollutant/7,hour,57.4262700000,µg/m3,2018-10-06 20:00:00 +01:00,2018-10-06 21:00:00 +01:00,1,1
GB,http://environment.data.gov.uk/air-quality/so,GB_Network_1,Station_GB1024A,,GB_SamplingPoint_74174,GB_StationProcess_918,GB_SamplingFeature_918,O3,http://dd.eionet.europa.eu/vocabulary/aq/pollutant/7,hour,52.7363700000,µg/m3,2018-10-06 21:00:00 +01:00,2018-10-06 22:00:00 +01:00,1,1
GB,http://environment.data.gov.uk/air-quality/so,GB_Network_1,Station_GB1024A,,GB_SamplingPoint_74174,GB_StationProcess_918,GB_SamplingFeature_918,O3,http://dd.eionet.europa.eu/vocabulary/aq/pollutant/7,hour,47.6473400000,µg/m3,2018-10-06 22:00:00 +01:00,2018-10-06 23:00:00 +01:00,1,1
GB,http://environment.data.gov.uk/air-quality/so,GB_Network_1,Station_GB1024A,,GB_SamplingPoint_74174,GB_StationProcess_918,GB_SamplingFeature_918,O3,http://dd.eionet.europa.eu/vocabulary/aq/pollutant/7,hour,46.5996000000,µg/m3,2018-10-06 23:00:00 +01:00,2018-10-07 00:00:00 +01:00,1,1
GB,http://environment.data.gov.uk/air-quality/so,GB_Network_1,Station_GB1024A,,GB_SamplingPoint_74174,GB_StationProcess_918,GB_SamplingFeature_918,O3,http://dd.eionet.europa.eu/vocabulary/aq/pollutant/7,hour,47.3978800000,µg/m3,2018-10-07 00:00:00 +01:00,2018-10-07 01:00:00 +01:00,1,1
GB,http://environment.data.gov.uk/air-quality/so,GB_Network_1,Station_GB1024A,,GB_SamplingPoint_74174,GB_StationProcess_918,GB_SamplingFeature_918,O3,http://dd.eionet.europa.eu/vocabulary/aq/pollutant/7,hour,46.5663300000,µg/m3,2018-10-07 01:00:00 +01:00,2018-10-07 02:00:00 +01:00,1,1
GB,http://environment.data.gov.uk/air-quality/so,GB_Network_1,Station_GB1024A,,GB_SamplingPoint_74174,GB_StationProcess_918,GB_SamplingFeature_918,O3,http://dd.eionet.europa.eu/vocabulary/aq/pollutant/7,hour,47.7637500000,µg/m3,2018-10-07 02:00:00 +01:00,2018-10-07 03:00:00 +01:00,1,1
GB,http://environment.data.gov.uk/air-quality/so,GB_Network_1,Station_GB1024A,,GB_SamplingPoint_74174,GB_StationProcess_918,GB_SamplingFeature_918,O3,http://dd.eionet.europa.eu/vocabulary/aq/pollutant/7,hour,42.6580900000,µg/m3,2018-10-07 04:00:00 +01:00,2018-10-07 05:00:00 +01:00,1,1
GB,http://environment.data.gov.uk/air-quality/so,GB_Network_1,Station_GB1024A,,GB_SamplingPoint_74174,GB_StationProcess_918,GB_SamplingFeature_918,O3,http://dd.eionet.europa.eu/vocabulary/aq/pollutant/7,hour,40.4129300000,µg/m3,2018-10-07 05:00:00 +01:00,2018-10-07 06:00:00 +01:00,1,1
GB,http://environment.data.gov.uk/air-quality/so,GB_Network_1,Station_GB1024A,,GB_SamplingPoint_74174,GB_StationProcess_918,GB_SamplingFeature_918,O3,http://dd.eionet.europa.eu/vocabulary/aq/pollutant/7,hour,36.8206700000,µg/m3,2018-10-07 06:00:00 +01:00,2018-10-07 07:00:00 +01:00,1,1
GB,http://environment.data.gov.uk/air-quality/so,GB_Network_1,Station_GB1024A,,GB_SamplingPoint_74174,GB_StationProcess_918,GB_SamplingFeature_918,O3,http://dd.eionet.europa.eu/vocabulary/aq/pollutant/7,hour,31.4821700000,µg/m3,2018-10-07 07:00:00 +01:00,2018-10-07 08:00:00 +01:00,1,1
GB,http://environment.data.gov.uk/air-quality/so,GB_Network_1,Station_GB1024A,,GB_SamplingPoint_74174,GB_StationProcess_918,GB_SamplingFeature_918,O3,http://dd.eionet.europa.eu/vocabulary/aq/pollutant/7,hour,42.3587300000,µg/m3,2018-10-07 09:00:00 +01:00,2018-10-07 10:00:00 +01:00,1,1
GB,http://environment.data.gov.uk/air-quality/so,GB_Network_1,Station_GB1024A,,GB_SamplingPoint_74174,GB_StationProcess_918,GB_SamplingFeature_918,O3,http://dd.eionet.europa.eu/vocabulary/aq/pollutant/7,hour,53.9836900000,µg/m3,2018-10-07 11:00:00 +01:00,2018-10-07 12:00:00 +01:00,1,1
GB,http://environment.data.gov.uk/air-quality/so,GB_Network_1,Station_GB1024A,,GB_SamplingPoint_74174,GB_StationProcess_918,GB_SamplingFeature_918,O3,http://dd.eionet.europa.eu/vocabulary/aq/pollutant/7,hour,54.4327200000,µg/m3,2018-10-07 12:00:00 +01:00,2018-10-07 13:00:00 +01:00,1,1
GB,http://environment.data.gov.uk/air-quality/so,GB_Network_1,Station_GB1024A,,GB_SamplingPoint_74174,GB_StationProcess_918,GB_SamplingFeature_918,O3,http://dd.eionet.europa.eu/vocabulary/aq/pollutant/7,hour,56.4783100000,µg/m3,2018-10-07 13:00:00 +01:00,2018-10-07 14:00:00 +01:00,1,1
GB,http://environment.data.gov.uk/air-quality/so,GB_Network_1,Station_GB1024A,,GB_SamplingPoint_74174,GB_StationProcess_918,GB_SamplingFeature_918,O3,http://dd.eionet.europa.eu/vocabulary/aq/pollutant/7,hour,57.6757300000,µg/m3,2018-10-07 14:00:00 +01:00,2018-10-07 15:00:00 +01:00,1,1
GB,http://environment.data.gov.uk/air-quality/so,GB_Network_1,Station_GB1024A,,GB_SamplingPoint_74174,GB_StationProcess_918,GB_SamplingFeature_918,O3,http://dd.eionet.europa.eu/vocabulary/aq/pollutant/7,hour,41.0116400000,µg/m3,2018-10-07 17:00:00 +01:00,2018-10-07 18:00:00 +01:00,1,1
GB,http://environment.data.gov.uk/air-quality/so,GB_Network_1,Station_GB1024A,,GB_SamplingPoint_74174,GB_StationProcess_918,GB_SamplingFeature_918,O3,http://dd.eionet.europa.eu/vocabulary/aq/pollutant/7,hour,14.4688300000,µg/m3,2018-10-07 18:00:00 +01:00,2018-10-07 19:00:00 +01:00,1,1
GB,http://environment.data.gov.uk/air-quality/so,GB_Network_1,Station_GB1024A,,GB_SamplingPoint_74174,GB_StationProcess_918,GB_SamplingFeature_918,O3,http://dd.eionet.europa.eu/vocabulary/aq/pollutant/7,hour,4.4404300000,µg/m3,2018-10-07 21:00:00 +01:00,2018-10-07 22:00:00 +01:00,2,1
GB,http://environment.data.gov.uk/air-quality/so,GB_Network_1,Station_GB1024A,,GB_SamplingPoint_74174,GB_StationProcess_918,GB_SamplingFeature_918,O3,http://dd.eionet.europa.eu/vocabulary/aq/pollutant/7,hour,7.4339800000,µg/m3,2018-10-07 22:00:00 +01:00,2018-10-07 23:00:00 +01:00,1,1
GB,http://environment.data.gov.uk/air-quality/so,GB_Network_1,Station_GB1024A,,GB_SamplingPoint_74174,GB_StationProcess_918,GB_SamplingFeature_918,O3,http://dd.eionet.europa.eu/vocabulary/aq/pollutant/7,hour,1.5466700000,µg/m3,2018-10-07 23:00:00 +01:00,2018-10-08 00:00:00 +01:00,2,1
GB,http://environment.data.gov.uk/air-quality/so,GB_Network_1,Station_GB1024A,,GB_SamplingPoint_74174,GB_StationProcess_918,GB_SamplingFeature_918,O3,http://dd.eionet.europa.eu/vocabulary/aq/pollutant/7,hour,15.3668900000,µg/m3,2018-10-08 01:00:00 +01:00,2018-10-08 02:00:00 +01:00,1,1
GB,http://environment.data.gov.uk/air-quality/so,GB_Network_1,Station_GB1024A,,GB_SamplingPoint_74174,GB_StationProcess_918,GB_SamplingFeature_918,O3,http://dd.eionet.europa.eu/vocabulary/aq/pollutant/7,hour,25.6780100000,µg/m3,2018-10-08 02:00:00 +01:00,2018-10-08 03:00:00 +01:00,1,1
GB,http://environment.data.gov.uk/air-quality/so,GB_Network_1,Station_GB1024A,,GB_SamplingPoint_74174,GB_StationProcess_918,GB_SamplingFeature_918,O3,http://dd.eionet.europa.eu/vocabulary/aq/pollutant/7,hour,31.5320600000,µg/m3,2018-10-08 05:00:00 +01:00,2018-10-08 06:00:00 +01:00,1,1
GB,http://environment.data.gov.uk/air-quality/so,GB_Network_1,Station_GB1024A,,GB_SamplingPoint_74174,GB_StationProcess_918,GB_SamplingFeature_918,O3,http://dd.eionet.europa.eu/vocabulary/aq/pollutant/7,hour,10.3776400000,µg/m3,2018-10-08 07:00:00 +01:00,2018-10-08 08:00:00 +01:00,1,1
GB,http://environment.data.gov.uk/air-quality/so,GB_Network_1,Station_GB1024A,,GB_SamplingPoint_74174,GB_StationProcess_918,GB_SamplingFeature_918,O3,http://dd.eionet.europa.eu/vocabulary/aq/pollutant/7,hour,8.4817300000,µg/m3,2018-10-08 09:00:00 +01:00,2018-10-08 10:00:00 +01:00,1,1
GB,http://environment.data.gov.uk/air-quality/so,GB_Network_1,Station_GB1024A,,GB_SamplingPoint_74174,GB_StationProcess_918,GB_SamplingFeature_918,O3,http://dd.eionet.europa.eu/vocabulary/aq/pollutant/7,hour,17.1131300000,µg/m3,2018-10-08 10:00:00 +01:00,2018-10-08 11:00:00 +01:00,1,1
GB,http://environment.data.gov.uk/air-quality/so,GB_Network_1,Station_GB1024A,,GB_SamplingPoint_74174,GB_StationProcess_918,GB_SamplingFeature_918,O3,http://dd.eionet.europa.eu/vocabulary/aq/pollutant/7,hour,42.1591600000,µg/m3,2018-10-08 12:00:00 +01:00,2018-10-08 13:00:00 +01:00,1,1
GB,http://environment.data.gov.uk/air-quality/so,GB_Network_1,Station_GB1024A,,GB_SamplingPoint_74174,GB_StationProcess_918,GB_SamplingFeature_918,O3,http://dd.eionet.europa.eu/vocabulary/aq/pollutant/7,hour,43.5561500000,µg/m3,2018-10-08 13:00:00 +01:00,2018-10-08 14:00:00 +01:00,1,1
GB,http://environment.data.gov.uk/air-quality/so,GB_Network_1,Station_GB1024A,,GB_SamplingPoint_74174,GB_StationProcess_918,GB_SamplingFeature_918,O3,http://dd.eionet.europa.eu/vocabulary/aq/pollutant/7,hour,51.2894900000,µg/m3,2018-10-08 14:00:00 +01:00,2018-10-08 15:00:00 +01:00,1,1
GB,http://environment.data.gov.uk/air-quality/so,GB_Network_1,Station_GB1024A,,GB_SamplingPoint_74174,GB_StationProcess_918,GB_SamplingFeature_918,O3,http://dd.eionet.europa.eu/vocabulary/aq/pollutant/7,hour,37.9183000000,µg/m3,2018-10-08 19:00:00 +01:00,2018-10-08 20:00:00 +01:00,1,1
GB,http://environment.data.gov.uk/air-quality/so,GB_Network_1,Station_GB1024A,,GB_SamplingPoint_74174,GB_StationProcess_918,GB_SamplingFeature_918,O3,http://dd.eionet.europa.eu/vocabulary/aq/pollutant/7,hour,30.5342100000,µg/m3,2018-10-08 20:00:00 +01:00,2018-10-08 21:00:00 +01:00,1,1
GB,http://environment.data.gov.uk/air-quality/so,GB_Network_1,Station_GB1024A,,GB_SamplingPoint_74174,GB_StationProcess_918,GB_SamplingFeature_918,O3,http://dd.eionet.europa.eu/vocabulary/aq/pollutant/7,hour,21.3539900000,µg/m3,2018-10-08 21:00:00 +01:00,2018-10-08 22:00:00 +01:00,1,1
GB,http://environment.data.gov.uk/air-quality/so,GB_Network_1,Station_GB1024A,,GB_SamplingPoint_74174,GB_StationProcess_918,GB_SamplingFeature_918,O3,http://dd.eionet.europa.eu/vocabulary/aq/pollutant/7,hour,22.9505500000,µg/m3,2018-10-08 22:00:00 +01:00,2018-10-08 23:00:00 +01:00,1,1
GB,http://environment.data.gov.uk/air-quality/so,GB_Network_1,Station_GB1024A,,GB_SamplingPoint_74174,GB_StationProcess_918,GB_SamplingFeature_918,O3,http://dd.eionet.europa.eu/vocabulary/aq/pollutant/7,hour,31.0830300000,µg/m3,2018-10-08 23:00:00 +01:00,2018-10-09 00:00:00 +01:00,1,1
GB,http://environment.data.gov.uk/air-quality/so,GB_Network_1,Station_GB1024A,,GB_SamplingPoint_74174,GB_StationProcess_918,GB_SamplingFeature_918,O3,http://dd.eionet.europa.eu/vocabulary/aq/pollutant/7,hour,43.5561500000,µg/m3,2018-10-09 00:00:00 +01:00,2018-10-09 01:00:00 +01:00,1,1
GB,http://environment.data.gov.uk/air-quality/so,GB_Network_1,Station_GB1024A,,GB_SamplingPoint_74174,GB_StationProcess_918,GB_SamplingFeature_918,O3,http://dd.eionet.europa.eu/vocabulary/aq/pollutant/7,hour,52.1542900000,µg/m3,2018-10-09 01:00:00 +01:00,2018-10-09 02:00:00 +01:00,1,1
GB,http://environment.data.gov.uk/air-quality/so,GB_Network_1,Station_GB1024A,,GB_SamplingPoint_74174,GB_StationProcess_918,GB_SamplingFeature_918,O3,http://dd.eionet.europa.eu/vocabulary/aq/pollutant/7,hour,46.0507800000,µg/m3,2018-10-09 03:00:00 +01:00,2018-10-09 04:00:00 +01:00,1,1
GB,http://environment.data.gov.uk/air-quality/so,GB_Network_1,Station_GB1024A,,GB_SamplingPoint_74174,GB_StationProcess_918,GB_SamplingFeature_918,O3,http://dd.eionet.europa.eu/vocabulary/aq/pollutant/7,hour,45.6017500000,µg/m3,2018-10-09 04:00:00 +01:00,2018-10-09 05:00:00 +01:00,1,1
GB,http://environment.data.gov.uk/air-quality/so,GB_Network_1,Station_GB1024A,,GB_SamplingPoint_74174,GB_StationProcess_918,GB_SamplingFeature_918,O3,http://dd.eionet.europa.eu/vocabulary/aq/pollutant/7,hour,3.8417200000,µg/m3,2018-10-09 07:00:00 +01:00,2018-10-09 08:00:00 +01:00,2,1
GB,http://environment.data.gov.uk/air-quality/so,GB_Network_1,Station_GB1024A,,GB_SamplingPoint_74174,GB_StationProcess_918,GB_SamplingFeature_918,O3,http://dd.eionet.europa.eu/vocabulary/aq/pollutant/7,hour,4.4404300000,µg/m3,2018-10-09 08:00:00 +01:00,2018-10-09 09:00:00 +01:00,2,1
GB,http://environment.data.gov.uk/air-quality/so,GB_Network_1,Station_GB1024A,,GB_SamplingPoint_74174,GB_StationProcess_918,GB_SamplingFeature_918,O3,http://dd.eionet.europa.eu/vocabulary/aq/pollutant/7,hour,40.3630300000,µg/m3,2018-10-09 10:00:00 +01:00,2018-10-09 11:00:00 +01:00,1,1
GB,http://environment.data.gov.uk/air-quality/so,GB_Network_1,Station_GB1024A,,GB_SamplingPoint_74174,GB_StationProcess_918,GB_SamplingFeature_918,O3,http://dd.eionet.europa.eu/vocabulary/aq/pollutant/7,hour,53.9337900000,µg/m3,2018-10-09 11:00:00 +01:00,2018-10-09 12:00:00 +01:00,1,1
GB,http://environment.data.gov.uk/air-quality/so,GB_Network_1,Station_GB1024A,,GB_SamplingPoint_74174,GB_StationProcess_918,GB_SamplingFeature_918,O3,http://dd.eionet.europa.eu/vocabulary/aq/pollutant/7,hour,58.2245500000,µg/m3,2018-10-09 12:00:00 +01:00,2018-10-09 13:00:00 +01:00,1,1
GB,http://environment.data.gov.uk/air-quality/so,GB_Network_1,Station_GB1024A,,GB_SamplingPoint_74174,GB_StationProcess_918,GB_SamplingFeature_918,O3,http://dd.eionet.europa.eu/vocabulary/aq/pollutant/7,hour,63.1639100000,µg/m3,2018-10-09 13:00:00 +01:00,2018-10-09 14:00:00 +01:00,1,1
GB,http://environment.data.gov.uk/air-quality/so,GB_Network_1,Station_GB1024A,,GB_SamplingPoint_74174,GB_StationProcess_918,GB_SamplingFeature_918,O3,http://dd.eionet.europa.eu/vocabulary/aq/pollutant/7,hour,75.4873500000,µg/m3,2018-10-09 14:00:00 +01:00,2018-10-09 15:00:00 +01:00,1,1
GB,http://environment.data.gov.uk/air-quality/so,GB_Network_1,Station_GB1024A,,GB_SamplingPoint_74174,GB_StationProcess_918,GB_SamplingFeature_918,O3,http://dd.eionet.europa.eu/vocabulary/aq/pollutant/7,hour,79.9277900000,µg/m3,2018-10-09 16:00:00 +01:00,2018-10-09 17:00:00 +01:00,1,1
GB,http://environment.data.gov.uk/air-quality/so,GB_Network_1,Station_GB1024A,,GB_SamplingPoint_74174,GB_StationProcess_918,GB_SamplingFeature_918,O3,http://dd.eionet.europa.eu/vocabulary/aq/pollutant/7,hour,72.9428400000,µg/m3,2018-10-09 17:00:00 +01:00,2018-10-09 18:00:00 +01:00,1,1
GB,http://environment.data.gov.uk/air-quality/so,GB_Network_1,Station_GB1024A,,GB_SamplingPoint_74174,GB_StationProcess_918,GB_SamplingFeature_918,O3,http://dd.eionet.europa.eu/vocabulary/aq/pollutant/7,hour,1.2972100000,µg/m3,2018-10-09 20:00:00 +01:00,2018-10-09 21:00:00 +01:00,2,1
GB,http://environment.data.gov.uk/air-quality/so,GB_Network_1,Station_GB1024A,,GB_SamplingPoint_74174,GB_StationProcess_918,GB_SamplingFeature_918,O3,http://dd.eionet.europa.eu/vocabulary/aq/pollutant/7,hour,1.2972100000,µg/m3,2018-10-09 21:00:00 +01:00,2018-10-09 22:00:00 +01:00,2,1
GB,http://environment.data.gov.uk/air-quality/so,GB_Network_1,Station_GB1024A,,GB_SamplingPoint_74174,GB_StationProcess_918,GB_SamplingFeature_918,O3,http://dd.eionet.europa.eu/vocabulary/aq/pollutant/7,hour,1.2972100000,µg/m3,2018-10-10 03:00:00 +01:00,2018-10-10 04:00:00 +01:00,2,1
GB,http://environment.data.gov.uk/air-quality/so,GB_Network_1,Station_GB1024A,,GB_SamplingPoint_74174,GB_StationProcess_918,GB_SamplingFeature_918,O3,http://dd.eionet.europa.eu/vocabulary/aq/pollutant/7,hour,0.9479600000,µg/m3,2018-10-10 04:00:00 +01:00,2018-10-10 05:00:00 +01:00,2,1
GB,http://environment.data.gov.uk/air-quality/so,GB_Network_1,Station_GB1024A,,GB_SamplingPoint_74174,GB_StationProcess_918,GB_SamplingFeature_918,O3,http://dd.eionet.europa.eu/vocabulary/aq/pollutant/7,hour,1.0976400000,µg/m3,2018-10-10 05:00:00 +01:00,2018-10-10 06:00:00 +01:00,2,1
GB,http://environment.data.gov.uk/air-quality/so,GB_Network_1,Station_GB1024A,,GB_SamplingPoint_74174,GB_StationProcess_918,GB_SamplingFeature_918,O3,http://dd.eionet.europa.eu/vocabulary/aq/pollutant/7,hour,1.8959200000,µg/m3,2018-10-10 08:00:00 +01:00,2018-10-10 09:00:00 +01:00,2,1
GB,http://environment.data.gov.uk/air-quality/so,GB_Network_1,Station_GB1024A,,GB_SamplingPoint_74174,GB_StationProcess_918,GB_SamplingFeature_918,O3,http://dd.eionet.europa.eu/vocabulary/aq/pollutant/7,hour,1.5466700000,µg/m3,2018-10-10 09:00:00 +01:00,2018-10-10 10:00:00 +01:00,2,1
GB,http://environment.data.gov.uk/air-quality/so,GB_Network_1,Station_GB1024A,,GB_SamplingPoint_74174,GB_StationProcess_918,GB_SamplingFeature_918,O3,http://dd.eionet.europa.eu/vocabulary/aq/pollutant/7,hour,12.3733400000,µg/m3,2018-10-10 10:00:00 +01:00,2018-10-10 11:00:00 +01:00,1,1
GB,http://environment.data.gov.uk/air-quality/so,GB_Network_1,Station_GB1024A,,GB_SamplingPoint_74174,GB_StationProcess_918,GB_SamplingFeature_918,O3,http://dd.eionet.europa.eu/vocabulary/aq/pollutant/7,hour,24.8464700000,µg/m3,2018-10-10 11:00:00 +01:00,2018-10-10 12:00:00 +01:00,1,1
GB,http://environment.data.gov.uk/air-quality/so,GB_Network_1,Station_GB1024A,,GB_SamplingPoint_74174,GB_StationProcess_918,GB_SamplingFeature_918,O3,http://dd.eionet.europa.eu/vocabulary/aq/pollutant/7,hour,33.9269000000,µg/m3,2018-10-10 12:00:00 +01:00,2018-10-10 13:00:00 +01:00,1,1
GB,http://environment.data.gov.uk/air-quality/so,GB_Network_1,Station_GB1024A,,GB_SamplingPoint_74174,GB_StationProcess_918,GB_SamplingFeature_918,O3,http://dd.eionet.europa.eu/vocabulary/aq/pollutant/7,hour,48.3957300000,µg/m3,2018-10-10 13:00:00 +01:00,2018-10-10 14:00:00 +01:00,1,1
GB,http://environment.data.gov.uk/air-quality/so,GB_Network_1,Station_GB1024A,,GB_SamplingPoint_74174,GB_StationProcess_918,GB_SamplingFeature_918,O3,http://dd.eionet.europa.eu/vocabulary/aq/pollutant/7,hour,63.3135800000,µg/m3,2018-10-10 14:00:00 +01:00,2018-10-10 15:00:00 +01:00,1,1
GB,http://environment.data.gov.uk/air-quality/so,GB_Network_1,Station_GB1024A,,GB_SamplingPoint_74174,GB_StationProcess_918,GB_SamplingFeature_918,O3,http://dd.eionet.europa.eu/vocabulary/aq/pollutant/7,hour,77.4830500000,µg/m3,2018-10-10 15:00:00 +01:00,2018-10-10 16:00:00 +01:00,1,1
GB,http://environment.data.gov.uk/air-quality/so,GB_Network_1,Station_GB1024A,,GB_SamplingPoint_74174,GB_StationProcess_918,GB_SamplingFeature_918,O3,http://dd.eionet.europa.eu/vocabulary/aq/pollutant/7,hour,53.9337900000,µg/m3,2018-10-10 17:00:00 +01:00,2018-10-10 18:00:00 +01:00,1,1
GB,http://environment.data.gov.uk/air-quality/so,GB_Network_1,Station_GB1024A,,GB_SamplingPoint_74174,GB_StationProcess_918,GB_SamplingFeature_918,O3,http://dd.eionet.europa.eu/vocabulary/aq/pollutant/7,hour,27.8899100000,µg/m3,2018-10-10 18:00:00 +01:00,2018-10-10 19:00:00 +01:00,1,1
GB,http://environment.data.gov.uk/air-quality/so,GB_Network_1,Station_GB1024A,,GB_SamplingPoint_74174,GB_StationProcess_918,GB_SamplingFeature_918,O3,http://dd.eionet.europa.eu/vocabulary/aq/pollutant/7,hour,19.5578600000,µg/m3,2018-10-10 19:00:00 +01:00,2018-10-10 20:00:00 +01:00,1,1
GB,http://environment.data.gov.uk/air-quality/so,GB_Network_1,Station_GB1024A,,GB_SamplingPoint_74174,GB_StationProcess_918,GB_SamplingFeature_918,O3,http://dd.eionet.europa.eu/vocabulary/aq/pollutant/7,hour,18.8094700000,µg/m3,2018-10-10 20:00:00 +01:00,2018-10-10 21:00:00 +01:00,1,1
GB,http://environment.data.gov.uk/air-quality/so,GB_Network_1,Station_GB1024A,,GB_SamplingPoint_74174,GB_StationProcess_918,GB_SamplingFeature_918,O3,http://dd.eionet.europa.eu/vocabulary/aq/pollutant/7,hour,3.7419400000,µg/m3,2018-10-10 23:00:00 +01:00,2018-10-11 00:00:00 +01:00,2,1
GB,http://environment.data.gov.uk/air-quality/so,GB_Network_1,Station_GB1024A,,GB_SamplingPoint_74174,GB_StationProcess_918,GB_SamplingFeature_918,O3,http://dd.eionet.europa.eu/vocabulary/aq/pollutant/7,hour,1.6464500000,µg/m3,2018-10-11 00:00:00 +01:00,2018-10-11 01:00:00 +01:00,2,1
GB,http://environment.data.gov.uk/air-quality/so,GB_Network_1,Station_GB1024A,,GB_SamplingPoint_74174,GB_StationProcess_918,GB_SamplingFeature_918,O3,http://dd.eionet.europa.eu/vocabulary/aq/pollutant/7,hour,1.7961300000,µg/m3,2018-10-11 01:00:00 +01:00,2018-10-11 02:00:00 +01:00,2,1
GB,http://environment.data.gov.uk/air-quality/so,GB_Network_1,Station_GB1024A,,GB_SamplingPoint_74174,GB_StationProcess_918,GB_SamplingFeature_918,O3,http://dd.eionet.europa.eu/vocabulary/aq/pollutant/7,hour,1.6963500000,µg/m3,2018-10-11 03:00:00 +01:00,2018-10-11 04:00:00 +01:00,2,1
GB,http://environment.data.gov.uk/air-quality/so,GB_Network_1,Station_GB1024A,,GB_SamplingPoint_74174,GB_StationProcess_918,GB_SamplingFeature_918,O3,http://dd.eionet.europa.eu/vocabulary/aq/pollutant/7,hour,22.3019500000,µg/m3,2018-10-11 04:00:00 +01:00,2018-10-11 05:00:00 +01:00,1,1
GB,http://environment.data.gov.uk/air-quality/so,GB_Network_1,Station_GB1024A,,GB_SamplingPoint_74174,GB_StationProcess_918,GB_SamplingFeature_918,O3,http://dd.eionet.europa.eu/vocabulary/aq/pollutant/7,hour,43.9054000000,µg/m3,2018-10-11 05:00:00 +01:00,2018-10-11 06:00:00 +01:00,1,1
GB,http://environment.data.gov.uk/air-quality/so,GB_Network_1,Station_GB1024A,,GB_SamplingPoint_74174,GB_StationProcess_918,GB_SamplingFeature_918,O3,http://dd.eionet.europa.eu/vocabulary/aq/pollutant/7,hour,51.8383100000,µg/m3,2018-10-11 06:00:00 +01:00,2018-10-11 07:00:00 +01:00,1,1
GB,http://environment.data.gov.uk/air-quality/so,GB_Network_1,Station_GB1024A,,GB_SamplingPoint_74174,GB_StationProcess_918,GB_SamplingFeature_918,O3,http://dd.eionet.europa.eu/vocabulary/aq/pollutant/7,hour,51.6886300000,µg/m3,2018-10-11 07:00:00 +01:00,2018-10-11 08:00:00 +01:00,1,1
GB,http://environment.data.gov.uk/air-quality/so,GB_Network_1,Station_GB1024A,,GB_SamplingPoint_74174,GB_StationProcess_918,GB_SamplingFeature_918,O3,http://dd.eionet.europa.eu/vocabulary/aq/pollutant/7,hour,51.2894900000,µg/m3,2018-10-11 09:00:00 +01:00,2018-10-11 10:00:00 +01:00,1,1
GB,http://environment.data.gov.uk/air-quality/so,GB_Network_1,Station_GB1024A,,GB_SamplingPoint_74174,GB_StationProcess_918,GB_SamplingFeature_918,O3,http://dd.eionet.europa.eu/vocabulary/aq/pollutant/7,hour,59.6215400000,µg/m3,2018-10-11 14:00:00 +01:00,2018-10-11 15:00:00 +01:00,1,1
GB,http://environment.data.gov.uk/air-quality/so,GB_Network_1,Station_GB1024A,,GB_SamplingPoint_74174,GB_StationProcess_918,GB_SamplingFeature_918,O3,http://dd.eionet.europa.eu/vocabulary/aq/pollutant/7,hour,51.5888500000,µg/m3,2018-10-11 17:00:00 +01:00,2018-10-11 18:00:00 +01:00,1,1
GB,http://environment.data.gov.uk/air-quality/so,GB_Network_1,Station_GB1024A,,GB_SamplingPoint_74174,GB_StationProcess_918,GB_SamplingFeature_918,O3,http://dd.eionet.europa.eu/vocabulary/aq/pollutant/7,hour,50.4912100000,µg/m3,2018-10-11 18:00:00 +01:00,2018-10-11 19:00:00 +01:00,1,1
GB,http://environment.data.gov.uk/air-quality/so,GB_Network_1,Station_GB1024A,,GB_SamplingPoint_74174,GB_StationProcess_918,GB_SamplingFeature_918,O3,http://dd.eionet.europa.eu/vocabulary/aq/pollutant/7,hour,48.5953000000,µg/m3,2018-10-11 20:00:00 +01:00,2018-10-11 21:00:00 +01:00,1,1
GB,http://environment.data.gov.uk/air-quality/so,GB_Network_1,Station_GB1024A,,GB_SamplingPoint_74174,GB_StationProcess_918,GB_SamplingFeature_918,O3,http://dd.eionet.europa.eu/vocabulary/aq/pollutant/7,hour,52.7363700000,µg/m3,2018-10-11 23:00:00 +01:00,2018-10-12 00:00:00 +01:00,1,1
GB,http://environment.data.gov.uk/air-quality/so,GB_Network_1,Station_GB1024A,,GB_SamplingPoint_74174,GB_StationProcess_918,GB_SamplingFeature_918,O3,http://dd.eionet.europa.eu/vocabulary/aq/pollutant/7,hour,47.7471200000,µg/m3,2018-10-12 00:00:00 +01:00,2018-10-12 01:00:00 +01:00,1,1
GB,http://environment.data.gov.uk/air-quality/so,GB_Network_1,Station_GB1024A,,GB_SamplingPoint_74174,GB_StationProcess_918,GB_SamplingFeature_918,O3,http://dd.eionet.europa.eu/vocabulary/aq/pollutant/7,hour,49.0277000000,µg/m3,2018-10-12 01:00:00 +01:00,2018-10-12 02:00:00 +01:00,1,1
GB,http://environment.data.gov.uk/air-quality/so,GB_Network_1,Station_GB1024A,,GB_SamplingPoint_74174,GB_StationProcess_918,GB_SamplingFeature_918,O3,http://dd.eionet.europa.eu/vocabulary/aq/pollutant/7,hour,52.1542900000,µg/m3,2018-10-12 02:00:00 +01:00,2018-10-12 03:00:00 +01:00,1,1
GB,http://environment.data.gov.uk/air-quality/so,GB_Network_1,Station_GB1024A,,GB_SamplingPoint_74174,GB_StationProcess_918,GB_SamplingFeature_918,O3,http://dd.eionet.europa.eu/vocabulary/aq/pollutant/7,hour,57.1768100000,µg/m3,2018-10-12 03:00:00 +01:00,2018-10-12 04:00:00 +01:00,1,1
GB,http://environment.data.gov.uk/air-quality/so,GB_Network_1,Station_GB1024A,,GB_SamplingPoint_74174,GB_StationProcess_918,GB_SamplingFeature_918,O3,http://dd.eionet.europa.eu/vocabulary/aq/pollutant/7,hour,60.1703600000,µg/m3,2018-10-12 06:00:00 +01:00,2018-10-12 07:00:00 +01:00,1,1
GB,http://environment.data.gov.uk/air-quality/so,GB_Network_1,Station_GB1024A,,GB_SamplingPoint_74174,GB_StationProcess_918,GB_SamplingFeature_918,O3,http://dd.eionet.europa.eu/vocabulary/aq/pollutant/7,hour,50.2916400000,µg/m3,2018-10-12 07:00:00 +01:00,2018-10-12 08:00:00 +01:00,1,1
GB,http://environment.data.gov.uk/air-quality/so,GB_Network_1,Station_GB1024A,,GB_SamplingPoint_74174,GB_StationProcess_918,GB_SamplingFeature_918,O3,http://dd.eionet.europa.eu/vocabulary/aq/pollutant/7,hour,53.9836900000,µg/m3,2018-10-12 10:00:00 +01:00,2018-10-12 11:00:00 +01:00,1,1
GB,http://environment.data.gov.uk/air-quality/so,GB_Network_1,Station_GB1024A,,GB_SamplingPoint_74174,GB_StationProcess_918,GB_SamplingFeature_918,O3,http://dd.eionet.europa.eu/vocabulary/aq/pollutant/7,hour,57.1768100000,µg/m3,2018-10-12 11:00:00 +01:00,2018-10-12 12:00:00 +01:00,1,1
GB,http://environment.data.gov.uk/air-quality/so,GB_Network_1,Station_GB1024A,,GB_SamplingPoint_74174,GB_StationProcess_918,GB_SamplingFeature_918,O3,http://dd.eionet.europa.eu/vocabulary/aq/pollutant/7,hour,61.0684200000,µg/m3,2018-10-12 12:00:00 +01:00,2018-10-12 13:00:00 +01:00,1,1
GB,http://environment.data.gov.uk/air-quality/so,GB_Network_1,Station_GB1024A,,GB_SamplingPoint_74174,GB_StationProcess_918,GB_SamplingFeature_918,O3,http://dd.eionet.europa.eu/vocabulary/aq/pollutant/7,hour,65.7084200000,µg/m3,2018-10-12 14:00:00 +01:00,2018-10-12 15:00:00 +01:00,1,1
GB,http://environment.data.gov.uk/air-quality/so,GB_Network_1,Station_GB1024A,,GB_SamplingPoint_74174,GB_StationProcess_918,GB_SamplingFeature_918,O3,http://dd.eionet.europa.eu/vocabulary/aq/pollutant/7,hour,63.6628300000,µg/m3,2018-10-12 21:00:00 +01:00,2018-10-12 22:00:00 +01:00,1,1
GB,http://environment.data.gov.uk/air-quality/so,GB_Network_1,Station_GB1024A,,GB_SamplingPoint_74174,GB_StationProcess_918,GB_SamplingFeature_918,O3,http://dd.eionet.europa.eu/vocabulary/aq/pollutant/7,hour,61.3677800000,µg/m3,2018-10-12 23:00:00 +01:00,2018-10-13 00:00:00 +01:00,1,1
GB,http://environment.data.gov.uk/air-quality/so,GB_Network_1,Station_GB1024A,,GB_SamplingPoint_74174,GB_StationProcess_918,GB_SamplingFeature_918,O3,http://dd.eionet.europa.eu/vocabulary/aq/pollutant/7,hour,61.2014700000,µg/m3,2018-10-13 01:00:00 +01:00,2018-10-13 02:00:00 +01:00,1,1
GB,http://environment.data.gov.uk/air-quality/so,GB_Network_1,Station_GB1024A,,GB_SamplingPoint_74174,GB_StationProcess_918,GB_SamplingFeature_918,O3,http://dd.eionet.europa.eu/vocabulary/aq/pollutant/7,hour,64.1950200000,µg/m3,2018-10-13 02:00:00 +01:00,2018-10-13 03:00:00 +01:00,1,1
GB,http://environment.data.gov.uk/air-quality/so,GB_Network_1,Station_GB1024A,,GB_SamplingPoint_74174,GB_StationProcess_918,GB_SamplingFeature_918,O3,http://dd.eionet.europa.eu/vocabulary/aq/pollutant/7,hour,64.3114300000,µg/m3,2018-10-13 03:00:00 +01:00,2018-10-13 04:00:00 +01:00,1,1
GB,http://environment.data.gov.uk/air-quality/so,GB_Network_1,Station_GB1024A,,GB_SamplingPoint_74174,GB_StationProcess_918,GB_SamplingFeature_918,O3,http://dd.eionet.europa.eu/vocabulary/aq/pollutant/7,hour,61.2181000000,µg/m3,2018-10-13 04:00:00 +01:00,2018-10-13 05:00:00 +01:00,1,1
GB,http://environment.data.gov.uk/air-quality/so,GB_Network_1,Station_GB1024A,,GB_SamplingPoint_74174,GB_StationProcess_918,GB_SamplingFeature_918,O3,http://dd.eionet.europa.eu/vocabulary/aq/pollutant/7,hour,58.8731500000,µg/m3,2018-10-13 05:00:00 +01:00,2018-10-13 06:00:00 +01:00,1,1
GB,http://environment.data.gov.uk/air-quality/so,GB_Network_1,Station_GB1024A,,GB_SamplingPoint_74174,GB_StationProcess_918,GB_SamplingFeature_918,O3,http://dd.eionet.europa.eu/vocabulary/aq/pollutant/7,hour,57.9251900000,µg/m3,2018-10-13 06:00:00 +01:00,2018-10-13 07:00:00 +01:00,1,1
GB,http://environment.data.gov.uk/air-quality/so,GB_Network_1,Station_GB1024A,,GB_SamplingPoint_74174,GB_StationProcess_918,GB_SamplingFeature_918,O3,http://dd.eionet.europa.eu/vocabulary/aq/pollutant/7,hour,52.6864800000,µg/m3,2018-10-13 07:00:00 +01:00,2018-10-13 08:00:00 +01:00,1,1
GB,http://environment.data.gov.uk/air-quality/so,GB_Network_1,Station_GB1024A,,GB_SamplingPoint_74174,GB_StationProcess_918,GB_SamplingFeature_918,O3,http://dd.eionet.europa.eu/vocabulary/aq/pollutant/7,hour,56.4284200000,µg/m3,2018-10-13 09:00:00 +01:00,2018-10-13 10:00:00 +01:00,1,1
GB,http://environment.data.gov.uk/air-quality/so,GB_Network_1,Station_GB1024A,,GB_SamplingPoint_74174,GB_StationProcess_918,GB_SamplingFeature_918,O3,http://dd.eionet.europa.eu/vocabulary/aq/pollutant/7,hour,56.2288500000,µg/m3,2018-10-13 10:00:00 +01:00,2018-10-13 11:00:00 +01:00,1,1
GB,http://environment.data.gov.uk/air-quality/so,GB_Network_1,Station_GB1024A,,GB_SamplingPoint_74174,GB_StationProcess_918,GB_SamplingFeature_918,O3,http://dd.eionet.europa.eu/vocabulary/aq/pollutant/7,hour,52.9359400000,µg/m3,2018-10-13 11:00:00 +01:00,2018-10-13 12:00:00 +01:00,1,1
GB,http://environment.data.gov.uk/air-quality/so,GB_Network_1,Station_GB1024A,,GB_SamplingPoint_74174,GB_StationProcess_918,GB_SamplingFeature_918,O3,http://dd.eionet.europa.eu/vocabulary/aq/pollutant/7,hour,61.1183100000,µg/m3,2018-10-13 12:00:00 +01:00,2018-10-13 13:00:00 +01:00,1,1
GB,http://environment.data.gov.uk/air-quality/so,GB_Network_1,Station_GB1024A,,GB_SamplingPoint_74174,GB_StationProcess_918,GB_SamplingFeature_918,O3,http://dd.eionet.europa.eu/vocabulary/aq/pollutant/7,hour,63.4133700000,µg/m3,2018-10-13 14:00:00 +01:00,2018-10-13 15:00:00 +01:00,1,1
GB,http://environment.data.gov.uk/air-quality/so,GB_Network_1,Station_GB1024A,,GB_SamplingPoint_74174,GB_StationProcess_918,GB_SamplingFeature_918,O3,http://dd.eionet.europa.eu/vocabulary/aq/pollutant/7,hour,65.3092800000,µg/m3,2018-10-13 16:00:00 +01:00,2018-10-13 17:00:00 +01:00,1,1
GB,http://environment.data.gov.uk/air-quality/so,GB_Network_1,Station_GB1024A,,GB_SamplingPoint_74174,GB_StationProcess_918,GB_SamplingFeature_918,O3,http://dd.eionet.europa.eu/vocabulary/aq/pollutant/7,hour,60.3200300000,µg/m3,2018-10-13 17:00:00 +01:00,2018-10-13 18:00:00 +01:00,1,1
GB,http://environment.data.gov.uk/air-quality/so,GB_Network_1,Station_GB1024A,,GB_SamplingPoint_74174,GB_StationProcess_918,GB_SamplingFeature_918,O3,http://dd.eionet.europa.eu/vocabulary/aq/pollutant/7,hour,49.7428200000,µg/m3,2018-10-13 20:00:00 +01:00,2018-10-13 21:00:00 +01:00,1,1
GB,http://environment.data.gov.uk/air-quality/so,GB_Network_1,Station_GB1024A,,GB_SamplingPoint_74174,GB_StationProcess_918,GB_SamplingFeature_918,O3,http://dd.eionet.europa.eu/vocabulary/aq/pollutant/7,hour,54.9815400000,µg/m3,2018-10-13 22:00:00 +01:00,2018-10-13 23:00:00 +01:00,1,1
GB,http://environment.data.gov.uk/air-quality/so,GB_Network_1,Station_GB1024A,,GB_SamplingPoint_74174,GB_StationProcess_918,GB_SamplingFeature_918,O3,http://dd.eionet.europa.eu/vocabulary/aq/pollutant/7,hour,49.3935800000,µg/m3,2018-10-13 23:00:00 +01:00,2018-10-14 00:00:00 +01:00,1,1
GB,http://environment.data.gov.uk/air-quality/so,GB_Network_1,Station_GB1024A,,GB_SamplingPoint_74174,GB_StationProcess_918,GB_SamplingFeature_918,O3,http://dd.eionet.europa.eu/vocabulary/aq/pollutant/7,hour,51.2396000000,µg/m3,2018-10-14 00:00:00 +01:00,2018-10-14 01:00:00 +01:00,1,1
GB,http://environment.data.gov.uk/air-quality/so,GB_Network_1,Station_GB1024A,,GB_SamplingPoint_74174,GB_StationProcess_918,GB_SamplingFeature_918,O3,http://dd.eionet.europa.eu/vocabulary/aq/pollutant/7,hour,50.7573000000,µg/m3,2018-10-14 01:00:00 +01:00,2018-10-14 02:00:00 +01:00,1,1
GB,http://environment.data.gov.uk/air-quality/so,GB_Network_1,Station_GB1024A,,GB_SamplingPoint_74174,GB_StationProcess_918,GB_SamplingFeature_918,O3,http://dd.eionet.europa.eu/vocabulary/aq/pollutant/7,hour,54.6821800000,µg/m3,2018-10-14 03:00:00 +01:00,2018-10-14 04:00:00 +01:00,1,1
GB,http://environment.data.gov.uk/air-quality/so,GB_Network_1,Station_GB1024A,,GB_SamplingPoint_74174,GB_StationProcess_918,GB_SamplingFeature_918,O3,http://dd.eionet.europa.eu/vocabulary/aq/pollutant/7,hour,61.1682100000,µg/m3,2018-10-14 04:00:00 +01:00,2018-10-14 05:00:00 +01:00,1,1
GB,http://environment.data.gov.uk/air-quality/so,GB_Network_1,Station_GB1024A,,GB_SamplingPoint_74174,GB_StationProcess_918,GB_SamplingFeature_918,O3,http://dd.eionet.europa.eu/vocabulary/aq/pollutant/7,hour,55.4804600000,µg/m3,2018-10-14 09:00:00 +01:00,2018-10-14 10:00:00 +01:00,1,1
GB,http://environment.data.gov.uk/air-quality/so,GB_Network_1,Station_GB1024A,,GB_SamplingPoint_74174,GB_StationProcess_918,GB_SamplingFeature_918,O3,http://dd.eionet.europa.eu/vocabulary/aq/pollutant/7,hour,51.2894900000,µg/m3,2018-10-14 10:00:00 +01:00,2018-10-14 11:00:00 +01:00,1,1
GB,http://environment.data.gov.uk/air-quality/so,GB_Network_1,Station_GB1024A,,GB_SamplingPoint_74174,GB_StationProcess_918,GB_SamplingFeature_918,O3,http://dd.eionet.europa.eu/vocabulary/aq/pollutant/7,hour,53.4847600000,µg/m3,2018-10-14 11:00:00 +01:00,2018-10-14 12:00:00 +01:00,1,1
GB,http://environment.data.gov.uk/air-quality/so,GB_Network_1,Station_GB1024A,,GB_SamplingPoint_74174,GB_StationProcess_918,GB_SamplingFeature_918,O3,http://dd.eionet.europa.eu/vocabulary/aq/pollutant/7,hour,49.0942200000,µg/m3,2018-10-14 12:00:00 +01:00,2018-10-14 13:00:00 +01:00,1,1
GB,http://environment.data.gov.uk/air-quality/so,GB_Network_1,Station_GB1024A,,GB_SamplingPoint_74174,GB_StationProcess_918,GB_SamplingFeature_918,O3,http://dd.eionet.europa.eu/vocabulary/aq/pollutant/7,hour,52.4869100000,µg/m3,2018-10-14 13:00:00 +01:00,2018-10-14 14:00:00 +01:00,1,1
GB,http://environment.data.gov.uk/air-quality/so,GB_Network_1,Station_GB1024A,,GB_SamplingPoint_74174,GB_StationProcess_918,GB_SamplingFeature_918,O3,http://dd.eionet.europa.eu/vocabulary/aq/pollutant/7,hour,54.2830400000,µg/m3,2018-10-14 14:00:00 +01:00,2018-10-14 15:00:00 +01:00,1,1
GB,http://environment.data.gov.uk/air-quality/so,GB_Network_1,Station_GB1024A,,GB_SamplingPoint_74174,GB_StationProcess_918,GB_SamplingFeature_918,O3,http://dd.eionet.europa.eu/vocabulary/aq/pollutant/7,hour,48.8447600000,µg/m3,2018-10-14 15:00:00 +01:00,2018-10-14 16:00:00 +01:00,1,1
GB,http://environment.data.gov.uk/air-quality/so,GB_Network_1,Station_GB1024A,,GB_SamplingPoint_74174,GB_StationProcess_918,GB_SamplingFeature_918,O3,http://dd.eionet.europa.eu/vocabulary/aq/pollutant/7,hour,49.0443300000,µg/m3,2018-10-14 16:00:00 +01:00,2018-10-14 17:00:00 +01:00,1,1
GB,http://environment.data.gov.uk/air-quality/so,GB_Network_1,Station_GB1024A,,GB_SamplingPoint_74174,GB_StationProcess_918,GB_SamplingFeature_918,O3,http://dd.eionet.europa.eu/vocabulary/aq/pollutant/7,hour,47.3479800000,µg/m3,2018-10-14 17:00:00 +01:00,2018-10-14 18:00:00 +01:00,1,1
GB,http://environment.data.gov.uk/air-quality/so,GB_Network_1,Station_GB1024A,,GB_SamplingPoint_74174,GB_StationProcess_918,GB_SamplingFeature_918,O3,http://dd.eionet.europa.eu/vocabulary/aq/pollutant/7,hour,44.4043300000,µg/m3,2018-10-14 19:00:00 +01:00,2018-10-14 20:00:00 +01:00,1,1
GB,http://environment.data.gov.uk/air-quality/so,GB_Network_1,Station_GB1024A,,GB_SamplingPoint_74174,GB_StationProcess_918,GB_SamplingFeature_918,O3,http://dd.eionet.europa.eu/vocabulary/aq/pollutant/7,hour,55.2310000000,µg/m3,2018-10-14 21:00:00 +01:00,2018-10-14 22:00:00 +01:00,1,1
GB,http://environment.data.gov.uk/air-quality/so,GB_Network_1,Station_GB1024A,,GB_SamplingPoint_74174,GB_StationProcess_918,GB_SamplingFeature_918,O3,http://dd.eionet.europa.eu/vocabulary/aq/pollutant/7,hour,55.4305700000,µg/m3,2018-10-14 22:00:00 +01:00,2018-10-14 23:00:00 +01:00,1,1
GB,http://environment.data.gov.uk/air-quality/so,GB_Network_1,Station_GB1024A,,GB_SamplingPoint_74174,GB_StationProcess_918,GB_SamplingFeature_918,O3,http://dd.eionet.europa.eu/vocabulary/aq/pollutant/7,hour,52.9359400000,µg/m3,2018-10-14 23:00:00 +01:00,2018-10-15 00:00:00 +01:00,1,1
GB,http://environment.data.gov.uk/air-quality/so,GB_Network_1,Station_GB1024A,,GB_SamplingPoint_74174,GB_StationProcess_918,GB_SamplingFeature_918,O3,http://dd.eionet.europa.eu/vocabulary/aq/pollutant/7,hour,52.0378800000,µg/m3,2018-10-15 00:00:00 +01:00,2018-10-15 01:00:00 +01:00,1,1
GB,http://environment.data.gov.uk/air-quality/so,GB_Network_1,Station_GB1024A,,GB_SamplingPoint_74174,GB_StationProcess_918,GB_SamplingFeature_918,O3,http://dd.eionet.europa.eu/vocabulary/aq/pollutant/7,hour,50.8404600000,µg/m3,2018-10-15 04:00:00 +01:00,2018-10-15 05:00:00 +01:00,1,1
GB,http://environment.data.gov.uk/air-quality/so,GB_Network_1,Station_GB1024A,,GB_SamplingPoint_74174,GB_StationProcess_918,GB_SamplingFeature_918,O3,http://dd.eionet.europa.eu/vocabulary/aq/pollutant/7,hour,42.8576600000,µg/m3,2018-10-15 05:00:00 +01:00,2018-10-15 06:00:00 +01:00,1,1
GB,http://environment.data.gov.uk/air-quality/so,GB_Network_1,Station_GB1024A,,GB_SamplingPoint_74174,GB_StationProcess_918,GB_SamplingFeature_918,O3,http://dd.eionet.europa.eu/vocabulary/aq/pollutant/7,hour,28.7879700000,µg/m3,2018-10-15 08:00:00 +01:00,2018-10-15 09:00:00 +01:00,1,1
GB,http://environment.data.gov.uk/air-quality/so,GB_Network_1,Station_GB1024A,,GB_SamplingPoint_74174,GB_StationProcess_918,GB_SamplingFeature_918,O3,http://dd.eionet.europa.eu/vocabulary/aq/pollutant/7,hour,30.4843200000,µg/m3,2018-10-15 09:00:00 +01:00,2018-10-15 10:00:00 +01:00,1,1
GB,http://environment.data.gov.uk/air-quality/so,GB_Network_1,Station_GB1024A,,GB_SamplingPoint_74174,GB_StationProcess_918,GB_SamplingFeature_918,O3,http://dd.eionet.europa.eu/vocabulary/aq/pollutant/7,hour,26.4929200000,µg/m3,2018-10-15 15:00:00 +01:00,2018-10-15 16:00:00 +01:00,1,1
GB,http://environment.data.gov.uk/air-quality/so,GB_Network_1,Station_GB1024A,,GB_SamplingPoint_74174,GB_StationProcess_918,GB_SamplingFeature_918,O3,http://dd.eionet.europa.eu/vocabulary/aq/pollutant/7,hour,27.0417400000,µg/m3,2018-10-15 16:00:00 +01:00,2018-10-15 17:00:00 +01:00,1,1
GB,http://environment.data.gov.uk/air-quality/so,GB_Network_1,Station_GB1024A,,GB_SamplingPoint_74174,GB_StationProcess_918,GB_SamplingFeature_918,O3,http://dd.eionet.europa.eu/vocabulary/aq/pollutant/7,hour,20.7053900000,µg/m3,2018-10-15 17:00:00 +01:00,2018-10-15 18:00:00 +01:00,1,1
GB,http://environment.data.gov.uk/air-quality/so,GB_Network_1,Station_GB1024A,,GB_SamplingPoint_74174,GB_StationProcess_918,GB_SamplingFeature_918,O3,http://dd.eionet.europa.eu/vocabulary/aq/pollutant/7,hour,13.0219400000,µg/m3,2018-10-15 19:00:00 +01:00,2018-10-15 20:00:00 +01:00,1,1
GB,http://environment.data.gov.uk/air-quality/so,GB_Network_1,Station_GB1024A,,GB_SamplingPoint_74174,GB_StationProcess_918,GB_SamplingFeature_918,O3,http://dd.eionet.europa.eu/vocabulary/aq/pollutant/7,hour,10.4774300000,µg/m3,2018-10-15 21:00:00 +01:00,2018-10-15 22:00:00 +01:00,1,1
GB,http://environment.data.gov.uk/air-quality/so,GB_Network_1,Station_GB1024A,,GB_SamplingPoint_74174,GB_StationProcess_918,GB_SamplingFeature_918,O3,http://dd.eionet.europa.eu/vocabulary/aq/pollutant/7,hour,13.3711900000,µg/m3,2018-10-15 22:00:00 +01:00,2018-10-15 23:00:00 +01:00,1,1
GB,http://environment.data.gov.uk/air-quality/so,GB_Network_1,Station_GB1024A,,GB_SamplingPoint_74174,GB_StationProcess_918,GB_SamplingFeature_918,O3,http://dd.eionet.europa.eu/vocabulary/aq/pollutant/7,hour,10.0782900000,µg/m3,2018-10-15 23:00:00 +01:00,2018-10-16 00:00:00 +01:00,1,1
GB,http://environment.data.gov.uk/air-quality/so,GB_Network_1,Station_GB1024A,,GB_SamplingPoint_74174,GB_StationProcess_918,GB_SamplingFeature_918,O3,http://dd.eionet.europa.eu/vocabulary/aq/pollutant/7,hour,1.9957000000,µg/m3,2018-10-16 00:00:00 +01:00,2018-10-16 01:00:00 +01:00,2,1
GB,http://environment.data.gov.uk/air-quality/so,GB_Network_1,Station_GB1024A,,GB_SamplingPoint_74174,GB_StationProcess_918,GB_SamplingFeature_918,O3,http://dd.eionet.europa.eu/vocabulary/aq/pollutant/7,hour,2.4613600000,µg/m3,2018-10-16 01:00:00 +01:00,2018-10-16 02:00:00 +01:00,2,1
GB,http://environment.data.gov.uk/air-quality/so,GB_Network_1,Station_GB1024A,,GB_SamplingPoint_74174,GB_StationProcess_918,GB_SamplingFeature_918,O3,http://dd.eionet.europa.eu/vocabulary/aq/pollutant/7,hour,22.0025900000,µg/m3,2018-10-16 04:00:00 +01:00,2018-10-16 05:00:00 +01:00,1,1
GB,http://environment.data.gov.uk/air-quality/so,GB_Network_1,Station_GB1024A,,GB_SamplingPoint_74174,GB_StationProcess_918,GB_SamplingFeature_918,O3,http://dd.eionet.europa.eu/vocabulary/aq/pollutant/7,hour,15.1174300000,µg/m3,2018-10-16 06:00:00 +01:00,2018-10-16 07:00:00 +01:00,1,1
GB,http://environment.data.gov.uk/air-quality/so,GB_Network_1,Station_GB1024A,,GB_SamplingPoint_74174,GB_StationProcess_918,GB_SamplingFeature_918,O3,http://dd.eionet.europa.eu/vocabulary/aq/pollutant/7,hour,3.5922600000,µg/m3,2018-10-16 07:00:00 +01:00,2018-10-16 08:00:00 +01:00,2,1
GB,http://environment.data.gov.uk/air-quality/so,GB_Network_1,Station_GB1024A,,GB_SamplingPoint_74174,GB_StationProcess_918,GB_SamplingFeature_918,O3,http://dd.eionet.europa.eu/vocabulary/aq/pollutant/7,hour,,µg/m3,2018-10-16 08:00:00 +01:00,2018-10-16 09:00:00 +01:00,-1,1
GB,http://environment.data.gov.uk/air-quality/so,GB_Network_1,Station_GB1024A,,GB_SamplingPoint_74174,GB_StationProcess_918,GB_SamplingFeature_918,O3,http://dd.eionet.europa.eu/vocabulary/aq/pollutant/7,hour,,µg/m3,2018-10-16 09:00:00 +01:00,2018-10-16 10:00:00 +01:00,-1,1
GB,http://environment.data.gov.uk/air-quality/so,GB_Network_1,Station_GB1024A,,GB_SamplingPoint_74174,GB_StationProcess_918,GB_SamplingFeature_918,O3,http://dd.eionet.europa.eu/vocabulary/aq/pollutant/7,hour,17.2628100000,µg/m3,2018-10-16 11:00:00 +01:00,2018-10-16 12:00:00 +01:00,1,1
GB,http://environment.data.gov.uk/air-quality/so,GB_Network_1,Station_GB1024A,,GB_SamplingPoint_74174,GB_StationProcess_918,GB_SamplingFeature_918,O3,http://dd.eionet.europa.eu/vocabulary/aq/pollutant/7,hour,37.2697000000,µg/m3,2018-10-16 12:00:00 +01:00,2018-10-16 13:00:00 +01:00,1,1
GB,http://environment.data.gov.uk/air-quality/so,GB_Network_1,Station_GB1024A,,GB_SamplingPoint_74174,GB_StationProcess_918,GB_SamplingFeature_918,O3,http://dd.eionet.europa.eu/vocabulary/aq/pollutant/7,hour,46.5497000000,µg/m3,2018-10-16 13:00:00 +01:00,2018-10-16 14:00:00 +01:00,1,1
GB,http://environment.data.gov.uk/air-quality/so,GB_Network_1,Station_GB1024A,,GB_SamplingPoint_74174,GB_StationProcess_918,GB_SamplingFeature_918,O3,http://dd.eionet.europa.eu/vocabulary/aq/pollutant/7,hour,61.9664900000,µg/m3,2018-10-16 14:00:00 +01:00,2018-10-16 15:00:00 +01:00,1,1
GB,http://environment.data.gov.uk/air-quality/so,GB_Network_1,Station_GB1024A,,GB_SamplingPoint_74174,GB_StationProcess_918,GB_SamplingFeature_918,O3,http://dd.eionet.europa.eu/vocabulary/aq/pollutant/7,hour,62.9643400000,µg/m3,2018-10-16 15:00:00 +01:00,2018-10-16 16:00:00 +01:00,1,1
GB,http://environment.data.gov.uk/air-quality/so,GB_Network_1,Station_GB1024A,,GB_SamplingPoint_74174,GB_StationProcess_918,GB_SamplingFeature_918,O3,http://dd.eionet.europa.eu/vocabulary/aq/pollutant/7,hour,27.9398000000,µg/m3,2018-10-16 19:00:00 +01:00,2018-10-16 20:00:00 +01:00,1,1
GB,http://environment.data.gov.uk/air-quality/so,GB_Network_1,Station_GB1024A,,GB_SamplingPoint_74174,GB_StationProcess_918,GB_SamplingFeature_918,O3,http://dd.eionet.europa.eu/vocabulary/aq/pollutant/7,hour,35.5234600000,µg/m3,2018-10-16 20:00:00 +01:00,2018-10-16 21:00:00 +01:00,1,1
GB,http://environment.data.gov.uk/air-quality/so,GB_Network_1,Station_GB1024A,,GB_SamplingPoint_74174,GB_StationProcess_918,GB_SamplingFeature_918,O3,http://dd.eionet.europa.eu/vocabulary/aq/pollutant/7,hour,52.6864800000,µg/m3,2018-10-16 21:00:00 +01:00,2018-10-16 22:00:00 +01:00,1,1
GB,http://environment.data.gov.uk/air-quality/so,GB_Network_1,Station_GB1024A,,GB_SamplingPoint_74174,GB_StationProcess_918,GB_SamplingFeature_918,O3,http://dd.eionet.europa.eu/vocabulary/aq/pollutant/7,hour,51.9879900000,µg/m3,2018-10-16 22:00:00 +01:00,2018-10-16 23:00:00 +01:00,1,1
GB,http://environment.data.gov.uk/air-quality/so,GB_Network_1,Station_GB1024A,,GB_SamplingPoint_74174,GB_StationProcess_918,GB_SamplingFeature_918,O3,http://dd.eionet.europa.eu/vocabulary/aq/pollutant/7,hour,48.0963700000,µg/m3,2018-10-16 23:00:00 +01:00,2018-10-17 00:00:00 +01:00,1,1
GB,http://environment.data.gov.uk/air-quality/so,GB_Network_1,Station_GB1024A,,GB_SamplingPoint_74174,GB_StationProcess_918,GB_SamplingFeature_918,O3,http://dd.eionet.europa.eu/vocabulary/aq/pollutant/7,hour,46.3501300000,µg/m3,2018-10-17 00:00:00 +01:00,2018-10-17 01:00:00 +01:00,1,1
GB,http://environment.data.gov.uk/air-quality/so,GB_Network_1,Station_GB1024A,,GB_SamplingPoint_74174,GB_StationProcess_918,GB_SamplingFeature_918,O3,http://dd.eionet.europa.eu/vocabulary/aq/pollutant/7,hour,48.0298500000,µg/m3,2018-10-17 01:00:00 +01:00,2018-10-17 02:00:00 +01:00,1,1
GB,http://environment.data.gov.uk/air-quality/so,GB_Network_1,Station_GB1024A,,GB_SamplingPoint_74174,GB_StationProcess_918,GB_SamplingFeature_918,O3,http://dd.eionet.europa.eu/vocabulary/aq/pollutant/7,hour,43.6060500000,µg/m3,2018-10-17 04:00:00 +01:00,2018-10-17 05:00:00 +01:00,1,1
GB,http://environment.data.gov.uk/air-quality/so,GB_Network_1,Station_GB1024A,,GB_SamplingPoint_74174,GB_StationProcess_918,GB_SamplingFeature_918,O3,http://dd.eionet.europa.eu/vocabulary/aq/pollutant/7,hour,40.7122800000,µg/m3,2018-10-17 06:00:00 +01:00,2018-10-17 07:00:00 +01:00,1,1
GB,http://environment.data.gov.uk/air-quality/so,GB_Network_1,Station_GB1024A,,GB_SamplingPoint_74174,GB_StationProcess_918,GB_SamplingFeature_918,O3,http://dd.eionet.europa.eu/vocabulary/aq/pollutant/7,hour,20.4060300000,µg/m3,2018-10-17 09:00:00 +01:00,2018-10-17 10:00:00 +01:00,1,1
GB,http://environment.data.gov.uk/air-quality/so,GB_Network_1,Station_GB1024A,,GB_SamplingPoint_74174,GB_StationProcess_918,GB_SamplingFeature_918,O3,http://dd.eionet.europa.eu/vocabulary/aq/pollutant/7,hour,15.2172100000,µg/m3,2018-10-17 11:00:00 +01:00,2018-10-17 12:00:00 +01:00,1,1
GB,http://environment.data.gov.uk/air-quality/so,GB_Network_1,Station_GB1024A,,GB_SamplingPoint_74174,GB_StationProcess_918,GB_SamplingFeature_918,O3,http://dd.eionet.europa.eu/vocabulary/aq/pollutant/7,hour,14.0197900000,µg/m3,2018-10-17 12:00:00 +01:00,2018-10-17 13:00:00 +01:00,1,1
GB,http://environment.data.gov.uk/air-quality/so,GB_Network_1,Station_GB1024A,,GB_SamplingPoint_74174,GB_StationProcess_918,GB_SamplingFeature_918,O3,http://dd.eionet.europa.eu/vocabulary/aq/pollutant/7,hour,14.5187200000,µg/m3,2018-10-17 13:00:00 +01:00,2018-10-17 14:00:00 +01:00,1,1
GB,http://environment.data.gov.uk/air-quality/so,GB_Network_1,Station_GB1024A,,GB_SamplingPoint_74174,GB_StationProcess_918,GB_SamplingFeature_918,O3,http://dd.eionet.europa.eu/vocabulary/aq/pollutant/7,hour,15.8159200000,µg/m3,2018-10-17 14:00:00 +01:00,2018-10-17 15:00:00 +01:00,1,1
GB,http://environment.data.gov.uk/air-quality/so,GB_Network_1,Station_GB1024A,,GB_SamplingPoint_74174,GB_StationProcess_918,GB_SamplingFeature_918,O3,http://dd.eionet.europa.eu/vocabulary/aq/pollutant/7,hour,15.3170000000,µg/m3,2018-10-17 16:00:00 +01:00,2018-10-17 17:00:00 +01:00,1,1
GB,http://environment.data.gov.uk/air-quality/so,GB_Network_1,Station_GB1024A,,GB_SamplingPoint_74174,GB_StationProcess_918,GB_SamplingFeature_918,O3,http://dd.eionet.europa.eu/vocabulary/aq/pollutant/7,hour,1.5965600000,µg/m3,2018-10-17 21:00:00 +01:00,2018-10-17 22:00:00 +01:00,2,1
GB,http://environment.data.gov.uk/air-quality/so,GB_Network_1,Station_GB1024A,,GB_SamplingPoint_74174,GB_StationProcess_918,GB_SamplingFeature_918,O3,http://dd.eionet.europa.eu/vocabulary/aq/pollutant/7,hour,20.8218000000,µg/m3,2018-10-18 02:00:00 +01:00,2018-10-18 03:00:00 +01:00,1,1
GB,http://environment.data.gov.uk/air-quality/so,GB_Network_1,Station_GB1024A,,GB_SamplingPoint_74174,GB_StationProcess_918,GB_SamplingFeature_918,O3,http://dd.eionet.europa.eu/vocabulary/aq/pollutant/7,hour,20.8550700000,µg/m3,2018-10-18 03:00:00 +01:00,2018-10-18 04:00:00 +01:00,1,1
GB,http://environment.data.gov.uk/air-quality/so,GB_Network_1,Station_GB1024A,,GB_SamplingPoint_74174,GB_StationProcess_918,GB_SamplingFeature_918,O3,http://dd.eionet.europa.eu/vocabulary/aq/pollutant/7,hour,19.5578600000,µg/m3,2018-10-18 04:00:00 +01:00,2018-10-18 05:00:00 +01:00,1,1
GB,http://environment.data.gov.uk/air-quality/so,GB_Network_1,Station_GB1024A,,GB_SamplingPoint_74174,GB_StationProcess_918,GB_SamplingFeature_918,O3,http://dd.eionet.europa.eu/vocabulary/aq/pollutant/7,hour,15.2671100000,µg/m3,2018-10-18 05:00:00 +01:00,2018-10-18 06:00:00 +01:00,1,1
GB,http://environment.data.gov.uk/air-quality/so,GB_Network_1,Station_GB1024A,,GB_SamplingPoint_74174,GB_StationProcess_918,GB_SamplingFeature_918,O3,http://dd.eionet.europa.eu/vocabulary/aq/pollutant/7,hour,18.3604400000,µg/m3,2018-10-18 06:00:00 +01:00,2018-10-18 07:00:00 +01:00,1,1
GB,http://environment.data.gov.uk/air-quality/so,GB_Network_1,Station_GB1024A,,GB_SamplingPoint_74174,GB_StationProcess_918,GB_SamplingFeature_918,O3,http://dd.eionet.europa.eu/vocabulary/aq/pollutant/7,hour,18.2107600000,µg/m3,2018-10-18 07:00:00 +01:00,2018-10-18 08:00:00 +01:00,1,1
GB,http://environment.data.gov.uk/air-quality/so,GB_Network_1,Station_GB1024A,,GB_SamplingPoint_74174,GB_StationProcess_918,GB_SamplingFeature_918,O3,http://dd.eionet.europa.eu/vocabulary/aq/pollutant/7,hour,21.1045300000,µg/m3,2018-10-18 08:00:00 +01:00,2018-10-18 09:00:00 +01:00,1,1
GB,http://environment.data.gov.uk/air-quality/so,GB_Network_1,Station_GB1024A,,GB_SamplingPoint_74174,GB_StationProcess_918,GB_SamplingFeature_918,O3,http://dd.eionet.europa.eu/vocabulary/aq/pollutant/7,hour,38.0180900000,µg/m3,2018-10-18 10:00:00 +01:00,2018-10-18 11:00:00 +01:00,1,1
GB,http://environment.data.gov.uk/air-quality/so,GB_Network_1,Station_GB1024A,,GB_SamplingPoint_74174,GB_StationProcess_918,GB_SamplingFeature_918,O3,http://dd.eionet.europa.eu/vocabulary/aq/pollutant/7,hour,39.2654000000,µg/m3,2018-10-18 12:00:00 +01:00,2018-10-18 13:00:00 +01:00,1,1
GB,http://environment.data.gov.uk/air-quality/so,GB_Network_1,Station_GB1024A,,GB_SamplingPoint_74174,GB_StationProcess_918,GB_SamplingFeature_918,O3,http://dd.eionet.europa.eu/vocabulary/aq/pollutant/7,hour,44.5540000000,µg/m3,2018-10-18 13:00:00 +01:00,2018-10-18 14:00:00 +01:00,1,1
GB,http://environment.data.gov.uk/air-quality/so,GB_Network_1,Station_GB1024A,,GB_SamplingPoint_74174,GB_StationProcess_918,GB_SamplingFeature_918,O3,http://dd.eionet.europa.eu/vocabulary/aq/pollutant/7,hour,50.4912100000,µg/m3,2018-10-18 14:00:00 +01:00,2018-10-18 15:00:00 +01:00,1,1
GB,http://environment.data.gov.uk/air-quality/so,GB_Network_1,Station_GB1024A,,GB_SamplingPoint_74174,GB_StationProcess_918,GB_SamplingFeature_918,O3,http://dd.eionet.europa.eu/vocabulary/aq/pollutant/7,hour,46.7492700000,µg/m3,2018-10-18 16:00:00 +01:00,2018-10-18 17:00:00 +01:00,1,1
GB,http://environment.data.gov.uk/air-quality/so,GB_Network_1,Station_GB1024A,,GB_SamplingPoint_74174,GB_StationProcess_918,GB_SamplingFeature_918,O3,http://dd.eionet.europa.eu/vocabulary/aq/pollutant/7,hour,17.6120500000,µg/m3,2018-10-18 19:00:00 +01:00,2018-10-18 20:00:00 +01:00,1,1
GB,http://environment.data.gov.uk/air-quality/so,GB_Network_1,Station_GB1024A,,GB_SamplingPoint_74174,GB_StationProcess_918,GB_SamplingFeature_918,O3,http://dd.eionet.europa.eu/vocabulary/aq/pollutant/7,hour,17.8116200000,µg/m3,2018-10-18 20:00:00 +01:00,2018-10-18 21:00:00 +01:00,1,1
GB,http://environment.data.gov.uk/air-quality/so,GB_Network_1,Station_GB1024A,,GB_SamplingPoint_74174,GB_StationProcess_918,GB_SamplingFeature_918,O3,http://dd.eionet.europa.eu/vocabulary/aq/pollutant/7,hour,16.5144200000,µg/m3,2018-10-18 21:00:00 +01:00,2018-10-18 22:00:00 +01:00,1,1
GB,http://environment.data.gov.uk/air-quality/so,GB_Network_1,Station_GB1024A,,GB_SamplingPoint_74174,GB_StationProcess_918,GB_SamplingFeature_918,O3,http://dd.eionet.europa.eu/vocabulary/aq/pollutant/7,hour,3.2929100000,µg/m3,2018-10-18 23:00:00 +01:00,2018-10-19 00:00:00 +01:00,2,1
GB,http://environment.data.gov.uk/air-quality/so,GB_Network_1,Station_GB1024A,,GB_SamplingPoint_74174,GB_StationProcess_918,GB_SamplingFeature_918,O3,http://dd.eionet.europa.eu/vocabulary/aq/pollutant/7,hour,3.6421500000,µg/m3,2018-10-19 00:00:00 +01:00,2018-10-19 01:00:00 +01:00,2,1
GB,http://environment.data.gov.uk/air-quality/so,GB_Network_1,Station_GB1024A,,GB_SamplingPoint_74174,GB_StationProcess_918,GB_SamplingFeature_918,O3,http://dd.eionet.europa.eu/vocabulary/aq/pollutant/7,hour,3.8583500000,µg/m3,2018-10-19 01:00:00 +01:00,2018-10-19 02:00:00 +01:00,2,1
GB,http://environment.data.gov.uk/air-quality/so,GB_Network_1,Station_GB1024A,,GB_SamplingPoint_74174,GB_StationProcess_918,GB_SamplingFeature_918,O3,http://dd.eionet.europa.eu/vocabulary/aq/pollutant/7,hour,7.4506100000,µg/m3,2018-10-19 02:00:00 +01:00,2018-10-19 03:00:00 +01:00,1,1
GB,http://environment.data.gov.uk/air-quality/so,GB_Network_1,Station_GB1024A,,GB_SamplingPoint_74174,GB_StationProcess_918,GB_SamplingFeature_918,O3,http://dd.eionet.europa.eu/vocabulary/aq/pollutant/7,hour,8.6813000000,µg/m3,2018-10-19 03:00:00 +01:00,2018-10-19 04:00:00 +01:00,1,1
GB,http://environment.data.gov.uk/air-quality/so,GB_Network_1,Station_GB1024A,,GB_SamplingPoint_74174,GB_StationProcess_918,GB_SamplingFeature_918,O3,http://dd.eionet.europa.eu/vocabulary/aq/pollutant/7,hour,11.9742000000,µg/m3,2018-10-19 04:00:00 +01:00,2018-10-19 05:00:00 +01:00,1,1
GB,http://environment.data.gov.uk/air-quality/so,GB_Network_1,Station_GB1024A,,GB_SamplingPoint_74174,GB_StationProcess_918,GB_SamplingFeature_918,O3,http://dd.eionet.europa.eu/vocabulary/aq/pollutant/7,hour,11.9742000000,µg/m3,2018-10-19 05:00:00 +01:00,2018-10-19 06:00:00 +01:00,1,1
GB,http://environment.data.gov.uk/air-quality/so,GB_Network_1,Station_GB1024A,,GB_SamplingPoint_74174,GB_StationProcess_918,GB_SamplingFeature_918,O3,http://dd.eionet.europa.eu/vocabulary/aq/pollutant/7,hour,3.1931200000,µg/m3,2018-10-19 06:00:00 +01:00,2018-10-19 07:00:00 +01:00,2,1
GB,http://environment.data.gov.uk/air-quality/so,GB_Network_1,Station_GB1024A,,GB_SamplingPoint_74174,GB_StationProcess_918,GB_SamplingFeature_918,O3,http://dd.eionet.europa.eu/vocabulary/aq/pollutant/7,hour,0.5987100000,µg/m3,2018-10-19 07:00:00 +01:00,2018-10-19 08:00:00 +01:00,2,1
GB,http://environment.data.gov.uk/air-quality/so,GB_Network_1,Station_GB1024A,,GB_SamplingPoint_74174,GB_StationProcess_918,GB_SamplingFeature_918,O3,http://dd.eionet.europa.eu/vocabulary/aq/pollutant/7,hour,6.6856000000,µg/m3,2018-10-19 09:00:00 +01:00,2018-10-19 10:00:00 +01:00,1,1
GB,http://environment.data.gov.uk/air-quality/so,GB_Network_1,Station_GB1024A,,GB_SamplingPoint_74174,GB_StationProcess_918,GB_SamplingFeature_918,O3,http://dd.eionet.europa.eu/vocabulary/aq/pollutant/7,hour,25.3952800000,µg/m3,2018-10-19 10:00:00 +01:00,2018-10-19 11:00:00 +01:00,1,1
GB,http://environment.data.gov.uk/air-quality/so,GB_Network_1,Station_GB1024A,,GB_SamplingPoint_74174,GB_StationProcess_918,GB_SamplingFeature_918,O3,http://dd.eionet.europa.eu/vocabulary/aq/pollutant/7,hour,39.0159400000,µg/m3,2018-10-19 11:00:00 +01:00,2018-10-19 12:00:00 +01:00,1,1
GB,http://environment.data.gov.uk/air-quality/so,GB_Network_1,Station_GB1024A,,GB_SamplingPoint_74174,GB_StationProcess_918,GB_SamplingFeature_918,O3,http://dd.eionet.europa.eu/vocabulary/aq/pollutant/7,hour,50.7905700000,µg/m3,2018-10-19 12:00:00 +01:00,2018-10-19 13:00:00 +01:00,1,1
GB,http://environment.data.gov.uk/air-quality/so,GB_Network_1,Station_GB1024A,,GB_SamplingPoint_74174,GB_StationProcess_918,GB_SamplingFeature_918,O3,http://dd.eionet.europa.eu/vocabulary/aq/pollutant/7,hour,51.9879900000,µg/m3,2018-10-19 13:00:00 +01:00,2018-10-19 14:00:00 +01:00,1,1
GB,http://environment.data.gov.uk/air-quality/so,GB_Network_1,Station_GB1024A,,GB_SamplingPoint_74174,GB_StationProcess_918,GB_SamplingFeature_918,O3,http://dd.eionet.europa.eu/vocabulary/aq/pollutant/7,hour,59.2224000000,µg/m3,2018-10-19 15:00:00 +01:00,2018-10-19 16:00:00 +01:00,1,1
GB,http://environment.data.gov.uk/air-quality/so,GB_Network_1,Station_GB1024A,,GB_SamplingPoint_74174,GB_StationProcess_918,GB_SamplingFeature_918,O3,http://dd.eionet.europa.eu/vocabulary/aq/pollutant/7,hour,55.7798200000,µg/m3,2018-10-19 16:00:00 +01:00,2018-10-19 17:00:00 +01:00,1,1
GB,http://environment.data.gov.uk/air-quality/so,GB_Network_1,Station_GB1024A,,GB_SamplingPoint_74174,GB_StationProcess_918,GB_SamplingFeature_918,O3,http://dd.eionet.europa.eu/vocabulary/aq/pollutant/7,hour,36.6709900000,µg/m3,2018-10-19 17:00:00 +01:00,2018-10-19 18:00:00 +01:00,1,1
GB,http://environment.data.gov.uk/air-quality/so,GB_Network_1,Station_GB1024A,,GB_SamplingPoint_74174,GB_StationProcess_918,GB_SamplingFeature_918,O3,http://dd.eionet.europa.eu/vocabulary/aq/pollutant/7,hour,0.9479600000,µg/m3,2018-10-19 19:00:00 +01:00,2018-10-19 20:00:00 +01:00,2,1
GB,http://environment.data.gov.uk/air-quality/so,GB_Network_1,Station_GB1024A,,GB_SamplingPoint_74174,GB_StationProcess_918,GB_SamplingFeature_918,O3,http://dd.eionet.europa.eu/vocabulary/aq/pollutant/7,hour,1.5965600000,µg/m3,2018-10-19 22:00:00 +01:00,2018-10-19 23:00:00 +01:00,2,1
GB,http://environment.data.gov.uk/air-quality/so,GB_Network_1,Station_GB1024A,,GB_SamplingPoint_74174,GB_StationProcess_918,GB_SamplingFeature_918,O3,http://dd.eionet.europa.eu/vocabulary/aq/pollutant/7,hour,1.4967800000,µg/m3,2018-10-19 23:00:00 +01:00,2018-10-20 00:00:00 +01:00,2,1
GB,http://environment.data.gov.uk/air-quality/so,GB_Network_1,Station_GB1024A,,GB_SamplingPoint_74174,GB_StationProcess_918,GB_SamplingFeature_918,O3,http://dd.eionet.europa.eu/vocabulary/aq/pollutant/7,hour,0.8648000000,µg/m3,2018-10-20 01:00:00 +01:00,2018-10-20 02:00:00 +01:00,2,1
GB,http://environment.data.gov.uk/air-quality/so,GB_Network_1,Station_GB1024A,,GB_SamplingPoint_74174,GB_StationProcess_918,GB_SamplingFeature_918,O3,http://dd.eionet.europa.eu/vocabulary/aq/pollutant/7,hour,0.6652300000,µg/m3,2018-10-20 02:00:00 +01:00,2018-10-20 03:00:00 +01:00,2,1
GB,http://environment.data.gov.uk/air-quality/so,GB_Network_1,Station_GB1024A,,GB_SamplingPoint_74174,GB_StationProcess_918,GB_SamplingFeature_918,O3,http://dd.eionet.europa.eu/vocabulary/aq/pollutant/7,hour,0.7483900000,µg/m3,2018-10-20 03:00:00 +01:00,2018-10-20 04:00:00 +01:00,2,1
GB,http://environment.data.gov.uk/air-quality/so,GB_Network_1,Station_GB1024A,,GB_SamplingPoint_74174,GB_StationProcess_918,GB_SamplingFeature_918,O3,http://dd.eionet.europa.eu/vocabulary/aq/pollutant/7,hour,0.6486000000,µg/m3,2018-10-20 04:00:00 +01:00,2018-10-20 05:00:00 +01:00,2,1
GB,http://environment.data.gov.uk/air-quality/so,GB_Network_1,Station_GB1024A,,GB_SamplingPoint_74174,GB_StationProcess_918,GB_SamplingFeature_918,O3,http://dd.eionet.europa.eu/vocabulary/aq/pollutant/7,hour,1.7961300000,µg/m3,2018-10-20 07:00:00 +01:00,2018-10-20 08:00:00 +01:00,2,1
GB,http://environment.data.gov.uk/air-quality/so,GB_Network_1,Station_GB1024A,,GB_SamplingPoint_74174,GB_StationProcess_918,GB_SamplingFeature_918,O3,http://dd.eionet.europa.eu/vocabulary/aq/pollutant/7,hour,1.2972100000,µg/m3,2018-10-20 08:00:00 +01:00,2018-10-20 09:00:00 +01:00,2,1
GB,http://environment.data.gov.uk/air-quality/so,GB_Network_1,Station_GB1024A,,GB_SamplingPoint_74174,GB_StationProcess_918,GB_SamplingFeature_918,O3,http://dd.eionet.europa.eu/vocabulary/aq/pollutant/7,hour,1.2972100000,µg/m3,2018-10-20 09:00:00 +01:00,2018-10-20 10:00:00 +01:00,2,1
GB,http://environment.data.gov.uk/air-quality/so,GB_Network_1,Station_GB1024A,,GB_SamplingPoint_74174,GB_StationProcess_918,GB_SamplingFeature_918,O3,http://dd.eionet.europa.eu/vocabulary/aq/pollutant/7,hour,3.6920500000,µg/m3,2018-10-20 10:00:00 +01:00,2018-10-20 11:00:00 +01:00,2,1
GB,http://environment.data.gov.uk/air-quality/so,GB_Network_1,Station_GB1024A,,GB_SamplingPoint_74174,GB_StationProcess_918,GB_SamplingFeature_918,O3,http://dd.eionet.europa.eu/vocabulary/aq/pollutant/7,hour,26.3432400000,µg/m3,2018-10-20 12:00:00 +01:00,2018-10-20 13:00:00 +01:00,1,1
GB,http://environment.data.gov.uk/air-quality/so,GB_Network_1,Station_GB1024A,,GB_SamplingPoint_74174,GB_StationProcess_918,GB_SamplingFeature_918,O3,http://dd.eionet.europa.eu/vocabulary/aq/pollutant/7,hour,41.7101300000,µg/m3,2018-10-20 15:00:00 +01:00,2018-10-20 16:00:00 +01:00,1,1
GB,http://environment.data.gov.uk/air-quality/so,GB_Network_1,Station_GB1024A,,GB_SamplingPoint_74174,GB_StationProcess_918,GB_SamplingFeature_918,O3,http://dd.eionet.europa.eu/vocabulary/aq/pollutant/7,hour,1.5466700000,µg/m3,2018-10-20 21:00:00 +01:00,2018-10-20 22:00:00 +01:00,2,1
GB,http://environment.data.gov.uk/air-quality/so,GB_Network_1,Station_GB1024A,,GB_SamplingPoint_74174,GB_StationProcess_918,GB_SamplingFeature_918,O3,http://dd.eionet.europa.eu/vocabulary/aq/pollutant/7,hour,1.5965600000,µg/m3,2018-10-20 22:00:00 +01:00,2018-10-20 23:00:00 +01:00,2,1
GB,http://environment.data.gov.uk/air-quality/so,GB_Network_1,Station_GB1024A,,GB_SamplingPoint_74174,GB_StationProcess_918,GB_SamplingFeature_918,O3,http://dd.eionet.europa.eu/vocabulary/aq/pollutant/7,hour,1.5466700000,µg/m3,2018-10-21 00:00:00 +01:00,2018-10-21 01:00:00 +01:00,2,1
GB,http://environment.data.gov.uk/air-quality/so,GB_Network_1,Station_GB1024A,,GB_SamplingPoint_74174,GB_StationProcess_918,GB_SamplingFeature_918,O3,http://dd.eionet.europa.eu/vocabulary/aq/pollutant/7,hour,1.7296100000,µg/m3,2018-10-21 01:00:00 +01:00,2018-10-21 02:00:00 +01:00,2,1
GB,http://environment.data.gov.uk/air-quality/so,GB_Network_1,Station_GB1024A,,GB_SamplingPoint_74174,GB_StationProcess_918,GB_SamplingFeature_918,O3,http://dd.eionet.europa.eu/vocabulary/aq/pollutant/7,hour,0.9978500000,µg/m3,2018-10-21 06:00:00 +01:00,2018-10-21 07:00:00 +01:00,2,1
GB,http://environment.data.gov.uk/air-quality/so,GB_Network_1,Station_GB1024A,,GB_SamplingPoint_74174,GB_StationProcess_918,GB_SamplingFeature_918,O3,http://dd.eionet.europa.eu/vocabulary/aq/pollutant/7,hour,3.5423700000,µg/m3,2018-10-21 08:00:00 +01:00,2018-10-21 09:00:00 +01:00,2,1
GB,http://environment.data.gov.uk/air-quality/so,GB_Network_1,Station_GB1024A,,GB_SamplingPoint_74174,GB_StationProcess_918,GB_SamplingFeature_918,O3,http://dd.eionet.europa.eu/vocabulary/aq/pollutant/7,hour,8.1823700000,µg/m3,2018-10-21 09:00:00 +01:00,2018-10-21 10:00:00 +01:00,1,1
GB,http://environment.data.gov.uk/air-quality/so,GB_Network_1,Station_GB1024A,,GB_SamplingPoint_74174,GB_StationProcess_918,GB_SamplingFeature_918,O3,http://dd.eionet.europa.eu/vocabulary/aq/pollutant/7,hour,21.8030200000,µg/m3,2018-10-21 10:00:00 +01:00,2018-10-21 11:00:00 +01:00,1,1
GB,http://environment.data.gov.uk/air-quality/so,GB_Network_1,Station_GB1024A,,GB_SamplingPoint_74174,GB_StationProcess_918,GB_SamplingFeature_918,O3,http://dd.eionet.europa.eu/vocabulary/aq/pollutant/7,hour,26.7423800000,µg/m3,2018-10-21 11:00:00 +01:00,2018-10-21 12:00:00 +01:00,1,1
GB,http://environment.data.gov.uk/air-quality/so,GB_Network_1,Station_GB1024A,,GB_SamplingPoint_74174,GB_StationProcess_918,GB_SamplingFeature_918,O3,http://dd.eionet.europa.eu/vocabulary/aq/pollutant/7,hour,40.3630300000,µg/m3,2018-10-21 12:00:00 +01:00,2018-10-21 13:00:00 +01:00,1,1
GB,http://environment.data.gov.uk/air-quality/so,GB_Network_1,Station_GB1024A,,GB_SamplingPoint_74174,GB_StationProcess_918,GB_SamplingFeature_918,O3,http://dd.eionet.europa.eu/vocabulary/aq/pollutant/7,hour,48.4955100000,µg/m3,2018-10-21 16:00:00 +01:00,2018-10-21 17:00:00 +01:00,1,1
GB,http://environment.data.gov.uk/air-quality/so,GB_Network_1,Station_GB1024A,,GB_SamplingPoint_74174,GB_StationProcess_918,GB_SamplingFeature_918,O3,http://dd.eionet.europa.eu/vocabulary/aq/pollutant/7,hour,6.7354900000,µg/m3,2018-10-21 19:00:00 +01:00,2018-10-21 20:00:00 +01:00,1,1
GB,http://environment.data.gov.uk/air-quality/so,GB_Network_1,Station_GB1024A,,GB_SamplingPoint_74174,GB_StationProcess_918,GB_SamplingFeature_918,O3,http://dd.eionet.europa.eu/vocabulary/aq/pollutant/7,hour,48.4955100000,µg/m3,2018-10-21 23:00:00 +01:00,2018-10-22 00:00:00 +01:00,1,1
GB,http://environment.data.gov.uk/air-quality/so,GB_Network_1,Station_GB1024A,,GB_SamplingPoint_74174,GB_StationProcess_918,GB_SamplingFeature_918,O3,http://dd.eionet.europa.eu/vocabulary/aq/pollutant/7,hour,50.0920700000,µg/m3,2018-10-22 01:00:00 +01:00,2018-10-22 02:00:00 +01:00,1,1
GB,http://environment.data.gov.uk/air-quality/so,GB_Network_1,Station_GB1024A,,GB_SamplingPoint_74174,GB_StationProcess_918,GB_SamplingFeature_918,O3,http://dd.eionet.europa.eu/vocabulary/aq/pollutant/7,hour,46.9654700000,µg/m3,2018-10-22 02:00:00 +01:00,2018-10-22 03:00:00 +01:00,1,1
GB,http://environment.data.gov.uk/air-quality/so,GB_Network_1,Station_GB1024A,,GB_SamplingPoint_74174,GB_StationProcess_918,GB_SamplingFeature_918,O3,http://dd.eionet.europa.eu/vocabulary/aq/pollutant/7,hour,54.2830400000,µg/m3,2018-10-22 03:00:00 +01:00,2018-10-22 04:00:00 +01:00,1,1
GB,http://environment.data.gov.uk/air-quality/so,GB_Network_1,Station_GB1024A,,GB_SamplingPoint_74174,GB_StationProcess_918,GB_SamplingFeature_918,O3,http://dd.eionet.europa.eu/vocabulary/aq/pollutant/7,hour,57.7755200000,µg/m3,2018-10-22 04:00:00 +01:00,2018-10-22 05:00:00 +01:00,1,1
GB,http://environment.data.gov.uk/air-quality/so,GB_Network_1,Station_GB1024A,,GB_SamplingPoint_74174,GB_StationProcess_918,GB_SamplingFeature_918,O3,http://dd.eionet.europa.eu/vocabulary/aq/pollutant/7,hour,51.8383100000,µg/m3,2018-10-22 05:00:00 +01:00,2018-10-22 06:00:00 +01:00,1,1
GB,http://environment.data.gov.uk/air-quality/so,GB_Network_1,Station_GB1024A,,GB_SamplingPoint_74174,GB_StationProcess_918,GB_SamplingFeature_918,O3,http://dd.eionet.europa.eu/vocabulary/aq/pollutant/7,hour,44.5540000000,µg/m3,2018-10-22 06:00:00 +01:00,2018-10-22 07:00:00 +01:00,1,1
GB,http://environment.data.gov.uk/air-quality/so,GB_Network_1,Station_GB1024A,,GB_SamplingPoint_74174,GB_StationProcess_918,GB_SamplingFeature_918,O3,http://dd.eionet.europa.eu/vocabulary/aq/pollutant/7,hour,36.4714200000,µg/m3,2018-10-22 07:00:00 +01:00,2018-10-22 08:00:00 +01:00,1,1
GB,http://environment.data.gov.uk/air-quality/so,GB_Network_1,Station_GB1024A,,GB_SamplingPoint_74174,GB_StationProcess_918,GB_SamplingFeature_918,O3,http://dd.eionet.europa.eu/vocabulary/aq/pollutant/7,hour,35.2241100000,µg/m3,2018-10-22 08:00:00 +01:00,2018-10-22 09:00:00 +01:00,1,1
GB,http://environment.data.gov.uk/air-quality/so,GB_Network_1,Station_GB1024A,,GB_SamplingPoint_74174,GB_StationProcess_918,GB_SamplingFeature_918,O3,http://dd.eionet.europa.eu/vocabulary/aq/pollutant/7,hour,37.1699100000,µg/m3,2018-10-22 09:00:00 +01:00,2018-10-22 10:00:00 +01:00,1,1
GB,http://environment.data.gov.uk/air-quality/so,GB_Network_1,Station_GB1024A,,GB_SamplingPoint_74174,GB_StationProcess_918,GB_SamplingFeature_918,O3,http://dd.eionet.europa.eu/vocabulary/aq/pollutant/7,hour,58.4740100000,µg/m3,2018-10-22 12:00:00 +01:00,2018-10-22 13:00:00 +01:00,1,1
GB,http://environment.data.gov.uk/air-quality/so,GB_Network_1,Station_GB1024A,,GB_SamplingPoint_74174,GB_StationProcess_918,GB_SamplingFeature_918,O3,http://dd.eionet.europa.eu/vocabulary/aq/pollutant/7,hour,56.7776700000,µg/m3,2018-10-22 14:00:00 +01:00,2018-10-22 15:00:00 +01:00,1,1
GB,http://environment.data.gov.uk/air-quality/so,GB_Network_1,Station_GB1024A,,GB_SamplingPoint_74174,GB_StationProcess_918,GB_SamplingFeature_918,O3,http://dd.eionet.europa.eu/vocabulary/aq/pollutant/7,hour,54.7819700000,µg/m3,2018-10-22 16:00:00 +01:00,2018-10-22 17:00:00 +01:00,1,1
GB,http://environment.data.gov.uk/air-quality/so,GB_Network_1,Station_GB1024A,,GB_SamplingPoint_74174,GB_StationProcess_918,GB_SamplingFeature_918,O3,http://dd.eionet.europa.eu/vocabulary/aq/pollutant/7,hour,40.2133600000,µg/m3,2018-10-22 17:00:00 +01:00,2018-10-22 18:00:00 +01:00,1,1
GB,http://environment.data.gov.uk/air-quality/so,GB_Network_1,Station_GB1024A,,GB_SamplingPoint_74174,GB_StationProcess_918,GB_SamplingFeature_918,O3,http://dd.eionet.europa.eu/vocabulary/aq/pollutant/7,hour,0.8980700000,µg/m3,2018-10-22 19:00:00 +01:00,2018-10-22 20:00:00 +01:00,2,1
GB,http://environment.data.gov.uk/air-quality/so,GB_Network_1,Station_GB1024A,,GB_SamplingPoint_74174,GB_StationProcess_918,GB_SamplingFeature_918,O3,http://dd.eionet.europa.eu/vocabulary/aq/pollutant/7,hour,1.4967800000,µg/m3,2018-10-22 21:00:00 +01:00,2018-10-22 22:00:00 +01:00,2,1
GB,http://environment.data.gov.uk/air-quality/so,GB_Network_1,Station_GB1024A,,GB_SamplingPoint_74174,GB_StationProcess_918,GB_SamplingFeature_918,O3,http://dd.eionet.europa.eu/vocabulary/aq/pollutant/7,hour,0.8980700000,µg/m3,2018-10-22 22:00:00 +01:00,2018-10-22 23:00:00 +01:00,2,1
GB,http://environment.data.gov.uk/air-quality/so,GB_Network_1,Station_GB1024A,,GB_SamplingPoint_74174,GB_StationProcess_918,GB_SamplingFeature_918,O3,http://dd.eionet.europa.eu/vocabulary/aq/pollutant/7,hour,0.6985000000,µg/m3,2018-10-22 23:00:00 +01:00,2018-10-23 00:00:00 +01:00,2,1
GB,http://environment.data.gov.uk/air-quality/so,GB_Network_1,Station_GB1024A,,GB_SamplingPoint_74174,GB_StationProcess_918,GB_SamplingFeature_918,O3,http://dd.eionet.europa.eu/vocabulary/aq/pollutant/7,hour,15.7660300000,µg/m3,2018-10-23 02:00:00 +01:00,2018-10-23 03:00:00 +01:00,1,1
GB,http://environment.data.gov.uk/air-quality/so,GB_Network_1,Station_GB1024A,,GB_SamplingPoint_74174,GB_StationProcess_918,GB_SamplingFeature_918,O3,http://dd.eionet.europa.eu/vocabulary/aq/pollutant/7,hour,18.6598000000,µg/m3,2018-10-23 03:00:00 +01:00,2018-10-23 04:00:00 +01:00,1,1
GB,http://environment.data.gov.uk/air-quality/so,GB_Network_1,Station_GB1024A,,GB_SamplingPoint_74174,GB_StationProcess_918,GB_SamplingFeature_918,O3,http://dd.eionet.europa.eu/vocabulary/aq/pollutant/7,hour,27.7901200000,µg/m3,2018-10-23 04:00:00 +01:00,2018-10-23 05:00:00 +01:00,1,1
GB,http://environment.data.gov.uk/air-quality/so,GB_Network_1,Station_GB1024A,,GB_SamplingPoint_74174,GB_StationProcess_918,GB_SamplingFeature_918,O3,http://dd.eionet.europa.eu/vocabulary/aq/pollutant/7,hour,24.5471100000,µg/m3,2018-10-23 05:00:00 +01:00,2018-10-23 06:00:00 +01:00,1,1
GB,http://environment.data.gov.uk/air-quality/so,GB_Network_1,Station_GB1024A,,GB_SamplingPoint_74174,GB_StationProcess_918,GB_SamplingFeature_918,O3,http://dd.eionet.europa.eu/vocabulary/aq/pollutant/7,hour,23.7488300000,µg/m3,2018-10-23 06:00:00 +01:00,2018-10-23 07:00:00 +01:00,1,1
GB,http://environment.data.gov.uk/air-quality/so,GB_Network_1,Station_GB1024A,,GB_SamplingPoint_74174,GB_StationProcess_918,GB_SamplingFeature_918,O3,http://dd.eionet.europa.eu/vocabulary/aq/pollutant/7,hour,4.4903300000,µg/m3,2018-10-23 07:00:00 +01:00,2018-10-23 08:00:00 +01:00,2,1
GB,http://environment.data.gov.uk/air-quality/so,GB_Network_1,Station_GB1024A,,GB_SamplingPoint_74174,GB_StationProcess_918,GB_SamplingFeature_918,O3,http://dd.eionet.europa.eu/vocabulary/aq/pollutant/7,hour,4.3406500000,µg/m3,2018-10-23 08:00:00 +01:00,2018-10-23 09:00:00 +01:00,2,1
GB,http://environment.data.gov.uk/air-quality/so,GB_Network_1,Station_GB1024A,,GB_SamplingPoint_74174,GB_StationProcess_918,GB_SamplingFeature_918,O3,http://dd.eionet.europa.eu/vocabulary/aq/pollutant/7,hour,8.5316200000,µg/m3,2018-10-23 09:00:00 +01:00,2018-10-23 10:00:00 +01:00,1,1
GB,http://environment.data.gov.uk/air-quality/so,GB_Network_1,Station_GB1024A,,GB_SamplingPoint_74174,GB_StationProcess_918,GB_SamplingFeature_918,O3,http://dd.eionet.europa.eu/vocabulary/aq/pollutant/7,hour,12.6228000000,µg/m3,2018-10-23 10:00:00 +01:00,2018-10-23 11:00:00 +01:00,1,1
GB,http://environment.data.gov.uk/air-quality/so,GB_Network_1,Station_GB1024A,,GB_SamplingPoint_74174,GB_StationProcess_918,GB_SamplingFeature_918,O3,http://dd.eionet.europa.eu/vocabulary/aq/pollutant/7,hour,31.3823800000,µg/m3,2018-10-23 11:00:00 +01:00,2018-10-23 12:00:00 +01:00,1,1
GB,http://environment.data.gov.uk/air-quality/so,GB_Network_1,Station_GB1024A,,GB_SamplingPoint_74174,GB_StationProcess_918,GB_SamplingFeature_918,O3,http://dd.eionet.europa.eu/vocabulary/aq/pollutant/7,hour,51.5389500000,µg/m3,2018-10-23 13:00:00 +01:00,2018-10-23 14:00:00 +01:00,1,1
GB,http://environment.data.gov.uk/air-quality/so,GB_Network_1,Station_GB1024A,,GB_SamplingPoint_74174,GB_StationProcess_918,GB_SamplingFeature_918,O3,http://dd.eionet.europa.eu/vocabulary/aq/pollutant/7,hour,50.0920700000,µg/m3,2018-10-23 14:00:00 +01:00,2018-10-23 15:00:00 +01:00,1,1
GB,http://environment.data.gov.uk/air-quality/so,GB_Network_1,Station_GB1024A,,GB_SamplingPoint_74174,GB_StationProcess_918,GB_SamplingFeature_918,O3,http://dd.eionet.europa.eu/vocabulary/aq/pollutant/7,hour,44.5540000000,µg/m3,2018-10-23 15:00:00 +01:00,2018-10-23 16:00:00 +01:00,1,1
GB,http://environment.data.gov.uk/air-quality/so,GB_Network_1,Station_GB1024A,,GB_SamplingPoint_74174,GB_StationProcess_918,GB_SamplingFeature_918,O3,http://dd.eionet.europa.eu/vocabulary/aq/pollutant/7,hour,37.7187300000,µg/m3,2018-10-23 19:00:00 +01:00,2018-10-23 20:00:00 +01:00,1,1
GB,http://environment.data.gov.uk/air-quality/so,GB_Network_1,Station_GB1024A,,GB_SamplingPoint_74174,GB_StationProcess_918,GB_SamplingFeature_918,O3,http://dd.eionet.europa.eu/vocabulary/aq/pollutant/7,hour,38.9161500000,µg/m3,2018-10-23 20:00:00 +01:00,2018-10-23 21:00:00 +01:00,1,1
GB,http://environment.data.gov.uk/air-quality/so,GB_Network_1,Station_GB1024A,,GB_SamplingPoint_74174,GB_StationProcess_918,GB_SamplingFeature_918,O3,http://dd.eionet.europa.eu/vocabulary/aq/pollutant/7,hour,37.3694800000,µg/m3,2018-10-23 23:00:00 +01:00,2018-10-24 00:00:00 +01:00,1,1
GB,http://environment.data.gov.uk/air-quality/so,GB_Network_1,Station_GB1024A,,GB_SamplingPoint_74174,GB_StationProcess_918,GB_SamplingFeature_918,O3,http://dd.eionet.europa.eu/vocabulary/aq/pollutant/7,hour,35.2740000000,µg/m3,2018-10-24 00:00:00 +01:00,2018-10-24 01:00:00 +01:00,1,1
GB,http://environment.data.gov.uk/air-quality/so,GB_Network_1,Station_GB1024A,,GB_SamplingPoint_74174,GB_StationProcess_918,GB_SamplingFeature_918,O3,http://dd.eionet.europa.eu/vocabulary/aq/pollutant/7,hour,38.9161500000,µg/m3,2018-10-24 01:00:00 +01:00,2018-10-24 02:00:00 +01:00,1,1
GB,http://environment.data.gov.uk/air-quality/so,GB_Network_1,Station_GB1024A,,GB_SamplingPoint_74174,GB_StationProcess_918,GB_SamplingFeature_918,O3,http://dd.eionet.europa.eu/vocabulary/aq/pollutant/7,hour,37.1699100000,µg/m3,2018-10-24 04:00:00 +01:00,2018-10-24 05:00:00 +01:00,1,1
GB,http://environment.data.gov.uk/air-quality/so,GB_Network_1,Station_GB1024A,,GB_SamplingPoint_74174,GB_StationProcess_918,GB_SamplingFeature_918,O3,http://dd.eionet.europa.eu/vocabulary/aq/pollutant/7,hour,24.5471100000,µg/m3,2018-10-24 06:00:00 +01:00,2018-10-24 07:00:00 +01:00,1,1
GB,http://environment.data.gov.uk/air-quality/so,GB_Network_1,Station_GB1024A,,GB_SamplingPoint_74174,GB_StationProcess_918,GB_SamplingFeature_918,O3,http://dd.eionet.europa.eu/vocabulary/aq/pollutant/7,hour,13.5707600000,µg/m3,2018-10-24 08:00:00 +01:00,2018-10-24 09:00:00 +01:00,1,1
GB,http://environment.data.gov.uk/air-quality/so,GB_Network_1,Station_GB1024A,,GB_SamplingPoint_74174,GB_StationProcess_918,GB_SamplingFeature_918,O3,http://dd.eionet.europa.eu/vocabulary/aq/pollutant/7,hour,22.2520600000,µg/m3,2018-10-24 09:00:00 +01:00,2018-10-24 10:00:00 +01:00,1,1
GB,http://environment.data.gov.uk/air-quality/so,GB_Network_1,Station_GB1024A,,GB_SamplingPoint_74174,GB_StationProcess_918,GB_SamplingFeature_918,O3,http://dd.eionet.europa.eu/vocabulary/aq/pollutant/7,hour,27.4408800000,µg/m3,2018-10-24 10:00:00 +01:00,2018-10-24 11:00:00 +01:00,1,1
GB,http://environment.data.gov.uk/air-quality/so,GB_Network_1,Station_GB1024A,,GB_SamplingPoint_74174,GB_StationProcess_918,GB_SamplingFeature_918,O3,http://dd.eionet.europa.eu/vocabulary/aq/pollutant/7,hour,32.7793700000,µg/m3,2018-10-24 11:00:00 +01:00,2018-10-24 12:00:00 +01:00,1,1
GB,http://environment.data.gov.uk/air-quality/so,GB_Network_1,Station_GB1024A,,GB_SamplingPoint_74174,GB_StationProcess_918,GB_SamplingFeature_918,O3,http://dd.eionet.europa.eu/vocabulary/aq/pollutant/7,hour,34.4757200000,µg/m3,2018-10-24 12:00:00 +01:00,2018-10-24 13:00:00 +01:00,1,1
GB,http://environment.data.gov.uk/air-quality/so,GB_Network_1,Station_GB1024A,,GB_SamplingPoint_74174,GB_StationProcess_918,GB_SamplingFeature_918,O3,http://dd.eionet.europa.eu/vocabulary/aq/pollutant/7,hour,34.1763600000,µg/m3,2018-10-24 13:00:00 +01:00,2018-10-24 14:00:00 +01:00,1,1
GB,http://environment.data.gov.uk/air-quality/so,GB_Network_1,Station_GB1024A,,GB_SamplingPoint_74174,GB_StationProcess_918,GB_SamplingFeature_918,O3,http://dd.eionet.europa.eu/vocabulary/aq/pollutant/7,hour,33.7772200000,µg/m3,2018-10-24 14:00:00 +01:00,2018-10-24 15:00:00 +01:00,1,1
GB,http://environment.data.gov.uk/air-quality/so,GB_Network_1,Station_GB1024A,,GB_SamplingPoint_74174,GB_StationProcess_918,GB_SamplingFeature_918,O3,http://dd.eionet.europa.eu/vocabulary/aq/pollutant/7,hour,33.1785100000,µg/m3,2018-10-24 15:00:00 +01:00,2018-10-24 16:00:00 +01:00,1,1
GB,http://environment.data.gov.uk/air-quality/so,GB_Network_1,Station_GB1024A,,GB_SamplingPoint_74174,GB_StationProcess_918,GB_SamplingFeature_918,O3,http://dd.eionet.europa.eu/vocabulary/aq/pollutant/7,hour,32.7294800000,µg/m3,2018-10-24 16:00:00 +01:00,2018-10-24 17:00:00 +01:00,1,1
GB,http://environment.data.gov.uk/air-quality/so,GB_Network_1,Station_GB1024A,,GB_SamplingPoint_74174,GB_StationProcess_918,GB_SamplingFeature_918,O3,http://dd.eionet.europa.eu/vocabulary/aq/pollutant/7,hour,22.9505500000,µg/m3,2018-10-24 17:00:00 +01:00,2018-10-24 18:00:00 +01:00,1,1
GB,http://environment.data.gov.uk/air-quality/so,GB_Network_1,Station_GB1024A,,GB_SamplingPoint_74174,GB_StationProcess_918,GB_SamplingFeature_918,O3,http://dd.eionet.europa.eu/vocabulary/aq/pollutant/7,hour,19.4081800000,µg/m3,2018-10-24 19:00:00 +01:00,2018-10-24 20:00:00 +01:00,1,1
GB,http://environment.data.gov.uk/air-quality/so,GB_Network_1,Station_GB1024A,,GB_SamplingPoint_74174,GB_StationProcess_918,GB_SamplingFeature_918,O3,http://dd.eionet.europa.eu/vocabulary/aq/pollutant/7,hour,5.3883900000,µg/m3,2018-10-24 21:00:00 +01:00,2018-10-24 22:00:00 +01:00,2,1
GB,http://environment.data.gov.uk/air-quality/so,GB_Network_1,Station_GB1024A,,GB_SamplingPoint_74174,GB_StationProcess_918,GB_SamplingFeature_918,O3,http://dd.eionet.europa.eu/vocabulary/aq/pollutant/7,hour,20.5058200000,µg/m3,2018-10-24 23:00:00 +01:00,2018-10-25 00:00:00 +01:00,1,1
GB,http://environment.data.gov.uk/air-quality/so,GB_Network_1,Station_GB1024A,,GB_SamplingPoint_74174,GB_StationProcess_918,GB_SamplingFeature_918,O3,http://dd.eionet.europa.eu/vocabulary/aq/pollutant/7,hour,22.1522700000,µg/m3,2018-10-25 01:00:00 +01:00,2018-10-25 02:00:00 +01:00,1,1
GB,http://environment.data.gov.uk/air-quality/so,GB_Network_1,Station_GB1024A,,GB_SamplingPoint_74174,GB_StationProcess_918,GB_SamplingFeature_918,O3,http://dd.eionet.europa.eu/vocabulary/aq/pollutant/7,hour,16.2982200000,µg/m3,2018-10-25 02:00:00 +01:00,2018-10-25 03:00:00 +01:00,1,1
GB,http://environment.data.gov.uk/air-quality/so,GB_Network_1,Station_GB1024A,,GB_SamplingPoint_74174,GB_StationProcess_918,GB_SamplingFeature_918,O3,http://dd.eionet.europa.eu/vocabulary/aq/pollutant/7,hour,18.0610900000,µg/m3,2018-10-25 05:00:00 +01:00,2018-10-25 06:00:00 +01:00,1,1
GB,http://environment.data.gov.uk/air-quality/so,GB_Network_1,Station_GB1024A,,GB_SamplingPoint_74174,GB_StationProcess_918,GB_SamplingFeature_918,O3,http://dd.eionet.europa.eu/vocabulary/aq/pollutant/7,hour,7.9828000000,µg/m3,2018-10-25 09:00:00 +01:00,2018-10-25 10:00:00 +01:00,1,1
GB,http://environment.data.gov.uk/air-quality/so,GB_Network_1,Station_GB1024A,,GB_SamplingPoint_74174,GB_StationProcess_918,GB_SamplingFeature_918,O3,http://dd.eionet.europa.eu/vocabulary/aq/pollutant/7,hour,47.7471200000,µg/m3,2018-10-25 12:00:00 +01:00,2018-10-25 13:00:00 +01:00,1,1
GB,http://environment.data.gov.uk/air-quality/so,GB_Network_1,Station_GB1024A,,GB_SamplingPoint_74174,GB_StationProcess_918,GB_SamplingFeature_918,O3,http://dd.eionet.europa.eu/vocabulary/aq/pollutant/7,hour,50.7905700000,µg/m3,2018-10-25 13:00:00 +01:00,2018-10-25 14:00:00 +01:00,1,1
GB,http://environment.data.gov.uk/air-quality/so,GB_Network_1,Station_GB1024A,,GB_SamplingPoint_74174,GB_StationProcess_918,GB_SamplingFeature_918,O3,http://dd.eionet.europa.eu/vocabulary/aq/pollutant/7,hour,51.7884200000,µg/m3,2018-10-25 15:00:00 +01:00,2018-10-25 16:00:00 +01:00,1,1
GB,http://environment.data.gov.uk/air-quality/so,GB_Network_1,Station_GB1024A,,GB_SamplingPoint_74174,GB_StationProcess_918,GB_SamplingFeature_918,O3,http://dd.eionet.europa.eu/vocabulary/aq/pollutant/7,hour,36.1720600000,µg/m3,2018-10-25 18:00:00 +01:00,2018-10-25 19:00:00 +01:00,1,1
GB,http://environment.data.gov.uk/air-quality/so,GB_Network_1,Station_GB1024A,,GB_SamplingPoint_74174,GB_StationProcess_918,GB_SamplingFeature_918,O3,http://dd.eionet.europa.eu/vocabulary/aq/pollutant/7,hour,35.7230300000,µg/m3,2018-10-25 19:00:00 +01:00,2018-10-25 20:00:00 +01:00,1,1
GB,http://environment.data.gov.uk/air-quality/so,GB_Network_1,Station_GB1024A,,GB_SamplingPoint_74174,GB_StationProcess_918,GB_SamplingFeature_918,O3,http://dd.eionet.europa.eu/vocabulary/aq/pollutant/7,hour,47.2980900000,µg/m3,2018-10-25 21:00:00 +01:00,2018-10-25 22:00:00 +01:00,1,1
GB,http://environment.data.gov.uk/air-quality/so,GB_Network_1,Station_GB1024A,,GB_SamplingPoint_74174,GB_StationProcess_918,GB_SamplingFeature_918,O3,http://dd.eionet.europa.eu/vocabulary/aq/pollutant/7,hour,50.5411000000,µg/m3,2018-10-25 23:00:00 +01:00,2018-10-26 00:00:00 +01:00,1,1
GB,http://environment.data.gov.uk/air-quality/so,GB_Network_1,Station_GB1024A,,GB_SamplingPoint_74174,GB_StationProcess_918,GB_SamplingFeature_918,O3,http://dd.eionet.europa.eu/vocabulary/aq/pollutant/7,hour,50.3914300000,µg/m3,2018-10-26 00:00:00 +01:00,2018-10-26 01:00:00 +01:00,1,1
GB,http://environment.data.gov.uk/air-quality/so,GB_Network_1,Station_GB1024A,,GB_SamplingPoint_74174,GB_StationProcess_918,GB_SamplingFeature_918,O3,http://dd.eionet.europa.eu/vocabulary/aq/pollutant/7,hour,46.9654700000,µg/m3,2018-10-26 01:00:00 +01:00,2018-10-26 02:00:00 +01:00,1,1
GB,http://environment.data.gov.uk/air-quality/so,GB_Network_1,Station_GB1024A,,GB_SamplingPoint_74174,GB_StationProcess_918,GB_SamplingFeature_918,O3,http://dd.eionet.europa.eu/vocabulary/aq/pollutant/7,hour,49.7927200000,µg/m3,2018-10-26 04:00:00 +01:00,2018-10-26 05:00:00 +01:00,1,1
GB,http://environment.data.gov.uk/air-quality/so,GB_Network_1,Station_GB1024A,,GB_SamplingPoint_74174,GB_StationProcess_918,GB_SamplingFeature_918,O3,http://dd.eionet.europa.eu/vocabulary/aq/pollutant/7,hour,49.0443300000,µg/m3,2018-10-26 05:00:00 +01:00,2018-10-26 06:00:00 +01:00,1,1
GB,http://environment.data.gov.uk/air-quality/so,GB_Network_1,Station_GB1024A,,GB_SamplingPoint_74174,GB_StationProcess_918,GB_SamplingFeature_918,O3,http://dd.eionet.europa.eu/vocabulary/aq/pollutant/7,hour,25.7445300000,µg/m3,2018-10-26 07:00:00 +01:00,2018-10-26 08:00:00 +01:00,1,1
GB,http://environment.data.gov.uk/air-quality/so,GB_Network_1,Station_GB1024A,,GB_SamplingPoint_74174,GB_StationProcess_918,GB_SamplingFeature_918,O3,http://dd.eionet.europa.eu/vocabulary/aq/pollutant/7,hour,26.3432400000,µg/m3,2018-10-26 08:00:00 +01:00,2018-10-26 09:00:00 +01:00,1,1
GB,http://environment.data.gov.uk/air-quality/so,GB_Network_1,Station_GB1024A,,GB_SamplingPoint_74174,GB_StationProcess_918,GB_SamplingFeature_918,O3,http://dd.eionet.europa.eu/vocabulary/aq/pollutant/7,hour,29.8856100000,µg/m3,2018-10-26 09:00:00 +01:00,2018-10-26 10:00:00 +01:00,1,1
GB,http://environment.data.gov.uk/air-quality/so,GB_Network_1,Station_GB1024A,,GB_SamplingPoint_74174,GB_StationProcess_918,GB_SamplingFeature_918,O3,http://dd.eionet.europa.eu/vocabulary/aq/pollutant/7,hour,49.9423900000,µg/m3,2018-10-26 11:00:00 +01:00,2018-10-26 12:00:00 +01:00,1,1
GB,http://environment.data.gov.uk/air-quality/so,GB_Network_1,Station_GB1024A,,GB_SamplingPoint_74174,GB_StationProcess_918,GB_SamplingFeature_918,O3,http://dd.eionet.europa.eu/vocabulary/aq/pollutant/7,hour,54.9815400000,µg/m3,2018-10-26 12:00:00 +01:00,2018-10-26 13:00:00 +01:00,1,1
GB,http://environment.data.gov.uk/air-quality/so,GB_Network_1,Station_GB1024A,,GB_SamplingPoint_74174,GB_StationProcess_918,GB_SamplingFeature_918,O3,http://dd.eionet.europa.eu/vocabulary/aq/pollutant/7,hour,60.2202500000,µg/m3,2018-10-26 15:00:00 +01:00,2018-10-26 16:00:00 +01:00,1,1
GB,http://environment.data.gov.uk/air-quality/so,GB_Network_1,Station_GB1024A,,GB_SamplingPoint_74174,GB_StationProcess_918,GB_SamplingFeature_918,O3,http://dd.eionet.europa.eu/vocabulary/aq/pollutant/7,hour,55.0314300000,µg/m3,2018-10-26 17:00:00 +01:00,2018-10-26 18:00:00 +01:00,1,1
GB,http://environment.data.gov.uk/air-quality/so,GB_Network_1,Station_GB1024A,,GB_SamplingPoint_74174,GB_StationProcess_918,GB_SamplingFeature_918,O3,http://dd.eionet.europa.eu/vocabulary/aq/pollutant/7,hour,39.7144300000,µg/m3,2018-10-26 18:00:00 +01:00,2018-10-26 19:00:00 +01:00,1,1
GB,http://environment.data.gov.uk/air-quality/so,GB_Network_1,Station_GB1024A,,GB_SamplingPoint_74174,GB_StationProcess_918,GB_SamplingFeature_918,O3,http://dd.eionet.europa.eu/vocabulary/aq/pollutant/7,hour,27.1914100000,µg/m3,2018-10-26 20:00:00 +01:00,2018-10-26 21:00:00 +01:00,1,1
GB,http://environment.data.gov.uk/air-quality/so,GB_Network_1,Station_GB1024A,,GB_SamplingPoint_74174,GB_StationProcess_918,GB_SamplingFeature_918,O3,http://dd.eionet.europa.eu/vocabulary/aq/pollutant/7,hour,41.1613100000,µg/m3,2018-10-26 22:00:00 +01:00,2018-10-26 23:00:00 +01:00,1,1
GB,http://environment.data.gov.uk/air-quality/so,GB_Network_1,Station_GB1024A,,GB_SamplingPoint_74174,GB_StationProcess_918,GB_SamplingFeature_918,O3,http://dd.eionet.europa.eu/vocabulary/aq/pollutant/7,hour,38.1178700000,µg/m3,2018-10-26 23:00:00 +01:00,2018-10-27 00:00:00 +01:00,1,1
GB,http://environment.data.gov.uk/air-quality/so,GB_Network_1,Station_GB1024A,,GB_SamplingPoint_74174,GB_StationProcess_918,GB_SamplingFeature_918,O3,http://dd.eionet.europa.eu/vocabulary/aq/pollutant/7,hour,37.9183000000,µg/m3,2018-10-27 02:00:00 +01:00,2018-10-27 03:00:00 +01:00,1,1
GB,http://environment.data.gov.uk/air-quality/so,GB_Network_1,Station_GB1024A,,GB_SamplingPoint_74174,GB_StationProcess_918,GB_SamplingFeature_918,O3,http://dd.eionet.europa.eu/vocabulary/aq/pollutant/7,hour,40.3630300000,µg/m3,2018-10-27 04:00:00 +01:00,2018-10-27 05:00:00 +01:00,1,1
GB,http://environment.data.gov.uk/air-quality/so,GB_Network_1,Station_GB1024A,,GB_SamplingPoint_74174,GB_StationProcess_918,GB_SamplingFeature_918,O3,http://dd.eionet.europa.eu/vocabulary/aq/pollutant/7,hour,35.7230300000,µg/m3,2018-10-27 07:00:00 +01:00,2018-10-27 08:00:00 +01:00,1,1
GB,http://environment.data.gov.uk/air-quality/so,GB_Network_1,Station_GB1024A,,GB_SamplingPoint_74174,GB_StationProcess_918,GB_SamplingFeature_918,O3,http://dd.eionet.europa.eu/vocabulary/aq/pollutant/7,hour,33.9269000000,µg/m3,2018-10-27 08:00:00 +01:00,2018-10-27 09:00:00 +01:00,1,1
GB,http://environment.data.gov.uk/air-quality/so,GB_Network_1,Station_GB1024A,,GB_SamplingPoint_74174,GB_StationProcess_918,GB_SamplingFeature_918,O3,http://dd.eionet.europa.eu/vocabulary/aq/pollutant/7,hour,38.2675500000,µg/m3,2018-10-27 09:00:00 +01:00,2018-10-27 10:00:00 +01:00,1,1
GB,http://environment.data.gov.uk/air-quality/so,GB_Network_1,Station_GB1024A,,GB_SamplingPoint_74174,GB_StationProcess_918,GB_SamplingFeature_918,O3,http://dd.eionet.europa.eu/vocabulary/aq/pollutant/7,hour,52.2374500000,µg/m3,2018-10-27 13:00:00 +01:00,2018-10-27 14:00:00 +01:00,1,1
GB,http://environment.data.gov.uk/air-quality/so,GB_Network_1,Station_GB1024A,,GB_SamplingPoint_74174,GB_StationProcess_918,GB_SamplingFeature_918,O3,http://dd.eionet.europa.eu/vocabulary/aq/pollutant/7,hour,53.5845500000,µg/m3,2018-10-27 14:00:00 +01:00,2018-10-27 15:00:00 +01:00,1,1
GB,http://environment.data.gov.uk/air-quality/so,GB_Network_1,Station_GB1024A,,GB_SamplingPoint_74174,GB_StationProcess_918,GB_SamplingFeature_918,O3,http://dd.eionet.europa.eu/vocabulary/aq/pollutant/7,hour,52.2873400000,µg/m3,2018-10-27 15:00:00 +01:00,2018-10-27 16:00:00 +01:00,1,1
GB,http://environment.data.gov.uk/air-quality/so,GB_Network_1,Station_GB1024A,,GB_SamplingPoint_74174,GB_StationProcess_918,GB_SamplingFeature_918,O3,http://dd.eionet.europa.eu/vocabulary/aq/pollutant/7,hour,54.2830400000,µg/m3,2018-10-27 20:00:00 +01:00,2018-10-27 21:00:00 +01:00,1,1
GB,http://environment.data.gov.uk/air-quality/so,GB_Network_1,Station_GB1024A,,GB_SamplingPoint_74174,GB_StationProcess_918,GB_SamplingFeature_918,O3,http://dd.eionet.europa.eu/vocabulary/aq/pollutant/7,hour,56.4284200000,µg/m3,2018-10-27 21:00:00 +01:00,2018-10-27 22:00:00 +01:00,1,1
GB,http://environment.data.gov.uk/air-quality/so,GB_Network_1,Station_GB1024A,,GB_SamplingPoint_74174,GB_StationProcess_918,GB_SamplingFeature_918,O3,http://dd.eionet.europa.eu/vocabulary/aq/pollutant/7,hour,53.6843300000,µg/m3,2018-10-27 22:00:00 +01:00,2018-10-27 23:00:00 +01:00,1,1
GB,http://environment.data.gov.uk/air-quality/so,GB_Network_1,Station_GB1024A,,GB_SamplingPoint_74174,GB_StationProcess_918,GB_SamplingFeature_918,O3,http://dd.eionet.europa.eu/vocabulary/aq/pollutant/7,hour,49.7428200000,µg/m3,2018-10-27 23:00:00 +01:00,2018-10-28 00:00:00 +01:00,1,1
GB,http://environment.data.gov.uk/air-quality/so,GB_Network_1,Station_GB1024A,,GB_SamplingPoint_74174,GB_StationProcess_918,GB_SamplingFeature_918,O3,http://dd.eionet.europa.eu/vocabulary/aq/pollutant/7,hour,49.4933600000,µg/m3,2018-10-28 00:00:00 +01:00,2018-10-28 01:00:00 +01:00,1,1
GB,http://environment.data.gov.uk/air-quality/so,GB_Network_1,Station_GB1024A,,GB_SamplingPoint_74174,GB_StationProcess_918,GB_SamplingFeature_918,O3,http://dd.eionet.europa.eu/vocabulary/aq/pollutant/7,hour,46.5663300000,µg/m3,2018-10-28 01:00:00 +01:00,2018-10-28 02:00:00 +01:00,1,1
GB,http://environment.data.gov.uk/air-quality/so,GB_Network_1,Station_GB1024A,,GB_SamplingPoint_74174,GB_StationProcess_918,GB_SamplingFeature_918,O3,http://dd.eionet.europa.eu/vocabulary/aq/pollutant/7,hour,45.3023900000,µg/m3,2018-10-28 02:00:00 +01:00,2018-10-28 03:00:00 +01:00,1,1
GB,http://environment.data.gov.uk/air-quality/so,GB_Network_1,Station_GB1024A,,GB_SamplingPoint_74174,GB_StationProcess_918,GB_SamplingFeature_918,O3,http://dd.eionet.europa.eu/vocabulary/aq/pollutant/7,hour,45.9011000000,µg/m3,2018-10-28 03:00:00 +01:00,2018-10-28 04:00:00 +01:00,1,1
GB,http://environment.data.gov.uk/air-quality/so,GB_Network_1,Station_GB1024A,,GB_SamplingPoint_74174,GB_StationProcess_918,GB_SamplingFeature_918,O3,http://dd.eionet.europa.eu/vocabulary/aq/pollutant/7,hour,44.6039000000,µg/m3,2018-10-28 04:00:00 +01:00,2018-10-28 05:00:00 +01:00,1,1
GB,http://environment.data.gov.uk/air-quality/so,GB_Network_1,Station_GB1024A,,GB_SamplingPoint_74174,GB_StationProcess_918,GB_SamplingFeature_918,O3,http://dd.eionet.europa.eu/vocabulary/aq/pollutant/7,hour,45.3023900000,µg/m3,2018-10-28 05:00:00 +01:00,2018-10-28 06:00:00 +01:00,1,1
GB,http://environment.data.gov.uk/air-quality/so,GB_Network_1,Station_GB1024A,,GB_SamplingPoint_74174,GB_StationProcess_918,GB_SamplingFeature_918,O3,http://dd.eionet.europa.eu/vocabulary/aq/pollutant/7,hour,46.5996000000,µg/m3,2018-10-28 06:00:00 +01:00,2018-10-28 07:00:00 +01:00,1,1
GB,http://environment.data.gov.uk/air-quality/so,GB_Network_1,Station_GB1024A,,GB_SamplingPoint_74174,GB_StationProcess_918,GB_SamplingFeature_918,O3,http://dd.eionet.europa.eu/vocabulary/aq/pollutant/7,hour,41.4606700000,µg/m3,2018-10-28 10:00:00 +01:00,2018-10-28 11:00:00 +01:00,1,1
GB,http://environment.data.gov.uk/air-quality/so,GB_Network_1,Station_GB1024A,,GB_SamplingPoint_74174,GB_StationProcess_918,GB_SamplingFeature_918,O3,http://dd.eionet.europa.eu/vocabulary/aq/pollutant/7,hour,52.7363700000,µg/m3,2018-10-28 12:00:00 +01:00,2018-10-28 13:00:00 +01:00,1,1
GB,http://environment.data.gov.uk/air-quality/so,GB_Network_1,Station_GB1024A,,GB_SamplingPoint_74174,GB_StationProcess_918,GB_SamplingFeature_918,O3,http://dd.eionet.europa.eu/vocabulary/aq/pollutant/7,hour,52.7363700000,µg/m3,2018-10-28 17:00:00 +01:00,2018-10-28 18:00:00 +01:00,1,1
GB,http://environment.data.gov.uk/air-quality/so,GB_Network_1,Station_GB1024A,,GB_SamplingPoint_74174,GB_StationProcess_918,GB_SamplingFeature_918,O3,http://dd.eionet.europa.eu/vocabulary/aq/pollutant/7,hour,34.2262600000,µg/m3,2018-10-28 19:00:00 +01:00,2018-10-28 20:00:00 +01:00,1,1
GB,http://environment.data.gov.uk/air-quality/so,GB_Network_1,Station_GB1024A,,GB_SamplingPoint_74174,GB_StationProcess_918,GB_SamplingFeature_918,O3,http://dd.eionet.europa.eu/vocabulary/aq/pollutant/7,hour,34.2595200000,µg/m3,2018-10-29 01:00:00 +01:00,2018-10-29 02:00:00 +01:00,1,1
GB,http://environment.data.gov.uk/air-quality/so,GB_Network_1,Station_GB1024A,,GB_SamplingPoint_74174,GB_StationProcess_918,GB_SamplingFeature_918,O3,http://dd.eionet.europa.eu/vocabulary/aq/pollutant/7,hour,34.7251800000,µg/m3,2018-10-29 03:00:00 +01:00,2018-10-29 04:00:00 +01:00,1,1
GB,http://environment.data.gov.uk/air-quality/so,GB_Network_1,Station_GB1024A,,GB_SamplingPoint_74174,GB_StationProcess_918,GB_SamplingFeature_918,O3,http://dd.eionet.europa.eu/vocabulary/aq/pollutant/7,hour,34.9746400000,µg/m3,2018-10-29 06:00:00 +01:00,2018-10-29 07:00:00 +01:00,1,1
GB,http://environment.data.gov.uk/air-quality/so,GB_Network_1,Station_GB1024A,,GB_SamplingPoint_74174,GB_StationProcess_918,GB_SamplingFeature_918,O3,http://dd.eionet.europa.eu/vocabulary/aq/pollutant/7,hour,24.7466800000,µg/m3,2018-10-29 07:00:00 +01:00,2018-10-29 08:00:00 +01:00,1,1
GB,http://environment.data.gov.uk/air-quality/so,GB_Network_1,Station_GB1024A,,GB_SamplingPoint_74174,GB_StationProcess_918,GB_SamplingFeature_918,O3,http://dd.eionet.europa.eu/vocabulary/aq/pollutant/7,hour,21.8529200000,µg/m3,2018-10-29 08:00:00 +01:00,2018-10-29 09:00:00 +01:00,1,1
GB,http://environment.data.gov.uk/air-quality/so,GB_Network_1,Station_GB1024A,,GB_SamplingPoint_74174,GB_StationProcess_918,GB_SamplingFeature_918,O3,http://dd.eionet.europa.eu/vocabulary/aq/pollutant/7,hour,24.0980800000,µg/m3,2018-10-29 09:00:00 +01:00,2018-10-29 10:00:00 +01:00,1,1
GB,http://environment.data.gov.uk/air-quality/so,GB_Network_1,Station_GB1024A,,GB_SamplingPoint_74174,GB_StationProcess_918,GB_SamplingFeature_918,O3,http://dd.eionet.europa.eu/vocabulary/aq/pollutant/7,hour,39.1157200000,µg/m3,2018-10-29 10:00:00 +01:00,2018-10-29 11:00:00 +01:00,1,1
GB,http://environment.data.gov.uk/air-quality/so,GB_Network_1,Station_GB1024A,,GB_SamplingPoint_74174,GB_StationProcess_918,GB_SamplingFeature_918,O3,http://dd.eionet.europa.eu/vocabulary/aq/pollutant/7,hour,46.6494900000,µg/m3,2018-10-29 11:00:00 +01:00,2018-10-29 12:00:00 +01:00,1,1
GB,http://environment.data.gov.uk/air-quality/so,GB_Network_1,Station_GB1024A,,GB_SamplingPoint_74174,GB_StationProcess_918,GB_SamplingFeature_918,O3,http://dd.eionet.europa.eu/vocabulary/aq/pollutant/7,hour,47.5974500000,µg/m3,2018-10-29 12:00:00 +01:00,2018-10-29 13:00:00 +01:00,1,1
GB,http://environment.data.gov.uk/air-quality/so,GB_Network_1,Station_GB1024A,,GB_SamplingPoint_74174,GB_StationProcess_918,GB_SamplingFeature_918,O3,http://dd.eionet.europa.eu/vocabulary/aq/pollutant/7,hour,48.5454000000,µg/m3,2018-10-29 14:00:00 +01:00,2018-10-29 15:00:00 +01:00,1,1
GB,http://environment.data.gov.uk/air-quality/so,GB_Network_1,Station_GB1024A,,GB_SamplingPoint_74174,GB_StationProcess_918,GB_SamplingFeature_918,O3,http://dd.eionet.europa.eu/vocabulary/aq/pollutant/7,hour,49.8426100000,µg/m3,2018-10-29 15:00:00 +01:00,2018-10-29 16:00:00 +01:00,1,1
GB,http://environment.data.gov.uk/air-quality/so,GB_Network_1,Station_GB1024A,,GB_SamplingPoint_74174,GB_StationProcess_918,GB_SamplingFeature_918,O3,http://dd.eionet.europa.eu/vocabulary/aq/pollutant/7,hour,28.7380800000,µg/m3,2018-10-29 18:00:00 +01:00,2018-10-29 19:00:00 +01:00,1,1
GB,http://environment.data.gov.uk/air-quality/so,GB_Network_1,Station_GB1024A,,GB_SamplingPoint_74174,GB_StationProcess_918,GB_SamplingFeature_918,O3,http://dd.eionet.europa.eu/vocabulary/aq/pollutant/7,hour,31.0830300000,µg/m3,2018-10-29 20:00:00 +01:00,2018-10-29 21:00:00 +01:00,1,1
GB,http://environment.data.gov.uk/air-quality/so,GB_Network_1,Station_GB1024A,,GB_SamplingPoint_74174,GB_StationProcess_918,GB_SamplingFeature_918,O3,http://dd.eionet.europa.eu/vocabulary/aq/pollutant/7,hour,34.4757200000,µg/m3,2018-10-29 21:00:00 +01:00,2018-10-29 22:00:00 +01:00,1,1
GB,http://environment.data.gov.uk/air-quality/so,GB_Network_1,Station_GB1024A,,GB_SamplingPoint_74174,GB_StationProcess_918,GB_SamplingFeature_918,O3,http://dd.eionet.europa.eu/vocabulary/aq/pollutant/7,hour,37.1699100000,µg/m3,2018-10-29 22:00:00 +01:00,2018-10-29 23:00:00 +01:00,1,1
GB,http://environment.data.gov.uk/air-quality/so,GB_Network_1,Station_GB1024A,,GB_SamplingPoint_74174,GB_StationProcess_918,GB_SamplingFeature_918,O3,http://dd.eionet.europa.eu/vocabulary/aq/pollutant/7,hour,39.9140000000,µg/m3,2018-10-29 23:00:00 +01:00,2018-10-30 00:00:00 +01:00,1,1
GB,http://environment.data.gov.uk/air-quality/so,GB_Network_1,Station_GB1024A,,GB_SamplingPoint_74174,GB_StationProcess_918,GB_SamplingFeature_918,O3,http://dd.eionet.europa.eu/vocabulary/aq/pollutant/7,hour,43.6393100000,µg/m3,2018-10-30 01:00:00 +01:00,2018-10-30 02:00:00 +01:00,1,1
GB,http://environment.data.gov.uk/air-quality/so,GB_Network_1,Station_GB1024A,,GB_SamplingPoint_74174,GB_StationProcess_918,GB_SamplingFeature_918,O3,http://dd.eionet.europa.eu/vocabulary/aq/pollutant/7,hour,48.5953000000,µg/m3,2018-10-30 03:00:00 +01:00,2018-10-30 04:00:00 +01:00,1,1
GB,http://environment.data.gov.uk/air-quality/so,GB_Network_1,Station_GB1024A,,GB_SamplingPoint_74174,GB_StationProcess_918,GB_SamplingFeature_918,O3,http://dd.eionet.europa.eu/vocabulary/aq/pollutant/7,hour,47.0486300000,µg/m3,2018-10-30 04:00:00 +01:00,2018-10-30 05:00:00 +01:00,1,1
GB,http://environment.data.gov.uk/air-quality/so,GB_Network_1,Station_GB1024A,,GB_SamplingPoint_74174,GB_StationProcess_918,GB_SamplingFeature_918,O3,http://dd.eionet.europa.eu/vocabulary/aq/pollutant/7,hour,39.4649700000,µg/m3,2018-10-30 06:00:00 +01:00,2018-10-30 07:00:00 +01:00,1,1
GB,http://environment.data.gov.uk/air-quality/so,GB_Network_1,Station_GB1024A,,GB_SamplingPoint_74174,GB_StationProcess_918,GB_SamplingFeature_918,O3,http://dd.eionet.europa.eu/vocabulary/aq/pollutant/7,hour,30.8834600000,µg/m3,2018-10-30 07:00:00 +01:00,2018-10-30 08:00:00 +01:00,1,1
GB,http://environment.data.gov.uk/air-quality/so,GB_Network_1,Station_GB1024A,,GB_SamplingPoint_74174,GB_StationProcess_918,GB_SamplingFeature_918,O3,http://dd.eionet.europa.eu/vocabulary/aq/pollutant/7,hour,26.0438900000,µg/m3,2018-10-30 10:00:00 +01:00,2018-10-30 11:00:00 +01:00,1,1
GB,http://environment.data.gov.uk/air-quality/so,GB_Network_1,Station_GB1024A,,GB_SamplingPoint_74174,GB_StationProcess_918,GB_SamplingFeature_918,O3,http://dd.eionet.europa.eu/vocabulary/aq/pollutant/7,hour,21.5036700000,µg/m3,2018-10-30 12:00:00 +01:00,2018-10-30 13:00:00 +01:00,1,1
GB,http://environment.data.gov.uk/air-quality/so,GB_Network_1,Station_GB1024A,,GB_SamplingPoint_74174,GB_StationProcess_918,GB_SamplingFeature_918,O3,http://dd.eionet.europa.eu/vocabulary/aq/pollutant/7,hour,24.5471100000,µg/m3,2018-10-30 13:00:00 +01:00,2018-10-30 14:00:00 +01:00,1,1
GB,http://environment.data.gov.uk/air-quality/so,GB_Network_1,Station_GB1024A,,GB_SamplingPoint_74174,GB_StationProcess_918,GB_SamplingFeature_918,O3,http://dd.eionet.europa.eu/vocabulary/aq/pollutant/7,hour,24.0980800000,µg/m3,2018-10-30 15:00:00 +01:00,2018-10-30 16:00:00 +01:00,1,1
GB,http://environment.data.gov.uk/air-quality/so,GB_Network_1,Station_GB1024A,,GB_SamplingPoint_74174,GB_StationProcess_918,GB_SamplingFeature_918,O3,http://dd.eionet.europa.eu/vocabulary/aq/pollutant/7,hour,19.9570000000,µg/m3,2018-10-30 16:00:00 +01:00,2018-10-30 17:00:00 +01:00,1,1
GB,http://environment.data.gov.uk/air-quality/so,GB_Network_1,Station_GB1024A,,GB_SamplingPoint_74174,GB_StationProcess_918,GB_SamplingFeature_918,O3,http://dd.eionet.europa.eu/vocabulary/aq/pollutant/7,hour,20.2064600000,µg/m3,2018-10-30 17:00:00 +01:00,2018-10-30 18:00:00 +01:00,1,1
GB,http://environment.data.gov.uk/air-quality/so,GB_Network_1,Station_GB1024A,,GB_SamplingPoint_74174,GB_StationProcess_918,GB_SamplingFeature_918,O3,http://dd.eionet.europa.eu/vocabulary/aq/pollutant/7,hour,7.1845200000,µg/m3,2018-10-30 22:00:00 +01:00,2018-10-30 23:00:00 +01:00,1,1
GB,http://environment.data.gov.uk/air-quality/so,GB_Network_1,Station_GB1024A,,GB_SamplingPoint_74174,GB_StationProcess_918,GB_SamplingFeature_918,O3,http://dd.eionet.europa.eu/vocabulary/aq/pollutant/7,hour,0.6652300000,µg/m3,2018-10-31 01:00:00 +01:00,2018-10-31 02:00:00 +01:00,2,1
GB,http://environment.data.gov.uk/air-quality/so,GB_Network_1,Station_GB1024A,,GB_SamplingPoint_74174,GB_StationProcess_918,GB_SamplingFeature_918,O3,http://dd.eionet.europa.eu/vocabulary/aq/pollutant/7,hour,5.7875300000,µg/m3,2018-10-31 02:00:00 +01:00,2018-10-31 03:00:00 +01:00,2,1
GB,http://environment.data.gov.uk/air-quality/so,GB_Network_1,Station_GB1024A,,GB_SamplingPoint_74174,GB_StationProcess_918,GB_SamplingFeature_918,O3,http://dd.eionet.europa.eu/vocabulary/aq/pollutant/7,hour,7.7333400000,µg/m3,2018-10-31 03:00:00 +01:00,2018-10-31 04:00:00 +01:00,1,1
GB,http://environment.data.gov.uk/air-quality/so,GB_Network_1,Station_GB1024A,,GB_SamplingPoint_74174,GB_StationProcess_918,GB_SamplingFeature_918,O3,http://dd.eionet.europa.eu/vocabulary/aq/pollutant/7,hour,4.9892500000,µg/m3,2018-10-31 04:00:00 +01:00,2018-10-31 05:00:00 +01:00,2,1
GB,http://environment.data.gov.uk/air-quality/so,GB_Network_1,Station_GB1024A,,GB_SamplingPoint_74174,GB_StationProcess_918,GB_SamplingFeature_918,O3,http://dd.eionet.europa.eu/vocabulary/aq/pollutant/7,hour,1.8460200000,µg/m3,2018-10-31 05:00:00 +01:00,2018-10-31 06:00:00 +01:00,2,1
GB,http://environment.data.gov.uk/air-quality/so,GB_Network_1,Station_GB1024A,,GB_SamplingPoint_74174,GB_StationProcess_918,GB_SamplingFeature_918,O3,http://dd.eionet.europa.eu/vocabulary/aq/pollutant/7,hour,56.1290600000,µg/m3,2018-10-31 14:00:00 +01:00,2018-10-31 15:00:00 +01:00,1,1
GB,http://environment.data.gov.uk/air-quality/so,GB_Network_1,Station_GB1024A,,GB_SamplingPoint_74174,GB_StationProcess_918,GB_SamplingFeature_918,O3,http://dd.eionet.europa.eu/vocabulary/aq/pollutant/7,hour,54.9316400000,µg/m3,2018-10-31 15:00:00 +01:00,2018-10-31 16:00:00 +01:00,1,1
GB,http://environment.data.gov.uk/air-quality/so,GB_Network_1,Station_GB1024A,,GB_SamplingPoint_74174,GB_StationProcess_918,GB_SamplingFeature_918,O3,http://dd.eionet.europa.eu/vocabulary/aq/pollutant/7,hour,30.6838900000,µg/m3,2018-10-31 17:00:00 +01:00,2018-10-31 18:00:00 +01:00,1,1
GB,http://environment.data.gov.uk/air-quality/so,GB_Network_1,Station_GB1024A,,GB_SamplingPoint_74174,GB_StationProcess_918,GB_SamplingFeature_918,O3,http://dd.eionet.europa.eu/vocabulary/aq/pollutant/7,hour,12.6727000000,µg/m3,2018-10-31 18:00:00 +01:00,2018-10-31 19:00:00 +01:00,1,1
GB,http://environment.data.gov.uk/air-quality/so,GB_Network_1,Station_GB1024A,,GB_SamplingPoint_74174,GB_StationProcess_918,GB_SamplingFeature_918,O3,http://dd.eionet.europa.eu/vocabulary/aq/pollutant/7,hour,5.2387100000,µg/m3,2018-10-31 19:00:00 +01:00,2018-10-31 20:00:00 +01:00,2,1
GB,http://environment.data.gov.uk/air-quality/so,GB_Network_1,Station_GB1024A,,GB_SamplingPoint_74174,GB_StationProcess_918,GB_SamplingFeature_918,O3,http://dd.eionet.europa.eu/vocabulary/aq/pollutant/7,hour,5.3883900000,µg/m3,2018-10-31 20:00:00 +01:00,2018-10-31 21:00:00 +01:00,2,1
GB,http://environment.data.gov.uk/air-quality/so,GB_Network_1,Station_GB1024A,,GB_SamplingPoint_74174,GB_StationProcess_918,GB_SamplingFeature_918,O3,http://dd.eionet.europa.eu/vocabulary/aq/pollutant/7,hour,3.2929100000,µg/m3,2018-10-31 21:00:00 +01:00,2018-10-31 22:00:00 +01:00,2,1
GB,http://environment.data.gov.uk/air-quality/so,GB_Network_1,Station_GB1024A,,GB_SamplingPoint_74174,GB_StationProcess_918,GB_SamplingFeature_918,O3,http://dd.eionet.europa.eu/vocabulary/aq/pollutant/7,hour,1.9957000000,µg/m3,2018-10-31 22:00:00 +01:00,2018-10-31 23:00:00 +01:00,2,1
GB,http://environment.data.gov.uk/air-quality/so,GB_Network_1,Station_GB1024A,,GB_SamplingPoint_74174,GB_StationProcess_918,GB_SamplingFeature_918,O3,http://dd.eionet.europa.eu/vocabulary/aq/pollutant/7,hour,1.7462400000,µg/m3,2018-10-31 23:00:00 +01:00,2018-11-01 00:00:00 +01:00,2,1
GB,http://environment.data.gov.uk/air-quality/so,GB_Network_1,Station_GB1024A,,GB_SamplingPoint_74174,GB_StationProcess_918,GB_SamplingFeature_918,O3,http://dd.eionet.europa.eu/vocabulary/aq/pollutant/7,hour,0.5987100000,µg/m3,2018-11-01 02:00:00 +01:00,2018-11-01 03:00:00 +01:00,2,1
GB,http://environment.data.gov.uk/air-quality/so,GB_Network_1,Station_GB1024A,,GB_SamplingPoint_74174,GB_StationProcess_918,GB_SamplingFeature_918,O3,http://dd.eionet.europa.eu/vocabulary/aq/pollutant/7,hour,1.2972100000,µg/m3,2018-11-01 05:00:00 +01:00,2018-11-01 06:00:00 +01:00,2,1
GB,http://environment.data.gov.uk/air-quality/so,GB_Network_1,Station_GB1024A,,GB_SamplingPoint_74174,GB_StationProcess_918,GB_SamplingFeature_918,O3,http://dd.eionet.europa.eu/vocabulary/aq/pollutant/7,hour,0.9479600000,µg/m3,2018-11-01 07:00:00 +01:00,2018-11-01 08:00:00 +01:00,2,1
GB,http://environment.data.gov.uk/air-quality/so,GB_Network_1,Station_GB1024A,,GB_SamplingPoint_74174,GB_StationProcess_918,GB_SamplingFeature_918,O3,http://dd.eionet.europa.eu/vocabulary/aq/pollutant/7,hour,7.4339800000,µg/m3,2018-11-01 12:00:00 +01:00,2018-11-01 13:00:00 +01:00,1,1
GB,http://environment.data.gov.uk/air-quality/so,GB_Network_1,Station_GB1024A,,GB_SamplingPoint_74174,GB_StationProcess_918,GB_SamplingFeature_918,O3,http://dd.eionet.europa.eu/vocabulary/aq/pollutant/7,hour,24.7466800000,µg/m3,2018-11-01 14:00:00 +01:00,2018-11-01 15:00:00 +01:00,1,1
GB,http://environment.data.gov.uk/air-quality/so,GB_Network_1,Station_GB1024A,,GB_SamplingPoint_74174,GB_StationProcess_918,GB_SamplingFeature_918,O3,http://dd.eionet.europa.eu/vocabulary/aq/pollutant/7,hour,12.9221600000,µg/m3,2018-11-01 15:00:00 +01:00,2018-11-01 16:00:00 +01:00,1,1
GB,http://environment.data.gov.uk/air-quality/so,GB_Network_1,Station_GB1024A,,GB_SamplingPoint_74174,GB_StationProcess_918,GB_SamplingFeature_918,O3,http://dd.eionet.europa.eu/vocabulary/aq/pollutant/7,hour,11.3256000000,µg/m3,2018-11-01 18:00:00 +01:00,2018-11-01 19:00:00 +01:00,1,1
GB,http://environment.data.gov.uk/air-quality/so,GB_Network_1,Station_GB1024A,,GB_SamplingPoint_74174,GB_StationProcess_918,GB_SamplingFeature_918,O3,http://dd.eionet.europa.eu/vocabulary/aq/pollutant/7,hour,13.9200100000,µg/m3,2018-11-01 19:00:00 +01:00,2018-11-01 20:00:00 +01:00,1,1
GB,http://environment.data.gov.uk/air-quality/so,GB_Network_1,Station_GB1024A,,GB_SamplingPoint_74174,GB_StationProcess_918,GB_SamplingFeature_918,O3,http://dd.eionet.europa.eu/vocabulary/aq/pollutant/7,hour,1.8460200000,µg/m3,2018-11-01 22:00:00 +01:00,2018-11-01 23:00:00 +01:00,2,1
GB,http://environment.data.gov.uk/air-quality/so,GB_Network_1,Station_GB1024A,,GB_SamplingPoint_74174,GB_StationProcess_918,GB_SamplingFeature_918,O3,http://dd.eionet.europa.eu/vocabulary/aq/pollutant/7,hour,1.5965600000,µg/m3,2018-11-01 23:00:00 +01:00,2018-11-02 00:00:00 +01:00,2,1
GB,http://environment.data.gov.uk/air-quality/so,GB_Network_1,Station_GB1024A,,GB_SamplingPoint_74174,GB_StationProcess_918,GB_SamplingFeature_918,O3,http://dd.eionet.europa.eu/vocabulary/aq/pollutant/7,hour,3.6587800000,µg/m3,2018-11-02 01:00:00 +01:00,2018-11-02 02:00:00 +01:00,2,1
GB,http://environment.data.gov.uk/air-quality/so,GB_Network_1,Station_GB1024A,,GB_SamplingPoint_74174,GB_StationProcess_918,GB_SamplingFeature_918,O3,http://dd.eionet.europa.eu/vocabulary/aq/pollutant/7,hour,6.2531900000,µg/m3,2018-11-02 02:00:00 +01:00,2018-11-02 03:00:00 +01:00,1,1
GB,http://environment.data.gov.uk/air-quality/so,GB_Network_1,Station_GB1024A,,GB_SamplingPoint_74174,GB_StationProcess_918,GB_SamplingFeature_918,O3,http://dd.eionet.europa.eu/vocabulary/aq/pollutant/7,hour,11.9742000000,µg/m3,2018-11-02 03:00:00 +01:00,2018-11-02 04:00:00 +01:00,1,1
GB,http://environment.data.gov.uk/air-quality/so,GB_Network_1,Station_GB1024A,,GB_SamplingPoint_74174,GB_StationProcess_918,GB_SamplingFeature_918,O3,http://dd.eionet.europa.eu/vocabulary/aq/pollutant/7,hour,12.5230200000,µg/m3,2018-11-02 04:00:00 +01:00,2018-11-02 05:00:00 +01:00,1,1
GB,http://environment.data.gov.uk/air-quality/so,GB_Network_1,Station_GB1024A,,GB_SamplingPoint_74174,GB_StationProcess_918,GB_SamplingFeature_918,O3,http://dd.eionet.europa.eu/vocabulary/aq/pollutant/7,hour,19.1088300000,µg/m3,2018-11-02 05:00:00 +01:00,2018-11-02 06:00:00 +01:00,1,1
GB,http://environment.data.gov.uk/air-quality/so,GB_Network_1,Station_GB1024A,,GB_SamplingPoint_74174,GB_StationProcess_918,GB_SamplingFeature_918,O3,http://dd.eionet.europa.eu/vocabulary/aq/pollutant/7,hour,21.5535600000,µg/m3,2018-11-02 06:00:00 +01:00,2018-11-02 07:00:00 +01:00,1,1
GB,http://environment.data.gov.uk/air-quality/so,GB_Network_1,Station_GB1024A,,GB_SamplingPoint_74174,GB_StationProcess_918,GB_SamplingFeature_918,O3,http://dd.eionet.europa.eu/vocabulary/aq/pollutant/7,hour,14.8180700000,µg/m3,2018-11-02 07:00:00 +01:00,2018-11-02 08:00:00 +01:00,1,1
GB,http://environment.data.gov.uk/air-quality/so,GB_Network_1,Station_GB1024A,,GB_SamplingPoint_74174,GB_StationProcess_918,GB_SamplingFeature_918,O3,http://dd.eionet.europa.eu/vocabulary/aq/pollutant/7,hour,12.0739900000,µg/m3,2018-11-02 09:00:00 +01:00,2018-11-02 10:00:00 +01:00,1,1
GB,http://environment.data.gov.uk/air-quality/so,GB_Network_1,Station_GB1024A,,GB_SamplingPoint_74174,GB_StationProcess_918,GB_SamplingFeature_918,O3,http://dd.eionet.europa.eu/vocabulary/aq/pollutant/7,hour,9.1303300000,µg/m3,2018-11-02 10:00:00 +01:00,2018-11-02 11:00:00 +01:00,1,1
GB,http://environment.data.gov.uk/air-quality/so,GB_Network_1,Station_GB1024A,,GB_SamplingPoint_74174,GB_StationProcess_918,GB_SamplingFeature_918,O3,http://dd.eionet.europa.eu/vocabulary/aq/pollutant/7,hour,18.5101200000,µg/m3,2018-11-02 11:00:00 +01:00,2018-11-02 12:00:00 +01:00,1,1
GB,http://environment.data.gov.uk/air-quality/so,GB_Network_1,Station_GB1024A,,GB_SamplingPoint_74174,GB_StationProcess_918,GB_SamplingFeature_918,O3,http://dd.eionet.europa.eu/vocabulary/aq/pollutant/7,hour,26.5927000000,µg/m3,2018-11-02 12:00:00 +01:00,2018-11-02 13:00:00 +01:00,1,1
GB,http://environment.data.gov.uk/air-quality/so,GB_Network_1,Station_GB1024A,,GB_SamplingPoint_74174,GB_StationProcess_918,GB_SamplingFeature_918,O3,http://dd.eionet.europa.eu/vocabulary/aq/pollutant/7,hour,58.1746600000,µg/m3,2018-11-02 15:00:00 +01:00,2018-11-02 16:00:00 +01:00,1,1
GB,http://environment.data.gov.uk/air-quality/so,GB_Network_1,Station_GB1024A,,GB_SamplingPoint_74174,GB_StationProcess_918,GB_SamplingFeature_918,O3,http://dd.eionet.europa.eu/vocabulary/aq/pollutant/7,hour,49.0443300000,µg/m3,2018-11-02 16:00:00 +01:00,2018-11-02 17:00:00 +01:00,1,1
GB,http://environment.data.gov.uk/air-quality/so,GB_Network_1,Station_GB1024A,,GB_SamplingPoint_74174,GB_StationProcess_918,GB_SamplingFeature_918,O3,http://dd.eionet.europa.eu/vocabulary/aq/pollutant/7,hour,13.3711900000,µg/m3,2018-11-02 17:00:00 +01:00,2018-11-02 18:00:00 +01:00,1,1
GB,http://environment.data.gov.uk/air-quality/so,GB_Network_1,Station_GB1024A,,GB_SamplingPoint_74174,GB_StationProcess_918,GB_SamplingFeature_918,O3,http://dd.eionet.europa.eu/vocabulary/aq/pollutant/7,hour,0.8481700000,µg/m3,2018-11-02 19:00:00 +01:00,2018-11-02 20:00:00 +01:00,2,1
GB,http://environment.data.gov.uk/air-quality/so,GB_Network_1,Station_GB1024A,,GB_SamplingPoint_74174,GB_StationProcess_918,GB_SamplingFeature_918,O3,http://dd.eionet.europa.eu/vocabulary/aq/pollutant/7,hour,1.6464500000,µg/m3,2018-11-02 20:00:00 +01:00,2018-11-02 21:00:00 +01:00,2,1
GB,http://environment.data.gov.uk/air-quality/so,GB_Network_1,Station_GB1024A,,GB_SamplingPoint_74174,GB_StationProcess_918,GB_SamplingFeature_918,O3,http://dd.eionet.europa.eu/vocabulary/aq/pollutant/7,hour,1.8460200000,µg/m3,2018-11-02 21:00:00 +01:00,2018-11-02 22:00:00 +01:00,2,1
GB,http://environment.data.gov.uk/air-quality/so,GB_Network_1,Station_GB1024A,,GB_SamplingPoint_74174,GB_StationProcess_918,GB_SamplingFeature_918,O3,http://dd.eionet.europa.eu/vocabulary/aq/pollutant/7,hour,1.7961300000,µg/m3,2018-11-02 22:00:00 +01:00,2018-11-02 23:00:00 +01:00,2,1
GB,http://environment.data.gov.uk/air-quality/so,GB_Network_1,Station_GB1024A,,GB_SamplingPoint_74174,GB_StationProcess_918,GB_SamplingFeature_918,O3,http://dd.eionet.europa.eu/vocabulary/aq/pollutant/7,hour,1.7462400000,µg/m3,2018-11-02 23:00:00 +01:00,2018-11-03 00:00:00 +01:00,2,1
GB,http://environment.data.gov.uk/air-quality/so,GB_Network_1,Station_GB1024A,,GB_SamplingPoint_74174,GB_StationProcess_918,GB_SamplingFeature_918,O3,http://dd.eionet.europa.eu/vocabulary/aq/pollutant/7,hour,1.8460200000,µg/m3,2018-11-03 00:00:00 +01:00,2018-11-03 01:00:00 +01:00,2,1
GB,http://environment.data.gov.uk/air-quality/so,GB_Network_1,Station_GB1024A,,GB_SamplingPoint_74174,GB_StationProcess_918,GB_SamplingFeature_918,O3,http://dd.eionet.europa.eu/vocabulary/aq/pollutant/7,hour,1.4635100000,µg/m3,2018-11-03 01:00:00 +01:00,2018-11-03 02:00:00 +01:00,2,1
GB,http://environment.data.gov.uk/air-quality/so,GB_Network_1,Station_GB1024A,,GB_SamplingPoint_74174,GB_StationProcess_918,GB_SamplingFeature_918,O3,http://dd.eionet.europa.eu/vocabulary/aq/pollutant/7,hour,15.6662500000,µg/m3,2018-11-03 03:00:00 +01:00,2018-11-03 04:00:00 +01:00,1,1
GB,http://environment.data.gov.uk/air-quality/so,GB_Network_1,Station_GB1024A,,GB_SamplingPoint_74174,GB_StationProcess_918,GB_SamplingFeature_918,O3,http://dd.eionet.europa.eu/vocabulary/aq/pollutant/7,hour,15.9656000000,µg/m3,2018-11-03 05:00:00 +01:00,2018-11-03 06:00:00 +01:00,1,1
GB,http://environment.data.gov.uk/air-quality/so,GB_Network_1,Station_GB1024A,,GB_SamplingPoint_74174,GB_StationProcess_918,GB_SamplingFeature_918,O3,http://dd.eionet.europa.eu/vocabulary/aq/pollutant/7,hour,21.2043100000,µg/m3,2018-11-03 06:00:00 +01:00,2018-11-03 07:00:00 +01:00,1,1
GB,http://environment.data.gov.uk/air-quality/so,GB_Network_1,Station_GB1024A,,GB_SamplingPoint_74174,GB_StationProcess_918,GB_SamplingFeature_918,O3,http://dd.eionet.europa.eu/vocabulary/aq/pollutant/7,hour,28.8877600000,µg/m3,2018-11-03 07:00:00 +01:00,2018-11-03 08:00:00 +01:00,1,1
GB,http://environment.data.gov.uk/air-quality/so,GB_Network_1,Station_GB1024A,,GB_SamplingPoint_74174,GB_StationProcess_918,GB_SamplingFeature_918,O3,http://dd.eionet.europa.eu/vocabulary/aq/pollutant/7,hour,23.8486200000,µg/m3,2018-11-03 09:00:00 +01:00,2018-11-03 10:00:00 +01:00,1,1
GB,http://environment.data.gov.uk/air-quality/so,GB_Network_1,Station_GB1024A,,GB_SamplingPoint_74174,GB_StationProcess_918,GB_SamplingFeature_918,O3,http://dd.eionet.europa.eu/vocabulary/aq/pollutant/7,hour,32.1806600000,µg/m3,2018-11-03 10:00:00 +01:00,2018-11-03 11:00:00 +01:00,1,1
GB,http://environment.data.gov.uk/air-quality/so,GB_Network_1,Station_GB1024A,,GB_SamplingPoint_74174,GB_StationProcess_918,GB_SamplingFeature_918,O3,http://dd.eionet.europa.eu/vocabulary/aq/pollutant/7,hour,54.6821800000,µg/m3,2018-11-03 12:00:00 +01:00,2018-11-03 13:00:00 +01:00,1,1
GB,http://environment.data.gov.uk/air-quality/so,GB_Network_1,Station_GB1024A,,GB_SamplingPoint_74174,GB_StationProcess_918,GB_SamplingFeature_918,O3,http://dd.eionet.europa.eu/vocabulary/aq/pollutant/7,hour,64.3114300000,µg/m3,2018-11-03 13:00:00 +01:00,2018-11-03 14:00:00 +01:00,1,1
GB,http://environment.data.gov.uk/air-quality/so,GB_Network_1,Station_GB1024A,,GB_SamplingPoint_74174,GB_StationProcess_918,GB_SamplingFeature_918,O3,http://dd.eionet.europa.eu/vocabulary/aq/pollutant/7,hour,69.5501500000,µg/m3,2018-11-03 14:00:00 +01:00,2018-11-03 15:00:00 +01:00,1,1
GB,http://environment.data.gov.uk/air-quality/so,GB_Network_1,Station_GB1024A,,GB_SamplingPoint_74174,GB_StationProcess_918,GB_SamplingFeature_918,O3,http://dd.eionet.europa.eu/vocabulary/aq/pollutant/7,hour,68.1531600000,µg/m3,2018-11-03 16:00:00 +01:00,2018-11-03 17:00:00 +01:00,1,1
GB,http://environment.data.gov.uk/air-quality/so,GB_Network_1,Station_GB1024A,,GB_SamplingPoint_74174,GB_StationProcess_918,GB_SamplingFeature_918,O3,http://dd.eionet.europa.eu/vocabulary/aq/pollutant/7,hour,59.4718600000,µg/m3,2018-11-03 17:00:00 +01:00,2018-11-03 18:00:00 +01:00,1,1
GB,http://environment.data.gov.uk/air-quality/so,GB_Network_1,Station_GB1024A,,GB_SamplingPoint_74174,GB_StationProcess_918,GB_SamplingFeature_918,O3,http://dd.eionet.europa.eu/vocabulary/aq/pollutant/7,hour,40.5626000000,µg/m3,2018-11-03 19:00:00 +01:00,2018-11-03 20:00:00 +01:00,1,1
GB,http://environment.data.gov.uk/air-quality/so,GB_Network_1,Station_GB1024A,,GB_SamplingPoint_74174,GB_StationProcess_918,GB_SamplingFeature_918,O3,http://dd.eionet.europa.eu/vocabulary/aq/pollutant/7,hour,24.6967900000,µg/m3,2018-11-03 22:00:00 +01:00,2018-11-03 23:00:00 +01:00,1,1
GB,http://environment.data.gov.uk/air-quality/so,GB_Network_1,Station_GB1024A,,GB_SamplingPoint_74174,GB_StationProcess_918,GB_SamplingFeature_918,O3,http://dd.eionet.europa.eu/vocabulary/aq/pollutant/7,hour,19.2086100000,µg/m3,2018-11-04 00:00:00 +01:00,2018-11-04 01:00:00 +01:00,1,1
GB,http://environment.data.gov.uk/air-quality/so,GB_Network_1,Station_GB1024A,,GB_SamplingPoint_74174,GB_StationProcess_918,GB_SamplingFeature_918,O3,http://dd.eionet.europa.eu/vocabulary/aq/pollutant/7,hour,47.6473400000,µg/m3,2018-11-04 04:00:00 +01:00,2018-11-04 05:00:00 +01:00,1,1
GB,http://environment.data.gov.uk/air-quality/so,GB_Network_1,Station_GB1024A,,GB_SamplingPoint_74174,GB_StationProcess_918,GB_SamplingFeature_918,O3,http://dd.eionet.europa.eu/vocabulary/aq/pollutant/7,hour,50.4912100000,µg/m3,2018-11-04 06:00:00 +01:00,2018-11-04 07:00:00 +01:00,1,1
GB,http://environment.data.gov.uk/air-quality/so,GB_Network_1,Station_GB1024A,,GB_SamplingPoint_74174,GB_StationProcess_918,GB_SamplingFeature_918,O3,http://dd.eionet.europa.eu/vocabulary/aq/pollutant/7,hour,44.5540000000,µg/m3,2018-11-04 07:00:00 +01:00,2018-11-04 08:00:00 +01:00,1,1
GB,http://environment.data.gov.uk/air-quality/so,GB_Network_1,Station_GB1024A,,GB_SamplingPoint_74174,GB_StationProcess_918,GB_SamplingFeature_918,O3,http://dd.eionet.europa.eu/vocabulary/aq/pollutant/7,hour,38.9161500000,µg/m3,2018-11-04 08:00:00 +01:00,2018-11-04 09:00:00 +01:00,1,1
GB,http://environment.data.gov.uk/air-quality/so,GB_Network_1,Station_GB1024A,,GB_SamplingPoint_74174,GB_StationProcess_918,GB_SamplingFeature_918,O3,http://dd.eionet.europa.eu/vocabulary/aq/pollutant/7,hour,34.2761500000,µg/m3,2018-11-04 09:00:00 +01:00,2018-11-04 10:00:00 +01:00,1,1
GB,http://environment.data.gov.uk/air-quality/so,GB_Network_1,Station_GB1024A,,GB_SamplingPoint_74174,GB_StationProcess_918,GB_SamplingFeature_918,O3,http://dd.eionet.europa.eu/vocabulary/aq/pollutant/7,hour,38.1178700000,µg/m3,2018-11-04 10:00:00 +01:00,2018-11-04 11:00:00 +01:00,1,1
GB,http://environment.data.gov.uk/air-quality/so,GB_Network_1,Station_GB1024A,,GB_SamplingPoint_74174,GB_StationProcess_918,GB_SamplingFeature_918,O3,http://dd.eionet.europa.eu/vocabulary/aq/pollutant/7,hour,47.7970200000,µg/m3,2018-11-04 12:00:00 +01:00,2018-11-04 13:00:00 +01:00,1,1
GB,http://environment.data.gov.uk/air-quality/so,GB_Network_1,Station_GB1024A,,GB_SamplingPoint_74174,GB_StationProcess_918,GB_SamplingFeature_918,O3,http://dd.eionet.europa.eu/vocabulary/aq/pollutant/7,hour,45.6017500000,µg/m3,2018-11-04 14:00:00 +01:00,2018-11-04 15:00:00 +01:00,1,1
GB,http://environment.data.gov.uk/air-quality/so,GB_Network_1,Station_GB1024A,,GB_SamplingPoint_74174,GB_StationProcess_918,GB_SamplingFeature_918,O3,http://dd.eionet.europa.eu/vocabulary/aq/pollutant/7,hour,51.0400300000,µg/m3,2018-11-04 15:00:00 +01:00,2018-11-04 16:00:00 +01:00,1,1
GB,http://environment.data.gov.uk/air-quality/so,GB_Network_1,Station_GB1024A,,GB_SamplingPoint_74174,GB_StationProcess_918,GB_SamplingFeature_918,O3,http://dd.eionet.europa.eu/vocabulary/aq/pollutant/7,hour,45.8512100000,µg/m3,2018-11-04 16:00:00 +01:00,2018-11-04 17:00:00 +01:00,1,1
GB,http://environment.data.gov.uk/air-quality/so,GB_Network_1,Station_GB1024A,,GB_SamplingPoint_74174,GB_StationProcess_918,GB_SamplingFeature_918,O3,http://dd.eionet.europa.eu/vocabulary/aq/pollutant/7,hour,26.5927000000,µg/m3,2018-11-04 18:00:00 +01:00,2018-11-04 19:00:00 +01:00,1,1
GB,http://environment.data.gov.uk/air-quality/so,GB_Network_1,Station_GB1024A,,GB_SamplingPoint_74174,GB_StationProcess_918,GB_SamplingFeature_918,O3,http://dd.eionet.europa.eu/vocabulary/aq/pollutant/7,hour,10.3776400000,µg/m3,2018-11-04 20:00:00 +01:00,2018-11-04 21:00:00 +01:00,1,1
GB,http://environment.data.gov.uk/air-quality/so,GB_Network_1,Station_GB1024A,,GB_SamplingPoint_74174,GB_StationProcess_918,GB_SamplingFeature_918,O3,http://dd.eionet.europa.eu/vocabulary/aq/pollutant/7,hour,3.0933400000,µg/m3,2018-11-04 21:00:00 +01:00,2018-11-04 22:00:00 +01:00,2,1
GB,http://environment.data.gov.uk/air-quality/so,GB_Network_1,Station_GB1024A,,GB_SamplingPoint_74174,GB_StationProcess_918,GB_SamplingFeature_918,O3,http://dd.eionet.europa.eu/vocabulary/aq/pollutant/7,hour,1.7961300000,µg/m3,2018-11-04 22:00:00 +01:00,2018-11-04 23:00:00 +01:00,2,1
GB,http://environment.data.gov.uk/air-quality/so,GB_Network_1,Station_GB1024A,,GB_SamplingPoint_74174,GB_StationProcess_918,GB_SamplingFeature_918,O3,http://dd.eionet.europa.eu/vocabulary/aq/pollutant/7,hour,3.2596400000,µg/m3,2018-11-05 01:00:00 +01:00,2018-11-05 02:00:00 +01:00,2,1
GB,http://environment.data.gov.uk/air-quality/so,GB_Network_1,Station_GB1024A,,GB_SamplingPoint_74174,GB_StationProcess_918,GB_SamplingFeature_918,O3,http://dd.eionet.europa.eu/vocabulary/aq/pollutant/7,hour,5.6544800000,µg/m3,2018-11-05 02:00:00 +01:00,2018-11-05 03:00:00 +01:00,2,1
GB,http://environment.data.gov.uk/air-quality/so,GB_Network_1,Station_GB1024A,,GB_SamplingPoint_74174,GB_StationProcess_918,GB_SamplingFeature_918,O3,http://dd.eionet.europa.eu/vocabulary/aq/pollutant/7,hour,3.4924800000,µg/m3,2018-11-05 03:00:00 +01:00,2018-11-05 04:00:00 +01:00,2,1
GB,http://environment.data.gov.uk/air-quality/so,GB_Network_1,Station_GB1024A,,GB_SamplingPoint_74174,GB_StationProcess_918,GB_SamplingFeature_918,O3,http://dd.eionet.europa.eu/vocabulary/aq/pollutant/7,hour,4.7397900000,µg/m3,2018-11-05 05:00:00 +01:00,2018-11-05 06:00:00 +01:00,2,1
GB,http://environment.data.gov.uk/air-quality/so,GB_Network_1,Station_GB1024A,,GB_SamplingPoint_74174,GB_StationProcess_918,GB_SamplingFeature_918,O3,http://dd.eionet.europa.eu/vocabulary/aq/pollutant/7,hour,1.8460200000,µg/m3,2018-11-05 06:00:00 +01:00,2018-11-05 07:00:00 +01:00,2,1
GB,http://environment.data.gov.uk/air-quality/so,GB_Network_1,Station_GB1024A,,GB_SamplingPoint_74174,GB_StationProcess_918,GB_SamplingFeature_918,O3,http://dd.eionet.europa.eu/vocabulary/aq/pollutant/7,hour,0.9978500000,µg/m3,2018-11-05 07:00:00 +01:00,2018-11-05 08:00:00 +01:00,2,1
GB,http://environment.data.gov.uk/air-quality/so,GB_Network_1,Station_GB1024A,,GB_SamplingPoint_74174,GB_StationProcess_918,GB_SamplingFeature_918,O3,http://dd.eionet.europa.eu/vocabulary/aq/pollutant/7,hour,1.7462400000,µg/m3,2018-11-05 08:00:00 +01:00,2018-11-05 09:00:00 +01:00,2,1
GB,http://environment.data.gov.uk/air-quality/so,GB_Network_1,Station_GB1024A,,GB_SamplingPoint_74174,GB_StationProcess_918,GB_SamplingFeature_918,O3,http://dd.eionet.europa.eu/vocabulary/aq/pollutant/7,hour,1.5965600000,µg/m3,2018-11-05 09:00:00 +01:00,2018-11-05 10:00:00 +01:00,2,1
GB,http://environment.data.gov.uk/air-quality/so,GB_Network_1,Station_GB1024A,,GB_SamplingPoint_74174,GB_StationProcess_918,GB_SamplingFeature_918,O3,http://dd.eionet.europa.eu/vocabulary/aq/pollutant/7,hour,1.4967800000,µg/m3,2018-11-05 10:00:00 +01:00,2018-11-05 11:00:00 +01:00,2,1
GB,http://environment.data.gov.uk/air-quality/so,GB_Network_1,Station_GB1024A,,GB_SamplingPoint_74174,GB_StationProcess_918,GB_SamplingFeature_918,O3,http://dd.eionet.europa.eu/vocabulary/aq/pollutant/7,hour,3.9914000000,µg/m3,2018-11-05 14:00:00 +01:00,2018-11-05 15:00:00 +01:00,2,1
GB,http://environment.data.gov.uk/air-quality/so,GB_Network_1,Station_GB1024A,,GB_SamplingPoint_74174,GB_StationProcess_918,GB_SamplingFeature_918,O3,http://dd.eionet.europa.eu/vocabulary/aq/pollutant/7,hour,3.7419400000,µg/m3,2018-11-05 16:00:00 +01:00,2018-11-05 17:00:00 +01:00,2,1
GB,http://environment.data.gov.uk/air-quality/so,GB_Network_1,Station_GB1024A,,GB_SamplingPoint_74174,GB_StationProcess_918,GB_SamplingFeature_918,O3,http://dd.eionet.europa.eu/vocabulary/aq/pollutant/7,hour,1.7961300000,µg/m3,2018-11-05 17:00:00 +01:00,2018-11-05 18:00:00 +01:00,2,1
GB,http://environment.data.gov.uk/air-quality/so,GB_Network_1,Station_GB1024A,,GB_SamplingPoint_74174,GB_StationProcess_918,GB_SamplingFeature_918,O3,http://dd.eionet.europa.eu/vocabulary/aq/pollutant/7,hour,1.8959200000,µg/m3,2018-11-05 18:00:00 +01:00,2018-11-05 19:00:00 +01:00,2,1
GB,http://environment.data.gov.uk/air-quality/so,GB_Network_1,Station_GB1024A,,GB_SamplingPoint_74174,GB_StationProcess_918,GB_SamplingFeature_918,O3,http://dd.eionet.europa.eu/vocabulary/aq/pollutant/7,hour,1.8959200000,µg/m3,2018-11-05 23:00:00 +01:00,2018-11-06 00:00:00 +01:00,2,1
GB,http://environment.data.gov.uk/air-quality/so,GB_Network_1,Station_GB1024A,,GB_SamplingPoint_74174,GB_StationProcess_918,GB_SamplingFeature_918,O3,http://dd.eionet.europa.eu/vocabulary/aq/pollutant/7,hour,1.7296100000,µg/m3,2018-11-06 02:00:00 +01:00,2018-11-06 03:00:00 +01:00,2,1
GB,http://environment.data.gov.uk/air-quality/so,GB_Network_1,Station_GB1024A,,GB_SamplingPoint_74174,GB_StationProcess_918,GB_SamplingFeature_918,O3,http://dd.eionet.europa.eu/vocabulary/aq/pollutant/7,hour,1.5965600000,µg/m3,2018-11-06 05:00:00 +01:00,2018-11-06 06:00:00 +01:00,2,1
GB,http://environment.data.gov.uk/air-quality/so,GB_Network_1,Station_GB1024A,,GB_SamplingPoint_74174,GB_StationProcess_918,GB_SamplingFeature_918,O3,http://dd.eionet.europa.eu/vocabulary/aq/pollutant/7,hour,1.6963500000,µg/m3,2018-11-06 06:00:00 +01:00,2018-11-06 07:00:00 +01:00,2,1
GB,http://environment.data.gov.uk/air-quality/so,GB_Network_1,Station_GB1024A,,GB_SamplingPoint_74174,GB_StationProcess_918,GB_SamplingFeature_918,O3,http://dd.eionet.europa.eu/vocabulary/aq/pollutant/7,hour,1.8959200000,µg/m3,2018-11-06 10:00:00 +01:00,2018-11-06 11:00:00 +01:00,2,1
GB,http://environment.data.gov.uk/air-quality/so,GB_Network_1,Station_GB1024A,,GB_SamplingPoint_74174,GB_StationProcess_918,GB_SamplingFeature_918,O3,http://dd.eionet.europa.eu/vocabulary/aq/pollutant/7,hour,1.7462400000,µg/m3,2018-11-06 11:00:00 +01:00,2018-11-06 12:00:00 +01:00,2,1
GB,http://environment.data.gov.uk/air-quality/so,GB_Network_1,Station_GB1024A,,GB_SamplingPoint_74174,GB_StationProcess_918,GB_SamplingFeature_918,O3,http://dd.eionet.europa.eu/vocabulary/aq/pollutant/7,hour,5.2886100000,µg/m3,2018-11-06 12:00:00 +01:00,2018-11-06 13:00:00 +01:00,2,1
GB,http://environment.data.gov.uk/air-quality/so,GB_Network_1,Station_GB1024A,,GB_SamplingPoint_74174,GB_StationProcess_918,GB_SamplingFeature_918,O3,http://dd.eionet.europa.eu/vocabulary/aq/pollutant/7,hour,15.2172100000,µg/m3,2018-11-06 13:00:00 +01:00,2018-11-06 14:00:00 +01:00,1,1
GB,http://environment.data.gov.uk/air-quality/so,GB_Network_1,Station_GB1024A,,GB_SamplingPoint_74174,GB_StationProcess_918,GB_SamplingFeature_918,O3,http://dd.eionet.europa.eu/vocabulary/aq/pollutant/7,hour,30.3845300000,µg/m3,2018-11-06 14:00:00 +01:00,2018-11-06 15:00:00 +01:00,1,1
GB,http://environment.data.gov.uk/air-quality/so,GB_Network_1,Station_GB1024A,,GB_SamplingPoint_74174,GB_StationProcess_918,GB_SamplingFeature_918,O3,http://dd.eionet.europa.eu/vocabulary/aq/pollutant/7,hour,30.1849600000,µg/m3,2018-11-06 16:00:00 +01:00,2018-11-06 17:00:00 +01:00,1,1
GB,http://environment.data.gov.uk/air-quality/so,GB_Network_1,Station_GB1024A,,GB_SamplingPoint_74174,GB_StationProcess_918,GB_SamplingFeature_918,O3,http://dd.eionet.europa.eu/vocabulary/aq/pollutant/7,hour,32.9789400000,µg/m3,2018-11-06 19:00:00 +01:00,2018-11-06 20:00:00 +01:00,1,1
GB,http://environment.data.gov.uk/air-quality/so,GB_Network_1,Station_GB1024A,,GB_SamplingPoint_74174,GB_StationProcess_918,GB_SamplingFeature_918,O3,http://dd.eionet.europa.eu/vocabulary/aq/pollutant/7,hour,40.1135700000,µg/m3,2018-11-06 21:00:00 +01:00,2018-11-06 22:00:00 +01:00,1,1
GB,http://environment.data.gov.uk/air-quality/so,GB_Network_1,Station_GB1024A,,GB_SamplingPoint_74174,GB_StationProcess_918,GB_SamplingFeature_918,O3,http://dd.eionet.europa.eu/vocabulary/aq/pollutant/7,hour,46.0507800000,µg/m3,2018-11-07 00:00:00 +01:00,2018-11-07 01:00:00 +01:00,1,1
GB,http://environment.data.gov.uk/air-quality/so,GB_Network_1,Station_GB1024A,,GB_SamplingPoint_74174,GB_StationProcess_918,GB_SamplingFeature_918,O3,http://dd.eionet.europa.eu/vocabulary/aq/pollutant/7,hour,59.9208900000,µg/m3,2018-11-07 03:00:00 +01:00,2018-11-07 04:00:00 +01:00,1,1
GB,http://environment.data.gov.uk/air-quality/so,GB_Network_1,Station_GB1024A,,GB_SamplingPoint_74174,GB_StationProcess_918,GB_SamplingFeature_918,O3,http://dd.eionet.europa.eu/vocabulary/aq/pollutant/7,hour,53.7841200000,µg/m3,2018-11-07 05:00:00 +01:00,2018-11-07 06:00:00 +01:00,1,1
GB,http://environment.data.gov.uk/air-quality/so,GB_Network_1,Station_GB1024A,,GB_SamplingPoint_74174,GB_StationProcess_918,GB_SamplingFeature_918,O3,http://dd.eionet.europa.eu/vocabulary/aq/pollutant/7,hour,44.8533600000,µg/m3,2018-11-07 06:00:00 +01:00,2018-11-07 07:00:00 +01:00,1,1
GB,http://environment.data.gov.uk/air-quality/so,GB_Network_1,Station_GB1024A,,GB_SamplingPoint_74174,GB_StationProcess_918,GB_SamplingFeature_918,O3,http://dd.eionet.europa.eu/vocabulary/aq/pollutant/7,hour,35.9226000000,µg/m3,2018-11-07 07:00:00 +01:00,2018-11-07 08:00:00 +01:00,1,1
GB,http://environment.data.gov.uk/air-quality/so,GB_Network_1,Station_GB1024A,,GB_SamplingPoint_74174,GB_StationProcess_918,GB_SamplingFeature_918,O3,http://dd.eionet.europa.eu/vocabulary/aq/pollutant/7,hour,29.2370100000,µg/m3,2018-11-07 08:00:00 +01:00,2018-11-07 09:00:00 +01:00,1,1
GB,http://environment.data.gov.uk/air-quality/so,GB_Network_1,Station_GB1024A,,GB_SamplingPoint_74174,GB_StationProcess_918,GB_SamplingFeature_918,O3,http://dd.eionet.europa.eu/vocabulary/aq/pollutant/7,hour,32.4800200000,µg/m3,2018-11-07 10:00:00 +01:00,2018-11-07 11:00:00 +01:00,1,1
GB,http://environment.data.gov.uk/air-quality/so,GB_Network_1,Station_GB1024A,,GB_SamplingPoint_74174,GB_StationProcess_918,GB_SamplingFeature_918,O3,http://dd.eionet.europa.eu/vocabulary/aq/pollutant/7,hour,44.4043300000,µg/m3,2018-11-07 13:00:00 +01:00,2018-11-07 14:00:00 +01:00,1,1
GB,http://environment.data.gov.uk/air-quality/so,GB_Network_1,Station_GB1024A,,GB_SamplingPoint_74174,GB_StationProcess_918,GB_SamplingFeature_918,O3,http://dd.eionet.europa.eu/vocabulary/aq/pollutant/7,hour,45.1028200000,µg/m3,2018-11-07 14:00:00 +01:00,2018-11-07 15:00:00 +01:00,1,1
GB,http://environment.data.gov.uk/air-quality/so,GB_Network_1,Station_GB1024A,,GB_SamplingPoint_74174,GB_StationProcess_918,GB_SamplingFeature_918,O3,http://dd.eionet.europa.eu/vocabulary/aq/pollutant/7,hour,37.8185200000,µg/m3,2018-11-07 17:00:00 +01:00,2018-11-07 18:00:00 +01:00,1,1
GB,http://environment.data.gov.uk/air-quality/so,GB_Network_1,Station_GB1024A,,GB_SamplingPoint_74174,GB_StationProcess_918,GB_SamplingFeature_918,O3,http://dd.eionet.europa.eu/vocabulary/aq/pollutant/7,hour,14.8679700000,µg/m3,2018-11-07 21:00:00 +01:00,2018-11-07 22:00:00 +01:00,1,1
GB,http://environment.data.gov.uk/air-quality/so,GB_Network_1,Station_GB1024A,,GB_SamplingPoint_74174,GB_StationProcess_918,GB_SamplingFeature_918,O3,http://dd.eionet.europa.eu/vocabulary/aq/pollutant/7,hour,44.6537900000,µg/m3,2018-11-07 23:00:00 +01:00,2018-11-08 00:00:00 +01:00,1,1
GB,http://environment.data.gov.uk/air-quality/so,GB_Network_1,Station_GB1024A,,GB_SamplingPoint_74174,GB_StationProcess_918,GB_SamplingFeature_918,O3,http://dd.eionet.europa.eu/vocabulary/aq/pollutant/7,hour,62.3988900000,µg/m3,2018-11-08 01:00:00 +01:00,2018-11-08 02:00:00 +01:00,1,1
GB,http://environment.data.gov.uk/air-quality/so,GB_Network_1,Station_GB1024A,,GB_SamplingPoint_74174,GB_StationProcess_918,GB_SamplingFeature_918,O3,http://dd.eionet.europa.eu/vocabulary/aq/pollutant/7,hour,62.3988900000,µg/m3,2018-11-08 02:00:00 +01:00,2018-11-08 03:00:00 +01:00,1,1
GB,http://environment.data.gov.uk/air-quality/so,GB_Network_1,Station_GB1024A,,GB_SamplingPoint_74174,GB_StationProcess_918,GB_SamplingFeature_918,O3,http://dd.eionet.europa.eu/vocabulary/aq/pollutant/7,hour,16.8137700000,µg/m3,2018-11-08 05:00:00 +01:00,2018-11-08 06:00:00 +01:00,1,1
GB,http://environment.data.gov.uk/air-quality/so,GB_Network_1,Station_GB1024A,,GB_SamplingPoint_74174,GB_StationProcess_918,GB_SamplingFeature_918,O3,http://dd.eionet.europa.eu/vocabulary/aq/pollutant/7,hour,19.1088300000,µg/m3,2018-11-08 06:00:00 +01:00,2018-11-08 07:00:00 +01:00,1,1
GB,http://environment.data.gov.uk/air-quality/so,GB_Network_1,Station_GB1024A,,GB_SamplingPoint_74174,GB_StationProcess_918,GB_SamplingFeature_918,O3,http://dd.eionet.europa.eu/vocabulary/aq/pollutant/7,hour,35.0245400000,µg/m3,2018-11-08 07:00:00 +01:00,2018-11-08 08:00:00 +01:00,1,1
GB,http://environment.data.gov.uk/air-quality/so,GB_Network_1,Station_GB1024A,,GB_SamplingPoint_74174,GB_StationProcess_918,GB_SamplingFeature_918,O3,http://dd.eionet.europa.eu/vocabulary/aq/pollutant/7,hour,34.4757200000,µg/m3,2018-11-08 10:00:00 +01:00,2018-11-08 11:00:00 +01:00,1,1
GB,http://environment.data.gov.uk/air-quality/so,GB_Network_1,Station_GB1024A,,GB_SamplingPoint_74174,GB_StationProcess_918,GB_SamplingFeature_918,O3,http://dd.eionet.europa.eu/vocabulary/aq/pollutant/7,hour,48.5953000000,µg/m3,2018-11-08 11:00:00 +01:00,2018-11-08 12:00:00 +01:00,1,1
GB,http://environment.data.gov.uk/air-quality/so,GB_Network_1,Station_GB1024A,,GB_SamplingPoint_74174,GB_StationProcess_918,GB_SamplingFeature_918,O3,http://dd.eionet.europa.eu/vocabulary/aq/pollutant/7,hour,57.8753000000,µg/m3,2018-11-08 12:00:00 +01:00,2018-11-08 13:00:00 +01:00,1,1
GB,http://environment.data.gov.uk/air-quality/so,GB_Network_1,Station_GB1024A,,GB_SamplingPoint_74174,GB_StationProcess_918,GB_SamplingFeature_918,O3,http://dd.eionet.europa.eu/vocabulary/aq/pollutant/7,hour,63.1639100000,µg/m3,2018-11-08 14:00:00 +01:00,2018-11-08 15:00:00 +01:00,1,1
GB,http://environment.data.gov.uk/air-quality/so,GB_Network_1,Station_GB1024A,,GB_SamplingPoint_74174,GB_StationProcess_918,GB_SamplingFeature_918,O3,http://dd.eionet.europa.eu/vocabulary/aq/pollutant/7,hour,59.9208900000,µg/m3,2018-11-08 15:00:00 +01:00,2018-11-08 16:00:00 +01:00,1,1
GB,http://environment.data.gov.uk/air-quality/so,GB_Network_1,Station_GB1024A,,GB_SamplingPoint_74174,GB_StationProcess_918,GB_SamplingFeature_918,O3,http://dd.eionet.europa.eu/vocabulary/aq/pollutant/7,hour,42.8576600000,µg/m3,2018-11-08 18:00:00 +01:00,2018-11-08 19:00:00 +01:00,1,1
GB,http://environment.data.gov.uk/air-quality/so,GB_Network_1,Station_GB1024A,,GB_SamplingPoint_74174,GB_StationProcess_918,GB_SamplingFeature_918,O3,http://dd.eionet.europa.eu/vocabulary/aq/pollutant/7,hour,22.7010900000,µg/m3,2018-11-08 22:00:00 +01:00,2018-11-08 23:00:00 +01:00,1,1
GB,http://environment.data.gov.uk/air-quality/so,GB_Network_1,Station_GB1024A,,GB_SamplingPoint_74174,GB_StationProcess_918,GB_SamplingFeature_918,O3,http://dd.eionet.europa.eu/vocabulary/aq/pollutant/7,hour,26.4430300000,µg/m3,2018-11-08 23:00:00 +01:00,2018-11-09 00:00:00 +01:00,1,1
GB,http://environment.data.gov.uk/air-quality/so,GB_Network_1,Station_GB1024A,,GB_SamplingPoint_74174,GB_StationProcess_918,GB_SamplingFeature_918,O3,http://dd.eionet.europa.eu/vocabulary/aq/pollutant/7,hour,25.5449600000,µg/m3,2018-11-09 00:00:00 +01:00,2018-11-09 01:00:00 +01:00,1,1
GB,http://environment.data.gov.uk/air-quality/so,GB_Network_1,Station_GB1024A,,GB_SamplingPoint_74174,GB_StationProcess_918,GB_SamplingFeature_918,O3,http://dd.eionet.europa.eu/vocabulary/aq/pollutant/7,hour,1.5965600000,µg/m3,2018-11-09 02:00:00 +01:00,2018-11-09 03:00:00 +01:00,2,1
GB,http://environment.data.gov.uk/air-quality/so,GB_Network_1,Station_GB1024A,,GB_SamplingPoint_74174,GB_StationProcess_918,GB_SamplingFeature_918,O3,http://dd.eionet.europa.eu/vocabulary/aq/pollutant/7,hour,4.7397900000,µg/m3,2018-11-09 03:00:00 +01:00,2018-11-09 04:00:00 +01:00,2,1
GB,http://environment.data.gov.uk/air-quality/so,GB_Network_1,Station_GB1024A,,GB_SamplingPoint_74174,GB_StationProcess_918,GB_SamplingFeature_918,O3,http://dd.eionet.europa.eu/vocabulary/aq/pollutant/7,hour,10.0283900000,µg/m3,2018-11-09 04:00:00 +01:00,2018-11-09 05:00:00 +01:00,1,1
GB,http://environment.data.gov.uk/air-quality/so,GB_Network_1,Station_GB1024A,,GB_SamplingPoint_74174,GB_StationProcess_918,GB_SamplingFeature_918,O3,http://dd.eionet.europa.eu/vocabulary/aq/pollutant/7,hour,1.6963500000,µg/m3,2018-11-09 05:00:00 +01:00,2018-11-09 06:00:00 +01:00,2,1
GB,http://environment.data.gov.uk/air-quality/so,GB_Network_1,Station_GB1024A,,GB_SamplingPoint_74174,GB_StationProcess_918,GB_SamplingFeature_918,O3,http://dd.eionet.europa.eu/vocabulary/aq/pollutant/7,hour,1.7462400000,µg/m3,2018-11-09 06:00:00 +01:00,2018-11-09 07:00:00 +01:00,2,1
GB,http://environment.data.gov.uk/air-quality/so,GB_Network_1,Station_GB1024A,,GB_SamplingPoint_74174,GB_StationProcess_918,GB_SamplingFeature_918,O3,http://dd.eionet.europa.eu/vocabulary/aq/pollutant/7,hour,0.7483900000,µg/m3,2018-11-09 07:00:00 +01:00,2018-11-09 08:00:00 +01:00,2,1
GB,http://environment.data.gov.uk/air-quality/so,GB_Network_1,Station_GB1024A,,GB_SamplingPoint_74174,GB_StationProcess_918,GB_SamplingFeature_918,O3,http://dd.eionet.europa.eu/vocabulary/aq/pollutant/7,hour,1.0976400000,µg/m3,2018-11-09 08:00:00 +01:00,2018-11-09 09:00:00 +01:00,2,1
GB,http://environment.data.gov.uk/air-quality/so,GB_Network_1,Station_GB1024A,,GB_SamplingPoint_74174,GB_StationProcess_918,GB_SamplingFeature_918,O3,http://dd.eionet.europa.eu/vocabulary/aq/pollutant/7,hour,1.0976400000,µg/m3,2018-11-09 09:00:00 +01:00,2018-11-09 10:00:00 +01:00,2,1
GB,http://environment.data.gov.uk/air-quality/so,GB_Network_1,Station_GB1024A,,GB_SamplingPoint_74174,GB_StationProcess_918,GB_SamplingFeature_918,O3,http://dd.eionet.europa.eu/vocabulary/aq/pollutant/7,hour,20.4060300000,µg/m3,2018-11-09 12:00:00 +01:00,2018-11-09 13:00:00 +01:00,1,1
GB,http://environment.data.gov.uk/air-quality/so,GB_Network_1,Station_GB1024A,,GB_SamplingPoint_74174,GB_StationProcess_918,GB_SamplingFeature_918,O3,http://dd.eionet.europa.eu/vocabulary/aq/pollutant/7,hour,31.8314200000,µg/m3,2018-11-09 13:00:00 +01:00,2018-11-09 14:00:00 +01:00,1,1
GB,http://environment.data.gov.uk/air-quality/so,GB_Network_1,Station_GB1024A,,GB_SamplingPoint_74174,GB_StationProcess_918,GB_SamplingFeature_918,O3,http://dd.eionet.europa.eu/vocabulary/aq/pollutant/7,hour,56.4783100000,µg/m3,2018-11-09 16:00:00 +01:00,2018-11-09 17:00:00 +01:00,1,1
GB,http://environment.data.gov.uk/air-quality/so,GB_Network_1,Station_GB1024A,,GB_SamplingPoint_74174,GB_StationProcess_918,GB_SamplingFeature_918,O3,http://dd.eionet.europa.eu/vocabulary/aq/pollutant/7,hour,52.9858400000,µg/m3,2018-11-09 18:00:00 +01:00,2018-11-09 19:00:00 +01:00,1,1
GB,http://environment.data.gov.uk/air-quality/so,GB_Network_1,Station_GB1024A,,GB_SamplingPoint_74174,GB_StationProcess_918,GB_SamplingFeature_918,O3,http://dd.eionet.europa.eu/vocabulary/aq/pollutant/7,hour,53.9337900000,µg/m3,2018-11-09 20:00:00 +01:00,2018-11-09 21:00:00 +01:00,1,1
GB,http://environment.data.gov.uk/air-quality/so,GB_Network_1,Station_GB1024A,,GB_SamplingPoint_74174,GB_StationProcess_918,GB_SamplingFeature_918,O3,http://dd.eionet.europa.eu/vocabulary/aq/pollutant/7,hour,61.8667000000,µg/m3,2018-11-09 22:00:00 +01:00,2018-11-09 23:00:00 +01:00,1,1
GB,http://environment.data.gov.uk/air-quality/so,GB_Network_1,Station_GB1024A,,GB_SamplingPoint_74174,GB_StationProcess_918,GB_SamplingFeature_918,O3,http://dd.eionet.europa.eu/vocabulary/aq/pollutant/7,hour,59.2224000000,µg/m3,2018-11-09 23:00:00 +01:00,2018-11-10 00:00:00 +01:00,1,1
GB,http://environment.data.gov.uk/air-quality/so,GB_Network_1,Station_GB1024A,,GB_SamplingPoint_74174,GB_StationProcess_918,GB_SamplingFeature_918,O3,http://dd.eionet.europa.eu/vocabulary/aq/pollutant/7,hour,58.1247600000,µg/m3,2018-11-10 00:00:00 +01:00,2018-11-10 01:00:00 +01:00,1,1
GB,http://environment.data.gov.uk/air-quality/so,GB_Network_1,Station_GB1024A,,GB_SamplingPoint_74174,GB_StationProcess_918,GB_SamplingFeature_918,O3,http://dd.eionet.europa.eu/vocabulary/aq/pollutant/7,hour,53.9504200000,µg/m3,2018-11-10 01:00:00 +01:00,2018-11-10 02:00:00 +01:00,1,1
GB,http://environment.data.gov.uk/air-quality/so,GB_Network_1,Station_GB1024A,,GB_SamplingPoint_74174,GB_StationProcess_918,GB_SamplingFeature_918,O3,http://dd.eionet.europa.eu/vocabulary/aq/pollutant/7,hour,56.3452600000,µg/m3,2018-11-10 02:00:00 +01:00,2018-11-10 03:00:00 +01:00,1,1
GB,http://environment.data.gov.uk/air-quality/so,GB_Network_1,Station_GB1024A,,GB_SamplingPoint_74174,GB_StationProcess_918,GB_SamplingFeature_918,O3,http://dd.eionet.europa.eu/vocabulary/aq/pollutant/7,hour,62.1660600000,µg/m3,2018-11-10 04:00:00 +01:00,2018-11-10 05:00:00 +01:00,1,1
GB,http://environment.data.gov.uk/air-quality/so,GB_Network_1,Station_GB1024A,,GB_SamplingPoint_74174,GB_StationProcess_918,GB_SamplingFeature_918,O3,http://dd.eionet.europa.eu/vocabulary/aq/pollutant/7,hour,63.6129400000,µg/m3,2018-11-10 05:00:00 +01:00,2018-11-10 06:00:00 +01:00,1,1
GB,http://environment.data.gov.uk/air-quality/so,GB_Network_1,Station_GB1024A,,GB_SamplingPoint_74174,GB_StationProcess_918,GB_SamplingFeature_918,O3,http://dd.eionet.europa.eu/vocabulary/aq/pollutant/7,hour,28.1892600000,µg/m3,2018-11-10 10:00:00 +01:00,2018-11-10 11:00:00 +01:00,1,1
GB,http://environment.data.gov.uk/air-quality/so,GB_Network_1,Station_GB1024A,,GB_SamplingPoint_74174,GB_StationProcess_918,GB_SamplingFeature_918,O3,http://dd.eionet.europa.eu/vocabulary/aq/pollutant/7,hour,33.7273300000,µg/m3,2018-11-10 11:00:00 +01:00,2018-11-10 12:00:00 +01:00,1,1
GB,http://environment.data.gov.uk/air-quality/so,GB_Network_1,Station_GB1024A,,GB_SamplingPoint_74174,GB_StationProcess_918,GB_SamplingFeature_918,O3,http://dd.eionet.europa.eu/vocabulary/aq/pollutant/7,hour,47.0486300000,µg/m3,2018-11-10 12:00:00 +01:00,2018-11-10 13:00:00 +01:00,1,1
GB,http://environment.data.gov.uk/air-quality/so,GB_Network_1,Station_GB1024A,,GB_SamplingPoint_74174,GB_StationProcess_918,GB_SamplingFeature_918,O3,http://dd.eionet.europa.eu/vocabulary/aq/pollutant/7,hour,55.4804600000,µg/m3,2018-11-10 13:00:00 +01:00,2018-11-10 14:00:00 +01:00,1,1
GB,http://environment.data.gov.uk/air-quality/so,GB_Network_1,Station_GB1024A,,GB_SamplingPoint_74174,GB_StationProcess_918,GB_SamplingFeature_918,O3,http://dd.eionet.europa.eu/vocabulary/aq/pollutant/7,hour,10.4275300000,µg/m3,2018-11-10 20:00:00 +01:00,2018-11-10 21:00:00 +01:00,1,1
GB,http://environment.data.gov.uk/air-quality/so,GB_Network_1,Station_GB1024A,,GB_SamplingPoint_74174,GB_StationProcess_918,GB_SamplingFeature_918,O3,http://dd.eionet.europa.eu/vocabulary/aq/pollutant/7,hour,20.6555000000,µg/m3,2018-11-10 22:00:00 +01:00,2018-11-10 23:00:00 +01:00,1,1
GB,http://environment.data.gov.uk/air-quality/so,GB_Network_1,Station_GB1024A,,GB_SamplingPoint_74174,GB_StationProcess_918,GB_SamplingFeature_918,O3,http://dd.eionet.europa.eu/vocabulary/aq/pollutant/7,hour,27.9398000000,µg/m3,2018-11-11 00:00:00 +01:00,2018-11-11 01:00:00 +01:00,1,1
GB,http://environment.data.gov.uk/air-quality/so,GB_Network_1,Station_GB1024A,,GB_SamplingPoint_74174,GB_StationProcess_918,GB_SamplingFeature_918,O3,http://dd.eionet.europa.eu/vocabulary/aq/pollutant/7,hour,26.2101900000,µg/m3,2018-11-11 01:00:00 +01:00,2018-11-11 02:00:00 +01:00,1,1
GB,http://environment.data.gov.uk/air-quality/so,GB_Network_1,Station_GB1024A,,GB_SamplingPoint_74174,GB_StationProcess_918,GB_SamplingFeature_918,O3,http://dd.eionet.europa.eu/vocabulary/aq/pollutant/7,hour,37.9681900000,µg/m3,2018-11-11 03:00:00 +01:00,2018-11-11 04:00:00 +01:00,1,1
GB,http://environment.data.gov.uk/air-quality/so,GB_Network_1,Station_GB1024A,,GB_SamplingPoint_74174,GB_StationProcess_918,GB_SamplingFeature_918,O3,http://dd.eionet.europa.eu/vocabulary/aq/pollutant/7,hour,47.3479800000,µg/m3,2018-11-11 08:00:00 +01:00,2018-11-11 09:00:00 +01:00,1,1
GB,http://environment.data.gov.uk/air-quality/so,GB_Network_1,Station_GB1024A,,GB_SamplingPoint_74174,GB_StationProcess_918,GB_SamplingFeature_918,O3,http://dd.eionet.europa.eu/vocabulary/aq/pollutant/7,hour,50.7406700000,µg/m3,2018-11-11 09:00:00 +01:00,2018-11-11 10:00:00 +01:00,1,1
GB,http://environment.data.gov.uk/air-quality/so,GB_Network_1,Station_GB1024A,,GB_SamplingPoint_74174,GB_StationProcess_918,GB_SamplingFeature_918,O3,http://dd.eionet.europa.eu/vocabulary/aq/pollutant/7,hour,55.7798200000,µg/m3,2018-11-11 10:00:00 +01:00,2018-11-11 11:00:00 +01:00,1,1
GB,http://environment.data.gov.uk/air-quality/so,GB_Network_1,Station_GB1024A,,GB_SamplingPoint_74174,GB_StationProcess_918,GB_SamplingFeature_918,O3,http://dd.eionet.europa.eu/vocabulary/aq/pollutant/7,hour,66.8559500000,µg/m3,2018-11-11 11:00:00 +01:00,2018-11-11 12:00:00 +01:00,1,1
GB,http://environment.data.gov.uk/air-quality/so,GB_Network_1,Station_GB1024A,,GB_SamplingPoint_74174,GB_StationProcess_918,GB_SamplingFeature_918,O3,http://dd.eionet.europa.eu/vocabulary/aq/pollutant/7,hour,70.0490700000,µg/m3,2018-11-11 14:00:00 +01:00,2018-11-11 15:00:00 +01:00,1,1
GB,http://environment.data.gov.uk/air-quality/so,GB_Network_1,Station_GB1024A,,GB_SamplingPoint_74174,GB_StationProcess_918,GB_SamplingFeature_918,O3,http://dd.eionet.europa.eu/vocabulary/aq/pollutant/7,hour,62.4155200000,µg/m3,2018-11-11 16:00:00 +01:00,2018-11-11 17:00:00 +01:00,1,1
GB,http://environment.data.gov.uk/air-quality/so,GB_Network_1,Station_GB1024A,,GB_SamplingPoint_74174,GB_StationProcess_918,GB_SamplingFeature_918,O3,http://dd.eionet.europa.eu/vocabulary/aq/pollutant/7,hour,52.7862700000,µg/m3,2018-11-11 17:00:00 +01:00,2018-11-11 18:00:00 +01:00,1,1
GB,http://environment.data.gov.uk/air-quality/so,GB_Network_1,Station_GB1024A,,GB_SamplingPoint_74174,GB_StationProcess_918,GB_SamplingFeature_918,O3,http://dd.eionet.europa.eu/vocabulary/aq/pollutant/7,hour,35.2740000000,µg/m3,2018-11-11 19:00:00 +01:00,2018-11-11 20:00:00 +01:00,1,1
GB,http://environment.data.gov.uk/air-quality/so,GB_Network_1,Station_GB1024A,,GB_SamplingPoint_74174,GB_StationProcess_918,GB_SamplingFeature_918,O3,http://dd.eionet.europa.eu/vocabulary/aq/pollutant/7,hour,36.2718500000,µg/m3,2018-11-11 20:00:00 +01:00,2018-11-11 21:00:00 +01:00,1,1
GB,http://environment.data.gov.uk/air-quality/so,GB_Network_1,Station_GB1024A,,GB_SamplingPoint_74174,GB_StationProcess_918,GB_SamplingFeature_918,O3,http://dd.eionet.europa.eu/vocabulary/aq/pollutant/7,hour,16.0154900000,µg/m3,2018-11-11 21:00:00 +01:00,2018-11-11 22:00:00 +01:00,1,1
GB,http://environment.data.gov.uk/air-quality/so,GB_Network_1,Station_GB1024A,,GB_SamplingPoint_74174,GB_StationProcess_918,GB_SamplingFeature_918,O3,http://dd.eionet.europa.eu/vocabulary/aq/pollutant/7,hour,16.6142000000,µg/m3,2018-11-11 22:00:00 +01:00,2018-11-11 23:00:00 +01:00,1,1
GB,http://environment.data.gov.uk/air-quality/so,GB_Network_1,Station_GB1024A,,GB_SamplingPoint_74174,GB_StationProcess_918,GB_SamplingFeature_918,O3,http://dd.eionet.europa.eu/vocabulary/aq/pollutant/7,hour,34.2262600000,µg/m3,2018-11-12 00:00:00 +01:00,2018-11-12 01:00:00 +01:00,1,1
GB,http://environment.data.gov.uk/air-quality/so,GB_Network_1,Station_GB1024A,,GB_SamplingPoint_74174,GB_StationProcess_918,GB_SamplingFeature_918,O3,http://dd.eionet.europa.eu/vocabulary/aq/pollutant/7,hour,40.1135700000,µg/m3,2018-11-12 01:00:00 +01:00,2018-11-12 02:00:00 +01:00,1,1
GB,http://environment.data.gov.uk/air-quality/so,GB_Network_1,Station_GB1024A,,GB_SamplingPoint_74174,GB_StationProcess_918,GB_SamplingFeature_918,O3,http://dd.eionet.europa.eu/vocabulary/aq/pollutant/7,hour,36.4714200000,µg/m3,2018-11-12 03:00:00 +01:00,2018-11-12 04:00:00 +01:00,1,1
GB,http://environment.data.gov.uk/air-quality/so,GB_Network_1,Station_GB1024A,,GB_SamplingPoint_74174,GB_StationProcess_918,GB_SamplingFeature_918,O3,http://dd.eionet.europa.eu/vocabulary/aq/pollutant/7,hour,13.3213000000,µg/m3,2018-11-12 04:00:00 +01:00,2018-11-12 05:00:00 +01:00,1,1
GB,http://environment.data.gov.uk/air-quality/so,GB_Network_1,Station_GB1024A,,GB_SamplingPoint_74174,GB_StationProcess_918,GB_SamplingFeature_918,O3,http://dd.eionet.europa.eu/vocabulary/aq/pollutant/7,hour,14.8679700000,µg/m3,2018-11-12 06:00:00 +01:00,2018-11-12 07:00:00 +01:00,1,1
GB,http://environment.data.gov.uk/air-quality/so,GB_Network_1,Station_GB1024A,,GB_SamplingPoint_74174,GB_StationProcess_918,GB_SamplingFeature_918,O3,http://dd.eionet.europa.eu/vocabulary/aq/pollutant/7,hour,26.5927000000,µg/m3,2018-11-12 07:00:00 +01:00,2018-11-12 08:00:00 +01:00,1,1
GB,http://environment.data.gov.uk/air-quality/so,GB_Network_1,Station_GB1024A,,GB_SamplingPoint_74174,GB_StationProcess_918,GB_SamplingFeature_918,O3,http://dd.eionet.europa.eu/vocabulary/aq/pollutant/7,hour,38.0180900000,µg/m3,2018-11-12 11:00:00 +01:00,2018-11-12 12:00:00 +01:00,1,1
GB,http://environment.data.gov.uk/air-quality/so,GB_Network_1,Station_GB1024A,,GB_SamplingPoint_74174,GB_StationProcess_918,GB_SamplingFeature_918,O3,http://dd.eionet.europa.eu/vocabulary/aq/pollutant/7,hour,41.1613100000,µg/m3,2018-11-12 12:00:00 +01:00,2018-11-12 13:00:00 +01:00,1,1
GB,http://environment.data.gov.uk/air-quality/so,GB_Network_1,Station_GB1024A,,GB_SamplingPoint_74174,GB_StationProcess_918,GB_SamplingFeature_918,O3,http://dd.eionet.europa.eu/vocabulary/aq/pollutant/7,hour,56.9772400000,µg/m3,2018-11-12 13:00:00 +01:00,2018-11-12 14:00:00 +01:00,1,1
GB,http://environment.data.gov.uk/air-quality/so,GB_Network_1,Station_GB1024A,,GB_SamplingPoint_74174,GB_StationProcess_918,GB_SamplingFeature_918,O3,http://dd.eionet.europa.eu/vocabulary/aq/pollutant/7,hour,61.1183100000,µg/m3,2018-11-12 14:00:00 +01:00,2018-11-12 15:00:00 +01:00,1,1
GB,http://environment.data.gov.uk/air-quality/so,GB_Network_1,Station_GB1024A,,GB_SamplingPoint_74174,GB_StationProcess_918,GB_SamplingFeature_918,O3,http://dd.eionet.europa.eu/vocabulary/aq/pollutant/7,hour,56.8774500000,µg/m3,2018-11-12 15:00:00 +01:00,2018-11-12 16:00:00 +01:00,1,1
GB,http://environment.data.gov.uk/air-quality/so,GB_Network_1,Station_GB1024A,,GB_SamplingPoint_74174,GB_StationProcess_918,GB_SamplingFeature_918,O3,http://dd.eionet.europa.eu/vocabulary/aq/pollutant/7,hour,50.4912100000,µg/m3,2018-11-12 16:00:00 +01:00,2018-11-12 17:00:00 +01:00,1,1
GB,http://environment.data.gov.uk/air-quality/so,GB_Network_1,Station_GB1024A,,GB_SamplingPoint_74174,GB_StationProcess_918,GB_SamplingFeature_918,O3,http://dd.eionet.europa.eu/vocabulary/aq/pollutant/7,hour,45.5518500000,µg/m3,2018-11-12 17:00:00 +01:00,2018-11-12 18:00:00 +01:00,1,1
GB,http://environment.data.gov.uk/air-quality/so,GB_Network_1,Station_GB1024A,,GB_SamplingPoint_74174,GB_StationProcess_918,GB_SamplingFeature_918,O3,http://dd.eionet.europa.eu/vocabulary/aq/pollutant/7,hour,44.4043300000,µg/m3,2018-11-12 18:00:00 +01:00,2018-11-12 19:00:00 +01:00,1,1
GB,http://environment.data.gov.uk/air-quality/so,GB_Network_1,Station_GB1024A,,GB_SamplingPoint_74174,GB_StationProcess_918,GB_SamplingFeature_918,O3,http://dd.eionet.europa.eu/vocabulary/aq/pollutant/7,hour,37.2198100000,µg/m3,2018-11-12 19:00:00 +01:00,2018-11-12 20:00:00 +01:00,1,1
GB,http://environment.data.gov.uk/air-quality/so,GB_Network_1,Station_GB1024A,,GB_SamplingPoint_74174,GB_StationProcess_918,GB_SamplingFeature_918,O3,http://dd.eionet.europa.eu/vocabulary/aq/pollutant/7,hour,41.4107800000,µg/m3,2018-11-12 21:00:00 +01:00,2018-11-12 22:00:00 +01:00,1,1
GB,http://environment.data.gov.uk/air-quality/so,GB_Network_1,Station_GB1024A,,GB_SamplingPoint_74174,GB_StationProcess_918,GB_SamplingFeature_918,O3,http://dd.eionet.europa.eu/vocabulary/aq/pollutant/7,hour,51.0400300000,µg/m3,2018-11-12 23:00:00 +01:00,2018-11-13 00:00:00 +01:00,1,1
GB,http://environment.data.gov.uk/air-quality/so,GB_Network_1,Station_GB1024A,,GB_SamplingPoint_74174,GB_StationProcess_918,GB_SamplingFeature_918,O3,http://dd.eionet.europa.eu/vocabulary/aq/pollutant/7,hour,63.0641200000,µg/m3,2018-11-13 02:00:00 +01:00,2018-11-13 03:00:00 +01:00,1,1
GB,http://environment.data.gov.uk/air-quality/so,GB_Network_1,Station_GB1024A,,GB_SamplingPoint_74174,GB_StationProcess_918,GB_SamplingFeature_918,O3,http://dd.eionet.europa.eu/vocabulary/aq/pollutant/7,hour,64.1617600000,µg/m3,2018-11-13 03:00:00 +01:00,2018-11-13 04:00:00 +01:00,1,1
GB,http://environment.data.gov.uk/air-quality/so,GB_Network_1,Station_GB1024A,,GB_SamplingPoint_74174,GB_StationProcess_918,GB_SamplingFeature_918,O3,http://dd.eionet.europa.eu/vocabulary/aq/pollutant/7,hour,55.9793900000,µg/m3,2018-11-13 06:00:00 +01:00,2018-11-13 07:00:00 +01:00,1,1
GB,http://environment.data.gov.uk/air-quality/so,GB_Network_1,Station_GB1024A,,GB_SamplingPoint_74174,GB_StationProcess_918,GB_SamplingFeature_918,O3,http://dd.eionet.europa.eu/vocabulary/aq/pollutant/7,hour,47.3479800000,µg/m3,2018-11-13 07:00:00 +01:00,2018-11-13 08:00:00 +01:00,1,1
GB,http://environment.data.gov.uk/air-quality/so,GB_Network_1,Station_GB1024A,,GB_SamplingPoint_74174,GB_StationProcess_918,GB_SamplingFeature_918,O3,http://dd.eionet.europa.eu/vocabulary/aq/pollutant/7,hour,58.3243300000,µg/m3,2018-11-13 12:00:00 +01:00,2018-11-13 13:00:00 +01:00,1,1
GB,http://environment.data.gov.uk/air-quality/so,GB_Network_1,Station_GB1024A,,GB_SamplingPoint_74174,GB_StationProcess_918,GB_SamplingFeature_918,O3,http://dd.eionet.europa.eu/vocabulary/aq/pollutant/7,hour,64.4611100000,µg/m3,2018-11-13 13:00:00 +01:00,2018-11-13 14:00:00 +01:00,1,1
GB,http://environment.data.gov.uk/air-quality/so,GB_Network_1,Station_GB1024A,,GB_SamplingPoint_74174,GB_StationProcess_918,GB_SamplingFeature_918,O3,http://dd.eionet.europa.eu/vocabulary/aq/pollutant/7,hour,56.7776700000,µg/m3,2018-11-13 15:00:00 +01:00,2018-11-13 16:00:00 +01:00,1,1
GB,http://environment.data.gov.uk/air-quality/so,GB_Network_1,Station_GB1024A,,GB_SamplingPoint_74174,GB_StationProcess_918,GB_SamplingFeature_918,O3,http://dd.eionet.europa.eu/vocabulary/aq/pollutant/7,hour,32.0309900000,µg/m3,2018-11-13 17:00:00 +01:00,2018-11-13 18:00:00 +01:00,1,1
GB,http://environment.data.gov.uk/air-quality/so,GB_Network_1,Station_GB1024A,,GB_SamplingPoint_74174,GB_StationProcess_918,GB_SamplingFeature_918,O3,http://dd.eionet.europa.eu/vocabulary/aq/pollutant/7,hour,24.6967900000,µg/m3,2018-11-13 19:00:00 +01:00,2018-11-13 20:00:00 +01:00,1,1
GB,http://environment.data.gov.uk/air-quality/so,GB_Network_1,Station_GB1024A,,GB_SamplingPoint_74174,GB_StationProcess_918,GB_SamplingFeature_918,O3,http://dd.eionet.europa.eu/vocabulary/aq/pollutant/7,hour,28.9376500000,µg/m3,2018-11-13 21:00:00 +01:00,2018-11-13 22:00:00 +01:00,1,1
GB,http://environment.data.gov.uk/air-quality/so,GB_Network_1,Station_GB1024A,,GB_SamplingPoint_74174,GB_StationProcess_918,GB_SamplingFeature_918,O3,http://dd.eionet.europa.eu/vocabulary/aq/pollutant/7,hour,23.5492600000,µg/m3,2018-11-13 22:00:00 +01:00,2018-11-13 23:00:00 +01:00,1,1
GB,http://environment.data.gov.uk/air-quality/so,GB_Network_1,Station_GB1024A,,GB_SamplingPoint_74174,GB_StationProcess_918,GB_SamplingFeature_918,O3,http://dd.eionet.europa.eu/vocabulary/aq/pollutant/7,hour,27.6404500000,µg/m3,2018-11-13 23:00:00 +01:00,2018-11-14 00:00:00 +01:00,1,1
GB,http://environment.data.gov.uk/air-quality/so,GB_Network_1,Station_GB1024A,,GB_SamplingPoint_74174,GB_StationProcess_918,GB_SamplingFeature_918,O3,http://dd.eionet.europa.eu/vocabulary/aq/pollutant/7,hour,32.7294800000,µg/m3,2018-11-14 01:00:00 +01:00,2018-11-14 02:00:00 +01:00,1,1
GB,http://environment.data.gov.uk/air-quality/so,GB_Network_1,Station_GB1024A,,GB_SamplingPoint_74174,GB_StationProcess_918,GB_SamplingFeature_918,O3,http://dd.eionet.europa.eu/vocabulary/aq/pollutant/7,hour,43.4064800000,µg/m3,2018-11-14 03:00:00 +01:00,2018-11-14 04:00:00 +01:00,1,1
GB,http://environment.data.gov.uk/air-quality/so,GB_Network_1,Station_GB1024A,,GB_SamplingPoint_74174,GB_StationProcess_918,GB_SamplingFeature_918,O3,http://dd.eionet.europa.eu/vocabulary/aq/pollutant/7,hour,49.7428200000,µg/m3,2018-11-14 05:00:00 +01:00,2018-11-14 06:00:00 +01:00,1,1
GB,http://environment.data.gov.uk/air-quality/so,GB_Network_1,Station_GB1024A,,GB_SamplingPoint_74174,GB_StationProcess_918,GB_SamplingFeature_918,O3,http://dd.eionet.europa.eu/vocabulary/aq/pollutant/7,hour,50.9402400000,µg/m3,2018-11-14 06:00:00 +01:00,2018-11-14 07:00:00 +01:00,1,1
GB,http://environment.data.gov.uk/air-quality/so,GB_Network_1,Station_GB1024A,,GB_SamplingPoint_74174,GB_StationProcess_918,GB_SamplingFeature_918,O3,http://dd.eionet.europa.eu/vocabulary/aq/pollutant/7,hour,43.6060500000,µg/m3,2018-11-14 07:00:00 +01:00,2018-11-14 08:00:00 +01:00,1,1
GB,http://environment.data.gov.uk/air-quality/so,GB_Network_1,Station_GB1024A,,GB_SamplingPoint_74174,GB_StationProcess_918,GB_SamplingFeature_918,O3,http://dd.eionet.europa.eu/vocabulary/aq/pollutant/7,hour,36.2718500000,µg/m3,2018-11-14 10:00:00 +01:00,2018-11-14 11:00:00 +01:00,1,1
GB,http://environment.data.gov.uk/air-quality/so,GB_Network_1,Station_GB1024A,,GB_SamplingPoint_74174,GB_StationProcess_918,GB_SamplingFeature_918,O3,http://dd.eionet.europa.eu/vocabulary/aq/pollutant/7,hour,56.8774500000,µg/m3,2018-11-14 13:00:00 +01:00,2018-11-14 14:00:00 +01:00,1,1
GB,http://environment.data.gov.uk/air-quality/so,GB_Network_1,Station_GB1024A,,GB_SamplingPoint_74174,GB_StationProcess_918,GB_SamplingFeature_918,O3,http://dd.eionet.europa.eu/vocabulary/aq/pollutant/7,hour,55.4804600000,µg/m3,2018-11-14 14:00:00 +01:00,2018-11-14 15:00:00 +01:00,1,1
GB,http://environment.data.gov.uk/air-quality/so,GB_Network_1,Station_GB1024A,,GB_SamplingPoint_74174,GB_StationProcess_918,GB_SamplingFeature_918,O3,http://dd.eionet.europa.eu/vocabulary/aq/pollutant/7,hour,35.7230300000,µg/m3,2018-11-14 16:00:00 +01:00,2018-11-14 17:00:00 +01:00,1,1
GB,http://environment.data.gov.uk/air-quality/so,GB_Network_1,Station_GB1024A,,GB_SamplingPoint_74174,GB_StationProcess_918,GB_SamplingFeature_918,O3,http://dd.eionet.europa.eu/vocabulary/aq/pollutant/7,hour,19.5079700000,µg/m3,2018-11-14 17:00:00 +01:00,2018-11-14 18:00:00 +01:00,1,1
GB,http://environment.data.gov.uk/air-quality/so,GB_Network_1,Station_GB1024A,,GB_SamplingPoint_74174,GB_StationProcess_918,GB_SamplingFeature_918,O3,http://dd.eionet.europa.eu/vocabulary/aq/pollutant/7,hour,1.9458100000,µg/m3,2018-11-14 18:00:00 +01:00,2018-11-14 19:00:00 +01:00,2,1
GB,http://environment.data.gov.uk/air-quality/so,GB_Network_1,Station_GB1024A,,GB_SamplingPoint_74174,GB_StationProcess_918,GB_SamplingFeature_918,O3,http://dd.eionet.europa.eu/vocabulary/aq/pollutant/7,hour,3.0933400000,µg/m3,2018-11-14 19:00:00 +01:00,2018-11-14 20:00:00 +01:00,2,1
GB,http://environment.data.gov.uk/air-quality/so,GB_Network_1,Station_GB1024A,,GB_SamplingPoint_74174,GB_StationProcess_918,GB_SamplingFeature_918,O3,http://dd.eionet.europa.eu/vocabulary/aq/pollutant/7,hour,3.8417200000,µg/m3,2018-11-14 20:00:00 +01:00,2018-11-14 21:00:00 +01:00,2,1
GB,http://environment.data.gov.uk/air-quality/so,GB_Network_1,Station_GB1024A,,GB_SamplingPoint_74174,GB_StationProcess_918,GB_SamplingFeature_918,O3,http://dd.eionet.europa.eu/vocabulary/aq/pollutant/7,hour,1.5965600000,µg/m3,2018-11-14 22:00:00 +01:00,2018-11-14 23:00:00 +01:00,2,1
GB,http://environment.data.gov.uk/air-quality/so,GB_Network_1,Station_GB1024A,,GB_SamplingPoint_74174,GB_StationProcess_918,GB_SamplingFeature_918,O3,http://dd.eionet.europa.eu/vocabulary/aq/pollutant/7,hour,1.5965600000,µg/m3,2018-11-14 23:00:00 +01:00,2018-11-15 00:00:00 +01:00,2,1
GB,http://environment.data.gov.uk/air-quality/so,GB_Network_1,Station_GB1024A,,GB_SamplingPoint_74174,GB_StationProcess_918,GB_SamplingFeature_918,O3,http://dd.eionet.europa.eu/vocabulary/aq/pollutant/7,hour,1.8959200000,µg/m3,2018-11-15 00:00:00 +01:00,2018-11-15 01:00:00 +01:00,2,1
GB,http://environment.data.gov.uk/air-quality/so,GB_Network_1,Station_GB1024A,,GB_SamplingPoint_74174,GB_StationProcess_918,GB_SamplingFeature_918,O3,http://dd.eionet.europa.eu/vocabulary/aq/pollutant/7,hour,1.5300400000,µg/m3,2018-11-15 02:00:00 +01:00,2018-11-15 03:00:00 +01:00,2,1
GB,http://environment.data.gov.uk/air-quality/so,GB_Network_1,Station_GB1024A,,GB_SamplingPoint_74174,GB_StationProcess_918,GB_SamplingFeature_918,O3,http://dd.eionet.europa.eu/vocabulary/aq/pollutant/7,hour,1.7462400000,µg/m3,2018-11-15 03:00:00 +01:00,2018-11-15 04:00:00 +01:00,2,1
GB,http://environment.data.gov.uk/air-quality/so,GB_Network_1,Station_GB1024A,,GB_SamplingPoint_74174,GB_StationProcess_918,GB_SamplingFeature_918,O3,http://dd.eionet.europa.eu/vocabulary/aq/pollutant/7,hour,10.6770000000,µg/m3,2018-11-15 05:00:00 +01:00,2018-11-15 06:00:00 +01:00,1,1
GB,http://environment.data.gov.uk/air-quality/so,GB_Network_1,Station_GB1024A,,GB_SamplingPoint_74174,GB_StationProcess_918,GB_SamplingFeature_918,O3,http://dd.eionet.europa.eu/vocabulary/aq/pollutant/7,hour,4.9892500000,µg/m3,2018-11-15 06:00:00 +01:00,2018-11-15 07:00:00 +01:00,2,1
GB,http://environment.data.gov.uk/air-quality/so,GB_Network_1,Station_GB1024A,,GB_SamplingPoint_74174,GB_StationProcess_918,GB_SamplingFeature_918,O3,http://dd.eionet.europa.eu/vocabulary/aq/pollutant/7,hour,0.9978500000,µg/m3,2018-11-15 08:00:00 +01:00,2018-11-15 09:00:00 +01:00,2,1
GB,http://environment.data.gov.uk/air-quality/so,GB_Network_1,Station_GB1024A,,GB_SamplingPoint_74174,GB_StationProcess_918,GB_SamplingFeature_918,O3,http://dd.eionet.europa.eu/vocabulary/aq/pollutant/7,hour,1.2972100000,µg/m3,2018-11-15 09:00:00 +01:00,2018-11-15 10:00:00 +01:00,2,1
GB,http://environment.data.gov.uk/air-quality/so,GB_Network_1,Station_GB1024A,,GB_SamplingPoint_74174,GB_StationProcess_918,GB_SamplingFeature_918,O3,http://dd.eionet.europa.eu/vocabulary/aq/pollutant/7,hour,16.4645300000,µg/m3,2018-11-15 11:00:00 +01:00,2018-11-15 12:00:00 +01:00,1,1
GB,http://environment.data.gov.uk/air-quality/so,GB_Network_1,Station_GB1024A,,GB_SamplingPoint_74174,GB_StationProcess_918,GB_SamplingFeature_918,O3,http://dd.eionet.europa.eu/vocabulary/aq/pollutant/7,hour,16.9634500000,µg/m3,2018-11-15 12:00:00 +01:00,2018-11-15 13:00:00 +01:00,1,1
GB,http://environment.data.gov.uk/air-quality/so,GB_Network_1,Station_GB1024A,,GB_SamplingPoint_74174,GB_StationProcess_918,GB_SamplingFeature_918,O3,http://dd.eionet.europa.eu/vocabulary/aq/pollutant/7,hour,16.8137700000,µg/m3,2018-11-15 13:00:00 +01:00,2018-11-15 14:00:00 +01:00,1,1
GB,http://environment.data.gov.uk/air-quality/so,GB_Network_1,Station_GB1024A,,GB_SamplingPoint_74174,GB_StationProcess_918,GB_SamplingFeature_918,O3,http://dd.eionet.europa.eu/vocabulary/aq/pollutant/7,hour,13.7703300000,µg/m3,2018-11-15 16:00:00 +01:00,2018-11-15 17:00:00 +01:00,1,1
GB,http://environment.data.gov.uk/air-quality/so,GB_Network_1,Station_GB1024A,,GB_SamplingPoint_74174,GB_StationProcess_918,GB_SamplingFeature_918,O3,http://dd.eionet.europa.eu/vocabulary/aq/pollutant/7,hour,6.7853800000,µg/m3,2018-11-15 21:00:00 +01:00,2018-11-15 22:00:00 +01:00,1,1
GB,http://environment.data.gov.uk/air-quality/so,GB_Network_1,Station_GB1024A,,GB_SamplingPoint_74174,GB_StationProcess_918,GB_SamplingFeature_918,O3,http://dd.eionet.europa.eu/vocabulary/aq/pollutant/7,hour,8.5316200000,µg/m3,2018-11-15 23:00:00 +01:00,2018-11-16 00:00:00 +01:00,1,1
GB,http://environment.data.gov.uk/air-quality/so,GB_Network_1,Station_GB1024A,,GB_SamplingPoint_74174,GB_StationProcess_918,GB_SamplingFeature_918,O3,http://dd.eionet.europa.eu/vocabulary/aq/pollutant/7,hour,6.8352700000,µg/m3,2018-11-16 00:00:00 +01:00,2018-11-16 01:00:00 +01:00,1,1
GB,http://environment.data.gov.uk/air-quality/so,GB_Network_1,Station_GB1024A,,GB_SamplingPoint_74174,GB_StationProcess_918,GB_SamplingFeature_918,O3,http://dd.eionet.europa.eu/vocabulary/aq/pollutant/7,hour,8.9141300000,µg/m3,2018-11-16 01:00:00 +01:00,2018-11-16 02:00:00 +01:00,1,1
GB,http://environment.data.gov.uk/air-quality/so,GB_Network_1,Station_GB1024A,,GB_SamplingPoint_74174,GB_StationProcess_918,GB_SamplingFeature_918,O3,http://dd.eionet.europa.eu/vocabulary/aq/pollutant/7,hour,11.8245200000,µg/m3,2018-11-16 03:00:00 +01:00,2018-11-16 04:00:00 +01:00,1,1
GB,http://environment.data.gov.uk/air-quality/so,GB_Network_1,Station_GB1024A,,GB_SamplingPoint_74174,GB_StationProcess_918,GB_SamplingFeature_918,O3,http://dd.eionet.europa.eu/vocabulary/aq/pollutant/7,hour,11.1759200000,µg/m3,2018-11-16 04:00:00 +01:00,2018-11-16 05:00:00 +01:00,1,1
GB,http://environment.data.gov.uk/air-quality/so,GB_Network_1,Station_GB1024A,,GB_SamplingPoint_74174,GB_StationProcess_918,GB_SamplingFeature_918,O3,http://dd.eionet.europa.eu/vocabulary/aq/pollutant/7,hour,11.7746300000,µg/m3,2018-11-16 05:00:00 +01:00,2018-11-16 06:00:00 +01:00,1,1
GB,http://environment.data.gov.uk/air-quality/so,GB_Network_1,Station_GB1024A,,GB_SamplingPoint_74174,GB_StationProcess_918,GB_SamplingFeature_918,O3,http://dd.eionet.europa.eu/vocabulary/aq/pollutant/7,hour,10.6271000000,µg/m3,2018-11-16 06:00:00 +01:00,2018-11-16 07:00:00 +01:00,1,1
GB,http://environment.data.gov.uk/air-quality/so,GB_Network_1,Station_GB1024A,,GB_SamplingPoint_74174,GB_StationProcess_918,GB_SamplingFeature_918,O3,http://dd.eionet.europa.eu/vocabulary/aq/pollutant/7,hour,1.6464500000,µg/m3,2018-11-16 09:00:00 +01:00,2018-11-16 10:00:00 +01:00,2,1
GB,http://environment.data.gov.uk/air-quality/so,GB_Network_1,Station_GB1024A,,GB_SamplingPoint_74174,GB_StationProcess_918,GB_SamplingFeature_918,O3,http://dd.eionet.europa.eu/vocabulary/aq/pollutant/7,hour,3.6421500000,µg/m3,2018-11-16 11:00:00 +01:00,2018-11-16 12:00:00 +01:00,2,1
GB,http://environment.data.gov.uk/air-quality/so,GB_Network_1,Station_GB1024A,,GB_SamplingPoint_74174,GB_StationProcess_918,GB_SamplingFeature_918,O3,http://dd.eionet.europa.eu/vocabulary/aq/pollutant/7,hour,9.1303300000,µg/m3,2018-11-16 12:00:00 +01:00,2018-11-16 13:00:00 +01:00,1,1
GB,http://environment.data.gov.uk/air-quality/so,GB_Network_1,Station_GB1024A,,GB_SamplingPoint_74174,GB_StationProcess_918,GB_SamplingFeature_918,O3,http://dd.eionet.europa.eu/vocabulary/aq/pollutant/7,hour,6.7354900000,µg/m3,2018-11-16 13:00:00 +01:00,2018-11-16 14:00:00 +01:00,1,1
GB,http://environment.data.gov.uk/air-quality/so,GB_Network_1,Station_GB1024A,,GB_SamplingPoint_74174,GB_StationProcess_918,GB_SamplingFeature_918,O3,http://dd.eionet.europa.eu/vocabulary/aq/pollutant/7,hour,4.8894700000,µg/m3,2018-11-16 14:00:00 +01:00,2018-11-16 15:00:00 +01:00,2,1
GB,http://environment.data.gov.uk/air-quality/so,GB_Network_1,Station_GB1024A,,GB_SamplingPoint_74174,GB_StationProcess_918,GB_SamplingFeature_918,O3,http://dd.eionet.europa.eu/vocabulary/aq/pollutant/7,hour,8.1823700000,µg/m3,2018-11-16 15:00:00 +01:00,2018-11-16 16:00:00 +01:00,1,1
GB,http://environment.data.gov.uk/air-quality/so,GB_Network_1,Station_GB1024A,,GB_SamplingPoint_74174,GB_StationProcess_918,GB_SamplingFeature_918,O3,http://dd.eionet.europa.eu/vocabulary/aq/pollutant/7,hour,3.7419400000,µg/m3,2018-11-16 17:00:00 +01:00,2018-11-16 18:00:00 +01:00,2,1
GB,http://environment.data.gov.uk/air-quality/so,GB_Network_1,Station_GB1024A,,GB_SamplingPoint_74174,GB_StationProcess_918,GB_SamplingFeature_918,O3,http://dd.eionet.europa.eu/vocabulary/aq/pollutant/7,hour,3.7419400000,µg/m3,2018-11-16 18:00:00 +01:00,2018-11-16 19:00:00 +01:00,2,1
GB,http://environment.data.gov.uk/air-quality/so,GB_Network_1,Station_GB1024A,,GB_SamplingPoint_74174,GB_StationProcess_918,GB_SamplingFeature_918,O3,http://dd.eionet.europa.eu/vocabulary/aq/pollutant/7,hour,3.4425800000,µg/m3,2018-11-16 19:00:00 +01:00,2018-11-16 20:00:00 +01:00,2,1
GB,http://environment.data.gov.uk/air-quality/so,GB_Network_1,Station_GB1024A,,GB_SamplingPoint_74174,GB_StationProcess_918,GB_SamplingFeature_918,O3,http://dd.eionet.europa.eu/vocabulary/aq/pollutant/7,hour,7.8331200000,µg/m3,2018-11-16 20:00:00 +01:00,2018-11-16 21:00:00 +01:00,1,1
GB,http://environment.data.gov.uk/air-quality/so,GB_Network_1,Station_GB1024A,,GB_SamplingPoint_74174,GB_StationProcess_918,GB_SamplingFeature_918,O3,http://dd.eionet.europa.eu/vocabulary/aq/pollutant/7,hour,6.9849500000,µg/m3,2018-11-16 21:00:00 +01:00,2018-11-16 22:00:00 +01:00,1,1
GB,http://environment.data.gov.uk/air-quality/so,GB_Network_1,Station_GB1024A,,GB_SamplingPoint_74174,GB_StationProcess_918,GB_SamplingFeature_918,O3,http://dd.eionet.europa.eu/vocabulary/aq/pollutant/7,hour,6.4860300000,µg/m3,2018-11-16 22:00:00 +01:00,2018-11-16 23:00:00 +01:00,1,1
GB,http://environment.data.gov.uk/air-quality/so,GB_Network_1,Station_GB1024A,,GB_SamplingPoint_74174,GB_StationProcess_918,GB_SamplingFeature_918,O3,http://dd.eionet.europa.eu/vocabulary/aq/pollutant/7,hour,9.8288200000,µg/m3,2018-11-17 00:00:00 +01:00,2018-11-17 01:00:00 +01:00,1,1
GB,http://environment.data.gov.uk/air-quality/so,GB_Network_1,Station_GB1024A,,GB_SamplingPoint_74174,GB_StationProcess_918,GB_SamplingFeature_918,O3,http://dd.eionet.europa.eu/vocabulary/aq/pollutant/7,hour,7.7167100000,µg/m3,2018-11-17 02:00:00 +01:00,2018-11-17 03:00:00 +01:00,1,1
GB,http://environment.data.gov.uk/air-quality/so,GB_Network_1,Station_GB1024A,,GB_SamplingPoint_74174,GB_StationProcess_918,GB_SamplingFeature_918,O3,http://dd.eionet.europa.eu/vocabulary/aq/pollutant/7,hour,7.7333400000,µg/m3,2018-11-17 05:00:00 +01:00,2018-11-17 06:00:00 +01:00,1,1
GB,http://environment.data.gov.uk/air-quality/so,GB_Network_1,Station_GB1024A,,GB_SamplingPoint_74174,GB_StationProcess_918,GB_SamplingFeature_918,O3,http://dd.eionet.europa.eu/vocabulary/aq/pollutant/7,hour,5.1389300000,µg/m3,2018-11-17 06:00:00 +01:00,2018-11-17 07:00:00 +01:00,2,1
GB,http://environment.data.gov.uk/air-quality/so,GB_Network_1,Station_GB1024A,,GB_SamplingPoint_74174,GB_StationProcess_918,GB_SamplingFeature_918,O3,http://dd.eionet.europa.eu/vocabulary/aq/pollutant/7,hour,3.6421500000,µg/m3,2018-11-17 07:00:00 +01:00,2018-11-17 08:00:00 +01:00,2,1
GB,http://environment.data.gov.uk/air-quality/so,GB_Network_1,Station_GB1024A,,GB_SamplingPoint_74174,GB_StationProcess_918,GB_SamplingFeature_918,O3,http://dd.eionet.europa.eu/vocabulary/aq/pollutant/7,hour,6.5858100000,µg/m3,2018-11-17 09:00:00 +01:00,2018-11-17 10:00:00 +01:00,1,1
GB,http://environment.data.gov.uk/air-quality/so,GB_Network_1,Station_GB1024A,,GB_SamplingPoint_74174,GB_StationProcess_918,GB_SamplingFeature_918,O3,http://dd.eionet.europa.eu/vocabulary/aq/pollutant/7,hour,8.8309700000,µg/m3,2018-11-17 10:00:00 +01:00,2018-11-17 11:00:00 +01:00,1,1
GB,http://environment.data.gov.uk/air-quality/so,GB_Network_1,Station_GB1024A,,GB_SamplingPoint_74174,GB_StationProcess_918,GB_SamplingFeature_918,O3,http://dd.eionet.europa.eu/vocabulary/aq/pollutant/7,hour,11.4253800000,µg/m3,2018-11-17 11:00:00 +01:00,2018-11-17 12:00:00 +01:00,1,1
GB,http://environment.data.gov.uk/air-quality/so,GB_Network_1,Station_GB1024A,,GB_SamplingPoint_74174,GB_StationProcess_918,GB_SamplingFeature_918,O3,http://dd.eionet.europa.eu/vocabulary/aq/pollutant/7,hour,14.9677500000,µg/m3,2018-11-17 12:00:00 +01:00,2018-11-17 13:00:00 +01:00,1,1
GB,http://environment.data.gov.uk/air-quality/so,GB_Network_1,Station_GB1024A,,GB_SamplingPoint_74174,GB_StationProcess_918,GB_SamplingFeature_918,O3,http://dd.eionet.europa.eu/vocabulary/aq/pollutant/7,hour,18.2606600000,µg/m3,2018-11-17 13:00:00 +01:00,2018-11-17 14:00:00 +01:00,1,1
GB,http://environment.data.gov.uk/air-quality/so,GB_Network_1,Station_GB1024A,,GB_SamplingPoint_74174,GB_StationProcess_918,GB_SamplingFeature_918,O3,http://dd.eionet.europa.eu/vocabulary/aq/pollutant/7,hour,23.3995800000,µg/m3,2018-11-17 14:00:00 +01:00,2018-11-17 15:00:00 +01:00,1,1
GB,http://environment.data.gov.uk/air-quality/so,GB_Network_1,Station_GB1024A,,GB_SamplingPoint_74174,GB_StationProcess_918,GB_SamplingFeature_918,O3,http://dd.eionet.europa.eu/vocabulary/aq/pollutant/7,hour,18.9092600000,µg/m3,2018-11-17 16:00:00 +01:00,2018-11-17 17:00:00 +01:00,1,1
GB,http://environment.data.gov.uk/air-quality/so,GB_Network_1,Station_GB1024A,,GB_SamplingPoint_74174,GB_StationProcess_918,GB_SamplingFeature_918,O3,http://dd.eionet.europa.eu/vocabulary/aq/pollutant/7,hour,8.6813000000,µg/m3,2018-11-17 18:00:00 +01:00,2018-11-17 19:00:00 +01:00,1,1
GB,http://environment.data.gov.uk/air-quality/so,GB_Network_1,Station_GB1024A,,GB_SamplingPoint_74174,GB_StationProcess_918,GB_SamplingFeature_918,O3,http://dd.eionet.europa.eu/vocabulary/aq/pollutant/7,hour,0.7982800000,µg/m3,2018-11-17 21:00:00 +01:00,2018-11-17 22:00:00 +01:00,2,1
GB,http://environment.data.gov.uk/air-quality/so,GB_Network_1,Station_GB1024A,,GB_SamplingPoint_74174,GB_StationProcess_918,GB_SamplingFeature_918,O3,http://dd.eionet.europa.eu/vocabulary/aq/pollutant/7,hour,0.8980700000,µg/m3,2018-11-17 22:00:00 +01:00,2018-11-17 23:00:00 +01:00,2,1
GB,http://environment.data.gov.uk/air-quality/so,GB_Network_1,Station_GB1024A,,GB_SamplingPoint_74174,GB_StationProcess_918,GB_SamplingFeature_918,O3,http://dd.eionet.europa.eu/vocabulary/aq/pollutant/7,hour,0.7483900000,µg/m3,2018-11-17 23:00:00 +01:00,2018-11-18 00:00:00 +01:00,2,1
GB,http://environment.data.gov.uk/air-quality/so,GB_Network_1,Station_GB1024A,,GB_SamplingPoint_74174,GB_StationProcess_918,GB_SamplingFeature_918,O3,http://dd.eionet.europa.eu/vocabulary/aq/pollutant/7,hour,1.6464500000,µg/m3,2018-11-18 00:00:00 +01:00,2018-11-18 01:00:00 +01:00,2,1
GB,http://environment.data.gov.uk/air-quality/so,GB_Network_1,Station_GB1024A,,GB_SamplingPoint_74174,GB_StationProcess_918,GB_SamplingFeature_918,O3,http://dd.eionet.europa.eu/vocabulary/aq/pollutant/7,hour,1.4635100000,µg/m3,2018-11-18 02:00:00 +01:00,2018-11-18 03:00:00 +01:00,2,1
GB,http://environment.data.gov.uk/air-quality/so,GB_Network_1,Station_GB1024A,,GB_SamplingPoint_74174,GB_StationProcess_918,GB_SamplingFeature_918,O3,http://dd.eionet.europa.eu/vocabulary/aq/pollutant/7,hour,0.9978500000,µg/m3,2018-11-18 03:00:00 +01:00,2018-11-18 04:00:00 +01:00,2,1
GB,http://environment.data.gov.uk/air-quality/so,GB_Network_1,Station_GB1024A,,GB_SamplingPoint_74174,GB_StationProcess_918,GB_SamplingFeature_918,O3,http://dd.eionet.europa.eu/vocabulary/aq/pollutant/7,hour,6.3363500000,µg/m3,2018-11-18 04:00:00 +01:00,2018-11-18 05:00:00 +01:00,1,1
GB,http://environment.data.gov.uk/air-quality/so,GB_Network_1,Station_GB1024A,,GB_SamplingPoint_74174,GB_StationProcess_918,GB_SamplingFeature_918,O3,http://dd.eionet.europa.eu/vocabulary/aq/pollutant/7,hour,12.2735600000,µg/m3,2018-11-18 05:00:00 +01:00,2018-11-18 06:00:00 +01:00,1,1
GB,http://environment.data.gov.uk/air-quality/so,GB_Network_1,Station_GB1024A,,GB_SamplingPoint_74174,GB_StationProcess_918,GB_SamplingFeature_918,O3,http://dd.eionet.europa.eu/vocabulary/aq/pollutant/7,hour,8.3819400000,µg/m3,2018-11-18 07:00:00 +01:00,2018-11-18 08:00:00 +01:00,1,1
GB,http://environment.data.gov.uk/air-quality/so,GB_Network_1,Station_GB1024A,,GB_SamplingPoint_74174,GB_StationProcess_918,GB_SamplingFeature_918,O3,http://dd.eionet.europa.eu/vocabulary/aq/pollutant/7,hour,5.6877500000,µg/m3,2018-11-18 08:00:00 +01:00,2018-11-18 09:00:00 +01:00,2,1
GB,http://environment.data.gov.uk/air-quality/so,GB_Network_1,Station_GB1024A,,GB_SamplingPoint_74174,GB_StationProcess_918,GB_SamplingFeature_918,O3,http://dd.eionet.europa.eu/vocabulary/aq/pollutant/7,hour,7.7333400000,µg/m3,2018-11-18 09:00:00 +01:00,2018-11-18 10:00:00 +01:00,1,1
GB,http://environment.data.gov.uk/air-quality/so,GB_Network_1,Station_GB1024A,,GB_SamplingPoint_74174,GB_StationProcess_918,GB_SamplingFeature_918,O3,http://dd.eionet.europa.eu/vocabulary/aq/pollutant/7,hour,15.1174300000,µg/m3,2018-11-18 10:00:00 +01:00,2018-11-18 11:00:00 +01:00,1,1
GB,http://environment.data.gov.uk/air-quality/so,GB_Network_1,Station_GB1024A,,GB_SamplingPoint_74174,GB_StationProcess_918,GB_SamplingFeature_918,O3,http://dd.eionet.europa.eu/vocabulary/aq/pollutant/7,hour,31.2327100000,µg/m3,2018-11-18 12:00:00 +01:00,2018-11-18 13:00:00 +01:00,1,1
GB,http://environment.data.gov.uk/air-quality/so,GB_Network_1,Station_GB1024A,,GB_SamplingPoint_74174,GB_StationProcess_918,GB_SamplingFeature_918,O3,http://dd.eionet.europa.eu/vocabulary/aq/pollutant/7,hour,42.1591600000,µg/m3,2018-11-18 14:00:00 +01:00,2018-11-18 15:00:00 +01:00,1,1
GB,http://environment.data.gov.uk/air-quality/so,GB_Network_1,Station_GB1024A,,GB_SamplingPoint_74174,GB_StationProcess_918,GB_SamplingFeature_918,O3,http://dd.eionet.europa.eu/vocabulary/aq/pollutant/7,hour,45.1028200000,µg/m3,2018-11-18 15:00:00 +01:00,2018-11-18 16:00:00 +01:00,1,1
GB,http://environment.data.gov.uk/air-quality/so,GB_Network_1,Station_GB1024A,,GB_SamplingPoint_74174,GB_StationProcess_918,GB_SamplingFeature_918,O3,http://dd.eionet.europa.eu/vocabulary/aq/pollutant/7,hour,39.2654000000,µg/m3,2018-11-18 16:00:00 +01:00,2018-11-18 17:00:00 +01:00,1,1
GB,http://environment.data.gov.uk/air-quality/so,GB_Network_1,Station_GB1024A,,GB_SamplingPoint_74174,GB_StationProcess_918,GB_SamplingFeature_918,O3,http://dd.eionet.europa.eu/vocabulary/aq/pollutant/7,hour,27.4408800000,µg/m3,2018-11-18 18:00:00 +01:00,2018-11-18 19:00:00 +01:00,1,1
GB,http://environment.data.gov.uk/air-quality/so,GB_Network_1,Station_GB1024A,,GB_SamplingPoint_74174,GB_StationProcess_918,GB_SamplingFeature_918,O3,http://dd.eionet.europa.eu/vocabulary/aq/pollutant/7,hour,28.4387300000,µg/m3,2018-11-18 19:00:00 +01:00,2018-11-18 20:00:00 +01:00,1,1
GB,http://environment.data.gov.uk/air-quality/so,GB_Network_1,Station_GB1024A,,GB_SamplingPoint_74174,GB_StationProcess_918,GB_SamplingFeature_918,O3,http://dd.eionet.europa.eu/vocabulary/aq/pollutant/7,hour,32.7793700000,µg/m3,2018-11-18 20:00:00 +01:00,2018-11-18 21:00:00 +01:00,1,1
GB,http://environment.data.gov.uk/air-quality/so,GB_Network_1,Station_GB1024A,,GB_SamplingPoint_74174,GB_StationProcess_918,GB_SamplingFeature_918,O3,http://dd.eionet.europa.eu/vocabulary/aq/pollutant/7,hour,50.2417500000,µg/m3,2018-11-18 23:00:00 +01:00,2018-11-19 00:00:00 +01:00,1,1
GB,http://environment.data.gov.uk/air-quality/so,GB_Network_1,Station_GB1024A,,GB_SamplingPoint_74174,GB_StationProcess_918,GB_SamplingFeature_918,O3,http://dd.eionet.europa.eu/vocabulary/aq/pollutant/7,hour,46.3002400000,µg/m3,2018-11-19 02:00:00 +01:00,2018-11-19 03:00:00 +01:00,1,1
GB,http://environment.data.gov.uk/air-quality/so,GB_Network_1,Station_GB1024A,,GB_SamplingPoint_74174,GB_StationProcess_918,GB_SamplingFeature_918,O3,http://dd.eionet.europa.eu/vocabulary/aq/pollutant/7,hour,46.7492700000,µg/m3,2018-11-19 03:00:00 +01:00,2018-11-19 04:00:00 +01:00,1,1
GB,http://environment.data.gov.uk/air-quality/so,GB_Network_1,Station_GB1024A,,GB_SamplingPoint_74174,GB_StationProcess_918,GB_SamplingFeature_918,O3,http://dd.eionet.europa.eu/vocabulary/aq/pollutant/7,hour,45.3522800000,µg/m3,2018-11-19 04:00:00 +01:00,2018-11-19 05:00:00 +01:00,1,1
GB,http://environment.data.gov.uk/air-quality/so,GB_Network_1,Station_GB1024A,,GB_SamplingPoint_74174,GB_StationProcess_918,GB_SamplingFeature_918,O3,http://dd.eionet.europa.eu/vocabulary/aq/pollutant/7,hour,45.3522800000,µg/m3,2018-11-19 05:00:00 +01:00,2018-11-19 06:00:00 +01:00,1,1
GB,http://environment.data.gov.uk/air-quality/so,GB_Network_1,Station_GB1024A,,GB_SamplingPoint_74174,GB_StationProcess_918,GB_SamplingFeature_918,O3,http://dd.eionet.europa.eu/vocabulary/aq/pollutant/7,hour,28.9376500000,µg/m3,2018-11-19 08:00:00 +01:00,2018-11-19 09:00:00 +01:00,1,1
GB,http://environment.data.gov.uk/air-quality/so,GB_Network_1,Station_GB1024A,,GB_SamplingPoint_74174,GB_StationProcess_918,GB_SamplingFeature_918,O3,http://dd.eionet.europa.eu/vocabulary/aq/pollutant/7,hour,38.4172300000,µg/m3,2018-11-19 12:00:00 +01:00,2018-11-19 13:00:00 +01:00,1,1
GB,http://environment.data.gov.uk/air-quality/so,GB_Network_1,Station_GB1024A,,GB_SamplingPoint_74174,GB_StationProcess_918,GB_SamplingFeature_918,O3,http://dd.eionet.europa.eu/vocabulary/aq/pollutant/7,hour,38.9660400000,µg/m3,2018-11-19 13:00:00 +01:00,2018-11-19 14:00:00 +01:00,1,1
GB,http://environment.data.gov.uk/air-quality/so,GB_Network_1,Station_GB1024A,,GB_SamplingPoint_74174,GB_StationProcess_918,GB_SamplingFeature_918,O3,http://dd.eionet.europa.eu/vocabulary/aq/pollutant/7,hour,41.0116400000,µg/m3,2018-11-19 14:00:00 +01:00,2018-11-19 15:00:00 +01:00,1,1
GB,http://environment.data.gov.uk/air-quality/so,GB_Network_1,Station_GB1024A,,GB_SamplingPoint_74174,GB_StationProcess_918,GB_SamplingFeature_918,O3,http://dd.eionet.europa.eu/vocabulary/aq/pollutant/7,hour,46.5497000000,µg/m3,2018-11-19 15:00:00 +01:00,2018-11-19 16:00:00 +01:00,1,1
GB,http://environment.data.gov.uk/air-quality/so,GB_Network_1,Station_GB1024A,,GB_SamplingPoint_74174,GB_StationProcess_918,GB_SamplingFeature_918,O3,http://dd.eionet.europa.eu/vocabulary/aq/pollutant/7,hour,38.9161500000,µg/m3,2018-11-19 18:00:00 +01:00,2018-11-19 19:00:00 +01:00,1,1
GB,http://environment.data.gov.uk/air-quality/so,GB_Network_1,Station_GB1024A,,GB_SamplingPoint_74174,GB_StationProcess_918,GB_SamplingFeature_918,O3,http://dd.eionet.europa.eu/vocabulary/aq/pollutant/7,hour,28.4387300000,µg/m3,2018-11-19 20:00:00 +01:00,2018-11-19 21:00:00 +01:00,1,1
GB,http://environment.data.gov.uk/air-quality/so,GB_Network_1,Station_GB1024A,,GB_SamplingPoint_74174,GB_StationProcess_918,GB_SamplingFeature_918,O3,http://dd.eionet.europa.eu/vocabulary/aq/pollutant/7,hour,31.3823800000,µg/m3,2018-11-19 21:00:00 +01:00,2018-11-19 22:00:00 +01:00,1,1
GB,http://environment.data.gov.uk/air-quality/so,GB_Network_1,Station_GB1024A,,GB_SamplingPoint_74174,GB_StationProcess_918,GB_SamplingFeature_918,O3,http://dd.eionet.europa.eu/vocabulary/aq/pollutant/7,hour,30.5342100000,µg/m3,2018-11-19 23:00:00 +01:00,2018-11-20 00:00:00 +01:00,1,1
GB,http://environment.data.gov.uk/air-quality/so,GB_Network_1,Station_GB1024A,,GB_SamplingPoint_74174,GB_StationProcess_918,GB_SamplingFeature_918,O3,http://dd.eionet.europa.eu/vocabulary/aq/pollutant/7,hour,37.0202400000,µg/m3,2018-11-20 00:00:00 +01:00,2018-11-20 01:00:00 +01:00,1,1
GB,http://environment.data.gov.uk/air-quality/so,GB_Network_1,Station_GB1024A,,GB_SamplingPoint_74174,GB_StationProcess_918,GB_SamplingFeature_918,O3,http://dd.eionet.europa.eu/vocabulary/aq/pollutant/7,hour,42.5749300000,µg/m3,2018-11-20 02:00:00 +01:00,2018-11-20 03:00:00 +01:00,1,1
GB,http://environment.data.gov.uk/air-quality/so,GB_Network_1,Station_GB1024A,,GB_SamplingPoint_74174,GB_StationProcess_918,GB_SamplingFeature_918,O3,http://dd.eionet.europa.eu/vocabulary/aq/pollutant/7,hour,41.8598100000,µg/m3,2018-11-20 04:00:00 +01:00,2018-11-20 05:00:00 +01:00,1,1
GB,http://environment.data.gov.uk/air-quality/so,GB_Network_1,Station_GB1024A,,GB_SamplingPoint_74174,GB_StationProcess_918,GB_SamplingFeature_918,O3,http://dd.eionet.europa.eu/vocabulary/aq/pollutant/7,hour,43.3066900000,µg/m3,2018-11-20 05:00:00 +01:00,2018-11-20 06:00:00 +01:00,1,1
GB,http://environment.data.gov.uk/air-quality/so,GB_Network_1,Station_GB1024A,,GB_SamplingPoint_74174,GB_StationProcess_918,GB_SamplingFeature_918,O3,http://dd.eionet.europa.eu/vocabulary/aq/pollutant/7,hour,40.2133600000,µg/m3,2018-11-20 06:00:00 +01:00,2018-11-20 07:00:00 +01:00,1,1
GB,http://environment.data.gov.uk/air-quality/so,GB_Network_1,Station_GB1024A,,GB_SamplingPoint_74174,GB_StationProcess_918,GB_SamplingFeature_918,O3,http://dd.eionet.europa.eu/vocabulary/aq/pollutant/7,hour,37.4692700000,µg/m3,2018-11-20 10:00:00 +01:00,2018-11-20 11:00:00 +01:00,1,1
GB,http://environment.data.gov.uk/air-quality/so,GB_Network_1,Station_GB1024A,,GB_SamplingPoint_74174,GB_StationProcess_918,GB_SamplingFeature_918,O3,http://dd.eionet.europa.eu/vocabulary/aq/pollutant/7,hour,37.2198100000,µg/m3,2018-11-20 12:00:00 +01:00,2018-11-20 13:00:00 +01:00,1,1
GB,http://environment.data.gov.uk/air-quality/so,GB_Network_1,Station_GB1024A,,GB_SamplingPoint_74174,GB_StationProcess_918,GB_SamplingFeature_918,O3,http://dd.eionet.europa.eu/vocabulary/aq/pollutant/7,hour,36.3716300000,µg/m3,2018-11-20 13:00:00 +01:00,2018-11-20 14:00:00 +01:00,1,1
GB,http://environment.data.gov.uk/air-quality/so,GB_Network_1,Station_GB1024A,,GB_SamplingPoint_74174,GB_StationProcess_918,GB_SamplingFeature_918,O3,http://dd.eionet.europa.eu/vocabulary/aq/pollutant/7,hour,29.6361500000,µg/m3,2018-11-20 14:00:00 +01:00,2018-11-20 15:00:00 +01:00,1,1
GB,http://environment.data.gov.uk/air-quality/so,GB_Network_1,Station_GB1024A,,GB_SamplingPoint_74174,GB_StationProcess_918,GB_SamplingFeature_918,O3,http://dd.eionet.europa.eu/vocabulary/aq/pollutant/7,hour,27.4907700000,µg/m3,2018-11-20 15:00:00 +01:00,2018-11-20 16:00:00 +01:00,1,1
GB,http://environment.data.gov.uk/air-quality/so,GB_Network_1,Station_GB1024A,,GB_SamplingPoint_74174,GB_StationProcess_918,GB_SamplingFeature_918,O3,http://dd.eionet.europa.eu/vocabulary/aq/pollutant/7,hour,19.3582900000,µg/m3,2018-11-20 16:00:00 +01:00,2018-11-20 17:00:00 +01:00,1,1
GB,http://environment.data.gov.uk/air-quality/so,GB_Network_1,Station_GB1024A,,GB_SamplingPoint_74174,GB_StationProcess_918,GB_SamplingFeature_918,O3,http://dd.eionet.europa.eu/vocabulary/aq/pollutant/7,hour,13.8701200000,µg/m3,2018-11-20 18:00:00 +01:00,2018-11-20 19:00:00 +01:00,1,1
GB,http://environment.data.gov.uk/air-quality/so,GB_Network_1,Station_GB1024A,,GB_SamplingPoint_74174,GB_StationProcess_918,GB_SamplingFeature_918,O3,http://dd.eionet.europa.eu/vocabulary/aq/pollutant/7,hour,11.7247400000,µg/m3,2018-11-20 19:00:00 +01:00,2018-11-20 20:00:00 +01:00,1,1
GB,http://environment.data.gov.uk/air-quality/so,GB_Network_1,Station_GB1024A,,GB_SamplingPoint_74174,GB_StationProcess_918,GB_SamplingFeature_918,O3,http://dd.eionet.europa.eu/vocabulary/aq/pollutant/7,hour,17.6619500000,µg/m3,2018-11-20 20:00:00 +01:00,2018-11-20 21:00:00 +01:00,1,1
GB,http://environment.data.gov.uk/air-quality/so,GB_Network_1,Station_GB1024A,,GB_SamplingPoint_74174,GB_StationProcess_918,GB_SamplingFeature_918,O3,http://dd.eionet.europa.eu/vocabulary/aq/pollutant/7,hour,17.6619500000,µg/m3,2018-11-20 21:00:00 +01:00,2018-11-20 22:00:00 +01:00,1,1
GB,http://environment.data.gov.uk/air-quality/so,GB_Network_1,Station_GB1024A,,GB_SamplingPoint_74174,GB_StationProcess_918,GB_SamplingFeature_918,O3,http://dd.eionet.europa.eu/vocabulary/aq/pollutant/7,hour,13.4210800000,µg/m3,2018-11-20 22:00:00 +01:00,2018-11-20 23:00:00 +01:00,1,1
GB,http://environment.data.gov.uk/air-quality/so,GB_Network_1,Station_GB1024A,,GB_SamplingPoint_74174,GB_StationProcess_918,GB_SamplingFeature_918,O3,http://dd.eionet.europa.eu/vocabulary/aq/pollutant/7,hour,13.8202200000,µg/m3,2018-11-21 00:00:00 +01:00,2018-11-21 01:00:00 +01:00,1,1
GB,http://environment.data.gov.uk/air-quality/so,GB_Network_1,Station_GB1024A,,GB_SamplingPoint_74174,GB_StationProcess_918,GB_SamplingFeature_918,O3,http://dd.eionet.europa.eu/vocabulary/aq/pollutant/7,hour,9.5128400000,µg/m3,2018-11-21 01:00:00 +01:00,2018-11-21 02:00:00 +01:00,1,1
GB,http://environment.data.gov.uk/air-quality/so,GB_Network_1,Station_GB1024A,,GB_SamplingPoint_74174,GB_StationProcess_918,GB_SamplingFeature_918,O3,http://dd.eionet.europa.eu/vocabulary/aq/pollutant/7,hour,10.6437300000,µg/m3,2018-11-21 02:00:00 +01:00,2018-11-21 03:00:00 +01:00,1,1
GB,http://environment.data.gov.uk/air-quality/so,GB_Network_1,Station_GB1024A,,GB_SamplingPoint_74174,GB_StationProcess_918,GB_SamplingFeature_918,O3,http://dd.eionet.europa.eu/vocabulary/aq/pollutant/7,hour,1.7462400000,µg/m3,2018-11-21 04:00:00 +01:00,2018-11-21 05:00:00 +01:00,2,1
GB,http://environment.data.gov.uk/air-quality/so,GB_Network_1,Station_GB1024A,,GB_SamplingPoint_74174,GB_StationProcess_918,GB_SamplingFeature_918,O3,http://dd.eionet.europa.eu/vocabulary/aq/pollutant/7,hour,1.5965600000,µg/m3,2018-11-21 06:00:00 +01:00,2018-11-21 07:00:00 +01:00,2,1
GB,http://environment.data.gov.uk/air-quality/so,GB_Network_1,Station_GB1024A,,GB_SamplingPoint_74174,GB_StationProcess_918,GB_SamplingFeature_918,O3,http://dd.eionet.europa.eu/vocabulary/aq/pollutant/7,hour,12.0739900000,µg/m3,2018-11-21 11:00:00 +01:00,2018-11-21 12:00:00 +01:00,1,1
GB,http://environment.data.gov.uk/air-quality/so,GB_Network_1,Station_GB1024A,,GB_SamplingPoint_74174,GB_StationProcess_918,GB_SamplingFeature_918,O3,http://dd.eionet.europa.eu/vocabulary/aq/pollutant/7,hour,19.9570000000,µg/m3,2018-11-21 12:00:00 +01:00,2018-11-21 13:00:00 +01:00,1,1
GB,http://environment.data.gov.uk/air-quality/so,GB_Network_1,Station_GB1024A,,GB_SamplingPoint_74174,GB_StationProcess_918,GB_SamplingFeature_918,O3,http://dd.eionet.europa.eu/vocabulary/aq/pollutant/7,hour,23.7488300000,µg/m3,2018-11-21 15:00:00 +01:00,2018-11-21 16:00:00 +01:00,1,1
GB,http://environment.data.gov.uk/air-quality/so,GB_Network_1,Station_GB1024A,,GB_SamplingPoint_74174,GB_StationProcess_918,GB_SamplingFeature_918,O3,http://dd.eionet.europa.eu/vocabulary/aq/pollutant/7,hour,16.7638800000,µg/m3,2018-11-21 16:00:00 +01:00,2018-11-21 17:00:00 +01:00,1,1
GB,http://environment.data.gov.uk/air-quality/so,GB_Network_1,Station_GB1024A,,GB_SamplingPoint_74174,GB_StationProcess_918,GB_SamplingFeature_918,O3,http://dd.eionet.europa.eu/vocabulary/aq/pollutant/7,hour,4.5901100000,µg/m3,2018-11-21 18:00:00 +01:00,2018-11-21 19:00:00 +01:00,2,1
GB,http://environment.data.gov.uk/air-quality/so,GB_Network_1,Station_GB1024A,,GB_SamplingPoint_74174,GB_StationProcess_918,GB_SamplingFeature_918,O3,http://dd.eionet.europa.eu/vocabulary/aq/pollutant/7,hour,1.0976400000,µg/m3,2018-11-21 19:00:00 +01:00,2018-11-21 20:00:00 +01:00,2,1
GB,http://environment.data.gov.uk/air-quality/so,GB_Network_1,Station_GB1024A,,GB_SamplingPoint_74174,GB_StationProcess_918,GB_SamplingFeature_918,O3,http://dd.eionet.europa.eu/vocabulary/aq/pollutant/7,hour,1.6464500000,µg/m3,2018-11-21 21:00:00 +01:00,2018-11-21 22:00:00 +01:00,2,1
GB,http://environment.data.gov.uk/air-quality/so,GB_Network_1,Station_GB1024A,,GB_SamplingPoint_74174,GB_StationProcess_918,GB_SamplingFeature_918,O3,http://dd.eionet.europa.eu/vocabulary/aq/pollutant/7,hour,1.6464500000,µg/m3,2018-11-21 23:00:00 +01:00,2018-11-22 00:00:00 +01:00,2,1
GB,http://environment.data.gov.uk/air-quality/so,GB_Network_1,Station_GB1024A,,GB_SamplingPoint_74174,GB_StationProcess_918,GB_SamplingFeature_918,O3,http://dd.eionet.europa.eu/vocabulary/aq/pollutant/7,hour,1.6464500000,µg/m3,2018-11-22 00:00:00 +01:00,2018-11-22 01:00:00 +01:00,2,1
GB,http://environment.data.gov.uk/air-quality/so,GB_Network_1,Station_GB1024A,,GB_SamplingPoint_74174,GB_StationProcess_918,GB_SamplingFeature_918,O3,http://dd.eionet.europa.eu/vocabulary/aq/pollutant/7,hour,0.5987100000,µg/m3,2018-11-22 03:00:00 +01:00,2018-11-22 04:00:00 +01:00,2,1
GB,http://environment.data.gov.uk/air-quality/so,GB_Network_1,Station_GB1024A,,GB_SamplingPoint_74174,GB_StationProcess_918,GB_SamplingFeature_918,O3,http://dd.eionet.europa.eu/vocabulary/aq/pollutant/7,hour,1.4967800000,µg/m3,2018-11-22 07:00:00 +01:00,2018-11-22 08:00:00 +01:00,2,1
GB,http://environment.data.gov.uk/air-quality/so,GB_Network_1,Station_GB1024A,,GB_SamplingPoint_74174,GB_StationProcess_918,GB_SamplingFeature_918,O3,http://dd.eionet.europa.eu/vocabulary/aq/pollutant/7,hour,1.5466700000,µg/m3,2018-11-22 09:00:00 +01:00,2018-11-22 10:00:00 +01:00,2,1
GB,http://environment.data.gov.uk/air-quality/so,GB_Network_1,Station_GB1024A,,GB_SamplingPoint_74174,GB_StationProcess_918,GB_SamplingFeature_918,O3,http://dd.eionet.europa.eu/vocabulary/aq/pollutant/7,hour,,µg/m3,2018-11-22 11:00:00 +01:00,2018-11-22 12:00:00 +01:00,-1,1
GB,http://environment.data.gov.uk/air-quality/so,GB_Network_1,Station_GB1024A,,GB_SamplingPoint_74174,GB_StationProcess_918,GB_SamplingFeature_918,O3,http://dd.eionet.europa.eu/vocabulary/aq/pollutant/7,hour,1.6464500000,µg/m3,2018-11-22 13:00:00 +01:00,2018-11-22 14:00:00 +01:00,2,1
GB,http://environment.data.gov.uk/air-quality/so,GB_Network_1,Station_GB1024A,,GB_SamplingPoint_74174,GB_StationProcess_918,GB_SamplingFeature_918,O3,http://dd.eionet.europa.eu/vocabulary/aq/pollutant/7,hour,1.4967800000,µg/m3,2018-11-22 14:00:00 +01:00,2018-11-22 15:00:00 +01:00,2,1
GB,http://environment.data.gov.uk/air-quality/so,GB_Network_1,Station_GB1024A,,GB_SamplingPoint_74174,GB_StationProcess_918,GB_SamplingFeature_918,O3,http://dd.eionet.europa.eu/vocabulary/aq/pollutant/7,hour,1.8460200000,µg/m3,2018-11-22 15:00:00 +01:00,2018-11-22 16:00:00 +01:00,2,1
GB,http://environment.data.gov.uk/air-quality/so,GB_Network_1,Station_GB1024A,,GB_SamplingPoint_74174,GB_StationProcess_918,GB_SamplingFeature_918,O3,http://dd.eionet.europa.eu/vocabulary/aq/pollutant/7,hour,0.7982800000,µg/m3,2018-11-22 16:00:00 +01:00,2018-11-22 17:00:00 +01:00,2,1
GB,http://environment.data.gov.uk/air-quality/so,GB_Network_1,Station_GB1024A,,GB_SamplingPoint_74174,GB_StationProcess_918,GB_SamplingFeature_918,O3,http://dd.eionet.europa.eu/vocabulary/aq/pollutant/7,hour,0.9978500000,µg/m3,2018-11-22 17:00:00 +01:00,2018-11-22 18:00:00 +01:00,2,1
GB,http://environment.data.gov.uk/air-quality/so,GB_Network_1,Station_GB1024A,,GB_SamplingPoint_74174,GB_StationProcess_918,GB_SamplingFeature_918,O3,http://dd.eionet.europa.eu/vocabulary/aq/pollutant/7,hour,1.6963500000,µg/m3,2018-11-22 18:00:00 +01:00,2018-11-22 19:00:00 +01:00,2,1
GB,http://environment.data.gov.uk/air-quality/so,GB_Network_1,Station_GB1024A,,GB_SamplingPoint_74174,GB_StationProcess_918,GB_SamplingFeature_918,O3,http://dd.eionet.europa.eu/vocabulary/aq/pollutant/7,hour,1.2972100000,µg/m3,2018-11-22 19:00:00 +01:00,2018-11-22 20:00:00 +01:00,2,1
GB,http://environment.data.gov.uk/air-quality/so,GB_Network_1,Station_GB1024A,,GB_SamplingPoint_74174,GB_StationProcess_918,GB_SamplingFeature_918,O3,http://dd.eionet.europa.eu/vocabulary/aq/pollutant/7,hour,1.0976400000,µg/m3,2018-11-22 21:00:00 +01:00,2018-11-22 22:00:00 +01:00,2,1
GB,http://environment.data.gov.uk/air-quality/so,GB_Network_1,Station_GB1024A,,GB_SamplingPoint_74174,GB_StationProcess_918,GB_SamplingFeature_918,O3,http://dd.eionet.europa.eu/vocabulary/aq/pollutant/7,hour,0.3991400000,µg/m3,2018-11-22 22:00:00 +01:00,2018-11-22 23:00:00 +01:00,2,1
GB,http://environment.data.gov.uk/air-quality/so,GB_Network_1,Station_GB1024A,,GB_SamplingPoint_74174,GB_StationProcess_918,GB_SamplingFeature_918,O3,http://dd.eionet.europa.eu/vocabulary/aq/pollutant/7,hour,0.8481700000,µg/m3,2018-11-22 23:00:00 +01:00,2018-11-23 00:00:00 +01:00,2,1
GB,http://environment.data.gov.uk/air-quality/so,GB_Network_1,Station_GB1024A,,GB_SamplingPoint_74174,GB_StationProcess_918,GB_SamplingFeature_918,O3,http://dd.eionet.europa.eu/vocabulary/aq/pollutant/7,hour,1.1309000000,µg/m3,2018-11-23 01:00:00 +01:00,2018-11-23 02:00:00 +01:00,2,1
GB,http://environment.data.gov.uk/air-quality/so,GB_Network_1,Station_GB1024A,,GB_SamplingPoint_74174,GB_StationProcess_918,GB_SamplingFeature_918,O3,http://dd.eionet.europa.eu/vocabulary/aq/pollutant/7,hour,1.3304700000,µg/m3,2018-11-23 02:00:00 +01:00,2018-11-23 03:00:00 +01:00,2,1
GB,http://environment.data.gov.uk/air-quality/so,GB_Network_1,Station_GB1024A,,GB_SamplingPoint_74174,GB_StationProcess_918,GB_SamplingFeature_918,O3,http://dd.eionet.europa.eu/vocabulary/aq/pollutant/7,hour,1.2972100000,µg/m3,2018-11-23 04:00:00 +01:00,2018-11-23 05:00:00 +01:00,2,1
GB,http://environment.data.gov.uk/air-quality/so,GB_Network_1,Station_GB1024A,,GB_SamplingPoint_74174,GB_StationProcess_918,GB_SamplingFeature_918,O3,http://dd.eionet.europa.eu/vocabulary/aq/pollutant/7,hour,0.6985000000,µg/m3,2018-11-23 05:00:00 +01:00,2018-11-23 06:00:00 +01:00,2,1
GB,http://environment.data.gov.uk/air-quality/so,GB_Network_1,Station_GB1024A,,GB_SamplingPoint_74174,GB_StationProcess_918,GB_SamplingFeature_918,O3,http://dd.eionet.europa.eu/vocabulary/aq/pollutant/7,hour,1.8460200000,µg/m3,2018-11-23 06:00:00 +01:00,2018-11-23 07:00:00 +01:00,2,1
GB,http://environment.data.gov.uk/air-quality/so,GB_Network_1,Station_GB1024A,,GB_SamplingPoint_74174,GB_StationProcess_918,GB_SamplingFeature_918,O3,http://dd.eionet.europa.eu/vocabulary/aq/pollutant/7,hour,0.7982800000,µg/m3,2018-11-23 07:00:00 +01:00,2018-11-23 08:00:00 +01:00,2,1
GB,http://environment.data.gov.uk/air-quality/so,GB_Network_1,Station_GB1024A,,GB_SamplingPoint_74174,GB_StationProcess_918,GB_SamplingFeature_918,O3,http://dd.eionet.europa.eu/vocabulary/aq/pollutant/7,hour,0.8980700000,µg/m3,2018-11-23 09:00:00 +01:00,2018-11-23 10:00:00 +01:00,2,1
GB,http://environment.data.gov.uk/air-quality/so,GB_Network_1,Station_GB1024A,,GB_SamplingPoint_74174,GB_StationProcess_918,GB_SamplingFeature_918,O3,http://dd.eionet.europa.eu/vocabulary/aq/pollutant/7,hour,1.0976400000,µg/m3,2018-11-23 10:00:00 +01:00,2018-11-23 11:00:00 +01:00,2,1
GB,http://environment.data.gov.uk/air-quality/so,GB_Network_1,Station_GB1024A,,GB_SamplingPoint_74174,GB_StationProcess_918,GB_SamplingFeature_918,O3,http://dd.eionet.europa.eu/vocabulary/aq/pollutant/7,hour,5.3883900000,µg/m3,2018-11-23 12:00:00 +01:00,2018-11-23 13:00:00 +01:00,2,1
GB,http://environment.data.gov.uk/air-quality/so,GB_Network_1,Station_GB1024A,,GB_SamplingPoint_74174,GB_StationProcess_918,GB_SamplingFeature_918,O3,http://dd.eionet.europa.eu/vocabulary/aq/pollutant/7,hour,7.9828000000,µg/m3,2018-11-23 13:00:00 +01:00,2018-11-23 14:00:00 +01:00,1,1
GB,http://environment.data.gov.uk/air-quality/so,GB_Network_1,Station_GB1024A,,GB_SamplingPoint_74174,GB_StationProcess_918,GB_SamplingFeature_918,O3,http://dd.eionet.europa.eu/vocabulary/aq/pollutant/7,hour,4.9892500000,µg/m3,2018-11-23 16:00:00 +01:00,2018-11-23 17:00:00 +01:00,2,1
GB,http://environment.data.gov.uk/air-quality/so,GB_Network_1,Station_GB1024A,,GB_SamplingPoint_74174,GB_StationProcess_918,GB_SamplingFeature_918,O3,http://dd.eionet.europa.eu/vocabulary/aq/pollutant/7,hour,3.2929100000,µg/m3,2018-11-23 18:00:00 +01:00,2018-11-23 19:00:00 +01:00,2,1
GB,http://environment.data.gov.uk/air-quality/so,GB_Network_1,Station_GB1024A,,GB_SamplingPoint_74174,GB_StationProcess_918,GB_SamplingFeature_918,O3,http://dd.eionet.europa.eu/vocabulary/aq/pollutant/7,hour,1.6963500000,µg/m3,2018-11-23 20:00:00 +01:00,2018-11-23 21:00:00 +01:00,2,1
GB,http://environment.data.gov.uk/air-quality/so,GB_Network_1,Station_GB1024A,,GB_SamplingPoint_74174,GB_StationProcess_918,GB_SamplingFeature_918,O3,http://dd.eionet.europa.eu/vocabulary/aq/pollutant/7,hour,0.9978500000,µg/m3,2018-11-23 23:00:00 +01:00,2018-11-24 00:00:00 +01:00,2,1
GB,http://environment.data.gov.uk/air-quality/so,GB_Network_1,Station_GB1024A,,GB_SamplingPoint_74174,GB_StationProcess_918,GB_SamplingFeature_918,O3,http://dd.eionet.europa.eu/vocabulary/aq/pollutant/7,hour,0.4490300000,µg/m3,2018-11-24 00:00:00 +01:00,2018-11-24 01:00:00 +01:00,2,1
GB,http://environment.data.gov.uk/air-quality/so,GB_Network_1,Station_GB1024A,,GB_SamplingPoint_74174,GB_StationProcess_918,GB_SamplingFeature_918,O3,http://dd.eionet.europa.eu/vocabulary/aq/pollutant/7,hour,0.7982800000,µg/m3,2018-11-24 01:00:00 +01:00,2018-11-24 02:00:00 +01:00,2,1
GB,http://environment.data.gov.uk/air-quality/so,GB_Network_1,Station_GB1024A,,GB_SamplingPoint_74174,GB_StationProcess_918,GB_SamplingFeature_918,O3,http://dd.eionet.europa.eu/vocabulary/aq/pollutant/7,hour,1.9957000000,µg/m3,2018-11-24 02:00:00 +01:00,2018-11-24 03:00:00 +01:00,2,1
GB,http://environment.data.gov.uk/air-quality/so,GB_Network_1,Station_GB1024A,,GB_SamplingPoint_74174,GB_StationProcess_918,GB_SamplingFeature_918,O3,http://dd.eionet.europa.eu/vocabulary/aq/pollutant/7,hour,0.9978500000,µg/m3,2018-11-24 03:00:00 +01:00,2018-11-24 04:00:00 +01:00,2,1
GB,http://environment.data.gov.uk/air-quality/so,GB_Network_1,Station_GB1024A,,GB_SamplingPoint_74174,GB_StationProcess_918,GB_SamplingFeature_918,O3,http://dd.eionet.europa.eu/vocabulary/aq/pollutant/7,hour,0.3991400000,µg/m3,2018-11-24 06:00:00 +01:00,2018-11-24 07:00:00 +01:00,2,1
GB,http://environment.data.gov.uk/air-quality/so,GB_Network_1,Station_GB1024A,,GB_SamplingPoint_74174,GB_StationProcess_918,GB_SamplingFeature_918,O3,http://dd.eionet.europa.eu/vocabulary/aq/pollutant/7,hour,1.0976400000,µg/m3,2018-11-24 09:00:00 +01:00,2018-11-24 10:00:00 +01:00,2,1
GB,http://environment.data.gov.uk/air-quality/so,GB_Network_1,Station_GB1024A,,GB_SamplingPoint_74174,GB_StationProcess_918,GB_SamplingFeature_918,O3,http://dd.eionet.europa.eu/vocabulary/aq/pollutant/7,hour,4.9892500000,µg/m3,2018-11-24 12:00:00 +01:00,2018-11-24 13:00:00 +01:00,2,1
GB,http://environment.data.gov.uk/air-quality/so,GB_Network_1,Station_GB1024A,,GB_SamplingPoint_74174,GB_StationProcess_918,GB_SamplingFeature_918,O3,http://dd.eionet.europa.eu/vocabulary/aq/pollutant/7,hour,11.5750600000,µg/m3,2018-11-24 13:00:00 +01:00,2018-11-24 14:00:00 +01:00,1,1
GB,http://environment.data.gov.uk/air-quality/so,GB_Network_1,Station_GB1024A,,GB_SamplingPoint_74174,GB_StationProcess_918,GB_SamplingFeature_918,O3,http://dd.eionet.europa.eu/vocabulary/aq/pollutant/7,hour,16.6142000000,µg/m3,2018-11-24 14:00:00 +01:00,2018-11-24 15:00:00 +01:00,1,1
GB,http://environment.data.gov.uk/air-quality/so,GB_Network_1,Station_GB1024A,,GB_SamplingPoint_74174,GB_StationProcess_918,GB_SamplingFeature_918,O3,http://dd.eionet.europa.eu/vocabulary/aq/pollutant/7,hour,27.5905500000,µg/m3,2018-11-24 16:00:00 +01:00,2018-11-24 17:00:00 +01:00,1,1
GB,http://environment.data.gov.uk/air-quality/so,GB_Network_1,Station_GB1024A,,GB_SamplingPoint_74174,GB_StationProcess_918,GB_SamplingFeature_918,O3,http://dd.eionet.europa.eu/vocabulary/aq/pollutant/7,hour,26.5927000000,µg/m3,2018-11-24 17:00:00 +01:00,2018-11-24 18:00:00 +01:00,1,1
GB,http://environment.data.gov.uk/air-quality/so,GB_Network_1,Station_GB1024A,,GB_SamplingPoint_74174,GB_StationProcess_918,GB_SamplingFeature_918,O3,http://dd.eionet.europa.eu/vocabulary/aq/pollutant/7,hour,25.0460400000,µg/m3,2018-11-24 19:00:00 +01:00,2018-11-24 20:00:00 +01:00,1,1
GB,http://environment.data.gov.uk/air-quality/so,GB_Network_1,Station_GB1024A,,GB_SamplingPoint_74174,GB_StationProcess_918,GB_SamplingFeature_918,O3,http://dd.eionet.europa.eu/vocabulary/aq/pollutant/7,hour,29.6361500000,µg/m3,2018-11-24 21:00:00 +01:00,2018-11-24 22:00:00 +01:00,1,1
GB,http://environment.data.gov.uk/air-quality/so,GB_Network_1,Station_GB1024A,,GB_SamplingPoint_74174,GB_StationProcess_918,GB_SamplingFeature_918,O3,http://dd.eionet.europa.eu/vocabulary/aq/pollutant/7,hour,28.6383000000,µg/m3,2018-11-24 22:00:00 +01:00,2018-11-24 23:00:00 +01:00,1,1
GB,http://environment.data.gov.uk/air-quality/so,GB_Network_1,Station_GB1024A,,GB_SamplingPoint_74174,GB_StationProcess_918,GB_SamplingFeature_918,O3,http://dd.eionet.europa.eu/vocabulary/aq/pollutant/7,hour,25.5948500000,µg/m3,2018-11-24 23:00:00 +01:00,2018-11-25 00:00:00 +01:00,1,1
GB,http://environment.data.gov.uk/air-quality/so,GB_Network_1,Station_GB1024A,,GB_SamplingPoint_74174,GB_StationProcess_918,GB_SamplingFeature_918,O3,http://dd.eionet.europa.eu/vocabulary/aq/pollutant/7,hour,21.8030200000,µg/m3,2018-11-25 00:00:00 +01:00,2018-11-25 01:00:00 +01:00,1,1
GB,http://environment.data.gov.uk/air-quality/so,GB_Network_1,Station_GB1024A,,GB_SamplingPoint_74174,GB_StationProcess_918,GB_SamplingFeature_918,O3,http://dd.eionet.europa.eu/vocabulary/aq/pollutant/7,hour,22.0192200000,µg/m3,2018-11-25 01:00:00 +01:00,2018-11-25 02:00:00 +01:00,1,1
GB,http://environment.data.gov.uk/air-quality/so,GB_Network_1,Station_GB1024A,,GB_SamplingPoint_74174,GB_StationProcess_918,GB_SamplingFeature_918,O3,http://dd.eionet.europa.eu/vocabulary/aq/pollutant/7,hour,22.9505500000,µg/m3,2018-11-25 02:00:00 +01:00,2018-11-25 03:00:00 +01:00,1,1
GB,http://environment.data.gov.uk/air-quality/so,GB_Network_1,Station_GB1024A,,GB_SamplingPoint_74174,GB_StationProcess_918,GB_SamplingFeature_918,O3,http://dd.eionet.europa.eu/vocabulary/aq/pollutant/7,hour,28.4387300000,µg/m3,2018-11-25 04:00:00 +01:00,2018-11-25 05:00:00 +01:00,1,1
GB,http://environment.data.gov.uk/air-quality/so,GB_Network_1,Station_GB1024A,,GB_SamplingPoint_74174,GB_StationProcess_918,GB_SamplingFeature_918,O3,http://dd.eionet.europa.eu/vocabulary/aq/pollutant/7,hour,27.4408800000,µg/m3,2018-11-25 05:00:00 +01:00,2018-11-25 06:00:00 +01:00,1,1
GB,http://environment.data.gov.uk/air-quality/so,GB_Network_1,Station_GB1024A,,GB_SamplingPoint_74174,GB_StationProcess_918,GB_SamplingFeature_918,O3,http://dd.eionet.europa.eu/vocabulary/aq/pollutant/7,hour,17.0632400000,µg/m3,2018-11-25 09:00:00 +01:00,2018-11-25 10:00:00 +01:00,1,1
GB,http://environment.data.gov.uk/air-quality/so,GB_Network_1,Station_GB1024A,,GB_SamplingPoint_74174,GB_StationProcess_918,GB_SamplingFeature_918,O3,http://dd.eionet.europa.eu/vocabulary/aq/pollutant/7,hour,17.6120500000,µg/m3,2018-11-25 10:00:00 +01:00,2018-11-25 11:00:00 +01:00,1,1
GB,http://environment.data.gov.uk/air-quality/so,GB_Network_1,Station_GB1024A,,GB_SamplingPoint_74174,GB_StationProcess_918,GB_SamplingFeature_918,O3,http://dd.eionet.europa.eu/vocabulary/aq/pollutant/7,hour,24.0481900000,µg/m3,2018-11-25 12:00:00 +01:00,2018-11-25 13:00:00 +01:00,1,1
GB,http://environment.data.gov.uk/air-quality/so,GB_Network_1,Station_GB1024A,,GB_SamplingPoint_74174,GB_StationProcess_918,GB_SamplingFeature_918,O3,http://dd.eionet.europa.eu/vocabulary/aq/pollutant/7,hour,26.6426000000,µg/m3,2018-11-25 13:00:00 +01:00,2018-11-25 14:00:00 +01:00,1,1
GB,http://environment.data.gov.uk/air-quality/so,GB_Network_1,Station_GB1024A,,GB_SamplingPoint_74174,GB_StationProcess_918,GB_SamplingFeature_918,O3,http://dd.eionet.europa.eu/vocabulary/aq/pollutant/7,hour,20.2064600000,µg/m3,2018-11-25 17:00:00 +01:00,2018-11-25 18:00:00 +01:00,1,1
GB,http://environment.data.gov.uk/air-quality/so,GB_Network_1,Station_GB1024A,,GB_SamplingPoint_74174,GB_StationProcess_918,GB_SamplingFeature_918,O3,http://dd.eionet.europa.eu/vocabulary/aq/pollutant/7,hour,16.6142000000,µg/m3,2018-11-25 20:00:00 +01:00,2018-11-25 21:00:00 +01:00,1,1
GB,http://environment.data.gov.uk/air-quality/so,GB_Network_1,Station_GB1024A,,GB_SamplingPoint_74174,GB_StationProcess_918,GB_SamplingFeature_918,O3,http://dd.eionet.europa.eu/vocabulary/aq/pollutant/7,hour,17.9613000000,µg/m3,2018-11-25 21:00:00 +01:00,2018-11-25 22:00:00 +01:00,1,1
GB,http://environment.data.gov.uk/air-quality/so,GB_Network_1,Station_GB1024A,,GB_SamplingPoint_74174,GB_StationProcess_918,GB_SamplingFeature_918,O3,http://dd.eionet.europa.eu/vocabulary/aq/pollutant/7,hour,15.3668900000,µg/m3,2018-11-25 22:00:00 +01:00,2018-11-25 23:00:00 +01:00,1,1
GB,http://environment.data.gov.uk/air-quality/so,GB_Network_1,Station_GB1024A,,GB_SamplingPoint_74174,GB_StationProcess_918,GB_SamplingFeature_918,O3,http://dd.eionet.europa.eu/vocabulary/aq/pollutant/7,hour,21.6200800000,µg/m3,2018-11-26 01:00:00 +01:00,2018-11-26 02:00:00 +01:00,1,1
GB,http://environment.data.gov.uk/air-quality/so,GB_Network_1,Station_GB1024A,,GB_SamplingPoint_74174,GB_StationProcess_918,GB_SamplingFeature_918,O3,http://dd.eionet.europa.eu/vocabulary/aq/pollutant/7,hour,29.4864700000,µg/m3,2018-11-26 07:00:00 +01:00,2018-11-26 08:00:00 +01:00,1,1
GB,http://environment.data.gov.uk/air-quality/so,GB_Network_1,Station_GB1024A,,GB_SamplingPoint_74174,GB_StationProcess_918,GB_SamplingFeature_918,O3,http://dd.eionet.europa.eu/vocabulary/aq/pollutant/7,hour,23.8985100000,µg/m3,2018-11-26 08:00:00 +01:00,2018-11-26 09:00:00 +01:00,1,1
GB,http://environment.data.gov.uk/air-quality/so,GB_Network_1,Station_GB1024A,,GB_SamplingPoint_74174,GB_StationProcess_918,GB_SamplingFeature_918,O3,http://dd.eionet.europa.eu/vocabulary/aq/pollutant/7,hour,26.9918400000,µg/m3,2018-11-26 11:00:00 +01:00,2018-11-26 12:00:00 +01:00,1,1
GB,http://environment.data.gov.uk/air-quality/so,GB_Network_1,Station_GB1024A,,GB_SamplingPoint_74174,GB_StationProcess_918,GB_SamplingFeature_918,O3,http://dd.eionet.europa.eu/vocabulary/aq/pollutant/7,hour,27.0417400000,µg/m3,2018-11-26 14:00:00 +01:00,2018-11-26 15:00:00 +01:00,1,1
GB,http://environment.data.gov.uk/air-quality/so,GB_Network_1,Station_GB1024A,,GB_SamplingPoint_74174,GB_StationProcess_918,GB_SamplingFeature_918,O3,http://dd.eionet.europa.eu/vocabulary/aq/pollutant/7,hour,25.5948500000,µg/m3,2018-11-26 15:00:00 +01:00,2018-11-26 16:00:00 +01:00,1,1
GB,http://environment.data.gov.uk/air-quality/so,GB_Network_1,Station_GB1024A,,GB_SamplingPoint_74174,GB_StationProcess_918,GB_SamplingFeature_918,O3,http://dd.eionet.europa.eu/vocabulary/aq/pollutant/7,hour,28.0395900000,µg/m3,2018-11-26 16:00:00 +01:00,2018-11-26 17:00:00 +01:00,1,1
GB,http://environment.data.gov.uk/air-quality/so,GB_Network_1,Station_GB1024A,,GB_SamplingPoint_74174,GB_StationProcess_918,GB_SamplingFeature_918,O3,http://dd.eionet.europa.eu/vocabulary/aq/pollutant/7,hour,19.7075400000,µg/m3,2018-11-26 17:00:00 +01:00,2018-11-26 18:00:00 +01:00,1,1
GB,http://environment.data.gov.uk/air-quality/so,GB_Network_1,Station_GB1024A,,GB_SamplingPoint_74174,GB_StationProcess_918,GB_SamplingFeature_918,O3,http://dd.eionet.europa.eu/vocabulary/aq/pollutant/7,hour,6.1866700000,µg/m3,2018-11-26 21:00:00 +01:00,2018-11-26 22:00:00 +01:00,2,1
GB,http://environment.data.gov.uk/air-quality/so,GB_Network_1,Station_GB1024A,,GB_SamplingPoint_74174,GB_StationProcess_918,GB_SamplingFeature_918,O3,http://dd.eionet.europa.eu/vocabulary/aq/pollutant/7,hour,5.2886100000,µg/m3,2018-11-26 22:00:00 +01:00,2018-11-26 23:00:00 +01:00,2,1
GB,http://environment.data.gov.uk/air-quality/so,GB_Network_1,Station_GB1024A,,GB_SamplingPoint_74174,GB_StationProcess_918,GB_SamplingFeature_918,O3,http://dd.eionet.europa.eu/vocabulary/aq/pollutant/7,hour,1.5466700000,µg/m3,2018-11-26 23:00:00 +01:00,2018-11-27 00:00:00 +01:00,2,1
GB,http://environment.data.gov.uk/air-quality/so,GB_Network_1,Station_GB1024A,,GB_SamplingPoint_74174,GB_StationProcess_918,GB_SamplingFeature_918,O3,http://dd.eionet.europa.eu/vocabulary/aq/pollutant/7,hour,0.7483900000,µg/m3,2018-11-27 00:00:00 +01:00,2018-11-27 01:00:00 +01:00,2,1
GB,http://environment.data.gov.uk/air-quality/so,GB_Network_1,Station_GB1024A,,GB_SamplingPoint_74174,GB_StationProcess_918,GB_SamplingFeature_918,O3,http://dd.eionet.europa.eu/vocabulary/aq/pollutant/7,hour,0.8648000000,µg/m3,2018-11-27 01:00:00 +01:00,2018-11-27 02:00:00 +01:00,2,1
GB,http://environment.data.gov.uk/air-quality/so,GB_Network_1,Station_GB1024A,,GB_SamplingPoint_74174,GB_StationProcess_918,GB_SamplingFeature_918,O3,http://dd.eionet.europa.eu/vocabulary/aq/pollutant/7,hour,1.7296100000,µg/m3,2018-11-27 02:00:00 +01:00,2018-11-27 03:00:00 +01:00,2,1
GB,http://environment.data.gov.uk/air-quality/so,GB_Network_1,Station_GB1024A,,GB_SamplingPoint_74174,GB_StationProcess_918,GB_SamplingFeature_918,O3,http://dd.eionet.europa.eu/vocabulary/aq/pollutant/7,hour,4.5901100000,µg/m3,2018-11-27 04:00:00 +01:00,2018-11-27 05:00:00 +01:00,2,1
GB,http://environment.data.gov.uk/air-quality/so,GB_Network_1,Station_GB1024A,,GB_SamplingPoint_74174,GB_StationProcess_918,GB_SamplingFeature_918,O3,http://dd.eionet.europa.eu/vocabulary/aq/pollutant/7,hour,5.3883900000,µg/m3,2018-11-27 05:00:00 +01:00,2018-11-27 06:00:00 +01:00,2,1
GB,http://environment.data.gov.uk/air-quality/so,GB_Network_1,Station_GB1024A,,GB_SamplingPoint_74174,GB_StationProcess_918,GB_SamplingFeature_918,O3,http://dd.eionet.europa.eu/vocabulary/aq/pollutant/7,hour,1.6963500000,µg/m3,2018-11-27 10:00:00 +01:00,2018-11-27 11:00:00 +01:00,2,1
GB,http://environment.data.gov.uk/air-quality/so,GB_Network_1,Station_GB1024A,,GB_SamplingPoint_74174,GB_StationProcess_918,GB_SamplingFeature_918,O3,http://dd.eionet.europa.eu/vocabulary/aq/pollutant/7,hour,4.4404300000,µg/m3,2018-11-27 12:00:00 +01:00,2018-11-27 13:00:00 +01:00,2,1
GB,http://environment.data.gov.uk/air-quality/so,GB_Network_1,Station_GB1024A,,GB_SamplingPoint_74174,GB_StationProcess_918,GB_SamplingFeature_918,O3,http://dd.eionet.europa.eu/vocabulary/aq/pollutant/7,hour,6.6856000000,µg/m3,2018-11-27 14:00:00 +01:00,2018-11-27 15:00:00 +01:00,1,1
GB,http://environment.data.gov.uk/air-quality/so,GB_Network_1,Station_GB1024A,,GB_SamplingPoint_74174,GB_StationProcess_918,GB_SamplingFeature_918,O3,http://dd.eionet.europa.eu/vocabulary/aq/pollutant/7,hour,25.5449600000,µg/m3,2018-11-27 18:00:00 +01:00,2018-11-27 19:00:00 +01:00,1,1
GB,http://environment.data.gov.uk/air-quality/so,GB_Network_1,Station_GB1024A,,GB_SamplingPoint_74174,GB_StationProcess_918,GB_SamplingFeature_918,O3,http://dd.eionet.europa.eu/vocabulary/aq/pollutant/7,hour,20.2563600000,µg/m3,2018-11-27 20:00:00 +01:00,2018-11-27 21:00:00 +01:00,1,1
GB,http://environment.data.gov.uk/air-quality/so,GB_Network_1,Station_GB1024A,,GB_SamplingPoint_74174,GB_StationProcess_918,GB_SamplingFeature_918,O3,http://dd.eionet.europa.eu/vocabulary/aq/pollutant/7,hour,11.1759200000,µg/m3,2018-11-27 22:00:00 +01:00,2018-11-27 23:00:00 +01:00,1,1
GB,http://environment.data.gov.uk/air-quality/so,GB_Network_1,Station_GB1024A,,GB_SamplingPoint_74174,GB_StationProcess_918,GB_SamplingFeature_918,O3,http://dd.eionet.europa.eu/vocabulary/aq/pollutant/7,hour,13.1716200000,µg/m3,2018-11-27 23:00:00 +01:00,2018-11-28 00:00:00 +01:00,1,1
GB,http://environment.data.gov.uk/air-quality/so,GB_Network_1,Station_GB1024A,,GB_SamplingPoint_74174,GB_StationProcess_918,GB_SamplingFeature_918,O3,http://dd.eionet.europa.eu/vocabulary/aq/pollutant/7,hour,18.3604400000,µg/m3,2018-11-28 01:00:00 +01:00,2018-11-28 02:00:00 +01:00,1,1
GB,http://environment.data.gov.uk/air-quality/so,GB_Network_1,Station_GB1024A,,GB_SamplingPoint_74174,GB_StationProcess_918,GB_SamplingFeature_918,O3,http://dd.eionet.europa.eu/vocabulary/aq/pollutant/7,hour,21.0213700000,µg/m3,2018-11-28 02:00:00 +01:00,2018-11-28 03:00:00 +01:00,1,1
GB,http://environment.data.gov.uk/air-quality/so,GB_Network_1,Station_GB1024A,,GB_SamplingPoint_74174,GB_StationProcess_918,GB_SamplingFeature_918,O3,http://dd.eionet.europa.eu/vocabulary/aq/pollutant/7,hour,40.3630300000,µg/m3,2018-11-28 03:00:00 +01:00,2018-11-28 04:00:00 +01:00,1,1
GB,http://environment.data.gov.uk/air-quality/so,GB_Network_1,Station_GB1024A,,GB_SamplingPoint_74174,GB_StationProcess_918,GB_SamplingFeature_918,O3,http://dd.eionet.europa.eu/vocabulary/aq/pollutant/7,hour,52.9359400000,µg/m3,2018-11-28 04:00:00 +01:00,2018-11-28 05:00:00 +01:00,1,1
GB,http://environment.data.gov.uk/air-quality/so,GB_Network_1,Station_GB1024A,,GB_SamplingPoint_74174,GB_StationProcess_918,GB_SamplingFeature_918,O3,http://dd.eionet.europa.eu/vocabulary/aq/pollutant/7,hour,54.5824000000,µg/m3,2018-11-28 05:00:00 +01:00,2018-11-28 06:00:00 +01:00,1,1
GB,http://environment.data.gov.uk/air-quality/so,GB_Network_1,Station_GB1024A,,GB_SamplingPoint_74174,GB_StationProcess_918,GB_SamplingFeature_918,O3,http://dd.eionet.europa.eu/vocabulary/aq/pollutant/7,hour,61.6172400000,µg/m3,2018-11-28 06:00:00 +01:00,2018-11-28 07:00:00 +01:00,1,1
GB,http://environment.data.gov.uk/air-quality/so,GB_Network_1,Station_GB1024A,,GB_SamplingPoint_74174,GB_StationProcess_918,GB_SamplingFeature_918,O3,http://dd.eionet.europa.eu/vocabulary/aq/pollutant/7,hour,41.1613100000,µg/m3,2018-11-28 10:00:00 +01:00,2018-11-28 11:00:00 +01:00,1,1
GB,http://environment.data.gov.uk/air-quality/so,GB_Network_1,Station_GB1024A,,GB_SamplingPoint_74174,GB_StationProcess_918,GB_SamplingFeature_918,O3,http://dd.eionet.europa.eu/vocabulary/aq/pollutant/7,hour,45.6017500000,µg/m3,2018-11-28 11:00:00 +01:00,2018-11-28 12:00:00 +01:00,1,1
GB,http://environment.data.gov.uk/air-quality/so,GB_Network_1,Station_GB1024A,,GB_SamplingPoint_74174,GB_StationProcess_918,GB_SamplingFeature_918,O3,http://dd.eionet.europa.eu/vocabulary/aq/pollutant/7,hour,48.4955100000,µg/m3,2018-11-28 12:00:00 +01:00,2018-11-28 13:00:00 +01:00,1,1
GB,http://environment.data.gov.uk/air-quality/so,GB_Network_1,Station_GB1024A,,GB_SamplingPoint_74174,GB_StationProcess_918,GB_SamplingFeature_918,O3,http://dd.eionet.europa.eu/vocabulary/aq/pollutant/7,hour,48.4955100000,µg/m3,2018-11-28 13:00:00 +01:00,2018-11-28 14:00:00 +01:00,1,1
GB,http://environment.data.gov.uk/air-quality/so,GB_Network_1,Station_GB1024A,,GB_SamplingPoint_74174,GB_StationProcess_918,GB_SamplingFeature_918,O3,http://dd.eionet.europa.eu/vocabulary/aq/pollutant/7,hour,51.5389500000,µg/m3,2018-11-28 14:00:00 +01:00,2018-11-28 15:00:00 +01:00,1,1
GB,http://environment.data.gov.uk/air-quality/so,GB_Network_1,Station_GB1024A,,GB_SamplingPoint_74174,GB_StationProcess_918,GB_SamplingFeature_918,O3,http://dd.eionet.europa.eu/vocabulary/aq/pollutant/7,hour,51.5389500000,µg/m3,2018-11-28 16:00:00 +01:00,2018-11-28 17:00:00 +01:00,1,1
GB,http://environment.data.gov.uk/air-quality/so,GB_Network_1,Station_GB1024A,,GB_SamplingPoint_74174,GB_StationProcess_918,GB_SamplingFeature_918,O3,http://dd.eionet.europa.eu/vocabulary/aq/pollutant/7,hour,49.9423900000,µg/m3,2018-11-28 17:00:00 +01:00,2018-11-28 18:00:00 +01:00,1,1
GB,http://environment.data.gov.uk/air-quality/so,GB_Network_1,Station_GB1024A,,GB_SamplingPoint_74174,GB_StationProcess_918,GB_SamplingFeature_918,O3,http://dd.eionet.europa.eu/vocabulary/aq/pollutant/7,hour,43.2069100000,µg/m3,2018-11-28 18:00:00 +01:00,2018-11-28 19:00:00 +01:00,1,1
GB,http://environment.data.gov.uk/air-quality/so,GB_Network_1,Station_GB1024A,,GB_SamplingPoint_74174,GB_StationProcess_918,GB_SamplingFeature_918,O3,http://dd.eionet.europa.eu/vocabulary/aq/pollutant/7,hour,39.0159400000,µg/m3,2018-11-28 19:00:00 +01:00,2018-11-28 20:00:00 +01:00,1,1
GB,http://environment.data.gov.uk/air-quality/so,GB_Network_1,Station_GB1024A,,GB_SamplingPoint_74174,GB_StationProcess_918,GB_SamplingFeature_918,O3,http://dd.eionet.europa.eu/vocabulary/aq/pollutant/7,hour,57.1269100000,µg/m3,2018-11-28 21:00:00 +01:00,2018-11-28 22:00:00 +01:00,1,1
GB,http://environment.data.gov.uk/air-quality/so,GB_Network_1,Station_GB1024A,,GB_SamplingPoint_74174,GB_StationProcess_918,GB_SamplingFeature_918,O3,http://dd.eionet.europa.eu/vocabulary/aq/pollutant/7,hour,61.0684200000,µg/m3,2018-11-28 22:00:00 +01:00,2018-11-28 23:00:00 +01:00,1,1
GB,http://environment.data.gov.uk/air-quality/so,GB_Network_1,Station_GB1024A,,GB_SamplingPoint_74174,GB_StationProcess_918,GB_SamplingFeature_918,O3,http://dd.eionet.europa.eu/vocabulary/aq/pollutant/7,hour,61.9664900000,µg/m3,2018-11-28 23:00:00 +01:00,2018-11-29 00:00:00 +01:00,1,1
GB,http://environment.data.gov.uk/air-quality/so,GB_Network_1,Station_GB1024A,,GB_SamplingPoint_74174,GB_StationProcess_918,GB_SamplingFeature_918,O3,http://dd.eionet.europa.eu/vocabulary/aq/pollutant/7,hour,53.6843300000,µg/m3,2018-11-29 05:00:00 +01:00,2018-11-29 06:00:00 +01:00,1,1
GB,http://environment.data.gov.uk/air-quality/so,GB_Network_1,Station_GB1024A,,GB_SamplingPoint_74174,GB_StationProcess_918,GB_SamplingFeature_918,O3,http://dd.eionet.europa.eu/vocabulary/aq/pollutant/7,hour,53.4847600000,µg/m3,2018-11-29 06:00:00 +01:00,2018-11-29 07:00:00 +01:00,1,1
GB,http://environment.data.gov.uk/air-quality/so,GB_Network_1,Station_GB1024A,,GB_SamplingPoint_74174,GB_StationProcess_918,GB_SamplingFeature_918,O3,http://dd.eionet.europa.eu/vocabulary/aq/pollutant/7,hour,43.8555100000,µg/m3,2018-11-29 07:00:00 +01:00,2018-11-29 08:00:00 +01:00,1,1
GB,http://environment.data.gov.uk/air-quality/so,GB_Network_1,Station_GB1024A,,GB_SamplingPoint_74174,GB_StationProcess_918,GB_SamplingFeature_918,O3,http://dd.eionet.europa.eu/vocabulary/aq/pollutant/7,hour,37.1699100000,µg/m3,2018-11-29 08:00:00 +01:00,2018-11-29 09:00:00 +01:00,1,1
GB,http://environment.data.gov.uk/air-quality/so,GB_Network_1,Station_GB1024A,,GB_SamplingPoint_74174,GB_StationProcess_918,GB_SamplingFeature_918,O3,http://dd.eionet.europa.eu/vocabulary/aq/pollutant/7,hour,39.2155100000,µg/m3,2018-11-29 09:00:00 +01:00,2018-11-29 10:00:00 +01:00,1,1
GB,http://environment.data.gov.uk/air-quality/so,GB_Network_1,Station_GB1024A,,GB_SamplingPoint_74174,GB_StationProcess_918,GB_SamplingFeature_918,O3,http://dd.eionet.europa.eu/vocabulary/aq/pollutant/7,hour,43.5561500000,µg/m3,2018-11-29 10:00:00 +01:00,2018-11-29 11:00:00 +01:00,1,1
GB,http://environment.data.gov.uk/air-quality/so,GB_Network_1,Station_GB1024A,,GB_SamplingPoint_74174,GB_StationProcess_918,GB_SamplingFeature_918,O3,http://dd.eionet.europa.eu/vocabulary/aq/pollutant/7,hour,49.5432500000,µg/m3,2018-11-29 11:00:00 +01:00,2018-11-29 12:00:00 +01:00,1,1
GB,http://environment.data.gov.uk/air-quality/so,GB_Network_1,Station_GB1024A,,GB_SamplingPoint_74174,GB_StationProcess_918,GB_SamplingFeature_918,O3,http://dd.eionet.europa.eu/vocabulary/aq/pollutant/7,hour,71.6955200000,µg/m3,2018-11-29 15:00:00 +01:00,2018-11-29 16:00:00 +01:00,1,1
GB,http://environment.data.gov.uk/air-quality/so,GB_Network_1,Station_GB1024A,,GB_SamplingPoint_74174,GB_StationProcess_918,GB_SamplingFeature_918,O3,http://dd.eionet.europa.eu/vocabulary/aq/pollutant/7,hour,65.4589600000,µg/m3,2018-11-29 17:00:00 +01:00,2018-11-29 18:00:00 +01:00,1,1
GB,http://environment.data.gov.uk/air-quality/so,GB_Network_1,Station_GB1024A,,GB_SamplingPoint_74174,GB_StationProcess_918,GB_SamplingFeature_918,O3,http://dd.eionet.europa.eu/vocabulary/aq/pollutant/7,hour,66.5566000000,µg/m3,2018-11-29 20:00:00 +01:00,2018-11-29 21:00:00 +01:00,1,1
GB,http://environment.data.gov.uk/air-quality/so,GB_Network_1,Station_GB1024A,,GB_SamplingPoint_74174,GB_StationProcess_918,GB_SamplingFeature_918,O3,http://dd.eionet.europa.eu/vocabulary/aq/pollutant/7,hour,64.2116500000,µg/m3,2018-11-29 21:00:00 +01:00,2018-11-29 22:00:00 +01:00,1,1
GB,http://environment.data.gov.uk/air-quality/so,GB_Network_1,Station_GB1024A,,GB_SamplingPoint_74174,GB_StationProcess_918,GB_SamplingFeature_918,O3,http://dd.eionet.europa.eu/vocabulary/aq/pollutant/7,hour,65.2095000000,µg/m3,2018-11-29 22:00:00 +01:00,2018-11-29 23:00:00 +01:00,1,1
GB,http://environment.data.gov.uk/air-quality/so,GB_Network_1,Station_GB1024A,,GB_SamplingPoint_74174,GB_StationProcess_918,GB_SamplingFeature_918,O3,http://dd.eionet.europa.eu/vocabulary/aq/pollutant/7,hour,65.9578900000,µg/m3,2018-11-29 23:00:00 +01:00,2018-11-30 00:00:00 +01:00,1,1
GB,http://environment.data.gov.uk/air-quality/so,GB_Network_1,Station_GB1024A,,GB_SamplingPoint_74174,GB_StationProcess_918,GB_SamplingFeature_918,O3,http://dd.eionet.europa.eu/vocabulary/aq/pollutant/7,hour,62.9643400000,µg/m3,2018-11-30 03:00:00 +01:00,2018-11-30 04:00:00 +01:00,1,1
GB,http://environment.data.gov.uk/air-quality/so,GB_Network_1,Station_GB1024A,,GB_SamplingPoint_74174,GB_StationProcess_918,GB_SamplingFeature_918,O3,http://dd.eionet.europa.eu/vocabulary/aq/pollutant/7,hour,58.1247600000,µg/m3,2018-11-30 04:00:00 +01:00,2018-11-30 05:00:00 +01:00,1,1
GB,http://environment.data.gov.uk/air-quality/so,GB_Network_1,Station_GB1024A,,GB_SamplingPoint_74174,GB_StationProcess_918,GB_SamplingFeature_918,O3,http://dd.eionet.europa.eu/vocabulary/aq/pollutant/7,hour,57.4262700000,µg/m3,2018-11-30 05:00:00 +01:00,2018-11-30 06:00:00 +01:00,1,1
GB,http://environment.data.gov.uk/air-quality/so,GB_Network_1,Station_GB1024A,,GB_SamplingPoint_74174,GB_StationProcess_918,GB_SamplingFeature_918,O3,http://dd.eionet.europa.eu/vocabulary/aq/pollutant/7,hour,56.7776700000,µg/m3,2018-11-30 06:00:00 +01:00,2018-11-30 07:00:00 +01:00,1,1
GB,http://environment.data.gov.uk/air-quality/so,GB_Network_1,Station_GB1024A,,GB_SamplingPoint_74174,GB_StationProcess_918,GB_SamplingFeature_918,O3,http://dd.eionet.europa.eu/vocabulary/aq/pollutant/7,hour,48.2959400000,µg/m3,2018-11-30 07:00:00 +01:00,2018-11-30 08:00:00 +01:00,1,1
GB,http://environment.data.gov.uk/air-quality/so,GB_Network_1,Station_GB1024A,,GB_SamplingPoint_74174,GB_StationProcess_918,GB_SamplingFeature_918,O3,http://dd.eionet.europa.eu/vocabulary/aq/pollutant/7,hour,33.1785100000,µg/m3,2018-11-30 08:00:00 +01:00,2018-11-30 09:00:00 +01:00,1,1
GB,http://environment.data.gov.uk/air-quality/so,GB_Network_1,Station_GB1024A,,GB_SamplingPoint_74174,GB_StationProcess_918,GB_SamplingFeature_918,O3,http://dd.eionet.europa.eu/vocabulary/aq/pollutant/7,hour,27.0417400000,µg/m3,2018-11-30 09:00:00 +01:00,2018-11-30 10:00:00 +01:00,1,1
GB,http://environment.data.gov.uk/air-quality/so,GB_Network_1,Station_GB1024A,,GB_SamplingPoint_74174,GB_StationProcess_918,GB_SamplingFeature_918,O3,http://dd.eionet.europa.eu/vocabulary/aq/pollutant/7,hour,41.4606700000,µg/m3,2018-11-30 11:00:00 +01:00,2018-11-30 12:00:00 +01:00,1,1
GB,http://environment.data.gov.uk/air-quality/so,GB_Network_1,Station_GB1024A,,GB_SamplingPoint_74174,GB_StationProcess_918,GB_SamplingFeature_918,O3,http://dd.eionet.europa.eu/vocabulary/aq/pollutant/7,hour,55.7798200000,µg/m3,2018-11-30 14:00:00 +01:00,2018-11-30 15:00:00 +01:00,1,1
GB,http://environment.data.gov.uk/air-quality/so,GB_Network_1,Station_GB1024A,,GB_SamplingPoint_74174,GB_StationProcess_918,GB_SamplingFeature_918,O3,http://dd.eionet.europa.eu/vocabulary/aq/pollutant/7,hour,56.6778800000,µg/m3,2018-11-30 15:00:00 +01:00,2018-11-30 16:00:00 +01:00,1,1
GB,http://environment.data.gov.uk/air-quality/so,GB_Network_1,Station_GB1024A,,GB_SamplingPoint_74174,GB_StationProcess_918,GB_SamplingFeature_918,O3,http://dd.eionet.europa.eu/vocabulary/aq/pollutant/7,hour,47.3978800000,µg/m3,2018-11-30 16:00:00 +01:00,2018-11-30 17:00:00 +01:00,1,1
GB,http://environment.data.gov.uk/air-quality/so,GB_Network_1,Station_GB1024A,,GB_SamplingPoint_74174,GB_StationProcess_918,GB_SamplingFeature_918,O3,http://dd.eionet.europa.eu/vocabulary/aq/pollutant/7,hour,27.7901200000,µg/m3,2018-11-30 21:00:00 +01:00,2018-11-30 22:00:00 +01:00,1,1
GB,http://environment.data.gov.uk/air-quality/so,GB_Network_1,Station_GB1024A,,GB_SamplingPoint_74174,GB_StationProcess_918,GB_SamplingFeature_918,O3,http://dd.eionet.europa.eu/vocabulary/aq/pollutant/7,hour,28.1892600000,µg/m3,2018-11-30 22:00:00 +01:00,2018-11-30 23:00:00 +01:00,1,1
GB,http://environment.data.gov.uk/air-quality/so,GB_Network_1,Station_GB1024A,,GB_SamplingPoint_74174,GB_StationProcess_918,GB_SamplingFeature_918,O3,http://dd.eionet.europa.eu/vocabulary/aq/pollutant/7,hour,45.5518500000,µg/m3,2018-12-01 00:00:00 +01:00,2018-12-01 01:00:00 +01:00,1,1
GB,http://environment.data.gov.uk/air-quality/so,GB_Network_1,Station_GB1024A,,GB_SamplingPoint_74174,GB_StationProcess_918,GB_SamplingFeature_918,O3,http://dd.eionet.europa.eu/vocabulary/aq/pollutant/7,hour,57.2267000000,µg/m3,2018-12-01 03:00:00 +01:00,2018-12-01 04:00:00 +01:00,1,1
GB,http://environment.data.gov.uk/air-quality/so,GB_Network_1,Station_GB1024A,,GB_SamplingPoint_74174,GB_StationProcess_918,GB_SamplingFeature_918,O3,http://dd.eionet.europa.eu/vocabulary/aq/pollutant/7,hour,64.1617600000,µg/m3,2018-12-01 04:00:00 +01:00,2018-12-01 05:00:00 +01:00,1,1
GB,http://environment.data.gov.uk/air-quality/so,GB_Network_1,Station_GB1024A,,GB_SamplingPoint_74174,GB_StationProcess_918,GB_SamplingFeature_918,O3,http://dd.eionet.europa.eu/vocabulary/aq/pollutant/7,hour,52.0378800000,µg/m3,2018-12-01 06:00:00 +01:00,2018-12-01 07:00:00 +01:00,1,1
GB,http://environment.data.gov.uk/air-quality/so,GB_Network_1,Station_GB1024A,,GB_SamplingPoint_74174,GB_StationProcess_918,GB_SamplingFeature_918,O3,http://dd.eionet.europa.eu/vocabulary/aq/pollutant/7,hour,37.2198100000,µg/m3,2018-12-01 07:00:00 +01:00,2018-12-01 08:00:00 +01:00,1,1
GB,http://environment.data.gov.uk/air-quality/so,GB_Network_1,Station_GB1024A,,GB_SamplingPoint_74174,GB_StationProcess_918,GB_SamplingFeature_918,O3,http://dd.eionet.europa.eu/vocabulary/aq/pollutant/7,hour,31.8314200000,µg/m3,2018-12-01 08:00:00 +01:00,2018-12-01 09:00:00 +01:00,1,1
GB,http://environment.data.gov.uk/air-quality/so,GB_Network_1,Station_GB1024A,,GB_SamplingPoint_74174,GB_StationProcess_918,GB_SamplingFeature_918,O3,http://dd.eionet.europa.eu/vocabulary/aq/pollutant/7,hour,47.2980900000,µg/m3,2018-12-01 10:00:00 +01:00,2018-12-01 11:00:00 +01:00,1,1
GB,http://environment.data.gov.uk/air-quality/so,GB_Network_1,Station_GB1024A,,GB_SamplingPoint_74174,GB_StationProcess_918,GB_SamplingFeature_918,O3,http://dd.eionet.europa.eu/vocabulary/aq/pollutant/7,hour,48.3957300000,µg/m3,2018-12-01 11:00:00 +01:00,2018-12-01 12:00:00 +01:00,1,1
GB,http://environment.data.gov.uk/air-quality/so,GB_Network_1,Station_GB1024A,,GB_SamplingPoint_74174,GB_StationProcess_918,GB_SamplingFeature_918,O3,http://dd.eionet.europa.eu/vocabulary/aq/pollutant/7,hour,43.1570100000,µg/m3,2018-12-01 13:00:00 +01:00,2018-12-01 14:00:00 +01:00,1,1
GB,http://environment.data.gov.uk/air-quality/so,GB_Network_1,Station_GB1024A,,GB_SamplingPoint_74174,GB_StationProcess_918,GB_SamplingFeature_918,O3,http://dd.eionet.europa.eu/vocabulary/aq/pollutant/7,hour,43.3066900000,µg/m3,2018-12-01 14:00:00 +01:00,2018-12-01 15:00:00 +01:00,1,1
GB,http://environment.data.gov.uk/air-quality/so,GB_Network_1,Station_GB1024A,,GB_SamplingPoint_74174,GB_StationProcess_918,GB_SamplingFeature_918,O3,http://dd.eionet.europa.eu/vocabulary/aq/pollutant/7,hour,42.9075500000,µg/m3,2018-12-01 15:00:00 +01:00,2018-12-01 16:00:00 +01:00,1,1
GB,http://environment.data.gov.uk/air-quality/so,GB_Network_1,Station_GB1024A,,GB_SamplingPoint_74174,GB_StationProcess_918,GB_SamplingFeature_918,O3,http://dd.eionet.europa.eu/vocabulary/aq/pollutant/7,hour,40.8619600000,µg/m3,2018-12-01 16:00:00 +01:00,2018-12-01 17:00:00 +01:00,1,1
GB,http://environment.data.gov.uk/air-quality/so,GB_Network_1,Station_GB1024A,,GB_SamplingPoint_74174,GB_StationProcess_918,GB_SamplingFeature_918,O3,http://dd.eionet.europa.eu/vocabulary/aq/pollutant/7,hour,43.1570100000,µg/m3,2018-12-01 17:00:00 +01:00,2018-12-01 18:00:00 +01:00,1,1
GB,http://environment.data.gov.uk/air-quality/so,GB_Network_1,Station_GB1024A,,GB_SamplingPoint_74174,GB_StationProcess_918,GB_SamplingFeature_918,O3,http://dd.eionet.europa.eu/vocabulary/aq/pollutant/7,hour,47.3479800000,µg/m3,2018-12-01 18:00:00 +01:00,2018-12-01 19:00:00 +01:00,1,1
GB,http://environment.data.gov.uk/air-quality/so,GB_Network_1,Station_GB1024A,,GB_SamplingPoint_74174,GB_StationProcess_918,GB_SamplingFeature_918,O3,http://dd.eionet.europa.eu/vocabulary/aq/pollutant/7,hour,44.7535700000,µg/m3,2018-12-01 19:00:00 +01:00,2018-12-01 20:00:00 +01:00,1,1
GB,http://environment.data.gov.uk/air-quality/so,GB_Network_1,Station_GB1024A,,GB_SamplingPoint_74174,GB_StationProcess_918,GB_SamplingFeature_918,O3,http://dd.eionet.europa.eu/vocabulary/aq/pollutant/7,hour,48.0464800000,µg/m3,2018-12-01 20:00:00 +01:00,2018-12-01 21:00:00 +01:00,1,1
GB,http://environment.data.gov.uk/air-quality/so,GB_Network_1,Station_GB1024A,,GB_SamplingPoint_74174,GB_StationProcess_918,GB_SamplingFeature_918,O3,http://dd.eionet.europa.eu/vocabulary/aq/pollutant/7,hour,52.2873400000,µg/m3,2018-12-01 21:00:00 +01:00,2018-12-01 22:00:00 +01:00,1,1
GB,http://environment.data.gov.uk/air-quality/so,GB_Network_1,Station_GB1024A,,GB_SamplingPoint_74174,GB_StationProcess_918,GB_SamplingFeature_918,O3,http://dd.eionet.europa.eu/vocabulary/aq/pollutant/7,hour,51.5888500000,µg/m3,2018-12-01 22:00:00 +01:00,2018-12-01 23:00:00 +01:00,1,1
GB,http://environment.data.gov.uk/air-quality/so,GB_Network_1,Station_GB1024A,,GB_SamplingPoint_74174,GB_StationProcess_918,GB_SamplingFeature_918,O3,http://dd.eionet.europa.eu/vocabulary/aq/pollutant/7,hour,44.2047600000,µg/m3,2018-12-02 00:00:00 +01:00,2018-12-02 01:00:00 +01:00,1,1
GB,http://environment.data.gov.uk/air-quality/so,GB_Network_1,Station_GB1024A,,GB_SamplingPoint_74174,GB_StationProcess_918,GB_SamplingFeature_918,O3,http://dd.eionet.europa.eu/vocabulary/aq/pollutant/7,hour,46.6494900000,µg/m3,2018-12-02 04:00:00 +01:00,2018-12-02 05:00:00 +01:00,1,1
GB,http://environment.data.gov.uk/air-quality/so,GB_Network_1,Station_GB1024A,,GB_SamplingPoint_74174,GB_StationProcess_918,GB_SamplingFeature_918,O3,http://dd.eionet.europa.eu/vocabulary/aq/pollutant/7,hour,52.2873400000,µg/m3,2018-12-02 06:00:00 +01:00,2018-12-02 07:00:00 +01:00,1,1
GB,http://environment.data.gov.uk/air-quality/so,GB_Network_1,Station_GB1024A,,GB_SamplingPoint_74174,GB_StationProcess_918,GB_SamplingFeature_918,O3,http://dd.eionet.europa.eu/vocabulary/aq/pollutant/7,hour,50.2417500000,µg/m3,2018-12-02 07:00:00 +01:00,2018-12-02 08:00:00 +01:00,1,1
GB,http://environment.data.gov.uk/air-quality/so,GB_Network_1,Station_GB1024A,,GB_SamplingPoint_74174,GB_StationProcess_918,GB_SamplingFeature_918,O3,http://dd.eionet.europa.eu/vocabulary/aq/pollutant/7,hour,50.2916400000,µg/m3,2018-12-02 08:00:00 +01:00,2018-12-02 09:00:00 +01:00,1,1
GB,http://environment.data.gov.uk/air-quality/so,GB_Network_1,Station_GB1024A,,GB_SamplingPoint_74174,GB_StationProcess_918,GB_SamplingFeature_918,O3,http://dd.eionet.europa.eu/vocabulary/aq/pollutant/7,hour,47.0486300000,µg/m3,2018-12-02 11:00:00 +01:00,2018-12-02 12:00:00 +01:00,1,1
GB,http://environment.data.gov.uk/air-quality/so,GB_Network_1,Station_GB1024A,,GB_SamplingPoint_74174,GB_StationProcess_918,GB_SamplingFeature_918,O3,http://dd.eionet.europa.eu/vocabulary/aq/pollutant/7,hour,50.8404600000,µg/m3,2018-12-02 12:00:00 +01:00,2018-12-02 13:00:00 +01:00,1,1
GB,http://environment.data.gov.uk/air-quality/so,GB_Network_1,Station_GB1024A,,GB_SamplingPoint_74174,GB_StationProcess_918,GB_SamplingFeature_918,O3,http://dd.eionet.europa.eu/vocabulary/aq/pollutant/7,hour,51.7884200000,µg/m3,2018-12-02 13:00:00 +01:00,2018-12-02 14:00:00 +01:00,1,1
GB,http://environment.data.gov.uk/air-quality/so,GB_Network_1,Station_GB1024A,,GB_SamplingPoint_74174,GB_StationProcess_918,GB_SamplingFeature_918,O3,http://dd.eionet.europa.eu/vocabulary/aq/pollutant/7,hour,53.9337900000,µg/m3,2018-12-02 14:00:00 +01:00,2018-12-02 15:00:00 +01:00,1,1
GB,http://environment.data.gov.uk/air-quality/so,GB_Network_1,Station_GB1024A,,GB_SamplingPoint_74174,GB_StationProcess_918,GB_SamplingFeature_918,O3,http://dd.eionet.europa.eu/vocabulary/aq/pollutant/7,hour,56.4783100000,µg/m3,2018-12-02 15:00:00 +01:00,2018-12-02 16:00:00 +01:00,1,1
GB,http://environment.data.gov.uk/air-quality/so,GB_Network_1,Station_GB1024A,,GB_SamplingPoint_74174,GB_StationProcess_918,GB_SamplingFeature_918,O3,http://dd.eionet.europa.eu/vocabulary/aq/pollutant/7,hour,46.3002400000,µg/m3,2018-12-02 17:00:00 +01:00,2018-12-02 18:00:00 +01:00,1,1
GB,http://environment.data.gov.uk/air-quality/so,GB_Network_1,Station_GB1024A,,GB_SamplingPoint_74174,GB_StationProcess_918,GB_SamplingFeature_918,O3,http://dd.eionet.europa.eu/vocabulary/aq/pollutant/7,hour,45.5518500000,µg/m3,2018-12-02 18:00:00 +01:00,2018-12-02 19:00:00 +01:00,1,1
GB,http://environment.data.gov.uk/air-quality/so,GB_Network_1,Station_GB1024A,,GB_SamplingPoint_74174,GB_StationProcess_918,GB_SamplingFeature_918,O3,http://dd.eionet.europa.eu/vocabulary/aq/pollutant/7,hour,49.8426100000,µg/m3,2018-12-02 20:00:00 +01:00,2018-12-02 21:00:00 +01:00,1,1
GB,http://environment.data.gov.uk/air-quality/so,GB_Network_1,Station_GB1024A,,GB_SamplingPoint_74174,GB_StationProcess_918,GB_SamplingFeature_918,O3,http://dd.eionet.europa.eu/vocabulary/aq/pollutant/7,hour,51.6886300000,µg/m3,2018-12-02 21:00:00 +01:00,2018-12-02 22:00:00 +01:00,1,1
GB,http://environment.data.gov.uk/air-quality/so,GB_Network_1,Station_GB1024A,,GB_SamplingPoint_74174,GB_StationProcess_918,GB_SamplingFeature_918,O3,http://dd.eionet.europa.eu/vocabulary/aq/pollutant/7,hour,54.6821800000,µg/m3,2018-12-02 22:00:00 +01:00,2018-12-02 23:00:00 +01:00,1,1
GB,http://environment.data.gov.uk/air-quality/so,GB_Network_1,Station_GB1024A,,GB_SamplingPoint_74174,GB_StationProcess_918,GB_SamplingFeature_918,O3,http://dd.eionet.europa.eu/vocabulary/aq/pollutant/7,hour,66.9557400000,µg/m3,2018-12-03 03:00:00 +01:00,2018-12-03 04:00:00 +01:00,1,1
GB,http://environment.data.gov.uk/air-quality/so,GB_Network_1,Station_GB1024A,,GB_SamplingPoint_74174,GB_StationProcess_918,GB_SamplingFeature_918,O3,http://dd.eionet.europa.eu/vocabulary/aq/pollutant/7,hour,66.5566000000,µg/m3,2018-12-03 04:00:00 +01:00,2018-12-03 05:00:00 +01:00,1,1
GB,http://environment.data.gov.uk/air-quality/so,GB_Network_1,Station_GB1024A,,GB_SamplingPoint_74174,GB_StationProcess_918,GB_SamplingFeature_918,O3,http://dd.eionet.europa.eu/vocabulary/aq/pollutant/7,hour,64.0619700000,µg/m3,2018-12-03 05:00:00 +01:00,2018-12-03 06:00:00 +01:00,1,1
GB,http://environment.data.gov.uk/air-quality/so,GB_Network_1,Station_GB1024A,,GB_SamplingPoint_74174,GB_StationProcess_918,GB_SamplingFeature_918,O3,http://dd.eionet.europa.eu/vocabulary/aq/pollutant/7,hour,58.8731500000,µg/m3,2018-12-03 06:00:00 +01:00,2018-12-03 07:00:00 +01:00,1,1
GB,http://environment.data.gov.uk/air-quality/so,GB_Network_1,Station_GB1024A,,GB_SamplingPoint_74174,GB_StationProcess_918,GB_SamplingFeature_918,O3,http://dd.eionet.europa.eu/vocabulary/aq/pollutant/7,hour,54.9316400000,µg/m3,2018-12-03 07:00:00 +01:00,2018-12-03 08:00:00 +01:00,1,1
GB,http://environment.data.gov.uk/air-quality/so,GB_Network_1,Station_GB1024A,,GB_SamplingPoint_74174,GB_StationProcess_918,GB_SamplingFeature_918,O3,http://dd.eionet.europa.eu/vocabulary/aq/pollutant/7,hour,47.7970200000,µg/m3,2018-12-03 10:00:00 +01:00,2018-12-03 11:00:00 +01:00,1,1
GB,http://environment.data.gov.uk/air-quality/so,GB_Network_1,Station_GB1024A,,GB_SamplingPoint_74174,GB_StationProcess_918,GB_SamplingFeature_918,O3,http://dd.eionet.europa.eu/vocabulary/aq/pollutant/7,hour,53.2353000000,µg/m3,2018-12-03 11:00:00 +01:00,2018-12-03 12:00:00 +01:00,1,1
GB,http://environment.data.gov.uk/air-quality/so,GB_Network_1,Station_GB1024A,,GB_SamplingPoint_74174,GB_StationProcess_918,GB_SamplingFeature_918,O3,http://dd.eionet.europa.eu/vocabulary/aq/pollutant/7,hour,49.5931500000,µg/m3,2018-12-03 13:00:00 +01:00,2018-12-03 14:00:00 +01:00,1,1
GB,http://environment.data.gov.uk/air-quality/so,GB_Network_1,Station_GB1024A,,GB_SamplingPoint_74174,GB_StationProcess_918,GB_SamplingFeature_918,O3,http://dd.eionet.europa.eu/vocabulary/aq/pollutant/7,hour,52.5867000000,µg/m3,2018-12-03 14:00:00 +01:00,2018-12-03 15:00:00 +01:00,1,1
GB,http://environment.data.gov.uk/air-quality/so,GB_Network_1,Station_GB1024A,,GB_SamplingPoint_74174,GB_StationProcess_918,GB_SamplingFeature_918,O3,http://dd.eionet.europa.eu/vocabulary/aq/pollutant/7,hour,41.8598100000,µg/m3,2018-12-03 18:00:00 +01:00,2018-12-03 19:00:00 +01:00,1,1
GB,http://environment.data.gov.uk/air-quality/so,GB_Network_1,Station_GB1024A,,GB_SamplingPoint_74174,GB_StationProcess_918,GB_SamplingFeature_918,O3,http://dd.eionet.europa.eu/vocabulary/aq/pollutant/7,hour,44.3544300000,µg/m3,2018-12-03 19:00:00 +01:00,2018-12-03 20:00:00 +01:00,1,1
GB,http://environment.data.gov.uk/air-quality/so,GB_Network_1,Station_GB1024A,,GB_SamplingPoint_74174,GB_StationProcess_918,GB_SamplingFeature_918,O3,http://dd.eionet.europa.eu/vocabulary/aq/pollutant/7,hour,35.9226000000,µg/m3,2018-12-03 20:00:00 +01:00,2018-12-03 21:00:00 +01:00,1,1
GB,http://environment.data.gov.uk/air-quality/so,GB_Network_1,Station_GB1024A,,GB_SamplingPoint_74174,GB_StationProcess_918,GB_SamplingFeature_918,O3,http://dd.eionet.europa.eu/vocabulary/aq/pollutant/7,hour,32.9789400000,µg/m3,2018-12-03 21:00:00 +01:00,2018-12-03 22:00:00 +01:00,1,1
GB,http://environment.data.gov.uk/air-quality/so,GB_Network_1,Station_GB1024A,,GB_SamplingPoint_74174,GB_StationProcess_918,GB_SamplingFeature_918,O3,http://dd.eionet.europa.eu/vocabulary/aq/pollutant/7,hour,27.5905500000,µg/m3,2018-12-03 22:00:00 +01:00,2018-12-03 23:00:00 +01:00,1,1
GB,http://environment.data.gov.uk/air-quality/so,GB_Network_1,Station_GB1024A,,GB_SamplingPoint_74174,GB_StationProcess_918,GB_SamplingFeature_918,O3,http://dd.eionet.europa.eu/vocabulary/aq/pollutant/7,hour,22.5514100000,µg/m3,2018-12-03 23:00:00 +01:00,2018-12-04 00:00:00 +01:00,1,1
GB,http://environment.data.gov.uk/air-quality/so,GB_Network_1,Station_GB1024A,,GB_SamplingPoint_74174,GB_StationProcess_918,GB_SamplingFeature_918,O3,http://dd.eionet.europa.eu/vocabulary/aq/pollutant/7,hour,9.6458800000,µg/m3,2018-12-04 01:00:00 +01:00,2018-12-04 02:00:00 +01:00,1,1
GB,http://environment.data.gov.uk/air-quality/so,GB_Network_1,Station_GB1024A,,GB_SamplingPoint_74174,GB_StationProcess_918,GB_SamplingFeature_918,O3,http://dd.eionet.europa.eu/vocabulary/aq/pollutant/7,hour,12.6394300000,µg/m3,2018-12-04 02:00:00 +01:00,2018-12-04 03:00:00 +01:00,1,1
GB,http://environment.data.gov.uk/air-quality/so,GB_Network_1,Station_GB1024A,,GB_SamplingPoint_74174,GB_StationProcess_918,GB_SamplingFeature_918,O3,http://dd.eionet.europa.eu/vocabulary/aq/pollutant/7,hour,17.2129100000,µg/m3,2018-12-04 03:00:00 +01:00,2018-12-04 04:00:00 +01:00,1,1
GB,http://environment.data.gov.uk/air-quality/so,GB_Network_1,Station_GB1024A,,GB_SamplingPoint_74174,GB_StationProcess_918,GB_SamplingFeature_918,O3,http://dd.eionet.europa.eu/vocabulary/aq/pollutant/7,hour,16.7638800000,µg/m3,2018-12-04 04:00:00 +01:00,2018-12-04 05:00:00 +01:00,1,1
GB,http://environment.data.gov.uk/air-quality/so,GB_Network_1,Station_GB1024A,,GB_SamplingPoint_74174,GB_StationProcess_918,GB_SamplingFeature_918,O3,http://dd.eionet.europa.eu/vocabulary/aq/pollutant/7,hour,6.5858100000,µg/m3,2018-12-04 07:00:00 +01:00,2018-12-04 08:00:00 +01:00,1,1
GB,http://environment.data.gov.uk/air-quality/so,GB_Network_1,Station_GB1024A,,GB_SamplingPoint_74174,GB_StationProcess_918,GB_SamplingFeature_918,O3,http://dd.eionet.europa.eu/vocabulary/aq/pollutant/7,hour,1.5466700000,µg/m3,2018-12-04 08:00:00 +01:00,2018-12-04 09:00:00 +01:00,2,1
GB,http://environment.data.gov.uk/air-quality/so,GB_Network_1,Station_GB1024A,,GB_SamplingPoint_74174,GB_StationProcess_918,GB_SamplingFeature_918,O3,http://dd.eionet.europa.eu/vocabulary/aq/pollutant/7,hour,5.2886100000,µg/m3,2018-12-04 11:00:00 +01:00,2018-12-04 12:00:00 +01:00,2,1
GB,http://environment.data.gov.uk/air-quality/so,GB_Network_1,Station_GB1024A,,GB_SamplingPoint_74174,GB_StationProcess_918,GB_SamplingFeature_918,O3,http://dd.eionet.europa.eu/vocabulary/aq/pollutant/7,hour,8.8309700000,µg/m3,2018-12-04 12:00:00 +01:00,2018-12-04 13:00:00 +01:00,1,1
GB,http://environment.data.gov.uk/air-quality/so,GB_Network_1,Station_GB1024A,,GB_SamplingPoint_74174,GB_StationProcess_918,GB_SamplingFeature_918,O3,http://dd.eionet.europa.eu/vocabulary/aq/pollutant/7,hour,1.7462400000,µg/m3,2018-12-04 17:00:00 +01:00,2018-12-04 18:00:00 +01:00,2,1
GB,http://environment.data.gov.uk/air-quality/so,GB_Network_1,Station_GB1024A,,GB_SamplingPoint_74174,GB_StationProcess_918,GB_SamplingFeature_918,O3,http://dd.eionet.europa.eu/vocabulary/aq/pollutant/7,hour,1.5466700000,µg/m3,2018-12-04 18:00:00 +01:00,2018-12-04 19:00:00 +01:00,2,1
GB,http://environment.data.gov.uk/air-quality/so,GB_Network_1,Station_GB1024A,,GB_SamplingPoint_74174,GB_StationProcess_918,GB_SamplingFeature_918,O3,http://dd.eionet.europa.eu/vocabulary/aq/pollutant/7,hour,1.6963500000,µg/m3,2018-12-04 19:00:00 +01:00,2018-12-04 20:00:00 +01:00,2,1
GB,http://environment.data.gov.uk/air-quality/so,GB_Network_1,Station_GB1024A,,GB_SamplingPoint_74174,GB_StationProcess_918,GB_SamplingFeature_918,O3,http://dd.eionet.europa.eu/vocabulary/aq/pollutant/7,hour,10.6271000000,µg/m3,2018-12-04 21:00:00 +01:00,2018-12-04 22:00:00 +01:00,1,1
GB,http://environment.data.gov.uk/air-quality/so,GB_Network_1,Station_GB1024A,,GB_SamplingPoint_74174,GB_StationProcess_918,GB_SamplingFeature_918,O3,http://dd.eionet.europa.eu/vocabulary/aq/pollutant/7,hour,19.5079700000,µg/m3,2018-12-05 00:00:00 +01:00,2018-12-05 01:00:00 +01:00,1,1
GB,http://environment.data.gov.uk/air-quality/so,GB_Network_1,Station_GB1024A,,GB_SamplingPoint_74174,GB_StationProcess_918,GB_SamplingFeature_918,O3,http://dd.eionet.europa.eu/vocabulary/aq/pollutant/7,hour,11.4420100000,µg/m3,2018-12-05 01:00:00 +01:00,2018-12-05 02:00:00 +01:00,1,1
GB,http://environment.data.gov.uk/air-quality/so,GB_Network_1,Station_GB1024A,,GB_SamplingPoint_74174,GB_StationProcess_918,GB_SamplingFeature_918,O3,http://dd.eionet.europa.eu/vocabulary/aq/pollutant/7,hour,14.8347000000,µg/m3,2018-12-05 02:00:00 +01:00,2018-12-05 03:00:00 +01:00,1,1
GB,http://environment.data.gov.uk/air-quality/so,GB_Network_1,Station_GB1024A,,GB_SamplingPoint_74174,GB_StationProcess_918,GB_SamplingFeature_918,O3,http://dd.eionet.europa.eu/vocabulary/aq/pollutant/7,hour,34.0266900000,µg/m3,2018-12-05 03:00:00 +01:00,2018-12-05 04:00:00 +01:00,1,1
GB,http://environment.data.gov.uk/air-quality/so,GB_Network_1,Station_GB1024A,,GB_SamplingPoint_74174,GB_StationProcess_918,GB_SamplingFeature_918,O3,http://dd.eionet.europa.eu/vocabulary/aq/pollutant/7,hour,32.2804500000,µg/m3,2018-12-05 04:00:00 +01:00,2018-12-05 05:00:00 +01:00,1,1
GB,http://environment.data.gov.uk/air-quality/so,GB_Network_1,Station_GB1024A,,GB_SamplingPoint_74174,GB_StationProcess_918,GB_SamplingFeature_918,O3,http://dd.eionet.europa.eu/vocabulary/aq/pollutant/7,hour,43.6559400000,µg/m3,2018-12-05 06:00:00 +01:00,2018-12-05 07:00:00 +01:00,1,1
GB,http://environment.data.gov.uk/air-quality/so,GB_Network_1,Station_GB1024A,,GB_SamplingPoint_74174,GB_StationProcess_918,GB_SamplingFeature_918,O3,http://dd.eionet.europa.eu/vocabulary/aq/pollutant/7,hour,1.8959200000,µg/m3,2018-12-05 08:00:00 +01:00,2018-12-05 09:00:00 +01:00,2,1
GB,http://environment.data.gov.uk/air-quality/so,GB_Network_1,Station_GB1024A,,GB_SamplingPoint_74174,GB_StationProcess_918,GB_SamplingFeature_918,O3,http://dd.eionet.europa.eu/vocabulary/aq/pollutant/7,hour,6.0868900000,µg/m3,2018-12-05 11:00:00 +01:00,2018-12-05 12:00:00 +01:00,2,1
GB,http://environment.data.gov.uk/air-quality/so,GB_Network_1,Station_GB1024A,,GB_SamplingPoint_74174,GB_StationProcess_918,GB_SamplingFeature_918,O3,http://dd.eionet.europa.eu/vocabulary/aq/pollutant/7,hour,16.3647400000,µg/m3,2018-12-05 12:00:00 +01:00,2018-12-05 13:00:00 +01:00,1,1
GB,http://environment.data.gov.uk/air-quality/so,GB_Network_1,Station_GB1024A,,GB_SamplingPoint_74174,GB_StationProcess_918,GB_SamplingFeature_918,O3,http://dd.eionet.europa.eu/vocabulary/aq/pollutant/7,hour,22.9505500000,µg/m3,2018-12-05 13:00:00 +01:00,2018-12-05 14:00:00 +01:00,1,1
GB,http://environment.data.gov.uk/air-quality/so,GB_Network_1,Station_GB1024A,,GB_SamplingPoint_74174,GB_StationProcess_918,GB_SamplingFeature_918,O3,http://dd.eionet.europa.eu/vocabulary/aq/pollutant/7,hour,30.1849600000,µg/m3,2018-12-05 14:00:00 +01:00,2018-12-05 15:00:00 +01:00,1,1
GB,http://environment.data.gov.uk/air-quality/so,GB_Network_1,Station_GB1024A,,GB_SamplingPoint_74174,GB_StationProcess_918,GB_SamplingFeature_918,O3,http://dd.eionet.europa.eu/vocabulary/aq/pollutant/7,hour,22.8507700000,µg/m3,2018-12-05 16:00:00 +01:00,2018-12-05 17:00:00 +01:00,1,1
GB,http://environment.data.gov.uk/air-quality/so,GB_Network_1,Station_GB1024A,,GB_SamplingPoint_74174,GB_StationProcess_918,GB_SamplingFeature_918,O3,http://dd.eionet.europa.eu/vocabulary/aq/pollutant/7,hour,17.9114100000,µg/m3,2018-12-05 17:00:00 +01:00,2018-12-05 18:00:00 +01:00,1,1
GB,http://environment.data.gov.uk/air-quality/so,GB_Network_1,Station_GB1024A,,GB_SamplingPoint_74174,GB_StationProcess_918,GB_SamplingFeature_918,O3,http://dd.eionet.europa.eu/vocabulary/aq/pollutant/7,hour,17.7617300000,µg/m3,2018-12-05 19:00:00 +01:00,2018-12-05 20:00:00 +01:00,1,1
GB,http://environment.data.gov.uk/air-quality/so,GB_Network_1,Station_GB1024A,,GB_SamplingPoint_74174,GB_StationProcess_918,GB_SamplingFeature_918,O3,http://dd.eionet.europa.eu/vocabulary/aq/pollutant/7,hour,8.0326900000,µg/m3,2018-12-05 21:00:00 +01:00,2018-12-05 22:00:00 +01:00,1,1
GB,http://environment.data.gov.uk/air-quality/so,GB_Network_1,Station_GB1024A,,GB_SamplingPoint_74174,GB_StationProcess_918,GB_SamplingFeature_918,O3,http://dd.eionet.europa.eu/vocabulary/aq/pollutant/7,hour,19.1088300000,µg/m3,2018-12-05 22:00:00 +01:00,2018-12-05 23:00:00 +01:00,1,1
GB,http://environment.data.gov.uk/air-quality/so,GB_Network_1,Station_GB1024A,,GB_SamplingPoint_74174,GB_StationProcess_918,GB_SamplingFeature_918,O3,http://dd.eionet.europa.eu/vocabulary/aq/pollutant/7,hour,55.9793900000,µg/m3,2018-12-06 00:00:00 +01:00,2018-12-06 01:00:00 +01:00,1,1
GB,http://environment.data.gov.uk/air-quality/so,GB_Network_1,Station_GB1024A,,GB_SamplingPoint_74174,GB_StationProcess_918,GB_SamplingFeature_918,O3,http://dd.eionet.europa.eu/vocabulary/aq/pollutant/7,hour,52.5368000000,µg/m3,2018-12-06 04:00:00 +01:00,2018-12-06 05:00:00 +01:00,1,1
GB,http://environment.data.gov.uk/air-quality/so,GB_Network_1,Station_GB1024A,,GB_SamplingPoint_74174,GB_StationProcess_918,GB_SamplingFeature_918,O3,http://dd.eionet.europa.eu/vocabulary/aq/pollutant/7,hour,37.0202400000,µg/m3,2018-12-06 06:00:00 +01:00,2018-12-06 07:00:00 +01:00,1,1
GB,http://environment.data.gov.uk/air-quality/so,GB_Network_1,Station_GB1024A,,GB_SamplingPoint_74174,GB_StationProcess_918,GB_SamplingFeature_918,O3,http://dd.eionet.europa.eu/vocabulary/aq/pollutant/7,hour,34.9247500000,µg/m3,2018-12-06 07:00:00 +01:00,2018-12-06 08:00:00 +01:00,1,1
GB,http://environment.data.gov.uk/air-quality/so,GB_Network_1,Station_GB1024A,,GB_SamplingPoint_74174,GB_StationProcess_918,GB_SamplingFeature_918,O3,http://dd.eionet.europa.eu/vocabulary/aq/pollutant/7,hour,26.4929200000,µg/m3,2018-12-06 08:00:00 +01:00,2018-12-06 09:00:00 +01:00,1,1
GB,http://environment.data.gov.uk/air-quality/so,GB_Network_1,Station_GB1024A,,GB_SamplingPoint_74174,GB_StationProcess_918,GB_SamplingFeature_918,O3,http://dd.eionet.europa.eu/vocabulary/aq/pollutant/7,hour,26.7423800000,µg/m3,2018-12-06 09:00:00 +01:00,2018-12-06 10:00:00 +01:00,1,1
GB,http://environment.data.gov.uk/air-quality/so,GB_Network_1,Station_GB1024A,,GB_SamplingPoint_74174,GB_StationProcess_918,GB_SamplingFeature_918,O3,http://dd.eionet.europa.eu/vocabulary/aq/pollutant/7,hour,28.5884000000,µg/m3,2018-12-06 10:00:00 +01:00,2018-12-06 11:00:00 +01:00,1,1
GB,http://environment.data.gov.uk/air-quality/so,GB_Network_1,Station_GB1024A,,GB_SamplingPoint_74174,GB_StationProcess_918,GB_SamplingFeature_918,O3,http://dd.eionet.europa.eu/vocabulary/aq/pollutant/7,hour,41.9097000000,µg/m3,2018-12-06 14:00:00 +01:00,2018-12-06 15:00:00 +01:00,1,1
GB,http://environment.data.gov.uk/air-quality/so,GB_Network_1,Station_GB1024A,,GB_SamplingPoint_74174,GB_StationProcess_918,GB_SamplingFeature_918,O3,http://dd.eionet.europa.eu/vocabulary/aq/pollutant/7,hour,46.1006700000,µg/m3,2018-12-06 15:00:00 +01:00,2018-12-06 16:00:00 +01:00,1,1
GB,http://environment.data.gov.uk/air-quality/so,GB_Network_1,Station_GB1024A,,GB_SamplingPoint_74174,GB_StationProcess_918,GB_SamplingFeature_918,O3,http://dd.eionet.europa.eu/vocabulary/aq/pollutant/7,hour,44.9032500000,µg/m3,2018-12-06 16:00:00 +01:00,2018-12-06 17:00:00 +01:00,1,1
GB,http://environment.data.gov.uk/air-quality/so,GB_Network_1,Station_GB1024A,,GB_SamplingPoint_74174,GB_StationProcess_918,GB_SamplingFeature_918,O3,http://dd.eionet.europa.eu/vocabulary/aq/pollutant/7,hour,45.6017500000,µg/m3,2018-12-06 17:00:00 +01:00,2018-12-06 18:00:00 +01:00,1,1
GB,http://environment.data.gov.uk/air-quality/so,GB_Network_1,Station_GB1024A,,GB_SamplingPoint_74174,GB_StationProcess_918,GB_SamplingFeature_918,O3,http://dd.eionet.europa.eu/vocabulary/aq/pollutant/7,hour,50.0421800000,µg/m3,2018-12-06 19:00:00 +01:00,2018-12-06 20:00:00 +01:00,1,1
GB,http://environment.data.gov.uk/air-quality/so,GB_Network_1,Station_GB1024A,,GB_SamplingPoint_74174,GB_StationProcess_918,GB_SamplingFeature_918,O3,http://dd.eionet.europa.eu/vocabulary/aq/pollutant/7,hour,54.2331500000,µg/m3,2018-12-06 22:00:00 +01:00,2018-12-06 23:00:00 +01:00,1,1
GB,http://environment.data.gov.uk/air-quality/so,GB_Network_1,Station_GB1024A,,GB_SamplingPoint_74174,GB_StationProcess_918,GB_SamplingFeature_918,O3,http://dd.eionet.europa.eu/vocabulary/aq/pollutant/7,hour,57.4761600000,µg/m3,2018-12-06 23:00:00 +01:00,2018-12-07 00:00:00 +01:00,1,1
GB,http://environment.data.gov.uk/air-quality/so,GB_Network_1,Station_GB1024A,,GB_SamplingPoint_74174,GB_StationProcess_918,GB_SamplingFeature_918,O3,http://dd.eionet.europa.eu/vocabulary/aq/pollutant/7,hour,58.6236900000,µg/m3,2018-12-07 00:00:00 +01:00,2018-12-07 01:00:00 +01:00,1,1
GB,http://environment.data.gov.uk/air-quality/so,GB_Network_1,Station_GB1024A,,GB_SamplingPoint_74174,GB_StationProcess_918,GB_SamplingFeature_918,O3,http://dd.eionet.europa.eu/vocabulary/aq/pollutant/7,hour,70.7974600000,µg/m3,2018-12-07 05:00:00 +01:00,2018-12-07 06:00:00 +01:00,1,1
GB,http://environment.data.gov.uk/air-quality/so,GB_Network_1,Station_GB1024A,,GB_SamplingPoint_74174,GB_StationProcess_918,GB_SamplingFeature_918,O3,http://dd.eionet.europa.eu/vocabulary/aq/pollutant/7,hour,71.6955200000,µg/m3,2018-12-07 06:00:00 +01:00,2018-12-07 07:00:00 +01:00,1,1
GB,http://environment.data.gov.uk/air-quality/so,GB_Network_1,Station_GB1024A,,GB_SamplingPoint_74174,GB_StationProcess_918,GB_SamplingFeature_918,O3,http://dd.eionet.europa.eu/vocabulary/aq/pollutant/7,hour,71.0469200000,µg/m3,2018-12-07 07:00:00 +01:00,2018-12-07 08:00:00 +01:00,1,1
GB,http://environment.data.gov.uk/air-quality/so,GB_Network_1,Station_GB1024A,,GB_SamplingPoint_74174,GB_StationProcess_918,GB_SamplingFeature_918,O3,http://dd.eionet.europa.eu/vocabulary/aq/pollutant/7,hour,55.4804600000,µg/m3,2018-12-07 09:00:00 +01:00,2018-12-07 10:00:00 +01:00,1,1
GB,http://environment.data.gov.uk/air-quality/so,GB_Network_1,Station_GB1024A,,GB_SamplingPoint_74174,GB_StationProcess_918,GB_SamplingFeature_918,O3,http://dd.eionet.europa.eu/vocabulary/aq/pollutant/7,hour,58.3243300000,µg/m3,2018-12-07 11:00:00 +01:00,2018-12-07 12:00:00 +01:00,1,1
GB,http://environment.data.gov.uk/air-quality/so,GB_Network_1,Station_GB1024A,,GB_SamplingPoint_74174,GB_StationProcess_918,GB_SamplingFeature_918,O3,http://dd.eionet.europa.eu/vocabulary/aq/pollutant/7,hour,53.6843300000,µg/m3,2018-12-07 12:00:00 +01:00,2018-12-07 13:00:00 +01:00,1,1
GB,http://environment.data.gov.uk/air-quality/so,GB_Network_1,Station_GB1024A,,GB_SamplingPoint_74174,GB_StationProcess_918,GB_SamplingFeature_918,O3,http://dd.eionet.europa.eu/vocabulary/aq/pollutant/7,hour,54.7819700000,µg/m3,2018-12-07 14:00:00 +01:00,2018-12-07 15:00:00 +01:00,1,1
GB,http://environment.data.gov.uk/air-quality/so,GB_Network_1,Station_GB1024A,,GB_SamplingPoint_74174,GB_StationProcess_918,GB_SamplingFeature_918,O3,http://dd.eionet.europa.eu/vocabulary/aq/pollutant/7,hour,56.8774500000,µg/m3,2018-12-07 15:00:00 +01:00,2018-12-07 16:00:00 +01:00,1,1
GB,http://environment.data.gov.uk/air-quality/so,GB_Network_1,Station_GB1024A,,GB_SamplingPoint_74174,GB_StationProcess_918,GB_SamplingFeature_918,O3,http://dd.eionet.europa.eu/vocabulary/aq/pollutant/7,hour,45.2026100000,µg/m3,2018-12-07 17:00:00 +01:00,2018-12-07 18:00:00 +01:00,1,1
GB,http://environment.data.gov.uk/air-quality/so,GB_Network_1,Station_GB1024A,,GB_SamplingPoint_74174,GB_StationProcess_918,GB_SamplingFeature_918,O3,http://dd.eionet.europa.eu/vocabulary/aq/pollutant/7,hour,53.6843300000,µg/m3,2018-12-07 19:00:00 +01:00,2018-12-07 20:00:00 +01:00,1,1
GB,http://environment.data.gov.uk/air-quality/so,GB_Network_1,Station_GB1024A,,GB_SamplingPoint_74174,GB_StationProcess_918,GB_SamplingFeature_918,O3,http://dd.eionet.europa.eu/vocabulary/aq/pollutant/7,hour,56.7277700000,µg/m3,2018-12-07 20:00:00 +01:00,2018-12-07 21:00:00 +01:00,1,1
GB,http://environment.data.gov.uk/air-quality/so,GB_Network_1,Station_GB1024A,,GB_SamplingPoint_74174,GB_StationProcess_918,GB_SamplingFeature_918,O3,http://dd.eionet.europa.eu/vocabulary/aq/pollutant/7,hour,54.5824000000,µg/m3,2018-12-07 22:00:00 +01:00,2018-12-07 23:00:00 +01:00,1,1
GB,http://environment.data.gov.uk/air-quality/so,GB_Network_1,Station_GB1024A,,GB_SamplingPoint_74174,GB_StationProcess_918,GB_SamplingFeature_918,O3,http://dd.eionet.europa.eu/vocabulary/aq/pollutant/7,hour,54.4327200000,µg/m3,2018-12-07 23:00:00 +01:00,2018-12-08 00:00:00 +01:00,1,1
GB,http://environment.data.gov.uk/air-quality/so,GB_Network_1,Station_GB1024A,,GB_SamplingPoint_74174,GB_StationProcess_918,GB_SamplingFeature_918,O3,http://dd.eionet.europa.eu/vocabulary/aq/pollutant/7,hour,58.6735800000,µg/m3,2018-12-08 00:00:00 +01:00,2018-12-08 01:00:00 +01:00,1,1
GB,http://environment.data.gov.uk/air-quality/so,GB_Network_1,Station_GB1024A,,GB_SamplingPoint_74174,GB_StationProcess_918,GB_SamplingFeature_918,O3,http://dd.eionet.europa.eu/vocabulary/aq/pollutant/7,hour,66.9557400000,µg/m3,2018-12-08 08:00:00 +01:00,2018-12-08 09:00:00 +01:00,1,1
GB,http://environment.data.gov.uk/air-quality/so,GB_Network_1,Station_GB1024A,,GB_SamplingPoint_74174,GB_StationProcess_918,GB_SamplingFeature_918,O3,http://dd.eionet.europa.eu/vocabulary/aq/pollutant/7,hour,59.8710000000,µg/m3,2018-12-08 12:00:00 +01:00,2018-12-08 13:00:00 +01:00,1,1
GB,http://environment.data.gov.uk/air-quality/so,GB_Network_1,Station_GB1024A,,GB_SamplingPoint_74174,GB_StationProcess_918,GB_SamplingFeature_918,O3,http://dd.eionet.europa.eu/vocabulary/aq/pollutant/7,hour,60.3200300000,µg/m3,2018-12-08 15:00:00 +01:00,2018-12-08 16:00:00 +01:00,1,1
GB,http://environment.data.gov.uk/air-quality/so,GB_Network_1,Station_GB1024A,,GB_SamplingPoint_74174,GB_StationProcess_918,GB_SamplingFeature_918,O3,http://dd.eionet.europa.eu/vocabulary/aq/pollutant/7,hour,66.4069200000,µg/m3,2018-12-08 17:00:00 +01:00,2018-12-08 18:00:00 +01:00,1,1
GB,http://environment.data.gov.uk/air-quality/so,GB_Network_1,Station_GB1024A,,GB_SamplingPoint_74174,GB_StationProcess_918,GB_SamplingFeature_918,O3,http://dd.eionet.europa.eu/vocabulary/aq/pollutant/7,hour,74.5892900000,µg/m3,2018-12-08 18:00:00 +01:00,2018-12-08 19:00:00 +01:00,1,1
GB,http://environment.data.gov.uk/air-quality/so,GB_Network_1,Station_GB1024A,,GB_SamplingPoint_74174,GB_StationProcess_918,GB_SamplingFeature_918,O3,http://dd.eionet.europa.eu/vocabulary/aq/pollutant/7,hour,68.1032600000,µg/m3,2018-12-09 00:00:00 +01:00,2018-12-09 01:00:00 +01:00,1,1
GB,http://environment.data.gov.uk/air-quality/so,GB_Network_1,Station_GB1024A,,GB_SamplingPoint_74174,GB_StationProcess_918,GB_SamplingFeature_918,O3,http://dd.eionet.europa.eu/vocabulary/aq/pollutant/7,hour,68.3028300000,µg/m3,2018-12-09 01:00:00 +01:00,2018-12-09 02:00:00 +01:00,1,1
GB,http://environment.data.gov.uk/air-quality/so,GB_Network_1,Station_GB1024A,,GB_SamplingPoint_74174,GB_StationProcess_918,GB_SamplingFeature_918,O3,http://dd.eionet.europa.eu/vocabulary/aq/pollutant/7,hour,67.9535900000,µg/m3,2018-12-09 02:00:00 +01:00,2018-12-09 03:00:00 +01:00,1,1
GB,http://environment.data.gov.uk/air-quality/so,GB_Network_1,Station_GB1024A,,GB_SamplingPoint_74174,GB_StationProcess_918,GB_SamplingFeature_918,O3,http://dd.eionet.europa.eu/vocabulary/aq/pollutant/7,hour,72.5935900000,µg/m3,2018-12-09 04:00:00 +01:00,2018-12-09 05:00:00 +01:00,1,1
GB,http://environment.data.gov.uk/air-quality/so,GB_Network_1,Station_GB1024A,,GB_SamplingPoint_74174,GB_StationProcess_918,GB_SamplingFeature_918,O3,http://dd.eionet.europa.eu/vocabulary/aq/pollutant/7,hour,72.5437000000,µg/m3,2018-12-09 05:00:00 +01:00,2018-12-09 06:00:00 +01:00,1,1
GB,http://environment.data.gov.uk/air-quality/so,GB_Network_1,Station_GB1024A,,GB_SamplingPoint_74174,GB_StationProcess_918,GB_SamplingFeature_918,O3,http://dd.eionet.europa.eu/vocabulary/aq/pollutant/7,hour,71.8452000000,µg/m3,2018-12-09 07:00:00 +01:00,2018-12-09 08:00:00 +01:00,1,1
GB,http://environment.data.gov.uk/air-quality/so,GB_Network_1,Station_GB1024A,,GB_SamplingPoint_74174,GB_StationProcess_918,GB_SamplingFeature_918,O3,http://dd.eionet.europa.eu/vocabulary/aq/pollutant/7,hour,59.8710000000,µg/m3,2018-12-09 10:00:00 +01:00,2018-12-09 11:00:00 +01:00,1,1
GB,http://environment.data.gov.uk/air-quality/so,GB_Network_1,Station_GB1024A,,GB_SamplingPoint_74174,GB_StationProcess_918,GB_SamplingFeature_918,O3,http://dd.eionet.europa.eu/vocabulary/aq/pollutant/7,hour,64.0619700000,µg/m3,2018-12-09 12:00:00 +01:00,2018-12-09 13:00:00 +01:00,1,1
GB,http://environment.data.gov.uk/air-quality/so,GB_Network_1,Station_GB1024A,,GB_SamplingPoint_74174,GB_StationProcess_918,GB_SamplingFeature_918,O3,http://dd.eionet.europa.eu/vocabulary/aq/pollutant/7,hour,65.9578900000,µg/m3,2018-12-09 13:00:00 +01:00,2018-12-09 14:00:00 +01:00,1,1
GB,http://environment.data.gov.uk/air-quality/so,GB_Network_1,Station_GB1024A,,GB_SamplingPoint_74174,GB_StationProcess_918,GB_SamplingFeature_918,O3,http://dd.eionet.europa.eu/vocabulary/aq/pollutant/7,hour,61.6671300000,µg/m3,2018-12-09 14:00:00 +01:00,2018-12-09 15:00:00 +01:00,1,1
GB,http://environment.data.gov.uk/air-quality/so,GB_Network_1,Station_GB1024A,,GB_SamplingPoint_74174,GB_StationProcess_918,GB_SamplingFeature_918,O3,http://dd.eionet.europa.eu/vocabulary/aq/pollutant/7,hour,58.6735800000,µg/m3,2018-12-09 17:00:00 +01:00,2018-12-09 18:00:00 +01:00,1,1
GB,http://environment.data.gov.uk/air-quality/so,GB_Network_1,Station_GB1024A,,GB_SamplingPoint_74174,GB_StationProcess_918,GB_SamplingFeature_918,O3,http://dd.eionet.europa.eu/vocabulary/aq/pollutant/7,hour,58.1247600000,µg/m3,2018-12-09 18:00:00 +01:00,2018-12-09 19:00:00 +01:00,1,1
GB,http://environment.data.gov.uk/air-quality/so,GB_Network_1,Station_GB1024A,,GB_SamplingPoint_74174,GB_StationProcess_918,GB_SamplingFeature_918,O3,http://dd.eionet.europa.eu/vocabulary/aq/pollutant/7,hour,47.4976600000,µg/m3,2018-12-09 19:00:00 +01:00,2018-12-09 20:00:00 +01:00,1,1
GB,http://environment.data.gov.uk/air-quality/so,GB_Network_1,Station_GB1024A,,GB_SamplingPoint_74174,GB_StationProcess_918,GB_SamplingFeature_918,O3,http://dd.eionet.europa.eu/vocabulary/aq/pollutant/7,hour,41.8598100000,µg/m3,2018-12-09 21:00:00 +01:00,2018-12-09 22:00:00 +01:00,1,1
GB,http://environment.data.gov.uk/air-quality/so,GB_Network_1,Station_GB1024A,,GB_SamplingPoint_74174,GB_StationProcess_918,GB_SamplingFeature_918,O3,http://dd.eionet.europa.eu/vocabulary/aq/pollutant/7,hour,40.9118500000,µg/m3,2018-12-09 23:00:00 +01:00,2018-12-10 00:00:00 +01:00,1,1
GB,http://environment.data.gov.uk/air-quality/so,GB_Network_1,Station_GB1024A,,GB_SamplingPoint_74174,GB_StationProcess_918,GB_SamplingFeature_918,O3,http://dd.eionet.europa.eu/vocabulary/aq/pollutant/7,hour,31.3823800000,µg/m3,2018-12-10 01:00:00 +01:00,2018-12-10 02:00:00 +01:00,1,1
GB,http://environment.data.gov.uk/air-quality/so,GB_Network_1,Station_GB1024A,,GB_SamplingPoint_74174,GB_StationProcess_918,GB_SamplingFeature_918,O3,http://dd.eionet.europa.eu/vocabulary/aq/pollutant/7,hour,36.2718500000,µg/m3,2018-12-10 02:00:00 +01:00,2018-12-10 03:00:00 +01:00,1,1
GB,http://environment.data.gov.uk/air-quality/so,GB_Network_1,Station_GB1024A,,GB_SamplingPoint_74174,GB_StationProcess_918,GB_SamplingFeature_918,O3,http://dd.eionet.europa.eu/vocabulary/aq/pollutant/7,hour,44.1049700000,µg/m3,2018-12-10 03:00:00 +01:00,2018-12-10 04:00:00 +01:00,1,1
GB,http://environment.data.gov.uk/air-quality/so,GB_Network_1,Station_GB1024A,,GB_SamplingPoint_74174,GB_StationProcess_918,GB_SamplingFeature_918,O3,http://dd.eionet.europa.eu/vocabulary/aq/pollutant/7,hour,44.7535700000,µg/m3,2018-12-10 05:00:00 +01:00,2018-12-10 06:00:00 +01:00,1,1
GB,http://environment.data.gov.uk/air-quality/so,GB_Network_1,Station_GB1024A,,GB_SamplingPoint_74174,GB_StationProcess_918,GB_SamplingFeature_918,O3,http://dd.eionet.europa.eu/vocabulary/aq/pollutant/7,hour,24.0481900000,µg/m3,2018-12-10 08:00:00 +01:00,2018-12-10 09:00:00 +01:00,1,1
GB,http://environment.data.gov.uk/air-quality/so,GB_Network_1,Station_GB1024A,,GB_SamplingPoint_74174,GB_StationProcess_918,GB_SamplingFeature_918,O3,http://dd.eionet.europa.eu/vocabulary/aq/pollutant/7,hour,11.9243100000,µg/m3,2018-12-10 10:00:00 +01:00,2018-12-10 11:00:00 +01:00,1,1
GB,http://environment.data.gov.uk/air-quality/so,GB_Network_1,Station_GB1024A,,GB_SamplingPoint_74174,GB_StationProcess_918,GB_SamplingFeature_918,O3,http://dd.eionet.europa.eu/vocabulary/aq/pollutant/7,hour,26.7423800000,µg/m3,2018-12-10 12:00:00 +01:00,2018-12-10 13:00:00 +01:00,1,1
GB,http://environment.data.gov.uk/air-quality/so,GB_Network_1,Station_GB1024A,,GB_SamplingPoint_74174,GB_StationProcess_918,GB_SamplingFeature_918,O3,http://dd.eionet.europa.eu/vocabulary/aq/pollutant/7,hour,40.9118500000,µg/m3,2018-12-10 14:00:00 +01:00,2018-12-10 15:00:00 +01:00,1,1
GB,http://environment.data.gov.uk/air-quality/so,GB_Network_1,Station_GB1024A,,GB_SamplingPoint_74174,GB_StationProcess_918,GB_SamplingFeature_918,O3,http://dd.eionet.europa.eu/vocabulary/aq/pollutant/7,hour,39.4150800000,µg/m3,2018-12-10 15:00:00 +01:00,2018-12-10 16:00:00 +01:00,1,1
GB,http://environment.data.gov.uk/air-quality/so,GB_Network_1,Station_GB1024A,,GB_SamplingPoint_74174,GB_StationProcess_918,GB_SamplingFeature_918,O3,http://dd.eionet.europa.eu/vocabulary/aq/pollutant/7,hour,25.1458200000,µg/m3,2018-12-10 16:00:00 +01:00,2018-12-10 17:00:00 +01:00,1,1
GB,http://environment.data.gov.uk/air-quality/so,GB_Network_1,Station_GB1024A,,GB_SamplingPoint_74174,GB_StationProcess_918,GB_SamplingFeature_918,O3,http://dd.eionet.europa.eu/vocabulary/aq/pollutant/7,hour,13.3711900000,µg/m3,2018-12-10 17:00:00 +01:00,2018-12-10 18:00:00 +01:00,1,1
GB,http://environment.data.gov.uk/air-quality/so,GB_Network_1,Station_GB1024A,,GB_SamplingPoint_74174,GB_StationProcess_918,GB_SamplingFeature_918,O3,http://dd.eionet.europa.eu/vocabulary/aq/pollutant/7,hour,9.3299000000,µg/m3,2018-12-10 18:00:00 +01:00,2018-12-10 19:00:00 +01:00,1,1
GB,http://environment.data.gov.uk/air-quality/so,GB_Network_1,Station_GB1024A,,GB_SamplingPoint_74174,GB_StationProcess_918,GB_SamplingFeature_918,O3,http://dd.eionet.europa.eu/vocabulary/aq/pollutant/7,hour,3.5922600000,µg/m3,2018-12-10 20:00:00 +01:00,2018-12-10 21:00:00 +01:00,2,1
GB,http://environment.data.gov.uk/air-quality/so,GB_Network_1,Station_GB1024A,,GB_SamplingPoint_74174,GB_StationProcess_918,GB_SamplingFeature_918,O3,http://dd.eionet.europa.eu/vocabulary/aq/pollutant/7,hour,1.6963500000,µg/m3,2018-12-10 22:00:00 +01:00,2018-12-10 23:00:00 +01:00,2,1
GB,http://environment.data.gov.uk/air-quality/so,GB_Network_1,Station_GB1024A,,GB_SamplingPoint_74174,GB_StationProcess_918,GB_SamplingFeature_918,O3,http://dd.eionet.europa.eu/vocabulary/aq/pollutant/7,hour,1.5466700000,µg/m3,2018-12-11 00:00:00 +01:00,2018-12-11 01:00:00 +01:00,2,1
GB,http://environment.data.gov.uk/air-quality/so,GB_Network_1,Station_GB1024A,,GB_SamplingPoint_74174,GB_StationProcess_918,GB_SamplingFeature_918,O3,http://dd.eionet.europa.eu/vocabulary/aq/pollutant/7,hour,0.8648000000,µg/m3,2018-12-11 01:00:00 +01:00,2018-12-11 02:00:00 +01:00,2,1
GB,http://environment.data.gov.uk/air-quality/so,GB_Network_1,Station_GB1024A,,GB_SamplingPoint_74174,GB_StationProcess_918,GB_SamplingFeature_918,O3,http://dd.eionet.europa.eu/vocabulary/aq/pollutant/7,hour,0.5488200000,µg/m3,2018-12-11 02:00:00 +01:00,2018-12-11 03:00:00 +01:00,2,1
GB,http://environment.data.gov.uk/air-quality/so,GB_Network_1,Station_GB1024A,,GB_SamplingPoint_74174,GB_StationProcess_918,GB_SamplingFeature_918,O3,http://dd.eionet.europa.eu/vocabulary/aq/pollutant/7,hour,0.4490300000,µg/m3,2018-12-11 03:00:00 +01:00,2018-12-11 04:00:00 +01:00,2,1
GB,http://environment.data.gov.uk/air-quality/so,GB_Network_1,Station_GB1024A,,GB_SamplingPoint_74174,GB_StationProcess_918,GB_SamplingFeature_918,O3,http://dd.eionet.europa.eu/vocabulary/aq/pollutant/7,hour,0.8481700000,µg/m3,2018-12-11 04:00:00 +01:00,2018-12-11 05:00:00 +01:00,2,1
GB,http://environment.data.gov.uk/air-quality/so,GB_Network_1,Station_GB1024A,,GB_SamplingPoint_74174,GB_StationProcess_918,GB_SamplingFeature_918,O3,http://dd.eionet.europa.eu/vocabulary/aq/pollutant/7,hour,0.9479600000,µg/m3,2018-12-11 05:00:00 +01:00,2018-12-11 06:00:00 +01:00,2,1
GB,http://environment.data.gov.uk/air-quality/so,GB_Network_1,Station_GB1024A,,GB_SamplingPoint_74174,GB_StationProcess_918,GB_SamplingFeature_918,O3,http://dd.eionet.europa.eu/vocabulary/aq/pollutant/7,hour,0.6486000000,µg/m3,2018-12-11 06:00:00 +01:00,2018-12-11 07:00:00 +01:00,2,1
GB,http://environment.data.gov.uk/air-quality/so,GB_Network_1,Station_GB1024A,,GB_SamplingPoint_74174,GB_StationProcess_918,GB_SamplingFeature_918,O3,http://dd.eionet.europa.eu/vocabulary/aq/pollutant/7,hour,0.1496800000,µg/m3,2018-12-11 07:00:00 +01:00,2018-12-11 08:00:00 +01:00,2,1
GB,http://environment.data.gov.uk/air-quality/so,GB_Network_1,Station_GB1024A,,GB_SamplingPoint_74174,GB_StationProcess_918,GB_SamplingFeature_918,O3,http://dd.eionet.europa.eu/vocabulary/aq/pollutant/7,hour,1.5466700000,µg/m3,2018-12-11 09:00:00 +01:00,2018-12-11 10:00:00 +01:00,2,1
GB,http://environment.data.gov.uk/air-quality/so,GB_Network_1,Station_GB1024A,,GB_SamplingPoint_74174,GB_StationProcess_918,GB_SamplingFeature_918,O3,http://dd.eionet.europa.eu/vocabulary/aq/pollutant/7,hour,1.5965600000,µg/m3,2018-12-11 10:00:00 +01:00,2018-12-11 11:00:00 +01:00,2,1
GB,http://environment.data.gov.uk/air-quality/so,GB_Network_1,Station_GB1024A,,GB_SamplingPoint_74174,GB_StationProcess_918,GB_SamplingFeature_918,O3,http://dd.eionet.europa.eu/vocabulary/aq/pollutant/7,hour,1.6464500000,µg/m3,2018-12-11 11:00:00 +01:00,2018-12-11 12:00:00 +01:00,2,1
GB,http://environment.data.gov.uk/air-quality/so,GB_Network_1,Station_GB1024A,,GB_SamplingPoint_74174,GB_StationProcess_918,GB_SamplingFeature_918,O3,http://dd.eionet.europa.eu/vocabulary/aq/pollutant/7,hour,3.5423700000,µg/m3,2018-12-11 15:00:00 +01:00,2018-12-11 16:00:00 +01:00,2,1
GB,http://environment.data.gov.uk/air-quality/so,GB_Network_1,Station_GB1024A,,GB_SamplingPoint_74174,GB_StationProcess_918,GB_SamplingFeature_918,O3,http://dd.eionet.europa.eu/vocabulary/aq/pollutant/7,hour,1.2972100000,µg/m3,2018-12-11 17:00:00 +01:00,2018-12-11 18:00:00 +01:00,2,1
GB,http://environment.data.gov.uk/air-quality/so,GB_Network_1,Station_GB1024A,,GB_SamplingPoint_74174,GB_StationProcess_918,GB_SamplingFeature_918,O3,http://dd.eionet.europa.eu/vocabulary/aq/pollutant/7,hour,1.5466700000,µg/m3,2018-12-11 19:00:00 +01:00,2018-12-11 20:00:00 +01:00,2,1
GB,http://environment.data.gov.uk/air-quality/so,GB_Network_1,Station_GB1024A,,GB_SamplingPoint_74174,GB_StationProcess_918,GB_SamplingFeature_918,O3,http://dd.eionet.europa.eu/vocabulary/aq/pollutant/7,hour,1.6963500000,µg/m3,2018-12-11 21:00:00 +01:00,2018-12-11 22:00:00 +01:00,2,1
GB,http://environment.data.gov.uk/air-quality/so,GB_Network_1,Station_GB1024A,,GB_SamplingPoint_74174,GB_StationProcess_918,GB_SamplingFeature_918,O3,http://dd.eionet.europa.eu/vocabulary/aq/pollutant/7,hour,1.2972100000,µg/m3,2018-12-11 22:00:00 +01:00,2018-12-11 23:00:00 +01:00,2,1
GB,http://environment.data.gov.uk/air-quality/so,GB_Network_1,Station_GB1024A,,GB_SamplingPoint_74174,GB_StationProcess_918,GB_SamplingFeature_918,O3,http://dd.eionet.europa.eu/vocabulary/aq/pollutant/7,hour,17.3625900000,µg/m3,2018-12-12 01:00:00 +01:00,2018-12-12 02:00:00 +01:00,1,1
GB,http://environment.data.gov.uk/air-quality/so,GB_Network_1,Station_GB1024A,,GB_SamplingPoint_74174,GB_StationProcess_918,GB_SamplingFeature_918,O3,http://dd.eionet.europa.eu/vocabulary/aq/pollutant/7,hour,21.5535600000,µg/m3,2018-12-12 02:00:00 +01:00,2018-12-12 03:00:00 +01:00,1,1
GB,http://environment.data.gov.uk/air-quality/so,GB_Network_1,Station_GB1024A,,GB_SamplingPoint_74174,GB_StationProcess_918,GB_SamplingFeature_918,O3,http://dd.eionet.europa.eu/vocabulary/aq/pollutant/7,hour,15.6662500000,µg/m3,2018-12-12 04:00:00 +01:00,2018-12-12 05:00:00 +01:00,1,1
GB,http://environment.data.gov.uk/air-quality/so,GB_Network_1,Station_GB1024A,,GB_SamplingPoint_74174,GB_StationProcess_918,GB_SamplingFeature_918,O3,http://dd.eionet.europa.eu/vocabulary/aq/pollutant/7,hour,5.9372100000,µg/m3,2018-12-12 05:00:00 +01:00,2018-12-12 06:00:00 +01:00,2,1
GB,http://environment.data.gov.uk/air-quality/so,GB_Network_1,Station_GB1024A,,GB_SamplingPoint_74174,GB_StationProcess_918,GB_SamplingFeature_918,O3,http://dd.eionet.europa.eu/vocabulary/aq/pollutant/7,hour,1.5965600000,µg/m3,2018-12-12 08:00:00 +01:00,2018-12-12 09:00:00 +01:00,2,1
GB,http://environment.data.gov.uk/air-quality/so,GB_Network_1,Station_GB1024A,,GB_SamplingPoint_74174,GB_StationProcess_918,GB_SamplingFeature_918,O3,http://dd.eionet.europa.eu/vocabulary/aq/pollutant/7,hour,13.7703300000,µg/m3,2018-12-12 11:00:00 +01:00,2018-12-12 12:00:00 +01:00,1,1
GB,http://environment.data.gov.uk/air-quality/so,GB_Network_1,Station_GB1024A,,GB_SamplingPoint_74174,GB_StationProcess_918,GB_SamplingFeature_918,O3,http://dd.eionet.europa.eu/vocabulary/aq/pollutant/7,hour,50.9402400000,µg/m3,2018-12-12 14:00:00 +01:00,2018-12-12 15:00:00 +01:00,1,1
GB,http://environment.data.gov.uk/air-quality/so,GB_Network_1,Station_GB1024A,,GB_SamplingPoint_74174,GB_StationProcess_918,GB_SamplingFeature_918,O3,http://dd.eionet.europa.eu/vocabulary/aq/pollutant/7,hour,57.7755200000,µg/m3,2018-12-12 15:00:00 +01:00,2018-12-12 16:00:00 +01:00,1,1
GB,http://environment.data.gov.uk/air-quality/so,GB_Network_1,Station_GB1024A,,GB_SamplingPoint_74174,GB_StationProcess_918,GB_SamplingFeature_918,O3,http://dd.eionet.europa.eu/vocabulary/aq/pollutant/7,hour,53.7841200000,µg/m3,2018-12-12 16:00:00 +01:00,2018-12-12 17:00:00 +01:00,1,1
GB,http://environment.data.gov.uk/air-quality/so,GB_Network_1,Station_GB1024A,,GB_SamplingPoint_74174,GB_StationProcess_918,GB_SamplingFeature_918,O3,http://dd.eionet.europa.eu/vocabulary/aq/pollutant/7,hour,37.6688400000,µg/m3,2018-12-12 17:00:00 +01:00,2018-12-12 18:00:00 +01:00,1,1
GB,http://environment.data.gov.uk/air-quality/so,GB_Network_1,Station_GB1024A,,GB_SamplingPoint_74174,GB_StationProcess_918,GB_SamplingFeature_918,O3,http://dd.eionet.europa.eu/vocabulary/aq/pollutant/7,hour,21.8030200000,µg/m3,2018-12-12 18:00:00 +01:00,2018-12-12 19:00:00 +01:00,1,1
GB,http://environment.data.gov.uk/air-quality/so,GB_Network_1,Station_GB1024A,,GB_SamplingPoint_74174,GB_StationProcess_918,GB_SamplingFeature_918,O3,http://dd.eionet.europa.eu/vocabulary/aq/pollutant/7,hour,3.5423700000,µg/m3,2018-12-12 20:00:00 +01:00,2018-12-12 21:00:00 +01:00,2,1
GB,http://environment.data.gov.uk/air-quality/so,GB_Network_1,Station_GB1024A,,GB_SamplingPoint_74174,GB_StationProcess_918,GB_SamplingFeature_918,O3,http://dd.eionet.europa.eu/vocabulary/aq/pollutant/7,hour,9.2800100000,µg/m3,2018-12-12 23:00:00 +01:00,2018-12-13 00:00:00 +01:00,1,1
GB,http://environment.data.gov.uk/air-quality/so,GB_Network_1,Station_GB1024A,,GB_SamplingPoint_74174,GB_StationProcess_918,GB_SamplingFeature_918,O3,http://dd.eionet.europa.eu/vocabulary/aq/pollutant/7,hour,9.2800100000,µg/m3,2018-12-13 00:00:00 +01:00,2018-12-13 01:00:00 +01:00,1,1
GB,http://environment.data.gov.uk/air-quality/so,GB_Network_1,Station_GB1024A,,GB_SamplingPoint_74174,GB_StationProcess_918,GB_SamplingFeature_918,O3,http://dd.eionet.europa.eu/vocabulary/aq/pollutant/7,hour,4.0911900000,µg/m3,2018-12-13 01:00:00 +01:00,2018-12-13 02:00:00 +01:00,2,1
GB,http://environment.data.gov.uk/air-quality/so,GB_Network_1,Station_GB1024A,,GB_SamplingPoint_74174,GB_StationProcess_918,GB_SamplingFeature_918,O3,http://dd.eionet.europa.eu/vocabulary/aq/pollutant/7,hour,1.4967800000,µg/m3,2018-12-13 02:00:00 +01:00,2018-12-13 03:00:00 +01:00,2,1
GB,http://environment.data.gov.uk/air-quality/so,GB_Network_1,Station_GB1024A,,GB_SamplingPoint_74174,GB_StationProcess_918,GB_SamplingFeature_918,O3,http://dd.eionet.europa.eu/vocabulary/aq/pollutant/7,hour,3.5922600000,µg/m3,2018-12-13 03:00:00 +01:00,2018-12-13 04:00:00 +01:00,2,1
GB,http://environment.data.gov.uk/air-quality/so,GB_Network_1,Station_GB1024A,,GB_SamplingPoint_74174,GB_StationProcess_918,GB_SamplingFeature_918,O3,http://dd.eionet.europa.eu/vocabulary/aq/pollutant/7,hour,5.5380700000,µg/m3,2018-12-13 04:00:00 +01:00,2018-12-13 05:00:00 +01:00,2,1
GB,http://environment.data.gov.uk/air-quality/so,GB_Network_1,Station_GB1024A,,GB_SamplingPoint_74174,GB_StationProcess_918,GB_SamplingFeature_918,O3,http://dd.eionet.europa.eu/vocabulary/aq/pollutant/7,hour,3.4425800000,µg/m3,2018-12-13 05:00:00 +01:00,2018-12-13 06:00:00 +01:00,2,1
GB,http://environment.data.gov.uk/air-quality/so,GB_Network_1,Station_GB1024A,,GB_SamplingPoint_74174,GB_StationProcess_918,GB_SamplingFeature_918,O3,http://dd.eionet.europa.eu/vocabulary/aq/pollutant/7,hour,0.4989300000,µg/m3,2018-12-13 07:00:00 +01:00,2018-12-13 08:00:00 +01:00,2,1
GB,http://environment.data.gov.uk/air-quality/so,GB_Network_1,Station_GB1024A,,GB_SamplingPoint_74174,GB_StationProcess_918,GB_SamplingFeature_918,O3,http://dd.eionet.europa.eu/vocabulary/aq/pollutant/7,hour,1.8460200000,µg/m3,2018-12-13 09:00:00 +01:00,2018-12-13 10:00:00 +01:00,2,1
GB,http://environment.data.gov.uk/air-quality/so,GB_Network_1,Station_GB1024A,,GB_SamplingPoint_74174,GB_StationProcess_918,GB_SamplingFeature_918,O3,http://dd.eionet.europa.eu/vocabulary/aq/pollutant/7,hour,7.1845200000,µg/m3,2018-12-13 10:00:00 +01:00,2018-12-13 11:00:00 +01:00,1,1
GB,http://environment.data.gov.uk/air-quality/so,GB_Network_1,Station_GB1024A,,GB_SamplingPoint_74174,GB_StationProcess_918,GB_SamplingFeature_918,O3,http://dd.eionet.europa.eu/vocabulary/aq/pollutant/7,hour,15.1174300000,µg/m3,2018-12-13 11:00:00 +01:00,2018-12-13 12:00:00 +01:00,1,1
GB,http://environment.data.gov.uk/air-quality/so,GB_Network_1,Station_GB1024A,,GB_SamplingPoint_74174,GB_StationProcess_918,GB_SamplingFeature_918,O3,http://dd.eionet.europa.eu/vocabulary/aq/pollutant/7,hour,22.5514100000,µg/m3,2018-12-13 12:00:00 +01:00,2018-12-13 13:00:00 +01:00,1,1
GB,http://environment.data.gov.uk/air-quality/so,GB_Network_1,Station_GB1024A,,GB_SamplingPoint_74174,GB_StationProcess_918,GB_SamplingFeature_918,O3,http://dd.eionet.europa.eu/vocabulary/aq/pollutant/7,hour,28.0395900000,µg/m3,2018-12-13 15:00:00 +01:00,2018-12-13 16:00:00 +01:00,1,1
GB,http://environment.data.gov.uk/air-quality/so,GB_Network_1,Station_GB1024A,,GB_SamplingPoint_74174,GB_StationProcess_918,GB_SamplingFeature_918,O3,http://dd.eionet.europa.eu/vocabulary/aq/pollutant/7,hour,24.5970000000,µg/m3,2018-12-13 16:00:00 +01:00,2018-12-13 17:00:00 +01:00,1,1
GB,http://environment.data.gov.uk/air-quality/so,GB_Network_1,Station_GB1024A,,GB_SamplingPoint_74174,GB_StationProcess_918,GB_SamplingFeature_918,O3,http://dd.eionet.europa.eu/vocabulary/aq/pollutant/7,hour,3.3428000000,µg/m3,2018-12-13 17:00:00 +01:00,2018-12-13 18:00:00 +01:00,2,1
GB,http://environment.data.gov.uk/air-quality/so,GB_Network_1,Station_GB1024A,,GB_SamplingPoint_74174,GB_StationProcess_918,GB_SamplingFeature_918,O3,http://dd.eionet.europa.eu/vocabulary/aq/pollutant/7,hour,1.9458100000,µg/m3,2018-12-13 18:00:00 +01:00,2018-12-13 19:00:00 +01:00,2,1
GB,http://environment.data.gov.uk/air-quality/so,GB_Network_1,Station_GB1024A,,GB_SamplingPoint_74174,GB_StationProcess_918,GB_SamplingFeature_918,O3,http://dd.eionet.europa.eu/vocabulary/aq/pollutant/7,hour,1.6963500000,µg/m3,2018-12-13 20:00:00 +01:00,2018-12-13 21:00:00 +01:00,2,1
GB,http://environment.data.gov.uk/air-quality/so,GB_Network_1,Station_GB1024A,,GB_SamplingPoint_74174,GB_StationProcess_918,GB_SamplingFeature_918,O3,http://dd.eionet.europa.eu/vocabulary/aq/pollutant/7,hour,0.7982800000,µg/m3,2018-12-13 22:00:00 +01:00,2018-12-13 23:00:00 +01:00,2,1
GB,http://environment.data.gov.uk/air-quality/so,GB_Network_1,Station_GB1024A,,GB_SamplingPoint_74174,GB_StationProcess_918,GB_SamplingFeature_918,O3,http://dd.eionet.europa.eu/vocabulary/aq/pollutant/7,hour,0.5987100000,µg/m3,2018-12-13 23:00:00 +01:00,2018-12-14 00:00:00 +01:00,2,1
GB,http://environment.data.gov.uk/air-quality/so,GB_Network_1,Station_GB1024A,,GB_SamplingPoint_74174,GB_StationProcess_918,GB_SamplingFeature_918,O3,http://dd.eionet.europa.eu/vocabulary/aq/pollutant/7,hour,0.9978500000,µg/m3,2018-12-14 00:00:00 +01:00,2018-12-14 01:00:00 +01:00,2,1
GB,http://environment.data.gov.uk/air-quality/so,GB_Network_1,Station_GB1024A,,GB_SamplingPoint_74174,GB_StationProcess_918,GB_SamplingFeature_918,O3,http://dd.eionet.europa.eu/vocabulary/aq/pollutant/7,hour,0.9313300000,µg/m3,2018-12-14 01:00:00 +01:00,2018-12-14 02:00:00 +01:00,2,1
GB,http://environment.data.gov.uk/air-quality/so,GB_Network_1,Station_GB1024A,,GB_SamplingPoint_74174,GB_StationProcess_918,GB_SamplingFeature_918,O3,http://dd.eionet.europa.eu/vocabulary/aq/pollutant/7,hour,0.8980700000,µg/m3,2018-12-14 02:00:00 +01:00,2018-12-14 03:00:00 +01:00,2,1
GB,http://environment.data.gov.uk/air-quality/so,GB_Network_1,Station_GB1024A,,GB_SamplingPoint_74174,GB_StationProcess_918,GB_SamplingFeature_918,O3,http://dd.eionet.europa.eu/vocabulary/aq/pollutant/7,hour,0.6985000000,µg/m3,2018-12-14 03:00:00 +01:00,2018-12-14 04:00:00 +01:00,2,1
GB,http://environment.data.gov.uk/air-quality/so,GB_Network_1,Station_GB1024A,,GB_SamplingPoint_74174,GB_StationProcess_918,GB_SamplingFeature_918,O3,http://dd.eionet.europa.eu/vocabulary/aq/pollutant/7,hour,1.2972100000,µg/m3,2018-12-14 05:00:00 +01:00,2018-12-14 06:00:00 +01:00,2,1
GB,http://environment.data.gov.uk/air-quality/so,GB_Network_1,Station_GB1024A,,GB_SamplingPoint_74174,GB_StationProcess_918,GB_SamplingFeature_918,O3,http://dd.eionet.europa.eu/vocabulary/aq/pollutant/7,hour,0.5987100000,µg/m3,2018-12-14 06:00:00 +01:00,2018-12-14 07:00:00 +01:00,2,1
GB,http://environment.data.gov.uk/air-quality/so,GB_Network_1,Station_GB1024A,,GB_SamplingPoint_74174,GB_StationProcess_918,GB_SamplingFeature_918,O3,http://dd.eionet.europa.eu/vocabulary/aq/pollutant/7,hour,1.2972100000,µg/m3,2018-12-14 07:00:00 +01:00,2018-12-14 08:00:00 +01:00,2,1
GB,http://environment.data.gov.uk/air-quality/so,GB_Network_1,Station_GB1024A,,GB_SamplingPoint_74174,GB_StationProcess_918,GB_SamplingFeature_918,O3,http://dd.eionet.europa.eu/vocabulary/aq/pollutant/7,hour,0.9978500000,µg/m3,2018-12-14 08:00:00 +01:00,2018-12-14 09:00:00 +01:00,2,1
GB,http://environment.data.gov.uk/air-quality/so,GB_Network_1,Station_GB1024A,,GB_SamplingPoint_74174,GB_StationProcess_918,GB_SamplingFeature_918,O3,http://dd.eionet.europa.eu/vocabulary/aq/pollutant/7,hour,0.8980700000,µg/m3,2018-12-14 09:00:00 +01:00,2018-12-14 10:00:00 +01:00,2,1
GB,http://environment.data.gov.uk/air-quality/so,GB_Network_1,Station_GB1024A,,GB_SamplingPoint_74174,GB_StationProcess_918,GB_SamplingFeature_918,O3,http://dd.eionet.europa.eu/vocabulary/aq/pollutant/7,hour,1.5466700000,µg/m3,2018-12-14 11:00:00 +01:00,2018-12-14 12:00:00 +01:00,2,1
GB,http://environment.data.gov.uk/air-quality/so,GB_Network_1,Station_GB1024A,,GB_SamplingPoint_74174,GB_StationProcess_918,GB_SamplingFeature_918,O3,http://dd.eionet.europa.eu/vocabulary/aq/pollutant/7,hour,3.8417200000,µg/m3,2018-12-14 13:00:00 +01:00,2018-12-14 14:00:00 +01:00,2,1
GB,http://environment.data.gov.uk/air-quality/so,GB_Network_1,Station_GB1024A,,GB_SamplingPoint_74174,GB_StationProcess_918,GB_SamplingFeature_918,O3,http://dd.eionet.europa.eu/vocabulary/aq/pollutant/7,hour,5.2387100000,µg/m3,2018-12-14 15:00:00 +01:00,2018-12-14 16:00:00 +01:00,2,1
GB,http://environment.data.gov.uk/air-quality/so,GB_Network_1,Station_GB1024A,,GB_SamplingPoint_74174,GB_StationProcess_918,GB_SamplingFeature_918,O3,http://dd.eionet.europa.eu/vocabulary/aq/pollutant/7,hour,1.6464500000,µg/m3,2018-12-14 17:00:00 +01:00,2018-12-14 18:00:00 +01:00,2,1
GB,http://environment.data.gov.uk/air-quality/so,GB_Network_1,Station_GB1024A,,GB_SamplingPoint_74174,GB_StationProcess_918,GB_SamplingFeature_918,O3,http://dd.eionet.europa.eu/vocabulary/aq/pollutant/7,hour,1.2972100000,µg/m3,2018-12-14 18:00:00 +01:00,2018-12-14 19:00:00 +01:00,2,1
GB,http://environment.data.gov.uk/air-quality/so,GB_Network_1,Station_GB1024A,,GB_SamplingPoint_74174,GB_StationProcess_918,GB_SamplingFeature_918,O3,http://dd.eionet.europa.eu/vocabulary/aq/pollutant/7,hour,5.7875300000,µg/m3,2018-12-14 20:00:00 +01:00,2018-12-14 21:00:00 +01:00,2,1
GB,http://environment.data.gov.uk/air-quality/so,GB_Network_1,Station_GB1024A,,GB_SamplingPoint_74174,GB_StationProcess_918,GB_SamplingFeature_918,O3,http://dd.eionet.europa.eu/vocabulary/aq/pollutant/7,hour,13.3213000000,µg/m3,2018-12-14 21:00:00 +01:00,2018-12-14 22:00:00 +01:00,1,1
GB,http://environment.data.gov.uk/air-quality/so,GB_Network_1,Station_GB1024A,,GB_SamplingPoint_74174,GB_StationProcess_918,GB_SamplingFeature_918,O3,http://dd.eionet.europa.eu/vocabulary/aq/pollutant/7,hour,15.3668900000,µg/m3,2018-12-14 22:00:00 +01:00,2018-12-14 23:00:00 +01:00,1,1
GB,http://environment.data.gov.uk/air-quality/so,GB_Network_1,Station_GB1024A,,GB_SamplingPoint_74174,GB_StationProcess_918,GB_SamplingFeature_918,O3,http://dd.eionet.europa.eu/vocabulary/aq/pollutant/7,hour,15.9157100000,µg/m3,2018-12-14 23:00:00 +01:00,2018-12-15 00:00:00 +01:00,1,1
GB,http://environment.data.gov.uk/air-quality/so,GB_Network_1,Station_GB1024A,,GB_SamplingPoint_74174,GB_StationProcess_918,GB_SamplingFeature_918,O3,http://dd.eionet.europa.eu/vocabulary/aq/pollutant/7,hour,21.5535600000,µg/m3,2018-12-15 00:00:00 +01:00,2018-12-15 01:00:00 +01:00,1,1
GB,http://environment.data.gov.uk/air-quality/so,GB_Network_1,Station_GB1024A,,GB_SamplingPoint_74174,GB_StationProcess_918,GB_SamplingFeature_918,O3,http://dd.eionet.europa.eu/vocabulary/aq/pollutant/7,hour,22.5514100000,µg/m3,2018-12-15 01:00:00 +01:00,2018-12-15 02:00:00 +01:00,1,1
GB,http://environment.data.gov.uk/air-quality/so,GB_Network_1,Station_GB1024A,,GB_SamplingPoint_74174,GB_StationProcess_918,GB_SamplingFeature_918,O3,http://dd.eionet.europa.eu/vocabulary/aq/pollutant/7,hour,19.2585100000,µg/m3,2018-12-15 02:00:00 +01:00,2018-12-15 03:00:00 +01:00,1,1
GB,http://environment.data.gov.uk/air-quality/so,GB_Network_1,Station_GB1024A,,GB_SamplingPoint_74174,GB_StationProcess_918,GB_SamplingFeature_918,O3,http://dd.eionet.europa.eu/vocabulary/aq/pollutant/7,hour,21.5535600000,µg/m3,2018-12-15 04:00:00 +01:00,2018-12-15 05:00:00 +01:00,1,1
GB,http://environment.data.gov.uk/air-quality/so,GB_Network_1,Station_GB1024A,,GB_SamplingPoint_74174,GB_StationProcess_918,GB_SamplingFeature_918,O3,http://dd.eionet.europa.eu/vocabulary/aq/pollutant/7,hour,25.7445300000,µg/m3,2018-12-15 06:00:00 +01:00,2018-12-15 07:00:00 +01:00,1,1
GB,http://environment.data.gov.uk/air-quality/so,GB_Network_1,Station_GB1024A,,GB_SamplingPoint_74174,GB_StationProcess_918,GB_SamplingFeature_918,O3,http://dd.eionet.europa.eu/vocabulary/aq/pollutant/7,hour,22.8507700000,µg/m3,2018-12-15 07:00:00 +01:00,2018-12-15 08:00:00 +01:00,1,1
GB,http://environment.data.gov.uk/air-quality/so,GB_Network_1,Station_GB1024A,,GB_SamplingPoint_74174,GB_StationProcess_918,GB_SamplingFeature_918,O3,http://dd.eionet.europa.eu/vocabulary/aq/pollutant/7,hour,18.9591500000,µg/m3,2018-12-15 08:00:00 +01:00,2018-12-15 09:00:00 +01:00,1,1
GB,http://environment.data.gov.uk/air-quality/so,GB_Network_1,Station_GB1024A,,GB_SamplingPoint_74174,GB_StationProcess_918,GB_SamplingFeature_918,O3,http://dd.eionet.europa.eu/vocabulary/aq/pollutant/7,hour,14.4688300000,µg/m3,2018-12-15 09:00:00 +01:00,2018-12-15 10:00:00 +01:00,1,1
GB,http://environment.data.gov.uk/air-quality/so,GB_Network_1,Station_GB1024A,,GB_SamplingPoint_74174,GB_StationProcess_918,GB_SamplingFeature_918,O3,http://dd.eionet.europa.eu/vocabulary/aq/pollutant/7,hour,21.3539900000,µg/m3,2018-12-15 10:00:00 +01:00,2018-12-15 11:00:00 +01:00,1,1
GB,http://environment.data.gov.uk/air-quality/so,GB_Network_1,Station_GB1024A,,GB_SamplingPoint_74174,GB_StationProcess_918,GB_SamplingFeature_918,O3,http://dd.eionet.europa.eu/vocabulary/aq/pollutant/7,hour,27.9398000000,µg/m3,2018-12-15 12:00:00 +01:00,2018-12-15 13:00:00 +01:00,1,1
GB,http://environment.data.gov.uk/air-quality/so,GB_Network_1,Station_GB1024A,,GB_SamplingPoint_74174,GB_StationProcess_918,GB_SamplingFeature_918,O3,http://dd.eionet.europa.eu/vocabulary/aq/pollutant/7,hour,33.2783000000,µg/m3,2018-12-15 13:00:00 +01:00,2018-12-15 14:00:00 +01:00,1,1
GB,http://environment.data.gov.uk/air-quality/so,GB_Network_1,Station_GB1024A,,GB_SamplingPoint_74174,GB_StationProcess_918,GB_SamplingFeature_918,O3,http://dd.eionet.europa.eu/vocabulary/aq/pollutant/7,hour,29.9355000000,µg/m3,2018-12-15 15:00:00 +01:00,2018-12-15 16:00:00 +01:00,1,1
GB,http://environment.data.gov.uk/air-quality/so,GB_Network_1,Station_GB1024A,,GB_SamplingPoint_74174,GB_StationProcess_918,GB_SamplingFeature_918,O3,http://dd.eionet.europa.eu/vocabulary/aq/pollutant/7,hour,24.1479700000,µg/m3,2018-12-15 16:00:00 +01:00,2018-12-15 17:00:00 +01:00,1,1
GB,http://environment.data.gov.uk/air-quality/so,GB_Network_1,Station_GB1024A,,GB_SamplingPoint_74174,GB_StationProcess_918,GB_SamplingFeature_918,O3,http://dd.eionet.europa.eu/vocabulary/aq/pollutant/7,hour,19.5578600000,µg/m3,2018-12-15 17:00:00 +01:00,2018-12-15 18:00:00 +01:00,1,1
GB,http://environment.data.gov.uk/air-quality/so,GB_Network_1,Station_GB1024A,,GB_SamplingPoint_74174,GB_StationProcess_918,GB_SamplingFeature_918,O3,http://dd.eionet.europa.eu/vocabulary/aq/pollutant/7,hour,23.9982900000,µg/m3,2018-12-15 19:00:00 +01:00,2018-12-15 20:00:00 +01:00,1,1
GB,http://environment.data.gov.uk/air-quality/so,GB_Network_1,Station_GB1024A,,GB_SamplingPoint_74174,GB_StationProcess_918,GB_SamplingFeature_918,O3,http://dd.eionet.europa.eu/vocabulary/aq/pollutant/7,hour,27.9398000000,µg/m3,2018-12-15 20:00:00 +01:00,2018-12-15 21:00:00 +01:00,1,1
GB,http://environment.data.gov.uk/air-quality/so,GB_Network_1,Station_GB1024A,,GB_SamplingPoint_74174,GB_StationProcess_918,GB_SamplingFeature_918,O3,http://dd.eionet.europa.eu/vocabulary/aq/pollutant/7,hour,19.9570000000,µg/m3,2018-12-15 21:00:00 +01:00,2018-12-15 22:00:00 +01:00,1,1
GB,http://environment.data.gov.uk/air-quality/so,GB_Network_1,Station_GB1024A,,GB_SamplingPoint_74174,GB_StationProcess_918,GB_SamplingFeature_918,O3,http://dd.eionet.europa.eu/vocabulary/aq/pollutant/7,hour,9.3299000000,µg/m3,2018-12-15 22:00:00 +01:00,2018-12-15 23:00:00 +01:00,1,1
GB,http://environment.data.gov.uk/air-quality/so,GB_Network_1,Station_GB1024A,,GB_SamplingPoint_74174,GB_StationProcess_918,GB_SamplingFeature_918,O3,http://dd.eionet.europa.eu/vocabulary/aq/pollutant/7,hour,31.4821700000,µg/m3,2018-12-15 23:00:00 +01:00,2018-12-16 00:00:00 +01:00,1,1
GB,http://environment.data.gov.uk/air-quality/so,GB_Network_1,Station_GB1024A,,GB_SamplingPoint_74174,GB_StationProcess_918,GB_SamplingFeature_918,O3,http://dd.eionet.europa.eu/vocabulary/aq/pollutant/7,hour,52.2374500000,µg/m3,2018-12-16 00:00:00 +01:00,2018-12-16 01:00:00 +01:00,1,1
GB,http://environment.data.gov.uk/air-quality/so,GB_Network_1,Station_GB1024A,,GB_SamplingPoint_74174,GB_StationProcess_918,GB_SamplingFeature_918,O3,http://dd.eionet.europa.eu/vocabulary/aq/pollutant/7,hour,57.4262700000,µg/m3,2018-12-16 02:00:00 +01:00,2018-12-16 03:00:00 +01:00,1,1
GB,http://environment.data.gov.uk/air-quality/so,GB_Network_1,Station_GB1024A,,GB_SamplingPoint_74174,GB_StationProcess_918,GB_SamplingFeature_918,O3,http://dd.eionet.europa.eu/vocabulary/aq/pollutant/7,hour,56.4783100000,µg/m3,2018-12-16 03:00:00 +01:00,2018-12-16 04:00:00 +01:00,1,1
GB,http://environment.data.gov.uk/air-quality/so,GB_Network_1,Station_GB1024A,,GB_SamplingPoint_74174,GB_StationProcess_918,GB_SamplingFeature_918,O3,http://dd.eionet.europa.eu/vocabulary/aq/pollutant/7,hour,54.6821800000,µg/m3,2018-12-16 04:00:00 +01:00,2018-12-16 05:00:00 +01:00,1,1
GB,http://environment.data.gov.uk/air-quality/so,GB_Network_1,Station_GB1024A,,GB_SamplingPoint_74174,GB_StationProcess_918,GB_SamplingFeature_918,O3,http://dd.eionet.europa.eu/vocabulary/aq/pollutant/7,hour,48.7449700000,µg/m3,2018-12-16 06:00:00 +01:00,2018-12-16 07:00:00 +01:00,1,1
GB,http://environment.data.gov.uk/air-quality/so,GB_Network_1,Station_GB1024A,,GB_SamplingPoint_74174,GB_StationProcess_918,GB_SamplingFeature_918,O3,http://dd.eionet.europa.eu/vocabulary/aq/pollutant/7,hour,37.7187300000,µg/m3,2018-12-16 08:00:00 +01:00,2018-12-16 09:00:00 +01:00,1,1
GB,http://environment.data.gov.uk/air-quality/so,GB_Network_1,Station_GB1024A,,GB_SamplingPoint_74174,GB_StationProcess_918,GB_SamplingFeature_918,O3,http://dd.eionet.europa.eu/vocabulary/aq/pollutant/7,hour,33.8271200000,µg/m3,2018-12-16 11:00:00 +01:00,2018-12-16 12:00:00 +01:00,1,1
GB,http://environment.data.gov.uk/air-quality/so,GB_Network_1,Station_GB1024A,,GB_SamplingPoint_74174,GB_StationProcess_918,GB_SamplingFeature_918,O3,http://dd.eionet.europa.eu/vocabulary/aq/pollutant/7,hour,30.5342100000,µg/m3,2018-12-16 12:00:00 +01:00,2018-12-16 13:00:00 +01:00,1,1
GB,http://environment.data.gov.uk/air-quality/so,GB_Network_1,Station_GB1024A,,GB_SamplingPoint_74174,GB_StationProcess_918,GB_SamplingFeature_918,O3,http://dd.eionet.europa.eu/vocabulary/aq/pollutant/7,hour,22.7010900000,µg/m3,2018-12-16 15:00:00 +01:00,2018-12-16 16:00:00 +01:00,1,1
GB,http://environment.data.gov.uk/air-quality/so,GB_Network_1,Station_GB1024A,,GB_SamplingPoint_74174,GB_StationProcess_918,GB_SamplingFeature_918,O3,http://dd.eionet.europa.eu/vocabulary/aq/pollutant/7,hour,24.8963600000,µg/m3,2018-12-16 16:00:00 +01:00,2018-12-16 17:00:00 +01:00,1,1
GB,http://environment.data.gov.uk/air-quality/so,GB_Network_1,Station_GB1024A,,GB_SamplingPoint_74174,GB_StationProcess_918,GB_SamplingFeature_918,O3,http://dd.eionet.europa.eu/vocabulary/aq/pollutant/7,hour,26.4929200000,µg/m3,2018-12-16 17:00:00 +01:00,2018-12-16 18:00:00 +01:00,1,1
GB,http://environment.data.gov.uk/air-quality/so,GB_Network_1,Station_GB1024A,,GB_SamplingPoint_74174,GB_StationProcess_918,GB_SamplingFeature_918,O3,http://dd.eionet.europa.eu/vocabulary/aq/pollutant/7,hour,30.4843200000,µg/m3,2018-12-16 18:00:00 +01:00,2018-12-16 19:00:00 +01:00,1,1
GB,http://environment.data.gov.uk/air-quality/so,GB_Network_1,Station_GB1024A,,GB_SamplingPoint_74174,GB_StationProcess_918,GB_SamplingFeature_918,O3,http://dd.eionet.europa.eu/vocabulary/aq/pollutant/7,hour,50.9402400000,µg/m3,2018-12-16 23:00:00 +01:00,2018-12-17 00:00:00 +01:00,1,1
GB,http://environment.data.gov.uk/air-quality/so,GB_Network_1,Station_GB1024A,,GB_SamplingPoint_74174,GB_StationProcess_918,GB_SamplingFeature_918,O3,http://dd.eionet.europa.eu/vocabulary/aq/pollutant/7,hour,54.9316400000,µg/m3,2018-12-17 01:00:00 +01:00,2018-12-17 02:00:00 +01:00,1,1
GB,http://environment.data.gov.uk/air-quality/so,GB_Network_1,Station_GB1024A,,GB_SamplingPoint_74174,GB_StationProcess_918,GB_SamplingFeature_918,O3,http://dd.eionet.europa.eu/vocabulary/aq/pollutant/7,hour,53.5845500000,µg/m3,2018-12-17 02:00:00 +01:00,2018-12-17 03:00:00 +01:00,1,1
GB,http://environment.data.gov.uk/air-quality/so,GB_Network_1,Station_GB1024A,,GB_SamplingPoint_74174,GB_StationProcess_918,GB_SamplingFeature_918,O3,http://dd.eionet.europa.eu/vocabulary/aq/pollutant/7,hour,54.4327200000,µg/m3,2018-12-17 03:00:00 +01:00,2018-12-17 04:00:00 +01:00,1,1
GB,http://environment.data.gov.uk/air-quality/so,GB_Network_1,Station_GB1024A,,GB_SamplingPoint_74174,GB_StationProcess_918,GB_SamplingFeature_918,O3,http://dd.eionet.europa.eu/vocabulary/aq/pollutant/7,hour,54.9316400000,µg/m3,2018-12-17 04:00:00 +01:00,2018-12-17 05:00:00 +01:00,1,1
GB,http://environment.data.gov.uk/air-quality/so,GB_Network_1,Station_GB1024A,,GB_SamplingPoint_74174,GB_StationProcess_918,GB_SamplingFeature_918,O3,http://dd.eionet.europa.eu/vocabulary/aq/pollutant/7,hour,53.4847600000,µg/m3,2018-12-17 05:00:00 +01:00,2018-12-17 06:00:00 +01:00,1,1
GB,http://environment.data.gov.uk/air-quality/so,GB_Network_1,Station_GB1024A,,GB_SamplingPoint_74174,GB_StationProcess_918,GB_SamplingFeature_918,O3,http://dd.eionet.europa.eu/vocabulary/aq/pollutant/7,hour,13.6705500000,µg/m3,2018-12-17 08:00:00 +01:00,2018-12-17 09:00:00 +01:00,1,1
GB,http://environment.data.gov.uk/air-quality/so,GB_Network_1,Station_GB1024A,,GB_SamplingPoint_74174,GB_StationProcess_918,GB_SamplingFeature_918,O3,http://dd.eionet.europa.eu/vocabulary/aq/pollutant/7,hour,7.0348400000,µg/m3,2018-12-17 09:00:00 +01:00,2018-12-17 10:00:00 +01:00,1,1
GB,http://environment.data.gov.uk/air-quality/so,GB_Network_1,Station_GB1024A,,GB_SamplingPoint_74174,GB_StationProcess_918,GB_SamplingFeature_918,O3,http://dd.eionet.europa.eu/vocabulary/aq/pollutant/7,hour,14.0197900000,µg/m3,2018-12-17 10:00:00 +01:00,2018-12-17 11:00:00 +01:00,1,1
GB,http://environment.data.gov.uk/air-quality/so,GB_Network_1,Station_GB1024A,,GB_SamplingPoint_74174,GB_StationProcess_918,GB_SamplingFeature_918,O3,http://dd.eionet.europa.eu/vocabulary/aq/pollutant/7,hour,17.5122700000,µg/m3,2018-12-17 11:00:00 +01:00,2018-12-17 12:00:00 +01:00,1,1
GB,http://environment.data.gov.uk/air-quality/so,GB_Network_1,Station_GB1024A,,GB_SamplingPoint_74174,GB_StationProcess_918,GB_SamplingFeature_918,O3,http://dd.eionet.europa.eu/vocabulary/aq/pollutant/7,hour,13.7204400000,µg/m3,2018-12-17 12:00:00 +01:00,2018-12-17 13:00:00 +01:00,1,1
GB,http://environment.data.gov.uk/air-quality/so,GB_Network_1,Station_GB1024A,,GB_SamplingPoint_74174,GB_StationProcess_918,GB_SamplingFeature_918,O3,http://dd.eionet.europa.eu/vocabulary/aq/pollutant/7,hour,25.7445300000,µg/m3,2018-12-17 13:00:00 +01:00,2018-12-17 14:00:00 +01:00,1,1
GB,http://environment.data.gov.uk/air-quality/so,GB_Network_1,Station_GB1024A,,GB_SamplingPoint_74174,GB_StationProcess_918,GB_SamplingFeature_918,O3,http://dd.eionet.europa.eu/vocabulary/aq/pollutant/7,hour,36.9204500000,µg/m3,2018-12-17 15:00:00 +01:00,2018-12-17 16:00:00 +01:00,1,1
GB,http://environment.data.gov.uk/air-quality/so,GB_Network_1,Station_GB1024A,,GB_SamplingPoint_74174,GB_StationProcess_918,GB_SamplingFeature_918,O3,http://dd.eionet.europa.eu/vocabulary/aq/pollutant/7,hour,20.4060300000,µg/m3,2018-12-17 16:00:00 +01:00,2018-12-17 17:00:00 +01:00,1,1
GB,http://environment.data.gov.uk/air-quality/so,GB_Network_1,Station_GB1024A,,GB_SamplingPoint_74174,GB_StationProcess_918,GB_SamplingFeature_918,O3,http://dd.eionet.europa.eu/vocabulary/aq/pollutant/7,hour,6.6856000000,µg/m3,2018-12-17 19:00:00 +01:00,2018-12-17 20:00:00 +01:00,1,1
GB,http://environment.data.gov.uk/air-quality/so,GB_Network_1,Station_GB1024A,,GB_SamplingPoint_74174,GB_StationProcess_918,GB_SamplingFeature_918,O3,http://dd.eionet.europa.eu/vocabulary/aq/pollutant/7,hour,15.9656000000,µg/m3,2018-12-17 20:00:00 +01:00,2018-12-17 21:00:00 +01:00,1,1
GB,http://environment.data.gov.uk/air-quality/so,GB_Network_1,Station_GB1024A,,GB_SamplingPoint_74174,GB_StationProcess_918,GB_SamplingFeature_918,O3,http://dd.eionet.europa.eu/vocabulary/aq/pollutant/7,hour,38.7165800000,µg/m3,2018-12-17 23:00:00 +01:00,2018-12-18 00:00:00 +01:00,1,1
GB,http://environment.data.gov.uk/air-quality/so,GB_Network_1,Station_GB1024A,,GB_SamplingPoint_74174,GB_StationProcess_918,GB_SamplingFeature_918,O3,http://dd.eionet.europa.eu/vocabulary/aq/pollutant/7,hour,42.6580900000,µg/m3,2018-12-18 00:00:00 +01:00,2018-12-18 01:00:00 +01:00,1,1
GB,http://environment.data.gov.uk/air-quality/so,GB_Network_1,Station_GB1024A,,GB_SamplingPoint_74174,GB_StationProcess_918,GB_SamplingFeature_918,O3,http://dd.eionet.europa.eu/vocabulary/aq/pollutant/7,hour,61.0684200000,µg/m3,2018-12-18 02:00:00 +01:00,2018-12-18 03:00:00 +01:00,1,1
GB,http://environment.data.gov.uk/air-quality/so,GB_Network_1,Station_GB1024A,,GB_SamplingPoint_74174,GB_StationProcess_918,GB_SamplingFeature_918,O3,http://dd.eionet.europa.eu/vocabulary/aq/pollutant/7,hour,66.7062700000,µg/m3,2018-12-18 05:00:00 +01:00,2018-12-18 06:00:00 +01:00,1,1
GB,http://environment.data.gov.uk/air-quality/so,GB_Network_1,Station_GB1024A,,GB_SamplingPoint_74174,GB_StationProcess_918,GB_SamplingFeature_918,O3,http://dd.eionet.europa.eu/vocabulary/aq/pollutant/7,hour,62.1660600000,µg/m3,2018-12-18 06:00:00 +01:00,2018-12-18 07:00:00 +01:00,1,1
GB,http://environment.data.gov.uk/air-quality/so,GB_Network_1,Station_GB1024A,,GB_SamplingPoint_74174,GB_StationProcess_918,GB_SamplingFeature_918,O3,http://dd.eionet.europa.eu/vocabulary/aq/pollutant/7,hour,57.7755200000,µg/m3,2018-12-18 07:00:00 +01:00,2018-12-18 08:00:00 +01:00,1,1
GB,http://environment.data.gov.uk/air-quality/so,GB_Network_1,Station_GB1024A,,GB_SamplingPoint_74174,GB_StationProcess_918,GB_SamplingFeature_918,O3,http://dd.eionet.europa.eu/vocabulary/aq/pollutant/7,hour,50.3914300000,µg/m3,2018-12-18 08:00:00 +01:00,2018-12-18 09:00:00 +01:00,1,1
GB,http://environment.data.gov.uk/air-quality/so,GB_Network_1,Station_GB1024A,,GB_SamplingPoint_74174,GB_StationProcess_918,GB_SamplingFeature_918,O3,http://dd.eionet.europa.eu/vocabulary/aq/pollutant/7,hour,48.0464800000,µg/m3,2018-12-18 09:00:00 +01:00,2018-12-18 10:00:00 +01:00,1,1
GB,http://environment.data.gov.uk/air-quality/so,GB_Network_1,Station_GB1024A,,GB_SamplingPoint_74174,GB_StationProcess_918,GB_SamplingFeature_918,O3,http://dd.eionet.europa.eu/vocabulary/aq/pollutant/7,hour,48.2959400000,µg/m3,2018-12-18 10:00:00 +01:00,2018-12-18 11:00:00 +01:00,1,1
GB,http://environment.data.gov.uk/air-quality/so,GB_Network_1,Station_GB1024A,,GB_SamplingPoint_74174,GB_StationProcess_918,GB_SamplingFeature_918,O3,http://dd.eionet.europa.eu/vocabulary/aq/pollutant/7,hour,48.2959400000,µg/m3,2018-12-18 11:00:00 +01:00,2018-12-18 12:00:00 +01:00,1,1
GB,http://environment.data.gov.uk/air-quality/so,GB_Network_1,Station_GB1024A,,GB_SamplingPoint_74174,GB_StationProcess_918,GB_SamplingFeature_918,O3,http://dd.eionet.europa.eu/vocabulary/aq/pollutant/7,hour,52.9359400000,µg/m3,2018-12-18 13:00:00 +01:00,2018-12-18 14:00:00 +01:00,1,1
GB,http://environment.data.gov.uk/air-quality/so,GB_Network_1,Station_GB1024A,,GB_SamplingPoint_74174,GB_StationProcess_918,GB_SamplingFeature_918,O3,http://dd.eionet.europa.eu/vocabulary/aq/pollutant/7,hour,52.7862700000,µg/m3,2018-12-18 15:00:00 +01:00,2018-12-18 16:00:00 +01:00,1,1
GB,http://environment.data.gov.uk/air-quality/so,GB_Network_1,Station_GB1024A,,GB_SamplingPoint_74174,GB_StationProcess_918,GB_SamplingFeature_918,O3,http://dd.eionet.europa.eu/vocabulary/aq/pollutant/7,hour,41.5604500000,µg/m3,2018-12-18 18:00:00 +01:00,2018-12-18 19:00:00 +01:00,1,1
GB,http://environment.data.gov.uk/air-quality/so,GB_Network_1,Station_GB1024A,,GB_SamplingPoint_74174,GB_StationProcess_918,GB_SamplingFeature_918,O3,http://dd.eionet.europa.eu/vocabulary/aq/pollutant/7,hour,35.0245400000,µg/m3,2018-12-18 19:00:00 +01:00,2018-12-18 20:00:00 +01:00,1,1
GB,http://environment.data.gov.uk/air-quality/so,GB_Network_1,Station_GB1024A,,GB_SamplingPoint_74174,GB_StationProcess_918,GB_SamplingFeature_918,O3,http://dd.eionet.europa.eu/vocabulary/aq/pollutant/7,hour,33.8271200000,µg/m3,2018-12-18 20:00:00 +01:00,2018-12-18 21:00:00 +01:00,1,1
GB,http://environment.data.gov.uk/air-quality/so,GB_Network_1,Station_GB1024A,,GB_SamplingPoint_74174,GB_StationProcess_918,GB_SamplingFeature_918,O3,http://dd.eionet.europa.eu/vocabulary/aq/pollutant/7,hour,48.5953000000,µg/m3,2018-12-18 23:00:00 +01:00,2018-12-19 00:00:00 +01:00,1,1
GB,http://environment.data.gov.uk/air-quality/so,GB_Network_1,Station_GB1024A,,GB_SamplingPoint_74174,GB_StationProcess_918,GB_SamplingFeature_918,O3,http://dd.eionet.europa.eu/vocabulary/aq/pollutant/7,hour,51.9547200000,µg/m3,2018-12-19 01:00:00 +01:00,2018-12-19 02:00:00 +01:00,1,1
GB,http://environment.data.gov.uk/air-quality/so,GB_Network_1,Station_GB1024A,,GB_SamplingPoint_74174,GB_StationProcess_918,GB_SamplingFeature_918,O3,http://dd.eionet.europa.eu/vocabulary/aq/pollutant/7,hour,49.7594500000,µg/m3,2018-12-19 02:00:00 +01:00,2018-12-19 03:00:00 +01:00,1,1
GB,http://environment.data.gov.uk/air-quality/so,GB_Network_1,Station_GB1024A,,GB_SamplingPoint_74174,GB_StationProcess_918,GB_SamplingFeature_918,O3,http://dd.eionet.europa.eu/vocabulary/aq/pollutant/7,hour,48.2959400000,µg/m3,2018-12-19 03:00:00 +01:00,2018-12-19 04:00:00 +01:00,1,1
GB,http://environment.data.gov.uk/air-quality/so,GB_Network_1,Station_GB1024A,,GB_SamplingPoint_74174,GB_StationProcess_918,GB_SamplingFeature_918,O3,http://dd.eionet.europa.eu/vocabulary/aq/pollutant/7,hour,52.2374500000,µg/m3,2018-12-19 06:00:00 +01:00,2018-12-19 07:00:00 +01:00,1,1
GB,http://environment.data.gov.uk/air-quality/so,GB_Network_1,Station_GB1024A,,GB_SamplingPoint_74174,GB_StationProcess_918,GB_SamplingFeature_918,O3,http://dd.eionet.europa.eu/vocabulary/aq/pollutant/7,hour,39.4649700000,µg/m3,2018-12-19 09:00:00 +01:00,2018-12-19 10:00:00 +01:00,1,1
GB,http://environment.data.gov.uk/air-quality/so,GB_Network_1,Station_GB1024A,,GB_SamplingPoint_74174,GB_StationProcess_918,GB_SamplingFeature_918,O3,http://dd.eionet.europa.eu/vocabulary/aq/pollutant/7,hour,43.6559400000,µg/m3,2018-12-19 10:00:00 +01:00,2018-12-19 11:00:00 +01:00,1,1
GB,http://environment.data.gov.uk/air-quality/so,GB_Network_1,Station_GB1024A,,GB_SamplingPoint_74174,GB_StationProcess_918,GB_SamplingFeature_918,O3,http://dd.eionet.europa.eu/vocabulary/aq/pollutant/7,hour,46.1006700000,µg/m3,2018-12-19 11:00:00 +01:00,2018-12-19 12:00:00 +01:00,1,1
GB,http://environment.data.gov.uk/air-quality/so,GB_Network_1,Station_GB1024A,,GB_SamplingPoint_74174,GB_StationProcess_918,GB_SamplingFeature_918,O3,http://dd.eionet.europa.eu/vocabulary/aq/pollutant/7,hour,48.0963700000,µg/m3,2018-12-19 13:00:00 +01:00,2018-12-19 14:00:00 +01:00,1,1
GB,http://environment.data.gov.uk/air-quality/so,GB_Network_1,Station_GB1024A,,GB_SamplingPoint_74174,GB_StationProcess_918,GB_SamplingFeature_918,O3,http://dd.eionet.europa.eu/vocabulary/aq/pollutant/7,hour,48.6451900000,µg/m3,2018-12-19 15:00:00 +01:00,2018-12-19 16:00:00 +01:00,1,1
GB,http://environment.data.gov.uk/air-quality/so,GB_Network_1,Station_GB1024A,,GB_SamplingPoint_74174,GB_StationProcess_918,GB_SamplingFeature_918,O3,http://dd.eionet.europa.eu/vocabulary/aq/pollutant/7,hour,28.0395900000,µg/m3,2018-12-19 17:00:00 +01:00,2018-12-19 18:00:00 +01:00,1,1
GB,http://environment.data.gov.uk/air-quality/so,GB_Network_1,Station_GB1024A,,GB_SamplingPoint_74174,GB_StationProcess_918,GB_SamplingFeature_918,O3,http://dd.eionet.europa.eu/vocabulary/aq/pollutant/7,hour,40.5626000000,µg/m3,2018-12-19 21:00:00 +01:00,2018-12-19 22:00:00 +01:00,1,1
GB,http://environment.data.gov.uk/air-quality/so,GB_Network_1,Station_GB1024A,,GB_SamplingPoint_74174,GB_StationProcess_918,GB_SamplingFeature_918,O3,http://dd.eionet.europa.eu/vocabulary/aq/pollutant/7,hour,47.7970200000,µg/m3,2018-12-19 23:00:00 +01:00,2018-12-20 00:00:00 +01:00,1,1
GB,http://environment.data.gov.uk/air-quality/so,GB_Network_1,Station_GB1024A,,GB_SamplingPoint_74174,GB_StationProcess_918,GB_SamplingFeature_918,O3,http://dd.eionet.europa.eu/vocabulary/aq/pollutant/7,hour,50.3914300000,µg/m3,2018-12-20 00:00:00 +01:00,2018-12-20 01:00:00 +01:00,1,1
GB,http://environment.data.gov.uk/air-quality/so,GB_Network_1,Station_GB1024A,,GB_SamplingPoint_74174,GB_StationProcess_918,GB_SamplingFeature_918,O3,http://dd.eionet.europa.eu/vocabulary/aq/pollutant/7,hour,59.3388100000,µg/m3,2018-12-20 01:00:00 +01:00,2018-12-20 02:00:00 +01:00,1,1
GB,http://environment.data.gov.uk/air-quality/so,GB_Network_1,Station_GB1024A,,GB_SamplingPoint_74174,GB_StationProcess_918,GB_SamplingFeature_918,O3,http://dd.eionet.europa.eu/vocabulary/aq/pollutant/7,hour,56.4783100000,µg/m3,2018-12-20 02:00:00 +01:00,2018-12-20 03:00:00 +01:00,1,1
GB,http://environment.data.gov.uk/air-quality/so,GB_Network_1,Station_GB1024A,,GB_SamplingPoint_74174,GB_StationProcess_918,GB_SamplingFeature_918,O3,http://dd.eionet.europa.eu/vocabulary/aq/pollutant/7,hour,68.2030500000,µg/m3,2018-12-20 03:00:00 +01:00,2018-12-20 04:00:00 +01:00,1,1
GB,http://environment.data.gov.uk/air-quality/so,GB_Network_1,Station_GB1024A,,GB_SamplingPoint_74174,GB_StationProcess_918,GB_SamplingFeature_918,O3,http://dd.eionet.europa.eu/vocabulary/aq/pollutant/7,hour,70.5978900000,µg/m3,2018-12-20 04:00:00 +01:00,2018-12-20 05:00:00 +01:00,1,1
GB,http://environment.data.gov.uk/air-quality/so,GB_Network_1,Station_GB1024A,,GB_SamplingPoint_74174,GB_StationProcess_918,GB_SamplingFeature_918,O3,http://dd.eionet.europa.eu/vocabulary/aq/pollutant/7,hour,67.4546600000,µg/m3,2018-12-20 05:00:00 +01:00,2018-12-20 06:00:00 +01:00,1,1
GB,http://environment.data.gov.uk/air-quality/so,GB_Network_1,Station_GB1024A,,GB_SamplingPoint_74174,GB_StationProcess_918,GB_SamplingFeature_918,O3,http://dd.eionet.europa.eu/vocabulary/aq/pollutant/7,hour,53.2851900000,µg/m3,2018-12-20 07:00:00 +01:00,2018-12-20 08:00:00 +01:00,1,1
GB,http://environment.data.gov.uk/air-quality/so,GB_Network_1,Station_GB1024A,,GB_SamplingPoint_74174,GB_StationProcess_918,GB_SamplingFeature_918,O3,http://dd.eionet.europa.eu/vocabulary/aq/pollutant/7,hour,31.1828100000,µg/m3,2018-12-20 09:00:00 +01:00,2018-12-20 10:00:00 +01:00,1,1
GB,http://environment.data.gov.uk/air-quality/so,GB_Network_1,Station_GB1024A,,GB_SamplingPoint_74174,GB_StationProcess_918,GB_SamplingFeature_918,O3,http://dd.eionet.europa.eu/vocabulary/aq/pollutant/7,hour,35.7230300000,µg/m3,2018-12-20 10:00:00 +01:00,2018-12-20 11:00:00 +01:00,1,1
GB,http://environment.data.gov.uk/air-quality/so,GB_Network_1,Station_GB1024A,,GB_SamplingPoint_74174,GB_StationProcess_918,GB_SamplingFeature_918,O3,http://dd.eionet.europa.eu/vocabulary/aq/pollutant/7,hour,42.5583000000,µg/m3,2018-12-20 11:00:00 +01:00,2018-12-20 12:00:00 +01:00,1,1
GB,http://environment.data.gov.uk/air-quality/so,GB_Network_1,Station_GB1024A,,GB_SamplingPoint_74174,GB_StationProcess_918,GB_SamplingFeature_918,O3,http://dd.eionet.europa.eu/vocabulary/aq/pollutant/7,hour,46.7492700000,µg/m3,2018-12-20 12:00:00 +01:00,2018-12-20 13:00:00 +01:00,1,1
GB,http://environment.data.gov.uk/air-quality/so,GB_Network_1,Station_GB1024A,,GB_SamplingPoint_74174,GB_StationProcess_918,GB_SamplingFeature_918,O3,http://dd.eionet.europa.eu/vocabulary/aq/pollutant/7,hour,50.0421800000,µg/m3,2018-12-20 13:00:00 +01:00,2018-12-20 14:00:00 +01:00,1,1
GB,http://environment.data.gov.uk/air-quality/so,GB_Network_1,Station_GB1024A,,GB_SamplingPoint_74174,GB_StationProcess_918,GB_SamplingFeature_918,O3,http://dd.eionet.europa.eu/vocabulary/aq/pollutant/7,hour,41.7101300000,µg/m3,2018-12-20 18:00:00 +01:00,2018-12-20 19:00:00 +01:00,1,1
GB,http://environment.data.gov.uk/air-quality/so,GB_Network_1,Station_GB1024A,,GB_SamplingPoint_74174,GB_StationProcess_918,GB_SamplingFeature_918,O3,http://dd.eionet.europa.eu/vocabulary/aq/pollutant/7,hour,46.0507800000,µg/m3,2018-12-20 20:00:00 +01:00,2018-12-20 21:00:00 +01:00,1,1
GB,http://environment.data.gov.uk/air-quality/so,GB_Network_1,Station_GB1024A,,GB_SamplingPoint_74174,GB_StationProcess_918,GB_SamplingFeature_918,O3,http://dd.eionet.europa.eu/vocabulary/aq/pollutant/7,hour,52.0378800000,µg/m3,2018-12-20 22:00:00 +01:00,2018-12-20 23:00:00 +01:00,1,1
GB,http://environment.data.gov.uk/air-quality/so,GB_Network_1,Station_GB1024A,,GB_SamplingPoint_74174,GB_StationProcess_918,GB_SamplingFeature_918,O3,http://dd.eionet.europa.eu/vocabulary/aq/pollutant/7,hour,52.6864800000,µg/m3,2018-12-20 23:00:00 +01:00,2018-12-21 00:00:00 +01:00,1,1
GB,http://environment.data.gov.uk/air-quality/so,GB_Network_1,Station_GB1024A,,GB_SamplingPoint_74174,GB_StationProcess_918,GB_SamplingFeature_918,O3,http://dd.eionet.europa.eu/vocabulary/aq/pollutant/7,hour,54.2331500000,µg/m3,2018-12-21 06:00:00 +01:00,2018-12-21 07:00:00 +01:00,1,1
GB,http://environment.data.gov.uk/air-quality/so,GB_Network_1,Station_GB1024A,,GB_SamplingPoint_74174,GB_StationProcess_918,GB_SamplingFeature_918,O3,http://dd.eionet.europa.eu/vocabulary/aq/pollutant/7,hour,52.6864800000,µg/m3,2018-12-21 07:00:00 +01:00,2018-12-21 08:00:00 +01:00,1,1
GB,http://environment.data.gov.uk/air-quality/so,GB_Network_1,Station_GB1024A,,GB_SamplingPoint_74174,GB_StationProcess_918,GB_SamplingFeature_918,O3,http://dd.eionet.europa.eu/vocabulary/aq/pollutant/7,hour,49.5432500000,µg/m3,2018-12-21 08:00:00 +01:00,2018-12-21 09:00:00 +01:00,1,1
GB,http://environment.data.gov.uk/air-quality/so,GB_Network_1,Station_GB1024A,,GB_SamplingPoint_74174,GB_StationProcess_918,GB_SamplingFeature_918,O3,http://dd.eionet.europa.eu/vocabulary/aq/pollutant/7,hour,51.2396000000,µg/m3,2018-12-21 09:00:00 +01:00,2018-12-21 10:00:00 +01:00,1,1
GB,http://environment.data.gov.uk/air-quality/so,GB_Network_1,Station_GB1024A,,GB_SamplingPoint_74174,GB_StationProcess_918,GB_SamplingFeature_918,O3,http://dd.eionet.europa.eu/vocabulary/aq/pollutant/7,hour,69.6000400000,µg/m3,2018-12-21 11:00:00 +01:00,2018-12-21 12:00:00 +01:00,1,1
GB,http://environment.data.gov.uk/air-quality/so,GB_Network_1,Station_GB1024A,,GB_SamplingPoint_74174,GB_StationProcess_918,GB_SamplingFeature_918,O3,http://dd.eionet.europa.eu/vocabulary/aq/pollutant/7,hour,67.8538000000,µg/m3,2018-12-21 12:00:00 +01:00,2018-12-21 13:00:00 +01:00,1,1
GB,http://environment.data.gov.uk/air-quality/so,GB_Network_1,Station_GB1024A,,GB_SamplingPoint_74174,GB_StationProcess_918,GB_SamplingFeature_918,O3,http://dd.eionet.europa.eu/vocabulary/aq/pollutant/7,hour,54.9316400000,µg/m3,2018-12-21 17:00:00 +01:00,2018-12-21 18:00:00 +01:00,1,1
GB,http://environment.data.gov.uk/air-quality/so,GB_Network_1,Station_GB1024A,,GB_SamplingPoint_74174,GB_StationProcess_918,GB_SamplingFeature_918,O3,http://dd.eionet.europa.eu/vocabulary/aq/pollutant/7,hour,51.0400300000,µg/m3,2018-12-21 18:00:00 +01:00,2018-12-21 19:00:00 +01:00,1,1
GB,http://environment.data.gov.uk/air-quality/so,GB_Network_1,Station_GB1024A,,GB_SamplingPoint_74174,GB_StationProcess_918,GB_SamplingFeature_918,O3,http://dd.eionet.europa.eu/vocabulary/aq/pollutant/7,hour,50.7905700000,µg/m3,2018-12-21 19:00:00 +01:00,2018-12-21 20:00:00 +01:00,1,1
GB,http://environment.data.gov.uk/air-quality/so,GB_Network_1,Station_GB1024A,,GB_SamplingPoint_74174,GB_StationProcess_918,GB_SamplingFeature_918,O3,http://dd.eionet.europa.eu/vocabulary/aq/pollutant/7,hour,45.3522800000,µg/m3,2018-12-21 21:00:00 +01:00,2018-12-21 22:00:00 +01:00,1,1
GB,http://environment.data.gov.uk/air-quality/so,GB_Network_1,Station_GB1024A,,GB_SamplingPoint_74174,GB_StationProcess_918,GB_SamplingFeature_918,O3,http://dd.eionet.europa.eu/vocabulary/aq/pollutant/7,hour,56.1290600000,µg/m3,2018-12-22 00:00:00 +01:00,2018-12-22 01:00:00 +01:00,1,1
GB,http://environment.data.gov.uk/air-quality/so,GB_Network_1,Station_GB1024A,,GB_SamplingPoint_74174,GB_StationProcess_918,GB_SamplingFeature_918,O3,http://dd.eionet.europa.eu/vocabulary/aq/pollutant/7,hour,63.8624000000,µg/m3,2018-12-22 01:00:00 +01:00,2018-12-22 02:00:00 +01:00,1,1
GB,http://environment.data.gov.uk/air-quality/so,GB_Network_1,Station_GB1024A,,GB_SamplingPoint_74174,GB_StationProcess_918,GB_SamplingFeature_918,O3,http://dd.eionet.europa.eu/vocabulary/aq/pollutant/7,hour,70.3151600000,µg/m3,2018-12-22 02:00:00 +01:00,2018-12-22 03:00:00 +01:00,1,1
GB,http://environment.data.gov.uk/air-quality/so,GB_Network_1,Station_GB1024A,,GB_SamplingPoint_74174,GB_StationProcess_918,GB_SamplingFeature_918,O3,http://dd.eionet.europa.eu/vocabulary/aq/pollutant/7,hour,68.8516500000,µg/m3,2018-12-22 03:00:00 +01:00,2018-12-22 04:00:00 +01:00,1,1
GB,http://environment.data.gov.uk/air-quality/so,GB_Network_1,Station_GB1024A,,GB_SamplingPoint_74174,GB_StationProcess_918,GB_SamplingFeature_918,O3,http://dd.eionet.europa.eu/vocabulary/aq/pollutant/7,hour,64.7105700000,µg/m3,2018-12-22 06:00:00 +01:00,2018-12-22 07:00:00 +01:00,1,1
GB,http://environment.data.gov.uk/air-quality/so,GB_Network_1,Station_GB1024A,,GB_SamplingPoint_74174,GB_StationProcess_918,GB_SamplingFeature_918,O3,http://dd.eionet.europa.eu/vocabulary/aq/pollutant/7,hour,61.4176700000,µg/m3,2018-12-22 07:00:00 +01:00,2018-12-22 08:00:00 +01:00,1,1
GB,http://environment.data.gov.uk/air-quality/so,GB_Network_1,Station_GB1024A,,GB_SamplingPoint_74174,GB_StationProcess_918,GB_SamplingFeature_918,O3,http://dd.eionet.europa.eu/vocabulary/aq/pollutant/7,hour,40.1634600000,µg/m3,2018-12-22 10:00:00 +01:00,2018-12-22 11:00:00 +01:00,1,1
GB,http://environment.data.gov.uk/air-quality/so,GB_Network_1,Station_GB1024A,,GB_SamplingPoint_74174,GB_StationProcess_918,GB_SamplingFeature_918,O3,http://dd.eionet.europa.eu/vocabulary/aq/pollutant/7,hour,45.8512100000,µg/m3,2018-12-22 11:00:00 +01:00,2018-12-22 12:00:00 +01:00,1,1
GB,http://environment.data.gov.uk/air-quality/so,GB_Network_1,Station_GB1024A,,GB_SamplingPoint_74174,GB_StationProcess_918,GB_SamplingFeature_918,O3,http://dd.eionet.europa.eu/vocabulary/aq/pollutant/7,hour,51.2894900000,µg/m3,2018-12-22 12:00:00 +01:00,2018-12-22 13:00:00 +01:00,1,1
GB,http://environment.data.gov.uk/air-quality/so,GB_Network_1,Station_GB1024A,,GB_SamplingPoint_74174,GB_StationProcess_918,GB_SamplingFeature_918,O3,http://dd.eionet.europa.eu/vocabulary/aq/pollutant/7,hour,52.7363700000,µg/m3,2018-12-22 13:00:00 +01:00,2018-12-22 14:00:00 +01:00,1,1
GB,http://environment.data.gov.uk/air-quality/so,GB_Network_1,Station_GB1024A,,GB_SamplingPoint_74174,GB_StationProcess_918,GB_SamplingFeature_918,O3,http://dd.eionet.europa.eu/vocabulary/aq/pollutant/7,hour,55.7299200000,µg/m3,2018-12-22 15:00:00 +01:00,2018-12-22 16:00:00 +01:00,1,1
GB,http://environment.data.gov.uk/air-quality/so,GB_Network_1,Station_GB1024A,,GB_SamplingPoint_74174,GB_StationProcess_918,GB_SamplingFeature_918,O3,http://dd.eionet.europa.eu/vocabulary/aq/pollutant/7,hour,19.7075400000,µg/m3,2018-12-22 20:00:00 +01:00,2018-12-22 21:00:00 +01:00,1,1
GB,http://environment.data.gov.uk/air-quality/so,GB_Network_1,Station_GB1024A,,GB_SamplingPoint_74174,GB_StationProcess_918,GB_SamplingFeature_918,O3,http://dd.eionet.europa.eu/vocabulary/aq/pollutant/7,hour,28.8877600000,µg/m3,2018-12-22 22:00:00 +01:00,2018-12-22 23:00:00 +01:00,1,1
GB,http://environment.data.gov.uk/air-quality/so,GB_Network_1,Station_GB1024A,,GB_SamplingPoint_74174,GB_StationProcess_918,GB_SamplingFeature_918,O3,http://dd.eionet.europa.eu/vocabulary/aq/pollutant/7,hour,39.1157200000,µg/m3,2018-12-22 23:00:00 +01:00,2018-12-23 00:00:00 +01:00,1,1
GB,http://environment.data.gov.uk/air-quality/so,GB_Network_1,Station_GB1024A,,GB_SamplingPoint_74174,GB_StationProcess_918,GB_SamplingFeature_918,O3,http://dd.eionet.europa.eu/vocabulary/aq/pollutant/7,hour,28.5884000000,µg/m3,2018-12-23 00:00:00 +01:00,2018-12-23 01:00:00 +01:00,1,1
GB,http://environment.data.gov.uk/air-quality/so,GB_Network_1,Station_GB1024A,,GB_SamplingPoint_74174,GB_StationProcess_918,GB_SamplingFeature_918,O3,http://dd.eionet.europa.eu/vocabulary/aq/pollutant/7,hour,33.9934200000,µg/m3,2018-12-23 02:00:00 +01:00,2018-12-23 03:00:00 +01:00,1,1
GB,http://environment.data.gov.uk/air-quality/so,GB_Network_1,Station_GB1024A,,GB_SamplingPoint_74174,GB_StationProcess_918,GB_SamplingFeature_918,O3,http://dd.eionet.europa.eu/vocabulary/aq/pollutant/7,hour,40.2133600000,µg/m3,2018-12-23 04:00:00 +01:00,2018-12-23 05:00:00 +01:00,1,1
GB,http://environment.data.gov.uk/air-quality/so,GB_Network_1,Station_GB1024A,,GB_SamplingPoint_74174,GB_StationProcess_918,GB_SamplingFeature_918,O3,http://dd.eionet.europa.eu/vocabulary/aq/pollutant/7,hour,30.9333500000,µg/m3,2018-12-23 07:00:00 +01:00,2018-12-23 08:00:00 +01:00,1,1
GB,http://environment.data.gov.uk/air-quality/so,GB_Network_1,Station_GB1024A,,GB_SamplingPoint_74174,GB_StationProcess_918,GB_SamplingFeature_918,O3,http://dd.eionet.europa.eu/vocabulary/aq/pollutant/7,hour,34.5256100000,µg/m3,2018-12-23 09:00:00 +01:00,2018-12-23 10:00:00 +01:00,1,1
GB,http://environment.data.gov.uk/air-quality/so,GB_Network_1,Station_GB1024A,,GB_SamplingPoint_74174,GB_StationProcess_918,GB_SamplingFeature_918,O3,http://dd.eionet.europa.eu/vocabulary/aq/pollutant/7,hour,26.9918400000,µg/m3,2018-12-23 10:00:00 +01:00,2018-12-23 11:00:00 +01:00,1,1
GB,http://environment.data.gov.uk/air-quality/so,GB_Network_1,Station_GB1024A,,GB_SamplingPoint_74174,GB_StationProcess_918,GB_SamplingFeature_918,O3,http://dd.eionet.europa.eu/vocabulary/aq/pollutant/7,hour,27.7901200000,µg/m3,2018-12-23 11:00:00 +01:00,2018-12-23 12:00:00 +01:00,1,1
GB,http://environment.data.gov.uk/air-quality/so,GB_Network_1,Station_GB1024A,,GB_SamplingPoint_74174,GB_StationProcess_918,GB_SamplingFeature_918,O3,http://dd.eionet.europa.eu/vocabulary/aq/pollutant/7,hour,34.1763600000,µg/m3,2018-12-23 12:00:00 +01:00,2018-12-23 13:00:00 +01:00,1,1
GB,http://environment.data.gov.uk/air-quality/so,GB_Network_1,Station_GB1024A,,GB_SamplingPoint_74174,GB_StationProcess_918,GB_SamplingFeature_918,O3,http://dd.eionet.europa.eu/vocabulary/aq/pollutant/7,hour,33.7273300000,µg/m3,2018-12-23 13:00:00 +01:00,2018-12-23 14:00:00 +01:00,1,1
GB,http://environment.data.gov.uk/air-quality/so,GB_Network_1,Station_GB1024A,,GB_SamplingPoint_74174,GB_StationProcess_918,GB_SamplingFeature_918,O3,http://dd.eionet.europa.eu/vocabulary/aq/pollutant/7,hour,40.9118500000,µg/m3,2018-12-23 15:00:00 +01:00,2018-12-23 16:00:00 +01:00,1,1
GB,http://environment.data.gov.uk/air-quality/so,GB_Network_1,Station_GB1024A,,GB_SamplingPoint_74174,GB_StationProcess_918,GB_SamplingFeature_918,O3,http://dd.eionet.europa.eu/vocabulary/aq/pollutant/7,hour,41.6602400000,µg/m3,2018-12-23 16:00:00 +01:00,2018-12-23 17:00:00 +01:00,1,1
GB,http://environment.data.gov.uk/air-quality/so,GB_Network_1,Station_GB1024A,,GB_SamplingPoint_74174,GB_StationProcess_918,GB_SamplingFeature_918,O3,http://dd.eionet.europa.eu/vocabulary/aq/pollutant/7,hour,36.9703400000,µg/m3,2018-12-23 17:00:00 +01:00,2018-12-23 18:00:00 +01:00,1,1
GB,http://environment.data.gov.uk/air-quality/so,GB_Network_1,Station_GB1024A,,GB_SamplingPoint_74174,GB_StationProcess_918,GB_SamplingFeature_918,O3,http://dd.eionet.europa.eu/vocabulary/aq/pollutant/7,hour,30.8834600000,µg/m3,2018-12-23 18:00:00 +01:00,2018-12-23 19:00:00 +01:00,1,1
GB,http://environment.data.gov.uk/air-quality/so,GB_Network_1,Station_GB1024A,,GB_SamplingPoint_74174,GB_StationProcess_918,GB_SamplingFeature_918,O3,http://dd.eionet.europa.eu/vocabulary/aq/pollutant/7,hour,43.3565800000,µg/m3,2018-12-23 19:00:00 +01:00,2018-12-23 20:00:00 +01:00,1,1
GB,http://environment.data.gov.uk/air-quality/so,GB_Network_1,Station_GB1024A,,GB_SamplingPoint_74174,GB_StationProcess_918,GB_SamplingFeature_918,O3,http://dd.eionet.europa.eu/vocabulary/aq/pollutant/7,hour,54.9815400000,µg/m3,2018-12-23 20:00:00 +01:00,2018-12-23 21:00:00 +01:00,1,1
GB,http://environment.data.gov.uk/air-quality/so,GB_Network_1,Station_GB1024A,,GB_SamplingPoint_74174,GB_StationProcess_918,GB_SamplingFeature_918,O3,http://dd.eionet.europa.eu/vocabulary/aq/pollutant/7,hour,53.7342200000,µg/m3,2018-12-23 22:00:00 +01:00,2018-12-23 23:00:00 +01:00,1,1
GB,http://environment.data.gov.uk/air-quality/so,GB_Network_1,Station_GB1024A,,GB_SamplingPoint_74174,GB_StationProcess_918,GB_SamplingFeature_918,O3,http://dd.eionet.europa.eu/vocabulary/aq/pollutant/7,hour,49.3935800000,µg/m3,2018-12-23 23:00:00 +01:00,2018-12-24 00:00:00 +01:00,1,1
GB,http://environment.data.gov.uk/air-quality/so,GB_Network_1,Station_GB1024A,,GB_SamplingPoint_74174,GB_StationProcess_918,GB_SamplingFeature_918,O3,http://dd.eionet.europa.eu/vocabulary/aq/pollutant/7,hour,42.6414600000,µg/m3,2018-12-24 01:00:00 +01:00,2018-12-24 02:00:00 +01:00,1,1
GB,http://environment.data.gov.uk/air-quality/so,GB_Network_1,Station_GB1024A,,GB_SamplingPoint_74174,GB_StationProcess_918,GB_SamplingFeature_918,O3,http://dd.eionet.europa.eu/vocabulary/aq/pollutant/7,hour,33.2616700000,µg/m3,2018-12-24 02:00:00 +01:00,2018-12-24 03:00:00 +01:00,1,1
GB,http://environment.data.gov.uk/air-quality/so,GB_Network_1,Station_GB1024A,,GB_SamplingPoint_74174,GB_StationProcess_918,GB_SamplingFeature_918,O3,http://dd.eionet.europa.eu/vocabulary/aq/pollutant/7,hour,32.7793700000,µg/m3,2018-12-24 03:00:00 +01:00,2018-12-24 04:00:00 +01:00,1,1
GB,http://environment.data.gov.uk/air-quality/so,GB_Network_1,Station_GB1024A,,GB_SamplingPoint_74174,GB_StationProcess_918,GB_SamplingFeature_918,O3,http://dd.eionet.europa.eu/vocabulary/aq/pollutant/7,hour,25.3952800000,µg/m3,2018-12-24 05:00:00 +01:00,2018-12-24 06:00:00 +01:00,1,1
GB,http://environment.data.gov.uk/air-quality/so,GB_Network_1,Station_GB1024A,,GB_SamplingPoint_74174,GB_StationProcess_918,GB_SamplingFeature_918,O3,http://dd.eionet.europa.eu/vocabulary/aq/pollutant/7,hour,23.8486200000,µg/m3,2018-12-24 06:00:00 +01:00,2018-12-24 07:00:00 +01:00,1,1
GB,http://environment.data.gov.uk/air-quality/so,GB_Network_1,Station_GB1024A,,GB_SamplingPoint_74174,GB_StationProcess_918,GB_SamplingFeature_918,O3,http://dd.eionet.europa.eu/vocabulary/aq/pollutant/7,hour,14.2193600000,µg/m3,2018-12-24 07:00:00 +01:00,2018-12-24 08:00:00 +01:00,1,1
GB,http://environment.data.gov.uk/air-quality/so,GB_Network_1,Station_GB1024A,,GB_SamplingPoint_74174,GB_StationProcess_918,GB_SamplingFeature_918,O3,http://dd.eionet.europa.eu/vocabulary/aq/pollutant/7,hour,6.3363500000,µg/m3,2018-12-24 08:00:00 +01:00,2018-12-24 09:00:00 +01:00,1,1
GB,http://environment.data.gov.uk/air-quality/so,GB_Network_1,Station_GB1024A,,GB_SamplingPoint_74174,GB_StationProcess_918,GB_SamplingFeature_918,O3,http://dd.eionet.europa.eu/vocabulary/aq/pollutant/7,hour,1.5466700000,µg/m3,2018-12-24 09:00:00 +01:00,2018-12-24 10:00:00 +01:00,2,1
GB,http://environment.data.gov.uk/air-quality/so,GB_Network_1,Station_GB1024A,,GB_SamplingPoint_74174,GB_StationProcess_918,GB_SamplingFeature_918,O3,http://dd.eionet.europa.eu/vocabulary/aq/pollutant/7,hour,5.2387100000,µg/m3,2018-12-24 11:00:00 +01:00,2018-12-24 12:00:00 +01:00,2,1
GB,http://environment.data.gov.uk/air-quality/so,GB_Network_1,Station_GB1024A,,GB_SamplingPoint_74174,GB_StationProcess_918,GB_SamplingFeature_918,O3,http://dd.eionet.europa.eu/vocabulary/aq/pollutant/7,hour,12.7724800000,µg/m3,2018-12-24 13:00:00 +01:00,2018-12-24 14:00:00 +01:00,1,1
GB,http://environment.data.gov.uk/air-quality/so,GB_Network_1,Station_GB1024A,,GB_SamplingPoint_74174,GB_StationProcess_918,GB_SamplingFeature_918,O3,http://dd.eionet.europa.eu/vocabulary/aq/pollutant/7,hour,16.6142000000,µg/m3,2018-12-24 14:00:00 +01:00,2018-12-24 15:00:00 +01:00,1,1
GB,http://environment.data.gov.uk/air-quality/so,GB_Network_1,Station_GB1024A,,GB_SamplingPoint_74174,GB_StationProcess_918,GB_SamplingFeature_918,O3,http://dd.eionet.europa.eu/vocabulary/aq/pollutant/7,hour,10.0782900000,µg/m3,2018-12-24 16:00:00 +01:00,2018-12-24 17:00:00 +01:00,1,1
GB,http://environment.data.gov.uk/air-quality/so,GB_Network_1,Station_GB1024A,,GB_SamplingPoint_74174,GB_StationProcess_918,GB_SamplingFeature_918,O3,http://dd.eionet.europa.eu/vocabulary/aq/pollutant/7,hour,0.9978500000,µg/m3,2018-12-24 17:00:00 +01:00,2018-12-24 18:00:00 +01:00,2,1
GB,http://environment.data.gov.uk/air-quality/so,GB_Network_1,Station_GB1024A,,GB_SamplingPoint_74174,GB_StationProcess_918,GB_SamplingFeature_918,O3,http://dd.eionet.europa.eu/vocabulary/aq/pollutant/7,hour,0.7483900000,µg/m3,2018-12-24 18:00:00 +01:00,2018-12-24 19:00:00 +01:00,2,1
GB,http://environment.data.gov.uk/air-quality/so,GB_Network_1,Station_GB1024A,,GB_SamplingPoint_74174,GB_StationProcess_918,GB_SamplingFeature_918,O3,http://dd.eionet.europa.eu/vocabulary/aq/pollutant/7,hour,1.4967800000,µg/m3,2018-12-24 21:00:00 +01:00,2018-12-24 22:00:00 +01:00,2,1
GB,http://environment.data.gov.uk/air-quality/so,GB_Network_1,Station_GB1024A,,GB_SamplingPoint_74174,GB_StationProcess_918,GB_SamplingFeature_918,O3,http://dd.eionet.europa.eu/vocabulary/aq/pollutant/7,hour,1.9957000000,µg/m3,2018-12-24 23:00:00 +01:00,2018-12-25 00:00:00 +01:00,2,1
GB,http://environment.data.gov.uk/air-quality/so,GB_Network_1,Station_GB1024A,,GB_SamplingPoint_74174,GB_StationProcess_918,GB_SamplingFeature_918,O3,http://dd.eionet.europa.eu/vocabulary/aq/pollutant/7,hour,1.7961300000,µg/m3,2018-12-25 00:00:00 +01:00,2018-12-25 01:00:00 +01:00,2,1
GB,http://environment.data.gov.uk/air-quality/so,GB_Network_1,Station_GB1024A,,GB_SamplingPoint_74174,GB_StationProcess_918,GB_SamplingFeature_918,O3,http://dd.eionet.europa.eu/vocabulary/aq/pollutant/7,hour,1.9957000000,µg/m3,2018-12-25 06:00:00 +01:00,2018-12-25 07:00:00 +01:00,2,1
GB,http://environment.data.gov.uk/air-quality/so,GB_Network_1,Station_GB1024A,,GB_SamplingPoint_74174,GB_StationProcess_918,GB_SamplingFeature_918,O3,http://dd.eionet.europa.eu/vocabulary/aq/pollutant/7,hour,3.0933400000,µg/m3,2018-12-25 07:00:00 +01:00,2018-12-25 08:00:00 +01:00,2,1
GB,http://environment.data.gov.uk/air-quality/so,GB_Network_1,Station_GB1024A,,GB_SamplingPoint_74174,GB_StationProcess_918,GB_SamplingFeature_918,O3,http://dd.eionet.europa.eu/vocabulary/aq/pollutant/7,hour,1.9458100000,µg/m3,2018-12-25 10:00:00 +01:00,2018-12-25 11:00:00 +01:00,2,1
GB,http://environment.data.gov.uk/air-quality/so,GB_Network_1,Station_GB1024A,,GB_SamplingPoint_74174,GB_StationProcess_918,GB_SamplingFeature_918,O3,http://dd.eionet.europa.eu/vocabulary/aq/pollutant/7,hour,1.9957000000,µg/m3,2018-12-25 11:00:00 +01:00,2018-12-25 12:00:00 +01:00,2,1
GB,http://environment.data.gov.uk/air-quality/so,GB_Network_1,Station_GB1024A,,GB_SamplingPoint_74174,GB_StationProcess_918,GB_SamplingFeature_918,O3,http://dd.eionet.europa.eu/vocabulary/aq/pollutant/7,hour,1.8460200000,µg/m3,2018-12-25 12:00:00 +01:00,2018-12-25 13:00:00 +01:00,2,1
GB,http://environment.data.gov.uk/air-quality/so,GB_Network_1,Station_GB1024A,,GB_SamplingPoint_74174,GB_StationProcess_918,GB_SamplingFeature_918,O3,http://dd.eionet.europa.eu/vocabulary/aq/pollutant/7,hour,1.7961300000,µg/m3,2018-12-25 13:00:00 +01:00,2018-12-25 14:00:00 +01:00,2,1
GB,http://environment.data.gov.uk/air-quality/so,GB_Network_1,Station_GB1024A,,GB_SamplingPoint_74174,GB_StationProcess_918,GB_SamplingFeature_918,O3,http://dd.eionet.europa.eu/vocabulary/aq/pollutant/7,hour,1.9458100000,µg/m3,2018-12-25 16:00:00 +01:00,2018-12-25 17:00:00 +01:00,2,1
GB,http://environment.data.gov.uk/air-quality/so,GB_Network_1,Station_GB1024A,,GB_SamplingPoint_74174,GB_StationProcess_918,GB_SamplingFeature_918,O3,http://dd.eionet.europa.eu/vocabulary/aq/pollutant/7,hour,3.6421500000,µg/m3,2018-12-25 20:00:00 +01:00,2018-12-25 21:00:00 +01:00,2,1
GB,http://environment.data.gov.uk/air-quality/so,GB_Network_1,Station_GB1024A,,GB_SamplingPoint_74174,GB_StationProcess_918,GB_SamplingFeature_918,O3,http://dd.eionet.europa.eu/vocabulary/aq/pollutant/7,hour,2.8937700000,µg/m3,2018-12-26 00:00:00 +01:00,2018-12-26 01:00:00 +01:00,2,1
GB,http://environment.data.gov.uk/air-quality/so,GB_Network_1,Station_GB1024A,,GB_SamplingPoint_74174,GB_StationProcess_918,GB_SamplingFeature_918,O3,http://dd.eionet.europa.eu/vocabulary/aq/pollutant/7,hour,1.7961300000,µg/m3,2018-12-26 01:00:00 +01:00,2018-12-26 02:00:00 +01:00,2,1
GB,http://environment.data.gov.uk/air-quality/so,GB_Network_1,Station_GB1024A,,GB_SamplingPoint_74174,GB_StationProcess_918,GB_SamplingFeature_918,O3,http://dd.eionet.europa.eu/vocabulary/aq/pollutant/7,hour,3.4592100000,µg/m3,2018-12-26 02:00:00 +01:00,2018-12-26 03:00:00 +01:00,2,1
GB,http://environment.data.gov.uk/air-quality/so,GB_Network_1,Station_GB1024A,,GB_SamplingPoint_74174,GB_StationProcess_918,GB_SamplingFeature_918,O3,http://dd.eionet.europa.eu/vocabulary/aq/pollutant/7,hour,10.1281800000,µg/m3,2018-12-26 05:00:00 +01:00,2018-12-26 06:00:00 +01:00,1,1
GB,http://environment.data.gov.uk/air-quality/so,GB_Network_1,Station_GB1024A,,GB_SamplingPoint_74174,GB_StationProcess_918,GB_SamplingFeature_918,O3,http://dd.eionet.europa.eu/vocabulary/aq/pollutant/7,hour,24.2976500000,µg/m3,2018-12-26 07:00:00 +01:00,2018-12-26 08:00:00 +01:00,1,1
GB,http://environment.data.gov.uk/air-quality/so,GB_Network_1,Station_GB1024A,,GB_SamplingPoint_74174,GB_StationProcess_918,GB_SamplingFeature_918,O3,http://dd.eionet.europa.eu/vocabulary/aq/pollutant/7,hour,24.3974300000,µg/m3,2018-12-26 09:00:00 +01:00,2018-12-26 10:00:00 +01:00,1,1
GB,http://environment.data.gov.uk/air-quality/so,GB_Network_1,Station_GB1024A,,GB_SamplingPoint_74174,GB_StationProcess_918,GB_SamplingFeature_918,O3,http://dd.eionet.europa.eu/vocabulary/aq/pollutant/7,hour,24.8963600000,µg/m3,2018-12-26 11:00:00 +01:00,2018-12-26 12:00:00 +01:00,1,1
GB,http://environment.data.gov.uk/air-quality/so,GB_Network_1,Station_GB1024A,,GB_SamplingPoint_74174,GB_StationProcess_918,GB_SamplingFeature_918,O3,http://dd.eionet.europa.eu/vocabulary/aq/pollutant/7,hour,24.1479700000,µg/m3,2018-12-26 12:00:00 +01:00,2018-12-26 13:00:00 +01:00,1,1
GB,http://environment.data.gov.uk/air-quality/so,GB_Network_1,Station_GB1024A,,GB_SamplingPoint_74174,GB_StationProcess_918,GB_SamplingFeature_918,O3,http://dd.eionet.europa.eu/vocabulary/aq/pollutant/7,hour,29.6361500000,µg/m3,2018-12-26 13:00:00 +01:00,2018-12-26 14:00:00 +01:00,1,1
GB,http://environment.data.gov.uk/air-quality/so,GB_Network_1,Station_GB1024A,,GB_SamplingPoint_74174,GB_StationProcess_918,GB_SamplingFeature_918,O3,http://dd.eionet.europa.eu/vocabulary/aq/pollutant/7,hour,26.5927000000,µg/m3,2018-12-26 14:00:00 +01:00,2018-12-26 15:00:00 +01:00,1,1
GB,http://environment.data.gov.uk/air-quality/so,GB_Network_1,Station_GB1024A,,GB_SamplingPoint_74174,GB_StationProcess_918,GB_SamplingFeature_918,O3,http://dd.eionet.europa.eu/vocabulary/aq/pollutant/7,hour,29.0374400000,µg/m3,2018-12-26 15:00:00 +01:00,2018-12-26 16:00:00 +01:00,1,1
GB,http://environment.data.gov.uk/air-quality/so,GB_Network_1,Station_GB1024A,,GB_SamplingPoint_74174,GB_StationProcess_918,GB_SamplingFeature_918,O3,http://dd.eionet.europa.eu/vocabulary/aq/pollutant/7,hour,21.4038800000,µg/m3,2018-12-26 17:00:00 +01:00,2018-12-26 18:00:00 +01:00,1,1
GB,http://environment.data.gov.uk/air-quality/so,GB_Network_1,Station_GB1024A,,GB_SamplingPoint_74174,GB_StationProcess_918,GB_SamplingFeature_918,O3,http://dd.eionet.europa.eu/vocabulary/aq/pollutant/7,hour,13.5208700000,µg/m3,2018-12-26 18:00:00 +01:00,2018-12-26 19:00:00 +01:00,1,1
GB,http://environment.data.gov.uk/air-quality/so,GB_Network_1,Station_GB1024A,,GB_SamplingPoint_74174,GB_StationProcess_918,GB_SamplingFeature_918,O3,http://dd.eionet.europa.eu/vocabulary/aq/pollutant/7,hour,12.7724800000,µg/m3,2018-12-26 20:00:00 +01:00,2018-12-26 21:00:00 +01:00,1,1
GB,http://environment.data.gov.uk/air-quality/so,GB_Network_1,Station_GB1024A,,GB_SamplingPoint_74174,GB_StationProcess_918,GB_SamplingFeature_918,O3,http://dd.eionet.europa.eu/vocabulary/aq/pollutant/7,hour,13.9699000000,µg/m3,2018-12-26 21:00:00 +01:00,2018-12-26 22:00:00 +01:00,1,1
GB,http://environment.data.gov.uk/air-quality/so,GB_Network_1,Station_GB1024A,,GB_SamplingPoint_74174,GB_StationProcess_918,GB_SamplingFeature_918,O3,http://dd.eionet.europa.eu/vocabulary/aq/pollutant/7,hour,3.6421500000,µg/m3,2018-12-26 22:00:00 +01:00,2018-12-26 23:00:00 +01:00,2,1
GB,http://environment.data.gov.uk/air-quality/so,GB_Network_1,Station_GB1024A,,GB_SamplingPoint_74174,GB_StationProcess_918,GB_SamplingFeature_918,O3,http://dd.eionet.europa.eu/vocabulary/aq/pollutant/7,hour,1.5965600000,µg/m3,2018-12-27 00:00:00 +01:00,2018-12-27 01:00:00 +01:00,2,1
GB,http://environment.data.gov.uk/air-quality/so,GB_Network_1,Station_GB1024A,,GB_SamplingPoint_74174,GB_StationProcess_918,GB_SamplingFeature_918,O3,http://dd.eionet.europa.eu/vocabulary/aq/pollutant/7,hour,2.2617900000,µg/m3,2018-12-27 02:00:00 +01:00,2018-12-27 03:00:00 +01:00,2,1
GB,http://environment.data.gov.uk/air-quality/so,GB_Network_1,Station_GB1024A,,GB_SamplingPoint_74174,GB_StationProcess_918,GB_SamplingFeature_918,O3,http://dd.eionet.europa.eu/vocabulary/aq/pollutant/7,hour,1.6963500000,µg/m3,2018-12-27 03:00:00 +01:00,2018-12-27 04:00:00 +01:00,2,1
GB,http://environment.data.gov.uk/air-quality/so,GB_Network_1,Station_GB1024A,,GB_SamplingPoint_74174,GB_StationProcess_918,GB_SamplingFeature_918,O3,http://dd.eionet.europa.eu/vocabulary/aq/pollutant/7,hour,1.4967800000,µg/m3,2018-12-27 05:00:00 +01:00,2018-12-27 06:00:00 +01:00,2,1
GB,http://environment.data.gov.uk/air-quality/so,GB_Network_1,Station_GB1024A,,GB_SamplingPoint_74174,GB_StationProcess_918,GB_SamplingFeature_918,O3,http://dd.eionet.europa.eu/vocabulary/aq/pollutant/7,hour,1.7462400000,µg/m3,2018-12-27 06:00:00 +01:00,2018-12-27 07:00:00 +01:00,2,1
GB,http://environment.data.gov.uk/air-quality/so,GB_Network_1,Station_GB1024A,,GB_SamplingPoint_74174,GB_StationProcess_918,GB_SamplingFeature_918,O3,http://dd.eionet.europa.eu/vocabulary/aq/pollutant/7,hour,1.8460200000,µg/m3,2018-12-27 07:00:00 +01:00,2018-12-27 08:00:00 +01:00,2,1
GB,http://environment.data.gov.uk/air-quality/so,GB_Network_1,Station_GB1024A,,GB_SamplingPoint_74174,GB_StationProcess_918,GB_SamplingFeature_918,O3,http://dd.eionet.europa.eu/vocabulary/aq/pollutant/7,hour,2.9436600000,µg/m3,2018-12-27 15:00:00 +01:00,2018-12-27 16:00:00 +01:00,2,1
GB,http://environment.data.gov.uk/air-quality/so,GB_Network_1,Station_GB1024A,,GB_SamplingPoint_74174,GB_StationProcess_918,GB_SamplingFeature_918,O3,http://dd.eionet.europa.eu/vocabulary/aq/pollutant/7,hour,1.9957000000,µg/m3,2018-12-27 22:00:00 +01:00,2018-12-27 23:00:00 +01:00,2,1
GB,http://environment.data.gov.uk/air-quality/so,GB_Network_1,Station_GB1024A,,GB_SamplingPoint_74174,GB_StationProcess_918,GB_SamplingFeature_918,O3,http://dd.eionet.europa.eu/vocabulary/aq/pollutant/7,hour,1.5965600000,µg/m3,2018-12-27 23:00:00 +01:00,2018-12-28 00:00:00 +01:00,2,1
GB,http://environment.data.gov.uk/air-quality/so,GB_Network_1,Station_GB1024A,,GB_SamplingPoint_74174,GB_StationProcess_918,GB_SamplingFeature_918,O3,http://dd.eionet.europa.eu/vocabulary/aq/pollutant/7,hour,1.7961300000,µg/m3,2018-12-28 02:00:00 +01:00,2018-12-28 03:00:00 +01:00,2,1
GB,http://environment.data.gov.uk/air-quality/so,GB_Network_1,Station_GB1024A,,GB_SamplingPoint_74174,GB_StationProcess_918,GB_SamplingFeature_918,O3,http://dd.eionet.europa.eu/vocabulary/aq/pollutant/7,hour,1.8460200000,µg/m3,2018-12-28 03:00:00 +01:00,2018-12-28 04:00:00 +01:00,2,1
GB,http://environment.data.gov.uk/air-quality/so,GB_Network_1,Station_GB1024A,,GB_SamplingPoint_74174,GB_StationProcess_918,GB_SamplingFeature_918,O3,http://dd.eionet.europa.eu/vocabulary/aq/pollutant/7,hour,1.7961300000,µg/m3,2018-12-28 06:00:00 +01:00,2018-12-28 07:00:00 +01:00,2,1
GB,http://environment.data.gov.uk/air-quality/so,GB_Network_1,Station_GB1024A,,GB_SamplingPoint_74174,GB_StationProcess_918,GB_SamplingFeature_918,O3,http://dd.eionet.europa.eu/vocabulary/aq/pollutant/7,hour,1.4967800000,µg/m3,2018-12-28 07:00:00 +01:00,2018-12-28 08:00:00 +01:00,2,1
GB,http://environment.data.gov.uk/air-quality/so,GB_Network_1,Station_GB1024A,,GB_SamplingPoint_74174,GB_StationProcess_918,GB_SamplingFeature_918,O3,http://dd.eionet.europa.eu/vocabulary/aq/pollutant/7,hour,2.8937700000,µg/m3,2018-12-28 11:00:00 +01:00,2018-12-28 12:00:00 +01:00,2,1
GB,http://environment.data.gov.uk/air-quality/so,GB_Network_1,Station_GB1024A,,GB_SamplingPoint_74174,GB_StationProcess_918,GB_SamplingFeature_918,O3,http://dd.eionet.europa.eu/vocabulary/aq/pollutant/7,hour,5.2387100000,µg/m3,2018-12-28 13:00:00 +01:00,2018-12-28 14:00:00 +01:00,2,1
GB,http://environment.data.gov.uk/air-quality/so,GB_Network_1,Station_GB1024A,,GB_SamplingPoint_74174,GB_StationProcess_918,GB_SamplingFeature_918,O3,http://dd.eionet.europa.eu/vocabulary/aq/pollutant/7,hour,24.8464700000,µg/m3,2018-12-28 14:00:00 +01:00,2018-12-28 15:00:00 +01:00,1,1
GB,http://environment.data.gov.uk/air-quality/so,GB_Network_1,Station_GB1024A,,GB_SamplingPoint_74174,GB_StationProcess_918,GB_SamplingFeature_918,O3,http://dd.eionet.europa.eu/vocabulary/aq/pollutant/7,hour,28.0395900000,µg/m3,2018-12-28 15:00:00 +01:00,2018-12-28 16:00:00 +01:00,1,1
GB,http://environment.data.gov.uk/air-quality/so,GB_Network_1,Station_GB1024A,,GB_SamplingPoint_74174,GB_StationProcess_918,GB_SamplingFeature_918,O3,http://dd.eionet.europa.eu/vocabulary/aq/pollutant/7,hour,7.8331200000,µg/m3,2018-12-28 18:00:00 +01:00,2018-12-28 19:00:00 +01:00,1,1
GB,http://environment.data.gov.uk/air-quality/so,GB_Network_1,Station_GB1024A,,GB_SamplingPoint_74174,GB_StationProcess_918,GB_SamplingFeature_918,O3,http://dd.eionet.europa.eu/vocabulary/aq/pollutant/7,hour,4.4903300000,µg/m3,2018-12-28 19:00:00 +01:00,2018-12-28 20:00:00 +01:00,2,1
GB,http://environment.data.gov.uk/air-quality/so,GB_Network_1,Station_GB1024A,,GB_SamplingPoint_74174,GB_StationProcess_918,GB_SamplingFeature_918,O3,http://dd.eionet.europa.eu/vocabulary/aq/pollutant/7,hour,2.9436600000,µg/m3,2018-12-28 20:00:00 +01:00,2018-12-28 21:00:00 +01:00,2,1
GB,http://environment.data.gov.uk/air-quality/so,GB_Network_1,Station_GB1024A,,GB_SamplingPoint_74174,GB_StationProcess_918,GB_SamplingFeature_918,O3,http://dd.eionet.europa.eu/vocabulary/aq/pollutant/7,hour,1.7961300000,µg/m3,2018-12-28 21:00:00 +01:00,2018-12-28 22:00:00 +01:00,2,1
GB,http://environment.data.gov.uk/air-quality/so,GB_Network_1,Station_GB1024A,,GB_SamplingPoint_74174,GB_StationProcess_918,GB_SamplingFeature_918,O3,http://dd.eionet.europa.eu/vocabulary/aq/pollutant/7,hour,1.5466700000,µg/m3,2018-12-29 00:00:00 +01:00,2018-12-29 01:00:00 +01:00,2,1
GB,http://environment.data.gov.uk/air-quality/so,GB_Network_1,Station_GB1024A,,GB_SamplingPoint_74174,GB_StationProcess_918,GB_SamplingFeature_918,O3,http://dd.eionet.europa.eu/vocabulary/aq/pollutant/7,hour,12.9221600000,µg/m3,2018-12-29 03:00:00 +01:00,2018-12-29 04:00:00 +01:00,1,1
GB,http://environment.data.gov.uk/air-quality/so,GB_Network_1,Station_GB1024A,,GB_SamplingPoint_74174,GB_StationProcess_918,GB_SamplingFeature_918,O3,http://dd.eionet.europa.eu/vocabulary/aq/pollutant/7,hour,32.7793700000,µg/m3,2018-12-29 04:00:00 +01:00,2018-12-29 05:00:00 +01:00,1,1
GB,http://environment.data.gov.uk/air-quality/so,GB_Network_1,Station_GB1024A,,GB_SamplingPoint_74174,GB_StationProcess_918,GB_SamplingFeature_918,O3,http://dd.eionet.europa.eu/vocabulary/aq/pollutant/7,hour,44.5540000000,µg/m3,2018-12-29 10:00:00 +01:00,2018-12-29 11:00:00 +01:00,1,1
GB,http://environment.data.gov.uk/air-quality/so,GB_Network_1,Station_GB1024A,,GB_SamplingPoint_74174,GB_StationProcess_918,GB_SamplingFeature_918,O3,http://dd.eionet.europa.eu/vocabulary/aq/pollutant/7,hour,46.1006700000,µg/m3,2018-12-29 11:00:00 +01:00,2018-12-29 12:00:00 +01:00,1,1
GB,http://environment.data.gov.uk/air-quality/so,GB_Network_1,Station_GB1024A,,GB_SamplingPoint_74174,GB_StationProcess_918,GB_SamplingFeature_918,O3,http://dd.eionet.europa.eu/vocabulary/aq/pollutant/7,hour,51.5389500000,µg/m3,2018-12-29 13:00:00 +01:00,2018-12-29 14:00:00 +01:00,1,1
GB,http://environment.data.gov.uk/air-quality/so,GB_Network_1,Station_GB1024A,,GB_SamplingPoint_74174,GB_StationProcess_918,GB_SamplingFeature_918,O3,http://dd.eionet.europa.eu/vocabulary/aq/pollutant/7,hour,49.5931500000,µg/m3,2018-12-29 14:00:00 +01:00,2018-12-29 15:00:00 +01:00,1,1
GB,http://environment.data.gov.uk/air-quality/so,GB_Network_1,Station_GB1024A,,GB_SamplingPoint_74174,GB_StationProcess_918,GB_SamplingFeature_918,O3,http://dd.eionet.europa.eu/vocabulary/aq/pollutant/7,hour,49.2937900000,µg/m3,2018-12-29 15:00:00 +01:00,2018-12-29 16:00:00 +01:00,1,1
GB,http://environment.data.gov.uk/air-quality/so,GB_Network_1,Station_GB1024A,,GB_SamplingPoint_74174,GB_StationProcess_918,GB_SamplingFeature_918,O3,http://dd.eionet.europa.eu/vocabulary/aq/pollutant/7,hour,14.4189300000,µg/m3,2018-12-29 19:00:00 +01:00,2018-12-29 20:00:00 +01:00,1,1
GB,http://environment.data.gov.uk/air-quality/so,GB_Network_1,Station_GB1024A,,GB_SamplingPoint_74174,GB_StationProcess_918,GB_SamplingFeature_918,O3,http://dd.eionet.europa.eu/vocabulary/aq/pollutant/7,hour,19.8572200000,µg/m3,2018-12-29 20:00:00 +01:00,2018-12-29 21:00:00 +01:00,1,1
GB,http://environment.data.gov.uk/air-quality/so,GB_Network_1,Station_GB1024A,,GB_SamplingPoint_74174,GB_StationProcess_918,GB_SamplingFeature_918,O3,http://dd.eionet.europa.eu/vocabulary/aq/pollutant/7,hour,12.7225900000,µg/m3,2018-12-29 23:00:00 +01:00,2018-12-30 00:00:00 +01:00,1,1
GB,http://environment.data.gov.uk/air-quality/so,GB_Network_1,Station_GB1024A,,GB_SamplingPoint_74174,GB_StationProcess_918,GB_SamplingFeature_918,O3,http://dd.eionet.europa.eu/vocabulary/aq/pollutant/7,hour,14.1694700000,µg/m3,2018-12-30 00:00:00 +01:00,2018-12-30 01:00:00 +01:00,1,1
GB,http://environment.data.gov.uk/air-quality/so,GB_Network_1,Station_GB1024A,,GB_SamplingPoint_74174,GB_StationProcess_918,GB_SamplingFeature_918,O3,http://dd.eionet.europa.eu/vocabulary/aq/pollutant/7,hour,10.3277500000,µg/m3,2018-12-30 05:00:00 +01:00,2018-12-30 06:00:00 +01:00,1,1
GB,http://environment.data.gov.uk/air-quality/so,GB_Network_1,Station_GB1024A,,GB_SamplingPoint_74174,GB_StationProcess_918,GB_SamplingFeature_918,O3,http://dd.eionet.europa.eu/vocabulary/aq/pollutant/7,hour,13.1716200000,µg/m3,2018-12-30 06:00:00 +01:00,2018-12-30 07:00:00 +01:00,1,1
GB,http://environment.data.gov.uk/air-quality/so,GB_Network_1,Station_GB1024A,,GB_SamplingPoint_74174,GB_StationProcess_918,GB_SamplingFeature_918,O3,http://dd.eionet.europa.eu/vocabulary/aq/pollutant/7,hour,17.3625900000,µg/m3,2018-12-30 07:00:00 +01:00,2018-12-30 08:00:00 +01:00,1,1
GB,http://environment.data.gov.uk/air-quality/so,GB_Network_1,Station_GB1024A,,GB_SamplingPoint_74174,GB_StationProcess_918,GB_SamplingFeature_918,O3,http://dd.eionet.europa.eu/vocabulary/aq/pollutant/7,hour,21.9527000000,µg/m3,2018-12-30 08:00:00 +01:00,2018-12-30 09:00:00 +01:00,1,1
GB,http://environment.data.gov.uk/air-quality/so,GB_Network_1,Station_GB1024A,,GB_SamplingPoint_74174,GB_StationProcess_918,GB_SamplingFeature_918,O3,http://dd.eionet.europa.eu/vocabulary/aq/pollutant/7,hour,40.7122800000,µg/m3,2018-12-30 10:00:00 +01:00,2018-12-30 11:00:00 +01:00,1,1
GB,http://environment.data.gov.uk/air-quality/so,GB_Network_1,Station_GB1024A,,GB_SamplingPoint_74174,GB_StationProcess_918,GB_SamplingFeature_918,O3,http://dd.eionet.europa.eu/vocabulary/aq/pollutant/7,hour,38.6666900000,µg/m3,2018-12-30 11:00:00 +01:00,2018-12-30 12:00:00 +01:00,1,1
GB,http://environment.data.gov.uk/air-quality/so,GB_Network_1,Station_GB1024A,,GB_SamplingPoint_74174,GB_StationProcess_918,GB_SamplingFeature_918,O3,http://dd.eionet.europa.eu/vocabulary/aq/pollutant/7,hour,38.1677600000,µg/m3,2018-12-30 12:00:00 +01:00,2018-12-30 13:00:00 +01:00,1,1
GB,http://environment.data.gov.uk/air-quality/so,GB_Network_1,Station_GB1024A,,GB_SamplingPoint_74174,GB_StationProcess_918,GB_SamplingFeature_918,O3,http://dd.eionet.europa.eu/vocabulary/aq/pollutant/7,hour,28.1393700000,µg/m3,2018-12-30 16:00:00 +01:00,2018-12-30 17:00:00 +01:00,1,1
GB,http://environment.data.gov.uk/air-quality/so,GB_Network_1,Station_GB1024A,,GB_SamplingPoint_74174,GB_StationProcess_918,GB_SamplingFeature_918,O3,http://dd.eionet.europa.eu/vocabulary/aq/pollutant/7,hour,20.7053900000,µg/m3,2018-12-30 17:00:00 +01:00,2018-12-30 18:00:00 +01:00,1,1
GB,http://environment.data.gov.uk/air-quality/so,GB_Network_1,Station_GB1024A,,GB_SamplingPoint_74174,GB_StationProcess_918,GB_SamplingFeature_918,O3,http://dd.eionet.europa.eu/vocabulary/aq/pollutant/7,hour,28.1892600000,µg/m3,2018-12-30 19:00:00 +01:00,2018-12-30 20:00:00 +01:00,1,1
GB,http://environment.data.gov.uk/air-quality/so,GB_Network_1,Station_GB1024A,,GB_SamplingPoint_74174,GB_StationProcess_918,GB_SamplingFeature_918,O3,http://dd.eionet.europa.eu/vocabulary/aq/pollutant/7,hour,39.4150800000,µg/m3,2018-12-30 21:00:00 +01:00,2018-12-30 22:00:00 +01:00,1,1
GB,http://environment.data.gov.uk/air-quality/so,GB_Network_1,Station_GB1024A,,GB_SamplingPoint_74174,GB_StationProcess_918,GB_SamplingFeature_918,O3,http://dd.eionet.europa.eu/vocabulary/aq/pollutant/7,hour,40.3630300000,µg/m3,2018-12-30 22:00:00 +01:00,2018-12-30 23:00:00 +01:00,1,1
GB,http://environment.data.gov.uk/air-quality/so,GB_Network_1,Station_GB1024A,,GB_SamplingPoint_74174,GB_StationProcess_918,GB_SamplingFeature_918,O3,http://dd.eionet.europa.eu/vocabulary/aq/pollutant/7,hour,43.3565800000,µg/m3,2018-12-30 23:00:00 +01:00,2018-12-31 00:00:00 +01:00,1,1
GB,http://environment.data.gov.uk/air-quality/so,GB_Network_1,Station_GB1024A,,GB_SamplingPoint_74174,GB_StationProcess_918,GB_SamplingFeature_918,O3,http://dd.eionet.europa.eu/vocabulary/aq/pollutant/7,hour,45.3023900000,µg/m3,2018-12-31 00:00:00 +01:00,2018-12-31 01:00:00 +01:00,1,1
GB,http://environment.data.gov.uk/air-quality/so,GB_Network_1,Station_GB1024A,,GB_SamplingPoint_74174,GB_StationProcess_918,GB_SamplingFeature_918,O3,http://dd.eionet.europa.eu/vocabulary/aq/pollutant/7,hour,56.4783100000,µg/m3,2018-12-31 02:00:00 +01:00,2018-12-31 03:00:00 +01:00,1,1
GB,http://environment.data.gov.uk/air-quality/so,GB_Network_1,Station_GB1024A,,GB_SamplingPoint_74174,GB_StationProcess_918,GB_SamplingFeature_918,O3,http://dd.eionet.europa.eu/vocabulary/aq/pollutant/7,hour,54.0335800000,µg/m3,2018-12-31 03:00:00 +01:00,2018-12-31 04:00:00 +01:00,1,1
GB,http://environment.data.gov.uk/air-quality/so,GB_Network_1,Station_GB1024A,,GB_SamplingPoint_74174,GB_StationProcess_918,GB_SamplingFeature_918,O3,http://dd.eionet.europa.eu/vocabulary/aq/pollutant/7,hour,52.5368000000,µg/m3,2018-12-31 04:00:00 +01:00,2018-12-31 05:00:00 +01:00,1,1
GB,http://environment.data.gov.uk/air-quality/so,GB_Network_1,Station_GB1024A,,GB_SamplingPoint_74174,GB_StationProcess_918,GB_SamplingFeature_918,O3,http://dd.eionet.europa.eu/vocabulary/aq/pollutant/7,hour,52.5867000000,µg/m3,2018-12-31 06:00:00 +01:00,2018-12-31 07:00:00 +01:00,1,1
GB,http://environment.data.gov.uk/air-quality/so,GB_Network_1,Station_GB1024A,,GB_SamplingPoint_74174,GB_StationProcess_918,GB_SamplingFeature_918,O3,http://dd.eionet.europa.eu/vocabulary/aq/pollutant/7,hour,47.2980900000,µg/m3,2018-12-31 07:00:00 +01:00,2018-12-31 08:00:00 +01:00,1,1
GB,http://environment.data.gov.uk/air-quality/so,GB_Network_1,Station_GB1024A,,GB_SamplingPoint_74174,GB_StationProcess_918,GB_SamplingFeature_918,O3,http://dd.eionet.europa.eu/vocabulary/aq/pollutant/7,hour,46.4000300000,µg/m3,2018-12-31 09:00:00 +01:00,2018-12-31 10:00:00 +01:00,1,1
GB,http://environment.data.gov.uk/air-quality/so,GB_Network_1,Station_GB1024A,,GB_SamplingPoint_74174,GB_StationProcess_918,GB_SamplingFeature_918,O3,http://dd.eionet.europa.eu/vocabulary/aq/pollutant/7,hour,47.5475500000,µg/m3,2018-12-31 10:00:00 +01:00,2018-12-31 11:00:00 +01:00,1,1
GB,http://environment.data.gov.uk/air-quality/so,GB_Network_1,Station_GB1024A,,GB_SamplingPoint_74174,GB_StationProcess_918,GB_SamplingFeature_918,O3,http://dd.eionet.europa.eu/vocabulary/aq/pollutant/7,hour,52.6864800000,µg/m3,2018-12-31 11:00:00 +01:00,2018-12-31 12:00:00 +01:00,1,1
GB,http://environment.data.gov.uk/air-quality/so,GB_Network_1,Station_GB1024A,,GB_SamplingPoint_74174,GB_StationProcess_918,GB_SamplingFeature_918,O3,http://dd.eionet.europa.eu/vocabulary/aq/pollutant/7,hour,54.9316400000,µg/m3,2018-12-31 12:00:00 +01:00,2018-12-31 13:00:00 +01:00,1,1
GB,http://environment.data.gov.uk/air-quality/so,GB_Network_1,Station_GB1024A,,GB_SamplingPoint_74174,GB_StationProcess_918,GB_SamplingFeature_918,O3,http://dd.eionet.europa.eu/vocabulary/aq/pollutant/7,hour,52.0378800000,µg/m3,2018-12-31 13:00:00 +01:00,2018-12-31 14:00:00 +01:00,1,1
GB,http://environment.data.gov.uk/air-quality/so,GB_Network_1,Station_GB1024A,,GB_SamplingPoint_74174,GB_StationProcess_918,GB_SamplingFeature_918,O3,http://dd.eionet.europa.eu/vocabulary/aq/pollutant/7,hour,54.2331500000,µg/m3,2018-12-31 15:00:00 +01:00,2018-12-31 16:00:00 +01:00,1,1
GB,http://environment.data.gov.uk/air-quality/so,GB_Network_1,Station_GB1024A,,GB_SamplingPoint_74174,GB_StationProcess_918,GB_SamplingFeature_918,O3,http://dd.eionet.europa.eu/vocabulary/aq/pollutant/7,hour,54.1333600000,µg/m3,2018-12-31 19:00:00 +01:00,2018-12-31 20:00:00 +01:00,1,1
GB,http://environment.data.gov.uk/air-quality/so,GB_Network_1,Station_GB1024A,,GB_SamplingPoint_74174,GB_StationProcess_918,GB_SamplingFeature_918,O3,http://dd.eionet.europa.eu/vocabulary/aq/pollutant/7,hour,48.0464800000,µg/m3,2018-12-31 22:00:00 +01:00,2018-12-31 23:00:00 +01:00,1,1
GB,http://environment.data.gov.uk/air-quality/so,GB_Network_1,Station_GB1024A,,GB_SamplingPoint_74174,GB_StationProcess_918,GB_SamplingFeature_918,O3,http://dd.eionet.europa.eu/vocabulary/aq/pollutant/7,hour,66.1241899900,µg/m3,2018-01-01 02:00:00 +01:00,2018-01-01 03:00:00 +01:00,1,1
GB,http://environment.data.gov.uk/air-quality/so,GB_Network_1,Station_GB1024A,,GB_SamplingPoint_74174,GB_StationProcess_918,GB_SamplingFeature_918,O3,http://dd.eionet.europa.eu/vocabulary/aq/pollutant/7,hour,67.5045499900,µg/m3,2018-01-01 03:00:00 +01:00,2018-01-01 04:00:00 +01:00,1,1
GB,http://environment.data.gov.uk/air-quality/so,GB_Network_1,Station_GB1024A,,GB_SamplingPoint_74174,GB_StationProcess_918,GB_SamplingFeature_918,O3,http://dd.eionet.europa.eu/vocabulary/aq/pollutant/7,hour,73.1424099900,µg/m3,2018-01-01 04:00:00 +01:00,2018-01-01 05:00:00 +01:00,1,1
GB,http://environment.data.gov.uk/air-quality/so,GB_Network_1,Station_GB1024A,,GB_SamplingPoint_74174,GB_StationProcess_918,GB_SamplingFeature_918,O3,http://dd.eionet.europa.eu/vocabulary/aq/pollutant/7,hour,71.2963799900,µg/m3,2018-01-01 06:00:00 +01:00,2018-01-01 07:00:00 +01:00,1,1
GB,http://environment.data.gov.uk/air-quality/so,GB_Network_1,Station_GB1024A,,GB_SamplingPoint_74174,GB_StationProcess_918,GB_SamplingFeature_918,O3,http://dd.eionet.europa.eu/vocabulary/aq/pollutant/7,hour,68.5023999900,µg/m3,2018-01-01 07:00:00 +01:00,2018-01-01 08:00:00 +01:00,1,1
GB,http://environment.data.gov.uk/air-quality/so,GB_Network_1,Station_GB1024A,,GB_SamplingPoint_74174,GB_StationProcess_918,GB_SamplingFeature_918,O3,http://dd.eionet.europa.eu/vocabulary/aq/pollutant/7,hour,58.5737999900,µg/m3,2018-01-01 09:00:00 +01:00,2018-01-01 10:00:00 +01:00,1,1
GB,http://environment.data.gov.uk/air-quality/so,GB_Network_1,Station_GB1024A,,GB_SamplingPoint_74174,GB_StationProcess_918,GB_SamplingFeature_918,O3,http://dd.eionet.europa.eu/vocabulary/aq/pollutant/7,hour,38.7664699900,µg/m3,2018-01-01 10:00:00 +01:00,2018-01-01 11:00:00 +01:00,1,1
GB,http://environment.data.gov.uk/air-quality/so,GB_Network_1,Station_GB1024A,,GB_SamplingPoint_74174,GB_StationProcess_918,GB_SamplingFeature_918,O3,http://dd.eionet.europa.eu/vocabulary/aq/pollutant/7,hour,72.2443399900,µg/m3,2018-01-01 15:00:00 +01:00,2018-01-01 16:00:00 +01:00,1,1
GB,http://environment.data.gov.uk/air-quality/so,GB_Network_1,Station_GB1024A,,GB_SamplingPoint_74174,GB_StationProcess_918,GB_SamplingFeature_918,O3,http://dd.eionet.europa.eu/vocabulary/aq/pollutant/7,hour,65.6086399900,µg/m3,2018-01-01 16:00:00 +01:00,2018-01-01 17:00:00 +01:00,1,1
GB,http://environment.data.gov.uk/air-quality/so,GB_Network_1,Station_GB1024A,,GB_SamplingPoint_74174,GB_StationProcess_918,GB_SamplingFeature_918,O3,http://dd.eionet.europa.eu/vocabulary/aq/pollutant/7,hour,54.3329299900,µg/m3,2018-01-01 17:00:00 +01:00,2018-01-01 18:00:00 +01:00,1,1
GB,http://environment.data.gov.uk/air-quality/so,GB_Network_1,Station_GB1024A,,GB_SamplingPoint_74174,GB_StationProcess_918,GB_SamplingFeature_918,O3,http://dd.eionet.europa.eu/vocabulary/aq/pollutant/7,hour,50.8903499900,µg/m3,2018-01-01 18:00:00 +01:00,2018-01-01 19:00:00 +01:00,1,1
GB,http://environment.data.gov.uk/air-quality/so,GB_Network_1,Station_GB1024A,,GB_SamplingPoint_74174,GB_StationProcess_918,GB_SamplingFeature_918,O3,http://dd.eionet.europa.eu/vocabulary/aq/pollutant/7,hour,70.6477799900,µg/m3,2018-01-02 00:00:00 +01:00,2018-01-02 01:00:00 +01:00,1,1
GB,http://environment.data.gov.uk/air-quality/so,GB_Network_1,Station_GB1024A,,GB_SamplingPoint_74174,GB_StationProcess_918,GB_SamplingFeature_918,O3,http://dd.eionet.europa.eu/vocabulary/aq/pollutant/7,hour,66.1907199900,µg/m3,2018-01-02 02:00:00 +01:00,2018-01-02 03:00:00 +01:00,1,1
GB,http://environment.data.gov.uk/air-quality/so,GB_Network_1,Station_GB1024A,,GB_SamplingPoint_74174,GB_StationProcess_918,GB_SamplingFeature_918,O3,http://dd.eionet.europa.eu/vocabulary/aq/pollutant/7,hour,56.0791699900,µg/m3,2018-01-02 04:00:00 +01:00,2018-01-02 05:00:00 +01:00,1,1
GB,http://environment.data.gov.uk/air-quality/so,GB_Network_1,Station_GB1024A,,GB_SamplingPoint_74174,GB_StationProcess_918,GB_SamplingFeature_918,O3,http://dd.eionet.europa.eu/vocabulary/aq/pollutant/7,hour,14.1195799900,µg/m3,2018-01-02 09:00:00 +01:00,2018-01-02 10:00:00 +01:00,1,1
GB,http://environment.data.gov.uk/air-quality/so,GB_Network_1,Station_GB1024A,,GB_SamplingPoint_74174,GB_StationProcess_918,GB_SamplingFeature_918,O3,http://dd.eionet.europa.eu/vocabulary/aq/pollutant/7,hour,26.9419499900,µg/m3,2018-01-02 13:00:00 +01:00,2018-01-02 14:00:00 +01:00,1,1
GB,http://environment.data.gov.uk/air-quality/so,GB_Network_1,Station_GB1024A,,GB_SamplingPoint_74174,GB_StationProcess_918,GB_SamplingFeature_918,O3,http://dd.eionet.europa.eu/vocabulary/aq/pollutant/7,hour,34.8748599900,µg/m3,2018-01-02 17:00:00 +01:00,2018-01-02 18:00:00 +01:00,1,1
GB,http://environment.data.gov.uk/air-quality/so,GB_Network_1,Station_GB1024A,,GB_SamplingPoint_74174,GB_StationProcess_918,GB_SamplingFeature_918,O3,http://dd.eionet.europa.eu/vocabulary/aq/pollutant/7,hour,37.6189499900,µg/m3,2018-01-02 18:00:00 +01:00,2018-01-02 19:00:00 +01:00,1,1
GB,http://environment.data.gov.uk/air-quality/so,GB_Network_1,Station_GB1024A,,GB_SamplingPoint_74174,GB_StationProcess_918,GB_SamplingFeature_918,O3,http://dd.eionet.europa.eu/vocabulary/aq/pollutant/7,hour,42.6081999900,µg/m3,2018-01-02 20:00:00 +01:00,2018-01-02 21:00:00 +01:00,1,1
GB,http://environment.data.gov.uk/air-quality/so,GB_Network_1,Station_GB1024A,,GB_SamplingPoint_74174,GB_StationProcess_918,GB_SamplingFeature_918,O3,http://dd.eionet.europa.eu/vocabulary/aq/pollutant/7,hour,65.7583199900,µg/m3,2018-01-03 00:00:00 +01:00,2018-01-03 01:00:00 +01:00,1,1
GB,http://environment.data.gov.uk/air-quality/so,GB_Network_1,Station_GB1024A,,GB_SamplingPoint_74174,GB_StationProcess_918,GB_SamplingFeature_918,O3,http://dd.eionet.europa.eu/vocabulary/aq/pollutant/7,hour,77.1670699900,µg/m3,2018-01-03 01:00:00 +01:00,2018-01-03 02:00:00 +01:00,1,1
GB,http://environment.data.gov.uk/air-quality/so,GB_Network_1,Station_GB1024A,,GB_SamplingPoint_74174,GB_StationProcess_918,GB_SamplingFeature_918,O3,http://dd.eionet.europa.eu/vocabulary/aq/pollutant/7,hour,76.5018299900,µg/m3,2018-01-03 02:00:00 +01:00,2018-01-03 03:00:00 +01:00,1,1
GB,http://environment.data.gov.uk/air-quality/so,GB_Network_1,Station_GB1024A,,GB_SamplingPoint_74174,GB_StationProcess_918,GB_SamplingFeature_918,O3,http://dd.eionet.europa.eu/vocabulary/aq/pollutant/7,hour,86.6632699900,µg/m3,2018-01-03 04:00:00 +01:00,2018-01-03 05:00:00 +01:00,1,1
GB,http://environment.data.gov.uk/air-quality/so,GB_Network_1,Station_GB1024A,,GB_SamplingPoint_74174,GB_StationProcess_918,GB_SamplingFeature_918,O3,http://dd.eionet.europa.eu/vocabulary/aq/pollutant/7,hour,84.6176799900,µg/m3,2018-01-03 05:00:00 +01:00,2018-01-03 06:00:00 +01:00,1,1
GB,http://environment.data.gov.uk/air-quality/so,GB_Network_1,Station_GB1024A,,GB_SamplingPoint_74174,GB_StationProcess_918,GB_SamplingFeature_918,O3,http://dd.eionet.europa.eu/vocabulary/aq/pollutant/7,hour,79.2791799900,µg/m3,2018-01-03 07:00:00 +01:00,2018-01-03 08:00:00 +01:00,1,1
GB,http://environment.data.gov.uk/air-quality/so,GB_Network_1,Station_GB1024A,,GB_SamplingPoint_74174,GB_StationProcess_918,GB_SamplingFeature_918,O3,http://dd.eionet.europa.eu/vocabulary/aq/pollutant/7,hour,72.1445599900,µg/m3,2018-01-03 08:00:00 +01:00,2018-01-03 09:00:00 +01:00,1,1
GB,http://environment.data.gov.uk/air-quality/so,GB_Network_1,Station_GB1024A,,GB_SamplingPoint_74174,GB_StationProcess_918,GB_SamplingFeature_918,O3,http://dd.eionet.europa.eu/vocabulary/aq/pollutant/7,hour,69.3505799900,µg/m3,2018-01-03 11:00:00 +01:00,2018-01-03 12:00:00 +01:00,1,1
GB,http://environment.data.gov.uk/air-quality/so,GB_Network_1,Station_GB1024A,,GB_SamplingPoint_74174,GB_StationProcess_918,GB_SamplingFeature_918,O3,http://dd.eionet.europa.eu/vocabulary/aq/pollutant/7,hour,70.6477799900,µg/m3,2018-01-03 12:00:00 +01:00,2018-01-03 13:00:00 +01:00,1,1
GB,http://environment.data.gov.uk/air-quality/so,GB_Network_1,Station_GB1024A,,GB_SamplingPoint_74174,GB_StationProcess_918,GB_SamplingFeature_918,O3,http://dd.eionet.europa.eu/vocabulary/aq/pollutant/7,hour,70.7475699900,µg/m3,2018-01-03 13:00:00 +01:00,2018-01-03 14:00:00 +01:00,1,1
GB,http://environment.data.gov.uk/air-quality/so,GB_Network_1,Station_GB1024A,,GB_SamplingPoint_74174,GB_StationProcess_918,GB_SamplingFeature_918,O3,http://dd.eionet.europa.eu/vocabulary/aq/pollutant/7,hour,71.2963799900,µg/m3,2018-01-03 14:00:00 +01:00,2018-01-03 15:00:00 +01:00,1,1
GB,http://environment.data.gov.uk/air-quality/so,GB_Network_1,Station_GB1024A,,GB_SamplingPoint_74174,GB_StationProcess_918,GB_SamplingFeature_918,O3,http://dd.eionet.europa.eu/vocabulary/aq/pollutant/7,hour,65.8580999900,µg/m3,2018-01-03 17:00:00 +01:00,2018-01-03 18:00:00 +01:00,1,1
GB,http://environment.data.gov.uk/air-quality/so,GB_Network_1,Station_GB1024A,,GB_SamplingPoint_74174,GB_StationProcess_918,GB_SamplingFeature_918,O3,http://dd.eionet.europa.eu/vocabulary/aq/pollutant/7,hour,65.6086399900,µg/m3,2018-01-03 19:00:00 +01:00,2018-01-03 20:00:00 +01:00,1,1
GB,http://environment.data.gov.uk/air-quality/so,GB_Network_1,Station_GB1024A,,GB_SamplingPoint_74174,GB_StationProcess_918,GB_SamplingFeature_918,O3,http://dd.eionet.europa.eu/vocabulary/aq/pollutant/7,hour,67.6043399900,µg/m3,2018-01-03 20:00:00 +01:00,2018-01-03 21:00:00 +01:00,1,1
GB,http://environment.data.gov.uk/air-quality/so,GB_Network_1,Station_GB1024A,,GB_SamplingPoint_74174,GB_StationProcess_918,GB_SamplingFeature_918,O3,http://dd.eionet.europa.eu/vocabulary/aq/pollutant/7,hour,59.2722899900,µg/m3,2018-01-03 23:00:00 +01:00,2018-01-04 00:00:00 +01:00,1,1
GB,http://environment.data.gov.uk/air-quality/so,GB_Network_1,Station_GB1024A,,GB_SamplingPoint_74174,GB_StationProcess_918,GB_SamplingFeature_918,O3,http://dd.eionet.europa.eu/vocabulary/aq/pollutant/7,hour,66.2572399900,µg/m3,2018-01-04 01:00:00 +01:00,2018-01-04 02:00:00 +01:00,1,1
GB,http://environment.data.gov.uk/air-quality/so,GB_Network_1,Station_GB1024A,,GB_SamplingPoint_74174,GB_StationProcess_918,GB_SamplingFeature_918,O3,http://dd.eionet.europa.eu/vocabulary/aq/pollutant/7,hour,74.6391799900,µg/m3,2018-01-04 04:00:00 +01:00,2018-01-04 05:00:00 +01:00,1,1
GB,http://environment.data.gov.uk/air-quality/so,GB_Network_1,Station_GB1024A,,GB_SamplingPoint_74174,GB_StationProcess_918,GB_SamplingFeature_918,O3,http://dd.eionet.europa.eu/vocabulary/aq/pollutant/7,hour,26.4762899900,µg/m3,2018-01-04 11:00:00 +01:00,2018-01-04 12:00:00 +01:00,1,1
GB,http://environment.data.gov.uk/air-quality/so,GB_Network_1,Station_GB1024A,,GB_SamplingPoint_74174,GB_StationProcess_918,GB_SamplingFeature_918,O3,http://dd.eionet.europa.eu/vocabulary/aq/pollutant/7,hour,57.5260499900,µg/m3,2018-01-04 13:00:00 +01:00,2018-01-04 14:00:00 +01:00,1,1
GB,http://environment.data.gov.uk/air-quality/so,GB_Network_1,Station_GB1024A,,GB_SamplingPoint_74174,GB_StationProcess_918,GB_SamplingFeature_918,O3,http://dd.eionet.europa.eu/vocabulary/aq/pollutant/7,hour,75.6370299900,µg/m3,2018-01-04 15:00:00 +01:00,2018-01-04 16:00:00 +01:00,1,1
GB,http://environment.data.gov.uk/air-quality/so,GB_Network_1,Station_GB1024A,,GB_SamplingPoint_74174,GB_StationProcess_918,GB_SamplingFeature_918,O3,http://dd.eionet.europa.eu/vocabulary/aq/pollutant/7,hour,67.7540199900,µg/m3,2018-01-04 17:00:00 +01:00,2018-01-04 18:00:00 +01:00,1,1
GB,http://environment.data.gov.uk/air-quality/so,GB_Network_1,Station_GB1024A,,GB_SamplingPoint_74174,GB_StationProcess_918,GB_SamplingFeature_918,O3,http://dd.eionet.europa.eu/vocabulary/aq/pollutant/7,hour,68.0034799900,µg/m3,2018-01-04 18:00:00 +01:00,2018-01-04 19:00:00 +01:00,1,1
GB,http://environment.data.gov.uk/air-quality/so,GB_Network_1,Station_GB1024A,,GB_SamplingPoint_74174,GB_StationProcess_918,GB_SamplingFeature_918,O3,http://dd.eionet.europa.eu/vocabulary/aq/pollutant/7,hour,50.5577299900,µg/m3,2018-01-05 02:00:00 +01:00,2018-01-05 03:00:00 +01:00,1,1
GB,http://environment.data.gov.uk/air-quality/so,GB_Network_1,Station_GB1024A,,GB_SamplingPoint_74174,GB_StationProcess_918,GB_SamplingFeature_918,O3,http://dd.eionet.europa.eu/vocabulary/aq/pollutant/7,hour,52.3871299900,µg/m3,2018-01-05 03:00:00 +01:00,2018-01-05 04:00:00 +01:00,1,1
GB,http://environment.data.gov.uk/air-quality/so,GB_Network_1,Station_GB1024A,,GB_SamplingPoint_74174,GB_StationProcess_918,GB_SamplingFeature_918,O3,http://dd.eionet.europa.eu/vocabulary/aq/pollutant/7,hour,53.0856199900,µg/m3,2018-01-05 04:00:00 +01:00,2018-01-05 05:00:00 +01:00,1,1
GB,http://environment.data.gov.uk/air-quality/so,GB_Network_1,Station_GB1024A,,GB_SamplingPoint_74174,GB_StationProcess_918,GB_SamplingFeature_918,O3,http://dd.eionet.europa.eu/vocabulary/aq/pollutant/7,hour,33.6774399900,µg/m3,2018-01-05 08:00:00 +01:00,2018-01-05 09:00:00 +01:00,1,1
GB,http://environment.data.gov.uk/air-quality/so,GB_Network_1,Station_GB1024A,,GB_SamplingPoint_74174,GB_StationProcess_918,GB_SamplingFeature_918,O3,http://dd.eionet.europa.eu/vocabulary/aq/pollutant/7,hour,60.8189599900,µg/m3,2018-01-05 11:00:00 +01:00,2018-01-05 12:00:00 +01:00,1,1
GB,http://environment.data.gov.uk/air-quality/so,GB_Network_1,Station_GB1024A,,GB_SamplingPoint_74174,GB_StationProcess_918,GB_SamplingFeature_918,O3,http://dd.eionet.europa.eu/vocabulary/aq/pollutant/7,hour,63.9122899900,µg/m3,2018-01-05 12:00:00 +01:00,2018-01-05 13:00:00 +01:00,1,1
GB,http://environment.data.gov.uk/air-quality/so,GB_Network_1,Station_GB1024A,,GB_SamplingPoint_74174,GB_StationProcess_918,GB_SamplingFeature_918,O3,http://dd.eionet.europa.eu/vocabulary/aq/pollutant/7,hour,67.5045499900,µg/m3,2018-01-05 15:00:00 +01:00,2018-01-05 16:00:00 +01:00,1,1
GB,http://environment.data.gov.uk/air-quality/so,GB_Network_1,Station_GB1024A,,GB_SamplingPoint_74174,GB_StationProcess_918,GB_SamplingFeature_918,O3,http://dd.eionet.europa.eu/vocabulary/aq/pollutant/7,hour,62.9144399900,µg/m3,2018-01-05 16:00:00 +01:00,2018-01-05 17:00:00 +01:00,1,1
GB,http://environment.data.gov.uk/air-quality/so,GB_Network_1,Station_GB1024A,,GB_SamplingPoint_74174,GB_StationProcess_918,GB_SamplingFeature_918,O3,http://dd.eionet.europa.eu/vocabulary/aq/pollutant/7,hour,9.6791499900,µg/m3,2018-01-05 20:00:00 +01:00,2018-01-05 21:00:00 +01:00,1,1
GB,http://environment.data.gov.uk/air-quality/so,GB_Network_1,Station_GB1024A,,GB_SamplingPoint_74174,GB_StationProcess_918,GB_SamplingFeature_918,O3,http://dd.eionet.europa.eu/vocabulary/aq/pollutant/7,hour,1.3969899900,µg/m3,2018-01-05 21:00:00 +01:00,2018-01-05 22:00:00 +01:00,2,1
GB,http://environment.data.gov.uk/air-quality/so,GB_Network_1,Station_GB1024A,,GB_SamplingPoint_74174,GB_StationProcess_918,GB_SamplingFeature_918,O3,http://dd.eionet.europa.eu/vocabulary/aq/pollutant/7,hour,1.2473099900,µg/m3,2018-01-05 22:00:00 +01:00,2018-01-05 23:00:00 +01:00,2,1
GB,http://environment.data.gov.uk/air-quality/so,GB_Network_1,Station_GB1024A,,GB_SamplingPoint_74174,GB_StationProcess_918,GB_SamplingFeature_918,O3,http://dd.eionet.europa.eu/vocabulary/aq/pollutant/7,hour,1.4468799900,µg/m3,2018-01-05 23:00:00 +01:00,2018-01-06 00:00:00 +01:00,2,1
GB,http://environment.data.gov.uk/air-quality/so,GB_Network_1,Station_GB1024A,,GB_SamplingPoint_74174,GB_StationProcess_918,GB_SamplingFeature_918,O3,http://dd.eionet.europa.eu/vocabulary/aq/pollutant/7,hour,1.4468799900,µg/m3,2018-01-06 00:00:00 +01:00,2018-01-06 01:00:00 +01:00,2,1
GB,http://environment.data.gov.uk/air-quality/so,GB_Network_1,Station_GB1024A,,GB_SamplingPoint_74174,GB_StationProcess_918,GB_SamplingFeature_918,O3,http://dd.eionet.europa.eu/vocabulary/aq/pollutant/7,hour,1.8626499900,µg/m3,2018-01-06 01:00:00 +01:00,2018-01-06 02:00:00 +01:00,2,1
GB,http://environment.data.gov.uk/air-quality/so,GB_Network_1,Station_GB1024A,,GB_SamplingPoint_74174,GB_StationProcess_918,GB_SamplingFeature_918,O3,http://dd.eionet.europa.eu/vocabulary/aq/pollutant/7,hour,1.2473099900,µg/m3,2018-01-06 06:00:00 +01:00,2018-01-06 07:00:00 +01:00,2,1
GB,http://environment.data.gov.uk/air-quality/so,GB_Network_1,Station_GB1024A,,GB_SamplingPoint_74174,GB_StationProcess_918,GB_SamplingFeature_918,O3,http://dd.eionet.europa.eu/vocabulary/aq/pollutant/7,hour,2.4946299900,µg/m3,2018-01-06 09:00:00 +01:00,2018-01-06 10:00:00 +01:00,2,1
GB,http://environment.data.gov.uk/air-quality/so,GB_Network_1,Station_GB1024A,,GB_SamplingPoint_74174,GB_StationProcess_918,GB_SamplingFeature_918,O3,http://dd.eionet.europa.eu/vocabulary/aq/pollutant/7,hour,7.9329099900,µg/m3,2018-01-06 11:00:00 +01:00,2018-01-06 12:00:00 +01:00,1,1
GB,http://environment.data.gov.uk/air-quality/so,GB_Network_1,Station_GB1024A,,GB_SamplingPoint_74174,GB_StationProcess_918,GB_SamplingFeature_918,O3,http://dd.eionet.europa.eu/vocabulary/aq/pollutant/7,hour,16.5643099900,µg/m3,2018-01-06 12:00:00 +01:00,2018-01-06 13:00:00 +01:00,1,1
GB,http://environment.data.gov.uk/air-quality/so,GB_Network_1,Station_GB1024A,,GB_SamplingPoint_74174,GB_StationProcess_918,GB_SamplingFeature_918,O3,http://dd.eionet.europa.eu/vocabulary/aq/pollutant/7,hour,18.8593699900,µg/m3,2018-01-06 16:00:00 +01:00,2018-01-06 17:00:00 +01:00,1,1
GB,http://environment.data.gov.uk/air-quality/so,GB_Network_1,Station_GB1024A,,GB_SamplingPoint_74174,GB_StationProcess_918,GB_SamplingFeature_918,O3,http://dd.eionet.europa.eu/vocabulary/aq/pollutant/7,hour,22.2021599900,µg/m3,2018-01-06 17:00:00 +01:00,2018-01-06 18:00:00 +01:00,1,1
GB,http://environment.data.gov.uk/air-quality/so,GB_Network_1,Station_GB1024A,,GB_SamplingPoint_74174,GB_StationProcess_918,GB_SamplingFeature_918,O3,http://dd.eionet.europa.eu/vocabulary/aq/pollutant/7,hour,19.7574299900,µg/m3,2018-01-06 18:00:00 +01:00,2018-01-06 19:00:00 +01:00,1,1
GB,http://environment.data.gov.uk/air-quality/so,GB_Network_1,Station_GB1024A,,GB_SamplingPoint_74174,GB_StationProcess_918,GB_SamplingFeature_918,O3,http://dd.eionet.europa.eu/vocabulary/aq/pollutant/7,hour,28.6881899900,µg/m3,2018-01-06 20:00:00 +01:00,2018-01-06 21:00:00 +01:00,1,1
GB,http://environment.data.gov.uk/air-quality/so,GB_Network_1,Station_GB1024A,,GB_SamplingPoint_74174,GB_StationProcess_918,GB_SamplingFeature_918,O3,http://dd.eionet.europa.eu/vocabulary/aq/pollutant/7,hour,33.2284099900,µg/m3,2018-01-06 21:00:00 +01:00,2018-01-06 22:00:00 +01:00,1,1
GB,http://environment.data.gov.uk/air-quality/so,GB_Network_1,Station_GB1024A,,GB_SamplingPoint_74174,GB_StationProcess_918,GB_SamplingFeature_918,O3,http://dd.eionet.europa.eu/vocabulary/aq/pollutant/7,hour,48.2460499900,µg/m3,2018-01-06 23:00:00 +01:00,2018-01-07 00:00:00 +01:00,1,1
GB,http://environment.data.gov.uk/air-quality/so,GB_Network_1,Station_GB1024A,,GB_SamplingPoint_74174,GB_StationProcess_918,GB_SamplingFeature_918,O3,http://dd.eionet.europa.eu/vocabulary/aq/pollutant/7,hour,46.3667599900,µg/m3,2018-01-07 01:00:00 +01:00,2018-01-07 02:00:00 +01:00,1,1
GB,http://environment.data.gov.uk/air-quality/so,GB_Network_1,Station_GB1024A,,GB_SamplingPoint_74174,GB_StationProcess_918,GB_SamplingFeature_918,O3,http://dd.eionet.europa.eu/vocabulary/aq/pollutant/7,hour,31.7316299900,µg/m3,2018-01-07 08:00:00 +01:00,2018-01-07 09:00:00 +01:00,1,1
GB,http://environment.data.gov.uk/air-quality/so,GB_Network_1,Station_GB1024A,,GB_SamplingPoint_74174,GB_StationProcess_918,GB_SamplingFeature_918,O3,http://dd.eionet.europa.eu/vocabulary/aq/pollutant/7,hour,35.6232499900,µg/m3,2018-01-07 10:00:00 +01:00,2018-01-07 11:00:00 +01:00,1,1
GB,http://environment.data.gov.uk/air-quality/so,GB_Network_1,Station_GB1024A,,GB_SamplingPoint_74174,GB_StationProcess_918,GB_SamplingFeature_918,O3,http://dd.eionet.europa.eu/vocabulary/aq/pollutant/7,hour,40.3131399900,µg/m3,2018-01-07 11:00:00 +01:00,2018-01-07 12:00:00 +01:00,1,1
GB,http://environment.data.gov.uk/air-quality/so,GB_Network_1,Station_GB1024A,,GB_SamplingPoint_74174,GB_StationProcess_918,GB_SamplingFeature_918,O3,http://dd.eionet.europa.eu/vocabulary/aq/pollutant/7,hour,46.9488399900,µg/m3,2018-01-07 13:00:00 +01:00,2018-01-07 14:00:00 +01:00,1,1
GB,http://environment.data.gov.uk/air-quality/so,GB_Network_1,Station_GB1024A,,GB_SamplingPoint_74174,GB_StationProcess_918,GB_SamplingFeature_918,O3,http://dd.eionet.europa.eu/vocabulary/aq/pollutant/7,hour,53.0856199900,µg/m3,2018-01-07 16:00:00 +01:00,2018-01-07 17:00:00 +01:00,1,1
GB,http://environment.data.gov.uk/air-quality/so,GB_Network_1,Station_GB1024A,,GB_SamplingPoint_74174,GB_StationProcess_918,GB_SamplingFeature_918,O3,http://dd.eionet.europa.eu/vocabulary/aq/pollutant/7,hour,52.4370199900,µg/m3,2018-01-07 19:00:00 +01:00,2018-01-07 20:00:00 +01:00,1,1
GB,http://environment.data.gov.uk/air-quality/so,GB_Network_1,Station_GB1024A,,GB_SamplingPoint_74174,GB_StationProcess_918,GB_SamplingFeature_918,O3,http://dd.eionet.europa.eu/vocabulary/aq/pollutant/7,hour,50.8903499900,µg/m3,2018-01-07 21:00:00 +01:00,2018-01-07 22:00:00 +01:00,1,1
GB,http://environment.data.gov.uk/air-quality/so,GB_Network_1,Station_GB1024A,,GB_SamplingPoint_74174,GB_StationProcess_918,GB_SamplingFeature_918,O3,http://dd.eionet.europa.eu/vocabulary/aq/pollutant/7,hour,43.0572299900,µg/m3,2018-01-07 23:00:00 +01:00,2018-01-08 00:00:00 +01:00,1,1
GB,http://environment.data.gov.uk/air-quality/so,GB_Network_1,Station_GB1024A,,GB_SamplingPoint_74174,GB_StationProcess_918,GB_SamplingFeature_918,O3,http://dd.eionet.europa.eu/vocabulary/aq/pollutant/7,hour,39.7643199900,µg/m3,2018-01-08 00:00:00 +01:00,2018-01-08 01:00:00 +01:00,1,1
GB,http://environment.data.gov.uk/air-quality/so,GB_Network_1,Station_GB1024A,,GB_SamplingPoint_74174,GB_StationProcess_918,GB_SamplingFeature_918,O3,http://dd.eionet.europa.eu/vocabulary/aq/pollutant/7,hour,41.0448999900,µg/m3,2018-01-08 01:00:00 +01:00,2018-01-08 02:00:00 +01:00,1,1
GB,http://environment.data.gov.uk/air-quality/so,GB_Network_1,Station_GB1024A,,GB_SamplingPoint_74174,GB_StationProcess_918,GB_SamplingFeature_918,O3,http://dd.eionet.europa.eu/vocabulary/aq/pollutant/7,hour,45.0030399900,µg/m3,2018-01-08 06:00:00 +01:00,2018-01-08 07:00:00 +01:00,1,1
GB,http://environment.data.gov.uk/air-quality/so,GB_Network_1,Station_GB1024A,,GB_SamplingPoint_74174,GB_StationProcess_918,GB_SamplingFeature_918,O3,http://dd.eionet.europa.eu/vocabulary/aq/pollutant/7,hour,35.6232499900,µg/m3,2018-01-08 07:00:00 +01:00,2018-01-08 08:00:00 +01:00,1,1
GB,http://environment.data.gov.uk/air-quality/so,GB_Network_1,Station_GB1024A,,GB_SamplingPoint_74174,GB_StationProcess_918,GB_SamplingFeature_918,O3,http://dd.eionet.europa.eu/vocabulary/aq/pollutant/7,hour,20.7552799900,µg/m3,2018-01-08 08:00:00 +01:00,2018-01-08 09:00:00 +01:00,1,1
GB,http://environment.data.gov.uk/air-quality/so,GB_Network_1,Station_GB1024A,,GB_SamplingPoint_74174,GB_StationProcess_918,GB_SamplingFeature_918,O3,http://dd.eionet.europa.eu/vocabulary/aq/pollutant/7,hour,18.4103299900,µg/m3,2018-01-08 10:00:00 +01:00,2018-01-08 11:00:00 +01:00,1,1
GB,http://environment.data.gov.uk/air-quality/so,GB_Network_1,Station_GB1024A,,GB_SamplingPoint_74174,GB_StationProcess_918,GB_SamplingFeature_918,O3,http://dd.eionet.europa.eu/vocabulary/aq/pollutant/7,hour,17.0133399900,µg/m3,2018-01-08 14:00:00 +01:00,2018-01-08 15:00:00 +01:00,1,1
GB,http://environment.data.gov.uk/air-quality/so,GB_Network_1,Station_GB1024A,,GB_SamplingPoint_74174,GB_StationProcess_918,GB_SamplingFeature_918,O3,http://dd.eionet.europa.eu/vocabulary/aq/pollutant/7,hour,11.3754899900,µg/m3,2018-01-08 20:00:00 +01:00,2018-01-08 21:00:00 +01:00,1,1
GB,http://environment.data.gov.uk/air-quality/so,GB_Network_1,Station_GB1024A,,GB_SamplingPoint_74174,GB_StationProcess_918,GB_SamplingFeature_918,O3,http://dd.eionet.europa.eu/vocabulary/aq/pollutant/7,hour,14.2692599900,µg/m3,2018-01-08 21:00:00 +01:00,2018-01-08 22:00:00 +01:00,1,1
GB,http://environment.data.gov.uk/air-quality/so,GB_Network_1,Station_GB1024A,,GB_SamplingPoint_74174,GB_StationProcess_918,GB_SamplingFeature_918,O3,http://dd.eionet.europa.eu/vocabulary/aq/pollutant/7,hour,11.2258099900,µg/m3,2018-01-08 22:00:00 +01:00,2018-01-08 23:00:00 +01:00,1,1
GB,http://environment.data.gov.uk/air-quality/so,GB_Network_1,Station_GB1024A,,GB_SamplingPoint_74174,GB_StationProcess_918,GB_SamplingFeature_918,O3,http://dd.eionet.europa.eu/vocabulary/aq/pollutant/7,hour,2.7939799900,µg/m3,2018-01-09 01:00:00 +01:00,2018-01-09 02:00:00 +01:00,2,1
GB,http://environment.data.gov.uk/air-quality/so,GB_Network_1,Station_GB1024A,,GB_SamplingPoint_74174,GB_StationProcess_918,GB_SamplingFeature_918,O3,http://dd.eionet.europa.eu/vocabulary/aq/pollutant/7,hour,8.5149899900,µg/m3,2018-01-09 02:00:00 +01:00,2018-01-09 03:00:00 +01:00,1,1
GB,http://environment.data.gov.uk/air-quality/so,GB_Network_1,Station_GB1024A,,GB_SamplingPoint_74174,GB_StationProcess_918,GB_SamplingFeature_918,O3,http://dd.eionet.europa.eu/vocabulary/aq/pollutant/7,hour,2.0954899900,µg/m3,2018-01-09 05:00:00 +01:00,2018-01-09 06:00:00 +01:00,2,1
GB,http://environment.data.gov.uk/air-quality/so,GB_Network_1,Station_GB1024A,,GB_SamplingPoint_74174,GB_StationProcess_918,GB_SamplingFeature_918,O3,http://dd.eionet.europa.eu/vocabulary/aq/pollutant/7,hour,1.1974199900,µg/m3,2018-01-09 09:00:00 +01:00,2018-01-09 10:00:00 +01:00,2,1
GB,http://environment.data.gov.uk/air-quality/so,GB_Network_1,Station_GB1024A,,GB_SamplingPoint_74174,GB_StationProcess_918,GB_SamplingFeature_918,O3,http://dd.eionet.europa.eu/vocabulary/aq/pollutant/7,hour,1.4468799900,µg/m3,2018-01-09 10:00:00 +01:00,2018-01-09 11:00:00 +01:00,2,1
GB,http://environment.data.gov.uk/air-quality/so,GB_Network_1,Station_GB1024A,,GB_SamplingPoint_74174,GB_StationProcess_918,GB_SamplingFeature_918,O3,http://dd.eionet.europa.eu/vocabulary/aq/pollutant/7,hour,2.2451599900,µg/m3,2018-01-09 11:00:00 +01:00,2018-01-09 12:00:00 +01:00,2,1
GB,http://environment.data.gov.uk/air-quality/so,GB_Network_1,Station_GB1024A,,GB_SamplingPoint_74174,GB_StationProcess_918,GB_SamplingFeature_918,O3,http://dd.eionet.europa.eu/vocabulary/aq/pollutant/7,hour,1.1974199900,µg/m3,2018-01-09 16:00:00 +01:00,2018-01-09 17:00:00 +01:00,2,1
GB,http://environment.data.gov.uk/air-quality/so,GB_Network_1,Station_GB1024A,,GB_SamplingPoint_74174,GB_StationProcess_918,GB_SamplingFeature_918,O3,http://dd.eionet.europa.eu/vocabulary/aq/pollutant/7,hour,1.3470999900,µg/m3,2018-01-09 18:00:00 +01:00,2018-01-09 19:00:00 +01:00,2,1
GB,http://environment.data.gov.uk/air-quality/so,GB_Network_1,Station_GB1024A,,GB_SamplingPoint_74174,GB_StationProcess_918,GB_SamplingFeature_918,O3,http://dd.eionet.europa.eu/vocabulary/aq/pollutant/7,hour,1.2473099900,µg/m3,2018-01-09 19:00:00 +01:00,2018-01-09 20:00:00 +01:00,2,1
GB,http://environment.data.gov.uk/air-quality/so,GB_Network_1,Station_GB1024A,,GB_SamplingPoint_74174,GB_StationProcess_918,GB_SamplingFeature_918,O3,http://dd.eionet.europa.eu/vocabulary/aq/pollutant/7,hour,5.8374199900,µg/m3,2018-01-09 22:00:00 +01:00,2018-01-09 23:00:00 +01:00,2,1
GB,http://environment.data.gov.uk/air-quality/so,GB_Network_1,Station_GB1024A,,GB_SamplingPoint_74174,GB_StationProcess_918,GB_SamplingFeature_918,O3,http://dd.eionet.europa.eu/vocabulary/aq/pollutant/7,hour,8.3154199900,µg/m3,2018-01-10 01:00:00 +01:00,2018-01-10 02:00:00 +01:00,1,1
GB,http://environment.data.gov.uk/air-quality/so,GB_Network_1,Station_GB1024A,,GB_SamplingPoint_74174,GB_StationProcess_918,GB_SamplingFeature_918,O3,http://dd.eionet.europa.eu/vocabulary/aq/pollutant/7,hour,12.8223699900,µg/m3,2018-01-10 04:00:00 +01:00,2018-01-10 05:00:00 +01:00,1,1
GB,http://environment.data.gov.uk/air-quality/so,GB_Network_1,Station_GB1024A,,GB_SamplingPoint_74174,GB_StationProcess_918,GB_SamplingFeature_918,O3,http://dd.eionet.europa.eu/vocabulary/aq/pollutant/7,hour,46.4499199900,µg/m3,2018-01-10 07:00:00 +01:00,2018-01-10 08:00:00 +01:00,1,1
GB,http://environment.data.gov.uk/air-quality/so,GB_Network_1,Station_GB1024A,,GB_SamplingPoint_74174,GB_StationProcess_918,GB_SamplingFeature_918,O3,http://dd.eionet.europa.eu/vocabulary/aq/pollutant/7,hour,30.1350699900,µg/m3,2018-01-10 10:00:00 +01:00,2018-01-10 11:00:00 +01:00,1,1
GB,http://environment.data.gov.uk/air-quality/so,GB_Network_1,Station_GB1024A,,GB_SamplingPoint_74174,GB_StationProcess_918,GB_SamplingFeature_918,O3,http://dd.eionet.europa.eu/vocabulary/aq/pollutant/7,hour,38.8163699900,µg/m3,2018-01-10 14:00:00 +01:00,2018-01-10 15:00:00 +01:00,1,1
GB,http://environment.data.gov.uk/air-quality/so,GB_Network_1,Station_GB1024A,,GB_SamplingPoint_74174,GB_StationProcess_918,GB_SamplingFeature_918,O3,http://dd.eionet.europa.eu/vocabulary/aq/pollutant/7,hour,1.1475299900,µg/m3,2018-01-10 21:00:00 +01:00,2018-01-10 22:00:00 +01:00,2,1
GB,http://environment.data.gov.uk/air-quality/so,GB_Network_1,Station_GB1024A,,GB_SamplingPoint_74174,GB_StationProcess_918,GB_SamplingFeature_918,O3,http://dd.eionet.europa.eu/vocabulary/aq/pollutant/7,hour,1.1974199900,µg/m3,2018-01-10 22:00:00 +01:00,2018-01-10 23:00:00 +01:00,2,1
GB,http://environment.data.gov.uk/air-quality/so,GB_Network_1,Station_GB1024A,,GB_SamplingPoint_74174,GB_StationProcess_918,GB_SamplingFeature_918,O3,http://dd.eionet.europa.eu/vocabulary/aq/pollutant/7,hour,1.1974199900,µg/m3,2018-01-11 00:00:00 +01:00,2018-01-11 01:00:00 +01:00,2,1
GB,http://environment.data.gov.uk/air-quality/so,GB_Network_1,Station_GB1024A,,GB_SamplingPoint_74174,GB_StationProcess_918,GB_SamplingFeature_918,O3,http://dd.eionet.europa.eu/vocabulary/aq/pollutant/7,hour,1.0477399900,µg/m3,2018-01-11 03:00:00 +01:00,2018-01-11 04:00:00 +01:00,2,1
GB,http://environment.data.gov.uk/air-quality/so,GB_Network_1,Station_GB1024A,,GB_SamplingPoint_74174,GB_StationProcess_918,GB_SamplingFeature_918,O3,http://dd.eionet.europa.eu/vocabulary/aq/pollutant/7,hour,1.2473099900,µg/m3,2018-01-11 05:00:00 +01:00,2018-01-11 06:00:00 +01:00,2,1
GB,http://environment.data.gov.uk/air-quality/so,GB_Network_1,Station_GB1024A,,GB_SamplingPoint_74174,GB_StationProcess_918,GB_SamplingFeature_918,O3,http://dd.eionet.europa.eu/vocabulary/aq/pollutant/7,hour,1.0477399900,µg/m3,2018-01-11 07:00:00 +01:00,2018-01-11 08:00:00 +01:00,2,1
GB,http://environment.data.gov.uk/air-quality/so,GB_Network_1,Station_GB1024A,,GB_SamplingPoint_74174,GB_StationProcess_918,GB_SamplingFeature_918,O3,http://dd.eionet.europa.eu/vocabulary/aq/pollutant/7,hour,2.0455899900,µg/m3,2018-01-11 11:00:00 +01:00,2018-01-11 12:00:00 +01:00,2,1
GB,http://environment.data.gov.uk/air-quality/so,GB_Network_1,Station_GB1024A,,GB_SamplingPoint_74174,GB_StationProcess_918,GB_SamplingFeature_918,O3,http://dd.eionet.europa.eu/vocabulary/aq/pollutant/7,hour,3.2430099900,µg/m3,2018-01-11 12:00:00 +01:00,2018-01-11 13:00:00 +01:00,2,1
GB,http://environment.data.gov.uk/air-quality/so,GB_Network_1,Station_GB1024A,,GB_SamplingPoint_74174,GB_StationProcess_918,GB_SamplingFeature_918,O3,http://dd.eionet.europa.eu/vocabulary/aq/pollutant/7,hour,4.5402199900,µg/m3,2018-01-11 15:00:00 +01:00,2018-01-11 16:00:00 +01:00,2,1
GB,http://environment.data.gov.uk/air-quality/so,GB_Network_1,Station_GB1024A,,GB_SamplingPoint_74174,GB_StationProcess_918,GB_SamplingFeature_918,O3,http://dd.eionet.europa.eu/vocabulary/aq/pollutant/7,hour,3.0434399900,µg/m3,2018-01-11 16:00:00 +01:00,2018-01-11 17:00:00 +01:00,2,1
GB,http://environment.data.gov.uk/air-quality/so,GB_Network_1,Station_GB1024A,,GB_SamplingPoint_74174,GB_StationProcess_918,GB_SamplingFeature_918,O3,http://dd.eionet.europa.eu/vocabulary/aq/pollutant/7,hour,2.3948399900,µg/m3,2018-01-11 17:00:00 +01:00,2018-01-11 18:00:00 +01:00,2,1
GB,http://environment.data.gov.uk/air-quality/so,GB_Network_1,Station_GB1024A,,GB_SamplingPoint_74174,GB_StationProcess_918,GB_SamplingFeature_918,O3,http://dd.eionet.europa.eu/vocabulary/aq/pollutant/7,hour,2.2451599900,µg/m3,2018-01-11 19:00:00 +01:00,2018-01-11 20:00:00 +01:00,2,1
GB,http://environment.data.gov.uk/air-quality/so,GB_Network_1,Station_GB1024A,,GB_SamplingPoint_74174,GB_StationProcess_918,GB_SamplingFeature_918,O3,http://dd.eionet.europa.eu/vocabulary/aq/pollutant/7,hour,6.1367799900,µg/m3,2018-01-11 21:00:00 +01:00,2018-01-11 22:00:00 +01:00,2,1
GB,http://environment.data.gov.uk/air-quality/so,GB_Network_1,Station_GB1024A,,GB_SamplingPoint_74174,GB_StationProcess_918,GB_SamplingFeature_918,O3,http://dd.eionet.europa.eu/vocabulary/aq/pollutant/7,hour,2.6941999900,µg/m3,2018-01-12 10:00:00 +01:00,2018-01-12 11:00:00 +01:00,2,1
GB,http://environment.data.gov.uk/air-quality/so,GB_Network_1,Station_GB1024A,,GB_SamplingPoint_74174,GB_StationProcess_918,GB_SamplingFeature_918,O3,http://dd.eionet.europa.eu/vocabulary/aq/pollutant/7,hour,2.8438699900,µg/m3,2018-01-12 11:00:00 +01:00,2018-01-12 12:00:00 +01:00,2,1
GB,http://environment.data.gov.uk/air-quality/so,GB_Network_1,Station_GB1024A,,GB_SamplingPoint_74174,GB_StationProcess_918,GB_SamplingFeature_918,O3,http://dd.eionet.europa.eu/vocabulary/aq/pollutant/7,hour,8.9307599900,µg/m3,2018-01-12 12:00:00 +01:00,2018-01-12 13:00:00 +01:00,1,1
GB,http://environment.data.gov.uk/air-quality/so,GB_Network_1,Station_GB1024A,,GB_SamplingPoint_74174,GB_StationProcess_918,GB_SamplingFeature_918,O3,http://dd.eionet.europa.eu/vocabulary/aq/pollutant/7,hour,16.7139899900,µg/m3,2018-01-12 15:00:00 +01:00,2018-01-12 16:00:00 +01:00,1,1
GB,http://environment.data.gov.uk/air-quality/so,GB_Network_1,Station_GB1024A,,GB_SamplingPoint_74174,GB_StationProcess_918,GB_SamplingFeature_918,O3,http://dd.eionet.europa.eu/vocabulary/aq/pollutant/7,hour,7.2843099900,µg/m3,2018-01-12 16:00:00 +01:00,2018-01-12 17:00:00 +01:00,1,1
GB,http://environment.data.gov.uk/air-quality/so,GB_Network_1,Station_GB1024A,,GB_SamplingPoint_74174,GB_StationProcess_918,GB_SamplingFeature_918,O3,http://dd.eionet.europa.eu/vocabulary/aq/pollutant/7,hour,1.4468799900,µg/m3,2018-01-12 18:00:00 +01:00,2018-01-12 19:00:00 +01:00,2,1
GB,http://environment.data.gov.uk/air-quality/so,GB_Network_1,Station_GB1024A,,GB_SamplingPoint_74174,GB_StationProcess_918,GB_SamplingFeature_918,O3,http://dd.eionet.europa.eu/vocabulary/aq/pollutant/7,hour,32.5797999900,µg/m3,2018-01-12 20:00:00 +01:00,2018-01-12 21:00:00 +01:00,1,1
GB,http://environment.data.gov.uk/air-quality/so,GB_Network_1,Station_GB1024A,,GB_SamplingPoint_74174,GB_StationProcess_918,GB_SamplingFeature_918,O3,http://dd.eionet.europa.eu/vocabulary/aq/pollutant/7,hour,37.6189499900,µg/m3,2018-01-12 21:00:00 +01:00,2018-01-12 22:00:00 +01:00,1,1
GB,http://environment.data.gov.uk/air-quality/so,GB_Network_1,Station_GB1024A,,GB_SamplingPoint_74174,GB_StationProcess_918,GB_SamplingFeature_918,O3,http://dd.eionet.europa.eu/vocabulary/aq/pollutant/7,hour,42.2423199900,µg/m3,2018-01-13 01:00:00 +01:00,2018-01-13 02:00:00 +01:00,1,1
GB,http://environment.data.gov.uk/air-quality/so,GB_Network_1,Station_GB1024A,,GB_SamplingPoint_74174,GB_StationProcess_918,GB_SamplingFeature_918,O3,http://dd.eionet.europa.eu/vocabulary/aq/pollutant/7,hour,9.8787199900,µg/m3,2018-01-13 09:00:00 +01:00,2018-01-13 10:00:00 +01:00,1,1
GB,http://environment.data.gov.uk/air-quality/so,GB_Network_1,Station_GB1024A,,GB_SamplingPoint_74174,GB_StationProcess_918,GB_SamplingFeature_918,O3,http://dd.eionet.europa.eu/vocabulary/aq/pollutant/7,hour,7.6335499900,µg/m3,2018-01-13 10:00:00 +01:00,2018-01-13 11:00:00 +01:00,1,1
GB,http://environment.data.gov.uk/air-quality/so,GB_Network_1,Station_GB1024A,,GB_SamplingPoint_74174,GB_StationProcess_918,GB_SamplingFeature_918,O3,http://dd.eionet.europa.eu/vocabulary/aq/pollutant/7,hour,32.1307699900,µg/m3,2018-01-13 14:00:00 +01:00,2018-01-13 15:00:00 +01:00,1,1
GB,http://environment.data.gov.uk/air-quality/so,GB_Network_1,Station_GB1024A,,GB_SamplingPoint_74174,GB_StationProcess_918,GB_SamplingFeature_918,O3,http://dd.eionet.europa.eu/vocabulary/aq/pollutant/7,hour,29.3866799900,µg/m3,2018-01-13 18:00:00 +01:00,2018-01-13 19:00:00 +01:00,1,1
GB,http://environment.data.gov.uk/air-quality/so,GB_Network_1,Station_GB1024A,,GB_SamplingPoint_74174,GB_StationProcess_918,GB_SamplingFeature_918,O3,http://dd.eionet.europa.eu/vocabulary/aq/pollutant/7,hour,25.1957099900,µg/m3,2018-01-13 19:00:00 +01:00,2018-01-13 20:00:00 +01:00,1,1
GB,http://environment.data.gov.uk/air-quality/so,GB_Network_1,Station_GB1024A,,GB_SamplingPoint_74174,GB_StationProcess_918,GB_SamplingFeature_918,O3,http://dd.eionet.europa.eu/vocabulary/aq/pollutant/7,hour,12.1737699900,µg/m3,2018-01-13 20:00:00 +01:00,2018-01-13 21:00:00 +01:00,1,1
GB,http://environment.data.gov.uk/air-quality/so,GB_Network_1,Station_GB1024A,,GB_SamplingPoint_74174,GB_StationProcess_918,GB_SamplingFeature_918,O3,http://dd.eionet.europa.eu/vocabulary/aq/pollutant/7,hour,29.4365799900,µg/m3,2018-01-13 22:00:00 +01:00,2018-01-13 23:00:00 +01:00,1,1
GB,http://environment.data.gov.uk/air-quality/so,GB_Network_1,Station_GB1024A,,GB_SamplingPoint_74174,GB_StationProcess_918,GB_SamplingFeature_918,O3,http://dd.eionet.europa.eu/vocabulary/aq/pollutant/7,hour,33.3281899900,µg/m3,2018-01-14 01:00:00 +01:00,2018-01-14 02:00:00 +01:00,1,1
GB,http://environment.data.gov.uk/air-quality/so,GB_Network_1,Station_GB1024A,,GB_SamplingPoint_74174,GB_StationProcess_918,GB_SamplingFeature_918,O3,http://dd.eionet.europa.eu/vocabulary/aq/pollutant/7,hour,29.8357199900,µg/m3,2018-01-14 05:00:00 +01:00,2018-01-14 06:00:00 +01:00,1,1
GB,http://environment.data.gov.uk/air-quality/so,GB_Network_1,Station_GB1024A,,GB_SamplingPoint_74174,GB_StationProcess_918,GB_SamplingFeature_918,O3,http://dd.eionet.europa.eu/vocabulary/aq/pollutant/7,hour,28.2391599900,µg/m3,2018-01-14 07:00:00 +01:00,2018-01-14 08:00:00 +01:00,1,1
GB,http://environment.data.gov.uk/air-quality/so,GB_Network_1,Station_GB1024A,,GB_SamplingPoint_74174,GB_StationProcess_918,GB_SamplingFeature_918,O3,http://dd.eionet.europa.eu/vocabulary/aq/pollutant/7,hour,20.4559299900,µg/m3,2018-01-14 08:00:00 +01:00,2018-01-14 09:00:00 +01:00,1,1
GB,http://environment.data.gov.uk/air-quality/so,GB_Network_1,Station_GB1024A,,GB_SamplingPoint_74174,GB_StationProcess_918,GB_SamplingFeature_918,O3,http://dd.eionet.europa.eu/vocabulary/aq/pollutant/7,hour,14.2692599900,µg/m3,2018-01-14 11:00:00 +01:00,2018-01-14 12:00:00 +01:00,1,1
GB,http://environment.data.gov.uk/air-quality/so,GB_Network_1,Station_GB1024A,,GB_SamplingPoint_74174,GB_StationProcess_918,GB_SamplingFeature_918,O3,http://dd.eionet.europa.eu/vocabulary/aq/pollutant/7,hour,20.0068899900,µg/m3,2018-01-14 14:00:00 +01:00,2018-01-14 15:00:00 +01:00,1,1
GB,http://environment.data.gov.uk/air-quality/so,GB_Network_1,Station_GB1024A,,GB_SamplingPoint_74174,GB_StationProcess_918,GB_SamplingFeature_918,O3,http://dd.eionet.europa.eu/vocabulary/aq/pollutant/7,hour,9.0804399900,µg/m3,2018-01-14 17:00:00 +01:00,2018-01-14 18:00:00 +01:00,1,1
GB,http://environment.data.gov.uk/air-quality/so,GB_Network_1,Station_GB1024A,,GB_SamplingPoint_74174,GB_StationProcess_918,GB_SamplingFeature_918,O3,http://dd.eionet.europa.eu/vocabulary/aq/pollutant/7,hour,24.9462499900,µg/m3,2018-01-14 20:00:00 +01:00,2018-01-14 21:00:00 +01:00,1,1
GB,http://environment.data.gov.uk/air-quality/so,GB_Network_1,Station_GB1024A,,GB_SamplingPoint_74174,GB_StationProcess_918,GB_SamplingFeature_918,O3,http://dd.eionet.europa.eu/vocabulary/aq/pollutant/7,hour,46.8989499900,µg/m3,2018-01-15 03:00:00 +01:00,2018-01-15 04:00:00 +01:00,1,1
GB,http://environment.data.gov.uk/air-quality/so,GB_Network_1,Station_GB1024A,,GB_SamplingPoint_74174,GB_StationProcess_918,GB_SamplingFeature_918,O3,http://dd.eionet.europa.eu/vocabulary/aq/pollutant/7,hour,50.1419599900,µg/m3,2018-01-15 04:00:00 +01:00,2018-01-15 05:00:00 +01:00,1,1
GB,http://environment.data.gov.uk/air-quality/so,GB_Network_1,Station_GB1024A,,GB_SamplingPoint_74174,GB_StationProcess_918,GB_SamplingFeature_918,O3,http://dd.eionet.europa.eu/vocabulary/aq/pollutant/7,hour,39.9638899900,µg/m3,2018-01-15 11:00:00 +01:00,2018-01-15 12:00:00 +01:00,1,1
GB,http://environment.data.gov.uk/air-quality/so,GB_Network_1,Station_GB1024A,,GB_SamplingPoint_74174,GB_StationProcess_918,GB_SamplingFeature_918,O3,http://dd.eionet.europa.eu/vocabulary/aq/pollutant/7,hour,41.0615299900,µg/m3,2018-01-15 12:00:00 +01:00,2018-01-15 13:00:00 +01:00,1,1
GB,http://environment.data.gov.uk/air-quality/so,GB_Network_1,Station_GB1024A,,GB_SamplingPoint_74174,GB_StationProcess_918,GB_SamplingFeature_918,O3,http://dd.eionet.europa.eu/vocabulary/aq/pollutant/7,hour,50.6907799900,µg/m3,2018-01-15 14:00:00 +01:00,2018-01-15 15:00:00 +01:00,1,1
GB,http://environment.data.gov.uk/air-quality/so,GB_Network_1,Station_GB1024A,,GB_SamplingPoint_74174,GB_StationProcess_918,GB_SamplingFeature_918,O3,http://dd.eionet.europa.eu/vocabulary/aq/pollutant/7,hour,29.4365799900,µg/m3,2018-01-15 20:00:00 +01:00,2018-01-15 21:00:00 +01:00,1,1
GB,http://environment.data.gov.uk/air-quality/so,GB_Network_1,Station_GB1024A,,GB_SamplingPoint_74174,GB_StationProcess_918,GB_SamplingFeature_918,O3,http://dd.eionet.europa.eu/vocabulary/aq/pollutant/7,hour,36.3217399900,µg/m3,2018-01-15 23:00:00 +01:00,2018-01-16 00:00:00 +01:00,1,1
GB,http://environment.data.gov.uk/air-quality/so,GB_Network_1,Station_GB1024A,,GB_SamplingPoint_74174,GB_StationProcess_918,GB_SamplingFeature_918,O3,http://dd.eionet.europa.eu/vocabulary/aq/pollutant/7,hour,42.6081999900,µg/m3,2018-01-16 00:00:00 +01:00,2018-01-16 01:00:00 +01:00,1,1
GB,http://environment.data.gov.uk/air-quality/so,GB_Network_1,Station_GB1024A,,GB_SamplingPoint_74174,GB_StationProcess_918,GB_SamplingFeature_918,O3,http://dd.eionet.europa.eu/vocabulary/aq/pollutant/7,hour,45.0362999900,µg/m3,2018-01-16 01:00:00 +01:00,2018-01-16 02:00:00 +01:00,1,1
GB,http://environment.data.gov.uk/air-quality/so,GB_Network_1,Station_GB1024A,,GB_SamplingPoint_74174,GB_StationProcess_918,GB_SamplingFeature_918,O3,http://dd.eionet.europa.eu/vocabulary/aq/pollutant/7,hour,65.9079899900,µg/m3,2018-01-16 05:00:00 +01:00,2018-01-16 06:00:00 +01:00,1,1
GB,http://environment.data.gov.uk/air-quality/so,GB_Network_1,Station_GB1024A,,GB_SamplingPoint_74174,GB_StationProcess_918,GB_SamplingFeature_918,O3,http://dd.eionet.europa.eu/vocabulary/aq/pollutant/7,hour,65.2593899900,µg/m3,2018-01-16 07:00:00 +01:00,2018-01-16 08:00:00 +01:00,1,1
GB,http://environment.data.gov.uk/air-quality/so,GB_Network_1,Station_GB1024A,,GB_SamplingPoint_74174,GB_StationProcess_918,GB_SamplingFeature_918,O3,http://dd.eionet.europa.eu/vocabulary/aq/pollutant/7,hour,54.6322899900,µg/m3,2018-01-16 08:00:00 +01:00,2018-01-16 09:00:00 +01:00,1,1
GB,http://environment.data.gov.uk/air-quality/so,GB_Network_1,Station_GB1024A,,GB_SamplingPoint_74174,GB_StationProcess_918,GB_SamplingFeature_918,O3,http://dd.eionet.europa.eu/vocabulary/aq/pollutant/7,hour,53.0856199900,µg/m3,2018-01-16 09:00:00 +01:00,2018-01-16 10:00:00 +01:00,1,1
GB,http://environment.data.gov.uk/air-quality/so,GB_Network_1,Station_GB1024A,,GB_SamplingPoint_74174,GB_StationProcess_918,GB_SamplingFeature_918,O3,http://dd.eionet.europa.eu/vocabulary/aq/pollutant/7,hour,67.3548799900,µg/m3,2018-01-16 11:00:00 +01:00,2018-01-16 12:00:00 +01:00,1,1
GB,http://environment.data.gov.uk/air-quality/so,GB_Network_1,Station_GB1024A,,GB_SamplingPoint_74174,GB_StationProcess_918,GB_SamplingFeature_918,O3,http://dd.eionet.europa.eu/vocabulary/aq/pollutant/7,hour,68.2529399900,µg/m3,2018-01-16 12:00:00 +01:00,2018-01-16 13:00:00 +01:00,1,1
GB,http://environment.data.gov.uk/air-quality/so,GB_Network_1,Station_GB1024A,,GB_SamplingPoint_74174,GB_StationProcess_918,GB_SamplingFeature_918,O3,http://dd.eionet.europa.eu/vocabulary/aq/pollutant/7,hour,71.8950899900,µg/m3,2018-01-16 13:00:00 +01:00,2018-01-16 14:00:00 +01:00,1,1
GB,http://environment.data.gov.uk/air-quality/so,GB_Network_1,Station_GB1024A,,GB_SamplingPoint_74174,GB_StationProcess_918,GB_SamplingFeature_918,O3,http://dd.eionet.europa.eu/vocabulary/aq/pollutant/7,hour,74.0404699900,µg/m3,2018-01-16 14:00:00 +01:00,2018-01-16 15:00:00 +01:00,1,1
GB,http://environment.data.gov.uk/air-quality/so,GB_Network_1,Station_GB1024A,,GB_SamplingPoint_74174,GB_StationProcess_918,GB_SamplingFeature_918,O3,http://dd.eionet.europa.eu/vocabulary/aq/pollutant/7,hour,70.8972399900,µg/m3,2018-01-16 15:00:00 +01:00,2018-01-16 16:00:00 +01:00,1,1
GB,http://environment.data.gov.uk/air-quality/so,GB_Network_1,Station_GB1024A,,GB_SamplingPoint_74174,GB_StationProcess_918,GB_SamplingFeature_918,O3,http://dd.eionet.europa.eu/vocabulary/aq/pollutant/7,hour,54.3329299900,µg/m3,2018-01-16 17:00:00 +01:00,2018-01-16 18:00:00 +01:00,1,1
GB,http://environment.data.gov.uk/air-quality/so,GB_Network_1,Station_GB1024A,,GB_SamplingPoint_74174,GB_StationProcess_918,GB_SamplingFeature_918,O3,http://dd.eionet.europa.eu/vocabulary/aq/pollutant/7,hour,55.6301399900,µg/m3,2018-01-16 19:00:00 +01:00,2018-01-16 20:00:00 +01:00,1,1
GB,http://environment.data.gov.uk/air-quality/so,GB_Network_1,Station_GB1024A,,GB_SamplingPoint_74174,GB_StationProcess_918,GB_SamplingFeature_918,O3,http://dd.eionet.europa.eu/vocabulary/aq/pollutant/7,hour,58.5737999900,µg/m3,2018-01-16 22:00:00 +01:00,2018-01-16 23:00:00 +01:00,1,1
GB,http://environment.data.gov.uk/air-quality/so,GB_Network_1,Station_GB1024A,,GB_SamplingPoint_74174,GB_StationProcess_918,GB_SamplingFeature_918,O3,http://dd.eionet.europa.eu/vocabulary/aq/pollutant/7,hour,60.0206799900,µg/m3,2018-01-16 23:00:00 +01:00,2018-01-17 00:00:00 +01:00,1,1
GB,http://environment.data.gov.uk/air-quality/so,GB_Network_1,Station_GB1024A,,GB_SamplingPoint_74174,GB_StationProcess_918,GB_SamplingFeature_918,O3,http://dd.eionet.europa.eu/vocabulary/aq/pollutant/7,hour,72.1778199900,µg/m3,2018-01-17 02:00:00 +01:00,2018-01-17 03:00:00 +01:00,1,1
GB,http://environment.data.gov.uk/air-quality/so,GB_Network_1,Station_GB1024A,,GB_SamplingPoint_74174,GB_StationProcess_918,GB_SamplingFeature_918,O3,http://dd.eionet.europa.eu/vocabulary/aq/pollutant/7,hour,75.8864899900,µg/m3,2018-01-17 04:00:00 +01:00,2018-01-17 05:00:00 +01:00,1,1
GB,http://environment.data.gov.uk/air-quality/so,GB_Network_1,Station_GB1024A,,GB_SamplingPoint_74174,GB_StationProcess_918,GB_SamplingFeature_918,O3,http://dd.eionet.europa.eu/vocabulary/aq/pollutant/7,hour,75.8864899900,µg/m3,2018-01-17 05:00:00 +01:00,2018-01-17 06:00:00 +01:00,1,1
GB,http://environment.data.gov.uk/air-quality/so,GB_Network_1,Station_GB1024A,,GB_SamplingPoint_74174,GB_StationProcess_918,GB_SamplingFeature_918,O3,http://dd.eionet.europa.eu/vocabulary/aq/pollutant/7,hour,72.3940199900,µg/m3,2018-01-17 06:00:00 +01:00,2018-01-17 07:00:00 +01:00,1,1
GB,http://environment.data.gov.uk/air-quality/so,GB_Network_1,Station_GB1024A,,GB_SamplingPoint_74174,GB_StationProcess_918,GB_SamplingFeature_918,O3,http://dd.eionet.europa.eu/vocabulary/aq/pollutant/7,hour,66.9058399900,µg/m3,2018-01-17 07:00:00 +01:00,2018-01-17 08:00:00 +01:00,1,1
GB,http://environment.data.gov.uk/air-quality/so,GB_Network_1,Station_GB1024A,,GB_SamplingPoint_74174,GB_StationProcess_918,GB_SamplingFeature_918,O3,http://dd.eionet.europa.eu/vocabulary/aq/pollutant/7,hour,57.7256199900,µg/m3,2018-01-17 11:00:00 +01:00,2018-01-17 12:00:00 +01:00,1,1
GB,http://environment.data.gov.uk/air-quality/so,GB_Network_1,Station_GB1024A,,GB_SamplingPoint_74174,GB_StationProcess_918,GB_SamplingFeature_918,O3,http://dd.eionet.europa.eu/vocabulary/aq/pollutant/7,hour,64.7604699900,µg/m3,2018-01-17 14:00:00 +01:00,2018-01-17 15:00:00 +01:00,1,1
GB,http://environment.data.gov.uk/air-quality/so,GB_Network_1,Station_GB1024A,,GB_SamplingPoint_74174,GB_StationProcess_918,GB_SamplingFeature_918,O3,http://dd.eionet.europa.eu/vocabulary/aq/pollutant/7,hour,42.2589499900,µg/m3,2018-01-17 18:00:00 +01:00,2018-01-17 19:00:00 +01:00,1,1
GB,http://environment.data.gov.uk/air-quality/so,GB_Network_1,Station_GB1024A,,GB_SamplingPoint_74174,GB_StationProcess_918,GB_SamplingFeature_918,O3,http://dd.eionet.europa.eu/vocabulary/aq/pollutant/7,hour,38.3174399900,µg/m3,2018-01-17 20:00:00 +01:00,2018-01-17 21:00:00 +01:00,1,1
GB,http://environment.data.gov.uk/air-quality/so,GB_Network_1,Station_GB1024A,,GB_SamplingPoint_74174,GB_StationProcess_918,GB_SamplingFeature_918,O3,http://dd.eionet.europa.eu/vocabulary/aq/pollutant/7,hour,55.1811099900,µg/m3,2018-01-17 23:00:00 +01:00,2018-01-18 00:00:00 +01:00,1,1
GB,http://environment.data.gov.uk/air-quality/so,GB_Network_1,Station_GB1024A,,GB_SamplingPoint_74174,GB_StationProcess_918,GB_SamplingFeature_918,O3,http://dd.eionet.europa.eu/vocabulary/aq/pollutant/7,hour,73.5082799900,µg/m3,2018-01-18 02:00:00 +01:00,2018-01-18 03:00:00 +01:00,1,1
GB,http://environment.data.gov.uk/air-quality/so,GB_Network_1,Station_GB1024A,,GB_SamplingPoint_74174,GB_StationProcess_918,GB_SamplingFeature_918,O3,http://dd.eionet.europa.eu/vocabulary/aq/pollutant/7,hour,76.7346699900,µg/m3,2018-01-18 03:00:00 +01:00,2018-01-18 04:00:00 +01:00,1,1
GB,http://environment.data.gov.uk/air-quality/so,GB_Network_1,Station_GB1024A,,GB_SamplingPoint_74174,GB_StationProcess_918,GB_SamplingFeature_918,O3,http://dd.eionet.europa.eu/vocabulary/aq/pollutant/7,hour,82.1230599900,µg/m3,2018-01-18 04:00:00 +01:00,2018-01-18 05:00:00 +01:00,1,1
GB,http://environment.data.gov.uk/air-quality/so,GB_Network_1,Station_GB1024A,,GB_SamplingPoint_74174,GB_StationProcess_918,GB_SamplingFeature_918,O3,http://dd.eionet.europa.eu/vocabulary/aq/pollutant/7,hour,76.7845599900,µg/m3,2018-01-18 07:00:00 +01:00,2018-01-18 08:00:00 +01:00,1,1
GB,http://environment.data.gov.uk/air-quality/so,GB_Network_1,Station_GB1024A,,GB_SamplingPoint_74174,GB_StationProcess_918,GB_SamplingFeature_918,O3,http://dd.eionet.europa.eu/vocabulary/aq/pollutant/7,hour,67.2550899900,µg/m3,2018-01-18 08:00:00 +01:00,2018-01-18 09:00:00 +01:00,1,1
GB,http://environment.data.gov.uk/air-quality/so,GB_Network_1,Station_GB1024A,,GB_SamplingPoint_74174,GB_StationProcess_918,GB_SamplingFeature_918,O3,http://dd.eionet.europa.eu/vocabulary/aq/pollutant/7,hour,57.3264799900,µg/m3,2018-01-18 09:00:00 +01:00,2018-01-18 10:00:00 +01:00,1,1
GB,http://environment.data.gov.uk/air-quality/so,GB_Network_1,Station_GB1024A,,GB_SamplingPoint_74174,GB_StationProcess_918,GB_SamplingFeature_918,O3,http://dd.eionet.europa.eu/vocabulary/aq/pollutant/7,hour,57.6258399900,µg/m3,2018-01-18 10:00:00 +01:00,2018-01-18 11:00:00 +01:00,1,1
GB,http://environment.data.gov.uk/air-quality/so,GB_Network_1,Station_GB1024A,,GB_SamplingPoint_74174,GB_StationProcess_918,GB_SamplingFeature_918,O3,http://dd.eionet.europa.eu/vocabulary/aq/pollutant/7,hour,62.2159499900,µg/m3,2018-01-18 12:00:00 +01:00,2018-01-18 13:00:00 +01:00,1,1
GB,http://environment.data.gov.uk/air-quality/so,GB_Network_1,Station_GB1024A,,GB_SamplingPoint_74174,GB_StationProcess_918,GB_SamplingFeature_918,O3,http://dd.eionet.europa.eu/vocabulary/aq/pollutant/7,hour,62.9144399900,µg/m3,2018-01-18 15:00:00 +01:00,2018-01-18 16:00:00 +01:00,1,1
GB,http://environment.data.gov.uk/air-quality/so,GB_Network_1,Station_GB1024A,,GB_SamplingPoint_74174,GB_StationProcess_918,GB_SamplingFeature_918,O3,http://dd.eionet.europa.eu/vocabulary/aq/pollutant/7,hour,44.5041099900,µg/m3,2018-01-18 17:00:00 +01:00,2018-01-18 18:00:00 +01:00,1,1
GB,http://environment.data.gov.uk/air-quality/so,GB_Network_1,Station_GB1024A,,GB_SamplingPoint_74174,GB_StationProcess_918,GB_SamplingFeature_918,O3,http://dd.eionet.europa.eu/vocabulary/aq/pollutant/7,hour,45.2524999900,µg/m3,2018-01-18 19:00:00 +01:00,2018-01-18 20:00:00 +01:00,1,1
GB,http://environment.data.gov.uk/air-quality/so,GB_Network_1,Station_GB1024A,,GB_SamplingPoint_74174,GB_StationProcess_918,GB_SamplingFeature_918,O3,http://dd.eionet.europa.eu/vocabulary/aq/pollutant/7,hour,41.2610999900,µg/m3,2018-01-18 20:00:00 +01:00,2018-01-18 21:00:00 +01:00,1,1
GB,http://environment.data.gov.uk/air-quality/so,GB_Network_1,Station_GB1024A,,GB_SamplingPoint_74174,GB_StationProcess_918,GB_SamplingFeature_918,O3,http://dd.eionet.europa.eu/vocabulary/aq/pollutant/7,hour,59.5716499900,µg/m3,2018-01-18 21:00:00 +01:00,2018-01-18 22:00:00 +01:00,1,1
GB,http://environment.data.gov.uk/air-quality/so,GB_Network_1,Station_GB1024A,,GB_SamplingPoint_74174,GB_StationProcess_918,GB_SamplingFeature_918,O3,http://dd.eionet.europa.eu/vocabulary/aq/pollutant/7,hour,62.0163799900,µg/m3,2018-01-18 22:00:00 +01:00,2018-01-18 23:00:00 +01:00,1,1
GB,http://environment.data.gov.uk/air-quality/so,GB_Network_1,Station_GB1024A,,GB_SamplingPoint_74174,GB_StationProcess_918,GB_SamplingFeature_918,O3,http://dd.eionet.europa.eu/vocabulary/aq/pollutant/7,hour,53.6344399900,µg/m3,2018-01-18 23:00:00 +01:00,2018-01-19 00:00:00 +01:00,1,1
GB,http://environment.data.gov.uk/air-quality/so,GB_Network_1,Station_GB1024A,,GB_SamplingPoint_74174,GB_StationProcess_918,GB_SamplingFeature_918,O3,http://dd.eionet.europa.eu/vocabulary/aq/pollutant/7,hour,48.1462599900,µg/m3,2018-01-19 03:00:00 +01:00,2018-01-19 04:00:00 +01:00,1,1
GB,http://environment.data.gov.uk/air-quality/so,GB_Network_1,Station_GB1024A,,GB_SamplingPoint_74174,GB_StationProcess_918,GB_SamplingFeature_918,O3,http://dd.eionet.europa.eu/vocabulary/aq/pollutant/7,hour,45.8013199900,µg/m3,2018-01-19 06:00:00 +01:00,2018-01-19 07:00:00 +01:00,1,1
GB,http://environment.data.gov.uk/air-quality/so,GB_Network_1,Station_GB1024A,,GB_SamplingPoint_74174,GB_StationProcess_918,GB_SamplingFeature_918,O3,http://dd.eionet.europa.eu/vocabulary/aq/pollutant/7,hour,12.9720499900,µg/m3,2018-01-19 10:00:00 +01:00,2018-01-19 11:00:00 +01:00,1,1
GB,http://environment.data.gov.uk/air-quality/so,GB_Network_1,Station_GB1024A,,GB_SamplingPoint_74174,GB_StationProcess_918,GB_SamplingFeature_918,O3,http://dd.eionet.europa.eu/vocabulary/aq/pollutant/7,hour,24.1978599900,µg/m3,2018-01-19 11:00:00 +01:00,2018-01-19 12:00:00 +01:00,1,1
GB,http://environment.data.gov.uk/air-quality/so,GB_Network_1,Station_GB1024A,,GB_SamplingPoint_74174,GB_StationProcess_918,GB_SamplingFeature_918,O3,http://dd.eionet.europa.eu/vocabulary/aq/pollutant/7,hour,56.6279899900,µg/m3,2018-01-19 16:00:00 +01:00,2018-01-19 17:00:00 +01:00,1,1
GB,http://environment.data.gov.uk/air-quality/so,GB_Network_1,Station_GB1024A,,GB_SamplingPoint_74174,GB_StationProcess_918,GB_SamplingFeature_918,O3,http://dd.eionet.europa.eu/vocabulary/aq/pollutant/7,hour,30.5840999900,µg/m3,2018-01-19 19:00:00 +01:00,2018-01-19 20:00:00 +01:00,1,1
GB,http://environment.data.gov.uk/air-quality/so,GB_Network_1,Station_GB1024A,,GB_SamplingPoint_74174,GB_StationProcess_918,GB_SamplingFeature_918,O3,http://dd.eionet.europa.eu/vocabulary/aq/pollutant/7,hour,54.3329299900,µg/m3,2018-01-20 03:00:00 +01:00,2018-01-20 04:00:00 +01:00,1,1
GB,http://environment.data.gov.uk/air-quality/so,GB_Network_1,Station_GB1024A,,GB_SamplingPoint_74174,GB_StationProcess_918,GB_SamplingFeature_918,O3,http://dd.eionet.europa.eu/vocabulary/aq/pollutant/7,hour,49.1940099900,µg/m3,2018-01-20 04:00:00 +01:00,2018-01-20 05:00:00 +01:00,1,1
GB,http://environment.data.gov.uk/air-quality/so,GB_Network_1,Station_GB1024A,,GB_SamplingPoint_74174,GB_StationProcess_918,GB_SamplingFeature_918,O3,http://dd.eionet.europa.eu/vocabulary/aq/pollutant/7,hour,53.3849799900,µg/m3,2018-01-20 05:00:00 +01:00,2018-01-20 06:00:00 +01:00,1,1
GB,http://environment.data.gov.uk/air-quality/so,GB_Network_1,Station_GB1024A,,GB_SamplingPoint_74174,GB_StationProcess_918,GB_SamplingFeature_918,O3,http://dd.eionet.europa.eu/vocabulary/aq/pollutant/7,hour,52.1376599900,µg/m3,2018-01-20 06:00:00 +01:00,2018-01-20 07:00:00 +01:00,1,1
GB,http://environment.data.gov.uk/air-quality/so,GB_Network_1,Station_GB1024A,,GB_SamplingPoint_74174,GB_StationProcess_918,GB_SamplingFeature_918,O3,http://dd.eionet.europa.eu/vocabulary/aq/pollutant/7,hour,27.3909799900,µg/m3,2018-01-20 08:00:00 +01:00,2018-01-20 09:00:00 +01:00,1,1
GB,http://environment.data.gov.uk/air-quality/so,GB_Network_1,Station_GB1024A,,GB_SamplingPoint_74174,GB_StationProcess_918,GB_SamplingFeature_918,O3,http://dd.eionet.europa.eu/vocabulary/aq/pollutant/7,hour,31.5819499900,µg/m3,2018-01-20 11:00:00 +01:00,2018-01-20 12:00:00 +01:00,1,1
GB,http://environment.data.gov.uk/air-quality/so,GB_Network_1,Station_GB1024A,,GB_SamplingPoint_74174,GB_StationProcess_918,GB_SamplingFeature_918,O3,http://dd.eionet.europa.eu/vocabulary/aq/pollutant/7,hour,31.1329199900,µg/m3,2018-01-20 18:00:00 +01:00,2018-01-20 19:00:00 +01:00,1,1
GB,http://environment.data.gov.uk/air-quality/so,GB_Network_1,Station_GB1024A,,GB_SamplingPoint_74174,GB_StationProcess_918,GB_SamplingFeature_918,O3,http://dd.eionet.europa.eu/vocabulary/aq/pollutant/7,hour,40.0636799900,µg/m3,2018-01-20 19:00:00 +01:00,2018-01-20 20:00:00 +01:00,1,1
GB,http://environment.data.gov.uk/air-quality/so,GB_Network_1,Station_GB1024A,,GB_SamplingPoint_74174,GB_StationProcess_918,GB_SamplingFeature_918,O3,http://dd.eionet.europa.eu/vocabulary/aq/pollutant/7,hour,48.6950799900,µg/m3,2018-01-20 20:00:00 +01:00,2018-01-20 21:00:00 +01:00,1,1
GB,http://environment.data.gov.uk/air-quality/so,GB_Network_1,Station_GB1024A,,GB_SamplingPoint_74174,GB_StationProcess_918,GB_SamplingFeature_918,O3,http://dd.eionet.europa.eu/vocabulary/aq/pollutant/7,hour,45.8013199900,µg/m3,2018-01-20 23:00:00 +01:00,2018-01-21 00:00:00 +01:00,1,1
GB,http://environment.data.gov.uk/air-quality/so,GB_Network_1,Station_GB1024A,,GB_SamplingPoint_74174,GB_StationProcess_918,GB_SamplingFeature_918,O3,http://dd.eionet.europa.eu/vocabulary/aq/pollutant/7,hour,34.3759299900,µg/m3,2018-01-21 00:00:00 +01:00,2018-01-21 01:00:00 +01:00,1,1
GB,http://environment.data.gov.uk/air-quality/so,GB_Network_1,Station_GB1024A,,GB_SamplingPoint_74174,GB_StationProcess_918,GB_SamplingFeature_918,O3,http://dd.eionet.europa.eu/vocabulary/aq/pollutant/7,hour,30.1350699900,µg/m3,2018-01-21 01:00:00 +01:00,2018-01-21 02:00:00 +01:00,1,1
GB,http://environment.data.gov.uk/air-quality/so,GB_Network_1,Station_GB1024A,,GB_SamplingPoint_74174,GB_StationProcess_918,GB_SamplingFeature_918,O3,http://dd.eionet.europa.eu/vocabulary/aq/pollutant/7,hour,28.6881899900,µg/m3,2018-01-21 03:00:00 +01:00,2018-01-21 04:00:00 +01:00,1,1
GB,http://environment.data.gov.uk/air-quality/so,GB_Network_1,Station_GB1024A,,GB_SamplingPoint_74174,GB_StationProcess_918,GB_SamplingFeature_918,O3,http://dd.eionet.europa.eu/vocabulary/aq/pollutant/7,hour,31.1329199900,µg/m3,2018-01-21 04:00:00 +01:00,2018-01-21 05:00:00 +01:00,1,1
GB,http://environment.data.gov.uk/air-quality/so,GB_Network_1,Station_GB1024A,,GB_SamplingPoint_74174,GB_StationProcess_918,GB_SamplingFeature_918,O3,http://dd.eionet.europa.eu/vocabulary/aq/pollutant/7,hour,26.9419499900,µg/m3,2018-01-21 05:00:00 +01:00,2018-01-21 06:00:00 +01:00,1,1
GB,http://environment.data.gov.uk/air-quality/so,GB_Network_1,Station_GB1024A,,GB_SamplingPoint_74174,GB_StationProcess_918,GB_SamplingFeature_918,O3,http://dd.eionet.europa.eu/vocabulary/aq/pollutant/7,hour,16.7139899900,µg/m3,2018-01-21 07:00:00 +01:00,2018-01-21 08:00:00 +01:00,1,1
GB,http://environment.data.gov.uk/air-quality/so,GB_Network_1,Station_GB1024A,,GB_SamplingPoint_74174,GB_StationProcess_918,GB_SamplingFeature_918,O3,http://dd.eionet.europa.eu/vocabulary/aq/pollutant/7,hour,6.2864599900,µg/m3,2018-01-21 08:00:00 +01:00,2018-01-21 09:00:00 +01:00,1,1
GB,http://environment.data.gov.uk/air-quality/so,GB_Network_1,Station_GB1024A,,GB_SamplingPoint_74174,GB_StationProcess_918,GB_SamplingFeature_918,O3,http://dd.eionet.europa.eu/vocabulary/aq/pollutant/7,hour,3.2430099900,µg/m3,2018-01-21 09:00:00 +01:00,2018-01-21 10:00:00 +01:00,2,1
GB,http://environment.data.gov.uk/air-quality/so,GB_Network_1,Station_GB1024A,,GB_SamplingPoint_74174,GB_StationProcess_918,GB_SamplingFeature_918,O3,http://dd.eionet.europa.eu/vocabulary/aq/pollutant/7,hour,35.1243199900,µg/m3,2018-01-21 13:00:00 +01:00,2018-01-21 14:00:00 +01:00,1,1
GB,http://environment.data.gov.uk/air-quality/so,GB_Network_1,Station_GB1024A,,GB_SamplingPoint_74174,GB_StationProcess_918,GB_SamplingFeature_918,O3,http://dd.eionet.europa.eu/vocabulary/aq/pollutant/7,hour,11.2258099900,µg/m3,2018-01-21 16:00:00 +01:00,2018-01-21 17:00:00 +01:00,1,1
GB,http://environment.data.gov.uk/air-quality/so,GB_Network_1,Station_GB1024A,,GB_SamplingPoint_74174,GB_StationProcess_918,GB_SamplingFeature_918,O3,http://dd.eionet.europa.eu/vocabulary/aq/pollutant/7,hour,2.9935499900,µg/m3,2018-01-21 18:00:00 +01:00,2018-01-21 19:00:00 +01:00,2,1
GB,http://environment.data.gov.uk/air-quality/so,GB_Network_1,Station_GB1024A,,GB_SamplingPoint_74174,GB_StationProcess_918,GB_SamplingFeature_918,O3,http://dd.eionet.europa.eu/vocabulary/aq/pollutant/7,hour,1.3969899900,µg/m3,2018-01-21 19:00:00 +01:00,2018-01-21 20:00:00 +01:00,2,1
GB,http://environment.data.gov.uk/air-quality/so,GB_Network_1,Station_GB1024A,,GB_SamplingPoint_74174,GB_StationProcess_918,GB_SamplingFeature_918,O3,http://dd.eionet.europa.eu/vocabulary/aq/pollutant/7,hour,21.1544199900,µg/m3,2018-01-21 23:00:00 +01:00,2018-01-22 00:00:00 +01:00,1,1
GB,http://environment.data.gov.uk/air-quality/so,GB_Network_1,Station_GB1024A,,GB_SamplingPoint_74174,GB_StationProcess_918,GB_SamplingFeature_918,O3,http://dd.eionet.europa.eu/vocabulary/aq/pollutant/7,hour,44.9697699900,µg/m3,2018-01-22 01:00:00 +01:00,2018-01-22 02:00:00 +01:00,1,1
GB,http://environment.data.gov.uk/air-quality/so,GB_Network_1,Station_GB1024A,,GB_SamplingPoint_74174,GB_StationProcess_918,GB_SamplingFeature_918,O3,http://dd.eionet.europa.eu/vocabulary/aq/pollutant/7,hour,42.6081999900,µg/m3,2018-01-22 04:00:00 +01:00,2018-01-22 05:00:00 +01:00,1,1
GB,http://environment.data.gov.uk/air-quality/so,GB_Network_1,Station_GB1024A,,GB_SamplingPoint_74174,GB_StationProcess_918,GB_SamplingFeature_918,O3,http://dd.eionet.europa.eu/vocabulary/aq/pollutant/7,hour,30.1350699900,µg/m3,2018-01-22 05:00:00 +01:00,2018-01-22 06:00:00 +01:00,1,1
GB,http://environment.data.gov.uk/air-quality/so,GB_Network_1,Station_GB1024A,,GB_SamplingPoint_74174,GB_StationProcess_918,GB_SamplingFeature_918,O3,http://dd.eionet.europa.eu/vocabulary/aq/pollutant/7,hour,39.8142199900,µg/m3,2018-01-22 12:00:00 +01:00,2018-01-22 13:00:00 +01:00,1,1
GB,http://environment.data.gov.uk/air-quality/so,GB_Network_1,Station_GB1024A,,GB_SamplingPoint_74174,GB_StationProcess_918,GB_SamplingFeature_918,O3,http://dd.eionet.europa.eu/vocabulary/aq/pollutant/7,hour,52.8860499900,µg/m3,2018-01-22 13:00:00 +01:00,2018-01-22 14:00:00 +01:00,1,1
GB,http://environment.data.gov.uk/air-quality/so,GB_Network_1,Station_GB1024A,,GB_SamplingPoint_74174,GB_StationProcess_918,GB_SamplingFeature_918,O3,http://dd.eionet.europa.eu/vocabulary/aq/pollutant/7,hour,45.9509899900,µg/m3,2018-01-22 19:00:00 +01:00,2018-01-22 20:00:00 +01:00,1,1
GB,http://environment.data.gov.uk/air-quality/so,GB_Network_1,Station_GB1024A,,GB_SamplingPoint_74174,GB_StationProcess_918,GB_SamplingFeature_918,O3,http://dd.eionet.europa.eu/vocabulary/aq/pollutant/7,hour,33.3780799900,µg/m3,2018-01-22 20:00:00 +01:00,2018-01-22 21:00:00 +01:00,1,1
GB,http://environment.data.gov.uk/air-quality/so,GB_Network_1,Station_GB1024A,,GB_SamplingPoint_74174,GB_StationProcess_918,GB_SamplingFeature_918,O3,http://dd.eionet.europa.eu/vocabulary/aq/pollutant/7,hour,16.5643099900,µg/m3,2018-01-22 22:00:00 +01:00,2018-01-22 23:00:00 +01:00,1,1
GB,http://environment.data.gov.uk/air-quality/so,GB_Network_1,Station_GB1024A,,GB_SamplingPoint_74174,GB_StationProcess_918,GB_SamplingFeature_918,O3,http://dd.eionet.europa.eu/vocabulary/aq/pollutant/7,hour,33.6774399900,µg/m3,2018-01-22 23:00:00 +01:00,2018-01-23 00:00:00 +01:00,1,1
GB,http://environment.data.gov.uk/air-quality/so,GB_Network_1,Station_GB1024A,,GB_SamplingPoint_74174,GB_StationProcess_918,GB_SamplingFeature_918,O3,http://dd.eionet.europa.eu/vocabulary/aq/pollutant/7,hour,66.1907199900,µg/m3,2018-01-23 02:00:00 +01:00,2018-01-23 03:00:00 +01:00,1,1
GB,http://environment.data.gov.uk/air-quality/so,GB_Network_1,Station_GB1024A,,GB_SamplingPoint_74174,GB_StationProcess_918,GB_SamplingFeature_918,O3,http://dd.eionet.europa.eu/vocabulary/aq/pollutant/7,hour,68.0034799900,µg/m3,2018-01-23 03:00:00 +01:00,2018-01-23 04:00:00 +01:00,1,1
GB,http://environment.data.gov.uk/air-quality/so,GB_Network_1,Station_GB1024A,,GB_SamplingPoint_74174,GB_StationProcess_918,GB_SamplingFeature_918,O3,http://dd.eionet.europa.eu/vocabulary/aq/pollutant/7,hour,71.2963799900,µg/m3,2018-01-23 04:00:00 +01:00,2018-01-23 05:00:00 +01:00,1,1
GB,http://environment.data.gov.uk/air-quality/so,GB_Network_1,Station_GB1024A,,GB_SamplingPoint_74174,GB_StationProcess_918,GB_SamplingFeature_918,O3,http://dd.eionet.europa.eu/vocabulary/aq/pollutant/7,hour,72.4937999900,µg/m3,2018-01-23 05:00:00 +01:00,2018-01-23 06:00:00 +01:00,1,1
GB,http://environment.data.gov.uk/air-quality/so,GB_Network_1,Station_GB1024A,,GB_SamplingPoint_74174,GB_StationProcess_918,GB_SamplingFeature_918,O3,http://dd.eionet.europa.eu/vocabulary/aq/pollutant/7,hour,69.3505799900,µg/m3,2018-01-23 06:00:00 +01:00,2018-01-23 07:00:00 +01:00,1,1
GB,http://environment.data.gov.uk/air-quality/so,GB_Network_1,Station_GB1024A,,GB_SamplingPoint_74174,GB_StationProcess_918,GB_SamplingFeature_918,O3,http://dd.eionet.europa.eu/vocabulary/aq/pollutant/7,hour,64.5109999900,µg/m3,2018-01-23 07:00:00 +01:00,2018-01-23 08:00:00 +01:00,1,1
GB,http://environment.data.gov.uk/air-quality/so,GB_Network_1,Station_GB1024A,,GB_SamplingPoint_74174,GB_StationProcess_918,GB_SamplingFeature_918,O3,http://dd.eionet.europa.eu/vocabulary/aq/pollutant/7,hour,48.8946499900,µg/m3,2018-01-23 08:00:00 +01:00,2018-01-23 09:00:00 +01:00,1,1
GB,http://environment.data.gov.uk/air-quality/so,GB_Network_1,Station_GB1024A,,GB_SamplingPoint_74174,GB_StationProcess_918,GB_SamplingFeature_918,O3,http://dd.eionet.europa.eu/vocabulary/aq/pollutant/7,hour,41.5105599900,µg/m3,2018-01-23 12:00:00 +01:00,2018-01-23 13:00:00 +01:00,1,1
GB,http://environment.data.gov.uk/air-quality/so,GB_Network_1,Station_GB1024A,,GB_SamplingPoint_74174,GB_StationProcess_918,GB_SamplingFeature_918,O3,http://dd.eionet.europa.eu/vocabulary/aq/pollutant/7,hour,48.1462599900,µg/m3,2018-01-23 15:00:00 +01:00,2018-01-23 16:00:00 +01:00,1,1
GB,http://environment.data.gov.uk/air-quality/so,GB_Network_1,Station_GB1024A,,GB_SamplingPoint_74174,GB_StationProcess_918,GB_SamplingFeature_918,O3,http://dd.eionet.europa.eu/vocabulary/aq/pollutant/7,hour,46.4499199900,µg/m3,2018-01-23 19:00:00 +01:00,2018-01-23 20:00:00 +01:00,1,1
GB,http://environment.data.gov.uk/air-quality/so,GB_Network_1,Station_GB1024A,,GB_SamplingPoint_74174,GB_StationProcess_918,GB_SamplingFeature_918,O3,http://dd.eionet.europa.eu/vocabulary/aq/pollutant/7,hour,42.9574399900,µg/m3,2018-01-23 20:00:00 +01:00,2018-01-23 21:00:00 +01:00,1,1
GB,http://environment.data.gov.uk/air-quality/so,GB_Network_1,Station_GB1024A,,GB_SamplingPoint_74174,GB_StationProcess_918,GB_SamplingFeature_918,O3,http://dd.eionet.europa.eu/vocabulary/aq/pollutant/7,hour,67.7207499900,µg/m3,2018-01-24 01:00:00 +01:00,2018-01-24 02:00:00 +01:00,1,1
GB,http://environment.data.gov.uk/air-quality/so,GB_Network_1,Station_GB1024A,,GB_SamplingPoint_74174,GB_StationProcess_918,GB_SamplingFeature_918,O3,http://dd.eionet.europa.eu/vocabulary/aq/pollutant/7,hour,75.0383199900,µg/m3,2018-01-24 04:00:00 +01:00,2018-01-24 05:00:00 +01:00,1,1
GB,http://environment.data.gov.uk/air-quality/so,GB_Network_1,Station_GB1024A,,GB_SamplingPoint_74174,GB_StationProcess_918,GB_SamplingFeature_918,O3,http://dd.eionet.europa.eu/vocabulary/aq/pollutant/7,hour,57.7256199900,µg/m3,2018-01-24 11:00:00 +01:00,2018-01-24 12:00:00 +01:00,1,1
GB,http://environment.data.gov.uk/air-quality/so,GB_Network_1,Station_GB1024A,,GB_SamplingPoint_74174,GB_StationProcess_918,GB_SamplingFeature_918,O3,http://dd.eionet.europa.eu/vocabulary/aq/pollutant/7,hour,58.5238999900,µg/m3,2018-01-24 12:00:00 +01:00,2018-01-24 13:00:00 +01:00,1,1
GB,http://environment.data.gov.uk/air-quality/so,GB_Network_1,Station_GB1024A,,GB_SamplingPoint_74174,GB_StationProcess_918,GB_SamplingFeature_918,O3,http://dd.eionet.europa.eu/vocabulary/aq/pollutant/7,hour,66.6064899900,µg/m3,2018-01-24 13:00:00 +01:00,2018-01-24 14:00:00 +01:00,1,1
GB,http://environment.data.gov.uk/air-quality/so,GB_Network_1,Station_GB1024A,,GB_SamplingPoint_74174,GB_StationProcess_918,GB_SamplingFeature_918,O3,http://dd.eionet.europa.eu/vocabulary/aq/pollutant/7,hour,74.1402599900,µg/m3,2018-01-24 16:00:00 +01:00,2018-01-24 17:00:00 +01:00,1,1
GB,http://environment.data.gov.uk/air-quality/so,GB_Network_1,Station_GB1024A,,GB_SamplingPoint_74174,GB_StationProcess_918,GB_SamplingFeature_918,O3,http://dd.eionet.europa.eu/vocabulary/aq/pollutant/7,hour,63.4632599900,µg/m3,2018-01-24 18:00:00 +01:00,2018-01-24 19:00:00 +01:00,1,1
GB,http://environment.data.gov.uk/air-quality/so,GB_Network_1,Station_GB1024A,,GB_SamplingPoint_74174,GB_StationProcess_918,GB_SamplingFeature_918,O3,http://dd.eionet.europa.eu/vocabulary/aq/pollutant/7,hour,60.2701399900,µg/m3,2018-01-24 21:00:00 +01:00,2018-01-24 22:00:00 +01:00,1,1
GB,http://environment.data.gov.uk/air-quality/so,GB_Network_1,Station_GB1024A,,GB_SamplingPoint_74174,GB_StationProcess_918,GB_SamplingFeature_918,O3,http://dd.eionet.europa.eu/vocabulary/aq/pollutant/7,hour,58.7234699900,µg/m3,2018-01-24 23:00:00 +01:00,2018-01-25 00:00:00 +01:00,1,1
GB,http://environment.data.gov.uk/air-quality/so,GB_Network_1,Station_GB1024A,,GB_SamplingPoint_74174,GB_StationProcess_918,GB_SamplingFeature_918,O3,http://dd.eionet.europa.eu/vocabulary/aq/pollutant/7,hour,58.5737999900,µg/m3,2018-01-25 00:00:00 +01:00,2018-01-25 01:00:00 +01:00,1,1
GB,http://environment.data.gov.uk/air-quality/so,GB_Network_1,Station_GB1024A,,GB_SamplingPoint_74174,GB_StationProcess_918,GB_SamplingFeature_918,O3,http://dd.eionet.europa.eu/vocabulary/aq/pollutant/7,hour,58.8066299900,µg/m3,2018-01-25 01:00:00 +01:00,2018-01-25 02:00:00 +01:00,1,1
GB,http://environment.data.gov.uk/air-quality/so,GB_Network_1,Station_GB1024A,,GB_SamplingPoint_74174,GB_StationProcess_918,GB_SamplingFeature_918,O3,http://dd.eionet.europa.eu/vocabulary/aq/pollutant/7,hour,63.9954499900,µg/m3,2018-01-25 02:00:00 +01:00,2018-01-25 03:00:00 +01:00,1,1
GB,http://environment.data.gov.uk/air-quality/so,GB_Network_1,Station_GB1024A,,GB_SamplingPoint_74174,GB_StationProcess_918,GB_SamplingFeature_918,O3,http://dd.eionet.europa.eu/vocabulary/aq/pollutant/7,hour,61.5174499900,µg/m3,2018-01-25 03:00:00 +01:00,2018-01-25 04:00:00 +01:00,1,1
GB,http://environment.data.gov.uk/air-quality/so,GB_Network_1,Station_GB1024A,,GB_SamplingPoint_74174,GB_StationProcess_918,GB_SamplingFeature_918,O3,http://dd.eionet.europa.eu/vocabulary/aq/pollutant/7,hour,64.1118599900,µg/m3,2018-01-25 05:00:00 +01:00,2018-01-25 06:00:00 +01:00,1,1
GB,http://environment.data.gov.uk/air-quality/so,GB_Network_1,Station_GB1024A,,GB_SamplingPoint_74174,GB_StationProcess_918,GB_SamplingFeature_918,O3,http://dd.eionet.europa.eu/vocabulary/aq/pollutant/7,hour,64.1118599900,µg/m3,2018-01-25 06:00:00 +01:00,2018-01-25 07:00:00 +01:00,1,1
GB,http://environment.data.gov.uk/air-quality/so,GB_Network_1,Station_GB1024A,,GB_SamplingPoint_74174,GB_StationProcess_918,GB_SamplingFeature_918,O3,http://dd.eionet.europa.eu/vocabulary/aq/pollutant/7,hour,53.3350799900,µg/m3,2018-01-25 12:00:00 +01:00,2018-01-25 13:00:00 +01:00,1,1
GB,http://environment.data.gov.uk/air-quality/so,GB_Network_1,Station_GB1024A,,GB_SamplingPoint_74174,GB_StationProcess_918,GB_SamplingFeature_918,O3,http://dd.eionet.europa.eu/vocabulary/aq/pollutant/7,hour,52.3871299900,µg/m3,2018-01-25 13:00:00 +01:00,2018-01-25 14:00:00 +01:00,1,1
GB,http://environment.data.gov.uk/air-quality/so,GB_Network_1,Station_GB1024A,,GB_SamplingPoint_74174,GB_StationProcess_918,GB_SamplingFeature_918,O3,http://dd.eionet.europa.eu/vocabulary/aq/pollutant/7,hour,59.7213199900,µg/m3,2018-01-25 14:00:00 +01:00,2018-01-25 15:00:00 +01:00,1,1
GB,http://environment.data.gov.uk/air-quality/so,GB_Network_1,Station_GB1024A,,GB_SamplingPoint_74174,GB_StationProcess_918,GB_SamplingFeature_918,O3,http://dd.eionet.europa.eu/vocabulary/aq/pollutant/7,hour,56.8275599900,µg/m3,2018-01-25 15:00:00 +01:00,2018-01-25 16:00:00 +01:00,1,1
GB,http://environment.data.gov.uk/air-quality/so,GB_Network_1,Station_GB1024A,,GB_SamplingPoint_74174,GB_StationProcess_918,GB_SamplingFeature_918,O3,http://dd.eionet.europa.eu/vocabulary/aq/pollutant/7,hour,60.5195999900,µg/m3,2018-01-25 16:00:00 +01:00,2018-01-25 17:00:00 +01:00,1,1
GB,http://environment.data.gov.uk/air-quality/so,GB_Network_1,Station_GB1024A,,GB_SamplingPoint_74174,GB_StationProcess_918,GB_SamplingFeature_918,O3,http://dd.eionet.europa.eu/vocabulary/aq/pollutant/7,hour,48.1961599900,µg/m3,2018-01-25 17:00:00 +01:00,2018-01-25 18:00:00 +01:00,1,1
GB,http://environment.data.gov.uk/air-quality/so,GB_Network_1,Station_GB1024A,,GB_SamplingPoint_74174,GB_StationProcess_918,GB_SamplingFeature_918,O3,http://dd.eionet.europa.eu/vocabulary/aq/pollutant/7,hour,39.8641099900,µg/m3,2018-01-25 18:00:00 +01:00,2018-01-25 19:00:00 +01:00,1,1
GB,http://environment.data.gov.uk/air-quality/so,GB_Network_1,Station_GB1024A,,GB_SamplingPoint_74174,GB_StationProcess_918,GB_SamplingFeature_918,O3,http://dd.eionet.europa.eu/vocabulary/aq/pollutant/7,hour,35.1243199900,µg/m3,2018-01-25 19:00:00 +01:00,2018-01-25 20:00:00 +01:00,1,1
GB,http://environment.data.gov.uk/air-quality/so,GB_Network_1,Station_GB1024A,,GB_SamplingPoint_74174,GB_StationProcess_918,GB_SamplingFeature_918,O3,http://dd.eionet.europa.eu/vocabulary/aq/pollutant/7,hour,43.9552899900,µg/m3,2018-01-26 00:00:00 +01:00,2018-01-26 01:00:00 +01:00,1,1
GB,http://environment.data.gov.uk/air-quality/so,GB_Network_1,Station_GB1024A,,GB_SamplingPoint_74174,GB_StationProcess_918,GB_SamplingFeature_918,O3,http://dd.eionet.europa.eu/vocabulary/aq/pollutant/7,hour,44.5041099900,µg/m3,2018-01-26 02:00:00 +01:00,2018-01-26 03:00:00 +01:00,1,1
GB,http://environment.data.gov.uk/air-quality/so,GB_Network_1,Station_GB1024A,,GB_SamplingPoint_74174,GB_StationProcess_918,GB_SamplingFeature_918,O3,http://dd.eionet.europa.eu/vocabulary/aq/pollutant/7,hour,42.0593799900,µg/m3,2018-01-26 03:00:00 +01:00,2018-01-26 04:00:00 +01:00,1,1
GB,http://environment.data.gov.uk/air-quality/so,GB_Network_1,Station_GB1024A,,GB_SamplingPoint_74174,GB_StationProcess_918,GB_SamplingFeature_918,O3,http://dd.eionet.europa.eu/vocabulary/aq/pollutant/7,hour,24.1978599900,µg/m3,2018-01-26 06:00:00 +01:00,2018-01-26 07:00:00 +01:00,1,1
GB,http://environment.data.gov.uk/air-quality/so,GB_Network_1,Station_GB1024A,,GB_SamplingPoint_74174,GB_StationProcess_918,GB_SamplingFeature_918,O3,http://dd.eionet.europa.eu/vocabulary/aq/pollutant/7,hour,24.9462499900,µg/m3,2018-01-26 08:00:00 +01:00,2018-01-26 09:00:00 +01:00,1,1
GB,http://environment.data.gov.uk/air-quality/so,GB_Network_1,Station_GB1024A,,GB_SamplingPoint_74174,GB_StationProcess_918,GB_SamplingFeature_918,O3,http://dd.eionet.europa.eu/vocabulary/aq/pollutant/7,hour,17.0133399900,µg/m3,2018-01-26 09:00:00 +01:00,2018-01-26 10:00:00 +01:00,1,1
GB,http://environment.data.gov.uk/air-quality/so,GB_Network_1,Station_GB1024A,,GB_SamplingPoint_74174,GB_StationProcess_918,GB_SamplingFeature_918,O3,http://dd.eionet.europa.eu/vocabulary/aq/pollutant/7,hour,30.1350699900,µg/m3,2018-01-26 12:00:00 +01:00,2018-01-26 13:00:00 +01:00,1,1
GB,http://environment.data.gov.uk/air-quality/so,GB_Network_1,Station_GB1024A,,GB_SamplingPoint_74174,GB_StationProcess_918,GB_SamplingFeature_918,O3,http://dd.eionet.europa.eu/vocabulary/aq/pollutant/7,hour,45.9509899900,µg/m3,2018-01-26 14:00:00 +01:00,2018-01-26 15:00:00 +01:00,1,1
GB,http://environment.data.gov.uk/air-quality/so,GB_Network_1,Station_GB1024A,,GB_SamplingPoint_74174,GB_StationProcess_918,GB_SamplingFeature_918,O3,http://dd.eionet.europa.eu/vocabulary/aq/pollutant/7,hour,40.2632499900,µg/m3,2018-01-26 15:00:00 +01:00,2018-01-26 16:00:00 +01:00,1,1
GB,http://environment.data.gov.uk/air-quality/so,GB_Network_1,Station_GB1024A,,GB_SamplingPoint_74174,GB_StationProcess_918,GB_SamplingFeature_918,O3,http://dd.eionet.europa.eu/vocabulary/aq/pollutant/7,hour,34.3260399900,µg/m3,2018-01-26 16:00:00 +01:00,2018-01-26 17:00:00 +01:00,1,1
GB,http://environment.data.gov.uk/air-quality/so,GB_Network_1,Station_GB1024A,,GB_SamplingPoint_74174,GB_StationProcess_918,GB_SamplingFeature_918,O3,http://dd.eionet.europa.eu/vocabulary/aq/pollutant/7,hour,5.7376399900,µg/m3,2018-01-26 18:00:00 +01:00,2018-01-26 19:00:00 +01:00,2,1
GB,http://environment.data.gov.uk/air-quality/so,GB_Network_1,Station_GB1024A,,GB_SamplingPoint_74174,GB_StationProcess_918,GB_SamplingFeature_918,O3,http://dd.eionet.europa.eu/vocabulary/aq/pollutant/7,hour,2.3449499900,µg/m3,2018-01-26 20:00:00 +01:00,2018-01-26 21:00:00 +01:00,2,1
GB,http://environment.data.gov.uk/air-quality/so,GB_Network_1,Station_GB1024A,,GB_SamplingPoint_74174,GB_StationProcess_918,GB_SamplingFeature_918,O3,http://dd.eionet.europa.eu/vocabulary/aq/pollutant/7,hour,1.1974199900,µg/m3,2018-01-27 02:00:00 +01:00,2018-01-27 03:00:00 +01:00,2,1
GB,http://environment.data.gov.uk/air-quality/so,GB_Network_1,Station_GB1024A,,GB_SamplingPoint_74174,GB_StationProcess_918,GB_SamplingFeature_918,O3,http://dd.eionet.europa.eu/vocabulary/aq/pollutant/7,hour,1.3470999900,µg/m3,2018-01-27 03:00:00 +01:00,2018-01-27 04:00:00 +01:00,2,1
GB,http://environment.data.gov.uk/air-quality/so,GB_Network_1,Station_GB1024A,,GB_SamplingPoint_74174,GB_StationProcess_918,GB_SamplingFeature_918,O3,http://dd.eionet.europa.eu/vocabulary/aq/pollutant/7,hour,5.3384999900,µg/m3,2018-01-27 04:00:00 +01:00,2018-01-27 05:00:00 +01:00,2,1
GB,http://environment.data.gov.uk/air-quality/so,GB_Network_1,Station_GB1024A,,GB_SamplingPoint_74174,GB_StationProcess_918,GB_SamplingFeature_918,O3,http://dd.eionet.europa.eu/vocabulary/aq/pollutant/7,hour,21.9028099900,µg/m3,2018-01-27 07:00:00 +01:00,2018-01-27 08:00:00 +01:00,1,1
GB,http://environment.data.gov.uk/air-quality/so,GB_Network_1,Station_GB1024A,,GB_SamplingPoint_74174,GB_StationProcess_918,GB_SamplingFeature_918,O3,http://dd.eionet.europa.eu/vocabulary/aq/pollutant/7,hour,21.9028099900,µg/m3,2018-01-27 08:00:00 +01:00,2018-01-27 09:00:00 +01:00,1,1
GB,http://environment.data.gov.uk/air-quality/so,GB_Network_1,Station_GB1024A,,GB_SamplingPoint_74174,GB_StationProcess_918,GB_SamplingFeature_918,O3,http://dd.eionet.europa.eu/vocabulary/aq/pollutant/7,hour,16.1152799900,µg/m3,2018-01-27 09:00:00 +01:00,2018-01-27 10:00:00 +01:00,1,1
GB,http://environment.data.gov.uk/air-quality/so,GB_Network_1,Station_GB1024A,,GB_SamplingPoint_74174,GB_StationProcess_918,GB_SamplingFeature_918,O3,http://dd.eionet.europa.eu/vocabulary/aq/pollutant/7,hour,48.2460499900,µg/m3,2018-01-27 12:00:00 +01:00,2018-01-27 13:00:00 +01:00,1,1
GB,http://environment.data.gov.uk/air-quality/so,GB_Network_1,Station_GB1024A,,GB_SamplingPoint_74174,GB_StationProcess_918,GB_SamplingFeature_918,O3,http://dd.eionet.europa.eu/vocabulary/aq/pollutant/7,hour,50.1918599900,µg/m3,2018-01-27 15:00:00 +01:00,2018-01-27 16:00:00 +01:00,1,1
GB,http://environment.data.gov.uk/air-quality/so,GB_Network_1,Station_GB1024A,,GB_SamplingPoint_74174,GB_StationProcess_918,GB_SamplingFeature_918,O3,http://dd.eionet.europa.eu/vocabulary/aq/pollutant/7,hour,49.3436799900,µg/m3,2018-01-27 17:00:00 +01:00,2018-01-27 18:00:00 +01:00,1,1
GB,http://environment.data.gov.uk/air-quality/so,GB_Network_1,Station_GB1024A,,GB_SamplingPoint_74174,GB_StationProcess_918,GB_SamplingFeature_918,O3,http://dd.eionet.europa.eu/vocabulary/aq/pollutant/7,hour,43.5062599900,µg/m3,2018-01-27 18:00:00 +01:00,2018-01-27 19:00:00 +01:00,1,1
GB,http://environment.data.gov.uk/air-quality/so,GB_Network_1,Station_GB1024A,,GB_SamplingPoint_74174,GB_StationProcess_918,GB_SamplingFeature_918,O3,http://dd.eionet.europa.eu/vocabulary/aq/pollutant/7,hour,33.8770099900,µg/m3,2018-01-27 21:00:00 +01:00,2018-01-27 22:00:00 +01:00,1,1
GB,http://environment.data.gov.uk/air-quality/so,GB_Network_1,Station_GB1024A,,GB_SamplingPoint_74174,GB_StationProcess_918,GB_SamplingFeature_918,O3,http://dd.eionet.europa.eu/vocabulary/aq/pollutant/7,hour,41.3109899900,µg/m3,2018-01-27 22:00:00 +01:00,2018-01-27 23:00:00 +01:00,1,1
GB,http://environment.data.gov.uk/air-quality/so,GB_Network_1,Station_GB1024A,,GB_SamplingPoint_74174,GB_StationProcess_918,GB_SamplingFeature_918,O3,http://dd.eionet.europa.eu/vocabulary/aq/pollutant/7,hour,59.0727199900,µg/m3,2018-01-28 00:00:00 +01:00,2018-01-28 01:00:00 +01:00,1,1
GB,http://environment.data.gov.uk/air-quality/so,GB_Network_1,Station_GB1024A,,GB_SamplingPoint_74174,GB_StationProcess_918,GB_SamplingFeature_918,O3,http://dd.eionet.europa.eu/vocabulary/aq/pollutant/7,hour,60.0705699900,µg/m3,2018-01-28 01:00:00 +01:00,2018-01-28 02:00:00 +01:00,1,1
GB,http://environment.data.gov.uk/air-quality/so,GB_Network_1,Station_GB1024A,,GB_SamplingPoint_74174,GB_StationProcess_918,GB_SamplingFeature_918,O3,http://dd.eionet.europa.eu/vocabulary/aq/pollutant/7,hour,60.5694999900,µg/m3,2018-01-28 03:00:00 +01:00,2018-01-28 04:00:00 +01:00,1,1
GB,http://environment.data.gov.uk/air-quality/so,GB_Network_1,Station_GB1024A,,GB_SamplingPoint_74174,GB_StationProcess_918,GB_SamplingFeature_918,O3,http://dd.eionet.europa.eu/vocabulary/aq/pollutant/7,hour,63.0142299900,µg/m3,2018-01-28 04:00:00 +01:00,2018-01-28 05:00:00 +01:00,1,1
GB,http://environment.data.gov.uk/air-quality/so,GB_Network_1,Station_GB1024A,,GB_SamplingPoint_74174,GB_StationProcess_918,GB_SamplingFeature_918,O3,http://dd.eionet.europa.eu/vocabulary/aq/pollutant/7,hour,57.0770199900,µg/m3,2018-01-28 06:00:00 +01:00,2018-01-28 07:00:00 +01:00,1,1
GB,http://environment.data.gov.uk/air-quality/so,GB_Network_1,Station_GB1024A,,GB_SamplingPoint_74174,GB_StationProcess_918,GB_SamplingFeature_918,O3,http://dd.eionet.europa.eu/vocabulary/aq/pollutant/7,hour,56.2787399900,µg/m3,2018-01-28 07:00:00 +01:00,2018-01-28 08:00:00 +01:00,1,1
GB,http://environment.data.gov.uk/air-quality/so,GB_Network_1,Station_GB1024A,,GB_SamplingPoint_74174,GB_StationProcess_918,GB_SamplingFeature_918,O3,http://dd.eionet.europa.eu/vocabulary/aq/pollutant/7,hour,60.5195999900,µg/m3,2018-01-28 11:00:00 +01:00,2018-01-28 12:00:00 +01:00,1,1
GB,http://environment.data.gov.uk/air-quality/so,GB_Network_1,Station_GB1024A,,GB_SamplingPoint_74174,GB_StationProcess_918,GB_SamplingFeature_918,O3,http://dd.eionet.europa.eu/vocabulary/aq/pollutant/7,hour,61.0185299900,µg/m3,2018-01-28 12:00:00 +01:00,2018-01-28 13:00:00 +01:00,1,1
GB,http://environment.data.gov.uk/air-quality/so,GB_Network_1,Station_GB1024A,,GB_SamplingPoint_74174,GB_StationProcess_918,GB_SamplingFeature_918,O3,http://dd.eionet.europa.eu/vocabulary/aq/pollutant/7,hour,61.5673499900,µg/m3,2018-01-28 13:00:00 +01:00,2018-01-28 14:00:00 +01:00,1,1
GB,http://environment.data.gov.uk/air-quality/so,GB_Network_1,Station_GB1024A,,GB_SamplingPoint_74174,GB_StationProcess_918,GB_SamplingFeature_918,O3,http://dd.eionet.europa.eu/vocabulary/aq/pollutant/7,hour,57.7256199900,µg/m3,2018-01-28 16:00:00 +01:00,2018-01-28 17:00:00 +01:00,1,1
GB,http://environment.data.gov.uk/air-quality/so,GB_Network_1,Station_GB1024A,,GB_SamplingPoint_74174,GB_StationProcess_918,GB_SamplingFeature_918,O3,http://dd.eionet.europa.eu/vocabulary/aq/pollutant/7,hour,61.9165899900,µg/m3,2018-01-28 17:00:00 +01:00,2018-01-28 18:00:00 +01:00,1,1
GB,http://environment.data.gov.uk/air-quality/so,GB_Network_1,Station_GB1024A,,GB_SamplingPoint_74174,GB_StationProcess_918,GB_SamplingFeature_918,O3,http://dd.eionet.europa.eu/vocabulary/aq/pollutant/7,hour,59.3720799900,µg/m3,2018-01-28 19:00:00 +01:00,2018-01-28 20:00:00 +01:00,1,1
GB,http://environment.data.gov.uk/air-quality/so,GB_Network_1,Station_GB1024A,,GB_SamplingPoint_74174,GB_StationProcess_918,GB_SamplingFeature_918,O3,http://dd.eionet.europa.eu/vocabulary/aq/pollutant/7,hour,64.6107899900,µg/m3,2018-01-28 20:00:00 +01:00,2018-01-28 21:00:00 +01:00,1,1
GB,http://environment.data.gov.uk/air-quality/so,GB_Network_1,Station_GB1024A,,GB_SamplingPoint_74174,GB_StationProcess_918,GB_SamplingFeature_918,O3,http://dd.eionet.europa.eu/vocabulary/aq/pollutant/7,hour,71.1467099900,µg/m3,2018-01-28 21:00:00 +01:00,2018-01-28 22:00:00 +01:00,1,1
GB,http://environment.data.gov.uk/air-quality/so,GB_Network_1,Station_GB1024A,,GB_SamplingPoint_74174,GB_StationProcess_918,GB_SamplingFeature_918,O3,http://dd.eionet.europa.eu/vocabulary/aq/pollutant/7,hour,71.7454199900,µg/m3,2018-01-28 22:00:00 +01:00,2018-01-28 23:00:00 +01:00,1,1
GB,http://environment.data.gov.uk/air-quality/so,GB_Network_1,Station_GB1024A,,GB_SamplingPoint_74174,GB_StationProcess_918,GB_SamplingFeature_918,O3,http://dd.eionet.europa.eu/vocabulary/aq/pollutant/7,hour,69.0013299900,µg/m3,2018-01-29 00:00:00 +01:00,2018-01-29 01:00:00 +01:00,1,1
GB,http://environment.data.gov.uk/air-quality/so,GB_Network_1,Station_GB1024A,,GB_SamplingPoint_74174,GB_StationProcess_918,GB_SamplingFeature_918,O3,http://dd.eionet.europa.eu/vocabulary/aq/pollutant/7,hour,73.2421899900,µg/m3,2018-01-29 02:00:00 +01:00,2018-01-29 03:00:00 +01:00,1,1
GB,http://environment.data.gov.uk/air-quality/so,GB_Network_1,Station_GB1024A,,GB_SamplingPoint_74174,GB_StationProcess_918,GB_SamplingFeature_918,O3,http://dd.eionet.europa.eu/vocabulary/aq/pollutant/7,hour,56.0791699900,µg/m3,2018-01-29 09:00:00 +01:00,2018-01-29 10:00:00 +01:00,1,1
GB,http://environment.data.gov.uk/air-quality/so,GB_Network_1,Station_GB1024A,,GB_SamplingPoint_74174,GB_StationProcess_918,GB_SamplingFeature_918,O3,http://dd.eionet.europa.eu/vocabulary/aq/pollutant/7,hour,59.7213199900,µg/m3,2018-01-29 10:00:00 +01:00,2018-01-29 11:00:00 +01:00,1,1
GB,http://environment.data.gov.uk/air-quality/so,GB_Network_1,Station_GB1024A,,GB_SamplingPoint_74174,GB_StationProcess_918,GB_SamplingFeature_918,O3,http://dd.eionet.europa.eu/vocabulary/aq/pollutant/7,hour,58.0748699900,µg/m3,2018-01-29 11:00:00 +01:00,2018-01-29 12:00:00 +01:00,1,1
GB,http://environment.data.gov.uk/air-quality/so,GB_Network_1,Station_GB1024A,,GB_SamplingPoint_74174,GB_StationProcess_918,GB_SamplingFeature_918,O3,http://dd.eionet.europa.eu/vocabulary/aq/pollutant/7,hour,60.5694999900,µg/m3,2018-01-29 13:00:00 +01:00,2018-01-29 14:00:00 +01:00,1,1
GB,http://environment.data.gov.uk/air-quality/so,GB_Network_1,Station_GB1024A,,GB_SamplingPoint_74174,GB_StationProcess_918,GB_SamplingFeature_918,O3,http://dd.eionet.europa.eu/vocabulary/aq/pollutant/7,hour,46.9488399900,µg/m3,2018-01-29 15:00:00 +01:00,2018-01-29 16:00:00 +01:00,1,1
GB,http://environment.data.gov.uk/air-quality/so,GB_Network_1,Station_GB1024A,,GB_SamplingPoint_74174,GB_StationProcess_918,GB_SamplingFeature_918,O3,http://dd.eionet.europa.eu/vocabulary/aq/pollutant/7,hour,34.8748599900,µg/m3,2018-01-29 20:00:00 +01:00,2018-01-29 21:00:00 +01:00,1,1
GB,http://environment.data.gov.uk/air-quality/so,GB_Network_1,Station_GB1024A,,GB_SamplingPoint_74174,GB_StationProcess_918,GB_SamplingFeature_918,O3,http://dd.eionet.europa.eu/vocabulary/aq/pollutant/7,hour,12.1737699900,µg/m3,2018-01-29 21:00:00 +01:00,2018-01-29 22:00:00 +01:00,1,1
GB,http://environment.data.gov.uk/air-quality/so,GB_Network_1,Station_GB1024A,,GB_SamplingPoint_74174,GB_StationProcess_918,GB_SamplingFeature_918,O3,http://dd.eionet.europa.eu/vocabulary/aq/pollutant/7,hour,32.9290499900,µg/m3,2018-01-30 00:00:00 +01:00,2018-01-30 01:00:00 +01:00,1,1
GB,http://environment.data.gov.uk/air-quality/so,GB_Network_1,Station_GB1024A,,GB_SamplingPoint_74174,GB_StationProcess_918,GB_SamplingFeature_918,O3,http://dd.eionet.europa.eu/vocabulary/aq/pollutant/7,hour,28.0063199900,µg/m3,2018-01-30 01:00:00 +01:00,2018-01-30 02:00:00 +01:00,1,1
GB,http://environment.data.gov.uk/air-quality/so,GB_Network_1,Station_GB1024A,,GB_SamplingPoint_74174,GB_StationProcess_918,GB_SamplingFeature_918,O3,http://dd.eionet.europa.eu/vocabulary/aq/pollutant/7,hour,5.0391399900,µg/m3,2018-01-30 04:00:00 +01:00,2018-01-30 05:00:00 +01:00,2,1
GB,http://environment.data.gov.uk/air-quality/so,GB_Network_1,Station_GB1024A,,GB_SamplingPoint_74174,GB_StationProcess_918,GB_SamplingFeature_918,O3,http://dd.eionet.europa.eu/vocabulary/aq/pollutant/7,hour,9.0804399900,µg/m3,2018-01-30 05:00:00 +01:00,2018-01-30 06:00:00 +01:00,1,1
GB,http://environment.data.gov.uk/air-quality/so,GB_Network_1,Station_GB1024A,,GB_SamplingPoint_74174,GB_StationProcess_918,GB_SamplingFeature_918,O3,http://dd.eionet.europa.eu/vocabulary/aq/pollutant/7,hour,2.2451599900,µg/m3,2018-01-30 09:00:00 +01:00,2018-01-30 10:00:00 +01:00,2,1
GB,http://environment.data.gov.uk/air-quality/so,GB_Network_1,Station_GB1024A,,GB_SamplingPoint_74174,GB_StationProcess_918,GB_SamplingFeature_918,O3,http://dd.eionet.europa.eu/vocabulary/aq/pollutant/7,hour,5.9870999900,µg/m3,2018-01-30 10:00:00 +01:00,2018-01-30 11:00:00 +01:00,2,1
GB,http://environment.data.gov.uk/air-quality/so,GB_Network_1,Station_GB1024A,,GB_SamplingPoint_74174,GB_StationProcess_918,GB_SamplingFeature_918,O3,http://dd.eionet.europa.eu/vocabulary/aq/pollutant/7,hour,16.7139899900,µg/m3,2018-01-30 12:00:00 +01:00,2018-01-30 13:00:00 +01:00,1,1
GB,http://environment.data.gov.uk/air-quality/so,GB_Network_1,Station_GB1024A,,GB_SamplingPoint_74174,GB_StationProcess_918,GB_SamplingFeature_918,O3,http://dd.eionet.europa.eu/vocabulary/aq/pollutant/7,hour,22.2021599900,µg/m3,2018-01-30 13:00:00 +01:00,2018-01-30 14:00:00 +01:00,1,1
GB,http://environment.data.gov.uk/air-quality/so,GB_Network_1,Station_GB1024A,,GB_SamplingPoint_74174,GB_StationProcess_918,GB_SamplingFeature_918,O3,http://dd.eionet.europa.eu/vocabulary/aq/pollutant/7,hour,37.0701299900,µg/m3,2018-01-30 14:00:00 +01:00,2018-01-30 15:00:00 +01:00,1,1
GB,http://environment.data.gov.uk/air-quality/so,GB_Network_1,Station_GB1024A,,GB_SamplingPoint_74174,GB_StationProcess_918,GB_SamplingFeature_918,O3,http://dd.eionet.europa.eu/vocabulary/aq/pollutant/7,hour,27.8400199900,µg/m3,2018-01-30 20:00:00 +01:00,2018-01-30 21:00:00 +01:00,1,1
GB,http://environment.data.gov.uk/air-quality/so,GB_Network_1,Station_GB1024A,,GB_SamplingPoint_74174,GB_StationProcess_918,GB_SamplingFeature_918,O3,http://dd.eionet.europa.eu/vocabulary/aq/pollutant/7,hour,33.1286199900,µg/m3,2018-01-30 21:00:00 +01:00,2018-01-30 22:00:00 +01:00,1,1
GB,http://environment.data.gov.uk/air-quality/so,GB_Network_1,Station_GB1024A,,GB_SamplingPoint_74174,GB_StationProcess_918,GB_SamplingFeature_918,O3,http://dd.eionet.europa.eu/vocabulary/aq/pollutant/7,hour,57.2765899900,µg/m3,2018-01-31 01:00:00 +01:00,2018-01-31 02:00:00 +01:00,1,1
GB,http://environment.data.gov.uk/air-quality/so,GB_Network_1,Station_GB1024A,,GB_SamplingPoint_74174,GB_StationProcess_918,GB_SamplingFeature_918,O3,http://dd.eionet.europa.eu/vocabulary/aq/pollutant/7,hour,70.7808299900,µg/m3,2018-01-31 02:00:00 +01:00,2018-01-31 03:00:00 +01:00,1,1
GB,http://environment.data.gov.uk/air-quality/so,GB_Network_1,Station_GB1024A,,GB_SamplingPoint_74174,GB_StationProcess_918,GB_SamplingFeature_918,O3,http://dd.eionet.europa.eu/vocabulary/aq/pollutant/7,hour,73.2920799900,µg/m3,2018-01-31 03:00:00 +01:00,2018-01-31 04:00:00 +01:00,1,1
GB,http://environment.data.gov.uk/air-quality/so,GB_Network_1,Station_GB1024A,,GB_SamplingPoint_74174,GB_StationProcess_918,GB_SamplingFeature_918,O3,http://dd.eionet.europa.eu/vocabulary/aq/pollutant/7,hour,72.1445599900,µg/m3,2018-01-31 05:00:00 +01:00,2018-01-31 06:00:00 +01:00,1,1
GB,http://environment.data.gov.uk/air-quality/so,GB_Network_1,Station_GB1024A,,GB_SamplingPoint_74174,GB_StationProcess_918,GB_SamplingFeature_918,O3,http://dd.eionet.europa.eu/vocabulary/aq/pollutant/7,hour,68.7518699900,µg/m3,2018-01-31 06:00:00 +01:00,2018-01-31 07:00:00 +01:00,1,1
GB,http://environment.data.gov.uk/air-quality/so,GB_Network_1,Station_GB1024A,,GB_SamplingPoint_74174,GB_StationProcess_918,GB_SamplingFeature_918,O3,http://dd.eionet.europa.eu/vocabulary/aq/pollutant/7,hour,54.5324999900,µg/m3,2018-01-31 08:00:00 +01:00,2018-01-31 09:00:00 +01:00,1,1
GB,http://environment.data.gov.uk/air-quality/so,GB_Network_1,Station_GB1024A,,GB_SamplingPoint_74174,GB_StationProcess_918,GB_SamplingFeature_918,O3,http://dd.eionet.europa.eu/vocabulary/aq/pollutant/7,hour,50.4413199900,µg/m3,2018-01-31 09:00:00 +01:00,2018-01-31 10:00:00 +01:00,1,1
GB,http://environment.data.gov.uk/air-quality/so,GB_Network_1,Station_GB1024A,,GB_SamplingPoint_74174,GB_StationProcess_918,GB_SamplingFeature_918,O3,http://dd.eionet.europa.eu/vocabulary/aq/pollutant/7,hour,68.4026199900,µg/m3,2018-01-31 11:00:00 +01:00,2018-01-31 12:00:00 +01:00,1,1
GB,http://environment.data.gov.uk/air-quality/so,GB_Network_1,Station_GB1024A,,GB_SamplingPoint_74174,GB_StationProcess_918,GB_SamplingFeature_918,O3,http://dd.eionet.europa.eu/vocabulary/aq/pollutant/7,hour,70.2486399900,µg/m3,2018-01-31 13:00:00 +01:00,2018-01-31 14:00:00 +01:00,1,1
GB,http://environment.data.gov.uk/air-quality/so,GB_Network_1,Station_GB1024A,,GB_SamplingPoint_74174,GB_StationProcess_918,GB_SamplingFeature_918,O3,http://dd.eionet.europa.eu/vocabulary/aq/pollutant/7,hour,64.9101399900,µg/m3,2018-01-31 15:00:00 +01:00,2018-01-31 16:00:00 +01:00,1,1
GB,http://environment.data.gov.uk/air-quality/so,GB_Network_1,Station_GB1024A,,GB_SamplingPoint_74174,GB_StationProcess_918,GB_SamplingFeature_918,O3,http://dd.eionet.europa.eu/vocabulary/aq/pollutant/7,hour,64.6606799900,µg/m3,2018-01-31 16:00:00 +01:00,2018-01-31 17:00:00 +01:00,1,1
GB,http://environment.data.gov.uk/air-quality/so,GB_Network_1,Station_GB1024A,,GB_SamplingPoint_74174,GB_StationProcess_918,GB_SamplingFeature_918,O3,http://dd.eionet.europa.eu/vocabulary/aq/pollutant/7,hour,58.3742299900,µg/m3,2018-01-31 17:00:00 +01:00,2018-01-31 18:00:00 +01:00,1,1
GB,http://environment.data.gov.uk/air-quality/so,GB_Network_1,Station_GB1024A,,GB_SamplingPoint_74174,GB_StationProcess_918,GB_SamplingFeature_918,O3,http://dd.eionet.europa.eu/vocabulary/aq/pollutant/7,hour,46.9987399900,µg/m3,2018-01-31 23:00:00 +01:00,2018-02-01 00:00:00 +01:00,1,1
GB,http://environment.data.gov.uk/air-quality/so,GB_Network_1,Station_GB1024A,,GB_SamplingPoint_74174,GB_StationProcess_918,GB_SamplingFeature_918,O3,http://dd.eionet.europa.eu/vocabulary/aq/pollutant/7,hour,44.9531399900,µg/m3,2018-02-01 00:00:00 +01:00,2018-02-01 01:00:00 +01:00,1,1
GB,http://environment.data.gov.uk/air-quality/so,GB_Network_1,Station_GB1024A,,GB_SamplingPoint_74174,GB_StationProcess_918,GB_SamplingFeature_918,O3,http://dd.eionet.europa.eu/vocabulary/aq/pollutant/7,hour,58.0249799900,µg/m3,2018-02-01 04:00:00 +01:00,2018-02-01 05:00:00 +01:00,1,1
GB,http://environment.data.gov.uk/air-quality/so,GB_Network_1,Station_GB1024A,,GB_SamplingPoint_74174,GB_StationProcess_918,GB_SamplingFeature_918,O3,http://dd.eionet.europa.eu/vocabulary/aq/pollutant/7,hour,51.3892799900,µg/m3,2018-02-01 10:00:00 +01:00,2018-02-01 11:00:00 +01:00,1,1
GB,http://environment.data.gov.uk/air-quality/so,GB_Network_1,Station_GB1024A,,GB_SamplingPoint_74174,GB_StationProcess_918,GB_SamplingFeature_918,O3,http://dd.eionet.europa.eu/vocabulary/aq/pollutant/7,hour,63.5630499900,µg/m3,2018-02-01 13:00:00 +01:00,2018-02-01 14:00:00 +01:00,1,1
GB,http://environment.data.gov.uk/air-quality/so,GB_Network_1,Station_GB1024A,,GB_SamplingPoint_74174,GB_StationProcess_918,GB_SamplingFeature_918,O3,http://dd.eionet.europa.eu/vocabulary/aq/pollutant/7,hour,64.0120799900,µg/m3,2018-02-01 14:00:00 +01:00,2018-02-01 15:00:00 +01:00,1,1
GB,http://environment.data.gov.uk/air-quality/so,GB_Network_1,Station_GB1024A,,GB_SamplingPoint_74174,GB_StationProcess_918,GB_SamplingFeature_918,O3,http://dd.eionet.europa.eu/vocabulary/aq/pollutant/7,hour,48.8946499900,µg/m3,2018-02-01 17:00:00 +01:00,2018-02-01 18:00:00 +01:00,1,1
GB,http://environment.data.gov.uk/air-quality/so,GB_Network_1,Station_GB1024A,,GB_SamplingPoint_74174,GB_StationProcess_918,GB_SamplingFeature_918,O3,http://dd.eionet.europa.eu/vocabulary/aq/pollutant/7,hour,45.4520699900,µg/m3,2018-02-01 18:00:00 +01:00,2018-02-01 19:00:00 +01:00,1,1
GB,http://environment.data.gov.uk/air-quality/so,GB_Network_1,Station_GB1024A,,GB_SamplingPoint_74174,GB_StationProcess_918,GB_SamplingFeature_918,O3,http://dd.eionet.europa.eu/vocabulary/aq/pollutant/7,hour,44.1548599900,µg/m3,2018-02-01 22:00:00 +01:00,2018-02-01 23:00:00 +01:00,1,1
GB,http://environment.data.gov.uk/air-quality/so,GB_Network_1,Station_GB1024A,,GB_SamplingPoint_74174,GB_StationProcess_918,GB_SamplingFeature_918,O3,http://dd.eionet.europa.eu/vocabulary/aq/pollutant/7,hour,52.3372299900,µg/m3,2018-02-02 00:00:00 +01:00,2018-02-02 01:00:00 +01:00,1,1
GB,http://environment.data.gov.uk/air-quality/so,GB_Network_1,Station_GB1024A,,GB_SamplingPoint_74174,GB_StationProcess_918,GB_SamplingFeature_918,O3,http://dd.eionet.europa.eu/vocabulary/aq/pollutant/7,hour,51.0899199900,µg/m3,2018-02-02 01:00:00 +01:00,2018-02-02 02:00:00 +01:00,1,1
GB,http://environment.data.gov.uk/air-quality/so,GB_Network_1,Station_GB1024A,,GB_SamplingPoint_74174,GB_StationProcess_918,GB_SamplingFeature_918,O3,http://dd.eionet.europa.eu/vocabulary/aq/pollutant/7,hour,53.4182399900,µg/m3,2018-02-02 02:00:00 +01:00,2018-02-02 03:00:00 +01:00,1,1
GB,http://environment.data.gov.uk/air-quality/so,GB_Network_1,Station_GB1024A,,GB_SamplingPoint_74174,GB_StationProcess_918,GB_SamplingFeature_918,O3,http://dd.eionet.europa.eu/vocabulary/aq/pollutant/7,hour,58.3742299900,µg/m3,2018-02-02 04:00:00 +01:00,2018-02-02 05:00:00 +01:00,1,1
GB,http://environment.data.gov.uk/air-quality/so,GB_Network_1,Station_GB1024A,,GB_SamplingPoint_74174,GB_StationProcess_918,GB_SamplingFeature_918,O3,http://dd.eionet.europa.eu/vocabulary/aq/pollutant/7,hour,61.5174499900,µg/m3,2018-02-02 05:00:00 +01:00,2018-02-02 06:00:00 +01:00,1,1
GB,http://environment.data.gov.uk/air-quality/so,GB_Network_1,Station_GB1024A,,GB_SamplingPoint_74174,GB_StationProcess_918,GB_SamplingFeature_918,O3,http://dd.eionet.europa.eu/vocabulary/aq/pollutant/7,hour,51.1897099900,µg/m3,2018-02-02 07:00:00 +01:00,2018-02-02 08:00:00 +01:00,1,1
GB,http://environment.data.gov.uk/air-quality/so,GB_Network_1,Station_GB1024A,,GB_SamplingPoint_74174,GB_StationProcess_918,GB_SamplingFeature_918,O3,http://dd.eionet.europa.eu/vocabulary/aq/pollutant/7,hour,42.0593799900,µg/m3,2018-02-02 11:00:00 +01:00,2018-02-02 12:00:00 +01:00,1,1
GB,http://environment.data.gov.uk/air-quality/so,GB_Network_1,Station_GB1024A,,GB_SamplingPoint_74174,GB_StationProcess_918,GB_SamplingFeature_918,O3,http://dd.eionet.europa.eu/vocabulary/aq/pollutant/7,hour,44.4542199900,µg/m3,2018-02-02 12:00:00 +01:00,2018-02-02 13:00:00 +01:00,1,1
GB,http://environment.data.gov.uk/air-quality/so,GB_Network_1,Station_GB1024A,,GB_SamplingPoint_74174,GB_StationProcess_918,GB_SamplingFeature_918,O3,http://dd.eionet.europa.eu/vocabulary/aq/pollutant/7,hour,39.5148599900,µg/m3,2018-02-02 14:00:00 +01:00,2018-02-02 15:00:00 +01:00,1,1
GB,http://environment.data.gov.uk/air-quality/so,GB_Network_1,Station_GB1024A,,GB_SamplingPoint_74174,GB_StationProcess_918,GB_SamplingFeature_918,O3,http://dd.eionet.europa.eu/vocabulary/aq/pollutant/7,hour,11.5251699900,µg/m3,2018-02-02 18:00:00 +01:00,2018-02-02 19:00:00 +01:00,1,1
GB,http://environment.data.gov.uk/air-quality/so,GB_Network_1,Station_GB1024A,,GB_SamplingPoint_74174,GB_StationProcess_918,GB_SamplingFeature_918,O3,http://dd.eionet.europa.eu/vocabulary/aq/pollutant/7,hour,1.3470999900,µg/m3,2018-02-02 21:00:00 +01:00,2018-02-02 22:00:00 +01:00,2,1
GB,http://environment.data.gov.uk/air-quality/so,GB_Network_1,Station_GB1024A,,GB_SamplingPoint_74174,GB_StationProcess_918,GB_SamplingFeature_918,O3,http://dd.eionet.europa.eu/vocabulary/aq/pollutant/7,hour,1.2473099900,µg/m3,2018-02-02 22:00:00 +01:00,2018-02-02 23:00:00 +01:00,2,1
GB,http://environment.data.gov.uk/air-quality/so,GB_Network_1,Station_GB1024A,,GB_SamplingPoint_74174,GB_StationProcess_918,GB_SamplingFeature_918,O3,http://dd.eionet.europa.eu/vocabulary/aq/pollutant/7,hour,2.9270299900,µg/m3,2018-02-03 02:00:00 +01:00,2018-02-03 03:00:00 +01:00,2,1
GB,http://environment.data.gov.uk/air-quality/so,GB_Network_1,Station_GB1024A,,GB_SamplingPoint_74174,GB_StationProcess_918,GB_SamplingFeature_918,O3,http://dd.eionet.europa.eu/vocabulary/aq/pollutant/7,hour,7.1346299900,µg/m3,2018-02-03 03:00:00 +01:00,2018-02-03 04:00:00 +01:00,1,1
GB,http://environment.data.gov.uk/air-quality/so,GB_Network_1,Station_GB1024A,,GB_SamplingPoint_74174,GB_StationProcess_918,GB_SamplingFeature_918,O3,http://dd.eionet.europa.eu/vocabulary/aq/pollutant/7,hour,2.8438699900,µg/m3,2018-02-03 05:00:00 +01:00,2018-02-03 06:00:00 +01:00,2,1
GB,http://environment.data.gov.uk/air-quality/so,GB_Network_1,Station_GB1024A,,GB_SamplingPoint_74174,GB_StationProcess_918,GB_SamplingFeature_918,O3,http://dd.eionet.europa.eu/vocabulary/aq/pollutant/7,hour,5.7376399900,µg/m3,2018-02-03 06:00:00 +01:00,2018-02-03 07:00:00 +01:00,2,1
GB,http://environment.data.gov.uk/air-quality/so,GB_Network_1,Station_GB1024A,,GB_SamplingPoint_74174,GB_StationProcess_918,GB_SamplingFeature_918,O3,http://dd.eionet.europa.eu/vocabulary/aq/pollutant/7,hour,8.7810799900,µg/m3,2018-02-03 09:00:00 +01:00,2018-02-03 10:00:00 +01:00,1,1
GB,http://environment.data.gov.uk/air-quality/so,GB_Network_1,Station_GB1024A,,GB_SamplingPoint_74174,GB_StationProcess_918,GB_SamplingFeature_918,O3,http://dd.eionet.europa.eu/vocabulary/aq/pollutant/7,hour,8.9307599900,µg/m3,2018-02-03 14:00:00 +01:00,2018-02-03 15:00:00 +01:00,1,1
GB,http://environment.data.gov.uk/air-quality/so,GB_Network_1,Station_GB1024A,,GB_SamplingPoint_74174,GB_StationProcess_918,GB_SamplingFeature_918,O3,http://dd.eionet.europa.eu/vocabulary/aq/pollutant/7,hour,11.6748499900,µg/m3,2018-02-03 17:00:00 +01:00,2018-02-03 18:00:00 +01:00,1,1
GB,http://environment.data.gov.uk/air-quality/so,GB_Network_1,Station_GB1024A,,GB_SamplingPoint_74174,GB_StationProcess_918,GB_SamplingFeature_918,O3,http://dd.eionet.europa.eu/vocabulary/aq/pollutant/7,hour,33.5776499900,µg/m3,2018-02-03 23:00:00 +01:00,2018-02-04 00:00:00 +01:00,1,1
GB,http://environment.data.gov.uk/air-quality/so,GB_Network_1,Station_GB1024A,,GB_SamplingPoint_74174,GB_StationProcess_918,GB_SamplingFeature_918,O3,http://dd.eionet.europa.eu/vocabulary/aq/pollutant/7,hour,30.2015899900,µg/m3,2018-02-04 01:00:00 +01:00,2018-02-04 02:00:00 +01:00,1,1
GB,http://environment.data.gov.uk/air-quality/so,GB_Network_1,Station_GB1024A,,GB_SamplingPoint_74174,GB_StationProcess_918,GB_SamplingFeature_918,O3,http://dd.eionet.europa.eu/vocabulary/aq/pollutant/7,hour,33.8603799900,µg/m3,2018-02-04 02:00:00 +01:00,2018-02-04 03:00:00 +01:00,1,1
GB,http://environment.data.gov.uk/air-quality/so,GB_Network_1,Station_GB1024A,,GB_SamplingPoint_74174,GB_StationProcess_918,GB_SamplingFeature_918,O3,http://dd.eionet.europa.eu/vocabulary/aq/pollutant/7,hour,49.1940099900,µg/m3,2018-02-04 04:00:00 +01:00,2018-02-04 05:00:00 +01:00,1,1
GB,http://environment.data.gov.uk/air-quality/so,GB_Network_1,Station_GB1024A,,GB_SamplingPoint_74174,GB_StationProcess_918,GB_SamplingFeature_918,O3,http://dd.eionet.europa.eu/vocabulary/aq/pollutant/7,hour,51.4391699900,µg/m3,2018-02-04 07:00:00 +01:00,2018-02-04 08:00:00 +01:00,1,1
GB,http://environment.data.gov.uk/air-quality/so,GB_Network_1,Station_GB1024A,,GB_SamplingPoint_74174,GB_StationProcess_918,GB_SamplingFeature_918,O3,http://dd.eionet.europa.eu/vocabulary/aq/pollutant/7,hour,47.6972299900,µg/m3,2018-02-04 16:00:00 +01:00,2018-02-04 17:00:00 +01:00,1,1
GB,http://environment.data.gov.uk/air-quality/so,GB_Network_1,Station_GB1024A,,GB_SamplingPoint_74174,GB_StationProcess_918,GB_SamplingFeature_918,O3,http://dd.eionet.europa.eu/vocabulary/aq/pollutant/7,hour,33.6275499900,µg/m3,2018-02-04 19:00:00 +01:00,2018-02-04 20:00:00 +01:00,1,1
GB,http://environment.data.gov.uk/air-quality/so,GB_Network_1,Station_GB1024A,,GB_SamplingPoint_74174,GB_StationProcess_918,GB_SamplingFeature_918,O3,http://dd.eionet.europa.eu/vocabulary/aq/pollutant/7,hour,29.5363599900,µg/m3,2018-02-04 20:00:00 +01:00,2018-02-04 21:00:00 +01:00,1,1
GB,http://environment.data.gov.uk/air-quality/so,GB_Network_1,Station_GB1024A,,GB_SamplingPoint_74174,GB_StationProcess_918,GB_SamplingFeature_918,O3,http://dd.eionet.europa.eu/vocabulary/aq/pollutant/7,hour,36.5711999900,µg/m3,2018-02-04 21:00:00 +01:00,2018-02-04 22:00:00 +01:00,1,1
GB,http://environment.data.gov.uk/air-quality/so,GB_Network_1,Station_GB1024A,,GB_SamplingPoint_74174,GB_StationProcess_918,GB_SamplingFeature_918,O3,http://dd.eionet.europa.eu/vocabulary/aq/pollutant/7,hour,34.6253999900,µg/m3,2018-02-04 22:00:00 +01:00,2018-02-04 23:00:00 +01:00,1,1
GB,http://environment.data.gov.uk/air-quality/so,GB_Network_1,Station_GB1024A,,GB_SamplingPoint_74174,GB_StationProcess_918,GB_SamplingFeature_918,O3,http://dd.eionet.europa.eu/vocabulary/aq/pollutant/7,hour,44.0550799900,µg/m3,2018-02-05 00:00:00 +01:00,2018-02-05 01:00:00 +01:00,1,1
GB,http://environment.data.gov.uk/air-quality/so,GB_Network_1,Station_GB1024A,,GB_SamplingPoint_74174,GB_StationProcess_918,GB_SamplingFeature_918,O3,http://dd.eionet.europa.eu/vocabulary/aq/pollutant/7,hour,42.2423199900,µg/m3,2018-02-05 01:00:00 +01:00,2018-02-05 02:00:00 +01:00,1,1
GB,http://environment.data.gov.uk/air-quality/so,GB_Network_1,Station_GB1024A,,GB_SamplingPoint_74174,GB_StationProcess_918,GB_SamplingFeature_918,O3,http://dd.eionet.europa.eu/vocabulary/aq/pollutant/7,hour,42.9574399900,µg/m3,2018-02-05 13:00:00 +01:00,2018-02-05 14:00:00 +01:00,1,1
GB,http://environment.data.gov.uk/air-quality/so,GB_Network_1,Station_GB1024A,,GB_SamplingPoint_74174,GB_StationProcess_918,GB_SamplingFeature_918,O3,http://dd.eionet.europa.eu/vocabulary/aq/pollutant/7,hour,41.7600199900,µg/m3,2018-02-05 14:00:00 +01:00,2018-02-05 15:00:00 +01:00,1,1
GB,http://environment.data.gov.uk/air-quality/so,GB_Network_1,Station_GB1024A,,GB_SamplingPoint_74174,GB_StationProcess_918,GB_SamplingFeature_918,O3,http://dd.eionet.europa.eu/vocabulary/aq/pollutant/7,hour,41.6103499900,µg/m3,2018-02-05 15:00:00 +01:00,2018-02-05 16:00:00 +01:00,1,1
GB,http://environment.data.gov.uk/air-quality/so,GB_Network_1,Station_GB1024A,,GB_SamplingPoint_74174,GB_StationProcess_918,GB_SamplingFeature_918,O3,http://dd.eionet.europa.eu/vocabulary/aq/pollutant/7,hour,34.4258299900,µg/m3,2018-02-05 17:00:00 +01:00,2018-02-05 18:00:00 +01:00,1,1
GB,http://environment.data.gov.uk/air-quality/so,GB_Network_1,Station_GB1024A,,GB_SamplingPoint_74174,GB_StationProcess_918,GB_SamplingFeature_918,O3,http://dd.eionet.europa.eu/vocabulary/aq/pollutant/7,hour,22.2021599900,µg/m3,2018-02-05 20:00:00 +01:00,2018-02-05 21:00:00 +01:00,1,1
GB,http://environment.data.gov.uk/air-quality/so,GB_Network_1,Station_GB1024A,,GB_SamplingPoint_74174,GB_StationProcess_918,GB_SamplingFeature_918,O3,http://dd.eionet.europa.eu/vocabulary/aq/pollutant/7,hour,35.6731399900,µg/m3,2018-02-05 22:00:00 +01:00,2018-02-05 23:00:00 +01:00,1,1
GB,http://environment.data.gov.uk/air-quality/so,GB_Network_1,Station_GB1024A,,GB_SamplingPoint_74174,GB_StationProcess_918,GB_SamplingFeature_918,O3,http://dd.eionet.europa.eu/vocabulary/aq/pollutant/7,hour,33.6774399900,µg/m3,2018-02-05 23:00:00 +01:00,2018-02-06 00:00:00 +01:00,1,1
GB,http://environment.data.gov.uk/air-quality/so,GB_Network_1,Station_GB1024A,,GB_SamplingPoint_74174,GB_StationProcess_918,GB_SamplingFeature_918,O3,http://dd.eionet.europa.eu/vocabulary/aq/pollutant/7,hour,38.0513499900,µg/m3,2018-02-06 01:00:00 +01:00,2018-02-06 02:00:00 +01:00,1,1
GB,http://environment.data.gov.uk/air-quality/so,GB_Network_1,Station_GB1024A,,GB_SamplingPoint_74174,GB_StationProcess_918,GB_SamplingFeature_918,O3,http://dd.eionet.europa.eu/vocabulary/aq/pollutant/7,hour,41.5105599900,µg/m3,2018-02-06 03:00:00 +01:00,2018-02-06 04:00:00 +01:00,1,1
GB,http://environment.data.gov.uk/air-quality/so,GB_Network_1,Station_GB1024A,,GB_SamplingPoint_74174,GB_StationProcess_918,GB_SamplingFeature_918,O3,http://dd.eionet.europa.eu/vocabulary/aq/pollutant/7,hour,36.8705599900,µg/m3,2018-02-06 04:00:00 +01:00,2018-02-06 05:00:00 +01:00,1,1
GB,http://environment.data.gov.uk/air-quality/so,GB_Network_1,Station_GB1024A,,GB_SamplingPoint_74174,GB_StationProcess_918,GB_SamplingFeature_918,O3,http://dd.eionet.europa.eu/vocabulary/aq/pollutant/7,hour,34.8748599900,µg/m3,2018-02-06 06:00:00 +01:00,2018-02-06 07:00:00 +01:00,1,1
GB,http://environment.data.gov.uk/air-quality/so,GB_Network_1,Station_GB1024A,,GB_SamplingPoint_74174,GB_StationProcess_918,GB_SamplingFeature_918,O3,http://dd.eionet.europa.eu/vocabulary/aq/pollutant/7,hour,30.2847499900,µg/m3,2018-02-06 07:00:00 +01:00,2018-02-06 08:00:00 +01:00,1,1
GB,http://environment.data.gov.uk/air-quality/so,GB_Network_1,Station_GB1024A,,GB_SamplingPoint_74174,GB_StationProcess_918,GB_SamplingFeature_918,O3,http://dd.eionet.europa.eu/vocabulary/aq/pollutant/7,hour,24.4972199900,µg/m3,2018-02-06 10:00:00 +01:00,2018-02-06 11:00:00 +01:00,1,1
GB,http://environment.data.gov.uk/air-quality/so,GB_Network_1,Station_GB1024A,,GB_SamplingPoint_74174,GB_StationProcess_918,GB_SamplingFeature_918,O3,http://dd.eionet.europa.eu/vocabulary/aq/pollutant/7,hour,52.6365899900,µg/m3,2018-02-06 12:00:00 +01:00,2018-02-06 13:00:00 +01:00,1,1
GB,http://environment.data.gov.uk/air-quality/so,GB_Network_1,Station_GB1024A,,GB_SamplingPoint_74174,GB_StationProcess_918,GB_SamplingFeature_918,O3,http://dd.eionet.europa.eu/vocabulary/aq/pollutant/7,hour,54.3828299900,µg/m3,2018-02-06 13:00:00 +01:00,2018-02-06 14:00:00 +01:00,1,1
GB,http://environment.data.gov.uk/air-quality/so,GB_Network_1,Station_GB1024A,,GB_SamplingPoint_74174,GB_StationProcess_918,GB_SamplingFeature_918,O3,http://dd.eionet.europa.eu/vocabulary/aq/pollutant/7,hour,57.8254099900,µg/m3,2018-02-06 14:00:00 +01:00,2018-02-06 15:00:00 +01:00,1,1
GB,http://environment.data.gov.uk/air-quality/so,GB_Network_1,Station_GB1024A,,GB_SamplingPoint_74174,GB_StationProcess_918,GB_SamplingFeature_918,O3,http://dd.eionet.europa.eu/vocabulary/aq/pollutant/7,hour,43.2567999900,µg/m3,2018-02-06 17:00:00 +01:00,2018-02-06 18:00:00 +01:00,1,1
GB,http://environment.data.gov.uk/air-quality/so,GB_Network_1,Station_GB1024A,,GB_SamplingPoint_74174,GB_StationProcess_918,GB_SamplingFeature_918,O3,http://dd.eionet.europa.eu/vocabulary/aq/pollutant/7,hour,28.5385099900,µg/m3,2018-02-06 18:00:00 +01:00,2018-02-06 19:00:00 +01:00,1,1
GB,http://environment.data.gov.uk/air-quality/so,GB_Network_1,Station_GB1024A,,GB_SamplingPoint_74174,GB_StationProcess_918,GB_SamplingFeature_918,O3,http://dd.eionet.europa.eu/vocabulary/aq/pollutant/7,hour,4.5402199900,µg/m3,2018-02-06 21:00:00 +01:00,2018-02-06 22:00:00 +01:00,2,1
GB,http://environment.data.gov.uk/air-quality/so,GB_Network_1,Station_GB1024A,,GB_SamplingPoint_74174,GB_StationProcess_918,GB_SamplingFeature_918,O3,http://dd.eionet.europa.eu/vocabulary/aq/pollutant/7,hour,4.7896799900,µg/m3,2018-02-06 23:00:00 +01:00,2018-02-07 00:00:00 +01:00,2,1
GB,http://environment.data.gov.uk/air-quality/so,GB_Network_1,Station_GB1024A,,GB_SamplingPoint_74174,GB_StationProcess_918,GB_SamplingFeature_918,O3,http://dd.eionet.europa.eu/vocabulary/aq/pollutant/7,hour,7.6335499900,µg/m3,2018-02-07 00:00:00 +01:00,2018-02-07 01:00:00 +01:00,1,1
GB,http://environment.data.gov.uk/air-quality/so,GB_Network_1,Station_GB1024A,,GB_SamplingPoint_74174,GB_StationProcess_918,GB_SamplingFeature_918,O3,http://dd.eionet.europa.eu/vocabulary/aq/pollutant/7,hour,49.9922899900,µg/m3,2018-02-07 05:00:00 +01:00,2018-02-07 06:00:00 +01:00,1,1
GB,http://environment.data.gov.uk/air-quality/so,GB_Network_1,Station_GB1024A,,GB_SamplingPoint_74174,GB_StationProcess_918,GB_SamplingFeature_918,O3,http://dd.eionet.europa.eu/vocabulary/aq/pollutant/7,hour,50.4413199900,µg/m3,2018-02-07 06:00:00 +01:00,2018-02-07 07:00:00 +01:00,1,1
GB,http://environment.data.gov.uk/air-quality/so,GB_Network_1,Station_GB1024A,,GB_SamplingPoint_74174,GB_StationProcess_918,GB_SamplingFeature_918,O3,http://dd.eionet.europa.eu/vocabulary/aq/pollutant/7,hour,40.0636799900,µg/m3,2018-02-07 12:00:00 +01:00,2018-02-07 13:00:00 +01:00,1,1
GB,http://environment.data.gov.uk/air-quality/so,GB_Network_1,Station_GB1024A,,GB_SamplingPoint_74174,GB_StationProcess_918,GB_SamplingFeature_918,O3,http://dd.eionet.europa.eu/vocabulary/aq/pollutant/7,hour,54.8817499900,µg/m3,2018-02-07 14:00:00 +01:00,2018-02-07 15:00:00 +01:00,1,1
GB,http://environment.data.gov.uk/air-quality/so,GB_Network_1,Station_GB1024A,,GB_SamplingPoint_74174,GB_StationProcess_918,GB_SamplingFeature_918,O3,http://dd.eionet.europa.eu/vocabulary/aq/pollutant/7,hour,37.3195899900,µg/m3,2018-02-07 17:00:00 +01:00,2018-02-07 18:00:00 +01:00,1,1
GB,http://environment.data.gov.uk/air-quality/so,GB_Network_1,Station_GB1024A,,GB_SamplingPoint_74174,GB_StationProcess_918,GB_SamplingFeature_918,O3,http://dd.eionet.europa.eu/vocabulary/aq/pollutant/7,hour,1.8626499900,µg/m3,2018-02-08 01:00:00 +01:00,2018-02-08 02:00:00 +01:00,2,1
GB,http://environment.data.gov.uk/air-quality/so,GB_Network_1,Station_GB1024A,,GB_SamplingPoint_74174,GB_StationProcess_918,GB_SamplingFeature_918,O3,http://dd.eionet.europa.eu/vocabulary/aq/pollutant/7,hour,5.4382799900,µg/m3,2018-02-08 05:00:00 +01:00,2018-02-08 06:00:00 +01:00,2,1
GB,http://environment.data.gov.uk/air-quality/so,GB_Network_1,Station_GB1024A,,GB_SamplingPoint_74174,GB_StationProcess_918,GB_SamplingFeature_918,O3,http://dd.eionet.europa.eu/vocabulary/aq/pollutant/7,hour,30.9832399900,µg/m3,2018-02-08 07:00:00 +01:00,2018-02-08 08:00:00 +01:00,1,1
GB,http://environment.data.gov.uk/air-quality/so,GB_Network_1,Station_GB1024A,,GB_SamplingPoint_74174,GB_StationProcess_918,GB_SamplingFeature_918,O3,http://dd.eionet.europa.eu/vocabulary/aq/pollutant/7,hour,17.5621599900,µg/m3,2018-02-08 10:00:00 +01:00,2018-02-08 11:00:00 +01:00,1,1
GB,http://environment.data.gov.uk/air-quality/so,GB_Network_1,Station_GB1024A,,GB_SamplingPoint_74174,GB_StationProcess_918,GB_SamplingFeature_918,O3,http://dd.eionet.europa.eu/vocabulary/aq/pollutant/7,hour,54.5324999900,µg/m3,2018-02-08 12:00:00 +01:00,2018-02-08 13:00:00 +01:00,1,1
GB,http://environment.data.gov.uk/air-quality/so,GB_Network_1,Station_GB1024A,,GB_SamplingPoint_74174,GB_StationProcess_918,GB_SamplingFeature_918,O3,http://dd.eionet.europa.eu/vocabulary/aq/pollutant/7,hour,52.1875599900,µg/m3,2018-02-08 17:00:00 +01:00,2018-02-08 18:00:00 +01:00,1,1
GB,http://environment.data.gov.uk/air-quality/so,GB_Network_1,Station_GB1024A,,GB_SamplingPoint_74174,GB_StationProcess_918,GB_SamplingFeature_918,O3,http://dd.eionet.europa.eu/vocabulary/aq/pollutant/7,hour,40.5127099900,µg/m3,2018-02-08 18:00:00 +01:00,2018-02-08 19:00:00 +01:00,1,1
GB,http://environment.data.gov.uk/air-quality/so,GB_Network_1,Station_GB1024A,,GB_SamplingPoint_74174,GB_StationProcess_918,GB_SamplingFeature_918,O3,http://dd.eionet.europa.eu/vocabulary/aq/pollutant/7,hour,41.7600199900,µg/m3,2018-02-08 19:00:00 +01:00,2018-02-08 20:00:00 +01:00,1,1
GB,http://environment.data.gov.uk/air-quality/so,GB_Network_1,Station_GB1024A,,GB_SamplingPoint_74174,GB_StationProcess_918,GB_SamplingFeature_918,O3,http://dd.eionet.europa.eu/vocabulary/aq/pollutant/7,hour,44.0550799900,µg/m3,2018-02-08 20:00:00 +01:00,2018-02-08 21:00:00 +01:00,1,1
GB,http://environment.data.gov.uk/air-quality/so,GB_Network_1,Station_GB1024A,,GB_SamplingPoint_74174,GB_StationProcess_918,GB_SamplingFeature_918,O3,http://dd.eionet.europa.eu/vocabulary/aq/pollutant/7,hour,65.6585299900,µg/m3,2018-02-08 23:00:00 +01:00,2018-02-09 00:00:00 +01:00,1,1
GB,http://environment.data.gov.uk/air-quality/so,GB_Network_1,Station_GB1024A,,GB_SamplingPoint_74174,GB_StationProcess_918,GB_SamplingFeature_918,O3,http://dd.eionet.europa.eu/vocabulary/aq/pollutant/7,hour,61.7336499900,µg/m3,2018-02-09 01:00:00 +01:00,2018-02-09 02:00:00 +01:00,1,1
GB,http://environment.data.gov.uk/air-quality/so,GB_Network_1,Station_GB1024A,,GB_SamplingPoint_74174,GB_StationProcess_918,GB_SamplingFeature_918,O3,http://dd.eionet.europa.eu/vocabulary/aq/pollutant/7,hour,61.2679899900,µg/m3,2018-02-09 02:00:00 +01:00,2018-02-09 03:00:00 +01:00,1,1
GB,http://environment.data.gov.uk/air-quality/so,GB_Network_1,Station_GB1024A,,GB_SamplingPoint_74174,GB_StationProcess_918,GB_SamplingFeature_918,O3,http://dd.eionet.europa.eu/vocabulary/aq/pollutant/7,hour,61.5673499900,µg/m3,2018-02-09 03:00:00 +01:00,2018-02-09 04:00:00 +01:00,1,1
GB,http://environment.data.gov.uk/air-quality/so,GB_Network_1,Station_GB1024A,,GB_SamplingPoint_74174,GB_StationProcess_918,GB_SamplingFeature_918,O3,http://dd.eionet.europa.eu/vocabulary/aq/pollutant/7,hour,64.8602499900,µg/m3,2018-02-09 04:00:00 +01:00,2018-02-09 05:00:00 +01:00,1,1
GB,http://environment.data.gov.uk/air-quality/so,GB_Network_1,Station_GB1024A,,GB_SamplingPoint_74174,GB_StationProcess_918,GB_SamplingFeature_918,O3,http://dd.eionet.europa.eu/vocabulary/aq/pollutant/7,hour,53.6344399900,µg/m3,2018-02-09 08:00:00 +01:00,2018-02-09 09:00:00 +01:00,1,1
GB,http://environment.data.gov.uk/air-quality/so,GB_Network_1,Station_GB1024A,,GB_SamplingPoint_74174,GB_StationProcess_918,GB_SamplingFeature_918,O3,http://dd.eionet.europa.eu/vocabulary/aq/pollutant/7,hour,54.0834699900,µg/m3,2018-02-09 09:00:00 +01:00,2018-02-09 10:00:00 +01:00,1,1
GB,http://environment.data.gov.uk/air-quality/so,GB_Network_1,Station_GB1024A,,GB_SamplingPoint_74174,GB_StationProcess_918,GB_SamplingFeature_918,O3,http://dd.eionet.europa.eu/vocabulary/aq/pollutant/7,hour,65.0099299900,µg/m3,2018-02-09 13:00:00 +01:00,2018-02-09 14:00:00 +01:00,1,1
GB,http://environment.data.gov.uk/air-quality/so,GB_Network_1,Station_GB1024A,,GB_SamplingPoint_74174,GB_StationProcess_918,GB_SamplingFeature_918,O3,http://dd.eionet.europa.eu/vocabulary/aq/pollutant/7,hour,60.8189599900,µg/m3,2018-02-09 14:00:00 +01:00,2018-02-09 15:00:00 +01:00,1,1
GB,http://environment.data.gov.uk/air-quality/so,GB_Network_1,Station_GB1024A,,GB_SamplingPoint_74174,GB_StationProcess_918,GB_SamplingFeature_918,O3,http://dd.eionet.europa.eu/vocabulary/aq/pollutant/7,hour,58.2744399900,µg/m3,2018-02-09 15:00:00 +01:00,2018-02-09 16:00:00 +01:00,1,1
GB,http://environment.data.gov.uk/air-quality/so,GB_Network_1,Station_GB1024A,,GB_SamplingPoint_74174,GB_StationProcess_918,GB_SamplingFeature_918,O3,http://dd.eionet.europa.eu/vocabulary/aq/pollutant/7,hour,61.0185299900,µg/m3,2018-02-09 17:00:00 +01:00,2018-02-09 18:00:00 +01:00,1,1
GB,http://environment.data.gov.uk/air-quality/so,GB_Network_1,Station_GB1024A,,GB_SamplingPoint_74174,GB_StationProcess_918,GB_SamplingFeature_918,O3,http://dd.eionet.europa.eu/vocabulary/aq/pollutant/7,hour,53.6344399900,µg/m3,2018-02-09 18:00:00 +01:00,2018-02-09 19:00:00 +01:00,1,1
GB,http://environment.data.gov.uk/air-quality/so,GB_Network_1,Station_GB1024A,,GB_SamplingPoint_74174,GB_StationProcess_918,GB_SamplingFeature_918,O3,http://dd.eionet.europa.eu/vocabulary/aq/pollutant/7,hour,47.9466899900,µg/m3,2018-02-09 19:00:00 +01:00,2018-02-09 20:00:00 +01:00,1,1
GB,http://environment.data.gov.uk/air-quality/so,GB_Network_1,Station_GB1024A,,GB_SamplingPoint_74174,GB_StationProcess_918,GB_SamplingFeature_918,O3,http://dd.eionet.europa.eu/vocabulary/aq/pollutant/7,hour,45.0030399900,µg/m3,2018-02-09 20:00:00 +01:00,2018-02-09 21:00:00 +01:00,1,1
GB,http://environment.data.gov.uk/air-quality/so,GB_Network_1,Station_GB1024A,,GB_SamplingPoint_74174,GB_StationProcess_918,GB_SamplingFeature_918,O3,http://dd.eionet.europa.eu/vocabulary/aq/pollutant/7,hour,35.1243199900,µg/m3,2018-02-10 03:00:00 +01:00,2018-02-10 04:00:00 +01:00,1,1
GB,http://environment.data.gov.uk/air-quality/so,GB_Network_1,Station_GB1024A,,GB_SamplingPoint_74174,GB_StationProcess_918,GB_SamplingFeature_918,O3,http://dd.eionet.europa.eu/vocabulary/aq/pollutant/7,hour,20.4559299900,µg/m3,2018-02-10 09:00:00 +01:00,2018-02-10 10:00:00 +01:00,1,1
GB,http://environment.data.gov.uk/air-quality/so,GB_Network_1,Station_GB1024A,,GB_SamplingPoint_74174,GB_StationProcess_918,GB_SamplingFeature_918,O3,http://dd.eionet.europa.eu/vocabulary/aq/pollutant/7,hour,46.7991699900,µg/m3,2018-02-10 13:00:00 +01:00,2018-02-10 14:00:00 +01:00,1,1
GB,http://environment.data.gov.uk/air-quality/so,GB_Network_1,Station_GB1024A,,GB_SamplingPoint_74174,GB_StationProcess_918,GB_SamplingFeature_918,O3,http://dd.eionet.europa.eu/vocabulary/aq/pollutant/7,hour,54.3329299900,µg/m3,2018-02-10 15:00:00 +01:00,2018-02-10 16:00:00 +01:00,1,1
GB,http://environment.data.gov.uk/air-quality/so,GB_Network_1,Station_GB1024A,,GB_SamplingPoint_74174,GB_StationProcess_918,GB_SamplingFeature_918,O3,http://dd.eionet.europa.eu/vocabulary/aq/pollutant/7,hour,57.2765899900,µg/m3,2018-02-10 20:00:00 +01:00,2018-02-10 21:00:00 +01:00,1,1
GB,http://environment.data.gov.uk/air-quality/so,GB_Network_1,Station_GB1024A,,GB_SamplingPoint_74174,GB_StationProcess_918,GB_SamplingFeature_918,O3,http://dd.eionet.europa.eu/vocabulary/aq/pollutant/7,hour,53.4348699900,µg/m3,2018-02-10 22:00:00 +01:00,2018-02-10 23:00:00 +01:00,1,1
GB,http://environment.data.gov.uk/air-quality/so,GB_Network_1,Station_GB1024A,,GB_SamplingPoint_74174,GB_StationProcess_918,GB_SamplingFeature_918,O3,http://dd.eionet.europa.eu/vocabulary/aq/pollutant/7,hour,63.7958799900,µg/m3,2018-02-11 01:00:00 +01:00,2018-02-11 02:00:00 +01:00,1,1
GB,http://environment.data.gov.uk/air-quality/so,GB_Network_1,Station_GB1024A,,GB_SamplingPoint_74174,GB_StationProcess_918,GB_SamplingFeature_918,O3,http://dd.eionet.europa.eu/vocabulary/aq/pollutant/7,hour,76.5683599900,µg/m3,2018-02-11 02:00:00 +01:00,2018-02-11 03:00:00 +01:00,1,1
GB,http://environment.data.gov.uk/air-quality/so,GB_Network_1,Station_GB1024A,,GB_SamplingPoint_74174,GB_StationProcess_918,GB_SamplingFeature_918,O3,http://dd.eionet.europa.eu/vocabulary/aq/pollutant/7,hour,70.4980999900,µg/m3,2018-02-11 08:00:00 +01:00,2018-02-11 09:00:00 +01:00,1,1
GB,http://environment.data.gov.uk/air-quality/so,GB_Network_1,Station_GB1024A,,GB_SamplingPoint_74174,GB_StationProcess_918,GB_SamplingFeature_918,O3,http://dd.eionet.europa.eu/vocabulary/aq/pollutant/7,hour,70.3484299900,µg/m3,2018-02-11 11:00:00 +01:00,2018-02-11 12:00:00 +01:00,1,1
GB,http://environment.data.gov.uk/air-quality/so,GB_Network_1,Station_GB1024A,,GB_SamplingPoint_74174,GB_StationProcess_918,GB_SamplingFeature_918,O3,http://dd.eionet.europa.eu/vocabulary/aq/pollutant/7,hour,69.3505799900,µg/m3,2018-02-11 14:00:00 +01:00,2018-02-11 15:00:00 +01:00,1,1
GB,http://environment.data.gov.uk/air-quality/so,GB_Network_1,Station_GB1024A,,GB_SamplingPoint_74174,GB_StationProcess_918,GB_SamplingFeature_918,O3,http://dd.eionet.europa.eu/vocabulary/aq/pollutant/7,hour,66.0077799900,µg/m3,2018-02-11 17:00:00 +01:00,2018-02-11 18:00:00 +01:00,1,1
GB,http://environment.data.gov.uk/air-quality/so,GB_Network_1,Station_GB1024A,,GB_SamplingPoint_74174,GB_StationProcess_918,GB_SamplingFeature_918,O3,http://dd.eionet.europa.eu/vocabulary/aq/pollutant/7,hour,60.5694999900,µg/m3,2018-02-11 19:00:00 +01:00,2018-02-11 20:00:00 +01:00,1,1
GB,http://environment.data.gov.uk/air-quality/so,GB_Network_1,Station_GB1024A,,GB_SamplingPoint_74174,GB_StationProcess_918,GB_SamplingFeature_918,O3,http://dd.eionet.europa.eu/vocabulary/aq/pollutant/7,hour,57.5759499900,µg/m3,2018-02-11 20:00:00 +01:00,2018-02-11 21:00:00 +01:00,1,1
GB,http://environment.data.gov.uk/air-quality/so,GB_Network_1,Station_GB1024A,,GB_SamplingPoint_74174,GB_StationProcess_918,GB_SamplingFeature_918,O3,http://dd.eionet.europa.eu/vocabulary/aq/pollutant/7,hour,62.7647699900,µg/m3,2018-02-12 00:00:00 +01:00,2018-02-12 01:00:00 +01:00,1,1
GB,http://environment.data.gov.uk/air-quality/so,GB_Network_1,Station_GB1024A,,GB_SamplingPoint_74174,GB_StationProcess_918,GB_SamplingFeature_918,O3,http://dd.eionet.europa.eu/vocabulary/aq/pollutant/7,hour,60.9353699900,µg/m3,2018-02-12 02:00:00 +01:00,2018-02-12 03:00:00 +01:00,1,1
GB,http://environment.data.gov.uk/air-quality/so,GB_Network_1,Station_GB1024A,,GB_SamplingPoint_74174,GB_StationProcess_918,GB_SamplingFeature_918,O3,http://dd.eionet.europa.eu/vocabulary/aq/pollutant/7,hour,60.7191699900,µg/m3,2018-02-12 04:00:00 +01:00,2018-02-12 05:00:00 +01:00,1,1
GB,http://environment.data.gov.uk/air-quality/so,GB_Network_1,Station_GB1024A,,GB_SamplingPoint_74174,GB_StationProcess_918,GB_SamplingFeature_918,O3,http://dd.eionet.europa.eu/vocabulary/aq/pollutant/7,hour,59.8211099900,µg/m3,2018-02-12 13:00:00 +01:00,2018-02-12 14:00:00 +01:00,1,1
GB,http://environment.data.gov.uk/air-quality/so,GB_Network_1,Station_GB1024A,,GB_SamplingPoint_74174,GB_StationProcess_918,GB_SamplingFeature_918,O3,http://dd.eionet.europa.eu/vocabulary/aq/pollutant/7,hour,61.5673499900,µg/m3,2018-02-12 16:00:00 +01:00,2018-02-12 17:00:00 +01:00,1,1
GB,http://environment.data.gov.uk/air-quality/so,GB_Network_1,Station_GB1024A,,GB_SamplingPoint_74174,GB_StationProcess_918,GB_SamplingFeature_918,O3,http://dd.eionet.europa.eu/vocabulary/aq/pollutant/7,hour,43.7058299900,µg/m3,2018-02-12 18:00:00 +01:00,2018-02-12 19:00:00 +01:00,1,1
GB,http://environment.data.gov.uk/air-quality/so,GB_Network_1,Station_GB1024A,,GB_SamplingPoint_74174,GB_StationProcess_918,GB_SamplingFeature_918,O3,http://dd.eionet.europa.eu/vocabulary/aq/pollutant/7,hour,25.0959299900,µg/m3,2018-02-12 19:00:00 +01:00,2018-02-12 20:00:00 +01:00,1,1
GB,http://environment.data.gov.uk/air-quality/so,GB_Network_1,Station_GB1024A,,GB_SamplingPoint_74174,GB_StationProcess_918,GB_SamplingFeature_918,O3,http://dd.eionet.europa.eu/vocabulary/aq/pollutant/7,hour,46.6993799900,µg/m3,2018-02-12 21:00:00 +01:00,2018-02-12 22:00:00 +01:00,1,1
GB,http://environment.data.gov.uk/air-quality/so,GB_Network_1,Station_GB1024A,,GB_SamplingPoint_74174,GB_StationProcess_918,GB_SamplingFeature_918,O3,http://dd.eionet.europa.eu/vocabulary/aq/pollutant/7,hour,55.6301399900,µg/m3,2018-02-12 23:00:00 +01:00,2018-02-13 00:00:00 +01:00,1,1
GB,http://environment.data.gov.uk/air-quality/so,GB_Network_1,Station_GB1024A,,GB_SamplingPoint_74174,GB_StationProcess_918,GB_SamplingFeature_918,O3,http://dd.eionet.europa.eu/vocabulary/aq/pollutant/7,hour,64.2615399900,µg/m3,2018-02-13 03:00:00 +01:00,2018-02-13 04:00:00 +01:00,1,1
GB,http://environment.data.gov.uk/air-quality/so,GB_Network_1,Station_GB1024A,,GB_SamplingPoint_74174,GB_StationProcess_918,GB_SamplingFeature_918,O3,http://dd.eionet.europa.eu/vocabulary/aq/pollutant/7,hour,66.2572399900,µg/m3,2018-02-13 05:00:00 +01:00,2018-02-13 06:00:00 +01:00,1,1
GB,http://environment.data.gov.uk/air-quality/so,GB_Network_1,Station_GB1024A,,GB_SamplingPoint_74174,GB_StationProcess_918,GB_SamplingFeature_918,O3,http://dd.eionet.europa.eu/vocabulary/aq/pollutant/7,hour,58.5238999900,µg/m3,2018-02-13 08:00:00 +01:00,2018-02-13 09:00:00 +01:00,1,1
GB,http://environment.data.gov.uk/air-quality/so,GB_Network_1,Station_GB1024A,,GB_SamplingPoint_74174,GB_StationProcess_918,GB_SamplingFeature_918,O3,http://dd.eionet.europa.eu/vocabulary/aq/pollutant/7,hour,60.0206799900,µg/m3,2018-02-13 09:00:00 +01:00,2018-02-13 10:00:00 +01:00,1,1
GB,http://environment.data.gov.uk/air-quality/so,GB_Network_1,Station_GB1024A,,GB_SamplingPoint_74174,GB_StationProcess_918,GB_SamplingFeature_918,O3,http://dd.eionet.europa.eu/vocabulary/aq/pollutant/7,hour,62.7148699900,µg/m3,2018-02-13 12:00:00 +01:00,2018-02-13 13:00:00 +01:00,1,1
GB,http://environment.data.gov.uk/air-quality/so,GB_Network_1,Station_GB1024A,,GB_SamplingPoint_74174,GB_StationProcess_918,GB_SamplingFeature_918,O3,http://dd.eionet.europa.eu/vocabulary/aq/pollutant/7,hour,64.2615399900,µg/m3,2018-02-13 13:00:00 +01:00,2018-02-13 14:00:00 +01:00,1,1
GB,http://environment.data.gov.uk/air-quality/so,GB_Network_1,Station_GB1024A,,GB_SamplingPoint_74174,GB_StationProcess_918,GB_SamplingFeature_918,O3,http://dd.eionet.europa.eu/vocabulary/aq/pollutant/7,hour,60.7191699900,µg/m3,2018-02-13 14:00:00 +01:00,2018-02-13 15:00:00 +01:00,1,1
GB,http://environment.data.gov.uk/air-quality/so,GB_Network_1,Station_GB1024A,,GB_SamplingPoint_74174,GB_StationProcess_918,GB_SamplingFeature_918,O3,http://dd.eionet.europa.eu/vocabulary/aq/pollutant/7,hour,57.7256199900,µg/m3,2018-02-13 15:00:00 +01:00,2018-02-13 16:00:00 +01:00,1,1
GB,http://environment.data.gov.uk/air-quality/so,GB_Network_1,Station_GB1024A,,GB_SamplingPoint_74174,GB_StationProcess_918,GB_SamplingFeature_918,O3,http://dd.eionet.europa.eu/vocabulary/aq/pollutant/7,hour,44.5041099900,µg/m3,2018-02-13 17:00:00 +01:00,2018-02-13 18:00:00 +01:00,1,1
GB,http://environment.data.gov.uk/air-quality/so,GB_Network_1,Station_GB1024A,,GB_SamplingPoint_74174,GB_StationProcess_918,GB_SamplingFeature_918,O3,http://dd.eionet.europa.eu/vocabulary/aq/pollutant/7,hour,18.1608699900,µg/m3,2018-02-14 00:00:00 +01:00,2018-02-14 01:00:00 +01:00,1,1
GB,http://environment.data.gov.uk/air-quality/so,GB_Network_1,Station_GB1024A,,GB_SamplingPoint_74174,GB_StationProcess_918,GB_SamplingFeature_918,O3,http://dd.eionet.europa.eu/vocabulary/aq/pollutant/7,hour,34.5921299900,µg/m3,2018-02-14 02:00:00 +01:00,2018-02-14 03:00:00 +01:00,1,1
GB,http://environment.data.gov.uk/air-quality/so,GB_Network_1,Station_GB1024A,,GB_SamplingPoint_74174,GB_StationProcess_918,GB_SamplingFeature_918,O3,http://dd.eionet.europa.eu/vocabulary/aq/pollutant/7,hour,1.3470999900,µg/m3,2018-02-14 07:00:00 +01:00,2018-02-14 08:00:00 +01:00,2,1
GB,http://environment.data.gov.uk/air-quality/so,GB_Network_1,Station_GB1024A,,GB_SamplingPoint_74174,GB_StationProcess_918,GB_SamplingFeature_918,O3,http://dd.eionet.europa.eu/vocabulary/aq/pollutant/7,hour,1.1974199900,µg/m3,2018-02-14 08:00:00 +01:00,2018-02-14 09:00:00 +01:00,2,1
GB,http://environment.data.gov.uk/air-quality/so,GB_Network_1,Station_GB1024A,,GB_SamplingPoint_74174,GB_StationProcess_918,GB_SamplingFeature_918,O3,http://dd.eionet.europa.eu/vocabulary/aq/pollutant/7,hour,21.0546399900,µg/m3,2018-02-14 10:00:00 +01:00,2018-02-14 11:00:00 +01:00,1,1
GB,http://environment.data.gov.uk/air-quality/so,GB_Network_1,Station_GB1024A,,GB_SamplingPoint_74174,GB_StationProcess_918,GB_SamplingFeature_918,O3,http://dd.eionet.europa.eu/vocabulary/aq/pollutant/7,hour,47.6972299900,µg/m3,2018-02-14 12:00:00 +01:00,2018-02-14 13:00:00 +01:00,1,1
GB,http://environment.data.gov.uk/air-quality/so,GB_Network_1,Station_GB1024A,,GB_SamplingPoint_74174,GB_StationProcess_918,GB_SamplingFeature_918,O3,http://dd.eionet.europa.eu/vocabulary/aq/pollutant/7,hour,53.1355099900,µg/m3,2018-02-14 13:00:00 +01:00,2018-02-14 14:00:00 +01:00,1,1
GB,http://environment.data.gov.uk/air-quality/so,GB_Network_1,Station_GB1024A,,GB_SamplingPoint_74174,GB_StationProcess_918,GB_SamplingFeature_918,O3,http://dd.eionet.europa.eu/vocabulary/aq/pollutant/7,hour,57.5759499900,µg/m3,2018-02-14 14:00:00 +01:00,2018-02-14 15:00:00 +01:00,1,1
GB,http://environment.data.gov.uk/air-quality/so,GB_Network_1,Station_GB1024A,,GB_SamplingPoint_74174,GB_StationProcess_918,GB_SamplingFeature_918,O3,http://dd.eionet.europa.eu/vocabulary/aq/pollutant/7,hour,55.0813199900,µg/m3,2018-02-14 17:00:00 +01:00,2018-02-14 18:00:00 +01:00,1,1
GB,http://environment.data.gov.uk/air-quality/so,GB_Network_1,Station_GB1024A,,GB_SamplingPoint_74174,GB_StationProcess_918,GB_SamplingFeature_918,O3,http://dd.eionet.europa.eu/vocabulary/aq/pollutant/7,hour,52.4370199900,µg/m3,2018-02-14 18:00:00 +01:00,2018-02-14 19:00:00 +01:00,1,1
GB,http://environment.data.gov.uk/air-quality/so,GB_Network_1,Station_GB1024A,,GB_SamplingPoint_74174,GB_StationProcess_918,GB_SamplingFeature_918,O3,http://dd.eionet.europa.eu/vocabulary/aq/pollutant/7,hour,49.6430399900,µg/m3,2018-02-14 19:00:00 +01:00,2018-02-14 20:00:00 +01:00,1,1
GB,http://environment.data.gov.uk/air-quality/so,GB_Network_1,Station_GB1024A,,GB_SamplingPoint_74174,GB_StationProcess_918,GB_SamplingFeature_918,O3,http://dd.eionet.europa.eu/vocabulary/aq/pollutant/7,hour,41.7600199900,µg/m3,2018-02-14 23:00:00 +01:00,2018-02-15 00:00:00 +01:00,1,1
GB,http://environment.data.gov.uk/air-quality/so,GB_Network_1,Station_GB1024A,,GB_SamplingPoint_74174,GB_StationProcess_918,GB_SamplingFeature_918,O3,http://dd.eionet.europa.eu/vocabulary/aq/pollutant/7,hour,37.6522099900,µg/m3,2018-02-15 02:00:00 +01:00,2018-02-15 03:00:00 +01:00,1,1
GB,http://environment.data.gov.uk/air-quality/so,GB_Network_1,Station_GB1024A,,GB_SamplingPoint_74174,GB_StationProcess_918,GB_SamplingFeature_918,O3,http://dd.eionet.europa.eu/vocabulary/aq/pollutant/7,hour,43.8056199900,µg/m3,2018-02-15 07:00:00 +01:00,2018-02-15 08:00:00 +01:00,1,1
GB,http://environment.data.gov.uk/air-quality/so,GB_Network_1,Station_GB1024A,,GB_SamplingPoint_74174,GB_StationProcess_918,GB_SamplingFeature_918,O3,http://dd.eionet.europa.eu/vocabulary/aq/pollutant/7,hour,64.2615399900,µg/m3,2018-02-15 11:00:00 +01:00,2018-02-15 12:00:00 +01:00,1,1
GB,http://environment.data.gov.uk/air-quality/so,GB_Network_1,Station_GB1024A,,GB_SamplingPoint_74174,GB_StationProcess_918,GB_SamplingFeature_918,O3,http://dd.eionet.europa.eu/vocabulary/aq/pollutant/7,hour,64.0120799900,µg/m3,2018-02-15 13:00:00 +01:00,2018-02-15 14:00:00 +01:00,1,1
GB,http://environment.data.gov.uk/air-quality/so,GB_Network_1,Station_GB1024A,,GB_SamplingPoint_74174,GB_StationProcess_918,GB_SamplingFeature_918,O3,http://dd.eionet.europa.eu/vocabulary/aq/pollutant/7,hour,73.8907899900,µg/m3,2018-02-15 16:00:00 +01:00,2018-02-15 17:00:00 +01:00,1,1
GB,http://environment.data.gov.uk/air-quality/so,GB_Network_1,Station_GB1024A,,GB_SamplingPoint_74174,GB_StationProcess_918,GB_SamplingFeature_918,O3,http://dd.eionet.europa.eu/vocabulary/aq/pollutant/7,hour,54.6322899900,µg/m3,2018-02-15 18:00:00 +01:00,2018-02-15 19:00:00 +01:00,1,1
GB,http://environment.data.gov.uk/air-quality/so,GB_Network_1,Station_GB1024A,,GB_SamplingPoint_74174,GB_StationProcess_918,GB_SamplingFeature_918,O3,http://dd.eionet.europa.eu/vocabulary/aq/pollutant/7,hour,32.2305599900,µg/m3,2018-02-15 22:00:00 +01:00,2018-02-15 23:00:00 +01:00,1,1
GB,http://environment.data.gov.uk/air-quality/so,GB_Network_1,Station_GB1024A,,GB_SamplingPoint_74174,GB_StationProcess_918,GB_SamplingFeature_918,O3,http://dd.eionet.europa.eu/vocabulary/aq/pollutant/7,hour,32.5797999900,µg/m3,2018-02-16 00:00:00 +01:00,2018-02-16 01:00:00 +01:00,1,1
GB,http://environment.data.gov.uk/air-quality/so,GB_Network_1,Station_GB1024A,,GB_SamplingPoint_74174,GB_StationProcess_918,GB_SamplingFeature_918,O3,http://dd.eionet.europa.eu/vocabulary/aq/pollutant/7,hour,38.3174399900,µg/m3,2018-02-16 01:00:00 +01:00,2018-02-16 02:00:00 +01:00,1,1
GB,http://environment.data.gov.uk/air-quality/so,GB_Network_1,Station_GB1024A,,GB_SamplingPoint_74174,GB_StationProcess_918,GB_SamplingFeature_918,O3,http://dd.eionet.europa.eu/vocabulary/aq/pollutant/7,hour,38.0679799900,µg/m3,2018-02-16 04:00:00 +01:00,2018-02-16 05:00:00 +01:00,1,1
GB,http://environment.data.gov.uk/air-quality/so,GB_Network_1,Station_GB1024A,,GB_SamplingPoint_74174,GB_StationProcess_918,GB_SamplingFeature_918,O3,http://dd.eionet.europa.eu/vocabulary/aq/pollutant/7,hour,21.4537799900,µg/m3,2018-02-16 07:00:00 +01:00,2018-02-16 08:00:00 +01:00,1,1
GB,http://environment.data.gov.uk/air-quality/so,GB_Network_1,Station_GB1024A,,GB_SamplingPoint_74174,GB_StationProcess_918,GB_SamplingFeature_918,O3,http://dd.eionet.europa.eu/vocabulary/aq/pollutant/7,hour,7.5337699900,µg/m3,2018-02-16 08:00:00 +01:00,2018-02-16 09:00:00 +01:00,1,1
GB,http://environment.data.gov.uk/air-quality/so,GB_Network_1,Station_GB1024A,,GB_SamplingPoint_74174,GB_StationProcess_918,GB_SamplingFeature_918,O3,http://dd.eionet.europa.eu/vocabulary/aq/pollutant/7,hour,33.8770099900,µg/m3,2018-02-16 12:00:00 +01:00,2018-02-16 13:00:00 +01:00,1,1
GB,http://environment.data.gov.uk/air-quality/so,GB_Network_1,Station_GB1024A,,GB_SamplingPoint_74174,GB_StationProcess_918,GB_SamplingFeature_918,O3,http://dd.eionet.europa.eu/vocabulary/aq/pollutant/7,hour,49.2438999900,µg/m3,2018-02-16 13:00:00 +01:00,2018-02-16 14:00:00 +01:00,1,1
GB,http://environment.data.gov.uk/air-quality/so,GB_Network_1,Station_GB1024A,,GB_SamplingPoint_74174,GB_StationProcess_918,GB_SamplingFeature_918,O3,http://dd.eionet.europa.eu/vocabulary/aq/pollutant/7,hour,56.1789599900,µg/m3,2018-02-16 14:00:00 +01:00,2018-02-16 15:00:00 +01:00,1,1
GB,http://environment.data.gov.uk/air-quality/so,GB_Network_1,Station_GB1024A,,GB_SamplingPoint_74174,GB_StationProcess_918,GB_SamplingFeature_918,O3,http://dd.eionet.europa.eu/vocabulary/aq/pollutant/7,hour,46.9488399900,µg/m3,2018-02-16 17:00:00 +01:00,2018-02-16 18:00:00 +01:00,1,1
GB,http://environment.data.gov.uk/air-quality/so,GB_Network_1,Station_GB1024A,,GB_SamplingPoint_74174,GB_StationProcess_918,GB_SamplingFeature_918,O3,http://dd.eionet.europa.eu/vocabulary/aq/pollutant/7,hour,5.7376399900,µg/m3,2018-02-16 19:00:00 +01:00,2018-02-16 20:00:00 +01:00,2,1
GB,http://environment.data.gov.uk/air-quality/so,GB_Network_1,Station_GB1024A,,GB_SamplingPoint_74174,GB_StationProcess_918,GB_SamplingFeature_918,O3,http://dd.eionet.europa.eu/vocabulary/aq/pollutant/7,hour,1.1475299900,µg/m3,2018-02-17 05:00:00 +01:00,2018-02-17 06:00:00 +01:00,2,1
GB,http://environment.data.gov.uk/air-quality/so,GB_Network_1,Station_GB1024A,,GB_SamplingPoint_74174,GB_StationProcess_918,GB_SamplingFeature_918,O3,http://dd.eionet.europa.eu/vocabulary/aq/pollutant/7,hour,1.3470999900,µg/m3,2018-02-17 06:00:00 +01:00,2018-02-17 07:00:00 +01:00,2,1
GB,http://environment.data.gov.uk/air-quality/so,GB_Network_1,Station_GB1024A,,GB_SamplingPoint_74174,GB_StationProcess_918,GB_SamplingFeature_918,O3,http://dd.eionet.europa.eu/vocabulary/aq/pollutant/7,hour,1.3969899900,µg/m3,2018-02-17 07:00:00 +01:00,2018-02-17 08:00:00 +01:00,2,1
GB,http://environment.data.gov.uk/air-quality/so,GB_Network_1,Station_GB1024A,,GB_SamplingPoint_74174,GB_StationProcess_918,GB_SamplingFeature_918,O3,http://dd.eionet.europa.eu/vocabulary/aq/pollutant/7,hour,2.4447299900,µg/m3,2018-02-17 09:00:00 +01:00,2018-02-17 10:00:00 +01:00,2,1
GB,http://environment.data.gov.uk/air-quality/so,GB_Network_1,Station_GB1024A,,GB_SamplingPoint_74174,GB_StationProcess_918,GB_SamplingFeature_918,O3,http://dd.eionet.europa.eu/vocabulary/aq/pollutant/7,hour,64.8602499900,µg/m3,2018-02-17 15:00:00 +01:00,2018-02-17 16:00:00 +01:00,1,1
GB,http://environment.data.gov.uk/air-quality/so,GB_Network_1,Station_GB1024A,,GB_SamplingPoint_74174,GB_StationProcess_918,GB_SamplingFeature_918,O3,http://dd.eionet.europa.eu/vocabulary/aq/pollutant/7,hour,61.7669199900,µg/m3,2018-02-17 16:00:00 +01:00,2018-02-17 17:00:00 +01:00,1,1
GB,http://environment.data.gov.uk/air-quality/so,GB_Network_1,Station_GB1024A,,GB_SamplingPoint_74174,GB_StationProcess_918,GB_SamplingFeature_918,O3,http://dd.eionet.europa.eu/vocabulary/aq/pollutant/7,hour,30.2847499900,µg/m3,2018-02-17 22:00:00 +01:00,2018-02-17 23:00:00 +01:00,1,1
GB,http://environment.data.gov.uk/air-quality/so,GB_Network_1,Station_GB1024A,,GB_SamplingPoint_74174,GB_StationProcess_918,GB_SamplingFeature_918,O3,http://dd.eionet.europa.eu/vocabulary/aq/pollutant/7,hour,32.9290499900,µg/m3,2018-02-17 23:00:00 +01:00,2018-02-18 00:00:00 +01:00,1,1
GB,http://environment.data.gov.uk/air-quality/so,GB_Network_1,Station_GB1024A,,GB_SamplingPoint_74174,GB_StationProcess_918,GB_SamplingFeature_918,O3,http://dd.eionet.europa.eu/vocabulary/aq/pollutant/7,hour,1.2473099900,µg/m3,2018-02-18 03:00:00 +01:00,2018-02-18 04:00:00 +01:00,2,1
GB,http://environment.data.gov.uk/air-quality/so,GB_Network_1,Station_GB1024A,,GB_SamplingPoint_74174,GB_StationProcess_918,GB_SamplingFeature_918,O3,http://dd.eionet.europa.eu/vocabulary/aq/pollutant/7,hour,1.1974199900,µg/m3,2018-02-18 04:00:00 +01:00,2018-02-18 05:00:00 +01:00,2,1
GB,http://environment.data.gov.uk/air-quality/so,GB_Network_1,Station_GB1024A,,GB_SamplingPoint_74174,GB_StationProcess_918,GB_SamplingFeature_918,O3,http://dd.eionet.europa.eu/vocabulary/aq/pollutant/7,hour,3.0434399900,µg/m3,2018-02-18 09:00:00 +01:00,2018-02-18 10:00:00 +01:00,2,1
GB,http://environment.data.gov.uk/air-quality/so,GB_Network_1,Station_GB1024A,,GB_SamplingPoint_74174,GB_StationProcess_918,GB_SamplingFeature_918,O3,http://dd.eionet.europa.eu/vocabulary/aq/pollutant/7,hour,67.0056299900,µg/m3,2018-02-18 15:00:00 +01:00,2018-02-18 16:00:00 +01:00,1,1
GB,http://environment.data.gov.uk/air-quality/so,GB_Network_1,Station_GB1024A,,GB_SamplingPoint_74174,GB_StationProcess_918,GB_SamplingFeature_918,O3,http://dd.eionet.europa.eu/vocabulary/aq/pollutant/7,hour,55.0813199900,µg/m3,2018-02-18 18:00:00 +01:00,2018-02-18 19:00:00 +01:00,1,1
GB,http://environment.data.gov.uk/air-quality/so,GB_Network_1,Station_GB1024A,,GB_SamplingPoint_74174,GB_StationProcess_918,GB_SamplingFeature_918,O3,http://dd.eionet.europa.eu/vocabulary/aq/pollutant/7,hour,46.8989499900,µg/m3,2018-02-18 23:00:00 +01:00,2018-02-19 00:00:00 +01:00,1,1
GB,http://environment.data.gov.uk/air-quality/so,GB_Network_1,Station_GB1024A,,GB_SamplingPoint_74174,GB_StationProcess_918,GB_SamplingFeature_918,O3,http://dd.eionet.europa.eu/vocabulary/aq/pollutant/7,hour,40.0636799900,µg/m3,2018-02-19 00:00:00 +01:00,2018-02-19 01:00:00 +01:00,1,1
GB,http://environment.data.gov.uk/air-quality/so,GB_Network_1,Station_GB1024A,,GB_SamplingPoint_74174,GB_StationProcess_918,GB_SamplingFeature_918,O3,http://dd.eionet.europa.eu/vocabulary/aq/pollutant/7,hour,39.8474799900,µg/m3,2018-02-19 01:00:00 +01:00,2018-02-19 02:00:00 +01:00,1,1
GB,http://environment.data.gov.uk/air-quality/so,GB_Network_1,Station_GB1024A,,GB_SamplingPoint_74174,GB_StationProcess_918,GB_SamplingFeature_918,O3,http://dd.eionet.europa.eu/vocabulary/aq/pollutant/7,hour,46.6993799900,µg/m3,2018-02-19 02:00:00 +01:00,2018-02-19 03:00:00 +01:00,1,1
GB,http://environment.data.gov.uk/air-quality/so,GB_Network_1,Station_GB1024A,,GB_SamplingPoint_74174,GB_StationProcess_918,GB_SamplingFeature_918,O3,http://dd.eionet.europa.eu/vocabulary/aq/pollutant/7,hour,45.8013199900,µg/m3,2018-02-19 03:00:00 +01:00,2018-02-19 04:00:00 +01:00,1,1
GB,http://environment.data.gov.uk/air-quality/so,GB_Network_1,Station_GB1024A,,GB_SamplingPoint_74174,GB_StationProcess_918,GB_SamplingFeature_918,O3,http://dd.eionet.europa.eu/vocabulary/aq/pollutant/7,hour,44.9531399900,µg/m3,2018-02-19 04:00:00 +01:00,2018-02-19 05:00:00 +01:00,1,1
GB,http://environment.data.gov.uk/air-quality/so,GB_Network_1,Station_GB1024A,,GB_SamplingPoint_74174,GB_StationProcess_918,GB_SamplingFeature_918,O3,http://dd.eionet.europa.eu/vocabulary/aq/pollutant/7,hour,42.6081999900,µg/m3,2018-02-19 05:00:00 +01:00,2018-02-19 06:00:00 +01:00,1,1
GB,http://environment.data.gov.uk/air-quality/so,GB_Network_1,Station_GB1024A,,GB_SamplingPoint_74174,GB_StationProcess_918,GB_SamplingFeature_918,O3,http://dd.eionet.europa.eu/vocabulary/aq/pollutant/7,hour,37.7686199900,µg/m3,2018-02-19 06:00:00 +01:00,2018-02-19 07:00:00 +01:00,1,1
GB,http://environment.data.gov.uk/air-quality/so,GB_Network_1,Station_GB1024A,,GB_SamplingPoint_74174,GB_StationProcess_918,GB_SamplingFeature_918,O3,http://dd.eionet.europa.eu/vocabulary/aq/pollutant/7,hour,32.9290499900,µg/m3,2018-02-19 07:00:00 +01:00,2018-02-19 08:00:00 +01:00,1,1
GB,http://environment.data.gov.uk/air-quality/so,GB_Network_1,Station_GB1024A,,GB_SamplingPoint_74174,GB_StationProcess_918,GB_SamplingFeature_918,O3,http://dd.eionet.europa.eu/vocabulary/aq/pollutant/7,hour,5.7376399900,µg/m3,2018-02-19 09:00:00 +01:00,2018-02-19 10:00:00 +01:00,2,1
GB,http://environment.data.gov.uk/air-quality/so,GB_Network_1,Station_GB1024A,,GB_SamplingPoint_74174,GB_StationProcess_918,GB_SamplingFeature_918,O3,http://dd.eionet.europa.eu/vocabulary/aq/pollutant/7,hour,21.6034499900,µg/m3,2018-02-19 14:00:00 +01:00,2018-02-19 15:00:00 +01:00,1,1
GB,http://environment.data.gov.uk/air-quality/so,GB_Network_1,Station_GB1024A,,GB_SamplingPoint_74174,GB_StationProcess_918,GB_SamplingFeature_918,O3,http://dd.eionet.europa.eu/vocabulary/aq/pollutant/7,hour,21.4537799900,µg/m3,2018-02-19 16:00:00 +01:00,2018-02-19 17:00:00 +01:00,1,1
GB,http://environment.data.gov.uk/air-quality/so,GB_Network_1,Station_GB1024A,,GB_SamplingPoint_74174,GB_StationProcess_918,GB_SamplingFeature_918,O3,http://dd.eionet.europa.eu/vocabulary/aq/pollutant/7,hour,15.5664599900,µg/m3,2018-02-19 17:00:00 +01:00,2018-02-19 18:00:00 +01:00,1,1
GB,http://environment.data.gov.uk/air-quality/so,GB_Network_1,Station_GB1024A,,GB_SamplingPoint_74174,GB_StationProcess_918,GB_SamplingFeature_918,O3,http://dd.eionet.europa.eu/vocabulary/aq/pollutant/7,hour,18.7096899900,µg/m3,2018-02-19 19:00:00 +01:00,2018-02-19 20:00:00 +01:00,1,1
GB,http://environment.data.gov.uk/air-quality/so,GB_Network_1,Station_GB1024A,,GB_SamplingPoint_74174,GB_StationProcess_918,GB_SamplingFeature_918,O3,http://dd.eionet.europa.eu/vocabulary/aq/pollutant/7,hour,27.0916299900,µg/m3,2018-02-19 20:00:00 +01:00,2018-02-19 21:00:00 +01:00,1,1
GB,http://environment.data.gov.uk/air-quality/so,GB_Network_1,Station_GB1024A,,GB_SamplingPoint_74174,GB_StationProcess_918,GB_SamplingFeature_918,O3,http://dd.eionet.europa.eu/vocabulary/aq/pollutant/7,hour,33.8770099900,µg/m3,2018-02-19 22:00:00 +01:00,2018-02-19 23:00:00 +01:00,1,1
GB,http://environment.data.gov.uk/air-quality/so,GB_Network_1,Station_GB1024A,,GB_SamplingPoint_74174,GB_StationProcess_918,GB_SamplingFeature_918,O3,http://dd.eionet.europa.eu/vocabulary/aq/pollutant/7,hour,16.7139899900,µg/m3,2018-02-20 00:00:00 +01:00,2018-02-20 01:00:00 +01:00,1,1
GB,http://environment.data.gov.uk/air-quality/so,GB_Network_1,Station_GB1024A,,GB_SamplingPoint_74174,GB_StationProcess_918,GB_SamplingFeature_918,O3,http://dd.eionet.europa.eu/vocabulary/aq/pollutant/7,hour,22.3518399900,µg/m3,2018-02-20 03:00:00 +01:00,2018-02-20 04:00:00 +01:00,1,1
GB,http://environment.data.gov.uk/air-quality/so,GB_Network_1,Station_GB1024A,,GB_SamplingPoint_74174,GB_StationProcess_918,GB_SamplingFeature_918,O3,http://dd.eionet.europa.eu/vocabulary/aq/pollutant/7,hour,9.0804399900,µg/m3,2018-02-20 06:00:00 +01:00,2018-02-20 07:00:00 +01:00,1,1
GB,http://environment.data.gov.uk/air-quality/so,GB_Network_1,Station_GB1024A,,GB_SamplingPoint_74174,GB_StationProcess_918,GB_SamplingFeature_918,O3,http://dd.eionet.europa.eu/vocabulary/aq/pollutant/7,hour,12.4731299900,µg/m3,2018-02-20 07:00:00 +01:00,2018-02-20 08:00:00 +01:00,1,1
GB,http://environment.data.gov.uk/air-quality/so,GB_Network_1,Station_GB1024A,,GB_SamplingPoint_74174,GB_StationProcess_918,GB_SamplingFeature_918,O3,http://dd.eionet.europa.eu/vocabulary/aq/pollutant/7,hour,57.6258399900,µg/m3,2018-02-20 12:00:00 +01:00,2018-02-20 13:00:00 +01:00,1,1
GB,http://environment.data.gov.uk/air-quality/so,GB_Network_1,Station_GB1024A,,GB_SamplingPoint_74174,GB_StationProcess_918,GB_SamplingFeature_918,O3,http://dd.eionet.europa.eu/vocabulary/aq/pollutant/7,hour,60.5195999900,µg/m3,2018-02-20 15:00:00 +01:00,2018-02-20 16:00:00 +01:00,1,1
GB,http://environment.data.gov.uk/air-quality/so,GB_Network_1,Station_GB1024A,,GB_SamplingPoint_74174,GB_StationProcess_918,GB_SamplingFeature_918,O3,http://dd.eionet.europa.eu/vocabulary/aq/pollutant/7,hour,34.5754999900,µg/m3,2018-02-20 21:00:00 +01:00,2018-02-20 22:00:00 +01:00,1,1
GB,http://environment.data.gov.uk/air-quality/so,GB_Network_1,Station_GB1024A,,GB_SamplingPoint_74174,GB_StationProcess_918,GB_SamplingFeature_918,O3,http://dd.eionet.europa.eu/vocabulary/aq/pollutant/7,hour,56.8109299900,µg/m3,2018-02-21 02:00:00 +01:00,2018-02-21 03:00:00 +01:00,1,1
GB,http://environment.data.gov.uk/air-quality/so,GB_Network_1,Station_GB1024A,,GB_SamplingPoint_74174,GB_StationProcess_918,GB_SamplingFeature_918,O3,http://dd.eionet.europa.eu/vocabulary/aq/pollutant/7,hour,51.1897099900,µg/m3,2018-02-21 03:00:00 +01:00,2018-02-21 04:00:00 +01:00,1,1
GB,http://environment.data.gov.uk/air-quality/so,GB_Network_1,Station_GB1024A,,GB_SamplingPoint_74174,GB_StationProcess_918,GB_SamplingFeature_918,O3,http://dd.eionet.europa.eu/vocabulary/aq/pollutant/7,hour,46.2503499900,µg/m3,2018-02-21 04:00:00 +01:00,2018-02-21 05:00:00 +01:00,1,1
GB,http://environment.data.gov.uk/air-quality/so,GB_Network_1,Station_GB1024A,,GB_SamplingPoint_74174,GB_StationProcess_918,GB_SamplingFeature_918,O3,http://dd.eionet.europa.eu/vocabulary/aq/pollutant/7,hour,2.4946299900,µg/m3,2018-02-21 08:00:00 +01:00,2018-02-21 09:00:00 +01:00,2,1
GB,http://environment.data.gov.uk/air-quality/so,GB_Network_1,Station_GB1024A,,GB_SamplingPoint_74174,GB_StationProcess_918,GB_SamplingFeature_918,O3,http://dd.eionet.europa.eu/vocabulary/aq/pollutant/7,hour,6.3862399900,µg/m3,2018-02-21 09:00:00 +01:00,2018-02-21 10:00:00 +01:00,1,1
GB,http://environment.data.gov.uk/air-quality/so,GB_Network_1,Station_GB1024A,,GB_SamplingPoint_74174,GB_StationProcess_918,GB_SamplingFeature_918,O3,http://dd.eionet.europa.eu/vocabulary/aq/pollutant/7,hour,34.4258299900,µg/m3,2018-02-21 12:00:00 +01:00,2018-02-21 13:00:00 +01:00,1,1
GB,http://environment.data.gov.uk/air-quality/so,GB_Network_1,Station_GB1024A,,GB_SamplingPoint_74174,GB_StationProcess_918,GB_SamplingFeature_918,O3,http://dd.eionet.europa.eu/vocabulary/aq/pollutant/7,hour,40.3131399900,µg/m3,2018-02-21 13:00:00 +01:00,2018-02-21 14:00:00 +01:00,1,1
GB,http://environment.data.gov.uk/air-quality/so,GB_Network_1,Station_GB1024A,,GB_SamplingPoint_74174,GB_StationProcess_918,GB_SamplingFeature_918,O3,http://dd.eionet.europa.eu/vocabulary/aq/pollutant/7,hour,48.1462599900,µg/m3,2018-02-21 15:00:00 +01:00,2018-02-21 16:00:00 +01:00,1,1
GB,http://environment.data.gov.uk/air-quality/so,GB_Network_1,Station_GB1024A,,GB_SamplingPoint_74174,GB_StationProcess_918,GB_SamplingFeature_918,O3,http://dd.eionet.europa.eu/vocabulary/aq/pollutant/7,hour,51.4391699900,µg/m3,2018-02-21 16:00:00 +01:00,2018-02-21 17:00:00 +01:00,1,1
GB,http://environment.data.gov.uk/air-quality/so,GB_Network_1,Station_GB1024A,,GB_SamplingPoint_74174,GB_StationProcess_918,GB_SamplingFeature_918,O3,http://dd.eionet.europa.eu/vocabulary/aq/pollutant/7,hour,24.1978599900,µg/m3,2018-02-21 20:00:00 +01:00,2018-02-21 21:00:00 +01:00,1,1
GB,http://environment.data.gov.uk/air-quality/so,GB_Network_1,Station_GB1024A,,GB_SamplingPoint_74174,GB_StationProcess_918,GB_SamplingFeature_918,O3,http://dd.eionet.europa.eu/vocabulary/aq/pollutant/7,hour,43.7058299900,µg/m3,2018-02-21 22:00:00 +01:00,2018-02-21 23:00:00 +01:00,1,1
GB,http://environment.data.gov.uk/air-quality/so,GB_Network_1,Station_GB1024A,,GB_SamplingPoint_74174,GB_StationProcess_918,GB_SamplingFeature_918,O3,http://dd.eionet.europa.eu/vocabulary/aq/pollutant/7,hour,42.0593799900,µg/m3,2018-02-22 00:00:00 +01:00,2018-02-22 01:00:00 +01:00,1,1
GB,http://environment.data.gov.uk/air-quality/so,GB_Network_1,Station_GB1024A,,GB_SamplingPoint_74174,GB_StationProcess_918,GB_SamplingFeature_918,O3,http://dd.eionet.europa.eu/vocabulary/aq/pollutant/7,hour,47.0319999900,µg/m3,2018-02-22 02:00:00 +01:00,2018-02-22 03:00:00 +01:00,1,1
GB,http://environment.data.gov.uk/air-quality/so,GB_Network_1,Station_GB1024A,,GB_SamplingPoint_74174,GB_StationProcess_918,GB_SamplingFeature_918,O3,http://dd.eionet.europa.eu/vocabulary/aq/pollutant/7,hour,48.8946499900,µg/m3,2018-02-22 03:00:00 +01:00,2018-02-22 04:00:00 +01:00,1,1
GB,http://environment.data.gov.uk/air-quality/so,GB_Network_1,Station_GB1024A,,GB_SamplingPoint_74174,GB_StationProcess_918,GB_SamplingFeature_918,O3,http://dd.eionet.europa.eu/vocabulary/aq/pollutant/7,hour,20.6055999900,µg/m3,2018-02-22 08:00:00 +01:00,2018-02-22 09:00:00 +01:00,1,1
GB,http://environment.data.gov.uk/air-quality/so,GB_Network_1,Station_GB1024A,,GB_SamplingPoint_74174,GB_StationProcess_918,GB_SamplingFeature_918,O3,http://dd.eionet.europa.eu/vocabulary/aq/pollutant/7,hour,60.2701399900,µg/m3,2018-02-22 14:00:00 +01:00,2018-02-22 15:00:00 +01:00,1,1
GB,http://environment.data.gov.uk/air-quality/so,GB_Network_1,Station_GB1024A,,GB_SamplingPoint_74174,GB_StationProcess_918,GB_SamplingFeature_918,O3,http://dd.eionet.europa.eu/vocabulary/aq/pollutant/7,hour,63.5630499900,µg/m3,2018-02-22 17:00:00 +01:00,2018-02-22 18:00:00 +01:00,1,1
GB,http://environment.data.gov.uk/air-quality/so,GB_Network_1,Station_GB1024A,,GB_SamplingPoint_74174,GB_StationProcess_918,GB_SamplingFeature_918,O3,http://dd.eionet.europa.eu/vocabulary/aq/pollutant/7,hour,20.7552799900,µg/m3,2018-02-22 21:00:00 +01:00,2018-02-22 22:00:00 +01:00,1,1
GB,http://environment.data.gov.uk/air-quality/so,GB_Network_1,Station_GB1024A,,GB_SamplingPoint_74174,GB_StationProcess_918,GB_SamplingFeature_918,O3,http://dd.eionet.europa.eu/vocabulary/aq/pollutant/7,hour,8.8808699900,µg/m3,2018-02-23 07:00:00 +01:00,2018-02-23 08:00:00 +01:00,1,1
GB,http://environment.data.gov.uk/air-quality/so,GB_Network_1,Station_GB1024A,,GB_SamplingPoint_74174,GB_StationProcess_918,GB_SamplingFeature_918,O3,http://dd.eionet.europa.eu/vocabulary/aq/pollutant/7,hour,4.7896799900,µg/m3,2018-02-23 08:00:00 +01:00,2018-02-23 09:00:00 +01:00,2,1
GB,http://environment.data.gov.uk/air-quality/so,GB_Network_1,Station_GB1024A,,GB_SamplingPoint_74174,GB_StationProcess_918,GB_SamplingFeature_918,O3,http://dd.eionet.europa.eu/vocabulary/aq/pollutant/7,hour,57.2765899900,µg/m3,2018-02-23 11:00:00 +01:00,2018-02-23 12:00:00 +01:00,1,1
GB,http://environment.data.gov.uk/air-quality/so,GB_Network_1,Station_GB1024A,,GB_SamplingPoint_74174,GB_StationProcess_918,GB_SamplingFeature_918,O3,http://dd.eionet.europa.eu/vocabulary/aq/pollutant/7,hour,61.0185299900,µg/m3,2018-02-23 12:00:00 +01:00,2018-02-23 13:00:00 +01:00,1,1
GB,http://environment.data.gov.uk/air-quality/so,GB_Network_1,Station_GB1024A,,GB_SamplingPoint_74174,GB_StationProcess_918,GB_SamplingFeature_918,O3,http://dd.eionet.europa.eu/vocabulary/aq/pollutant/7,hour,56.5780999900,µg/m3,2018-02-23 18:00:00 +01:00,2018-02-23 19:00:00 +01:00,1,1
GB,http://environment.data.gov.uk/air-quality/so,GB_Network_1,Station_GB1024A,,GB_SamplingPoint_74174,GB_StationProcess_918,GB_SamplingFeature_918,O3,http://dd.eionet.europa.eu/vocabulary/aq/pollutant/7,hour,50.1419599900,µg/m3,2018-02-23 19:00:00 +01:00,2018-02-23 20:00:00 +01:00,1,1
GB,http://environment.data.gov.uk/air-quality/so,GB_Network_1,Station_GB1024A,,GB_SamplingPoint_74174,GB_StationProcess_918,GB_SamplingFeature_918,O3,http://dd.eionet.europa.eu/vocabulary/aq/pollutant/7,hour,30.9832399900,µg/m3,2018-02-23 21:00:00 +01:00,2018-02-23 22:00:00 +01:00,1,1
GB,http://environment.data.gov.uk/air-quality/so,GB_Network_1,Station_GB1024A,,GB_SamplingPoint_74174,GB_StationProcess_918,GB_SamplingFeature_918,O3,http://dd.eionet.europa.eu/vocabulary/aq/pollutant/7,hour,40.5127099900,µg/m3,2018-02-23 23:00:00 +01:00,2018-02-24 00:00:00 +01:00,1,1
GB,http://environment.data.gov.uk/air-quality/so,GB_Network_1,Station_GB1024A,,GB_SamplingPoint_74174,GB_StationProcess_918,GB_SamplingFeature_918,O3,http://dd.eionet.europa.eu/vocabulary/aq/pollutant/7,hour,27.5406599900,µg/m3,2018-02-24 01:00:00 +01:00,2018-02-24 02:00:00 +01:00,1,1
GB,http://environment.data.gov.uk/air-quality/so,GB_Network_1,Station_GB1024A,,GB_SamplingPoint_74174,GB_StationProcess_918,GB_SamplingFeature_918,O3,http://dd.eionet.europa.eu/vocabulary/aq/pollutant/7,hour,24.8797299900,µg/m3,2018-02-24 02:00:00 +01:00,2018-02-24 03:00:00 +01:00,1,1
GB,http://environment.data.gov.uk/air-quality/so,GB_Network_1,Station_GB1024A,,GB_SamplingPoint_74174,GB_StationProcess_918,GB_SamplingFeature_918,O3,http://dd.eionet.europa.eu/vocabulary/aq/pollutant/7,hour,25.1957099900,µg/m3,2018-02-24 03:00:00 +01:00,2018-02-24 04:00:00 +01:00,1,1
GB,http://environment.data.gov.uk/air-quality/so,GB_Network_1,Station_GB1024A,,GB_SamplingPoint_74174,GB_StationProcess_918,GB_SamplingFeature_918,O3,http://dd.eionet.europa.eu/vocabulary/aq/pollutant/7,hour,26.2434599900,µg/m3,2018-02-24 05:00:00 +01:00,2018-02-24 06:00:00 +01:00,1,1
GB,http://environment.data.gov.uk/air-quality/so,GB_Network_1,Station_GB1024A,,GB_SamplingPoint_74174,GB_StationProcess_918,GB_SamplingFeature_918,O3,http://dd.eionet.europa.eu/vocabulary/aq/pollutant/7,hour,21.7531299900,µg/m3,2018-02-24 06:00:00 +01:00,2018-02-24 07:00:00 +01:00,1,1
GB,http://environment.data.gov.uk/air-quality/so,GB_Network_1,Station_GB1024A,,GB_SamplingPoint_74174,GB_StationProcess_918,GB_SamplingFeature_918,O3,http://dd.eionet.europa.eu/vocabulary/aq/pollutant/7,hour,9.2301099900,µg/m3,2018-02-24 08:00:00 +01:00,2018-02-24 09:00:00 +01:00,1,1
GB,http://environment.data.gov.uk/air-quality/so,GB_Network_1,Station_GB1024A,,GB_SamplingPoint_74174,GB_StationProcess_918,GB_SamplingFeature_918,O3,http://dd.eionet.europa.eu/vocabulary/aq/pollutant/7,hour,59.5716499900,µg/m3,2018-02-24 13:00:00 +01:00,2018-02-24 14:00:00 +01:00,1,1
GB,http://environment.data.gov.uk/air-quality/so,GB_Network_1,Station_GB1024A,,GB_SamplingPoint_74174,GB_StationProcess_918,GB_SamplingFeature_918,O3,http://dd.eionet.europa.eu/vocabulary/aq/pollutant/7,hour,64.1118599900,µg/m3,2018-02-24 14:00:00 +01:00,2018-02-24 15:00:00 +01:00,1,1
GB,http://environment.data.gov.uk/air-quality/so,GB_Network_1,Station_GB1024A,,GB_SamplingPoint_74174,GB_StationProcess_918,GB_SamplingFeature_918,O3,http://dd.eionet.europa.eu/vocabulary/aq/pollutant/7,hour,51.4391699900,µg/m3,2018-02-24 18:00:00 +01:00,2018-02-24 19:00:00 +01:00,1,1
GB,http://environment.data.gov.uk/air-quality/so,GB_Network_1,Station_GB1024A,,GB_SamplingPoint_74174,GB_StationProcess_918,GB_SamplingFeature_918,O3,http://dd.eionet.europa.eu/vocabulary/aq/pollutant/7,hour,40.8120699900,µg/m3,2018-02-24 19:00:00 +01:00,2018-02-24 20:00:00 +01:00,1,1
GB,http://environment.data.gov.uk/air-quality/so,GB_Network_1,Station_GB1024A,,GB_SamplingPoint_74174,GB_StationProcess_918,GB_SamplingFeature_918,O3,http://dd.eionet.europa.eu/vocabulary/aq/pollutant/7,hour,43.7557199900,µg/m3,2018-02-24 21:00:00 +01:00,2018-02-24 22:00:00 +01:00,1,1
GB,http://environment.data.gov.uk/air-quality/so,GB_Network_1,Station_GB1024A,,GB_SamplingPoint_74174,GB_StationProcess_918,GB_SamplingFeature_918,O3,http://dd.eionet.europa.eu/vocabulary/aq/pollutant/7,hour,43.9552899900,µg/m3,2018-02-24 22:00:00 +01:00,2018-02-24 23:00:00 +01:00,1,1
GB,http://environment.data.gov.uk/air-quality/so,GB_Network_1,Station_GB1024A,,GB_SamplingPoint_74174,GB_StationProcess_918,GB_SamplingFeature_918,O3,http://dd.eionet.europa.eu/vocabulary/aq/pollutant/7,hour,51.5555799900,µg/m3,2018-02-25 01:00:00 +01:00,2018-02-25 02:00:00 +01:00,1,1
GB,http://environment.data.gov.uk/air-quality/so,GB_Network_1,Station_GB1024A,,GB_SamplingPoint_74174,GB_StationProcess_918,GB_SamplingFeature_918,O3,http://dd.eionet.europa.eu/vocabulary/aq/pollutant/7,hour,54.4160899900,µg/m3,2018-02-25 02:00:00 +01:00,2018-02-25 03:00:00 +01:00,1,1
GB,http://environment.data.gov.uk/air-quality/so,GB_Network_1,Station_GB1024A,,GB_SamplingPoint_74174,GB_StationProcess_918,GB_SamplingFeature_918,O3,http://dd.eionet.europa.eu/vocabulary/aq/pollutant/7,hour,49.6430399900,µg/m3,2018-02-25 03:00:00 +01:00,2018-02-25 04:00:00 +01:00,1,1
GB,http://environment.data.gov.uk/air-quality/so,GB_Network_1,Station_GB1024A,,GB_SamplingPoint_74174,GB_StationProcess_918,GB_SamplingFeature_918,O3,http://dd.eionet.europa.eu/vocabulary/aq/pollutant/7,hour,47.2481999900,µg/m3,2018-02-25 05:00:00 +01:00,2018-02-25 06:00:00 +01:00,1,1
GB,http://environment.data.gov.uk/air-quality/so,GB_Network_1,Station_GB1024A,,GB_SamplingPoint_74174,GB_StationProcess_918,GB_SamplingFeature_918,O3,http://dd.eionet.europa.eu/vocabulary/aq/pollutant/7,hour,46.4998099900,µg/m3,2018-02-25 09:00:00 +01:00,2018-02-25 10:00:00 +01:00,1,1
GB,http://environment.data.gov.uk/air-quality/so,GB_Network_1,Station_GB1024A,,GB_SamplingPoint_74174,GB_StationProcess_918,GB_SamplingFeature_918,O3,http://dd.eionet.europa.eu/vocabulary/aq/pollutant/7,hour,59.5217499900,µg/m3,2018-02-25 10:00:00 +01:00,2018-02-25 11:00:00 +01:00,1,1
GB,http://environment.data.gov.uk/air-quality/so,GB_Network_1,Station_GB1024A,,GB_SamplingPoint_74174,GB_StationProcess_918,GB_SamplingFeature_918,O3,http://dd.eionet.europa.eu/vocabulary/aq/pollutant/7,hour,67.9036899900,µg/m3,2018-02-25 15:00:00 +01:00,2018-02-25 16:00:00 +01:00,1,1
GB,http://environment.data.gov.uk/air-quality/so,GB_Network_1,Station_GB1024A,,GB_SamplingPoint_74174,GB_StationProcess_918,GB_SamplingFeature_918,O3,http://dd.eionet.europa.eu/vocabulary/aq/pollutant/7,hour,69.9991799900,µg/m3,2018-02-25 16:00:00 +01:00,2018-02-25 17:00:00 +01:00,1,1
GB,http://environment.data.gov.uk/air-quality/so,GB_Network_1,Station_GB1024A,,GB_SamplingPoint_74174,GB_StationProcess_918,GB_SamplingFeature_918,O3,http://dd.eionet.europa.eu/vocabulary/aq/pollutant/7,hour,68.6021899900,µg/m3,2018-02-25 17:00:00 +01:00,2018-02-25 18:00:00 +01:00,1,1
GB,http://environment.data.gov.uk/air-quality/so,GB_Network_1,Station_GB1024A,,GB_SamplingPoint_74174,GB_StationProcess_918,GB_SamplingFeature_918,O3,http://dd.eionet.europa.eu/vocabulary/aq/pollutant/7,hour,61.2679899900,µg/m3,2018-02-25 18:00:00 +01:00,2018-02-25 19:00:00 +01:00,1,1
GB,http://environment.data.gov.uk/air-quality/so,GB_Network_1,Station_GB1024A,,GB_SamplingPoint_74174,GB_StationProcess_918,GB_SamplingFeature_918,O3,http://dd.eionet.europa.eu/vocabulary/aq/pollutant/7,hour,54.6322899900,µg/m3,2018-02-25 22:00:00 +01:00,2018-02-25 23:00:00 +01:00,1,1
GB,http://environment.data.gov.uk/air-quality/so,GB_Network_1,Station_GB1024A,,GB_SamplingPoint_74174,GB_StationProcess_918,GB_SamplingFeature_918,O3,http://dd.eionet.europa.eu/vocabulary/aq/pollutant/7,hour,52.1376599900,µg/m3,2018-02-26 00:00:00 +01:00,2018-02-26 01:00:00 +01:00,1,1
GB,http://environment.data.gov.uk/air-quality/so,GB_Network_1,Station_GB1024A,,GB_SamplingPoint_74174,GB_StationProcess_918,GB_SamplingFeature_918,O3,http://dd.eionet.europa.eu/vocabulary/aq/pollutant/7,hour,50.1585899900,µg/m3,2018-02-26 01:00:00 +01:00,2018-02-26 02:00:00 +01:00,1,1
GB,http://environment.data.gov.uk/air-quality/so,GB_Network_1,Station_GB1024A,,GB_SamplingPoint_74174,GB_StationProcess_918,GB_SamplingFeature_918,O3,http://dd.eionet.europa.eu/vocabulary/aq/pollutant/7,hour,71.7454199900,µg/m3,2018-02-26 03:00:00 +01:00,2018-02-26 04:00:00 +01:00,1,1
GB,http://environment.data.gov.uk/air-quality/so,GB_Network_1,Station_GB1024A,,GB_SamplingPoint_74174,GB_StationProcess_918,GB_SamplingFeature_918,O3,http://dd.eionet.europa.eu/vocabulary/aq/pollutant/7,hour,71.3462799900,µg/m3,2018-02-26 05:00:00 +01:00,2018-02-26 06:00:00 +01:00,1,1
GB,http://environment.data.gov.uk/air-quality/so,GB_Network_1,Station_GB1024A,,GB_SamplingPoint_74174,GB_StationProcess_918,GB_SamplingFeature_918,O3,http://dd.eionet.europa.eu/vocabulary/aq/pollutant/7,hour,39.6146499900,µg/m3,2018-02-26 09:00:00 +01:00,2018-02-26 10:00:00 +01:00,1,1
GB,http://environment.data.gov.uk/air-quality/so,GB_Network_1,Station_GB1024A,,GB_SamplingPoint_74174,GB_StationProcess_918,GB_SamplingFeature_918,O3,http://dd.eionet.europa.eu/vocabulary/aq/pollutant/7,hour,58.5737999900,µg/m3,2018-02-26 11:00:00 +01:00,2018-02-26 12:00:00 +01:00,1,1
GB,http://environment.data.gov.uk/air-quality/so,GB_Network_1,Station_GB1024A,,GB_SamplingPoint_74174,GB_StationProcess_918,GB_SamplingFeature_918,O3,http://dd.eionet.europa.eu/vocabulary/aq/pollutant/7,hour,65.7583199900,µg/m3,2018-02-26 12:00:00 +01:00,2018-02-26 13:00:00 +01:00,1,1
GB,http://environment.data.gov.uk/air-quality/so,GB_Network_1,Station_GB1024A,,GB_SamplingPoint_74174,GB_StationProcess_918,GB_SamplingFeature_918,O3,http://dd.eionet.europa.eu/vocabulary/aq/pollutant/7,hour,69.7497199900,µg/m3,2018-02-26 14:00:00 +01:00,2018-02-26 15:00:00 +01:00,1,1
GB,http://environment.data.gov.uk/air-quality/so,GB_Network_1,Station_GB1024A,,GB_SamplingPoint_74174,GB_StationProcess_918,GB_SamplingFeature_918,O3,http://dd.eionet.europa.eu/vocabulary/aq/pollutant/7,hour,48.1961599900,µg/m3,2018-02-26 18:00:00 +01:00,2018-02-26 19:00:00 +01:00,1,1
GB,http://environment.data.gov.uk/air-quality/so,GB_Network_1,Station_GB1024A,,GB_SamplingPoint_74174,GB_StationProcess_918,GB_SamplingFeature_918,O3,http://dd.eionet.europa.eu/vocabulary/aq/pollutant/7,hour,64.2615399900,µg/m3,2018-02-27 01:00:00 +01:00,2018-02-27 02:00:00 +01:00,1,1
GB,http://environment.data.gov.uk/air-quality/so,GB_Network_1,Station_GB1024A,,GB_SamplingPoint_74174,GB_StationProcess_918,GB_SamplingFeature_918,O3,http://dd.eionet.europa.eu/vocabulary/aq/pollutant/7,hour,66.3902899900,µg/m3,2018-02-27 02:00:00 +01:00,2018-02-27 03:00:00 +01:00,1,1
GB,http://environment.data.gov.uk/air-quality/so,GB_Network_1,Station_GB1024A,,GB_SamplingPoint_74174,GB_StationProcess_918,GB_SamplingFeature_918,O3,http://dd.eionet.europa.eu/vocabulary/aq/pollutant/7,hour,62.9144399900,µg/m3,2018-02-27 03:00:00 +01:00,2018-02-27 04:00:00 +01:00,1,1
GB,http://environment.data.gov.uk/air-quality/so,GB_Network_1,Station_GB1024A,,GB_SamplingPoint_74174,GB_StationProcess_918,GB_SamplingFeature_918,O3,http://dd.eionet.europa.eu/vocabulary/aq/pollutant/7,hour,55.3806799900,µg/m3,2018-02-27 04:00:00 +01:00,2018-02-27 05:00:00 +01:00,1,1
GB,http://environment.data.gov.uk/air-quality/so,GB_Network_1,Station_GB1024A,,GB_SamplingPoint_74174,GB_StationProcess_918,GB_SamplingFeature_918,O3,http://dd.eionet.europa.eu/vocabulary/aq/pollutant/7,hour,54.8817499900,µg/m3,2018-02-27 06:00:00 +01:00,2018-02-27 07:00:00 +01:00,1,1
GB,http://environment.data.gov.uk/air-quality/so,GB_Network_1,Station_GB1024A,,GB_SamplingPoint_74174,GB_StationProcess_918,GB_SamplingFeature_918,O3,http://dd.eionet.europa.eu/vocabulary/aq/pollutant/7,hour,41.8099199900,µg/m3,2018-02-27 07:00:00 +01:00,2018-02-27 08:00:00 +01:00,1,1
GB,http://environment.data.gov.uk/air-quality/so,GB_Network_1,Station_GB1024A,,GB_SamplingPoint_74174,GB_StationProcess_918,GB_SamplingFeature_918,O3,http://dd.eionet.europa.eu/vocabulary/aq/pollutant/7,hour,37.8684099900,µg/m3,2018-02-27 08:00:00 +01:00,2018-02-27 09:00:00 +01:00,1,1
GB,http://environment.data.gov.uk/air-quality/so,GB_Network_1,Station_GB1024A,,GB_SamplingPoint_74174,GB_StationProcess_918,GB_SamplingFeature_918,O3,http://dd.eionet.europa.eu/vocabulary/aq/pollutant/7,hour,56.5281999900,µg/m3,2018-02-27 10:00:00 +01:00,2018-02-27 11:00:00 +01:00,1,1
GB,http://environment.data.gov.uk/air-quality/so,GB_Network_1,Station_GB1024A,,GB_SamplingPoint_74174,GB_StationProcess_918,GB_SamplingFeature_918,O3,http://dd.eionet.europa.eu/vocabulary/aq/pollutant/7,hour,64.3613299900,µg/m3,2018-02-27 12:00:00 +01:00,2018-02-27 13:00:00 +01:00,1,1
GB,http://environment.data.gov.uk/air-quality/so,GB_Network_1,Station_GB1024A,,GB_SamplingPoint_74174,GB_StationProcess_918,GB_SamplingFeature_918,O3,http://dd.eionet.europa.eu/vocabulary/aq/pollutant/7,hour,60.7191699900,µg/m3,2018-02-27 14:00:00 +01:00,2018-02-27 15:00:00 +01:00,1,1
GB,http://environment.data.gov.uk/air-quality/so,GB_Network_1,Station_GB1024A,,GB_SamplingPoint_74174,GB_StationProcess_918,GB_SamplingFeature_918,O3,http://dd.eionet.europa.eu/vocabulary/aq/pollutant/7,hour,60.7690699900,µg/m3,2018-02-27 15:00:00 +01:00,2018-02-27 16:00:00 +01:00,1,1
GB,http://environment.data.gov.uk/air-quality/so,GB_Network_1,Station_GB1024A,,GB_SamplingPoint_74174,GB_StationProcess_918,GB_SamplingFeature_918,O3,http://dd.eionet.europa.eu/vocabulary/aq/pollutant/7,hour,46.8989499900,µg/m3,2018-02-27 18:00:00 +01:00,2018-02-27 19:00:00 +01:00,1,1
GB,http://environment.data.gov.uk/air-quality/so,GB_Network_1,Station_GB1024A,,GB_SamplingPoint_74174,GB_StationProcess_918,GB_SamplingFeature_918,O3,http://dd.eionet.europa.eu/vocabulary/aq/pollutant/7,hour,5.9870999900,µg/m3,2018-02-27 20:00:00 +01:00,2018-02-27 21:00:00 +01:00,2,1
GB,http://environment.data.gov.uk/air-quality/so,GB_Network_1,Station_GB1024A,,GB_SamplingPoint_74174,GB_StationProcess_918,GB_SamplingFeature_918,O3,http://dd.eionet.europa.eu/vocabulary/aq/pollutant/7,hour,11.5251699900,µg/m3,2018-02-27 22:00:00 +01:00,2018-02-27 23:00:00 +01:00,1,1
GB,http://environment.data.gov.uk/air-quality/so,GB_Network_1,Station_GB1024A,,GB_SamplingPoint_74174,GB_StationProcess_918,GB_SamplingFeature_918,O3,http://dd.eionet.europa.eu/vocabulary/aq/pollutant/7,hour,16.5643099900,µg/m3,2018-02-27 23:00:00 +01:00,2018-02-28 00:00:00 +01:00,1,1
GB,http://environment.data.gov.uk/air-quality/so,GB_Network_1,Station_GB1024A,,GB_SamplingPoint_74174,GB_StationProcess_918,GB_SamplingFeature_918,O3,http://dd.eionet.europa.eu/vocabulary/aq/pollutant/7,hour,32.9290499900,µg/m3,2018-02-28 02:00:00 +01:00,2018-02-28 03:00:00 +01:00,1,1
GB,http://environment.data.gov.uk/air-quality/so,GB_Network_1,Station_GB1024A,,GB_SamplingPoint_74174,GB_StationProcess_918,GB_SamplingFeature_918,O3,http://dd.eionet.europa.eu/vocabulary/aq/pollutant/7,hour,33.2284099900,µg/m3,2018-02-28 03:00:00 +01:00,2018-02-28 04:00:00 +01:00,1,1
GB,http://environment.data.gov.uk/air-quality/so,GB_Network_1,Station_GB1024A,,GB_SamplingPoint_74174,GB_StationProcess_918,GB_SamplingFeature_918,O3,http://dd.eionet.europa.eu/vocabulary/aq/pollutant/7,hour,39.0658299900,µg/m3,2018-02-28 04:00:00 +01:00,2018-02-28 05:00:00 +01:00,1,1
GB,http://environment.data.gov.uk/air-quality/so,GB_Network_1,Station_GB1024A,,GB_SamplingPoint_74174,GB_StationProcess_918,GB_SamplingFeature_918,O3,http://dd.eionet.europa.eu/vocabulary/aq/pollutant/7,hour,22.0524899900,µg/m3,2018-02-28 09:00:00 +01:00,2018-02-28 10:00:00 +01:00,1,1
GB,http://environment.data.gov.uk/air-quality/so,GB_Network_1,Station_GB1024A,,GB_SamplingPoint_74174,GB_StationProcess_918,GB_SamplingFeature_918,O3,http://dd.eionet.europa.eu/vocabulary/aq/pollutant/7,hour,46.9987399900,µg/m3,2018-02-28 12:00:00 +01:00,2018-02-28 13:00:00 +01:00,1,1
GB,http://environment.data.gov.uk/air-quality/so,GB_Network_1,Station_GB1024A,,GB_SamplingPoint_74174,GB_StationProcess_918,GB_SamplingFeature_918,O3,http://dd.eionet.europa.eu/vocabulary/aq/pollutant/7,hour,54.0834699900,µg/m3,2018-02-28 13:00:00 +01:00,2018-02-28 14:00:00 +01:00,1,1
GB,http://environment.data.gov.uk/air-quality/so,GB_Network_1,Station_GB1024A,,GB_SamplingPoint_74174,GB_StationProcess_918,GB_SamplingFeature_918,O3,http://dd.eionet.europa.eu/vocabulary/aq/pollutant/7,hour,63.5630499900,µg/m3,2018-02-28 14:00:00 +01:00,2018-02-28 15:00:00 +01:00,1,1
GB,http://environment.data.gov.uk/air-quality/so,GB_Network_1,Station_GB1024A,,GB_SamplingPoint_74174,GB_StationProcess_918,GB_SamplingFeature_918,O3,http://dd.eionet.europa.eu/vocabulary/aq/pollutant/7,hour,69.3505799900,µg/m3,2018-02-28 16:00:00 +01:00,2018-02-28 17:00:00 +01:00,1,1
GB,http://environment.data.gov.uk/air-quality/so,GB_Network_1,Station_GB1024A,,GB_SamplingPoint_74174,GB_StationProcess_918,GB_SamplingFeature_918,O3,http://dd.eionet.europa.eu/vocabulary/aq/pollutant/7,hour,59.2722899900,µg/m3,2018-02-28 17:00:00 +01:00,2018-02-28 18:00:00 +01:00,1,1
GB,http://environment.data.gov.uk/air-quality/so,GB_Network_1,Station_GB1024A,,GB_SamplingPoint_74174,GB_StationProcess_918,GB_SamplingFeature_918,O3,http://dd.eionet.europa.eu/vocabulary/aq/pollutant/7,hour,54.6322899900,µg/m3,2018-02-28 18:00:00 +01:00,2018-02-28 19:00:00 +01:00,1,1
GB,http://environment.data.gov.uk/air-quality/so,GB_Network_1,Station_GB1024A,,GB_SamplingPoint_74174,GB_StationProcess_918,GB_SamplingFeature_918,O3,http://dd.eionet.europa.eu/vocabulary/aq/pollutant/7,hour,53.4348699900,µg/m3,2018-02-28 21:00:00 +01:00,2018-02-28 22:00:00 +01:00,1,1
GB,http://environment.data.gov.uk/air-quality/so,GB_Network_1,Station_GB1024A,,GB_SamplingPoint_74174,GB_StationProcess_918,GB_SamplingFeature_918,O3,http://dd.eionet.europa.eu/vocabulary/aq/pollutant/7,hour,50.8903499900,µg/m3,2018-02-28 22:00:00 +01:00,2018-02-28 23:00:00 +01:00,1,1
GB,http://environment.data.gov.uk/air-quality/so,GB_Network_1,Station_GB1024A,,GB_SamplingPoint_74174,GB_StationProcess_918,GB_SamplingFeature_918,O3,http://dd.eionet.europa.eu/vocabulary/aq/pollutant/7,hour,52.1875599900,µg/m3,2018-02-28 23:00:00 +01:00,2018-03-01 00:00:00 +01:00,1,1
GB,http://environment.data.gov.uk/air-quality/so,GB_Network_1,Station_GB1024A,,GB_SamplingPoint_74174,GB_StationProcess_918,GB_SamplingFeature_918,O3,http://dd.eionet.europa.eu/vocabulary/aq/pollutant/7,hour,54.8817499900,µg/m3,2018-03-01 01:00:00 +01:00,2018-03-01 02:00:00 +01:00,1,1
GB,http://environment.data.gov.uk/air-quality/so,GB_Network_1,Station_GB1024A,,GB_SamplingPoint_74174,GB_StationProcess_918,GB_SamplingFeature_918,O3,http://dd.eionet.europa.eu/vocabulary/aq/pollutant/7,hour,52.4370199900,µg/m3,2018-03-01 04:00:00 +01:00,2018-03-01 05:00:00 +01:00,1,1
GB,http://environment.data.gov.uk/air-quality/so,GB_Network_1,Station_GB1024A,,GB_SamplingPoint_74174,GB_StationProcess_918,GB_SamplingFeature_918,O3,http://dd.eionet.europa.eu/vocabulary/aq/pollutant/7,hour,32.6795899900,µg/m3,2018-03-01 08:00:00 +01:00,2018-03-01 09:00:00 +01:00,1,1
GB,http://environment.data.gov.uk/air-quality/so,GB_Network_1,Station_GB1024A,,GB_SamplingPoint_74174,GB_StationProcess_918,GB_SamplingFeature_918,O3,http://dd.eionet.europa.eu/vocabulary/aq/pollutant/7,hour,36.5711999900,µg/m3,2018-03-01 10:00:00 +01:00,2018-03-01 11:00:00 +01:00,1,1
GB,http://environment.data.gov.uk/air-quality/so,GB_Network_1,Station_GB1024A,,GB_SamplingPoint_74174,GB_StationProcess_918,GB_SamplingFeature_918,O3,http://dd.eionet.europa.eu/vocabulary/aq/pollutant/7,hour,46.9488399900,µg/m3,2018-03-01 12:00:00 +01:00,2018-03-01 13:00:00 +01:00,1,1
GB,http://environment.data.gov.uk/air-quality/so,GB_Network_1,Station_GB1024A,,GB_SamplingPoint_74174,GB_StationProcess_918,GB_SamplingFeature_918,O3,http://dd.eionet.europa.eu/vocabulary/aq/pollutant/7,hour,48.1462599900,µg/m3,2018-03-01 13:00:00 +01:00,2018-03-01 14:00:00 +01:00,1,1
GB,http://environment.data.gov.uk/air-quality/so,GB_Network_1,Station_GB1024A,,GB_SamplingPoint_74174,GB_StationProcess_918,GB_SamplingFeature_918,O3,http://dd.eionet.europa.eu/vocabulary/aq/pollutant/7,hour,47.1484099900,µg/m3,2018-03-01 14:00:00 +01:00,2018-03-01 15:00:00 +01:00,1,1
GB,http://environment.data.gov.uk/air-quality/so,GB_Network_1,Station_GB1024A,,GB_SamplingPoint_74174,GB_StationProcess_918,GB_SamplingFeature_918,O3,http://dd.eionet.europa.eu/vocabulary/aq/pollutant/7,hour,48.8946499900,µg/m3,2018-03-01 17:00:00 +01:00,2018-03-01 18:00:00 +01:00,1,1
GB,http://environment.data.gov.uk/air-quality/so,GB_Network_1,Station_GB1024A,,GB_SamplingPoint_74174,GB_StationProcess_918,GB_SamplingFeature_918,O3,http://dd.eionet.europa.eu/vocabulary/aq/pollutant/7,hour,56.2787399900,µg/m3,2018-03-01 21:00:00 +01:00,2018-03-01 22:00:00 +01:00,1,1
GB,http://environment.data.gov.uk/air-quality/so,GB_Network_1,Station_GB1024A,,GB_SamplingPoint_74174,GB_StationProcess_918,GB_SamplingFeature_918,O3,http://dd.eionet.europa.eu/vocabulary/aq/pollutant/7,hour,55.6301399900,µg/m3,2018-03-01 22:00:00 +01:00,2018-03-01 23:00:00 +01:00,1,1
GB,http://environment.data.gov.uk/air-quality/so,GB_Network_1,Station_GB1024A,,GB_SamplingPoint_74174,GB_StationProcess_918,GB_SamplingFeature_918,O3,http://dd.eionet.europa.eu/vocabulary/aq/pollutant/7,hour,56.5281999900,µg/m3,2018-03-02 03:00:00 +01:00,2018-03-02 04:00:00 +01:00,1,1
GB,http://environment.data.gov.uk/air-quality/so,GB_Network_1,Station_GB1024A,,GB_SamplingPoint_74174,GB_StationProcess_918,GB_SamplingFeature_918,O3,http://dd.eionet.europa.eu/vocabulary/aq/pollutant/7,hour,47.1484099900,µg/m3,2018-03-02 07:00:00 +01:00,2018-03-02 08:00:00 +01:00,1,1
GB,http://environment.data.gov.uk/air-quality/so,GB_Network_1,Station_GB1024A,,GB_SamplingPoint_74174,GB_StationProcess_918,GB_SamplingFeature_918,O3,http://dd.eionet.europa.eu/vocabulary/aq/pollutant/7,hour,48.4456199900,µg/m3,2018-03-02 09:00:00 +01:00,2018-03-02 10:00:00 +01:00,1,1
GB,http://environment.data.gov.uk/air-quality/so,GB_Network_1,Station_GB1024A,,GB_SamplingPoint_74174,GB_StationProcess_918,GB_SamplingFeature_918,O3,http://dd.eionet.europa.eu/vocabulary/aq/pollutant/7,hour,44.9531399900,µg/m3,2018-03-02 10:00:00 +01:00,2018-03-02 11:00:00 +01:00,1,1
GB,http://environment.data.gov.uk/air-quality/so,GB_Network_1,Station_GB1024A,,GB_SamplingPoint_74174,GB_StationProcess_918,GB_SamplingFeature_918,O3,http://dd.eionet.europa.eu/vocabulary/aq/pollutant/7,hour,46.0008899900,µg/m3,2018-03-02 12:00:00 +01:00,2018-03-02 13:00:00 +01:00,1,1
GB,http://environment.data.gov.uk/air-quality/so,GB_Network_1,Station_GB1024A,,GB_SamplingPoint_74174,GB_StationProcess_918,GB_SamplingFeature_918,O3,http://dd.eionet.europa.eu/vocabulary/aq/pollutant/7,hour,44.7036799900,µg/m3,2018-03-02 13:00:00 +01:00,2018-03-02 14:00:00 +01:00,1,1
GB,http://environment.data.gov.uk/air-quality/so,GB_Network_1,Station_GB1024A,,GB_SamplingPoint_74174,GB_StationProcess_918,GB_SamplingFeature_918,O3,http://dd.eionet.europa.eu/vocabulary/aq/pollutant/7,hour,15.8658199900,µg/m3,2018-03-03 00:00:00 +01:00,2018-03-03 01:00:00 +01:00,1,1
GB,http://environment.data.gov.uk/air-quality/so,GB_Network_1,Station_GB1024A,,GB_SamplingPoint_74174,GB_StationProcess_918,GB_SamplingFeature_918,O3,http://dd.eionet.europa.eu/vocabulary/aq/pollutant/7,hour,17.4124799900,µg/m3,2018-03-03 04:00:00 +01:00,2018-03-03 05:00:00 +01:00,1,1
GB,http://environment.data.gov.uk/air-quality/so,GB_Network_1,Station_GB1024A,,GB_SamplingPoint_74174,GB_StationProcess_918,GB_SamplingFeature_918,O3,http://dd.eionet.europa.eu/vocabulary/aq/pollutant/7,hour,24.9462499900,µg/m3,2018-03-03 08:00:00 +01:00,2018-03-03 09:00:00 +01:00,1,1
GB,http://environment.data.gov.uk/air-quality/so,GB_Network_1,Station_GB1024A,,GB_SamplingPoint_74174,GB_StationProcess_918,GB_SamplingFeature_918,O3,http://dd.eionet.europa.eu/vocabulary/aq/pollutant/7,hour,26.7922699900,µg/m3,2018-03-03 10:00:00 +01:00,2018-03-03 11:00:00 +01:00,1,1
GB,http://environment.data.gov.uk/air-quality/so,GB_Network_1,Station_GB1024A,,GB_SamplingPoint_74174,GB_StationProcess_918,GB_SamplingFeature_918,O3,http://dd.eionet.europa.eu/vocabulary/aq/pollutant/7,hour,29.6860399900,µg/m3,2018-03-03 11:00:00 +01:00,2018-03-03 12:00:00 +01:00,1,1
GB,http://environment.data.gov.uk/air-quality/so,GB_Network_1,Station_GB1024A,,GB_SamplingPoint_74174,GB_StationProcess_918,GB_SamplingFeature_918,O3,http://dd.eionet.europa.eu/vocabulary/aq/pollutant/7,hour,39.0658299900,µg/m3,2018-03-03 17:00:00 +01:00,2018-03-03 18:00:00 +01:00,1,1
GB,http://environment.data.gov.uk/air-quality/so,GB_Network_1,Station_GB1024A,,GB_SamplingPoint_74174,GB_StationProcess_918,GB_SamplingFeature_918,O3,http://dd.eionet.europa.eu/vocabulary/aq/pollutant/7,hour,37.6189499900,µg/m3,2018-03-03 18:00:00 +01:00,2018-03-03 19:00:00 +01:00,1,1
GB,http://environment.data.gov.uk/air-quality/so,GB_Network_1,Station_GB1024A,,GB_SamplingPoint_74174,GB_StationProcess_918,GB_SamplingFeature_918,O3,http://dd.eionet.europa.eu/vocabulary/aq/pollutant/7,hour,1.3470999900,µg/m3,2018-03-04 07:00:00 +01:00,2018-03-04 08:00:00 +01:00,2,1
GB,http://environment.data.gov.uk/air-quality/so,GB_Network_1,Station_GB1024A,,GB_SamplingPoint_74174,GB_StationProcess_918,GB_SamplingFeature_918,O3,http://dd.eionet.europa.eu/vocabulary/aq/pollutant/7,hour,32.3802299900,µg/m3,2018-03-04 10:00:00 +01:00,2018-03-04 11:00:00 +01:00,1,1
GB,http://environment.data.gov.uk/air-quality/so,GB_Network_1,Station_GB1024A,,GB_SamplingPoint_74174,GB_StationProcess_918,GB_SamplingFeature_918,O3,http://dd.eionet.europa.eu/vocabulary/aq/pollutant/7,hour,54.6322899900,µg/m3,2018-03-04 12:00:00 +01:00,2018-03-04 13:00:00 +01:00,1,1
GB,http://environment.data.gov.uk/air-quality/so,GB_Network_1,Station_GB1024A,,GB_SamplingPoint_74174,GB_StationProcess_918,GB_SamplingFeature_918,O3,http://dd.eionet.europa.eu/vocabulary/aq/pollutant/7,hour,59.0727199900,µg/m3,2018-03-04 14:00:00 +01:00,2018-03-04 15:00:00 +01:00,1,1
GB,http://environment.data.gov.uk/air-quality/so,GB_Network_1,Station_GB1024A,,GB_SamplingPoint_74174,GB_StationProcess_918,GB_SamplingFeature_918,O3,http://dd.eionet.europa.eu/vocabulary/aq/pollutant/7,hour,54.0834699900,µg/m3,2018-03-04 16:00:00 +01:00,2018-03-04 17:00:00 +01:00,1,1
GB,http://environment.data.gov.uk/air-quality/so,GB_Network_1,Station_GB1024A,,GB_SamplingPoint_74174,GB_StationProcess_918,GB_SamplingFeature_918,O3,http://dd.eionet.europa.eu/vocabulary/aq/pollutant/7,hour,53.4348699900,µg/m3,2018-03-04 17:00:00 +01:00,2018-03-04 18:00:00 +01:00,1,1
GB,http://environment.data.gov.uk/air-quality/so,GB_Network_1,Station_GB1024A,,GB_SamplingPoint_74174,GB_StationProcess_918,GB_SamplingFeature_918,O3,http://dd.eionet.europa.eu/vocabulary/aq/pollutant/7,hour,45.9509899900,µg/m3,2018-03-04 18:00:00 +01:00,2018-03-04 19:00:00 +01:00,1,1
GB,http://environment.data.gov.uk/air-quality/so,GB_Network_1,Station_GB1024A,,GB_SamplingPoint_74174,GB_StationProcess_918,GB_SamplingFeature_918,O3,http://dd.eionet.europa.eu/vocabulary/aq/pollutant/7,hour,24.9462499900,µg/m3,2018-03-04 19:00:00 +01:00,2018-03-04 20:00:00 +01:00,1,1
GB,http://environment.data.gov.uk/air-quality/so,GB_Network_1,Station_GB1024A,,GB_SamplingPoint_74174,GB_StationProcess_918,GB_SamplingFeature_918,O3,http://dd.eionet.europa.eu/vocabulary/aq/pollutant/7,hour,30.7337799900,µg/m3,2018-03-04 20:00:00 +01:00,2018-03-04 21:00:00 +01:00,1,1
GB,http://environment.data.gov.uk/air-quality/so,GB_Network_1,Station_GB1024A,,GB_SamplingPoint_74174,GB_StationProcess_918,GB_SamplingFeature_918,O3,http://dd.eionet.europa.eu/vocabulary/aq/pollutant/7,hour,47.2481999900,µg/m3,2018-03-04 23:00:00 +01:00,2018-03-05 00:00:00 +01:00,1,1
GB,http://environment.data.gov.uk/air-quality/so,GB_Network_1,Station_GB1024A,,GB_SamplingPoint_74174,GB_StationProcess_918,GB_SamplingFeature_918,O3,http://dd.eionet.europa.eu/vocabulary/aq/pollutant/7,hour,62.7148699900,µg/m3,2018-03-05 00:00:00 +01:00,2018-03-05 01:00:00 +01:00,1,1
GB,http://environment.data.gov.uk/air-quality/so,GB_Network_1,Station_GB1024A,,GB_SamplingPoint_74174,GB_StationProcess_918,GB_SamplingFeature_918,O3,http://dd.eionet.europa.eu/vocabulary/aq/pollutant/7,hour,70.2486399900,µg/m3,2018-03-05 01:00:00 +01:00,2018-03-05 02:00:00 +01:00,1,1
GB,http://environment.data.gov.uk/air-quality/so,GB_Network_1,Station_GB1024A,,GB_SamplingPoint_74174,GB_StationProcess_918,GB_SamplingFeature_918,O3,http://dd.eionet.europa.eu/vocabulary/aq/pollutant/7,hour,73.7078499900,µg/m3,2018-03-05 02:00:00 +01:00,2018-03-05 03:00:00 +01:00,1,1
GB,http://environment.data.gov.uk/air-quality/so,GB_Network_1,Station_GB1024A,,GB_SamplingPoint_74174,GB_StationProcess_918,GB_SamplingFeature_918,O3,http://dd.eionet.europa.eu/vocabulary/aq/pollutant/7,hour,66.6563799900,µg/m3,2018-03-05 06:00:00 +01:00,2018-03-05 07:00:00 +01:00,1,1
GB,http://environment.data.gov.uk/air-quality/so,GB_Network_1,Station_GB1024A,,GB_SamplingPoint_74174,GB_StationProcess_918,GB_SamplingFeature_918,O3,http://dd.eionet.europa.eu/vocabulary/aq/pollutant/7,hour,46.9987399900,µg/m3,2018-03-05 07:00:00 +01:00,2018-03-05 08:00:00 +01:00,1,1
GB,http://environment.data.gov.uk/air-quality/so,GB_Network_1,Station_GB1024A,,GB_SamplingPoint_74174,GB_StationProcess_918,GB_SamplingFeature_918,O3,http://dd.eionet.europa.eu/vocabulary/aq/pollutant/7,hour,37.0701299900,µg/m3,2018-03-05 08:00:00 +01:00,2018-03-05 09:00:00 +01:00,1,1
GB,http://environment.data.gov.uk/air-quality/so,GB_Network_1,Station_GB1024A,,GB_SamplingPoint_74174,GB_StationProcess_918,GB_SamplingFeature_918,O3,http://dd.eionet.europa.eu/vocabulary/aq/pollutant/7,hour,40.3131399900,µg/m3,2018-03-05 09:00:00 +01:00,2018-03-05 10:00:00 +01:00,1,1
GB,http://environment.data.gov.uk/air-quality/so,GB_Network_1,Station_GB1024A,,GB_SamplingPoint_74174,GB_StationProcess_918,GB_SamplingFeature_918,O3,http://dd.eionet.europa.eu/vocabulary/aq/pollutant/7,hour,48.2460499900,µg/m3,2018-03-05 10:00:00 +01:00,2018-03-05 11:00:00 +01:00,1,1
GB,http://environment.data.gov.uk/air-quality/so,GB_Network_1,Station_GB1024A,,GB_SamplingPoint_74174,GB_StationProcess_918,GB_SamplingFeature_918,O3,http://dd.eionet.europa.eu/vocabulary/aq/pollutant/7,hour,71.2464899900,µg/m3,2018-03-05 13:00:00 +01:00,2018-03-05 14:00:00 +01:00,1,1
GB,http://environment.data.gov.uk/air-quality/so,GB_Network_1,Station_GB1024A,,GB_SamplingPoint_74174,GB_StationProcess_918,GB_SamplingFeature_918,O3,http://dd.eionet.europa.eu/vocabulary/aq/pollutant/7,hour,53.3350799900,µg/m3,2018-03-05 16:00:00 +01:00,2018-03-05 17:00:00 +01:00,1,1
GB,http://environment.data.gov.uk/air-quality/so,GB_Network_1,Station_GB1024A,,GB_SamplingPoint_74174,GB_StationProcess_918,GB_SamplingFeature_918,O3,http://dd.eionet.europa.eu/vocabulary/aq/pollutant/7,hour,25.2456099900,µg/m3,2018-03-05 19:00:00 +01:00,2018-03-05 20:00:00 +01:00,1,1
GB,http://environment.data.gov.uk/air-quality/so,GB_Network_1,Station_GB1024A,,GB_SamplingPoint_74174,GB_StationProcess_918,GB_SamplingFeature_918,O3,http://dd.eionet.europa.eu/vocabulary/aq/pollutant/7,hour,16.4146299900,µg/m3,2018-03-05 21:00:00 +01:00,2018-03-05 22:00:00 +01:00,1,1
GB,http://environment.data.gov.uk/air-quality/so,GB_Network_1,Station_GB1024A,,GB_SamplingPoint_74174,GB_StationProcess_918,GB_SamplingFeature_918,O3,http://dd.eionet.europa.eu/vocabulary/aq/pollutant/7,hour,44.0550799900,µg/m3,2018-03-06 00:00:00 +01:00,2018-03-06 01:00:00 +01:00,1,1
GB,http://environment.data.gov.uk/air-quality/so,GB_Network_1,Station_GB1024A,,GB_SamplingPoint_74174,GB_StationProcess_918,GB_SamplingFeature_918,O3,http://dd.eionet.europa.eu/vocabulary/aq/pollutant/7,hour,55.4139399900,µg/m3,2018-03-06 02:00:00 +01:00,2018-03-06 03:00:00 +01:00,1,1
GB,http://environment.data.gov.uk/air-quality/so,GB_Network_1,Station_GB1024A,,GB_SamplingPoint_74174,GB_StationProcess_918,GB_SamplingFeature_918,O3,http://dd.eionet.europa.eu/vocabulary/aq/pollutant/7,hour,64.7604699900,µg/m3,2018-03-06 03:00:00 +01:00,2018-03-06 04:00:00 +01:00,1,1
GB,http://environment.data.gov.uk/air-quality/so,GB_Network_1,Station_GB1024A,,GB_SamplingPoint_74174,GB_StationProcess_918,GB_SamplingFeature_918,O3,http://dd.eionet.europa.eu/vocabulary/aq/pollutant/7,hour,65.0099299900,µg/m3,2018-03-06 04:00:00 +01:00,2018-03-06 05:00:00 +01:00,1,1
GB,http://environment.data.gov.uk/air-quality/so,GB_Network_1,Station_GB1024A,,GB_SamplingPoint_74174,GB_StationProcess_918,GB_SamplingFeature_918,O3,http://dd.eionet.europa.eu/vocabulary/aq/pollutant/7,hour,66.7561699900,µg/m3,2018-03-06 05:00:00 +01:00,2018-03-06 06:00:00 +01:00,1,1
GB,http://environment.data.gov.uk/air-quality/so,GB_Network_1,Station_GB1024A,,GB_SamplingPoint_74174,GB_StationProcess_918,GB_SamplingFeature_918,O3,http://dd.eionet.europa.eu/vocabulary/aq/pollutant/7,hour,59.0228299900,µg/m3,2018-03-06 07:00:00 +01:00,2018-03-06 08:00:00 +01:00,1,1
GB,http://environment.data.gov.uk/air-quality/so,GB_Network_1,Station_GB1024A,,GB_SamplingPoint_74174,GB_StationProcess_918,GB_SamplingFeature_918,O3,http://dd.eionet.europa.eu/vocabulary/aq/pollutant/7,hour,49.3436799900,µg/m3,2018-03-06 08:00:00 +01:00,2018-03-06 09:00:00 +01:00,1,1
GB,http://environment.data.gov.uk/air-quality/so,GB_Network_1,Station_GB1024A,,GB_SamplingPoint_74174,GB_StationProcess_918,GB_SamplingFeature_918,O3,http://dd.eionet.europa.eu/vocabulary/aq/pollutant/7,hour,45.8013199900,µg/m3,2018-03-06 10:00:00 +01:00,2018-03-06 11:00:00 +01:00,1,1
GB,http://environment.data.gov.uk/air-quality/so,GB_Network_1,Station_GB1024A,,GB_SamplingPoint_74174,GB_StationProcess_918,GB_SamplingFeature_918,O3,http://dd.eionet.europa.eu/vocabulary/aq/pollutant/7,hour,53.3350799900,µg/m3,2018-03-06 11:00:00 +01:00,2018-03-06 12:00:00 +01:00,1,1
GB,http://environment.data.gov.uk/air-quality/so,GB_Network_1,Station_GB1024A,,GB_SamplingPoint_74174,GB_StationProcess_918,GB_SamplingFeature_918,O3,http://dd.eionet.europa.eu/vocabulary/aq/pollutant/7,hour,63.9122899900,µg/m3,2018-03-06 12:00:00 +01:00,2018-03-06 13:00:00 +01:00,1,1
GB,http://environment.data.gov.uk/air-quality/so,GB_Network_1,Station_GB1024A,,GB_SamplingPoint_74174,GB_StationProcess_918,GB_SamplingFeature_918,O3,http://dd.eionet.europa.eu/vocabulary/aq/pollutant/7,hour,67.4047699900,µg/m3,2018-03-06 13:00:00 +01:00,2018-03-06 14:00:00 +01:00,1,1
GB,http://environment.data.gov.uk/air-quality/so,GB_Network_1,Station_GB1024A,,GB_SamplingPoint_74174,GB_StationProcess_918,GB_SamplingFeature_918,O3,http://dd.eionet.europa.eu/vocabulary/aq/pollutant/7,hour,34.6253999900,µg/m3,2018-03-06 18:00:00 +01:00,2018-03-06 19:00:00 +01:00,1,1
GB,http://environment.data.gov.uk/air-quality/so,GB_Network_1,Station_GB1024A,,GB_SamplingPoint_74174,GB_StationProcess_918,GB_SamplingFeature_918,O3,http://dd.eionet.europa.eu/vocabulary/aq/pollutant/7,hour,5.4881799900,µg/m3,2018-03-06 20:00:00 +01:00,2018-03-06 21:00:00 +01:00,2,1
GB,http://environment.data.gov.uk/air-quality/so,GB_Network_1,Station_GB1024A,,GB_SamplingPoint_74174,GB_StationProcess_918,GB_SamplingFeature_918,O3,http://dd.eionet.europa.eu/vocabulary/aq/pollutant/7,hour,2.6941999900,µg/m3,2018-03-07 06:00:00 +01:00,2018-03-07 07:00:00 +01:00,2,1
GB,http://environment.data.gov.uk/air-quality/so,GB_Network_1,Station_GB1024A,,GB_SamplingPoint_74174,GB_StationProcess_918,GB_SamplingFeature_918,O3,http://dd.eionet.europa.eu/vocabulary/aq/pollutant/7,hour,25.1957099900,µg/m3,2018-03-07 11:00:00 +01:00,2018-03-07 12:00:00 +01:00,1,1
GB,http://environment.data.gov.uk/air-quality/so,GB_Network_1,Station_GB1024A,,GB_SamplingPoint_74174,GB_StationProcess_918,GB_SamplingFeature_918,O3,http://dd.eionet.europa.eu/vocabulary/aq/pollutant/7,hour,71.8950899900,µg/m3,2018-03-07 16:00:00 +01:00,2018-03-07 17:00:00 +01:00,1,1
GB,http://environment.data.gov.uk/air-quality/so,GB_Network_1,Station_GB1024A,,GB_SamplingPoint_74174,GB_StationProcess_918,GB_SamplingFeature_918,O3,http://dd.eionet.europa.eu/vocabulary/aq/pollutant/7,hour,41.6103499900,µg/m3,2018-03-07 20:00:00 +01:00,2018-03-07 21:00:00 +01:00,1,1
GB,http://environment.data.gov.uk/air-quality/so,GB_Network_1,Station_GB1024A,,GB_SamplingPoint_74174,GB_StationProcess_918,GB_SamplingFeature_918,O3,http://dd.eionet.europa.eu/vocabulary/aq/pollutant/7,hour,35.5733499900,µg/m3,2018-03-07 21:00:00 +01:00,2018-03-07 22:00:00 +01:00,1,1
GB,http://environment.data.gov.uk/air-quality/so,GB_Network_1,Station_GB1024A,,GB_SamplingPoint_74174,GB_StationProcess_918,GB_SamplingFeature_918,O3,http://dd.eionet.europa.eu/vocabulary/aq/pollutant/7,hour,59.5383799900,µg/m3,2018-03-08 01:00:00 +01:00,2018-03-08 02:00:00 +01:00,1,1
GB,http://environment.data.gov.uk/air-quality/so,GB_Network_1,Station_GB1024A,,GB_SamplingPoint_74174,GB_StationProcess_918,GB_SamplingFeature_918,O3,http://dd.eionet.europa.eu/vocabulary/aq/pollutant/7,hour,69.4004699900,µg/m3,2018-03-08 06:00:00 +01:00,2018-03-08 07:00:00 +01:00,1,1
GB,http://environment.data.gov.uk/air-quality/so,GB_Network_1,Station_GB1024A,,GB_SamplingPoint_74174,GB_StationProcess_918,GB_SamplingFeature_918,O3,http://dd.eionet.europa.eu/vocabulary/aq/pollutant/7,hour,63.2636899900,µg/m3,2018-03-08 09:00:00 +01:00,2018-03-08 10:00:00 +01:00,1,1
GB,http://environment.data.gov.uk/air-quality/so,GB_Network_1,Station_GB1024A,,GB_SamplingPoint_74174,GB_StationProcess_918,GB_SamplingFeature_918,O3,http://dd.eionet.europa.eu/vocabulary/aq/pollutant/7,hour,75.7368199900,µg/m3,2018-03-08 11:00:00 +01:00,2018-03-08 12:00:00 +01:00,1,1
GB,http://environment.data.gov.uk/air-quality/so,GB_Network_1,Station_GB1024A,,GB_SamplingPoint_74174,GB_StationProcess_918,GB_SamplingFeature_918,O3,http://dd.eionet.europa.eu/vocabulary/aq/pollutant/7,hour,74.7389699900,µg/m3,2018-03-08 12:00:00 +01:00,2018-03-08 13:00:00 +01:00,1,1
GB,http://environment.data.gov.uk/air-quality/so,GB_Network_1,Station_GB1024A,,GB_SamplingPoint_74174,GB_StationProcess_918,GB_SamplingFeature_918,O3,http://dd.eionet.europa.eu/vocabulary/aq/pollutant/7,hour,72.8929399900,µg/m3,2018-03-08 13:00:00 +01:00,2018-03-08 14:00:00 +01:00,1,1
GB,http://environment.data.gov.uk/air-quality/so,GB_Network_1,Station_GB1024A,,GB_SamplingPoint_74174,GB_StationProcess_918,GB_SamplingFeature_918,O3,http://dd.eionet.europa.eu/vocabulary/aq/pollutant/7,hour,73.9905799900,µg/m3,2018-03-08 14:00:00 +01:00,2018-03-08 15:00:00 +01:00,1,1
GB,http://environment.data.gov.uk/air-quality/so,GB_Network_1,Station_GB1024A,,GB_SamplingPoint_74174,GB_StationProcess_918,GB_SamplingFeature_918,O3,http://dd.eionet.europa.eu/vocabulary/aq/pollutant/7,hour,77.1338099900,µg/m3,2018-03-08 16:00:00 +01:00,2018-03-08 17:00:00 +01:00,1,1
GB,http://environment.data.gov.uk/air-quality/so,GB_Network_1,Station_GB1024A,,GB_SamplingPoint_74174,GB_StationProcess_918,GB_SamplingFeature_918,O3,http://dd.eionet.europa.eu/vocabulary/aq/pollutant/7,hour,79.2791799900,µg/m3,2018-03-08 17:00:00 +01:00,2018-03-08 18:00:00 +01:00,1,1
GB,http://environment.data.gov.uk/air-quality/so,GB_Network_1,Station_GB1024A,,GB_SamplingPoint_74174,GB_StationProcess_918,GB_SamplingFeature_918,O3,http://dd.eionet.europa.eu/vocabulary/aq/pollutant/7,hour,71.4959499900,µg/m3,2018-03-08 18:00:00 +01:00,2018-03-08 19:00:00 +01:00,1,1
GB,http://environment.data.gov.uk/air-quality/so,GB_Network_1,Station_GB1024A,,GB_SamplingPoint_74174,GB_StationProcess_918,GB_SamplingFeature_918,O3,http://dd.eionet.europa.eu/vocabulary/aq/pollutant/7,hour,47.2481999900,µg/m3,2018-03-08 22:00:00 +01:00,2018-03-08 23:00:00 +01:00,1,1
GB,http://environment.data.gov.uk/air-quality/so,GB_Network_1,Station_GB1024A,,GB_SamplingPoint_74174,GB_StationProcess_918,GB_SamplingFeature_918,O3,http://dd.eionet.europa.eu/vocabulary/aq/pollutant/7,hour,44.8034699900,µg/m3,2018-03-08 23:00:00 +01:00,2018-03-09 00:00:00 +01:00,1,1
GB,http://environment.data.gov.uk/air-quality/so,GB_Network_1,Station_GB1024A,,GB_SamplingPoint_74174,GB_StationProcess_918,GB_SamplingFeature_918,O3,http://dd.eionet.europa.eu/vocabulary/aq/pollutant/7,hour,45.1693399900,µg/m3,2018-03-09 01:00:00 +01:00,2018-03-09 02:00:00 +01:00,1,1
GB,http://environment.data.gov.uk/air-quality/so,GB_Network_1,Station_GB1024A,,GB_SamplingPoint_74174,GB_StationProcess_918,GB_SamplingFeature_918,O3,http://dd.eionet.europa.eu/vocabulary/aq/pollutant/7,hour,52.0877699900,µg/m3,2018-03-09 02:00:00 +01:00,2018-03-09 03:00:00 +01:00,1,1
GB,http://environment.data.gov.uk/air-quality/so,GB_Network_1,Station_GB1024A,,GB_SamplingPoint_74174,GB_StationProcess_918,GB_SamplingFeature_918,O3,http://dd.eionet.europa.eu/vocabulary/aq/pollutant/7,hour,30.7337799900,µg/m3,2018-03-09 05:00:00 +01:00,2018-03-09 06:00:00 +01:00,1,1
GB,http://environment.data.gov.uk/air-quality/so,GB_Network_1,Station_GB1024A,,GB_SamplingPoint_74174,GB_StationProcess_918,GB_SamplingFeature_918,O3,http://dd.eionet.europa.eu/vocabulary/aq/pollutant/7,hour,2.2451599900,µg/m3,2018-03-09 09:00:00 +01:00,2018-03-09 10:00:00 +01:00,2,1
GB,http://environment.data.gov.uk/air-quality/so,GB_Network_1,Station_GB1024A,,GB_SamplingPoint_74174,GB_StationProcess_918,GB_SamplingFeature_918,O3,http://dd.eionet.europa.eu/vocabulary/aq/pollutant/7,hour,9.0804399900,µg/m3,2018-03-09 11:00:00 +01:00,2018-03-09 12:00:00 +01:00,1,1
GB,http://environment.data.gov.uk/air-quality/so,GB_Network_1,Station_GB1024A,,GB_SamplingPoint_74174,GB_StationProcess_918,GB_SamplingFeature_918,O3,http://dd.eionet.europa.eu/vocabulary/aq/pollutant/7,hour,20.3062499900,µg/m3,2018-03-09 12:00:00 +01:00,2018-03-09 13:00:00 +01:00,1,1
GB,http://environment.data.gov.uk/air-quality/so,GB_Network_1,Station_GB1024A,,GB_SamplingPoint_74174,GB_StationProcess_918,GB_SamplingFeature_918,O3,http://dd.eionet.europa.eu/vocabulary/aq/pollutant/7,hour,22.2021599900,µg/m3,2018-03-09 17:00:00 +01:00,2018-03-09 18:00:00 +01:00,1,1
GB,http://environment.data.gov.uk/air-quality/so,GB_Network_1,Station_GB1024A,,GB_SamplingPoint_74174,GB_StationProcess_918,GB_SamplingFeature_918,O3,http://dd.eionet.europa.eu/vocabulary/aq/pollutant/7,hour,2.6941999900,µg/m3,2018-03-09 23:00:00 +01:00,2018-03-10 00:00:00 +01:00,2,1
GB,http://environment.data.gov.uk/air-quality/so,GB_Network_1,Station_GB1024A,,GB_SamplingPoint_74174,GB_StationProcess_918,GB_SamplingFeature_918,O3,http://dd.eionet.europa.eu/vocabulary/aq/pollutant/7,hour,25.9440999900,µg/m3,2018-03-10 01:00:00 +01:00,2018-03-10 02:00:00 +01:00,1,1
GB,http://environment.data.gov.uk/air-quality/so,GB_Network_1,Station_GB1024A,,GB_SamplingPoint_74174,GB_StationProcess_918,GB_SamplingFeature_918,O3,http://dd.eionet.europa.eu/vocabulary/aq/pollutant/7,hour,26.9419499900,µg/m3,2018-03-10 02:00:00 +01:00,2018-03-10 03:00:00 +01:00,1,1
GB,http://environment.data.gov.uk/air-quality/so,GB_Network_1,Station_GB1024A,,GB_SamplingPoint_74174,GB_StationProcess_918,GB_SamplingFeature_918,O3,http://dd.eionet.europa.eu/vocabulary/aq/pollutant/7,hour,33.4279799900,µg/m3,2018-03-10 04:00:00 +01:00,2018-03-10 05:00:00 +01:00,1,1
GB,http://environment.data.gov.uk/air-quality/so,GB_Network_1,Station_GB1024A,,GB_SamplingPoint_74174,GB_StationProcess_918,GB_SamplingFeature_918,O3,http://dd.eionet.europa.eu/vocabulary/aq/pollutant/7,hour,37.7686199900,µg/m3,2018-03-10 05:00:00 +01:00,2018-03-10 06:00:00 +01:00,1,1
GB,http://environment.data.gov.uk/air-quality/so,GB_Network_1,Station_GB1024A,,GB_SamplingPoint_74174,GB_StationProcess_918,GB_SamplingFeature_918,O3,http://dd.eionet.europa.eu/vocabulary/aq/pollutant/7,hour,42.0593799900,µg/m3,2018-03-10 06:00:00 +01:00,2018-03-10 07:00:00 +01:00,1,1
GB,http://environment.data.gov.uk/air-quality/so,GB_Network_1,Station_GB1024A,,GB_SamplingPoint_74174,GB_StationProcess_918,GB_SamplingFeature_918,O3,http://dd.eionet.europa.eu/vocabulary/aq/pollutant/7,hour,33.1286199900,µg/m3,2018-03-10 07:00:00 +01:00,2018-03-10 08:00:00 +01:00,1,1
GB,http://environment.data.gov.uk/air-quality/so,GB_Network_1,Station_GB1024A,,GB_SamplingPoint_74174,GB_StationProcess_918,GB_SamplingFeature_918,O3,http://dd.eionet.europa.eu/vocabulary/aq/pollutant/7,hour,25.6447499900,µg/m3,2018-03-10 09:00:00 +01:00,2018-03-10 10:00:00 +01:00,1,1
GB,http://environment.data.gov.uk/air-quality/so,GB_Network_1,Station_GB1024A,,GB_SamplingPoint_74174,GB_StationProcess_918,GB_SamplingFeature_918,O3,http://dd.eionet.europa.eu/vocabulary/aq/pollutant/7,hour,39.6146499900,µg/m3,2018-03-10 11:00:00 +01:00,2018-03-10 12:00:00 +01:00,1,1
GB,http://environment.data.gov.uk/air-quality/so,GB_Network_1,Station_GB1024A,,GB_SamplingPoint_74174,GB_StationProcess_918,GB_SamplingFeature_918,O3,http://dd.eionet.europa.eu/vocabulary/aq/pollutant/7,hour,37.8684099900,µg/m3,2018-03-10 13:00:00 +01:00,2018-03-10 14:00:00 +01:00,1,1
GB,http://environment.data.gov.uk/air-quality/so,GB_Network_1,Station_GB1024A,,GB_SamplingPoint_74174,GB_StationProcess_918,GB_SamplingFeature_918,O3,http://dd.eionet.europa.eu/vocabulary/aq/pollutant/7,hour,44.0550799900,µg/m3,2018-03-10 15:00:00 +01:00,2018-03-10 16:00:00 +01:00,1,1
GB,http://environment.data.gov.uk/air-quality/so,GB_Network_1,Station_GB1024A,,GB_SamplingPoint_74174,GB_StationProcess_918,GB_SamplingFeature_918,O3,http://dd.eionet.europa.eu/vocabulary/aq/pollutant/7,hour,55.6301399900,µg/m3,2018-03-10 17:00:00 +01:00,2018-03-10 18:00:00 +01:00,1,1
GB,http://environment.data.gov.uk/air-quality/so,GB_Network_1,Station_GB1024A,,GB_SamplingPoint_74174,GB_StationProcess_918,GB_SamplingFeature_918,O3,http://dd.eionet.europa.eu/vocabulary/aq/pollutant/7,hour,47.8967999900,µg/m3,2018-03-10 22:00:00 +01:00,2018-03-10 23:00:00 +01:00,1,1
GB,http://environment.data.gov.uk/air-quality/so,GB_Network_1,Station_GB1024A,,GB_SamplingPoint_74174,GB_StationProcess_918,GB_SamplingFeature_918,O3,http://dd.eionet.europa.eu/vocabulary/aq/pollutant/7,hour,1.3969899900,µg/m3,2018-03-11 02:00:00 +01:00,2018-03-11 03:00:00 +01:00,2,1
GB,http://environment.data.gov.uk/air-quality/so,GB_Network_1,Station_GB1024A,,GB_SamplingPoint_74174,GB_StationProcess_918,GB_SamplingFeature_918,O3,http://dd.eionet.europa.eu/vocabulary/aq/pollutant/7,hour,1.3969899900,µg/m3,2018-03-11 04:00:00 +01:00,2018-03-11 05:00:00 +01:00,2,1
GB,http://environment.data.gov.uk/air-quality/so,GB_Network_1,Station_GB1024A,,GB_SamplingPoint_74174,GB_StationProcess_918,GB_SamplingFeature_918,O3,http://dd.eionet.europa.eu/vocabulary/aq/pollutant/7,hour,1.1974199900,µg/m3,2018-03-11 05:00:00 +01:00,2018-03-11 06:00:00 +01:00,2,1
GB,http://environment.data.gov.uk/air-quality/so,GB_Network_1,Station_GB1024A,,GB_SamplingPoint_74174,GB_StationProcess_918,GB_SamplingFeature_918,O3,http://dd.eionet.europa.eu/vocabulary/aq/pollutant/7,hour,1.2473099900,µg/m3,2018-03-11 06:00:00 +01:00,2018-03-11 07:00:00 +01:00,2,1
GB,http://environment.data.gov.uk/air-quality/so,GB_Network_1,Station_GB1024A,,GB_SamplingPoint_74174,GB_StationProcess_918,GB_SamplingFeature_918,O3,http://dd.eionet.europa.eu/vocabulary/aq/pollutant/7,hour,1.1475299900,µg/m3,2018-03-11 08:00:00 +01:00,2018-03-11 09:00:00 +01:00,2,1
GB,http://environment.data.gov.uk/air-quality/so,GB_Network_1,Station_GB1024A,,GB_SamplingPoint_74174,GB_StationProcess_918,GB_SamplingFeature_918,O3,http://dd.eionet.europa.eu/vocabulary/aq/pollutant/7,hour,3.0434399900,µg/m3,2018-03-11 09:00:00 +01:00,2018-03-11 10:00:00 +01:00,2,1
GB,http://environment.data.gov.uk/air-quality/so,GB_Network_1,Station_GB1024A,,GB_SamplingPoint_74174,GB_StationProcess_918,GB_SamplingFeature_918,O3,http://dd.eionet.europa.eu/vocabulary/aq/pollutant/7,hour,52.4370199900,µg/m3,2018-03-11 11:00:00 +01:00,2018-03-11 12:00:00 +01:00,1,1
GB,http://environment.data.gov.uk/air-quality/so,GB_Network_1,Station_GB1024A,,GB_SamplingPoint_74174,GB_StationProcess_918,GB_SamplingFeature_918,O3,http://dd.eionet.europa.eu/vocabulary/aq/pollutant/7,hour,66.6563799900,µg/m3,2018-03-11 12:00:00 +01:00,2018-03-11 13:00:00 +01:00,1,1
GB,http://environment.data.gov.uk/air-quality/so,GB_Network_1,Station_GB1024A,,GB_SamplingPoint_74174,GB_StationProcess_918,GB_SamplingFeature_918,O3,http://dd.eionet.europa.eu/vocabulary/aq/pollutant/7,hour,62.2159499900,µg/m3,2018-03-11 13:00:00 +01:00,2018-03-11 14:00:00 +01:00,1,1
GB,http://environment.data.gov.uk/air-quality/so,GB_Network_1,Station_GB1024A,,GB_SamplingPoint_74174,GB_StationProcess_918,GB_SamplingFeature_918,O3,http://dd.eionet.europa.eu/vocabulary/aq/pollutant/7,hour,54.8817499900,µg/m3,2018-03-11 15:00:00 +01:00,2018-03-11 16:00:00 +01:00,1,1
GB,http://environment.data.gov.uk/air-quality/so,GB_Network_1,Station_GB1024A,,GB_SamplingPoint_74174,GB_StationProcess_918,GB_SamplingFeature_918,O3,http://dd.eionet.europa.eu/vocabulary/aq/pollutant/7,hour,2.4946299900,µg/m3,2018-03-12 00:00:00 +01:00,2018-03-12 01:00:00 +01:00,2,1
GB,http://environment.data.gov.uk/air-quality/so,GB_Network_1,Station_GB1024A,,GB_SamplingPoint_74174,GB_StationProcess_918,GB_SamplingFeature_918,O3,http://dd.eionet.europa.eu/vocabulary/aq/pollutant/7,hour,2.3948399900,µg/m3,2018-03-12 01:00:00 +01:00,2018-03-12 02:00:00 +01:00,2,1
GB,http://environment.data.gov.uk/air-quality/so,GB_Network_1,Station_GB1024A,,GB_SamplingPoint_74174,GB_StationProcess_918,GB_SamplingFeature_918,O3,http://dd.eionet.europa.eu/vocabulary/aq/pollutant/7,hour,8.0493199900,µg/m3,2018-03-12 02:00:00 +01:00,2018-03-12 03:00:00 +01:00,1,1
GB,http://environment.data.gov.uk/air-quality/so,GB_Network_1,Station_GB1024A,,GB_SamplingPoint_74174,GB_StationProcess_918,GB_SamplingFeature_918,O3,http://dd.eionet.europa.eu/vocabulary/aq/pollutant/7,hour,16.2649599900,µg/m3,2018-03-12 03:00:00 +01:00,2018-03-12 04:00:00 +01:00,1,1
GB,http://environment.data.gov.uk/air-quality/so,GB_Network_1,Station_GB1024A,,GB_SamplingPoint_74174,GB_StationProcess_918,GB_SamplingFeature_918,O3,http://dd.eionet.europa.eu/vocabulary/aq/pollutant/7,hour,21.1544199900,µg/m3,2018-03-12 04:00:00 +01:00,2018-03-12 05:00:00 +01:00,1,1
GB,http://environment.data.gov.uk/air-quality/so,GB_Network_1,Station_GB1024A,,GB_SamplingPoint_74174,GB_StationProcess_918,GB_SamplingFeature_918,O3,http://dd.eionet.europa.eu/vocabulary/aq/pollutant/7,hour,25.7944199900,µg/m3,2018-03-12 06:00:00 +01:00,2018-03-12 07:00:00 +01:00,1,1
GB,http://environment.data.gov.uk/air-quality/so,GB_Network_1,Station_GB1024A,,GB_SamplingPoint_74174,GB_StationProcess_918,GB_SamplingFeature_918,O3,http://dd.eionet.europa.eu/vocabulary/aq/pollutant/7,hour,5.0391399900,µg/m3,2018-03-12 08:00:00 +01:00,2018-03-12 09:00:00 +01:00,2,1
GB,http://environment.data.gov.uk/air-quality/so,GB_Network_1,Station_GB1024A,,GB_SamplingPoint_74174,GB_StationProcess_918,GB_SamplingFeature_918,O3,http://dd.eionet.europa.eu/vocabulary/aq/pollutant/7,hour,7.2344099900,µg/m3,2018-03-12 10:00:00 +01:00,2018-03-12 11:00:00 +01:00,1,1
GB,http://environment.data.gov.uk/air-quality/so,GB_Network_1,Station_GB1024A,,GB_SamplingPoint_74174,GB_StationProcess_918,GB_SamplingFeature_918,O3,http://dd.eionet.europa.eu/vocabulary/aq/pollutant/7,hour,34.6752899900,µg/m3,2018-03-12 14:00:00 +01:00,2018-03-12 15:00:00 +01:00,1,1
GB,http://environment.data.gov.uk/air-quality/so,GB_Network_1,Station_GB1024A,,GB_SamplingPoint_74174,GB_StationProcess_918,GB_SamplingFeature_918,O3,http://dd.eionet.europa.eu/vocabulary/aq/pollutant/7,hour,29.1372199900,µg/m3,2018-03-12 21:00:00 +01:00,2018-03-12 22:00:00 +01:00,1,1
GB,http://environment.data.gov.uk/air-quality/so,GB_Network_1,Station_GB1024A,,GB_SamplingPoint_74174,GB_StationProcess_918,GB_SamplingFeature_918,O3,http://dd.eionet.europa.eu/vocabulary/aq/pollutant/7,hour,37.1200199900,µg/m3,2018-03-12 23:00:00 +01:00,2018-03-13 00:00:00 +01:00,1,1
GB,http://environment.data.gov.uk/air-quality/so,GB_Network_1,Station_GB1024A,,GB_SamplingPoint_74174,GB_StationProcess_918,GB_SamplingFeature_918,O3,http://dd.eionet.europa.eu/vocabulary/aq/pollutant/7,hour,47.1484099900,µg/m3,2018-03-13 00:00:00 +01:00,2018-03-13 01:00:00 +01:00,1,1
GB,http://environment.data.gov.uk/air-quality/so,GB_Network_1,Station_GB1024A,,GB_SamplingPoint_74174,GB_StationProcess_918,GB_SamplingFeature_918,O3,http://dd.eionet.europa.eu/vocabulary/aq/pollutant/7,hour,53.4182399900,µg/m3,2018-03-13 01:00:00 +01:00,2018-03-13 02:00:00 +01:00,1,1
GB,http://environment.data.gov.uk/air-quality/so,GB_Network_1,Station_GB1024A,,GB_SamplingPoint_74174,GB_StationProcess_918,GB_SamplingFeature_918,O3,http://dd.eionet.europa.eu/vocabulary/aq/pollutant/7,hour,47.1484099900,µg/m3,2018-03-13 05:00:00 +01:00,2018-03-13 06:00:00 +01:00,1,1
GB,http://environment.data.gov.uk/air-quality/so,GB_Network_1,Station_GB1024A,,GB_SamplingPoint_74174,GB_StationProcess_918,GB_SamplingFeature_918,O3,http://dd.eionet.europa.eu/vocabulary/aq/pollutant/7,hour,36.6210999900,µg/m3,2018-03-13 06:00:00 +01:00,2018-03-13 07:00:00 +01:00,1,1
GB,http://environment.data.gov.uk/air-quality/so,GB_Network_1,Station_GB1024A,,GB_SamplingPoint_74174,GB_StationProcess_918,GB_SamplingFeature_918,O3,http://dd.eionet.europa.eu/vocabulary/aq/pollutant/7,hour,18.3105499900,µg/m3,2018-03-13 09:00:00 +01:00,2018-03-13 10:00:00 +01:00,1,1
GB,http://environment.data.gov.uk/air-quality/so,GB_Network_1,Station_GB1024A,,GB_SamplingPoint_74174,GB_StationProcess_918,GB_SamplingFeature_918,O3,http://dd.eionet.europa.eu/vocabulary/aq/pollutant/7,hour,54.1832599900,µg/m3,2018-03-13 12:00:00 +01:00,2018-03-13 13:00:00 +01:00,1,1
GB,http://environment.data.gov.uk/air-quality/so,GB_Network_1,Station_GB1024A,,GB_SamplingPoint_74174,GB_StationProcess_918,GB_SamplingFeature_918,O3,http://dd.eionet.europa.eu/vocabulary/aq/pollutant/7,hour,2.5944099900,µg/m3,2018-03-13 21:00:00 +01:00,2018-03-13 22:00:00 +01:00,2,1
GB,http://environment.data.gov.uk/air-quality/so,GB_Network_1,Station_GB1024A,,GB_SamplingPoint_74174,GB_StationProcess_918,GB_SamplingFeature_918,O3,http://dd.eionet.europa.eu/vocabulary/aq/pollutant/7,hour,39.5148599900,µg/m3,2018-03-14 02:00:00 +01:00,2018-03-14 03:00:00 +01:00,1,1
GB,http://environment.data.gov.uk/air-quality/so,GB_Network_1,Station_GB1024A,,GB_SamplingPoint_74174,GB_StationProcess_918,GB_SamplingFeature_918,O3,http://dd.eionet.europa.eu/vocabulary/aq/pollutant/7,hour,38.6167999900,µg/m3,2018-03-14 03:00:00 +01:00,2018-03-14 04:00:00 +01:00,1,1
GB,http://environment.data.gov.uk/air-quality/so,GB_Network_1,Station_GB1024A,,GB_SamplingPoint_74174,GB_StationProcess_918,GB_SamplingFeature_918,O3,http://dd.eionet.europa.eu/vocabulary/aq/pollutant/7,hour,32.6795899900,µg/m3,2018-03-14 09:00:00 +01:00,2018-03-14 10:00:00 +01:00,1,1
GB,http://environment.data.gov.uk/air-quality/so,GB_Network_1,Station_GB1024A,,GB_SamplingPoint_74174,GB_StationProcess_918,GB_SamplingFeature_918,O3,http://dd.eionet.europa.eu/vocabulary/aq/pollutant/7,hour,65.0099299900,µg/m3,2018-03-14 11:00:00 +01:00,2018-03-14 12:00:00 +01:00,1,1
GB,http://environment.data.gov.uk/air-quality/so,GB_Network_1,Station_GB1024A,,GB_SamplingPoint_74174,GB_StationProcess_918,GB_SamplingFeature_918,O3,http://dd.eionet.europa.eu/vocabulary/aq/pollutant/7,hour,76.9841299900,µg/m3,2018-03-14 12:00:00 +01:00,2018-03-14 13:00:00 +01:00,1,1
GB,http://environment.data.gov.uk/air-quality/so,GB_Network_1,Station_GB1024A,,GB_SamplingPoint_74174,GB_StationProcess_918,GB_SamplingFeature_918,O3,http://dd.eionet.europa.eu/vocabulary/aq/pollutant/7,hour,80.1273599900,µg/m3,2018-03-14 15:00:00 +01:00,2018-03-14 16:00:00 +01:00,1,1
GB,http://environment.data.gov.uk/air-quality/so,GB_Network_1,Station_GB1024A,,GB_SamplingPoint_74174,GB_StationProcess_918,GB_SamplingFeature_918,O3,http://dd.eionet.europa.eu/vocabulary/aq/pollutant/7,hour,61.4675599900,µg/m3,2018-03-14 18:00:00 +01:00,2018-03-14 19:00:00 +01:00,1,1
GB,http://environment.data.gov.uk/air-quality/so,GB_Network_1,Station_GB1024A,,GB_SamplingPoint_74174,GB_StationProcess_918,GB_SamplingFeature_918,O3,http://dd.eionet.europa.eu/vocabulary/aq/pollutant/7,hour,65.6086399900,µg/m3,2018-03-14 19:00:00 +01:00,2018-03-14 20:00:00 +01:00,1,1
GB,http://environment.data.gov.uk/air-quality/so,GB_Network_1,Station_GB1024A,,GB_SamplingPoint_74174,GB_StationProcess_918,GB_SamplingFeature_918,O3,http://dd.eionet.europa.eu/vocabulary/aq/pollutant/7,hour,68.5023999900,µg/m3,2018-03-14 20:00:00 +01:00,2018-03-14 21:00:00 +01:00,1,1
GB,http://environment.data.gov.uk/air-quality/so,GB_Network_1,Station_GB1024A,,GB_SamplingPoint_74174,GB_StationProcess_918,GB_SamplingFeature_918,O3,http://dd.eionet.europa.eu/vocabulary/aq/pollutant/7,hour,71.7454199900,µg/m3,2018-03-14 21:00:00 +01:00,2018-03-14 22:00:00 +01:00,1,1
GB,http://environment.data.gov.uk/air-quality/so,GB_Network_1,Station_GB1024A,,GB_SamplingPoint_74174,GB_StationProcess_918,GB_SamplingFeature_918,O3,http://dd.eionet.europa.eu/vocabulary/aq/pollutant/7,hour,72.4937999900,µg/m3,2018-03-14 22:00:00 +01:00,2018-03-14 23:00:00 +01:00,1,1
GB,http://environment.data.gov.uk/air-quality/so,GB_Network_1,Station_GB1024A,,GB_SamplingPoint_74174,GB_StationProcess_918,GB_SamplingFeature_918,O3,http://dd.eionet.europa.eu/vocabulary/aq/pollutant/7,hour,48.1462599900,µg/m3,2018-03-15 00:00:00 +01:00,2018-03-15 01:00:00 +01:00,1,1
GB,http://environment.data.gov.uk/air-quality/so,GB_Network_1,Station_GB1024A,,GB_SamplingPoint_74174,GB_StationProcess_918,GB_SamplingFeature_918,O3,http://dd.eionet.europa.eu/vocabulary/aq/pollutant/7,hour,54.6322899900,µg/m3,2018-03-15 03:00:00 +01:00,2018-03-15 04:00:00 +01:00,1,1
GB,http://environment.data.gov.uk/air-quality/so,GB_Network_1,Station_GB1024A,,GB_SamplingPoint_74174,GB_StationProcess_918,GB_SamplingFeature_918,O3,http://dd.eionet.europa.eu/vocabulary/aq/pollutant/7,hour,62.7148699900,µg/m3,2018-03-15 05:00:00 +01:00,2018-03-15 06:00:00 +01:00,1,1
GB,http://environment.data.gov.uk/air-quality/so,GB_Network_1,Station_GB1024A,,GB_SamplingPoint_74174,GB_StationProcess_918,GB_SamplingFeature_918,O3,http://dd.eionet.europa.eu/vocabulary/aq/pollutant/7,hour,56.3286299900,µg/m3,2018-03-15 06:00:00 +01:00,2018-03-15 07:00:00 +01:00,1,1
GB,http://environment.data.gov.uk/air-quality/so,GB_Network_1,Station_GB1024A,,GB_SamplingPoint_74174,GB_StationProcess_918,GB_SamplingFeature_918,O3,http://dd.eionet.europa.eu/vocabulary/aq/pollutant/7,hour,49.8924999900,µg/m3,2018-03-15 07:00:00 +01:00,2018-03-15 08:00:00 +01:00,1,1
GB,http://environment.data.gov.uk/air-quality/so,GB_Network_1,Station_GB1024A,,GB_SamplingPoint_74174,GB_StationProcess_918,GB_SamplingFeature_918,O3,http://dd.eionet.europa.eu/vocabulary/aq/pollutant/7,hour,35.1243199900,µg/m3,2018-03-15 09:00:00 +01:00,2018-03-15 10:00:00 +01:00,1,1
GB,http://environment.data.gov.uk/air-quality/so,GB_Network_1,Station_GB1024A,,GB_SamplingPoint_74174,GB_StationProcess_918,GB_SamplingFeature_918,O3,http://dd.eionet.europa.eu/vocabulary/aq/pollutant/7,hour,42.3088399900,µg/m3,2018-03-15 11:00:00 +01:00,2018-03-15 12:00:00 +01:00,1,1
GB,http://environment.data.gov.uk/air-quality/so,GB_Network_1,Station_GB1024A,,GB_SamplingPoint_74174,GB_StationProcess_918,GB_SamplingFeature_918,O3,http://dd.eionet.europa.eu/vocabulary/aq/pollutant/7,hour,52.0877699900,µg/m3,2018-03-15 12:00:00 +01:00,2018-03-15 13:00:00 +01:00,1,1
GB,http://environment.data.gov.uk/air-quality/so,GB_Network_1,Station_GB1024A,,GB_SamplingPoint_74174,GB_StationProcess_918,GB_SamplingFeature_918,O3,http://dd.eionet.europa.eu/vocabulary/aq/pollutant/7,hour,56.8275599900,µg/m3,2018-03-15 16:00:00 +01:00,2018-03-15 17:00:00 +01:00,1,1
GB,http://environment.data.gov.uk/air-quality/so,GB_Network_1,Station_GB1024A,,GB_SamplingPoint_74174,GB_StationProcess_918,GB_SamplingFeature_918,O3,http://dd.eionet.europa.eu/vocabulary/aq/pollutant/7,hour,67.6542299900,µg/m3,2018-03-15 18:00:00 +01:00,2018-03-15 19:00:00 +01:00,1,1
GB,http://environment.data.gov.uk/air-quality/so,GB_Network_1,Station_GB1024A,,GB_SamplingPoint_74174,GB_StationProcess_918,GB_SamplingFeature_918,O3,http://dd.eionet.europa.eu/vocabulary/aq/pollutant/7,hour,37.5690499900,µg/m3,2018-03-15 19:00:00 +01:00,2018-03-15 20:00:00 +01:00,1,1
GB,http://environment.data.gov.uk/air-quality/so,GB_Network_1,Station_GB1024A,,GB_SamplingPoint_74174,GB_StationProcess_918,GB_SamplingFeature_918,O3,http://dd.eionet.europa.eu/vocabulary/aq/pollutant/7,hour,7.7832299900,µg/m3,2018-03-15 20:00:00 +01:00,2018-03-15 21:00:00 +01:00,1,1
GB,http://environment.data.gov.uk/air-quality/so,GB_Network_1,Station_GB1024A,,GB_SamplingPoint_74174,GB_StationProcess_918,GB_SamplingFeature_918,O3,http://dd.eionet.europa.eu/vocabulary/aq/pollutant/7,hour,2.2451599900,µg/m3,2018-03-15 21:00:00 +01:00,2018-03-15 22:00:00 +01:00,2,1
GB,http://environment.data.gov.uk/air-quality/so,GB_Network_1,Station_GB1024A,,GB_SamplingPoint_74174,GB_StationProcess_918,GB_SamplingFeature_918,O3,http://dd.eionet.europa.eu/vocabulary/aq/pollutant/7,hour,8.5815099900,µg/m3,2018-03-15 22:00:00 +01:00,2018-03-15 23:00:00 +01:00,1,1
GB,http://environment.data.gov.uk/air-quality/so,GB_Network_1,Station_GB1024A,,GB_SamplingPoint_74174,GB_StationProcess_918,GB_SamplingFeature_918,O3,http://dd.eionet.europa.eu/vocabulary/aq/pollutant/7,hour,10.5772099900,µg/m3,2018-03-16 00:00:00 +01:00,2018-03-16 01:00:00 +01:00,1,1
GB,http://environment.data.gov.uk/air-quality/so,GB_Network_1,Station_GB1024A,,GB_SamplingPoint_74174,GB_StationProcess_918,GB_SamplingFeature_918,O3,http://dd.eionet.europa.eu/vocabulary/aq/pollutant/7,hour,9.5793599900,µg/m3,2018-03-16 01:00:00 +01:00,2018-03-16 02:00:00 +01:00,1,1
GB,http://environment.data.gov.uk/air-quality/so,GB_Network_1,Station_GB1024A,,GB_SamplingPoint_74174,GB_StationProcess_918,GB_SamplingFeature_918,O3,http://dd.eionet.europa.eu/vocabulary/aq/pollutant/7,hour,77.6327299900,µg/m3,2018-03-16 04:00:00 +01:00,2018-03-16 05:00:00 +01:00,1,1
GB,http://environment.data.gov.uk/air-quality/so,GB_Network_1,Station_GB1024A,,GB_SamplingPoint_74174,GB_StationProcess_918,GB_SamplingFeature_918,O3,http://dd.eionet.europa.eu/vocabulary/aq/pollutant/7,hour,85.6654199900,µg/m3,2018-03-16 05:00:00 +01:00,2018-03-16 06:00:00 +01:00,1,1
GB,http://environment.data.gov.uk/air-quality/so,GB_Network_1,Station_GB1024A,,GB_SamplingPoint_74174,GB_StationProcess_918,GB_SamplingFeature_918,O3,http://dd.eionet.europa.eu/vocabulary/aq/pollutant/7,hour,53.5346499900,µg/m3,2018-03-16 08:00:00 +01:00,2018-03-16 09:00:00 +01:00,1,1
GB,http://environment.data.gov.uk/air-quality/so,GB_Network_1,Station_GB1024A,,GB_SamplingPoint_74174,GB_StationProcess_918,GB_SamplingFeature_918,O3,http://dd.eionet.europa.eu/vocabulary/aq/pollutant/7,hour,78.7303699900,µg/m3,2018-03-16 12:00:00 +01:00,2018-03-16 13:00:00 +01:00,1,1
GB,http://environment.data.gov.uk/air-quality/so,GB_Network_1,Station_GB1024A,,GB_SamplingPoint_74174,GB_StationProcess_918,GB_SamplingFeature_918,O3,http://dd.eionet.europa.eu/vocabulary/aq/pollutant/7,hour,76.7845599900,µg/m3,2018-03-16 13:00:00 +01:00,2018-03-16 14:00:00 +01:00,1,1
GB,http://environment.data.gov.uk/air-quality/so,GB_Network_1,Station_GB1024A,,GB_SamplingPoint_74174,GB_StationProcess_918,GB_SamplingFeature_918,O3,http://dd.eionet.europa.eu/vocabulary/aq/pollutant/7,hour,74.9884299900,µg/m3,2018-03-16 14:00:00 +01:00,2018-03-16 15:00:00 +01:00,1,1
GB,http://environment.data.gov.uk/air-quality/so,GB_Network_1,Station_GB1024A,,GB_SamplingPoint_74174,GB_StationProcess_918,GB_SamplingFeature_918,O3,http://dd.eionet.europa.eu/vocabulary/aq/pollutant/7,hour,74.6391799900,µg/m3,2018-03-16 15:00:00 +01:00,2018-03-16 16:00:00 +01:00,1,1
GB,http://environment.data.gov.uk/air-quality/so,GB_Network_1,Station_GB1024A,,GB_SamplingPoint_74174,GB_StationProcess_918,GB_SamplingFeature_918,O3,http://dd.eionet.europa.eu/vocabulary/aq/pollutant/7,hour,59.7213199900,µg/m3,2018-03-16 17:00:00 +01:00,2018-03-16 18:00:00 +01:00,1,1
GB,http://environment.data.gov.uk/air-quality/so,GB_Network_1,Station_GB1024A,,GB_SamplingPoint_74174,GB_StationProcess_918,GB_SamplingFeature_918,O3,http://dd.eionet.europa.eu/vocabulary/aq/pollutant/7,hour,60.2701399900,µg/m3,2018-03-16 18:00:00 +01:00,2018-03-16 19:00:00 +01:00,1,1
GB,http://environment.data.gov.uk/air-quality/so,GB_Network_1,Station_GB1024A,,GB_SamplingPoint_74174,GB_StationProcess_918,GB_SamplingFeature_918,O3,http://dd.eionet.europa.eu/vocabulary/aq/pollutant/7,hour,53.5346499900,µg/m3,2018-03-16 19:00:00 +01:00,2018-03-16 20:00:00 +01:00,1,1
GB,http://environment.data.gov.uk/air-quality/so,GB_Network_1,Station_GB1024A,,GB_SamplingPoint_74174,GB_StationProcess_918,GB_SamplingFeature_918,O3,http://dd.eionet.europa.eu/vocabulary/aq/pollutant/7,hour,41.2610999900,µg/m3,2018-03-17 05:00:00 +01:00,2018-03-17 06:00:00 +01:00,1,1
GB,http://environment.data.gov.uk/air-quality/so,GB_Network_1,Station_GB1024A,,GB_SamplingPoint_74174,GB_StationProcess_918,GB_SamplingFeature_918,O3,http://dd.eionet.europa.eu/vocabulary/aq/pollutant/7,hour,55.0813199900,µg/m3,2018-03-17 07:00:00 +01:00,2018-03-17 08:00:00 +01:00,1,1
GB,http://environment.data.gov.uk/air-quality/so,GB_Network_1,Station_GB1024A,,GB_SamplingPoint_74174,GB_StationProcess_918,GB_SamplingFeature_918,O3,http://dd.eionet.europa.eu/vocabulary/aq/pollutant/7,hour,61.9165899900,µg/m3,2018-03-17 15:00:00 +01:00,2018-03-17 16:00:00 +01:00,1,1
GB,http://environment.data.gov.uk/air-quality/so,GB_Network_1,Station_GB1024A,,GB_SamplingPoint_74174,GB_StationProcess_918,GB_SamplingFeature_918,O3,http://dd.eionet.europa.eu/vocabulary/aq/pollutant/7,hour,66.5066999900,µg/m3,2018-03-17 18:00:00 +01:00,2018-03-17 19:00:00 +01:00,1,1
GB,http://environment.data.gov.uk/air-quality/so,GB_Network_1,Station_GB1024A,,GB_SamplingPoint_74174,GB_StationProcess_918,GB_SamplingFeature_918,O3,http://dd.eionet.europa.eu/vocabulary/aq/pollutant/7,hour,57.3264799900,µg/m3,2018-03-17 23:00:00 +01:00,2018-03-18 00:00:00 +01:00,1,1
GB,http://environment.data.gov.uk/air-quality/so,GB_Network_1,Station_GB1024A,,GB_SamplingPoint_74174,GB_StationProcess_918,GB_SamplingFeature_918,O3,http://dd.eionet.europa.eu/vocabulary/aq/pollutant/7,hour,62.4654099900,µg/m3,2018-03-18 00:00:00 +01:00,2018-03-18 01:00:00 +01:00,1,1
GB,http://environment.data.gov.uk/air-quality/so,GB_Network_1,Station_GB1024A,,GB_SamplingPoint_74174,GB_StationProcess_918,GB_SamplingFeature_918,O3,http://dd.eionet.europa.eu/vocabulary/aq/pollutant/7,hour,58.2744399900,µg/m3,2018-03-18 02:00:00 +01:00,2018-03-18 03:00:00 +01:00,1,1
GB,http://environment.data.gov.uk/air-quality/so,GB_Network_1,Station_GB1024A,,GB_SamplingPoint_74174,GB_StationProcess_918,GB_SamplingFeature_918,O3,http://dd.eionet.europa.eu/vocabulary/aq/pollutant/7,hour,59.7213199900,µg/m3,2018-03-18 03:00:00 +01:00,2018-03-18 04:00:00 +01:00,1,1
GB,http://environment.data.gov.uk/air-quality/so,GB_Network_1,Station_GB1024A,,GB_SamplingPoint_74174,GB_StationProcess_918,GB_SamplingFeature_918,O3,http://dd.eionet.europa.eu/vocabulary/aq/pollutant/7,hour,58.0249799900,µg/m3,2018-03-18 04:00:00 +01:00,2018-03-18 05:00:00 +01:00,1,1
GB,http://environment.data.gov.uk/air-quality/so,GB_Network_1,Station_GB1024A,,GB_SamplingPoint_74174,GB_StationProcess_918,GB_SamplingFeature_918,O3,http://dd.eionet.europa.eu/vocabulary/aq/pollutant/7,hour,59.8211099900,µg/m3,2018-03-18 09:00:00 +01:00,2018-03-18 10:00:00 +01:00,1,1
GB,http://environment.data.gov.uk/air-quality/so,GB_Network_1,Station_GB1024A,,GB_SamplingPoint_74174,GB_StationProcess_918,GB_SamplingFeature_918,O3,http://dd.eionet.europa.eu/vocabulary/aq/pollutant/7,hour,58.8232599900,µg/m3,2018-03-18 11:00:00 +01:00,2018-03-18 12:00:00 +01:00,1,1
GB,http://environment.data.gov.uk/air-quality/so,GB_Network_1,Station_GB1024A,,GB_SamplingPoint_74174,GB_StationProcess_918,GB_SamplingFeature_918,O3,http://dd.eionet.europa.eu/vocabulary/aq/pollutant/7,hour,55.3806799900,µg/m3,2018-03-18 12:00:00 +01:00,2018-03-18 13:00:00 +01:00,1,1
GB,http://environment.data.gov.uk/air-quality/so,GB_Network_1,Station_GB1024A,,GB_SamplingPoint_74174,GB_StationProcess_918,GB_SamplingFeature_918,O3,http://dd.eionet.europa.eu/vocabulary/aq/pollutant/7,hour,54.8318599900,µg/m3,2018-03-18 14:00:00 +01:00,2018-03-18 15:00:00 +01:00,1,1
GB,http://environment.data.gov.uk/air-quality/so,GB_Network_1,Station_GB1024A,,GB_SamplingPoint_74174,GB_StationProcess_918,GB_SamplingFeature_918,O3,http://dd.eionet.europa.eu/vocabulary/aq/pollutant/7,hour,56.5281999900,µg/m3,2018-03-18 15:00:00 +01:00,2018-03-18 16:00:00 +01:00,1,1
GB,http://environment.data.gov.uk/air-quality/so,GB_Network_1,Station_GB1024A,,GB_SamplingPoint_74174,GB_StationProcess_918,GB_SamplingFeature_918,O3,http://dd.eionet.europa.eu/vocabulary/aq/pollutant/7,hour,57.5759499900,µg/m3,2018-03-18 16:00:00 +01:00,2018-03-18 17:00:00 +01:00,1,1
GB,http://environment.data.gov.uk/air-quality/so,GB_Network_1,Station_GB1024A,,GB_SamplingPoint_74174,GB_StationProcess_918,GB_SamplingFeature_918,O3,http://dd.eionet.europa.eu/vocabulary/aq/pollutant/7,hour,56.8275599900,µg/m3,2018-03-18 17:00:00 +01:00,2018-03-18 18:00:00 +01:00,1,1
GB,http://environment.data.gov.uk/air-quality/so,GB_Network_1,Station_GB1024A,,GB_SamplingPoint_74174,GB_StationProcess_918,GB_SamplingFeature_918,O3,http://dd.eionet.europa.eu/vocabulary/aq/pollutant/7,hour,51.6387399900,µg/m3,2018-03-18 20:00:00 +01:00,2018-03-18 21:00:00 +01:00,1,1
GB,http://environment.data.gov.uk/air-quality/so,GB_Network_1,Station_GB1024A,,GB_SamplingPoint_74174,GB_StationProcess_918,GB_SamplingFeature_918,O3,http://dd.eionet.europa.eu/vocabulary/aq/pollutant/7,hour,50.6907799900,µg/m3,2018-03-18 23:00:00 +01:00,2018-03-19 00:00:00 +01:00,1,1
GB,http://environment.data.gov.uk/air-quality/so,GB_Network_1,Station_GB1024A,,GB_SamplingPoint_74174,GB_StationProcess_918,GB_SamplingFeature_918,O3,http://dd.eionet.europa.eu/vocabulary/aq/pollutant/7,hour,72.9927299900,µg/m3,2018-03-19 04:00:00 +01:00,2018-03-19 05:00:00 +01:00,1,1
GB,http://environment.data.gov.uk/air-quality/so,GB_Network_1,Station_GB1024A,,GB_SamplingPoint_74174,GB_StationProcess_918,GB_SamplingFeature_918,O3,http://dd.eionet.europa.eu/vocabulary/aq/pollutant/7,hour,58.0249799900,µg/m3,2018-03-19 07:00:00 +01:00,2018-03-19 08:00:00 +01:00,1,1
GB,http://environment.data.gov.uk/air-quality/so,GB_Network_1,Station_GB1024A,,GB_SamplingPoint_74174,GB_StationProcess_918,GB_SamplingFeature_918,O3,http://dd.eionet.europa.eu/vocabulary/aq/pollutant/7,hour,64.8602499900,µg/m3,2018-03-19 10:00:00 +01:00,2018-03-19 11:00:00 +01:00,1,1
GB,http://environment.data.gov.uk/air-quality/so,GB_Network_1,Station_GB1024A,,GB_SamplingPoint_74174,GB_StationProcess_918,GB_SamplingFeature_918,O3,http://dd.eionet.europa.eu/vocabulary/aq/pollutant/7,hour,78.3811199900,µg/m3,2018-03-19 13:00:00 +01:00,2018-03-19 14:00:00 +01:00,1,1
GB,http://environment.data.gov.uk/air-quality/so,GB_Network_1,Station_GB1024A,,GB_SamplingPoint_74174,GB_StationProcess_918,GB_SamplingFeature_918,O3,http://dd.eionet.europa.eu/vocabulary/aq/pollutant/7,hour,86.2641299900,µg/m3,2018-03-19 15:00:00 +01:00,2018-03-19 16:00:00 +01:00,1,1
GB,http://environment.data.gov.uk/air-quality/so,GB_Network_1,Station_GB1024A,,GB_SamplingPoint_74174,GB_StationProcess_918,GB_SamplingFeature_918,O3,http://dd.eionet.europa.eu/vocabulary/aq/pollutant/7,hour,88.6589699900,µg/m3,2018-03-19 16:00:00 +01:00,2018-03-19 17:00:00 +01:00,1,1
GB,http://environment.data.gov.uk/air-quality/so,GB_Network_1,Station_GB1024A,,GB_SamplingPoint_74174,GB_StationProcess_918,GB_SamplingFeature_918,O3,http://dd.eionet.europa.eu/vocabulary/aq/pollutant/7,hour,80.6761699900,µg/m3,2018-03-19 19:00:00 +01:00,2018-03-19 20:00:00 +01:00,1,1
GB,http://environment.data.gov.uk/air-quality/so,GB_Network_1,Station_GB1024A,,GB_SamplingPoint_74174,GB_StationProcess_918,GB_SamplingFeature_918,O3,http://dd.eionet.europa.eu/vocabulary/aq/pollutant/7,hour,70.3983199900,µg/m3,2018-03-19 21:00:00 +01:00,2018-03-19 22:00:00 +01:00,1,1
GB,http://environment.data.gov.uk/air-quality/so,GB_Network_1,Station_GB1024A,,GB_SamplingPoint_74174,GB_StationProcess_918,GB_SamplingFeature_918,O3,http://dd.eionet.europa.eu/vocabulary/aq/pollutant/7,hour,68.6021899900,µg/m3,2018-03-20 05:00:00 +01:00,2018-03-20 06:00:00 +01:00,1,1
GB,http://environment.data.gov.uk/air-quality/so,GB_Network_1,Station_GB1024A,,GB_SamplingPoint_74174,GB_StationProcess_918,GB_SamplingFeature_918,O3,http://dd.eionet.europa.eu/vocabulary/aq/pollutant/7,hour,60.5694999900,µg/m3,2018-03-20 08:00:00 +01:00,2018-03-20 09:00:00 +01:00,1,1
GB,http://environment.data.gov.uk/air-quality/so,GB_Network_1,Station_GB1024A,,GB_SamplingPoint_74174,GB_StationProcess_918,GB_SamplingFeature_918,O3,http://dd.eionet.europa.eu/vocabulary/aq/pollutant/7,hour,65.9079899900,µg/m3,2018-03-20 09:00:00 +01:00,2018-03-20 10:00:00 +01:00,1,1
GB,http://environment.data.gov.uk/air-quality/so,GB_Network_1,Station_GB1024A,,GB_SamplingPoint_74174,GB_StationProcess_918,GB_SamplingFeature_918,O3,http://dd.eionet.europa.eu/vocabulary/aq/pollutant/7,hour,74.0404699900,µg/m3,2018-03-20 11:00:00 +01:00,2018-03-20 12:00:00 +01:00,1,1
GB,http://environment.data.gov.uk/air-quality/so,GB_Network_1,Station_GB1024A,,GB_SamplingPoint_74174,GB_StationProcess_918,GB_SamplingFeature_918,O3,http://dd.eionet.europa.eu/vocabulary/aq/pollutant/7,hour,85.5157499900,µg/m3,2018-03-20 12:00:00 +01:00,2018-03-20 13:00:00 +01:00,1,1
GB,http://environment.data.gov.uk/air-quality/so,GB_Network_1,Station_GB1024A,,GB_SamplingPoint_74174,GB_StationProcess_918,GB_SamplingFeature_918,O3,http://dd.eionet.europa.eu/vocabulary/aq/pollutant/7,hour,87.4116599900,µg/m3,2018-03-20 13:00:00 +01:00,2018-03-20 14:00:00 +01:00,1,1
GB,http://environment.data.gov.uk/air-quality/so,GB_Network_1,Station_GB1024A,,GB_SamplingPoint_74174,GB_StationProcess_918,GB_SamplingFeature_918,O3,http://dd.eionet.europa.eu/vocabulary/aq/pollutant/7,hour,81.2748799900,µg/m3,2018-03-20 17:00:00 +01:00,2018-03-20 18:00:00 +01:00,1,1
GB,http://environment.data.gov.uk/air-quality/so,GB_Network_1,Station_GB1024A,,GB_SamplingPoint_74174,GB_StationProcess_918,GB_SamplingFeature_918,O3,http://dd.eionet.europa.eu/vocabulary/aq/pollutant/7,hour,52.1376599900,µg/m3,2018-03-20 23:00:00 +01:00,2018-03-21 00:00:00 +01:00,1,1
GB,http://environment.data.gov.uk/air-quality/so,GB_Network_1,Station_GB1024A,,GB_SamplingPoint_74174,GB_StationProcess_918,GB_SamplingFeature_918,O3,http://dd.eionet.europa.eu/vocabulary/aq/pollutant/7,hour,36.9869699900,µg/m3,2018-03-21 01:00:00 +01:00,2018-03-21 02:00:00 +01:00,1,1
GB,http://environment.data.gov.uk/air-quality/so,GB_Network_1,Station_GB1024A,,GB_SamplingPoint_74174,GB_StationProcess_918,GB_SamplingFeature_918,O3,http://dd.eionet.europa.eu/vocabulary/aq/pollutant/7,hour,22.6012999900,µg/m3,2018-03-21 05:00:00 +01:00,2018-03-21 06:00:00 +01:00,1,1
GB,http://environment.data.gov.uk/air-quality/so,GB_Network_1,Station_GB1024A,,GB_SamplingPoint_74174,GB_StationProcess_918,GB_SamplingFeature_918,O3,http://dd.eionet.europa.eu/vocabulary/aq/pollutant/7,hour,62.7647699900,µg/m3,2018-03-21 11:00:00 +01:00,2018-03-21 12:00:00 +01:00,1,1
GB,http://environment.data.gov.uk/air-quality/so,GB_Network_1,Station_GB1024A,,GB_SamplingPoint_74174,GB_StationProcess_918,GB_SamplingFeature_918,O3,http://dd.eionet.europa.eu/vocabulary/aq/pollutant/7,hour,76.3854199900,µg/m3,2018-03-21 14:00:00 +01:00,2018-03-21 15:00:00 +01:00,1,1
GB,http://environment.data.gov.uk/air-quality/so,GB_Network_1,Station_GB1024A,,GB_SamplingPoint_74174,GB_StationProcess_918,GB_SamplingFeature_918,O3,http://dd.eionet.europa.eu/vocabulary/aq/pollutant/7,hour,76.7346699900,µg/m3,2018-03-21 16:00:00 +01:00,2018-03-21 17:00:00 +01:00,1,1
GB,http://environment.data.gov.uk/air-quality/so,GB_Network_1,Station_GB1024A,,GB_SamplingPoint_74174,GB_StationProcess_918,GB_SamplingFeature_918,O3,http://dd.eionet.europa.eu/vocabulary/aq/pollutant/7,hour,79.7781099900,µg/m3,2018-03-21 17:00:00 +01:00,2018-03-21 18:00:00 +01:00,1,1
GB,http://environment.data.gov.uk/air-quality/so,GB_Network_1,Station_GB1024A,,GB_SamplingPoint_74174,GB_StationProcess_918,GB_SamplingFeature_918,O3,http://dd.eionet.europa.eu/vocabulary/aq/pollutant/7,hour,73.3918699900,µg/m3,2018-03-21 18:00:00 +01:00,2018-03-21 19:00:00 +01:00,1,1
GB,http://environment.data.gov.uk/air-quality/so,GB_Network_1,Station_GB1024A,,GB_SamplingPoint_74174,GB_StationProcess_918,GB_SamplingFeature_918,O3,http://dd.eionet.europa.eu/vocabulary/aq/pollutant/7,hour,61.4675599900,µg/m3,2018-03-21 19:00:00 +01:00,2018-03-21 20:00:00 +01:00,1,1
GB,http://environment.data.gov.uk/air-quality/so,GB_Network_1,Station_GB1024A,,GB_SamplingPoint_74174,GB_StationProcess_918,GB_SamplingFeature_918,O3,http://dd.eionet.europa.eu/vocabulary/aq/pollutant/7,hour,67.3548799900,µg/m3,2018-03-21 21:00:00 +01:00,2018-03-21 22:00:00 +01:00,1,1
GB,http://environment.data.gov.uk/air-quality/so,GB_Network_1,Station_GB1024A,,GB_SamplingPoint_74174,GB_StationProcess_918,GB_SamplingFeature_918,O3,http://dd.eionet.europa.eu/vocabulary/aq/pollutant/7,hour,53.1854099900,µg/m3,2018-03-21 23:00:00 +01:00,2018-03-22 00:00:00 +01:00,1,1
GB,http://environment.data.gov.uk/air-quality/so,GB_Network_1,Station_GB1024A,,GB_SamplingPoint_74174,GB_StationProcess_918,GB_SamplingFeature_918,O3,http://dd.eionet.europa.eu/vocabulary/aq/pollutant/7,hour,51.4391699900,µg/m3,2018-03-22 05:00:00 +01:00,2018-03-22 06:00:00 +01:00,1,1
GB,http://environment.data.gov.uk/air-quality/so,GB_Network_1,Station_GB1024A,,GB_SamplingPoint_74174,GB_StationProcess_918,GB_SamplingFeature_918,O3,http://dd.eionet.europa.eu/vocabulary/aq/pollutant/7,hour,45.4520699900,µg/m3,2018-03-22 10:00:00 +01:00,2018-03-22 11:00:00 +01:00,1,1
GB,http://environment.data.gov.uk/air-quality/so,GB_Network_1,Station_GB1024A,,GB_SamplingPoint_74174,GB_StationProcess_918,GB_SamplingFeature_918,O3,http://dd.eionet.europa.eu/vocabulary/aq/pollutant/7,hour,77.8821899900,µg/m3,2018-03-22 12:00:00 +01:00,2018-03-22 13:00:00 +01:00,1,1
GB,http://environment.data.gov.uk/air-quality/so,GB_Network_1,Station_GB1024A,,GB_SamplingPoint_74174,GB_StationProcess_918,GB_SamplingFeature_918,O3,http://dd.eionet.europa.eu/vocabulary/aq/pollutant/7,hour,74.2400399900,µg/m3,2018-03-22 14:00:00 +01:00,2018-03-22 15:00:00 +01:00,1,1
GB,http://environment.data.gov.uk/air-quality/so,GB_Network_1,Station_GB1024A,,GB_SamplingPoint_74174,GB_StationProcess_918,GB_SamplingFeature_918,O3,http://dd.eionet.europa.eu/vocabulary/aq/pollutant/7,hour,83.5200499900,µg/m3,2018-03-22 15:00:00 +01:00,2018-03-22 16:00:00 +01:00,1,1
GB,http://environment.data.gov.uk/air-quality/so,GB_Network_1,Station_GB1024A,,GB_SamplingPoint_74174,GB_StationProcess_918,GB_SamplingFeature_918,O3,http://dd.eionet.europa.eu/vocabulary/aq/pollutant/7,hour,86.3639199900,µg/m3,2018-03-22 17:00:00 +01:00,2018-03-22 18:00:00 +01:00,1,1
GB,http://environment.data.gov.uk/air-quality/so,GB_Network_1,Station_GB1024A,,GB_SamplingPoint_74174,GB_StationProcess_918,GB_SamplingFeature_918,O3,http://dd.eionet.europa.eu/vocabulary/aq/pollutant/7,hour,81.0254199900,µg/m3,2018-03-22 18:00:00 +01:00,2018-03-22 19:00:00 +01:00,1,1
GB,http://environment.data.gov.uk/air-quality/so,GB_Network_1,Station_GB1024A,,GB_SamplingPoint_74174,GB_StationProcess_918,GB_SamplingFeature_918,O3,http://dd.eionet.europa.eu/vocabulary/aq/pollutant/7,hour,84.0854899900,µg/m3,2018-03-23 01:00:00 +01:00,2018-03-23 02:00:00 +01:00,1,1
GB,http://environment.data.gov.uk/air-quality/so,GB_Network_1,Station_GB1024A,,GB_SamplingPoint_74174,GB_StationProcess_918,GB_SamplingFeature_918,O3,http://dd.eionet.europa.eu/vocabulary/aq/pollutant/7,hour,60.7690699900,µg/m3,2018-03-23 09:00:00 +01:00,2018-03-23 10:00:00 +01:00,1,1
GB,http://environment.data.gov.uk/air-quality/so,GB_Network_1,Station_GB1024A,,GB_SamplingPoint_74174,GB_StationProcess_918,GB_SamplingFeature_918,O3,http://dd.eionet.europa.eu/vocabulary/aq/pollutant/7,hour,67.6542299900,µg/m3,2018-03-23 10:00:00 +01:00,2018-03-23 11:00:00 +01:00,1,1
GB,http://environment.data.gov.uk/air-quality/so,GB_Network_1,Station_GB1024A,,GB_SamplingPoint_74174,GB_StationProcess_918,GB_SamplingFeature_918,O3,http://dd.eionet.europa.eu/vocabulary/aq/pollutant/7,hour,77.2834799900,µg/m3,2018-03-23 11:00:00 +01:00,2018-03-23 12:00:00 +01:00,1,1
GB,http://environment.data.gov.uk/air-quality/so,GB_Network_1,Station_GB1024A,,GB_SamplingPoint_74174,GB_StationProcess_918,GB_SamplingFeature_918,O3,http://dd.eionet.europa.eu/vocabulary/aq/pollutant/7,hour,83.4202599900,µg/m3,2018-03-23 13:00:00 +01:00,2018-03-23 14:00:00 +01:00,1,1
GB,http://environment.data.gov.uk/air-quality/so,GB_Network_1,Station_GB1024A,,GB_SamplingPoint_74174,GB_StationProcess_918,GB_SamplingFeature_918,O3,http://dd.eionet.europa.eu/vocabulary/aq/pollutant/7,hour,83.5200499900,µg/m3,2018-03-23 17:00:00 +01:00,2018-03-23 18:00:00 +01:00,1,1
GB,http://environment.data.gov.uk/air-quality/so,GB_Network_1,Station_GB1024A,,GB_SamplingPoint_74174,GB_StationProcess_918,GB_SamplingFeature_918,O3,http://dd.eionet.europa.eu/vocabulary/aq/pollutant/7,hour,68.0034799900,µg/m3,2018-03-23 20:00:00 +01:00,2018-03-23 21:00:00 +01:00,1,1
GB,http://environment.data.gov.uk/air-quality/so,GB_Network_1,Station_GB1024A,,GB_SamplingPoint_74174,GB_StationProcess_918,GB_SamplingFeature_918,O3,http://dd.eionet.europa.eu/vocabulary/aq/pollutant/7,hour,69.7497199900,µg/m3,2018-03-23 23:00:00 +01:00,2018-03-24 00:00:00 +01:00,1,1
GB,http://environment.data.gov.uk/air-quality/so,GB_Network_1,Station_GB1024A,,GB_SamplingPoint_74174,GB_StationProcess_918,GB_SamplingFeature_918,O3,http://dd.eionet.europa.eu/vocabulary/aq/pollutant/7,hour,40.5127099900,µg/m3,2018-03-24 05:00:00 +01:00,2018-03-24 06:00:00 +01:00,1,1
GB,http://environment.data.gov.uk/air-quality/so,GB_Network_1,Station_GB1024A,,GB_SamplingPoint_74174,GB_StationProcess_918,GB_SamplingFeature_918,O3,http://dd.eionet.europa.eu/vocabulary/aq/pollutant/7,hour,38.8662599900,µg/m3,2018-03-24 06:00:00 +01:00,2018-03-24 07:00:00 +01:00,1,1
GB,http://environment.data.gov.uk/air-quality/so,GB_Network_1,Station_GB1024A,,GB_SamplingPoint_74174,GB_StationProcess_918,GB_SamplingFeature_918,O3,http://dd.eionet.europa.eu/vocabulary/aq/pollutant/7,hour,33.1286199900,µg/m3,2018-03-24 07:00:00 +01:00,2018-03-24 08:00:00 +01:00,1,1
GB,http://environment.data.gov.uk/air-quality/so,GB_Network_1,Station_GB1024A,,GB_SamplingPoint_74174,GB_StationProcess_918,GB_SamplingFeature_918,O3,http://dd.eionet.europa.eu/vocabulary/aq/pollutant/7,hour,20.1565699900,µg/m3,2018-03-24 19:00:00 +01:00,2018-03-24 20:00:00 +01:00,1,1
GB,http://environment.data.gov.uk/air-quality/so,GB_Network_1,Station_GB1024A,,GB_SamplingPoint_74174,GB_StationProcess_918,GB_SamplingFeature_918,O3,http://dd.eionet.europa.eu/vocabulary/aq/pollutant/7,hour,22.9006599900,µg/m3,2018-03-24 21:00:00 +01:00,2018-03-24 22:00:00 +01:00,1,1
GB,http://environment.data.gov.uk/air-quality/so,GB_Network_1,Station_GB1024A,,GB_SamplingPoint_74174,GB_StationProcess_918,GB_SamplingFeature_918,O3,http://dd.eionet.europa.eu/vocabulary/aq/pollutant/7,hour,15.3003699900,µg/m3,2018-03-25 02:00:00 +01:00,2018-03-25 03:00:00 +01:00,1,1
GB,http://environment.data.gov.uk/air-quality/so,GB_Network_1,Station_GB1024A,,GB_SamplingPoint_74174,GB_StationProcess_918,GB_SamplingFeature_918,O3,http://dd.eionet.europa.eu/vocabulary/aq/pollutant/7,hour,28.8378699900,µg/m3,2018-03-25 03:00:00 +01:00,2018-03-25 04:00:00 +01:00,1,1
GB,http://environment.data.gov.uk/air-quality/so,GB_Network_1,Station_GB1024A,,GB_SamplingPoint_74174,GB_StationProcess_918,GB_SamplingFeature_918,O3,http://dd.eionet.europa.eu/vocabulary/aq/pollutant/7,hour,24.1978599900,µg/m3,2018-03-25 07:00:00 +01:00,2018-03-25 08:00:00 +01:00,1,1
GB,http://environment.data.gov.uk/air-quality/so,GB_Network_1,Station_GB1024A,,GB_SamplingPoint_74174,GB_StationProcess_918,GB_SamplingFeature_918,O3,http://dd.eionet.europa.eu/vocabulary/aq/pollutant/7,hour,39.6146499900,µg/m3,2018-03-25 08:00:00 +01:00,2018-03-25 09:00:00 +01:00,1,1
GB,http://environment.data.gov.uk/air-quality/so,GB_Network_1,Station_GB1024A,,GB_SamplingPoint_74174,GB_StationProcess_918,GB_SamplingFeature_918,O3,http://dd.eionet.europa.eu/vocabulary/aq/pollutant/7,hour,47.1484099900,µg/m3,2018-03-25 11:00:00 +01:00,2018-03-25 12:00:00 +01:00,1,1
GB,http://environment.data.gov.uk/air-quality/so,GB_Network_1,Station_GB1024A,,GB_SamplingPoint_74174,GB_StationProcess_918,GB_SamplingFeature_918,O3,http://dd.eionet.europa.eu/vocabulary/aq/pollutant/7,hour,56.8275599900,µg/m3,2018-03-25 12:00:00 +01:00,2018-03-25 13:00:00 +01:00,1,1
GB,http://environment.data.gov.uk/air-quality/so,GB_Network_1,Station_GB1024A,,GB_SamplingPoint_74174,GB_StationProcess_918,GB_SamplingFeature_918,O3,http://dd.eionet.europa.eu/vocabulary/aq/pollutant/7,hour,67.6043399900,µg/m3,2018-03-25 13:00:00 +01:00,2018-03-25 14:00:00 +01:00,1,1
GB,http://environment.data.gov.uk/air-quality/so,GB_Network_1,Station_GB1024A,,GB_SamplingPoint_74174,GB_StationProcess_918,GB_SamplingFeature_918,O3,http://dd.eionet.europa.eu/vocabulary/aq/pollutant/7,hour,75.8864899900,µg/m3,2018-03-25 14:00:00 +01:00,2018-03-25 15:00:00 +01:00,1,1
GB,http://environment.data.gov.uk/air-quality/so,GB_Network_1,Station_GB1024A,,GB_SamplingPoint_74174,GB_StationProcess_918,GB_SamplingFeature_918,O3,http://dd.eionet.europa.eu/vocabulary/aq/pollutant/7,hour,75.7867099900,µg/m3,2018-03-25 15:00:00 +01:00,2018-03-25 16:00:00 +01:00,1,1
GB,http://environment.data.gov.uk/air-quality/so,GB_Network_1,Station_GB1024A,,GB_SamplingPoint_74174,GB_StationProcess_918,GB_SamplingFeature_918,O3,http://dd.eionet.europa.eu/vocabulary/aq/pollutant/7,hour,73.9905799900,µg/m3,2018-03-25 16:00:00 +01:00,2018-03-25 17:00:00 +01:00,1,1
GB,http://environment.data.gov.uk/air-quality/so,GB_Network_1,Station_GB1024A,,GB_SamplingPoint_74174,GB_StationProcess_918,GB_SamplingFeature_918,O3,http://dd.eionet.europa.eu/vocabulary/aq/pollutant/7,hour,63.5630499900,µg/m3,2018-03-25 18:00:00 +01:00,2018-03-25 19:00:00 +01:00,1,1
GB,http://environment.data.gov.uk/air-quality/so,GB_Network_1,Station_GB1024A,,GB_SamplingPoint_74174,GB_StationProcess_918,GB_SamplingFeature_918,O3,http://dd.eionet.europa.eu/vocabulary/aq/pollutant/7,hour,27.0916299900,µg/m3,2018-03-25 20:00:00 +01:00,2018-03-25 21:00:00 +01:00,1,1
GB,http://environment.data.gov.uk/air-quality/so,GB_Network_1,Station_GB1024A,,GB_SamplingPoint_74174,GB_StationProcess_918,GB_SamplingFeature_918,O3,http://dd.eionet.europa.eu/vocabulary/aq/pollutant/7,hour,1.3969899900,µg/m3,2018-03-25 22:00:00 +01:00,2018-03-25 23:00:00 +01:00,2,1
GB,http://environment.data.gov.uk/air-quality/so,GB_Network_1,Station_GB1024A,,GB_SamplingPoint_74174,GB_StationProcess_918,GB_SamplingFeature_918,O3,http://dd.eionet.europa.eu/vocabulary/aq/pollutant/7,hour,1.1475299900,µg/m3,2018-03-25 23:00:00 +01:00,2018-03-26 00:00:00 +01:00,2,1
GB,http://environment.data.gov.uk/air-quality/so,GB_Network_1,Station_GB1024A,,GB_SamplingPoint_74174,GB_StationProcess_918,GB_SamplingFeature_918,O3,http://dd.eionet.europa.eu/vocabulary/aq/pollutant/7,hour,55.0813199900,µg/m3,2018-03-26 01:00:00 +01:00,2018-03-26 02:00:00 +01:00,1,1
GB,http://environment.data.gov.uk/air-quality/so,GB_Network_1,Station_GB1024A,,GB_SamplingPoint_74174,GB_StationProcess_918,GB_SamplingFeature_918,O3,http://dd.eionet.europa.eu/vocabulary/aq/pollutant/7,hour,47.2315699900,µg/m3,2018-03-26 02:00:00 +01:00,2018-03-26 03:00:00 +01:00,1,1
GB,http://environment.data.gov.uk/air-quality/so,GB_Network_1,Station_GB1024A,,GB_SamplingPoint_74174,GB_StationProcess_918,GB_SamplingFeature_918,O3,http://dd.eionet.europa.eu/vocabulary/aq/pollutant/7,hour,46.4998099900,µg/m3,2018-03-26 03:00:00 +01:00,2018-03-26 04:00:00 +01:00,1,1
GB,http://environment.data.gov.uk/air-quality/so,GB_Network_1,Station_GB1024A,,GB_SamplingPoint_74174,GB_StationProcess_918,GB_SamplingFeature_918,O3,http://dd.eionet.europa.eu/vocabulary/aq/pollutant/7,hour,55.5303499900,µg/m3,2018-03-26 04:00:00 +01:00,2018-03-26 05:00:00 +01:00,1,1
GB,http://environment.data.gov.uk/air-quality/so,GB_Network_1,Station_GB1024A,,GB_SamplingPoint_74174,GB_StationProcess_918,GB_SamplingFeature_918,O3,http://dd.eionet.europa.eu/vocabulary/aq/pollutant/7,hour,60.7191699900,µg/m3,2018-03-26 05:00:00 +01:00,2018-03-26 06:00:00 +01:00,1,1
GB,http://environment.data.gov.uk/air-quality/so,GB_Network_1,Station_GB1024A,,GB_SamplingPoint_74174,GB_StationProcess_918,GB_SamplingFeature_918,O3,http://dd.eionet.europa.eu/vocabulary/aq/pollutant/7,hour,47.1484099900,µg/m3,2018-03-26 09:00:00 +01:00,2018-03-26 10:00:00 +01:00,1,1
GB,http://environment.data.gov.uk/air-quality/so,GB_Network_1,Station_GB1024A,,GB_SamplingPoint_74174,GB_StationProcess_918,GB_SamplingFeature_918,O3,http://dd.eionet.europa.eu/vocabulary/aq/pollutant/7,hour,71.2464899900,µg/m3,2018-03-26 10:00:00 +01:00,2018-03-26 11:00:00 +01:00,1,1
GB,http://environment.data.gov.uk/air-quality/so,GB_Network_1,Station_GB1024A,,GB_SamplingPoint_74174,GB_StationProcess_918,GB_SamplingFeature_918,O3,http://dd.eionet.europa.eu/vocabulary/aq/pollutant/7,hour,78.1316599900,µg/m3,2018-03-26 12:00:00 +01:00,2018-03-26 13:00:00 +01:00,1,1
GB,http://environment.data.gov.uk/air-quality/so,GB_Network_1,Station_GB1024A,,GB_SamplingPoint_74174,GB_StationProcess_918,GB_SamplingFeature_918,O3,http://dd.eionet.europa.eu/vocabulary/aq/pollutant/7,hour,83.2705799900,µg/m3,2018-03-26 13:00:00 +01:00,2018-03-26 14:00:00 +01:00,1,1
GB,http://environment.data.gov.uk/air-quality/so,GB_Network_1,Station_GB1024A,,GB_SamplingPoint_74174,GB_StationProcess_918,GB_SamplingFeature_918,O3,http://dd.eionet.europa.eu/vocabulary/aq/pollutant/7,hour,86.3639199900,µg/m3,2018-03-26 14:00:00 +01:00,2018-03-26 15:00:00 +01:00,1,1
GB,http://environment.data.gov.uk/air-quality/so,GB_Network_1,Station_GB1024A,,GB_SamplingPoint_74174,GB_StationProcess_918,GB_SamplingFeature_918,O3,http://dd.eionet.europa.eu/vocabulary/aq/pollutant/7,hour,88.7587599900,µg/m3,2018-03-26 17:00:00 +01:00,2018-03-26 18:00:00 +01:00,1,1
GB,http://environment.data.gov.uk/air-quality/so,GB_Network_1,Station_GB1024A,,GB_SamplingPoint_74174,GB_StationProcess_918,GB_SamplingFeature_918,O3,http://dd.eionet.europa.eu/vocabulary/aq/pollutant/7,hour,41.5105599900,µg/m3,2018-03-26 22:00:00 +01:00,2018-03-26 23:00:00 +01:00,1,1
GB,http://environment.data.gov.uk/air-quality/so,GB_Network_1,Station_GB1024A,,GB_SamplingPoint_74174,GB_StationProcess_918,GB_SamplingFeature_918,O3,http://dd.eionet.europa.eu/vocabulary/aq/pollutant/7,hour,79.5286499900,µg/m3,2018-03-27 05:00:00 +01:00,2018-03-27 06:00:00 +01:00,1,1
GB,http://environment.data.gov.uk/air-quality/so,GB_Network_1,Station_GB1024A,,GB_SamplingPoint_74174,GB_StationProcess_918,GB_SamplingFeature_918,O3,http://dd.eionet.europa.eu/vocabulary/aq/pollutant/7,hour,76.9841299900,µg/m3,2018-03-27 06:00:00 +01:00,2018-03-27 07:00:00 +01:00,1,1
GB,http://environment.data.gov.uk/air-quality/so,GB_Network_1,Station_GB1024A,,GB_SamplingPoint_74174,GB_StationProcess_918,GB_SamplingFeature_918,O3,http://dd.eionet.europa.eu/vocabulary/aq/pollutant/7,hour,36.1221699900,µg/m3,2018-03-27 08:00:00 +01:00,2018-03-27 09:00:00 +01:00,1,1
GB,http://environment.data.gov.uk/air-quality/so,GB_Network_1,Station_GB1024A,,GB_SamplingPoint_74174,GB_StationProcess_918,GB_SamplingFeature_918,O3,http://dd.eionet.europa.eu/vocabulary/aq/pollutant/7,hour,30.9832399900,µg/m3,2018-03-27 09:00:00 +01:00,2018-03-27 10:00:00 +01:00,1,1
GB,http://environment.data.gov.uk/air-quality/so,GB_Network_1,Station_GB1024A,,GB_SamplingPoint_74174,GB_StationProcess_918,GB_SamplingFeature_918,O3,http://dd.eionet.europa.eu/vocabulary/aq/pollutant/7,hour,24.7965699900,µg/m3,2018-03-27 11:00:00 +01:00,2018-03-27 12:00:00 +01:00,1,1
GB,http://environment.data.gov.uk/air-quality/so,GB_Network_1,Station_GB1024A,,GB_SamplingPoint_74174,GB_StationProcess_918,GB_SamplingFeature_918,O3,http://dd.eionet.europa.eu/vocabulary/aq/pollutant/7,hour,28.8378699900,µg/m3,2018-03-27 12:00:00 +01:00,2018-03-27 13:00:00 +01:00,1,1
GB,http://environment.data.gov.uk/air-quality/so,GB_Network_1,Station_GB1024A,,GB_SamplingPoint_74174,GB_StationProcess_918,GB_SamplingFeature_918,O3,http://dd.eionet.europa.eu/vocabulary/aq/pollutant/7,hour,55.8297099900,µg/m3,2018-03-27 15:00:00 +01:00,2018-03-27 16:00:00 +01:00,1,1
GB,http://environment.data.gov.uk/air-quality/so,GB_Network_1,Station_GB1024A,,GB_SamplingPoint_74174,GB_StationProcess_918,GB_SamplingFeature_918,O3,http://dd.eionet.europa.eu/vocabulary/aq/pollutant/7,hour,56.2787399900,µg/m3,2018-03-27 17:00:00 +01:00,2018-03-27 18:00:00 +01:00,1,1
GB,http://environment.data.gov.uk/air-quality/so,GB_Network_1,Station_GB1024A,,GB_SamplingPoint_74174,GB_StationProcess_918,GB_SamplingFeature_918,O3,http://dd.eionet.europa.eu/vocabulary/aq/pollutant/7,hour,72.7432699900,µg/m3,2018-03-27 19:00:00 +01:00,2018-03-27 20:00:00 +01:00,1,1
GB,http://environment.data.gov.uk/air-quality/so,GB_Network_1,Station_GB1024A,,GB_SamplingPoint_74174,GB_StationProcess_918,GB_SamplingFeature_918,O3,http://dd.eionet.europa.eu/vocabulary/aq/pollutant/7,hour,73.8907899900,µg/m3,2018-03-27 20:00:00 +01:00,2018-03-27 21:00:00 +01:00,1,1
GB,http://environment.data.gov.uk/air-quality/so,GB_Network_1,Station_GB1024A,,GB_SamplingPoint_74174,GB_StationProcess_918,GB_SamplingFeature_918,O3,http://dd.eionet.europa.eu/vocabulary/aq/pollutant/7,hour,60.0705699900,µg/m3,2018-03-27 23:00:00 +01:00,2018-03-28 00:00:00 +01:00,1,1
GB,http://environment.data.gov.uk/air-quality/so,GB_Network_1,Station_GB1024A,,GB_SamplingPoint_74174,GB_StationProcess_918,GB_SamplingFeature_918,O3,http://dd.eionet.europa.eu/vocabulary/aq/pollutant/7,hour,48.3458299900,µg/m3,2018-03-28 00:00:00 +01:00,2018-03-28 01:00:00 +01:00,1,1
GB,http://environment.data.gov.uk/air-quality/so,GB_Network_1,Station_GB1024A,,GB_SamplingPoint_74174,GB_StationProcess_918,GB_SamplingFeature_918,O3,http://dd.eionet.europa.eu/vocabulary/aq/pollutant/7,hour,56.5281999900,µg/m3,2018-03-28 03:00:00 +01:00,2018-03-28 04:00:00 +01:00,1,1
GB,http://environment.data.gov.uk/air-quality/so,GB_Network_1,Station_GB1024A,,GB_SamplingPoint_74174,GB_StationProcess_918,GB_SamplingFeature_918,O3,http://dd.eionet.europa.eu/vocabulary/aq/pollutant/7,hour,53.3849799900,µg/m3,2018-03-28 04:00:00 +01:00,2018-03-28 05:00:00 +01:00,1,1
GB,http://environment.data.gov.uk/air-quality/so,GB_Network_1,Station_GB1024A,,GB_SamplingPoint_74174,GB_StationProcess_918,GB_SamplingFeature_918,O3,http://dd.eionet.europa.eu/vocabulary/aq/pollutant/7,hour,60.7690699900,µg/m3,2018-03-28 09:00:00 +01:00,2018-03-28 10:00:00 +01:00,1,1
GB,http://environment.data.gov.uk/air-quality/so,GB_Network_1,Station_GB1024A,,GB_SamplingPoint_74174,GB_StationProcess_918,GB_SamplingFeature_918,O3,http://dd.eionet.europa.eu/vocabulary/aq/pollutant/7,hour,69.3505799900,µg/m3,2018-03-28 13:00:00 +01:00,2018-03-28 14:00:00 +01:00,1,1
GB,http://environment.data.gov.uk/air-quality/so,GB_Network_1,Station_GB1024A,,GB_SamplingPoint_74174,GB_StationProcess_918,GB_SamplingFeature_918,O3,http://dd.eionet.europa.eu/vocabulary/aq/pollutant/7,hour,68.2529399900,µg/m3,2018-03-28 16:00:00 +01:00,2018-03-28 17:00:00 +01:00,1,1
GB,http://environment.data.gov.uk/air-quality/so,GB_Network_1,Station_GB1024A,,GB_SamplingPoint_74174,GB_StationProcess_918,GB_SamplingFeature_918,O3,http://dd.eionet.europa.eu/vocabulary/aq/pollutant/7,hour,7.9329099900,µg/m3,2018-03-29 00:00:00 +01:00,2018-03-29 01:00:00 +01:00,1,1
GB,http://environment.data.gov.uk/air-quality/so,GB_Network_1,Station_GB1024A,,GB_SamplingPoint_74174,GB_StationProcess_918,GB_SamplingFeature_918,O3,http://dd.eionet.europa.eu/vocabulary/aq/pollutant/7,hour,36.8539299900,µg/m3,2018-03-29 02:00:00 +01:00,2018-03-29 03:00:00 +01:00,1,1
GB,http://environment.data.gov.uk/air-quality/so,GB_Network_1,Station_GB1024A,,GB_SamplingPoint_74174,GB_StationProcess_918,GB_SamplingFeature_918,O3,http://dd.eionet.europa.eu/vocabulary/aq/pollutant/7,hour,37.8684099900,µg/m3,2018-03-29 04:00:00 +01:00,2018-03-29 05:00:00 +01:00,1,1
GB,http://environment.data.gov.uk/air-quality/so,GB_Network_1,Station_GB1024A,,GB_SamplingPoint_74174,GB_StationProcess_918,GB_SamplingFeature_918,O3,http://dd.eionet.europa.eu/vocabulary/aq/pollutant/7,hour,73.8907899900,µg/m3,2018-03-29 11:00:00 +01:00,2018-03-29 12:00:00 +01:00,1,1
GB,http://environment.data.gov.uk/air-quality/so,GB_Network_1,Station_GB1024A,,GB_SamplingPoint_74174,GB_StationProcess_918,GB_SamplingFeature_918,O3,http://dd.eionet.europa.eu/vocabulary/aq/pollutant/7,hour,69.4004699900,µg/m3,2018-03-29 14:00:00 +01:00,2018-03-29 15:00:00 +01:00,1,1
GB,http://environment.data.gov.uk/air-quality/so,GB_Network_1,Station_GB1024A,,GB_SamplingPoint_74174,GB_StationProcess_918,GB_SamplingFeature_918,O3,http://dd.eionet.europa.eu/vocabulary/aq/pollutant/7,hour,61.8168099900,µg/m3,2018-03-29 16:00:00 +01:00,2018-03-29 17:00:00 +01:00,1,1
GB,http://environment.data.gov.uk/air-quality/so,GB_Network_1,Station_GB1024A,,GB_SamplingPoint_74174,GB_StationProcess_918,GB_SamplingFeature_918,O3,http://dd.eionet.europa.eu/vocabulary/aq/pollutant/7,hour,47.8967999900,µg/m3,2018-03-29 18:00:00 +01:00,2018-03-29 19:00:00 +01:00,1,1
GB,http://environment.data.gov.uk/air-quality/so,GB_Network_1,Station_GB1024A,,GB_SamplingPoint_74174,GB_StationProcess_918,GB_SamplingFeature_918,O3,http://dd.eionet.europa.eu/vocabulary/aq/pollutant/7,hour,55.1811099900,µg/m3,2018-03-29 20:00:00 +01:00,2018-03-29 21:00:00 +01:00,1,1
GB,http://environment.data.gov.uk/air-quality/so,GB_Network_1,Station_GB1024A,,GB_SamplingPoint_74174,GB_StationProcess_918,GB_SamplingFeature_918,O3,http://dd.eionet.europa.eu/vocabulary/aq/pollutant/7,hour,55.5303499900,µg/m3,2018-03-29 21:00:00 +01:00,2018-03-29 22:00:00 +01:00,1,1
GB,http://environment.data.gov.uk/air-quality/so,GB_Network_1,Station_GB1024A,,GB_SamplingPoint_74174,GB_StationProcess_918,GB_SamplingFeature_918,O3,http://dd.eionet.europa.eu/vocabulary/aq/pollutant/7,hour,50.8903499900,µg/m3,2018-03-29 23:00:00 +01:00,2018-03-30 00:00:00 +01:00,1,1
GB,http://environment.data.gov.uk/air-quality/so,GB_Network_1,Station_GB1024A,,GB_SamplingPoint_74174,GB_StationProcess_918,GB_SamplingFeature_918,O3,http://dd.eionet.europa.eu/vocabulary/aq/pollutant/7,hour,61.8001799900,µg/m3,2018-03-30 01:00:00 +01:00,2018-03-30 02:00:00 +01:00,1,1
GB,http://environment.data.gov.uk/air-quality/so,GB_Network_1,Station_GB1024A,,GB_SamplingPoint_74174,GB_StationProcess_918,GB_SamplingFeature_918,O3,http://dd.eionet.europa.eu/vocabulary/aq/pollutant/7,hour,12.9720499900,µg/m3,2018-03-30 06:00:00 +01:00,2018-03-30 07:00:00 +01:00,1,1
GB,http://environment.data.gov.uk/air-quality/so,GB_Network_1,Station_GB1024A,,GB_SamplingPoint_74174,GB_StationProcess_918,GB_SamplingFeature_918,O3,http://dd.eionet.europa.eu/vocabulary/aq/pollutant/7,hour,6.8851699900,µg/m3,2018-03-30 07:00:00 +01:00,2018-03-30 08:00:00 +01:00,1,1
GB,http://environment.data.gov.uk/air-quality/so,GB_Network_1,Station_GB1024A,,GB_SamplingPoint_74174,GB_StationProcess_918,GB_SamplingFeature_918,O3,http://dd.eionet.europa.eu/vocabulary/aq/pollutant/7,hour,18.1608699900,µg/m3,2018-03-30 08:00:00 +01:00,2018-03-30 09:00:00 +01:00,1,1
GB,http://environment.data.gov.uk/air-quality/so,GB_Network_1,Station_GB1024A,,GB_SamplingPoint_74174,GB_StationProcess_918,GB_SamplingFeature_918,O3,http://dd.eionet.europa.eu/vocabulary/aq/pollutant/7,hour,58.5737999900,µg/m3,2018-03-30 11:00:00 +01:00,2018-03-30 12:00:00 +01:00,1,1
GB,http://environment.data.gov.uk/air-quality/so,GB_Network_1,Station_GB1024A,,GB_SamplingPoint_74174,GB_StationProcess_918,GB_SamplingFeature_918,O3,http://dd.eionet.europa.eu/vocabulary/aq/pollutant/7,hour,60.0206799900,µg/m3,2018-03-30 15:00:00 +01:00,2018-03-30 16:00:00 +01:00,1,1
GB,http://environment.data.gov.uk/air-quality/so,GB_Network_1,Station_GB1024A,,GB_SamplingPoint_74174,GB_StationProcess_918,GB_SamplingFeature_918,O3,http://dd.eionet.europa.eu/vocabulary/aq/pollutant/7,hour,33.6275499900,µg/m3,2018-03-30 18:00:00 +01:00,2018-03-30 19:00:00 +01:00,1,1
GB,http://environment.data.gov.uk/air-quality/so,GB_Network_1,Station_GB1024A,,GB_SamplingPoint_74174,GB_StationProcess_918,GB_SamplingFeature_918,O3,http://dd.eionet.europa.eu/vocabulary/aq/pollutant/7,hour,16.1152799900,µg/m3,2018-03-30 19:00:00 +01:00,2018-03-30 20:00:00 +01:00,1,1
GB,http://environment.data.gov.uk/air-quality/so,GB_Network_1,Station_GB1024A,,GB_SamplingPoint_74174,GB_StationProcess_918,GB_SamplingFeature_918,O3,http://dd.eionet.europa.eu/vocabulary/aq/pollutant/7,hour,37.5191599900,µg/m3,2018-03-30 20:00:00 +01:00,2018-03-30 21:00:00 +01:00,1,1
GB,http://environment.data.gov.uk/air-quality/so,GB_Network_1,Station_GB1024A,,GB_SamplingPoint_74174,GB_StationProcess_918,GB_SamplingFeature_918,O3,http://dd.eionet.europa.eu/vocabulary/aq/pollutant/7,hour,60.2701399900,µg/m3,2018-03-30 21:00:00 +01:00,2018-03-30 22:00:00 +01:00,1,1
GB,http://environment.data.gov.uk/air-quality/so,GB_Network_1,Station_GB1024A,,GB_SamplingPoint_74174,GB_StationProcess_918,GB_SamplingFeature_918,O3,http://dd.eionet.europa.eu/vocabulary/aq/pollutant/7,hour,55.2808899900,µg/m3,2018-03-31 01:00:00 +01:00,2018-03-31 02:00:00 +01:00,1,1
GB,http://environment.data.gov.uk/air-quality/so,GB_Network_1,Station_GB1024A,,GB_SamplingPoint_74174,GB_StationProcess_918,GB_SamplingFeature_918,O3,http://dd.eionet.europa.eu/vocabulary/aq/pollutant/7,hour,38.5170099900,µg/m3,2018-03-31 11:00:00 +01:00,2018-03-31 12:00:00 +01:00,1,1
GB,http://environment.data.gov.uk/air-quality/so,GB_Network_1,Station_GB1024A,,GB_SamplingPoint_74174,GB_StationProcess_918,GB_SamplingFeature_918,O3,http://dd.eionet.europa.eu/vocabulary/aq/pollutant/7,hour,34.3260399900,µg/m3,2018-03-31 12:00:00 +01:00,2018-03-31 13:00:00 +01:00,1,1
GB,http://environment.data.gov.uk/air-quality/so,GB_Network_1,Station_GB1024A,,GB_SamplingPoint_74174,GB_StationProcess_918,GB_SamplingFeature_918,O3,http://dd.eionet.europa.eu/vocabulary/aq/pollutant/7,hour,43.0073399900,µg/m3,2018-03-31 14:00:00 +01:00,2018-03-31 15:00:00 +01:00,1,1
GB,http://environment.data.gov.uk/air-quality/so,GB_Network_1,Station_GB1024A,,GB_SamplingPoint_74174,GB_StationProcess_918,GB_SamplingFeature_918,O3,http://dd.eionet.europa.eu/vocabulary/aq/pollutant/7,hour,61.5673499900,µg/m3,2018-03-31 19:00:00 +01:00,2018-03-31 20:00:00 +01:00,1,1
GB,http://environment.data.gov.uk/air-quality/so,GB_Network_1,Station_GB1024A,,GB_SamplingPoint_74174,GB_StationProcess_918,GB_SamplingFeature_918,O3,http://dd.eionet.europa.eu/vocabulary/aq/pollutant/7,hour,53.3849799900,µg/m3,2018-03-31 21:00:00 +01:00,2018-03-31 22:00:00 +01:00,1,1
GB,http://environment.data.gov.uk/air-quality/so,GB_Network_1,Station_GB1024A,,GB_SamplingPoint_74174,GB_StationProcess_918,GB_SamplingFeature_918,O3,http://dd.eionet.europa.eu/vocabulary/aq/pollutant/7,hour,58.3742299900,µg/m3,2018-03-31 23:00:00 +01:00,2018-04-01 00:00:00 +01:00,1,1
GB,http://environment.data.gov.uk/air-quality/so,GB_Network_1,Station_GB1024A,,GB_SamplingPoint_74174,GB_StationProcess_918,GB_SamplingFeature_918,O3,http://dd.eionet.europa.eu/vocabulary/aq/pollutant/7,hour,59.5383799900,µg/m3,2018-04-01 01:00:00 +01:00,2018-04-01 02:00:00 +01:00,1,1
GB,http://environment.data.gov.uk/air-quality/so,GB_Network_1,Station_GB1024A,,GB_SamplingPoint_74174,GB_StationProcess_918,GB_SamplingFeature_918,O3,http://dd.eionet.europa.eu/vocabulary/aq/pollutant/7,hour,61.8001799900,µg/m3,2018-04-01 02:00:00 +01:00,2018-04-01 03:00:00 +01:00,1,1
GB,http://environment.data.gov.uk/air-quality/so,GB_Network_1,Station_GB1024A,,GB_SamplingPoint_74174,GB_StationProcess_918,GB_SamplingFeature_918,O3,http://dd.eionet.europa.eu/vocabulary/aq/pollutant/7,hour,60.7690699900,µg/m3,2018-04-01 03:00:00 +01:00,2018-04-01 04:00:00 +01:00,1,1
GB,http://environment.data.gov.uk/air-quality/so,GB_Network_1,Station_GB1024A,,GB_SamplingPoint_74174,GB_StationProcess_918,GB_SamplingFeature_918,O3,http://dd.eionet.europa.eu/vocabulary/aq/pollutant/7,hour,60.0705699900,µg/m3,2018-04-01 04:00:00 +01:00,2018-04-01 05:00:00 +01:00,1,1
GB,http://environment.data.gov.uk/air-quality/so,GB_Network_1,Station_GB1024A,,GB_SamplingPoint_74174,GB_StationProcess_918,GB_SamplingFeature_918,O3,http://dd.eionet.europa.eu/vocabulary/aq/pollutant/7,hour,60.3699299900,µg/m3,2018-04-01 09:00:00 +01:00,2018-04-01 10:00:00 +01:00,1,1
GB,http://environment.data.gov.uk/air-quality/so,GB_Network_1,Station_GB1024A,,GB_SamplingPoint_74174,GB_StationProcess_918,GB_SamplingFeature_918,O3,http://dd.eionet.europa.eu/vocabulary/aq/pollutant/7,hour,64.6606799900,µg/m3,2018-04-01 11:00:00 +01:00,2018-04-01 12:00:00 +01:00,1,1
GB,http://environment.data.gov.uk/air-quality/so,GB_Network_1,Station_GB1024A,,GB_SamplingPoint_74174,GB_StationProcess_918,GB_SamplingFeature_918,O3,http://dd.eionet.europa.eu/vocabulary/aq/pollutant/7,hour,66.5066999900,µg/m3,2018-04-01 12:00:00 +01:00,2018-04-01 13:00:00 +01:00,1,1
GB,http://environment.data.gov.uk/air-quality/so,GB_Network_1,Station_GB1024A,,GB_SamplingPoint_74174,GB_StationProcess_918,GB_SamplingFeature_918,O3,http://dd.eionet.europa.eu/vocabulary/aq/pollutant/7,hour,63.4632599900,µg/m3,2018-04-01 15:00:00 +01:00,2018-04-01 16:00:00 +01:00,1,1
GB,http://environment.data.gov.uk/air-quality/so,GB_Network_1,Station_GB1024A,,GB_SamplingPoint_74174,GB_StationProcess_918,GB_SamplingFeature_918,O3,http://dd.eionet.europa.eu/vocabulary/aq/pollutant/7,hour,56.1789599900,µg/m3,2018-04-01 16:00:00 +01:00,2018-04-01 17:00:00 +01:00,1,1
GB,http://environment.data.gov.uk/air-quality/so,GB_Network_1,Station_GB1024A,,GB_SamplingPoint_74174,GB_StationProcess_918,GB_SamplingFeature_918,O3,http://dd.eionet.europa.eu/vocabulary/aq/pollutant/7,hour,49.6430399900,µg/m3,2018-04-01 17:00:00 +01:00,2018-04-01 18:00:00 +01:00,1,1
GB,http://environment.data.gov.uk/air-quality/so,GB_Network_1,Station_GB1024A,,GB_SamplingPoint_74174,GB_StationProcess_918,GB_SamplingFeature_918,O3,http://dd.eionet.europa.eu/vocabulary/aq/pollutant/7,hour,24.7965699900,µg/m3,2018-04-01 19:00:00 +01:00,2018-04-01 20:00:00 +01:00,1,1
GB,http://environment.data.gov.uk/air-quality/so,GB_Network_1,Station_GB1024A,,GB_SamplingPoint_74174,GB_StationProcess_918,GB_SamplingFeature_918,O3,http://dd.eionet.europa.eu/vocabulary/aq/pollutant/7,hour,20.4559299900,µg/m3,2018-04-01 20:00:00 +01:00,2018-04-01 21:00:00 +01:00,1,1
GB,http://environment.data.gov.uk/air-quality/so,GB_Network_1,Station_GB1024A,,GB_SamplingPoint_74174,GB_StationProcess_918,GB_SamplingFeature_918,O3,http://dd.eionet.europa.eu/vocabulary/aq/pollutant/7,hour,37.5191599900,µg/m3,2018-04-01 22:00:00 +01:00,2018-04-01 23:00:00 +01:00,1,1
GB,http://environment.data.gov.uk/air-quality/so,GB_Network_1,Station_GB1024A,,GB_SamplingPoint_74174,GB_StationProcess_918,GB_SamplingFeature_918,O3,http://dd.eionet.europa.eu/vocabulary/aq/pollutant/7,hour,71.1467099900,µg/m3,2018-04-01 23:00:00 +01:00,2018-04-02 00:00:00 +01:00,1,1
GB,http://environment.data.gov.uk/air-quality/so,GB_Network_1,Station_GB1024A,,GB_SamplingPoint_74174,GB_StationProcess_918,GB_SamplingFeature_918,O3,http://dd.eionet.europa.eu/vocabulary/aq/pollutant/7,hour,64.6107899900,µg/m3,2018-04-02 00:00:00 +01:00,2018-04-02 01:00:00 +01:00,1,1
GB,http://environment.data.gov.uk/air-quality/so,GB_Network_1,Station_GB1024A,,GB_SamplingPoint_74174,GB_StationProcess_918,GB_SamplingFeature_918,O3,http://dd.eionet.europa.eu/vocabulary/aq/pollutant/7,hour,57.6092099900,µg/m3,2018-04-02 01:00:00 +01:00,2018-04-02 02:00:00 +01:00,1,1
GB,http://environment.data.gov.uk/air-quality/so,GB_Network_1,Station_GB1024A,,GB_SamplingPoint_74174,GB_StationProcess_918,GB_SamplingFeature_918,O3,http://dd.eionet.europa.eu/vocabulary/aq/pollutant/7,hour,55.3307799900,µg/m3,2018-04-02 04:00:00 +01:00,2018-04-02 05:00:00 +01:00,1,1
GB,http://environment.data.gov.uk/air-quality/so,GB_Network_1,Station_GB1024A,,GB_SamplingPoint_74174,GB_StationProcess_918,GB_SamplingFeature_918,O3,http://dd.eionet.europa.eu/vocabulary/aq/pollutant/7,hour,60.5195999900,µg/m3,2018-04-02 06:00:00 +01:00,2018-04-02 07:00:00 +01:00,1,1
GB,http://environment.data.gov.uk/air-quality/so,GB_Network_1,Station_GB1024A,,GB_SamplingPoint_74174,GB_StationProcess_918,GB_SamplingFeature_918,O3,http://dd.eionet.europa.eu/vocabulary/aq/pollutant/7,hour,49.9922899900,µg/m3,2018-04-02 08:00:00 +01:00,2018-04-02 09:00:00 +01:00,1,1
GB,http://environment.data.gov.uk/air-quality/so,GB_Network_1,Station_GB1024A,,GB_SamplingPoint_74174,GB_StationProcess_918,GB_SamplingFeature_918,O3,http://dd.eionet.europa.eu/vocabulary/aq/pollutant/7,hour,47.8967999900,µg/m3,2018-04-02 09:00:00 +01:00,2018-04-02 10:00:00 +01:00,1,1
GB,http://environment.data.gov.uk/air-quality/so,GB_Network_1,Station_GB1024A,,GB_SamplingPoint_74174,GB_StationProcess_918,GB_SamplingFeature_918,O3,http://dd.eionet.europa.eu/vocabulary/aq/pollutant/7,hour,50.3415299900,µg/m3,2018-04-02 10:00:00 +01:00,2018-04-02 11:00:00 +01:00,1,1
GB,http://environment.data.gov.uk/air-quality/so,GB_Network_1,Station_GB1024A,,GB_SamplingPoint_74174,GB_StationProcess_918,GB_SamplingFeature_918,O3,http://dd.eionet.europa.eu/vocabulary/aq/pollutant/7,hour,54.8318599900,µg/m3,2018-04-02 11:00:00 +01:00,2018-04-02 12:00:00 +01:00,1,1
GB,http://environment.data.gov.uk/air-quality/so,GB_Network_1,Station_GB1024A,,GB_SamplingPoint_74174,GB_StationProcess_918,GB_SamplingFeature_918,O3,http://dd.eionet.europa.eu/vocabulary/aq/pollutant/7,hour,51.4391699900,µg/m3,2018-04-02 12:00:00 +01:00,2018-04-02 13:00:00 +01:00,1,1
GB,http://environment.data.gov.uk/air-quality/so,GB_Network_1,Station_GB1024A,,GB_SamplingPoint_74174,GB_StationProcess_918,GB_SamplingFeature_918,O3,http://dd.eionet.europa.eu/vocabulary/aq/pollutant/7,hour,47.1484099900,µg/m3,2018-04-02 14:00:00 +01:00,2018-04-02 15:00:00 +01:00,1,1
GB,http://environment.data.gov.uk/air-quality/so,GB_Network_1,Station_GB1024A,,GB_SamplingPoint_74174,GB_StationProcess_918,GB_SamplingFeature_918,O3,http://dd.eionet.europa.eu/vocabulary/aq/pollutant/7,hour,41.8099199900,µg/m3,2018-04-02 15:00:00 +01:00,2018-04-02 16:00:00 +01:00,1,1
GB,http://environment.data.gov.uk/air-quality/so,GB_Network_1,Station_GB1024A,,GB_SamplingPoint_74174,GB_StationProcess_918,GB_SamplingFeature_918,O3,http://dd.eionet.europa.eu/vocabulary/aq/pollutant/7,hour,40.7621699900,µg/m3,2018-04-02 18:00:00 +01:00,2018-04-02 19:00:00 +01:00,1,1
GB,http://environment.data.gov.uk/air-quality/so,GB_Network_1,Station_GB1024A,,GB_SamplingPoint_74174,GB_StationProcess_918,GB_SamplingFeature_918,O3,http://dd.eionet.europa.eu/vocabulary/aq/pollutant/7,hour,59.6049099900,µg/m3,2018-04-03 01:00:00 +01:00,2018-04-03 02:00:00 +01:00,1,1
GB,http://environment.data.gov.uk/air-quality/so,GB_Network_1,Station_GB1024A,,GB_SamplingPoint_74174,GB_StationProcess_918,GB_SamplingFeature_918,O3,http://dd.eionet.europa.eu/vocabulary/aq/pollutant/7,hour,62.9144399900,µg/m3,2018-04-03 03:00:00 +01:00,2018-04-03 04:00:00 +01:00,1,1
GB,http://environment.data.gov.uk/air-quality/so,GB_Network_1,Station_GB1024A,,GB_SamplingPoint_74174,GB_StationProcess_918,GB_SamplingFeature_918,O3,http://dd.eionet.europa.eu/vocabulary/aq/pollutant/7,hour,62.0163799900,µg/m3,2018-04-03 04:00:00 +01:00,2018-04-03 05:00:00 +01:00,1,1
GB,http://environment.data.gov.uk/air-quality/so,GB_Network_1,Station_GB1024A,,GB_SamplingPoint_74174,GB_StationProcess_918,GB_SamplingFeature_918,O3,http://dd.eionet.europa.eu/vocabulary/aq/pollutant/7,hour,60.0705699900,µg/m3,2018-04-03 06:00:00 +01:00,2018-04-03 07:00:00 +01:00,1,1
GB,http://environment.data.gov.uk/air-quality/so,GB_Network_1,Station_GB1024A,,GB_SamplingPoint_74174,GB_StationProcess_918,GB_SamplingFeature_918,O3,http://dd.eionet.europa.eu/vocabulary/aq/pollutant/7,hour,47.9965899900,µg/m3,2018-04-03 09:00:00 +01:00,2018-04-03 10:00:00 +01:00,1,1
GB,http://environment.data.gov.uk/air-quality/so,GB_Network_1,Station_GB1024A,,GB_SamplingPoint_74174,GB_StationProcess_918,GB_SamplingFeature_918,O3,http://dd.eionet.europa.eu/vocabulary/aq/pollutant/7,hour,58.2744399900,µg/m3,2018-04-03 11:00:00 +01:00,2018-04-03 12:00:00 +01:00,1,1
GB,http://environment.data.gov.uk/air-quality/so,GB_Network_1,Station_GB1024A,,GB_SamplingPoint_74174,GB_StationProcess_918,GB_SamplingFeature_918,O3,http://dd.eionet.europa.eu/vocabulary/aq/pollutant/7,hour,59.2722899900,µg/m3,2018-04-03 12:00:00 +01:00,2018-04-03 13:00:00 +01:00,1,1
GB,http://environment.data.gov.uk/air-quality/so,GB_Network_1,Station_GB1024A,,GB_SamplingPoint_74174,GB_StationProcess_918,GB_SamplingFeature_918,O3,http://dd.eionet.europa.eu/vocabulary/aq/pollutant/7,hour,77.9819799900,µg/m3,2018-04-03 14:00:00 +01:00,2018-04-03 15:00:00 +01:00,1,1
GB,http://environment.data.gov.uk/air-quality/so,GB_Network_1,Station_GB1024A,,GB_SamplingPoint_74174,GB_StationProcess_918,GB_SamplingFeature_918,O3,http://dd.eionet.europa.eu/vocabulary/aq/pollutant/7,hour,88.2598299900,µg/m3,2018-04-03 16:00:00 +01:00,2018-04-03 17:00:00 +01:00,1,1
GB,http://environment.data.gov.uk/air-quality/so,GB_Network_1,Station_GB1024A,,GB_SamplingPoint_74174,GB_StationProcess_918,GB_SamplingFeature_918,O3,http://dd.eionet.europa.eu/vocabulary/aq/pollutant/7,hour,87.6611199900,µg/m3,2018-04-03 17:00:00 +01:00,2018-04-03 18:00:00 +01:00,1,1
GB,http://environment.data.gov.uk/air-quality/so,GB_Network_1,Station_GB1024A,,GB_SamplingPoint_74174,GB_StationProcess_918,GB_SamplingFeature_918,O3,http://dd.eionet.europa.eu/vocabulary/aq/pollutant/7,hour,82.1230599900,µg/m3,2018-04-03 18:00:00 +01:00,2018-04-03 19:00:00 +01:00,1,1
GB,http://environment.data.gov.uk/air-quality/so,GB_Network_1,Station_GB1024A,,GB_SamplingPoint_74174,GB_StationProcess_918,GB_SamplingFeature_918,O3,http://dd.eionet.europa.eu/vocabulary/aq/pollutant/7,hour,81.6740199900,µg/m3,2018-04-03 19:00:00 +01:00,2018-04-03 20:00:00 +01:00,1,1
GB,http://environment.data.gov.uk/air-quality/so,GB_Network_1,Station_GB1024A,,GB_SamplingPoint_74174,GB_StationProcess_918,GB_SamplingFeature_918,O3,http://dd.eionet.europa.eu/vocabulary/aq/pollutant/7,hour,75.7867099900,µg/m3,2018-04-03 21:00:00 +01:00,2018-04-03 22:00:00 +01:00,1,1
GB,http://environment.data.gov.uk/air-quality/so,GB_Network_1,Station_GB1024A,,GB_SamplingPoint_74174,GB_StationProcess_918,GB_SamplingFeature_918,O3,http://dd.eionet.europa.eu/vocabulary/aq/pollutant/7,hour,56.6113599900,µg/m3,2018-04-04 01:00:00 +01:00,2018-04-04 02:00:00 +01:00,1,1
GB,http://environment.data.gov.uk/air-quality/so,GB_Network_1,Station_GB1024A,,GB_SamplingPoint_74174,GB_StationProcess_918,GB_SamplingFeature_918,O3,http://dd.eionet.europa.eu/vocabulary/aq/pollutant/7,hour,53.3517099900,µg/m3,2018-04-04 02:00:00 +01:00,2018-04-04 03:00:00 +01:00,1,1
GB,http://environment.data.gov.uk/air-quality/so,GB_Network_1,Station_GB1024A,,GB_SamplingPoint_74174,GB_StationProcess_918,GB_SamplingFeature_918,O3,http://dd.eionet.europa.eu/vocabulary/aq/pollutant/7,hour,71.4959499900,µg/m3,2018-04-04 05:00:00 +01:00,2018-04-04 06:00:00 +01:00,1,1
GB,http://environment.data.gov.uk/air-quality/so,GB_Network_1,Station_GB1024A,,GB_SamplingPoint_74174,GB_StationProcess_918,GB_SamplingFeature_918,O3,http://dd.eionet.europa.eu/vocabulary/aq/pollutant/7,hour,55.3806799900,µg/m3,2018-04-04 06:00:00 +01:00,2018-04-04 07:00:00 +01:00,1,1
GB,http://environment.data.gov.uk/air-quality/so,GB_Network_1,Station_GB1024A,,GB_SamplingPoint_74174,GB_StationProcess_918,GB_SamplingFeature_918,O3,http://dd.eionet.europa.eu/vocabulary/aq/pollutant/7,hour,52.3372299900,µg/m3,2018-04-04 08:00:00 +01:00,2018-04-04 09:00:00 +01:00,1,1
GB,http://environment.data.gov.uk/air-quality/so,GB_Network_1,Station_GB1024A,,GB_SamplingPoint_74174,GB_StationProcess_918,GB_SamplingFeature_918,O3,http://dd.eionet.europa.eu/vocabulary/aq/pollutant/7,hour,77.1338099900,µg/m3,2018-04-04 12:00:00 +01:00,2018-04-04 13:00:00 +01:00,1,1
GB,http://environment.data.gov.uk/air-quality/so,GB_Network_1,Station_GB1024A,,GB_SamplingPoint_74174,GB_StationProcess_918,GB_SamplingFeature_918,O3,http://dd.eionet.europa.eu/vocabulary/aq/pollutant/7,hour,80.8757399900,µg/m3,2018-04-04 13:00:00 +01:00,2018-04-04 14:00:00 +01:00,1,1
GB,http://environment.data.gov.uk/air-quality/so,GB_Network_1,Station_GB1024A,,GB_SamplingPoint_74174,GB_StationProcess_918,GB_SamplingFeature_918,O3,http://dd.eionet.europa.eu/vocabulary/aq/pollutant/7,hour,83.7695099900,µg/m3,2018-04-04 14:00:00 +01:00,2018-04-04 15:00:00 +01:00,1,1
GB,http://environment.data.gov.uk/air-quality/so,GB_Network_1,Station_GB1024A,,GB_SamplingPoint_74174,GB_StationProcess_918,GB_SamplingFeature_918,O3,http://dd.eionet.europa.eu/vocabulary/aq/pollutant/7,hour,81.7738099900,µg/m3,2018-04-04 15:00:00 +01:00,2018-04-04 16:00:00 +01:00,1,1
GB,http://environment.data.gov.uk/air-quality/so,GB_Network_1,Station_GB1024A,,GB_SamplingPoint_74174,GB_StationProcess_918,GB_SamplingFeature_918,O3,http://dd.eionet.europa.eu/vocabulary/aq/pollutant/7,hour,87.4116599900,µg/m3,2018-04-04 17:00:00 +01:00,2018-04-04 18:00:00 +01:00,1,1
GB,http://environment.data.gov.uk/air-quality/so,GB_Network_1,Station_GB1024A,,GB_SamplingPoint_74174,GB_StationProcess_918,GB_SamplingFeature_918,O3,http://dd.eionet.europa.eu/vocabulary/aq/pollutant/7,hour,69.8993899900,µg/m3,2018-04-04 20:00:00 +01:00,2018-04-04 21:00:00 +01:00,1,1
GB,http://environment.data.gov.uk/air-quality/so,GB_Network_1,Station_GB1024A,,GB_SamplingPoint_74174,GB_StationProcess_918,GB_SamplingFeature_918,O3,http://dd.eionet.europa.eu/vocabulary/aq/pollutant/7,hour,76.3854199900,µg/m3,2018-04-04 23:00:00 +01:00,2018-04-05 00:00:00 +01:00,1,1
GB,http://environment.data.gov.uk/air-quality/so,GB_Network_1,Station_GB1024A,,GB_SamplingPoint_74174,GB_StationProcess_918,GB_SamplingFeature_918,O3,http://dd.eionet.europa.eu/vocabulary/aq/pollutant/7,hour,76.8843399900,µg/m3,2018-04-05 00:00:00 +01:00,2018-04-05 01:00:00 +01:00,1,1
GB,http://environment.data.gov.uk/air-quality/so,GB_Network_1,Station_GB1024A,,GB_SamplingPoint_74174,GB_StationProcess_918,GB_SamplingFeature_918,O3,http://dd.eionet.europa.eu/vocabulary/aq/pollutant/7,hour,77.4996799900,µg/m3,2018-04-05 01:00:00 +01:00,2018-04-05 02:00:00 +01:00,1,1
GB,http://environment.data.gov.uk/air-quality/so,GB_Network_1,Station_GB1024A,,GB_SamplingPoint_74174,GB_StationProcess_918,GB_SamplingFeature_918,O3,http://dd.eionet.europa.eu/vocabulary/aq/pollutant/7,hour,83.4202599900,µg/m3,2018-04-05 02:00:00 +01:00,2018-04-05 03:00:00 +01:00,1,1
GB,http://environment.data.gov.uk/air-quality/so,GB_Network_1,Station_GB1024A,,GB_SamplingPoint_74174,GB_StationProcess_918,GB_SamplingFeature_918,O3,http://dd.eionet.europa.eu/vocabulary/aq/pollutant/7,hour,80.6262799900,µg/m3,2018-04-05 03:00:00 +01:00,2018-04-05 04:00:00 +01:00,1,1
GB,http://environment.data.gov.uk/air-quality/so,GB_Network_1,Station_GB1024A,,GB_SamplingPoint_74174,GB_StationProcess_918,GB_SamplingFeature_918,O3,http://dd.eionet.europa.eu/vocabulary/aq/pollutant/7,hour,63.4632599900,µg/m3,2018-04-05 09:00:00 +01:00,2018-04-05 10:00:00 +01:00,1,1
GB,http://environment.data.gov.uk/air-quality/so,GB_Network_1,Station_GB1024A,,GB_SamplingPoint_74174,GB_StationProcess_918,GB_SamplingFeature_918,O3,http://dd.eionet.europa.eu/vocabulary/aq/pollutant/7,hour,71.2963799900,µg/m3,2018-04-05 11:00:00 +01:00,2018-04-05 12:00:00 +01:00,1,1
GB,http://environment.data.gov.uk/air-quality/so,GB_Network_1,Station_GB1024A,,GB_SamplingPoint_74174,GB_StationProcess_918,GB_SamplingFeature_918,O3,http://dd.eionet.europa.eu/vocabulary/aq/pollutant/7,hour,73.0426199900,µg/m3,2018-04-05 14:00:00 +01:00,2018-04-05 15:00:00 +01:00,1,1
GB,http://environment.data.gov.uk/air-quality/so,GB_Network_1,Station_GB1024A,,GB_SamplingPoint_74174,GB_StationProcess_918,GB_SamplingFeature_918,O3,http://dd.eionet.europa.eu/vocabulary/aq/pollutant/7,hour,69.5002499900,µg/m3,2018-04-05 16:00:00 +01:00,2018-04-05 17:00:00 +01:00,1,1
GB,http://environment.data.gov.uk/air-quality/so,GB_Network_1,Station_GB1024A,,GB_SamplingPoint_74174,GB_StationProcess_918,GB_SamplingFeature_918,O3,http://dd.eionet.europa.eu/vocabulary/aq/pollutant/7,hour,64.0120799900,µg/m3,2018-04-05 18:00:00 +01:00,2018-04-05 19:00:00 +01:00,1,1
GB,http://environment.data.gov.uk/air-quality/so,GB_Network_1,Station_GB1024A,,GB_SamplingPoint_74174,GB_StationProcess_918,GB_SamplingFeature_918,O3,http://dd.eionet.europa.eu/vocabulary/aq/pollutant/7,hour,60.7690699900,µg/m3,2018-04-05 19:00:00 +01:00,2018-04-05 20:00:00 +01:00,1,1
GB,http://environment.data.gov.uk/air-quality/so,GB_Network_1,Station_GB1024A,,GB_SamplingPoint_74174,GB_StationProcess_918,GB_SamplingFeature_918,O3,http://dd.eionet.europa.eu/vocabulary/aq/pollutant/7,hour,62.7647699900,µg/m3,2018-04-05 20:00:00 +01:00,2018-04-05 21:00:00 +01:00,1,1
GB,http://environment.data.gov.uk/air-quality/so,GB_Network_1,Station_GB1024A,,GB_SamplingPoint_74174,GB_StationProcess_918,GB_SamplingFeature_918,O3,http://dd.eionet.europa.eu/vocabulary/aq/pollutant/7,hour,65.8580999900,µg/m3,2018-04-05 23:00:00 +01:00,2018-04-06 00:00:00 +01:00,1,1
GB,http://environment.data.gov.uk/air-quality/so,GB_Network_1,Station_GB1024A,,GB_SamplingPoint_74174,GB_StationProcess_918,GB_SamplingFeature_918,O3,http://dd.eionet.europa.eu/vocabulary/aq/pollutant/7,hour,63.2137999900,µg/m3,2018-04-06 00:00:00 +01:00,2018-04-06 01:00:00 +01:00,1,1
GB,http://environment.data.gov.uk/air-quality/so,GB_Network_1,Station_GB1024A,,GB_SamplingPoint_74174,GB_StationProcess_918,GB_SamplingFeature_918,O3,http://dd.eionet.europa.eu/vocabulary/aq/pollutant/7,hour,67.7207499900,µg/m3,2018-04-06 01:00:00 +01:00,2018-04-06 02:00:00 +01:00,1,1
GB,http://environment.data.gov.uk/air-quality/so,GB_Network_1,Station_GB1024A,,GB_SamplingPoint_74174,GB_StationProcess_918,GB_SamplingFeature_918,O3,http://dd.eionet.europa.eu/vocabulary/aq/pollutant/7,hour,60.0040499900,µg/m3,2018-04-06 02:00:00 +01:00,2018-04-06 03:00:00 +01:00,1,1
GB,http://environment.data.gov.uk/air-quality/so,GB_Network_1,Station_GB1024A,,GB_SamplingPoint_74174,GB_StationProcess_918,GB_SamplingFeature_918,O3,http://dd.eionet.europa.eu/vocabulary/aq/pollutant/7,hour,58.3742299900,µg/m3,2018-04-06 05:00:00 +01:00,2018-04-06 06:00:00 +01:00,1,1
GB,http://environment.data.gov.uk/air-quality/so,GB_Network_1,Station_GB1024A,,GB_SamplingPoint_74174,GB_StationProcess_918,GB_SamplingFeature_918,O3,http://dd.eionet.europa.eu/vocabulary/aq/pollutant/7,hour,42.7578699900,µg/m3,2018-04-06 06:00:00 +01:00,2018-04-06 07:00:00 +01:00,1,1
GB,http://environment.data.gov.uk/air-quality/so,GB_Network_1,Station_GB1024A,,GB_SamplingPoint_74174,GB_StationProcess_918,GB_SamplingFeature_918,O3,http://dd.eionet.europa.eu/vocabulary/aq/pollutant/7,hour,36.1221699900,µg/m3,2018-04-06 08:00:00 +01:00,2018-04-06 09:00:00 +01:00,1,1
GB,http://environment.data.gov.uk/air-quality/so,GB_Network_1,Station_GB1024A,,GB_SamplingPoint_74174,GB_StationProcess_918,GB_SamplingFeature_918,O3,http://dd.eionet.europa.eu/vocabulary/aq/pollutant/7,hour,48.3458299900,µg/m3,2018-04-06 09:00:00 +01:00,2018-04-06 10:00:00 +01:00,1,1
GB,http://environment.data.gov.uk/air-quality/so,GB_Network_1,Station_GB1024A,,GB_SamplingPoint_74174,GB_StationProcess_918,GB_SamplingFeature_918,O3,http://dd.eionet.europa.eu/vocabulary/aq/pollutant/7,hour,72.2443399900,µg/m3,2018-04-06 12:00:00 +01:00,2018-04-06 13:00:00 +01:00,1,1
GB,http://environment.data.gov.uk/air-quality/so,GB_Network_1,Station_GB1024A,,GB_SamplingPoint_74174,GB_StationProcess_918,GB_SamplingFeature_918,O3,http://dd.eionet.europa.eu/vocabulary/aq/pollutant/7,hour,79.1295099900,µg/m3,2018-04-06 14:00:00 +01:00,2018-04-06 15:00:00 +01:00,1,1
GB,http://environment.data.gov.uk/air-quality/so,GB_Network_1,Station_GB1024A,,GB_SamplingPoint_74174,GB_StationProcess_918,GB_SamplingFeature_918,O3,http://dd.eionet.europa.eu/vocabulary/aq/pollutant/7,hour,83.1209099900,µg/m3,2018-04-06 17:00:00 +01:00,2018-04-06 18:00:00 +01:00,1,1
GB,http://environment.data.gov.uk/air-quality/so,GB_Network_1,Station_GB1024A,,GB_SamplingPoint_74174,GB_StationProcess_918,GB_SamplingFeature_918,O3,http://dd.eionet.europa.eu/vocabulary/aq/pollutant/7,hour,57.6258399900,µg/m3,2018-04-06 19:00:00 +01:00,2018-04-06 20:00:00 +01:00,1,1
GB,http://environment.data.gov.uk/air-quality/so,GB_Network_1,Station_GB1024A,,GB_SamplingPoint_74174,GB_StationProcess_918,GB_SamplingFeature_918,O3,http://dd.eionet.europa.eu/vocabulary/aq/pollutant/7,hour,9.5294699900,µg/m3,2018-04-07 10:00:00 +01:00,2018-04-07 11:00:00 +01:00,1,1
GB,http://environment.data.gov.uk/air-quality/so,GB_Network_1,Station_GB1024A,,GB_SamplingPoint_74174,GB_StationProcess_918,GB_SamplingFeature_918,O3,http://dd.eionet.europa.eu/vocabulary/aq/pollutant/7,hour,64.7604699900,µg/m3,2018-04-07 12:00:00 +01:00,2018-04-07 13:00:00 +01:00,1,1
GB,http://environment.data.gov.uk/air-quality/so,GB_Network_1,Station_GB1024A,,GB_SamplingPoint_74174,GB_StationProcess_918,GB_SamplingFeature_918,O3,http://dd.eionet.europa.eu/vocabulary/aq/pollutant/7,hour,71.7454199900,µg/m3,2018-04-07 13:00:00 +01:00,2018-04-07 14:00:00 +01:00,1,1
GB,http://environment.data.gov.uk/air-quality/so,GB_Network_1,Station_GB1024A,,GB_SamplingPoint_74174,GB_StationProcess_918,GB_SamplingFeature_918,O3,http://dd.eionet.europa.eu/vocabulary/aq/pollutant/7,hour,69.8993899900,µg/m3,2018-04-07 14:00:00 +01:00,2018-04-07 15:00:00 +01:00,1,1
GB,http://environment.data.gov.uk/air-quality/so,GB_Network_1,Station_GB1024A,,GB_SamplingPoint_74174,GB_StationProcess_918,GB_SamplingFeature_918,O3,http://dd.eionet.europa.eu/vocabulary/aq/pollutant/7,hour,69.4004699900,µg/m3,2018-04-07 15:00:00 +01:00,2018-04-07 16:00:00 +01:00,1,1
GB,http://environment.data.gov.uk/air-quality/so,GB_Network_1,Station_GB1024A,,GB_SamplingPoint_74174,GB_StationProcess_918,GB_SamplingFeature_918,O3,http://dd.eionet.europa.eu/vocabulary/aq/pollutant/7,hour,79.3789699900,µg/m3,2018-04-07 17:00:00 +01:00,2018-04-07 18:00:00 +01:00,1,1
GB,http://environment.data.gov.uk/air-quality/so,GB_Network_1,Station_GB1024A,,GB_SamplingPoint_74174,GB_StationProcess_918,GB_SamplingFeature_918,O3,http://dd.eionet.europa.eu/vocabulary/aq/pollutant/7,hour,44.8034699900,µg/m3,2018-04-07 21:00:00 +01:00,2018-04-07 22:00:00 +01:00,1,1
GB,http://environment.data.gov.uk/air-quality/so,GB_Network_1,Station_GB1024A,,GB_SamplingPoint_74174,GB_StationProcess_918,GB_SamplingFeature_918,O3,http://dd.eionet.europa.eu/vocabulary/aq/pollutant/7,hour,40.5127099900,µg/m3,2018-04-08 04:00:00 +01:00,2018-04-08 05:00:00 +01:00,1,1
GB,http://environment.data.gov.uk/air-quality/so,GB_Network_1,Station_GB1024A,,GB_SamplingPoint_74174,GB_StationProcess_918,GB_SamplingFeature_918,O3,http://dd.eionet.europa.eu/vocabulary/aq/pollutant/7,hour,15.8658199900,µg/m3,2018-04-08 07:00:00 +01:00,2018-04-08 08:00:00 +01:00,1,1
GB,http://environment.data.gov.uk/air-quality/so,GB_Network_1,Station_GB1024A,,GB_SamplingPoint_74174,GB_StationProcess_918,GB_SamplingFeature_918,O3,http://dd.eionet.europa.eu/vocabulary/aq/pollutant/7,hour,58.5238999900,µg/m3,2018-04-08 13:00:00 +01:00,2018-04-08 14:00:00 +01:00,1,1
GB,http://environment.data.gov.uk/air-quality/so,GB_Network_1,Station_GB1024A,,GB_SamplingPoint_74174,GB_StationProcess_918,GB_SamplingFeature_918,O3,http://dd.eionet.europa.eu/vocabulary/aq/pollutant/7,hour,42.9574399900,µg/m3,2018-04-08 14:00:00 +01:00,2018-04-08 15:00:00 +01:00,1,1
GB,http://environment.data.gov.uk/air-quality/so,GB_Network_1,Station_GB1024A,,GB_SamplingPoint_74174,GB_StationProcess_918,GB_SamplingFeature_918,O3,http://dd.eionet.europa.eu/vocabulary/aq/pollutant/7,hour,23.2000099900,µg/m3,2018-04-08 19:00:00 +01:00,2018-04-08 20:00:00 +01:00,1,1
GB,http://environment.data.gov.uk/air-quality/so,GB_Network_1,Station_GB1024A,,GB_SamplingPoint_74174,GB_StationProcess_918,GB_SamplingFeature_918,O3,http://dd.eionet.europa.eu/vocabulary/aq/pollutant/7,hour,32.5797999900,µg/m3,2018-04-08 21:00:00 +01:00,2018-04-08 22:00:00 +01:00,1,1
GB,http://environment.data.gov.uk/air-quality/so,GB_Network_1,Station_GB1024A,,GB_SamplingPoint_74174,GB_StationProcess_918,GB_SamplingFeature_918,O3,http://dd.eionet.europa.eu/vocabulary/aq/pollutant/7,hour,41.8099199900,µg/m3,2018-04-09 00:00:00 +01:00,2018-04-09 01:00:00 +01:00,1,1
GB,http://environment.data.gov.uk/air-quality/so,GB_Network_1,Station_GB1024A,,GB_SamplingPoint_74174,GB_StationProcess_918,GB_SamplingFeature_918,O3,http://dd.eionet.europa.eu/vocabulary/aq/pollutant/7,hour,36.3217399900,µg/m3,2018-04-09 01:00:00 +01:00,2018-04-09 02:00:00 +01:00,1,1
GB,http://environment.data.gov.uk/air-quality/so,GB_Network_1,Station_GB1024A,,GB_SamplingPoint_74174,GB_StationProcess_918,GB_SamplingFeature_918,O3,http://dd.eionet.europa.eu/vocabulary/aq/pollutant/7,hour,43.7557199900,µg/m3,2018-04-09 03:00:00 +01:00,2018-04-09 04:00:00 +01:00,1,1
GB,http://environment.data.gov.uk/air-quality/so,GB_Network_1,Station_GB1024A,,GB_SamplingPoint_74174,GB_StationProcess_918,GB_SamplingFeature_918,O3,http://dd.eionet.europa.eu/vocabulary/aq/pollutant/7,hour,33.6275499900,µg/m3,2018-04-09 08:00:00 +01:00,2018-04-09 09:00:00 +01:00,1,1
GB,http://environment.data.gov.uk/air-quality/so,GB_Network_1,Station_GB1024A,,GB_SamplingPoint_74174,GB_StationProcess_918,GB_SamplingFeature_918,O3,http://dd.eionet.europa.eu/vocabulary/aq/pollutant/7,hour,35.6232499900,µg/m3,2018-04-09 14:00:00 +01:00,2018-04-09 15:00:00 +01:00,1,1
GB,http://environment.data.gov.uk/air-quality/so,GB_Network_1,Station_GB1024A,,GB_SamplingPoint_74174,GB_StationProcess_918,GB_SamplingFeature_918,O3,http://dd.eionet.europa.eu/vocabulary/aq/pollutant/7,hour,34.5754999900,µg/m3,2018-04-09 17:00:00 +01:00,2018-04-09 18:00:00 +01:00,1,1
GB,http://environment.data.gov.uk/air-quality/so,GB_Network_1,Station_GB1024A,,GB_SamplingPoint_74174,GB_StationProcess_918,GB_SamplingFeature_918,O3,http://dd.eionet.europa.eu/vocabulary/aq/pollutant/7,hour,44.1548599900,µg/m3,2018-04-09 21:00:00 +01:00,2018-04-09 22:00:00 +01:00,1,1
GB,http://environment.data.gov.uk/air-quality/so,GB_Network_1,Station_GB1024A,,GB_SamplingPoint_74174,GB_StationProcess_918,GB_SamplingFeature_918,O3,http://dd.eionet.europa.eu/vocabulary/aq/pollutant/7,hour,42.5084099900,µg/m3,2018-04-10 01:00:00 +01:00,2018-04-10 02:00:00 +01:00,1,1
GB,http://environment.data.gov.uk/air-quality/so,GB_Network_1,Station_GB1024A,,GB_SamplingPoint_74174,GB_StationProcess_918,GB_SamplingFeature_918,O3,http://dd.eionet.europa.eu/vocabulary/aq/pollutant/7,hour,44.0384499900,µg/m3,2018-04-10 02:00:00 +01:00,2018-04-10 03:00:00 +01:00,1,1
GB,http://environment.data.gov.uk/air-quality/so,GB_Network_1,Station_GB1024A,,GB_SamplingPoint_74174,GB_StationProcess_918,GB_SamplingFeature_918,O3,http://dd.eionet.europa.eu/vocabulary/aq/pollutant/7,hour,41.2610999900,µg/m3,2018-04-10 04:00:00 +01:00,2018-04-10 05:00:00 +01:00,1,1
GB,http://environment.data.gov.uk/air-quality/so,GB_Network_1,Station_GB1024A,,GB_SamplingPoint_74174,GB_StationProcess_918,GB_SamplingFeature_918,O3,http://dd.eionet.europa.eu/vocabulary/aq/pollutant/7,hour,42.3088399900,µg/m3,2018-04-10 05:00:00 +01:00,2018-04-10 06:00:00 +01:00,1,1
GB,http://environment.data.gov.uk/air-quality/so,GB_Network_1,Station_GB1024A,,GB_SamplingPoint_74174,GB_StationProcess_918,GB_SamplingFeature_918,O3,http://dd.eionet.europa.eu/vocabulary/aq/pollutant/7,hour,49.1940099900,µg/m3,2018-04-10 06:00:00 +01:00,2018-04-10 07:00:00 +01:00,1,1
GB,http://environment.data.gov.uk/air-quality/so,GB_Network_1,Station_GB1024A,,GB_SamplingPoint_74174,GB_StationProcess_918,GB_SamplingFeature_918,O3,http://dd.eionet.europa.eu/vocabulary/aq/pollutant/7,hour,42.8077699900,µg/m3,2018-04-10 09:00:00 +01:00,2018-04-10 10:00:00 +01:00,1,1
GB,http://environment.data.gov.uk/air-quality/so,GB_Network_1,Station_GB1024A,,GB_SamplingPoint_74174,GB_StationProcess_918,GB_SamplingFeature_918,O3,http://dd.eionet.europa.eu/vocabulary/aq/pollutant/7,hour,39.6146499900,µg/m3,2018-04-10 10:00:00 +01:00,2018-04-10 11:00:00 +01:00,1,1
GB,http://environment.data.gov.uk/air-quality/so,GB_Network_1,Station_GB1024A,,GB_SamplingPoint_74174,GB_StationProcess_918,GB_SamplingFeature_918,O3,http://dd.eionet.europa.eu/vocabulary/aq/pollutant/7,hour,41.9595899900,µg/m3,2018-04-10 12:00:00 +01:00,2018-04-10 13:00:00 +01:00,1,1
GB,http://environment.data.gov.uk/air-quality/so,GB_Network_1,Station_GB1024A,,GB_SamplingPoint_74174,GB_StationProcess_918,GB_SamplingFeature_918,O3,http://dd.eionet.europa.eu/vocabulary/aq/pollutant/7,hour,64.2615399900,µg/m3,2018-04-10 16:00:00 +01:00,2018-04-10 17:00:00 +01:00,1,1
GB,http://environment.data.gov.uk/air-quality/so,GB_Network_1,Station_GB1024A,,GB_SamplingPoint_74174,GB_StationProcess_918,GB_SamplingFeature_918,O3,http://dd.eionet.europa.eu/vocabulary/aq/pollutant/7,hour,57.5260499900,µg/m3,2018-04-10 18:00:00 +01:00,2018-04-10 19:00:00 +01:00,1,1
GB,http://environment.data.gov.uk/air-quality/so,GB_Network_1,Station_GB1024A,,GB_SamplingPoint_74174,GB_StationProcess_918,GB_SamplingFeature_918,O3,http://dd.eionet.europa.eu/vocabulary/aq/pollutant/7,hour,34.5754999900,µg/m3,2018-04-11 03:00:00 +01:00,2018-04-11 04:00:00 +01:00,1,1
GB,http://environment.data.gov.uk/air-quality/so,GB_Network_1,Station_GB1024A,,GB_SamplingPoint_74174,GB_StationProcess_918,GB_SamplingFeature_918,O3,http://dd.eionet.europa.eu/vocabulary/aq/pollutant/7,hour,25.0959299900,µg/m3,2018-04-11 05:00:00 +01:00,2018-04-11 06:00:00 +01:00,1,1
GB,http://environment.data.gov.uk/air-quality/so,GB_Network_1,Station_GB1024A,,GB_SamplingPoint_74174,GB_StationProcess_918,GB_SamplingFeature_918,O3,http://dd.eionet.europa.eu/vocabulary/aq/pollutant/7,hour,31.7316299900,µg/m3,2018-04-11 06:00:00 +01:00,2018-04-11 07:00:00 +01:00,1,1
GB,http://environment.data.gov.uk/air-quality/so,GB_Network_1,Station_GB1024A,,GB_SamplingPoint_74174,GB_StationProcess_918,GB_SamplingFeature_918,O3,http://dd.eionet.europa.eu/vocabulary/aq/pollutant/7,hour,34.6253999900,µg/m3,2018-04-11 08:00:00 +01:00,2018-04-11 09:00:00 +01:00,1,1
GB,http://environment.data.gov.uk/air-quality/so,GB_Network_1,Station_GB1024A,,GB_SamplingPoint_74174,GB_StationProcess_918,GB_SamplingFeature_918,O3,http://dd.eionet.europa.eu/vocabulary/aq/pollutant/7,hour,30.2847499900,µg/m3,2018-04-11 17:00:00 +01:00,2018-04-11 18:00:00 +01:00,1,1
GB,http://environment.data.gov.uk/air-quality/so,GB_Network_1,Station_GB1024A,,GB_SamplingPoint_74174,GB_StationProcess_918,GB_SamplingFeature_918,O3,http://dd.eionet.europa.eu/vocabulary/aq/pollutant/7,hour,25.1957099900,µg/m3,2018-04-11 19:00:00 +01:00,2018-04-11 20:00:00 +01:00,1,1
GB,http://environment.data.gov.uk/air-quality/so,GB_Network_1,Station_GB1024A,,GB_SamplingPoint_74174,GB_StationProcess_918,GB_SamplingFeature_918,O3,http://dd.eionet.europa.eu/vocabulary/aq/pollutant/7,hour,16.8636699900,µg/m3,2018-04-11 20:00:00 +01:00,2018-04-11 21:00:00 +01:00,1,1
GB,http://environment.data.gov.uk/air-quality/so,GB_Network_1,Station_GB1024A,,GB_SamplingPoint_74174,GB_StationProcess_918,GB_SamplingFeature_918,O3,http://dd.eionet.europa.eu/vocabulary/aq/pollutant/7,hour,12.1737699900,µg/m3,2018-04-11 22:00:00 +01:00,2018-04-11 23:00:00 +01:00,1,1
GB,http://environment.data.gov.uk/air-quality/so,GB_Network_1,Station_GB1024A,,GB_SamplingPoint_74174,GB_StationProcess_918,GB_SamplingFeature_918,O3,http://dd.eionet.europa.eu/vocabulary/aq/pollutant/7,hour,10.7268899900,µg/m3,2018-04-11 23:00:00 +01:00,2018-04-12 00:00:00 +01:00,1,1
GB,http://environment.data.gov.uk/air-quality/so,GB_Network_1,Station_GB1024A,,GB_SamplingPoint_74174,GB_StationProcess_918,GB_SamplingFeature_918,O3,http://dd.eionet.europa.eu/vocabulary/aq/pollutant/7,hour,39.3152899900,µg/m3,2018-04-12 06:00:00 +01:00,2018-04-12 07:00:00 +01:00,1,1
GB,http://environment.data.gov.uk/air-quality/so,GB_Network_1,Station_GB1024A,,GB_SamplingPoint_74174,GB_StationProcess_918,GB_SamplingFeature_918,O3,http://dd.eionet.europa.eu/vocabulary/aq/pollutant/7,hour,32.8791599900,µg/m3,2018-04-12 07:00:00 +01:00,2018-04-12 08:00:00 +01:00,1,1
GB,http://environment.data.gov.uk/air-quality/so,GB_Network_1,Station_GB1024A,,GB_SamplingPoint_74174,GB_StationProcess_918,GB_SamplingFeature_918,O3,http://dd.eionet.europa.eu/vocabulary/aq/pollutant/7,hour,30.1350699900,µg/m3,2018-04-12 08:00:00 +01:00,2018-04-12 09:00:00 +01:00,1,1
GB,http://environment.data.gov.uk/air-quality/so,GB_Network_1,Station_GB1024A,,GB_SamplingPoint_74174,GB_StationProcess_918,GB_SamplingFeature_918,O3,http://dd.eionet.europa.eu/vocabulary/aq/pollutant/7,hour,24.1978599900,µg/m3,2018-04-12 10:00:00 +01:00,2018-04-12 11:00:00 +01:00,1,1
GB,http://environment.data.gov.uk/air-quality/so,GB_Network_1,Station_GB1024A,,GB_SamplingPoint_74174,GB_StationProcess_918,GB_SamplingFeature_918,O3,http://dd.eionet.europa.eu/vocabulary/aq/pollutant/7,hour,19.1587199900,µg/m3,2018-04-12 12:00:00 +01:00,2018-04-12 13:00:00 +01:00,1,1
GB,http://environment.data.gov.uk/air-quality/so,GB_Network_1,Station_GB1024A,,GB_SamplingPoint_74174,GB_StationProcess_918,GB_SamplingFeature_918,O3,http://dd.eionet.europa.eu/vocabulary/aq/pollutant/7,hour,19.1587199900,µg/m3,2018-04-12 13:00:00 +01:00,2018-04-12 14:00:00 +01:00,1,1
GB,http://environment.data.gov.uk/air-quality/so,GB_Network_1,Station_GB1024A,,GB_SamplingPoint_74174,GB_StationProcess_918,GB_SamplingFeature_918,O3,http://dd.eionet.europa.eu/vocabulary/aq/pollutant/7,hour,43.2567999900,µg/m3,2018-04-12 19:00:00 +01:00,2018-04-12 20:00:00 +01:00,1,1
GB,http://environment.data.gov.uk/air-quality/so,GB_Network_1,Station_GB1024A,,GB_SamplingPoint_74174,GB_StationProcess_918,GB_SamplingFeature_918,O3,http://dd.eionet.europa.eu/vocabulary/aq/pollutant/7,hour,55.3307799900,µg/m3,2018-04-12 22:00:00 +01:00,2018-04-12 23:00:00 +01:00,1,1
GB,http://environment.data.gov.uk/air-quality/so,GB_Network_1,Station_GB1024A,,GB_SamplingPoint_74174,GB_StationProcess_918,GB_SamplingFeature_918,O3,http://dd.eionet.europa.eu/vocabulary/aq/pollutant/7,hour,53.3517099900,µg/m3,2018-04-13 01:00:00 +01:00,2018-04-13 02:00:00 +01:00,1,1
GB,http://environment.data.gov.uk/air-quality/so,GB_Network_1,Station_GB1024A,,GB_SamplingPoint_74174,GB_StationProcess_918,GB_SamplingFeature_918,O3,http://dd.eionet.europa.eu/vocabulary/aq/pollutant/7,hour,53.1854099900,µg/m3,2018-04-13 03:00:00 +01:00,2018-04-13 04:00:00 +01:00,1,1
GB,http://environment.data.gov.uk/air-quality/so,GB_Network_1,Station_GB1024A,,GB_SamplingPoint_74174,GB_StationProcess_918,GB_SamplingFeature_918,O3,http://dd.eionet.europa.eu/vocabulary/aq/pollutant/7,hour,48.1462599900,µg/m3,2018-04-13 04:00:00 +01:00,2018-04-13 05:00:00 +01:00,1,1
GB,http://environment.data.gov.uk/air-quality/so,GB_Network_1,Station_GB1024A,,GB_SamplingPoint_74174,GB_StationProcess_918,GB_SamplingFeature_918,O3,http://dd.eionet.europa.eu/vocabulary/aq/pollutant/7,hour,44.4542199900,µg/m3,2018-04-13 05:00:00 +01:00,2018-04-13 06:00:00 +01:00,1,1
GB,http://environment.data.gov.uk/air-quality/so,GB_Network_1,Station_GB1024A,,GB_SamplingPoint_74174,GB_StationProcess_918,GB_SamplingFeature_918,O3,http://dd.eionet.europa.eu/vocabulary/aq/pollutant/7,hour,41.0615299900,µg/m3,2018-04-13 06:00:00 +01:00,2018-04-13 07:00:00 +01:00,1,1
GB,http://environment.data.gov.uk/air-quality/so,GB_Network_1,Station_GB1024A,,GB_SamplingPoint_74174,GB_StationProcess_918,GB_SamplingFeature_918,O3,http://dd.eionet.europa.eu/vocabulary/aq/pollutant/7,hour,26.7922699900,µg/m3,2018-04-13 08:00:00 +01:00,2018-04-13 09:00:00 +01:00,1,1
GB,http://environment.data.gov.uk/air-quality/so,GB_Network_1,Station_GB1024A,,GB_SamplingPoint_74174,GB_StationProcess_918,GB_SamplingFeature_918,O3,http://dd.eionet.europa.eu/vocabulary/aq/pollutant/7,hour,48.1462599900,µg/m3,2018-04-13 15:00:00 +01:00,2018-04-13 16:00:00 +01:00,1,1
GB,http://environment.data.gov.uk/air-quality/so,GB_Network_1,Station_GB1024A,,GB_SamplingPoint_74174,GB_StationProcess_918,GB_SamplingFeature_918,O3,http://dd.eionet.europa.eu/vocabulary/aq/pollutant/7,hour,39.3152899900,µg/m3,2018-04-13 16:00:00 +01:00,2018-04-13 17:00:00 +01:00,1,1
GB,http://environment.data.gov.uk/air-quality/so,GB_Network_1,Station_GB1024A,,GB_SamplingPoint_74174,GB_StationProcess_918,GB_SamplingFeature_918,O3,http://dd.eionet.europa.eu/vocabulary/aq/pollutant/7,hour,37.7686199900,µg/m3,2018-04-13 17:00:00 +01:00,2018-04-13 18:00:00 +01:00,1,1
GB,http://environment.data.gov.uk/air-quality/so,GB_Network_1,Station_GB1024A,,GB_SamplingPoint_74174,GB_StationProcess_918,GB_SamplingFeature_918,O3,http://dd.eionet.europa.eu/vocabulary/aq/pollutant/7,hour,41.3109899900,µg/m3,2018-04-13 19:00:00 +01:00,2018-04-13 20:00:00 +01:00,1,1
GB,http://environment.data.gov.uk/air-quality/so,GB_Network_1,Station_GB1024A,,GB_SamplingPoint_74174,GB_StationProcess_918,GB_SamplingFeature_918,O3,http://dd.eionet.europa.eu/vocabulary/aq/pollutant/7,hour,25.2456099900,µg/m3,2018-04-13 20:00:00 +01:00,2018-04-13 21:00:00 +01:00,1,1
GB,http://environment.data.gov.uk/air-quality/so,GB_Network_1,Station_GB1024A,,GB_SamplingPoint_74174,GB_StationProcess_918,GB_SamplingFeature_918,O3,http://dd.eionet.europa.eu/vocabulary/aq/pollutant/7,hour,18.5600099900,µg/m3,2018-04-13 22:00:00 +01:00,2018-04-13 23:00:00 +01:00,1,1
GB,http://environment.data.gov.uk/air-quality/so,GB_Network_1,Station_GB1024A,,GB_SamplingPoint_74174,GB_StationProcess_918,GB_SamplingFeature_918,O3,http://dd.eionet.europa.eu/vocabulary/aq/pollutant/7,hour,25.0959299900,µg/m3,2018-04-13 23:00:00 +01:00,2018-04-14 00:00:00 +01:00,1,1
GB,http://environment.data.gov.uk/air-quality/so,GB_Network_1,Station_GB1024A,,GB_SamplingPoint_74174,GB_StationProcess_918,GB_SamplingFeature_918,O3,http://dd.eionet.europa.eu/vocabulary/aq/pollutant/7,hour,15.8658199900,µg/m3,2018-04-14 03:00:00 +01:00,2018-04-14 04:00:00 +01:00,1,1
GB,http://environment.data.gov.uk/air-quality/so,GB_Network_1,Station_GB1024A,,GB_SamplingPoint_74174,GB_StationProcess_918,GB_SamplingFeature_918,O3,http://dd.eionet.europa.eu/vocabulary/aq/pollutant/7,hour,7.2843099900,µg/m3,2018-04-14 06:00:00 +01:00,2018-04-14 07:00:00 +01:00,1,1
GB,http://environment.data.gov.uk/air-quality/so,GB_Network_1,Station_GB1024A,,GB_SamplingPoint_74174,GB_StationProcess_918,GB_SamplingFeature_918,O3,http://dd.eionet.europa.eu/vocabulary/aq/pollutant/7,hour,15.8658199900,µg/m3,2018-04-14 08:00:00 +01:00,2018-04-14 09:00:00 +01:00,1,1
GB,http://environment.data.gov.uk/air-quality/so,GB_Network_1,Station_GB1024A,,GB_SamplingPoint_74174,GB_StationProcess_918,GB_SamplingFeature_918,O3,http://dd.eionet.europa.eu/vocabulary/aq/pollutant/7,hour,68.9015399900,µg/m3,2018-04-14 12:00:00 +01:00,2018-04-14 13:00:00 +01:00,1,1
GB,http://environment.data.gov.uk/air-quality/so,GB_Network_1,Station_GB1024A,,GB_SamplingPoint_74174,GB_StationProcess_918,GB_SamplingFeature_918,O3,http://dd.eionet.europa.eu/vocabulary/aq/pollutant/7,hour,80.6761699900,µg/m3,2018-04-14 14:00:00 +01:00,2018-04-14 15:00:00 +01:00,1,1
GB,http://environment.data.gov.uk/air-quality/so,GB_Network_1,Station_GB1024A,,GB_SamplingPoint_74174,GB_StationProcess_918,GB_SamplingFeature_918,O3,http://dd.eionet.europa.eu/vocabulary/aq/pollutant/7,hour,81.6241299900,µg/m3,2018-04-14 15:00:00 +01:00,2018-04-14 16:00:00 +01:00,1,1
GB,http://environment.data.gov.uk/air-quality/so,GB_Network_1,Station_GB1024A,,GB_SamplingPoint_74174,GB_StationProcess_918,GB_SamplingFeature_918,O3,http://dd.eionet.europa.eu/vocabulary/aq/pollutant/7,hour,83.7695099900,µg/m3,2018-04-14 16:00:00 +01:00,2018-04-14 17:00:00 +01:00,1,1
GB,http://environment.data.gov.uk/air-quality/so,GB_Network_1,Station_GB1024A,,GB_SamplingPoint_74174,GB_StationProcess_918,GB_SamplingFeature_918,O3,http://dd.eionet.europa.eu/vocabulary/aq/pollutant/7,hour,85.0168199900,µg/m3,2018-04-14 18:00:00 +01:00,2018-04-14 19:00:00 +01:00,1,1
GB,http://environment.data.gov.uk/air-quality/so,GB_Network_1,Station_GB1024A,,GB_SamplingPoint_74174,GB_StationProcess_918,GB_SamplingFeature_918,O3,http://dd.eionet.europa.eu/vocabulary/aq/pollutant/7,hour,50.9901399900,µg/m3,2018-04-14 20:00:00 +01:00,2018-04-14 21:00:00 +01:00,1,1
GB,http://environment.data.gov.uk/air-quality/so,GB_Network_1,Station_GB1024A,,GB_SamplingPoint_74174,GB_StationProcess_918,GB_SamplingFeature_918,O3,http://dd.eionet.europa.eu/vocabulary/aq/pollutant/7,hour,16.5643099900,µg/m3,2018-04-15 06:00:00 +01:00,2018-04-15 07:00:00 +01:00,1,1
GB,http://environment.data.gov.uk/air-quality/so,GB_Network_1,Station_GB1024A,,GB_SamplingPoint_74174,GB_StationProcess_918,GB_SamplingFeature_918,O3,http://dd.eionet.europa.eu/vocabulary/aq/pollutant/7,hour,15.5664599900,µg/m3,2018-04-15 07:00:00 +01:00,2018-04-15 08:00:00 +01:00,1,1
GB,http://environment.data.gov.uk/air-quality/so,GB_Network_1,Station_GB1024A,,GB_SamplingPoint_74174,GB_StationProcess_918,GB_SamplingFeature_918,O3,http://dd.eionet.europa.eu/vocabulary/aq/pollutant/7,hour,27.8400199900,µg/m3,2018-04-15 10:00:00 +01:00,2018-04-15 11:00:00 +01:00,1,1
GB,http://environment.data.gov.uk/air-quality/so,GB_Network_1,Station_GB1024A,,GB_SamplingPoint_74174,GB_StationProcess_918,GB_SamplingFeature_918,O3,http://dd.eionet.europa.eu/vocabulary/aq/pollutant/7,hour,78.3811199900,µg/m3,2018-04-15 14:00:00 +01:00,2018-04-15 15:00:00 +01:00,1,1
GB,http://environment.data.gov.uk/air-quality/so,GB_Network_1,Station_GB1024A,,GB_SamplingPoint_74174,GB_StationProcess_918,GB_SamplingFeature_918,O3,http://dd.eionet.europa.eu/vocabulary/aq/pollutant/7,hour,63.9122899900,µg/m3,2018-04-15 19:00:00 +01:00,2018-04-15 20:00:00 +01:00,1,1
GB,http://environment.data.gov.uk/air-quality/so,GB_Network_1,Station_GB1024A,,GB_SamplingPoint_74174,GB_StationProcess_918,GB_SamplingFeature_918,O3,http://dd.eionet.europa.eu/vocabulary/aq/pollutant/7,hour,62.5651999900,µg/m3,2018-04-15 20:00:00 +01:00,2018-04-15 21:00:00 +01:00,1,1
GB,http://environment.data.gov.uk/air-quality/so,GB_Network_1,Station_GB1024A,,GB_SamplingPoint_74174,GB_StationProcess_918,GB_SamplingFeature_918,O3,http://dd.eionet.europa.eu/vocabulary/aq/pollutant/7,hour,56.5780999900,µg/m3,2018-04-15 21:00:00 +01:00,2018-04-15 22:00:00 +01:00,1,1
GB,http://environment.data.gov.uk/air-quality/so,GB_Network_1,Station_GB1024A,,GB_SamplingPoint_74174,GB_StationProcess_918,GB_SamplingFeature_918,O3,http://dd.eionet.europa.eu/vocabulary/aq/pollutant/7,hour,58.3742299900,µg/m3,2018-04-15 22:00:00 +01:00,2018-04-15 23:00:00 +01:00,1,1
GB,http://environment.data.gov.uk/air-quality/so,GB_Network_1,Station_GB1024A,,GB_SamplingPoint_74174,GB_StationProcess_918,GB_SamplingFeature_918,O3,http://dd.eionet.europa.eu/vocabulary/aq/pollutant/7,hour,61.9165899900,µg/m3,2018-04-15 23:00:00 +01:00,2018-04-16 00:00:00 +01:00,1,1
GB,http://environment.data.gov.uk/air-quality/so,GB_Network_1,Station_GB1024A,,GB_SamplingPoint_74174,GB_StationProcess_918,GB_SamplingFeature_918,O3,http://dd.eionet.europa.eu/vocabulary/aq/pollutant/7,hour,65.9079899900,µg/m3,2018-04-16 00:00:00 +01:00,2018-04-16 01:00:00 +01:00,1,1
GB,http://environment.data.gov.uk/air-quality/so,GB_Network_1,Station_GB1024A,,GB_SamplingPoint_74174,GB_StationProcess_918,GB_SamplingFeature_918,O3,http://dd.eionet.europa.eu/vocabulary/aq/pollutant/7,hour,73.7743799900,µg/m3,2018-04-16 02:00:00 +01:00,2018-04-16 03:00:00 +01:00,1,1
GB,http://environment.data.gov.uk/air-quality/so,GB_Network_1,Station_GB1024A,,GB_SamplingPoint_74174,GB_StationProcess_918,GB_SamplingFeature_918,O3,http://dd.eionet.europa.eu/vocabulary/aq/pollutant/7,hour,72.9927299900,µg/m3,2018-04-16 03:00:00 +01:00,2018-04-16 04:00:00 +01:00,1,1
GB,http://environment.data.gov.uk/air-quality/so,GB_Network_1,Station_GB1024A,,GB_SamplingPoint_74174,GB_StationProcess_918,GB_SamplingFeature_918,O3,http://dd.eionet.europa.eu/vocabulary/aq/pollutant/7,hour,71.6456299900,µg/m3,2018-04-16 04:00:00 +01:00,2018-04-16 05:00:00 +01:00,1,1
GB,http://environment.data.gov.uk/air-quality/so,GB_Network_1,Station_GB1024A,,GB_SamplingPoint_74174,GB_StationProcess_918,GB_SamplingFeature_918,O3,http://dd.eionet.europa.eu/vocabulary/aq/pollutant/7,hour,61.8168099900,µg/m3,2018-04-16 06:00:00 +01:00,2018-04-16 07:00:00 +01:00,1,1
GB,http://environment.data.gov.uk/air-quality/so,GB_Network_1,Station_GB1024A,,GB_SamplingPoint_74174,GB_StationProcess_918,GB_SamplingFeature_918,O3,http://dd.eionet.europa.eu/vocabulary/aq/pollutant/7,hour,61.5673499900,µg/m3,2018-04-16 08:00:00 +01:00,2018-04-16 09:00:00 +01:00,1,1
GB,http://environment.data.gov.uk/air-quality/so,GB_Network_1,Station_GB1024A,,GB_SamplingPoint_74174,GB_StationProcess_918,GB_SamplingFeature_918,O3,http://dd.eionet.europa.eu/vocabulary/aq/pollutant/7,hour,84.7673599900,µg/m3,2018-04-16 10:00:00 +01:00,2018-04-16 11:00:00 +01:00,1,1
GB,http://environment.data.gov.uk/air-quality/so,GB_Network_1,Station_GB1024A,,GB_SamplingPoint_74174,GB_StationProcess_918,GB_SamplingFeature_918,O3,http://dd.eionet.europa.eu/vocabulary/aq/pollutant/7,hour,89.1080099900,µg/m3,2018-04-16 11:00:00 +01:00,2018-04-16 12:00:00 +01:00,1,1
GB,http://environment.data.gov.uk/air-quality/so,GB_Network_1,Station_GB1024A,,GB_SamplingPoint_74174,GB_StationProcess_918,GB_SamplingFeature_918,O3,http://dd.eionet.europa.eu/vocabulary/aq/pollutant/7,hour,97.4400499900,µg/m3,2018-04-16 17:00:00 +01:00,2018-04-16 18:00:00 +01:00,1,1
GB,http://environment.data.gov.uk/air-quality/so,GB_Network_1,Station_GB1024A,,GB_SamplingPoint_74174,GB_StationProcess_918,GB_SamplingFeature_918,O3,http://dd.eionet.europa.eu/vocabulary/aq/pollutant/7,hour,94.7957499900,µg/m3,2018-04-16 19:00:00 +01:00,2018-04-16 20:00:00 +01:00,1,1
GB,http://environment.data.gov.uk/air-quality/so,GB_Network_1,Station_GB1024A,,GB_SamplingPoint_74174,GB_StationProcess_918,GB_SamplingFeature_918,O3,http://dd.eionet.europa.eu/vocabulary/aq/pollutant/7,hour,60.3699299900,µg/m3,2018-04-16 22:00:00 +01:00,2018-04-16 23:00:00 +01:00,1,1
GB,http://environment.data.gov.uk/air-quality/so,GB_Network_1,Station_GB1024A,,GB_SamplingPoint_74174,GB_StationProcess_918,GB_SamplingFeature_918,O3,http://dd.eionet.europa.eu/vocabulary/aq/pollutant/7,hour,69.3505799900,µg/m3,2018-04-16 23:00:00 +01:00,2018-04-17 00:00:00 +01:00,1,1
GB,http://environment.data.gov.uk/air-quality/so,GB_Network_1,Station_GB1024A,,GB_SamplingPoint_74174,GB_StationProcess_918,GB_SamplingFeature_918,O3,http://dd.eionet.europa.eu/vocabulary/aq/pollutant/7,hour,81.0919399900,µg/m3,2018-04-17 02:00:00 +01:00,2018-04-17 03:00:00 +01:00,1,1
GB,http://environment.data.gov.uk/air-quality/so,GB_Network_1,Station_GB1024A,,GB_SamplingPoint_74174,GB_StationProcess_918,GB_SamplingFeature_918,O3,http://dd.eionet.europa.eu/vocabulary/aq/pollutant/7,hour,79.7282199900,µg/m3,2018-04-17 03:00:00 +01:00,2018-04-17 04:00:00 +01:00,1,1
GB,http://environment.data.gov.uk/air-quality/so,GB_Network_1,Station_GB1024A,,GB_SamplingPoint_74174,GB_StationProcess_918,GB_SamplingFeature_918,O3,http://dd.eionet.europa.eu/vocabulary/aq/pollutant/7,hour,69.3505799900,µg/m3,2018-04-17 06:00:00 +01:00,2018-04-17 07:00:00 +01:00,1,1
GB,http://environment.data.gov.uk/air-quality/so,GB_Network_1,Station_GB1024A,,GB_SamplingPoint_74174,GB_StationProcess_918,GB_SamplingFeature_918,O3,http://dd.eionet.europa.eu/vocabulary/aq/pollutant/7,hour,62.5651999900,µg/m3,2018-04-17 08:00:00 +01:00,2018-04-17 09:00:00 +01:00,1,1
GB,http://environment.data.gov.uk/air-quality/so,GB_Network_1,Station_GB1024A,,GB_SamplingPoint_74174,GB_StationProcess_918,GB_SamplingFeature_918,O3,http://dd.eionet.europa.eu/vocabulary/aq/pollutant/7,hour,64.5109999900,µg/m3,2018-04-17 09:00:00 +01:00,2018-04-17 10:00:00 +01:00,1,1
GB,http://environment.data.gov.uk/air-quality/so,GB_Network_1,Station_GB1024A,,GB_SamplingPoint_74174,GB_StationProcess_918,GB_SamplingFeature_918,O3,http://dd.eionet.europa.eu/vocabulary/aq/pollutant/7,hour,84.3682199900,µg/m3,2018-04-17 13:00:00 +01:00,2018-04-17 14:00:00 +01:00,1,1
GB,http://environment.data.gov.uk/air-quality/so,GB_Network_1,Station_GB1024A,,GB_SamplingPoint_74174,GB_StationProcess_918,GB_SamplingFeature_918,O3,http://dd.eionet.europa.eu/vocabulary/aq/pollutant/7,hour,84.0189699900,µg/m3,2018-04-17 14:00:00 +01:00,2018-04-17 15:00:00 +01:00,1,1
GB,http://environment.data.gov.uk/air-quality/so,GB_Network_1,Station_GB1024A,,GB_SamplingPoint_74174,GB_StationProcess_918,GB_SamplingFeature_918,O3,http://dd.eionet.europa.eu/vocabulary/aq/pollutant/7,hour,88.0103699900,µg/m3,2018-04-17 15:00:00 +01:00,2018-04-17 16:00:00 +01:00,1,1
GB,http://environment.data.gov.uk/air-quality/so,GB_Network_1,Station_GB1024A,,GB_SamplingPoint_74174,GB_StationProcess_918,GB_SamplingFeature_918,O3,http://dd.eionet.europa.eu/vocabulary/aq/pollutant/7,hour,84.3682199900,µg/m3,2018-04-17 17:00:00 +01:00,2018-04-17 18:00:00 +01:00,1,1
GB,http://environment.data.gov.uk/air-quality/so,GB_Network_1,Station_GB1024A,,GB_SamplingPoint_74174,GB_StationProcess_918,GB_SamplingFeature_918,O3,http://dd.eionet.europa.eu/vocabulary/aq/pollutant/7,hour,80.3768199900,µg/m3,2018-04-17 19:00:00 +01:00,2018-04-17 20:00:00 +01:00,1,1
GB,http://environment.data.gov.uk/air-quality/so,GB_Network_1,Station_GB1024A,,GB_SamplingPoint_74174,GB_StationProcess_918,GB_SamplingFeature_918,O3,http://dd.eionet.europa.eu/vocabulary/aq/pollutant/7,hour,79.0297199900,µg/m3,2018-04-17 20:00:00 +01:00,2018-04-17 21:00:00 +01:00,1,1
GB,http://environment.data.gov.uk/air-quality/so,GB_Network_1,Station_GB1024A,,GB_SamplingPoint_74174,GB_StationProcess_918,GB_SamplingFeature_918,O3,http://dd.eionet.europa.eu/vocabulary/aq/pollutant/7,hour,69.7497199900,µg/m3,2018-04-17 22:00:00 +01:00,2018-04-17 23:00:00 +01:00,1,1
GB,http://environment.data.gov.uk/air-quality/so,GB_Network_1,Station_GB1024A,,GB_SamplingPoint_74174,GB_StationProcess_918,GB_SamplingFeature_918,O3,http://dd.eionet.europa.eu/vocabulary/aq/pollutant/7,hour,64.1118599900,µg/m3,2018-04-17 23:00:00 +01:00,2018-04-18 00:00:00 +01:00,1,1
GB,http://environment.data.gov.uk/air-quality/so,GB_Network_1,Station_GB1024A,,GB_SamplingPoint_74174,GB_StationProcess_918,GB_SamplingFeature_918,O3,http://dd.eionet.europa.eu/vocabulary/aq/pollutant/7,hour,67.4359199900,µg/m3,2018-04-18 01:00:00 +01:00,2018-04-18 02:00:00 +01:00,1,1
GB,http://environment.data.gov.uk/air-quality/so,GB_Network_1,Station_GB1024A,,GB_SamplingPoint_74174,GB_StationProcess_918,GB_SamplingFeature_918,O3,http://dd.eionet.europa.eu/vocabulary/aq/pollutant/7,hour,48.9325699900,µg/m3,2018-04-18 05:00:00 +01:00,2018-04-18 06:00:00 +01:00,1,1
GB,http://environment.data.gov.uk/air-quality/so,GB_Network_1,Station_GB1024A,,GB_SamplingPoint_74174,GB_StationProcess_918,GB_SamplingFeature_918,O3,http://dd.eionet.europa.eu/vocabulary/aq/pollutant/7,hour,51.0752299900,µg/m3,2018-04-18 06:00:00 +01:00,2018-04-18 07:00:00 +01:00,1,1
GB,http://environment.data.gov.uk/air-quality/so,GB_Network_1,Station_GB1024A,,GB_SamplingPoint_74174,GB_StationProcess_918,GB_SamplingFeature_918,O3,http://dd.eionet.europa.eu/vocabulary/aq/pollutant/7,hour,54.3639799900,µg/m3,2018-04-18 11:00:00 +01:00,2018-04-18 12:00:00 +01:00,1,1
GB,http://environment.data.gov.uk/air-quality/so,GB_Network_1,Station_GB1024A,,GB_SamplingPoint_74174,GB_StationProcess_918,GB_SamplingFeature_918,O3,http://dd.eionet.europa.eu/vocabulary/aq/pollutant/7,hour,54.4636399900,µg/m3,2018-04-18 12:00:00 +01:00,2018-04-18 13:00:00 +01:00,1,1
GB,http://environment.data.gov.uk/air-quality/so,GB_Network_1,Station_GB1024A,,GB_SamplingPoint_74174,GB_StationProcess_918,GB_SamplingFeature_918,O3,http://dd.eionet.europa.eu/vocabulary/aq/pollutant/7,hour,60.6424999900,µg/m3,2018-04-18 13:00:00 +01:00,2018-04-18 14:00:00 +01:00,1,1
GB,http://environment.data.gov.uk/air-quality/so,GB_Network_1,Station_GB1024A,,GB_SamplingPoint_74174,GB_StationProcess_918,GB_SamplingFeature_918,O3,http://dd.eionet.europa.eu/vocabulary/aq/pollutant/7,hour,98.4132599900,µg/m3,2018-04-18 17:00:00 +01:00,2018-04-18 18:00:00 +01:00,1,1
GB,http://environment.data.gov.uk/air-quality/so,GB_Network_1,Station_GB1024A,,GB_SamplingPoint_74174,GB_StationProcess_918,GB_SamplingFeature_918,O3,http://dd.eionet.europa.eu/vocabulary/aq/pollutant/7,hour,72.9503799900,µg/m3,2018-04-18 19:00:00 +01:00,2018-04-18 20:00:00 +01:00,1,1
GB,http://environment.data.gov.uk/air-quality/so,GB_Network_1,Station_GB1024A,,GB_SamplingPoint_74174,GB_StationProcess_918,GB_SamplingFeature_918,O3,http://dd.eionet.europa.eu/vocabulary/aq/pollutant/7,hour,60.2936899900,µg/m3,2018-04-18 20:00:00 +01:00,2018-04-18 21:00:00 +01:00,1,1
GB,http://environment.data.gov.uk/air-quality/so,GB_Network_1,Station_GB1024A,,GB_SamplingPoint_74174,GB_StationProcess_918,GB_SamplingFeature_918,O3,http://dd.eionet.europa.eu/vocabulary/aq/pollutant/7,hour,66.7216999900,µg/m3,2018-04-18 21:00:00 +01:00,2018-04-18 22:00:00 +01:00,1,1
GB,http://environment.data.gov.uk/air-quality/so,GB_Network_1,Station_GB1024A,,GB_SamplingPoint_74174,GB_StationProcess_918,GB_SamplingFeature_918,O3,http://dd.eionet.europa.eu/vocabulary/aq/pollutant/7,hour,45.1953499900,µg/m3,2018-04-18 22:00:00 +01:00,2018-04-18 23:00:00 +01:00,1,1
GB,http://environment.data.gov.uk/air-quality/so,GB_Network_1,Station_GB1024A,,GB_SamplingPoint_74174,GB_StationProcess_918,GB_SamplingFeature_918,O3,http://dd.eionet.europa.eu/vocabulary/aq/pollutant/7,hour,25.5625299900,µg/m3,2018-04-18 23:00:00 +01:00,2018-04-19 00:00:00 +01:00,1,1
GB,http://environment.data.gov.uk/air-quality/so,GB_Network_1,Station_GB1024A,,GB_SamplingPoint_74174,GB_StationProcess_918,GB_SamplingFeature_918,O3,http://dd.eionet.europa.eu/vocabulary/aq/pollutant/7,hour,28.2034999900,µg/m3,2018-04-19 00:00:00 +01:00,2018-04-19 01:00:00 +01:00,1,1
GB,http://environment.data.gov.uk/air-quality/so,GB_Network_1,Station_GB1024A,,GB_SamplingPoint_74174,GB_StationProcess_918,GB_SamplingFeature_918,O3,http://dd.eionet.europa.eu/vocabulary/aq/pollutant/7,hour,1.6920599900,µg/m3,2018-04-19 05:00:00 +01:00,2018-04-19 06:00:00 +01:00,2,1
GB,http://environment.data.gov.uk/air-quality/so,GB_Network_1,Station_GB1024A,,GB_SamplingPoint_74174,GB_StationProcess_918,GB_SamplingFeature_918,O3,http://dd.eionet.europa.eu/vocabulary/aq/pollutant/7,hour,9.5053999900,µg/m3,2018-04-19 09:00:00 +01:00,2018-04-19 10:00:00 +01:00,1,1
GB,http://environment.data.gov.uk/air-quality/so,GB_Network_1,Station_GB1024A,,GB_SamplingPoint_74174,GB_StationProcess_918,GB_SamplingFeature_918,O3,http://dd.eionet.europa.eu/vocabulary/aq/pollutant/7,hour,35.2844399900,µg/m3,2018-04-19 11:00:00 +01:00,2018-04-19 12:00:00 +01:00,1,1
GB,http://environment.data.gov.uk/air-quality/so,GB_Network_1,Station_GB1024A,,GB_SamplingPoint_74174,GB_StationProcess_918,GB_SamplingFeature_918,O3,http://dd.eionet.europa.eu/vocabulary/aq/pollutant/7,hour,74.1520699900,µg/m3,2018-04-19 12:00:00 +01:00,2018-04-19 13:00:00 +01:00,1,1
GB,http://environment.data.gov.uk/air-quality/so,GB_Network_1,Station_GB1024A,,GB_SamplingPoint_74174,GB_StationProcess_918,GB_SamplingFeature_918,O3,http://dd.eionet.europa.eu/vocabulary/aq/pollutant/7,hour,130.1393799900,µg/m3,2018-04-19 16:00:00 +01:00,2018-04-19 17:00:00 +01:00,1,1
GB,http://environment.data.gov.uk/air-quality/so,GB_Network_1,Station_GB1024A,,GB_SamplingPoint_74174,GB_StationProcess_918,GB_SamplingFeature_918,O3,http://dd.eionet.europa.eu/vocabulary/aq/pollutant/7,hour,91.3712799900,µg/m3,2018-04-19 20:00:00 +01:00,2018-04-19 21:00:00 +01:00,1,1
GB,http://environment.data.gov.uk/air-quality/so,GB_Network_1,Station_GB1024A,,GB_SamplingPoint_74174,GB_StationProcess_918,GB_SamplingFeature_918,O3,http://dd.eionet.europa.eu/vocabulary/aq/pollutant/7,hour,20.6766499900,µg/m3,2018-04-20 04:00:00 +01:00,2018-04-20 05:00:00 +01:00,1,1
GB,http://environment.data.gov.uk/air-quality/so,GB_Network_1,Station_GB1024A,,GB_SamplingPoint_74174,GB_StationProcess_918,GB_SamplingFeature_918,O3,http://dd.eionet.europa.eu/vocabulary/aq/pollutant/7,hour,43.4408499900,µg/m3,2018-04-20 10:00:00 +01:00,2018-04-20 11:00:00 +01:00,1,1
GB,http://environment.data.gov.uk/air-quality/so,GB_Network_1,Station_GB1024A,,GB_SamplingPoint_74174,GB_StationProcess_918,GB_SamplingFeature_918,O3,http://dd.eionet.europa.eu/vocabulary/aq/pollutant/7,hour,60.9861799900,µg/m3,2018-04-20 11:00:00 +01:00,2018-04-20 12:00:00 +01:00,1,1
GB,http://environment.data.gov.uk/air-quality/so,GB_Network_1,Station_GB1024A,,GB_SamplingPoint_74174,GB_StationProcess_918,GB_SamplingFeature_918,O3,http://dd.eionet.europa.eu/vocabulary/aq/pollutant/7,hour,84.9432599900,µg/m3,2018-04-20 13:00:00 +01:00,2018-04-20 14:00:00 +01:00,1,1
GB,http://environment.data.gov.uk/air-quality/so,GB_Network_1,Station_GB1024A,,GB_SamplingPoint_74174,GB_StationProcess_918,GB_SamplingFeature_918,O3,http://dd.eionet.europa.eu/vocabulary/aq/pollutant/7,hour,95.8283299900,µg/m3,2018-04-20 14:00:00 +01:00,2018-04-20 15:00:00 +01:00,1,1
GB,http://environment.data.gov.uk/air-quality/so,GB_Network_1,Station_GB1024A,,GB_SamplingPoint_74174,GB_StationProcess_918,GB_SamplingFeature_918,O3,http://dd.eionet.europa.eu/vocabulary/aq/pollutant/7,hour,106.2163599900,µg/m3,2018-04-20 15:00:00 +01:00,2018-04-20 16:00:00 +01:00,1,1
GB,http://environment.data.gov.uk/air-quality/so,GB_Network_1,Station_GB1024A,,GB_SamplingPoint_74174,GB_StationProcess_918,GB_SamplingFeature_918,O3,http://dd.eionet.europa.eu/vocabulary/aq/pollutant/7,hour,96.1762499900,µg/m3,2018-04-20 17:00:00 +01:00,2018-04-20 18:00:00 +01:00,1,1
GB,http://environment.data.gov.uk/air-quality/so,GB_Network_1,Station_GB1024A,,GB_SamplingPoint_74174,GB_StationProcess_918,GB_SamplingFeature_918,O3,http://dd.eionet.europa.eu/vocabulary/aq/pollutant/7,hour,91.4544199900,µg/m3,2018-04-20 18:00:00 +01:00,2018-04-20 19:00:00 +01:00,1,1
GB,http://environment.data.gov.uk/air-quality/so,GB_Network_1,Station_GB1024A,,GB_SamplingPoint_74174,GB_StationProcess_918,GB_SamplingFeature_918,O3,http://dd.eionet.europa.eu/vocabulary/aq/pollutant/7,hour,63.9683899900,µg/m3,2018-04-20 19:00:00 +01:00,2018-04-20 20:00:00 +01:00,1,1
GB,http://environment.data.gov.uk/air-quality/so,GB_Network_1,Station_GB1024A,,GB_SamplingPoint_74174,GB_StationProcess_918,GB_SamplingFeature_918,O3,http://dd.eionet.europa.eu/vocabulary/aq/pollutant/7,hour,47.5165399900,µg/m3,2018-04-20 21:00:00 +01:00,2018-04-20 22:00:00 +01:00,1,1
GB,http://environment.data.gov.uk/air-quality/so,GB_Network_1,Station_GB1024A,,GB_SamplingPoint_74174,GB_StationProcess_918,GB_SamplingFeature_918,O3,http://dd.eionet.europa.eu/vocabulary/aq/pollutant/7,hour,76.7421899900,µg/m3,2018-04-20 23:00:00 +01:00,2018-04-21 00:00:00 +01:00,1,1
GB,http://environment.data.gov.uk/air-quality/so,GB_Network_1,Station_GB1024A,,GB_SamplingPoint_74174,GB_StationProcess_918,GB_SamplingFeature_918,O3,http://dd.eionet.europa.eu/vocabulary/aq/pollutant/7,hour,69.2981199900,µg/m3,2018-04-21 01:00:00 +01:00,2018-04-21 02:00:00 +01:00,1,1
GB,http://environment.data.gov.uk/air-quality/so,GB_Network_1,Station_GB1024A,,GB_SamplingPoint_74174,GB_StationProcess_918,GB_SamplingFeature_918,O3,http://dd.eionet.europa.eu/vocabulary/aq/pollutant/7,hour,64.3340699900,µg/m3,2018-04-21 03:00:00 +01:00,2018-04-21 04:00:00 +01:00,1,1
GB,http://environment.data.gov.uk/air-quality/so,GB_Network_1,Station_GB1024A,,GB_SamplingPoint_74174,GB_StationProcess_918,GB_SamplingFeature_918,O3,http://dd.eionet.europa.eu/vocabulary/aq/pollutant/7,hour,48.5483899900,µg/m3,2018-04-21 10:00:00 +01:00,2018-04-21 11:00:00 +01:00,1,1
GB,http://environment.data.gov.uk/air-quality/so,GB_Network_1,Station_GB1024A,,GB_SamplingPoint_74174,GB_StationProcess_918,GB_SamplingFeature_918,O3,http://dd.eionet.europa.eu/vocabulary/aq/pollutant/7,hour,66.8657299900,µg/m3,2018-04-21 14:00:00 +01:00,2018-04-21 15:00:00 +01:00,1,1
GB,http://environment.data.gov.uk/air-quality/so,GB_Network_1,Station_GB1024A,,GB_SamplingPoint_74174,GB_StationProcess_918,GB_SamplingFeature_918,O3,http://dd.eionet.europa.eu/vocabulary/aq/pollutant/7,hour,67.9578199900,µg/m3,2018-04-21 15:00:00 +01:00,2018-04-21 16:00:00 +01:00,1,1
GB,http://environment.data.gov.uk/air-quality/so,GB_Network_1,Station_GB1024A,,GB_SamplingPoint_74174,GB_StationProcess_918,GB_SamplingFeature_918,O3,http://dd.eionet.europa.eu/vocabulary/aq/pollutant/7,hour,78.8290899900,µg/m3,2018-04-21 17:00:00 +01:00,2018-04-21 18:00:00 +01:00,1,1
GB,http://environment.data.gov.uk/air-quality/so,GB_Network_1,Station_GB1024A,,GB_SamplingPoint_74174,GB_StationProcess_918,GB_SamplingFeature_918,O3,http://dd.eionet.europa.eu/vocabulary/aq/pollutant/7,hour,77.4887999900,µg/m3,2018-04-21 18:00:00 +01:00,2018-04-21 19:00:00 +01:00,1,1
GB,http://environment.data.gov.uk/air-quality/so,GB_Network_1,Station_GB1024A,,GB_SamplingPoint_74174,GB_StationProcess_918,GB_SamplingFeature_918,O3,http://dd.eionet.europa.eu/vocabulary/aq/pollutant/7,hour,56.7887199900,µg/m3,2018-04-21 19:00:00 +01:00,2018-04-21 20:00:00 +01:00,1,1
GB,http://environment.data.gov.uk/air-quality/so,GB_Network_1,Station_GB1024A,,GB_SamplingPoint_74174,GB_StationProcess_918,GB_SamplingFeature_918,O3,http://dd.eionet.europa.eu/vocabulary/aq/pollutant/7,hour,33.1598499900,µg/m3,2018-04-21 20:00:00 +01:00,2018-04-21 21:00:00 +01:00,1,1
GB,http://environment.data.gov.uk/air-quality/so,GB_Network_1,Station_GB1024A,,GB_SamplingPoint_74174,GB_StationProcess_918,GB_SamplingFeature_918,O3,http://dd.eionet.europa.eu/vocabulary/aq/pollutant/7,hour,28.0468699900,µg/m3,2018-04-21 21:00:00 +01:00,2018-04-21 22:00:00 +01:00,1,1
GB,http://environment.data.gov.uk/air-quality/so,GB_Network_1,Station_GB1024A,,GB_SamplingPoint_74174,GB_StationProcess_918,GB_SamplingFeature_918,O3,http://dd.eionet.europa.eu/vocabulary/aq/pollutant/7,hour,57.0865599900,µg/m3,2018-04-22 00:00:00 +01:00,2018-04-22 01:00:00 +01:00,1,1
GB,http://environment.data.gov.uk/air-quality/so,GB_Network_1,Station_GB1024A,,GB_SamplingPoint_74174,GB_StationProcess_918,GB_SamplingFeature_918,O3,http://dd.eionet.europa.eu/vocabulary/aq/pollutant/7,hour,50.2385099900,µg/m3,2018-04-22 02:00:00 +01:00,2018-04-22 03:00:00 +01:00,1,1
GB,http://environment.data.gov.uk/air-quality/so,GB_Network_1,Station_GB1024A,,GB_SamplingPoint_74174,GB_StationProcess_918,GB_SamplingFeature_918,O3,http://dd.eionet.europa.eu/vocabulary/aq/pollutant/7,hour,16.9059199900,µg/m3,2018-04-22 05:00:00 +01:00,2018-04-22 06:00:00 +01:00,1,1
GB,http://environment.data.gov.uk/air-quality/so,GB_Network_1,Station_GB1024A,,GB_SamplingPoint_74174,GB_StationProcess_918,GB_SamplingFeature_918,O3,http://dd.eionet.europa.eu/vocabulary/aq/pollutant/7,hour,8.7752199900,µg/m3,2018-04-22 07:00:00 +01:00,2018-04-22 08:00:00 +01:00,1,1
GB,http://environment.data.gov.uk/air-quality/so,GB_Network_1,Station_GB1024A,,GB_SamplingPoint_74174,GB_StationProcess_918,GB_SamplingFeature_918,O3,http://dd.eionet.europa.eu/vocabulary/aq/pollutant/7,hour,95.2383399900,µg/m3,2018-04-22 11:00:00 +01:00,2018-04-22 12:00:00 +01:00,1,1
GB,http://environment.data.gov.uk/air-quality/so,GB_Network_1,Station_GB1024A,,GB_SamplingPoint_74174,GB_StationProcess_918,GB_SamplingFeature_918,O3,http://dd.eionet.europa.eu/vocabulary/aq/pollutant/7,hour,108.2276399900,µg/m3,2018-04-22 17:00:00 +01:00,2018-04-22 18:00:00 +01:00,1,1
GB,http://environment.data.gov.uk/air-quality/so,GB_Network_1,Station_GB1024A,,GB_SamplingPoint_74174,GB_StationProcess_918,GB_SamplingFeature_918,O3,http://dd.eionet.europa.eu/vocabulary/aq/pollutant/7,hour,84.5791799900,µg/m3,2018-04-22 19:00:00 +01:00,2018-04-22 20:00:00 +01:00,1,1
GB,http://environment.data.gov.uk/air-quality/so,GB_Network_1,Station_GB1024A,,GB_SamplingPoint_74174,GB_StationProcess_918,GB_SamplingFeature_918,O3,http://dd.eionet.europa.eu/vocabulary/aq/pollutant/7,hour,72.8293199900,µg/m3,2018-04-22 22:00:00 +01:00,2018-04-22 23:00:00 +01:00,1,1
GB,http://environment.data.gov.uk/air-quality/so,GB_Network_1,Station_GB1024A,,GB_SamplingPoint_74174,GB_StationProcess_918,GB_SamplingFeature_918,O3,http://dd.eionet.europa.eu/vocabulary/aq/pollutant/7,hour,66.9435699900,µg/m3,2018-04-23 02:00:00 +01:00,2018-04-23 03:00:00 +01:00,1,1
GB,http://environment.data.gov.uk/air-quality/so,GB_Network_1,Station_GB1024A,,GB_SamplingPoint_74174,GB_StationProcess_918,GB_SamplingFeature_918,O3,http://dd.eionet.europa.eu/vocabulary/aq/pollutant/7,hour,63.8241599900,µg/m3,2018-04-23 03:00:00 +01:00,2018-04-23 04:00:00 +01:00,1,1
GB,http://environment.data.gov.uk/air-quality/so,GB_Network_1,Station_GB1024A,,GB_SamplingPoint_74174,GB_StationProcess_918,GB_SamplingFeature_918,O3,http://dd.eionet.europa.eu/vocabulary/aq/pollutant/7,hour,58.3280499900,µg/m3,2018-04-23 04:00:00 +01:00,2018-04-23 05:00:00 +01:00,1,1
GB,http://environment.data.gov.uk/air-quality/so,GB_Network_1,Station_GB1024A,,GB_SamplingPoint_74174,GB_StationProcess_918,GB_SamplingFeature_918,O3,http://dd.eionet.europa.eu/vocabulary/aq/pollutant/7,hour,55.5552399900,µg/m3,2018-04-23 09:00:00 +01:00,2018-04-23 10:00:00 +01:00,1,1
GB,http://environment.data.gov.uk/air-quality/so,GB_Network_1,Station_GB1024A,,GB_SamplingPoint_74174,GB_StationProcess_918,GB_SamplingFeature_918,O3,http://dd.eionet.europa.eu/vocabulary/aq/pollutant/7,hour,72.4396799900,µg/m3,2018-04-23 11:00:00 +01:00,2018-04-23 12:00:00 +01:00,1,1
GB,http://environment.data.gov.uk/air-quality/so,GB_Network_1,Station_GB1024A,,GB_SamplingPoint_74174,GB_StationProcess_918,GB_SamplingFeature_918,O3,http://dd.eionet.europa.eu/vocabulary/aq/pollutant/7,hour,74.7668599900,µg/m3,2018-04-23 12:00:00 +01:00,2018-04-23 13:00:00 +01:00,1,1
GB,http://environment.data.gov.uk/air-quality/so,GB_Network_1,Station_GB1024A,,GB_SamplingPoint_74174,GB_StationProcess_918,GB_SamplingFeature_918,O3,http://dd.eionet.europa.eu/vocabulary/aq/pollutant/7,hour,85.8580999900,µg/m3,2018-04-23 17:00:00 +01:00,2018-04-23 18:00:00 +01:00,1,1
GB,http://environment.data.gov.uk/air-quality/so,GB_Network_1,Station_GB1024A,,GB_SamplingPoint_74174,GB_StationProcess_918,GB_SamplingFeature_918,O3,http://dd.eionet.europa.eu/vocabulary/aq/pollutant/7,hour,78.9260799900,µg/m3,2018-04-23 19:00:00 +01:00,2018-04-23 20:00:00 +01:00,1,1
GB,http://environment.data.gov.uk/air-quality/so,GB_Network_1,Station_GB1024A,,GB_SamplingPoint_74174,GB_StationProcess_918,GB_SamplingFeature_918,O3,http://dd.eionet.europa.eu/vocabulary/aq/pollutant/7,hour,73.3804599900,µg/m3,2018-04-23 21:00:00 +01:00,2018-04-23 22:00:00 +01:00,1,1
GB,http://environment.data.gov.uk/air-quality/so,GB_Network_1,Station_GB1024A,,GB_SamplingPoint_74174,GB_StationProcess_918,GB_SamplingFeature_918,O3,http://dd.eionet.europa.eu/vocabulary/aq/pollutant/7,hour,73.5178599900,µg/m3,2018-04-24 02:00:00 +01:00,2018-04-24 03:00:00 +01:00,1,1
GB,http://environment.data.gov.uk/air-quality/so,GB_Network_1,Station_GB1024A,,GB_SamplingPoint_74174,GB_StationProcess_918,GB_SamplingFeature_918,O3,http://dd.eionet.europa.eu/vocabulary/aq/pollutant/7,hour,70.1716399900,µg/m3,2018-04-24 03:00:00 +01:00,2018-04-24 04:00:00 +01:00,1,1
GB,http://environment.data.gov.uk/air-quality/so,GB_Network_1,Station_GB1024A,,GB_SamplingPoint_74174,GB_StationProcess_918,GB_SamplingFeature_918,O3,http://dd.eionet.europa.eu/vocabulary/aq/pollutant/7,hour,59.5395699900,µg/m3,2018-04-24 05:00:00 +01:00,2018-04-24 06:00:00 +01:00,1,1
GB,http://environment.data.gov.uk/air-quality/so,GB_Network_1,Station_GB1024A,,GB_SamplingPoint_74174,GB_StationProcess_918,GB_SamplingFeature_918,O3,http://dd.eionet.europa.eu/vocabulary/aq/pollutant/7,hour,53.2592399900,µg/m3,2018-04-24 06:00:00 +01:00,2018-04-24 07:00:00 +01:00,1,1
GB,http://environment.data.gov.uk/air-quality/so,GB_Network_1,Station_GB1024A,,GB_SamplingPoint_74174,GB_StationProcess_918,GB_SamplingFeature_918,O3,http://dd.eionet.europa.eu/vocabulary/aq/pollutant/7,hour,47.1272499900,µg/m3,2018-04-24 08:00:00 +01:00,2018-04-24 09:00:00 +01:00,1,1
GB,http://environment.data.gov.uk/air-quality/so,GB_Network_1,Station_GB1024A,,GB_SamplingPoint_74174,GB_StationProcess_918,GB_SamplingFeature_918,O3,http://dd.eionet.europa.eu/vocabulary/aq/pollutant/7,hour,49.5503799900,µg/m3,2018-04-24 09:00:00 +01:00,2018-04-24 10:00:00 +01:00,1,1
GB,http://environment.data.gov.uk/air-quality/so,GB_Network_1,Station_GB1024A,,GB_SamplingPoint_74174,GB_StationProcess_918,GB_SamplingFeature_918,O3,http://dd.eionet.europa.eu/vocabulary/aq/pollutant/7,hour,52.2207599900,µg/m3,2018-04-24 10:00:00 +01:00,2018-04-24 11:00:00 +01:00,1,1
GB,http://environment.data.gov.uk/air-quality/so,GB_Network_1,Station_GB1024A,,GB_SamplingPoint_74174,GB_StationProcess_918,GB_SamplingFeature_918,O3,http://dd.eionet.europa.eu/vocabulary/aq/pollutant/7,hour,52.6658199900,µg/m3,2018-04-24 11:00:00 +01:00,2018-04-24 12:00:00 +01:00,1,1
GB,http://environment.data.gov.uk/air-quality/so,GB_Network_1,Station_GB1024A,,GB_SamplingPoint_74174,GB_StationProcess_918,GB_SamplingFeature_918,O3,http://dd.eionet.europa.eu/vocabulary/aq/pollutant/7,hour,59.4406699900,µg/m3,2018-04-24 12:00:00 +01:00,2018-04-24 13:00:00 +01:00,1,1
GB,http://environment.data.gov.uk/air-quality/so,GB_Network_1,Station_GB1024A,,GB_SamplingPoint_74174,GB_StationProcess_918,GB_SamplingFeature_918,O3,http://dd.eionet.europa.eu/vocabulary/aq/pollutant/7,hour,75.2156899900,µg/m3,2018-04-24 15:00:00 +01:00,2018-04-24 16:00:00 +01:00,1,1
GB,http://environment.data.gov.uk/air-quality/so,GB_Network_1,Station_GB1024A,,GB_SamplingPoint_74174,GB_StationProcess_918,GB_SamplingFeature_918,O3,http://dd.eionet.europa.eu/vocabulary/aq/pollutant/7,hour,63.9902099900,µg/m3,2018-04-24 16:00:00 +01:00,2018-04-24 17:00:00 +01:00,1,1
GB,http://environment.data.gov.uk/air-quality/so,GB_Network_1,Station_GB1024A,,GB_SamplingPoint_74174,GB_StationProcess_918,GB_SamplingFeature_918,O3,http://dd.eionet.europa.eu/vocabulary/aq/pollutant/7,hour,58.4021899900,µg/m3,2018-04-24 17:00:00 +01:00,2018-04-24 18:00:00 +01:00,1,1
GB,http://environment.data.gov.uk/air-quality/so,GB_Network_1,Station_GB1024A,,GB_SamplingPoint_74174,GB_StationProcess_918,GB_SamplingFeature_918,O3,http://dd.eionet.europa.eu/vocabulary/aq/pollutant/7,hour,56.5230299900,µg/m3,2018-04-24 18:00:00 +01:00,2018-04-24 19:00:00 +01:00,1,1
GB,http://environment.data.gov.uk/air-quality/so,GB_Network_1,Station_GB1024A,,GB_SamplingPoint_74174,GB_StationProcess_918,GB_SamplingFeature_918,O3,http://dd.eionet.europa.eu/vocabulary/aq/pollutant/7,hour,56.2757799900,µg/m3,2018-04-24 21:00:00 +01:00,2018-04-24 22:00:00 +01:00,1,1
GB,http://environment.data.gov.uk/air-quality/so,GB_Network_1,Station_GB1024A,,GB_SamplingPoint_74174,GB_StationProcess_918,GB_SamplingFeature_918,O3,http://dd.eionet.europa.eu/vocabulary/aq/pollutant/7,hour,56.2263299900,µg/m3,2018-04-24 22:00:00 +01:00,2018-04-24 23:00:00 +01:00,1,1
GB,http://environment.data.gov.uk/air-quality/so,GB_Network_1,Station_GB1024A,,GB_SamplingPoint_74174,GB_StationProcess_918,GB_SamplingFeature_918,O3,http://dd.eionet.europa.eu/vocabulary/aq/pollutant/7,hour,54.4955199900,µg/m3,2018-04-25 00:00:00 +01:00,2018-04-25 01:00:00 +01:00,1,1
GB,http://environment.data.gov.uk/air-quality/so,GB_Network_1,Station_GB1024A,,GB_SamplingPoint_74174,GB_StationProcess_918,GB_SamplingFeature_918,O3,http://dd.eionet.europa.eu/vocabulary/aq/pollutant/7,hour,65.7195899900,µg/m3,2018-04-25 01:00:00 +01:00,2018-04-25 02:00:00 +01:00,1,1
GB,http://environment.data.gov.uk/air-quality/so,GB_Network_1,Station_GB1024A,,GB_SamplingPoint_74174,GB_StationProcess_918,GB_SamplingFeature_918,O3,http://dd.eionet.europa.eu/vocabulary/aq/pollutant/7,hour,71.2510999900,µg/m3,2018-04-25 02:00:00 +01:00,2018-04-25 03:00:00 +01:00,1,1
GB,http://environment.data.gov.uk/air-quality/so,GB_Network_1,Station_GB1024A,,GB_SamplingPoint_74174,GB_StationProcess_918,GB_SamplingFeature_918,O3,http://dd.eionet.europa.eu/vocabulary/aq/pollutant/7,hour,63.9086799900,µg/m3,2018-04-25 09:00:00 +01:00,2018-04-25 10:00:00 +01:00,1,1
GB,http://environment.data.gov.uk/air-quality/so,GB_Network_1,Station_GB1024A,,GB_SamplingPoint_74174,GB_StationProcess_918,GB_SamplingFeature_918,O3,http://dd.eionet.europa.eu/vocabulary/aq/pollutant/7,hour,77.0460099900,µg/m3,2018-04-25 11:00:00 +01:00,2018-04-25 12:00:00 +01:00,1,1
GB,http://environment.data.gov.uk/air-quality/so,GB_Network_1,Station_GB1024A,,GB_SamplingPoint_74174,GB_StationProcess_918,GB_SamplingFeature_918,O3,http://dd.eionet.europa.eu/vocabulary/aq/pollutant/7,hour,78.8239999900,µg/m3,2018-04-25 12:00:00 +01:00,2018-04-25 13:00:00 +01:00,1,1
GB,http://environment.data.gov.uk/air-quality/so,GB_Network_1,Station_GB1024A,,GB_SamplingPoint_74174,GB_StationProcess_918,GB_SamplingFeature_918,O3,http://dd.eionet.europa.eu/vocabulary/aq/pollutant/7,hour,80.1080999900,µg/m3,2018-04-25 14:00:00 +01:00,2018-04-25 15:00:00 +01:00,1,1
GB,http://environment.data.gov.uk/air-quality/so,GB_Network_1,Station_GB1024A,,GB_SamplingPoint_74174,GB_StationProcess_918,GB_SamplingFeature_918,O3,http://dd.eionet.europa.eu/vocabulary/aq/pollutant/7,hour,70.0822399900,µg/m3,2018-04-25 18:00:00 +01:00,2018-04-25 19:00:00 +01:00,1,1
GB,http://environment.data.gov.uk/air-quality/so,GB_Network_1,Station_GB1024A,,GB_SamplingPoint_74174,GB_StationProcess_918,GB_SamplingFeature_918,O3,http://dd.eionet.europa.eu/vocabulary/aq/pollutant/7,hour,80.1574899900,µg/m3,2018-04-25 19:00:00 +01:00,2018-04-25 20:00:00 +01:00,1,1
GB,http://environment.data.gov.uk/air-quality/so,GB_Network_1,Station_GB1024A,,GB_SamplingPoint_74174,GB_StationProcess_918,GB_SamplingFeature_918,O3,http://dd.eionet.europa.eu/vocabulary/aq/pollutant/7,hour,79.4166599900,µg/m3,2018-04-25 22:00:00 +01:00,2018-04-25 23:00:00 +01:00,1,1
GB,http://environment.data.gov.uk/air-quality/so,GB_Network_1,Station_GB1024A,,GB_SamplingPoint_74174,GB_StationProcess_918,GB_SamplingFeature_918,O3,http://dd.eionet.europa.eu/vocabulary/aq/pollutant/7,hour,75.3667999900,µg/m3,2018-04-25 23:00:00 +01:00,2018-04-26 00:00:00 +01:00,1,1
GB,http://environment.data.gov.uk/air-quality/so,GB_Network_1,Station_GB1024A,,GB_SamplingPoint_74174,GB_StationProcess_918,GB_SamplingFeature_918,O3,http://dd.eionet.europa.eu/vocabulary/aq/pollutant/7,hour,73.1332299900,µg/m3,2018-04-26 02:00:00 +01:00,2018-04-26 03:00:00 +01:00,1,1
GB,http://environment.data.gov.uk/air-quality/so,GB_Network_1,Station_GB1024A,,GB_SamplingPoint_74174,GB_StationProcess_918,GB_SamplingFeature_918,O3,http://dd.eionet.europa.eu/vocabulary/aq/pollutant/7,hour,67.9704899900,µg/m3,2018-04-26 03:00:00 +01:00,2018-04-26 04:00:00 +01:00,1,1
GB,http://environment.data.gov.uk/air-quality/so,GB_Network_1,Station_GB1024A,,GB_SamplingPoint_74174,GB_StationProcess_918,GB_SamplingFeature_918,O3,http://dd.eionet.europa.eu/vocabulary/aq/pollutant/7,hour,58.0067499900,µg/m3,2018-04-26 08:00:00 +01:00,2018-04-26 09:00:00 +01:00,1,1
GB,http://environment.data.gov.uk/air-quality/so,GB_Network_1,Station_GB1024A,,GB_SamplingPoint_74174,GB_StationProcess_918,GB_SamplingFeature_918,O3,http://dd.eionet.europa.eu/vocabulary/aq/pollutant/7,hour,68.7596999900,µg/m3,2018-04-26 10:00:00 +01:00,2018-04-26 11:00:00 +01:00,1,1
GB,http://environment.data.gov.uk/air-quality/so,GB_Network_1,Station_GB1024A,,GB_SamplingPoint_74174,GB_StationProcess_918,GB_SamplingFeature_918,O3,http://dd.eionet.europa.eu/vocabulary/aq/pollutant/7,hour,74.4814499900,µg/m3,2018-04-26 11:00:00 +01:00,2018-04-26 12:00:00 +01:00,1,1
GB,http://environment.data.gov.uk/air-quality/so,GB_Network_1,Station_GB1024A,,GB_SamplingPoint_74174,GB_StationProcess_918,GB_SamplingFeature_918,O3,http://dd.eionet.europa.eu/vocabulary/aq/pollutant/7,hour,74.0868499900,µg/m3,2018-04-26 12:00:00 +01:00,2018-04-26 13:00:00 +01:00,1,1
GB,http://environment.data.gov.uk/air-quality/so,GB_Network_1,Station_GB1024A,,GB_SamplingPoint_74174,GB_StationProcess_918,GB_SamplingFeature_918,O3,http://dd.eionet.europa.eu/vocabulary/aq/pollutant/7,hour,83.0147599900,µg/m3,2018-04-26 15:00:00 +01:00,2018-04-26 16:00:00 +01:00,1,1
GB,http://environment.data.gov.uk/air-quality/so,GB_Network_1,Station_GB1024A,,GB_SamplingPoint_74174,GB_StationProcess_918,GB_SamplingFeature_918,O3,http://dd.eionet.europa.eu/vocabulary/aq/pollutant/7,hour,92.2386199900,µg/m3,2018-04-26 17:00:00 +01:00,2018-04-26 18:00:00 +01:00,1,1
GB,http://environment.data.gov.uk/air-quality/so,GB_Network_1,Station_GB1024A,,GB_SamplingPoint_74174,GB_StationProcess_918,GB_SamplingFeature_918,O3,http://dd.eionet.europa.eu/vocabulary/aq/pollutant/7,hour,89.0817899900,µg/m3,2018-04-26 18:00:00 +01:00,2018-04-26 19:00:00 +01:00,1,1
GB,http://environment.data.gov.uk/air-quality/so,GB_Network_1,Station_GB1024A,,GB_SamplingPoint_74174,GB_StationProcess_918,GB_SamplingFeature_918,O3,http://dd.eionet.europa.eu/vocabulary/aq/pollutant/7,hour,79.1180499900,µg/m3,2018-04-26 19:00:00 +01:00,2018-04-26 20:00:00 +01:00,1,1
GB,http://environment.data.gov.uk/air-quality/so,GB_Network_1,Station_GB1024A,,GB_SamplingPoint_74174,GB_StationProcess_918,GB_SamplingFeature_918,O3,http://dd.eionet.europa.eu/vocabulary/aq/pollutant/7,hour,68.9076799900,µg/m3,2018-04-26 20:00:00 +01:00,2018-04-26 21:00:00 +01:00,1,1
GB,http://environment.data.gov.uk/air-quality/so,GB_Network_1,Station_GB1024A,,GB_SamplingPoint_74174,GB_StationProcess_918,GB_SamplingFeature_918,O3,http://dd.eionet.europa.eu/vocabulary/aq/pollutant/7,hour,50.5585999900,µg/m3,2018-04-26 23:00:00 +01:00,2018-04-27 00:00:00 +01:00,1,1
GB,http://environment.data.gov.uk/air-quality/so,GB_Network_1,Station_GB1024A,,GB_SamplingPoint_74174,GB_StationProcess_918,GB_SamplingFeature_918,O3,http://dd.eionet.europa.eu/vocabulary/aq/pollutant/7,hour,54.6526199900,µg/m3,2018-04-27 00:00:00 +01:00,2018-04-27 01:00:00 +01:00,1,1
GB,http://environment.data.gov.uk/air-quality/so,GB_Network_1,Station_GB1024A,,GB_SamplingPoint_74174,GB_StationProcess_918,GB_SamplingFeature_918,O3,http://dd.eionet.europa.eu/vocabulary/aq/pollutant/7,hour,52.1196899900,µg/m3,2018-04-27 04:00:00 +01:00,2018-04-27 05:00:00 +01:00,1,1
GB,http://environment.data.gov.uk/air-quality/so,GB_Network_1,Station_GB1024A,,GB_SamplingPoint_74174,GB_StationProcess_918,GB_SamplingFeature_918,O3,http://dd.eionet.europa.eu/vocabulary/aq/pollutant/7,hour,59.3119999900,µg/m3,2018-04-27 06:00:00 +01:00,2018-04-27 07:00:00 +01:00,1,1
GB,http://environment.data.gov.uk/air-quality/so,GB_Network_1,Station_GB1024A,,GB_SamplingPoint_74174,GB_StationProcess_918,GB_SamplingFeature_918,O3,http://dd.eionet.europa.eu/vocabulary/aq/pollutant/7,hour,39.2129199900,µg/m3,2018-04-27 09:00:00 +01:00,2018-04-27 10:00:00 +01:00,1,1
GB,http://environment.data.gov.uk/air-quality/so,GB_Network_1,Station_GB1024A,,GB_SamplingPoint_74174,GB_StationProcess_918,GB_SamplingFeature_918,O3,http://dd.eionet.europa.eu/vocabulary/aq/pollutant/7,hour,36.6512699900,µg/m3,2018-04-27 13:00:00 +01:00,2018-04-27 14:00:00 +01:00,1,1
GB,http://environment.data.gov.uk/air-quality/so,GB_Network_1,Station_GB1024A,,GB_SamplingPoint_74174,GB_StationProcess_918,GB_SamplingFeature_918,O3,http://dd.eionet.europa.eu/vocabulary/aq/pollutant/7,hour,32.8087999900,µg/m3,2018-04-27 17:00:00 +01:00,2018-04-27 18:00:00 +01:00,1,1
GB,http://environment.data.gov.uk/air-quality/so,GB_Network_1,Station_GB1024A,,GB_SamplingPoint_74174,GB_StationProcess_918,GB_SamplingFeature_918,O3,http://dd.eionet.europa.eu/vocabulary/aq/pollutant/7,hour,46.8485999900,µg/m3,2018-04-27 18:00:00 +01:00,2018-04-27 19:00:00 +01:00,1,1
GB,http://environment.data.gov.uk/air-quality/so,GB_Network_1,Station_GB1024A,,GB_SamplingPoint_74174,GB_StationProcess_918,GB_SamplingFeature_918,O3,http://dd.eionet.europa.eu/vocabulary/aq/pollutant/7,hour,15.2220999900,µg/m3,2018-04-27 22:00:00 +01:00,2018-04-27 23:00:00 +01:00,1,1
GB,http://environment.data.gov.uk/air-quality/so,GB_Network_1,Station_GB1024A,,GB_SamplingPoint_74174,GB_StationProcess_918,GB_SamplingFeature_918,O3,http://dd.eionet.europa.eu/vocabulary/aq/pollutant/7,hour,46.2474899900,µg/m3,2018-04-28 05:00:00 +01:00,2018-04-28 06:00:00 +01:00,1,1
GB,http://environment.data.gov.uk/air-quality/so,GB_Network_1,Station_GB1024A,,GB_SamplingPoint_74174,GB_StationProcess_918,GB_SamplingFeature_918,O3,http://dd.eionet.europa.eu/vocabulary/aq/pollutant/7,hour,52.1514299900,µg/m3,2018-04-28 06:00:00 +01:00,2018-04-28 07:00:00 +01:00,1,1
GB,http://environment.data.gov.uk/air-quality/so,GB_Network_1,Station_GB1024A,,GB_SamplingPoint_74174,GB_StationProcess_918,GB_SamplingFeature_918,O3,http://dd.eionet.europa.eu/vocabulary/aq/pollutant/7,hour,51.8070299900,µg/m3,2018-04-28 07:00:00 +01:00,2018-04-28 08:00:00 +01:00,1,1
GB,http://environment.data.gov.uk/air-quality/so,GB_Network_1,Station_GB1024A,,GB_SamplingPoint_74174,GB_StationProcess_918,GB_SamplingFeature_918,O3,http://dd.eionet.europa.eu/vocabulary/aq/pollutant/7,hour,71.3884099900,µg/m3,2018-04-28 12:00:00 +01:00,2018-04-28 13:00:00 +01:00,1,1
GB,http://environment.data.gov.uk/air-quality/so,GB_Network_1,Station_GB1024A,,GB_SamplingPoint_74174,GB_StationProcess_918,GB_SamplingFeature_918,O3,http://dd.eionet.europa.eu/vocabulary/aq/pollutant/7,hour,62.4341099900,µg/m3,2018-04-28 14:00:00 +01:00,2018-04-28 15:00:00 +01:00,1,1
GB,http://environment.data.gov.uk/air-quality/so,GB_Network_1,Station_GB1024A,,GB_SamplingPoint_74174,GB_StationProcess_918,GB_SamplingFeature_918,O3,http://dd.eionet.europa.eu/vocabulary/aq/pollutant/7,hour,67.6000599900,µg/m3,2018-04-28 19:00:00 +01:00,2018-04-28 20:00:00 +01:00,1,1
GB,http://environment.data.gov.uk/air-quality/so,GB_Network_1,Station_GB1024A,,GB_SamplingPoint_74174,GB_StationProcess_918,GB_SamplingFeature_918,O3,http://dd.eionet.europa.eu/vocabulary/aq/pollutant/7,hour,64.1068999900,µg/m3,2018-04-28 20:00:00 +01:00,2018-04-28 21:00:00 +01:00,1,1
GB,http://environment.data.gov.uk/air-quality/so,GB_Network_1,Station_GB1024A,,GB_SamplingPoint_74174,GB_StationProcess_918,GB_SamplingFeature_918,O3,http://dd.eionet.europa.eu/vocabulary/aq/pollutant/7,hour,62.4341099900,µg/m3,2018-04-28 22:00:00 +01:00,2018-04-28 23:00:00 +01:00,1,1
GB,http://environment.data.gov.uk/air-quality/so,GB_Network_1,Station_GB1024A,,GB_SamplingPoint_74174,GB_StationProcess_918,GB_SamplingFeature_918,O3,http://dd.eionet.europa.eu/vocabulary/aq/pollutant/7,hour,65.1400799900,µg/m3,2018-04-29 00:00:00 +01:00,2018-04-29 01:00:00 +01:00,1,1
GB,http://environment.data.gov.uk/air-quality/so,GB_Network_1,Station_GB1024A,,GB_SamplingPoint_74174,GB_StationProcess_918,GB_SamplingFeature_918,O3,http://dd.eionet.europa.eu/vocabulary/aq/pollutant/7,hour,65.2532099900,µg/m3,2018-04-29 02:00:00 +01:00,2018-04-29 03:00:00 +01:00,1,1
GB,http://environment.data.gov.uk/air-quality/so,GB_Network_1,Station_GB1024A,,GB_SamplingPoint_74174,GB_StationProcess_918,GB_SamplingFeature_918,O3,http://dd.eionet.europa.eu/vocabulary/aq/pollutant/7,hour,67.6608999900,µg/m3,2018-04-29 03:00:00 +01:00,2018-04-29 04:00:00 +01:00,1,1
GB,http://environment.data.gov.uk/air-quality/so,GB_Network_1,Station_GB1024A,,GB_SamplingPoint_74174,GB_StationProcess_918,GB_SamplingFeature_918,O3,http://dd.eionet.europa.eu/vocabulary/aq/pollutant/7,hour,67.7591699900,µg/m3,2018-04-29 05:00:00 +01:00,2018-04-29 06:00:00 +01:00,1,1
GB,http://environment.data.gov.uk/air-quality/so,GB_Network_1,Station_GB1024A,,GB_SamplingPoint_74174,GB_StationProcess_918,GB_SamplingFeature_918,O3,http://dd.eionet.europa.eu/vocabulary/aq/pollutant/7,hour,69.6754899900,µg/m3,2018-04-29 15:00:00 +01:00,2018-04-29 16:00:00 +01:00,1,1
GB,http://environment.data.gov.uk/air-quality/so,GB_Network_1,Station_GB1024A,,GB_SamplingPoint_74174,GB_StationProcess_918,GB_SamplingFeature_918,O3,http://dd.eionet.europa.eu/vocabulary/aq/pollutant/7,hour,73.8029599900,µg/m3,2018-04-29 18:00:00 +01:00,2018-04-29 19:00:00 +01:00,1,1
GB,http://environment.data.gov.uk/air-quality/so,GB_Network_1,Station_GB1024A,,GB_SamplingPoint_74174,GB_StationProcess_918,GB_SamplingFeature_918,O3,http://dd.eionet.europa.eu/vocabulary/aq/pollutant/7,hour,77.5373299900,µg/m3,2018-04-29 20:00:00 +01:00,2018-04-29 21:00:00 +01:00,1,1
GB,http://environment.data.gov.uk/air-quality/so,GB_Network_1,Station_GB1024A,,GB_SamplingPoint_74174,GB_StationProcess_918,GB_SamplingFeature_918,O3,http://dd.eionet.europa.eu/vocabulary/aq/pollutant/7,hour,81.4128599900,µg/m3,2018-04-30 05:00:00 +01:00,2018-04-30 06:00:00 +01:00,1,1
GB,http://environment.data.gov.uk/air-quality/so,GB_Network_1,Station_GB1024A,,GB_SamplingPoint_74174,GB_StationProcess_918,GB_SamplingFeature_918,O3,http://dd.eionet.europa.eu/vocabulary/aq/pollutant/7,hour,77.6832699900,µg/m3,2018-04-30 06:00:00 +01:00,2018-04-30 07:00:00 +01:00,1,1
GB,http://environment.data.gov.uk/air-quality/so,GB_Network_1,Station_GB1024A,,GB_SamplingPoint_74174,GB_StationProcess_918,GB_SamplingFeature_918,O3,http://dd.eionet.europa.eu/vocabulary/aq/pollutant/7,hour,71.0583599900,µg/m3,2018-04-30 08:00:00 +01:00,2018-04-30 09:00:00 +01:00,1,1
GB,http://environment.data.gov.uk/air-quality/so,GB_Network_1,Station_GB1024A,,GB_SamplingPoint_74174,GB_StationProcess_918,GB_SamplingFeature_918,O3,http://dd.eionet.europa.eu/vocabulary/aq/pollutant/7,hour,69.4389299900,µg/m3,2018-04-30 09:00:00 +01:00,2018-04-30 10:00:00 +01:00,1,1
GB,http://environment.data.gov.uk/air-quality/so,GB_Network_1,Station_GB1024A,,GB_SamplingPoint_74174,GB_StationProcess_918,GB_SamplingFeature_918,O3,http://dd.eionet.europa.eu/vocabulary/aq/pollutant/7,hour,67.3778499900,µg/m3,2018-04-30 14:00:00 +01:00,2018-04-30 15:00:00 +01:00,1,1
GB,http://environment.data.gov.uk/air-quality/so,GB_Network_1,Station_GB1024A,,GB_SamplingPoint_74174,GB_StationProcess_918,GB_SamplingFeature_918,O3,http://dd.eionet.europa.eu/vocabulary/aq/pollutant/7,hour,70.7639199900,µg/m3,2018-04-30 15:00:00 +01:00,2018-04-30 16:00:00 +01:00,1,1
GB,http://environment.data.gov.uk/air-quality/so,GB_Network_1,Station_GB1024A,,GB_SamplingPoint_74174,GB_StationProcess_918,GB_SamplingFeature_918,O3,http://dd.eionet.europa.eu/vocabulary/aq/pollutant/7,hour,73.0703699900,µg/m3,2018-04-30 16:00:00 +01:00,2018-04-30 17:00:00 +01:00,1,1
GB,http://environment.data.gov.uk/air-quality/so,GB_Network_1,Station_GB1024A,,GB_SamplingPoint_74174,GB_StationProcess_918,GB_SamplingFeature_918,O3,http://dd.eionet.europa.eu/vocabulary/aq/pollutant/7,hour,69.3407899900,µg/m3,2018-04-30 17:00:00 +01:00,2018-04-30 18:00:00 +01:00,1,1
GB,http://environment.data.gov.uk/air-quality/so,GB_Network_1,Station_GB1024A,,GB_SamplingPoint_74174,GB_StationProcess_918,GB_SamplingFeature_918,O3,http://dd.eionet.europa.eu/vocabulary/aq/pollutant/7,hour,62.0779199900,µg/m3,2018-04-30 19:00:00 +01:00,2018-04-30 20:00:00 +01:00,1,1
GB,http://environment.data.gov.uk/air-quality/so,GB_Network_1,Station_GB1024A,,GB_SamplingPoint_74174,GB_StationProcess_918,GB_SamplingFeature_918,O3,http://dd.eionet.europa.eu/vocabulary/aq/pollutant/7,hour,41.1726299900,µg/m3,2018-04-30 22:00:00 +01:00,2018-04-30 23:00:00 +01:00,1,1
GB,http://environment.data.gov.uk/air-quality/so,GB_Network_1,Station_GB1024A,,GB_SamplingPoint_74174,GB_StationProcess_918,GB_SamplingFeature_918,O3,http://dd.eionet.europa.eu/vocabulary/aq/pollutant/7,hour,44.3054399900,µg/m3,2018-05-01 01:00:00 +01:00,2018-05-01 02:00:00 +01:00,1,1
GB,http://environment.data.gov.uk/air-quality/so,GB_Network_1,Station_GB1024A,,GB_SamplingPoint_74174,GB_StationProcess_918,GB_SamplingFeature_918,O3,http://dd.eionet.europa.eu/vocabulary/aq/pollutant/7,hour,56.7050899900,µg/m3,2018-05-01 04:00:00 +01:00,2018-05-01 05:00:00 +01:00,1,1
GB,http://environment.data.gov.uk/air-quality/so,GB_Network_1,Station_GB1024A,,GB_SamplingPoint_74174,GB_StationProcess_918,GB_SamplingFeature_918,O3,http://dd.eionet.europa.eu/vocabulary/aq/pollutant/7,hour,30.5825199900,µg/m3,2018-05-01 07:00:00 +01:00,2018-05-01 08:00:00 +01:00,1,1
GB,http://environment.data.gov.uk/air-quality/so,GB_Network_1,Station_GB1024A,,GB_SamplingPoint_74174,GB_StationProcess_918,GB_SamplingFeature_918,O3,http://dd.eionet.europa.eu/vocabulary/aq/pollutant/7,hour,41.5608599900,µg/m3,2018-05-01 09:00:00 +01:00,2018-05-01 10:00:00 +01:00,1,1
GB,http://environment.data.gov.uk/air-quality/so,GB_Network_1,Station_GB1024A,,GB_SamplingPoint_74174,GB_StationProcess_918,GB_SamplingFeature_918,O3,http://dd.eionet.europa.eu/vocabulary/aq/pollutant/7,hour,70.3299899900,µg/m3,2018-05-01 11:00:00 +01:00,2018-05-01 12:00:00 +01:00,1,1
GB,http://environment.data.gov.uk/air-quality/so,GB_Network_1,Station_GB1024A,,GB_SamplingPoint_74174,GB_StationProcess_918,GB_SamplingFeature_918,O3,http://dd.eionet.europa.eu/vocabulary/aq/pollutant/7,hour,89.4440699900,µg/m3,2018-05-01 16:00:00 +01:00,2018-05-01 17:00:00 +01:00,1,1
GB,http://environment.data.gov.uk/air-quality/so,GB_Network_1,Station_GB1024A,,GB_SamplingPoint_74174,GB_StationProcess_918,GB_SamplingFeature_918,O3,http://dd.eionet.europa.eu/vocabulary/aq/pollutant/7,hour,82.4355699900,µg/m3,2018-05-01 17:00:00 +01:00,2018-05-01 18:00:00 +01:00,1,1
GB,http://environment.data.gov.uk/air-quality/so,GB_Network_1,Station_GB1024A,,GB_SamplingPoint_74174,GB_StationProcess_918,GB_SamplingFeature_918,O3,http://dd.eionet.europa.eu/vocabulary/aq/pollutant/7,hour,86.3564099900,µg/m3,2018-05-01 18:00:00 +01:00,2018-05-01 19:00:00 +01:00,1,1
GB,http://environment.data.gov.uk/air-quality/so,GB_Network_1,Station_GB1024A,,GB_SamplingPoint_74174,GB_StationProcess_918,GB_SamplingFeature_918,O3,http://dd.eionet.europa.eu/vocabulary/aq/pollutant/7,hour,78.0736399900,µg/m3,2018-05-01 19:00:00 +01:00,2018-05-01 20:00:00 +01:00,1,1
GB,http://environment.data.gov.uk/air-quality/so,GB_Network_1,Station_GB1024A,,GB_SamplingPoint_74174,GB_StationProcess_918,GB_SamplingFeature_918,O3,http://dd.eionet.europa.eu/vocabulary/aq/pollutant/7,hour,67.2423299900,µg/m3,2018-05-02 00:00:00 +01:00,2018-05-02 01:00:00 +01:00,1,1
GB,http://environment.data.gov.uk/air-quality/so,GB_Network_1,Station_GB1024A,,GB_SamplingPoint_74174,GB_StationProcess_918,GB_SamplingFeature_918,O3,http://dd.eionet.europa.eu/vocabulary/aq/pollutant/7,hour,69.3095799900,µg/m3,2018-05-02 01:00:00 +01:00,2018-05-02 02:00:00 +01:00,1,1
GB,http://environment.data.gov.uk/air-quality/so,GB_Network_1,Station_GB1024A,,GB_SamplingPoint_74174,GB_StationProcess_918,GB_SamplingFeature_918,O3,http://dd.eionet.europa.eu/vocabulary/aq/pollutant/7,hour,81.5953899900,µg/m3,2018-05-02 04:00:00 +01:00,2018-05-02 05:00:00 +01:00,1,1
GB,http://environment.data.gov.uk/air-quality/so,GB_Network_1,Station_GB1024A,,GB_SamplingPoint_74174,GB_StationProcess_918,GB_SamplingFeature_918,O3,http://dd.eionet.europa.eu/vocabulary/aq/pollutant/7,hour,72.6869499900,µg/m3,2018-05-02 07:00:00 +01:00,2018-05-02 08:00:00 +01:00,1,1
GB,http://environment.data.gov.uk/air-quality/so,GB_Network_1,Station_GB1024A,,GB_SamplingPoint_74174,GB_StationProcess_918,GB_SamplingFeature_918,O3,http://dd.eionet.europa.eu/vocabulary/aq/pollutant/7,hour,64.5616799900,µg/m3,2018-05-02 10:00:00 +01:00,2018-05-02 11:00:00 +01:00,1,1
GB,http://environment.data.gov.uk/air-quality/so,GB_Network_1,Station_GB1024A,,GB_SamplingPoint_74174,GB_StationProcess_918,GB_SamplingFeature_918,O3,http://dd.eionet.europa.eu/vocabulary/aq/pollutant/7,hour,60.5479899900,µg/m3,2018-05-02 12:00:00 +01:00,2018-05-02 13:00:00 +01:00,1,1
GB,http://environment.data.gov.uk/air-quality/so,GB_Network_1,Station_GB1024A,,GB_SamplingPoint_74174,GB_StationProcess_918,GB_SamplingFeature_918,O3,http://dd.eionet.europa.eu/vocabulary/aq/pollutant/7,hour,57.2685099900,µg/m3,2018-05-02 13:00:00 +01:00,2018-05-02 14:00:00 +01:00,1,1
GB,http://environment.data.gov.uk/air-quality/so,GB_Network_1,Station_GB1024A,,GB_SamplingPoint_74174,GB_StationProcess_918,GB_SamplingFeature_918,O3,http://dd.eionet.europa.eu/vocabulary/aq/pollutant/7,hour,76.5537999900,µg/m3,2018-05-02 18:00:00 +01:00,2018-05-02 19:00:00 +01:00,1,1
GB,http://environment.data.gov.uk/air-quality/so,GB_Network_1,Station_GB1024A,,GB_SamplingPoint_74174,GB_StationProcess_918,GB_SamplingFeature_918,O3,http://dd.eionet.europa.eu/vocabulary/aq/pollutant/7,hour,74.1553799900,µg/m3,2018-05-02 19:00:00 +01:00,2018-05-02 20:00:00 +01:00,1,1
GB,http://environment.data.gov.uk/air-quality/so,GB_Network_1,Station_GB1024A,,GB_SamplingPoint_74174,GB_StationProcess_918,GB_SamplingFeature_918,O3,http://dd.eionet.europa.eu/vocabulary/aq/pollutant/7,hour,46.8916499900,µg/m3,2018-05-02 21:00:00 +01:00,2018-05-02 22:00:00 +01:00,1,1
GB,http://environment.data.gov.uk/air-quality/so,GB_Network_1,Station_GB1024A,,GB_SamplingPoint_74174,GB_StationProcess_918,GB_SamplingFeature_918,O3,http://dd.eionet.europa.eu/vocabulary/aq/pollutant/7,hour,34.3121599900,µg/m3,2018-05-02 23:00:00 +01:00,2018-05-03 00:00:00 +01:00,1,1
GB,http://environment.data.gov.uk/air-quality/so,GB_Network_1,Station_GB1024A,,GB_SamplingPoint_74174,GB_StationProcess_918,GB_SamplingFeature_918,O3,http://dd.eionet.europa.eu/vocabulary/aq/pollutant/7,hour,34.2842899900,µg/m3,2018-05-03 01:00:00 +01:00,2018-05-03 02:00:00 +01:00,1,1
GB,http://environment.data.gov.uk/air-quality/so,GB_Network_1,Station_GB1024A,,GB_SamplingPoint_74174,GB_StationProcess_918,GB_SamplingFeature_918,O3,http://dd.eionet.europa.eu/vocabulary/aq/pollutant/7,hour,39.2379099900,µg/m3,2018-05-03 02:00:00 +01:00,2018-05-03 03:00:00 +01:00,1,1
GB,http://environment.data.gov.uk/air-quality/so,GB_Network_1,Station_GB1024A,,GB_SamplingPoint_74174,GB_StationProcess_918,GB_SamplingFeature_918,O3,http://dd.eionet.europa.eu/vocabulary/aq/pollutant/7,hour,28.4018599900,µg/m3,2018-05-03 09:00:00 +01:00,2018-05-03 10:00:00 +01:00,1,1
GB,http://environment.data.gov.uk/air-quality/so,GB_Network_1,Station_GB1024A,,GB_SamplingPoint_74174,GB_StationProcess_918,GB_SamplingFeature_918,O3,http://dd.eionet.europa.eu/vocabulary/aq/pollutant/7,hour,41.7473099900,µg/m3,2018-05-03 10:00:00 +01:00,2018-05-03 11:00:00 +01:00,1,1
GB,http://environment.data.gov.uk/air-quality/so,GB_Network_1,Station_GB1024A,,GB_SamplingPoint_74174,GB_StationProcess_918,GB_SamplingFeature_918,O3,http://dd.eionet.europa.eu/vocabulary/aq/pollutant/7,hour,71.1268599900,µg/m3,2018-05-03 13:00:00 +01:00,2018-05-03 14:00:00 +01:00,1,1
GB,http://environment.data.gov.uk/air-quality/so,GB_Network_1,Station_GB1024A,,GB_SamplingPoint_74174,GB_StationProcess_918,GB_SamplingFeature_918,O3,http://dd.eionet.europa.eu/vocabulary/aq/pollutant/7,hour,82.8591299900,µg/m3,2018-05-03 14:00:00 +01:00,2018-05-03 15:00:00 +01:00,1,1
GB,http://environment.data.gov.uk/air-quality/so,GB_Network_1,Station_GB1024A,,GB_SamplingPoint_74174,GB_StationProcess_918,GB_SamplingFeature_918,O3,http://dd.eionet.europa.eu/vocabulary/aq/pollutant/7,hour,79.4372099900,µg/m3,2018-05-03 15:00:00 +01:00,2018-05-03 16:00:00 +01:00,1,1
GB,http://environment.data.gov.uk/air-quality/so,GB_Network_1,Station_GB1024A,,GB_SamplingPoint_74174,GB_StationProcess_918,GB_SamplingFeature_918,O3,http://dd.eionet.europa.eu/vocabulary/aq/pollutant/7,hour,86.0854999900,µg/m3,2018-05-03 16:00:00 +01:00,2018-05-03 17:00:00 +01:00,1,1
GB,http://environment.data.gov.uk/air-quality/so,GB_Network_1,Station_GB1024A,,GB_SamplingPoint_74174,GB_StationProcess_918,GB_SamplingFeature_918,O3,http://dd.eionet.europa.eu/vocabulary/aq/pollutant/7,hour,84.3256599900,µg/m3,2018-05-03 17:00:00 +01:00,2018-05-03 18:00:00 +01:00,1,1
GB,http://environment.data.gov.uk/air-quality/so,GB_Network_1,Station_GB1024A,,GB_SamplingPoint_74174,GB_StationProcess_918,GB_SamplingFeature_918,O3,http://dd.eionet.europa.eu/vocabulary/aq/pollutant/7,hour,83.6412799900,µg/m3,2018-05-03 19:00:00 +01:00,2018-05-03 20:00:00 +01:00,1,1
GB,http://environment.data.gov.uk/air-quality/so,GB_Network_1,Station_GB1024A,,GB_SamplingPoint_74174,GB_StationProcess_918,GB_SamplingFeature_918,O3,http://dd.eionet.europa.eu/vocabulary/aq/pollutant/7,hour,38.2760099900,µg/m3,2018-05-04 01:00:00 +01:00,2018-05-04 02:00:00 +01:00,1,1
GB,http://environment.data.gov.uk/air-quality/so,GB_Network_1,Station_GB1024A,,GB_SamplingPoint_74174,GB_StationProcess_918,GB_SamplingFeature_918,O3,http://dd.eionet.europa.eu/vocabulary/aq/pollutant/7,hour,16.6969299900,µg/m3,2018-05-04 05:00:00 +01:00,2018-05-04 06:00:00 +01:00,1,1
GB,http://environment.data.gov.uk/air-quality/so,GB_Network_1,Station_GB1024A,,GB_SamplingPoint_74174,GB_StationProcess_918,GB_SamplingFeature_918,O3,http://dd.eionet.europa.eu/vocabulary/aq/pollutant/7,hour,53.0688999900,µg/m3,2018-05-04 09:00:00 +01:00,2018-05-04 10:00:00 +01:00,1,1
GB,http://environment.data.gov.uk/air-quality/so,GB_Network_1,Station_GB1024A,,GB_SamplingPoint_74174,GB_StationProcess_918,GB_SamplingFeature_918,O3,http://dd.eionet.europa.eu/vocabulary/aq/pollutant/7,hour,63.1749399900,µg/m3,2018-05-04 10:00:00 +01:00,2018-05-04 11:00:00 +01:00,1,1
GB,http://environment.data.gov.uk/air-quality/so,GB_Network_1,Station_GB1024A,,GB_SamplingPoint_74174,GB_StationProcess_918,GB_SamplingFeature_918,O3,http://dd.eionet.europa.eu/vocabulary/aq/pollutant/7,hour,74.9408999900,µg/m3,2018-05-04 11:00:00 +01:00,2018-05-04 12:00:00 +01:00,1,1
GB,http://environment.data.gov.uk/air-quality/so,GB_Network_1,Station_GB1024A,,GB_SamplingPoint_74174,GB_StationProcess_918,GB_SamplingFeature_918,O3,http://dd.eionet.europa.eu/vocabulary/aq/pollutant/7,hour,69.5705499900,µg/m3,2018-05-04 17:00:00 +01:00,2018-05-04 18:00:00 +01:00,1,1
GB,http://environment.data.gov.uk/air-quality/so,GB_Network_1,Station_GB1024A,,GB_SamplingPoint_74174,GB_StationProcess_918,GB_SamplingFeature_918,O3,http://dd.eionet.europa.eu/vocabulary/aq/pollutant/7,hour,69.2776199900,µg/m3,2018-05-04 18:00:00 +01:00,2018-05-04 19:00:00 +01:00,1,1
GB,http://environment.data.gov.uk/air-quality/so,GB_Network_1,Station_GB1024A,,GB_SamplingPoint_74174,GB_StationProcess_918,GB_SamplingFeature_918,O3,http://dd.eionet.europa.eu/vocabulary/aq/pollutant/7,hour,14.4324999900,µg/m3,2018-05-05 02:00:00 +01:00,2018-05-05 03:00:00 +01:00,1,1
GB,http://environment.data.gov.uk/air-quality/so,GB_Network_1,Station_GB1024A,,GB_SamplingPoint_74174,GB_StationProcess_918,GB_SamplingFeature_918,O3,http://dd.eionet.europa.eu/vocabulary/aq/pollutant/7,hour,2.3404099900,µg/m3,2018-05-05 06:00:00 +01:00,2018-05-05 07:00:00 +01:00,2,1
GB,http://environment.data.gov.uk/air-quality/so,GB_Network_1,Station_GB1024A,,GB_SamplingPoint_74174,GB_StationProcess_918,GB_SamplingFeature_918,O3,http://dd.eionet.europa.eu/vocabulary/aq/pollutant/7,hour,37.9828199900,µg/m3,2018-05-05 08:00:00 +01:00,2018-05-05 09:00:00 +01:00,1,1
GB,http://environment.data.gov.uk/air-quality/so,GB_Network_1,Station_GB1024A,,GB_SamplingPoint_74174,GB_StationProcess_918,GB_SamplingFeature_918,O3,http://dd.eionet.europa.eu/vocabulary/aq/pollutant/7,hour,107.4148299900,µg/m3,2018-05-05 18:00:00 +01:00,2018-05-05 19:00:00 +01:00,1,1
GB,http://environment.data.gov.uk/air-quality/so,GB_Network_1,Station_GB1024A,,GB_SamplingPoint_74174,GB_StationProcess_918,GB_SamplingFeature_918,O3,http://dd.eionet.europa.eu/vocabulary/aq/pollutant/7,hour,30.9702899900,µg/m3,2018-05-06 02:00:00 +01:00,2018-05-06 03:00:00 +01:00,1,1
GB,http://environment.data.gov.uk/air-quality/so,GB_Network_1,Station_GB1024A,,GB_SamplingPoint_74174,GB_StationProcess_918,GB_SamplingFeature_918,O3,http://dd.eionet.europa.eu/vocabulary/aq/pollutant/7,hour,56.1458299900,µg/m3,2018-05-06 07:00:00 +01:00,2018-05-06 08:00:00 +01:00,1,1
GB,http://environment.data.gov.uk/air-quality/so,GB_Network_1,Station_GB1024A,,GB_SamplingPoint_74174,GB_StationProcess_918,GB_SamplingFeature_918,O3,http://dd.eionet.europa.eu/vocabulary/aq/pollutant/7,hour,76.0622599900,µg/m3,2018-05-06 10:00:00 +01:00,2018-05-06 11:00:00 +01:00,1,1
GB,http://environment.data.gov.uk/air-quality/so,GB_Network_1,Station_GB1024A,,GB_SamplingPoint_74174,GB_StationProcess_918,GB_SamplingFeature_918,O3,http://dd.eionet.europa.eu/vocabulary/aq/pollutant/7,hour,97.5856399900,µg/m3,2018-05-06 11:00:00 +01:00,2018-05-06 12:00:00 +01:00,1,1
GB,http://environment.data.gov.uk/air-quality/so,GB_Network_1,Station_GB1024A,,GB_SamplingPoint_74174,GB_StationProcess_918,GB_SamplingFeature_918,O3,http://dd.eionet.europa.eu/vocabulary/aq/pollutant/7,hour,123.0533499900,µg/m3,2018-05-06 19:00:00 +01:00,2018-05-06 20:00:00 +01:00,1,1
GB,http://environment.data.gov.uk/air-quality/so,GB_Network_1,Station_GB1024A,,GB_SamplingPoint_74174,GB_StationProcess_918,GB_SamplingFeature_918,O3,http://dd.eionet.europa.eu/vocabulary/aq/pollutant/7,hour,94.4204399900,µg/m3,2018-05-06 22:00:00 +01:00,2018-05-06 23:00:00 +01:00,1,1
GB,http://environment.data.gov.uk/air-quality/so,GB_Network_1,Station_GB1024A,,GB_SamplingPoint_74174,GB_StationProcess_918,GB_SamplingFeature_918,O3,http://dd.eionet.europa.eu/vocabulary/aq/pollutant/7,hour,26.6505699900,µg/m3,2018-05-07 01:00:00 +01:00,2018-05-07 02:00:00 +01:00,1,1
GB,http://environment.data.gov.uk/air-quality/so,GB_Network_1,Station_GB1024A,,GB_SamplingPoint_74174,GB_StationProcess_918,GB_SamplingFeature_918,O3,http://dd.eionet.europa.eu/vocabulary/aq/pollutant/7,hour,4.7659799900,µg/m3,2018-05-07 04:00:00 +01:00,2018-05-07 05:00:00 +01:00,2,1
GB,http://environment.data.gov.uk/air-quality/so,GB_Network_1,Station_GB1024A,,GB_SamplingPoint_74174,GB_StationProcess_918,GB_SamplingFeature_918,O3,http://dd.eionet.europa.eu/vocabulary/aq/pollutant/7,hour,74.6993999900,µg/m3,2018-05-07 09:00:00 +01:00,2018-05-07 10:00:00 +01:00,1,1
GB,http://environment.data.gov.uk/air-quality/so,GB_Network_1,Station_GB1024A,,GB_SamplingPoint_74174,GB_StationProcess_918,GB_SamplingFeature_918,O3,http://dd.eionet.europa.eu/vocabulary/aq/pollutant/7,hour,142.3957399900,µg/m3,2018-05-07 17:00:00 +01:00,2018-05-07 18:00:00 +01:00,1,1
GB,http://environment.data.gov.uk/air-quality/so,GB_Network_1,Station_GB1024A,,GB_SamplingPoint_74174,GB_StationProcess_918,GB_SamplingFeature_918,O3,http://dd.eionet.europa.eu/vocabulary/aq/pollutant/7,hour,129.7026799900,µg/m3,2018-05-07 18:00:00 +01:00,2018-05-07 19:00:00 +01:00,1,1
GB,http://environment.data.gov.uk/air-quality/so,GB_Network_1,Station_GB1024A,,GB_SamplingPoint_74174,GB_StationProcess_918,GB_SamplingFeature_918,O3,http://dd.eionet.europa.eu/vocabulary/aq/pollutant/7,hour,96.2921999900,µg/m3,2018-05-07 20:00:00 +01:00,2018-05-07 21:00:00 +01:00,1,1
GB,http://environment.data.gov.uk/air-quality/so,GB_Network_1,Station_GB1024A,,GB_SamplingPoint_74174,GB_StationProcess_918,GB_SamplingFeature_918,O3,http://dd.eionet.europa.eu/vocabulary/aq/pollutant/7,hour,15.4126999900,µg/m3,2018-05-08 01:00:00 +01:00,2018-05-08 02:00:00 +01:00,1,1
GB,http://environment.data.gov.uk/air-quality/so,GB_Network_1,Station_GB1024A,,GB_SamplingPoint_74174,GB_StationProcess_918,GB_SamplingFeature_918,O3,http://dd.eionet.europa.eu/vocabulary/aq/pollutant/7,hour,1.3599399900,µg/m3,2018-05-08 05:00:00 +01:00,2018-05-08 06:00:00 +01:00,2,1
GB,http://environment.data.gov.uk/air-quality/so,GB_Network_1,Station_GB1024A,,GB_SamplingPoint_74174,GB_StationProcess_918,GB_SamplingFeature_918,O3,http://dd.eionet.europa.eu/vocabulary/aq/pollutant/7,hour,2.7198899900,µg/m3,2018-05-08 06:00:00 +01:00,2018-05-08 07:00:00 +01:00,2,1
GB,http://environment.data.gov.uk/air-quality/so,GB_Network_1,Station_GB1024A,,GB_SamplingPoint_74174,GB_StationProcess_918,GB_SamplingFeature_918,O3,http://dd.eionet.europa.eu/vocabulary/aq/pollutant/7,hour,3.6912799900,µg/m3,2018-05-08 07:00:00 +01:00,2018-05-08 08:00:00 +01:00,2,1
GB,http://environment.data.gov.uk/air-quality/so,GB_Network_1,Station_GB1024A,,GB_SamplingPoint_74174,GB_StationProcess_918,GB_SamplingFeature_918,O3,http://dd.eionet.europa.eu/vocabulary/aq/pollutant/7,hour,129.1460899900,µg/m3,2018-05-08 15:00:00 +01:00,2018-05-08 16:00:00 +01:00,1,1
GB,http://environment.data.gov.uk/air-quality/so,GB_Network_1,Station_GB1024A,,GB_SamplingPoint_74174,GB_StationProcess_918,GB_SamplingFeature_918,O3,http://dd.eionet.europa.eu/vocabulary/aq/pollutant/7,hour,52.3092699900,µg/m3,2018-05-08 23:00:00 +01:00,2018-05-09 00:00:00 +01:00,1,1
GB,http://environment.data.gov.uk/air-quality/so,GB_Network_1,Station_GB1024A,,GB_SamplingPoint_74174,GB_StationProcess_918,GB_SamplingFeature_918,O3,http://dd.eionet.europa.eu/vocabulary/aq/pollutant/7,hour,45.7900599900,µg/m3,2018-05-09 01:00:00 +01:00,2018-05-09 02:00:00 +01:00,1,1
GB,http://environment.data.gov.uk/air-quality/so,GB_Network_1,Station_GB1024A,,GB_SamplingPoint_74174,GB_StationProcess_918,GB_SamplingFeature_918,O3,http://dd.eionet.europa.eu/vocabulary/aq/pollutant/7,hour,46.6308399900,µg/m3,2018-05-09 02:00:00 +01:00,2018-05-09 03:00:00 +01:00,1,1
GB,http://environment.data.gov.uk/air-quality/so,GB_Network_1,Station_GB1024A,,GB_SamplingPoint_74174,GB_StationProcess_918,GB_SamplingFeature_918,O3,http://dd.eionet.europa.eu/vocabulary/aq/pollutant/7,hour,26.7755399900,µg/m3,2018-05-09 07:00:00 +01:00,2018-05-09 08:00:00 +01:00,1,1
GB,http://environment.data.gov.uk/air-quality/so,GB_Network_1,Station_GB1024A,,GB_SamplingPoint_74174,GB_StationProcess_918,GB_SamplingFeature_918,O3,http://dd.eionet.europa.eu/vocabulary/aq/pollutant/7,hour,45.2079799900,µg/m3,2018-05-09 09:00:00 +01:00,2018-05-09 10:00:00 +01:00,1,1
GB,http://environment.data.gov.uk/air-quality/so,GB_Network_1,Station_GB1024A,,GB_SamplingPoint_74174,GB_StationProcess_918,GB_SamplingFeature_918,O3,http://dd.eionet.europa.eu/vocabulary/aq/pollutant/7,hour,63.5919099900,µg/m3,2018-05-09 11:00:00 +01:00,2018-05-09 12:00:00 +01:00,1,1
GB,http://environment.data.gov.uk/air-quality/so,GB_Network_1,Station_GB1024A,,GB_SamplingPoint_74174,GB_StationProcess_918,GB_SamplingFeature_918,O3,http://dd.eionet.europa.eu/vocabulary/aq/pollutant/7,hour,80.3266299900,µg/m3,2018-05-09 13:00:00 +01:00,2018-05-09 14:00:00 +01:00,1,1
GB,http://environment.data.gov.uk/air-quality/so,GB_Network_1,Station_GB1024A,,GB_SamplingPoint_74174,GB_StationProcess_918,GB_SamplingFeature_918,O3,http://dd.eionet.europa.eu/vocabulary/aq/pollutant/7,hour,88.8637599900,µg/m3,2018-05-09 14:00:00 +01:00,2018-05-09 15:00:00 +01:00,1,1
GB,http://environment.data.gov.uk/air-quality/so,GB_Network_1,Station_GB1024A,,GB_SamplingPoint_74174,GB_StationProcess_918,GB_SamplingFeature_918,O3,http://dd.eionet.europa.eu/vocabulary/aq/pollutant/7,hour,90.4159599900,µg/m3,2018-05-09 17:00:00 +01:00,2018-05-09 18:00:00 +01:00,1,1
GB,http://environment.data.gov.uk/air-quality/so,GB_Network_1,Station_GB1024A,,GB_SamplingPoint_74174,GB_StationProcess_918,GB_SamplingFeature_918,O3,http://dd.eionet.europa.eu/vocabulary/aq/pollutant/7,hour,55.6368599900,µg/m3,2018-05-09 23:00:00 +01:00,2018-05-10 00:00:00 +01:00,1,1
GB,http://environment.data.gov.uk/air-quality/so,GB_Network_1,Station_GB1024A,,GB_SamplingPoint_74174,GB_StationProcess_918,GB_SamplingFeature_918,O3,http://dd.eionet.europa.eu/vocabulary/aq/pollutant/7,hour,54.5697199900,µg/m3,2018-05-10 00:00:00 +01:00,2018-05-10 01:00:00 +01:00,1,1
GB,http://environment.data.gov.uk/air-quality/so,GB_Network_1,Station_GB1024A,,GB_SamplingPoint_74174,GB_StationProcess_918,GB_SamplingFeature_918,O3,http://dd.eionet.europa.eu/vocabulary/aq/pollutant/7,hour,63.0410299900,µg/m3,2018-05-10 01:00:00 +01:00,2018-05-10 02:00:00 +01:00,1,1
GB,http://environment.data.gov.uk/air-quality/so,GB_Network_1,Station_GB1024A,,GB_SamplingPoint_74174,GB_StationProcess_918,GB_SamplingFeature_918,O3,http://dd.eionet.europa.eu/vocabulary/aq/pollutant/7,hour,63.8807199900,µg/m3,2018-05-10 02:00:00 +01:00,2018-05-10 03:00:00 +01:00,1,1
GB,http://environment.data.gov.uk/air-quality/so,GB_Network_1,Station_GB1024A,,GB_SamplingPoint_74174,GB_StationProcess_918,GB_SamplingFeature_918,O3,http://dd.eionet.europa.eu/vocabulary/aq/pollutant/7,hour,58.9556299900,µg/m3,2018-05-10 03:00:00 +01:00,2018-05-10 04:00:00 +01:00,1,1
GB,http://environment.data.gov.uk/air-quality/so,GB_Network_1,Station_GB1024A,,GB_SamplingPoint_74174,GB_StationProcess_918,GB_SamplingFeature_918,O3,http://dd.eionet.europa.eu/vocabulary/aq/pollutant/7,hour,67.5785599900,µg/m3,2018-05-10 06:00:00 +01:00,2018-05-10 07:00:00 +01:00,1,1
GB,http://environment.data.gov.uk/air-quality/so,GB_Network_1,Station_GB1024A,,GB_SamplingPoint_74174,GB_StationProcess_918,GB_SamplingFeature_918,O3,http://dd.eionet.europa.eu/vocabulary/aq/pollutant/7,hour,62.6373299900,µg/m3,2018-05-10 09:00:00 +01:00,2018-05-10 10:00:00 +01:00,1,1
GB,http://environment.data.gov.uk/air-quality/so,GB_Network_1,Station_GB1024A,,GB_SamplingPoint_74174,GB_StationProcess_918,GB_SamplingFeature_918,O3,http://dd.eionet.europa.eu/vocabulary/aq/pollutant/7,hour,76.9281399900,µg/m3,2018-05-10 11:00:00 +01:00,2018-05-10 12:00:00 +01:00,1,1
GB,http://environment.data.gov.uk/air-quality/so,GB_Network_1,Station_GB1024A,,GB_SamplingPoint_74174,GB_StationProcess_918,GB_SamplingFeature_918,O3,http://dd.eionet.europa.eu/vocabulary/aq/pollutant/7,hour,82.6444599900,µg/m3,2018-05-10 12:00:00 +01:00,2018-05-10 13:00:00 +01:00,1,1
GB,http://environment.data.gov.uk/air-quality/so,GB_Network_1,Station_GB1024A,,GB_SamplingPoint_74174,GB_StationProcess_918,GB_SamplingFeature_918,O3,http://dd.eionet.europa.eu/vocabulary/aq/pollutant/7,hour,84.2915399900,µg/m3,2018-05-10 13:00:00 +01:00,2018-05-10 14:00:00 +01:00,1,1
GB,http://environment.data.gov.uk/air-quality/so,GB_Network_1,Station_GB1024A,,GB_SamplingPoint_74174,GB_StationProcess_918,GB_SamplingFeature_918,O3,http://dd.eionet.europa.eu/vocabulary/aq/pollutant/7,hour,88.6514499900,µg/m3,2018-05-10 15:00:00 +01:00,2018-05-10 16:00:00 +01:00,1,1
GB,http://environment.data.gov.uk/air-quality/so,GB_Network_1,Station_GB1024A,,GB_SamplingPoint_74174,GB_StationProcess_918,GB_SamplingFeature_918,O3,http://dd.eionet.europa.eu/vocabulary/aq/pollutant/7,hour,87.2465899900,µg/m3,2018-05-10 16:00:00 +01:00,2018-05-10 17:00:00 +01:00,1,1
GB,http://environment.data.gov.uk/air-quality/so,GB_Network_1,Station_GB1024A,,GB_SamplingPoint_74174,GB_StationProcess_918,GB_SamplingFeature_918,O3,http://dd.eionet.europa.eu/vocabulary/aq/pollutant/7,hour,86.8590399900,µg/m3,2018-05-10 18:00:00 +01:00,2018-05-10 19:00:00 +01:00,1,1
GB,http://environment.data.gov.uk/air-quality/so,GB_Network_1,Station_GB1024A,,GB_SamplingPoint_74174,GB_StationProcess_918,GB_SamplingFeature_918,O3,http://dd.eionet.europa.eu/vocabulary/aq/pollutant/7,hour,68.9834199900,µg/m3,2018-05-10 20:00:00 +01:00,2018-05-10 21:00:00 +01:00,1,1
GB,http://environment.data.gov.uk/air-quality/so,GB_Network_1,Station_GB1024A,,GB_SamplingPoint_74174,GB_StationProcess_918,GB_SamplingFeature_918,O3,http://dd.eionet.europa.eu/vocabulary/aq/pollutant/7,hour,36.9623199900,µg/m3,2018-05-10 21:00:00 +01:00,2018-05-10 22:00:00 +01:00,1,1
GB,http://environment.data.gov.uk/air-quality/so,GB_Network_1,Station_GB1024A,,GB_SamplingPoint_74174,GB_StationProcess_918,GB_SamplingFeature_918,O3,http://dd.eionet.europa.eu/vocabulary/aq/pollutant/7,hour,18.0209499900,µg/m3,2018-05-10 22:00:00 +01:00,2018-05-10 23:00:00 +01:00,1,1
GB,http://environment.data.gov.uk/air-quality/so,GB_Network_1,Station_GB1024A,,GB_SamplingPoint_74174,GB_StationProcess_918,GB_SamplingFeature_918,O3,http://dd.eionet.europa.eu/vocabulary/aq/pollutant/7,hour,23.7372699900,µg/m3,2018-05-10 23:00:00 +01:00,2018-05-11 00:00:00 +01:00,1,1
GB,http://environment.data.gov.uk/air-quality/so,GB_Network_1,Station_GB1024A,,GB_SamplingPoint_74174,GB_StationProcess_918,GB_SamplingFeature_918,O3,http://dd.eionet.europa.eu/vocabulary/aq/pollutant/7,hour,24.4154799900,µg/m3,2018-05-11 00:00:00 +01:00,2018-05-11 01:00:00 +01:00,1,1
GB,http://environment.data.gov.uk/air-quality/so,GB_Network_1,Station_GB1024A,,GB_SamplingPoint_74174,GB_StationProcess_918,GB_SamplingFeature_918,O3,http://dd.eionet.europa.eu/vocabulary/aq/pollutant/7,hour,6.1443099900,µg/m3,2018-05-11 03:00:00 +01:00,2018-05-11 04:00:00 +01:00,2,1
GB,http://environment.data.gov.uk/air-quality/so,GB_Network_1,Station_GB1024A,,GB_SamplingPoint_74174,GB_StationProcess_918,GB_SamplingFeature_918,O3,http://dd.eionet.europa.eu/vocabulary/aq/pollutant/7,hour,8.9019999900,µg/m3,2018-05-11 06:00:00 +01:00,2018-05-11 07:00:00 +01:00,1,1
GB,http://environment.data.gov.uk/air-quality/so,GB_Network_1,Station_GB1024A,,GB_SamplingPoint_74174,GB_StationProcess_918,GB_SamplingFeature_918,O3,http://dd.eionet.europa.eu/vocabulary/aq/pollutant/7,hour,53.7506399900,µg/m3,2018-05-11 07:00:00 +01:00,2018-05-11 08:00:00 +01:00,1,1
GB,http://environment.data.gov.uk/air-quality/so,GB_Network_1,Station_GB1024A,,GB_SamplingPoint_74174,GB_StationProcess_918,GB_SamplingFeature_918,O3,http://dd.eionet.europa.eu/vocabulary/aq/pollutant/7,hour,61.5398799900,µg/m3,2018-05-11 08:00:00 +01:00,2018-05-11 09:00:00 +01:00,1,1
GB,http://environment.data.gov.uk/air-quality/so,GB_Network_1,Station_GB1024A,,GB_SamplingPoint_74174,GB_StationProcess_918,GB_SamplingFeature_918,O3,http://dd.eionet.europa.eu/vocabulary/aq/pollutant/7,hour,66.0392599900,µg/m3,2018-05-11 09:00:00 +01:00,2018-05-11 10:00:00 +01:00,1,1
GB,http://environment.data.gov.uk/air-quality/so,GB_Network_1,Station_GB1024A,,GB_SamplingPoint_74174,GB_StationProcess_918,GB_SamplingFeature_918,O3,http://dd.eionet.europa.eu/vocabulary/aq/pollutant/7,hour,81.8112699900,µg/m3,2018-05-11 12:00:00 +01:00,2018-05-11 13:00:00 +01:00,1,1
GB,http://environment.data.gov.uk/air-quality/so,GB_Network_1,Station_GB1024A,,GB_SamplingPoint_74174,GB_StationProcess_918,GB_SamplingFeature_918,O3,http://dd.eionet.europa.eu/vocabulary/aq/pollutant/7,hour,84.7624799900,µg/m3,2018-05-11 14:00:00 +01:00,2018-05-11 15:00:00 +01:00,1,1
GB,http://environment.data.gov.uk/air-quality/so,GB_Network_1,Station_GB1024A,,GB_SamplingPoint_74174,GB_StationProcess_918,GB_SamplingFeature_918,O3,http://dd.eionet.europa.eu/vocabulary/aq/pollutant/7,hour,86.3106499900,µg/m3,2018-05-11 16:00:00 +01:00,2018-05-11 17:00:00 +01:00,1,1
GB,http://environment.data.gov.uk/air-quality/so,GB_Network_1,Station_GB1024A,,GB_SamplingPoint_74174,GB_StationProcess_918,GB_SamplingFeature_918,O3,http://dd.eionet.europa.eu/vocabulary/aq/pollutant/7,hour,87.6169199900,µg/m3,2018-05-11 17:00:00 +01:00,2018-05-11 18:00:00 +01:00,1,1
GB,http://environment.data.gov.uk/air-quality/so,GB_Network_1,Station_GB1024A,,GB_SamplingPoint_74174,GB_StationProcess_918,GB_SamplingFeature_918,O3,http://dd.eionet.europa.eu/vocabulary/aq/pollutant/7,hour,75.4734399900,µg/m3,2018-05-11 20:00:00 +01:00,2018-05-11 21:00:00 +01:00,1,1
GB,http://environment.data.gov.uk/air-quality/so,GB_Network_1,Station_GB1024A,,GB_SamplingPoint_74174,GB_StationProcess_918,GB_SamplingFeature_918,O3,http://dd.eionet.europa.eu/vocabulary/aq/pollutant/7,hour,51.1380899900,µg/m3,2018-05-11 23:00:00 +01:00,2018-05-12 00:00:00 +01:00,1,1
GB,http://environment.data.gov.uk/air-quality/so,GB_Network_1,Station_GB1024A,,GB_SamplingPoint_74174,GB_StationProcess_918,GB_SamplingFeature_918,O3,http://dd.eionet.europa.eu/vocabulary/aq/pollutant/7,hour,47.2866399900,µg/m3,2018-05-12 01:00:00 +01:00,2018-05-12 02:00:00 +01:00,1,1
GB,http://environment.data.gov.uk/air-quality/so,GB_Network_1,Station_GB1024A,,GB_SamplingPoint_74174,GB_StationProcess_918,GB_SamplingFeature_918,O3,http://dd.eionet.europa.eu/vocabulary/aq/pollutant/7,hour,47.6892799900,µg/m3,2018-05-12 03:00:00 +01:00,2018-05-12 04:00:00 +01:00,1,1
GB,http://environment.data.gov.uk/air-quality/so,GB_Network_1,Station_GB1024A,,GB_SamplingPoint_74174,GB_StationProcess_918,GB_SamplingFeature_918,O3,http://dd.eionet.europa.eu/vocabulary/aq/pollutant/7,hour,55.4200599900,µg/m3,2018-05-12 07:00:00 +01:00,2018-05-12 08:00:00 +01:00,1,1
GB,http://environment.data.gov.uk/air-quality/so,GB_Network_1,Station_GB1024A,,GB_SamplingPoint_74174,GB_StationProcess_918,GB_SamplingFeature_918,O3,http://dd.eionet.europa.eu/vocabulary/aq/pollutant/7,hour,53.3424199900,µg/m3,2018-05-12 09:00:00 +01:00,2018-05-12 10:00:00 +01:00,1,1
GB,http://environment.data.gov.uk/air-quality/so,GB_Network_1,Station_GB1024A,,GB_SamplingPoint_74174,GB_StationProcess_918,GB_SamplingFeature_918,O3,http://dd.eionet.europa.eu/vocabulary/aq/pollutant/7,hour,57.7876199900,µg/m3,2018-05-12 10:00:00 +01:00,2018-05-12 11:00:00 +01:00,1,1
GB,http://environment.data.gov.uk/air-quality/so,GB_Network_1,Station_GB1024A,,GB_SamplingPoint_74174,GB_StationProcess_918,GB_SamplingFeature_918,O3,http://dd.eionet.europa.eu/vocabulary/aq/pollutant/7,hour,50.8299099900,µg/m3,2018-05-12 11:00:00 +01:00,2018-05-12 12:00:00 +01:00,1,1
GB,http://environment.data.gov.uk/air-quality/so,GB_Network_1,Station_GB1024A,,GB_SamplingPoint_74174,GB_StationProcess_918,GB_SamplingFeature_918,O3,http://dd.eionet.europa.eu/vocabulary/aq/pollutant/7,hour,55.7099699900,µg/m3,2018-05-12 12:00:00 +01:00,2018-05-12 13:00:00 +01:00,1,1
GB,http://environment.data.gov.uk/air-quality/so,GB_Network_1,Station_GB1024A,,GB_SamplingPoint_74174,GB_StationProcess_918,GB_SamplingFeature_918,O3,http://dd.eionet.europa.eu/vocabulary/aq/pollutant/7,hour,30.7298699900,µg/m3,2018-05-12 17:00:00 +01:00,2018-05-12 18:00:00 +01:00,1,1
GB,http://environment.data.gov.uk/air-quality/so,GB_Network_1,Station_GB1024A,,GB_SamplingPoint_74174,GB_StationProcess_918,GB_SamplingFeature_918,O3,http://dd.eionet.europa.eu/vocabulary/aq/pollutant/7,hour,47.4960099900,µg/m3,2018-05-12 20:00:00 +01:00,2018-05-12 21:00:00 +01:00,1,1
GB,http://environment.data.gov.uk/air-quality/so,GB_Network_1,Station_GB1024A,,GB_SamplingPoint_74174,GB_StationProcess_918,GB_SamplingFeature_918,O3,http://dd.eionet.europa.eu/vocabulary/aq/pollutant/7,hour,36.0447899900,µg/m3,2018-05-12 21:00:00 +01:00,2018-05-12 22:00:00 +01:00,1,1
GB,http://environment.data.gov.uk/air-quality/so,GB_Network_1,Station_GB1024A,,GB_SamplingPoint_74174,GB_StationProcess_918,GB_SamplingFeature_918,O3,http://dd.eionet.europa.eu/vocabulary/aq/pollutant/7,hour,35.4649799900,µg/m3,2018-05-13 00:00:00 +01:00,2018-05-13 01:00:00 +01:00,1,1
GB,http://environment.data.gov.uk/air-quality/so,GB_Network_1,Station_GB1024A,,GB_SamplingPoint_74174,GB_StationProcess_918,GB_SamplingFeature_918,O3,http://dd.eionet.europa.eu/vocabulary/aq/pollutant/7,hour,35.7565099900,µg/m3,2018-05-13 09:00:00 +01:00,2018-05-13 10:00:00 +01:00,1,1
GB,http://environment.data.gov.uk/air-quality/so,GB_Network_1,Station_GB1024A,,GB_SamplingPoint_74174,GB_StationProcess_918,GB_SamplingFeature_918,O3,http://dd.eionet.europa.eu/vocabulary/aq/pollutant/7,hour,41.1127499900,µg/m3,2018-05-13 10:00:00 +01:00,2018-05-13 11:00:00 +01:00,1,1
GB,http://environment.data.gov.uk/air-quality/so,GB_Network_1,Station_GB1024A,,GB_SamplingPoint_74174,GB_StationProcess_918,GB_SamplingFeature_918,O3,http://dd.eionet.europa.eu/vocabulary/aq/pollutant/7,hour,72.3333499900,µg/m3,2018-05-13 13:00:00 +01:00,2018-05-13 14:00:00 +01:00,1,1
GB,http://environment.data.gov.uk/air-quality/so,GB_Network_1,Station_GB1024A,,GB_SamplingPoint_74174,GB_StationProcess_918,GB_SamplingFeature_918,O3,http://dd.eionet.europa.eu/vocabulary/aq/pollutant/7,hour,79.7645299900,µg/m3,2018-05-13 15:00:00 +01:00,2018-05-13 16:00:00 +01:00,1,1
GB,http://environment.data.gov.uk/air-quality/so,GB_Network_1,Station_GB1024A,,GB_SamplingPoint_74174,GB_StationProcess_918,GB_SamplingFeature_918,O3,http://dd.eionet.europa.eu/vocabulary/aq/pollutant/7,hour,85.6033099900,µg/m3,2018-05-13 16:00:00 +01:00,2018-05-13 17:00:00 +01:00,1,1
GB,http://environment.data.gov.uk/air-quality/so,GB_Network_1,Station_GB1024A,,GB_SamplingPoint_74174,GB_StationProcess_918,GB_SamplingFeature_918,O3,http://dd.eionet.europa.eu/vocabulary/aq/pollutant/7,hour,26.2503899900,µg/m3,2018-05-13 21:00:00 +01:00,2018-05-13 22:00:00 +01:00,1,1
GB,http://environment.data.gov.uk/air-quality/so,GB_Network_1,Station_GB1024A,,GB_SamplingPoint_74174,GB_StationProcess_918,GB_SamplingFeature_918,O3,http://dd.eionet.europa.eu/vocabulary/aq/pollutant/7,hour,33.8745899900,µg/m3,2018-05-14 00:00:00 +01:00,2018-05-14 01:00:00 +01:00,1,1
GB,http://environment.data.gov.uk/air-quality/so,GB_Network_1,Station_GB1024A,,GB_SamplingPoint_74174,GB_StationProcess_918,GB_SamplingFeature_918,O3,http://dd.eionet.europa.eu/vocabulary/aq/pollutant/7,hour,47.2918299900,µg/m3,2018-05-14 01:00:00 +01:00,2018-05-14 02:00:00 +01:00,1,1
GB,http://environment.data.gov.uk/air-quality/so,GB_Network_1,Station_GB1024A,,GB_SamplingPoint_74174,GB_StationProcess_918,GB_SamplingFeature_918,O3,http://dd.eionet.europa.eu/vocabulary/aq/pollutant/7,hour,52.3679899900,µg/m3,2018-05-14 02:00:00 +01:00,2018-05-14 03:00:00 +01:00,1,1
GB,http://environment.data.gov.uk/air-quality/so,GB_Network_1,Station_GB1024A,,GB_SamplingPoint_74174,GB_StationProcess_918,GB_SamplingFeature_918,O3,http://dd.eionet.europa.eu/vocabulary/aq/pollutant/7,hour,57.0586199900,µg/m3,2018-05-14 03:00:00 +01:00,2018-05-14 04:00:00 +01:00,1,1
GB,http://environment.data.gov.uk/air-quality/so,GB_Network_1,Station_GB1024A,,GB_SamplingPoint_74174,GB_StationProcess_918,GB_SamplingFeature_918,O3,http://dd.eionet.europa.eu/vocabulary/aq/pollutant/7,hour,68.4799799900,µg/m3,2018-05-14 12:00:00 +01:00,2018-05-14 13:00:00 +01:00,1,1
GB,http://environment.data.gov.uk/air-quality/so,GB_Network_1,Station_GB1024A,,GB_SamplingPoint_74174,GB_StationProcess_918,GB_SamplingFeature_918,O3,http://dd.eionet.europa.eu/vocabulary/aq/pollutant/7,hour,75.3231499900,µg/m3,2018-05-14 13:00:00 +01:00,2018-05-14 14:00:00 +01:00,1,1
GB,http://environment.data.gov.uk/air-quality/so,GB_Network_1,Station_GB1024A,,GB_SamplingPoint_74174,GB_StationProcess_918,GB_SamplingFeature_918,O3,http://dd.eionet.europa.eu/vocabulary/aq/pollutant/7,hour,79.1302799900,µg/m3,2018-05-14 14:00:00 +01:00,2018-05-14 15:00:00 +01:00,1,1
GB,http://environment.data.gov.uk/air-quality/so,GB_Network_1,Station_GB1024A,,GB_SamplingPoint_74174,GB_StationProcess_918,GB_SamplingFeature_918,O3,http://dd.eionet.europa.eu/vocabulary/aq/pollutant/7,hour,84.4795199900,µg/m3,2018-05-14 15:00:00 +01:00,2018-05-14 16:00:00 +01:00,1,1
GB,http://environment.data.gov.uk/air-quality/so,GB_Network_1,Station_GB1024A,,GB_SamplingPoint_74174,GB_StationProcess_918,GB_SamplingFeature_918,O3,http://dd.eionet.europa.eu/vocabulary/aq/pollutant/7,hour,85.4433499900,µg/m3,2018-05-14 17:00:00 +01:00,2018-05-14 18:00:00 +01:00,1,1
GB,http://environment.data.gov.uk/air-quality/so,GB_Network_1,Station_GB1024A,,GB_SamplingPoint_74174,GB_StationProcess_918,GB_SamplingFeature_918,O3,http://dd.eionet.europa.eu/vocabulary/aq/pollutant/7,hour,77.3471899900,µg/m3,2018-05-14 20:00:00 +01:00,2018-05-14 21:00:00 +01:00,1,1
GB,http://environment.data.gov.uk/air-quality/so,GB_Network_1,Station_GB1024A,,GB_SamplingPoint_74174,GB_StationProcess_918,GB_SamplingFeature_918,O3,http://dd.eionet.europa.eu/vocabulary/aq/pollutant/7,hour,71.1304999900,µg/m3,2018-05-14 22:00:00 +01:00,2018-05-14 23:00:00 +01:00,1,1
GB,http://environment.data.gov.uk/air-quality/so,GB_Network_1,Station_GB1024A,,GB_SamplingPoint_74174,GB_StationProcess_918,GB_SamplingFeature_918,O3,http://dd.eionet.europa.eu/vocabulary/aq/pollutant/7,hour,74.2147499900,µg/m3,2018-05-15 00:00:00 +01:00,2018-05-15 01:00:00 +01:00,1,1
GB,http://environment.data.gov.uk/air-quality/so,GB_Network_1,Station_GB1024A,,GB_SamplingPoint_74174,GB_StationProcess_918,GB_SamplingFeature_918,O3,http://dd.eionet.europa.eu/vocabulary/aq/pollutant/7,hour,70.9733399900,µg/m3,2018-05-15 02:00:00 +01:00,2018-05-15 03:00:00 +01:00,1,1
GB,http://environment.data.gov.uk/air-quality/so,GB_Network_1,Station_GB1024A,,GB_SamplingPoint_74174,GB_StationProcess_918,GB_SamplingFeature_918,O3,http://dd.eionet.europa.eu/vocabulary/aq/pollutant/7,hour,70.2193299900,µg/m3,2018-05-15 03:00:00 +01:00,2018-05-15 04:00:00 +01:00,1,1
GB,http://environment.data.gov.uk/air-quality/so,GB_Network_1,Station_GB1024A,,GB_SamplingPoint_74174,GB_StationProcess_918,GB_SamplingFeature_918,O3,http://dd.eionet.europa.eu/vocabulary/aq/pollutant/7,hour,69.4011399900,µg/m3,2018-05-15 04:00:00 +01:00,2018-05-15 05:00:00 +01:00,1,1
GB,http://environment.data.gov.uk/air-quality/so,GB_Network_1,Station_GB1024A,,GB_SamplingPoint_74174,GB_StationProcess_918,GB_SamplingFeature_918,O3,http://dd.eionet.europa.eu/vocabulary/aq/pollutant/7,hour,68.8717299900,µg/m3,2018-05-15 08:00:00 +01:00,2018-05-15 09:00:00 +01:00,1,1
GB,http://environment.data.gov.uk/air-quality/so,GB_Network_1,Station_GB1024A,,GB_SamplingPoint_74174,GB_StationProcess_918,GB_SamplingFeature_918,O3,http://dd.eionet.europa.eu/vocabulary/aq/pollutant/7,hour,73.2032899900,µg/m3,2018-05-15 09:00:00 +01:00,2018-05-15 10:00:00 +01:00,1,1
GB,http://environment.data.gov.uk/air-quality/so,GB_Network_1,Station_GB1024A,,GB_SamplingPoint_74174,GB_StationProcess_918,GB_SamplingFeature_918,O3,http://dd.eionet.europa.eu/vocabulary/aq/pollutant/7,hour,73.6845699900,µg/m3,2018-05-15 10:00:00 +01:00,2018-05-15 11:00:00 +01:00,1,1
GB,http://environment.data.gov.uk/air-quality/so,GB_Network_1,Station_GB1024A,,GB_SamplingPoint_74174,GB_StationProcess_918,GB_SamplingFeature_918,O3,http://dd.eionet.europa.eu/vocabulary/aq/pollutant/7,hour,81.1444699900,µg/m3,2018-05-15 12:00:00 +01:00,2018-05-15 13:00:00 +01:00,1,1
GB,http://environment.data.gov.uk/air-quality/so,GB_Network_1,Station_GB1024A,,GB_SamplingPoint_74174,GB_StationProcess_918,GB_SamplingFeature_918,O3,http://dd.eionet.europa.eu/vocabulary/aq/pollutant/7,hour,98.4225699900,µg/m3,2018-05-15 14:00:00 +01:00,2018-05-15 15:00:00 +01:00,1,1
GB,http://environment.data.gov.uk/air-quality/so,GB_Network_1,Station_GB1024A,,GB_SamplingPoint_74174,GB_StationProcess_918,GB_SamplingFeature_918,O3,http://dd.eionet.europa.eu/vocabulary/aq/pollutant/7,hour,92.7915399900,µg/m3,2018-05-15 20:00:00 +01:00,2018-05-15 21:00:00 +01:00,1,1
GB,http://environment.data.gov.uk/air-quality/so,GB_Network_1,Station_GB1024A,,GB_SamplingPoint_74174,GB_StationProcess_918,GB_SamplingFeature_918,O3,http://dd.eionet.europa.eu/vocabulary/aq/pollutant/7,hour,82.6364499900,µg/m3,2018-05-15 21:00:00 +01:00,2018-05-15 22:00:00 +01:00,1,1
GB,http://environment.data.gov.uk/air-quality/so,GB_Network_1,Station_GB1024A,,GB_SamplingPoint_74174,GB_StationProcess_918,GB_SamplingFeature_918,O3,http://dd.eionet.europa.eu/vocabulary/aq/pollutant/7,hour,84.9466199900,µg/m3,2018-05-15 22:00:00 +01:00,2018-05-15 23:00:00 +01:00,1,1
GB,http://environment.data.gov.uk/air-quality/so,GB_Network_1,Station_GB1024A,,GB_SamplingPoint_74174,GB_StationProcess_918,GB_SamplingFeature_918,O3,http://dd.eionet.europa.eu/vocabulary/aq/pollutant/7,hour,96.4492999900,µg/m3,2018-05-16 00:00:00 +01:00,2018-05-16 01:00:00 +01:00,1,1
GB,http://environment.data.gov.uk/air-quality/so,GB_Network_1,Station_GB1024A,,GB_SamplingPoint_74174,GB_StationProcess_918,GB_SamplingFeature_918,O3,http://dd.eionet.europa.eu/vocabulary/aq/pollutant/7,hour,81.5829899900,µg/m3,2018-05-16 02:00:00 +01:00,2018-05-16 03:00:00 +01:00,1,1
GB,http://environment.data.gov.uk/air-quality/so,GB_Network_1,Station_GB1024A,,GB_SamplingPoint_74174,GB_StationProcess_918,GB_SamplingFeature_918,O3,http://dd.eionet.europa.eu/vocabulary/aq/pollutant/7,hour,76.4239699900,µg/m3,2018-05-16 03:00:00 +01:00,2018-05-16 04:00:00 +01:00,1,1
GB,http://environment.data.gov.uk/air-quality/so,GB_Network_1,Station_GB1024A,,GB_SamplingPoint_74174,GB_StationProcess_918,GB_SamplingFeature_918,O3,http://dd.eionet.europa.eu/vocabulary/aq/pollutant/7,hour,75.8471899900,µg/m3,2018-05-16 05:00:00 +01:00,2018-05-16 06:00:00 +01:00,1,1
GB,http://environment.data.gov.uk/air-quality/so,GB_Network_1,Station_GB1024A,,GB_SamplingPoint_74174,GB_StationProcess_918,GB_SamplingFeature_918,O3,http://dd.eionet.europa.eu/vocabulary/aq/pollutant/7,hour,69.5025499900,µg/m3,2018-05-16 06:00:00 +01:00,2018-05-16 07:00:00 +01:00,1,1
GB,http://environment.data.gov.uk/air-quality/so,GB_Network_1,Station_GB1024A,,GB_SamplingPoint_74174,GB_StationProcess_918,GB_SamplingFeature_918,O3,http://dd.eionet.europa.eu/vocabulary/aq/pollutant/7,hour,59.7933499900,µg/m3,2018-05-16 07:00:00 +01:00,2018-05-16 08:00:00 +01:00,1,1
GB,http://environment.data.gov.uk/air-quality/so,GB_Network_1,Station_GB1024A,,GB_SamplingPoint_74174,GB_StationProcess_918,GB_SamplingFeature_918,O3,http://dd.eionet.europa.eu/vocabulary/aq/pollutant/7,hour,62.6291999900,µg/m3,2018-05-16 14:00:00 +01:00,2018-05-16 15:00:00 +01:00,1,1
GB,http://environment.data.gov.uk/air-quality/so,GB_Network_1,Station_GB1024A,,GB_SamplingPoint_74174,GB_StationProcess_918,GB_SamplingFeature_918,O3,http://dd.eionet.europa.eu/vocabulary/aq/pollutant/7,hour,61.7640299900,µg/m3,2018-05-16 19:00:00 +01:00,2018-05-16 20:00:00 +01:00,1,1
GB,http://environment.data.gov.uk/air-quality/so,GB_Network_1,Station_GB1024A,,GB_SamplingPoint_74174,GB_StationProcess_918,GB_SamplingFeature_918,O3,http://dd.eionet.europa.eu/vocabulary/aq/pollutant/7,hour,73.8765099900,µg/m3,2018-05-16 23:00:00 +01:00,2018-05-17 00:00:00 +01:00,1,1
GB,http://environment.data.gov.uk/air-quality/so,GB_Network_1,Station_GB1024A,,GB_SamplingPoint_74174,GB_StationProcess_918,GB_SamplingFeature_918,O3,http://dd.eionet.europa.eu/vocabulary/aq/pollutant/7,hour,70.5599899900,µg/m3,2018-05-17 00:00:00 +01:00,2018-05-17 01:00:00 +01:00,1,1
GB,http://environment.data.gov.uk/air-quality/so,GB_Network_1,Station_GB1024A,,GB_SamplingPoint_74174,GB_StationProcess_918,GB_SamplingFeature_918,O3,http://dd.eionet.europa.eu/vocabulary/aq/pollutant/7,hour,62.4671099900,µg/m3,2018-05-17 02:00:00 +01:00,2018-05-17 03:00:00 +01:00,1,1
GB,http://environment.data.gov.uk/air-quality/so,GB_Network_1,Station_GB1024A,,GB_SamplingPoint_74174,GB_StationProcess_918,GB_SamplingFeature_918,O3,http://dd.eionet.europa.eu/vocabulary/aq/pollutant/7,hour,61.8270699900,µg/m3,2018-05-17 03:00:00 +01:00,2018-05-17 04:00:00 +01:00,1,1
GB,http://environment.data.gov.uk/air-quality/so,GB_Network_1,Station_GB1024A,,GB_SamplingPoint_74174,GB_StationProcess_918,GB_SamplingFeature_918,O3,http://dd.eionet.europa.eu/vocabulary/aq/pollutant/7,hour,55.2027399900,µg/m3,2018-05-17 04:00:00 +01:00,2018-05-17 05:00:00 +01:00,1,1
GB,http://environment.data.gov.uk/air-quality/so,GB_Network_1,Station_GB1024A,,GB_SamplingPoint_74174,GB_StationProcess_918,GB_SamplingFeature_918,O3,http://dd.eionet.europa.eu/vocabulary/aq/pollutant/7,hour,47.2343499900,µg/m3,2018-05-17 05:00:00 +01:00,2018-05-17 06:00:00 +01:00,1,1
GB,http://environment.data.gov.uk/air-quality/so,GB_Network_1,Station_GB1024A,,GB_SamplingPoint_74174,GB_StationProcess_918,GB_SamplingFeature_918,O3,http://dd.eionet.europa.eu/vocabulary/aq/pollutant/7,hour,43.6821699900,µg/m3,2018-05-17 06:00:00 +01:00,2018-05-17 07:00:00 +01:00,1,1
GB,http://environment.data.gov.uk/air-quality/so,GB_Network_1,Station_GB1024A,,GB_SamplingPoint_74174,GB_StationProcess_918,GB_SamplingFeature_918,O3,http://dd.eionet.europa.eu/vocabulary/aq/pollutant/7,hour,61.1070399900,µg/m3,2018-05-17 08:00:00 +01:00,2018-05-17 09:00:00 +01:00,1,1
GB,http://environment.data.gov.uk/air-quality/so,GB_Network_1,Station_GB1024A,,GB_SamplingPoint_74174,GB_StationProcess_918,GB_SamplingFeature_918,O3,http://dd.eionet.europa.eu/vocabulary/aq/pollutant/7,hour,60.5790099900,µg/m3,2018-05-17 09:00:00 +01:00,2018-05-17 10:00:00 +01:00,1,1
GB,http://environment.data.gov.uk/air-quality/so,GB_Network_1,Station_GB1024A,,GB_SamplingPoint_74174,GB_StationProcess_918,GB_SamplingFeature_918,O3,http://dd.eionet.europa.eu/vocabulary/aq/pollutant/7,hour,60.7230199900,µg/m3,2018-05-17 11:00:00 +01:00,2018-05-17 12:00:00 +01:00,1,1
GB,http://environment.data.gov.uk/air-quality/so,GB_Network_1,Station_GB1024A,,GB_SamplingPoint_74174,GB_StationProcess_918,GB_SamplingFeature_918,O3,http://dd.eionet.europa.eu/vocabulary/aq/pollutant/7,hour,67.1553399900,µg/m3,2018-05-17 12:00:00 +01:00,2018-05-17 13:00:00 +01:00,1,1
GB,http://environment.data.gov.uk/air-quality/so,GB_Network_1,Station_GB1024A,,GB_SamplingPoint_74174,GB_StationProcess_918,GB_SamplingFeature_918,O3,http://dd.eionet.europa.eu/vocabulary/aq/pollutant/7,hour,79.8759699900,µg/m3,2018-05-17 14:00:00 +01:00,2018-05-17 15:00:00 +01:00,1,1
GB,http://environment.data.gov.uk/air-quality/so,GB_Network_1,Station_GB1024A,,GB_SamplingPoint_74174,GB_StationProcess_918,GB_SamplingFeature_918,O3,http://dd.eionet.europa.eu/vocabulary/aq/pollutant/7,hour,79.6839599900,µg/m3,2018-05-17 15:00:00 +01:00,2018-05-17 16:00:00 +01:00,1,1
GB,http://environment.data.gov.uk/air-quality/so,GB_Network_1,Station_GB1024A,,GB_SamplingPoint_74174,GB_StationProcess_918,GB_SamplingFeature_918,O3,http://dd.eionet.europa.eu/vocabulary/aq/pollutant/7,hour,80.6920099900,µg/m3,2018-05-17 16:00:00 +01:00,2018-05-17 17:00:00 +01:00,1,1
GB,http://environment.data.gov.uk/air-quality/so,GB_Network_1,Station_GB1024A,,GB_SamplingPoint_74174,GB_StationProcess_918,GB_SamplingFeature_918,O3,http://dd.eionet.europa.eu/vocabulary/aq/pollutant/7,hour,80.1639899900,µg/m3,2018-05-17 17:00:00 +01:00,2018-05-17 18:00:00 +01:00,1,1
GB,http://environment.data.gov.uk/air-quality/so,GB_Network_1,Station_GB1024A,,GB_SamplingPoint_74174,GB_StationProcess_918,GB_SamplingFeature_918,O3,http://dd.eionet.europa.eu/vocabulary/aq/pollutant/7,hour,73.7316699900,µg/m3,2018-05-17 19:00:00 +01:00,2018-05-17 20:00:00 +01:00,1,1
GB,http://environment.data.gov.uk/air-quality/so,GB_Network_1,Station_GB1024A,,GB_SamplingPoint_74174,GB_StationProcess_918,GB_SamplingFeature_918,O3,http://dd.eionet.europa.eu/vocabulary/aq/pollutant/7,hour,42.5781199900,µg/m3,2018-05-18 00:00:00 +01:00,2018-05-18 01:00:00 +01:00,1,1
GB,http://environment.data.gov.uk/air-quality/so,GB_Network_1,Station_GB1024A,,GB_SamplingPoint_74174,GB_StationProcess_918,GB_SamplingFeature_918,O3,http://dd.eionet.europa.eu/vocabulary/aq/pollutant/7,hour,35.1555499900,µg/m3,2018-05-18 01:00:00 +01:00,2018-05-18 02:00:00 +01:00,1,1
GB,http://environment.data.gov.uk/air-quality/so,GB_Network_1,Station_GB1024A,,GB_SamplingPoint_74174,GB_StationProcess_918,GB_SamplingFeature_918,O3,http://dd.eionet.europa.eu/vocabulary/aq/pollutant/7,hour,27.2934899900,µg/m3,2018-05-18 02:00:00 +01:00,2018-05-18 03:00:00 +01:00,1,1
GB,http://environment.data.gov.uk/air-quality/so,GB_Network_1,Station_GB1024A,,GB_SamplingPoint_74174,GB_StationProcess_918,GB_SamplingFeature_918,O3,http://dd.eionet.europa.eu/vocabulary/aq/pollutant/7,hour,52.1101099900,µg/m3,2018-05-18 08:00:00 +01:00,2018-05-18 09:00:00 +01:00,1,1
GB,http://environment.data.gov.uk/air-quality/so,GB_Network_1,Station_GB1024A,,GB_SamplingPoint_74174,GB_StationProcess_918,GB_SamplingFeature_918,O3,http://dd.eionet.europa.eu/vocabulary/aq/pollutant/7,hour,65.3893199900,µg/m3,2018-05-18 12:00:00 +01:00,2018-05-18 13:00:00 +01:00,1,1
GB,http://environment.data.gov.uk/air-quality/so,GB_Network_1,Station_GB1024A,,GB_SamplingPoint_74174,GB_StationProcess_918,GB_SamplingFeature_918,O3,http://dd.eionet.europa.eu/vocabulary/aq/pollutant/7,hour,82.1201599900,µg/m3,2018-05-18 17:00:00 +01:00,2018-05-18 18:00:00 +01:00,1,1
GB,http://environment.data.gov.uk/air-quality/so,GB_Network_1,Station_GB1024A,,GB_SamplingPoint_74174,GB_StationProcess_918,GB_SamplingFeature_918,O3,http://dd.eionet.europa.eu/vocabulary/aq/pollutant/7,hour,34.1807799900,µg/m3,2018-05-18 23:00:00 +01:00,2018-05-19 00:00:00 +01:00,1,1
GB,http://environment.data.gov.uk/air-quality/so,GB_Network_1,Station_GB1024A,,GB_SamplingPoint_74174,GB_StationProcess_918,GB_SamplingFeature_918,O3,http://dd.eionet.europa.eu/vocabulary/aq/pollutant/7,hour,37.2488999900,µg/m3,2018-05-19 00:00:00 +01:00,2018-05-19 01:00:00 +01:00,1,1
GB,http://environment.data.gov.uk/air-quality/so,GB_Network_1,Station_GB1024A,,GB_SamplingPoint_74174,GB_StationProcess_918,GB_SamplingFeature_918,O3,http://dd.eionet.europa.eu/vocabulary/aq/pollutant/7,hour,29.2365099900,µg/m3,2018-05-19 01:00:00 +01:00,2018-05-19 02:00:00 +01:00,1,1
GB,http://environment.data.gov.uk/air-quality/so,GB_Network_1,Station_GB1024A,,GB_SamplingPoint_74174,GB_StationProcess_918,GB_SamplingFeature_918,O3,http://dd.eionet.europa.eu/vocabulary/aq/pollutant/7,hour,4.6440099900,µg/m3,2018-05-19 04:00:00 +01:00,2018-05-19 05:00:00 +01:00,2,1
GB,http://environment.data.gov.uk/air-quality/so,GB_Network_1,Station_GB1024A,,GB_SamplingPoint_74174,GB_StationProcess_918,GB_SamplingFeature_918,O3,http://dd.eionet.europa.eu/vocabulary/aq/pollutant/7,hour,3.1119699900,µg/m3,2018-05-19 06:00:00 +01:00,2018-05-19 07:00:00 +01:00,2,1
GB,http://environment.data.gov.uk/air-quality/so,GB_Network_1,Station_GB1024A,,GB_SamplingPoint_74174,GB_StationProcess_918,GB_SamplingFeature_918,O3,http://dd.eionet.europa.eu/vocabulary/aq/pollutant/7,hour,9.7189099900,µg/m3,2018-05-19 07:00:00 +01:00,2018-05-19 08:00:00 +01:00,1,1
GB,http://environment.data.gov.uk/air-quality/so,GB_Network_1,Station_GB1024A,,GB_SamplingPoint_74174,GB_StationProcess_918,GB_SamplingFeature_918,O3,http://dd.eionet.europa.eu/vocabulary/aq/pollutant/7,hour,50.0308199900,µg/m3,2018-05-19 09:00:00 +01:00,2018-05-19 10:00:00 +01:00,1,1
GB,http://environment.data.gov.uk/air-quality/so,GB_Network_1,Station_GB1024A,,GB_SamplingPoint_74174,GB_StationProcess_918,GB_SamplingFeature_918,O3,http://dd.eionet.europa.eu/vocabulary/aq/pollutant/7,hour,90.2948499900,µg/m3,2018-05-19 14:00:00 +01:00,2018-05-19 15:00:00 +01:00,1,1
GB,http://environment.data.gov.uk/air-quality/so,GB_Network_1,Station_GB1024A,,GB_SamplingPoint_74174,GB_StationProcess_918,GB_SamplingFeature_918,O3,http://dd.eionet.europa.eu/vocabulary/aq/pollutant/7,hour,91.8747699900,µg/m3,2018-05-19 15:00:00 +01:00,2018-05-19 16:00:00 +01:00,1,1
GB,http://environment.data.gov.uk/air-quality/so,GB_Network_1,Station_GB1024A,,GB_SamplingPoint_74174,GB_StationProcess_918,GB_SamplingFeature_918,O3,http://dd.eionet.europa.eu/vocabulary/aq/pollutant/7,hour,82.1558699900,µg/m3,2018-05-19 18:00:00 +01:00,2018-05-19 19:00:00 +01:00,1,1
GB,http://environment.data.gov.uk/air-quality/so,GB_Network_1,Station_GB1024A,,GB_SamplingPoint_74174,GB_StationProcess_918,GB_SamplingFeature_918,O3,http://dd.eionet.europa.eu/vocabulary/aq/pollutant/7,hour,36.9605699900,µg/m3,2018-05-19 22:00:00 +01:00,2018-05-19 23:00:00 +01:00,1,1
GB,http://environment.data.gov.uk/air-quality/so,GB_Network_1,Station_GB1024A,,GB_SamplingPoint_74174,GB_StationProcess_918,GB_SamplingFeature_918,O3,http://dd.eionet.europa.eu/vocabulary/aq/pollutant/7,hour,45.8530299900,µg/m3,2018-05-20 10:00:00 +01:00,2018-05-20 11:00:00 +01:00,1,1
GB,http://environment.data.gov.uk/air-quality/so,GB_Network_1,Station_GB1024A,,GB_SamplingPoint_74174,GB_StationProcess_918,GB_SamplingFeature_918,O3,http://dd.eionet.europa.eu/vocabulary/aq/pollutant/7,hour,58.7626399900,µg/m3,2018-05-20 11:00:00 +01:00,2018-05-20 12:00:00 +01:00,1,1
GB,http://environment.data.gov.uk/air-quality/so,GB_Network_1,Station_GB1024A,,GB_SamplingPoint_74174,GB_StationProcess_918,GB_SamplingFeature_918,O3,http://dd.eionet.europa.eu/vocabulary/aq/pollutant/7,hour,66.4605899900,µg/m3,2018-05-20 12:00:00 +01:00,2018-05-20 13:00:00 +01:00,1,1
GB,http://environment.data.gov.uk/air-quality/so,GB_Network_1,Station_GB1024A,,GB_SamplingPoint_74174,GB_StationProcess_918,GB_SamplingFeature_918,O3,http://dd.eionet.europa.eu/vocabulary/aq/pollutant/7,hour,96.3917699900,µg/m3,2018-05-20 15:00:00 +01:00,2018-05-20 16:00:00 +01:00,1,1
GB,http://environment.data.gov.uk/air-quality/so,GB_Network_1,Station_GB1024A,,GB_SamplingPoint_74174,GB_StationProcess_918,GB_SamplingFeature_918,O3,http://dd.eionet.europa.eu/vocabulary/aq/pollutant/7,hour,97.3958499900,µg/m3,2018-05-20 16:00:00 +01:00,2018-05-20 17:00:00 +01:00,1,1
GB,http://environment.data.gov.uk/air-quality/so,GB_Network_1,Station_GB1024A,,GB_SamplingPoint_74174,GB_StationProcess_918,GB_SamplingFeature_918,O3,http://dd.eionet.europa.eu/vocabulary/aq/pollutant/7,hour,69.9509699900,µg/m3,2018-05-20 19:00:00 +01:00,2018-05-20 20:00:00 +01:00,1,1
GB,http://environment.data.gov.uk/air-quality/so,GB_Network_1,Station_GB1024A,,GB_SamplingPoint_74174,GB_StationProcess_918,GB_SamplingFeature_918,O3,http://dd.eionet.europa.eu/vocabulary/aq/pollutant/7,hour,57.5194899900,µg/m3,2018-05-20 20:00:00 +01:00,2018-05-20 21:00:00 +01:00,1,1
GB,http://environment.data.gov.uk/air-quality/so,GB_Network_1,Station_GB1024A,,GB_SamplingPoint_74174,GB_StationProcess_918,GB_SamplingFeature_918,O3,http://dd.eionet.europa.eu/vocabulary/aq/pollutant/7,hour,58.0454399900,µg/m3,2018-05-20 21:00:00 +01:00,2018-05-20 22:00:00 +01:00,1,1
GB,http://environment.data.gov.uk/air-quality/so,GB_Network_1,Station_GB1024A,,GB_SamplingPoint_74174,GB_StationProcess_918,GB_SamplingFeature_918,O3,http://dd.eionet.europa.eu/vocabulary/aq/pollutant/7,hour,49.2955899900,µg/m3,2018-05-20 22:00:00 +01:00,2018-05-20 23:00:00 +01:00,1,1
GB,http://environment.data.gov.uk/air-quality/so,GB_Network_1,Station_GB1024A,,GB_SamplingPoint_74174,GB_StationProcess_918,GB_SamplingFeature_918,O3,http://dd.eionet.europa.eu/vocabulary/aq/pollutant/7,hour,39.4418099900,µg/m3,2018-05-21 03:00:00 +01:00,2018-05-21 04:00:00 +01:00,1,1
GB,http://environment.data.gov.uk/air-quality/so,GB_Network_1,Station_GB1024A,,GB_SamplingPoint_74174,GB_StationProcess_918,GB_SamplingFeature_918,O3,http://dd.eionet.europa.eu/vocabulary/aq/pollutant/7,hour,34.5235199900,µg/m3,2018-05-21 04:00:00 +01:00,2018-05-21 05:00:00 +01:00,1,1
GB,http://environment.data.gov.uk/air-quality/so,GB_Network_1,Station_GB1024A,,GB_SamplingPoint_74174,GB_StationProcess_918,GB_SamplingFeature_918,O3,http://dd.eionet.europa.eu/vocabulary/aq/pollutant/7,hour,31.8494999900,µg/m3,2018-05-21 05:00:00 +01:00,2018-05-21 06:00:00 +01:00,1,1
GB,http://environment.data.gov.uk/air-quality/so,GB_Network_1,Station_GB1024A,,GB_SamplingPoint_74174,GB_StationProcess_918,GB_SamplingFeature_918,O3,http://dd.eionet.europa.eu/vocabulary/aq/pollutant/7,hour,22.0606699900,µg/m3,2018-05-21 06:00:00 +01:00,2018-05-21 07:00:00 +01:00,1,1
GB,http://environment.data.gov.uk/air-quality/so,GB_Network_1,Station_GB1024A,,GB_SamplingPoint_74174,GB_StationProcess_918,GB_SamplingFeature_918,O3,http://dd.eionet.europa.eu/vocabulary/aq/pollutant/7,hour,26.8357099900,µg/m3,2018-05-21 08:00:00 +01:00,2018-05-21 09:00:00 +01:00,1,1
GB,http://environment.data.gov.uk/air-quality/so,GB_Network_1,Station_GB1024A,,GB_SamplingPoint_74174,GB_StationProcess_918,GB_SamplingFeature_918,O3,http://dd.eionet.europa.eu/vocabulary/aq/pollutant/7,hour,35.8605299900,µg/m3,2018-05-21 09:00:00 +01:00,2018-05-21 10:00:00 +01:00,1,1
GB,http://environment.data.gov.uk/air-quality/so,GB_Network_1,Station_GB1024A,,GB_SamplingPoint_74174,GB_StationProcess_918,GB_SamplingFeature_918,O3,http://dd.eionet.europa.eu/vocabulary/aq/pollutant/7,hour,67.5667799900,µg/m3,2018-05-21 11:00:00 +01:00,2018-05-21 12:00:00 +01:00,1,1
GB,http://environment.data.gov.uk/air-quality/so,GB_Network_1,Station_GB1024A,,GB_SamplingPoint_74174,GB_StationProcess_918,GB_SamplingFeature_918,O3,http://dd.eionet.europa.eu/vocabulary/aq/pollutant/7,hour,83.4198999900,µg/m3,2018-05-21 14:00:00 +01:00,2018-05-21 15:00:00 +01:00,1,1
GB,http://environment.data.gov.uk/air-quality/so,GB_Network_1,Station_GB1024A,,GB_SamplingPoint_74174,GB_StationProcess_918,GB_SamplingFeature_918,O3,http://dd.eionet.europa.eu/vocabulary/aq/pollutant/7,hour,74.6815799900,µg/m3,2018-05-21 16:00:00 +01:00,2018-05-21 17:00:00 +01:00,1,1
GB,http://environment.data.gov.uk/air-quality/so,GB_Network_1,Station_GB1024A,,GB_SamplingPoint_74174,GB_StationProcess_918,GB_SamplingFeature_918,O3,http://dd.eionet.europa.eu/vocabulary/aq/pollutant/7,hour,56.0111899900,µg/m3,2018-05-21 20:00:00 +01:00,2018-05-21 21:00:00 +01:00,1,1
GB,http://environment.data.gov.uk/air-quality/so,GB_Network_1,Station_GB1024A,,GB_SamplingPoint_74174,GB_StationProcess_918,GB_SamplingFeature_918,O3,http://dd.eionet.europa.eu/vocabulary/aq/pollutant/7,hour,52.9551599900,µg/m3,2018-05-21 23:00:00 +01:00,2018-05-22 00:00:00 +01:00,1,1
GB,http://environment.data.gov.uk/air-quality/so,GB_Network_1,Station_GB1024A,,GB_SamplingPoint_74174,GB_StationProcess_918,GB_SamplingFeature_918,O3,http://dd.eionet.europa.eu/vocabulary/aq/pollutant/7,hour,70.2434899900,µg/m3,2018-05-22 03:00:00 +01:00,2018-05-22 04:00:00 +01:00,1,1
GB,http://environment.data.gov.uk/air-quality/so,GB_Network_1,Station_GB1024A,,GB_SamplingPoint_74174,GB_StationProcess_918,GB_SamplingFeature_918,O3,http://dd.eionet.europa.eu/vocabulary/aq/pollutant/7,hour,75.9182899900,µg/m3,2018-05-22 04:00:00 +01:00,2018-05-22 05:00:00 +01:00,1,1
GB,http://environment.data.gov.uk/air-quality/so,GB_Network_1,Station_GB1024A,,GB_SamplingPoint_74174,GB_StationProcess_918,GB_SamplingFeature_918,O3,http://dd.eionet.europa.eu/vocabulary/aq/pollutant/7,hour,68.2883099900,µg/m3,2018-05-22 06:00:00 +01:00,2018-05-22 07:00:00 +01:00,1,1
GB,http://environment.data.gov.uk/air-quality/so,GB_Network_1,Station_GB1024A,,GB_SamplingPoint_74174,GB_StationProcess_918,GB_SamplingFeature_918,O3,http://dd.eionet.europa.eu/vocabulary/aq/pollutant/7,hour,72.2463599900,µg/m3,2018-05-22 07:00:00 +01:00,2018-05-22 08:00:00 +01:00,1,1
GB,http://environment.data.gov.uk/air-quality/so,GB_Network_1,Station_GB1024A,,GB_SamplingPoint_74174,GB_StationProcess_918,GB_SamplingFeature_918,O3,http://dd.eionet.europa.eu/vocabulary/aq/pollutant/7,hour,72.2463599900,µg/m3,2018-05-22 09:00:00 +01:00,2018-05-22 10:00:00 +01:00,1,1
GB,http://environment.data.gov.uk/air-quality/so,GB_Network_1,Station_GB1024A,,GB_SamplingPoint_74174,GB_StationProcess_918,GB_SamplingFeature_918,O3,http://dd.eionet.europa.eu/vocabulary/aq/pollutant/7,hour,74.5830399900,µg/m3,2018-05-22 10:00:00 +01:00,2018-05-22 11:00:00 +01:00,1,1
GB,http://environment.data.gov.uk/air-quality/so,GB_Network_1,Station_GB1024A,,GB_SamplingPoint_74174,GB_StationProcess_918,GB_SamplingFeature_918,O3,http://dd.eionet.europa.eu/vocabulary/aq/pollutant/7,hour,78.1119099900,µg/m3,2018-05-22 11:00:00 +01:00,2018-05-22 12:00:00 +01:00,1,1
GB,http://environment.data.gov.uk/air-quality/so,GB_Network_1,Station_GB1024A,,GB_SamplingPoint_74174,GB_StationProcess_918,GB_SamplingFeature_918,O3,http://dd.eionet.europa.eu/vocabulary/aq/pollutant/7,hour,97.5206699900,µg/m3,2018-05-22 18:00:00 +01:00,2018-05-22 19:00:00 +01:00,1,1
GB,http://environment.data.gov.uk/air-quality/so,GB_Network_1,Station_GB1024A,,GB_SamplingPoint_74174,GB_StationProcess_918,GB_SamplingFeature_918,O3,http://dd.eionet.europa.eu/vocabulary/aq/pollutant/7,hour,96.2647199900,µg/m3,2018-05-23 01:00:00 +01:00,2018-05-23 02:00:00 +01:00,1,1
GB,http://environment.data.gov.uk/air-quality/so,GB_Network_1,Station_GB1024A,,GB_SamplingPoint_74174,GB_StationProcess_918,GB_SamplingFeature_918,O3,http://dd.eionet.europa.eu/vocabulary/aq/pollutant/7,hour,92.6770099900,µg/m3,2018-05-23 06:00:00 +01:00,2018-05-23 07:00:00 +01:00,1,1
GB,http://environment.data.gov.uk/air-quality/so,GB_Network_1,Station_GB1024A,,GB_SamplingPoint_74174,GB_StationProcess_918,GB_SamplingFeature_918,O3,http://dd.eionet.europa.eu/vocabulary/aq/pollutant/7,hour,86.4858499900,µg/m3,2018-05-23 08:00:00 +01:00,2018-05-23 09:00:00 +01:00,1,1
GB,http://environment.data.gov.uk/air-quality/so,GB_Network_1,Station_GB1024A,,GB_SamplingPoint_74174,GB_StationProcess_918,GB_SamplingFeature_918,O3,http://dd.eionet.europa.eu/vocabulary/aq/pollutant/7,hour,84.1522499900,µg/m3,2018-05-23 10:00:00 +01:00,2018-05-23 11:00:00 +01:00,1,1
GB,http://environment.data.gov.uk/air-quality/so,GB_Network_1,Station_GB1024A,,GB_SamplingPoint_74174,GB_StationProcess_918,GB_SamplingFeature_918,O3,http://dd.eionet.europa.eu/vocabulary/aq/pollutant/7,hour,80.7232999900,µg/m3,2018-05-23 11:00:00 +01:00,2018-05-23 12:00:00 +01:00,1,1
GB,http://environment.data.gov.uk/air-quality/so,GB_Network_1,Station_GB1024A,,GB_SamplingPoint_74174,GB_StationProcess_918,GB_SamplingFeature_918,O3,http://dd.eionet.europa.eu/vocabulary/aq/pollutant/7,hour,89.5814299900,µg/m3,2018-05-23 16:00:00 +01:00,2018-05-23 17:00:00 +01:00,1,1
GB,http://environment.data.gov.uk/air-quality/so,GB_Network_1,Station_GB1024A,,GB_SamplingPoint_74174,GB_StationProcess_918,GB_SamplingFeature_918,O3,http://dd.eionet.europa.eu/vocabulary/aq/pollutant/7,hour,89.2004299900,µg/m3,2018-05-23 17:00:00 +01:00,2018-05-23 18:00:00 +01:00,1,1
GB,http://environment.data.gov.uk/air-quality/so,GB_Network_1,Station_GB1024A,,GB_SamplingPoint_74174,GB_StationProcess_918,GB_SamplingFeature_918,O3,http://dd.eionet.europa.eu/vocabulary/aq/pollutant/7,hour,85.4381099900,µg/m3,2018-05-23 18:00:00 +01:00,2018-05-23 19:00:00 +01:00,1,1
GB,http://environment.data.gov.uk/air-quality/so,GB_Network_1,Station_GB1024A,,GB_SamplingPoint_74174,GB_StationProcess_918,GB_SamplingFeature_918,O3,http://dd.eionet.europa.eu/vocabulary/aq/pollutant/7,hour,75.2464999900,µg/m3,2018-05-23 20:00:00 +01:00,2018-05-23 21:00:00 +01:00,1,1
GB,http://environment.data.gov.uk/air-quality/so,GB_Network_1,Station_GB1024A,,GB_SamplingPoint_74174,GB_StationProcess_918,GB_SamplingFeature_918,O3,http://dd.eionet.europa.eu/vocabulary/aq/pollutant/7,hour,72.2937799900,µg/m3,2018-05-23 21:00:00 +01:00,2018-05-23 22:00:00 +01:00,1,1
GB,http://environment.data.gov.uk/air-quality/so,GB_Network_1,Station_GB1024A,,GB_SamplingPoint_74174,GB_StationProcess_918,GB_SamplingFeature_918,O3,http://dd.eionet.europa.eu/vocabulary/aq/pollutant/7,hour,75.6274899900,µg/m3,2018-05-23 22:00:00 +01:00,2018-05-23 23:00:00 +01:00,1,1
GB,http://environment.data.gov.uk/air-quality/so,GB_Network_1,Station_GB1024A,,GB_SamplingPoint_74174,GB_StationProcess_918,GB_SamplingFeature_918,O3,http://dd.eionet.europa.eu/vocabulary/aq/pollutant/7,hour,75.4640299900,µg/m3,2018-05-24 01:00:00 +01:00,2018-05-24 02:00:00 +01:00,1,1
GB,http://environment.data.gov.uk/air-quality/so,GB_Network_1,Station_GB1024A,,GB_SamplingPoint_74174,GB_StationProcess_918,GB_SamplingFeature_918,O3,http://dd.eionet.europa.eu/vocabulary/aq/pollutant/7,hour,67.8542099900,µg/m3,2018-05-24 02:00:00 +01:00,2018-05-24 03:00:00 +01:00,1,1
GB,http://environment.data.gov.uk/air-quality/so,GB_Network_1,Station_GB1024A,,GB_SamplingPoint_74174,GB_StationProcess_918,GB_SamplingFeature_918,O3,http://dd.eionet.europa.eu/vocabulary/aq/pollutant/7,hour,55.3138599900,µg/m3,2018-05-24 06:00:00 +01:00,2018-05-24 07:00:00 +01:00,1,1
GB,http://environment.data.gov.uk/air-quality/so,GB_Network_1,Station_GB1024A,,GB_SamplingPoint_74174,GB_StationProcess_918,GB_SamplingFeature_918,O3,http://dd.eionet.europa.eu/vocabulary/aq/pollutant/7,hour,49.1784499900,µg/m3,2018-05-24 07:00:00 +01:00,2018-05-24 08:00:00 +01:00,1,1
GB,http://environment.data.gov.uk/air-quality/so,GB_Network_1,Station_GB1024A,,GB_SamplingPoint_74174,GB_StationProcess_918,GB_SamplingFeature_918,O3,http://dd.eionet.europa.eu/vocabulary/aq/pollutant/7,hour,48.7028299900,µg/m3,2018-05-24 10:00:00 +01:00,2018-05-24 11:00:00 +01:00,1,1
GB,http://environment.data.gov.uk/air-quality/so,GB_Network_1,Station_GB1024A,,GB_SamplingPoint_74174,GB_StationProcess_918,GB_SamplingFeature_918,O3,http://dd.eionet.europa.eu/vocabulary/aq/pollutant/7,hour,85.7531299900,µg/m3,2018-05-24 14:00:00 +01:00,2018-05-24 15:00:00 +01:00,1,1
GB,http://environment.data.gov.uk/air-quality/so,GB_Network_1,Station_GB1024A,,GB_SamplingPoint_74174,GB_StationProcess_918,GB_SamplingFeature_918,O3,http://dd.eionet.europa.eu/vocabulary/aq/pollutant/7,hour,88.4165699900,µg/m3,2018-05-24 15:00:00 +01:00,2018-05-24 16:00:00 +01:00,1,1
GB,http://environment.data.gov.uk/air-quality/so,GB_Network_1,Station_GB1024A,,GB_SamplingPoint_74174,GB_StationProcess_918,GB_SamplingFeature_918,O3,http://dd.eionet.europa.eu/vocabulary/aq/pollutant/7,hour,47.8942899900,µg/m3,2018-05-24 19:00:00 +01:00,2018-05-24 20:00:00 +01:00,1,1
GB,http://environment.data.gov.uk/air-quality/so,GB_Network_1,Station_GB1024A,,GB_SamplingPoint_74174,GB_StationProcess_918,GB_SamplingFeature_918,O3,http://dd.eionet.europa.eu/vocabulary/aq/pollutant/7,hour,85.9909399900,µg/m3,2018-05-24 20:00:00 +01:00,2018-05-24 21:00:00 +01:00,1,1
GB,http://environment.data.gov.uk/air-quality/so,GB_Network_1,Station_GB1024A,,GB_SamplingPoint_74174,GB_StationProcess_918,GB_SamplingFeature_918,O3,http://dd.eionet.europa.eu/vocabulary/aq/pollutant/7,hour,85.4677599900,µg/m3,2018-05-25 00:00:00 +01:00,2018-05-25 01:00:00 +01:00,1,1
GB,http://environment.data.gov.uk/air-quality/so,GB_Network_1,Station_GB1024A,,GB_SamplingPoint_74174,GB_StationProcess_918,GB_SamplingFeature_918,O3,http://dd.eionet.europa.eu/vocabulary/aq/pollutant/7,hour,70.9150499900,µg/m3,2018-05-25 03:00:00 +01:00,2018-05-25 04:00:00 +01:00,1,1
GB,http://environment.data.gov.uk/air-quality/so,GB_Network_1,Station_GB1024A,,GB_SamplingPoint_74174,GB_StationProcess_918,GB_SamplingFeature_918,O3,http://dd.eionet.europa.eu/vocabulary/aq/pollutant/7,hour,63.6002999900,µg/m3,2018-05-25 04:00:00 +01:00,2018-05-25 05:00:00 +01:00,1,1
GB,http://environment.data.gov.uk/air-quality/so,GB_Network_1,Station_GB1024A,,GB_SamplingPoint_74174,GB_StationProcess_918,GB_SamplingFeature_918,O3,http://dd.eionet.europa.eu/vocabulary/aq/pollutant/7,hour,46.3108999900,µg/m3,2018-05-25 06:00:00 +01:00,2018-05-25 07:00:00 +01:00,1,1
GB,http://environment.data.gov.uk/air-quality/so,GB_Network_1,Station_GB1024A,,GB_SamplingPoint_74174,GB_StationProcess_918,GB_SamplingFeature_918,O3,http://dd.eionet.europa.eu/vocabulary/aq/pollutant/7,hour,46.8808799900,µg/m3,2018-05-25 07:00:00 +01:00,2018-05-25 08:00:00 +01:00,1,1
GB,http://environment.data.gov.uk/air-quality/so,GB_Network_1,Station_GB1024A,,GB_SamplingPoint_74174,GB_StationProcess_918,GB_SamplingFeature_918,O3,http://dd.eionet.europa.eu/vocabulary/aq/pollutant/7,hour,40.9910799900,µg/m3,2018-05-25 14:00:00 +01:00,2018-05-25 15:00:00 +01:00,1,1
GB,http://environment.data.gov.uk/air-quality/so,GB_Network_1,Station_GB1024A,,GB_SamplingPoint_74174,GB_StationProcess_918,GB_SamplingFeature_918,O3,http://dd.eionet.europa.eu/vocabulary/aq/pollutant/7,hour,40.6585899900,µg/m3,2018-05-25 20:00:00 +01:00,2018-05-25 21:00:00 +01:00,1,1
GB,http://environment.data.gov.uk/air-quality/so,GB_Network_1,Station_GB1024A,,GB_SamplingPoint_74174,GB_StationProcess_918,GB_SamplingFeature_918,O3,http://dd.eionet.europa.eu/vocabulary/aq/pollutant/7,hour,36.9537199900,µg/m3,2018-05-25 21:00:00 +01:00,2018-05-25 22:00:00 +01:00,1,1
GB,http://environment.data.gov.uk/air-quality/so,GB_Network_1,Station_GB1024A,,GB_SamplingPoint_74174,GB_StationProcess_918,GB_SamplingFeature_918,O3,http://dd.eionet.europa.eu/vocabulary/aq/pollutant/7,hour,8.5022099900,µg/m3,2018-05-25 23:00:00 +01:00,2018-05-26 00:00:00 +01:00,1,1
GB,http://environment.data.gov.uk/air-quality/so,GB_Network_1,Station_GB1024A,,GB_SamplingPoint_74174,GB_StationProcess_918,GB_SamplingFeature_918,O3,http://dd.eionet.europa.eu/vocabulary/aq/pollutant/7,hour,49.5225099900,µg/m3,2018-05-26 02:00:00 +01:00,2018-05-26 03:00:00 +01:00,1,1
GB,http://environment.data.gov.uk/air-quality/so,GB_Network_1,Station_GB1024A,,GB_SamplingPoint_74174,GB_StationProcess_918,GB_SamplingFeature_918,O3,http://dd.eionet.europa.eu/vocabulary/aq/pollutant/7,hour,32.3509099900,µg/m3,2018-05-26 03:00:00 +01:00,2018-05-26 04:00:00 +01:00,1,1
GB,http://environment.data.gov.uk/air-quality/so,GB_Network_1,Station_GB1024A,,GB_SamplingPoint_74174,GB_StationProcess_918,GB_SamplingFeature_918,O3,http://dd.eionet.europa.eu/vocabulary/aq/pollutant/7,hour,28.5086499900,µg/m3,2018-05-26 04:00:00 +01:00,2018-05-26 05:00:00 +01:00,1,1
GB,http://environment.data.gov.uk/air-quality/so,GB_Network_1,Station_GB1024A,,GB_SamplingPoint_74174,GB_StationProcess_918,GB_SamplingFeature_918,O3,http://dd.eionet.europa.eu/vocabulary/aq/pollutant/7,hour,55.5467999900,µg/m3,2018-05-26 09:00:00 +01:00,2018-05-26 10:00:00 +01:00,1,1
GB,http://environment.data.gov.uk/air-quality/so,GB_Network_1,Station_GB1024A,,GB_SamplingPoint_74174,GB_StationProcess_918,GB_SamplingFeature_918,O3,http://dd.eionet.europa.eu/vocabulary/aq/pollutant/7,hour,52.9378499900,µg/m3,2018-05-26 10:00:00 +01:00,2018-05-26 11:00:00 +01:00,1,1
GB,http://environment.data.gov.uk/air-quality/so,GB_Network_1,Station_GB1024A,,GB_SamplingPoint_74174,GB_StationProcess_918,GB_SamplingFeature_918,O3,http://dd.eionet.europa.eu/vocabulary/aq/pollutant/7,hour,64.0377299900,µg/m3,2018-05-26 11:00:00 +01:00,2018-05-26 12:00:00 +01:00,1,1
GB,http://environment.data.gov.uk/air-quality/so,GB_Network_1,Station_GB1024A,,GB_SamplingPoint_74174,GB_StationProcess_918,GB_SamplingFeature_918,O3,http://dd.eionet.europa.eu/vocabulary/aq/pollutant/7,hour,97.3373399900,µg/m3,2018-05-26 13:00:00 +01:00,2018-05-26 14:00:00 +01:00,1,1
GB,http://environment.data.gov.uk/air-quality/so,GB_Network_1,Station_GB1024A,,GB_SamplingPoint_74174,GB_StationProcess_918,GB_SamplingFeature_918,O3,http://dd.eionet.europa.eu/vocabulary/aq/pollutant/7,hour,124.3280599900,µg/m3,2018-05-26 20:00:00 +01:00,2018-05-26 21:00:00 +01:00,1,1
GB,http://environment.data.gov.uk/air-quality/so,GB_Network_1,Station_GB1024A,,GB_SamplingPoint_74174,GB_StationProcess_918,GB_SamplingFeature_918,O3,http://dd.eionet.europa.eu/vocabulary/aq/pollutant/7,hour,95.6771099900,µg/m3,2018-05-26 23:00:00 +01:00,2018-05-27 00:00:00 +01:00,1,1
GB,http://environment.data.gov.uk/air-quality/so,GB_Network_1,Station_GB1024A,,GB_SamplingPoint_74174,GB_StationProcess_918,GB_SamplingFeature_918,O3,http://dd.eionet.europa.eu/vocabulary/aq/pollutant/7,hour,84.0554499900,µg/m3,2018-05-27 00:00:00 +01:00,2018-05-27 01:00:00 +01:00,1,1
GB,http://environment.data.gov.uk/air-quality/so,GB_Network_1,Station_GB1024A,,GB_SamplingPoint_74174,GB_StationProcess_918,GB_SamplingFeature_918,O3,http://dd.eionet.europa.eu/vocabulary/aq/pollutant/7,hour,44.7194999900,µg/m3,2018-05-27 06:00:00 +01:00,2018-05-27 07:00:00 +01:00,1,1
GB,http://environment.data.gov.uk/air-quality/so,GB_Network_1,Station_GB1024A,,GB_SamplingPoint_74174,GB_StationProcess_918,GB_SamplingFeature_918,O3,http://dd.eionet.europa.eu/vocabulary/aq/pollutant/7,hour,57.6047799900,µg/m3,2018-05-27 09:00:00 +01:00,2018-05-27 10:00:00 +01:00,1,1
GB,http://environment.data.gov.uk/air-quality/so,GB_Network_1,Station_GB1024A,,GB_SamplingPoint_74174,GB_StationProcess_918,GB_SamplingFeature_918,O3,http://dd.eionet.europa.eu/vocabulary/aq/pollutant/7,hour,60.2576299900,µg/m3,2018-05-27 10:00:00 +01:00,2018-05-27 11:00:00 +01:00,1,1
GB,http://environment.data.gov.uk/air-quality/so,GB_Network_1,Station_GB1024A,,GB_SamplingPoint_74174,GB_StationProcess_918,GB_SamplingFeature_918,O3,http://dd.eionet.europa.eu/vocabulary/aq/pollutant/7,hour,75.5588999900,µg/m3,2018-05-27 12:00:00 +01:00,2018-05-27 13:00:00 +01:00,1,1
GB,http://environment.data.gov.uk/air-quality/so,GB_Network_1,Station_GB1024A,,GB_SamplingPoint_74174,GB_StationProcess_918,GB_SamplingFeature_918,O3,http://dd.eionet.europa.eu/vocabulary/aq/pollutant/7,hour,71.3901299900,µg/m3,2018-05-27 14:00:00 +01:00,2018-05-27 15:00:00 +01:00,1,1
GB,http://environment.data.gov.uk/air-quality/so,GB_Network_1,Station_GB1024A,,GB_SamplingPoint_74174,GB_StationProcess_918,GB_SamplingFeature_918,O3,http://dd.eionet.europa.eu/vocabulary/aq/pollutant/7,hour,84.4175299900,µg/m3,2018-05-27 15:00:00 +01:00,2018-05-27 16:00:00 +01:00,1,1
GB,http://environment.data.gov.uk/air-quality/so,GB_Network_1,Station_GB1024A,,GB_SamplingPoint_74174,GB_StationProcess_918,GB_SamplingFeature_918,O3,http://dd.eionet.europa.eu/vocabulary/aq/pollutant/7,hour,91.7128699900,µg/m3,2018-05-27 16:00:00 +01:00,2018-05-27 17:00:00 +01:00,1,1
GB,http://environment.data.gov.uk/air-quality/so,GB_Network_1,Station_GB1024A,,GB_SamplingPoint_74174,GB_StationProcess_918,GB_SamplingFeature_918,O3,http://dd.eionet.europa.eu/vocabulary/aq/pollutant/7,hour,94.8394399900,µg/m3,2018-05-27 17:00:00 +01:00,2018-05-27 18:00:00 +01:00,1,1
GB,http://environment.data.gov.uk/air-quality/so,GB_Network_1,Station_GB1024A,,GB_SamplingPoint_74174,GB_StationProcess_918,GB_SamplingFeature_918,O3,http://dd.eionet.europa.eu/vocabulary/aq/pollutant/7,hour,86.5966499900,µg/m3,2018-05-27 19:00:00 +01:00,2018-05-27 20:00:00 +01:00,1,1
GB,http://environment.data.gov.uk/air-quality/so,GB_Network_1,Station_GB1024A,,GB_SamplingPoint_74174,GB_StationProcess_918,GB_SamplingFeature_918,O3,http://dd.eionet.europa.eu/vocabulary/aq/pollutant/7,hour,81.1962099900,µg/m3,2018-05-27 20:00:00 +01:00,2018-05-27 21:00:00 +01:00,1,1
GB,http://environment.data.gov.uk/air-quality/so,GB_Network_1,Station_GB1024A,,GB_SamplingPoint_74174,GB_StationProcess_918,GB_SamplingFeature_918,O3,http://dd.eionet.europa.eu/vocabulary/aq/pollutant/7,hour,46.5196499900,µg/m3,2018-05-27 22:00:00 +01:00,2018-05-27 23:00:00 +01:00,1,1
GB,http://environment.data.gov.uk/air-quality/so,GB_Network_1,Station_GB1024A,,GB_SamplingPoint_74174,GB_StationProcess_918,GB_SamplingFeature_918,O3,http://dd.eionet.europa.eu/vocabulary/aq/pollutant/7,hour,6.5373799900,µg/m3,2018-05-28 00:00:00 +01:00,2018-05-28 01:00:00 +01:00,1,1
GB,http://environment.data.gov.uk/air-quality/so,GB_Network_1,Station_GB1024A,,GB_SamplingPoint_74174,GB_StationProcess_918,GB_SamplingFeature_918,O3,http://dd.eionet.europa.eu/vocabulary/aq/pollutant/7,hour,23.7177499900,µg/m3,2018-05-28 02:00:00 +01:00,2018-05-28 03:00:00 +01:00,1,1
GB,http://environment.data.gov.uk/air-quality/so,GB_Network_1,Station_GB1024A,,GB_SamplingPoint_74174,GB_StationProcess_918,GB_SamplingFeature_918,O3,http://dd.eionet.europa.eu/vocabulary/aq/pollutant/7,hour,22.9923399900,µg/m3,2018-05-28 04:00:00 +01:00,2018-05-28 05:00:00 +01:00,1,1
GB,http://environment.data.gov.uk/air-quality/so,GB_Network_1,Station_GB1024A,,GB_SamplingPoint_74174,GB_StationProcess_918,GB_SamplingFeature_918,O3,http://dd.eionet.europa.eu/vocabulary/aq/pollutant/7,hour,27.7232799900,µg/m3,2018-05-28 06:00:00 +01:00,2018-05-28 07:00:00 +01:00,1,1
GB,http://environment.data.gov.uk/air-quality/so,GB_Network_1,Station_GB1024A,,GB_SamplingPoint_74174,GB_StationProcess_918,GB_SamplingFeature_918,O3,http://dd.eionet.europa.eu/vocabulary/aq/pollutant/7,hour,34.3938899900,µg/m3,2018-05-28 08:00:00 +01:00,2018-05-28 09:00:00 +01:00,1,1
GB,http://environment.data.gov.uk/air-quality/so,GB_Network_1,Station_GB1024A,,GB_SamplingPoint_74174,GB_StationProcess_918,GB_SamplingFeature_918,O3,http://dd.eionet.europa.eu/vocabulary/aq/pollutant/7,hour,39.1721399900,µg/m3,2018-05-28 09:00:00 +01:00,2018-05-28 10:00:00 +01:00,1,1
GB,http://environment.data.gov.uk/air-quality/so,GB_Network_1,Station_GB1024A,,GB_SamplingPoint_74174,GB_StationProcess_918,GB_SamplingFeature_918,O3,http://dd.eionet.europa.eu/vocabulary/aq/pollutant/7,hour,74.8433799900,µg/m3,2018-05-28 13:00:00 +01:00,2018-05-28 14:00:00 +01:00,1,1
GB,http://environment.data.gov.uk/air-quality/so,GB_Network_1,Station_GB1024A,,GB_SamplingPoint_74174,GB_StationProcess_918,GB_SamplingFeature_918,O3,http://dd.eionet.europa.eu/vocabulary/aq/pollutant/7,hour,104.5063399900,µg/m3,2018-05-28 15:00:00 +01:00,2018-05-28 16:00:00 +01:00,1,1
GB,http://environment.data.gov.uk/air-quality/so,GB_Network_1,Station_GB1024A,,GB_SamplingPoint_74174,GB_StationProcess_918,GB_SamplingFeature_918,O3,http://dd.eionet.europa.eu/vocabulary/aq/pollutant/7,hour,86.7653399900,µg/m3,2018-05-28 19:00:00 +01:00,2018-05-28 20:00:00 +01:00,1,1
GB,http://environment.data.gov.uk/air-quality/so,GB_Network_1,Station_GB1024A,,GB_SamplingPoint_74174,GB_StationProcess_918,GB_SamplingFeature_918,O3,http://dd.eionet.europa.eu/vocabulary/aq/pollutant/7,hour,64.2460899900,µg/m3,2018-05-28 21:00:00 +01:00,2018-05-28 22:00:00 +01:00,1,1
GB,http://environment.data.gov.uk/air-quality/so,GB_Network_1,Station_GB1024A,,GB_SamplingPoint_74174,GB_StationProcess_918,GB_SamplingFeature_918,O3,http://dd.eionet.europa.eu/vocabulary/aq/pollutant/7,hour,73.9445099900,µg/m3,2018-05-29 00:00:00 +01:00,2018-05-29 01:00:00 +01:00,1,1
GB,http://environment.data.gov.uk/air-quality/so,GB_Network_1,Station_GB1024A,,GB_SamplingPoint_74174,GB_StationProcess_918,GB_SamplingFeature_918,O3,http://dd.eionet.europa.eu/vocabulary/aq/pollutant/7,hour,84.0984899900,µg/m3,2018-05-29 02:00:00 +01:00,2018-05-29 03:00:00 +01:00,1,1
GB,http://environment.data.gov.uk/air-quality/so,GB_Network_1,Station_GB1024A,,GB_SamplingPoint_74174,GB_StationProcess_918,GB_SamplingFeature_918,O3,http://dd.eionet.europa.eu/vocabulary/aq/pollutant/7,hour,86.0355899900,µg/m3,2018-05-29 06:00:00 +01:00,2018-05-29 07:00:00 +01:00,1,1
GB,http://environment.data.gov.uk/air-quality/so,GB_Network_1,Station_GB1024A,,GB_SamplingPoint_74174,GB_StationProcess_918,GB_SamplingFeature_918,O3,http://dd.eionet.europa.eu/vocabulary/aq/pollutant/7,hour,63.4518399900,µg/m3,2018-05-29 12:00:00 +01:00,2018-05-29 13:00:00 +01:00,1,1
GB,http://environment.data.gov.uk/air-quality/so,GB_Network_1,Station_GB1024A,,GB_SamplingPoint_74174,GB_StationProcess_918,GB_SamplingFeature_918,O3,http://dd.eionet.europa.eu/vocabulary/aq/pollutant/7,hour,42.2854699900,µg/m3,2018-05-29 14:00:00 +01:00,2018-05-29 15:00:00 +01:00,1,1
GB,http://environment.data.gov.uk/air-quality/so,GB_Network_1,Station_GB1024A,,GB_SamplingPoint_74174,GB_StationProcess_918,GB_SamplingFeature_918,O3,http://dd.eionet.europa.eu/vocabulary/aq/pollutant/7,hour,63.7353099900,µg/m3,2018-05-29 17:00:00 +01:00,2018-05-29 18:00:00 +01:00,1,1
GB,http://environment.data.gov.uk/air-quality/so,GB_Network_1,Station_GB1024A,,GB_SamplingPoint_74174,GB_StationProcess_918,GB_SamplingFeature_918,O3,http://dd.eionet.europa.eu/vocabulary/aq/pollutant/7,hour,65.8141499900,µg/m3,2018-05-29 18:00:00 +01:00,2018-05-29 19:00:00 +01:00,1,1
GB,http://environment.data.gov.uk/air-quality/so,GB_Network_1,Station_GB1024A,,GB_SamplingPoint_74174,GB_StationProcess_918,GB_SamplingFeature_918,O3,http://dd.eionet.europa.eu/vocabulary/aq/pollutant/7,hour,69.4521199900,µg/m3,2018-05-29 19:00:00 +01:00,2018-05-29 20:00:00 +01:00,1,1
GB,http://environment.data.gov.uk/air-quality/so,GB_Network_1,Station_GB1024A,,GB_SamplingPoint_74174,GB_StationProcess_918,GB_SamplingFeature_918,O3,http://dd.eionet.europa.eu/vocabulary/aq/pollutant/7,hour,71.1057399900,µg/m3,2018-05-29 21:00:00 +01:00,2018-05-29 22:00:00 +01:00,1,1
GB,http://environment.data.gov.uk/air-quality/so,GB_Network_1,Station_GB1024A,,GB_SamplingPoint_74174,GB_StationProcess_918,GB_SamplingFeature_918,O3,http://dd.eionet.europa.eu/vocabulary/aq/pollutant/7,hour,71.9089299900,µg/m3,2018-05-29 22:00:00 +01:00,2018-05-29 23:00:00 +01:00,1,1
GB,http://environment.data.gov.uk/air-quality/so,GB_Network_1,Station_GB1024A,,GB_SamplingPoint_74174,GB_StationProcess_918,GB_SamplingFeature_918,O3,http://dd.eionet.europa.eu/vocabulary/aq/pollutant/7,hour,74.7909599900,µg/m3,2018-05-29 23:00:00 +01:00,2018-05-30 00:00:00 +01:00,1,1
GB,http://environment.data.gov.uk/air-quality/so,GB_Network_1,Station_GB1024A,,GB_SamplingPoint_74174,GB_StationProcess_918,GB_SamplingFeature_918,O3,http://dd.eionet.europa.eu/vocabulary/aq/pollutant/7,hour,63.9334199900,µg/m3,2018-05-30 05:00:00 +01:00,2018-05-30 06:00:00 +01:00,1,1
GB,http://environment.data.gov.uk/air-quality/so,GB_Network_1,Station_GB1024A,,GB_SamplingPoint_74174,GB_StationProcess_918,GB_SamplingFeature_918,O3,http://dd.eionet.europa.eu/vocabulary/aq/pollutant/7,hour,63.1784899900,µg/m3,2018-05-30 06:00:00 +01:00,2018-05-30 07:00:00 +01:00,1,1
GB,http://environment.data.gov.uk/air-quality/so,GB_Network_1,Station_GB1024A,,GB_SamplingPoint_74174,GB_StationProcess_918,GB_SamplingFeature_918,O3,http://dd.eionet.europa.eu/vocabulary/aq/pollutant/7,hour,41.3325999900,µg/m3,2018-05-30 11:00:00 +01:00,2018-05-30 12:00:00 +01:00,1,1
GB,http://environment.data.gov.uk/air-quality/so,GB_Network_1,Station_GB1024A,,GB_SamplingPoint_74174,GB_StationProcess_918,GB_SamplingFeature_918,O3,http://dd.eionet.europa.eu/vocabulary/aq/pollutant/7,hour,28.3571899900,µg/m3,2018-05-30 16:00:00 +01:00,2018-05-30 17:00:00 +01:00,1,1
GB,http://environment.data.gov.uk/air-quality/so,GB_Network_1,Station_GB1024A,,GB_SamplingPoint_74174,GB_StationProcess_918,GB_SamplingFeature_918,O3,http://dd.eionet.europa.eu/vocabulary/aq/pollutant/7,hour,31.4763799900,µg/m3,2018-05-31 03:00:00 +01:00,2018-05-31 04:00:00 +01:00,1,1
GB,http://environment.data.gov.uk/air-quality/so,GB_Network_1,Station_GB1024A,,GB_SamplingPoint_74174,GB_StationProcess_918,GB_SamplingFeature_918,O3,http://dd.eionet.europa.eu/vocabulary/aq/pollutant/7,hour,28.5549199900,µg/m3,2018-05-31 06:00:00 +01:00,2018-05-31 07:00:00 +01:00,1,1
GB,http://environment.data.gov.uk/air-quality/so,GB_Network_1,Station_GB1024A,,GB_SamplingPoint_74174,GB_StationProcess_918,GB_SamplingFeature_918,O3,http://dd.eionet.europa.eu/vocabulary/aq/pollutant/7,hour,27.4240299900,µg/m3,2018-05-31 07:00:00 +01:00,2018-05-31 08:00:00 +01:00,1,1
GB,http://environment.data.gov.uk/air-quality/so,GB_Network_1,Station_GB1024A,,GB_SamplingPoint_74174,GB_StationProcess_918,GB_SamplingFeature_918,O3,http://dd.eionet.europa.eu/vocabulary/aq/pollutant/7,hour,31.5234999900,µg/m3,2018-05-31 09:00:00 +01:00,2018-05-31 10:00:00 +01:00,1,1
GB,http://environment.data.gov.uk/air-quality/so,GB_Network_1,Station_GB1024A,,GB_SamplingPoint_74174,GB_StationProcess_918,GB_SamplingFeature_918,O3,http://dd.eionet.europa.eu/vocabulary/aq/pollutant/7,hour,68.5129699900,µg/m3,2018-05-31 13:00:00 +01:00,2018-05-31 14:00:00 +01:00,1,1
GB,http://environment.data.gov.uk/air-quality/so,GB_Network_1,Station_GB1024A,,GB_SamplingPoint_74174,GB_StationProcess_918,GB_SamplingFeature_918,O3,http://dd.eionet.europa.eu/vocabulary/aq/pollutant/7,hour,83.4501099900,µg/m3,2018-05-31 22:00:00 +01:00,2018-05-31 23:00:00 +01:00,1,1
GB,http://environment.data.gov.uk/air-quality/so,GB_Network_1,Station_GB1024A,,GB_SamplingPoint_74174,GB_StationProcess_918,GB_SamplingFeature_918,O3,http://dd.eionet.europa.eu/vocabulary/aq/pollutant/7,hour,63.4710899900,µg/m3,2018-06-01 00:00:00 +01:00,2018-06-01 01:00:00 +01:00,1,1
GB,http://environment.data.gov.uk/air-quality/so,GB_Network_1,Station_GB1024A,,GB_SamplingPoint_74174,GB_StationProcess_918,GB_SamplingFeature_918,O3,http://dd.eionet.europa.eu/vocabulary/aq/pollutant/7,hour,61.0490399900,µg/m3,2018-06-01 01:00:00 +01:00,2018-06-01 02:00:00 +01:00,1,1
GB,http://environment.data.gov.uk/air-quality/so,GB_Network_1,Station_GB1024A,,GB_SamplingPoint_74174,GB_StationProcess_918,GB_SamplingFeature_918,O3,http://dd.eionet.europa.eu/vocabulary/aq/pollutant/7,hour,42.0221999900,µg/m3,2018-06-01 03:00:00 +01:00,2018-06-01 04:00:00 +01:00,1,1
GB,http://environment.data.gov.uk/air-quality/so,GB_Network_1,Station_GB1024A,,GB_SamplingPoint_74174,GB_StationProcess_918,GB_SamplingFeature_918,O3,http://dd.eionet.europa.eu/vocabulary/aq/pollutant/7,hour,14.6348299900,µg/m3,2018-06-01 05:00:00 +01:00,2018-06-01 06:00:00 +01:00,1,1
GB,http://environment.data.gov.uk/air-quality/so,GB_Network_1,Station_GB1024A,,GB_SamplingPoint_74174,GB_StationProcess_918,GB_SamplingFeature_918,O3,http://dd.eionet.europa.eu/vocabulary/aq/pollutant/7,hour,43.7162599900,µg/m3,2018-06-01 06:00:00 +01:00,2018-06-01 07:00:00 +01:00,1,1
GB,http://environment.data.gov.uk/air-quality/so,GB_Network_1,Station_GB1024A,,GB_SamplingPoint_74174,GB_StationProcess_918,GB_SamplingFeature_918,O3,http://dd.eionet.europa.eu/vocabulary/aq/pollutant/7,hour,58.9157799900,µg/m3,2018-06-01 07:00:00 +01:00,2018-06-01 08:00:00 +01:00,1,1
GB,http://environment.data.gov.uk/air-quality/so,GB_Network_1,Station_GB1024A,,GB_SamplingPoint_74174,GB_StationProcess_918,GB_SamplingFeature_918,O3,http://dd.eionet.europa.eu/vocabulary/aq/pollutant/7,hour,61.5039299900,µg/m3,2018-06-01 08:00:00 +01:00,2018-06-01 09:00:00 +01:00,1,1
GB,http://environment.data.gov.uk/air-quality/so,GB_Network_1,Station_GB1024A,,GB_SamplingPoint_74174,GB_StationProcess_918,GB_SamplingFeature_918,O3,http://dd.eionet.europa.eu/vocabulary/aq/pollutant/7,hour,49.9748799900,µg/m3,2018-06-01 10:00:00 +01:00,2018-06-01 11:00:00 +01:00,1,1
GB,http://environment.data.gov.uk/air-quality/so,GB_Network_1,Station_GB1024A,,GB_SamplingPoint_74174,GB_StationProcess_918,GB_SamplingFeature_918,O3,http://dd.eionet.europa.eu/vocabulary/aq/pollutant/7,hour,49.2219699900,µg/m3,2018-06-01 11:00:00 +01:00,2018-06-01 12:00:00 +01:00,1,1
GB,http://environment.data.gov.uk/air-quality/so,GB_Network_1,Station_GB1024A,,GB_SamplingPoint_74174,GB_StationProcess_918,GB_SamplingFeature_918,O3,http://dd.eionet.europa.eu/vocabulary/aq/pollutant/7,hour,69.6919099900,µg/m3,2018-06-01 13:00:00 +01:00,2018-06-01 14:00:00 +01:00,1,1
GB,http://environment.data.gov.uk/air-quality/so,GB_Network_1,Station_GB1024A,,GB_SamplingPoint_74174,GB_StationProcess_918,GB_SamplingFeature_918,O3,http://dd.eionet.europa.eu/vocabulary/aq/pollutant/7,hour,73.9270599900,µg/m3,2018-06-01 14:00:00 +01:00,2018-06-01 15:00:00 +01:00,1,1
GB,http://environment.data.gov.uk/air-quality/so,GB_Network_1,Station_GB1024A,,GB_SamplingPoint_74174,GB_StationProcess_918,GB_SamplingFeature_918,O3,http://dd.eionet.europa.eu/vocabulary/aq/pollutant/7,hour,74.3505799900,µg/m3,2018-06-01 15:00:00 +01:00,2018-06-01 16:00:00 +01:00,1,1
GB,http://environment.data.gov.uk/air-quality/so,GB_Network_1,Station_GB1024A,,GB_SamplingPoint_74174,GB_StationProcess_918,GB_SamplingFeature_918,O3,http://dd.eionet.europa.eu/vocabulary/aq/pollutant/7,hour,69.9271899900,µg/m3,2018-06-01 17:00:00 +01:00,2018-06-01 18:00:00 +01:00,1,1
GB,http://environment.data.gov.uk/air-quality/so,GB_Network_1,Station_GB1024A,,GB_SamplingPoint_74174,GB_StationProcess_918,GB_SamplingFeature_918,O3,http://dd.eionet.europa.eu/vocabulary/aq/pollutant/7,hour,61.5039299900,µg/m3,2018-06-01 18:00:00 +01:00,2018-06-01 19:00:00 +01:00,1,1
GB,http://environment.data.gov.uk/air-quality/so,GB_Network_1,Station_GB1024A,,GB_SamplingPoint_74174,GB_StationProcess_918,GB_SamplingFeature_918,O3,http://dd.eionet.europa.eu/vocabulary/aq/pollutant/7,hour,33.9753899900,µg/m3,2018-06-01 22:00:00 +01:00,2018-06-01 23:00:00 +01:00,1,1
GB,http://environment.data.gov.uk/air-quality/so,GB_Network_1,Station_GB1024A,,GB_SamplingPoint_74174,GB_StationProcess_918,GB_SamplingFeature_918,O3,http://dd.eionet.europa.eu/vocabulary/aq/pollutant/7,hour,20.3287699900,µg/m3,2018-06-01 23:00:00 +01:00,2018-06-02 00:00:00 +01:00,1,1
GB,http://environment.data.gov.uk/air-quality/so,GB_Network_1,Station_GB1024A,,GB_SamplingPoint_74174,GB_StationProcess_918,GB_SamplingFeature_918,O3,http://dd.eionet.europa.eu/vocabulary/aq/pollutant/7,hour,19.2989999900,µg/m3,2018-06-02 02:00:00 +01:00,2018-06-02 03:00:00 +01:00,1,1
GB,http://environment.data.gov.uk/air-quality/so,GB_Network_1,Station_GB1024A,,GB_SamplingPoint_74174,GB_StationProcess_918,GB_SamplingFeature_918,O3,http://dd.eionet.europa.eu/vocabulary/aq/pollutant/7,hour,20.6774999900,µg/m3,2018-06-02 03:00:00 +01:00,2018-06-02 04:00:00 +01:00,1,1
GB,http://environment.data.gov.uk/air-quality/so,GB_Network_1,Station_GB1024A,,GB_SamplingPoint_74174,GB_StationProcess_918,GB_SamplingFeature_918,O3,http://dd.eionet.europa.eu/vocabulary/aq/pollutant/7,hour,58.5079399900,µg/m3,2018-06-02 08:00:00 +01:00,2018-06-02 09:00:00 +01:00,1,1
GB,http://environment.data.gov.uk/air-quality/so,GB_Network_1,Station_GB1024A,,GB_SamplingPoint_74174,GB_StationProcess_918,GB_SamplingFeature_918,O3,http://dd.eionet.europa.eu/vocabulary/aq/pollutant/7,hour,59.4008299900,µg/m3,2018-06-02 10:00:00 +01:00,2018-06-02 11:00:00 +01:00,1,1
GB,http://environment.data.gov.uk/air-quality/so,GB_Network_1,Station_GB1024A,,GB_SamplingPoint_74174,GB_StationProcess_918,GB_SamplingFeature_918,O3,http://dd.eionet.europa.eu/vocabulary/aq/pollutant/7,hour,78.6684999900,µg/m3,2018-06-02 14:00:00 +01:00,2018-06-02 15:00:00 +01:00,1,1
GB,http://environment.data.gov.uk/air-quality/so,GB_Network_1,Station_GB1024A,,GB_SamplingPoint_74174,GB_StationProcess_918,GB_SamplingFeature_918,O3,http://dd.eionet.europa.eu/vocabulary/aq/pollutant/7,hour,97.4662299900,µg/m3,2018-06-02 17:00:00 +01:00,2018-06-02 18:00:00 +01:00,1,1
GB,http://environment.data.gov.uk/air-quality/so,GB_Network_1,Station_GB1024A,,GB_SamplingPoint_74174,GB_StationProcess_918,GB_SamplingFeature_918,O3,http://dd.eionet.europa.eu/vocabulary/aq/pollutant/7,hour,95.0695199900,µg/m3,2018-06-02 18:00:00 +01:00,2018-06-02 19:00:00 +01:00,1,1
GB,http://environment.data.gov.uk/air-quality/so,GB_Network_1,Station_GB1024A,,GB_SamplingPoint_74174,GB_StationProcess_918,GB_SamplingFeature_918,O3,http://dd.eionet.europa.eu/vocabulary/aq/pollutant/7,hour,82.7100099900,µg/m3,2018-06-02 20:00:00 +01:00,2018-06-02 21:00:00 +01:00,1,1
GB,http://environment.data.gov.uk/air-quality/so,GB_Network_1,Station_GB1024A,,GB_SamplingPoint_74174,GB_StationProcess_918,GB_SamplingFeature_918,O3,http://dd.eionet.europa.eu/vocabulary/aq/pollutant/7,hour,30.9692599900,µg/m3,2018-06-02 22:00:00 +01:00,2018-06-02 23:00:00 +01:00,1,1
GB,http://environment.data.gov.uk/air-quality/so,GB_Network_1,Station_GB1024A,,GB_SamplingPoint_74174,GB_StationProcess_918,GB_SamplingFeature_918,O3,http://dd.eionet.europa.eu/vocabulary/aq/pollutant/7,hour,38.9112999900,µg/m3,2018-06-03 00:00:00 +01:00,2018-06-03 01:00:00 +01:00,1,1
GB,http://environment.data.gov.uk/air-quality/so,GB_Network_1,Station_GB1024A,,GB_SamplingPoint_74174,GB_StationProcess_918,GB_SamplingFeature_918,O3,http://dd.eionet.europa.eu/vocabulary/aq/pollutant/7,hour,42.4884899900,µg/m3,2018-06-03 01:00:00 +01:00,2018-06-03 02:00:00 +01:00,1,1
GB,http://environment.data.gov.uk/air-quality/so,GB_Network_1,Station_GB1024A,,GB_SamplingPoint_74174,GB_StationProcess_918,GB_SamplingFeature_918,O3,http://dd.eionet.europa.eu/vocabulary/aq/pollutant/7,hour,34.4788799900,µg/m3,2018-06-03 02:00:00 +01:00,2018-06-03 03:00:00 +01:00,1,1
GB,http://environment.data.gov.uk/air-quality/so,GB_Network_1,Station_GB1024A,,GB_SamplingPoint_74174,GB_StationProcess_918,GB_SamplingFeature_918,O3,http://dd.eionet.europa.eu/vocabulary/aq/pollutant/7,hour,21.7761299900,µg/m3,2018-06-03 04:00:00 +01:00,2018-06-03 05:00:00 +01:00,1,1
GB,http://environment.data.gov.uk/air-quality/so,GB_Network_1,Station_GB1024A,,GB_SamplingPoint_74174,GB_StationProcess_918,GB_SamplingFeature_918,O3,http://dd.eionet.europa.eu/vocabulary/aq/pollutant/7,hour,32.8049899900,µg/m3,2018-06-03 07:00:00 +01:00,2018-06-03 08:00:00 +01:00,1,1
GB,http://environment.data.gov.uk/air-quality/so,GB_Network_1,Station_GB1024A,,GB_SamplingPoint_74174,GB_StationProcess_918,GB_SamplingFeature_918,O3,http://dd.eionet.europa.eu/vocabulary/aq/pollutant/7,hour,60.7291299900,µg/m3,2018-06-03 11:00:00 +01:00,2018-06-03 12:00:00 +01:00,1,1
GB,http://environment.data.gov.uk/air-quality/so,GB_Network_1,Station_GB1024A,,GB_SamplingPoint_74174,GB_StationProcess_918,GB_SamplingFeature_918,O3,http://dd.eionet.europa.eu/vocabulary/aq/pollutant/7,hour,87.6207799900,µg/m3,2018-06-03 14:00:00 +01:00,2018-06-03 15:00:00 +01:00,1,1
GB,http://environment.data.gov.uk/air-quality/so,GB_Network_1,Station_GB1024A,,GB_SamplingPoint_74174,GB_StationProcess_918,GB_SamplingFeature_918,O3,http://dd.eionet.europa.eu/vocabulary/aq/pollutant/7,hour,63.0756999900,µg/m3,2018-06-03 22:00:00 +01:00,2018-06-03 23:00:00 +01:00,1,1
GB,http://environment.data.gov.uk/air-quality/so,GB_Network_1,Station_GB1024A,,GB_SamplingPoint_74174,GB_StationProcess_918,GB_SamplingFeature_918,O3,http://dd.eionet.europa.eu/vocabulary/aq/pollutant/7,hour,62.1839999900,µg/m3,2018-06-03 23:00:00 +01:00,2018-06-04 00:00:00 +01:00,1,1
GB,http://environment.data.gov.uk/air-quality/so,GB_Network_1,Station_GB1024A,,GB_SamplingPoint_74174,GB_StationProcess_918,GB_SamplingFeature_918,O3,http://dd.eionet.europa.eu/vocabulary/aq/pollutant/7,hour,67.7688299900,µg/m3,2018-06-04 00:00:00 +01:00,2018-06-04 01:00:00 +01:00,1,1
GB,http://environment.data.gov.uk/air-quality/so,GB_Network_1,Station_GB1024A,,GB_SamplingPoint_74174,GB_StationProcess_918,GB_SamplingFeature_918,O3,http://dd.eionet.europa.eu/vocabulary/aq/pollutant/7,hour,50.8989899900,µg/m3,2018-06-04 03:00:00 +01:00,2018-06-04 04:00:00 +01:00,1,1
GB,http://environment.data.gov.uk/air-quality/so,GB_Network_1,Station_GB1024A,,GB_SamplingPoint_74174,GB_StationProcess_918,GB_SamplingFeature_918,O3,http://dd.eionet.europa.eu/vocabulary/aq/pollutant/7,hour,55.9138999900,µg/m3,2018-06-04 04:00:00 +01:00,2018-06-04 05:00:00 +01:00,1,1
GB,http://environment.data.gov.uk/air-quality/so,GB_Network_1,Station_GB1024A,,GB_SamplingPoint_74174,GB_StationProcess_918,GB_SamplingFeature_918,O3,http://dd.eionet.europa.eu/vocabulary/aq/pollutant/7,hour,60.7882099900,µg/m3,2018-06-04 05:00:00 +01:00,2018-06-04 06:00:00 +01:00,1,1
GB,http://environment.data.gov.uk/air-quality/so,GB_Network_1,Station_GB1024A,,GB_SamplingPoint_74174,GB_StationProcess_918,GB_SamplingFeature_918,O3,http://dd.eionet.europa.eu/vocabulary/aq/pollutant/7,hour,52.8205999900,µg/m3,2018-06-04 06:00:00 +01:00,2018-06-04 07:00:00 +01:00,1,1
GB,http://environment.data.gov.uk/air-quality/so,GB_Network_1,Station_GB1024A,,GB_SamplingPoint_74174,GB_StationProcess_918,GB_SamplingFeature_918,O3,http://dd.eionet.europa.eu/vocabulary/aq/pollutant/7,hour,30.9799599900,µg/m3,2018-06-04 08:00:00 +01:00,2018-06-04 09:00:00 +01:00,1,1
GB,http://environment.data.gov.uk/air-quality/so,GB_Network_1,Station_GB1024A,,GB_SamplingPoint_74174,GB_StationProcess_918,GB_SamplingFeature_918,O3,http://dd.eionet.europa.eu/vocabulary/aq/pollutant/7,hour,66.0374599900,µg/m3,2018-06-04 19:00:00 +01:00,2018-06-04 20:00:00 +01:00,1,1
GB,http://environment.data.gov.uk/air-quality/so,GB_Network_1,Station_GB1024A,,GB_SamplingPoint_74174,GB_StationProcess_918,GB_SamplingFeature_918,O3,http://dd.eionet.europa.eu/vocabulary/aq/pollutant/7,hour,76.1610199900,µg/m3,2018-06-04 21:00:00 +01:00,2018-06-04 22:00:00 +01:00,1,1
GB,http://environment.data.gov.uk/air-quality/so,GB_Network_1,Station_GB1024A,,GB_SamplingPoint_74174,GB_StationProcess_918,GB_SamplingFeature_918,O3,http://dd.eionet.europa.eu/vocabulary/aq/pollutant/7,hour,76.0204099900,µg/m3,2018-06-04 22:00:00 +01:00,2018-06-04 23:00:00 +01:00,1,1
GB,http://environment.data.gov.uk/air-quality/so,GB_Network_1,Station_GB1024A,,GB_SamplingPoint_74174,GB_StationProcess_918,GB_SamplingFeature_918,O3,http://dd.eionet.europa.eu/vocabulary/aq/pollutant/7,hour,78.1960799900,µg/m3,2018-06-05 02:00:00 +01:00,2018-06-05 03:00:00 +01:00,1,1
GB,http://environment.data.gov.uk/air-quality/so,GB_Network_1,Station_GB1024A,,GB_SamplingPoint_74174,GB_StationProcess_918,GB_SamplingFeature_918,O3,http://dd.eionet.europa.eu/vocabulary/aq/pollutant/7,hour,79.3350099900,µg/m3,2018-06-05 03:00:00 +01:00,2018-06-05 04:00:00 +01:00,1,1
GB,http://environment.data.gov.uk/air-quality/so,GB_Network_1,Station_GB1024A,,GB_SamplingPoint_74174,GB_StationProcess_918,GB_SamplingFeature_918,O3,http://dd.eionet.europa.eu/vocabulary/aq/pollutant/7,hour,74.4672599900,µg/m3,2018-06-05 05:00:00 +01:00,2018-06-05 06:00:00 +01:00,1,1
GB,http://environment.data.gov.uk/air-quality/so,GB_Network_1,Station_GB1024A,,GB_SamplingPoint_74174,GB_StationProcess_918,GB_SamplingFeature_918,O3,http://dd.eionet.europa.eu/vocabulary/aq/pollutant/7,hour,63.8892499900,µg/m3,2018-06-05 07:00:00 +01:00,2018-06-05 08:00:00 +01:00,1,1
GB,http://environment.data.gov.uk/air-quality/so,GB_Network_1,Station_GB1024A,,GB_SamplingPoint_74174,GB_StationProcess_918,GB_SamplingFeature_918,O3,http://dd.eionet.europa.eu/vocabulary/aq/pollutant/7,hour,65.6210499900,µg/m3,2018-06-05 11:00:00 +01:00,2018-06-05 12:00:00 +01:00,1,1
GB,http://environment.data.gov.uk/air-quality/so,GB_Network_1,Station_GB1024A,,GB_SamplingPoint_74174,GB_StationProcess_918,GB_SamplingFeature_918,O3,http://dd.eionet.europa.eu/vocabulary/aq/pollutant/7,hour,66.6507699900,µg/m3,2018-06-05 12:00:00 +01:00,2018-06-05 13:00:00 +01:00,1,1
GB,http://environment.data.gov.uk/air-quality/so,GB_Network_1,Station_GB1024A,,GB_SamplingPoint_74174,GB_StationProcess_918,GB_SamplingFeature_918,O3,http://dd.eionet.europa.eu/vocabulary/aq/pollutant/7,hour,67.1656299900,µg/m3,2018-06-05 13:00:00 +01:00,2018-06-05 14:00:00 +01:00,1,1
GB,http://environment.data.gov.uk/air-quality/so,GB_Network_1,Station_GB1024A,,GB_SamplingPoint_74174,GB_StationProcess_918,GB_SamplingFeature_918,O3,http://dd.eionet.europa.eu/vocabulary/aq/pollutant/7,hour,69.2250599900,µg/m3,2018-06-05 14:00:00 +01:00,2018-06-05 15:00:00 +01:00,1,1
GB,http://environment.data.gov.uk/air-quality/so,GB_Network_1,Station_GB1024A,,GB_SamplingPoint_74174,GB_StationProcess_918,GB_SamplingFeature_918,O3,http://dd.eionet.europa.eu/vocabulary/aq/pollutant/7,hour,69.0846399900,µg/m3,2018-06-05 15:00:00 +01:00,2018-06-05 16:00:00 +01:00,1,1
GB,http://environment.data.gov.uk/air-quality/so,GB_Network_1,Station_GB1024A,,GB_SamplingPoint_74174,GB_StationProcess_918,GB_SamplingFeature_918,O3,http://dd.eionet.europa.eu/vocabulary/aq/pollutant/7,hour,69.7399199900,µg/m3,2018-06-05 17:00:00 +01:00,2018-06-05 18:00:00 +01:00,1,1
GB,http://environment.data.gov.uk/air-quality/so,GB_Network_1,Station_GB1024A,,GB_SamplingPoint_74174,GB_StationProcess_918,GB_SamplingFeature_918,O3,http://dd.eionet.europa.eu/vocabulary/aq/pollutant/7,hour,67.6336799900,µg/m3,2018-06-05 18:00:00 +01:00,2018-06-05 19:00:00 +01:00,1,1
GB,http://environment.data.gov.uk/air-quality/so,GB_Network_1,Station_GB1024A,,GB_SamplingPoint_74174,GB_StationProcess_918,GB_SamplingFeature_918,O3,http://dd.eionet.europa.eu/vocabulary/aq/pollutant/7,hour,67.3996499900,µg/m3,2018-06-05 19:00:00 +01:00,2018-06-05 20:00:00 +01:00,1,1
GB,http://environment.data.gov.uk/air-quality/so,GB_Network_1,Station_GB1024A,,GB_SamplingPoint_74174,GB_StationProcess_918,GB_SamplingFeature_918,O3,http://dd.eionet.europa.eu/vocabulary/aq/pollutant/7,hour,66.6975699900,µg/m3,2018-06-05 20:00:00 +01:00,2018-06-05 21:00:00 +01:00,1,1
GB,http://environment.data.gov.uk/air-quality/so,GB_Network_1,Station_GB1024A,,GB_SamplingPoint_74174,GB_StationProcess_918,GB_SamplingFeature_918,O3,http://dd.eionet.europa.eu/vocabulary/aq/pollutant/7,hour,60.6596899900,µg/m3,2018-06-05 21:00:00 +01:00,2018-06-05 22:00:00 +01:00,1,1
GB,http://environment.data.gov.uk/air-quality/so,GB_Network_1,Station_GB1024A,,GB_SamplingPoint_74174,GB_StationProcess_918,GB_SamplingFeature_918,O3,http://dd.eionet.europa.eu/vocabulary/aq/pollutant/7,hour,60.2852499900,µg/m3,2018-06-05 22:00:00 +01:00,2018-06-05 23:00:00 +01:00,1,1
GB,http://environment.data.gov.uk/air-quality/so,GB_Network_1,Station_GB1024A,,GB_SamplingPoint_74174,GB_StationProcess_918,GB_SamplingFeature_918,O3,http://dd.eionet.europa.eu/vocabulary/aq/pollutant/7,hour,40.3853599900,µg/m3,2018-06-06 02:00:00 +01:00,2018-06-06 03:00:00 +01:00,1,1
GB,http://environment.data.gov.uk/air-quality/so,GB_Network_1,Station_GB1024A,,GB_SamplingPoint_74174,GB_StationProcess_918,GB_SamplingFeature_918,O3,http://dd.eionet.europa.eu/vocabulary/aq/pollutant/7,hour,42.3017899900,µg/m3,2018-06-06 04:00:00 +01:00,2018-06-06 05:00:00 +01:00,1,1
GB,http://environment.data.gov.uk/air-quality/so,GB_Network_1,Station_GB1024A,,GB_SamplingPoint_74174,GB_StationProcess_918,GB_SamplingFeature_918,O3,http://dd.eionet.europa.eu/vocabulary/aq/pollutant/7,hour,67.0284699900,µg/m3,2018-06-06 11:00:00 +01:00,2018-06-06 12:00:00 +01:00,1,1
GB,http://environment.data.gov.uk/air-quality/so,GB_Network_1,Station_GB1024A,,GB_SamplingPoint_74174,GB_StationProcess_918,GB_SamplingFeature_918,O3,http://dd.eionet.europa.eu/vocabulary/aq/pollutant/7,hour,74.6007299900,µg/m3,2018-06-06 12:00:00 +01:00,2018-06-06 13:00:00 +01:00,1,1
GB,http://environment.data.gov.uk/air-quality/so,GB_Network_1,Station_GB1024A,,GB_SamplingPoint_74174,GB_StationProcess_918,GB_SamplingFeature_918,O3,http://dd.eionet.europa.eu/vocabulary/aq/pollutant/7,hour,75.6290599900,µg/m3,2018-06-06 13:00:00 +01:00,2018-06-06 14:00:00 +01:00,1,1
GB,http://environment.data.gov.uk/air-quality/so,GB_Network_1,Station_GB1024A,,GB_SamplingPoint_74174,GB_StationProcess_918,GB_SamplingFeature_918,O3,http://dd.eionet.europa.eu/vocabulary/aq/pollutant/7,hour,80.8641999900,µg/m3,2018-06-06 14:00:00 +01:00,2018-06-06 15:00:00 +01:00,1,1
GB,http://environment.data.gov.uk/air-quality/so,GB_Network_1,Station_GB1024A,,GB_SamplingPoint_74174,GB_StationProcess_918,GB_SamplingFeature_918,O3,http://dd.eionet.europa.eu/vocabulary/aq/pollutant/7,hour,89.6050099900,µg/m3,2018-06-06 16:00:00 +01:00,2018-06-06 17:00:00 +01:00,1,1
GB,http://environment.data.gov.uk/air-quality/so,GB_Network_1,Station_GB1024A,,GB_SamplingPoint_74174,GB_StationProcess_918,GB_SamplingFeature_918,O3,http://dd.eionet.europa.eu/vocabulary/aq/pollutant/7,hour,65.1587799900,µg/m3,2018-06-06 22:00:00 +01:00,2018-06-06 23:00:00 +01:00,1,1
GB,http://environment.data.gov.uk/air-quality/so,GB_Network_1,Station_GB1024A,,GB_SamplingPoint_74174,GB_StationProcess_918,GB_SamplingFeature_918,O3,http://dd.eionet.europa.eu/vocabulary/aq/pollutant/7,hour,64.2307299900,µg/m3,2018-06-07 01:00:00 +01:00,2018-06-07 02:00:00 +01:00,1,1
GB,http://environment.data.gov.uk/air-quality/so,GB_Network_1,Station_GB1024A,,GB_SamplingPoint_74174,GB_StationProcess_918,GB_SamplingFeature_918,O3,http://dd.eionet.europa.eu/vocabulary/aq/pollutant/7,hour,67.2181999900,µg/m3,2018-06-07 02:00:00 +01:00,2018-06-07 03:00:00 +01:00,1,1
GB,http://environment.data.gov.uk/air-quality/so,GB_Network_1,Station_GB1024A,,GB_SamplingPoint_74174,GB_StationProcess_918,GB_SamplingFeature_918,O3,http://dd.eionet.europa.eu/vocabulary/aq/pollutant/7,hour,66.7047299900,µg/m3,2018-06-07 03:00:00 +01:00,2018-06-07 04:00:00 +01:00,1,1
GB,http://environment.data.gov.uk/air-quality/so,GB_Network_1,Station_GB1024A,,GB_SamplingPoint_74174,GB_StationProcess_918,GB_SamplingFeature_918,O3,http://dd.eionet.europa.eu/vocabulary/aq/pollutant/7,hour,67.4515999900,µg/m3,2018-06-07 04:00:00 +01:00,2018-06-07 05:00:00 +01:00,1,1
GB,http://environment.data.gov.uk/air-quality/so,GB_Network_1,Station_GB1024A,,GB_SamplingPoint_74174,GB_StationProcess_918,GB_SamplingFeature_918,O3,http://dd.eionet.europa.eu/vocabulary/aq/pollutant/7,hour,61.6633599900,µg/m3,2018-06-07 05:00:00 +01:00,2018-06-07 06:00:00 +01:00,1,1
GB,http://environment.data.gov.uk/air-quality/so,GB_Network_1,Station_GB1024A,,GB_SamplingPoint_74174,GB_StationProcess_918,GB_SamplingFeature_918,O3,http://dd.eionet.europa.eu/vocabulary/aq/pollutant/7,hour,52.0007499900,µg/m3,2018-06-07 07:00:00 +01:00,2018-06-07 08:00:00 +01:00,1,1
GB,http://environment.data.gov.uk/air-quality/so,GB_Network_1,Station_GB1024A,,GB_SamplingPoint_74174,GB_StationProcess_918,GB_SamplingFeature_918,O3,http://dd.eionet.europa.eu/vocabulary/aq/pollutant/7,hour,50.7404099900,µg/m3,2018-06-07 10:00:00 +01:00,2018-06-07 11:00:00 +01:00,1,1
GB,http://environment.data.gov.uk/air-quality/so,GB_Network_1,Station_GB1024A,,GB_SamplingPoint_74174,GB_StationProcess_918,GB_SamplingFeature_918,O3,http://dd.eionet.europa.eu/vocabulary/aq/pollutant/7,hour,52.6075799900,µg/m3,2018-06-07 11:00:00 +01:00,2018-06-07 12:00:00 +01:00,1,1
GB,http://environment.data.gov.uk/air-quality/so,GB_Network_1,Station_GB1024A,,GB_SamplingPoint_74174,GB_StationProcess_918,GB_SamplingFeature_918,O3,http://dd.eionet.europa.eu/vocabulary/aq/pollutant/7,hour,78.0477999900,µg/m3,2018-06-07 18:00:00 +01:00,2018-06-07 19:00:00 +01:00,1,1
GB,http://environment.data.gov.uk/air-quality/so,GB_Network_1,Station_GB1024A,,GB_SamplingPoint_74174,GB_StationProcess_918,GB_SamplingFeature_918,O3,http://dd.eionet.europa.eu/vocabulary/aq/pollutant/7,hour,56.2018899900,µg/m3,2018-06-07 20:00:00 +01:00,2018-06-07 21:00:00 +01:00,1,1
GB,http://environment.data.gov.uk/air-quality/so,GB_Network_1,Station_GB1024A,,GB_SamplingPoint_74174,GB_StationProcess_918,GB_SamplingFeature_918,O3,http://dd.eionet.europa.eu/vocabulary/aq/pollutant/7,hour,39.0238999900,µg/m3,2018-06-07 22:00:00 +01:00,2018-06-07 23:00:00 +01:00,1,1
GB,http://environment.data.gov.uk/air-quality/so,GB_Network_1,Station_GB1024A,,GB_SamplingPoint_74174,GB_StationProcess_918,GB_SamplingFeature_918,O3,http://dd.eionet.europa.eu/vocabulary/aq/pollutant/7,hour,46.7561499900,µg/m3,2018-06-08 04:00:00 +01:00,2018-06-08 05:00:00 +01:00,1,1
GB,http://environment.data.gov.uk/air-quality/so,GB_Network_1,Station_GB1024A,,GB_SamplingPoint_74174,GB_StationProcess_918,GB_SamplingFeature_918,O3,http://dd.eionet.europa.eu/vocabulary/aq/pollutant/7,hour,55.1470899900,µg/m3,2018-06-08 06:00:00 +01:00,2018-06-08 07:00:00 +01:00,1,1
GB,http://environment.data.gov.uk/air-quality/so,GB_Network_1,Station_GB1024A,,GB_SamplingPoint_74174,GB_StationProcess_918,GB_SamplingFeature_918,O3,http://dd.eionet.europa.eu/vocabulary/aq/pollutant/7,hour,49.5065099900,µg/m3,2018-06-08 10:00:00 +01:00,2018-06-08 11:00:00 +01:00,1,1
GB,http://environment.data.gov.uk/air-quality/so,GB_Network_1,Station_GB1024A,,GB_SamplingPoint_74174,GB_StationProcess_918,GB_SamplingFeature_918,O3,http://dd.eionet.europa.eu/vocabulary/aq/pollutant/7,hour,60.1816499900,µg/m3,2018-06-08 11:00:00 +01:00,2018-06-08 12:00:00 +01:00,1,1
GB,http://environment.data.gov.uk/air-quality/so,GB_Network_1,Station_GB1024A,,GB_SamplingPoint_74174,GB_StationProcess_918,GB_SamplingFeature_918,O3,http://dd.eionet.europa.eu/vocabulary/aq/pollutant/7,hour,70.1109199900,µg/m3,2018-06-08 12:00:00 +01:00,2018-06-08 13:00:00 +01:00,1,1
GB,http://environment.data.gov.uk/air-quality/so,GB_Network_1,Station_GB1024A,,GB_SamplingPoint_74174,GB_StationProcess_918,GB_SamplingFeature_918,O3,http://dd.eionet.europa.eu/vocabulary/aq/pollutant/7,hour,95.1904899900,µg/m3,2018-06-08 15:00:00 +01:00,2018-06-08 16:00:00 +01:00,1,1
GB,http://environment.data.gov.uk/air-quality/so,GB_Network_1,Station_GB1024A,,GB_SamplingPoint_74174,GB_StationProcess_918,GB_SamplingFeature_918,O3,http://dd.eionet.europa.eu/vocabulary/aq/pollutant/7,hour,97.4746899900,µg/m3,2018-06-08 16:00:00 +01:00,2018-06-08 17:00:00 +01:00,1,1
GB,http://environment.data.gov.uk/air-quality/so,GB_Network_1,Station_GB1024A,,GB_SamplingPoint_74174,GB_StationProcess_918,GB_SamplingFeature_918,O3,http://dd.eionet.europa.eu/vocabulary/aq/pollutant/7,hour,87.3589499900,µg/m3,2018-06-08 18:00:00 +01:00,2018-06-08 19:00:00 +01:00,1,1
GB,http://environment.data.gov.uk/air-quality/so,GB_Network_1,Station_GB1024A,,GB_SamplingPoint_74174,GB_StationProcess_918,GB_SamplingFeature_918,O3,http://dd.eionet.europa.eu/vocabulary/aq/pollutant/7,hour,78.5018599900,µg/m3,2018-06-08 20:00:00 +01:00,2018-06-08 21:00:00 +01:00,1,1
GB,http://environment.data.gov.uk/air-quality/so,GB_Network_1,Station_GB1024A,,GB_SamplingPoint_74174,GB_StationProcess_918,GB_SamplingFeature_918,O3,http://dd.eionet.europa.eu/vocabulary/aq/pollutant/7,hour,49.7862099900,µg/m3,2018-06-08 23:00:00 +01:00,2018-06-09 00:00:00 +01:00,1,1
GB,http://environment.data.gov.uk/air-quality/so,GB_Network_1,Station_GB1024A,,GB_SamplingPoint_74174,GB_StationProcess_918,GB_SamplingFeature_918,O3,http://dd.eionet.europa.eu/vocabulary/aq/pollutant/7,hour,58.8899199900,µg/m3,2018-06-09 03:00:00 +01:00,2018-06-09 04:00:00 +01:00,1,1
GB,http://environment.data.gov.uk/air-quality/so,GB_Network_1,Station_GB1024A,,GB_SamplingPoint_74174,GB_StationProcess_918,GB_SamplingFeature_918,O3,http://dd.eionet.europa.eu/vocabulary/aq/pollutant/7,hour,57.7260899900,µg/m3,2018-06-09 04:00:00 +01:00,2018-06-09 05:00:00 +01:00,1,1
GB,http://environment.data.gov.uk/air-quality/so,GB_Network_1,Station_GB1024A,,GB_SamplingPoint_74174,GB_StationProcess_918,GB_SamplingFeature_918,O3,http://dd.eionet.europa.eu/vocabulary/aq/pollutant/7,hour,58.0519699900,µg/m3,2018-06-09 05:00:00 +01:00,2018-06-09 06:00:00 +01:00,1,1
GB,http://environment.data.gov.uk/air-quality/so,GB_Network_1,Station_GB1024A,,GB_SamplingPoint_74174,GB_StationProcess_918,GB_SamplingFeature_918,O3,http://dd.eionet.europa.eu/vocabulary/aq/pollutant/7,hour,60.9848199900,µg/m3,2018-06-09 09:00:00 +01:00,2018-06-09 10:00:00 +01:00,1,1
GB,http://environment.data.gov.uk/air-quality/so,GB_Network_1,Station_GB1024A,,GB_SamplingPoint_74174,GB_StationProcess_918,GB_SamplingFeature_918,O3,http://dd.eionet.europa.eu/vocabulary/aq/pollutant/7,hour,56.6088099900,µg/m3,2018-06-09 10:00:00 +01:00,2018-06-09 11:00:00 +01:00,1,1
GB,http://environment.data.gov.uk/air-quality/so,GB_Network_1,Station_GB1024A,,GB_SamplingPoint_74174,GB_StationProcess_918,GB_SamplingFeature_918,O3,http://dd.eionet.europa.eu/vocabulary/aq/pollutant/7,hour,62.8935099900,µg/m3,2018-06-09 11:00:00 +01:00,2018-06-09 12:00:00 +01:00,1,1
GB,http://environment.data.gov.uk/air-quality/so,GB_Network_1,Station_GB1024A,,GB_SamplingPoint_74174,GB_StationProcess_918,GB_SamplingFeature_918,O3,http://dd.eionet.europa.eu/vocabulary/aq/pollutant/7,hour,72.6231499900,µg/m3,2018-06-09 13:00:00 +01:00,2018-06-09 14:00:00 +01:00,1,1
GB,http://environment.data.gov.uk/air-quality/so,GB_Network_1,Station_GB1024A,,GB_SamplingPoint_74174,GB_StationProcess_918,GB_SamplingFeature_918,O3,http://dd.eionet.europa.eu/vocabulary/aq/pollutant/7,hour,59.6347799900,µg/m3,2018-06-09 19:00:00 +01:00,2018-06-09 20:00:00 +01:00,1,1
GB,http://environment.data.gov.uk/air-quality/so,GB_Network_1,Station_GB1024A,,GB_SamplingPoint_74174,GB_StationProcess_918,GB_SamplingFeature_918,O3,http://dd.eionet.europa.eu/vocabulary/aq/pollutant/7,hour,48.4619799900,µg/m3,2018-06-09 22:00:00 +01:00,2018-06-09 23:00:00 +01:00,1,1
GB,http://environment.data.gov.uk/air-quality/so,GB_Network_1,Station_GB1024A,,GB_SamplingPoint_74174,GB_StationProcess_918,GB_SamplingFeature_918,O3,http://dd.eionet.europa.eu/vocabulary/aq/pollutant/7,hour,54.3006699900,µg/m3,2018-06-10 02:00:00 +01:00,2018-06-10 03:00:00 +01:00,1,1
GB,http://environment.data.gov.uk/air-quality/so,GB_Network_1,Station_GB1024A,,GB_SamplingPoint_74174,GB_StationProcess_918,GB_SamplingFeature_918,O3,http://dd.eionet.europa.eu/vocabulary/aq/pollutant/7,hour,50.1630299900,µg/m3,2018-06-10 03:00:00 +01:00,2018-06-10 04:00:00 +01:00,1,1
GB,http://environment.data.gov.uk/air-quality/so,GB_Network_1,Station_GB1024A,,GB_SamplingPoint_74174,GB_StationProcess_918,GB_SamplingFeature_918,O3,http://dd.eionet.europa.eu/vocabulary/aq/pollutant/7,hour,55.4629199900,µg/m3,2018-06-10 06:00:00 +01:00,2018-06-10 07:00:00 +01:00,1,1
GB,http://environment.data.gov.uk/air-quality/so,GB_Network_1,Station_GB1024A,,GB_SamplingPoint_74174,GB_StationProcess_918,GB_SamplingFeature_918,O3,http://dd.eionet.europa.eu/vocabulary/aq/pollutant/7,hour,54.5331199900,µg/m3,2018-06-10 07:00:00 +01:00,2018-06-10 08:00:00 +01:00,1,1
GB,http://environment.data.gov.uk/air-quality/so,GB_Network_1,Station_GB1024A,,GB_SamplingPoint_74174,GB_StationProcess_918,GB_SamplingFeature_918,O3,http://dd.eionet.europa.eu/vocabulary/aq/pollutant/7,hour,50.6279299900,µg/m3,2018-06-10 09:00:00 +01:00,2018-06-10 10:00:00 +01:00,1,1
GB,http://environment.data.gov.uk/air-quality/so,GB_Network_1,Station_GB1024A,,GB_SamplingPoint_74174,GB_StationProcess_918,GB_SamplingFeature_918,O3,http://dd.eionet.europa.eu/vocabulary/aq/pollutant/7,hour,56.4392199900,µg/m3,2018-06-10 10:00:00 +01:00,2018-06-10 11:00:00 +01:00,1,1
GB,http://environment.data.gov.uk/air-quality/so,GB_Network_1,Station_GB1024A,,GB_SamplingPoint_74174,GB_StationProcess_918,GB_SamplingFeature_918,O3,http://dd.eionet.europa.eu/vocabulary/aq/pollutant/7,hour,63.9706499900,µg/m3,2018-06-10 11:00:00 +01:00,2018-06-10 12:00:00 +01:00,1,1
GB,http://environment.data.gov.uk/air-quality/so,GB_Network_1,Station_GB1024A,,GB_SamplingPoint_74174,GB_StationProcess_918,GB_SamplingFeature_918,O3,http://dd.eionet.europa.eu/vocabulary/aq/pollutant/7,hour,73.5941399900,µg/m3,2018-06-10 13:00:00 +01:00,2018-06-10 14:00:00 +01:00,1,1
GB,http://environment.data.gov.uk/air-quality/so,GB_Network_1,Station_GB1024A,,GB_SamplingPoint_74174,GB_StationProcess_918,GB_SamplingFeature_918,O3,http://dd.eionet.europa.eu/vocabulary/aq/pollutant/7,hour,75.4072599900,µg/m3,2018-06-10 15:00:00 +01:00,2018-06-10 16:00:00 +01:00,1,1
GB,http://environment.data.gov.uk/air-quality/so,GB_Network_1,Station_GB1024A,,GB_SamplingPoint_74174,GB_StationProcess_918,GB_SamplingFeature_918,O3,http://dd.eionet.europa.eu/vocabulary/aq/pollutant/7,hour,75.7791799900,µg/m3,2018-06-10 16:00:00 +01:00,2018-06-10 17:00:00 +01:00,1,1
GB,http://environment.data.gov.uk/air-quality/so,GB_Network_1,Station_GB1024A,,GB_SamplingPoint_74174,GB_StationProcess_918,GB_SamplingFeature_918,O3,http://dd.eionet.europa.eu/vocabulary/aq/pollutant/7,hour,74.1520199900,µg/m3,2018-06-10 17:00:00 +01:00,2018-06-10 18:00:00 +01:00,1,1
GB,http://environment.data.gov.uk/air-quality/so,GB_Network_1,Station_GB1024A,,GB_SamplingPoint_74174,GB_StationProcess_918,GB_SamplingFeature_918,O3,http://dd.eionet.europa.eu/vocabulary/aq/pollutant/7,hour,72.7108199900,µg/m3,2018-06-10 19:00:00 +01:00,2018-06-10 20:00:00 +01:00,1,1
GB,http://environment.data.gov.uk/air-quality/so,GB_Network_1,Station_GB1024A,,GB_SamplingPoint_74174,GB_StationProcess_918,GB_SamplingFeature_918,O3,http://dd.eionet.europa.eu/vocabulary/aq/pollutant/7,hour,54.4866299900,µg/m3,2018-06-10 23:00:00 +01:00,2018-06-11 00:00:00 +01:00,1,1
GB,http://environment.data.gov.uk/air-quality/so,GB_Network_1,Station_GB1024A,,GB_SamplingPoint_74174,GB_StationProcess_918,GB_SamplingFeature_918,O3,http://dd.eionet.europa.eu/vocabulary/aq/pollutant/7,hour,51.7436999900,µg/m3,2018-06-11 00:00:00 +01:00,2018-06-11 01:00:00 +01:00,1,1
GB,http://environment.data.gov.uk/air-quality/so,GB_Network_1,Station_GB1024A,,GB_SamplingPoint_74174,GB_StationProcess_918,GB_SamplingFeature_918,O3,http://dd.eionet.europa.eu/vocabulary/aq/pollutant/7,hour,45.9165899900,µg/m3,2018-06-11 03:00:00 +01:00,2018-06-11 04:00:00 +01:00,1,1
GB,http://environment.data.gov.uk/air-quality/so,GB_Network_1,Station_GB1024A,,GB_SamplingPoint_74174,GB_StationProcess_918,GB_SamplingFeature_918,O3,http://dd.eionet.europa.eu/vocabulary/aq/pollutant/7,hour,42.2952599900,µg/m3,2018-06-11 04:00:00 +01:00,2018-06-11 05:00:00 +01:00,1,1
GB,http://environment.data.gov.uk/air-quality/so,GB_Network_1,Station_GB1024A,,GB_SamplingPoint_74174,GB_StationProcess_918,GB_SamplingFeature_918,O3,http://dd.eionet.europa.eu/vocabulary/aq/pollutant/7,hour,28.2277899900,µg/m3,2018-06-11 06:00:00 +01:00,2018-06-11 07:00:00 +01:00,1,1
GB,http://environment.data.gov.uk/air-quality/so,GB_Network_1,Station_GB1024A,,GB_SamplingPoint_74174,GB_StationProcess_918,GB_SamplingFeature_918,O3,http://dd.eionet.europa.eu/vocabulary/aq/pollutant/7,hour,36.6311299900,µg/m3,2018-06-11 07:00:00 +01:00,2018-06-11 08:00:00 +01:00,1,1
GB,http://environment.data.gov.uk/air-quality/so,GB_Network_1,Station_GB1024A,,GB_SamplingPoint_74174,GB_StationProcess_918,GB_SamplingFeature_918,O3,http://dd.eionet.europa.eu/vocabulary/aq/pollutant/7,hour,37.9775199900,µg/m3,2018-06-11 09:00:00 +01:00,2018-06-11 10:00:00 +01:00,1,1
GB,http://environment.data.gov.uk/air-quality/so,GB_Network_1,Station_GB1024A,,GB_SamplingPoint_74174,GB_StationProcess_918,GB_SamplingFeature_918,O3,http://dd.eionet.europa.eu/vocabulary/aq/pollutant/7,hour,91.6938999900,µg/m3,2018-06-11 16:00:00 +01:00,2018-06-11 17:00:00 +01:00,1,1
GB,http://environment.data.gov.uk/air-quality/so,GB_Network_1,Station_GB1024A,,GB_SamplingPoint_74174,GB_StationProcess_918,GB_SamplingFeature_918,O3,http://dd.eionet.europa.eu/vocabulary/aq/pollutant/7,hour,88.3975599900,µg/m3,2018-06-11 17:00:00 +01:00,2018-06-11 18:00:00 +01:00,1,1
GB,http://environment.data.gov.uk/air-quality/so,GB_Network_1,Station_GB1024A,,GB_SamplingPoint_74174,GB_StationProcess_918,GB_SamplingFeature_918,O3,http://dd.eionet.europa.eu/vocabulary/aq/pollutant/7,hour,84.3119599900,µg/m3,2018-06-11 18:00:00 +01:00,2018-06-11 19:00:00 +01:00,1,1
GB,http://environment.data.gov.uk/air-quality/so,GB_Network_1,Station_GB1024A,,GB_SamplingPoint_74174,GB_StationProcess_918,GB_SamplingFeature_918,O3,http://dd.eionet.europa.eu/vocabulary/aq/pollutant/7,hour,63.7446699900,µg/m3,2018-06-11 20:00:00 +01:00,2018-06-11 21:00:00 +01:00,1,1
GB,http://environment.data.gov.uk/air-quality/so,GB_Network_1,Station_GB1024A,,GB_SamplingPoint_74174,GB_StationProcess_918,GB_SamplingFeature_918,O3,http://dd.eionet.europa.eu/vocabulary/aq/pollutant/7,hour,51.3950099900,µg/m3,2018-06-12 00:00:00 +01:00,2018-06-12 01:00:00 +01:00,1,1
GB,http://environment.data.gov.uk/air-quality/so,GB_Network_1,Station_GB1024A,,GB_SamplingPoint_74174,GB_StationProcess_918,GB_SamplingFeature_918,O3,http://dd.eionet.europa.eu/vocabulary/aq/pollutant/7,hour,37.9259899900,µg/m3,2018-06-12 04:00:00 +01:00,2018-06-12 05:00:00 +01:00,1,1
GB,http://environment.data.gov.uk/air-quality/so,GB_Network_1,Station_GB1024A,,GB_SamplingPoint_74174,GB_StationProcess_918,GB_SamplingFeature_918,O3,http://dd.eionet.europa.eu/vocabulary/aq/pollutant/7,hour,37.4623399900,µg/m3,2018-06-12 05:00:00 +01:00,2018-06-12 06:00:00 +01:00,1,1
GB,http://environment.data.gov.uk/air-quality/so,GB_Network_1,Station_GB1024A,,GB_SamplingPoint_74174,GB_StationProcess_918,GB_SamplingFeature_918,O3,http://dd.eionet.europa.eu/vocabulary/aq/pollutant/7,hour,35.9323199900,µg/m3,2018-06-12 06:00:00 +01:00,2018-06-12 07:00:00 +01:00,1,1
GB,http://environment.data.gov.uk/air-quality/so,GB_Network_1,Station_GB1024A,,GB_SamplingPoint_74174,GB_StationProcess_918,GB_SamplingFeature_918,O3,http://dd.eionet.europa.eu/vocabulary/aq/pollutant/7,hour,48.2188599900,µg/m3,2018-06-12 10:00:00 +01:00,2018-06-12 11:00:00 +01:00,1,1
GB,http://environment.data.gov.uk/air-quality/so,GB_Network_1,Station_GB1024A,,GB_SamplingPoint_74174,GB_StationProcess_918,GB_SamplingFeature_918,O3,http://dd.eionet.europa.eu/vocabulary/aq/pollutant/7,hour,50.3979799900,µg/m3,2018-06-12 12:00:00 +01:00,2018-06-12 13:00:00 +01:00,1,1
GB,http://environment.data.gov.uk/air-quality/so,GB_Network_1,Station_GB1024A,,GB_SamplingPoint_74174,GB_StationProcess_918,GB_SamplingFeature_918,O3,http://dd.eionet.europa.eu/vocabulary/aq/pollutant/7,hour,46.8742999900,µg/m3,2018-06-12 13:00:00 +01:00,2018-06-12 14:00:00 +01:00,1,1
GB,http://environment.data.gov.uk/air-quality/so,GB_Network_1,Station_GB1024A,,GB_SamplingPoint_74174,GB_StationProcess_918,GB_SamplingFeature_918,O3,http://dd.eionet.europa.eu/vocabulary/aq/pollutant/7,hour,47.6161299900,µg/m3,2018-06-12 14:00:00 +01:00,2018-06-12 15:00:00 +01:00,1,1
GB,http://environment.data.gov.uk/air-quality/so,GB_Network_1,Station_GB1024A,,GB_SamplingPoint_74174,GB_StationProcess_918,GB_SamplingFeature_918,O3,http://dd.eionet.europa.eu/vocabulary/aq/pollutant/7,hour,66.9500299900,µg/m3,2018-06-12 16:00:00 +01:00,2018-06-12 17:00:00 +01:00,1,1
GB,http://environment.data.gov.uk/air-quality/so,GB_Network_1,Station_GB1024A,,GB_SamplingPoint_74174,GB_StationProcess_918,GB_SamplingFeature_918,O3,http://dd.eionet.europa.eu/vocabulary/aq/pollutant/7,hour,67.3209499900,µg/m3,2018-06-12 17:00:00 +01:00,2018-06-12 18:00:00 +01:00,1,1
GB,http://environment.data.gov.uk/air-quality/so,GB_Network_1,Station_GB1024A,,GB_SamplingPoint_74174,GB_StationProcess_918,GB_SamplingFeature_918,O3,http://dd.eionet.europa.eu/vocabulary/aq/pollutant/7,hour,65.4663699900,µg/m3,2018-06-12 19:00:00 +01:00,2018-06-12 20:00:00 +01:00,1,1
GB,http://environment.data.gov.uk/air-quality/so,GB_Network_1,Station_GB1024A,,GB_SamplingPoint_74174,GB_StationProcess_918,GB_SamplingFeature_918,O3,http://dd.eionet.europa.eu/vocabulary/aq/pollutant/7,hour,64.3536299900,µg/m3,2018-06-12 20:00:00 +01:00,2018-06-12 21:00:00 +01:00,1,1
GB,http://environment.data.gov.uk/air-quality/so,GB_Network_1,Station_GB1024A,,GB_SamplingPoint_74174,GB_StationProcess_918,GB_SamplingFeature_918,O3,http://dd.eionet.europa.eu/vocabulary/aq/pollutant/7,hour,39.6414699900,µg/m3,2018-06-12 23:00:00 +01:00,2018-06-13 00:00:00 +01:00,1,1
GB,http://environment.data.gov.uk/air-quality/so,GB_Network_1,Station_GB1024A,,GB_SamplingPoint_74174,GB_StationProcess_918,GB_SamplingFeature_918,O3,http://dd.eionet.europa.eu/vocabulary/aq/pollutant/7,hour,18.1500999900,µg/m3,2018-06-13 04:00:00 +01:00,2018-06-13 05:00:00 +01:00,1,1
GB,http://environment.data.gov.uk/air-quality/so,GB_Network_1,Station_GB1024A,,GB_SamplingPoint_74174,GB_StationProcess_918,GB_SamplingFeature_918,O3,http://dd.eionet.europa.eu/vocabulary/aq/pollutant/7,hour,39.4949999900,µg/m3,2018-06-13 09:00:00 +01:00,2018-06-13 10:00:00 +01:00,1,1
GB,http://environment.data.gov.uk/air-quality/so,GB_Network_1,Station_GB1024A,,GB_SamplingPoint_74174,GB_StationProcess_918,GB_SamplingFeature_918,O3,http://dd.eionet.europa.eu/vocabulary/aq/pollutant/7,hour,86.4907999900,µg/m3,2018-06-13 16:00:00 +01:00,2018-06-13 17:00:00 +01:00,1,1
GB,http://environment.data.gov.uk/air-quality/so,GB_Network_1,Station_GB1024A,,GB_SamplingPoint_74174,GB_StationProcess_918,GB_SamplingFeature_918,O3,http://dd.eionet.europa.eu/vocabulary/aq/pollutant/7,hour,82.5088899900,µg/m3,2018-06-13 19:00:00 +01:00,2018-06-13 20:00:00 +01:00,1,1
GB,http://environment.data.gov.uk/air-quality/so,GB_Network_1,Station_GB1024A,,GB_SamplingPoint_74174,GB_StationProcess_918,GB_SamplingFeature_918,O3,http://dd.eionet.europa.eu/vocabulary/aq/pollutant/7,hour,73.1097299900,µg/m3,2018-06-13 20:00:00 +01:00,2018-06-13 21:00:00 +01:00,1,1
GB,http://environment.data.gov.uk/air-quality/so,GB_Network_1,Station_GB1024A,,GB_SamplingPoint_74174,GB_StationProcess_918,GB_SamplingFeature_918,O3,http://dd.eionet.europa.eu/vocabulary/aq/pollutant/7,hour,80.2864299900,µg/m3,2018-06-13 22:00:00 +01:00,2018-06-13 23:00:00 +01:00,1,1
GB,http://environment.data.gov.uk/air-quality/so,GB_Network_1,Station_GB1024A,,GB_SamplingPoint_74174,GB_StationProcess_918,GB_SamplingFeature_918,O3,http://dd.eionet.europa.eu/vocabulary/aq/pollutant/7,hour,81.1944199900,µg/m3,2018-06-14 01:00:00 +01:00,2018-06-14 02:00:00 +01:00,1,1
GB,http://environment.data.gov.uk/air-quality/so,GB_Network_1,Station_GB1024A,,GB_SamplingPoint_74174,GB_StationProcess_918,GB_SamplingFeature_918,O3,http://dd.eionet.europa.eu/vocabulary/aq/pollutant/7,hour,51.9718299900,µg/m3,2018-06-14 07:00:00 +01:00,2018-06-14 08:00:00 +01:00,1,1
GB,http://environment.data.gov.uk/air-quality/so,GB_Network_1,Station_GB1024A,,GB_SamplingPoint_74174,GB_StationProcess_918,GB_SamplingFeature_918,O3,http://dd.eionet.europa.eu/vocabulary/aq/pollutant/7,hour,45.8221399900,µg/m3,2018-06-14 08:00:00 +01:00,2018-06-14 09:00:00 +01:00,1,1
GB,http://environment.data.gov.uk/air-quality/so,GB_Network_1,Station_GB1024A,,GB_SamplingPoint_74174,GB_StationProcess_918,GB_SamplingFeature_918,O3,http://dd.eionet.europa.eu/vocabulary/aq/pollutant/7,hour,38.8401599900,µg/m3,2018-06-14 10:00:00 +01:00,2018-06-14 11:00:00 +01:00,1,1
GB,http://environment.data.gov.uk/air-quality/so,GB_Network_1,Station_GB1024A,,GB_SamplingPoint_74174,GB_StationProcess_918,GB_SamplingFeature_918,O3,http://dd.eionet.europa.eu/vocabulary/aq/pollutant/7,hour,39.3950099900,µg/m3,2018-06-14 12:00:00 +01:00,2018-06-14 13:00:00 +01:00,1,1
GB,http://environment.data.gov.uk/air-quality/so,GB_Network_1,Station_GB1024A,,GB_SamplingPoint_74174,GB_StationProcess_918,GB_SamplingFeature_918,O3,http://dd.eionet.europa.eu/vocabulary/aq/pollutant/7,hour,81.1481799900,µg/m3,2018-06-14 14:00:00 +01:00,2018-06-14 15:00:00 +01:00,1,1
GB,http://environment.data.gov.uk/air-quality/so,GB_Network_1,Station_GB1024A,,GB_SamplingPoint_74174,GB_StationProcess_918,GB_SamplingFeature_918,O3,http://dd.eionet.europa.eu/vocabulary/aq/pollutant/7,hour,74.4898699900,µg/m3,2018-06-14 19:00:00 +01:00,2018-06-14 20:00:00 +01:00,1,1
GB,http://environment.data.gov.uk/air-quality/so,GB_Network_1,Station_GB1024A,,GB_SamplingPoint_74174,GB_StationProcess_918,GB_SamplingFeature_918,O3,http://dd.eionet.europa.eu/vocabulary/aq/pollutant/7,hour,24.9224299900,µg/m3,2018-06-14 22:00:00 +01:00,2018-06-14 23:00:00 +01:00,1,1
GB,http://environment.data.gov.uk/air-quality/so,GB_Network_1,Station_GB1024A,,GB_SamplingPoint_74174,GB_StationProcess_918,GB_SamplingFeature_918,O3,http://dd.eionet.europa.eu/vocabulary/aq/pollutant/7,hour,22.5950999900,µg/m3,2018-06-15 02:00:00 +01:00,2018-06-15 03:00:00 +01:00,1,1
GB,http://environment.data.gov.uk/air-quality/so,GB_Network_1,Station_GB1024A,,GB_SamplingPoint_74174,GB_StationProcess_918,GB_SamplingFeature_918,O3,http://dd.eionet.europa.eu/vocabulary/aq/pollutant/7,hour,34.6314599900,µg/m3,2018-06-15 03:00:00 +01:00,2018-06-15 04:00:00 +01:00,1,1
GB,http://environment.data.gov.uk/air-quality/so,GB_Network_1,Station_GB1024A,,GB_SamplingPoint_74174,GB_StationProcess_918,GB_SamplingFeature_918,O3,http://dd.eionet.europa.eu/vocabulary/aq/pollutant/7,hour,36.1552399900,µg/m3,2018-06-15 04:00:00 +01:00,2018-06-15 05:00:00 +01:00,1,1
GB,http://environment.data.gov.uk/air-quality/so,GB_Network_1,Station_GB1024A,,GB_SamplingPoint_74174,GB_StationProcess_918,GB_SamplingFeature_918,O3,http://dd.eionet.europa.eu/vocabulary/aq/pollutant/7,hour,25.6272799900,µg/m3,2018-06-15 05:00:00 +01:00,2018-06-15 06:00:00 +01:00,1,1
GB,http://environment.data.gov.uk/air-quality/so,GB_Network_1,Station_GB1024A,,GB_SamplingPoint_74174,GB_StationProcess_918,GB_SamplingFeature_918,O3,http://dd.eionet.europa.eu/vocabulary/aq/pollutant/7,hour,26.6893099900,µg/m3,2018-06-15 06:00:00 +01:00,2018-06-15 07:00:00 +01:00,1,1
GB,http://environment.data.gov.uk/air-quality/so,GB_Network_1,Station_GB1024A,,GB_SamplingPoint_74174,GB_StationProcess_918,GB_SamplingFeature_918,O3,http://dd.eionet.europa.eu/vocabulary/aq/pollutant/7,hour,50.8851599900,µg/m3,2018-06-15 08:00:00 +01:00,2018-06-15 09:00:00 +01:00,1,1
GB,http://environment.data.gov.uk/air-quality/so,GB_Network_1,Station_GB1024A,,GB_SamplingPoint_74174,GB_StationProcess_918,GB_SamplingFeature_918,O3,http://dd.eionet.europa.eu/vocabulary/aq/pollutant/7,hour,66.6770999900,µg/m3,2018-06-15 09:00:00 +01:00,2018-06-15 10:00:00 +01:00,1,1
GB,http://environment.data.gov.uk/air-quality/so,GB_Network_1,Station_GB1024A,,GB_SamplingPoint_74174,GB_StationProcess_918,GB_SamplingFeature_918,O3,http://dd.eionet.europa.eu/vocabulary/aq/pollutant/7,hour,70.7866999900,µg/m3,2018-06-15 10:00:00 +01:00,2018-06-15 11:00:00 +01:00,1,1
GB,http://environment.data.gov.uk/air-quality/so,GB_Network_1,Station_GB1024A,,GB_SamplingPoint_74174,GB_StationProcess_918,GB_SamplingFeature_918,O3,http://dd.eionet.europa.eu/vocabulary/aq/pollutant/7,hour,87.5944999900,µg/m3,2018-06-15 15:00:00 +01:00,2018-06-15 16:00:00 +01:00,1,1
GB,http://environment.data.gov.uk/air-quality/so,GB_Network_1,Station_GB1024A,,GB_SamplingPoint_74174,GB_StationProcess_918,GB_SamplingFeature_918,O3,http://dd.eionet.europa.eu/vocabulary/aq/pollutant/7,hour,84.2237099900,µg/m3,2018-06-15 18:00:00 +01:00,2018-06-15 19:00:00 +01:00,1,1
GB,http://environment.data.gov.uk/air-quality/so,GB_Network_1,Station_GB1024A,,GB_SamplingPoint_74174,GB_StationProcess_918,GB_SamplingFeature_918,O3,http://dd.eionet.europa.eu/vocabulary/aq/pollutant/7,hour,84.5931099900,µg/m3,2018-06-15 19:00:00 +01:00,2018-06-15 20:00:00 +01:00,1,1
GB,http://environment.data.gov.uk/air-quality/so,GB_Network_1,Station_GB1024A,,GB_SamplingPoint_74174,GB_StationProcess_918,GB_SamplingFeature_918,O3,http://dd.eionet.europa.eu/vocabulary/aq/pollutant/7,hour,76.5124299900,µg/m3,2018-06-15 21:00:00 +01:00,2018-06-15 22:00:00 +01:00,1,1
GB,http://environment.data.gov.uk/air-quality/so,GB_Network_1,Station_GB1024A,,GB_SamplingPoint_74174,GB_StationProcess_918,GB_SamplingFeature_918,O3,http://dd.eionet.europa.eu/vocabulary/aq/pollutant/7,hour,72.6337099900,µg/m3,2018-06-15 22:00:00 +01:00,2018-06-15 23:00:00 +01:00,1,1
GB,http://environment.data.gov.uk/air-quality/so,GB_Network_1,Station_GB1024A,,GB_SamplingPoint_74174,GB_StationProcess_918,GB_SamplingFeature_918,O3,http://dd.eionet.europa.eu/vocabulary/aq/pollutant/7,hour,46.8039599900,µg/m3,2018-06-16 04:00:00 +01:00,2018-06-16 05:00:00 +01:00,1,1
GB,http://environment.data.gov.uk/air-quality/so,GB_Network_1,Station_GB1024A,,GB_SamplingPoint_74174,GB_StationProcess_918,GB_SamplingFeature_918,O3,http://dd.eionet.europa.eu/vocabulary/aq/pollutant/7,hour,40.2560199900,µg/m3,2018-06-16 05:00:00 +01:00,2018-06-16 06:00:00 +01:00,1,1
GB,http://environment.data.gov.uk/air-quality/so,GB_Network_1,Station_GB1024A,,GB_SamplingPoint_74174,GB_StationProcess_918,GB_SamplingFeature_918,O3,http://dd.eionet.europa.eu/vocabulary/aq/pollutant/7,hour,44.6366799900,µg/m3,2018-06-16 08:00:00 +01:00,2018-06-16 09:00:00 +01:00,1,1
GB,http://environment.data.gov.uk/air-quality/so,GB_Network_1,Station_GB1024A,,GB_SamplingPoint_74174,GB_StationProcess_918,GB_SamplingFeature_918,O3,http://dd.eionet.europa.eu/vocabulary/aq/pollutant/7,hour,51.8301999900,µg/m3,2018-06-16 09:00:00 +01:00,2018-06-16 10:00:00 +01:00,1,1
GB,http://environment.data.gov.uk/air-quality/so,GB_Network_1,Station_GB1024A,,GB_SamplingPoint_74174,GB_StationProcess_918,GB_SamplingFeature_918,O3,http://dd.eionet.europa.eu/vocabulary/aq/pollutant/7,hour,59.8537299900,µg/m3,2018-06-16 10:00:00 +01:00,2018-06-16 11:00:00 +01:00,1,1
GB,http://environment.data.gov.uk/air-quality/so,GB_Network_1,Station_GB1024A,,GB_SamplingPoint_74174,GB_StationProcess_918,GB_SamplingFeature_918,O3,http://dd.eionet.europa.eu/vocabulary/aq/pollutant/7,hour,66.5400099900,µg/m3,2018-06-16 11:00:00 +01:00,2018-06-16 12:00:00 +01:00,1,1
GB,http://environment.data.gov.uk/air-quality/so,GB_Network_1,Station_GB1024A,,GB_SamplingPoint_74174,GB_StationProcess_918,GB_SamplingFeature_918,O3,http://dd.eionet.europa.eu/vocabulary/aq/pollutant/7,hour,76.8691599900,µg/m3,2018-06-16 15:00:00 +01:00,2018-06-16 16:00:00 +01:00,1,1
GB,http://environment.data.gov.uk/air-quality/so,GB_Network_1,Station_GB1024A,,GB_SamplingPoint_74174,GB_StationProcess_918,GB_SamplingFeature_918,O3,http://dd.eionet.europa.eu/vocabulary/aq/pollutant/7,hour,76.6847099900,µg/m3,2018-06-16 16:00:00 +01:00,2018-06-16 17:00:00 +01:00,1,1
GB,http://environment.data.gov.uk/air-quality/so,GB_Network_1,Station_GB1024A,,GB_SamplingPoint_74174,GB_StationProcess_918,GB_SamplingFeature_918,O3,http://dd.eionet.europa.eu/vocabulary/aq/pollutant/7,hour,72.9957299900,µg/m3,2018-06-16 18:00:00 +01:00,2018-06-16 19:00:00 +01:00,1,1
GB,http://environment.data.gov.uk/air-quality/so,GB_Network_1,Station_GB1024A,,GB_SamplingPoint_74174,GB_StationProcess_918,GB_SamplingFeature_918,O3,http://dd.eionet.europa.eu/vocabulary/aq/pollutant/7,hour,72.7651699900,µg/m3,2018-06-16 19:00:00 +01:00,2018-06-16 20:00:00 +01:00,1,1
GB,http://environment.data.gov.uk/air-quality/so,GB_Network_1,Station_GB1024A,,GB_SamplingPoint_74174,GB_StationProcess_918,GB_SamplingFeature_918,O3,http://dd.eionet.europa.eu/vocabulary/aq/pollutant/7,hour,67.5544799900,µg/m3,2018-06-16 21:00:00 +01:00,2018-06-16 22:00:00 +01:00,1,1
GB,http://environment.data.gov.uk/air-quality/so,GB_Network_1,Station_GB1024A,,GB_SamplingPoint_74174,GB_StationProcess_918,GB_SamplingFeature_918,O3,http://dd.eionet.europa.eu/vocabulary/aq/pollutant/7,hour,58.6548099900,µg/m3,2018-06-16 22:00:00 +01:00,2018-06-16 23:00:00 +01:00,1,1
GB,http://environment.data.gov.uk/air-quality/so,GB_Network_1,Station_GB1024A,,GB_SamplingPoint_74174,GB_StationProcess_918,GB_SamplingFeature_918,O3,http://dd.eionet.europa.eu/vocabulary/aq/pollutant/7,hour,55.4730599900,µg/m3,2018-06-16 23:00:00 +01:00,2018-06-17 00:00:00 +01:00,1,1
GB,http://environment.data.gov.uk/air-quality/so,GB_Network_1,Station_GB1024A,,GB_SamplingPoint_74174,GB_StationProcess_918,GB_SamplingFeature_918,O3,http://dd.eionet.europa.eu/vocabulary/aq/pollutant/7,hour,57.4558899900,µg/m3,2018-06-17 00:00:00 +01:00,2018-06-17 01:00:00 +01:00,1,1
GB,http://environment.data.gov.uk/air-quality/so,GB_Network_1,Station_GB1024A,,GB_SamplingPoint_74174,GB_StationProcess_918,GB_SamplingFeature_918,O3,http://dd.eionet.europa.eu/vocabulary/aq/pollutant/7,hour,52.8645599900,µg/m3,2018-06-17 03:00:00 +01:00,2018-06-17 04:00:00 +01:00,1,1
GB,http://environment.data.gov.uk/air-quality/so,GB_Network_1,Station_GB1024A,,GB_SamplingPoint_74174,GB_StationProcess_918,GB_SamplingFeature_918,O3,http://dd.eionet.europa.eu/vocabulary/aq/pollutant/7,hour,47.7070399900,µg/m3,2018-06-17 08:00:00 +01:00,2018-06-17 09:00:00 +01:00,1,1
GB,http://environment.data.gov.uk/air-quality/so,GB_Network_1,Station_GB1024A,,GB_SamplingPoint_74174,GB_StationProcess_918,GB_SamplingFeature_918,O3,http://dd.eionet.europa.eu/vocabulary/aq/pollutant/7,hour,49.5029699900,µg/m3,2018-06-17 09:00:00 +01:00,2018-06-17 10:00:00 +01:00,1,1
GB,http://environment.data.gov.uk/air-quality/so,GB_Network_1,Station_GB1024A,,GB_SamplingPoint_74174,GB_StationProcess_918,GB_SamplingFeature_918,O3,http://dd.eionet.europa.eu/vocabulary/aq/pollutant/7,hour,54.5223299900,µg/m3,2018-06-17 10:00:00 +01:00,2018-06-17 11:00:00 +01:00,1,1
GB,http://environment.data.gov.uk/air-quality/so,GB_Network_1,Station_GB1024A,,GB_SamplingPoint_74174,GB_StationProcess_918,GB_SamplingFeature_918,O3,http://dd.eionet.europa.eu/vocabulary/aq/pollutant/7,hour,62.5809599900,µg/m3,2018-06-17 13:00:00 +01:00,2018-06-17 14:00:00 +01:00,1,1
GB,http://environment.data.gov.uk/air-quality/so,GB_Network_1,Station_GB1024A,,GB_SamplingPoint_74174,GB_StationProcess_918,GB_SamplingFeature_918,O3,http://dd.eionet.europa.eu/vocabulary/aq/pollutant/7,hour,68.1529199900,µg/m3,2018-06-17 19:00:00 +01:00,2018-06-17 20:00:00 +01:00,1,1
GB,http://environment.data.gov.uk/air-quality/so,GB_Network_1,Station_GB1024A,,GB_SamplingPoint_74174,GB_StationProcess_918,GB_SamplingFeature_918,O3,http://dd.eionet.europa.eu/vocabulary/aq/pollutant/7,hour,57.8839299900,µg/m3,2018-06-17 21:00:00 +01:00,2018-06-17 22:00:00 +01:00,1,1
GB,http://environment.data.gov.uk/air-quality/so,GB_Network_1,Station_GB1024A,,GB_SamplingPoint_74174,GB_StationProcess_918,GB_SamplingFeature_918,O3,http://dd.eionet.europa.eu/vocabulary/aq/pollutant/7,hour,39.0958299900,µg/m3,2018-06-18 00:00:00 +01:00,2018-06-18 01:00:00 +01:00,1,1
GB,http://environment.data.gov.uk/air-quality/so,GB_Network_1,Station_GB1024A,,GB_SamplingPoint_74174,GB_StationProcess_918,GB_SamplingFeature_918,O3,http://dd.eionet.europa.eu/vocabulary/aq/pollutant/7,hour,36.6663799900,µg/m3,2018-06-18 01:00:00 +01:00,2018-06-18 02:00:00 +01:00,1,1
GB,http://environment.data.gov.uk/air-quality/so,GB_Network_1,Station_GB1024A,,GB_SamplingPoint_74174,GB_StationProcess_918,GB_SamplingFeature_918,O3,http://dd.eionet.europa.eu/vocabulary/aq/pollutant/7,hour,31.6845399900,µg/m3,2018-06-18 04:00:00 +01:00,2018-06-18 05:00:00 +01:00,1,1
GB,http://environment.data.gov.uk/air-quality/so,GB_Network_1,Station_GB1024A,,GB_SamplingPoint_74174,GB_StationProcess_918,GB_SamplingFeature_918,O3,http://dd.eionet.europa.eu/vocabulary/aq/pollutant/7,hour,50.9067999900,µg/m3,2018-06-18 05:00:00 +01:00,2018-06-18 06:00:00 +01:00,1,1
GB,http://environment.data.gov.uk/air-quality/so,GB_Network_1,Station_GB1024A,,GB_SamplingPoint_74174,GB_StationProcess_918,GB_SamplingFeature_918,O3,http://dd.eionet.europa.eu/vocabulary/aq/pollutant/7,hour,62.3573799900,µg/m3,2018-06-18 06:00:00 +01:00,2018-06-18 07:00:00 +01:00,1,1
GB,http://environment.data.gov.uk/air-quality/so,GB_Network_1,Station_GB1024A,,GB_SamplingPoint_74174,GB_StationProcess_918,GB_SamplingFeature_918,O3,http://dd.eionet.europa.eu/vocabulary/aq/pollutant/7,hour,70.8648299900,µg/m3,2018-06-18 12:00:00 +01:00,2018-06-18 13:00:00 +01:00,1,1
GB,http://environment.data.gov.uk/air-quality/so,GB_Network_1,Station_GB1024A,,GB_SamplingPoint_74174,GB_StationProcess_918,GB_SamplingFeature_918,O3,http://dd.eionet.europa.eu/vocabulary/aq/pollutant/7,hour,75.6474099900,µg/m3,2018-06-18 14:00:00 +01:00,2018-06-18 15:00:00 +01:00,1,1
GB,http://environment.data.gov.uk/air-quality/so,GB_Network_1,Station_GB1024A,,GB_SamplingPoint_74174,GB_StationProcess_918,GB_SamplingFeature_918,O3,http://dd.eionet.europa.eu/vocabulary/aq/pollutant/7,hour,55.0915499900,µg/m3,2018-06-18 17:00:00 +01:00,2018-06-18 18:00:00 +01:00,1,1
GB,http://environment.data.gov.uk/air-quality/so,GB_Network_1,Station_GB1024A,,GB_SamplingPoint_74174,GB_StationProcess_918,GB_SamplingFeature_918,O3,http://dd.eionet.europa.eu/vocabulary/aq/pollutant/7,hour,61.0237699900,µg/m3,2018-06-18 19:00:00 +01:00,2018-06-18 20:00:00 +01:00,1,1
GB,http://environment.data.gov.uk/air-quality/so,GB_Network_1,Station_GB1024A,,GB_SamplingPoint_74174,GB_StationProcess_918,GB_SamplingFeature_918,O3,http://dd.eionet.europa.eu/vocabulary/aq/pollutant/7,hour,52.1944099900,µg/m3,2018-06-18 21:00:00 +01:00,2018-06-18 22:00:00 +01:00,1,1
GB,http://environment.data.gov.uk/air-quality/so,GB_Network_1,Station_GB1024A,,GB_SamplingPoint_74174,GB_StationProcess_918,GB_SamplingFeature_918,O3,http://dd.eionet.europa.eu/vocabulary/aq/pollutant/7,hour,44.8825999900,µg/m3,2018-06-18 22:00:00 +01:00,2018-06-18 23:00:00 +01:00,1,1
GB,http://environment.data.gov.uk/air-quality/so,GB_Network_1,Station_GB1024A,,GB_SamplingPoint_74174,GB_StationProcess_918,GB_SamplingFeature_918,O3,http://dd.eionet.europa.eu/vocabulary/aq/pollutant/7,hour,29.8807399900,µg/m3,2018-06-19 02:00:00 +01:00,2018-06-19 03:00:00 +01:00,1,1
GB,http://environment.data.gov.uk/air-quality/so,GB_Network_1,Station_GB1024A,,GB_SamplingPoint_74174,GB_StationProcess_918,GB_SamplingFeature_918,O3,http://dd.eionet.europa.eu/vocabulary/aq/pollutant/7,hour,28.2428099900,µg/m3,2018-06-19 04:00:00 +01:00,2018-06-19 05:00:00 +01:00,1,1
GB,http://environment.data.gov.uk/air-quality/so,GB_Network_1,Station_GB1024A,,GB_SamplingPoint_74174,GB_StationProcess_918,GB_SamplingFeature_918,O3,http://dd.eionet.europa.eu/vocabulary/aq/pollutant/7,hour,27.0947299900,µg/m3,2018-06-19 08:00:00 +01:00,2018-06-19 09:00:00 +01:00,1,1
GB,http://environment.data.gov.uk/air-quality/so,GB_Network_1,Station_GB1024A,,GB_SamplingPoint_74174,GB_StationProcess_918,GB_SamplingFeature_918,O3,http://dd.eionet.europa.eu/vocabulary/aq/pollutant/7,hour,33.9372899900,µg/m3,2018-06-19 11:00:00 +01:00,2018-06-19 12:00:00 +01:00,1,1
GB,http://environment.data.gov.uk/air-quality/so,GB_Network_1,Station_GB1024A,,GB_SamplingPoint_74174,GB_StationProcess_918,GB_SamplingFeature_918,O3,http://dd.eionet.europa.eu/vocabulary/aq/pollutant/7,hour,36.6008399900,µg/m3,2018-06-19 12:00:00 +01:00,2018-06-19 13:00:00 +01:00,1,1
GB,http://environment.data.gov.uk/air-quality/so,GB_Network_1,Station_GB1024A,,GB_SamplingPoint_74174,GB_StationProcess_918,GB_SamplingFeature_918,O3,http://dd.eionet.europa.eu/vocabulary/aq/pollutant/7,hour,36.6008399900,µg/m3,2018-06-19 15:00:00 +01:00,2018-06-19 16:00:00 +01:00,1,1
GB,http://environment.data.gov.uk/air-quality/so,GB_Network_1,Station_GB1024A,,GB_SamplingPoint_74174,GB_StationProcess_918,GB_SamplingFeature_918,O3,http://dd.eionet.europa.eu/vocabulary/aq/pollutant/7,hour,36.8763799900,µg/m3,2018-06-19 17:00:00 +01:00,2018-06-19 18:00:00 +01:00,1,1
GB,http://environment.data.gov.uk/air-quality/so,GB_Network_1,Station_GB1024A,,GB_SamplingPoint_74174,GB_StationProcess_918,GB_SamplingFeature_918,O3,http://dd.eionet.europa.eu/vocabulary/aq/pollutant/7,hour,34.0291399900,µg/m3,2018-06-19 21:00:00 +01:00,2018-06-19 22:00:00 +01:00,1,1
GB,http://environment.data.gov.uk/air-quality/so,GB_Network_1,Station_GB1024A,,GB_SamplingPoint_74174,GB_StationProcess_918,GB_SamplingFeature_918,O3,http://dd.eionet.europa.eu/vocabulary/aq/pollutant/7,hour,19.0122299900,µg/m3,2018-06-20 00:00:00 +01:00,2018-06-20 01:00:00 +01:00,1,1
GB,http://environment.data.gov.uk/air-quality/so,GB_Network_1,Station_GB1024A,,GB_SamplingPoint_74174,GB_StationProcess_918,GB_SamplingFeature_918,O3,http://dd.eionet.europa.eu/vocabulary/aq/pollutant/7,hour,16.0510899900,µg/m3,2018-06-20 04:00:00 +01:00,2018-06-20 05:00:00 +01:00,1,1
GB,http://environment.data.gov.uk/air-quality/so,GB_Network_1,Station_GB1024A,,GB_SamplingPoint_74174,GB_StationProcess_918,GB_SamplingFeature_918,O3,http://dd.eionet.europa.eu/vocabulary/aq/pollutant/7,hour,17.1058799900,µg/m3,2018-06-20 06:00:00 +01:00,2018-06-20 07:00:00 +01:00,1,1
GB,http://environment.data.gov.uk/air-quality/so,GB_Network_1,Station_GB1024A,,GB_SamplingPoint_74174,GB_StationProcess_918,GB_SamplingFeature_918,O3,http://dd.eionet.europa.eu/vocabulary/aq/pollutant/7,hour,16.7848599900,µg/m3,2018-06-20 08:00:00 +01:00,2018-06-20 09:00:00 +01:00,1,1
GB,http://environment.data.gov.uk/air-quality/so,GB_Network_1,Station_GB1024A,,GB_SamplingPoint_74174,GB_StationProcess_918,GB_SamplingFeature_918,O3,http://dd.eionet.europa.eu/vocabulary/aq/pollutant/7,hour,18.5275399900,µg/m3,2018-06-20 11:00:00 +01:00,2018-06-20 12:00:00 +01:00,1,1
GB,http://environment.data.gov.uk/air-quality/so,GB_Network_1,Station_GB1024A,,GB_SamplingPoint_74174,GB_StationProcess_918,GB_SamplingFeature_918,O3,http://dd.eionet.europa.eu/vocabulary/aq/pollutant/7,hour,18.3899599900,µg/m3,2018-06-20 12:00:00 +01:00,2018-06-20 13:00:00 +01:00,1,1
GB,http://environment.data.gov.uk/air-quality/so,GB_Network_1,Station_GB1024A,,GB_SamplingPoint_74174,GB_StationProcess_918,GB_SamplingFeature_918,O3,http://dd.eionet.europa.eu/vocabulary/aq/pollutant/7,hour,26.4613699900,µg/m3,2018-06-20 15:00:00 +01:00,2018-06-20 16:00:00 +01:00,1,1
GB,http://environment.data.gov.uk/air-quality/so,GB_Network_1,Station_GB1024A,,GB_SamplingPoint_74174,GB_StationProcess_918,GB_SamplingFeature_918,O3,http://dd.eionet.europa.eu/vocabulary/aq/pollutant/7,hour,28.8002399900,µg/m3,2018-06-20 20:00:00 +01:00,2018-06-20 21:00:00 +01:00,1,1
GB,http://environment.data.gov.uk/air-quality/so,GB_Network_1,Station_GB1024A,,GB_SamplingPoint_74174,GB_StationProcess_918,GB_SamplingFeature_918,O3,http://dd.eionet.europa.eu/vocabulary/aq/pollutant/7,hour,46.9609099900,µg/m3,2018-06-20 23:00:00 +01:00,2018-06-21 00:00:00 +01:00,1,1
GB,http://environment.data.gov.uk/air-quality/so,GB_Network_1,Station_GB1024A,,GB_SamplingPoint_74174,GB_StationProcess_918,GB_SamplingFeature_918,O3,http://dd.eionet.europa.eu/vocabulary/aq/pollutant/7,hour,60.3302499900,µg/m3,2018-06-21 02:00:00 +01:00,2018-06-21 03:00:00 +01:00,1,1
GB,http://environment.data.gov.uk/air-quality/so,GB_Network_1,Station_GB1024A,,GB_SamplingPoint_74174,GB_StationProcess_918,GB_SamplingFeature_918,O3,http://dd.eionet.europa.eu/vocabulary/aq/pollutant/7,hour,55.0482999900,µg/m3,2018-06-21 05:00:00 +01:00,2018-06-21 06:00:00 +01:00,1,1
GB,http://environment.data.gov.uk/air-quality/so,GB_Network_1,Station_GB1024A,,GB_SamplingPoint_74174,GB_StationProcess_918,GB_SamplingFeature_918,O3,http://dd.eionet.europa.eu/vocabulary/aq/pollutant/7,hour,52.5752499900,µg/m3,2018-06-21 06:00:00 +01:00,2018-06-21 07:00:00 +01:00,1,1
GB,http://environment.data.gov.uk/air-quality/so,GB_Network_1,Station_GB1024A,,GB_SamplingPoint_74174,GB_StationProcess_918,GB_SamplingFeature_918,O3,http://dd.eionet.europa.eu/vocabulary/aq/pollutant/7,hour,51.9340899900,µg/m3,2018-06-21 08:00:00 +01:00,2018-06-21 09:00:00 +01:00,1,1
GB,http://environment.data.gov.uk/air-quality/so,GB_Network_1,Station_GB1024A,,GB_SamplingPoint_74174,GB_StationProcess_918,GB_SamplingFeature_918,O3,http://dd.eionet.europa.eu/vocabulary/aq/pollutant/7,hour,56.8801899900,µg/m3,2018-06-21 09:00:00 +01:00,2018-06-21 10:00:00 +01:00,1,1
GB,http://environment.data.gov.uk/air-quality/so,GB_Network_1,Station_GB1024A,,GB_SamplingPoint_74174,GB_StationProcess_918,GB_SamplingFeature_918,O3,http://dd.eionet.europa.eu/vocabulary/aq/pollutant/7,hour,58.2999099900,µg/m3,2018-06-21 10:00:00 +01:00,2018-06-21 11:00:00 +01:00,1,1
GB,http://environment.data.gov.uk/air-quality/so,GB_Network_1,Station_GB1024A,,GB_SamplingPoint_74174,GB_StationProcess_918,GB_SamplingFeature_918,O3,http://dd.eionet.europa.eu/vocabulary/aq/pollutant/7,hour,71.5811099900,µg/m3,2018-06-21 13:00:00 +01:00,2018-06-21 14:00:00 +01:00,1,1
GB,http://environment.data.gov.uk/air-quality/so,GB_Network_1,Station_GB1024A,,GB_SamplingPoint_74174,GB_StationProcess_918,GB_SamplingFeature_918,O3,http://dd.eionet.europa.eu/vocabulary/aq/pollutant/7,hour,86.6941999900,µg/m3,2018-06-21 17:00:00 +01:00,2018-06-21 18:00:00 +01:00,1,1
GB,http://environment.data.gov.uk/air-quality/so,GB_Network_1,Station_GB1024A,,GB_SamplingPoint_74174,GB_StationProcess_918,GB_SamplingFeature_918,O3,http://dd.eionet.europa.eu/vocabulary/aq/pollutant/7,hour,87.3353599900,µg/m3,2018-06-21 18:00:00 +01:00,2018-06-21 19:00:00 +01:00,1,1
GB,http://environment.data.gov.uk/air-quality/so,GB_Network_1,Station_GB1024A,,GB_SamplingPoint_74174,GB_StationProcess_918,GB_SamplingFeature_918,O3,http://dd.eionet.europa.eu/vocabulary/aq/pollutant/7,hour,84.2211499900,µg/m3,2018-06-21 19:00:00 +01:00,2018-06-21 20:00:00 +01:00,1,1
GB,http://environment.data.gov.uk/air-quality/so,GB_Network_1,Station_GB1024A,,GB_SamplingPoint_74174,GB_StationProcess_918,GB_SamplingFeature_918,O3,http://dd.eionet.europa.eu/vocabulary/aq/pollutant/7,hour,79.0918599900,µg/m3,2018-06-21 20:00:00 +01:00,2018-06-21 21:00:00 +01:00,1,1
GB,http://environment.data.gov.uk/air-quality/so,GB_Network_1,Station_GB1024A,,GB_SamplingPoint_74174,GB_StationProcess_918,GB_SamplingFeature_918,O3,http://dd.eionet.europa.eu/vocabulary/aq/pollutant/7,hour,53.9949599900,µg/m3,2018-06-21 22:00:00 +01:00,2018-06-21 23:00:00 +01:00,1,1
GB,http://environment.data.gov.uk/air-quality/so,GB_Network_1,Station_GB1024A,,GB_SamplingPoint_74174,GB_StationProcess_918,GB_SamplingFeature_918,O3,http://dd.eionet.europa.eu/vocabulary/aq/pollutant/7,hour,44.6366299900,µg/m3,2018-06-22 04:00:00 +01:00,2018-06-22 05:00:00 +01:00,1,1
GB,http://environment.data.gov.uk/air-quality/so,GB_Network_1,Station_GB1024A,,GB_SamplingPoint_74174,GB_StationProcess_918,GB_SamplingFeature_918,O3,http://dd.eionet.europa.eu/vocabulary/aq/pollutant/7,hour,59.6374599900,µg/m3,2018-06-22 11:00:00 +01:00,2018-06-22 12:00:00 +01:00,1,1
GB,http://environment.data.gov.uk/air-quality/so,GB_Network_1,Station_GB1024A,,GB_SamplingPoint_74174,GB_StationProcess_918,GB_SamplingFeature_918,O3,http://dd.eionet.europa.eu/vocabulary/aq/pollutant/7,hour,81.8185699900,µg/m3,2018-06-22 14:00:00 +01:00,2018-06-22 15:00:00 +01:00,1,1
GB,http://environment.data.gov.uk/air-quality/so,GB_Network_1,Station_GB1024A,,GB_SamplingPoint_74174,GB_StationProcess_918,GB_SamplingFeature_918,O3,http://dd.eionet.europa.eu/vocabulary/aq/pollutant/7,hour,88.4043099900,µg/m3,2018-06-22 16:00:00 +01:00,2018-06-22 17:00:00 +01:00,1,1
GB,http://environment.data.gov.uk/air-quality/so,GB_Network_1,Station_GB1024A,,GB_SamplingPoint_74174,GB_StationProcess_918,GB_SamplingFeature_918,O3,http://dd.eionet.europa.eu/vocabulary/aq/pollutant/7,hour,43.9048799900,µg/m3,2018-06-22 22:00:00 +01:00,2018-06-22 23:00:00 +01:00,1,1
GB,http://environment.data.gov.uk/air-quality/so,GB_Network_1,Station_GB1024A,,GB_SamplingPoint_74174,GB_StationProcess_918,GB_SamplingFeature_918,O3,http://dd.eionet.europa.eu/vocabulary/aq/pollutant/7,hour,32.8832999900,µg/m3,2018-06-23 02:00:00 +01:00,2018-06-23 03:00:00 +01:00,1,1
GB,http://environment.data.gov.uk/air-quality/so,GB_Network_1,Station_GB1024A,,GB_SamplingPoint_74174,GB_StationProcess_918,GB_SamplingFeature_918,O3,http://dd.eionet.europa.eu/vocabulary/aq/pollutant/7,hour,44.8034899900,µg/m3,2018-06-23 04:00:00 +01:00,2018-06-23 05:00:00 +01:00,1,1
GB,http://environment.data.gov.uk/air-quality/so,GB_Network_1,Station_GB1024A,,GB_SamplingPoint_74174,GB_StationProcess_918,GB_SamplingFeature_918,O3,http://dd.eionet.europa.eu/vocabulary/aq/pollutant/7,hour,47.7721299900,µg/m3,2018-06-23 05:00:00 +01:00,2018-06-23 06:00:00 +01:00,1,1
GB,http://environment.data.gov.uk/air-quality/so,GB_Network_1,Station_GB1024A,,GB_SamplingPoint_74174,GB_StationProcess_918,GB_SamplingFeature_918,O3,http://dd.eionet.europa.eu/vocabulary/aq/pollutant/7,hour,46.0366199900,µg/m3,2018-06-23 06:00:00 +01:00,2018-06-23 07:00:00 +01:00,1,1
GB,http://environment.data.gov.uk/air-quality/so,GB_Network_1,Station_GB1024A,,GB_SamplingPoint_74174,GB_StationProcess_918,GB_SamplingFeature_918,O3,http://dd.eionet.europa.eu/vocabulary/aq/pollutant/7,hour,86.0446299900,µg/m3,2018-06-23 13:00:00 +01:00,2018-06-23 14:00:00 +01:00,1,1
GB,http://environment.data.gov.uk/air-quality/so,GB_Network_1,Station_GB1024A,,GB_SamplingPoint_74174,GB_StationProcess_918,GB_SamplingFeature_918,O3,http://dd.eionet.europa.eu/vocabulary/aq/pollutant/7,hour,88.7848999900,µg/m3,2018-06-23 16:00:00 +01:00,2018-06-23 17:00:00 +01:00,1,1
GB,http://environment.data.gov.uk/air-quality/so,GB_Network_1,Station_GB1024A,,GB_SamplingPoint_74174,GB_StationProcess_918,GB_SamplingFeature_918,O3,http://dd.eionet.europa.eu/vocabulary/aq/pollutant/7,hour,89.6983299900,µg/m3,2018-06-23 19:00:00 +01:00,2018-06-23 20:00:00 +01:00,1,1
GB,http://environment.data.gov.uk/air-quality/so,GB_Network_1,Station_GB1024A,,GB_SamplingPoint_74174,GB_StationProcess_918,GB_SamplingFeature_918,O3,http://dd.eionet.europa.eu/vocabulary/aq/pollutant/7,hour,87.1407399900,µg/m3,2018-06-23 20:00:00 +01:00,2018-06-23 21:00:00 +01:00,1,1
GB,http://environment.data.gov.uk/air-quality/so,GB_Network_1,Station_GB1024A,,GB_SamplingPoint_74174,GB_StationProcess_918,GB_SamplingFeature_918,O3,http://dd.eionet.europa.eu/vocabulary/aq/pollutant/7,hour,69.0092499900,µg/m3,2018-06-23 22:00:00 +01:00,2018-06-23 23:00:00 +01:00,1,1
GB,http://environment.data.gov.uk/air-quality/so,GB_Network_1,Station_GB1024A,,GB_SamplingPoint_74174,GB_StationProcess_918,GB_SamplingFeature_918,O3,http://dd.eionet.europa.eu/vocabulary/aq/pollutant/7,hour,58.5048699900,µg/m3,2018-06-23 23:00:00 +01:00,2018-06-24 00:00:00 +01:00,1,1
GB,http://environment.data.gov.uk/air-quality/so,GB_Network_1,Station_GB1024A,,GB_SamplingPoint_74174,GB_StationProcess_918,GB_SamplingFeature_918,O3,http://dd.eionet.europa.eu/vocabulary/aq/pollutant/7,hour,48.5271699900,µg/m3,2018-06-24 01:00:00 +01:00,2018-06-24 02:00:00 +01:00,1,1
GB,http://environment.data.gov.uk/air-quality/so,GB_Network_1,Station_GB1024A,,GB_SamplingPoint_74174,GB_StationProcess_918,GB_SamplingFeature_918,O3,http://dd.eionet.europa.eu/vocabulary/aq/pollutant/7,hour,36.3497699900,µg/m3,2018-06-24 03:00:00 +01:00,2018-06-24 04:00:00 +01:00,1,1
GB,http://environment.data.gov.uk/air-quality/so,GB_Network_1,Station_GB1024A,,GB_SamplingPoint_74174,GB_StationProcess_918,GB_SamplingFeature_918,O3,http://dd.eionet.europa.eu/vocabulary/aq/pollutant/7,hour,38.1284899900,µg/m3,2018-06-24 04:00:00 +01:00,2018-06-24 05:00:00 +01:00,1,1
GB,http://environment.data.gov.uk/air-quality/so,GB_Network_1,Station_GB1024A,,GB_SamplingPoint_74174,GB_StationProcess_918,GB_SamplingFeature_918,O3,http://dd.eionet.europa.eu/vocabulary/aq/pollutant/7,hour,50.7163699900,µg/m3,2018-06-24 06:00:00 +01:00,2018-06-24 07:00:00 +01:00,1,1
GB,http://environment.data.gov.uk/air-quality/so,GB_Network_1,Station_GB1024A,,GB_SamplingPoint_74174,GB_StationProcess_918,GB_SamplingFeature_918,O3,http://dd.eionet.europa.eu/vocabulary/aq/pollutant/7,hour,49.3937299900,µg/m3,2018-06-24 07:00:00 +01:00,2018-06-24 08:00:00 +01:00,1,1
GB,http://environment.data.gov.uk/air-quality/so,GB_Network_1,Station_GB1024A,,GB_SamplingPoint_74174,GB_StationProcess_918,GB_SamplingFeature_918,O3,http://dd.eionet.europa.eu/vocabulary/aq/pollutant/7,hour,76.7586699900,µg/m3,2018-06-24 10:00:00 +01:00,2018-06-24 11:00:00 +01:00,1,1
GB,http://environment.data.gov.uk/air-quality/so,GB_Network_1,Station_GB1024A,,GB_SamplingPoint_74174,GB_StationProcess_918,GB_SamplingFeature_918,O3,http://dd.eionet.europa.eu/vocabulary/aq/pollutant/7,hour,97.5104199900,µg/m3,2018-06-24 19:00:00 +01:00,2018-06-24 20:00:00 +01:00,1,1
GB,http://environment.data.gov.uk/air-quality/so,GB_Network_1,Station_GB1024A,,GB_SamplingPoint_74174,GB_StationProcess_918,GB_SamplingFeature_918,O3,http://dd.eionet.europa.eu/vocabulary/aq/pollutant/7,hour,79.0846899900,µg/m3,2018-06-24 20:00:00 +01:00,2018-06-24 21:00:00 +01:00,1,1
GB,http://environment.data.gov.uk/air-quality/so,GB_Network_1,Station_GB1024A,,GB_SamplingPoint_74174,GB_StationProcess_918,GB_SamplingFeature_918,O3,http://dd.eionet.europa.eu/vocabulary/aq/pollutant/7,hour,57.3751699900,µg/m3,2018-06-24 21:00:00 +01:00,2018-06-24 22:00:00 +01:00,1,1
GB,http://environment.data.gov.uk/air-quality/so,GB_Network_1,Station_GB1024A,,GB_SamplingPoint_74174,GB_StationProcess_918,GB_SamplingFeature_918,O3,http://dd.eionet.europa.eu/vocabulary/aq/pollutant/7,hour,16.1533799900,µg/m3,2018-06-25 01:00:00 +01:00,2018-06-25 02:00:00 +01:00,1,1
GB,http://environment.data.gov.uk/air-quality/so,GB_Network_1,Station_GB1024A,,GB_SamplingPoint_74174,GB_StationProcess_918,GB_SamplingFeature_918,O3,http://dd.eionet.europa.eu/vocabulary/aq/pollutant/7,hour,141.0536099900,µg/m3,2018-06-25 13:00:00 +01:00,2018-06-25 14:00:00 +01:00,1,1
GB,http://environment.data.gov.uk/air-quality/so,GB_Network_1,Station_GB1024A,,GB_SamplingPoint_74174,GB_StationProcess_918,GB_SamplingFeature_918,O3,http://dd.eionet.europa.eu/vocabulary/aq/pollutant/7,hour,143.6496799900,µg/m3,2018-06-25 14:00:00 +01:00,2018-06-25 15:00:00 +01:00,1,1
GB,http://environment.data.gov.uk/air-quality/so,GB_Network_1,Station_GB1024A,,GB_SamplingPoint_74174,GB_StationProcess_918,GB_SamplingFeature_918,O3,http://dd.eionet.europa.eu/vocabulary/aq/pollutant/7,hour,151.1646499900,µg/m3,2018-06-25 15:00:00 +01:00,2018-06-25 16:00:00 +01:00,1,1
GB,http://environment.data.gov.uk/air-quality/so,GB_Network_1,Station_GB1024A,,GB_SamplingPoint_74174,GB_StationProcess_918,GB_SamplingFeature_918,O3,http://dd.eionet.europa.eu/vocabulary/aq/pollutant/7,hour,81.6170699900,µg/m3,2018-06-25 23:00:00 +01:00,2018-06-26 00:00:00 +01:00,1,1
GB,http://environment.data.gov.uk/air-quality/so,GB_Network_1,Station_GB1024A,,GB_SamplingPoint_74174,GB_StationProcess_918,GB_SamplingFeature_918,O3,http://dd.eionet.europa.eu/vocabulary/aq/pollutant/7,hour,58.3434499900,µg/m3,2018-06-26 00:00:00 +01:00,2018-06-26 01:00:00 +01:00,1,1
GB,http://environment.data.gov.uk/air-quality/so,GB_Network_1,Station_GB1024A,,GB_SamplingPoint_74174,GB_StationProcess_918,GB_SamplingFeature_918,O3,http://dd.eionet.europa.eu/vocabulary/aq/pollutant/7,hour,25.5155299900,µg/m3,2018-06-26 08:00:00 +01:00,2018-06-26 09:00:00 +01:00,1,1
GB,http://environment.data.gov.uk/air-quality/so,GB_Network_1,Station_GB1024A,,GB_SamplingPoint_74174,GB_StationProcess_918,GB_SamplingFeature_918,O3,http://dd.eionet.europa.eu/vocabulary/aq/pollutant/7,hour,45.8915799900,µg/m3,2018-06-26 09:00:00 +01:00,2018-06-26 10:00:00 +01:00,1,1
GB,http://environment.data.gov.uk/air-quality/so,GB_Network_1,Station_GB1024A,,GB_SamplingPoint_74174,GB_StationProcess_918,GB_SamplingFeature_918,O3,http://dd.eionet.europa.eu/vocabulary/aq/pollutant/7,hour,98.7874199900,µg/m3,2018-06-26 16:00:00 +01:00,2018-06-26 17:00:00 +01:00,1,1
GB,http://environment.data.gov.uk/air-quality/so,GB_Network_1,Station_GB1024A,,GB_SamplingPoint_74174,GB_StationProcess_918,GB_SamplingFeature_918,O3,http://dd.eionet.europa.eu/vocabulary/aq/pollutant/7,hour,77.9565499900,µg/m3,2018-06-26 18:00:00 +01:00,2018-06-26 19:00:00 +01:00,1,1
GB,http://environment.data.gov.uk/air-quality/so,GB_Network_1,Station_GB1024A,,GB_SamplingPoint_74174,GB_StationProcess_918,GB_SamplingFeature_918,O3,http://dd.eionet.europa.eu/vocabulary/aq/pollutant/7,hour,62.7199999900,µg/m3,2018-06-26 20:00:00 +01:00,2018-06-26 21:00:00 +01:00,1,1
GB,http://environment.data.gov.uk/air-quality/so,GB_Network_1,Station_GB1024A,,GB_SamplingPoint_74174,GB_StationProcess_918,GB_SamplingFeature_918,O3,http://dd.eionet.europa.eu/vocabulary/aq/pollutant/7,hour,62.1287299900,µg/m3,2018-06-26 21:00:00 +01:00,2018-06-26 22:00:00 +01:00,1,1
GB,http://environment.data.gov.uk/air-quality/so,GB_Network_1,Station_GB1024A,,GB_SamplingPoint_74174,GB_StationProcess_918,GB_SamplingFeature_918,O3,http://dd.eionet.europa.eu/vocabulary/aq/pollutant/7,hour,52.3955399900,µg/m3,2018-06-26 22:00:00 +01:00,2018-06-26 23:00:00 +01:00,1,1
GB,http://environment.data.gov.uk/air-quality/so,GB_Network_1,Station_GB1024A,,GB_SamplingPoint_74174,GB_StationProcess_918,GB_SamplingFeature_918,O3,http://dd.eionet.europa.eu/vocabulary/aq/pollutant/7,hour,61.1736099900,µg/m3,2018-06-27 00:00:00 +01:00,2018-06-27 01:00:00 +01:00,1,1
GB,http://environment.data.gov.uk/air-quality/so,GB_Network_1,Station_GB1024A,,GB_SamplingPoint_74174,GB_StationProcess_918,GB_SamplingFeature_918,O3,http://dd.eionet.europa.eu/vocabulary/aq/pollutant/7,hour,62.8147999900,µg/m3,2018-06-27 03:00:00 +01:00,2018-06-27 04:00:00 +01:00,1,1
GB,http://environment.data.gov.uk/air-quality/so,GB_Network_1,Station_GB1024A,,GB_SamplingPoint_74174,GB_StationProcess_918,GB_SamplingFeature_918,O3,http://dd.eionet.europa.eu/vocabulary/aq/pollutant/7,hour,54.4576599900,µg/m3,2018-06-27 06:00:00 +01:00,2018-06-27 07:00:00 +01:00,1,1
GB,http://environment.data.gov.uk/air-quality/so,GB_Network_1,Station_GB1024A,,GB_SamplingPoint_74174,GB_StationProcess_918,GB_SamplingFeature_918,O3,http://dd.eionet.europa.eu/vocabulary/aq/pollutant/7,hour,44.5562699900,µg/m3,2018-06-27 09:00:00 +01:00,2018-06-27 10:00:00 +01:00,1,1
GB,http://environment.data.gov.uk/air-quality/so,GB_Network_1,Station_GB1024A,,GB_SamplingPoint_74174,GB_StationProcess_918,GB_SamplingFeature_918,O3,http://dd.eionet.europa.eu/vocabulary/aq/pollutant/7,hour,65.5853699900,µg/m3,2018-06-27 12:00:00 +01:00,2018-06-27 13:00:00 +01:00,1,1
GB,http://environment.data.gov.uk/air-quality/so,GB_Network_1,Station_GB1024A,,GB_SamplingPoint_74174,GB_StationProcess_918,GB_SamplingFeature_918,O3,http://dd.eionet.europa.eu/vocabulary/aq/pollutant/7,hour,76.9401799900,µg/m3,2018-06-27 13:00:00 +01:00,2018-06-27 14:00:00 +01:00,1,1
GB,http://environment.data.gov.uk/air-quality/so,GB_Network_1,Station_GB1024A,,GB_SamplingPoint_74174,GB_StationProcess_918,GB_SamplingFeature_918,O3,http://dd.eionet.europa.eu/vocabulary/aq/pollutant/7,hour,107.5981599900,µg/m3,2018-06-27 16:00:00 +01:00,2018-06-27 17:00:00 +01:00,1,1
GB,http://environment.data.gov.uk/air-quality/so,GB_Network_1,Station_GB1024A,,GB_SamplingPoint_74174,GB_StationProcess_918,GB_SamplingFeature_918,O3,http://dd.eionet.europa.eu/vocabulary/aq/pollutant/7,hour,85.9331899900,µg/m3,2018-06-27 18:00:00 +01:00,2018-06-27 19:00:00 +01:00,1,1
GB,http://environment.data.gov.uk/air-quality/so,GB_Network_1,Station_GB1024A,,GB_SamplingPoint_74174,GB_StationProcess_918,GB_SamplingFeature_918,O3,http://dd.eionet.europa.eu/vocabulary/aq/pollutant/7,hour,58.3182899900,µg/m3,2018-06-27 20:00:00 +01:00,2018-06-27 21:00:00 +01:00,1,1
GB,http://environment.data.gov.uk/air-quality/so,GB_Network_1,Station_GB1024A,,GB_SamplingPoint_74174,GB_StationProcess_918,GB_SamplingFeature_918,O3,http://dd.eionet.europa.eu/vocabulary/aq/pollutant/7,hour,52.9134099900,µg/m3,2018-06-27 22:00:00 +01:00,2018-06-27 23:00:00 +01:00,1,1
GB,http://environment.data.gov.uk/air-quality/so,GB_Network_1,Station_GB1024A,,GB_SamplingPoint_74174,GB_StationProcess_918,GB_SamplingFeature_918,O3,http://dd.eionet.europa.eu/vocabulary/aq/pollutant/7,hour,60.2330699900,µg/m3,2018-06-28 03:00:00 +01:00,2018-06-28 04:00:00 +01:00,1,1
GB,http://environment.data.gov.uk/air-quality/so,GB_Network_1,Station_GB1024A,,GB_SamplingPoint_74174,GB_StationProcess_918,GB_SamplingFeature_918,O3,http://dd.eionet.europa.eu/vocabulary/aq/pollutant/7,hour,49.6197099900,µg/m3,2018-06-28 05:00:00 +01:00,2018-06-28 06:00:00 +01:00,1,1
GB,http://environment.data.gov.uk/air-quality/so,GB_Network_1,Station_GB1024A,,GB_SamplingPoint_74174,GB_StationProcess_918,GB_SamplingFeature_918,O3,http://dd.eionet.europa.eu/vocabulary/aq/pollutant/7,hour,47.5333299900,µg/m3,2018-06-28 10:00:00 +01:00,2018-06-28 11:00:00 +01:00,1,1
GB,http://environment.data.gov.uk/air-quality/so,GB_Network_1,Station_GB1024A,,GB_SamplingPoint_74174,GB_StationProcess_918,GB_SamplingFeature_918,O3,http://dd.eionet.europa.eu/vocabulary/aq/pollutant/7,hour,71.3453499900,µg/m3,2018-06-28 12:00:00 +01:00,2018-06-28 13:00:00 +01:00,1,1
GB,http://environment.data.gov.uk/air-quality/so,GB_Network_1,Station_GB1024A,,GB_SamplingPoint_74174,GB_StationProcess_918,GB_SamplingFeature_918,O3,http://dd.eionet.europa.eu/vocabulary/aq/pollutant/7,hour,114.3884099900,µg/m3,2018-06-28 16:00:00 +01:00,2018-06-28 17:00:00 +01:00,1,1
GB,http://environment.data.gov.uk/air-quality/so,GB_Network_1,Station_GB1024A,,GB_SamplingPoint_74174,GB_StationProcess_918,GB_SamplingFeature_918,O3,http://dd.eionet.europa.eu/vocabulary/aq/pollutant/7,hour,81.5051399900,µg/m3,2018-06-28 23:00:00 +01:00,2018-06-29 00:00:00 +01:00,1,1
GB,http://environment.data.gov.uk/air-quality/so,GB_Network_1,Station_GB1024A,,GB_SamplingPoint_74174,GB_StationProcess_918,GB_SamplingFeature_918,O3,http://dd.eionet.europa.eu/vocabulary/aq/pollutant/7,hour,56.6618199900,µg/m3,2018-06-29 03:00:00 +01:00,2018-06-29 04:00:00 +01:00,1,1
GB,http://environment.data.gov.uk/air-quality/so,GB_Network_1,Station_GB1024A,,GB_SamplingPoint_74174,GB_StationProcess_918,GB_SamplingFeature_918,O3,http://dd.eionet.europa.eu/vocabulary/aq/pollutant/7,hour,46.2896799900,µg/m3,2018-06-29 05:00:00 +01:00,2018-06-29 06:00:00 +01:00,1,1
GB,http://environment.data.gov.uk/air-quality/so,GB_Network_1,Station_GB1024A,,GB_SamplingPoint_74174,GB_StationProcess_918,GB_SamplingFeature_918,O3,http://dd.eionet.europa.eu/vocabulary/aq/pollutant/7,hour,48.4637499900,µg/m3,2018-06-29 07:00:00 +01:00,2018-06-29 08:00:00 +01:00,1,1
GB,http://environment.data.gov.uk/air-quality/so,GB_Network_1,Station_GB1024A,,GB_SamplingPoint_74174,GB_StationProcess_918,GB_SamplingFeature_918,O3,http://dd.eionet.europa.eu/vocabulary/aq/pollutant/7,hour,49.5507899900,µg/m3,2018-06-29 09:00:00 +01:00,2018-06-29 10:00:00 +01:00,1,1
GB,http://environment.data.gov.uk/air-quality/so,GB_Network_1,Station_GB1024A,,GB_SamplingPoint_74174,GB_StationProcess_918,GB_SamplingFeature_918,O3,http://dd.eionet.europa.eu/vocabulary/aq/pollutant/7,hour,54.1253999900,µg/m3,2018-06-29 10:00:00 +01:00,2018-06-29 11:00:00 +01:00,1,1
GB,http://environment.data.gov.uk/air-quality/so,GB_Network_1,Station_GB1024A,,GB_SamplingPoint_74174,GB_StationProcess_918,GB_SamplingFeature_918,O3,http://dd.eionet.europa.eu/vocabulary/aq/pollutant/7,hour,83.0677699900,µg/m3,2018-06-29 12:00:00 +01:00,2018-06-29 13:00:00 +01:00,1,1
GB,http://environment.data.gov.uk/air-quality/so,GB_Network_1,Station_GB1024A,,GB_SamplingPoint_74174,GB_StationProcess_918,GB_SamplingFeature_918,O3,http://dd.eionet.europa.eu/vocabulary/aq/pollutant/7,hour,93.6210899900,µg/m3,2018-06-29 19:00:00 +01:00,2018-06-29 20:00:00 +01:00,1,1
GB,http://environment.data.gov.uk/air-quality/so,GB_Network_1,Station_GB1024A,,GB_SamplingPoint_74174,GB_StationProcess_918,GB_SamplingFeature_918,O3,http://dd.eionet.europa.eu/vocabulary/aq/pollutant/7,hour,89.7711699900,µg/m3,2018-06-29 21:00:00 +01:00,2018-06-29 22:00:00 +01:00,1,1
GB,http://environment.data.gov.uk/air-quality/so,GB_Network_1,Station_GB1024A,,GB_SamplingPoint_74174,GB_StationProcess_918,GB_SamplingFeature_918,O3,http://dd.eionet.europa.eu/vocabulary/aq/pollutant/7,hour,64.5428399900,µg/m3,2018-06-29 23:00:00 +01:00,2018-06-30 00:00:00 +01:00,1,1
GB,http://environment.data.gov.uk/air-quality/so,GB_Network_1,Station_GB1024A,,GB_SamplingPoint_74174,GB_StationProcess_918,GB_SamplingFeature_918,O3,http://dd.eionet.europa.eu/vocabulary/aq/pollutant/7,hour,63.0481699900,µg/m3,2018-06-30 00:00:00 +01:00,2018-06-30 01:00:00 +01:00,1,1
GB,http://environment.data.gov.uk/air-quality/so,GB_Network_1,Station_GB1024A,,GB_SamplingPoint_74174,GB_StationProcess_918,GB_SamplingFeature_918,O3,http://dd.eionet.europa.eu/vocabulary/aq/pollutant/7,hour,65.3124399900,µg/m3,2018-06-30 01:00:00 +01:00,2018-06-30 02:00:00 +01:00,1,1
GB,http://environment.data.gov.uk/air-quality/so,GB_Network_1,Station_GB1024A,,GB_SamplingPoint_74174,GB_StationProcess_918,GB_SamplingFeature_918,O3,http://dd.eionet.europa.eu/vocabulary/aq/pollutant/7,hour,72.2326599900,µg/m3,2018-06-30 04:00:00 +01:00,2018-06-30 05:00:00 +01:00,1,1
GB,http://environment.data.gov.uk/air-quality/so,GB_Network_1,Station_GB1024A,,GB_SamplingPoint_74174,GB_StationProcess_918,GB_SamplingFeature_918,O3,http://dd.eionet.europa.eu/vocabulary/aq/pollutant/7,hour,76.5295299900,µg/m3,2018-06-30 07:00:00 +01:00,2018-06-30 08:00:00 +01:00,1,1
GB,http://environment.data.gov.uk/air-quality/so,GB_Network_1,Station_GB1024A,,GB_SamplingPoint_74174,GB_StationProcess_918,GB_SamplingFeature_918,O3,http://dd.eionet.europa.eu/vocabulary/aq/pollutant/7,hour,78.6553499900,µg/m3,2018-06-30 09:00:00 +01:00,2018-06-30 10:00:00 +01:00,1,1
GB,http://environment.data.gov.uk/air-quality/so,GB_Network_1,Station_GB1024A,,GB_SamplingPoint_74174,GB_StationProcess_918,GB_SamplingFeature_918,O3,http://dd.eionet.europa.eu/vocabulary/aq/pollutant/7,hour,97.5615899900,µg/m3,2018-06-30 12:00:00 +01:00,2018-06-30 13:00:00 +01:00,1,1
GB,http://environment.data.gov.uk/air-quality/so,GB_Network_1,Station_GB1024A,,GB_SamplingPoint_74174,GB_StationProcess_918,GB_SamplingFeature_918,O3,http://dd.eionet.europa.eu/vocabulary/aq/pollutant/7,hour,83.4497599900,µg/m3,2018-06-30 14:00:00 +01:00,2018-06-30 15:00:00 +01:00,1,1
GB,http://environment.data.gov.uk/air-quality/so,GB_Network_1,Station_GB1024A,,GB_SamplingPoint_74174,GB_StationProcess_918,GB_SamplingFeature_918,O3,http://dd.eionet.europa.eu/vocabulary/aq/pollutant/7,hour,117.2367299900,µg/m3,2018-06-30 16:00:00 +01:00,2018-06-30 17:00:00 +01:00,1,1
GB,http://environment.data.gov.uk/air-quality/so,GB_Network_1,Station_GB1024A,,GB_SamplingPoint_74174,GB_StationProcess_918,GB_SamplingFeature_918,O3,http://dd.eionet.europa.eu/vocabulary/aq/pollutant/7,hour,87.4300099900,µg/m3,2018-06-30 23:00:00 +01:00,2018-07-01 00:00:00 +01:00,1,1
GB,http://environment.data.gov.uk/air-quality/so,GB_Network_1,Station_GB1024A,,GB_SamplingPoint_74174,GB_StationProcess_918,GB_SamplingFeature_918,O3,http://dd.eionet.europa.eu/vocabulary/aq/pollutant/7,hour,84.8518899900,µg/m3,2018-07-01 00:00:00 +01:00,2018-07-01 01:00:00 +01:00,1,1
GB,http://environment.data.gov.uk/air-quality/so,GB_Network_1,Station_GB1024A,,GB_SamplingPoint_74174,GB_StationProcess_918,GB_SamplingFeature_918,O3,http://dd.eionet.europa.eu/vocabulary/aq/pollutant/7,hour,76.0013699900,µg/m3,2018-07-01 01:00:00 +01:00,2018-07-01 02:00:00 +01:00,1,1
GB,http://environment.data.gov.uk/air-quality/so,GB_Network_1,Station_GB1024A,,GB_SamplingPoint_74174,GB_StationProcess_918,GB_SamplingFeature_918,O3,http://dd.eionet.europa.eu/vocabulary/aq/pollutant/7,hour,66.9829799900,µg/m3,2018-07-01 04:00:00 +01:00,2018-07-01 05:00:00 +01:00,1,1
GB,http://environment.data.gov.uk/air-quality/so,GB_Network_1,Station_GB1024A,,GB_SamplingPoint_74174,GB_StationProcess_918,GB_SamplingFeature_918,O3,http://dd.eionet.europa.eu/vocabulary/aq/pollutant/7,hour,46.2963999900,µg/m3,2018-07-01 07:00:00 +01:00,2018-07-01 08:00:00 +01:00,1,1
GB,http://environment.data.gov.uk/air-quality/so,GB_Network_1,Station_GB1024A,,GB_SamplingPoint_74174,GB_StationProcess_918,GB_SamplingFeature_918,O3,http://dd.eionet.europa.eu/vocabulary/aq/pollutant/7,hour,50.6324499900,µg/m3,2018-07-01 08:00:00 +01:00,2018-07-01 09:00:00 +01:00,1,1
GB,http://environment.data.gov.uk/air-quality/so,GB_Network_1,Station_GB1024A,,GB_SamplingPoint_74174,GB_StationProcess_918,GB_SamplingFeature_918,O3,http://dd.eionet.europa.eu/vocabulary/aq/pollutant/7,hour,62.1952599900,µg/m3,2018-07-01 09:00:00 +01:00,2018-07-01 10:00:00 +01:00,1,1
GB,http://environment.data.gov.uk/air-quality/so,GB_Network_1,Station_GB1024A,,GB_SamplingPoint_74174,GB_StationProcess_918,GB_SamplingFeature_918,O3,http://dd.eionet.europa.eu/vocabulary/aq/pollutant/7,hour,72.9450499900,µg/m3,2018-07-01 10:00:00 +01:00,2018-07-01 11:00:00 +01:00,1,1
GB,http://environment.data.gov.uk/air-quality/so,GB_Network_1,Station_GB1024A,,GB_SamplingPoint_74174,GB_StationProcess_918,GB_SamplingFeature_918,O3,http://dd.eionet.europa.eu/vocabulary/aq/pollutant/7,hour,143.3607399900,µg/m3,2018-07-01 13:00:00 +01:00,2018-07-01 14:00:00 +01:00,1,1
GB,http://environment.data.gov.uk/air-quality/so,GB_Network_1,Station_GB1024A,,GB_SamplingPoint_74174,GB_StationProcess_918,GB_SamplingFeature_918,O3,http://dd.eionet.europa.eu/vocabulary/aq/pollutant/7,hour,157.7239199900,µg/m3,2018-07-01 18:00:00 +01:00,2018-07-01 19:00:00 +01:00,1,1
GB,http://environment.data.gov.uk/air-quality/so,GB_Network_1,Station_GB1024A,,GB_SamplingPoint_74174,GB_StationProcess_918,GB_SamplingFeature_918,O3,http://dd.eionet.europa.eu/vocabulary/aq/pollutant/7,hour,146.8386199900,µg/m3,2018-07-01 20:00:00 +01:00,2018-07-01 21:00:00 +01:00,1,1
GB,http://environment.data.gov.uk/air-quality/so,GB_Network_1,Station_GB1024A,,GB_SamplingPoint_74174,GB_StationProcess_918,GB_SamplingFeature_918,O3,http://dd.eionet.europa.eu/vocabulary/aq/pollutant/7,hour,144.4899299900,µg/m3,2018-07-01 21:00:00 +01:00,2018-07-01 22:00:00 +01:00,1,1
GB,http://environment.data.gov.uk/air-quality/so,GB_Network_1,Station_GB1024A,,GB_SamplingPoint_74174,GB_StationProcess_918,GB_SamplingFeature_918,O3,http://dd.eionet.europa.eu/vocabulary/aq/pollutant/7,hour,108.1754799900,µg/m3,2018-07-01 23:00:00 +01:00,2018-07-02 00:00:00 +01:00,1,1
GB,http://environment.data.gov.uk/air-quality/so,GB_Network_1,Station_GB1024A,,GB_SamplingPoint_74174,GB_StationProcess_918,GB_SamplingFeature_918,O3,http://dd.eionet.europa.eu/vocabulary/aq/pollutant/7,hour,87.3217599900,µg/m3,2018-07-02 03:00:00 +01:00,2018-07-02 04:00:00 +01:00,1,1
GB,http://environment.data.gov.uk/air-quality/so,GB_Network_1,Station_GB1024A,,GB_SamplingPoint_74174,GB_StationProcess_918,GB_SamplingFeature_918,O3,http://dd.eionet.europa.eu/vocabulary/aq/pollutant/7,hour,76.6320599900,µg/m3,2018-07-02 04:00:00 +01:00,2018-07-02 05:00:00 +01:00,1,1
GB,http://environment.data.gov.uk/air-quality/so,GB_Network_1,Station_GB1024A,,GB_SamplingPoint_74174,GB_StationProcess_918,GB_SamplingFeature_918,O3,http://dd.eionet.europa.eu/vocabulary/aq/pollutant/7,hour,64.2283999900,µg/m3,2018-07-02 05:00:00 +01:00,2018-07-02 06:00:00 +01:00,1,1
GB,http://environment.data.gov.uk/air-quality/so,GB_Network_1,Station_GB1024A,,GB_SamplingPoint_74174,GB_StationProcess_918,GB_SamplingFeature_918,O3,http://dd.eionet.europa.eu/vocabulary/aq/pollutant/7,hour,74.5121599900,µg/m3,2018-07-02 09:00:00 +01:00,2018-07-02 10:00:00 +01:00,1,1
GB,http://environment.data.gov.uk/air-quality/so,GB_Network_1,Station_GB1024A,,GB_SamplingPoint_74174,GB_StationProcess_918,GB_SamplingFeature_918,O3,http://dd.eionet.europa.eu/vocabulary/aq/pollutant/7,hour,99.4096899900,µg/m3,2018-07-02 10:00:00 +01:00,2018-07-02 11:00:00 +01:00,1,1
GB,http://environment.data.gov.uk/air-quality/so,GB_Network_1,Station_GB1024A,,GB_SamplingPoint_74174,GB_StationProcess_918,GB_SamplingFeature_918,O3,http://dd.eionet.europa.eu/vocabulary/aq/pollutant/7,hour,114.2038699900,µg/m3,2018-07-02 20:00:00 +01:00,2018-07-02 21:00:00 +01:00,1,1
GB,http://environment.data.gov.uk/air-quality/so,GB_Network_1,Station_GB1024A,,GB_SamplingPoint_74174,GB_StationProcess_918,GB_SamplingFeature_918,O3,http://dd.eionet.europa.eu/vocabulary/aq/pollutant/7,hour,93.6814499900,µg/m3,2018-07-02 22:00:00 +01:00,2018-07-02 23:00:00 +01:00,1,1
GB,http://environment.data.gov.uk/air-quality/so,GB_Network_1,Station_GB1024A,,GB_SamplingPoint_74174,GB_StationProcess_918,GB_SamplingFeature_918,O3,http://dd.eionet.europa.eu/vocabulary/aq/pollutant/7,hour,89.1259199900,µg/m3,2018-07-02 23:00:00 +01:00,2018-07-03 00:00:00 +01:00,1,1
GB,http://environment.data.gov.uk/air-quality/so,GB_Network_1,Station_GB1024A,,GB_SamplingPoint_74174,GB_StationProcess_918,GB_SamplingFeature_918,O3,http://dd.eionet.europa.eu/vocabulary/aq/pollutant/7,hour,72.3662099900,µg/m3,2018-07-03 02:00:00 +01:00,2018-07-03 03:00:00 +01:00,1,1
GB,http://environment.data.gov.uk/air-quality/so,GB_Network_1,Station_GB1024A,,GB_SamplingPoint_74174,GB_StationProcess_918,GB_SamplingFeature_918,O3,http://dd.eionet.europa.eu/vocabulary/aq/pollutant/7,hour,72.2911399900,µg/m3,2018-07-03 04:00:00 +01:00,2018-07-03 05:00:00 +01:00,1,1
GB,http://environment.data.gov.uk/air-quality/so,GB_Network_1,Station_GB1024A,,GB_SamplingPoint_74174,GB_StationProcess_918,GB_SamplingFeature_918,O3,http://dd.eionet.europa.eu/vocabulary/aq/pollutant/7,hour,67.9671799900,µg/m3,2018-07-03 05:00:00 +01:00,2018-07-03 06:00:00 +01:00,1,1
GB,http://environment.data.gov.uk/air-quality/so,GB_Network_1,Station_GB1024A,,GB_SamplingPoint_74174,GB_StationProcess_918,GB_SamplingFeature_918,O3,http://dd.eionet.europa.eu/vocabulary/aq/pollutant/7,hour,108.6844399900,µg/m3,2018-07-03 18:00:00 +01:00,2018-07-03 19:00:00 +01:00,1,1
GB,http://environment.data.gov.uk/air-quality/so,GB_Network_1,Station_GB1024A,,GB_SamplingPoint_74174,GB_StationProcess_918,GB_SamplingFeature_918,O3,http://dd.eionet.europa.eu/vocabulary/aq/pollutant/7,hour,89.7220899900,µg/m3,2018-07-03 21:00:00 +01:00,2018-07-03 22:00:00 +01:00,1,1
GB,http://environment.data.gov.uk/air-quality/so,GB_Network_1,Station_GB1024A,,GB_SamplingPoint_74174,GB_StationProcess_918,GB_SamplingFeature_918,O3,http://dd.eionet.europa.eu/vocabulary/aq/pollutant/7,hour,84.4072299900,µg/m3,2018-07-03 22:00:00 +01:00,2018-07-03 23:00:00 +01:00,1,1
GB,http://environment.data.gov.uk/air-quality/so,GB_Network_1,Station_GB1024A,,GB_SamplingPoint_74174,GB_StationProcess_918,GB_SamplingFeature_918,O3,http://dd.eionet.europa.eu/vocabulary/aq/pollutant/7,hour,78.4167499900,µg/m3,2018-07-04 00:00:00 +01:00,2018-07-04 01:00:00 +01:00,1,1
GB,http://environment.data.gov.uk/air-quality/so,GB_Network_1,Station_GB1024A,,GB_SamplingPoint_74174,GB_StationProcess_918,GB_SamplingFeature_918,O3,http://dd.eionet.europa.eu/vocabulary/aq/pollutant/7,hour,72.6248099900,µg/m3,2018-07-04 02:00:00 +01:00,2018-07-04 03:00:00 +01:00,1,1
GB,http://environment.data.gov.uk/air-quality/so,GB_Network_1,Station_GB1024A,,GB_SamplingPoint_74174,GB_StationProcess_918,GB_SamplingFeature_918,O3,http://dd.eionet.europa.eu/vocabulary/aq/pollutant/7,hour,57.9769099900,µg/m3,2018-07-04 05:00:00 +01:00,2018-07-04 06:00:00 +01:00,1,1
GB,http://environment.data.gov.uk/air-quality/so,GB_Network_1,Station_GB1024A,,GB_SamplingPoint_74174,GB_StationProcess_918,GB_SamplingFeature_918,O3,http://dd.eionet.europa.eu/vocabulary/aq/pollutant/7,hour,62.2498399900,µg/m3,2018-07-04 10:00:00 +01:00,2018-07-04 11:00:00 +01:00,1,1
GB,http://environment.data.gov.uk/air-quality/so,GB_Network_1,Station_GB1024A,,GB_SamplingPoint_74174,GB_StationProcess_918,GB_SamplingFeature_918,O3,http://dd.eionet.europa.eu/vocabulary/aq/pollutant/7,hour,109.6568599900,µg/m3,2018-07-04 16:00:00 +01:00,2018-07-04 17:00:00 +01:00,1,1
GB,http://environment.data.gov.uk/air-quality/so,GB_Network_1,Station_GB1024A,,GB_SamplingPoint_74174,GB_StationProcess_918,GB_SamplingFeature_918,O3,http://dd.eionet.europa.eu/vocabulary/aq/pollutant/7,hour,104.5293499900,µg/m3,2018-07-04 18:00:00 +01:00,2018-07-04 19:00:00 +01:00,1,1
GB,http://environment.data.gov.uk/air-quality/so,GB_Network_1,Station_GB1024A,,GB_SamplingPoint_74174,GB_StationProcess_918,GB_SamplingFeature_918,O3,http://dd.eionet.europa.eu/vocabulary/aq/pollutant/7,hour,76.1930799900,µg/m3,2018-07-04 19:00:00 +01:00,2018-07-04 20:00:00 +01:00,1,1
GB,http://environment.data.gov.uk/air-quality/so,GB_Network_1,Station_GB1024A,,GB_SamplingPoint_74174,GB_StationProcess_918,GB_SamplingFeature_918,O3,http://dd.eionet.europa.eu/vocabulary/aq/pollutant/7,hour,54.4686099900,µg/m3,2018-07-04 21:00:00 +01:00,2018-07-04 22:00:00 +01:00,1,1
GB,http://environment.data.gov.uk/air-quality/so,GB_Network_1,Station_GB1024A,,GB_SamplingPoint_74174,GB_StationProcess_918,GB_SamplingFeature_918,O3,http://dd.eionet.europa.eu/vocabulary/aq/pollutant/7,hour,21.0048199900,µg/m3,2018-07-04 22:00:00 +01:00,2018-07-04 23:00:00 +01:00,1,1
GB,http://environment.data.gov.uk/air-quality/so,GB_Network_1,Station_GB1024A,,GB_SamplingPoint_74174,GB_StationProcess_918,GB_SamplingFeature_918,O3,http://dd.eionet.europa.eu/vocabulary/aq/pollutant/7,hour,13.7183499900,µg/m3,2018-07-04 23:00:00 +01:00,2018-07-05 00:00:00 +01:00,1,1
GB,http://environment.data.gov.uk/air-quality/so,GB_Network_1,Station_GB1024A,,GB_SamplingPoint_74174,GB_StationProcess_918,GB_SamplingFeature_918,O3,http://dd.eionet.europa.eu/vocabulary/aq/pollutant/7,hour,6.4677899900,µg/m3,2018-07-05 01:00:00 +01:00,2018-07-05 02:00:00 +01:00,1,1
GB,http://environment.data.gov.uk/air-quality/so,GB_Network_1,Station_GB1024A,,GB_SamplingPoint_74174,GB_StationProcess_918,GB_SamplingFeature_918,O3,http://dd.eionet.europa.eu/vocabulary/aq/pollutant/7,hour,56.3649399900,µg/m3,2018-07-09 13:00:00 +01:00,2018-07-09 14:00:00 +01:00,1,1
GB,http://environment.data.gov.uk/air-quality/so,GB_Network_1,Station_GB1024A,,GB_SamplingPoint_74174,GB_StationProcess_918,GB_SamplingFeature_918,O3,http://dd.eionet.europa.eu/vocabulary/aq/pollutant/7,hour,71.5057599900,µg/m3,2018-07-09 14:00:00 +01:00,2018-07-09 15:00:00 +01:00,1,1
GB,http://environment.data.gov.uk/air-quality/so,GB_Network_1,Station_GB1024A,,GB_SamplingPoint_74174,GB_StationProcess_918,GB_SamplingFeature_918,O3,http://dd.eionet.europa.eu/vocabulary/aq/pollutant/7,hour,75.8380899900,µg/m3,2018-07-09 18:00:00 +01:00,2018-07-09 19:00:00 +01:00,1,1
GB,http://environment.data.gov.uk/air-quality/so,GB_Network_1,Station_GB1024A,,GB_SamplingPoint_74174,GB_StationProcess_918,GB_SamplingFeature_918,O3,http://dd.eionet.europa.eu/vocabulary/aq/pollutant/7,hour,52.3899199900,µg/m3,2018-07-09 20:00:00 +01:00,2018-07-09 21:00:00 +01:00,1,1
GB,http://environment.data.gov.uk/air-quality/so,GB_Network_1,Station_GB1024A,,GB_SamplingPoint_74174,GB_StationProcess_918,GB_SamplingFeature_918,O3,http://dd.eionet.europa.eu/vocabulary/aq/pollutant/7,hour,39.4822599900,µg/m3,2018-07-09 22:00:00 +01:00,2018-07-09 23:00:00 +01:00,1,1
GB,http://environment.data.gov.uk/air-quality/so,GB_Network_1,Station_GB1024A,,GB_SamplingPoint_74174,GB_StationProcess_918,GB_SamplingFeature_918,O3,http://dd.eionet.europa.eu/vocabulary/aq/pollutant/7,hour,38.4103399900,µg/m3,2018-07-10 00:00:00 +01:00,2018-07-10 01:00:00 +01:00,1,1
GB,http://environment.data.gov.uk/air-quality/so,GB_Network_1,Station_GB1024A,,GB_SamplingPoint_74174,GB_StationProcess_918,GB_SamplingFeature_918,O3,http://dd.eionet.europa.eu/vocabulary/aq/pollutant/7,hour,39.9022999900,µg/m3,2018-07-10 01:00:00 +01:00,2018-07-10 02:00:00 +01:00,1,1
GB,http://environment.data.gov.uk/air-quality/so,GB_Network_1,Station_GB1024A,,GB_SamplingPoint_74174,GB_StationProcess_918,GB_SamplingFeature_918,O3,http://dd.eionet.europa.eu/vocabulary/aq/pollutant/7,hour,37.2411499900,µg/m3,2018-07-10 06:00:00 +01:00,2018-07-10 07:00:00 +01:00,1,1
GB,http://environment.data.gov.uk/air-quality/so,GB_Network_1,Station_GB1024A,,GB_SamplingPoint_74174,GB_StationProcess_918,GB_SamplingFeature_918,O3,http://dd.eionet.europa.eu/vocabulary/aq/pollutant/7,hour,38.7575599900,µg/m3,2018-07-10 07:00:00 +01:00,2018-07-10 08:00:00 +01:00,1,1
GB,http://environment.data.gov.uk/air-quality/so,GB_Network_1,Station_GB1024A,,GB_SamplingPoint_74174,GB_StationProcess_918,GB_SamplingFeature_918,O3,http://dd.eionet.europa.eu/vocabulary/aq/pollutant/7,hour,44.4217799900,µg/m3,2018-07-10 09:00:00 +01:00,2018-07-10 10:00:00 +01:00,1,1
GB,http://environment.data.gov.uk/air-quality/so,GB_Network_1,Station_GB1024A,,GB_SamplingPoint_74174,GB_StationProcess_918,GB_SamplingFeature_918,O3,http://dd.eionet.europa.eu/vocabulary/aq/pollutant/7,hour,45.3137899900,µg/m3,2018-07-10 10:00:00 +01:00,2018-07-10 11:00:00 +01:00,1,1
GB,http://environment.data.gov.uk/air-quality/so,GB_Network_1,Station_GB1024A,,GB_SamplingPoint_74174,GB_StationProcess_918,GB_SamplingFeature_918,O3,http://dd.eionet.europa.eu/vocabulary/aq/pollutant/7,hour,53.0742199900,µg/m3,2018-07-10 14:00:00 +01:00,2018-07-10 15:00:00 +01:00,1,1
GB,http://environment.data.gov.uk/air-quality/so,GB_Network_1,Station_GB1024A,,GB_SamplingPoint_74174,GB_StationProcess_918,GB_SamplingFeature_918,O3,http://dd.eionet.europa.eu/vocabulary/aq/pollutant/7,hour,64.1350599900,µg/m3,2018-07-10 16:00:00 +01:00,2018-07-10 17:00:00 +01:00,1,1
GB,http://environment.data.gov.uk/air-quality/so,GB_Network_1,Station_GB1024A,,GB_SamplingPoint_74174,GB_StationProcess_918,GB_SamplingFeature_918,O3,http://dd.eionet.europa.eu/vocabulary/aq/pollutant/7,hour,67.2124699900,µg/m3,2018-07-10 18:00:00 +01:00,2018-07-10 19:00:00 +01:00,1,1
GB,http://environment.data.gov.uk/air-quality/so,GB_Network_1,Station_GB1024A,,GB_SamplingPoint_74174,GB_StationProcess_918,GB_SamplingFeature_918,O3,http://dd.eionet.europa.eu/vocabulary/aq/pollutant/7,hour,50.8888099900,µg/m3,2018-07-10 22:00:00 +01:00,2018-07-10 23:00:00 +01:00,1,1
GB,http://environment.data.gov.uk/air-quality/so,GB_Network_1,Station_GB1024A,,GB_SamplingPoint_74174,GB_StationProcess_918,GB_SamplingFeature_918,O3,http://dd.eionet.europa.eu/vocabulary/aq/pollutant/7,hour,53.6672999900,µg/m3,2018-07-11 03:00:00 +01:00,2018-07-11 04:00:00 +01:00,1,1
GB,http://environment.data.gov.uk/air-quality/so,GB_Network_1,Station_GB1024A,,GB_SamplingPoint_74174,GB_StationProcess_918,GB_SamplingFeature_918,O3,http://dd.eionet.europa.eu/vocabulary/aq/pollutant/7,hour,57.9428699900,µg/m3,2018-07-11 04:00:00 +01:00,2018-07-11 05:00:00 +01:00,1,1
GB,http://environment.data.gov.uk/air-quality/so,GB_Network_1,Station_GB1024A,,GB_SamplingPoint_74174,GB_StationProcess_918,GB_SamplingFeature_918,O3,http://dd.eionet.europa.eu/vocabulary/aq/pollutant/7,hour,48.4564499900,µg/m3,2018-07-11 07:00:00 +01:00,2018-07-11 08:00:00 +01:00,1,1
GB,http://environment.data.gov.uk/air-quality/so,GB_Network_1,Station_GB1024A,,GB_SamplingPoint_74174,GB_StationProcess_918,GB_SamplingFeature_918,O3,http://dd.eionet.europa.eu/vocabulary/aq/pollutant/7,hour,48.6345999900,µg/m3,2018-07-11 10:00:00 +01:00,2018-07-11 11:00:00 +01:00,1,1
GB,http://environment.data.gov.uk/air-quality/so,GB_Network_1,Station_GB1024A,,GB_SamplingPoint_74174,GB_StationProcess_918,GB_SamplingFeature_918,O3,http://dd.eionet.europa.eu/vocabulary/aq/pollutant/7,hour,49.2581199900,µg/m3,2018-07-11 11:00:00 +01:00,2018-07-11 12:00:00 +01:00,1,1
GB,http://environment.data.gov.uk/air-quality/so,GB_Network_1,Station_GB1024A,,GB_SamplingPoint_74174,GB_StationProcess_918,GB_SamplingFeature_918,O3,http://dd.eionet.europa.eu/vocabulary/aq/pollutant/7,hour,52.2421099900,µg/m3,2018-07-11 12:00:00 +01:00,2018-07-11 13:00:00 +01:00,1,1
GB,http://environment.data.gov.uk/air-quality/so,GB_Network_1,Station_GB1024A,,GB_SamplingPoint_74174,GB_StationProcess_918,GB_SamplingFeature_918,O3,http://dd.eionet.europa.eu/vocabulary/aq/pollutant/7,hour,71.5267099900,µg/m3,2018-07-11 17:00:00 +01:00,2018-07-11 18:00:00 +01:00,1,1
GB,http://environment.data.gov.uk/air-quality/so,GB_Network_1,Station_GB1024A,,GB_SamplingPoint_74174,GB_StationProcess_918,GB_SamplingFeature_918,O3,http://dd.eionet.europa.eu/vocabulary/aq/pollutant/7,hour,76.3812599900,µg/m3,2018-07-11 19:00:00 +01:00,2018-07-11 20:00:00 +01:00,1,1
GB,http://environment.data.gov.uk/air-quality/so,GB_Network_1,Station_GB1024A,,GB_SamplingPoint_74174,GB_StationProcess_918,GB_SamplingFeature_918,O3,http://dd.eionet.europa.eu/vocabulary/aq/pollutant/7,hour,72.7292099900,µg/m3,2018-07-11 20:00:00 +01:00,2018-07-11 21:00:00 +01:00,1,1
GB,http://environment.data.gov.uk/air-quality/so,GB_Network_1,Station_GB1024A,,GB_SamplingPoint_74174,GB_StationProcess_918,GB_SamplingFeature_918,O3,http://dd.eionet.europa.eu/vocabulary/aq/pollutant/7,hour,63.8217799900,µg/m3,2018-07-11 21:00:00 +01:00,2018-07-11 22:00:00 +01:00,1,1
GB,http://environment.data.gov.uk/air-quality/so,GB_Network_1,Station_GB1024A,,GB_SamplingPoint_74174,GB_StationProcess_918,GB_SamplingFeature_918,O3,http://dd.eionet.europa.eu/vocabulary/aq/pollutant/7,hour,20.1616299900,µg/m3,2018-07-12 02:00:00 +01:00,2018-07-12 03:00:00 +01:00,1,1
GB,http://environment.data.gov.uk/air-quality/so,GB_Network_1,Station_GB1024A,,GB_SamplingPoint_74174,GB_StationProcess_918,GB_SamplingFeature_918,O3,http://dd.eionet.europa.eu/vocabulary/aq/pollutant/7,hour,45.6304999900,µg/m3,2018-07-12 09:00:00 +01:00,2018-07-12 10:00:00 +01:00,1,1
GB,http://environment.data.gov.uk/air-quality/so,GB_Network_1,Station_GB1024A,,GB_SamplingPoint_74174,GB_StationProcess_918,GB_SamplingFeature_918,O3,http://dd.eionet.europa.eu/vocabulary/aq/pollutant/7,hour,54.8811299900,µg/m3,2018-07-12 10:00:00 +01:00,2018-07-12 11:00:00 +01:00,1,1
GB,http://environment.data.gov.uk/air-quality/so,GB_Network_1,Station_GB1024A,,GB_SamplingPoint_74174,GB_StationProcess_918,GB_SamplingFeature_918,O3,http://dd.eionet.europa.eu/vocabulary/aq/pollutant/7,hour,59.4174999900,µg/m3,2018-07-12 11:00:00 +01:00,2018-07-12 12:00:00 +01:00,1,1
GB,http://environment.data.gov.uk/air-quality/so,GB_Network_1,Station_GB1024A,,GB_SamplingPoint_74174,GB_StationProcess_918,GB_SamplingFeature_918,O3,http://dd.eionet.europa.eu/vocabulary/aq/pollutant/7,hour,66.7112599900,µg/m3,2018-07-12 12:00:00 +01:00,2018-07-12 13:00:00 +01:00,1,1
GB,http://environment.data.gov.uk/air-quality/so,GB_Network_1,Station_GB1024A,,GB_SamplingPoint_74174,GB_StationProcess_918,GB_SamplingFeature_918,O3,http://dd.eionet.europa.eu/vocabulary/aq/pollutant/7,hour,62.7530599900,µg/m3,2018-07-12 22:00:00 +01:00,2018-07-12 23:00:00 +01:00,1,1
GB,http://environment.data.gov.uk/air-quality/so,GB_Network_1,Station_GB1024A,,GB_SamplingPoint_74174,GB_StationProcess_918,GB_SamplingFeature_918,O3,http://dd.eionet.europa.eu/vocabulary/aq/pollutant/7,hour,59.5509199900,µg/m3,2018-07-12 23:00:00 +01:00,2018-07-13 00:00:00 +01:00,1,1
GB,http://environment.data.gov.uk/air-quality/so,GB_Network_1,Station_GB1024A,,GB_SamplingPoint_74174,GB_StationProcess_918,GB_SamplingFeature_918,O3,http://dd.eionet.europa.eu/vocabulary/aq/pollutant/7,hour,60.9592699900,µg/m3,2018-07-13 02:00:00 +01:00,2018-07-13 03:00:00 +01:00,1,1
GB,http://environment.data.gov.uk/air-quality/so,GB_Network_1,Station_GB1024A,,GB_SamplingPoint_74174,GB_StationProcess_918,GB_SamplingFeature_918,O3,http://dd.eionet.europa.eu/vocabulary/aq/pollutant/7,hour,55.6371899900,µg/m3,2018-07-13 03:00:00 +01:00,2018-07-13 04:00:00 +01:00,1,1
GB,http://environment.data.gov.uk/air-quality/so,GB_Network_1,Station_GB1024A,,GB_SamplingPoint_74174,GB_StationProcess_918,GB_SamplingFeature_918,O3,http://dd.eionet.europa.eu/vocabulary/aq/pollutant/7,hour,50.6560899900,µg/m3,2018-07-13 05:00:00 +01:00,2018-07-13 06:00:00 +01:00,1,1
GB,http://environment.data.gov.uk/air-quality/so,GB_Network_1,Station_GB1024A,,GB_SamplingPoint_74174,GB_StationProcess_918,GB_SamplingFeature_918,O3,http://dd.eionet.europa.eu/vocabulary/aq/pollutant/7,hour,50.0779199900,µg/m3,2018-07-13 06:00:00 +01:00,2018-07-13 07:00:00 +01:00,1,1
GB,http://environment.data.gov.uk/air-quality/so,GB_Network_1,Station_GB1024A,,GB_SamplingPoint_74174,GB_StationProcess_918,GB_SamplingFeature_918,O3,http://dd.eionet.europa.eu/vocabulary/aq/pollutant/7,hour,36.0240799900,µg/m3,2018-07-13 07:00:00 +01:00,2018-07-13 08:00:00 +01:00,1,1
GB,http://environment.data.gov.uk/air-quality/so,GB_Network_1,Station_GB1024A,,GB_SamplingPoint_74174,GB_StationProcess_918,GB_SamplingFeature_918,O3,http://dd.eionet.europa.eu/vocabulary/aq/pollutant/7,hour,64.7988699900,µg/m3,2018-07-13 12:00:00 +01:00,2018-07-13 13:00:00 +01:00,1,1
GB,http://environment.data.gov.uk/air-quality/so,GB_Network_1,Station_GB1024A,,GB_SamplingPoint_74174,GB_StationProcess_918,GB_SamplingFeature_918,O3,http://dd.eionet.europa.eu/vocabulary/aq/pollutant/7,hour,91.1275799900,µg/m3,2018-07-13 14:00:00 +01:00,2018-07-13 15:00:00 +01:00,1,1
GB,http://environment.data.gov.uk/air-quality/so,GB_Network_1,Station_GB1024A,,GB_SamplingPoint_74174,GB_StationProcess_918,GB_SamplingFeature_918,O3,http://dd.eionet.europa.eu/vocabulary/aq/pollutant/7,hour,99.5331999900,µg/m3,2018-07-13 16:00:00 +01:00,2018-07-13 17:00:00 +01:00,1,1
GB,http://environment.data.gov.uk/air-quality/so,GB_Network_1,Station_GB1024A,,GB_SamplingPoint_74174,GB_StationProcess_918,GB_SamplingFeature_918,O3,http://dd.eionet.europa.eu/vocabulary/aq/pollutant/7,hour,94.9523599900,µg/m3,2018-07-13 18:00:00 +01:00,2018-07-13 19:00:00 +01:00,1,1
GB,http://environment.data.gov.uk/air-quality/so,GB_Network_1,Station_GB1024A,,GB_SamplingPoint_74174,GB_StationProcess_918,GB_SamplingFeature_918,O3,http://dd.eionet.europa.eu/vocabulary/aq/pollutant/7,hour,26.5955599900,µg/m3,2018-07-13 21:00:00 +01:00,2018-07-13 22:00:00 +01:00,1,1
GB,http://environment.data.gov.uk/air-quality/so,GB_Network_1,Station_GB1024A,,GB_SamplingPoint_74174,GB_StationProcess_918,GB_SamplingFeature_918,O3,http://dd.eionet.europa.eu/vocabulary/aq/pollutant/7,hour,25.9729199900,µg/m3,2018-07-13 22:00:00 +01:00,2018-07-13 23:00:00 +01:00,1,1
GB,http://environment.data.gov.uk/air-quality/so,GB_Network_1,Station_GB1024A,,GB_SamplingPoint_74174,GB_StationProcess_918,GB_SamplingFeature_918,O3,http://dd.eionet.europa.eu/vocabulary/aq/pollutant/7,hour,9.7398399900,µg/m3,2018-07-14 03:00:00 +01:00,2018-07-14 04:00:00 +01:00,1,1
GB,http://environment.data.gov.uk/air-quality/so,GB_Network_1,Station_GB1024A,,GB_SamplingPoint_74174,GB_StationProcess_918,GB_SamplingFeature_918,O3,http://dd.eionet.europa.eu/vocabulary/aq/pollutant/7,hour,3.4689899900,µg/m3,2018-07-14 04:00:00 +01:00,2018-07-14 05:00:00 +01:00,2,1
GB,http://environment.data.gov.uk/air-quality/so,GB_Network_1,Station_GB1024A,,GB_SamplingPoint_74174,GB_StationProcess_918,GB_SamplingFeature_918,O3,http://dd.eionet.europa.eu/vocabulary/aq/pollutant/7,hour,2.0458099900,µg/m3,2018-07-14 05:00:00 +01:00,2018-07-14 06:00:00 +01:00,2,1
GB,http://environment.data.gov.uk/air-quality/so,GB_Network_1,Station_GB1024A,,GB_SamplingPoint_74174,GB_StationProcess_918,GB_SamplingFeature_918,O3,http://dd.eionet.europa.eu/vocabulary/aq/pollutant/7,hour,41.5388799900,µg/m3,2018-07-14 08:00:00 +01:00,2018-07-14 09:00:00 +01:00,1,1
GB,http://environment.data.gov.uk/air-quality/so,GB_Network_1,Station_GB1024A,,GB_SamplingPoint_74174,GB_StationProcess_918,GB_SamplingFeature_918,O3,http://dd.eionet.europa.eu/vocabulary/aq/pollutant/7,hour,63.1533299900,µg/m3,2018-07-14 10:00:00 +01:00,2018-07-14 11:00:00 +01:00,1,1
GB,http://environment.data.gov.uk/air-quality/so,GB_Network_1,Station_GB1024A,,GB_SamplingPoint_74174,GB_StationProcess_918,GB_SamplingFeature_918,O3,http://dd.eionet.europa.eu/vocabulary/aq/pollutant/7,hour,128.5748399900,µg/m3,2018-07-14 15:00:00 +01:00,2018-07-14 16:00:00 +01:00,1,1
GB,http://environment.data.gov.uk/air-quality/so,GB_Network_1,Station_GB1024A,,GB_SamplingPoint_74174,GB_StationProcess_918,GB_SamplingFeature_918,O3,http://dd.eionet.europa.eu/vocabulary/aq/pollutant/7,hour,99.3108299900,µg/m3,2018-07-14 19:00:00 +01:00,2018-07-14 20:00:00 +01:00,1,1
GB,http://environment.data.gov.uk/air-quality/so,GB_Network_1,Station_GB1024A,,GB_SamplingPoint_74174,GB_StationProcess_918,GB_SamplingFeature_918,O3,http://dd.eionet.europa.eu/vocabulary/aq/pollutant/7,hour,90.4159999900,µg/m3,2018-07-14 20:00:00 +01:00,2018-07-14 21:00:00 +01:00,1,1
GB,http://environment.data.gov.uk/air-quality/so,GB_Network_1,Station_GB1024A,,GB_SamplingPoint_74174,GB_StationProcess_918,GB_SamplingFeature_918,O3,http://dd.eionet.europa.eu/vocabulary/aq/pollutant/7,hour,92.5507599900,µg/m3,2018-07-14 22:00:00 +01:00,2018-07-14 23:00:00 +01:00,1,1
GB,http://environment.data.gov.uk/air-quality/so,GB_Network_1,Station_GB1024A,,GB_SamplingPoint_74174,GB_StationProcess_918,GB_SamplingFeature_918,O3,http://dd.eionet.europa.eu/vocabulary/aq/pollutant/7,hour,44.6075999900,µg/m3,2018-07-15 00:00:00 +01:00,2018-07-15 01:00:00 +01:00,1,1
GB,http://environment.data.gov.uk/air-quality/so,GB_Network_1,Station_GB1024A,,GB_SamplingPoint_74174,GB_StationProcess_918,GB_SamplingFeature_918,O3,http://dd.eionet.europa.eu/vocabulary/aq/pollutant/7,hour,34.5564299900,µg/m3,2018-07-15 07:00:00 +01:00,2018-07-15 08:00:00 +01:00,1,1
GB,http://environment.data.gov.uk/air-quality/so,GB_Network_1,Station_GB1024A,,GB_SamplingPoint_74174,GB_StationProcess_918,GB_SamplingFeature_918,O3,http://dd.eionet.europa.eu/vocabulary/aq/pollutant/7,hour,87.9254399900,µg/m3,2018-07-15 10:00:00 +01:00,2018-07-15 11:00:00 +01:00,1,1
GB,http://environment.data.gov.uk/air-quality/so,GB_Network_1,Station_GB1024A,,GB_SamplingPoint_74174,GB_StationProcess_918,GB_SamplingFeature_918,O3,http://dd.eionet.europa.eu/vocabulary/aq/pollutant/7,hour,95.9752699900,µg/m3,2018-07-15 11:00:00 +01:00,2018-07-15 12:00:00 +01:00,1,1
GB,http://environment.data.gov.uk/air-quality/so,GB_Network_1,Station_GB1024A,,GB_SamplingPoint_74174,GB_StationProcess_918,GB_SamplingFeature_918,O3,http://dd.eionet.europa.eu/vocabulary/aq/pollutant/7,hour,25.0389599900,µg/m3,2018-07-16 05:00:00 +01:00,2018-07-16 06:00:00 +01:00,1,1
GB,http://environment.data.gov.uk/air-quality/so,GB_Network_1,Station_GB1024A,,GB_SamplingPoint_74174,GB_StationProcess_918,GB_SamplingFeature_918,O3,http://dd.eionet.europa.eu/vocabulary/aq/pollutant/7,hour,34.4230099900,µg/m3,2018-07-16 07:00:00 +01:00,2018-07-16 08:00:00 +01:00,1,1
GB,http://environment.data.gov.uk/air-quality/so,GB_Network_1,Station_GB1024A,,GB_SamplingPoint_74174,GB_StationProcess_918,GB_SamplingFeature_918,O3,http://dd.eionet.europa.eu/vocabulary/aq/pollutant/7,hour,105.4482699900,µg/m3,2018-07-16 13:00:00 +01:00,2018-07-16 14:00:00 +01:00,1,1
GB,http://environment.data.gov.uk/air-quality/so,GB_Network_1,Station_GB1024A,,GB_SamplingPoint_74174,GB_StationProcess_918,GB_SamplingFeature_918,O3,http://dd.eionet.europa.eu/vocabulary/aq/pollutant/7,hour,113.0533499900,µg/m3,2018-07-16 16:00:00 +01:00,2018-07-16 17:00:00 +01:00,1,1
GB,http://environment.data.gov.uk/air-quality/so,GB_Network_1,Station_GB1024A,,GB_SamplingPoint_74174,GB_StationProcess_918,GB_SamplingFeature_918,O3,http://dd.eionet.europa.eu/vocabulary/aq/pollutant/7,hour,61.4929599900,µg/m3,2018-07-17 02:00:00 +01:00,2018-07-17 03:00:00 +01:00,1,1
GB,http://environment.data.gov.uk/air-quality/so,GB_Network_1,Station_GB1024A,,GB_SamplingPoint_74174,GB_StationProcess_918,GB_SamplingFeature_918,O3,http://dd.eionet.europa.eu/vocabulary/aq/pollutant/7,hour,55.9485099900,µg/m3,2018-07-17 04:00:00 +01:00,2018-07-17 05:00:00 +01:00,1,1
GB,http://environment.data.gov.uk/air-quality/so,GB_Network_1,Station_GB1024A,,GB_SamplingPoint_74174,GB_StationProcess_918,GB_SamplingFeature_918,O3,http://dd.eionet.europa.eu/vocabulary/aq/pollutant/7,hour,48.2100099900,µg/m3,2018-07-17 06:00:00 +01:00,2018-07-17 07:00:00 +01:00,1,1
GB,http://environment.data.gov.uk/air-quality/so,GB_Network_1,Station_GB1024A,,GB_SamplingPoint_74174,GB_StationProcess_918,GB_SamplingFeature_918,O3,http://dd.eionet.europa.eu/vocabulary/aq/pollutant/7,hour,44.6075999900,µg/m3,2018-07-17 08:00:00 +01:00,2018-07-17 09:00:00 +01:00,1,1
GB,http://environment.data.gov.uk/air-quality/so,GB_Network_1,Station_GB1024A,,GB_SamplingPoint_74174,GB_StationProcess_918,GB_SamplingFeature_918,O3,http://dd.eionet.europa.eu/vocabulary/aq/pollutant/7,hour,51.5455699900,µg/m3,2018-07-17 09:00:00 +01:00,2018-07-17 10:00:00 +01:00,1,1
GB,http://environment.data.gov.uk/air-quality/so,GB_Network_1,Station_GB1024A,,GB_SamplingPoint_74174,GB_StationProcess_918,GB_SamplingFeature_918,O3,http://dd.eionet.europa.eu/vocabulary/aq/pollutant/7,hour,57.4161599900,µg/m3,2018-07-17 10:00:00 +01:00,2018-07-17 11:00:00 +01:00,1,1
GB,http://environment.data.gov.uk/air-quality/so,GB_Network_1,Station_GB1024A,,GB_SamplingPoint_74174,GB_StationProcess_918,GB_SamplingFeature_918,O3,http://dd.eionet.europa.eu/vocabulary/aq/pollutant/7,hour,62.5751599900,µg/m3,2018-07-17 11:00:00 +01:00,2018-07-17 12:00:00 +01:00,1,1
GB,http://environment.data.gov.uk/air-quality/so,GB_Network_1,Station_GB1024A,,GB_SamplingPoint_74174,GB_StationProcess_918,GB_SamplingFeature_918,O3,http://dd.eionet.europa.eu/vocabulary/aq/pollutant/7,hour,63.9538599900,µg/m3,2018-07-17 13:00:00 +01:00,2018-07-17 14:00:00 +01:00,1,1
GB,http://environment.data.gov.uk/air-quality/so,GB_Network_1,Station_GB1024A,,GB_SamplingPoint_74174,GB_StationProcess_918,GB_SamplingFeature_918,O3,http://dd.eionet.europa.eu/vocabulary/aq/pollutant/7,hour,65.5104599900,µg/m3,2018-07-17 15:00:00 +01:00,2018-07-17 16:00:00 +01:00,1,1
GB,http://environment.data.gov.uk/air-quality/so,GB_Network_1,Station_GB1024A,,GB_SamplingPoint_74174,GB_StationProcess_918,GB_SamplingFeature_918,O3,http://dd.eionet.europa.eu/vocabulary/aq/pollutant/7,hour,63.4201699900,µg/m3,2018-07-17 17:00:00 +01:00,2018-07-17 18:00:00 +01:00,1,1
GB,http://environment.data.gov.uk/air-quality/so,GB_Network_1,Station_GB1024A,,GB_SamplingPoint_74174,GB_StationProcess_918,GB_SamplingFeature_918,O3,http://dd.eionet.europa.eu/vocabulary/aq/pollutant/7,hour,45.6304999900,µg/m3,2018-07-17 23:00:00 +01:00,2018-07-18 00:00:00 +01:00,1,1
GB,http://environment.data.gov.uk/air-quality/so,GB_Network_1,Station_GB1024A,,GB_SamplingPoint_74174,GB_StationProcess_918,GB_SamplingFeature_918,O3,http://dd.eionet.europa.eu/vocabulary/aq/pollutant/7,hour,33.7558999900,µg/m3,2018-07-18 04:00:00 +01:00,2018-07-18 05:00:00 +01:00,1,1
GB,http://environment.data.gov.uk/air-quality/so,GB_Network_1,Station_GB1024A,,GB_SamplingPoint_74174,GB_StationProcess_918,GB_SamplingFeature_918,O3,http://dd.eionet.europa.eu/vocabulary/aq/pollutant/7,hour,19.7020599900,µg/m3,2018-07-18 06:00:00 +01:00,2018-07-18 07:00:00 +01:00,1,1
GB,http://environment.data.gov.uk/air-quality/so,GB_Network_1,Station_GB1024A,,GB_SamplingPoint_74174,GB_StationProcess_918,GB_SamplingFeature_918,O3,http://dd.eionet.europa.eu/vocabulary/aq/pollutant/7,hour,23.8826299900,µg/m3,2018-07-18 08:00:00 +01:00,2018-07-18 09:00:00 +01:00,1,1
GB,http://environment.data.gov.uk/air-quality/so,GB_Network_1,Station_GB1024A,,GB_SamplingPoint_74174,GB_StationProcess_918,GB_SamplingFeature_918,O3,http://dd.eionet.europa.eu/vocabulary/aq/pollutant/7,hour,71.5589499900,µg/m3,2018-07-18 14:00:00 +01:00,2018-07-18 15:00:00 +01:00,1,1
GB,http://environment.data.gov.uk/air-quality/so,GB_Network_1,Station_GB1024A,,GB_SamplingPoint_74174,GB_StationProcess_918,GB_SamplingFeature_918,O3,http://dd.eionet.europa.eu/vocabulary/aq/pollutant/7,hour,86.9914899900,µg/m3,2018-07-18 15:00:00 +01:00,2018-07-18 16:00:00 +01:00,1,1
GB,http://environment.data.gov.uk/air-quality/so,GB_Network_1,Station_GB1024A,,GB_SamplingPoint_74174,GB_StationProcess_918,GB_SamplingFeature_918,O3,http://dd.eionet.europa.eu/vocabulary/aq/pollutant/7,hour,84.3675099900,µg/m3,2018-07-18 16:00:00 +01:00,2018-07-18 17:00:00 +01:00,1,1
GB,http://environment.data.gov.uk/air-quality/so,GB_Network_1,Station_GB1024A,,GB_SamplingPoint_74174,GB_StationProcess_918,GB_SamplingFeature_918,O3,http://dd.eionet.europa.eu/vocabulary/aq/pollutant/7,hour,68.6236499900,µg/m3,2018-07-18 21:00:00 +01:00,2018-07-18 22:00:00 +01:00,1,1
GB,http://environment.data.gov.uk/air-quality/so,GB_Network_1,Station_GB1024A,,GB_SamplingPoint_74174,GB_StationProcess_918,GB_SamplingFeature_918,O3,http://dd.eionet.europa.eu/vocabulary/aq/pollutant/7,hour,62.9309599900,µg/m3,2018-07-18 22:00:00 +01:00,2018-07-18 23:00:00 +01:00,1,1
GB,http://environment.data.gov.uk/air-quality/so,GB_Network_1,Station_GB1024A,,GB_SamplingPoint_74174,GB_StationProcess_918,GB_SamplingFeature_918,O3,http://dd.eionet.europa.eu/vocabulary/aq/pollutant/7,hour,44.4741799900,µg/m3,2018-07-18 23:00:00 +01:00,2018-07-19 00:00:00 +01:00,1,1
GB,http://environment.data.gov.uk/air-quality/so,GB_Network_1,Station_GB1024A,,GB_SamplingPoint_74174,GB_StationProcess_918,GB_SamplingFeature_918,O3,http://dd.eionet.europa.eu/vocabulary/aq/pollutant/7,hour,2.0013399900,µg/m3,2018-07-19 05:00:00 +01:00,2018-07-19 06:00:00 +01:00,2,1
GB,http://environment.data.gov.uk/air-quality/so,GB_Network_1,Station_GB1024A,,GB_SamplingPoint_74174,GB_StationProcess_918,GB_SamplingFeature_918,O3,http://dd.eionet.europa.eu/vocabulary/aq/pollutant/7,hour,2.4460799900,µg/m3,2018-07-19 06:00:00 +01:00,2018-07-19 07:00:00 +01:00,2,1
GB,http://environment.data.gov.uk/air-quality/so,GB_Network_1,Station_GB1024A,,GB_SamplingPoint_74174,GB_StationProcess_918,GB_SamplingFeature_918,O3,http://dd.eionet.europa.eu/vocabulary/aq/pollutant/7,hour,8.6724599900,µg/m3,2018-07-19 08:00:00 +01:00,2018-07-19 09:00:00 +01:00,1,1
GB,http://environment.data.gov.uk/air-quality/so,GB_Network_1,Station_GB1024A,,GB_SamplingPoint_74174,GB_StationProcess_918,GB_SamplingFeature_918,O3,http://dd.eionet.europa.eu/vocabulary/aq/pollutant/7,hour,36.0240799900,µg/m3,2018-07-19 09:00:00 +01:00,2018-07-19 10:00:00 +01:00,1,1
GB,http://environment.data.gov.uk/air-quality/so,GB_Network_1,Station_GB1024A,,GB_SamplingPoint_74174,GB_StationProcess_918,GB_SamplingFeature_918,O3,http://dd.eionet.europa.eu/vocabulary/aq/pollutant/7,hour,57.5495799900,µg/m3,2018-07-19 10:00:00 +01:00,2018-07-19 11:00:00 +01:00,1,1
GB,http://environment.data.gov.uk/air-quality/so,GB_Network_1,Station_GB1024A,,GB_SamplingPoint_74174,GB_StationProcess_918,GB_SamplingFeature_918,O3,http://dd.eionet.europa.eu/vocabulary/aq/pollutant/7,hour,90.4159999900,µg/m3,2018-07-19 13:00:00 +01:00,2018-07-19 14:00:00 +01:00,1,1
GB,http://environment.data.gov.uk/air-quality/so,GB_Network_1,Station_GB1024A,,GB_SamplingPoint_74174,GB_StationProcess_918,GB_SamplingFeature_918,O3,http://dd.eionet.europa.eu/vocabulary/aq/pollutant/7,hour,88.7704499900,µg/m3,2018-07-19 16:00:00 +01:00,2018-07-19 17:00:00 +01:00,1,1
GB,http://environment.data.gov.uk/air-quality/so,GB_Network_1,Station_GB1024A,,GB_SamplingPoint_74174,GB_StationProcess_918,GB_SamplingFeature_918,O3,http://dd.eionet.europa.eu/vocabulary/aq/pollutant/7,hour,90.1936299900,µg/m3,2018-07-19 18:00:00 +01:00,2018-07-19 19:00:00 +01:00,1,1
GB,http://environment.data.gov.uk/air-quality/so,GB_Network_1,Station_GB1024A,,GB_SamplingPoint_74174,GB_StationProcess_918,GB_SamplingFeature_918,O3,http://dd.eionet.europa.eu/vocabulary/aq/pollutant/7,hour,20.2209299900,µg/m3,2018-07-20 02:00:00 +01:00,2018-07-20 03:00:00 +01:00,1,1
GB,http://environment.data.gov.uk/air-quality/so,GB_Network_1,Station_GB1024A,,GB_SamplingPoint_74174,GB_StationProcess_918,GB_SamplingFeature_918,O3,http://dd.eionet.europa.eu/vocabulary/aq/pollutant/7,hour,15.1212199900,µg/m3,2018-07-20 03:00:00 +01:00,2018-07-20 04:00:00 +01:00,1,1
GB,http://environment.data.gov.uk/air-quality/so,GB_Network_1,Station_GB1024A,,GB_SamplingPoint_74174,GB_StationProcess_918,GB_SamplingFeature_918,O3,http://dd.eionet.europa.eu/vocabulary/aq/pollutant/7,hour,19.1238999900,µg/m3,2018-07-20 05:00:00 +01:00,2018-07-20 06:00:00 +01:00,1,1
GB,http://environment.data.gov.uk/air-quality/so,GB_Network_1,Station_GB1024A,,GB_SamplingPoint_74174,GB_StationProcess_918,GB_SamplingFeature_918,O3,http://dd.eionet.europa.eu/vocabulary/aq/pollutant/7,hour,23.7936799900,µg/m3,2018-07-20 06:00:00 +01:00,2018-07-20 07:00:00 +01:00,1,1
GB,http://environment.data.gov.uk/air-quality/so,GB_Network_1,Station_GB1024A,,GB_SamplingPoint_74174,GB_StationProcess_918,GB_SamplingFeature_918,O3,http://dd.eionet.europa.eu/vocabulary/aq/pollutant/7,hour,19.1683699900,µg/m3,2018-07-20 07:00:00 +01:00,2018-07-20 08:00:00 +01:00,1,1
GB,http://environment.data.gov.uk/air-quality/so,GB_Network_1,Station_GB1024A,,GB_SamplingPoint_74174,GB_StationProcess_918,GB_SamplingFeature_918,O3,http://dd.eionet.europa.eu/vocabulary/aq/pollutant/7,hour,23.9271099900,µg/m3,2018-07-20 08:00:00 +01:00,2018-07-20 09:00:00 +01:00,1,1
GB,http://environment.data.gov.uk/air-quality/so,GB_Network_1,Station_GB1024A,,GB_SamplingPoint_74174,GB_StationProcess_918,GB_SamplingFeature_918,O3,http://dd.eionet.europa.eu/vocabulary/aq/pollutant/7,hour,93.8849799900,µg/m3,2018-07-20 15:00:00 +01:00,2018-07-20 16:00:00 +01:00,1,1
GB,http://environment.data.gov.uk/air-quality/so,GB_Network_1,Station_GB1024A,,GB_SamplingPoint_74174,GB_StationProcess_918,GB_SamplingFeature_918,O3,http://dd.eionet.europa.eu/vocabulary/aq/pollutant/7,hour,93.4847199900,µg/m3,2018-07-20 18:00:00 +01:00,2018-07-20 19:00:00 +01:00,1,1
GB,http://environment.data.gov.uk/air-quality/so,GB_Network_1,Station_GB1024A,,GB_SamplingPoint_74174,GB_StationProcess_918,GB_SamplingFeature_918,O3,http://dd.eionet.europa.eu/vocabulary/aq/pollutant/7,hour,105.4482699900,µg/m3,2018-07-20 21:00:00 +01:00,2018-07-20 22:00:00 +01:00,1,1
GB,http://environment.data.gov.uk/air-quality/so,GB_Network_1,Station_GB1024A,,GB_SamplingPoint_74174,GB_StationProcess_918,GB_SamplingFeature_918,O3,http://dd.eionet.europa.eu/vocabulary/aq/pollutant/7,hour,88.6370299900,µg/m3,2018-07-20 23:00:00 +01:00,2018-07-21 00:00:00 +01:00,1,1
GB,http://environment.data.gov.uk/air-quality/so,GB_Network_1,Station_GB1024A,,GB_SamplingPoint_74174,GB_StationProcess_918,GB_SamplingFeature_918,O3,http://dd.eionet.europa.eu/vocabulary/aq/pollutant/7,hour,80.2314099900,µg/m3,2018-07-21 01:00:00 +01:00,2018-07-21 02:00:00 +01:00,1,1
GB,http://environment.data.gov.uk/air-quality/so,GB_Network_1,Station_GB1024A,,GB_SamplingPoint_74174,GB_StationProcess_918,GB_SamplingFeature_918,O3,http://dd.eionet.europa.eu/vocabulary/aq/pollutant/7,hour,45.4970799900,µg/m3,2018-07-21 04:00:00 +01:00,2018-07-21 05:00:00 +01:00,1,1
GB,http://environment.data.gov.uk/air-quality/so,GB_Network_1,Station_GB1024A,,GB_SamplingPoint_74174,GB_StationProcess_918,GB_SamplingFeature_918,O3,http://dd.eionet.europa.eu/vocabulary/aq/pollutant/7,hour,21.7478699900,µg/m3,2018-07-21 06:00:00 +01:00,2018-07-21 07:00:00 +01:00,1,1
GB,http://environment.data.gov.uk/air-quality/so,GB_Network_1,Station_GB1024A,,GB_SamplingPoint_74174,GB_StationProcess_918,GB_SamplingFeature_918,O3,http://dd.eionet.europa.eu/vocabulary/aq/pollutant/7,hour,33.1777299900,µg/m3,2018-07-21 08:00:00 +01:00,2018-07-21 09:00:00 +01:00,1,1
GB,http://environment.data.gov.uk/air-quality/so,GB_Network_1,Station_GB1024A,,GB_SamplingPoint_74174,GB_StationProcess_918,GB_SamplingFeature_918,O3,http://dd.eionet.europa.eu/vocabulary/aq/pollutant/7,hour,89.7044099900,µg/m3,2018-07-21 10:00:00 +01:00,2018-07-21 11:00:00 +01:00,1,1
GB,http://environment.data.gov.uk/air-quality/so,GB_Network_1,Station_GB1024A,,GB_SamplingPoint_74174,GB_StationProcess_918,GB_SamplingFeature_918,O3,http://dd.eionet.europa.eu/vocabulary/aq/pollutant/7,hour,99.4442499900,µg/m3,2018-07-21 11:00:00 +01:00,2018-07-21 12:00:00 +01:00,1,1
GB,http://environment.data.gov.uk/air-quality/so,GB_Network_1,Station_GB1024A,,GB_SamplingPoint_74174,GB_StationProcess_918,GB_SamplingFeature_918,O3,http://dd.eionet.europa.eu/vocabulary/aq/pollutant/7,hour,149.2553299900,µg/m3,2018-07-21 15:00:00 +01:00,2018-07-21 16:00:00 +01:00,1,1
GB,http://environment.data.gov.uk/air-quality/so,GB_Network_1,Station_GB1024A,,GB_SamplingPoint_74174,GB_StationProcess_918,GB_SamplingFeature_918,O3,http://dd.eionet.europa.eu/vocabulary/aq/pollutant/7,hour,164.7768199900,µg/m3,2018-07-21 17:00:00 +01:00,2018-07-21 18:00:00 +01:00,1,1
GB,http://environment.data.gov.uk/air-quality/so,GB_Network_1,Station_GB1024A,,GB_SamplingPoint_74174,GB_StationProcess_918,GB_SamplingFeature_918,O3,http://dd.eionet.europa.eu/vocabulary/aq/pollutant/7,hour,86.7691099900,µg/m3,2018-07-21 23:00:00 +01:00,2018-07-22 00:00:00 +01:00,1,1
GB,http://environment.data.gov.uk/air-quality/so,GB_Network_1,Station_GB1024A,,GB_SamplingPoint_74174,GB_StationProcess_918,GB_SamplingFeature_918,O3,http://dd.eionet.europa.eu/vocabulary/aq/pollutant/7,hour,65.0657199900,µg/m3,2018-07-22 00:00:00 +01:00,2018-07-22 01:00:00 +01:00,1,1
GB,http://environment.data.gov.uk/air-quality/so,GB_Network_1,Station_GB1024A,,GB_SamplingPoint_74174,GB_StationProcess_918,GB_SamplingFeature_918,O3,http://dd.eionet.europa.eu/vocabulary/aq/pollutant/7,hour,46.5496399900,µg/m3,2018-07-22 01:00:00 +01:00,2018-07-22 02:00:00 +01:00,1,1
GB,http://environment.data.gov.uk/air-quality/so,GB_Network_1,Station_GB1024A,,GB_SamplingPoint_74174,GB_StationProcess_918,GB_SamplingFeature_918,O3,http://dd.eionet.europa.eu/vocabulary/aq/pollutant/7,hour,47.2315699900,µg/m3,2018-07-22 09:00:00 +01:00,2018-07-22 10:00:00 +01:00,1,1
GB,http://environment.data.gov.uk/air-quality/so,GB_Network_1,Station_GB1024A,,GB_SamplingPoint_74174,GB_StationProcess_918,GB_SamplingFeature_918,O3,http://dd.eionet.europa.eu/vocabulary/aq/pollutant/7,hour,94.3297199900,µg/m3,2018-07-22 15:00:00 +01:00,2018-07-22 16:00:00 +01:00,1,1
GB,http://environment.data.gov.uk/air-quality/so,GB_Network_1,Station_GB1024A,,GB_SamplingPoint_74174,GB_StationProcess_918,GB_SamplingFeature_918,O3,http://dd.eionet.europa.eu/vocabulary/aq/pollutant/7,hour,93.4847199900,µg/m3,2018-07-22 17:00:00 +01:00,2018-07-22 18:00:00 +01:00,1,1
GB,http://environment.data.gov.uk/air-quality/so,GB_Network_1,Station_GB1024A,,GB_SamplingPoint_74174,GB_StationProcess_918,GB_SamplingFeature_918,O3,http://dd.eionet.europa.eu/vocabulary/aq/pollutant/7,hour,70.9807799900,µg/m3,2018-07-22 20:00:00 +01:00,2018-07-22 21:00:00 +01:00,1,1
GB,http://environment.data.gov.uk/air-quality/so,GB_Network_1,Station_GB1024A,,GB_SamplingPoint_74174,GB_StationProcess_918,GB_SamplingFeature_918,O3,http://dd.eionet.europa.eu/vocabulary/aq/pollutant/7,hour,21.7923499900,µg/m3,2018-07-22 23:00:00 +01:00,2018-07-23 00:00:00 +01:00,1,1
GB,http://environment.data.gov.uk/air-quality/so,GB_Network_1,Station_GB1024A,,GB_SamplingPoint_74174,GB_StationProcess_918,GB_SamplingFeature_918,O3,http://dd.eionet.europa.eu/vocabulary/aq/pollutant/7,hour,118.3902499900,µg/m3,2018-07-25 17:00:00 +01:00,2018-07-25 18:00:00 +01:00,1,1
GB,http://environment.data.gov.uk/air-quality/so,GB_Network_1,Station_GB1024A,,GB_SamplingPoint_74174,GB_StationProcess_918,GB_SamplingFeature_918,O3,http://dd.eionet.europa.eu/vocabulary/aq/pollutant/7,hour,108.6504099900,µg/m3,2018-07-25 19:00:00 +01:00,2018-07-25 20:00:00 +01:00,1,1
GB,http://environment.data.gov.uk/air-quality/so,GB_Network_1,Station_GB1024A,,GB_SamplingPoint_74174,GB_StationProcess_918,GB_SamplingFeature_918,O3,http://dd.eionet.europa.eu/vocabulary/aq/pollutant/7,hour,90.5049499900,µg/m3,2018-07-25 20:00:00 +01:00,2018-07-25 21:00:00 +01:00,1,1
GB,http://environment.data.gov.uk/air-quality/so,GB_Network_1,Station_GB1024A,,GB_SamplingPoint_74174,GB_StationProcess_918,GB_SamplingFeature_918,O3,http://dd.eionet.europa.eu/vocabulary/aq/pollutant/7,hour,54.3919199900,µg/m3,2018-07-25 23:00:00 +01:00,2018-07-26 00:00:00 +01:00,1,1
GB,http://environment.data.gov.uk/air-quality/so,GB_Network_1,Station_GB1024A,,GB_SamplingPoint_74174,GB_StationProcess_918,GB_SamplingFeature_918,O3,http://dd.eionet.europa.eu/vocabulary/aq/pollutant/7,hour,45.4970799900,µg/m3,2018-07-26 00:00:00 +01:00,2018-07-26 01:00:00 +01:00,1,1
GB,http://environment.data.gov.uk/air-quality/so,GB_Network_1,Station_GB1024A,,GB_SamplingPoint_74174,GB_StationProcess_918,GB_SamplingFeature_918,O3,http://dd.eionet.europa.eu/vocabulary/aq/pollutant/7,hour,20.2209299900,µg/m3,2018-07-26 02:00:00 +01:00,2018-07-26 03:00:00 +01:00,1,1
GB,http://environment.data.gov.uk/air-quality/so,GB_Network_1,Station_GB1024A,,GB_SamplingPoint_74174,GB_StationProcess_918,GB_SamplingFeature_918,O3,http://dd.eionet.europa.eu/vocabulary/aq/pollutant/7,hour,22.2370899900,µg/m3,2018-07-26 05:00:00 +01:00,2018-07-26 06:00:00 +01:00,1,1
GB,http://environment.data.gov.uk/air-quality/so,GB_Network_1,Station_GB1024A,,GB_SamplingPoint_74174,GB_StationProcess_918,GB_SamplingFeature_918,O3,http://dd.eionet.europa.eu/vocabulary/aq/pollutant/7,hour,19.7020599900,µg/m3,2018-07-26 06:00:00 +01:00,2018-07-26 07:00:00 +01:00,1,1
GB,http://environment.data.gov.uk/air-quality/so,GB_Network_1,Station_GB1024A,,GB_SamplingPoint_74174,GB_StationProcess_918,GB_SamplingFeature_918,O3,http://dd.eionet.europa.eu/vocabulary/aq/pollutant/7,hour,16.3220199900,µg/m3,2018-07-26 07:00:00 +01:00,2018-07-26 08:00:00 +01:00,1,1
GB,http://environment.data.gov.uk/air-quality/so,GB_Network_1,Station_GB1024A,,GB_SamplingPoint_74174,GB_StationProcess_918,GB_SamplingFeature_918,O3,http://dd.eionet.europa.eu/vocabulary/aq/pollutant/7,hour,28.2410999900,µg/m3,2018-07-26 09:00:00 +01:00,2018-07-26 10:00:00 +01:00,1,1
GB,http://environment.data.gov.uk/air-quality/so,GB_Network_1,Station_GB1024A,,GB_SamplingPoint_74174,GB_StationProcess_918,GB_SamplingFeature_918,O3,http://dd.eionet.europa.eu/vocabulary/aq/pollutant/7,hour,91.9725899900,µg/m3,2018-07-26 11:00:00 +01:00,2018-07-26 12:00:00 +01:00,1,1
GB,http://environment.data.gov.uk/air-quality/so,GB_Network_1,Station_GB1024A,,GB_SamplingPoint_74174,GB_StationProcess_918,GB_SamplingFeature_918,O3,http://dd.eionet.europa.eu/vocabulary/aq/pollutant/7,hour,149.5221799900,µg/m3,2018-07-26 13:00:00 +01:00,2018-07-26 14:00:00 +01:00,1,1
GB,http://environment.data.gov.uk/air-quality/so,GB_Network_1,Station_GB1024A,,GB_SamplingPoint_74174,GB_StationProcess_918,GB_SamplingFeature_918,O3,http://dd.eionet.europa.eu/vocabulary/aq/pollutant/7,hour,111.9859699900,µg/m3,2018-07-26 16:00:00 +01:00,2018-07-26 17:00:00 +01:00,1,1
GB,http://environment.data.gov.uk/air-quality/so,GB_Network_1,Station_GB1024A,,GB_SamplingPoint_74174,GB_StationProcess_918,GB_SamplingFeature_918,O3,http://dd.eionet.europa.eu/vocabulary/aq/pollutant/7,hour,72.0481599900,µg/m3,2018-07-26 23:00:00 +01:00,2018-07-27 00:00:00 +01:00,1,1
GB,http://environment.data.gov.uk/air-quality/so,GB_Network_1,Station_GB1024A,,GB_SamplingPoint_74174,GB_StationProcess_918,GB_SamplingFeature_918,O3,http://dd.eionet.europa.eu/vocabulary/aq/pollutant/7,hour,58.6169599900,µg/m3,2018-07-27 00:00:00 +01:00,2018-07-27 01:00:00 +01:00,1,1
GB,http://environment.data.gov.uk/air-quality/so,GB_Network_1,Station_GB1024A,,GB_SamplingPoint_74174,GB_StationProcess_918,GB_SamplingFeature_918,O3,http://dd.eionet.europa.eu/vocabulary/aq/pollutant/7,hour,41.8946699900,µg/m3,2018-07-27 05:00:00 +01:00,2018-07-27 06:00:00 +01:00,1,1
GB,http://environment.data.gov.uk/air-quality/so,GB_Network_1,Station_GB1024A,,GB_SamplingPoint_74174,GB_StationProcess_918,GB_SamplingFeature_918,O3,http://dd.eionet.europa.eu/vocabulary/aq/pollutant/7,hour,34.8232799900,µg/m3,2018-07-27 07:00:00 +01:00,2018-07-27 08:00:00 +01:00,1,1
GB,http://environment.data.gov.uk/air-quality/so,GB_Network_1,Station_GB1024A,,GB_SamplingPoint_74174,GB_StationProcess_918,GB_SamplingFeature_918,O3,http://dd.eionet.europa.eu/vocabulary/aq/pollutant/7,hour,85.7906799900,µg/m3,2018-07-27 11:00:00 +01:00,2018-07-27 12:00:00 +01:00,1,1
GB,http://environment.data.gov.uk/air-quality/so,GB_Network_1,Station_GB1024A,,GB_SamplingPoint_74174,GB_StationProcess_918,GB_SamplingFeature_918,O3,http://dd.eionet.europa.eu/vocabulary/aq/pollutant/7,hour,94.3297199900,µg/m3,2018-07-27 12:00:00 +01:00,2018-07-27 13:00:00 +01:00,1,1
GB,http://environment.data.gov.uk/air-quality/so,GB_Network_1,Station_GB1024A,,GB_SamplingPoint_74174,GB_StationProcess_918,GB_SamplingFeature_918,O3,http://dd.eionet.europa.eu/vocabulary/aq/pollutant/7,hour,119.4576299900,µg/m3,2018-07-27 13:00:00 +01:00,2018-07-27 14:00:00 +01:00,1,1
GB,http://environment.data.gov.uk/air-quality/so,GB_Network_1,Station_GB1024A,,GB_SamplingPoint_74174,GB_StationProcess_918,GB_SamplingFeature_918,O3,http://dd.eionet.europa.eu/vocabulary/aq/pollutant/7,hour,147.8321599900,µg/m3,2018-07-27 15:00:00 +01:00,2018-07-27 16:00:00 +01:00,1,1
GB,http://environment.data.gov.uk/air-quality/so,GB_Network_1,Station_GB1024A,,GB_SamplingPoint_74174,GB_StationProcess_918,GB_SamplingFeature_918,O3,http://dd.eionet.europa.eu/vocabulary/aq/pollutant/7,hour,81.2987899900,µg/m3,2018-07-27 17:00:00 +01:00,2018-07-27 18:00:00 +01:00,1,1
GB,http://environment.data.gov.uk/air-quality/so,GB_Network_1,Station_GB1024A,,GB_SamplingPoint_74174,GB_StationProcess_918,GB_SamplingFeature_918,O3,http://dd.eionet.europa.eu/vocabulary/aq/pollutant/7,hour,49.0105399900,µg/m3,2018-07-27 20:00:00 +01:00,2018-07-27 21:00:00 +01:00,1,1
GB,http://environment.data.gov.uk/air-quality/so,GB_Network_1,Station_GB1024A,,GB_SamplingPoint_74174,GB_StationProcess_918,GB_SamplingFeature_918,O3,http://dd.eionet.europa.eu/vocabulary/aq/pollutant/7,hour,37.2248799900,µg/m3,2018-07-27 21:00:00 +01:00,2018-07-27 22:00:00 +01:00,1,1
GB,http://environment.data.gov.uk/air-quality/so,GB_Network_1,Station_GB1024A,,GB_SamplingPoint_74174,GB_StationProcess_918,GB_SamplingFeature_918,O3,http://dd.eionet.europa.eu/vocabulary/aq/pollutant/7,hour,22.7707799900,µg/m3,2018-07-27 22:00:00 +01:00,2018-07-27 23:00:00 +01:00,1,1
GB,http://environment.data.gov.uk/air-quality/so,GB_Network_1,Station_GB1024A,,GB_SamplingPoint_74174,GB_StationProcess_918,GB_SamplingFeature_918,O3,http://dd.eionet.europa.eu/vocabulary/aq/pollutant/7,hour,39.0927999900,µg/m3,2018-07-28 00:00:00 +01:00,2018-07-28 01:00:00 +01:00,1,1
GB,http://environment.data.gov.uk/air-quality/so,GB_Network_1,Station_GB1024A,,GB_SamplingPoint_74174,GB_StationProcess_918,GB_SamplingFeature_918,O3,http://dd.eionet.europa.eu/vocabulary/aq/pollutant/7,hour,45.5415599900,µg/m3,2018-07-28 02:00:00 +01:00,2018-07-28 03:00:00 +01:00,1,1
GB,http://environment.data.gov.uk/air-quality/so,GB_Network_1,Station_GB1024A,,GB_SamplingPoint_74174,GB_StationProcess_918,GB_SamplingFeature_918,O3,http://dd.eionet.europa.eu/vocabulary/aq/pollutant/7,hour,45.6304999900,µg/m3,2018-07-28 04:00:00 +01:00,2018-07-28 05:00:00 +01:00,1,1
GB,http://environment.data.gov.uk/air-quality/so,GB_Network_1,Station_GB1024A,,GB_SamplingPoint_74174,GB_StationProcess_918,GB_SamplingFeature_918,O3,http://dd.eionet.europa.eu/vocabulary/aq/pollutant/7,hour,55.1479799900,µg/m3,2018-07-28 07:00:00 +01:00,2018-07-28 08:00:00 +01:00,1,1
GB,http://environment.data.gov.uk/air-quality/so,GB_Network_1,Station_GB1024A,,GB_SamplingPoint_74174,GB_StationProcess_918,GB_SamplingFeature_918,O3,http://dd.eionet.europa.eu/vocabulary/aq/pollutant/7,hour,58.8838099900,µg/m3,2018-07-28 10:00:00 +01:00,2018-07-28 11:00:00 +01:00,1,1
GB,http://environment.data.gov.uk/air-quality/so,GB_Network_1,Station_GB1024A,,GB_SamplingPoint_74174,GB_StationProcess_918,GB_SamplingFeature_918,O3,http://dd.eionet.europa.eu/vocabulary/aq/pollutant/7,hour,70.1357699900,µg/m3,2018-07-28 14:00:00 +01:00,2018-07-28 15:00:00 +01:00,1,1
GB,http://environment.data.gov.uk/air-quality/so,GB_Network_1,Station_GB1024A,,GB_SamplingPoint_74174,GB_StationProcess_918,GB_SamplingFeature_918,O3,http://dd.eionet.europa.eu/vocabulary/aq/pollutant/7,hour,69.6910299900,µg/m3,2018-07-28 15:00:00 +01:00,2018-07-28 16:00:00 +01:00,1,1
GB,http://environment.data.gov.uk/air-quality/so,GB_Network_1,Station_GB1024A,,GB_SamplingPoint_74174,GB_StationProcess_918,GB_SamplingFeature_918,O3,http://dd.eionet.europa.eu/vocabulary/aq/pollutant/7,hour,68.1344399900,µg/m3,2018-07-28 16:00:00 +01:00,2018-07-28 17:00:00 +01:00,1,1
GB,http://environment.data.gov.uk/air-quality/so,GB_Network_1,Station_GB1024A,,GB_SamplingPoint_74174,GB_StationProcess_918,GB_SamplingFeature_918,O3,http://dd.eionet.europa.eu/vocabulary/aq/pollutant/7,hour,63.6870199900,µg/m3,2018-07-28 18:00:00 +01:00,2018-07-28 19:00:00 +01:00,1,1
GB,http://environment.data.gov.uk/air-quality/so,GB_Network_1,Station_GB1024A,,GB_SamplingPoint_74174,GB_StationProcess_918,GB_SamplingFeature_918,O3,http://dd.eionet.europa.eu/vocabulary/aq/pollutant/7,hour,60.0846099900,µg/m3,2018-07-28 20:00:00 +01:00,2018-07-28 21:00:00 +01:00,1,1
GB,http://environment.data.gov.uk/air-quality/so,GB_Network_1,Station_GB1024A,,GB_SamplingPoint_74174,GB_StationProcess_918,GB_SamplingFeature_918,O3,http://dd.eionet.europa.eu/vocabulary/aq/pollutant/7,hour,58.6169599900,µg/m3,2018-07-28 21:00:00 +01:00,2018-07-28 22:00:00 +01:00,1,1
GB,http://environment.data.gov.uk/air-quality/so,GB_Network_1,Station_GB1024A,,GB_SamplingPoint_74174,GB_StationProcess_918,GB_SamplingFeature_918,O3,http://dd.eionet.europa.eu/vocabulary/aq/pollutant/7,hour,51.3528499900,µg/m3,2018-07-29 01:00:00 +01:00,2018-07-29 02:00:00 +01:00,1,1
GB,http://environment.data.gov.uk/air-quality/so,GB_Network_1,Station_GB1024A,,GB_SamplingPoint_74174,GB_StationProcess_918,GB_SamplingFeature_918,O3,http://dd.eionet.europa.eu/vocabulary/aq/pollutant/7,hour,51.5455699900,µg/m3,2018-07-29 05:00:00 +01:00,2018-07-29 06:00:00 +01:00,1,1
GB,http://environment.data.gov.uk/air-quality/so,GB_Network_1,Station_GB1024A,,GB_SamplingPoint_74174,GB_StationProcess_918,GB_SamplingFeature_918,O3,http://dd.eionet.europa.eu/vocabulary/aq/pollutant/7,hour,54.3919199900,µg/m3,2018-07-29 08:00:00 +01:00,2018-07-29 09:00:00 +01:00,1,1
GB,http://environment.data.gov.uk/air-quality/so,GB_Network_1,Station_GB1024A,,GB_SamplingPoint_74174,GB_StationProcess_918,GB_SamplingFeature_918,O3,http://dd.eionet.europa.eu/vocabulary/aq/pollutant/7,hour,43.5402199900,µg/m3,2018-07-29 10:00:00 +01:00,2018-07-29 11:00:00 +01:00,1,1
GB,http://environment.data.gov.uk/air-quality/so,GB_Network_1,Station_GB1024A,,GB_SamplingPoint_74174,GB_StationProcess_918,GB_SamplingFeature_918,O3,http://dd.eionet.europa.eu/vocabulary/aq/pollutant/7,hour,45.6749799900,µg/m3,2018-07-29 12:00:00 +01:00,2018-07-29 13:00:00 +01:00,1,1
GB,http://environment.data.gov.uk/air-quality/so,GB_Network_1,Station_GB1024A,,GB_SamplingPoint_74174,GB_StationProcess_918,GB_SamplingFeature_918,O3,http://dd.eionet.europa.eu/vocabulary/aq/pollutant/7,hour,46.6978799900,µg/m3,2018-07-29 13:00:00 +01:00,2018-07-29 14:00:00 +01:00,1,1
GB,http://environment.data.gov.uk/air-quality/so,GB_Network_1,Station_GB1024A,,GB_SamplingPoint_74174,GB_StationProcess_918,GB_SamplingFeature_918,O3,http://dd.eionet.europa.eu/vocabulary/aq/pollutant/7,hour,45.4970799900,µg/m3,2018-07-29 14:00:00 +01:00,2018-07-29 15:00:00 +01:00,1,1
GB,http://environment.data.gov.uk/air-quality/so,GB_Network_1,Station_GB1024A,,GB_SamplingPoint_74174,GB_StationProcess_918,GB_SamplingFeature_918,O3,http://dd.eionet.europa.eu/vocabulary/aq/pollutant/7,hour,38.8704299900,µg/m3,2018-07-29 17:00:00 +01:00,2018-07-29 18:00:00 +01:00,1,1
GB,http://environment.data.gov.uk/air-quality/so,GB_Network_1,Station_GB1024A,,GB_SamplingPoint_74174,GB_StationProcess_918,GB_SamplingFeature_918,O3,http://dd.eionet.europa.eu/vocabulary/aq/pollutant/7,hour,24.9055399900,µg/m3,2018-07-29 20:00:00 +01:00,2018-07-29 21:00:00 +01:00,1,1
GB,http://environment.data.gov.uk/air-quality/so,GB_Network_1,Station_GB1024A,,GB_SamplingPoint_74174,GB_StationProcess_918,GB_SamplingFeature_918,O3,http://dd.eionet.europa.eu/vocabulary/aq/pollutant/7,hour,25.5726499900,µg/m3,2018-07-29 21:00:00 +01:00,2018-07-29 22:00:00 +01:00,1,1
GB,http://environment.data.gov.uk/air-quality/so,GB_Network_1,Station_GB1024A,,GB_SamplingPoint_74174,GB_StationProcess_918,GB_SamplingFeature_918,O3,http://dd.eionet.europa.eu/vocabulary/aq/pollutant/7,hour,23.4230699900,µg/m3,2018-07-30 02:00:00 +01:00,2018-07-30 03:00:00 +01:00,1,1
GB,http://environment.data.gov.uk/air-quality/so,GB_Network_1,Station_GB1024A,,GB_SamplingPoint_74174,GB_StationProcess_918,GB_SamplingFeature_918,O3,http://dd.eionet.europa.eu/vocabulary/aq/pollutant/7,hour,19.1238999900,µg/m3,2018-07-30 05:00:00 +01:00,2018-07-30 06:00:00 +01:00,1,1
GB,http://environment.data.gov.uk/air-quality/so,GB_Network_1,Station_GB1024A,,GB_SamplingPoint_74174,GB_StationProcess_918,GB_SamplingFeature_918,O3,http://dd.eionet.europa.eu/vocabulary/aq/pollutant/7,hour,18.5457299900,µg/m3,2018-07-30 06:00:00 +01:00,2018-07-30 07:00:00 +01:00,1,1
GB,http://environment.data.gov.uk/air-quality/so,GB_Network_1,Station_GB1024A,,GB_SamplingPoint_74174,GB_StationProcess_918,GB_SamplingFeature_918,O3,http://dd.eionet.europa.eu/vocabulary/aq/pollutant/7,hour,48.3434299900,µg/m3,2018-07-30 16:00:00 +01:00,2018-07-30 17:00:00 +01:00,1,1
GB,http://environment.data.gov.uk/air-quality/so,GB_Network_1,Station_GB1024A,,GB_SamplingPoint_74174,GB_StationProcess_918,GB_SamplingFeature_918,O3,http://dd.eionet.europa.eu/vocabulary/aq/pollutant/7,hour,48.7436999900,µg/m3,2018-07-30 17:00:00 +01:00,2018-07-30 18:00:00 +01:00,1,1
GB,http://environment.data.gov.uk/air-quality/so,GB_Network_1,Station_GB1024A,,GB_SamplingPoint_74174,GB_StationProcess_918,GB_SamplingFeature_918,O3,http://dd.eionet.europa.eu/vocabulary/aq/pollutant/7,hour,45.0968099900,µg/m3,2018-07-30 18:00:00 +01:00,2018-07-30 19:00:00 +01:00,1,1
GB,http://environment.data.gov.uk/air-quality/so,GB_Network_1,Station_GB1024A,,GB_SamplingPoint_74174,GB_StationProcess_918,GB_SamplingFeature_918,O3,http://dd.eionet.europa.eu/vocabulary/aq/pollutant/7,hour,36.9580399900,µg/m3,2018-07-30 22:00:00 +01:00,2018-07-30 23:00:00 +01:00,1,1
GB,http://environment.data.gov.uk/air-quality/so,GB_Network_1,Station_GB1024A,,GB_SamplingPoint_74174,GB_StationProcess_918,GB_SamplingFeature_918,O3,http://dd.eionet.europa.eu/vocabulary/aq/pollutant/7,hour,36.0240799900,µg/m3,2018-07-30 23:00:00 +01:00,2018-07-31 00:00:00 +01:00,1,1
GB,http://environment.data.gov.uk/air-quality/so,GB_Network_1,Station_GB1024A,,GB_SamplingPoint_74174,GB_StationProcess_918,GB_SamplingFeature_918,O3,http://dd.eionet.europa.eu/vocabulary/aq/pollutant/7,hour,31.8435099900,µg/m3,2018-07-31 02:00:00 +01:00,2018-07-31 03:00:00 +01:00,1,1
GB,http://environment.data.gov.uk/air-quality/so,GB_Network_1,Station_GB1024A,,GB_SamplingPoint_74174,GB_StationProcess_918,GB_SamplingFeature_918,O3,http://dd.eionet.europa.eu/vocabulary/aq/pollutant/7,hour,22.3260399900,µg/m3,2018-07-31 04:00:00 +01:00,2018-07-31 05:00:00 +01:00,1,1
GB,http://environment.data.gov.uk/air-quality/so,GB_Network_1,Station_GB1024A,,GB_SamplingPoint_74174,GB_StationProcess_918,GB_SamplingFeature_918,O3,http://dd.eionet.europa.eu/vocabulary/aq/pollutant/7,hour,17.5228299900,µg/m3,2018-07-31 06:00:00 +01:00,2018-07-31 07:00:00 +01:00,1,1
GB,http://environment.data.gov.uk/air-quality/so,GB_Network_1,Station_GB1024A,,GB_SamplingPoint_74174,GB_StationProcess_918,GB_SamplingFeature_918,O3,http://dd.eionet.europa.eu/vocabulary/aq/pollutant/7,hour,56.7490499900,µg/m3,2018-07-31 10:00:00 +01:00,2018-07-31 11:00:00 +01:00,1,1
GB,http://environment.data.gov.uk/air-quality/so,GB_Network_1,Station_GB1024A,,GB_SamplingPoint_74174,GB_StationProcess_918,GB_SamplingFeature_918,O3,http://dd.eionet.europa.eu/vocabulary/aq/pollutant/7,hour,61.5522599900,µg/m3,2018-07-31 12:00:00 +01:00,2018-07-31 13:00:00 +01:00,1,1
GB,http://environment.data.gov.uk/air-quality/so,GB_Network_1,Station_GB1024A,,GB_SamplingPoint_74174,GB_StationProcess_918,GB_SamplingFeature_918,O3,http://dd.eionet.europa.eu/vocabulary/aq/pollutant/7,hour,72.9821199900,µg/m3,2018-07-31 13:00:00 +01:00,2018-07-31 14:00:00 +01:00,1,1
GB,http://environment.data.gov.uk/air-quality/so,GB_Network_1,Station_GB1024A,,GB_SamplingPoint_74174,GB_StationProcess_918,GB_SamplingFeature_918,O3,http://dd.eionet.europa.eu/vocabulary/aq/pollutant/7,hour,80.3203599900,µg/m3,2018-07-31 15:00:00 +01:00,2018-07-31 16:00:00 +01:00,1,1
GB,http://environment.data.gov.uk/air-quality/so,GB_Network_1,Station_GB1024A,,GB_SamplingPoint_74174,GB_StationProcess_918,GB_SamplingFeature_918,O3,http://dd.eionet.europa.eu/vocabulary/aq/pollutant/7,hour,66.6223099900,µg/m3,2018-07-31 20:00:00 +01:00,2018-07-31 21:00:00 +01:00,1,1
GB,http://environment.data.gov.uk/air-quality/so,GB_Network_1,Station_GB1024A,,GB_SamplingPoint_74174,GB_StationProcess_918,GB_SamplingFeature_918,O3,http://dd.eionet.europa.eu/vocabulary/aq/pollutant/7,hour,52.4350499900,µg/m3,2018-07-31 22:00:00 +01:00,2018-07-31 23:00:00 +01:00,1,1
GB,http://environment.data.gov.uk/air-quality/so,GB_Network_1,Station_GB1024A,,GB_SamplingPoint_74174,GB_StationProcess_918,GB_SamplingFeature_918,O3,http://dd.eionet.europa.eu/vocabulary/aq/pollutant/7,hour,12.1859199900,µg/m3,2018-08-01 07:00:00 +01:00,2018-08-01 08:00:00 +01:00,1,1
GB,http://environment.data.gov.uk/air-quality/so,GB_Network_1,Station_GB1024A,,GB_SamplingPoint_74174,GB_StationProcess_918,GB_SamplingFeature_918,O3,http://dd.eionet.europa.eu/vocabulary/aq/pollutant/7,hour,22.3705099900,µg/m3,2018-08-01 08:00:00 +01:00,2018-08-01 09:00:00 +01:00,1,1
GB,http://environment.data.gov.uk/air-quality/so,GB_Network_1,Station_GB1024A,,GB_SamplingPoint_74174,GB_StationProcess_918,GB_SamplingFeature_918,O3,http://dd.eionet.europa.eu/vocabulary/aq/pollutant/7,hour,45.8083999900,µg/m3,2018-08-01 09:00:00 +01:00,2018-08-01 10:00:00 +01:00,1,1
GB,http://environment.data.gov.uk/air-quality/so,GB_Network_1,Station_GB1024A,,GB_SamplingPoint_74174,GB_StationProcess_918,GB_SamplingFeature_918,O3,http://dd.eionet.europa.eu/vocabulary/aq/pollutant/7,hour,66.7112599900,µg/m3,2018-08-01 12:00:00 +01:00,2018-08-01 13:00:00 +01:00,1,1
GB,http://environment.data.gov.uk/air-quality/so,GB_Network_1,Station_GB1024A,,GB_SamplingPoint_74174,GB_StationProcess_918,GB_SamplingFeature_918,O3,http://dd.eionet.europa.eu/vocabulary/aq/pollutant/7,hour,78.8971899900,µg/m3,2018-08-01 13:00:00 +01:00,2018-08-01 14:00:00 +01:00,1,1
GB,http://environment.data.gov.uk/air-quality/so,GB_Network_1,Station_GB1024A,,GB_SamplingPoint_74174,GB_StationProcess_918,GB_SamplingFeature_918,O3,http://dd.eionet.europa.eu/vocabulary/aq/pollutant/7,hour,87.2138599900,µg/m3,2018-08-01 14:00:00 +01:00,2018-08-01 15:00:00 +01:00,1,1
GB,http://environment.data.gov.uk/air-quality/so,GB_Network_1,Station_GB1024A,,GB_SamplingPoint_74174,GB_StationProcess_918,GB_SamplingFeature_918,O3,http://dd.eionet.europa.eu/vocabulary/aq/pollutant/7,hour,98.9550399900,µg/m3,2018-08-01 16:00:00 +01:00,2018-08-01 17:00:00 +01:00,1,1
GB,http://environment.data.gov.uk/air-quality/so,GB_Network_1,Station_GB1024A,,GB_SamplingPoint_74174,GB_StationProcess_918,GB_SamplingFeature_918,O3,http://dd.eionet.europa.eu/vocabulary/aq/pollutant/7,hour,32.8664199900,µg/m3,2018-08-02 03:00:00 +01:00,2018-08-02 04:00:00 +01:00,1,1
GB,http://environment.data.gov.uk/air-quality/so,GB_Network_1,Station_GB1024A,,GB_SamplingPoint_74174,GB_StationProcess_918,GB_SamplingFeature_918,O3,http://dd.eionet.europa.eu/vocabulary/aq/pollutant/7,hour,27.5295099900,µg/m3,2018-08-02 05:00:00 +01:00,2018-08-02 06:00:00 +01:00,1,1
GB,http://environment.data.gov.uk/air-quality/so,GB_Network_1,Station_GB1024A,,GB_SamplingPoint_74174,GB_StationProcess_918,GB_SamplingFeature_918,O3,http://dd.eionet.europa.eu/vocabulary/aq/pollutant/7,hour,29.2640099900,µg/m3,2018-08-02 07:00:00 +01:00,2018-08-02 08:00:00 +01:00,1,1
GB,http://environment.data.gov.uk/air-quality/so,GB_Network_1,Station_GB1024A,,GB_SamplingPoint_74174,GB_StationProcess_918,GB_SamplingFeature_918,O3,http://dd.eionet.europa.eu/vocabulary/aq/pollutant/7,hour,72.6263299900,µg/m3,2018-08-07 11:00:00 +01:00,2018-08-07 12:00:00 +01:00,1,1
GB,http://environment.data.gov.uk/air-quality/so,GB_Network_1,Station_GB1024A,,GB_SamplingPoint_74174,GB_StationProcess_918,GB_SamplingFeature_918,O3,http://dd.eionet.europa.eu/vocabulary/aq/pollutant/7,hour,85.5683099900,µg/m3,2018-08-07 12:00:00 +01:00,2018-08-07 13:00:00 +01:00,1,1
GB,http://environment.data.gov.uk/air-quality/so,GB_Network_1,Station_GB1024A,,GB_SamplingPoint_74174,GB_StationProcess_918,GB_SamplingFeature_918,O3,http://dd.eionet.europa.eu/vocabulary/aq/pollutant/7,hour,97.0871199900,µg/m3,2018-08-07 16:00:00 +01:00,2018-08-07 17:00:00 +01:00,1,1
GB,http://environment.data.gov.uk/air-quality/so,GB_Network_1,Station_GB1024A,,GB_SamplingPoint_74174,GB_StationProcess_918,GB_SamplingFeature_918,O3,http://dd.eionet.europa.eu/vocabulary/aq/pollutant/7,hour,98.1100299900,µg/m3,2018-08-07 18:00:00 +01:00,2018-08-07 19:00:00 +01:00,1,1
GB,http://environment.data.gov.uk/air-quality/so,GB_Network_1,Station_GB1024A,,GB_SamplingPoint_74174,GB_StationProcess_918,GB_SamplingFeature_918,O3,http://dd.eionet.europa.eu/vocabulary/aq/pollutant/7,hour,66.2220499900,µg/m3,2018-08-07 22:00:00 +01:00,2018-08-07 23:00:00 +01:00,1,1
GB,http://environment.data.gov.uk/air-quality/so,GB_Network_1,Station_GB1024A,,GB_SamplingPoint_74174,GB_StationProcess_918,GB_SamplingFeature_918,O3,http://dd.eionet.europa.eu/vocabulary/aq/pollutant/7,hour,30.8650799900,µg/m3,2018-08-08 03:00:00 +01:00,2018-08-08 04:00:00 +01:00,1,1
GB,http://environment.data.gov.uk/air-quality/so,GB_Network_1,Station_GB1024A,,GB_SamplingPoint_74174,GB_StationProcess_918,GB_SamplingFeature_918,O3,http://dd.eionet.europa.eu/vocabulary/aq/pollutant/7,hour,43.4957399900,µg/m3,2018-08-08 06:00:00 +01:00,2018-08-08 07:00:00 +01:00,1,1
GB,http://environment.data.gov.uk/air-quality/so,GB_Network_1,Station_GB1024A,,GB_SamplingPoint_74174,GB_StationProcess_918,GB_SamplingFeature_918,O3,http://dd.eionet.europa.eu/vocabulary/aq/pollutant/7,hour,46.6089399900,µg/m3,2018-08-08 11:00:00 +01:00,2018-08-08 12:00:00 +01:00,1,1
GB,http://environment.data.gov.uk/air-quality/so,GB_Network_1,Station_GB1024A,,GB_SamplingPoint_74174,GB_StationProcess_918,GB_SamplingFeature_918,O3,http://dd.eionet.europa.eu/vocabulary/aq/pollutant/7,hour,49.5887099900,µg/m3,2018-08-08 12:00:00 +01:00,2018-08-08 13:00:00 +01:00,1,1
GB,http://environment.data.gov.uk/air-quality/so,GB_Network_1,Station_GB1024A,,GB_SamplingPoint_74174,GB_StationProcess_918,GB_SamplingFeature_918,O3,http://dd.eionet.europa.eu/vocabulary/aq/pollutant/7,hour,62.9309599900,µg/m3,2018-08-08 17:00:00 +01:00,2018-08-08 18:00:00 +01:00,1,1
GB,http://environment.data.gov.uk/air-quality/so,GB_Network_1,Station_GB1024A,,GB_SamplingPoint_74174,GB_StationProcess_918,GB_SamplingFeature_918,O3,http://dd.eionet.europa.eu/vocabulary/aq/pollutant/7,hour,63.8649199900,µg/m3,2018-08-08 18:00:00 +01:00,2018-08-08 19:00:00 +01:00,1,1
GB,http://environment.data.gov.uk/air-quality/so,GB_Network_1,Station_GB1024A,,GB_SamplingPoint_74174,GB_StationProcess_918,GB_SamplingFeature_918,O3,http://dd.eionet.europa.eu/vocabulary/aq/pollutant/7,hour,37.0914599900,µg/m3,2018-08-09 00:00:00 +01:00,2018-08-09 01:00:00 +01:00,1,1
GB,http://environment.data.gov.uk/air-quality/so,GB_Network_1,Station_GB1024A,,GB_SamplingPoint_74174,GB_StationProcess_918,GB_SamplingFeature_918,O3,http://dd.eionet.europa.eu/vocabulary/aq/pollutant/7,hour,37.0914599900,µg/m3,2018-08-09 03:00:00 +01:00,2018-08-09 04:00:00 +01:00,1,1
GB,http://environment.data.gov.uk/air-quality/so,GB_Network_1,Station_GB1024A,,GB_SamplingPoint_74174,GB_StationProcess_918,GB_SamplingFeature_918,O3,http://dd.eionet.europa.eu/vocabulary/aq/pollutant/7,hour,14.3206799900,µg/m3,2018-08-09 06:00:00 +01:00,2018-08-09 07:00:00 +01:00,1,1
GB,http://environment.data.gov.uk/air-quality/so,GB_Network_1,Station_GB1024A,,GB_SamplingPoint_74174,GB_StationProcess_918,GB_SamplingFeature_918,O3,http://dd.eionet.europa.eu/vocabulary/aq/pollutant/7,hour,12.4527699900,µg/m3,2018-08-09 15:00:00 +01:00,2018-08-09 16:00:00 +01:00,1,1
GB,http://environment.data.gov.uk/air-quality/so,GB_Network_1,Station_GB1024A,,GB_SamplingPoint_74174,GB_StationProcess_918,GB_SamplingFeature_918,O3,http://dd.eionet.europa.eu/vocabulary/aq/pollutant/7,hour,3.0242399900,µg/m3,2018-08-09 20:00:00 +01:00,2018-08-09 21:00:00 +01:00,2,1
GB,http://environment.data.gov.uk/air-quality/so,GB_Network_1,Station_GB1024A,,GB_SamplingPoint_74174,GB_StationProcess_918,GB_SamplingFeature_918,O3,http://dd.eionet.europa.eu/vocabulary/aq/pollutant/7,hour,9.3395799900,µg/m3,2018-08-09 21:00:00 +01:00,2018-08-09 22:00:00 +01:00,1,1
GB,http://environment.data.gov.uk/air-quality/so,GB_Network_1,Station_GB1024A,,GB_SamplingPoint_74174,GB_StationProcess_918,GB_SamplingFeature_918,O3,http://dd.eionet.europa.eu/vocabulary/aq/pollutant/7,hour,9.7843199900,µg/m3,2018-08-10 04:00:00 +01:00,2018-08-10 05:00:00 +01:00,1,1
GB,http://environment.data.gov.uk/air-quality/so,GB_Network_1,Station_GB1024A,,GB_SamplingPoint_74174,GB_StationProcess_918,GB_SamplingFeature_918,O3,http://dd.eionet.europa.eu/vocabulary/aq/pollutant/7,hour,17.5228299900,µg/m3,2018-08-10 06:00:00 +01:00,2018-08-10 07:00:00 +01:00,1,1
GB,http://environment.data.gov.uk/air-quality/so,GB_Network_1,Station_GB1024A,,GB_SamplingPoint_74174,GB_StationProcess_918,GB_SamplingFeature_918,O3,http://dd.eionet.europa.eu/vocabulary/aq/pollutant/7,hour,19.7020599900,µg/m3,2018-08-10 07:00:00 +01:00,2018-08-10 08:00:00 +01:00,1,1
GB,http://environment.data.gov.uk/air-quality/so,GB_Network_1,Station_GB1024A,,GB_SamplingPoint_74174,GB_StationProcess_918,GB_SamplingFeature_918,O3,http://dd.eionet.europa.eu/vocabulary/aq/pollutant/7,hour,21.2141799900,µg/m3,2018-08-10 08:00:00 +01:00,2018-08-10 09:00:00 +01:00,1,1
GB,http://environment.data.gov.uk/air-quality/so,GB_Network_1,Station_GB1024A,,GB_SamplingPoint_74174,GB_StationProcess_918,GB_SamplingFeature_918,O3,http://dd.eionet.europa.eu/vocabulary/aq/pollutant/7,hour,29.6642699900,µg/m3,2018-08-10 09:00:00 +01:00,2018-08-10 10:00:00 +01:00,1,1
GB,http://environment.data.gov.uk/air-quality/so,GB_Network_1,Station_GB1024A,,GB_SamplingPoint_74174,GB_StationProcess_918,GB_SamplingFeature_918,O3,http://dd.eionet.europa.eu/vocabulary/aq/pollutant/7,hour,33.4890499900,µg/m3,2018-08-10 10:00:00 +01:00,2018-08-10 11:00:00 +01:00,1,1
GB,http://environment.data.gov.uk/air-quality/so,GB_Network_1,Station_GB1024A,,GB_SamplingPoint_74174,GB_StationProcess_918,GB_SamplingFeature_918,O3,http://dd.eionet.europa.eu/vocabulary/aq/pollutant/7,hour,35.5348699900,µg/m3,2018-08-10 13:00:00 +01:00,2018-08-10 14:00:00 +01:00,1,1
GB,http://environment.data.gov.uk/air-quality/so,GB_Network_1,Station_GB1024A,,GB_SamplingPoint_74174,GB_StationProcess_918,GB_SamplingFeature_918,O3,http://dd.eionet.europa.eu/vocabulary/aq/pollutant/7,hour,26.5510799900,µg/m3,2018-08-10 15:00:00 +01:00,2018-08-10 16:00:00 +01:00,1,1
GB,http://environment.data.gov.uk/air-quality/so,GB_Network_1,Station_GB1024A,,GB_SamplingPoint_74174,GB_StationProcess_918,GB_SamplingFeature_918,O3,http://dd.eionet.europa.eu/vocabulary/aq/pollutant/7,hour,29.2195299900,µg/m3,2018-08-10 16:00:00 +01:00,2018-08-10 17:00:00 +01:00,1,1
GB,http://environment.data.gov.uk/air-quality/so,GB_Network_1,Station_GB1024A,,GB_SamplingPoint_74174,GB_StationProcess_918,GB_SamplingFeature_918,O3,http://dd.eionet.europa.eu/vocabulary/aq/pollutant/7,hour,37.2248799900,µg/m3,2018-08-10 20:00:00 +01:00,2018-08-10 21:00:00 +01:00,1,1
GB,http://environment.data.gov.uk/air-quality/so,GB_Network_1,Station_GB1024A,,GB_SamplingPoint_74174,GB_StationProcess_918,GB_SamplingFeature_918,O3,http://dd.eionet.europa.eu/vocabulary/aq/pollutant/7,hour,28.7303199900,µg/m3,2018-08-10 22:00:00 +01:00,2018-08-10 23:00:00 +01:00,1,1
GB,http://environment.data.gov.uk/air-quality/so,GB_Network_1,Station_GB1024A,,GB_SamplingPoint_74174,GB_StationProcess_918,GB_SamplingFeature_918,O3,http://dd.eionet.europa.eu/vocabulary/aq/pollutant/7,hour,16.8557099900,µg/m3,2018-08-10 23:00:00 +01:00,2018-08-11 00:00:00 +01:00,1,1
GB,http://environment.data.gov.uk/air-quality/so,GB_Network_1,Station_GB1024A,,GB_SamplingPoint_74174,GB_StationProcess_918,GB_SamplingFeature_918,O3,http://dd.eionet.europa.eu/vocabulary/aq/pollutant/7,hour,14.3651599900,µg/m3,2018-08-11 03:00:00 +01:00,2018-08-11 04:00:00 +01:00,1,1
GB,http://environment.data.gov.uk/air-quality/so,GB_Network_1,Station_GB1024A,,GB_SamplingPoint_74174,GB_StationProcess_918,GB_SamplingFeature_918,O3,http://dd.eionet.europa.eu/vocabulary/aq/pollutant/7,hour,15.9217499900,µg/m3,2018-08-11 04:00:00 +01:00,2018-08-11 05:00:00 +01:00,1,1
GB,http://environment.data.gov.uk/air-quality/so,GB_Network_1,Station_GB1024A,,GB_SamplingPoint_74174,GB_StationProcess_918,GB_SamplingFeature_918,O3,http://dd.eionet.europa.eu/vocabulary/aq/pollutant/7,hour,29.2640099900,µg/m3,2018-08-11 08:00:00 +01:00,2018-08-11 09:00:00 +01:00,1,1
GB,http://environment.data.gov.uk/air-quality/so,GB_Network_1,Station_GB1024A,,GB_SamplingPoint_74174,GB_StationProcess_918,GB_SamplingFeature_918,O3,http://dd.eionet.europa.eu/vocabulary/aq/pollutant/7,hour,36.7356699900,µg/m3,2018-08-11 10:00:00 +01:00,2018-08-11 11:00:00 +01:00,1,1
GB,http://environment.data.gov.uk/air-quality/so,GB_Network_1,Station_GB1024A,,GB_SamplingPoint_74174,GB_StationProcess_918,GB_SamplingFeature_918,O3,http://dd.eionet.europa.eu/vocabulary/aq/pollutant/7,hour,28.6858399900,µg/m3,2018-08-11 20:00:00 +01:00,2018-08-11 21:00:00 +01:00,1,1
GB,http://environment.data.gov.uk/air-quality/so,GB_Network_1,Station_GB1024A,,GB_SamplingPoint_74174,GB_StationProcess_918,GB_SamplingFeature_918,O3,http://dd.eionet.europa.eu/vocabulary/aq/pollutant/7,hour,21.7923499900,µg/m3,2018-08-11 21:00:00 +01:00,2018-08-11 22:00:00 +01:00,1,1
GB,http://environment.data.gov.uk/air-quality/so,GB_Network_1,Station_GB1024A,,GB_SamplingPoint_74174,GB_StationProcess_918,GB_SamplingFeature_918,O3,http://dd.eionet.europa.eu/vocabulary/aq/pollutant/7,hour,28.1076799900,µg/m3,2018-08-12 02:00:00 +01:00,2018-08-12 03:00:00 +01:00,1,1
GB,http://environment.data.gov.uk/air-quality/so,GB_Network_1,Station_GB1024A,,GB_SamplingPoint_74174,GB_StationProcess_918,GB_SamplingFeature_918,O3,http://dd.eionet.europa.eu/vocabulary/aq/pollutant/7,hour,32.8664199900,µg/m3,2018-08-12 05:00:00 +01:00,2018-08-12 06:00:00 +01:00,1,1
GB,http://environment.data.gov.uk/air-quality/so,GB_Network_1,Station_GB1024A,,GB_SamplingPoint_74174,GB_StationProcess_918,GB_SamplingFeature_918,O3,http://dd.eionet.europa.eu/vocabulary/aq/pollutant/7,hour,29.1750599900,µg/m3,2018-08-12 06:00:00 +01:00,2018-08-12 07:00:00 +01:00,1,1
GB,http://environment.data.gov.uk/air-quality/so,GB_Network_1,Station_GB1024A,,GB_SamplingPoint_74174,GB_StationProcess_918,GB_SamplingFeature_918,O3,http://dd.eionet.europa.eu/vocabulary/aq/pollutant/7,hour,39.8043899900,µg/m3,2018-08-12 10:00:00 +01:00,2018-08-12 11:00:00 +01:00,1,1
GB,http://environment.data.gov.uk/air-quality/so,GB_Network_1,Station_GB1024A,,GB_SamplingPoint_74174,GB_StationProcess_918,GB_SamplingFeature_918,O3,http://dd.eionet.europa.eu/vocabulary/aq/pollutant/7,hour,52.5684699900,µg/m3,2018-08-12 12:00:00 +01:00,2018-08-12 13:00:00 +01:00,1,1
GB,http://environment.data.gov.uk/air-quality/so,GB_Network_1,Station_GB1024A,,GB_SamplingPoint_74174,GB_StationProcess_918,GB_SamplingFeature_918,O3,http://dd.eionet.europa.eu/vocabulary/aq/pollutant/7,hour,51.7234699900,µg/m3,2018-08-12 13:00:00 +01:00,2018-08-12 14:00:00 +01:00,1,1
GB,http://environment.data.gov.uk/air-quality/so,GB_Network_1,Station_GB1024A,,GB_SamplingPoint_74174,GB_StationProcess_918,GB_SamplingFeature_918,O3,http://dd.eionet.europa.eu/vocabulary/aq/pollutant/7,hour,54.7477099900,µg/m3,2018-08-12 15:00:00 +01:00,2018-08-12 16:00:00 +01:00,1,1
GB,http://environment.data.gov.uk/air-quality/so,GB_Network_1,Station_GB1024A,,GB_SamplingPoint_74174,GB_StationProcess_918,GB_SamplingFeature_918,O3,http://dd.eionet.europa.eu/vocabulary/aq/pollutant/7,hour,54.5698099900,µg/m3,2018-08-12 17:00:00 +01:00,2018-08-12 18:00:00 +01:00,1,1
GB,http://environment.data.gov.uk/air-quality/so,GB_Network_1,Station_GB1024A,,GB_SamplingPoint_74174,GB_StationProcess_918,GB_SamplingFeature_918,O3,http://dd.eionet.europa.eu/vocabulary/aq/pollutant/7,hour,46.2086699900,µg/m3,2018-08-12 18:00:00 +01:00,2018-08-12 19:00:00 +01:00,1,1
GB,http://environment.data.gov.uk/air-quality/so,GB_Network_1,Station_GB1024A,,GB_SamplingPoint_74174,GB_StationProcess_918,GB_SamplingFeature_918,O3,http://dd.eionet.europa.eu/vocabulary/aq/pollutant/7,hour,47.6763199900,µg/m3,2018-08-12 19:00:00 +01:00,2018-08-12 20:00:00 +01:00,1,1
GB,http://environment.data.gov.uk/air-quality/so,GB_Network_1,Station_GB1024A,,GB_SamplingPoint_74174,GB_StationProcess_918,GB_SamplingFeature_918,O3,http://dd.eionet.europa.eu/vocabulary/aq/pollutant/7,hour,51.0118799900,µg/m3,2018-08-12 20:00:00 +01:00,2018-08-12 21:00:00 +01:00,1,1
GB,http://environment.data.gov.uk/air-quality/so,GB_Network_1,Station_GB1024A,,GB_SamplingPoint_74174,GB_StationProcess_918,GB_SamplingFeature_918,O3,http://dd.eionet.europa.eu/vocabulary/aq/pollutant/7,hour,39.2706999900,µg/m3,2018-08-12 22:00:00 +01:00,2018-08-12 23:00:00 +01:00,1,1
GB,http://environment.data.gov.uk/air-quality/so,GB_Network_1,Station_GB1024A,,GB_SamplingPoint_74174,GB_StationProcess_918,GB_SamplingFeature_918,O3,http://dd.eionet.europa.eu/vocabulary/aq/pollutant/7,hour,27.0847699900,µg/m3,2018-08-13 00:00:00 +01:00,2018-08-13 01:00:00 +01:00,1,1
GB,http://environment.data.gov.uk/air-quality/so,GB_Network_1,Station_GB1024A,,GB_SamplingPoint_74174,GB_StationProcess_918,GB_SamplingFeature_918,O3,http://dd.eionet.europa.eu/vocabulary/aq/pollutant/7,hour,14.2910299900,µg/m3,2018-08-13 02:00:00 +01:00,2018-08-13 03:00:00 +01:00,1,1
GB,http://environment.data.gov.uk/air-quality/so,GB_Network_1,Station_GB1024A,,GB_SamplingPoint_74174,GB_StationProcess_918,GB_SamplingFeature_918,O3,http://dd.eionet.europa.eu/vocabulary/aq/pollutant/7,hour,16.9891399900,µg/m3,2018-08-13 06:00:00 +01:00,2018-08-13 07:00:00 +01:00,1,1
GB,http://environment.data.gov.uk/air-quality/so,GB_Network_1,Station_GB1024A,,GB_SamplingPoint_74174,GB_StationProcess_918,GB_SamplingFeature_918,O3,http://dd.eionet.europa.eu/vocabulary/aq/pollutant/7,hour,53.6358499900,µg/m3,2018-08-13 16:00:00 +01:00,2018-08-13 17:00:00 +01:00,1,1
GB,http://environment.data.gov.uk/air-quality/so,GB_Network_1,Station_GB1024A,,GB_SamplingPoint_74174,GB_StationProcess_918,GB_SamplingFeature_918,O3,http://dd.eionet.europa.eu/vocabulary/aq/pollutant/7,hour,56.4821999900,µg/m3,2018-08-13 18:00:00 +01:00,2018-08-13 19:00:00 +01:00,1,1
GB,http://environment.data.gov.uk/air-quality/so,GB_Network_1,Station_GB1024A,,GB_SamplingPoint_74174,GB_StationProcess_918,GB_SamplingFeature_918,O3,http://dd.eionet.europa.eu/vocabulary/aq/pollutant/7,hour,55.6371899900,µg/m3,2018-08-13 19:00:00 +01:00,2018-08-13 20:00:00 +01:00,1,1
GB,http://environment.data.gov.uk/air-quality/so,GB_Network_1,Station_GB1024A,,GB_SamplingPoint_74174,GB_StationProcess_918,GB_SamplingFeature_918,O3,http://dd.eionet.europa.eu/vocabulary/aq/pollutant/7,hour,35.3569699900,µg/m3,2018-08-14 00:00:00 +01:00,2018-08-14 01:00:00 +01:00,1,1
GB,http://environment.data.gov.uk/air-quality/so,GB_Network_1,Station_GB1024A,,GB_SamplingPoint_74174,GB_StationProcess_918,GB_SamplingFeature_918,O3,http://dd.eionet.europa.eu/vocabulary/aq/pollutant/7,hour,16.4999199900,µg/m3,2018-08-14 06:00:00 +01:00,2018-08-14 07:00:00 +01:00,1,1
GB,http://environment.data.gov.uk/air-quality/so,GB_Network_1,Station_GB1024A,,GB_SamplingPoint_74174,GB_StationProcess_918,GB_SamplingFeature_918,O3,http://dd.eionet.europa.eu/vocabulary/aq/pollutant/7,hour,27.6184599900,µg/m3,2018-08-14 10:00:00 +01:00,2018-08-14 11:00:00 +01:00,1,1
GB,http://environment.data.gov.uk/air-quality/so,GB_Network_1,Station_GB1024A,,GB_SamplingPoint_74174,GB_StationProcess_918,GB_SamplingFeature_918,O3,http://dd.eionet.europa.eu/vocabulary/aq/pollutant/7,hour,33.9337999900,µg/m3,2018-08-14 11:00:00 +01:00,2018-08-14 12:00:00 +01:00,1,1
GB,http://environment.data.gov.uk/air-quality/so,GB_Network_1,Station_GB1024A,,GB_SamplingPoint_74174,GB_StationProcess_918,GB_SamplingFeature_918,O3,http://dd.eionet.europa.eu/vocabulary/aq/pollutant/7,hour,44.5631199900,µg/m3,2018-08-14 12:00:00 +01:00,2018-08-14 13:00:00 +01:00,1,1
GB,http://environment.data.gov.uk/air-quality/so,GB_Network_1,Station_GB1024A,,GB_SamplingPoint_74174,GB_StationProcess_918,GB_SamplingFeature_918,O3,http://dd.eionet.europa.eu/vocabulary/aq/pollutant/7,hour,54.0805999900,µg/m3,2018-08-14 18:00:00 +01:00,2018-08-14 19:00:00 +01:00,1,1
GB,http://environment.data.gov.uk/air-quality/so,GB_Network_1,Station_GB1024A,,GB_SamplingPoint_74174,GB_StationProcess_918,GB_SamplingFeature_918,O3,http://dd.eionet.europa.eu/vocabulary/aq/pollutant/7,hour,50.4337099900,µg/m3,2018-08-14 21:00:00 +01:00,2018-08-14 22:00:00 +01:00,1,1
GB,http://environment.data.gov.uk/air-quality/so,GB_Network_1,Station_GB1024A,,GB_SamplingPoint_74174,GB_StationProcess_918,GB_SamplingFeature_918,O3,http://dd.eionet.europa.eu/vocabulary/aq/pollutant/7,hour,52.0347799900,µg/m3,2018-08-14 22:00:00 +01:00,2018-08-14 23:00:00 +01:00,1,1
GB,http://environment.data.gov.uk/air-quality/so,GB_Network_1,Station_GB1024A,,GB_SamplingPoint_74174,GB_StationProcess_918,GB_SamplingFeature_918,O3,http://dd.eionet.europa.eu/vocabulary/aq/pollutant/7,hour,51.1897799900,µg/m3,2018-08-14 23:00:00 +01:00,2018-08-15 00:00:00 +01:00,1,1
GB,http://environment.data.gov.uk/air-quality/so,GB_Network_1,Station_GB1024A,,GB_SamplingPoint_74174,GB_StationProcess_918,GB_SamplingFeature_918,O3,http://dd.eionet.europa.eu/vocabulary/aq/pollutant/7,hour,49.4108099900,µg/m3,2018-08-15 00:00:00 +01:00,2018-08-15 01:00:00 +01:00,1,1
GB,http://environment.data.gov.uk/air-quality/so,GB_Network_1,Station_GB1024A,,GB_SamplingPoint_74174,GB_StationProcess_918,GB_SamplingFeature_918,O3,http://dd.eionet.europa.eu/vocabulary/aq/pollutant/7,hour,44.4148799900,µg/m3,2018-08-15 01:00:00 +01:00,2018-08-15 02:00:00 +01:00,1,1
GB,http://environment.data.gov.uk/air-quality/so,GB_Network_1,Station_GB1024A,,GB_SamplingPoint_74174,GB_StationProcess_918,GB_SamplingFeature_918,O3,http://dd.eionet.europa.eu/vocabulary/aq/pollutant/7,hour,36.1574999900,µg/m3,2018-08-15 03:00:00 +01:00,2018-08-15 04:00:00 +01:00,1,1
GB,http://environment.data.gov.uk/air-quality/so,GB_Network_1,Station_GB1024A,,GB_SamplingPoint_74174,GB_StationProcess_918,GB_SamplingFeature_918,O3,http://dd.eionet.europa.eu/vocabulary/aq/pollutant/7,hour,33.9337999900,µg/m3,2018-08-15 04:00:00 +01:00,2018-08-15 05:00:00 +01:00,1,1
GB,http://environment.data.gov.uk/air-quality/so,GB_Network_1,Station_GB1024A,,GB_SamplingPoint_74174,GB_StationProcess_918,GB_SamplingFeature_918,O3,http://dd.eionet.europa.eu/vocabulary/aq/pollutant/7,hour,37.4917299900,µg/m3,2018-08-15 05:00:00 +01:00,2018-08-15 06:00:00 +01:00,1,1
GB,http://environment.data.gov.uk/air-quality/so,GB_Network_1,Station_GB1024A,,GB_SamplingPoint_74174,GB_StationProcess_918,GB_SamplingFeature_918,O3,http://dd.eionet.europa.eu/vocabulary/aq/pollutant/7,hour,37.4917299900,µg/m3,2018-08-15 08:00:00 +01:00,2018-08-15 09:00:00 +01:00,1,1
GB,http://environment.data.gov.uk/air-quality/so,GB_Network_1,Station_GB1024A,,GB_SamplingPoint_74174,GB_StationProcess_918,GB_SamplingFeature_918,O3,http://dd.eionet.europa.eu/vocabulary/aq/pollutant/7,hour,33.1777299900,µg/m3,2018-08-15 10:00:00 +01:00,2018-08-15 11:00:00 +01:00,1,1
GB,http://environment.data.gov.uk/air-quality/so,GB_Network_1,Station_GB1024A,,GB_SamplingPoint_74174,GB_StationProcess_918,GB_SamplingFeature_918,O3,http://dd.eionet.europa.eu/vocabulary/aq/pollutant/7,hour,33.7558999900,µg/m3,2018-08-15 12:00:00 +01:00,2018-08-15 13:00:00 +01:00,1,1
GB,http://environment.data.gov.uk/air-quality/so,GB_Network_1,Station_GB1024A,,GB_SamplingPoint_74174,GB_StationProcess_918,GB_SamplingFeature_918,O3,http://dd.eionet.europa.eu/vocabulary/aq/pollutant/7,hour,38.2033199900,µg/m3,2018-08-15 14:00:00 +01:00,2018-08-15 15:00:00 +01:00,1,1
GB,http://environment.data.gov.uk/air-quality/so,GB_Network_1,Station_GB1024A,,GB_SamplingPoint_74174,GB_StationProcess_918,GB_SamplingFeature_918,O3,http://dd.eionet.europa.eu/vocabulary/aq/pollutant/7,hour,43.8960099900,µg/m3,2018-08-15 15:00:00 +01:00,2018-08-15 16:00:00 +01:00,1,1
GB,http://environment.data.gov.uk/air-quality/so,GB_Network_1,Station_GB1024A,,GB_SamplingPoint_74174,GB_StationProcess_918,GB_SamplingFeature_918,O3,http://dd.eionet.europa.eu/vocabulary/aq/pollutant/7,hour,48.6992199900,µg/m3,2018-08-15 17:00:00 +01:00,2018-08-15 18:00:00 +01:00,1,1
GB,http://environment.data.gov.uk/air-quality/so,GB_Network_1,Station_GB1024A,,GB_SamplingPoint_74174,GB_StationProcess_918,GB_SamplingFeature_918,O3,http://dd.eionet.europa.eu/vocabulary/aq/pollutant/7,hour,38.1588399900,µg/m3,2018-08-15 22:00:00 +01:00,2018-08-15 23:00:00 +01:00,1,1
GB,http://environment.data.gov.uk/air-quality/so,GB_Network_1,Station_GB1024A,,GB_SamplingPoint_74174,GB_StationProcess_918,GB_SamplingFeature_918,O3,http://dd.eionet.europa.eu/vocabulary/aq/pollutant/7,hour,18.5902099900,µg/m3,2018-08-16 09:00:00 +01:00,2018-08-16 10:00:00 +01:00,1,1
GB,http://environment.data.gov.uk/air-quality/so,GB_Network_1,Station_GB1024A,,GB_SamplingPoint_74174,GB_StationProcess_918,GB_SamplingFeature_918,O3,http://dd.eionet.europa.eu/vocabulary/aq/pollutant/7,hour,31.9324599900,µg/m3,2018-08-16 10:00:00 +01:00,2018-08-16 11:00:00 +01:00,1,1
GB,http://environment.data.gov.uk/air-quality/so,GB_Network_1,Station_GB1024A,,GB_SamplingPoint_74174,GB_StationProcess_918,GB_SamplingFeature_918,O3,http://dd.eionet.europa.eu/vocabulary/aq/pollutant/7,hour,29.7532199900,µg/m3,2018-08-16 11:00:00 +01:00,2018-08-16 12:00:00 +01:00,1,1
GB,http://environment.data.gov.uk/air-quality/so,GB_Network_1,Station_GB1024A,,GB_SamplingPoint_74174,GB_StationProcess_918,GB_SamplingFeature_918,O3,http://dd.eionet.europa.eu/vocabulary/aq/pollutant/7,hour,21.7478699900,µg/m3,2018-08-16 15:00:00 +01:00,2018-08-16 16:00:00 +01:00,1,1
GB,http://environment.data.gov.uk/air-quality/so,GB_Network_1,Station_GB1024A,,GB_SamplingPoint_74174,GB_StationProcess_918,GB_SamplingFeature_918,O3,http://dd.eionet.europa.eu/vocabulary/aq/pollutant/7,hour,11.6522299900,µg/m3,2018-08-16 22:00:00 +01:00,2018-08-16 23:00:00 +01:00,1,1
GB,http://environment.data.gov.uk/air-quality/so,GB_Network_1,Station_GB1024A,,GB_SamplingPoint_74174,GB_StationProcess_918,GB_SamplingFeature_918,O3,http://dd.eionet.europa.eu/vocabulary/aq/pollutant/7,hour,18.9904699900,µg/m3,2018-08-16 23:00:00 +01:00,2018-08-17 00:00:00 +01:00,1,1
GB,http://environment.data.gov.uk/air-quality/so,GB_Network_1,Station_GB1024A,,GB_SamplingPoint_74174,GB_StationProcess_918,GB_SamplingFeature_918,O3,http://dd.eionet.europa.eu/vocabulary/aq/pollutant/7,hour,5.0255799900,µg/m3,2018-08-17 03:00:00 +01:00,2018-08-17 04:00:00 +01:00,2,1
GB,http://environment.data.gov.uk/air-quality/so,GB_Network_1,Station_GB1024A,,GB_SamplingPoint_74174,GB_StationProcess_918,GB_SamplingFeature_918,O3,http://dd.eionet.europa.eu/vocabulary/aq/pollutant/7,hour,10.5848499900,µg/m3,2018-08-17 08:00:00 +01:00,2018-08-17 09:00:00 +01:00,1,1
GB,http://environment.data.gov.uk/air-quality/so,GB_Network_1,Station_GB1024A,,GB_SamplingPoint_74174,GB_StationProcess_918,GB_SamplingFeature_918,O3,http://dd.eionet.europa.eu/vocabulary/aq/pollutant/7,hour,38.2033199900,µg/m3,2018-08-17 12:00:00 +01:00,2018-08-17 13:00:00 +01:00,1,1
GB,http://environment.data.gov.uk/air-quality/so,GB_Network_1,Station_GB1024A,,GB_SamplingPoint_74174,GB_StationProcess_918,GB_SamplingFeature_918,O3,http://dd.eionet.europa.eu/vocabulary/aq/pollutant/7,hour,39.7599099900,µg/m3,2018-08-17 13:00:00 +01:00,2018-08-17 14:00:00 +01:00,1,1
GB,http://environment.data.gov.uk/air-quality/so,GB_Network_1,Station_GB1024A,,GB_SamplingPoint_74174,GB_StationProcess_918,GB_SamplingFeature_918,O3,http://dd.eionet.europa.eu/vocabulary/aq/pollutant/7,hour,46.6089399900,µg/m3,2018-08-17 21:00:00 +01:00,2018-08-17 22:00:00 +01:00,1,1
GB,http://environment.data.gov.uk/air-quality/so,GB_Network_1,Station_GB1024A,,GB_SamplingPoint_74174,GB_StationProcess_918,GB_SamplingFeature_918,O3,http://dd.eionet.europa.eu/vocabulary/aq/pollutant/7,hour,43.3623199900,µg/m3,2018-08-17 22:00:00 +01:00,2018-08-17 23:00:00 +01:00,1,1
GB,http://environment.data.gov.uk/air-quality/so,GB_Network_1,Station_GB1024A,,GB_SamplingPoint_74174,GB_StationProcess_918,GB_SamplingFeature_918,O3,http://dd.eionet.europa.eu/vocabulary/aq/pollutant/7,hour,35.0011799900,µg/m3,2018-08-18 03:00:00 +01:00,2018-08-18 04:00:00 +01:00,1,1
GB,http://environment.data.gov.uk/air-quality/so,GB_Network_1,Station_GB1024A,,GB_SamplingPoint_74174,GB_StationProcess_918,GB_SamplingFeature_918,O3,http://dd.eionet.europa.eu/vocabulary/aq/pollutant/7,hour,30.2869099900,µg/m3,2018-08-18 05:00:00 +01:00,2018-08-18 06:00:00 +01:00,1,1
GB,http://environment.data.gov.uk/air-quality/so,GB_Network_1,Station_GB1024A,,GB_SamplingPoint_74174,GB_StationProcess_918,GB_SamplingFeature_918,O3,http://dd.eionet.europa.eu/vocabulary/aq/pollutant/7,hour,27.1292499900,µg/m3,2018-08-18 07:00:00 +01:00,2018-08-18 08:00:00 +01:00,1,1
GB,http://environment.data.gov.uk/air-quality/so,GB_Network_1,Station_GB1024A,,GB_SamplingPoint_74174,GB_StationProcess_918,GB_SamplingFeature_918,O3,http://dd.eionet.europa.eu/vocabulary/aq/pollutant/7,hour,24.4607999900,µg/m3,2018-08-18 10:00:00 +01:00,2018-08-18 11:00:00 +01:00,1,1
GB,http://environment.data.gov.uk/air-quality/so,GB_Network_1,Station_GB1024A,,GB_SamplingPoint_74174,GB_StationProcess_918,GB_SamplingFeature_918,O3,http://dd.eionet.europa.eu/vocabulary/aq/pollutant/7,hour,30.2424399900,µg/m3,2018-08-18 11:00:00 +01:00,2018-08-18 12:00:00 +01:00,1,1
GB,http://environment.data.gov.uk/air-quality/so,GB_Network_1,Station_GB1024A,,GB_SamplingPoint_74174,GB_StationProcess_918,GB_SamplingFeature_918,O3,http://dd.eionet.europa.eu/vocabulary/aq/pollutant/7,hour,35.0901199900,µg/m3,2018-08-18 14:00:00 +01:00,2018-08-18 15:00:00 +01:00,1,1
GB,http://environment.data.gov.uk/air-quality/so,GB_Network_1,Station_GB1024A,,GB_SamplingPoint_74174,GB_StationProcess_918,GB_SamplingFeature_918,O3,http://dd.eionet.europa.eu/vocabulary/aq/pollutant/7,hour,36.9580399900,µg/m3,2018-08-18 18:00:00 +01:00,2018-08-18 19:00:00 +01:00,1,1
GB,http://environment.data.gov.uk/air-quality/so,GB_Network_1,Station_GB1024A,,GB_SamplingPoint_74174,GB_StationProcess_918,GB_SamplingFeature_918,O3,http://dd.eionet.europa.eu/vocabulary/aq/pollutant/7,hour,29.7532199900,µg/m3,2018-08-18 22:00:00 +01:00,2018-08-18 23:00:00 +01:00,1,1
GB,http://environment.data.gov.uk/air-quality/so,GB_Network_1,Station_GB1024A,,GB_SamplingPoint_74174,GB_StationProcess_918,GB_SamplingFeature_918,O3,http://dd.eionet.europa.eu/vocabulary/aq/pollutant/7,hour,32.1548299900,µg/m3,2018-08-18 23:00:00 +01:00,2018-08-19 00:00:00 +01:00,1,1
GB,http://environment.data.gov.uk/air-quality/so,GB_Network_1,Station_GB1024A,,GB_SamplingPoint_74174,GB_StationProcess_918,GB_SamplingFeature_918,O3,http://dd.eionet.europa.eu/vocabulary/aq/pollutant/7,hour,34.6009099900,µg/m3,2018-08-19 00:00:00 +01:00,2018-08-19 01:00:00 +01:00,1,1
GB,http://environment.data.gov.uk/air-quality/so,GB_Network_1,Station_GB1024A,,GB_SamplingPoint_74174,GB_StationProcess_918,GB_SamplingFeature_918,O3,http://dd.eionet.europa.eu/vocabulary/aq/pollutant/7,hour,33.4890499900,µg/m3,2018-08-19 03:00:00 +01:00,2018-08-19 04:00:00 +01:00,1,1
GB,http://environment.data.gov.uk/air-quality/so,GB_Network_1,Station_GB1024A,,GB_SamplingPoint_74174,GB_StationProcess_918,GB_SamplingFeature_918,O3,http://dd.eionet.europa.eu/vocabulary/aq/pollutant/7,hour,34.2895899900,µg/m3,2018-08-19 04:00:00 +01:00,2018-08-19 05:00:00 +01:00,1,1
GB,http://environment.data.gov.uk/air-quality/so,GB_Network_1,Station_GB1024A,,GB_SamplingPoint_74174,GB_StationProcess_918,GB_SamplingFeature_918,O3,http://dd.eionet.europa.eu/vocabulary/aq/pollutant/7,hour,34.4674899900,µg/m3,2018-08-19 05:00:00 +01:00,2018-08-19 06:00:00 +01:00,1,1
GB,http://environment.data.gov.uk/air-quality/so,GB_Network_1,Station_GB1024A,,GB_SamplingPoint_74174,GB_StationProcess_918,GB_SamplingFeature_918,O3,http://dd.eionet.europa.eu/vocabulary/aq/pollutant/7,hour,35.4903899900,µg/m3,2018-08-19 06:00:00 +01:00,2018-08-19 07:00:00 +01:00,1,1
GB,http://environment.data.gov.uk/air-quality/so,GB_Network_1,Station_GB1024A,,GB_SamplingPoint_74174,GB_StationProcess_918,GB_SamplingFeature_918,O3,http://dd.eionet.europa.eu/vocabulary/aq/pollutant/7,hour,36.6022499900,µg/m3,2018-08-19 11:00:00 +01:00,2018-08-19 12:00:00 +01:00,1,1
GB,http://environment.data.gov.uk/air-quality/so,GB_Network_1,Station_GB1024A,,GB_SamplingPoint_74174,GB_StationProcess_918,GB_SamplingFeature_918,O3,http://dd.eionet.europa.eu/vocabulary/aq/pollutant/7,hour,35.5348699900,µg/m3,2018-08-19 15:00:00 +01:00,2018-08-19 16:00:00 +01:00,1,1
GB,http://environment.data.gov.uk/air-quality/so,GB_Network_1,Station_GB1024A,,GB_SamplingPoint_74174,GB_StationProcess_918,GB_SamplingFeature_918,O3,http://dd.eionet.europa.eu/vocabulary/aq/pollutant/7,hour,37.2693599900,µg/m3,2018-08-19 16:00:00 +01:00,2018-08-19 17:00:00 +01:00,1,1
GB,http://environment.data.gov.uk/air-quality/so,GB_Network_1,Station_GB1024A,,GB_SamplingPoint_74174,GB_StationProcess_918,GB_SamplingFeature_918,O3,http://dd.eionet.europa.eu/vocabulary/aq/pollutant/7,hour,35.4903899900,µg/m3,2018-08-19 17:00:00 +01:00,2018-08-19 18:00:00 +01:00,1,1
GB,http://environment.data.gov.uk/air-quality/so,GB_Network_1,Station_GB1024A,,GB_SamplingPoint_74174,GB_StationProcess_918,GB_SamplingFeature_918,O3,http://dd.eionet.europa.eu/vocabulary/aq/pollutant/7,hour,11.3409099900,µg/m3,2018-08-20 06:00:00 +01:00,2018-08-20 07:00:00 +01:00,1,1
GB,http://environment.data.gov.uk/air-quality/so,GB_Network_1,Station_GB1024A,,GB_SamplingPoint_74174,GB_StationProcess_918,GB_SamplingFeature_918,O3,http://dd.eionet.europa.eu/vocabulary/aq/pollutant/7,hour,8.6724599900,µg/m3,2018-08-20 07:00:00 +01:00,2018-08-20 08:00:00 +01:00,1,1
GB,http://environment.data.gov.uk/air-quality/so,GB_Network_1,Station_GB1024A,,GB_SamplingPoint_74174,GB_StationProcess_918,GB_SamplingFeature_918,O3,http://dd.eionet.europa.eu/vocabulary/aq/pollutant/7,hour,39.9378099900,µg/m3,2018-08-20 14:00:00 +01:00,2018-08-20 15:00:00 +01:00,1,1
GB,http://environment.data.gov.uk/air-quality/so,GB_Network_1,Station_GB1024A,,GB_SamplingPoint_74174,GB_StationProcess_918,GB_SamplingFeature_918,O3,http://dd.eionet.europa.eu/vocabulary/aq/pollutant/7,hour,51.4121499900,µg/m3,2018-08-20 16:00:00 +01:00,2018-08-20 17:00:00 +01:00,1,1
GB,http://environment.data.gov.uk/air-quality/so,GB_Network_1,Station_GB1024A,,GB_SamplingPoint_74174,GB_StationProcess_918,GB_SamplingFeature_918,O3,http://dd.eionet.europa.eu/vocabulary/aq/pollutant/7,hour,46.2086699900,µg/m3,2018-08-20 17:00:00 +01:00,2018-08-20 18:00:00 +01:00,1,1
GB,http://environment.data.gov.uk/air-quality/so,GB_Network_1,Station_GB1024A,,GB_SamplingPoint_74174,GB_StationProcess_918,GB_SamplingFeature_918,O3,http://dd.eionet.europa.eu/vocabulary/aq/pollutant/7,hour,40.4714999900,µg/m3,2018-08-20 20:00:00 +01:00,2018-08-20 21:00:00 +01:00,1,1
GB,http://environment.data.gov.uk/air-quality/so,GB_Network_1,Station_GB1024A,,GB_SamplingPoint_74174,GB_StationProcess_918,GB_SamplingFeature_918,O3,http://dd.eionet.europa.eu/vocabulary/aq/pollutant/7,hour,30.7761299900,µg/m3,2018-08-20 23:00:00 +01:00,2018-08-21 00:00:00 +01:00,1,1
GB,http://environment.data.gov.uk/air-quality/so,GB_Network_1,Station_GB1024A,,GB_SamplingPoint_74174,GB_StationProcess_918,GB_SamplingFeature_918,O3,http://dd.eionet.europa.eu/vocabulary/aq/pollutant/7,hour,22.3260399900,µg/m3,2018-08-21 00:00:00 +01:00,2018-08-21 01:00:00 +01:00,1,1
GB,http://environment.data.gov.uk/air-quality/so,GB_Network_1,Station_GB1024A,,GB_SamplingPoint_74174,GB_StationProcess_918,GB_SamplingFeature_918,O3,http://dd.eionet.europa.eu/vocabulary/aq/pollutant/7,hour,28.1076799900,µg/m3,2018-08-21 05:00:00 +01:00,2018-08-21 06:00:00 +01:00,1,1
GB,http://environment.data.gov.uk/air-quality/so,GB_Network_1,Station_GB1024A,,GB_SamplingPoint_74174,GB_StationProcess_918,GB_SamplingFeature_918,O3,http://dd.eionet.europa.eu/vocabulary/aq/pollutant/7,hour,14.3651599900,µg/m3,2018-08-21 07:00:00 +01:00,2018-08-21 08:00:00 +01:00,1,1
GB,http://environment.data.gov.uk/air-quality/so,GB_Network_1,Station_GB1024A,,GB_SamplingPoint_74174,GB_StationProcess_918,GB_SamplingFeature_918,O3,http://dd.eionet.europa.eu/vocabulary/aq/pollutant/7,hour,22.2370899900,µg/m3,2018-08-21 08:00:00 +01:00,2018-08-21 09:00:00 +01:00,1,1
GB,http://environment.data.gov.uk/air-quality/so,GB_Network_1,Station_GB1024A,,GB_SamplingPoint_74174,GB_StationProcess_918,GB_SamplingFeature_918,O3,http://dd.eionet.europa.eu/vocabulary/aq/pollutant/7,hour,25.5281799900,µg/m3,2018-08-21 09:00:00 +01:00,2018-08-21 10:00:00 +01:00,1,1
GB,http://environment.data.gov.uk/air-quality/so,GB_Network_1,Station_GB1024A,,GB_SamplingPoint_74174,GB_StationProcess_918,GB_SamplingFeature_918,O3,http://dd.eionet.europa.eu/vocabulary/aq/pollutant/7,hour,33.2222099900,µg/m3,2018-08-21 11:00:00 +01:00,2018-08-21 12:00:00 +01:00,1,1
GB,http://environment.data.gov.uk/air-quality/so,GB_Network_1,Station_GB1024A,,GB_SamplingPoint_74174,GB_StationProcess_918,GB_SamplingFeature_918,O3,http://dd.eionet.europa.eu/vocabulary/aq/pollutant/7,hour,63.8204399900,µg/m3,2018-08-21 15:00:00 +01:00,2018-08-21 16:00:00 +01:00,1,1
GB,http://environment.data.gov.uk/air-quality/so,GB_Network_1,Station_GB1024A,,GB_SamplingPoint_74174,GB_StationProcess_918,GB_SamplingFeature_918,O3,http://dd.eionet.europa.eu/vocabulary/aq/pollutant/7,hour,64.2207099900,µg/m3,2018-08-21 17:00:00 +01:00,2018-08-21 18:00:00 +01:00,1,1
GB,http://environment.data.gov.uk/air-quality/so,GB_Network_1,Station_GB1024A,,GB_SamplingPoint_74174,GB_StationProcess_918,GB_SamplingFeature_918,O3,http://dd.eionet.europa.eu/vocabulary/aq/pollutant/7,hour,54.6142899900,µg/m3,2018-08-21 20:00:00 +01:00,2018-08-21 21:00:00 +01:00,1,1
GB,http://environment.data.gov.uk/air-quality/so,GB_Network_1,Station_GB1024A,,GB_SamplingPoint_74174,GB_StationProcess_918,GB_SamplingFeature_918,O3,http://dd.eionet.europa.eu/vocabulary/aq/pollutant/7,hour,38.3367399900,µg/m3,2018-08-21 22:00:00 +01:00,2018-08-21 23:00:00 +01:00,1,1
GB,http://environment.data.gov.uk/air-quality/so,GB_Network_1,Station_GB1024A,,GB_SamplingPoint_74174,GB_StationProcess_918,GB_SamplingFeature_918,O3,http://dd.eionet.europa.eu/vocabulary/aq/pollutant/7,hour,27.6629399900,µg/m3,2018-08-21 23:00:00 +01:00,2018-08-22 00:00:00 +01:00,1,1
GB,http://environment.data.gov.uk/air-quality/so,GB_Network_1,Station_GB1024A,,GB_SamplingPoint_74174,GB_StationProcess_918,GB_SamplingFeature_918,O3,http://dd.eionet.europa.eu/vocabulary/aq/pollutant/7,hour,20.6360199900,µg/m3,2018-08-22 01:00:00 +01:00,2018-08-22 02:00:00 +01:00,1,1
GB,http://environment.data.gov.uk/air-quality/so,GB_Network_1,Station_GB1024A,,GB_SamplingPoint_74174,GB_StationProcess_918,GB_SamplingFeature_918,O3,http://dd.eionet.europa.eu/vocabulary/aq/pollutant/7,hour,13.2532999900,µg/m3,2018-08-22 07:00:00 +01:00,2018-08-22 08:00:00 +01:00,1,1
GB,http://environment.data.gov.uk/air-quality/so,GB_Network_1,Station_GB1024A,,GB_SamplingPoint_74174,GB_StationProcess_918,GB_SamplingFeature_918,O3,http://dd.eionet.europa.eu/vocabulary/aq/pollutant/7,hour,26.0618699900,µg/m3,2018-08-22 13:00:00 +01:00,2018-08-22 14:00:00 +01:00,1,1
GB,http://environment.data.gov.uk/air-quality/so,GB_Network_1,Station_GB1024A,,GB_SamplingPoint_74174,GB_StationProcess_918,GB_SamplingFeature_918,O3,http://dd.eionet.europa.eu/vocabulary/aq/pollutant/7,hour,25.3947499900,µg/m3,2018-08-22 14:00:00 +01:00,2018-08-22 15:00:00 +01:00,1,1
GB,http://environment.data.gov.uk/air-quality/so,GB_Network_1,Station_GB1024A,,GB_SamplingPoint_74174,GB_StationProcess_918,GB_SamplingFeature_918,O3,http://dd.eionet.europa.eu/vocabulary/aq/pollutant/7,hour,34.4674899900,µg/m3,2018-08-22 19:00:00 +01:00,2018-08-22 20:00:00 +01:00,1,1
GB,http://environment.data.gov.uk/air-quality/so,GB_Network_1,Station_GB1024A,,GB_SamplingPoint_74174,GB_StationProcess_918,GB_SamplingFeature_918,O3,http://dd.eionet.europa.eu/vocabulary/aq/pollutant/7,hour,7.2048199900,µg/m3,2018-08-22 23:00:00 +01:00,2018-08-23 00:00:00 +01:00,1,1
GB,http://environment.data.gov.uk/air-quality/so,GB_Network_1,Station_GB1024A,,GB_SamplingPoint_74174,GB_StationProcess_918,GB_SamplingFeature_918,O3,http://dd.eionet.europa.eu/vocabulary/aq/pollutant/7,hour,14.3206799900,µg/m3,2018-08-23 00:00:00 +01:00,2018-08-23 01:00:00 +01:00,1,1
GB,http://environment.data.gov.uk/air-quality/so,GB_Network_1,Station_GB1024A,,GB_SamplingPoint_74174,GB_StationProcess_918,GB_SamplingFeature_918,O3,http://dd.eionet.europa.eu/vocabulary/aq/pollutant/7,hour,16.9001899900,µg/m3,2018-08-23 04:00:00 +01:00,2018-08-23 05:00:00 +01:00,1,1
GB,http://environment.data.gov.uk/air-quality/so,GB_Network_1,Station_GB1024A,,GB_SamplingPoint_74174,GB_StationProcess_918,GB_SamplingFeature_918,O3,http://dd.eionet.europa.eu/vocabulary/aq/pollutant/7,hour,19.1683699900,µg/m3,2018-08-23 06:00:00 +01:00,2018-08-23 07:00:00 +01:00,1,1
GB,http://environment.data.gov.uk/air-quality/so,GB_Network_1,Station_GB1024A,,GB_SamplingPoint_74174,GB_StationProcess_918,GB_SamplingFeature_918,O3,http://dd.eionet.europa.eu/vocabulary/aq/pollutant/7,hour,16.4109699900,µg/m3,2018-08-23 11:00:00 +01:00,2018-08-23 12:00:00 +01:00,1,1
GB,http://environment.data.gov.uk/air-quality/so,GB_Network_1,Station_GB1024A,,GB_SamplingPoint_74174,GB_StationProcess_918,GB_SamplingFeature_918,O3,http://dd.eionet.europa.eu/vocabulary/aq/pollutant/7,hour,64.4430799900,µg/m3,2018-08-23 17:00:00 +01:00,2018-08-23 18:00:00 +01:00,1,1
GB,http://environment.data.gov.uk/air-quality/so,GB_Network_1,Station_GB1024A,,GB_SamplingPoint_74174,GB_StationProcess_918,GB_SamplingFeature_918,O3,http://dd.eionet.europa.eu/vocabulary/aq/pollutant/7,hour,58.1277499900,µg/m3,2018-08-23 19:00:00 +01:00,2018-08-23 20:00:00 +01:00,1,1
GB,http://environment.data.gov.uk/air-quality/so,GB_Network_1,Station_GB1024A,,GB_SamplingPoint_74174,GB_StationProcess_918,GB_SamplingFeature_918,O3,http://dd.eionet.europa.eu/vocabulary/aq/pollutant/7,hour,49.7665999900,µg/m3,2018-08-23 20:00:00 +01:00,2018-08-23 21:00:00 +01:00,1,1
GB,http://environment.data.gov.uk/air-quality/so,GB_Network_1,Station_GB1024A,,GB_SamplingPoint_74174,GB_StationProcess_918,GB_SamplingFeature_918,O3,http://dd.eionet.europa.eu/vocabulary/aq/pollutant/7,hour,41.5388799900,µg/m3,2018-08-23 21:00:00 +01:00,2018-08-23 22:00:00 +01:00,1,1
GB,http://environment.data.gov.uk/air-quality/so,GB_Network_1,Station_GB1024A,,GB_SamplingPoint_74174,GB_StationProcess_918,GB_SamplingFeature_918,O3,http://dd.eionet.europa.eu/vocabulary/aq/pollutant/7,hour,37.8030499900,µg/m3,2018-08-23 22:00:00 +01:00,2018-08-23 23:00:00 +01:00,1,1
GB,http://environment.data.gov.uk/air-quality/so,GB_Network_1,Station_GB1024A,,GB_SamplingPoint_74174,GB_StationProcess_918,GB_SamplingFeature_918,O3,http://dd.eionet.europa.eu/vocabulary/aq/pollutant/7,hour,41.9391499900,µg/m3,2018-08-24 03:00:00 +01:00,2018-08-24 04:00:00 +01:00,1,1
GB,http://environment.data.gov.uk/air-quality/so,GB_Network_1,Station_GB1024A,,GB_SamplingPoint_74174,GB_StationProcess_918,GB_SamplingFeature_918,O3,http://dd.eionet.europa.eu/vocabulary/aq/pollutant/7,hour,28.1521499900,µg/m3,2018-08-24 05:00:00 +01:00,2018-08-24 06:00:00 +01:00,1,1
GB,http://environment.data.gov.uk/air-quality/so,GB_Network_1,Station_GB1024A,,GB_SamplingPoint_74174,GB_StationProcess_918,GB_SamplingFeature_918,O3,http://dd.eionet.europa.eu/vocabulary/aq/pollutant/7,hour,26.6400299900,µg/m3,2018-08-24 08:00:00 +01:00,2018-08-24 09:00:00 +01:00,1,1
GB,http://environment.data.gov.uk/air-quality/so,GB_Network_1,Station_GB1024A,,GB_SamplingPoint_74174,GB_StationProcess_918,GB_SamplingFeature_918,O3,http://dd.eionet.europa.eu/vocabulary/aq/pollutant/7,hour,39.4041199900,µg/m3,2018-08-24 10:00:00 +01:00,2018-08-24 11:00:00 +01:00,1,1
GB,http://environment.data.gov.uk/air-quality/so,GB_Network_1,Station_GB1024A,,GB_SamplingPoint_74174,GB_StationProcess_918,GB_SamplingFeature_918,O3,http://dd.eionet.europa.eu/vocabulary/aq/pollutant/7,hour,43.6736399900,µg/m3,2018-08-24 11:00:00 +01:00,2018-08-24 12:00:00 +01:00,1,1
GB,http://environment.data.gov.uk/air-quality/so,GB_Network_1,Station_GB1024A,,GB_SamplingPoint_74174,GB_StationProcess_918,GB_SamplingFeature_918,O3,http://dd.eionet.europa.eu/vocabulary/aq/pollutant/7,hour,54.3474399900,µg/m3,2018-08-24 16:00:00 +01:00,2018-08-24 17:00:00 +01:00,1,1
GB,http://environment.data.gov.uk/air-quality/so,GB_Network_1,Station_GB1024A,,GB_SamplingPoint_74174,GB_StationProcess_918,GB_SamplingFeature_918,O3,http://dd.eionet.europa.eu/vocabulary/aq/pollutant/7,hour,31.9769299900,µg/m3,2018-08-25 00:00:00 +01:00,2018-08-25 01:00:00 +01:00,1,1
GB,http://environment.data.gov.uk/air-quality/so,GB_Network_1,Station_GB1024A,,GB_SamplingPoint_74174,GB_StationProcess_918,GB_SamplingFeature_918,O3,http://dd.eionet.europa.eu/vocabulary/aq/pollutant/7,hour,30.8354299900,µg/m3,2018-08-25 01:00:00 +01:00,2018-08-25 02:00:00 +01:00,1,1
GB,http://environment.data.gov.uk/air-quality/so,GB_Network_1,Station_GB1024A,,GB_SamplingPoint_74174,GB_StationProcess_918,GB_SamplingFeature_918,O3,http://dd.eionet.europa.eu/vocabulary/aq/pollutant/7,hour,29.1750599900,µg/m3,2018-08-25 02:00:00 +01:00,2018-08-25 03:00:00 +01:00,1,1
GB,http://environment.data.gov.uk/air-quality/so,GB_Network_1,Station_GB1024A,,GB_SamplingPoint_74174,GB_StationProcess_918,GB_SamplingFeature_918,O3,http://dd.eionet.europa.eu/vocabulary/aq/pollutant/7,hour,23.8826299900,µg/m3,2018-08-25 04:00:00 +01:00,2018-08-25 05:00:00 +01:00,1,1
GB,http://environment.data.gov.uk/air-quality/so,GB_Network_1,Station_GB1024A,,GB_SamplingPoint_74174,GB_StationProcess_918,GB_SamplingFeature_918,O3,http://dd.eionet.europa.eu/vocabulary/aq/pollutant/7,hour,23.4378899900,µg/m3,2018-08-25 05:00:00 +01:00,2018-08-25 06:00:00 +01:00,1,1
GB,http://environment.data.gov.uk/air-quality/so,GB_Network_1,Station_GB1024A,,GB_SamplingPoint_74174,GB_StationProcess_918,GB_SamplingFeature_918,O3,http://dd.eionet.europa.eu/vocabulary/aq/pollutant/7,hour,43.4957399900,µg/m3,2018-08-25 11:00:00 +01:00,2018-08-25 12:00:00 +01:00,1,1
GB,http://environment.data.gov.uk/air-quality/so,GB_Network_1,Station_GB1024A,,GB_SamplingPoint_74174,GB_StationProcess_918,GB_SamplingFeature_918,O3,http://dd.eionet.europa.eu/vocabulary/aq/pollutant/7,hour,57.4161599900,µg/m3,2018-08-25 16:00:00 +01:00,2018-08-25 17:00:00 +01:00,1,1
GB,http://environment.data.gov.uk/air-quality/so,GB_Network_1,Station_GB1024A,,GB_SamplingPoint_74174,GB_StationProcess_918,GB_SamplingFeature_918,O3,http://dd.eionet.europa.eu/vocabulary/aq/pollutant/7,hour,55.9485099900,µg/m3,2018-08-25 18:00:00 +01:00,2018-08-25 19:00:00 +01:00,1,1
GB,http://environment.data.gov.uk/air-quality/so,GB_Network_1,Station_GB1024A,,GB_SamplingPoint_74174,GB_StationProcess_918,GB_SamplingFeature_918,O3,http://dd.eionet.europa.eu/vocabulary/aq/pollutant/7,hour,6.0929599900,µg/m3,2018-08-25 21:00:00 +01:00,2018-08-25 22:00:00 +01:00,2,1
GB,http://environment.data.gov.uk/air-quality/so,GB_Network_1,Station_GB1024A,,GB_SamplingPoint_74174,GB_StationProcess_918,GB_SamplingFeature_918,O3,http://dd.eionet.europa.eu/vocabulary/aq/pollutant/7,hour,36.2019799900,µg/m3,2018-08-26 09:00:00 +01:00,2018-08-26 10:00:00 +01:00,1,1
GB,http://environment.data.gov.uk/air-quality/so,GB_Network_1,Station_GB1024A,,GB_SamplingPoint_74174,GB_StationProcess_918,GB_SamplingFeature_918,O3,http://dd.eionet.europa.eu/vocabulary/aq/pollutant/7,hour,50.8784599900,µg/m3,2018-08-26 11:00:00 +01:00,2018-08-26 12:00:00 +01:00,1,1
GB,http://environment.data.gov.uk/air-quality/so,GB_Network_1,Station_GB1024A,,GB_SamplingPoint_74174,GB_StationProcess_918,GB_SamplingFeature_918,O3,http://dd.eionet.europa.eu/vocabulary/aq/pollutant/7,hour,41.0051899900,µg/m3,2018-08-26 12:00:00 +01:00,2018-08-26 13:00:00 +01:00,1,1
GB,http://environment.data.gov.uk/air-quality/so,GB_Network_1,Station_GB1024A,,GB_SamplingPoint_74174,GB_StationProcess_918,GB_SamplingFeature_918,O3,http://dd.eionet.europa.eu/vocabulary/aq/pollutant/7,hour,48.3434299900,µg/m3,2018-08-26 13:00:00 +01:00,2018-08-26 14:00:00 +01:00,1,1
GB,http://environment.data.gov.uk/air-quality/so,GB_Network_1,Station_GB1024A,,GB_SamplingPoint_74174,GB_StationProcess_918,GB_SamplingFeature_918,O3,http://dd.eionet.europa.eu/vocabulary/aq/pollutant/7,hour,46.8757799900,µg/m3,2018-08-26 15:00:00 +01:00,2018-08-26 16:00:00 +01:00,1,1
GB,http://environment.data.gov.uk/air-quality/so,GB_Network_1,Station_GB1024A,,GB_SamplingPoint_74174,GB_StationProcess_918,GB_SamplingFeature_918,O3,http://dd.eionet.europa.eu/vocabulary/aq/pollutant/7,hour,35.4903899900,µg/m3,2018-08-26 18:00:00 +01:00,2018-08-26 19:00:00 +01:00,1,1
GB,http://environment.data.gov.uk/air-quality/so,GB_Network_1,Station_GB1024A,,GB_SamplingPoint_74174,GB_StationProcess_918,GB_SamplingFeature_918,O3,http://dd.eionet.europa.eu/vocabulary/aq/pollutant/7,hour,21.2586599900,µg/m3,2018-08-26 21:00:00 +01:00,2018-08-26 22:00:00 +01:00,1,1
GB,http://environment.data.gov.uk/air-quality/so,GB_Network_1,Station_GB1024A,,GB_SamplingPoint_74174,GB_StationProcess_918,GB_SamplingFeature_918,O3,http://dd.eionet.europa.eu/vocabulary/aq/pollutant/7,hour,30.3313899900,µg/m3,2018-08-26 23:00:00 +01:00,2018-08-27 00:00:00 +01:00,1,1
GB,http://environment.data.gov.uk/air-quality/so,GB_Network_1,Station_GB1024A,,GB_SamplingPoint_74174,GB_StationProcess_918,GB_SamplingFeature_918,O3,http://dd.eionet.europa.eu/vocabulary/aq/pollutant/7,hour,29.2343599900,µg/m3,2018-08-27 01:00:00 +01:00,2018-08-27 02:00:00 +01:00,1,1
GB,http://environment.data.gov.uk/air-quality/so,GB_Network_1,Station_GB1024A,,GB_SamplingPoint_74174,GB_StationProcess_918,GB_SamplingFeature_918,O3,http://dd.eionet.europa.eu/vocabulary/aq/pollutant/7,hour,27.6629399900,µg/m3,2018-08-27 06:00:00 +01:00,2018-08-27 07:00:00 +01:00,1,1
GB,http://environment.data.gov.uk/air-quality/so,GB_Network_1,Station_GB1024A,,GB_SamplingPoint_74174,GB_StationProcess_918,GB_SamplingFeature_918,O3,http://dd.eionet.europa.eu/vocabulary/aq/pollutant/7,hour,37.2248799900,µg/m3,2018-08-27 08:00:00 +01:00,2018-08-27 09:00:00 +01:00,1,1
GB,http://environment.data.gov.uk/air-quality/so,GB_Network_1,Station_GB1024A,,GB_SamplingPoint_74174,GB_StationProcess_918,GB_SamplingFeature_918,O3,http://dd.eionet.europa.eu/vocabulary/aq/pollutant/7,hour,39.2262199900,µg/m3,2018-08-27 09:00:00 +01:00,2018-08-27 10:00:00 +01:00,1,1
GB,http://environment.data.gov.uk/air-quality/so,GB_Network_1,Station_GB1024A,,GB_SamplingPoint_74174,GB_StationProcess_918,GB_SamplingFeature_918,O3,http://dd.eionet.europa.eu/vocabulary/aq/pollutant/7,hour,47.7652599900,µg/m3,2018-08-27 14:00:00 +01:00,2018-08-27 15:00:00 +01:00,1,1
GB,http://environment.data.gov.uk/air-quality/so,GB_Network_1,Station_GB1024A,,GB_SamplingPoint_74174,GB_StationProcess_918,GB_SamplingFeature_918,O3,http://dd.eionet.europa.eu/vocabulary/aq/pollutant/7,hour,49.3663299900,µg/m3,2018-08-27 16:00:00 +01:00,2018-08-27 17:00:00 +01:00,1,1
GB,http://environment.data.gov.uk/air-quality/so,GB_Network_1,Station_GB1024A,,GB_SamplingPoint_74174,GB_StationProcess_918,GB_SamplingFeature_918,O3,http://dd.eionet.europa.eu/vocabulary/aq/pollutant/7,hour,34.2895899900,µg/m3,2018-08-27 20:00:00 +01:00,2018-08-27 21:00:00 +01:00,1,1
GB,http://environment.data.gov.uk/air-quality/so,GB_Network_1,Station_GB1024A,,GB_SamplingPoint_74174,GB_StationProcess_918,GB_SamplingFeature_918,O3,http://dd.eionet.europa.eu/vocabulary/aq/pollutant/7,hour,33.4001099900,µg/m3,2018-08-27 23:00:00 +01:00,2018-08-28 00:00:00 +01:00,1,1
GB,http://environment.data.gov.uk/air-quality/so,GB_Network_1,Station_GB1024A,,GB_SamplingPoint_74174,GB_StationProcess_918,GB_SamplingFeature_918,O3,http://dd.eionet.europa.eu/vocabulary/aq/pollutant/7,hour,26.4621299900,µg/m3,2018-08-28 03:00:00 +01:00,2018-08-28 04:00:00 +01:00,1,1
GB,http://environment.data.gov.uk/air-quality/so,GB_Network_1,Station_GB1024A,,GB_SamplingPoint_74174,GB_StationProcess_918,GB_SamplingFeature_918,O3,http://dd.eionet.europa.eu/vocabulary/aq/pollutant/7,hour,19.7020599900,µg/m3,2018-08-28 04:00:00 +01:00,2018-08-28 05:00:00 +01:00,1,1
GB,http://environment.data.gov.uk/air-quality/so,GB_Network_1,Station_GB1024A,,GB_SamplingPoint_74174,GB_StationProcess_918,GB_SamplingFeature_918,O3,http://dd.eionet.europa.eu/vocabulary/aq/pollutant/7,hour,30.4203399900,µg/m3,2018-08-28 09:00:00 +01:00,2018-08-28 10:00:00 +01:00,1,1
GB,http://environment.data.gov.uk/air-quality/so,GB_Network_1,Station_GB1024A,,GB_SamplingPoint_74174,GB_StationProcess_918,GB_SamplingFeature_918,O3,http://dd.eionet.europa.eu/vocabulary/aq/pollutant/7,hour,42.0725699900,µg/m3,2018-08-28 12:00:00 +01:00,2018-08-28 13:00:00 +01:00,1,1
GB,http://environment.data.gov.uk/air-quality/so,GB_Network_1,Station_GB1024A,,GB_SamplingPoint_74174,GB_StationProcess_918,GB_SamplingFeature_918,O3,http://dd.eionet.europa.eu/vocabulary/aq/pollutant/7,hour,53.5024299900,µg/m3,2018-08-28 13:00:00 +01:00,2018-08-28 14:00:00 +01:00,1,1
GB,http://environment.data.gov.uk/air-quality/so,GB_Network_1,Station_GB1024A,,GB_SamplingPoint_74174,GB_StationProcess_918,GB_SamplingFeature_918,O3,http://dd.eionet.europa.eu/vocabulary/aq/pollutant/7,hour,55.9929899900,µg/m3,2018-08-28 14:00:00 +01:00,2018-08-28 15:00:00 +01:00,1,1
GB,http://environment.data.gov.uk/air-quality/so,GB_Network_1,Station_GB1024A,,GB_SamplingPoint_74174,GB_StationProcess_918,GB_SamplingFeature_918,O3,http://dd.eionet.europa.eu/vocabulary/aq/pollutant/7,hour,56.7490499900,µg/m3,2018-08-28 15:00:00 +01:00,2018-08-28 16:00:00 +01:00,1,1
GB,http://environment.data.gov.uk/air-quality/so,GB_Network_1,Station_GB1024A,,GB_SamplingPoint_74174,GB_StationProcess_918,GB_SamplingFeature_918,O3,http://dd.eionet.europa.eu/vocabulary/aq/pollutant/7,hour,53.2800599900,µg/m3,2018-08-28 17:00:00 +01:00,2018-08-28 18:00:00 +01:00,1,1
GB,http://environment.data.gov.uk/air-quality/so,GB_Network_1,Station_GB1024A,,GB_SamplingPoint_74174,GB_StationProcess_918,GB_SamplingFeature_918,O3,http://dd.eionet.europa.eu/vocabulary/aq/pollutant/7,hour,45.5415599900,µg/m3,2018-08-28 19:00:00 +01:00,2018-08-28 20:00:00 +01:00,1,1
GB,http://environment.data.gov.uk/air-quality/so,GB_Network_1,Station_GB1024A,,GB_SamplingPoint_74174,GB_StationProcess_918,GB_SamplingFeature_918,O3,http://dd.eionet.europa.eu/vocabulary/aq/pollutant/7,hour,19.5686399900,µg/m3,2018-08-28 22:00:00 +01:00,2018-08-28 23:00:00 +01:00,1,1
GB,http://environment.data.gov.uk/air-quality/so,GB_Network_1,Station_GB1024A,,GB_SamplingPoint_74174,GB_StationProcess_918,GB_SamplingFeature_918,O3,http://dd.eionet.europa.eu/vocabulary/aq/pollutant/7,hour,18.0565199900,µg/m3,2018-08-28 23:00:00 +01:00,2018-08-29 00:00:00 +01:00,1,1
GB,http://environment.data.gov.uk/air-quality/so,GB_Network_1,Station_GB1024A,,GB_SamplingPoint_74174,GB_StationProcess_918,GB_SamplingFeature_918,O3,http://dd.eionet.europa.eu/vocabulary/aq/pollutant/7,hour,4.5363699900,µg/m3,2018-08-29 00:00:00 +01:00,2018-08-29 01:00:00 +01:00,2,1
GB,http://environment.data.gov.uk/air-quality/so,GB_Network_1,Station_GB1024A,,GB_SamplingPoint_74174,GB_StationProcess_918,GB_SamplingFeature_918,O3,http://dd.eionet.europa.eu/vocabulary/aq/pollutant/7,hour,2.1940599900,µg/m3,2018-08-29 01:00:00 +01:00,2018-08-29 02:00:00 +01:00,2,1
GB,http://environment.data.gov.uk/air-quality/so,GB_Network_1,Station_GB1024A,,GB_SamplingPoint_74174,GB_StationProcess_918,GB_SamplingFeature_918,O3,http://dd.eionet.europa.eu/vocabulary/aq/pollutant/7,hour,1.5121199900,µg/m3,2018-08-29 04:00:00 +01:00,2018-08-29 05:00:00 +01:00,2,1
GB,http://environment.data.gov.uk/air-quality/so,GB_Network_1,Station_GB1024A,,GB_SamplingPoint_74174,GB_StationProcess_918,GB_SamplingFeature_918,O3,http://dd.eionet.europa.eu/vocabulary/aq/pollutant/7,hour,12.7196099900,µg/m3,2018-08-29 07:00:00 +01:00,2018-08-29 08:00:00 +01:00,1,1
GB,http://environment.data.gov.uk/air-quality/so,GB_Network_1,Station_GB1024A,,GB_SamplingPoint_74174,GB_StationProcess_918,GB_SamplingFeature_918,O3,http://dd.eionet.europa.eu/vocabulary/aq/pollutant/7,hour,9.7398399900,µg/m3,2018-08-29 10:00:00 +01:00,2018-08-29 11:00:00 +01:00,1,1
GB,http://environment.data.gov.uk/air-quality/so,GB_Network_1,Station_GB1024A,,GB_SamplingPoint_74174,GB_StationProcess_918,GB_SamplingFeature_918,O3,http://dd.eionet.europa.eu/vocabulary/aq/pollutant/7,hour,14.8543699900,µg/m3,2018-08-29 11:00:00 +01:00,2018-08-29 12:00:00 +01:00,1,1
GB,http://environment.data.gov.uk/air-quality/so,GB_Network_1,Station_GB1024A,,GB_SamplingPoint_74174,GB_StationProcess_918,GB_SamplingFeature_918,O3,http://dd.eionet.europa.eu/vocabulary/aq/pollutant/7,hour,30.4203399900,µg/m3,2018-08-29 12:00:00 +01:00,2018-08-29 13:00:00 +01:00,1,1
GB,http://environment.data.gov.uk/air-quality/so,GB_Network_1,Station_GB1024A,,GB_SamplingPoint_74174,GB_StationProcess_918,GB_SamplingFeature_918,O3,http://dd.eionet.europa.eu/vocabulary/aq/pollutant/7,hour,49.8110799900,µg/m3,2018-08-29 14:00:00 +01:00,2018-08-29 15:00:00 +01:00,1,1
GB,http://environment.data.gov.uk/air-quality/so,GB_Network_1,Station_GB1024A,,GB_SamplingPoint_74174,GB_StationProcess_918,GB_SamplingFeature_918,O3,http://dd.eionet.europa.eu/vocabulary/aq/pollutant/7,hour,53.5024299900,µg/m3,2018-08-29 16:00:00 +01:00,2018-08-29 17:00:00 +01:00,1,1
GB,http://environment.data.gov.uk/air-quality/so,GB_Network_1,Station_GB1024A,,GB_SamplingPoint_74174,GB_StationProcess_918,GB_SamplingFeature_918,O3,http://dd.eionet.europa.eu/vocabulary/aq/pollutant/7,hour,71.2464899900,µg/m3,2018-09-03 10:00:00 +01:00,2018-09-03 11:00:00 +01:00,1,1
GB,http://environment.data.gov.uk/air-quality/so,GB_Network_1,Station_GB1024A,,GB_SamplingPoint_74174,GB_StationProcess_918,GB_SamplingFeature_918,O3,http://dd.eionet.europa.eu/vocabulary/aq/pollutant/7,hour,79.2791799900,µg/m3,2018-09-03 11:00:00 +01:00,2018-09-03 12:00:00 +01:00,1,1
GB,http://environment.data.gov.uk/air-quality/so,GB_Network_1,Station_GB1024A,,GB_SamplingPoint_74174,GB_StationProcess_918,GB_SamplingFeature_918,O3,http://dd.eionet.europa.eu/vocabulary/aq/pollutant/7,hour,86.7630599900,µg/m3,2018-09-03 12:00:00 +01:00,2018-09-03 13:00:00 +01:00,1,1
GB,http://environment.data.gov.uk/air-quality/so,GB_Network_1,Station_GB1024A,,GB_SamplingPoint_74174,GB_StationProcess_918,GB_SamplingFeature_918,O3,http://dd.eionet.europa.eu/vocabulary/aq/pollutant/7,hour,100.3837099900,µg/m3,2018-09-03 14:00:00 +01:00,2018-09-03 15:00:00 +01:00,1,1
GB,http://environment.data.gov.uk/air-quality/so,GB_Network_1,Station_GB1024A,,GB_SamplingPoint_74174,GB_StationProcess_918,GB_SamplingFeature_918,O3,http://dd.eionet.europa.eu/vocabulary/aq/pollutant/7,hour,29.9853899900,µg/m3,2018-09-03 22:00:00 +01:00,2018-09-03 23:00:00 +01:00,1,1
GB,http://environment.data.gov.uk/air-quality/so,GB_Network_1,Station_GB1024A,,GB_SamplingPoint_74174,GB_StationProcess_918,GB_SamplingFeature_918,O3,http://dd.eionet.europa.eu/vocabulary/aq/pollutant/7,hour,8.8808699900,µg/m3,2018-09-04 03:00:00 +01:00,2018-09-04 04:00:00 +01:00,1,1
GB,http://environment.data.gov.uk/air-quality/so,GB_Network_1,Station_GB1024A,,GB_SamplingPoint_74174,GB_StationProcess_918,GB_SamplingFeature_918,O3,http://dd.eionet.europa.eu/vocabulary/aq/pollutant/7,hour,46.1505599900,µg/m3,2018-09-04 06:00:00 +01:00,2018-09-04 07:00:00 +01:00,1,1
GB,http://environment.data.gov.uk/air-quality/so,GB_Network_1,Station_GB1024A,,GB_SamplingPoint_74174,GB_StationProcess_918,GB_SamplingFeature_918,O3,http://dd.eionet.europa.eu/vocabulary/aq/pollutant/7,hour,57.6258399900,µg/m3,2018-09-04 10:00:00 +01:00,2018-09-04 11:00:00 +01:00,1,1
GB,http://environment.data.gov.uk/air-quality/so,GB_Network_1,Station_GB1024A,,GB_SamplingPoint_74174,GB_StationProcess_918,GB_SamplingFeature_918,O3,http://dd.eionet.europa.eu/vocabulary/aq/pollutant/7,hour,70.6477799900,µg/m3,2018-09-04 13:00:00 +01:00,2018-09-04 14:00:00 +01:00,1,1
GB,http://environment.data.gov.uk/air-quality/so,GB_Network_1,Station_GB1024A,,GB_SamplingPoint_74174,GB_StationProcess_918,GB_SamplingFeature_918,O3,http://dd.eionet.europa.eu/vocabulary/aq/pollutant/7,hour,75.2378899900,µg/m3,2018-09-04 14:00:00 +01:00,2018-09-04 15:00:00 +01:00,1,1
GB,http://environment.data.gov.uk/air-quality/so,GB_Network_1,Station_GB1024A,,GB_SamplingPoint_74174,GB_StationProcess_918,GB_SamplingFeature_918,O3,http://dd.eionet.europa.eu/vocabulary/aq/pollutant/7,hour,76.3854199900,µg/m3,2018-09-04 15:00:00 +01:00,2018-09-04 16:00:00 +01:00,1,1
GB,http://environment.data.gov.uk/air-quality/so,GB_Network_1,Station_GB1024A,,GB_SamplingPoint_74174,GB_StationProcess_918,GB_SamplingFeature_918,O3,http://dd.eionet.europa.eu/vocabulary/aq/pollutant/7,hour,76.7845599900,µg/m3,2018-09-04 16:00:00 +01:00,2018-09-04 17:00:00 +01:00,1,1
GB,http://environment.data.gov.uk/air-quality/so,GB_Network_1,Station_GB1024A,,GB_SamplingPoint_74174,GB_StationProcess_918,GB_SamplingFeature_918,O3,http://dd.eionet.europa.eu/vocabulary/aq/pollutant/7,hour,66.6064899900,µg/m3,2018-09-04 19:00:00 +01:00,2018-09-04 20:00:00 +01:00,1,1
GB,http://environment.data.gov.uk/air-quality/so,GB_Network_1,Station_GB1024A,,GB_SamplingPoint_74174,GB_StationProcess_918,GB_SamplingFeature_918,O3,http://dd.eionet.europa.eu/vocabulary/aq/pollutant/7,hour,62.7647699900,µg/m3,2018-09-04 20:00:00 +01:00,2018-09-04 21:00:00 +01:00,1,1
GB,http://environment.data.gov.uk/air-quality/so,GB_Network_1,Station_GB1024A,,GB_SamplingPoint_74174,GB_StationProcess_918,GB_SamplingFeature_918,O3,http://dd.eionet.europa.eu/vocabulary/aq/pollutant/7,hour,48.8946499900,µg/m3,2018-09-05 00:00:00 +01:00,2018-09-05 01:00:00 +01:00,1,1
GB,http://environment.data.gov.uk/air-quality/so,GB_Network_1,Station_GB1024A,,GB_SamplingPoint_74174,GB_StationProcess_918,GB_SamplingFeature_918,O3,http://dd.eionet.europa.eu/vocabulary/aq/pollutant/7,hour,51.8881999900,µg/m3,2018-09-05 02:00:00 +01:00,2018-09-05 03:00:00 +01:00,1,1
GB,http://environment.data.gov.uk/air-quality/so,GB_Network_1,Station_GB1024A,,GB_SamplingPoint_74174,GB_StationProcess_918,GB_SamplingFeature_918,O3,http://dd.eionet.europa.eu/vocabulary/aq/pollutant/7,hour,44.8034699900,µg/m3,2018-09-05 04:00:00 +01:00,2018-09-05 05:00:00 +01:00,1,1
GB,http://environment.data.gov.uk/air-quality/so,GB_Network_1,Station_GB1024A,,GB_SamplingPoint_74174,GB_StationProcess_918,GB_SamplingFeature_918,O3,http://dd.eionet.europa.eu/vocabulary/aq/pollutant/7,hour,44.7036799900,µg/m3,2018-09-05 05:00:00 +01:00,2018-09-05 06:00:00 +01:00,1,1
GB,http://environment.data.gov.uk/air-quality/so,GB_Network_1,Station_GB1024A,,GB_SamplingPoint_74174,GB_StationProcess_918,GB_SamplingFeature_918,O3,http://dd.eionet.europa.eu/vocabulary/aq/pollutant/7,hour,46.8989499900,µg/m3,2018-09-05 06:00:00 +01:00,2018-09-05 07:00:00 +01:00,1,1
GB,http://environment.data.gov.uk/air-quality/so,GB_Network_1,Station_GB1024A,,GB_SamplingPoint_74174,GB_StationProcess_918,GB_SamplingFeature_918,O3,http://dd.eionet.europa.eu/vocabulary/aq/pollutant/7,hour,53.0856199900,µg/m3,2018-09-05 10:00:00 +01:00,2018-09-05 11:00:00 +01:00,1,1
GB,http://environment.data.gov.uk/air-quality/so,GB_Network_1,Station_GB1024A,,GB_SamplingPoint_74174,GB_StationProcess_918,GB_SamplingFeature_918,O3,http://dd.eionet.europa.eu/vocabulary/aq/pollutant/7,hour,77.6327299900,µg/m3,2018-09-05 14:00:00 +01:00,2018-09-05 15:00:00 +01:00,1,1
GB,http://environment.data.gov.uk/air-quality/so,GB_Network_1,Station_GB1024A,,GB_SamplingPoint_74174,GB_StationProcess_918,GB_SamplingFeature_918,O3,http://dd.eionet.europa.eu/vocabulary/aq/pollutant/7,hour,82.0232699900,µg/m3,2018-09-05 16:00:00 +01:00,2018-09-05 17:00:00 +01:00,1,1
GB,http://environment.data.gov.uk/air-quality/so,GB_Network_1,Station_GB1024A,,GB_SamplingPoint_74174,GB_StationProcess_918,GB_SamplingFeature_918,O3,http://dd.eionet.europa.eu/vocabulary/aq/pollutant/7,hour,78.8800399900,µg/m3,2018-09-05 17:00:00 +01:00,2018-09-05 18:00:00 +01:00,1,1
GB,http://environment.data.gov.uk/air-quality/so,GB_Network_1,Station_GB1024A,,GB_SamplingPoint_74174,GB_StationProcess_918,GB_SamplingFeature_918,O3,http://dd.eionet.europa.eu/vocabulary/aq/pollutant/7,hour,68.3527299900,µg/m3,2018-09-05 19:00:00 +01:00,2018-09-05 20:00:00 +01:00,1,1
GB,http://environment.data.gov.uk/air-quality/so,GB_Network_1,Station_GB1024A,,GB_SamplingPoint_74174,GB_StationProcess_918,GB_SamplingFeature_918,O3,http://dd.eionet.europa.eu/vocabulary/aq/pollutant/7,hour,58.7234699900,µg/m3,2018-09-05 20:00:00 +01:00,2018-09-05 21:00:00 +01:00,1,1
GB,http://environment.data.gov.uk/air-quality/so,GB_Network_1,Station_GB1024A,,GB_SamplingPoint_74174,GB_StationProcess_918,GB_SamplingFeature_918,O3,http://dd.eionet.europa.eu/vocabulary/aq/pollutant/7,hour,36.3217399900,µg/m3,2018-09-05 22:00:00 +01:00,2018-09-05 23:00:00 +01:00,1,1
GB,http://environment.data.gov.uk/air-quality/so,GB_Network_1,Station_GB1024A,,GB_SamplingPoint_74174,GB_StationProcess_918,GB_SamplingFeature_918,O3,http://dd.eionet.europa.eu/vocabulary/aq/pollutant/7,hour,33.5776499900,µg/m3,2018-09-06 00:00:00 +01:00,2018-09-06 01:00:00 +01:00,1,1
GB,http://environment.data.gov.uk/air-quality/so,GB_Network_1,Station_GB1024A,,GB_SamplingPoint_74174,GB_StationProcess_918,GB_SamplingFeature_918,O3,http://dd.eionet.europa.eu/vocabulary/aq/pollutant/7,hour,28.5385099900,µg/m3,2018-09-06 01:00:00 +01:00,2018-09-06 02:00:00 +01:00,1,1
GB,http://environment.data.gov.uk/air-quality/so,GB_Network_1,Station_GB1024A,,GB_SamplingPoint_74174,GB_StationProcess_918,GB_SamplingFeature_918,O3,http://dd.eionet.europa.eu/vocabulary/aq/pollutant/7,hour,19.6909099900,µg/m3,2018-09-06 02:00:00 +01:00,2018-09-06 03:00:00 +01:00,1,1
GB,http://environment.data.gov.uk/air-quality/so,GB_Network_1,Station_GB1024A,,GB_SamplingPoint_74174,GB_StationProcess_918,GB_SamplingFeature_918,O3,http://dd.eionet.europa.eu/vocabulary/aq/pollutant/7,hour,56.3286299900,µg/m3,2018-09-06 11:00:00 +01:00,2018-09-06 12:00:00 +01:00,1,1
GB,http://environment.data.gov.uk/air-quality/so,GB_Network_1,Station_GB1024A,,GB_SamplingPoint_74174,GB_StationProcess_918,GB_SamplingFeature_918,O3,http://dd.eionet.europa.eu/vocabulary/aq/pollutant/7,hour,66.0077799900,µg/m3,2018-09-06 12:00:00 +01:00,2018-09-06 13:00:00 +01:00,1,1
GB,http://environment.data.gov.uk/air-quality/so,GB_Network_1,Station_GB1024A,,GB_SamplingPoint_74174,GB_StationProcess_918,GB_SamplingFeature_918,O3,http://dd.eionet.europa.eu/vocabulary/aq/pollutant/7,hour,72.4937999900,µg/m3,2018-09-06 13:00:00 +01:00,2018-09-06 14:00:00 +01:00,1,1
GB,http://environment.data.gov.uk/air-quality/so,GB_Network_1,Station_GB1024A,,GB_SamplingPoint_74174,GB_StationProcess_918,GB_SamplingFeature_918,O3,http://dd.eionet.europa.eu/vocabulary/aq/pollutant/7,hour,69.8993899900,µg/m3,2018-09-06 15:00:00 +01:00,2018-09-06 16:00:00 +01:00,1,1
GB,http://environment.data.gov.uk/air-quality/so,GB_Network_1,Station_GB1024A,,GB_SamplingPoint_74174,GB_StationProcess_918,GB_SamplingFeature_918,O3,http://dd.eionet.europa.eu/vocabulary/aq/pollutant/7,hour,49.6929299900,µg/m3,2018-09-06 18:00:00 +01:00,2018-09-06 19:00:00 +01:00,1,1
GB,http://environment.data.gov.uk/air-quality/so,GB_Network_1,Station_GB1024A,,GB_SamplingPoint_74174,GB_StationProcess_918,GB_SamplingFeature_918,O3,http://dd.eionet.europa.eu/vocabulary/aq/pollutant/7,hour,32.6795899900,µg/m3,2018-09-06 20:00:00 +01:00,2018-09-06 21:00:00 +01:00,1,1
GB,http://environment.data.gov.uk/air-quality/so,GB_Network_1,Station_GB1024A,,GB_SamplingPoint_74174,GB_StationProcess_918,GB_SamplingFeature_918,O3,http://dd.eionet.europa.eu/vocabulary/aq/pollutant/7,hour,36.7707699900,µg/m3,2018-09-06 23:00:00 +01:00,2018-09-07 00:00:00 +01:00,1,1
GB,http://environment.data.gov.uk/air-quality/so,GB_Network_1,Station_GB1024A,,GB_SamplingPoint_74174,GB_StationProcess_918,GB_SamplingFeature_918,O3,http://dd.eionet.europa.eu/vocabulary/aq/pollutant/7,hour,42.6081999900,µg/m3,2018-09-07 00:00:00 +01:00,2018-09-07 01:00:00 +01:00,1,1
GB,http://environment.data.gov.uk/air-quality/so,GB_Network_1,Station_GB1024A,,GB_SamplingPoint_74174,GB_StationProcess_918,GB_SamplingFeature_918,O3,http://dd.eionet.europa.eu/vocabulary/aq/pollutant/7,hour,39.5148599900,µg/m3,2018-09-07 03:00:00 +01:00,2018-09-07 04:00:00 +01:00,1,1
GB,http://environment.data.gov.uk/air-quality/so,GB_Network_1,Station_GB1024A,,GB_SamplingPoint_74174,GB_StationProcess_918,GB_SamplingFeature_918,O3,http://dd.eionet.europa.eu/vocabulary/aq/pollutant/7,hour,37.0701299900,µg/m3,2018-09-07 05:00:00 +01:00,2018-09-07 06:00:00 +01:00,1,1
GB,http://environment.data.gov.uk/air-quality/so,GB_Network_1,Station_GB1024A,,GB_SamplingPoint_74174,GB_StationProcess_918,GB_SamplingFeature_918,O3,http://dd.eionet.europa.eu/vocabulary/aq/pollutant/7,hour,25.9440999900,µg/m3,2018-09-07 08:00:00 +01:00,2018-09-07 09:00:00 +01:00,1,1
GB,http://environment.data.gov.uk/air-quality/so,GB_Network_1,Station_GB1024A,,GB_SamplingPoint_74174,GB_StationProcess_918,GB_SamplingFeature_918,O3,http://dd.eionet.europa.eu/vocabulary/aq/pollutant/7,hour,33.6275499900,µg/m3,2018-09-07 09:00:00 +01:00,2018-09-07 10:00:00 +01:00,1,1
GB,http://environment.data.gov.uk/air-quality/so,GB_Network_1,Station_GB1024A,,GB_SamplingPoint_74174,GB_StationProcess_918,GB_SamplingFeature_918,O3,http://dd.eionet.europa.eu/vocabulary/aq/pollutant/7,hour,46.4499199900,µg/m3,2018-09-07 11:00:00 +01:00,2018-09-07 12:00:00 +01:00,1,1
GB,http://environment.data.gov.uk/air-quality/so,GB_Network_1,Station_GB1024A,,GB_SamplingPoint_74174,GB_StationProcess_918,GB_SamplingFeature_918,O3,http://dd.eionet.europa.eu/vocabulary/aq/pollutant/7,hour,61.7170199900,µg/m3,2018-09-07 15:00:00 +01:00,2018-09-07 16:00:00 +01:00,1,1
GB,http://environment.data.gov.uk/air-quality/so,GB_Network_1,Station_GB1024A,,GB_SamplingPoint_74174,GB_StationProcess_918,GB_SamplingFeature_918,O3,http://dd.eionet.europa.eu/vocabulary/aq/pollutant/7,hour,51.0899199900,µg/m3,2018-09-07 19:00:00 +01:00,2018-09-07 20:00:00 +01:00,1,1
GB,http://environment.data.gov.uk/air-quality/so,GB_Network_1,Station_GB1024A,,GB_SamplingPoint_74174,GB_StationProcess_918,GB_SamplingFeature_918,O3,http://dd.eionet.europa.eu/vocabulary/aq/pollutant/7,hour,4.2408599900,µg/m3,2018-09-07 21:00:00 +01:00,2018-09-07 22:00:00 +01:00,2,1
GB,http://environment.data.gov.uk/air-quality/so,GB_Network_1,Station_GB1024A,,GB_SamplingPoint_74174,GB_StationProcess_918,GB_SamplingFeature_918,O3,http://dd.eionet.europa.eu/vocabulary/aq/pollutant/7,hour,10.7268899900,µg/m3,2018-09-08 00:00:00 +01:00,2018-09-08 01:00:00 +01:00,1,1
GB,http://environment.data.gov.uk/air-quality/so,GB_Network_1,Station_GB1024A,,GB_SamplingPoint_74174,GB_StationProcess_918,GB_SamplingFeature_918,O3,http://dd.eionet.europa.eu/vocabulary/aq/pollutant/7,hour,18.4602299900,µg/m3,2018-09-08 05:00:00 +01:00,2018-09-08 06:00:00 +01:00,1,1
GB,http://environment.data.gov.uk/air-quality/so,GB_Network_1,Station_GB1024A,,GB_SamplingPoint_74174,GB_StationProcess_918,GB_SamplingFeature_918,O3,http://dd.eionet.europa.eu/vocabulary/aq/pollutant/7,hour,19.4580799900,µg/m3,2018-09-08 06:00:00 +01:00,2018-09-08 07:00:00 +01:00,1,1
GB,http://environment.data.gov.uk/air-quality/so,GB_Network_1,Station_GB1024A,,GB_SamplingPoint_74174,GB_StationProcess_918,GB_SamplingFeature_918,O3,http://dd.eionet.europa.eu/vocabulary/aq/pollutant/7,hour,16.7139899900,µg/m3,2018-09-08 07:00:00 +01:00,2018-09-08 08:00:00 +01:00,1,1
GB,http://environment.data.gov.uk/air-quality/so,GB_Network_1,Station_GB1024A,,GB_SamplingPoint_74174,GB_StationProcess_918,GB_SamplingFeature_918,O3,http://dd.eionet.europa.eu/vocabulary/aq/pollutant/7,hour,22.0524899900,µg/m3,2018-09-08 09:00:00 +01:00,2018-09-08 10:00:00 +01:00,1,1
GB,http://environment.data.gov.uk/air-quality/so,GB_Network_1,Station_GB1024A,,GB_SamplingPoint_74174,GB_StationProcess_918,GB_SamplingFeature_918,O3,http://dd.eionet.europa.eu/vocabulary/aq/pollutant/7,hour,45.2524999900,µg/m3,2018-09-08 11:00:00 +01:00,2018-09-08 12:00:00 +01:00,1,1
GB,http://environment.data.gov.uk/air-quality/so,GB_Network_1,Station_GB1024A,,GB_SamplingPoint_74174,GB_StationProcess_918,GB_SamplingFeature_918,O3,http://dd.eionet.europa.eu/vocabulary/aq/pollutant/7,hour,49.2438999900,µg/m3,2018-09-08 12:00:00 +01:00,2018-09-08 13:00:00 +01:00,1,1
GB,http://environment.data.gov.uk/air-quality/so,GB_Network_1,Station_GB1024A,,GB_SamplingPoint_74174,GB_StationProcess_918,GB_SamplingFeature_918,O3,http://dd.eionet.europa.eu/vocabulary/aq/pollutant/7,hour,60.0206799900,µg/m3,2018-09-08 14:00:00 +01:00,2018-09-08 15:00:00 +01:00,1,1
GB,http://environment.data.gov.uk/air-quality/so,GB_Network_1,Station_GB1024A,,GB_SamplingPoint_74174,GB_StationProcess_918,GB_SamplingFeature_918,O3,http://dd.eionet.europa.eu/vocabulary/aq/pollutant/7,hour,61.5673499900,µg/m3,2018-09-08 15:00:00 +01:00,2018-09-08 16:00:00 +01:00,1,1
GB,http://environment.data.gov.uk/air-quality/so,GB_Network_1,Station_GB1024A,,GB_SamplingPoint_74174,GB_StationProcess_918,GB_SamplingFeature_918,O3,http://dd.eionet.europa.eu/vocabulary/aq/pollutant/7,hour,62.0163799900,µg/m3,2018-09-08 16:00:00 +01:00,2018-09-08 17:00:00 +01:00,1,1
GB,http://environment.data.gov.uk/air-quality/so,GB_Network_1,Station_GB1024A,,GB_SamplingPoint_74174,GB_StationProcess_918,GB_SamplingFeature_918,O3,http://dd.eionet.europa.eu/vocabulary/aq/pollutant/7,hour,59.0228299900,µg/m3,2018-09-08 17:00:00 +01:00,2018-09-08 18:00:00 +01:00,1,1
GB,http://environment.data.gov.uk/air-quality/so,GB_Network_1,Station_GB1024A,,GB_SamplingPoint_74174,GB_StationProcess_918,GB_SamplingFeature_918,O3,http://dd.eionet.europa.eu/vocabulary/aq/pollutant/7,hour,53.8340099900,µg/m3,2018-09-08 19:00:00 +01:00,2018-09-08 20:00:00 +01:00,1,1
GB,http://environment.data.gov.uk/air-quality/so,GB_Network_1,Station_GB1024A,,GB_SamplingPoint_74174,GB_StationProcess_918,GB_SamplingFeature_918,O3,http://dd.eionet.europa.eu/vocabulary/aq/pollutant/7,hour,46.8989499900,µg/m3,2018-09-08 22:00:00 +01:00,2018-09-08 23:00:00 +01:00,1,1
GB,http://environment.data.gov.uk/air-quality/so,GB_Network_1,Station_GB1024A,,GB_SamplingPoint_74174,GB_StationProcess_918,GB_SamplingFeature_918,O3,http://dd.eionet.europa.eu/vocabulary/aq/pollutant/7,hour,42.7079799900,µg/m3,2018-09-08 23:00:00 +01:00,2018-09-09 00:00:00 +01:00,1,1
GB,http://environment.data.gov.uk/air-quality/so,GB_Network_1,Station_GB1024A,,GB_SamplingPoint_74174,GB_StationProcess_918,GB_SamplingFeature_918,O3,http://dd.eionet.europa.eu/vocabulary/aq/pollutant/7,hour,46.4998099900,µg/m3,2018-09-09 02:00:00 +01:00,2018-09-09 03:00:00 +01:00,1,1
GB,http://environment.data.gov.uk/air-quality/so,GB_Network_1,Station_GB1024A,,GB_SamplingPoint_74174,GB_StationProcess_918,GB_SamplingFeature_918,O3,http://dd.eionet.europa.eu/vocabulary/aq/pollutant/7,hour,49.3436799900,µg/m3,2018-09-09 03:00:00 +01:00,2018-09-09 04:00:00 +01:00,1,1
GB,http://environment.data.gov.uk/air-quality/so,GB_Network_1,Station_GB1024A,,GB_SamplingPoint_74174,GB_StationProcess_918,GB_SamplingFeature_918,O3,http://dd.eionet.europa.eu/vocabulary/aq/pollutant/7,hour,48.8946499900,µg/m3,2018-09-09 04:00:00 +01:00,2018-09-09 05:00:00 +01:00,1,1
GB,http://environment.data.gov.uk/air-quality/so,GB_Network_1,Station_GB1024A,,GB_SamplingPoint_74174,GB_StationProcess_918,GB_SamplingFeature_918,O3,http://dd.eionet.europa.eu/vocabulary/aq/pollutant/7,hour,44.7036799900,µg/m3,2018-09-09 07:00:00 +01:00,2018-09-09 08:00:00 +01:00,1,1
GB,http://environment.data.gov.uk/air-quality/so,GB_Network_1,Station_GB1024A,,GB_SamplingPoint_74174,GB_StationProcess_918,GB_SamplingFeature_918,O3,http://dd.eionet.europa.eu/vocabulary/aq/pollutant/7,hour,53.1355099900,µg/m3,2018-09-09 09:00:00 +01:00,2018-09-09 10:00:00 +01:00,1,1
GB,http://environment.data.gov.uk/air-quality/so,GB_Network_1,Station_GB1024A,,GB_SamplingPoint_74174,GB_StationProcess_918,GB_SamplingFeature_918,O3,http://dd.eionet.europa.eu/vocabulary/aq/pollutant/7,hour,77.6327299900,µg/m3,2018-09-09 14:00:00 +01:00,2018-09-09 15:00:00 +01:00,1,1
GB,http://environment.data.gov.uk/air-quality/so,GB_Network_1,Station_GB1024A,,GB_SamplingPoint_74174,GB_StationProcess_918,GB_SamplingFeature_918,O3,http://dd.eionet.europa.eu/vocabulary/aq/pollutant/7,hour,76.8843399900,µg/m3,2018-09-09 15:00:00 +01:00,2018-09-09 16:00:00 +01:00,1,1
GB,http://environment.data.gov.uk/air-quality/so,GB_Network_1,Station_GB1024A,,GB_SamplingPoint_74174,GB_StationProcess_918,GB_SamplingFeature_918,O3,http://dd.eionet.europa.eu/vocabulary/aq/pollutant/7,hour,73.7411199900,µg/m3,2018-09-09 16:00:00 +01:00,2018-09-09 17:00:00 +01:00,1,1
GB,http://environment.data.gov.uk/air-quality/so,GB_Network_1,Station_GB1024A,,GB_SamplingPoint_74174,GB_StationProcess_918,GB_SamplingFeature_918,O3,http://dd.eionet.europa.eu/vocabulary/aq/pollutant/7,hour,55.3307799900,µg/m3,2018-09-09 21:00:00 +01:00,2018-09-09 22:00:00 +01:00,1,1
GB,http://environment.data.gov.uk/air-quality/so,GB_Network_1,Station_GB1024A,,GB_SamplingPoint_74174,GB_StationProcess_918,GB_SamplingFeature_918,O3,http://dd.eionet.europa.eu/vocabulary/aq/pollutant/7,hour,49.1940099900,µg/m3,2018-09-09 22:00:00 +01:00,2018-09-09 23:00:00 +01:00,1,1
GB,http://environment.data.gov.uk/air-quality/so,GB_Network_1,Station_GB1024A,,GB_SamplingPoint_74174,GB_StationProcess_918,GB_SamplingFeature_918,O3,http://dd.eionet.europa.eu/vocabulary/aq/pollutant/7,hour,37.6189499900,µg/m3,2018-09-10 04:00:00 +01:00,2018-09-10 05:00:00 +01:00,1,1
GB,http://environment.data.gov.uk/air-quality/so,GB_Network_1,Station_GB1024A,,GB_SamplingPoint_74174,GB_StationProcess_918,GB_SamplingFeature_918,O3,http://dd.eionet.europa.eu/vocabulary/aq/pollutant/7,hour,22.7509799900,µg/m3,2018-09-10 06:00:00 +01:00,2018-09-10 07:00:00 +01:00,1,1
GB,http://environment.data.gov.uk/air-quality/so,GB_Network_1,Station_GB1024A,,GB_SamplingPoint_74174,GB_StationProcess_918,GB_SamplingFeature_918,O3,http://dd.eionet.europa.eu/vocabulary/aq/pollutant/7,hour,20.3062499900,µg/m3,2018-09-10 07:00:00 +01:00,2018-09-10 08:00:00 +01:00,1,1
GB,http://environment.data.gov.uk/air-quality/so,GB_Network_1,Station_GB1024A,,GB_SamplingPoint_74174,GB_StationProcess_918,GB_SamplingFeature_918,O3,http://dd.eionet.europa.eu/vocabulary/aq/pollutant/7,hour,20.0567899900,µg/m3,2018-09-10 08:00:00 +01:00,2018-09-10 09:00:00 +01:00,1,1
GB,http://environment.data.gov.uk/air-quality/so,GB_Network_1,Station_GB1024A,,GB_SamplingPoint_74174,GB_StationProcess_918,GB_SamplingFeature_918,O3,http://dd.eionet.europa.eu/vocabulary/aq/pollutant/7,hour,66.5066999900,µg/m3,2018-09-10 14:00:00 +01:00,2018-09-10 15:00:00 +01:00,1,1
GB,http://environment.data.gov.uk/air-quality/so,GB_Network_1,Station_GB1024A,,GB_SamplingPoint_74174,GB_StationProcess_918,GB_SamplingFeature_918,O3,http://dd.eionet.europa.eu/vocabulary/aq/pollutant/7,hour,68.5023999900,µg/m3,2018-09-10 16:00:00 +01:00,2018-09-10 17:00:00 +01:00,1,1
GB,http://environment.data.gov.uk/air-quality/so,GB_Network_1,Station_GB1024A,,GB_SamplingPoint_74174,GB_StationProcess_918,GB_SamplingFeature_918,O3,http://dd.eionet.europa.eu/vocabulary/aq/pollutant/7,hour,66.6064899900,µg/m3,2018-09-10 18:00:00 +01:00,2018-09-10 19:00:00 +01:00,1,1
GB,http://environment.data.gov.uk/air-quality/so,GB_Network_1,Station_GB1024A,,GB_SamplingPoint_74174,GB_StationProcess_918,GB_SamplingFeature_918,O3,http://dd.eionet.europa.eu/vocabulary/aq/pollutant/7,hour,54.0834699900,µg/m3,2018-09-10 20:00:00 +01:00,2018-09-10 21:00:00 +01:00,1,1
GB,http://environment.data.gov.uk/air-quality/so,GB_Network_1,Station_GB1024A,,GB_SamplingPoint_74174,GB_StationProcess_918,GB_SamplingFeature_918,O3,http://dd.eionet.europa.eu/vocabulary/aq/pollutant/7,hour,52.8860499900,µg/m3,2018-09-11 00:00:00 +01:00,2018-09-11 01:00:00 +01:00,1,1
GB,http://environment.data.gov.uk/air-quality/so,GB_Network_1,Station_GB1024A,,GB_SamplingPoint_74174,GB_StationProcess_918,GB_SamplingFeature_918,O3,http://dd.eionet.europa.eu/vocabulary/aq/pollutant/7,hour,50.6408899900,µg/m3,2018-09-11 03:00:00 +01:00,2018-09-11 04:00:00 +01:00,1,1
GB,http://environment.data.gov.uk/air-quality/so,GB_Network_1,Station_GB1024A,,GB_SamplingPoint_74174,GB_StationProcess_918,GB_SamplingFeature_918,O3,http://dd.eionet.europa.eu/vocabulary/aq/pollutant/7,hour,48.1961599900,µg/m3,2018-09-11 08:00:00 +01:00,2018-09-11 09:00:00 +01:00,1,1
GB,http://environment.data.gov.uk/air-quality/so,GB_Network_1,Station_GB1024A,,GB_SamplingPoint_74174,GB_StationProcess_918,GB_SamplingFeature_918,O3,http://dd.eionet.europa.eu/vocabulary/aq/pollutant/7,hour,46.0008899900,µg/m3,2018-09-11 09:00:00 +01:00,2018-09-11 10:00:00 +01:00,1,1
GB,http://environment.data.gov.uk/air-quality/so,GB_Network_1,Station_GB1024A,,GB_SamplingPoint_74174,GB_StationProcess_918,GB_SamplingFeature_918,O3,http://dd.eionet.europa.eu/vocabulary/aq/pollutant/7,hour,37.7686199900,µg/m3,2018-09-11 14:00:00 +01:00,2018-09-11 15:00:00 +01:00,1,1
GB,http://environment.data.gov.uk/air-quality/so,GB_Network_1,Station_GB1024A,,GB_SamplingPoint_74174,GB_StationProcess_918,GB_SamplingFeature_918,O3,http://dd.eionet.europa.eu/vocabulary/aq/pollutant/7,hour,36.7707699900,µg/m3,2018-09-11 15:00:00 +01:00,2018-09-11 16:00:00 +01:00,1,1
GB,http://environment.data.gov.uk/air-quality/so,GB_Network_1,Station_GB1024A,,GB_SamplingPoint_74174,GB_StationProcess_918,GB_SamplingFeature_918,O3,http://dd.eionet.europa.eu/vocabulary/aq/pollutant/7,hour,34.4258299900,µg/m3,2018-09-11 18:00:00 +01:00,2018-09-11 19:00:00 +01:00,1,1
GB,http://environment.data.gov.uk/air-quality/so,GB_Network_1,Station_GB1024A,,GB_SamplingPoint_74174,GB_StationProcess_918,GB_SamplingFeature_918,O3,http://dd.eionet.europa.eu/vocabulary/aq/pollutant/7,hour,32.1307699900,µg/m3,2018-09-11 19:00:00 +01:00,2018-09-11 20:00:00 +01:00,1,1
GB,http://environment.data.gov.uk/air-quality/so,GB_Network_1,Station_GB1024A,,GB_SamplingPoint_74174,GB_StationProcess_918,GB_SamplingFeature_918,O3,http://dd.eionet.europa.eu/vocabulary/aq/pollutant/7,hour,47.9466899900,µg/m3,2018-09-12 04:00:00 +01:00,2018-09-12 05:00:00 +01:00,1,1
GB,http://environment.data.gov.uk/air-quality/so,GB_Network_1,Station_GB1024A,,GB_SamplingPoint_74174,GB_StationProcess_918,GB_SamplingFeature_918,O3,http://dd.eionet.europa.eu/vocabulary/aq/pollutant/7,hour,40.6124999900,µg/m3,2018-09-12 05:00:00 +01:00,2018-09-12 06:00:00 +01:00,1,1
GB,http://environment.data.gov.uk/air-quality/so,GB_Network_1,Station_GB1024A,,GB_SamplingPoint_74174,GB_StationProcess_918,GB_SamplingFeature_918,O3,http://dd.eionet.europa.eu/vocabulary/aq/pollutant/7,hour,39.7643199900,µg/m3,2018-09-12 06:00:00 +01:00,2018-09-12 07:00:00 +01:00,1,1
GB,http://environment.data.gov.uk/air-quality/so,GB_Network_1,Station_GB1024A,,GB_SamplingPoint_74174,GB_StationProcess_918,GB_SamplingFeature_918,O3,http://dd.eionet.europa.eu/vocabulary/aq/pollutant/7,hour,46.9488399900,µg/m3,2018-09-12 16:00:00 +01:00,2018-09-12 17:00:00 +01:00,1,1
GB,http://environment.data.gov.uk/air-quality/so,GB_Network_1,Station_GB1024A,,GB_SamplingPoint_74174,GB_StationProcess_918,GB_SamplingFeature_918,O3,http://dd.eionet.europa.eu/vocabulary/aq/pollutant/7,hour,36.8705599900,µg/m3,2018-09-12 18:00:00 +01:00,2018-09-12 19:00:00 +01:00,1,1
GB,http://environment.data.gov.uk/air-quality/so,GB_Network_1,Station_GB1024A,,GB_SamplingPoint_74174,GB_StationProcess_918,GB_SamplingFeature_918,O3,http://dd.eionet.europa.eu/vocabulary/aq/pollutant/7,hour,1.1974199900,µg/m3,2018-09-12 21:00:00 +01:00,2018-09-12 22:00:00 +01:00,2,1
GB,http://environment.data.gov.uk/air-quality/so,GB_Network_1,Station_GB1024A,,GB_SamplingPoint_74174,GB_StationProcess_918,GB_SamplingFeature_918,O3,http://dd.eionet.europa.eu/vocabulary/aq/pollutant/7,hour,1.3969899900,µg/m3,2018-09-13 00:00:00 +01:00,2018-09-13 01:00:00 +01:00,2,1
GB,http://environment.data.gov.uk/air-quality/so,GB_Network_1,Station_GB1024A,,GB_SamplingPoint_74174,GB_StationProcess_918,GB_SamplingFeature_918,O3,http://dd.eionet.europa.eu/vocabulary/aq/pollutant/7,hour,1.1974199900,µg/m3,2018-09-13 01:00:00 +01:00,2018-09-13 02:00:00 +01:00,2,1
GB,http://environment.data.gov.uk/air-quality/so,GB_Network_1,Station_GB1024A,,GB_SamplingPoint_74174,GB_StationProcess_918,GB_SamplingFeature_918,O3,http://dd.eionet.europa.eu/vocabulary/aq/pollutant/7,hour,2.2950599900,µg/m3,2018-09-13 08:00:00 +01:00,2018-09-13 09:00:00 +01:00,2,1
GB,http://environment.data.gov.uk/air-quality/so,GB_Network_1,Station_GB1024A,,GB_SamplingPoint_74174,GB_StationProcess_918,GB_SamplingFeature_918,O3,http://dd.eionet.europa.eu/vocabulary/aq/pollutant/7,hour,16.8636699900,µg/m3,2018-09-13 10:00:00 +01:00,2018-09-13 11:00:00 +01:00,1,1
GB,http://environment.data.gov.uk/air-quality/so,GB_Network_1,Station_GB1024A,,GB_SamplingPoint_74174,GB_StationProcess_918,GB_SamplingFeature_918,O3,http://dd.eionet.europa.eu/vocabulary/aq/pollutant/7,hour,36.3217399900,µg/m3,2018-09-13 11:00:00 +01:00,2018-09-13 12:00:00 +01:00,1,1
GB,http://environment.data.gov.uk/air-quality/so,GB_Network_1,Station_GB1024A,,GB_SamplingPoint_74174,GB_StationProcess_918,GB_SamplingFeature_918,O3,http://dd.eionet.europa.eu/vocabulary/aq/pollutant/7,hour,47.1983099900,µg/m3,2018-09-13 12:00:00 +01:00,2018-09-13 13:00:00 +01:00,1,1
GB,http://environment.data.gov.uk/air-quality/so,GB_Network_1,Station_GB1024A,,GB_SamplingPoint_74174,GB_StationProcess_918,GB_SamplingFeature_918,O3,http://dd.eionet.europa.eu/vocabulary/aq/pollutant/7,hour,64.5109999900,µg/m3,2018-09-13 15:00:00 +01:00,2018-09-13 16:00:00 +01:00,1,1
GB,http://environment.data.gov.uk/air-quality/so,GB_Network_1,Station_GB1024A,,GB_SamplingPoint_74174,GB_StationProcess_918,GB_SamplingFeature_918,O3,http://dd.eionet.europa.eu/vocabulary/aq/pollutant/7,hour,65.0099299900,µg/m3,2018-09-13 16:00:00 +01:00,2018-09-13 17:00:00 +01:00,1,1
GB,http://environment.data.gov.uk/air-quality/so,GB_Network_1,Station_GB1024A,,GB_SamplingPoint_74174,GB_StationProcess_918,GB_SamplingFeature_918,O3,http://dd.eionet.europa.eu/vocabulary/aq/pollutant/7,hour,61.7669199900,µg/m3,2018-09-13 17:00:00 +01:00,2018-09-13 18:00:00 +01:00,1,1
GB,http://environment.data.gov.uk/air-quality/so,GB_Network_1,Station_GB1024A,,GB_SamplingPoint_74174,GB_StationProcess_918,GB_SamplingFeature_918,O3,http://dd.eionet.europa.eu/vocabulary/aq/pollutant/7,hour,2.0954899900,µg/m3,2018-09-13 21:00:00 +01:00,2018-09-13 22:00:00 +01:00,2,1
GB,http://environment.data.gov.uk/air-quality/so,GB_Network_1,Station_GB1024A,,GB_SamplingPoint_74174,GB_StationProcess_918,GB_SamplingFeature_918,O3,http://dd.eionet.europa.eu/vocabulary/aq/pollutant/7,hour,3.2430099900,µg/m3,2018-09-13 23:00:00 +01:00,2018-09-14 00:00:00 +01:00,2,1
GB,http://environment.data.gov.uk/air-quality/so,GB_Network_1,Station_GB1024A,,GB_SamplingPoint_74174,GB_StationProcess_918,GB_SamplingFeature_918,O3,http://dd.eionet.europa.eu/vocabulary/aq/pollutant/7,hour,20.1565699900,µg/m3,2018-09-14 05:00:00 +01:00,2018-09-14 06:00:00 +01:00,1,1
GB,http://environment.data.gov.uk/air-quality/so,GB_Network_1,Station_GB1024A,,GB_SamplingPoint_74174,GB_StationProcess_918,GB_SamplingFeature_918,O3,http://dd.eionet.europa.eu/vocabulary/aq/pollutant/7,hour,7.2843099900,µg/m3,2018-09-14 07:00:00 +01:00,2018-09-14 08:00:00 +01:00,1,1
GB,http://environment.data.gov.uk/air-quality/so,GB_Network_1,Station_GB1024A,,GB_SamplingPoint_74174,GB_StationProcess_918,GB_SamplingFeature_918,O3,http://dd.eionet.europa.eu/vocabulary/aq/pollutant/7,hour,50.4413199900,µg/m3,2018-09-14 16:00:00 +01:00,2018-09-14 17:00:00 +01:00,1,1
GB,http://environment.data.gov.uk/air-quality/so,GB_Network_1,Station_GB1024A,,GB_SamplingPoint_74174,GB_StationProcess_918,GB_SamplingFeature_918,O3,http://dd.eionet.europa.eu/vocabulary/aq/pollutant/7,hour,55.0813199900,µg/m3,2018-09-14 17:00:00 +01:00,2018-09-14 18:00:00 +01:00,1,1
GB,http://environment.data.gov.uk/air-quality/so,GB_Network_1,Station_GB1024A,,GB_SamplingPoint_74174,GB_StationProcess_918,GB_SamplingFeature_918,O3,http://dd.eionet.europa.eu/vocabulary/aq/pollutant/7,hour,48.1961599900,µg/m3,2018-09-14 18:00:00 +01:00,2018-09-14 19:00:00 +01:00,1,1
GB,http://environment.data.gov.uk/air-quality/so,GB_Network_1,Station_GB1024A,,GB_SamplingPoint_74174,GB_StationProcess_918,GB_SamplingFeature_918,O3,http://dd.eionet.europa.eu/vocabulary/aq/pollutant/7,hour,25.9440999900,µg/m3,2018-09-14 20:00:00 +01:00,2018-09-14 21:00:00 +01:00,1,1
GB,http://environment.data.gov.uk/air-quality/so,GB_Network_1,Station_GB1024A,,GB_SamplingPoint_74174,GB_StationProcess_918,GB_SamplingFeature_918,O3,http://dd.eionet.europa.eu/vocabulary/aq/pollutant/7,hour,12.1737699900,µg/m3,2018-09-14 22:00:00 +01:00,2018-09-14 23:00:00 +01:00,1,1
GB,http://environment.data.gov.uk/air-quality/so,GB_Network_1,Station_GB1024A,,GB_SamplingPoint_74174,GB_StationProcess_918,GB_SamplingFeature_918,O3,http://dd.eionet.europa.eu/vocabulary/aq/pollutant/7,hour,29.0041699900,µg/m3,2018-09-15 01:00:00 +01:00,2018-09-15 02:00:00 +01:00,1,1
GB,http://environment.data.gov.uk/air-quality/so,GB_Network_1,Station_GB1024A,,GB_SamplingPoint_74174,GB_StationProcess_918,GB_SamplingFeature_918,O3,http://dd.eionet.europa.eu/vocabulary/aq/pollutant/7,hour,25.4950699900,µg/m3,2018-09-15 03:00:00 +01:00,2018-09-15 04:00:00 +01:00,1,1
GB,http://environment.data.gov.uk/air-quality/so,GB_Network_1,Station_GB1024A,,GB_SamplingPoint_74174,GB_StationProcess_918,GB_SamplingFeature_918,O3,http://dd.eionet.europa.eu/vocabulary/aq/pollutant/7,hour,16.7139899900,µg/m3,2018-09-15 06:00:00 +01:00,2018-09-15 07:00:00 +01:00,1,1
GB,http://environment.data.gov.uk/air-quality/so,GB_Network_1,Station_GB1024A,,GB_SamplingPoint_74174,GB_StationProcess_918,GB_SamplingFeature_918,O3,http://dd.eionet.europa.eu/vocabulary/aq/pollutant/7,hour,12.0240899900,µg/m3,2018-09-15 07:00:00 +01:00,2018-09-15 08:00:00 +01:00,1,1
GB,http://environment.data.gov.uk/air-quality/so,GB_Network_1,Station_GB1024A,,GB_SamplingPoint_74174,GB_StationProcess_918,GB_SamplingFeature_918,O3,http://dd.eionet.europa.eu/vocabulary/aq/pollutant/7,hour,36.8705599900,µg/m3,2018-09-15 11:00:00 +01:00,2018-09-15 12:00:00 +01:00,1,1
GB,http://environment.data.gov.uk/air-quality/so,GB_Network_1,Station_GB1024A,,GB_SamplingPoint_74174,GB_StationProcess_918,GB_SamplingFeature_918,O3,http://dd.eionet.europa.eu/vocabulary/aq/pollutant/7,hour,61.4675599900,µg/m3,2018-09-15 14:00:00 +01:00,2018-09-15 15:00:00 +01:00,1,1
GB,http://environment.data.gov.uk/air-quality/so,GB_Network_1,Station_GB1024A,,GB_SamplingPoint_74174,GB_StationProcess_918,GB_SamplingFeature_918,O3,http://dd.eionet.europa.eu/vocabulary/aq/pollutant/7,hour,64.1118599900,µg/m3,2018-09-15 15:00:00 +01:00,2018-09-15 16:00:00 +01:00,1,1
GB,http://environment.data.gov.uk/air-quality/so,GB_Network_1,Station_GB1024A,,GB_SamplingPoint_74174,GB_StationProcess_918,GB_SamplingFeature_918,O3,http://dd.eionet.europa.eu/vocabulary/aq/pollutant/7,hour,64.9101399900,µg/m3,2018-09-15 16:00:00 +01:00,2018-09-15 17:00:00 +01:00,1,1
GB,http://environment.data.gov.uk/air-quality/so,GB_Network_1,Station_GB1024A,,GB_SamplingPoint_74174,GB_StationProcess_918,GB_SamplingFeature_918,O3,http://dd.eionet.europa.eu/vocabulary/aq/pollutant/7,hour,60.7191699900,µg/m3,2018-09-15 18:00:00 +01:00,2018-09-15 19:00:00 +01:00,1,1
GB,http://environment.data.gov.uk/air-quality/so,GB_Network_1,Station_GB1024A,,GB_SamplingPoint_74174,GB_StationProcess_918,GB_SamplingFeature_918,O3,http://dd.eionet.europa.eu/vocabulary/aq/pollutant/7,hour,42.8077699900,µg/m3,2018-09-15 22:00:00 +01:00,2018-09-15 23:00:00 +01:00,1,1
GB,http://environment.data.gov.uk/air-quality/so,GB_Network_1,Station_GB1024A,,GB_SamplingPoint_74174,GB_StationProcess_918,GB_SamplingFeature_918,O3,http://dd.eionet.europa.eu/vocabulary/aq/pollutant/7,hour,42.7079799900,µg/m3,2018-09-15 23:00:00 +01:00,2018-09-16 00:00:00 +01:00,1,1
GB,http://environment.data.gov.uk/air-quality/so,GB_Network_1,Station_GB1024A,,GB_SamplingPoint_74174,GB_StationProcess_918,GB_SamplingFeature_918,O3,http://dd.eionet.europa.eu/vocabulary/aq/pollutant/7,hour,43.5062599900,µg/m3,2018-09-16 00:00:00 +01:00,2018-09-16 01:00:00 +01:00,1,1
GB,http://environment.data.gov.uk/air-quality/so,GB_Network_1,Station_GB1024A,,GB_SamplingPoint_74174,GB_StationProcess_918,GB_SamplingFeature_918,O3,http://dd.eionet.europa.eu/vocabulary/aq/pollutant/7,hour,46.2503499900,µg/m3,2018-09-16 03:00:00 +01:00,2018-09-16 04:00:00 +01:00,1,1
GB,http://environment.data.gov.uk/air-quality/so,GB_Network_1,Station_GB1024A,,GB_SamplingPoint_74174,GB_StationProcess_918,GB_SamplingFeature_918,O3,http://dd.eionet.europa.eu/vocabulary/aq/pollutant/7,hour,42.0593799900,µg/m3,2018-09-16 04:00:00 +01:00,2018-09-16 05:00:00 +01:00,1,1
GB,http://environment.data.gov.uk/air-quality/so,GB_Network_1,Station_GB1024A,,GB_SamplingPoint_74174,GB_StationProcess_918,GB_SamplingFeature_918,O3,http://dd.eionet.europa.eu/vocabulary/aq/pollutant/7,hour,35.5733499900,µg/m3,2018-09-16 06:00:00 +01:00,2018-09-16 07:00:00 +01:00,1,1
GB,http://environment.data.gov.uk/air-quality/so,GB_Network_1,Station_GB1024A,,GB_SamplingPoint_74174,GB_StationProcess_918,GB_SamplingFeature_918,O3,http://dd.eionet.europa.eu/vocabulary/aq/pollutant/7,hour,29.4365799900,µg/m3,2018-09-16 07:00:00 +01:00,2018-09-16 08:00:00 +01:00,1,1
GB,http://environment.data.gov.uk/air-quality/so,GB_Network_1,Station_GB1024A,,GB_SamplingPoint_74174,GB_StationProcess_918,GB_SamplingFeature_918,O3,http://dd.eionet.europa.eu/vocabulary/aq/pollutant/7,hour,39.5647499900,µg/m3,2018-09-16 09:00:00 +01:00,2018-09-16 10:00:00 +01:00,1,1
GB,http://environment.data.gov.uk/air-quality/so,GB_Network_1,Station_GB1024A,,GB_SamplingPoint_74174,GB_StationProcess_918,GB_SamplingFeature_918,O3,http://dd.eionet.europa.eu/vocabulary/aq/pollutant/7,hour,50.6907799900,µg/m3,2018-09-16 10:00:00 +01:00,2018-09-16 11:00:00 +01:00,1,1
GB,http://environment.data.gov.uk/air-quality/so,GB_Network_1,Station_GB1024A,,GB_SamplingPoint_74174,GB_StationProcess_918,GB_SamplingFeature_918,O3,http://dd.eionet.europa.eu/vocabulary/aq/pollutant/7,hour,69.0013299900,µg/m3,2018-09-16 12:00:00 +01:00,2018-09-16 13:00:00 +01:00,1,1
GB,http://environment.data.gov.uk/air-quality/so,GB_Network_1,Station_GB1024A,,GB_SamplingPoint_74174,GB_StationProcess_918,GB_SamplingFeature_918,O3,http://dd.eionet.europa.eu/vocabulary/aq/pollutant/7,hour,71.8950899900,µg/m3,2018-09-16 13:00:00 +01:00,2018-09-16 14:00:00 +01:00,1,1
GB,http://environment.data.gov.uk/air-quality/so,GB_Network_1,Station_GB1024A,,GB_SamplingPoint_74174,GB_StationProcess_918,GB_SamplingFeature_918,O3,http://dd.eionet.europa.eu/vocabulary/aq/pollutant/7,hour,84.7673599900,µg/m3,2018-09-16 17:00:00 +01:00,2018-09-16 18:00:00 +01:00,1,1
GB,http://environment.data.gov.uk/air-quality/so,GB_Network_1,Station_GB1024A,,GB_SamplingPoint_74174,GB_StationProcess_918,GB_SamplingFeature_918,O3,http://dd.eionet.europa.eu/vocabulary/aq/pollutant/7,hour,74.7389699900,µg/m3,2018-09-16 18:00:00 +01:00,2018-09-16 19:00:00 +01:00,1,1
GB,http://environment.data.gov.uk/air-quality/so,GB_Network_1,Station_GB1024A,,GB_SamplingPoint_74174,GB_StationProcess_918,GB_SamplingFeature_918,O3,http://dd.eionet.europa.eu/vocabulary/aq/pollutant/7,hour,61.8168099900,µg/m3,2018-09-16 19:00:00 +01:00,2018-09-16 20:00:00 +01:00,1,1
GB,http://environment.data.gov.uk/air-quality/so,GB_Network_1,Station_GB1024A,,GB_SamplingPoint_74174,GB_StationProcess_918,GB_SamplingFeature_918,O3,http://dd.eionet.europa.eu/vocabulary/aq/pollutant/7,hour,53.1355099900,µg/m3,2018-09-16 22:00:00 +01:00,2018-09-16 23:00:00 +01:00,1,1
GB,http://environment.data.gov.uk/air-quality/so,GB_Network_1,Station_GB1024A,,GB_SamplingPoint_74174,GB_StationProcess_918,GB_SamplingFeature_918,O3,http://dd.eionet.europa.eu/vocabulary/aq/pollutant/7,hour,49.2438999900,µg/m3,2018-09-17 00:00:00 +01:00,2018-09-17 01:00:00 +01:00,1,1
GB,http://environment.data.gov.uk/air-quality/so,GB_Network_1,Station_GB1024A,,GB_SamplingPoint_74174,GB_StationProcess_918,GB_SamplingFeature_918,O3,http://dd.eionet.europa.eu/vocabulary/aq/pollutant/7,hour,45.5019599900,µg/m3,2018-09-17 04:00:00 +01:00,2018-09-17 05:00:00 +01:00,1,1
GB,http://environment.data.gov.uk/air-quality/so,GB_Network_1,Station_GB1024A,,GB_SamplingPoint_74174,GB_StationProcess_918,GB_SamplingFeature_918,O3,http://dd.eionet.europa.eu/vocabulary/aq/pollutant/7,hour,42.7578699900,µg/m3,2018-09-17 05:00:00 +01:00,2018-09-17 06:00:00 +01:00,1,1
GB,http://environment.data.gov.uk/air-quality/so,GB_Network_1,Station_GB1024A,,GB_SamplingPoint_74174,GB_StationProcess_918,GB_SamplingFeature_918,O3,http://dd.eionet.europa.eu/vocabulary/aq/pollutant/7,hour,41.8099199900,µg/m3,2018-09-17 06:00:00 +01:00,2018-09-17 07:00:00 +01:00,1,1
GB,http://environment.data.gov.uk/air-quality/so,GB_Network_1,Station_GB1024A,,GB_SamplingPoint_74174,GB_StationProcess_918,GB_SamplingFeature_918,O3,http://dd.eionet.europa.eu/vocabulary/aq/pollutant/7,hour,35.5733499900,µg/m3,2018-09-17 07:00:00 +01:00,2018-09-17 08:00:00 +01:00,1,1
GB,http://environment.data.gov.uk/air-quality/so,GB_Network_1,Station_GB1024A,,GB_SamplingPoint_74174,GB_StationProcess_918,GB_SamplingFeature_918,O3,http://dd.eionet.europa.eu/vocabulary/aq/pollutant/7,hour,32.1307699900,µg/m3,2018-09-17 08:00:00 +01:00,2018-09-17 09:00:00 +01:00,1,1
GB,http://environment.data.gov.uk/air-quality/so,GB_Network_1,Station_GB1024A,,GB_SamplingPoint_74174,GB_StationProcess_918,GB_SamplingFeature_918,O3,http://dd.eionet.europa.eu/vocabulary/aq/pollutant/7,hour,61.2679899900,µg/m3,2018-09-17 11:00:00 +01:00,2018-09-17 12:00:00 +01:00,1,1
GB,http://environment.data.gov.uk/air-quality/so,GB_Network_1,Station_GB1024A,,GB_SamplingPoint_74174,GB_StationProcess_918,GB_SamplingFeature_918,O3,http://dd.eionet.europa.eu/vocabulary/aq/pollutant/7,hour,74.1402599900,µg/m3,2018-09-17 12:00:00 +01:00,2018-09-17 13:00:00 +01:00,1,1
GB,http://environment.data.gov.uk/air-quality/so,GB_Network_1,Station_GB1024A,,GB_SamplingPoint_74174,GB_StationProcess_918,GB_SamplingFeature_918,O3,http://dd.eionet.europa.eu/vocabulary/aq/pollutant/7,hour,90.7544599900,µg/m3,2018-09-17 13:00:00 +01:00,2018-09-17 14:00:00 +01:00,1,1
GB,http://environment.data.gov.uk/air-quality/so,GB_Network_1,Station_GB1024A,,GB_SamplingPoint_74174,GB_StationProcess_918,GB_SamplingFeature_918,O3,http://dd.eionet.europa.eu/vocabulary/aq/pollutant/7,hour,91.7523099900,µg/m3,2018-09-17 14:00:00 +01:00,2018-09-17 15:00:00 +01:00,1,1
GB,http://environment.data.gov.uk/air-quality/so,GB_Network_1,Station_GB1024A,,GB_SamplingPoint_74174,GB_StationProcess_918,GB_SamplingFeature_918,O3,http://dd.eionet.europa.eu/vocabulary/aq/pollutant/7,hour,95.4942499900,µg/m3,2018-09-17 17:00:00 +01:00,2018-09-17 18:00:00 +01:00,1,1
GB,http://environment.data.gov.uk/air-quality/so,GB_Network_1,Station_GB1024A,,GB_SamplingPoint_74174,GB_StationProcess_918,GB_SamplingFeature_918,O3,http://dd.eionet.europa.eu/vocabulary/aq/pollutant/7,hour,91.6525199900,µg/m3,2018-09-17 18:00:00 +01:00,2018-09-17 19:00:00 +01:00,1,1
GB,http://environment.data.gov.uk/air-quality/so,GB_Network_1,Station_GB1024A,,GB_SamplingPoint_74174,GB_StationProcess_918,GB_SamplingFeature_918,O3,http://dd.eionet.europa.eu/vocabulary/aq/pollutant/7,hour,70.4980999900,µg/m3,2018-09-17 22:00:00 +01:00,2018-09-17 23:00:00 +01:00,1,1
GB,http://environment.data.gov.uk/air-quality/so,GB_Network_1,Station_GB1024A,,GB_SamplingPoint_74174,GB_StationProcess_918,GB_SamplingFeature_918,O3,http://dd.eionet.europa.eu/vocabulary/aq/pollutant/7,hour,56.0791699900,µg/m3,2018-09-17 23:00:00 +01:00,2018-09-18 00:00:00 +01:00,1,1
GB,http://environment.data.gov.uk/air-quality/so,GB_Network_1,Station_GB1024A,,GB_SamplingPoint_74174,GB_StationProcess_918,GB_SamplingFeature_918,O3,http://dd.eionet.europa.eu/vocabulary/aq/pollutant/7,hour,32.2305599900,µg/m3,2018-09-18 00:00:00 +01:00,2018-09-18 01:00:00 +01:00,1,1
GB,http://environment.data.gov.uk/air-quality/so,GB_Network_1,Station_GB1024A,,GB_SamplingPoint_74174,GB_StationProcess_918,GB_SamplingFeature_918,O3,http://dd.eionet.europa.eu/vocabulary/aq/pollutant/7,hour,83.4202599900,µg/m3,2018-09-18 02:00:00 +01:00,2018-09-18 03:00:00 +01:00,1,1
GB,http://environment.data.gov.uk/air-quality/so,GB_Network_1,Station_GB1024A,,GB_SamplingPoint_74174,GB_StationProcess_918,GB_SamplingFeature_918,O3,http://dd.eionet.europa.eu/vocabulary/aq/pollutant/7,hour,68.6021899900,µg/m3,2018-09-18 04:00:00 +01:00,2018-09-18 05:00:00 +01:00,1,1
GB,http://environment.data.gov.uk/air-quality/so,GB_Network_1,Station_GB1024A,,GB_SamplingPoint_74174,GB_StationProcess_918,GB_SamplingFeature_918,O3,http://dd.eionet.europa.eu/vocabulary/aq/pollutant/7,hour,64.7604699900,µg/m3,2018-09-18 05:00:00 +01:00,2018-09-18 06:00:00 +01:00,1,1
GB,http://environment.data.gov.uk/air-quality/so,GB_Network_1,Station_GB1024A,,GB_SamplingPoint_74174,GB_StationProcess_918,GB_SamplingFeature_918,O3,http://dd.eionet.europa.eu/vocabulary/aq/pollutant/7,hour,66.6563799900,µg/m3,2018-09-18 07:00:00 +01:00,2018-09-18 08:00:00 +01:00,1,1
GB,http://environment.data.gov.uk/air-quality/so,GB_Network_1,Station_GB1024A,,GB_SamplingPoint_74174,GB_StationProcess_918,GB_SamplingFeature_918,O3,http://dd.eionet.europa.eu/vocabulary/aq/pollutant/7,hour,60.5694999900,µg/m3,2018-09-18 08:00:00 +01:00,2018-09-18 09:00:00 +01:00,1,1
GB,http://environment.data.gov.uk/air-quality/so,GB_Network_1,Station_GB1024A,,GB_SamplingPoint_74174,GB_StationProcess_918,GB_SamplingFeature_918,O3,http://dd.eionet.europa.eu/vocabulary/aq/pollutant/7,hour,62.0163799900,µg/m3,2018-09-18 10:00:00 +01:00,2018-09-18 11:00:00 +01:00,1,1
GB,http://environment.data.gov.uk/air-quality/so,GB_Network_1,Station_GB1024A,,GB_SamplingPoint_74174,GB_StationProcess_918,GB_SamplingFeature_918,O3,http://dd.eionet.europa.eu/vocabulary/aq/pollutant/7,hour,71.7454199900,µg/m3,2018-09-18 12:00:00 +01:00,2018-09-18 13:00:00 +01:00,1,1
GB,http://environment.data.gov.uk/air-quality/so,GB_Network_1,Station_GB1024A,,GB_SamplingPoint_74174,GB_StationProcess_918,GB_SamplingFeature_918,O3,http://dd.eionet.europa.eu/vocabulary/aq/pollutant/7,hour,61.7669199900,µg/m3,2018-09-18 15:00:00 +01:00,2018-09-18 16:00:00 +01:00,1,1
GB,http://environment.data.gov.uk/air-quality/so,GB_Network_1,Station_GB1024A,,GB_SamplingPoint_74174,GB_StationProcess_918,GB_SamplingFeature_918,O3,http://dd.eionet.europa.eu/vocabulary/aq/pollutant/7,hour,59.5217499900,µg/m3,2018-09-18 16:00:00 +01:00,2018-09-18 17:00:00 +01:00,1,1
GB,http://environment.data.gov.uk/air-quality/so,GB_Network_1,Station_GB1024A,,GB_SamplingPoint_74174,GB_StationProcess_918,GB_SamplingFeature_918,O3,http://dd.eionet.europa.eu/vocabulary/aq/pollutant/7,hour,52.3871299900,µg/m3,2018-09-18 17:00:00 +01:00,2018-09-18 18:00:00 +01:00,1,1
GB,http://environment.data.gov.uk/air-quality/so,GB_Network_1,Station_GB1024A,,GB_SamplingPoint_74174,GB_StationProcess_918,GB_SamplingFeature_918,O3,http://dd.eionet.europa.eu/vocabulary/aq/pollutant/7,hour,47.9965899900,µg/m3,2018-09-18 19:00:00 +01:00,2018-09-18 20:00:00 +01:00,1,1
GB,http://environment.data.gov.uk/air-quality/so,GB_Network_1,Station_GB1024A,,GB_SamplingPoint_74174,GB_StationProcess_918,GB_SamplingFeature_918,O3,http://dd.eionet.europa.eu/vocabulary/aq/pollutant/7,hour,48.8946499900,µg/m3,2018-09-18 20:00:00 +01:00,2018-09-18 21:00:00 +01:00,1,1
GB,http://environment.data.gov.uk/air-quality/so,GB_Network_1,Station_GB1024A,,GB_SamplingPoint_74174,GB_StationProcess_918,GB_SamplingFeature_918,O3,http://dd.eionet.europa.eu/vocabulary/aq/pollutant/7,hour,48.1462599900,µg/m3,2018-09-18 22:00:00 +01:00,2018-09-18 23:00:00 +01:00,1,1
GB,http://environment.data.gov.uk/air-quality/so,GB_Network_1,Station_GB1024A,,GB_SamplingPoint_74174,GB_StationProcess_918,GB_SamplingFeature_918,O3,http://dd.eionet.europa.eu/vocabulary/aq/pollutant/7,hour,47.8967999900,µg/m3,2018-09-18 23:00:00 +01:00,2018-09-19 00:00:00 +01:00,1,1
GB,http://environment.data.gov.uk/air-quality/so,GB_Network_1,Station_GB1024A,,GB_SamplingPoint_74174,GB_StationProcess_918,GB_SamplingFeature_918,O3,http://dd.eionet.europa.eu/vocabulary/aq/pollutant/7,hour,51.0899199900,µg/m3,2018-09-19 01:00:00 +01:00,2018-09-19 02:00:00 +01:00,1,1
GB,http://environment.data.gov.uk/air-quality/so,GB_Network_1,Station_GB1024A,,GB_SamplingPoint_74174,GB_StationProcess_918,GB_SamplingFeature_918,O3,http://dd.eionet.europa.eu/vocabulary/aq/pollutant/7,hour,50.4246899900,µg/m3,2018-09-19 02:00:00 +01:00,2018-09-19 03:00:00 +01:00,1,1
GB,http://environment.data.gov.uk/air-quality/so,GB_Network_1,Station_GB1024A,,GB_SamplingPoint_74174,GB_StationProcess_918,GB_SamplingFeature_918,O3,http://dd.eionet.europa.eu/vocabulary/aq/pollutant/7,hour,52.1875599900,µg/m3,2018-09-19 04:00:00 +01:00,2018-09-19 05:00:00 +01:00,1,1
GB,http://environment.data.gov.uk/air-quality/so,GB_Network_1,Station_GB1024A,,GB_SamplingPoint_74174,GB_StationProcess_918,GB_SamplingFeature_918,O3,http://dd.eionet.europa.eu/vocabulary/aq/pollutant/7,hour,53.0856199900,µg/m3,2018-09-19 11:00:00 +01:00,2018-09-19 12:00:00 +01:00,1,1
GB,http://environment.data.gov.uk/air-quality/so,GB_Network_1,Station_GB1024A,,GB_SamplingPoint_74174,GB_StationProcess_918,GB_SamplingFeature_918,O3,http://dd.eionet.europa.eu/vocabulary/aq/pollutant/7,hour,60.0705699900,µg/m3,2018-09-19 12:00:00 +01:00,2018-09-19 13:00:00 +01:00,1,1
GB,http://environment.data.gov.uk/air-quality/so,GB_Network_1,Station_GB1024A,,GB_SamplingPoint_74174,GB_StationProcess_918,GB_SamplingFeature_918,O3,http://dd.eionet.europa.eu/vocabulary/aq/pollutant/7,hour,61.5174499900,µg/m3,2018-09-19 13:00:00 +01:00,2018-09-19 14:00:00 +01:00,1,1
GB,http://environment.data.gov.uk/air-quality/so,GB_Network_1,Station_GB1024A,,GB_SamplingPoint_74174,GB_StationProcess_918,GB_SamplingFeature_918,O3,http://dd.eionet.europa.eu/vocabulary/aq/pollutant/7,hour,63.4632599900,µg/m3,2018-09-19 17:00:00 +01:00,2018-09-19 18:00:00 +01:00,1,1
GB,http://environment.data.gov.uk/air-quality/so,GB_Network_1,Station_GB1024A,,GB_SamplingPoint_74174,GB_StationProcess_918,GB_SamplingFeature_918,O3,http://dd.eionet.europa.eu/vocabulary/aq/pollutant/7,hour,57.5759499900,µg/m3,2018-09-19 19:00:00 +01:00,2018-09-19 20:00:00 +01:00,1,1
GB,http://environment.data.gov.uk/air-quality/so,GB_Network_1,Station_GB1024A,,GB_SamplingPoint_74174,GB_StationProcess_918,GB_SamplingFeature_918,O3,http://dd.eionet.europa.eu/vocabulary/aq/pollutant/7,hour,44.1714899900,µg/m3,2018-09-20 01:00:00 +01:00,2018-09-20 02:00:00 +01:00,1,1
GB,http://environment.data.gov.uk/air-quality/so,GB_Network_1,Station_GB1024A,,GB_SamplingPoint_74174,GB_StationProcess_918,GB_SamplingFeature_918,O3,http://dd.eionet.europa.eu/vocabulary/aq/pollutant/7,hour,55.8297099900,µg/m3,2018-09-20 03:00:00 +01:00,2018-09-20 04:00:00 +01:00,1,1
GB,http://environment.data.gov.uk/air-quality/so,GB_Network_1,Station_GB1024A,,GB_SamplingPoint_74174,GB_StationProcess_918,GB_SamplingFeature_918,O3,http://dd.eionet.europa.eu/vocabulary/aq/pollutant/7,hour,42.6081999900,µg/m3,2018-09-20 08:00:00 +01:00,2018-09-20 09:00:00 +01:00,1,1
GB,http://environment.data.gov.uk/air-quality/so,GB_Network_1,Station_GB1024A,,GB_SamplingPoint_74174,GB_StationProcess_918,GB_SamplingFeature_918,O3,http://dd.eionet.europa.eu/vocabulary/aq/pollutant/7,hour,43.9552899900,µg/m3,2018-09-20 09:00:00 +01:00,2018-09-20 10:00:00 +01:00,1,1
GB,http://environment.data.gov.uk/air-quality/so,GB_Network_1,Station_GB1024A,,GB_SamplingPoint_74174,GB_StationProcess_918,GB_SamplingFeature_918,O3,http://dd.eionet.europa.eu/vocabulary/aq/pollutant/7,hour,45.0030399900,µg/m3,2018-09-20 11:00:00 +01:00,2018-09-20 12:00:00 +01:00,1,1
GB,http://environment.data.gov.uk/air-quality/so,GB_Network_1,Station_GB1024A,,GB_SamplingPoint_74174,GB_StationProcess_918,GB_SamplingFeature_918,O3,http://dd.eionet.europa.eu/vocabulary/aq/pollutant/7,hour,51.0899199900,µg/m3,2018-09-20 12:00:00 +01:00,2018-09-20 13:00:00 +01:00,1,1
GB,http://environment.data.gov.uk/air-quality/so,GB_Network_1,Station_GB1024A,,GB_SamplingPoint_74174,GB_StationProcess_918,GB_SamplingFeature_918,O3,http://dd.eionet.europa.eu/vocabulary/aq/pollutant/7,hour,56.5780999900,µg/m3,2018-09-20 13:00:00 +01:00,2018-09-20 14:00:00 +01:00,1,1
GB,http://environment.data.gov.uk/air-quality/so,GB_Network_1,Station_GB1024A,,GB_SamplingPoint_74174,GB_StationProcess_918,GB_SamplingFeature_918,O3,http://dd.eionet.europa.eu/vocabulary/aq/pollutant/7,hour,58.7234699900,µg/m3,2018-09-20 14:00:00 +01:00,2018-09-20 15:00:00 +01:00,1,1
GB,http://environment.data.gov.uk/air-quality/so,GB_Network_1,Station_GB1024A,,GB_SamplingPoint_74174,GB_StationProcess_918,GB_SamplingFeature_918,O3,http://dd.eionet.europa.eu/vocabulary/aq/pollutant/7,hour,61.8168099900,µg/m3,2018-09-20 15:00:00 +01:00,2018-09-20 16:00:00 +01:00,1,1
GB,http://environment.data.gov.uk/air-quality/so,GB_Network_1,Station_GB1024A,,GB_SamplingPoint_74174,GB_StationProcess_918,GB_SamplingFeature_918,O3,http://dd.eionet.europa.eu/vocabulary/aq/pollutant/7,hour,60.7690699900,µg/m3,2018-09-20 16:00:00 +01:00,2018-09-20 17:00:00 +01:00,1,1
GB,http://environment.data.gov.uk/air-quality/so,GB_Network_1,Station_GB1024A,,GB_SamplingPoint_74174,GB_StationProcess_918,GB_SamplingFeature_918,O3,http://dd.eionet.europa.eu/vocabulary/aq/pollutant/7,hour,61.9165899900,µg/m3,2018-09-20 17:00:00 +01:00,2018-09-20 18:00:00 +01:00,1,1
GB,http://environment.data.gov.uk/air-quality/so,GB_Network_1,Station_GB1024A,,GB_SamplingPoint_74174,GB_StationProcess_918,GB_SamplingFeature_918,O3,http://dd.eionet.europa.eu/vocabulary/aq/pollutant/7,hour,60.7690699900,µg/m3,2018-09-20 18:00:00 +01:00,2018-09-20 19:00:00 +01:00,1,1
GB,http://environment.data.gov.uk/air-quality/so,GB_Network_1,Station_GB1024A,,GB_SamplingPoint_74174,GB_StationProcess_918,GB_SamplingFeature_918,O3,http://dd.eionet.europa.eu/vocabulary/aq/pollutant/7,hour,60.5694999900,µg/m3,2018-09-20 19:00:00 +01:00,2018-09-20 20:00:00 +01:00,1,1
GB,http://environment.data.gov.uk/air-quality/so,GB_Network_1,Station_GB1024A,,GB_SamplingPoint_74174,GB_StationProcess_918,GB_SamplingFeature_918,O3,http://dd.eionet.europa.eu/vocabulary/aq/pollutant/7,hour,60.2701399900,µg/m3,2018-09-20 22:00:00 +01:00,2018-09-20 23:00:00 +01:00,1,1
GB,http://environment.data.gov.uk/air-quality/so,GB_Network_1,Station_GB1024A,,GB_SamplingPoint_74174,GB_StationProcess_918,GB_SamplingFeature_918,O3,http://dd.eionet.europa.eu/vocabulary/aq/pollutant/7,hour,60.5694999900,µg/m3,2018-09-21 00:00:00 +01:00,2018-09-21 01:00:00 +01:00,1,1
GB,http://environment.data.gov.uk/air-quality/so,GB_Network_1,Station_GB1024A,,GB_SamplingPoint_74174,GB_StationProcess_918,GB_SamplingFeature_918,O3,http://dd.eionet.europa.eu/vocabulary/aq/pollutant/7,hour,61.0018999900,µg/m3,2018-09-21 02:00:00 +01:00,2018-09-21 03:00:00 +01:00,1,1
GB,http://environment.data.gov.uk/air-quality/so,GB_Network_1,Station_GB1024A,,GB_SamplingPoint_74174,GB_StationProcess_918,GB_SamplingFeature_918,O3,http://dd.eionet.europa.eu/vocabulary/aq/pollutant/7,hour,48.8946499900,µg/m3,2018-09-21 04:00:00 +01:00,2018-09-21 05:00:00 +01:00,1,1
GB,http://environment.data.gov.uk/air-quality/so,GB_Network_1,Station_GB1024A,,GB_SamplingPoint_74174,GB_StationProcess_918,GB_SamplingFeature_918,O3,http://dd.eionet.europa.eu/vocabulary/aq/pollutant/7,hour,50.3415299900,µg/m3,2018-09-21 07:00:00 +01:00,2018-09-21 08:00:00 +01:00,1,1
GB,http://environment.data.gov.uk/air-quality/so,GB_Network_1,Station_GB1024A,,GB_SamplingPoint_74174,GB_StationProcess_918,GB_SamplingFeature_918,O3,http://dd.eionet.europa.eu/vocabulary/aq/pollutant/7,hour,46.6993799900,µg/m3,2018-09-21 08:00:00 +01:00,2018-09-21 09:00:00 +01:00,1,1
GB,http://environment.data.gov.uk/air-quality/so,GB_Network_1,Station_GB1024A,,GB_SamplingPoint_74174,GB_StationProcess_918,GB_SamplingFeature_918,O3,http://dd.eionet.europa.eu/vocabulary/aq/pollutant/7,hour,60.2701399900,µg/m3,2018-09-21 12:00:00 +01:00,2018-09-21 13:00:00 +01:00,1,1
GB,http://environment.data.gov.uk/air-quality/so,GB_Network_1,Station_GB1024A,,GB_SamplingPoint_74174,GB_StationProcess_918,GB_SamplingFeature_918,O3,http://dd.eionet.europa.eu/vocabulary/aq/pollutant/7,hour,63.0142299900,µg/m3,2018-09-21 13:00:00 +01:00,2018-09-21 14:00:00 +01:00,1,1
GB,http://environment.data.gov.uk/air-quality/so,GB_Network_1,Station_GB1024A,,GB_SamplingPoint_74174,GB_StationProcess_918,GB_SamplingFeature_918,O3,http://dd.eionet.europa.eu/vocabulary/aq/pollutant/7,hour,41.9595899900,µg/m3,2018-09-21 20:00:00 +01:00,2018-09-21 21:00:00 +01:00,1,1
GB,http://environment.data.gov.uk/air-quality/so,GB_Network_1,Station_GB1024A,,GB_SamplingPoint_74174,GB_StationProcess_918,GB_SamplingFeature_918,O3,http://dd.eionet.europa.eu/vocabulary/aq/pollutant/7,hour,30.1350699900,µg/m3,2018-09-22 07:00:00 +01:00,2018-09-22 08:00:00 +01:00,1,1
GB,http://environment.data.gov.uk/air-quality/so,GB_Network_1,Station_GB1024A,,GB_SamplingPoint_74174,GB_StationProcess_918,GB_SamplingFeature_918,O3,http://dd.eionet.europa.eu/vocabulary/aq/pollutant/7,hour,26.6924899900,µg/m3,2018-09-22 09:00:00 +01:00,2018-09-22 10:00:00 +01:00,1,1
GB,http://environment.data.gov.uk/air-quality/so,GB_Network_1,Station_GB1024A,,GB_SamplingPoint_74174,GB_StationProcess_918,GB_SamplingFeature_918,O3,http://dd.eionet.europa.eu/vocabulary/aq/pollutant/7,hour,25.2456099900,µg/m3,2018-09-22 10:00:00 +01:00,2018-09-22 11:00:00 +01:00,1,1
GB,http://environment.data.gov.uk/air-quality/so,GB_Network_1,Station_GB1024A,,GB_SamplingPoint_74174,GB_StationProcess_918,GB_SamplingFeature_918,O3,http://dd.eionet.europa.eu/vocabulary/aq/pollutant/7,hour,21.7531299900,µg/m3,2018-09-22 18:00:00 +01:00,2018-09-22 19:00:00 +01:00,1,1
GB,http://environment.data.gov.uk/air-quality/so,GB_Network_1,Station_GB1024A,,GB_SamplingPoint_74174,GB_StationProcess_918,GB_SamplingFeature_918,O3,http://dd.eionet.europa.eu/vocabulary/aq/pollutant/7,hour,31.5819499900,µg/m3,2018-09-22 22:00:00 +01:00,2018-09-22 23:00:00 +01:00,1,1
GB,http://environment.data.gov.uk/air-quality/so,GB_Network_1,Station_GB1024A,,GB_SamplingPoint_74174,GB_StationProcess_918,GB_SamplingFeature_918,O3,http://dd.eionet.europa.eu/vocabulary/aq/pollutant/7,hour,33.3281899900,µg/m3,2018-09-23 01:00:00 +01:00,2018-09-23 02:00:00 +01:00,1,1
GB,http://environment.data.gov.uk/air-quality/so,GB_Network_1,Station_GB1024A,,GB_SamplingPoint_74174,GB_StationProcess_918,GB_SamplingFeature_918,O3,http://dd.eionet.europa.eu/vocabulary/aq/pollutant/7,hour,37.9848199900,µg/m3,2018-09-23 02:00:00 +01:00,2018-09-23 03:00:00 +01:00,1,1
GB,http://environment.data.gov.uk/air-quality/so,GB_Network_1,Station_GB1024A,,GB_SamplingPoint_74174,GB_StationProcess_918,GB_SamplingFeature_918,O3,http://dd.eionet.europa.eu/vocabulary/aq/pollutant/7,hour,34.4258299900,µg/m3,2018-09-23 07:00:00 +01:00,2018-09-23 08:00:00 +01:00,1,1
GB,http://environment.data.gov.uk/air-quality/so,GB_Network_1,Station_GB1024A,,GB_SamplingPoint_74174,GB_StationProcess_918,GB_SamplingFeature_918,O3,http://dd.eionet.europa.eu/vocabulary/aq/pollutant/7,hour,29.1372199900,µg/m3,2018-09-23 10:00:00 +01:00,2018-09-23 11:00:00 +01:00,1,1
GB,http://environment.data.gov.uk/air-quality/so,GB_Network_1,Station_GB1024A,,GB_SamplingPoint_74174,GB_StationProcess_918,GB_SamplingFeature_918,O3,http://dd.eionet.europa.eu/vocabulary/aq/pollutant/7,hour,47.6972299900,µg/m3,2018-09-23 11:00:00 +01:00,2018-09-23 12:00:00 +01:00,1,1
GB,http://environment.data.gov.uk/air-quality/so,GB_Network_1,Station_GB1024A,,GB_SamplingPoint_74174,GB_StationProcess_918,GB_SamplingFeature_918,O3,http://dd.eionet.europa.eu/vocabulary/aq/pollutant/7,hour,46.4998099900,µg/m3,2018-09-23 12:00:00 +01:00,2018-09-23 13:00:00 +01:00,1,1
GB,http://environment.data.gov.uk/air-quality/so,GB_Network_1,Station_GB1024A,,GB_SamplingPoint_74174,GB_StationProcess_918,GB_SamplingFeature_918,O3,http://dd.eionet.europa.eu/vocabulary/aq/pollutant/7,hour,44.4542199900,µg/m3,2018-09-23 13:00:00 +01:00,2018-09-23 14:00:00 +01:00,1,1
GB,http://environment.data.gov.uk/air-quality/so,GB_Network_1,Station_GB1024A,,GB_SamplingPoint_74174,GB_StationProcess_918,GB_SamplingFeature_918,O3,http://dd.eionet.europa.eu/vocabulary/aq/pollutant/7,hour,60.0206799900,µg/m3,2018-09-23 17:00:00 +01:00,2018-09-23 18:00:00 +01:00,1,1
GB,http://environment.data.gov.uk/air-quality/so,GB_Network_1,Station_GB1024A,,GB_SamplingPoint_74174,GB_StationProcess_918,GB_SamplingFeature_918,O3,http://dd.eionet.europa.eu/vocabulary/aq/pollutant/7,hour,22.5015199900,µg/m3,2018-09-23 23:00:00 +01:00,2018-09-24 00:00:00 +01:00,1,1
GB,http://environment.data.gov.uk/air-quality/so,GB_Network_1,Station_GB1024A,,GB_SamplingPoint_74174,GB_StationProcess_918,GB_SamplingFeature_918,O3,http://dd.eionet.europa.eu/vocabulary/aq/pollutant/7,hour,30.7337799900,µg/m3,2018-09-24 04:00:00 +01:00,2018-09-24 05:00:00 +01:00,1,1
GB,http://environment.data.gov.uk/air-quality/so,GB_Network_1,Station_GB1024A,,GB_SamplingPoint_74174,GB_StationProcess_918,GB_SamplingFeature_918,O3,http://dd.eionet.europa.eu/vocabulary/aq/pollutant/7,hour,28.0894799900,µg/m3,2018-09-24 05:00:00 +01:00,2018-09-24 06:00:00 +01:00,1,1
GB,http://environment.data.gov.uk/air-quality/so,GB_Network_1,Station_GB1024A,,GB_SamplingPoint_74174,GB_StationProcess_918,GB_SamplingFeature_918,O3,http://dd.eionet.europa.eu/vocabulary/aq/pollutant/7,hour,27.2413099900,µg/m3,2018-09-24 09:00:00 +01:00,2018-09-24 10:00:00 +01:00,1,1
GB,http://environment.data.gov.uk/air-quality/so,GB_Network_1,Station_GB1024A,,GB_SamplingPoint_74174,GB_StationProcess_918,GB_SamplingFeature_918,O3,http://dd.eionet.europa.eu/vocabulary/aq/pollutant/7,hour,39.0658299900,µg/m3,2018-09-24 10:00:00 +01:00,2018-09-24 11:00:00 +01:00,1,1
GB,http://environment.data.gov.uk/air-quality/so,GB_Network_1,Station_GB1024A,,GB_SamplingPoint_74174,GB_StationProcess_918,GB_SamplingFeature_918,O3,http://dd.eionet.europa.eu/vocabulary/aq/pollutant/7,hour,44.2546499900,µg/m3,2018-09-24 11:00:00 +01:00,2018-09-24 12:00:00 +01:00,1,1
GB,http://environment.data.gov.uk/air-quality/so,GB_Network_1,Station_GB1024A,,GB_SamplingPoint_74174,GB_StationProcess_918,GB_SamplingFeature_918,O3,http://dd.eionet.europa.eu/vocabulary/aq/pollutant/7,hour,53.3350799900,µg/m3,2018-09-24 14:00:00 +01:00,2018-09-24 15:00:00 +01:00,1,1
GB,http://environment.data.gov.uk/air-quality/so,GB_Network_1,Station_GB1024A,,GB_SamplingPoint_74174,GB_StationProcess_918,GB_SamplingFeature_918,O3,http://dd.eionet.europa.eu/vocabulary/aq/pollutant/7,hour,58.0249799900,µg/m3,2018-09-24 16:00:00 +01:00,2018-09-24 17:00:00 +01:00,1,1
GB,http://environment.data.gov.uk/air-quality/so,GB_Network_1,Station_GB1024A,,GB_SamplingPoint_74174,GB_StationProcess_918,GB_SamplingFeature_918,O3,http://dd.eionet.europa.eu/vocabulary/aq/pollutant/7,hour,57.0770199900,µg/m3,2018-09-24 17:00:00 +01:00,2018-09-24 18:00:00 +01:00,1,1
GB,http://environment.data.gov.uk/air-quality/so,GB_Network_1,Station_GB1024A,,GB_SamplingPoint_74174,GB_StationProcess_918,GB_SamplingFeature_918,O3,http://dd.eionet.europa.eu/vocabulary/aq/pollutant/7,hour,44.4542199900,µg/m3,2018-09-24 18:00:00 +01:00,2018-09-24 19:00:00 +01:00,1,1
GB,http://environment.data.gov.uk/air-quality/so,GB_Network_1,Station_GB1024A,,GB_SamplingPoint_74174,GB_StationProcess_918,GB_SamplingFeature_918,O3,http://dd.eionet.europa.eu/vocabulary/aq/pollutant/7,hour,13.2714099900,µg/m3,2018-09-24 19:00:00 +01:00,2018-09-24 20:00:00 +01:00,1,1
GB,http://environment.data.gov.uk/air-quality/so,GB_Network_1,Station_GB1024A,,GB_SamplingPoint_74174,GB_StationProcess_918,GB_SamplingFeature_918,O3,http://dd.eionet.europa.eu/vocabulary/aq/pollutant/7,hour,2.3449499900,µg/m3,2018-09-24 20:00:00 +01:00,2018-09-24 21:00:00 +01:00,2,1
GB,http://environment.data.gov.uk/air-quality/so,GB_Network_1,Station_GB1024A,,GB_SamplingPoint_74174,GB_StationProcess_918,GB_SamplingFeature_918,O3,http://dd.eionet.europa.eu/vocabulary/aq/pollutant/7,hour,1.3969899900,µg/m3,2018-09-24 21:00:00 +01:00,2018-09-24 22:00:00 +01:00,2,1
GB,http://environment.data.gov.uk/air-quality/so,GB_Network_1,Station_GB1024A,,GB_SamplingPoint_74174,GB_StationProcess_918,GB_SamplingFeature_918,O3,http://dd.eionet.europa.eu/vocabulary/aq/pollutant/7,hour,1.1475299900,µg/m3,2018-09-24 23:00:00 +01:00,2018-09-25 00:00:00 +01:00,2,1
GB,http://environment.data.gov.uk/air-quality/so,GB_Network_1,Station_GB1024A,,GB_SamplingPoint_74174,GB_StationProcess_918,GB_SamplingFeature_918,O3,http://dd.eionet.europa.eu/vocabulary/aq/pollutant/7,hour,1.1974199900,µg/m3,2018-09-25 02:00:00 +01:00,2018-09-25 03:00:00 +01:00,2,1
GB,http://environment.data.gov.uk/air-quality/so,GB_Network_1,Station_GB1024A,,GB_SamplingPoint_74174,GB_StationProcess_918,GB_SamplingFeature_918,O3,http://dd.eionet.europa.eu/vocabulary/aq/pollutant/7,hour,1.1974199900,µg/m3,2018-09-25 03:00:00 +01:00,2018-09-25 04:00:00 +01:00,2,1
GB,http://environment.data.gov.uk/air-quality/so,GB_Network_1,Station_GB1024A,,GB_SamplingPoint_74174,GB_StationProcess_918,GB_SamplingFeature_918,O3,http://dd.eionet.europa.eu/vocabulary/aq/pollutant/7,hour,1.4468799900,µg/m3,2018-09-25 04:00:00 +01:00,2018-09-25 05:00:00 +01:00,2,1
GB,http://environment.data.gov.uk/air-quality/so,GB_Network_1,Station_GB1024A,,GB_SamplingPoint_74174,GB_StationProcess_918,GB_SamplingFeature_918,O3,http://dd.eionet.europa.eu/vocabulary/aq/pollutant/7,hour,1.3969899900,µg/m3,2018-09-25 05:00:00 +01:00,2018-09-25 06:00:00 +01:00,2,1
GB,http://environment.data.gov.uk/air-quality/so,GB_Network_1,Station_GB1024A,,GB_SamplingPoint_74174,GB_StationProcess_918,GB_SamplingFeature_918,O3,http://dd.eionet.europa.eu/vocabulary/aq/pollutant/7,hour,1.0477399900,µg/m3,2018-09-25 06:00:00 +01:00,2018-09-25 07:00:00 +01:00,2,1
GB,http://environment.data.gov.uk/air-quality/so,GB_Network_1,Station_GB1024A,,GB_SamplingPoint_74174,GB_StationProcess_918,GB_SamplingFeature_918,O3,http://dd.eionet.europa.eu/vocabulary/aq/pollutant/7,hour,1.2473099900,µg/m3,2018-09-25 07:00:00 +01:00,2018-09-25 08:00:00 +01:00,2,1
GB,http://environment.data.gov.uk/air-quality/so,GB_Network_1,Station_GB1024A,,GB_SamplingPoint_74174,GB_StationProcess_918,GB_SamplingFeature_918,O3,http://dd.eionet.europa.eu/vocabulary/aq/pollutant/7,hour,2.1952699900,µg/m3,2018-09-25 09:00:00 +01:00,2018-09-25 10:00:00 +01:00,2,1
GB,http://environment.data.gov.uk/air-quality/so,GB_Network_1,Station_GB1024A,,GB_SamplingPoint_74174,GB_StationProcess_918,GB_SamplingFeature_918,O3,http://dd.eionet.europa.eu/vocabulary/aq/pollutant/7,hour,42.7578699900,µg/m3,2018-09-25 12:00:00 +01:00,2018-09-25 13:00:00 +01:00,1,1
GB,http://environment.data.gov.uk/air-quality/so,GB_Network_1,Station_GB1024A,,GB_SamplingPoint_74174,GB_StationProcess_918,GB_SamplingFeature_918,O3,http://dd.eionet.europa.eu/vocabulary/aq/pollutant/7,hour,53.6344399900,µg/m3,2018-09-25 13:00:00 +01:00,2018-09-25 14:00:00 +01:00,1,1
GB,http://environment.data.gov.uk/air-quality/so,GB_Network_1,Station_GB1024A,,GB_SamplingPoint_74174,GB_StationProcess_918,GB_SamplingFeature_918,O3,http://dd.eionet.europa.eu/vocabulary/aq/pollutant/7,hour,65.8580999900,µg/m3,2018-09-25 15:00:00 +01:00,2018-09-25 16:00:00 +01:00,1,1
GB,http://environment.data.gov.uk/air-quality/so,GB_Network_1,Station_GB1024A,,GB_SamplingPoint_74174,GB_StationProcess_918,GB_SamplingFeature_918,O3,http://dd.eionet.europa.eu/vocabulary/aq/pollutant/7,hour,60.8189599900,µg/m3,2018-09-25 18:00:00 +01:00,2018-09-25 19:00:00 +01:00,1,1
GB,http://environment.data.gov.uk/air-quality/so,GB_Network_1,Station_GB1024A,,GB_SamplingPoint_74174,GB_StationProcess_918,GB_SamplingFeature_918,O3,http://dd.eionet.europa.eu/vocabulary/aq/pollutant/7,hour,46.6993799900,µg/m3,2018-09-25 19:00:00 +01:00,2018-09-25 20:00:00 +01:00,1,1
GB,http://environment.data.gov.uk/air-quality/so,GB_Network_1,Station_GB1024A,,GB_SamplingPoint_74174,GB_StationProcess_918,GB_SamplingFeature_918,O3,http://dd.eionet.europa.eu/vocabulary/aq/pollutant/7,hour,19.0090399900,µg/m3,2018-09-25 21:00:00 +01:00,2018-09-25 22:00:00 +01:00,1,1
GB,http://environment.data.gov.uk/air-quality/so,GB_Network_1,Station_GB1024A,,GB_SamplingPoint_74174,GB_StationProcess_918,GB_SamplingFeature_918,O3,http://dd.eionet.europa.eu/vocabulary/aq/pollutant/7,hour,2.6941999900,µg/m3,2018-09-25 23:00:00 +01:00,2018-09-26 00:00:00 +01:00,2,1
GB,http://environment.data.gov.uk/air-quality/so,GB_Network_1,Station_GB1024A,,GB_SamplingPoint_74174,GB_StationProcess_918,GB_SamplingFeature_918,O3,http://dd.eionet.europa.eu/vocabulary/aq/pollutant/7,hour,6.3862399900,µg/m3,2018-09-26 02:00:00 +01:00,2018-09-26 03:00:00 +01:00,1,1
GB,http://environment.data.gov.uk/air-quality/so,GB_Network_1,Station_GB1024A,,GB_SamplingPoint_74174,GB_StationProcess_918,GB_SamplingFeature_918,O3,http://dd.eionet.europa.eu/vocabulary/aq/pollutant/7,hour,9.6791499900,µg/m3,2018-09-26 06:00:00 +01:00,2018-09-26 07:00:00 +01:00,1,1
GB,http://environment.data.gov.uk/air-quality/so,GB_Network_1,Station_GB1024A,,GB_SamplingPoint_74174,GB_StationProcess_918,GB_SamplingFeature_918,O3,http://dd.eionet.europa.eu/vocabulary/aq/pollutant/7,hour,4.9393599900,µg/m3,2018-09-26 07:00:00 +01:00,2018-09-26 08:00:00 +01:00,2,1
GB,http://environment.data.gov.uk/air-quality/so,GB_Network_1,Station_GB1024A,,GB_SamplingPoint_74174,GB_StationProcess_918,GB_SamplingFeature_918,O3,http://dd.eionet.europa.eu/vocabulary/aq/pollutant/7,hour,47.1983099900,µg/m3,2018-09-26 11:00:00 +01:00,2018-09-26 12:00:00 +01:00,1,1
GB,http://environment.data.gov.uk/air-quality/so,GB_Network_1,Station_GB1024A,,GB_SamplingPoint_74174,GB_StationProcess_918,GB_SamplingFeature_918,O3,http://dd.eionet.europa.eu/vocabulary/aq/pollutant/7,hour,46.6993799900,µg/m3,2018-09-26 12:00:00 +01:00,2018-09-26 13:00:00 +01:00,1,1
GB,http://environment.data.gov.uk/air-quality/so,GB_Network_1,Station_GB1024A,,GB_SamplingPoint_74174,GB_StationProcess_918,GB_SamplingFeature_918,O3,http://dd.eionet.europa.eu/vocabulary/aq/pollutant/7,hour,50.1419599900,µg/m3,2018-09-26 17:00:00 +01:00,2018-09-26 18:00:00 +01:00,1,1
GB,http://environment.data.gov.uk/air-quality/so,GB_Network_1,Station_GB1024A,,GB_SamplingPoint_74174,GB_StationProcess_918,GB_SamplingFeature_918,O3,http://dd.eionet.europa.eu/vocabulary/aq/pollutant/7,hour,2.2950599900,µg/m3,2018-09-26 19:00:00 +01:00,2018-09-26 20:00:00 +01:00,2,1
GB,http://environment.data.gov.uk/air-quality/so,GB_Network_1,Station_GB1024A,,GB_SamplingPoint_74174,GB_StationProcess_918,GB_SamplingFeature_918,O3,http://dd.eionet.europa.eu/vocabulary/aq/pollutant/7,hour,8.2821599900,µg/m3,2018-09-27 00:00:00 +01:00,2018-09-27 01:00:00 +01:00,1,1
GB,http://environment.data.gov.uk/air-quality/so,GB_Network_1,Station_GB1024A,,GB_SamplingPoint_74174,GB_StationProcess_918,GB_SamplingFeature_918,O3,http://dd.eionet.europa.eu/vocabulary/aq/pollutant/7,hour,12.1737699900,µg/m3,2018-09-27 01:00:00 +01:00,2018-09-27 02:00:00 +01:00,1,1
GB,http://environment.data.gov.uk/air-quality/so,GB_Network_1,Station_GB1024A,,GB_SamplingPoint_74174,GB_StationProcess_918,GB_SamplingFeature_918,O3,http://dd.eionet.europa.eu/vocabulary/aq/pollutant/7,hour,22.2187899900,µg/m3,2018-09-27 02:00:00 +01:00,2018-09-27 03:00:00 +01:00,1,1
GB,http://environment.data.gov.uk/air-quality/so,GB_Network_1,Station_GB1024A,,GB_SamplingPoint_74174,GB_StationProcess_918,GB_SamplingFeature_918,O3,http://dd.eionet.europa.eu/vocabulary/aq/pollutant/7,hour,1.3969899900,µg/m3,2018-09-27 07:00:00 +01:00,2018-09-27 08:00:00 +01:00,2,1
GB,http://environment.data.gov.uk/air-quality/so,GB_Network_1,Station_GB1024A,,GB_SamplingPoint_74174,GB_StationProcess_918,GB_SamplingFeature_918,O3,http://dd.eionet.europa.eu/vocabulary/aq/pollutant/7,hour,4.9393599900,µg/m3,2018-09-27 08:00:00 +01:00,2018-09-27 09:00:00 +01:00,2,1
GB,http://environment.data.gov.uk/air-quality/so,GB_Network_1,Station_GB1024A,,GB_SamplingPoint_74174,GB_StationProcess_918,GB_SamplingFeature_918,O3,http://dd.eionet.europa.eu/vocabulary/aq/pollutant/7,hour,33.2284099900,µg/m3,2018-09-27 10:00:00 +01:00,2018-09-27 11:00:00 +01:00,1,1
GB,http://environment.data.gov.uk/air-quality/so,GB_Network_1,Station_GB1024A,,GB_SamplingPoint_74174,GB_StationProcess_918,GB_SamplingFeature_918,O3,http://dd.eionet.europa.eu/vocabulary/aq/pollutant/7,hour,47.2481999900,µg/m3,2018-09-27 12:00:00 +01:00,2018-09-27 13:00:00 +01:00,1,1
GB,http://environment.data.gov.uk/air-quality/so,GB_Network_1,Station_GB1024A,,GB_SamplingPoint_74174,GB_StationProcess_918,GB_SamplingFeature_918,O3,http://dd.eionet.europa.eu/vocabulary/aq/pollutant/7,hour,85.5157499900,µg/m3,2018-09-27 17:00:00 +01:00,2018-09-27 18:00:00 +01:00,1,1
GB,http://environment.data.gov.uk/air-quality/so,GB_Network_1,Station_GB1024A,,GB_SamplingPoint_74174,GB_StationProcess_918,GB_SamplingFeature_918,O3,http://dd.eionet.europa.eu/vocabulary/aq/pollutant/7,hour,59.2722899900,µg/m3,2018-09-27 18:00:00 +01:00,2018-09-27 19:00:00 +01:00,1,1
GB,http://environment.data.gov.uk/air-quality/so,GB_Network_1,Station_GB1024A,,GB_SamplingPoint_74174,GB_StationProcess_918,GB_SamplingFeature_918,O3,http://dd.eionet.europa.eu/vocabulary/aq/pollutant/7,hour,37.5191599900,µg/m3,2018-09-27 23:00:00 +01:00,2018-09-28 00:00:00 +01:00,1,1
GB,http://environment.data.gov.uk/air-quality/so,GB_Network_1,Station_GB1024A,,GB_SamplingPoint_74174,GB_StationProcess_918,GB_SamplingFeature_918,O3,http://dd.eionet.europa.eu/vocabulary/aq/pollutant/7,hour,29.6694099900,µg/m3,2018-09-28 02:00:00 +01:00,2018-09-28 03:00:00 +01:00,1,1
GB,http://environment.data.gov.uk/air-quality/so,GB_Network_1,Station_GB1024A,,GB_SamplingPoint_74174,GB_StationProcess_918,GB_SamplingFeature_918,O3,http://dd.eionet.europa.eu/vocabulary/aq/pollutant/7,hour,47.1484099900,µg/m3,2018-09-28 04:00:00 +01:00,2018-09-28 05:00:00 +01:00,1,1
GB,http://environment.data.gov.uk/air-quality/so,GB_Network_1,Station_GB1024A,,GB_SamplingPoint_74174,GB_StationProcess_918,GB_SamplingFeature_918,O3,http://dd.eionet.europa.eu/vocabulary/aq/pollutant/7,hour,53.3350799900,µg/m3,2018-09-28 05:00:00 +01:00,2018-09-28 06:00:00 +01:00,1,1
GB,http://environment.data.gov.uk/air-quality/so,GB_Network_1,Station_GB1024A,,GB_SamplingPoint_74174,GB_StationProcess_918,GB_SamplingFeature_918,O3,http://dd.eionet.europa.eu/vocabulary/aq/pollutant/7,hour,49.1441099900,µg/m3,2018-09-28 06:00:00 +01:00,2018-09-28 07:00:00 +01:00,1,1
GB,http://environment.data.gov.uk/air-quality/so,GB_Network_1,Station_GB1024A,,GB_SamplingPoint_74174,GB_StationProcess_918,GB_SamplingFeature_918,O3,http://dd.eionet.europa.eu/vocabulary/aq/pollutant/7,hour,34.8748599900,µg/m3,2018-09-28 08:00:00 +01:00,2018-09-28 09:00:00 +01:00,1,1
GB,http://environment.data.gov.uk/air-quality/so,GB_Network_1,Station_GB1024A,,GB_SamplingPoint_74174,GB_StationProcess_918,GB_SamplingFeature_918,O3,http://dd.eionet.europa.eu/vocabulary/aq/pollutant/7,hour,49.1940099900,µg/m3,2018-09-28 11:00:00 +01:00,2018-09-28 12:00:00 +01:00,1,1
GB,http://environment.data.gov.uk/air-quality/so,GB_Network_1,Station_GB1024A,,GB_SamplingPoint_74174,GB_StationProcess_918,GB_SamplingFeature_918,O3,http://dd.eionet.europa.eu/vocabulary/aq/pollutant/7,hour,52.1376599900,µg/m3,2018-09-28 13:00:00 +01:00,2018-09-28 14:00:00 +01:00,1,1
GB,http://environment.data.gov.uk/air-quality/so,GB_Network_1,Station_GB1024A,,GB_SamplingPoint_74174,GB_StationProcess_918,GB_SamplingFeature_918,O3,http://dd.eionet.europa.eu/vocabulary/aq/pollutant/7,hour,58.5238999900,µg/m3,2018-09-28 15:00:00 +01:00,2018-09-28 16:00:00 +01:00,1,1
GB,http://environment.data.gov.uk/air-quality/so,GB_Network_1,Station_GB1024A,,GB_SamplingPoint_74174,GB_StationProcess_918,GB_SamplingFeature_918,O3,http://dd.eionet.europa.eu/vocabulary/aq/pollutant/7,hour,56.3286299900,µg/m3,2018-09-28 18:00:00 +01:00,2018-09-28 19:00:00 +01:00,1,1
GB,http://environment.data.gov.uk/air-quality/so,GB_Network_1,Station_GB1024A,,GB_SamplingPoint_74174,GB_StationProcess_918,GB_SamplingFeature_918,O3,http://dd.eionet.europa.eu/vocabulary/aq/pollutant/7,hour,28.8378699900,µg/m3,2018-09-28 21:00:00 +01:00,2018-09-28 22:00:00 +01:00,1,1
GB,http://environment.data.gov.uk/air-quality/so,GB_Network_1,Station_GB1024A,,GB_SamplingPoint_74174,GB_StationProcess_918,GB_SamplingFeature_918,O3,http://dd.eionet.europa.eu/vocabulary/aq/pollutant/7,hour,8.2821599900,µg/m3,2018-09-29 00:00:00 +01:00,2018-09-29 01:00:00 +01:00,1,1
GB,http://environment.data.gov.uk/air-quality/so,GB_Network_1,Station_GB1024A,,GB_SamplingPoint_74174,GB_StationProcess_918,GB_SamplingFeature_918,O3,http://dd.eionet.europa.eu/vocabulary/aq/pollutant/7,hour,5.3218699900,µg/m3,2018-09-29 01:00:00 +01:00,2018-09-29 02:00:00 +01:00,2,1
GB,http://environment.data.gov.uk/air-quality/so,GB_Network_1,Station_GB1024A,,GB_SamplingPoint_74174,GB_StationProcess_918,GB_SamplingFeature_918,O3,http://dd.eionet.europa.eu/vocabulary/aq/pollutant/7,hour,7.9329099900,µg/m3,2018-09-29 05:00:00 +01:00,2018-09-29 06:00:00 +01:00,1,1
GB,http://environment.data.gov.uk/air-quality/so,GB_Network_1,Station_GB1024A,,GB_SamplingPoint_74174,GB_StationProcess_918,GB_SamplingFeature_918,O3,http://dd.eionet.europa.eu/vocabulary/aq/pollutant/7,hour,2.7939799900,µg/m3,2018-09-29 06:00:00 +01:00,2018-09-29 07:00:00 +01:00,2,1
GB,http://environment.data.gov.uk/air-quality/so,GB_Network_1,Station_GB1024A,,GB_SamplingPoint_74174,GB_StationProcess_918,GB_SamplingFeature_918,O3,http://dd.eionet.europa.eu/vocabulary/aq/pollutant/7,hour,2.3948399900,µg/m3,2018-09-29 07:00:00 +01:00,2018-09-29 08:00:00 +01:00,2,1
GB,http://environment.data.gov.uk/air-quality/so,GB_Network_1,Station_GB1024A,,GB_SamplingPoint_74174,GB_StationProcess_918,GB_SamplingFeature_918,O3,http://dd.eionet.europa.eu/vocabulary/aq/pollutant/7,hour,43.7058299900,µg/m3,2018-09-29 12:00:00 +01:00,2018-09-29 13:00:00 +01:00,1,1
GB,http://environment.data.gov.uk/air-quality/so,GB_Network_1,Station_GB1024A,,GB_SamplingPoint_74174,GB_StationProcess_918,GB_SamplingFeature_918,O3,http://dd.eionet.europa.eu/vocabulary/aq/pollutant/7,hour,53.4348699900,µg/m3,2018-09-29 14:00:00 +01:00,2018-09-29 15:00:00 +01:00,1,1
GB,http://environment.data.gov.uk/air-quality/so,GB_Network_1,Station_GB1024A,,GB_SamplingPoint_74174,GB_StationProcess_918,GB_SamplingFeature_918,O3,http://dd.eionet.europa.eu/vocabulary/aq/pollutant/7,hour,57.3264799900,µg/m3,2018-09-29 15:00:00 +01:00,2018-09-29 16:00:00 +01:00,1,1
GB,http://environment.data.gov.uk/air-quality/so,GB_Network_1,Station_GB1024A,,GB_SamplingPoint_74174,GB_StationProcess_918,GB_SamplingFeature_918,O3,http://dd.eionet.europa.eu/vocabulary/aq/pollutant/7,hour,55.5303499900,µg/m3,2018-09-29 16:00:00 +01:00,2018-09-29 17:00:00 +01:00,1,1
GB,http://environment.data.gov.uk/air-quality/so,GB_Network_1,Station_GB1024A,,GB_SamplingPoint_74174,GB_StationProcess_918,GB_SamplingFeature_918,O3,http://dd.eionet.europa.eu/vocabulary/aq/pollutant/7,hour,28.2391599900,µg/m3,2018-09-29 18:00:00 +01:00,2018-09-29 19:00:00 +01:00,1,1
GB,http://environment.data.gov.uk/air-quality/so,GB_Network_1,Station_GB1024A,,GB_SamplingPoint_74174,GB_StationProcess_918,GB_SamplingFeature_918,O3,http://dd.eionet.europa.eu/vocabulary/aq/pollutant/7,hour,6.5359199900,µg/m3,2018-09-29 19:00:00 +01:00,2018-09-29 20:00:00 +01:00,1,1
GB,http://environment.data.gov.uk/air-quality/so,GB_Network_1,Station_GB1024A,,GB_SamplingPoint_74174,GB_StationProcess_918,GB_SamplingFeature_918,O3,http://dd.eionet.europa.eu/vocabulary/aq/pollutant/7,hour,2.0954899900,µg/m3,2018-09-29 20:00:00 +01:00,2018-09-29 21:00:00 +01:00,2,1
GB,http://environment.data.gov.uk/air-quality/so,GB_Network_1,Station_GB1024A,,GB_SamplingPoint_74174,GB_StationProcess_918,GB_SamplingFeature_918,O3,http://dd.eionet.europa.eu/vocabulary/aq/pollutant/7,hour,2.0455899900,µg/m3,2018-09-29 21:00:00 +01:00,2018-09-29 22:00:00 +01:00,2,1
GB,http://environment.data.gov.uk/air-quality/so,GB_Network_1,Station_GB1024A,,GB_SamplingPoint_74174,GB_StationProcess_918,GB_SamplingFeature_918,O3,http://dd.eionet.europa.eu/vocabulary/aq/pollutant/7,hour,1.3969899900,µg/m3,2018-09-29 22:00:00 +01:00,2018-09-29 23:00:00 +01:00,2,1
GB,http://environment.data.gov.uk/air-quality/so,GB_Network_1,Station_GB1024A,,GB_SamplingPoint_74174,GB_StationProcess_918,GB_SamplingFeature_918,O3,http://dd.eionet.europa.eu/vocabulary/aq/pollutant/7,hour,21.4537799900,µg/m3,2018-09-30 08:00:00 +01:00,2018-09-30 09:00:00 +01:00,1,1
GB,http://environment.data.gov.uk/air-quality/so,GB_Network_1,Station_GB1024A,,GB_SamplingPoint_74174,GB_StationProcess_918,GB_SamplingFeature_918,O3,http://dd.eionet.europa.eu/vocabulary/aq/pollutant/7,hour,26.3931299900,µg/m3,2018-09-30 09:00:00 +01:00,2018-09-30 10:00:00 +01:00,1,1
GB,http://environment.data.gov.uk/air-quality/so,GB_Network_1,Station_GB1024A,,GB_SamplingPoint_74174,GB_StationProcess_918,GB_SamplingFeature_918,O3,http://dd.eionet.europa.eu/vocabulary/aq/pollutant/7,hour,51.4391699900,µg/m3,2018-09-30 13:00:00 +01:00,2018-09-30 14:00:00 +01:00,1,1
GB,http://environment.data.gov.uk/air-quality/so,GB_Network_1,Station_GB1024A,,GB_SamplingPoint_74174,GB_StationProcess_918,GB_SamplingFeature_918,O3,http://dd.eionet.europa.eu/vocabulary/aq/pollutant/7,hour,46.7991699900,µg/m3,2018-09-30 14:00:00 +01:00,2018-09-30 15:00:00 +01:00,1,1
GB,http://environment.data.gov.uk/air-quality/so,GB_Network_1,Station_GB1024A,,GB_SamplingPoint_74174,GB_StationProcess_918,GB_SamplingFeature_918,O3,http://dd.eionet.europa.eu/vocabulary/aq/pollutant/7,hour,53.1854099900,µg/m3,2018-09-30 16:00:00 +01:00,2018-09-30 17:00:00 +01:00,1,1
GB,http://environment.data.gov.uk/air-quality/so,GB_Network_1,Station_GB1024A,,GB_SamplingPoint_74174,GB_StationProcess_918,GB_SamplingFeature_918,O3,http://dd.eionet.europa.eu/vocabulary/aq/pollutant/7,hour,46.9987399900,µg/m3,2018-09-30 21:00:00 +01:00,2018-09-30 22:00:00 +01:00,1,1
GB,http://environment.data.gov.uk/air-quality/so,GB_Network_1,Station_GB1024A,,GB_SamplingPoint_74174,GB_StationProcess_918,GB_SamplingFeature_918,O3,http://dd.eionet.europa.eu/vocabulary/aq/pollutant/7,hour,43.5062599900,µg/m3,2018-10-01 03:00:00 +01:00,2018-10-01 04:00:00 +01:00,1,1
GB,http://environment.data.gov.uk/air-quality/so,GB_Network_1,Station_GB1024A,,GB_SamplingPoint_74174,GB_StationProcess_918,GB_SamplingFeature_918,O3,http://dd.eionet.europa.eu/vocabulary/aq/pollutant/7,hour,40.6124999900,µg/m3,2018-10-01 04:00:00 +01:00,2018-10-01 05:00:00 +01:00,1,1
GB,http://environment.data.gov.uk/air-quality/so,GB_Network_1,Station_GB1024A,,GB_SamplingPoint_74174,GB_StationProcess_918,GB_SamplingFeature_918,O3,http://dd.eionet.europa.eu/vocabulary/aq/pollutant/7,hour,25.7944199900,µg/m3,2018-10-01 09:00:00 +01:00,2018-10-01 10:00:00 +01:00,1,1
GB,http://environment.data.gov.uk/air-quality/so,GB_Network_1,Station_GB1024A,,GB_SamplingPoint_74174,GB_StationProcess_918,GB_SamplingFeature_918,O3,http://dd.eionet.europa.eu/vocabulary/aq/pollutant/7,hour,53.1355099900,µg/m3,2018-10-01 14:00:00 +01:00,2018-10-01 15:00:00 +01:00,1,1
GB,http://environment.data.gov.uk/air-quality/so,GB_Network_1,Station_GB1024A,,GB_SamplingPoint_74174,GB_StationProcess_918,GB_SamplingFeature_918,O3,http://dd.eionet.europa.eu/vocabulary/aq/pollutant/7,hour,44.4542199900,µg/m3,2018-10-01 17:00:00 +01:00,2018-10-01 18:00:00 +01:00,1,1
GB,http://environment.data.gov.uk/air-quality/so,GB_Network_1,Station_GB1024A,,GB_SamplingPoint_74174,GB_StationProcess_918,GB_SamplingFeature_918,O3,http://dd.eionet.europa.eu/vocabulary/aq/pollutant/7,hour,42.2589499900,µg/m3,2018-10-01 18:00:00 +01:00,2018-10-01 19:00:00 +01:00,1,1
GB,http://environment.data.gov.uk/air-quality/so,GB_Network_1,Station_GB1024A,,GB_SamplingPoint_74174,GB_StationProcess_918,GB_SamplingFeature_918,O3,http://dd.eionet.europa.eu/vocabulary/aq/pollutant/7,hour,19.9071099900,µg/m3,2018-10-01 21:00:00 +01:00,2018-10-01 22:00:00 +01:00,1,1
GB,http://environment.data.gov.uk/air-quality/so,GB_Network_1,Station_GB1024A,,GB_SamplingPoint_74174,GB_StationProcess_918,GB_SamplingFeature_918,O3,http://dd.eionet.europa.eu/vocabulary/aq/pollutant/7,hour,46.2337199900,µg/m3,2018-10-02 01:00:00 +01:00,2018-10-02 02:00:00 +01:00,1,1
GB,http://environment.data.gov.uk/air-quality/so,GB_Network_1,Station_GB1024A,,GB_SamplingPoint_74174,GB_StationProcess_918,GB_SamplingFeature_918,O3,http://dd.eionet.europa.eu/vocabulary/aq/pollutant/7,hour,52.0877699900,µg/m3,2018-10-02 02:00:00 +01:00,2018-10-02 03:00:00 +01:00,1,1
GB,http://environment.data.gov.uk/air-quality/so,GB_Network_1,Station_GB1024A,,GB_SamplingPoint_74174,GB_StationProcess_918,GB_SamplingFeature_918,O3,http://dd.eionet.europa.eu/vocabulary/aq/pollutant/7,hour,28.2391599900,µg/m3,2018-10-02 07:00:00 +01:00,2018-10-02 08:00:00 +01:00,1,1
GB,http://environment.data.gov.uk/air-quality/so,GB_Network_1,Station_GB1024A,,GB_SamplingPoint_74174,GB_StationProcess_918,GB_SamplingFeature_918,O3,http://dd.eionet.europa.eu/vocabulary/aq/pollutant/7,hour,20.6055999900,µg/m3,2018-10-02 09:00:00 +01:00,2018-10-02 10:00:00 +01:00,1,1
GB,http://environment.data.gov.uk/air-quality/so,GB_Network_1,Station_GB1024A,,GB_SamplingPoint_74174,GB_StationProcess_918,GB_SamplingFeature_918,O3,http://dd.eionet.europa.eu/vocabulary/aq/pollutant/7,hour,46.7991699900,µg/m3,2018-10-02 12:00:00 +01:00,2018-10-02 13:00:00 +01:00,1,1
GB,http://environment.data.gov.uk/air-quality/so,GB_Network_1,Station_GB1024A,,GB_SamplingPoint_74174,GB_StationProcess_918,GB_SamplingFeature_918,O3,http://dd.eionet.europa.eu/vocabulary/aq/pollutant/7,hour,44.7036799900,µg/m3,2018-10-02 13:00:00 +01:00,2018-10-02 14:00:00 +01:00,1,1
GB,http://environment.data.gov.uk/air-quality/so,GB_Network_1,Station_GB1024A,,GB_SamplingPoint_74174,GB_StationProcess_918,GB_SamplingFeature_918,O3,http://dd.eionet.europa.eu/vocabulary/aq/pollutant/7,hour,48.1462599900,µg/m3,2018-10-02 14:00:00 +01:00,2018-10-02 15:00:00 +01:00,1,1
GB,http://environment.data.gov.uk/air-quality/so,GB_Network_1,Station_GB1024A,,GB_SamplingPoint_74174,GB_StationProcess_918,GB_SamplingFeature_918,O3,http://dd.eionet.europa.eu/vocabulary/aq/pollutant/7,hour,50.3415299900,µg/m3,2018-10-02 15:00:00 +01:00,2018-10-02 16:00:00 +01:00,1,1
GB,http://environment.data.gov.uk/air-quality/so,GB_Network_1,Station_GB1024A,,GB_SamplingPoint_74174,GB_StationProcess_918,GB_SamplingFeature_918,O3,http://dd.eionet.europa.eu/vocabulary/aq/pollutant/7,hour,40.7621699900,µg/m3,2018-10-02 19:00:00 +01:00,2018-10-02 20:00:00 +01:00,1,1
GB,http://environment.data.gov.uk/air-quality/so,GB_Network_1,Station_GB1024A,,GB_SamplingPoint_74174,GB_StationProcess_918,GB_SamplingFeature_918,O3,http://dd.eionet.europa.eu/vocabulary/aq/pollutant/7,hour,46.9987399900,µg/m3,2018-10-02 20:00:00 +01:00,2018-10-02 21:00:00 +01:00,1,1
GB,http://environment.data.gov.uk/air-quality/so,GB_Network_1,Station_GB1024A,,GB_SamplingPoint_74174,GB_StationProcess_918,GB_SamplingFeature_918,O3,http://dd.eionet.europa.eu/vocabulary/aq/pollutant/7,hour,42.7079799900,µg/m3,2018-10-02 21:00:00 +01:00,2018-10-02 22:00:00 +01:00,1,1
GB,http://environment.data.gov.uk/air-quality/so,GB_Network_1,Station_GB1024A,,GB_SamplingPoint_74174,GB_StationProcess_918,GB_SamplingFeature_918,O3,http://dd.eionet.europa.eu/vocabulary/aq/pollutant/7,hour,40.8120699900,µg/m3,2018-10-03 00:00:00 +01:00,2018-10-03 01:00:00 +01:00,1,1
GB,http://environment.data.gov.uk/air-quality/so,GB_Network_1,Station_GB1024A,,GB_SamplingPoint_74174,GB_StationProcess_918,GB_SamplingFeature_918,O3,http://dd.eionet.europa.eu/vocabulary/aq/pollutant/7,hour,44.0384499900,µg/m3,2018-10-03 01:00:00 +01:00,2018-10-03 02:00:00 +01:00,1,1
GB,http://environment.data.gov.uk/air-quality/so,GB_Network_1,Station_GB1024A,,GB_SamplingPoint_74174,GB_StationProcess_918,GB_SamplingFeature_918,O3,http://dd.eionet.europa.eu/vocabulary/aq/pollutant/7,hour,40.6124999900,µg/m3,2018-10-03 03:00:00 +01:00,2018-10-03 04:00:00 +01:00,1,1
GB,http://environment.data.gov.uk/air-quality/so,GB_Network_1,Station_GB1024A,,GB_SamplingPoint_74174,GB_StationProcess_918,GB_SamplingFeature_918,O3,http://dd.eionet.europa.eu/vocabulary/aq/pollutant/7,hour,41.3109899900,µg/m3,2018-10-03 04:00:00 +01:00,2018-10-03 05:00:00 +01:00,1,1
GB,http://environment.data.gov.uk/air-quality/so,GB_Network_1,Station_GB1024A,,GB_SamplingPoint_74174,GB_StationProcess_918,GB_SamplingFeature_918,O3,http://dd.eionet.europa.eu/vocabulary/aq/pollutant/7,hour,4.1410799900,µg/m3,2018-10-03 07:00:00 +01:00,2018-10-03 08:00:00 +01:00,2,1
GB,http://environment.data.gov.uk/air-quality/so,GB_Network_1,Station_GB1024A,,GB_SamplingPoint_74174,GB_StationProcess_918,GB_SamplingFeature_918,O3,http://dd.eionet.europa.eu/vocabulary/aq/pollutant/7,hour,5.0890399900,µg/m3,2018-10-03 08:00:00 +01:00,2018-10-03 09:00:00 +01:00,2,1
GB,http://environment.data.gov.uk/air-quality/so,GB_Network_1,Station_GB1024A,,GB_SamplingPoint_74174,GB_StationProcess_918,GB_SamplingFeature_918,O3,http://dd.eionet.europa.eu/vocabulary/aq/pollutant/7,hour,41.2610999900,µg/m3,2018-10-03 14:00:00 +01:00,2018-10-03 15:00:00 +01:00,1,1
GB,http://environment.data.gov.uk/air-quality/so,GB_Network_1,Station_GB1024A,,GB_SamplingPoint_74174,GB_StationProcess_918,GB_SamplingFeature_918,O3,http://dd.eionet.europa.eu/vocabulary/aq/pollutant/7,hour,38.8662599900,µg/m3,2018-10-03 17:00:00 +01:00,2018-10-03 18:00:00 +01:00,1,1
GB,http://environment.data.gov.uk/air-quality/so,GB_Network_1,Station_GB1024A,,GB_SamplingPoint_74174,GB_StationProcess_918,GB_SamplingFeature_918,O3,http://dd.eionet.europa.eu/vocabulary/aq/pollutant/7,hour,2.2451599900,µg/m3,2018-10-03 19:00:00 +01:00,2018-10-03 20:00:00 +01:00,2,1
GB,http://environment.data.gov.uk/air-quality/so,GB_Network_1,Station_GB1024A,,GB_SamplingPoint_74174,GB_StationProcess_918,GB_SamplingFeature_918,O3,http://dd.eionet.europa.eu/vocabulary/aq/pollutant/7,hour,1.3470999900,µg/m3,2018-10-03 20:00:00 +01:00,2018-10-03 21:00:00 +01:00,2,1
GB,http://environment.data.gov.uk/air-quality/so,GB_Network_1,Station_GB1024A,,GB_SamplingPoint_74174,GB_StationProcess_918,GB_SamplingFeature_918,O3,http://dd.eionet.europa.eu/vocabulary/aq/pollutant/7,hour,1.4468799900,µg/m3,2018-10-04 00:00:00 +01:00,2018-10-04 01:00:00 +01:00,2,1
GB,http://environment.data.gov.uk/air-quality/so,GB_Network_1,Station_GB1024A,,GB_SamplingPoint_74174,GB_StationProcess_918,GB_SamplingFeature_918,O3,http://dd.eionet.europa.eu/vocabulary/aq/pollutant/7,hour,6.8851699900,µg/m3,2018-10-04 05:00:00 +01:00,2018-10-04 06:00:00 +01:00,1,1
GB,http://environment.data.gov.uk/air-quality/so,GB_Network_1,Station_GB1024A,,GB_SamplingPoint_74174,GB_StationProcess_918,GB_SamplingFeature_918,O3,http://dd.eionet.europa.eu/vocabulary/aq/pollutant/7,hour,2.2451599900,µg/m3,2018-10-04 07:00:00 +01:00,2018-10-04 08:00:00 +01:00,2,1
GB,http://environment.data.gov.uk/air-quality/so,GB_Network_1,Station_GB1024A,,GB_SamplingPoint_74174,GB_StationProcess_918,GB_SamplingFeature_918,O3,http://dd.eionet.europa.eu/vocabulary/aq/pollutant/7,hour,7.6335499900,µg/m3,2018-10-04 10:00:00 +01:00,2018-10-04 11:00:00 +01:00,1,1
GB,http://environment.data.gov.uk/air-quality/so,GB_Network_1,Station_GB1024A,,GB_SamplingPoint_74174,GB_StationProcess_918,GB_SamplingFeature_918,O3,http://dd.eionet.europa.eu/vocabulary/aq/pollutant/7,hour,22.6511999900,µg/m3,2018-10-04 14:00:00 +01:00,2018-10-04 15:00:00 +01:00,1,1
GB,http://environment.data.gov.uk/air-quality/so,GB_Network_1,Station_GB1024A,,GB_SamplingPoint_74174,GB_StationProcess_918,GB_SamplingFeature_918,O3,http://dd.eionet.europa.eu/vocabulary/aq/pollutant/7,hour,28.3888299900,µg/m3,2018-10-04 15:00:00 +01:00,2018-10-04 16:00:00 +01:00,1,1
GB,http://environment.data.gov.uk/air-quality/so,GB_Network_1,Station_GB1024A,,GB_SamplingPoint_74174,GB_StationProcess_918,GB_SamplingFeature_918,O3,http://dd.eionet.europa.eu/vocabulary/aq/pollutant/7,hour,32.6795899900,µg/m3,2018-10-04 21:00:00 +01:00,2018-10-04 22:00:00 +01:00,1,1
GB,http://environment.data.gov.uk/air-quality/so,GB_Network_1,Station_GB1024A,,GB_SamplingPoint_74174,GB_StationProcess_918,GB_SamplingFeature_918,O3,http://dd.eionet.europa.eu/vocabulary/aq/pollutant/7,hour,6.3862399900,µg/m3,2018-10-05 01:00:00 +01:00,2018-10-05 02:00:00 +01:00,1,1
GB,http://environment.data.gov.uk/air-quality/so,GB_Network_1,Station_GB1024A,,GB_SamplingPoint_74174,GB_StationProcess_918,GB_SamplingFeature_918,O3,http://dd.eionet.europa.eu/vocabulary/aq/pollutant/7,hour,4.6566299900,µg/m3,2018-10-05 02:00:00 +01:00,2018-10-05 03:00:00 +01:00,2,1
GB,http://environment.data.gov.uk/air-quality/so,GB_Network_1,Station_GB1024A,,GB_SamplingPoint_74174,GB_StationProcess_918,GB_SamplingFeature_918,O3,http://dd.eionet.europa.eu/vocabulary/aq/pollutant/7,hour,1.1974199900,µg/m3,2018-10-05 06:00:00 +01:00,2018-10-05 07:00:00 +01:00,2,1
GB,http://environment.data.gov.uk/air-quality/so,GB_Network_1,Station_GB1024A,,GB_SamplingPoint_74174,GB_StationProcess_918,GB_SamplingFeature_918,O3,http://dd.eionet.europa.eu/vocabulary/aq/pollutant/7,hour,1.3470999900,µg/m3,2018-10-05 07:00:00 +01:00,2018-10-05 08:00:00 +01:00,2,1
GB,http://environment.data.gov.uk/air-quality/so,GB_Network_1,Station_GB1024A,,GB_SamplingPoint_74174,GB_StationProcess_918,GB_SamplingFeature_918,O3,http://dd.eionet.europa.eu/vocabulary/aq/pollutant/7,hour,2.8438699900,µg/m3,2018-10-05 10:00:00 +01:00,2018-10-05 11:00:00 +01:00,2,1
GB,http://environment.data.gov.uk/air-quality/so,GB_Network_1,Station_GB1024A,,GB_SamplingPoint_74174,GB_StationProcess_918,GB_SamplingFeature_918,O3,http://dd.eionet.europa.eu/vocabulary/aq/pollutant/7,hour,7.9329099900,µg/m3,2018-10-05 11:00:00 +01:00,2018-10-05 12:00:00 +01:00,1,1
GB,http://environment.data.gov.uk/air-quality/so,GB_Network_1,Station_GB1024A,,GB_SamplingPoint_74174,GB_StationProcess_918,GB_SamplingFeature_918,O3,http://dd.eionet.europa.eu/vocabulary/aq/pollutant/7,hour,54.1832599900,µg/m3,2018-10-05 15:00:00 +01:00,2018-10-05 16:00:00 +01:00,1,1
GB,http://environment.data.gov.uk/air-quality/so,GB_Network_1,Station_GB1024A,,GB_SamplingPoint_74174,GB_StationProcess_918,GB_SamplingFeature_918,O3,http://dd.eionet.europa.eu/vocabulary/aq/pollutant/7,hour,9.4296799900,µg/m3,2018-10-05 18:00:00 +01:00,2018-10-05 19:00:00 +01:00,1,1
GB,http://environment.data.gov.uk/air-quality/so,GB_Network_1,Station_GB1024A,,GB_SamplingPoint_74174,GB_StationProcess_918,GB_SamplingFeature_918,O3,http://dd.eionet.europa.eu/vocabulary/aq/pollutant/7,hour,1.3969899900,µg/m3,2018-10-05 19:00:00 +01:00,2018-10-05 20:00:00 +01:00,2,1
GB,http://environment.data.gov.uk/air-quality/so,GB_Network_1,Station_GB1024A,,GB_SamplingPoint_74174,GB_StationProcess_918,GB_SamplingFeature_918,O3,http://dd.eionet.europa.eu/vocabulary/aq/pollutant/7,hour,1.1974199900,µg/m3,2018-10-05 21:00:00 +01:00,2018-10-05 22:00:00 +01:00,2,1
GB,http://environment.data.gov.uk/air-quality/so,GB_Network_1,Station_GB1024A,,GB_SamplingPoint_74174,GB_StationProcess_918,GB_SamplingFeature_918,O3,http://dd.eionet.europa.eu/vocabulary/aq/pollutant/7,hour,2.5445199900,µg/m3,2018-10-05 22:00:00 +01:00,2018-10-05 23:00:00 +01:00,2,1
GB,http://environment.data.gov.uk/air-quality/so,GB_Network_1,Station_GB1024A,,GB_SamplingPoint_74174,GB_StationProcess_918,GB_SamplingFeature_918,O3,http://dd.eionet.europa.eu/vocabulary/aq/pollutant/7,hour,2.1453799900,µg/m3,2018-10-05 23:00:00 +01:00,2018-10-06 00:00:00 +01:00,2,1
GB,http://environment.data.gov.uk/air-quality/so,GB_Network_1,Station_GB1024A,,GB_SamplingPoint_74174,GB_StationProcess_918,GB_SamplingFeature_918,O3,http://dd.eionet.europa.eu/vocabulary/aq/pollutant/7,hour,1.2473099900,µg/m3,2018-10-06 04:00:00 +01:00,2018-10-06 05:00:00 +01:00,2,1
GB,http://environment.data.gov.uk/air-quality/so,GB_Network_1,Station_GB1024A,,GB_SamplingPoint_74174,GB_StationProcess_918,GB_SamplingFeature_918,O3,http://dd.eionet.europa.eu/vocabulary/aq/pollutant/7,hour,19.3083999900,µg/m3,2018-10-06 07:00:00 +01:00,2018-10-06 08:00:00 +01:00,1,1
GB,http://environment.data.gov.uk/air-quality/so,GB_Network_1,Station_GB1024A,,GB_SamplingPoint_74174,GB_StationProcess_918,GB_SamplingFeature_918,O3,http://dd.eionet.europa.eu/vocabulary/aq/pollutant/7,hour,38.8662599900,µg/m3,2018-10-06 11:00:00 +01:00,2018-10-06 12:00:00 +01:00,1,1
GB,http://environment.data.gov.uk/air-quality/so,GB_Network_1,Station_GB1024A,,GB_SamplingPoint_74174,GB_StationProcess_918,GB_SamplingFeature_918,O3,http://dd.eionet.europa.eu/vocabulary/aq/pollutant/7,hour,46.1505599900,µg/m3,2018-10-06 12:00:00 +01:00,2018-10-06 13:00:00 +01:00,1,1
GB,http://environment.data.gov.uk/air-quality/so,GB_Network_1,Station_GB1024A,,GB_SamplingPoint_74174,GB_StationProcess_918,GB_SamplingFeature_918,O3,http://dd.eionet.europa.eu/vocabulary/aq/pollutant/7,hour,53.4348699900,µg/m3,2018-10-06 13:00:00 +01:00,2018-10-06 14:00:00 +01:00,1,1
GB,http://environment.data.gov.uk/air-quality/so,GB_Network_1,Station_GB1024A,,GB_SamplingPoint_74174,GB_StationProcess_918,GB_SamplingFeature_918,O3,http://dd.eionet.europa.eu/vocabulary/aq/pollutant/7,hour,62.2658399900,µg/m3,2018-10-06 15:00:00 +01:00,2018-10-06 16:00:00 +01:00,1,1
GB,http://environment.data.gov.uk/air-quality/so,GB_Network_1,Station_GB1024A,,GB_SamplingPoint_74174,GB_StationProcess_918,GB_SamplingFeature_918,O3,http://dd.eionet.europa.eu/vocabulary/aq/pollutant/7,hour,62.2658399900,µg/m3,2018-10-06 16:00:00 +01:00,2018-10-06 17:00:00 +01:00,1,1
GB,http://environment.data.gov.uk/air-quality/so,GB_Network_1,Station_GB1024A,,GB_SamplingPoint_74174,GB_StationProcess_918,GB_SamplingFeature_918,O3,http://dd.eionet.europa.eu/vocabulary/aq/pollutant/7,hour,61.2679899900,µg/m3,2018-10-06 18:00:00 +01:00,2018-10-06 19:00:00 +01:00,1,1
GB,http://environment.data.gov.uk/air-quality/so,GB_Network_1,Station_GB1024A,,GB_SamplingPoint_74174,GB_StationProcess_918,GB_SamplingFeature_918,O3,http://dd.eionet.europa.eu/vocabulary/aq/pollutant/7,hour,58.7234699900,µg/m3,2018-10-06 19:00:00 +01:00,2018-10-06 20:00:00 +01:00,1,1
GB,http://environment.data.gov.uk/air-quality/so,GB_Network_1,Station_GB1024A,,GB_SamplingPoint_74174,GB_StationProcess_918,GB_SamplingFeature_918,O3,http://dd.eionet.europa.eu/vocabulary/aq/pollutant/7,hour,45.1527099900,µg/m3,2018-10-07 03:00:00 +01:00,2018-10-07 04:00:00 +01:00,1,1
GB,http://environment.data.gov.uk/air-quality/so,GB_Network_1,Station_GB1024A,,GB_SamplingPoint_74174,GB_StationProcess_918,GB_SamplingFeature_918,O3,http://dd.eionet.europa.eu/vocabulary/aq/pollutant/7,hour,37.0701299900,µg/m3,2018-10-07 08:00:00 +01:00,2018-10-07 09:00:00 +01:00,1,1
GB,http://environment.data.gov.uk/air-quality/so,GB_Network_1,Station_GB1024A,,GB_SamplingPoint_74174,GB_StationProcess_918,GB_SamplingFeature_918,O3,http://dd.eionet.europa.eu/vocabulary/aq/pollutant/7,hour,47.2481999900,µg/m3,2018-10-07 10:00:00 +01:00,2018-10-07 11:00:00 +01:00,1,1
GB,http://environment.data.gov.uk/air-quality/so,GB_Network_1,Station_GB1024A,,GB_SamplingPoint_74174,GB_StationProcess_918,GB_SamplingFeature_918,O3,http://dd.eionet.europa.eu/vocabulary/aq/pollutant/7,hour,54.8817499900,µg/m3,2018-10-07 15:00:00 +01:00,2018-10-07 16:00:00 +01:00,1,1
GB,http://environment.data.gov.uk/air-quality/so,GB_Network_1,Station_GB1024A,,GB_SamplingPoint_74174,GB_StationProcess_918,GB_SamplingFeature_918,O3,http://dd.eionet.europa.eu/vocabulary/aq/pollutant/7,hour,53.1854099900,µg/m3,2018-10-07 16:00:00 +01:00,2018-10-07 17:00:00 +01:00,1,1
GB,http://environment.data.gov.uk/air-quality/so,GB_Network_1,Station_GB1024A,,GB_SamplingPoint_74174,GB_StationProcess_918,GB_SamplingFeature_918,O3,http://dd.eionet.europa.eu/vocabulary/aq/pollutant/7,hour,2.6442999900,µg/m3,2018-10-07 19:00:00 +01:00,2018-10-07 20:00:00 +01:00,2,1
GB,http://environment.data.gov.uk/air-quality/so,GB_Network_1,Station_GB1024A,,GB_SamplingPoint_74174,GB_StationProcess_918,GB_SamplingFeature_918,O3,http://dd.eionet.europa.eu/vocabulary/aq/pollutant/7,hour,1.1974199900,µg/m3,2018-10-07 20:00:00 +01:00,2018-10-07 21:00:00 +01:00,2,1
GB,http://environment.data.gov.uk/air-quality/so,GB_Network_1,Station_GB1024A,,GB_SamplingPoint_74174,GB_StationProcess_918,GB_SamplingFeature_918,O3,http://dd.eionet.europa.eu/vocabulary/aq/pollutant/7,hour,5.7376399900,µg/m3,2018-10-08 00:00:00 +01:00,2018-10-08 01:00:00 +01:00,2,1
GB,http://environment.data.gov.uk/air-quality/so,GB_Network_1,Station_GB1024A,,GB_SamplingPoint_74174,GB_StationProcess_918,GB_SamplingFeature_918,O3,http://dd.eionet.europa.eu/vocabulary/aq/pollutant/7,hour,26.5428099900,µg/m3,2018-10-08 03:00:00 +01:00,2018-10-08 04:00:00 +01:00,1,1
GB,http://environment.data.gov.uk/air-quality/so,GB_Network_1,Station_GB1024A,,GB_SamplingPoint_74174,GB_StationProcess_918,GB_SamplingFeature_918,O3,http://dd.eionet.europa.eu/vocabulary/aq/pollutant/7,hour,30.2847499900,µg/m3,2018-10-08 04:00:00 +01:00,2018-10-08 05:00:00 +01:00,1,1
GB,http://environment.data.gov.uk/air-quality/so,GB_Network_1,Station_GB1024A,,GB_SamplingPoint_74174,GB_StationProcess_918,GB_SamplingFeature_918,O3,http://dd.eionet.europa.eu/vocabulary/aq/pollutant/7,hour,18.4103299900,µg/m3,2018-10-08 06:00:00 +01:00,2018-10-08 07:00:00 +01:00,1,1
GB,http://environment.data.gov.uk/air-quality/so,GB_Network_1,Station_GB1024A,,GB_SamplingPoint_74174,GB_StationProcess_918,GB_SamplingFeature_918,O3,http://dd.eionet.europa.eu/vocabulary/aq/pollutant/7,hour,5.8873199900,µg/m3,2018-10-08 08:00:00 +01:00,2018-10-08 09:00:00 +01:00,2,1
GB,http://environment.data.gov.uk/air-quality/so,GB_Network_1,Station_GB1024A,,GB_SamplingPoint_74174,GB_StationProcess_918,GB_SamplingFeature_918,O3,http://dd.eionet.europa.eu/vocabulary/aq/pollutant/7,hour,29.6860399900,µg/m3,2018-10-08 11:00:00 +01:00,2018-10-08 12:00:00 +01:00,1,1
GB,http://environment.data.gov.uk/air-quality/so,GB_Network_1,Station_GB1024A,,GB_SamplingPoint_74174,GB_StationProcess_918,GB_SamplingFeature_918,O3,http://dd.eionet.europa.eu/vocabulary/aq/pollutant/7,hour,54.6322899900,µg/m3,2018-10-08 15:00:00 +01:00,2018-10-08 16:00:00 +01:00,1,1
GB,http://environment.data.gov.uk/air-quality/so,GB_Network_1,Station_GB1024A,,GB_SamplingPoint_74174,GB_StationProcess_918,GB_SamplingFeature_918,O3,http://dd.eionet.europa.eu/vocabulary/aq/pollutant/7,hour,55.2808899900,µg/m3,2018-10-08 16:00:00 +01:00,2018-10-08 17:00:00 +01:00,1,1
GB,http://environment.data.gov.uk/air-quality/so,GB_Network_1,Station_GB1024A,,GB_SamplingPoint_74174,GB_StationProcess_918,GB_SamplingFeature_918,O3,http://dd.eionet.europa.eu/vocabulary/aq/pollutant/7,hour,52.1376599900,µg/m3,2018-10-08 17:00:00 +01:00,2018-10-08 18:00:00 +01:00,1,1
GB,http://environment.data.gov.uk/air-quality/so,GB_Network_1,Station_GB1024A,,GB_SamplingPoint_74174,GB_StationProcess_918,GB_SamplingFeature_918,O3,http://dd.eionet.europa.eu/vocabulary/aq/pollutant/7,hour,42.9574399900,µg/m3,2018-10-08 18:00:00 +01:00,2018-10-08 19:00:00 +01:00,1,1
GB,http://environment.data.gov.uk/air-quality/so,GB_Network_1,Station_GB1024A,,GB_SamplingPoint_74174,GB_StationProcess_918,GB_SamplingFeature_918,O3,http://dd.eionet.europa.eu/vocabulary/aq/pollutant/7,hour,47.1650399900,µg/m3,2018-10-09 02:00:00 +01:00,2018-10-09 03:00:00 +01:00,1,1
GB,http://environment.data.gov.uk/air-quality/so,GB_Network_1,Station_GB1024A,,GB_SamplingPoint_74174,GB_StationProcess_918,GB_SamplingFeature_918,O3,http://dd.eionet.europa.eu/vocabulary/aq/pollutant/7,hour,38.8163699900,µg/m3,2018-10-09 05:00:00 +01:00,2018-10-09 06:00:00 +01:00,1,1
GB,http://environment.data.gov.uk/air-quality/so,GB_Network_1,Station_GB1024A,,GB_SamplingPoint_74174,GB_StationProcess_918,GB_SamplingFeature_918,O3,http://dd.eionet.europa.eu/vocabulary/aq/pollutant/7,hour,23.4993699900,µg/m3,2018-10-09 06:00:00 +01:00,2018-10-09 07:00:00 +01:00,1,1
GB,http://environment.data.gov.uk/air-quality/so,GB_Network_1,Station_GB1024A,,GB_SamplingPoint_74174,GB_StationProcess_918,GB_SamplingFeature_918,O3,http://dd.eionet.europa.eu/vocabulary/aq/pollutant/7,hour,18.4602299900,µg/m3,2018-10-09 09:00:00 +01:00,2018-10-09 10:00:00 +01:00,1,1
GB,http://environment.data.gov.uk/air-quality/so,GB_Network_1,Station_GB1024A,,GB_SamplingPoint_74174,GB_StationProcess_918,GB_SamplingFeature_918,O3,http://dd.eionet.europa.eu/vocabulary/aq/pollutant/7,hour,79.8778899900,µg/m3,2018-10-09 15:00:00 +01:00,2018-10-09 16:00:00 +01:00,1,1
GB,http://environment.data.gov.uk/air-quality/so,GB_Network_1,Station_GB1024A,,GB_SamplingPoint_74174,GB_StationProcess_918,GB_SamplingFeature_918,O3,http://dd.eionet.europa.eu/vocabulary/aq/pollutant/7,hour,42.7079799900,µg/m3,2018-10-09 18:00:00 +01:00,2018-10-09 19:00:00 +01:00,1,1
GB,http://environment.data.gov.uk/air-quality/so,GB_Network_1,Station_GB1024A,,GB_SamplingPoint_74174,GB_StationProcess_918,GB_SamplingFeature_918,O3,http://dd.eionet.europa.eu/vocabulary/aq/pollutant/7,hour,6.5359199900,µg/m3,2018-10-09 19:00:00 +01:00,2018-10-09 20:00:00 +01:00,1,1
GB,http://environment.data.gov.uk/air-quality/so,GB_Network_1,Station_GB1024A,,GB_SamplingPoint_74174,GB_StationProcess_918,GB_SamplingFeature_918,O3,http://dd.eionet.europa.eu/vocabulary/aq/pollutant/7,hour,1.4468799900,µg/m3,2018-10-09 22:00:00 +01:00,2018-10-09 23:00:00 +01:00,2,1
GB,http://environment.data.gov.uk/air-quality/so,GB_Network_1,Station_GB1024A,,GB_SamplingPoint_74174,GB_StationProcess_918,GB_SamplingFeature_918,O3,http://dd.eionet.europa.eu/vocabulary/aq/pollutant/7,hour,1.0477399900,µg/m3,2018-10-09 23:00:00 +01:00,2018-10-10 00:00:00 +01:00,2,1
GB,http://environment.data.gov.uk/air-quality/so,GB_Network_1,Station_GB1024A,,GB_SamplingPoint_74174,GB_StationProcess_918,GB_SamplingFeature_918,O3,http://dd.eionet.europa.eu/vocabulary/aq/pollutant/7,hour,1.1475299900,µg/m3,2018-10-10 00:00:00 +01:00,2018-10-10 01:00:00 +01:00,2,1
GB,http://environment.data.gov.uk/air-quality/so,GB_Network_1,Station_GB1024A,,GB_SamplingPoint_74174,GB_StationProcess_918,GB_SamplingFeature_918,O3,http://dd.eionet.europa.eu/vocabulary/aq/pollutant/7,hour,1.1974199900,µg/m3,2018-10-10 01:00:00 +01:00,2018-10-10 02:00:00 +01:00,2,1
GB,http://environment.data.gov.uk/air-quality/so,GB_Network_1,Station_GB1024A,,GB_SamplingPoint_74174,GB_StationProcess_918,GB_SamplingFeature_918,O3,http://dd.eionet.europa.eu/vocabulary/aq/pollutant/7,hour,1.9291799900,µg/m3,2018-10-10 02:00:00 +01:00,2018-10-10 03:00:00 +01:00,2,1
GB,http://environment.data.gov.uk/air-quality/so,GB_Network_1,Station_GB1024A,,GB_SamplingPoint_74174,GB_StationProcess_918,GB_SamplingFeature_918,O3,http://dd.eionet.europa.eu/vocabulary/aq/pollutant/7,hour,1.0477399900,µg/m3,2018-10-10 06:00:00 +01:00,2018-10-10 07:00:00 +01:00,2,1
GB,http://environment.data.gov.uk/air-quality/so,GB_Network_1,Station_GB1024A,,GB_SamplingPoint_74174,GB_StationProcess_918,GB_SamplingFeature_918,O3,http://dd.eionet.europa.eu/vocabulary/aq/pollutant/7,hour,1.4468799900,µg/m3,2018-10-10 07:00:00 +01:00,2018-10-10 08:00:00 +01:00,2,1
GB,http://environment.data.gov.uk/air-quality/so,GB_Network_1,Station_GB1024A,,GB_SamplingPoint_74174,GB_StationProcess_918,GB_SamplingFeature_918,O3,http://dd.eionet.europa.eu/vocabulary/aq/pollutant/7,hour,74.0404699900,µg/m3,2018-10-10 16:00:00 +01:00,2018-10-10 17:00:00 +01:00,1,1
GB,http://environment.data.gov.uk/air-quality/so,GB_Network_1,Station_GB1024A,,GB_SamplingPoint_74174,GB_StationProcess_918,GB_SamplingFeature_918,O3,http://dd.eionet.europa.eu/vocabulary/aq/pollutant/7,hour,10.2279599900,µg/m3,2018-10-10 21:00:00 +01:00,2018-10-10 22:00:00 +01:00,1,1
GB,http://environment.data.gov.uk/air-quality/so,GB_Network_1,Station_GB1024A,,GB_SamplingPoint_74174,GB_StationProcess_918,GB_SamplingFeature_918,O3,http://dd.eionet.europa.eu/vocabulary/aq/pollutant/7,hour,5.3384999900,µg/m3,2018-10-10 22:00:00 +01:00,2018-10-10 23:00:00 +01:00,2,1
GB,http://environment.data.gov.uk/air-quality/so,GB_Network_1,Station_GB1024A,,GB_SamplingPoint_74174,GB_StationProcess_918,GB_SamplingFeature_918,O3,http://dd.eionet.europa.eu/vocabulary/aq/pollutant/7,hour,1.6630799900,µg/m3,2018-10-11 02:00:00 +01:00,2018-10-11 03:00:00 +01:00,2,1
GB,http://environment.data.gov.uk/air-quality/so,GB_Network_1,Station_GB1024A,,GB_SamplingPoint_74174,GB_StationProcess_918,GB_SamplingFeature_918,O3,http://dd.eionet.europa.eu/vocabulary/aq/pollutant/7,hour,51.4391699900,µg/m3,2018-10-11 08:00:00 +01:00,2018-10-11 09:00:00 +01:00,1,1
GB,http://environment.data.gov.uk/air-quality/so,GB_Network_1,Station_GB1024A,,GB_SamplingPoint_74174,GB_StationProcess_918,GB_SamplingFeature_918,O3,http://dd.eionet.europa.eu/vocabulary/aq/pollutant/7,hour,52.1875599900,µg/m3,2018-10-11 10:00:00 +01:00,2018-10-11 11:00:00 +01:00,1,1
GB,http://environment.data.gov.uk/air-quality/so,GB_Network_1,Station_GB1024A,,GB_SamplingPoint_74174,GB_StationProcess_918,GB_SamplingFeature_918,O3,http://dd.eionet.europa.eu/vocabulary/aq/pollutant/7,hour,56.5780999900,µg/m3,2018-10-11 11:00:00 +01:00,2018-10-11 12:00:00 +01:00,1,1
GB,http://environment.data.gov.uk/air-quality/so,GB_Network_1,Station_GB1024A,,GB_SamplingPoint_74174,GB_StationProcess_918,GB_SamplingFeature_918,O3,http://dd.eionet.europa.eu/vocabulary/aq/pollutant/7,hour,61.8168099900,µg/m3,2018-10-11 12:00:00 +01:00,2018-10-11 13:00:00 +01:00,1,1
GB,http://environment.data.gov.uk/air-quality/so,GB_Network_1,Station_GB1024A,,GB_SamplingPoint_74174,GB_StationProcess_918,GB_SamplingFeature_918,O3,http://dd.eionet.europa.eu/vocabulary/aq/pollutant/7,hour,62.5651999900,µg/m3,2018-10-11 13:00:00 +01:00,2018-10-11 14:00:00 +01:00,1,1
GB,http://environment.data.gov.uk/air-quality/so,GB_Network_1,Station_GB1024A,,GB_SamplingPoint_74174,GB_StationProcess_918,GB_SamplingFeature_918,O3,http://dd.eionet.europa.eu/vocabulary/aq/pollutant/7,hour,53.4348699900,µg/m3,2018-10-11 15:00:00 +01:00,2018-10-11 16:00:00 +01:00,1,1
GB,http://environment.data.gov.uk/air-quality/so,GB_Network_1,Station_GB1024A,,GB_SamplingPoint_74174,GB_StationProcess_918,GB_SamplingFeature_918,O3,http://dd.eionet.europa.eu/vocabulary/aq/pollutant/7,hour,49.1441099900,µg/m3,2018-10-11 16:00:00 +01:00,2018-10-11 17:00:00 +01:00,1,1
GB,http://environment.data.gov.uk/air-quality/so,GB_Network_1,Station_GB1024A,,GB_SamplingPoint_74174,GB_StationProcess_918,GB_SamplingFeature_918,O3,http://dd.eionet.europa.eu/vocabulary/aq/pollutant/7,hour,48.4456199900,µg/m3,2018-10-11 19:00:00 +01:00,2018-10-11 20:00:00 +01:00,1,1
GB,http://environment.data.gov.uk/air-quality/so,GB_Network_1,Station_GB1024A,,GB_SamplingPoint_74174,GB_StationProcess_918,GB_SamplingFeature_918,O3,http://dd.eionet.europa.eu/vocabulary/aq/pollutant/7,hour,48.9944399900,µg/m3,2018-10-11 21:00:00 +01:00,2018-10-11 22:00:00 +01:00,1,1
GB,http://environment.data.gov.uk/air-quality/so,GB_Network_1,Station_GB1024A,,GB_SamplingPoint_74174,GB_StationProcess_918,GB_SamplingFeature_918,O3,http://dd.eionet.europa.eu/vocabulary/aq/pollutant/7,hour,54.0834699900,µg/m3,2018-10-11 22:00:00 +01:00,2018-10-11 23:00:00 +01:00,1,1
GB,http://environment.data.gov.uk/air-quality/so,GB_Network_1,Station_GB1024A,,GB_SamplingPoint_74174,GB_StationProcess_918,GB_SamplingFeature_918,O3,http://dd.eionet.europa.eu/vocabulary/aq/pollutant/7,hour,60.8189599900,µg/m3,2018-10-12 04:00:00 +01:00,2018-10-12 05:00:00 +01:00,1,1
GB,http://environment.data.gov.uk/air-quality/so,GB_Network_1,Station_GB1024A,,GB_SamplingPoint_74174,GB_StationProcess_918,GB_SamplingFeature_918,O3,http://dd.eionet.europa.eu/vocabulary/aq/pollutant/7,hour,62.5651999900,µg/m3,2018-10-12 05:00:00 +01:00,2018-10-12 06:00:00 +01:00,1,1
GB,http://environment.data.gov.uk/air-quality/so,GB_Network_1,Station_GB1024A,,GB_SamplingPoint_74174,GB_StationProcess_918,GB_SamplingFeature_918,O3,http://dd.eionet.europa.eu/vocabulary/aq/pollutant/7,hour,46.8989499900,µg/m3,2018-10-12 08:00:00 +01:00,2018-10-12 09:00:00 +01:00,1,1
GB,http://environment.data.gov.uk/air-quality/so,GB_Network_1,Station_GB1024A,,GB_SamplingPoint_74174,GB_StationProcess_918,GB_SamplingFeature_918,O3,http://dd.eionet.europa.eu/vocabulary/aq/pollutant/7,hour,48.1961599900,µg/m3,2018-10-12 09:00:00 +01:00,2018-10-12 10:00:00 +01:00,1,1
GB,http://environment.data.gov.uk/air-quality/so,GB_Network_1,Station_GB1024A,,GB_SamplingPoint_74174,GB_StationProcess_918,GB_SamplingFeature_918,O3,http://dd.eionet.europa.eu/vocabulary/aq/pollutant/7,hour,64.2615399900,µg/m3,2018-10-12 13:00:00 +01:00,2018-10-12 14:00:00 +01:00,1,1
GB,http://environment.data.gov.uk/air-quality/so,GB_Network_1,Station_GB1024A,,GB_SamplingPoint_74174,GB_StationProcess_918,GB_SamplingFeature_918,O3,http://dd.eionet.europa.eu/vocabulary/aq/pollutant/7,hour,61.5673499900,µg/m3,2018-10-12 15:00:00 +01:00,2018-10-12 16:00:00 +01:00,1,1
GB,http://environment.data.gov.uk/air-quality/so,GB_Network_1,Station_GB1024A,,GB_SamplingPoint_74174,GB_StationProcess_918,GB_SamplingFeature_918,O3,http://dd.eionet.europa.eu/vocabulary/aq/pollutant/7,hour,59.2722899900,µg/m3,2018-10-12 16:00:00 +01:00,2018-10-12 17:00:00 +01:00,1,1
GB,http://environment.data.gov.uk/air-quality/so,GB_Network_1,Station_GB1024A,,GB_SamplingPoint_74174,GB_StationProcess_918,GB_SamplingFeature_918,O3,http://dd.eionet.europa.eu/vocabulary/aq/pollutant/7,hour,57.6258399900,µg/m3,2018-10-12 17:00:00 +01:00,2018-10-12 18:00:00 +01:00,1,1
GB,http://environment.data.gov.uk/air-quality/so,GB_Network_1,Station_GB1024A,,GB_SamplingPoint_74174,GB_StationProcess_918,GB_SamplingFeature_918,O3,http://dd.eionet.europa.eu/vocabulary/aq/pollutant/7,hour,61.2679899900,µg/m3,2018-10-12 18:00:00 +01:00,2018-10-12 19:00:00 +01:00,1,1
GB,http://environment.data.gov.uk/air-quality/so,GB_Network_1,Station_GB1024A,,GB_SamplingPoint_74174,GB_StationProcess_918,GB_SamplingFeature_918,O3,http://dd.eionet.europa.eu/vocabulary/aq/pollutant/7,hour,63.2137999900,µg/m3,2018-10-12 19:00:00 +01:00,2018-10-12 20:00:00 +01:00,1,1
GB,http://environment.data.gov.uk/air-quality/so,GB_Network_1,Station_GB1024A,,GB_SamplingPoint_74174,GB_StationProcess_918,GB_SamplingFeature_918,O3,http://dd.eionet.europa.eu/vocabulary/aq/pollutant/7,hour,61.7170199900,µg/m3,2018-10-12 20:00:00 +01:00,2018-10-12 21:00:00 +01:00,1,1
GB,http://environment.data.gov.uk/air-quality/so,GB_Network_1,Station_GB1024A,,GB_SamplingPoint_74174,GB_StationProcess_918,GB_SamplingFeature_918,O3,http://dd.eionet.europa.eu/vocabulary/aq/pollutant/7,hour,63.7626199900,µg/m3,2018-10-12 22:00:00 +01:00,2018-10-12 23:00:00 +01:00,1,1
GB,http://environment.data.gov.uk/air-quality/so,GB_Network_1,Station_GB1024A,,GB_SamplingPoint_74174,GB_StationProcess_918,GB_SamplingFeature_918,O3,http://dd.eionet.europa.eu/vocabulary/aq/pollutant/7,hour,64.0120799900,µg/m3,2018-10-13 00:00:00 +01:00,2018-10-13 01:00:00 +01:00,1,1
GB,http://environment.data.gov.uk/air-quality/so,GB_Network_1,Station_GB1024A,,GB_SamplingPoint_74174,GB_StationProcess_918,GB_SamplingFeature_918,O3,http://dd.eionet.europa.eu/vocabulary/aq/pollutant/7,hour,50.6907799900,µg/m3,2018-10-13 08:00:00 +01:00,2018-10-13 09:00:00 +01:00,1,1
GB,http://environment.data.gov.uk/air-quality/so,GB_Network_1,Station_GB1024A,,GB_SamplingPoint_74174,GB_StationProcess_918,GB_SamplingFeature_918,O3,http://dd.eionet.europa.eu/vocabulary/aq/pollutant/7,hour,62.2658399900,µg/m3,2018-10-13 13:00:00 +01:00,2018-10-13 14:00:00 +01:00,1,1
GB,http://environment.data.gov.uk/air-quality/so,GB_Network_1,Station_GB1024A,,GB_SamplingPoint_74174,GB_StationProcess_918,GB_SamplingFeature_918,O3,http://dd.eionet.europa.eu/vocabulary/aq/pollutant/7,hour,65.6086399900,µg/m3,2018-10-13 15:00:00 +01:00,2018-10-13 16:00:00 +01:00,1,1
GB,http://environment.data.gov.uk/air-quality/so,GB_Network_1,Station_GB1024A,,GB_SamplingPoint_74174,GB_StationProcess_918,GB_SamplingFeature_918,O3,http://dd.eionet.europa.eu/vocabulary/aq/pollutant/7,hour,55.3806799900,µg/m3,2018-10-13 18:00:00 +01:00,2018-10-13 19:00:00 +01:00,1,1
GB,http://environment.data.gov.uk/air-quality/so,GB_Network_1,Station_GB1024A,,GB_SamplingPoint_74174,GB_StationProcess_918,GB_SamplingFeature_918,O3,http://dd.eionet.europa.eu/vocabulary/aq/pollutant/7,hour,52.0877699900,µg/m3,2018-10-13 19:00:00 +01:00,2018-10-13 20:00:00 +01:00,1,1
GB,http://environment.data.gov.uk/air-quality/so,GB_Network_1,Station_GB1024A,,GB_SamplingPoint_74174,GB_StationProcess_918,GB_SamplingFeature_918,O3,http://dd.eionet.europa.eu/vocabulary/aq/pollutant/7,hour,57.5260499900,µg/m3,2018-10-13 21:00:00 +01:00,2018-10-13 22:00:00 +01:00,1,1
GB,http://environment.data.gov.uk/air-quality/so,GB_Network_1,Station_GB1024A,,GB_SamplingPoint_74174,GB_StationProcess_918,GB_SamplingFeature_918,O3,http://dd.eionet.europa.eu/vocabulary/aq/pollutant/7,hour,49.1607399900,µg/m3,2018-10-14 02:00:00 +01:00,2018-10-14 03:00:00 +01:00,1,1
GB,http://environment.data.gov.uk/air-quality/so,GB_Network_1,Station_GB1024A,,GB_SamplingPoint_74174,GB_StationProcess_918,GB_SamplingFeature_918,O3,http://dd.eionet.europa.eu/vocabulary/aq/pollutant/7,hour,64.5109999900,µg/m3,2018-10-14 05:00:00 +01:00,2018-10-14 06:00:00 +01:00,1,1
GB,http://environment.data.gov.uk/air-quality/so,GB_Network_1,Station_GB1024A,,GB_SamplingPoint_74174,GB_StationProcess_918,GB_SamplingFeature_918,O3,http://dd.eionet.europa.eu/vocabulary/aq/pollutant/7,hour,60.0705699900,µg/m3,2018-10-14 06:00:00 +01:00,2018-10-14 07:00:00 +01:00,1,1
GB,http://environment.data.gov.uk/air-quality/so,GB_Network_1,Station_GB1024A,,GB_SamplingPoint_74174,GB_StationProcess_918,GB_SamplingFeature_918,O3,http://dd.eionet.europa.eu/vocabulary/aq/pollutant/7,hour,51.3892799900,µg/m3,2018-10-14 07:00:00 +01:00,2018-10-14 08:00:00 +01:00,1,1
GB,http://environment.data.gov.uk/air-quality/so,GB_Network_1,Station_GB1024A,,GB_SamplingPoint_74174,GB_StationProcess_918,GB_SamplingFeature_918,O3,http://dd.eionet.europa.eu/vocabulary/aq/pollutant/7,hour,47.8967999900,µg/m3,2018-10-14 08:00:00 +01:00,2018-10-14 09:00:00 +01:00,1,1
GB,http://environment.data.gov.uk/air-quality/so,GB_Network_1,Station_GB1024A,,GB_SamplingPoint_74174,GB_StationProcess_918,GB_SamplingFeature_918,O3,http://dd.eionet.europa.eu/vocabulary/aq/pollutant/7,hour,42.7079799900,µg/m3,2018-10-14 18:00:00 +01:00,2018-10-14 19:00:00 +01:00,1,1
GB,http://environment.data.gov.uk/air-quality/so,GB_Network_1,Station_GB1024A,,GB_SamplingPoint_74174,GB_StationProcess_918,GB_SamplingFeature_918,O3,http://dd.eionet.europa.eu/vocabulary/aq/pollutant/7,hour,51.4391699900,µg/m3,2018-10-14 20:00:00 +01:00,2018-10-14 21:00:00 +01:00,1,1
GB,http://environment.data.gov.uk/air-quality/so,GB_Network_1,Station_GB1024A,,GB_SamplingPoint_74174,GB_StationProcess_918,GB_SamplingFeature_918,O3,http://dd.eionet.europa.eu/vocabulary/aq/pollutant/7,hour,51.5555799900,µg/m3,2018-10-15 01:00:00 +01:00,2018-10-15 02:00:00 +01:00,1,1
GB,http://environment.data.gov.uk/air-quality/so,GB_Network_1,Station_GB1024A,,GB_SamplingPoint_74174,GB_StationProcess_918,GB_SamplingFeature_918,O3,http://dd.eionet.europa.eu/vocabulary/aq/pollutant/7,hour,50.5577299900,µg/m3,2018-10-15 02:00:00 +01:00,2018-10-15 03:00:00 +01:00,1,1
GB,http://environment.data.gov.uk/air-quality/so,GB_Network_1,Station_GB1024A,,GB_SamplingPoint_74174,GB_StationProcess_918,GB_SamplingFeature_918,O3,http://dd.eionet.europa.eu/vocabulary/aq/pollutant/7,hour,51.1897099900,µg/m3,2018-10-15 03:00:00 +01:00,2018-10-15 04:00:00 +01:00,1,1
GB,http://environment.data.gov.uk/air-quality/so,GB_Network_1,Station_GB1024A,,GB_SamplingPoint_74174,GB_StationProcess_918,GB_SamplingFeature_918,O3,http://dd.eionet.europa.eu/vocabulary/aq/pollutant/7,hour,36.5711999900,µg/m3,2018-10-15 06:00:00 +01:00,2018-10-15 07:00:00 +01:00,1,1
GB,http://environment.data.gov.uk/air-quality/so,GB_Network_1,Station_GB1024A,,GB_SamplingPoint_74174,GB_StationProcess_918,GB_SamplingFeature_918,O3,http://dd.eionet.europa.eu/vocabulary/aq/pollutant/7,hour,26.9419499900,µg/m3,2018-10-15 07:00:00 +01:00,2018-10-15 08:00:00 +01:00,1,1
GB,http://environment.data.gov.uk/air-quality/so,GB_Network_1,Station_GB1024A,,GB_SamplingPoint_74174,GB_StationProcess_918,GB_SamplingFeature_918,O3,http://dd.eionet.europa.eu/vocabulary/aq/pollutant/7,hour,31.5819499900,µg/m3,2018-10-15 10:00:00 +01:00,2018-10-15 11:00:00 +01:00,1,1
GB,http://environment.data.gov.uk/air-quality/so,GB_Network_1,Station_GB1024A,,GB_SamplingPoint_74174,GB_StationProcess_918,GB_SamplingFeature_918,O3,http://dd.eionet.europa.eu/vocabulary/aq/pollutant/7,hour,32.6795899900,µg/m3,2018-10-15 11:00:00 +01:00,2018-10-15 12:00:00 +01:00,1,1
GB,http://environment.data.gov.uk/air-quality/so,GB_Network_1,Station_GB1024A,,GB_SamplingPoint_74174,GB_StationProcess_918,GB_SamplingFeature_918,O3,http://dd.eionet.europa.eu/vocabulary/aq/pollutant/7,hour,34.3260399900,µg/m3,2018-10-15 12:00:00 +01:00,2018-10-15 13:00:00 +01:00,1,1
GB,http://environment.data.gov.uk/air-quality/so,GB_Network_1,Station_GB1024A,,GB_SamplingPoint_74174,GB_StationProcess_918,GB_SamplingFeature_918,O3,http://dd.eionet.europa.eu/vocabulary/aq/pollutant/7,hour,34.3260399900,µg/m3,2018-10-15 13:00:00 +01:00,2018-10-15 14:00:00 +01:00,1,1
GB,http://environment.data.gov.uk/air-quality/so,GB_Network_1,Station_GB1024A,,GB_SamplingPoint_74174,GB_StationProcess_918,GB_SamplingFeature_918,O3,http://dd.eionet.europa.eu/vocabulary/aq/pollutant/7,hour,29.8357199900,µg/m3,2018-10-15 14:00:00 +01:00,2018-10-15 15:00:00 +01:00,1,1
GB,http://environment.data.gov.uk/air-quality/so,GB_Network_1,Station_GB1024A,,GB_SamplingPoint_74174,GB_StationProcess_918,GB_SamplingFeature_918,O3,http://dd.eionet.europa.eu/vocabulary/aq/pollutant/7,hour,9.8787199900,µg/m3,2018-10-15 18:00:00 +01:00,2018-10-15 19:00:00 +01:00,1,1
GB,http://environment.data.gov.uk/air-quality/so,GB_Network_1,Station_GB1024A,,GB_SamplingPoint_74174,GB_StationProcess_918,GB_SamplingFeature_918,O3,http://dd.eionet.europa.eu/vocabulary/aq/pollutant/7,hour,17.4124799900,µg/m3,2018-10-15 20:00:00 +01:00,2018-10-15 21:00:00 +01:00,1,1
GB,http://environment.data.gov.uk/air-quality/so,GB_Network_1,Station_GB1024A,,GB_SamplingPoint_74174,GB_StationProcess_918,GB_SamplingFeature_918,O3,http://dd.eionet.europa.eu/vocabulary/aq/pollutant/7,hour,2.3948399900,µg/m3,2018-10-16 02:00:00 +01:00,2018-10-16 03:00:00 +01:00,2,1
GB,http://environment.data.gov.uk/air-quality/so,GB_Network_1,Station_GB1024A,,GB_SamplingPoint_74174,GB_StationProcess_918,GB_SamplingFeature_918,O3,http://dd.eionet.europa.eu/vocabulary/aq/pollutant/7,hour,16.4146299900,µg/m3,2018-10-16 03:00:00 +01:00,2018-10-16 04:00:00 +01:00,1,1
GB,http://environment.data.gov.uk/air-quality/so,GB_Network_1,Station_GB1024A,,GB_SamplingPoint_74174,GB_StationProcess_918,GB_SamplingFeature_918,O3,http://dd.eionet.europa.eu/vocabulary/aq/pollutant/7,hour,25.0959299900,µg/m3,2018-10-16 05:00:00 +01:00,2018-10-16 06:00:00 +01:00,1,1
GB,http://environment.data.gov.uk/air-quality/so,GB_Network_1,Station_GB1024A,,GB_SamplingPoint_74174,GB_StationProcess_918,GB_SamplingFeature_918,O3,http://dd.eionet.europa.eu/vocabulary/aq/pollutant/7,hour,9.4296799900,µg/m3,2018-10-16 10:00:00 +01:00,2018-10-16 11:00:00 +01:00,1,1
GB,http://environment.data.gov.uk/air-quality/so,GB_Network_1,Station_GB1024A,,GB_SamplingPoint_74174,GB_StationProcess_918,GB_SamplingFeature_918,O3,http://dd.eionet.europa.eu/vocabulary/aq/pollutant/7,hour,54.8817499900,µg/m3,2018-10-16 16:00:00 +01:00,2018-10-16 17:00:00 +01:00,1,1
GB,http://environment.data.gov.uk/air-quality/so,GB_Network_1,Station_GB1024A,,GB_SamplingPoint_74174,GB_StationProcess_918,GB_SamplingFeature_918,O3,http://dd.eionet.europa.eu/vocabulary/aq/pollutant/7,hour,41.6103499900,µg/m3,2018-10-16 17:00:00 +01:00,2018-10-16 18:00:00 +01:00,1,1
GB,http://environment.data.gov.uk/air-quality/so,GB_Network_1,Station_GB1024A,,GB_SamplingPoint_74174,GB_StationProcess_918,GB_SamplingFeature_918,O3,http://dd.eionet.europa.eu/vocabulary/aq/pollutant/7,hour,31.7316299900,µg/m3,2018-10-16 18:00:00 +01:00,2018-10-16 19:00:00 +01:00,1,1
GB,http://environment.data.gov.uk/air-quality/so,GB_Network_1,Station_GB1024A,,GB_SamplingPoint_74174,GB_StationProcess_918,GB_SamplingFeature_918,O3,http://dd.eionet.europa.eu/vocabulary/aq/pollutant/7,hour,46.6993799900,µg/m3,2018-10-17 02:00:00 +01:00,2018-10-17 03:00:00 +01:00,1,1
GB,http://environment.data.gov.uk/air-quality/so,GB_Network_1,Station_GB1024A,,GB_SamplingPoint_74174,GB_StationProcess_918,GB_SamplingFeature_918,O3,http://dd.eionet.europa.eu/vocabulary/aq/pollutant/7,hour,43.9552899900,µg/m3,2018-10-17 03:00:00 +01:00,2018-10-17 04:00:00 +01:00,1,1
GB,http://environment.data.gov.uk/air-quality/so,GB_Network_1,Station_GB1024A,,GB_SamplingPoint_74174,GB_StationProcess_918,GB_SamplingFeature_918,O3,http://dd.eionet.europa.eu/vocabulary/aq/pollutant/7,hour,43.7058299900,µg/m3,2018-10-17 05:00:00 +01:00,2018-10-17 06:00:00 +01:00,1,1
GB,http://environment.data.gov.uk/air-quality/so,GB_Network_1,Station_GB1024A,,GB_SamplingPoint_74174,GB_StationProcess_918,GB_SamplingFeature_918,O3,http://dd.eionet.europa.eu/vocabulary/aq/pollutant/7,hour,29.1372199900,µg/m3,2018-10-17 07:00:00 +01:00,2018-10-17 08:00:00 +01:00,1,1
GB,http://environment.data.gov.uk/air-quality/so,GB_Network_1,Station_GB1024A,,GB_SamplingPoint_74174,GB_StationProcess_918,GB_SamplingFeature_918,O3,http://dd.eionet.europa.eu/vocabulary/aq/pollutant/7,hour,18.1608699900,µg/m3,2018-10-17 08:00:00 +01:00,2018-10-17 09:00:00 +01:00,1,1
GB,http://environment.data.gov.uk/air-quality/so,GB_Network_1,Station_GB1024A,,GB_SamplingPoint_74174,GB_StationProcess_918,GB_SamplingFeature_918,O3,http://dd.eionet.europa.eu/vocabulary/aq/pollutant/7,hour,20.6055999900,µg/m3,2018-10-17 10:00:00 +01:00,2018-10-17 11:00:00 +01:00,1,1
GB,http://environment.data.gov.uk/air-quality/so,GB_Network_1,Station_GB1024A,,GB_SamplingPoint_74174,GB_StationProcess_918,GB_SamplingFeature_918,O3,http://dd.eionet.europa.eu/vocabulary/aq/pollutant/7,hour,18.0111899900,µg/m3,2018-10-17 15:00:00 +01:00,2018-10-17 16:00:00 +01:00,1,1
GB,http://environment.data.gov.uk/air-quality/so,GB_Network_1,Station_GB1024A,,GB_SamplingPoint_74174,GB_StationProcess_918,GB_SamplingFeature_918,O3,http://dd.eionet.europa.eu/vocabulary/aq/pollutant/7,hour,7.6335499900,µg/m3,2018-10-17 17:00:00 +01:00,2018-10-17 18:00:00 +01:00,1,1
GB,http://environment.data.gov.uk/air-quality/so,GB_Network_1,Station_GB1024A,,GB_SamplingPoint_74174,GB_StationProcess_918,GB_SamplingFeature_918,O3,http://dd.eionet.europa.eu/vocabulary/aq/pollutant/7,hour,2.7440899900,µg/m3,2018-10-17 18:00:00 +01:00,2018-10-17 19:00:00 +01:00,2,1
GB,http://environment.data.gov.uk/air-quality/so,GB_Network_1,Station_GB1024A,,GB_SamplingPoint_74174,GB_StationProcess_918,GB_SamplingFeature_918,O3,http://dd.eionet.europa.eu/vocabulary/aq/pollutant/7,hour,1.1475299900,µg/m3,2018-10-17 19:00:00 +01:00,2018-10-17 20:00:00 +01:00,2,1
GB,http://environment.data.gov.uk/air-quality/so,GB_Network_1,Station_GB1024A,,GB_SamplingPoint_74174,GB_StationProcess_918,GB_SamplingFeature_918,O3,http://dd.eionet.europa.eu/vocabulary/aq/pollutant/7,hour,1.0477399900,µg/m3,2018-10-17 20:00:00 +01:00,2018-10-17 21:00:00 +01:00,2,1
GB,http://environment.data.gov.uk/air-quality/so,GB_Network_1,Station_GB1024A,,GB_SamplingPoint_74174,GB_StationProcess_918,GB_SamplingFeature_918,O3,http://dd.eionet.europa.eu/vocabulary/aq/pollutant/7,hour,2.0455899900,µg/m3,2018-10-17 22:00:00 +01:00,2018-10-17 23:00:00 +01:00,2,1
GB,http://environment.data.gov.uk/air-quality/so,GB_Network_1,Station_GB1024A,,GB_SamplingPoint_74174,GB_StationProcess_918,GB_SamplingFeature_918,O3,http://dd.eionet.europa.eu/vocabulary/aq/pollutant/7,hour,7.2344099900,µg/m3,2018-10-17 23:00:00 +01:00,2018-10-18 00:00:00 +01:00,1,1
GB,http://environment.data.gov.uk/air-quality/so,GB_Network_1,Station_GB1024A,,GB_SamplingPoint_74174,GB_StationProcess_918,GB_SamplingFeature_918,O3,http://dd.eionet.europa.eu/vocabulary/aq/pollutant/7,hour,8.4318299900,µg/m3,2018-10-18 00:00:00 +01:00,2018-10-18 01:00:00 +01:00,1,1
GB,http://environment.data.gov.uk/air-quality/so,GB_Network_1,Station_GB1024A,,GB_SamplingPoint_74174,GB_StationProcess_918,GB_SamplingFeature_918,O3,http://dd.eionet.europa.eu/vocabulary/aq/pollutant/7,hour,14.3025199900,µg/m3,2018-10-18 01:00:00 +01:00,2018-10-18 02:00:00 +01:00,1,1
GB,http://environment.data.gov.uk/air-quality/so,GB_Network_1,Station_GB1024A,,GB_SamplingPoint_74174,GB_StationProcess_918,GB_SamplingFeature_918,O3,http://dd.eionet.europa.eu/vocabulary/aq/pollutant/7,hour,31.2825999900,µg/m3,2018-10-18 09:00:00 +01:00,2018-10-18 10:00:00 +01:00,1,1
GB,http://environment.data.gov.uk/air-quality/so,GB_Network_1,Station_GB1024A,,GB_SamplingPoint_74174,GB_StationProcess_918,GB_SamplingFeature_918,O3,http://dd.eionet.europa.eu/vocabulary/aq/pollutant/7,hour,40.3131399900,µg/m3,2018-10-18 11:00:00 +01:00,2018-10-18 12:00:00 +01:00,1,1
GB,http://environment.data.gov.uk/air-quality/so,GB_Network_1,Station_GB1024A,,GB_SamplingPoint_74174,GB_StationProcess_918,GB_SamplingFeature_918,O3,http://dd.eionet.europa.eu/vocabulary/aq/pollutant/7,hour,56.3785299900,µg/m3,2018-10-18 15:00:00 +01:00,2018-10-18 16:00:00 +01:00,1,1
GB,http://environment.data.gov.uk/air-quality/so,GB_Network_1,Station_GB1024A,,GB_SamplingPoint_74174,GB_StationProcess_918,GB_SamplingFeature_918,O3,http://dd.eionet.europa.eu/vocabulary/aq/pollutant/7,hour,40.5127099900,µg/m3,2018-10-18 17:00:00 +01:00,2018-10-18 18:00:00 +01:00,1,1
GB,http://environment.data.gov.uk/air-quality/so,GB_Network_1,Station_GB1024A,,GB_SamplingPoint_74174,GB_StationProcess_918,GB_SamplingFeature_918,O3,http://dd.eionet.europa.eu/vocabulary/aq/pollutant/7,hour,34.3260399900,µg/m3,2018-10-18 18:00:00 +01:00,2018-10-18 19:00:00 +01:00,1,1
GB,http://environment.data.gov.uk/air-quality/so,GB_Network_1,Station_GB1024A,,GB_SamplingPoint_74174,GB_StationProcess_918,GB_SamplingFeature_918,O3,http://dd.eionet.europa.eu/vocabulary/aq/pollutant/7,hour,4.2907599900,µg/m3,2018-10-18 22:00:00 +01:00,2018-10-18 23:00:00 +01:00,2,1
GB,http://environment.data.gov.uk/air-quality/so,GB_Network_1,Station_GB1024A,,GB_SamplingPoint_74174,GB_StationProcess_918,GB_SamplingFeature_918,O3,http://dd.eionet.europa.eu/vocabulary/aq/pollutant/7,hour,5.0890399900,µg/m3,2018-10-19 08:00:00 +01:00,2018-10-19 09:00:00 +01:00,2,1
GB,http://environment.data.gov.uk/air-quality/so,GB_Network_1,Station_GB1024A,,GB_SamplingPoint_74174,GB_StationProcess_918,GB_SamplingFeature_918,O3,http://dd.eionet.europa.eu/vocabulary/aq/pollutant/7,hour,53.6344399900,µg/m3,2018-10-19 14:00:00 +01:00,2018-10-19 15:00:00 +01:00,1,1
GB,http://environment.data.gov.uk/air-quality/so,GB_Network_1,Station_GB1024A,,GB_SamplingPoint_74174,GB_StationProcess_918,GB_SamplingFeature_918,O3,http://dd.eionet.europa.eu/vocabulary/aq/pollutant/7,hour,2.8438699900,µg/m3,2018-10-19 18:00:00 +01:00,2018-10-19 19:00:00 +01:00,2,1
GB,http://environment.data.gov.uk/air-quality/so,GB_Network_1,Station_GB1024A,,GB_SamplingPoint_74174,GB_StationProcess_918,GB_SamplingFeature_918,O3,http://dd.eionet.europa.eu/vocabulary/aq/pollutant/7,hour,1.2473099900,µg/m3,2018-10-19 20:00:00 +01:00,2018-10-19 21:00:00 +01:00,2,1
GB,http://environment.data.gov.uk/air-quality/so,GB_Network_1,Station_GB1024A,,GB_SamplingPoint_74174,GB_StationProcess_918,GB_SamplingFeature_918,O3,http://dd.eionet.europa.eu/vocabulary/aq/pollutant/7,hour,1.4468799900,µg/m3,2018-10-19 21:00:00 +01:00,2018-10-19 22:00:00 +01:00,2,1
GB,http://environment.data.gov.uk/air-quality/so,GB_Network_1,Station_GB1024A,,GB_SamplingPoint_74174,GB_StationProcess_918,GB_SamplingFeature_918,O3,http://dd.eionet.europa.eu/vocabulary/aq/pollutant/7,hour,1.2473099900,µg/m3,2018-10-20 00:00:00 +01:00,2018-10-20 01:00:00 +01:00,2,1
GB,http://environment.data.gov.uk/air-quality/so,GB_Network_1,Station_GB1024A,,GB_SamplingPoint_74174,GB_StationProcess_918,GB_SamplingFeature_918,O3,http://dd.eionet.europa.eu/vocabulary/aq/pollutant/7,hour,1.0477399900,µg/m3,2018-10-20 05:00:00 +01:00,2018-10-20 06:00:00 +01:00,2,1
GB,http://environment.data.gov.uk/air-quality/so,GB_Network_1,Station_GB1024A,,GB_SamplingPoint_74174,GB_StationProcess_918,GB_SamplingFeature_918,O3,http://dd.eionet.europa.eu/vocabulary/aq/pollutant/7,hour,1.1974199900,µg/m3,2018-10-20 06:00:00 +01:00,2018-10-20 07:00:00 +01:00,2,1
GB,http://environment.data.gov.uk/air-quality/so,GB_Network_1,Station_GB1024A,,GB_SamplingPoint_74174,GB_StationProcess_918,GB_SamplingFeature_918,O3,http://dd.eionet.europa.eu/vocabulary/aq/pollutant/7,hour,14.6184999900,µg/m3,2018-10-20 11:00:00 +01:00,2018-10-20 12:00:00 +01:00,1,1
GB,http://environment.data.gov.uk/air-quality/so,GB_Network_1,Station_GB1024A,,GB_SamplingPoint_74174,GB_StationProcess_918,GB_SamplingFeature_918,O3,http://dd.eionet.europa.eu/vocabulary/aq/pollutant/7,hour,42.9574399900,µg/m3,2018-10-20 13:00:00 +01:00,2018-10-20 14:00:00 +01:00,1,1
GB,http://environment.data.gov.uk/air-quality/so,GB_Network_1,Station_GB1024A,,GB_SamplingPoint_74174,GB_StationProcess_918,GB_SamplingFeature_918,O3,http://dd.eionet.europa.eu/vocabulary/aq/pollutant/7,hour,42.6081999900,µg/m3,2018-10-20 14:00:00 +01:00,2018-10-20 15:00:00 +01:00,1,1
GB,http://environment.data.gov.uk/air-quality/so,GB_Network_1,Station_GB1024A,,GB_SamplingPoint_74174,GB_StationProcess_918,GB_SamplingFeature_918,O3,http://dd.eionet.europa.eu/vocabulary/aq/pollutant/7,hour,39.8641099900,µg/m3,2018-10-20 16:00:00 +01:00,2018-10-20 17:00:00 +01:00,1,1
GB,http://environment.data.gov.uk/air-quality/so,GB_Network_1,Station_GB1024A,,GB_SamplingPoint_74174,GB_StationProcess_918,GB_SamplingFeature_918,O3,http://dd.eionet.europa.eu/vocabulary/aq/pollutant/7,hour,27.8400199900,µg/m3,2018-10-20 17:00:00 +01:00,2018-10-20 18:00:00 +01:00,1,1
GB,http://environment.data.gov.uk/air-quality/so,GB_Network_1,Station_GB1024A,,GB_SamplingPoint_74174,GB_StationProcess_918,GB_SamplingFeature_918,O3,http://dd.eionet.europa.eu/vocabulary/aq/pollutant/7,hour,5.8873199900,µg/m3,2018-10-20 18:00:00 +01:00,2018-10-20 19:00:00 +01:00,2,1
GB,http://environment.data.gov.uk/air-quality/so,GB_Network_1,Station_GB1024A,,GB_SamplingPoint_74174,GB_StationProcess_918,GB_SamplingFeature_918,O3,http://dd.eionet.europa.eu/vocabulary/aq/pollutant/7,hour,1.0477399900,µg/m3,2018-10-20 19:00:00 +01:00,2018-10-20 20:00:00 +01:00,2,1
GB,http://environment.data.gov.uk/air-quality/so,GB_Network_1,Station_GB1024A,,GB_SamplingPoint_74174,GB_StationProcess_918,GB_SamplingFeature_918,O3,http://dd.eionet.europa.eu/vocabulary/aq/pollutant/7,hour,1.1475299900,µg/m3,2018-10-20 20:00:00 +01:00,2018-10-20 21:00:00 +01:00,2,1
GB,http://environment.data.gov.uk/air-quality/so,GB_Network_1,Station_GB1024A,,GB_SamplingPoint_74174,GB_StationProcess_918,GB_SamplingFeature_918,O3,http://dd.eionet.europa.eu/vocabulary/aq/pollutant/7,hour,1.3470999900,µg/m3,2018-10-20 23:00:00 +01:00,2018-10-21 00:00:00 +01:00,2,1
GB,http://environment.data.gov.uk/air-quality/so,GB_Network_1,Station_GB1024A,,GB_SamplingPoint_74174,GB_StationProcess_918,GB_SamplingFeature_918,O3,http://dd.eionet.europa.eu/vocabulary/aq/pollutant/7,hour,1.6630799900,µg/m3,2018-10-21 02:00:00 +01:00,2018-10-21 03:00:00 +01:00,2,1
GB,http://environment.data.gov.uk/air-quality/so,GB_Network_1,Station_GB1024A,,GB_SamplingPoint_74174,GB_StationProcess_918,GB_SamplingFeature_918,O3,http://dd.eionet.europa.eu/vocabulary/aq/pollutant/7,hour,1.3969899900,µg/m3,2018-10-21 03:00:00 +01:00,2018-10-21 04:00:00 +01:00,2,1
GB,http://environment.data.gov.uk/air-quality/so,GB_Network_1,Station_GB1024A,,GB_SamplingPoint_74174,GB_StationProcess_918,GB_SamplingFeature_918,O3,http://dd.eionet.europa.eu/vocabulary/aq/pollutant/7,hour,1.2473099900,µg/m3,2018-10-21 04:00:00 +01:00,2018-10-21 05:00:00 +01:00,2,1
GB,http://environment.data.gov.uk/air-quality/so,GB_Network_1,Station_GB1024A,,GB_SamplingPoint_74174,GB_StationProcess_918,GB_SamplingFeature_918,O3,http://dd.eionet.europa.eu/vocabulary/aq/pollutant/7,hour,1.1475299900,µg/m3,2018-10-21 05:00:00 +01:00,2018-10-21 06:00:00 +01:00,2,1
GB,http://environment.data.gov.uk/air-quality/so,GB_Network_1,Station_GB1024A,,GB_SamplingPoint_74174,GB_StationProcess_918,GB_SamplingFeature_918,O3,http://dd.eionet.europa.eu/vocabulary/aq/pollutant/7,hour,1.1974199900,µg/m3,2018-10-21 07:00:00 +01:00,2018-10-21 08:00:00 +01:00,2,1
GB,http://environment.data.gov.uk/air-quality/so,GB_Network_1,Station_GB1024A,,GB_SamplingPoint_74174,GB_StationProcess_918,GB_SamplingFeature_918,O3,http://dd.eionet.europa.eu/vocabulary/aq/pollutant/7,hour,40.9617399900,µg/m3,2018-10-21 13:00:00 +01:00,2018-10-21 14:00:00 +01:00,1,1
GB,http://environment.data.gov.uk/air-quality/so,GB_Network_1,Station_GB1024A,,GB_SamplingPoint_74174,GB_StationProcess_918,GB_SamplingFeature_918,O3,http://dd.eionet.europa.eu/vocabulary/aq/pollutant/7,hour,40.7621699900,µg/m3,2018-10-21 14:00:00 +01:00,2018-10-21 15:00:00 +01:00,1,1
GB,http://environment.data.gov.uk/air-quality/so,GB_Network_1,Station_GB1024A,,GB_SamplingPoint_74174,GB_StationProcess_918,GB_SamplingFeature_918,O3,http://dd.eionet.europa.eu/vocabulary/aq/pollutant/7,hour,43.9552899900,µg/m3,2018-10-21 15:00:00 +01:00,2018-10-21 16:00:00 +01:00,1,1
GB,http://environment.data.gov.uk/air-quality/so,GB_Network_1,Station_GB1024A,,GB_SamplingPoint_74174,GB_StationProcess_918,GB_SamplingFeature_918,O3,http://dd.eionet.europa.eu/vocabulary/aq/pollutant/7,hour,38.0679799900,µg/m3,2018-10-21 17:00:00 +01:00,2018-10-21 18:00:00 +01:00,1,1
GB,http://environment.data.gov.uk/air-quality/so,GB_Network_1,Station_GB1024A,,GB_SamplingPoint_74174,GB_StationProcess_918,GB_SamplingFeature_918,O3,http://dd.eionet.europa.eu/vocabulary/aq/pollutant/7,hour,6.1367799900,µg/m3,2018-10-21 18:00:00 +01:00,2018-10-21 19:00:00 +01:00,2,1
GB,http://environment.data.gov.uk/air-quality/so,GB_Network_1,Station_GB1024A,,GB_SamplingPoint_74174,GB_StationProcess_918,GB_SamplingFeature_918,O3,http://dd.eionet.europa.eu/vocabulary/aq/pollutant/7,hour,28.3888299900,µg/m3,2018-10-21 20:00:00 +01:00,2018-10-21 21:00:00 +01:00,1,1
GB,http://environment.data.gov.uk/air-quality/so,GB_Network_1,Station_GB1024A,,GB_SamplingPoint_74174,GB_StationProcess_918,GB_SamplingFeature_918,O3,http://dd.eionet.europa.eu/vocabulary/aq/pollutant/7,hour,39.8142199900,µg/m3,2018-10-21 21:00:00 +01:00,2018-10-21 22:00:00 +01:00,1,1
GB,http://environment.data.gov.uk/air-quality/so,GB_Network_1,Station_GB1024A,,GB_SamplingPoint_74174,GB_StationProcess_918,GB_SamplingFeature_918,O3,http://dd.eionet.europa.eu/vocabulary/aq/pollutant/7,hour,44.2546499900,µg/m3,2018-10-21 22:00:00 +01:00,2018-10-21 23:00:00 +01:00,1,1
GB,http://environment.data.gov.uk/air-quality/so,GB_Network_1,Station_GB1024A,,GB_SamplingPoint_74174,GB_StationProcess_918,GB_SamplingFeature_918,O3,http://dd.eionet.europa.eu/vocabulary/aq/pollutant/7,hour,48.1961599900,µg/m3,2018-10-22 00:00:00 +01:00,2018-10-22 01:00:00 +01:00,1,1
GB,http://environment.data.gov.uk/air-quality/so,GB_Network_1,Station_GB1024A,,GB_SamplingPoint_74174,GB_StationProcess_918,GB_SamplingFeature_918,O3,http://dd.eionet.europa.eu/vocabulary/aq/pollutant/7,hour,46.9488399900,µg/m3,2018-10-22 10:00:00 +01:00,2018-10-22 11:00:00 +01:00,1,1
GB,http://environment.data.gov.uk/air-quality/so,GB_Network_1,Station_GB1024A,,GB_SamplingPoint_74174,GB_StationProcess_918,GB_SamplingFeature_918,O3,http://dd.eionet.europa.eu/vocabulary/aq/pollutant/7,hour,53.3350799900,µg/m3,2018-10-22 11:00:00 +01:00,2018-10-22 12:00:00 +01:00,1,1
GB,http://environment.data.gov.uk/air-quality/so,GB_Network_1,Station_GB1024A,,GB_SamplingPoint_74174,GB_StationProcess_918,GB_SamplingFeature_918,O3,http://dd.eionet.europa.eu/vocabulary/aq/pollutant/7,hour,59.0727199900,µg/m3,2018-10-22 13:00:00 +01:00,2018-10-22 14:00:00 +01:00,1,1
GB,http://environment.data.gov.uk/air-quality/so,GB_Network_1,Station_GB1024A,,GB_SamplingPoint_74174,GB_StationProcess_918,GB_SamplingFeature_918,O3,http://dd.eionet.europa.eu/vocabulary/aq/pollutant/7,hour,57.3264799900,µg/m3,2018-10-22 15:00:00 +01:00,2018-10-22 16:00:00 +01:00,1,1
GB,http://environment.data.gov.uk/air-quality/so,GB_Network_1,Station_GB1024A,,GB_SamplingPoint_74174,GB_StationProcess_918,GB_SamplingFeature_918,O3,http://dd.eionet.europa.eu/vocabulary/aq/pollutant/7,hour,7.2344099900,µg/m3,2018-10-22 18:00:00 +01:00,2018-10-22 19:00:00 +01:00,1,1
GB,http://environment.data.gov.uk/air-quality/so,GB_Network_1,Station_GB1024A,,GB_SamplingPoint_74174,GB_StationProcess_918,GB_SamplingFeature_918,O3,http://dd.eionet.europa.eu/vocabulary/aq/pollutant/7,hour,1.0477399900,µg/m3,2018-10-22 20:00:00 +01:00,2018-10-22 21:00:00 +01:00,2,1
GB,http://environment.data.gov.uk/air-quality/so,GB_Network_1,Station_GB1024A,,GB_SamplingPoint_74174,GB_StationProcess_918,GB_SamplingFeature_918,O3,http://dd.eionet.europa.eu/vocabulary/aq/pollutant/7,hour,1.3470999900,µg/m3,2018-10-23 00:00:00 +01:00,2018-10-23 01:00:00 +01:00,2,1
GB,http://environment.data.gov.uk/air-quality/so,GB_Network_1,Station_GB1024A,,GB_SamplingPoint_74174,GB_StationProcess_918,GB_SamplingFeature_918,O3,http://dd.eionet.europa.eu/vocabulary/aq/pollutant/7,hour,5.9870999900,µg/m3,2018-10-23 01:00:00 +01:00,2018-10-23 02:00:00 +01:00,2,1
GB,http://environment.data.gov.uk/air-quality/so,GB_Network_1,Station_GB1024A,,GB_SamplingPoint_74174,GB_StationProcess_918,GB_SamplingFeature_918,O3,http://dd.eionet.europa.eu/vocabulary/aq/pollutant/7,hour,47.1983099900,µg/m3,2018-10-23 12:00:00 +01:00,2018-10-23 13:00:00 +01:00,1,1
GB,http://environment.data.gov.uk/air-quality/so,GB_Network_1,Station_GB1024A,,GB_SamplingPoint_74174,GB_StationProcess_918,GB_SamplingFeature_918,O3,http://dd.eionet.europa.eu/vocabulary/aq/pollutant/7,hour,44.4542199900,µg/m3,2018-10-23 16:00:00 +01:00,2018-10-23 17:00:00 +01:00,1,1
GB,http://environment.data.gov.uk/air-quality/so,GB_Network_1,Station_GB1024A,,GB_SamplingPoint_74174,GB_StationProcess_918,GB_SamplingFeature_918,O3,http://dd.eionet.europa.eu/vocabulary/aq/pollutant/7,hour,33.2284099900,µg/m3,2018-10-23 17:00:00 +01:00,2018-10-23 18:00:00 +01:00,1,1
GB,http://environment.data.gov.uk/air-quality/so,GB_Network_1,Station_GB1024A,,GB_SamplingPoint_74174,GB_StationProcess_918,GB_SamplingFeature_918,O3,http://dd.eionet.europa.eu/vocabulary/aq/pollutant/7,hour,34.6752899900,µg/m3,2018-10-23 18:00:00 +01:00,2018-10-23 19:00:00 +01:00,1,1
GB,http://environment.data.gov.uk/air-quality/so,GB_Network_1,Station_GB1024A,,GB_SamplingPoint_74174,GB_StationProcess_918,GB_SamplingFeature_918,O3,http://dd.eionet.europa.eu/vocabulary/aq/pollutant/7,hour,39.6146499900,µg/m3,2018-10-23 21:00:00 +01:00,2018-10-23 22:00:00 +01:00,1,1
GB,http://environment.data.gov.uk/air-quality/so,GB_Network_1,Station_GB1024A,,GB_SamplingPoint_74174,GB_StationProcess_918,GB_SamplingFeature_918,O3,http://dd.eionet.europa.eu/vocabulary/aq/pollutant/7,hour,39.7643199900,µg/m3,2018-10-23 22:00:00 +01:00,2018-10-23 23:00:00 +01:00,1,1
GB,http://environment.data.gov.uk/air-quality/so,GB_Network_1,Station_GB1024A,,GB_SamplingPoint_74174,GB_StationProcess_918,GB_SamplingFeature_918,O3,http://dd.eionet.europa.eu/vocabulary/aq/pollutant/7,hour,37.1200199900,µg/m3,2018-10-24 02:00:00 +01:00,2018-10-24 03:00:00 +01:00,1,1
GB,http://environment.data.gov.uk/air-quality/so,GB_Network_1,Station_GB1024A,,GB_SamplingPoint_74174,GB_StationProcess_918,GB_SamplingFeature_918,O3,http://dd.eionet.europa.eu/vocabulary/aq/pollutant/7,hour,38.6167999900,µg/m3,2018-10-24 03:00:00 +01:00,2018-10-24 04:00:00 +01:00,1,1
GB,http://environment.data.gov.uk/air-quality/so,GB_Network_1,Station_GB1024A,,GB_SamplingPoint_74174,GB_StationProcess_918,GB_SamplingFeature_918,O3,http://dd.eionet.europa.eu/vocabulary/aq/pollutant/7,hour,31.7316299900,µg/m3,2018-10-24 05:00:00 +01:00,2018-10-24 06:00:00 +01:00,1,1
GB,http://environment.data.gov.uk/air-quality/so,GB_Network_1,Station_GB1024A,,GB_SamplingPoint_74174,GB_StationProcess_918,GB_SamplingFeature_918,O3,http://dd.eionet.europa.eu/vocabulary/aq/pollutant/7,hour,18.5600099900,µg/m3,2018-10-24 07:00:00 +01:00,2018-10-24 08:00:00 +01:00,1,1
GB,http://environment.data.gov.uk/air-quality/so,GB_Network_1,Station_GB1024A,,GB_SamplingPoint_74174,GB_StationProcess_918,GB_SamplingFeature_918,O3,http://dd.eionet.europa.eu/vocabulary/aq/pollutant/7,hour,17.4124799900,µg/m3,2018-10-24 18:00:00 +01:00,2018-10-24 19:00:00 +01:00,1,1
GB,http://environment.data.gov.uk/air-quality/so,GB_Network_1,Station_GB1024A,,GB_SamplingPoint_74174,GB_StationProcess_918,GB_SamplingFeature_918,O3,http://dd.eionet.europa.eu/vocabulary/aq/pollutant/7,hour,14.2692599900,µg/m3,2018-10-24 20:00:00 +01:00,2018-10-24 21:00:00 +01:00,1,1
GB,http://environment.data.gov.uk/air-quality/so,GB_Network_1,Station_GB1024A,,GB_SamplingPoint_74174,GB_StationProcess_918,GB_SamplingFeature_918,O3,http://dd.eionet.europa.eu/vocabulary/aq/pollutant/7,hour,2.5445199900,µg/m3,2018-10-24 22:00:00 +01:00,2018-10-24 23:00:00 +01:00,2,1
GB,http://environment.data.gov.uk/air-quality/so,GB_Network_1,Station_GB1024A,,GB_SamplingPoint_74174,GB_StationProcess_918,GB_SamplingFeature_918,O3,http://dd.eionet.europa.eu/vocabulary/aq/pollutant/7,hour,23.2000099900,µg/m3,2018-10-25 00:00:00 +01:00,2018-10-25 01:00:00 +01:00,1,1
GB,http://environment.data.gov.uk/air-quality/so,GB_Network_1,Station_GB1024A,,GB_SamplingPoint_74174,GB_StationProcess_918,GB_SamplingFeature_918,O3,http://dd.eionet.europa.eu/vocabulary/aq/pollutant/7,hour,16.1152799900,µg/m3,2018-10-25 03:00:00 +01:00,2018-10-25 04:00:00 +01:00,1,1
GB,http://environment.data.gov.uk/air-quality/so,GB_Network_1,Station_GB1024A,,GB_SamplingPoint_74174,GB_StationProcess_918,GB_SamplingFeature_918,O3,http://dd.eionet.europa.eu/vocabulary/aq/pollutant/7,hour,21.4537799900,µg/m3,2018-10-25 04:00:00 +01:00,2018-10-25 05:00:00 +01:00,1,1
GB,http://environment.data.gov.uk/air-quality/so,GB_Network_1,Station_GB1024A,,GB_SamplingPoint_74174,GB_StationProcess_918,GB_SamplingFeature_918,O3,http://dd.eionet.europa.eu/vocabulary/aq/pollutant/7,hour,7.1346299900,µg/m3,2018-10-25 06:00:00 +01:00,2018-10-25 07:00:00 +01:00,1,1
GB,http://environment.data.gov.uk/air-quality/so,GB_Network_1,Station_GB1024A,,GB_SamplingPoint_74174,GB_StationProcess_918,GB_SamplingFeature_918,O3,http://dd.eionet.europa.eu/vocabulary/aq/pollutant/7,hour,2.0954899900,µg/m3,2018-10-25 07:00:00 +01:00,2018-10-25 08:00:00 +01:00,2,1
GB,http://environment.data.gov.uk/air-quality/so,GB_Network_1,Station_GB1024A,,GB_SamplingPoint_74174,GB_StationProcess_918,GB_SamplingFeature_918,O3,http://dd.eionet.europa.eu/vocabulary/aq/pollutant/7,hour,2.7939799900,µg/m3,2018-10-25 08:00:00 +01:00,2018-10-25 09:00:00 +01:00,2,1
GB,http://environment.data.gov.uk/air-quality/so,GB_Network_1,Station_GB1024A,,GB_SamplingPoint_74174,GB_StationProcess_918,GB_SamplingFeature_918,O3,http://dd.eionet.europa.eu/vocabulary/aq/pollutant/7,hour,20.0567899900,µg/m3,2018-10-25 10:00:00 +01:00,2018-10-25 11:00:00 +01:00,1,1
GB,http://environment.data.gov.uk/air-quality/so,GB_Network_1,Station_GB1024A,,GB_SamplingPoint_74174,GB_StationProcess_918,GB_SamplingFeature_918,O3,http://dd.eionet.europa.eu/vocabulary/aq/pollutant/7,hour,39.0658299900,µg/m3,2018-10-25 11:00:00 +01:00,2018-10-25 12:00:00 +01:00,1,1
GB,http://environment.data.gov.uk/air-quality/so,GB_Network_1,Station_GB1024A,,GB_SamplingPoint_74174,GB_StationProcess_918,GB_SamplingFeature_918,O3,http://dd.eionet.europa.eu/vocabulary/aq/pollutant/7,hour,47.2481999900,µg/m3,2018-10-25 14:00:00 +01:00,2018-10-25 15:00:00 +01:00,1,1
GB,http://environment.data.gov.uk/air-quality/so,GB_Network_1,Station_GB1024A,,GB_SamplingPoint_74174,GB_StationProcess_918,GB_SamplingFeature_918,O3,http://dd.eionet.europa.eu/vocabulary/aq/pollutant/7,hour,46.8989499900,µg/m3,2018-10-25 16:00:00 +01:00,2018-10-25 17:00:00 +01:00,1,1
GB,http://environment.data.gov.uk/air-quality/so,GB_Network_1,Station_GB1024A,,GB_SamplingPoint_74174,GB_StationProcess_918,GB_SamplingFeature_918,O3,http://dd.eionet.europa.eu/vocabulary/aq/pollutant/7,hour,39.5148599900,µg/m3,2018-10-25 17:00:00 +01:00,2018-10-25 18:00:00 +01:00,1,1
GB,http://environment.data.gov.uk/air-quality/so,GB_Network_1,Station_GB1024A,,GB_SamplingPoint_74174,GB_StationProcess_918,GB_SamplingFeature_918,O3,http://dd.eionet.europa.eu/vocabulary/aq/pollutant/7,hour,40.6124999900,µg/m3,2018-10-25 20:00:00 +01:00,2018-10-25 21:00:00 +01:00,1,1
GB,http://environment.data.gov.uk/air-quality/so,GB_Network_1,Station_GB1024A,,GB_SamplingPoint_74174,GB_StationProcess_918,GB_SamplingFeature_918,O3,http://dd.eionet.europa.eu/vocabulary/aq/pollutant/7,hour,49.6929299900,µg/m3,2018-10-25 22:00:00 +01:00,2018-10-25 23:00:00 +01:00,1,1
GB,http://environment.data.gov.uk/air-quality/so,GB_Network_1,Station_GB1024A,,GB_SamplingPoint_74174,GB_StationProcess_918,GB_SamplingFeature_918,O3,http://dd.eionet.europa.eu/vocabulary/aq/pollutant/7,hour,43.2401699900,µg/m3,2018-10-26 02:00:00 +01:00,2018-10-26 03:00:00 +01:00,1,1
GB,http://environment.data.gov.uk/air-quality/so,GB_Network_1,Station_GB1024A,,GB_SamplingPoint_74174,GB_StationProcess_918,GB_SamplingFeature_918,O3,http://dd.eionet.europa.eu/vocabulary/aq/pollutant/7,hour,47.2481999900,µg/m3,2018-10-26 03:00:00 +01:00,2018-10-26 04:00:00 +01:00,1,1
GB,http://environment.data.gov.uk/air-quality/so,GB_Network_1,Station_GB1024A,,GB_SamplingPoint_74174,GB_StationProcess_918,GB_SamplingFeature_918,O3,http://dd.eionet.europa.eu/vocabulary/aq/pollutant/7,hour,39.8142199900,µg/m3,2018-10-26 06:00:00 +01:00,2018-10-26 07:00:00 +01:00,1,1
GB,http://environment.data.gov.uk/air-quality/so,GB_Network_1,Station_GB1024A,,GB_SamplingPoint_74174,GB_StationProcess_918,GB_SamplingFeature_918,O3,http://dd.eionet.europa.eu/vocabulary/aq/pollutant/7,hour,44.2546499900,µg/m3,2018-10-26 10:00:00 +01:00,2018-10-26 11:00:00 +01:00,1,1
GB,http://environment.data.gov.uk/air-quality/so,GB_Network_1,Station_GB1024A,,GB_SamplingPoint_74174,GB_StationProcess_918,GB_SamplingFeature_918,O3,http://dd.eionet.europa.eu/vocabulary/aq/pollutant/7,hour,58.5737999900,µg/m3,2018-10-26 13:00:00 +01:00,2018-10-26 14:00:00 +01:00,1,1
GB,http://environment.data.gov.uk/air-quality/so,GB_Network_1,Station_GB1024A,,GB_SamplingPoint_74174,GB_StationProcess_918,GB_SamplingFeature_918,O3,http://dd.eionet.europa.eu/vocabulary/aq/pollutant/7,hour,59.7213199900,µg/m3,2018-10-26 14:00:00 +01:00,2018-10-26 15:00:00 +01:00,1,1
GB,http://environment.data.gov.uk/air-quality/so,GB_Network_1,Station_GB1024A,,GB_SamplingPoint_74174,GB_StationProcess_918,GB_SamplingFeature_918,O3,http://dd.eionet.europa.eu/vocabulary/aq/pollutant/7,hour,57.5260499900,µg/m3,2018-10-26 16:00:00 +01:00,2018-10-26 17:00:00 +01:00,1,1
GB,http://environment.data.gov.uk/air-quality/so,GB_Network_1,Station_GB1024A,,GB_SamplingPoint_74174,GB_StationProcess_918,GB_SamplingFeature_918,O3,http://dd.eionet.europa.eu/vocabulary/aq/pollutant/7,hour,29.3866799900,µg/m3,2018-10-26 19:00:00 +01:00,2018-10-26 20:00:00 +01:00,1,1
GB,http://environment.data.gov.uk/air-quality/so,GB_Network_1,Station_GB1024A,,GB_SamplingPoint_74174,GB_StationProcess_918,GB_SamplingFeature_918,O3,http://dd.eionet.europa.eu/vocabulary/aq/pollutant/7,hour,36.8705599900,µg/m3,2018-10-26 21:00:00 +01:00,2018-10-26 22:00:00 +01:00,1,1
GB,http://environment.data.gov.uk/air-quality/so,GB_Network_1,Station_GB1024A,,GB_SamplingPoint_74174,GB_StationProcess_918,GB_SamplingFeature_918,O3,http://dd.eionet.europa.eu/vocabulary/aq/pollutant/7,hour,36.6210999900,µg/m3,2018-10-27 00:00:00 +01:00,2018-10-27 01:00:00 +01:00,1,1
GB,http://environment.data.gov.uk/air-quality/so,GB_Network_1,Station_GB1024A,,GB_SamplingPoint_74174,GB_StationProcess_918,GB_SamplingFeature_918,O3,http://dd.eionet.europa.eu/vocabulary/aq/pollutant/7,hour,36.5878299900,µg/m3,2018-10-27 01:00:00 +01:00,2018-10-27 02:00:00 +01:00,1,1
GB,http://environment.data.gov.uk/air-quality/so,GB_Network_1,Station_GB1024A,,GB_SamplingPoint_74174,GB_StationProcess_918,GB_SamplingFeature_918,O3,http://dd.eionet.europa.eu/vocabulary/aq/pollutant/7,hour,38.3174399900,µg/m3,2018-10-27 03:00:00 +01:00,2018-10-27 04:00:00 +01:00,1,1
GB,http://environment.data.gov.uk/air-quality/so,GB_Network_1,Station_GB1024A,,GB_SamplingPoint_74174,GB_StationProcess_918,GB_SamplingFeature_918,O3,http://dd.eionet.europa.eu/vocabulary/aq/pollutant/7,hour,39.9638899900,µg/m3,2018-10-27 05:00:00 +01:00,2018-10-27 06:00:00 +01:00,1,1
GB,http://environment.data.gov.uk/air-quality/so,GB_Network_1,Station_GB1024A,,GB_SamplingPoint_74174,GB_StationProcess_918,GB_SamplingFeature_918,O3,http://dd.eionet.europa.eu/vocabulary/aq/pollutant/7,hour,40.3131399900,µg/m3,2018-10-27 06:00:00 +01:00,2018-10-27 07:00:00 +01:00,1,1
GB,http://environment.data.gov.uk/air-quality/so,GB_Network_1,Station_GB1024A,,GB_SamplingPoint_74174,GB_StationProcess_918,GB_SamplingFeature_918,O3,http://dd.eionet.europa.eu/vocabulary/aq/pollutant/7,hour,43.7058299900,µg/m3,2018-10-27 10:00:00 +01:00,2018-10-27 11:00:00 +01:00,1,1
GB,http://environment.data.gov.uk/air-quality/so,GB_Network_1,Station_GB1024A,,GB_SamplingPoint_74174,GB_StationProcess_918,GB_SamplingFeature_918,O3,http://dd.eionet.europa.eu/vocabulary/aq/pollutant/7,hour,47.1484099900,µg/m3,2018-10-27 11:00:00 +01:00,2018-10-27 12:00:00 +01:00,1,1
GB,http://environment.data.gov.uk/air-quality/so,GB_Network_1,Station_GB1024A,,GB_SamplingPoint_74174,GB_StationProcess_918,GB_SamplingFeature_918,O3,http://dd.eionet.europa.eu/vocabulary/aq/pollutant/7,hour,49.8924999900,µg/m3,2018-10-27 12:00:00 +01:00,2018-10-27 13:00:00 +01:00,1,1
GB,http://environment.data.gov.uk/air-quality/so,GB_Network_1,Station_GB1024A,,GB_SamplingPoint_74174,GB_StationProcess_918,GB_SamplingFeature_918,O3,http://dd.eionet.europa.eu/vocabulary/aq/pollutant/7,hour,52.0877699900,µg/m3,2018-10-27 16:00:00 +01:00,2018-10-27 17:00:00 +01:00,1,1
GB,http://environment.data.gov.uk/air-quality/so,GB_Network_1,Station_GB1024A,,GB_SamplingPoint_74174,GB_StationProcess_918,GB_SamplingFeature_918,O3,http://dd.eionet.europa.eu/vocabulary/aq/pollutant/7,hour,54.6322899900,µg/m3,2018-10-27 17:00:00 +01:00,2018-10-27 18:00:00 +01:00,1,1
GB,http://environment.data.gov.uk/air-quality/so,GB_Network_1,Station_GB1024A,,GB_SamplingPoint_74174,GB_StationProcess_918,GB_SamplingFeature_918,O3,http://dd.eionet.europa.eu/vocabulary/aq/pollutant/7,hour,52.8860499900,µg/m3,2018-10-27 18:00:00 +01:00,2018-10-27 19:00:00 +01:00,1,1
GB,http://environment.data.gov.uk/air-quality/so,GB_Network_1,Station_GB1024A,,GB_SamplingPoint_74174,GB_StationProcess_918,GB_SamplingFeature_918,O3,http://dd.eionet.europa.eu/vocabulary/aq/pollutant/7,hour,53.0856199900,µg/m3,2018-10-27 19:00:00 +01:00,2018-10-27 20:00:00 +01:00,1,1
GB,http://environment.data.gov.uk/air-quality/so,GB_Network_1,Station_GB1024A,,GB_SamplingPoint_74174,GB_StationProcess_918,GB_SamplingFeature_918,O3,http://dd.eionet.europa.eu/vocabulary/aq/pollutant/7,hour,50.4413199900,µg/m3,2018-10-28 07:00:00 +01:00,2018-10-28 08:00:00 +01:00,1,1
GB,http://environment.data.gov.uk/air-quality/so,GB_Network_1,Station_GB1024A,,GB_SamplingPoint_74174,GB_StationProcess_918,GB_SamplingFeature_918,O3,http://dd.eionet.europa.eu/vocabulary/aq/pollutant/7,hour,51.3892799900,µg/m3,2018-10-28 08:00:00 +01:00,2018-10-28 09:00:00 +01:00,1,1
GB,http://environment.data.gov.uk/air-quality/so,GB_Network_1,Station_GB1024A,,GB_SamplingPoint_74174,GB_StationProcess_918,GB_SamplingFeature_918,O3,http://dd.eionet.europa.eu/vocabulary/aq/pollutant/7,hour,45.4520699900,µg/m3,2018-10-28 09:00:00 +01:00,2018-10-28 10:00:00 +01:00,1,1
GB,http://environment.data.gov.uk/air-quality/so,GB_Network_1,Station_GB1024A,,GB_SamplingPoint_74174,GB_StationProcess_918,GB_SamplingFeature_918,O3,http://dd.eionet.europa.eu/vocabulary/aq/pollutant/7,hour,50.6907799900,µg/m3,2018-10-28 11:00:00 +01:00,2018-10-28 12:00:00 +01:00,1,1
GB,http://environment.data.gov.uk/air-quality/so,GB_Network_1,Station_GB1024A,,GB_SamplingPoint_74174,GB_StationProcess_918,GB_SamplingFeature_918,O3,http://dd.eionet.europa.eu/vocabulary/aq/pollutant/7,hour,57.2765899900,µg/m3,2018-10-28 13:00:00 +01:00,2018-10-28 14:00:00 +01:00,1,1
GB,http://environment.data.gov.uk/air-quality/so,GB_Network_1,Station_GB1024A,,GB_SamplingPoint_74174,GB_StationProcess_918,GB_SamplingFeature_918,O3,http://dd.eionet.europa.eu/vocabulary/aq/pollutant/7,hour,57.3763799900,µg/m3,2018-10-28 14:00:00 +01:00,2018-10-28 15:00:00 +01:00,1,1
GB,http://environment.data.gov.uk/air-quality/so,GB_Network_1,Station_GB1024A,,GB_SamplingPoint_74174,GB_StationProcess_918,GB_SamplingFeature_918,O3,http://dd.eionet.europa.eu/vocabulary/aq/pollutant/7,hour,57.8254099900,µg/m3,2018-10-28 15:00:00 +01:00,2018-10-28 16:00:00 +01:00,1,1
GB,http://environment.data.gov.uk/air-quality/so,GB_Network_1,Station_GB1024A,,GB_SamplingPoint_74174,GB_StationProcess_918,GB_SamplingFeature_918,O3,http://dd.eionet.europa.eu/vocabulary/aq/pollutant/7,hour,60.2701399900,µg/m3,2018-10-28 16:00:00 +01:00,2018-10-28 17:00:00 +01:00,1,1
GB,http://environment.data.gov.uk/air-quality/so,GB_Network_1,Station_GB1024A,,GB_SamplingPoint_74174,GB_StationProcess_918,GB_SamplingFeature_918,O3,http://dd.eionet.europa.eu/vocabulary/aq/pollutant/7,hour,49.3436799900,µg/m3,2018-10-28 18:00:00 +01:00,2018-10-28 19:00:00 +01:00,1,1
GB,http://environment.data.gov.uk/air-quality/so,GB_Network_1,Station_GB1024A,,GB_SamplingPoint_74174,GB_StationProcess_918,GB_SamplingFeature_918,O3,http://dd.eionet.europa.eu/vocabulary/aq/pollutant/7,hour,29.9853899900,µg/m3,2018-10-28 20:00:00 +01:00,2018-10-28 21:00:00 +01:00,1,1
GB,http://environment.data.gov.uk/air-quality/so,GB_Network_1,Station_GB1024A,,GB_SamplingPoint_74174,GB_StationProcess_918,GB_SamplingFeature_918,O3,http://dd.eionet.europa.eu/vocabulary/aq/pollutant/7,hour,38.3174399900,µg/m3,2018-10-28 21:00:00 +01:00,2018-10-28 22:00:00 +01:00,1,1
GB,http://environment.data.gov.uk/air-quality/so,GB_Network_1,Station_GB1024A,,GB_SamplingPoint_74174,GB_StationProcess_918,GB_SamplingFeature_918,O3,http://dd.eionet.europa.eu/vocabulary/aq/pollutant/7,hour,44.2546499900,µg/m3,2018-10-28 22:00:00 +01:00,2018-10-28 23:00:00 +01:00,1,1
GB,http://environment.data.gov.uk/air-quality/so,GB_Network_1,Station_GB1024A,,GB_SamplingPoint_74174,GB_StationProcess_918,GB_SamplingFeature_918,O3,http://dd.eionet.europa.eu/vocabulary/aq/pollutant/7,hour,41.8099199900,µg/m3,2018-10-28 23:00:00 +01:00,2018-10-29 00:00:00 +01:00,1,1
GB,http://environment.data.gov.uk/air-quality/so,GB_Network_1,Station_GB1024A,,GB_SamplingPoint_74174,GB_StationProcess_918,GB_SamplingFeature_918,O3,http://dd.eionet.europa.eu/vocabulary/aq/pollutant/7,hour,34.3759299900,µg/m3,2018-10-29 00:00:00 +01:00,2018-10-29 01:00:00 +01:00,1,1
GB,http://environment.data.gov.uk/air-quality/so,GB_Network_1,Station_GB1024A,,GB_SamplingPoint_74174,GB_StationProcess_918,GB_SamplingFeature_918,O3,http://dd.eionet.europa.eu/vocabulary/aq/pollutant/7,hour,34.6586599900,µg/m3,2018-10-29 02:00:00 +01:00,2018-10-29 03:00:00 +01:00,1,1
GB,http://environment.data.gov.uk/air-quality/so,GB_Network_1,Station_GB1024A,,GB_SamplingPoint_74174,GB_StationProcess_918,GB_SamplingFeature_918,O3,http://dd.eionet.europa.eu/vocabulary/aq/pollutant/7,hour,35.8727099900,µg/m3,2018-10-29 04:00:00 +01:00,2018-10-29 05:00:00 +01:00,1,1
GB,http://environment.data.gov.uk/air-quality/so,GB_Network_1,Station_GB1024A,,GB_SamplingPoint_74174,GB_StationProcess_918,GB_SamplingFeature_918,O3,http://dd.eionet.europa.eu/vocabulary/aq/pollutant/7,hour,35.1243199900,µg/m3,2018-10-29 05:00:00 +01:00,2018-10-29 06:00:00 +01:00,1,1
GB,http://environment.data.gov.uk/air-quality/so,GB_Network_1,Station_GB1024A,,GB_SamplingPoint_74174,GB_StationProcess_918,GB_SamplingFeature_918,O3,http://dd.eionet.europa.eu/vocabulary/aq/pollutant/7,hour,48.1961599900,µg/m3,2018-10-29 13:00:00 +01:00,2018-10-29 14:00:00 +01:00,1,1
GB,http://environment.data.gov.uk/air-quality/so,GB_Network_1,Station_GB1024A,,GB_SamplingPoint_74174,GB_StationProcess_918,GB_SamplingFeature_918,O3,http://dd.eionet.europa.eu/vocabulary/aq/pollutant/7,hour,43.7058299900,µg/m3,2018-10-29 16:00:00 +01:00,2018-10-29 17:00:00 +01:00,1,1
GB,http://environment.data.gov.uk/air-quality/so,GB_Network_1,Station_GB1024A,,GB_SamplingPoint_74174,GB_StationProcess_918,GB_SamplingFeature_918,O3,http://dd.eionet.europa.eu/vocabulary/aq/pollutant/7,hour,41.7600199900,µg/m3,2018-10-29 17:00:00 +01:00,2018-10-29 18:00:00 +01:00,1,1
GB,http://environment.data.gov.uk/air-quality/so,GB_Network_1,Station_GB1024A,,GB_SamplingPoint_74174,GB_StationProcess_918,GB_SamplingFeature_918,O3,http://dd.eionet.europa.eu/vocabulary/aq/pollutant/7,hour,22.9006599900,µg/m3,2018-10-29 19:00:00 +01:00,2018-10-29 20:00:00 +01:00,1,1
GB,http://environment.data.gov.uk/air-quality/so,GB_Network_1,Station_GB1024A,,GB_SamplingPoint_74174,GB_StationProcess_918,GB_SamplingFeature_918,O3,http://dd.eionet.europa.eu/vocabulary/aq/pollutant/7,hour,43.7058299900,µg/m3,2018-10-30 00:00:00 +01:00,2018-10-30 01:00:00 +01:00,1,1
GB,http://environment.data.gov.uk/air-quality/so,GB_Network_1,Station_GB1024A,,GB_SamplingPoint_74174,GB_StationProcess_918,GB_SamplingFeature_918,O3,http://dd.eionet.europa.eu/vocabulary/aq/pollutant/7,hour,48.1628899900,µg/m3,2018-10-30 02:00:00 +01:00,2018-10-30 03:00:00 +01:00,1,1
GB,http://environment.data.gov.uk/air-quality/so,GB_Network_1,Station_GB1024A,,GB_SamplingPoint_74174,GB_StationProcess_918,GB_SamplingFeature_918,O3,http://dd.eionet.europa.eu/vocabulary/aq/pollutant/7,hour,44.9531399900,µg/m3,2018-10-30 05:00:00 +01:00,2018-10-30 06:00:00 +01:00,1,1
GB,http://environment.data.gov.uk/air-quality/so,GB_Network_1,Station_GB1024A,,GB_SamplingPoint_74174,GB_StationProcess_918,GB_SamplingFeature_918,O3,http://dd.eionet.europa.eu/vocabulary/aq/pollutant/7,hour,22.2021599900,µg/m3,2018-10-30 08:00:00 +01:00,2018-10-30 09:00:00 +01:00,1,1
GB,http://environment.data.gov.uk/air-quality/so,GB_Network_1,Station_GB1024A,,GB_SamplingPoint_74174,GB_StationProcess_918,GB_SamplingFeature_918,O3,http://dd.eionet.europa.eu/vocabulary/aq/pollutant/7,hour,20.3062499900,µg/m3,2018-10-30 09:00:00 +01:00,2018-10-30 10:00:00 +01:00,1,1
GB,http://environment.data.gov.uk/air-quality/so,GB_Network_1,Station_GB1024A,,GB_SamplingPoint_74174,GB_StationProcess_918,GB_SamplingFeature_918,O3,http://dd.eionet.europa.eu/vocabulary/aq/pollutant/7,hour,25.4950699900,µg/m3,2018-10-30 11:00:00 +01:00,2018-10-30 12:00:00 +01:00,1,1
GB,http://environment.data.gov.uk/air-quality/so,GB_Network_1,Station_GB1024A,,GB_SamplingPoint_74174,GB_StationProcess_918,GB_SamplingFeature_918,O3,http://dd.eionet.europa.eu/vocabulary/aq/pollutant/7,hour,24.6468999900,µg/m3,2018-10-30 14:00:00 +01:00,2018-10-30 15:00:00 +01:00,1,1
GB,http://environment.data.gov.uk/air-quality/so,GB_Network_1,Station_GB1024A,,GB_SamplingPoint_74174,GB_StationProcess_918,GB_SamplingFeature_918,O3,http://dd.eionet.europa.eu/vocabulary/aq/pollutant/7,hour,16.8636699900,µg/m3,2018-10-30 18:00:00 +01:00,2018-10-30 19:00:00 +01:00,1,1
GB,http://environment.data.gov.uk/air-quality/so,GB_Network_1,Station_GB1024A,,GB_SamplingPoint_74174,GB_StationProcess_918,GB_SamplingFeature_918,O3,http://dd.eionet.europa.eu/vocabulary/aq/pollutant/7,hour,16.5643099900,µg/m3,2018-10-30 19:00:00 +01:00,2018-10-30 20:00:00 +01:00,1,1
GB,http://environment.data.gov.uk/air-quality/so,GB_Network_1,Station_GB1024A,,GB_SamplingPoint_74174,GB_StationProcess_918,GB_SamplingFeature_918,O3,http://dd.eionet.europa.eu/vocabulary/aq/pollutant/7,hour,12.3234499900,µg/m3,2018-10-30 20:00:00 +01:00,2018-10-30 21:00:00 +01:00,1,1
GB,http://environment.data.gov.uk/air-quality/so,GB_Network_1,Station_GB1024A,,GB_SamplingPoint_74174,GB_StationProcess_918,GB_SamplingFeature_918,O3,http://dd.eionet.europa.eu/vocabulary/aq/pollutant/7,hour,9.0804399900,µg/m3,2018-10-30 21:00:00 +01:00,2018-10-30 22:00:00 +01:00,1,1
GB,http://environment.data.gov.uk/air-quality/so,GB_Network_1,Station_GB1024A,,GB_SamplingPoint_74174,GB_StationProcess_918,GB_SamplingFeature_918,O3,http://dd.eionet.europa.eu/vocabulary/aq/pollutant/7,hour,7.9329099900,µg/m3,2018-10-30 23:00:00 +01:00,2018-10-31 00:00:00 +01:00,1,1
GB,http://environment.data.gov.uk/air-quality/so,GB_Network_1,Station_GB1024A,,GB_SamplingPoint_74174,GB_StationProcess_918,GB_SamplingFeature_918,O3,http://dd.eionet.europa.eu/vocabulary/aq/pollutant/7,hour,2.8438699900,µg/m3,2018-10-31 00:00:00 +01:00,2018-10-31 01:00:00 +01:00,2,1
GB,http://environment.data.gov.uk/air-quality/so,GB_Network_1,Station_GB1024A,,GB_SamplingPoint_74174,GB_StationProcess_918,GB_SamplingFeature_918,O3,http://dd.eionet.europa.eu/vocabulary/aq/pollutant/7,hour,2.2451599900,µg/m3,2018-10-31 06:00:00 +01:00,2018-10-31 07:00:00 +01:00,2,1
GB,http://environment.data.gov.uk/air-quality/so,GB_Network_1,Station_GB1024A,,GB_SamplingPoint_74174,GB_StationProcess_918,GB_SamplingFeature_918,O3,http://dd.eionet.europa.eu/vocabulary/aq/pollutant/7,hour,1.2473099900,µg/m3,2018-10-31 07:00:00 +01:00,2018-10-31 08:00:00 +01:00,2,1
GB,http://environment.data.gov.uk/air-quality/so,GB_Network_1,Station_GB1024A,,GB_SamplingPoint_74174,GB_StationProcess_918,GB_SamplingFeature_918,O3,http://dd.eionet.europa.eu/vocabulary/aq/pollutant/7,hour,1.3969899900,µg/m3,2018-10-31 08:00:00 +01:00,2018-10-31 09:00:00 +01:00,2,1
GB,http://environment.data.gov.uk/air-quality/so,GB_Network_1,Station_GB1024A,,GB_SamplingPoint_74174,GB_StationProcess_918,GB_SamplingFeature_918,O3,http://dd.eionet.europa.eu/vocabulary/aq/pollutant/7,hour,2.0455899900,µg/m3,2018-10-31 09:00:00 +01:00,2018-10-31 10:00:00 +01:00,2,1
GB,http://environment.data.gov.uk/air-quality/so,GB_Network_1,Station_GB1024A,,GB_SamplingPoint_74174,GB_StationProcess_918,GB_SamplingFeature_918,O3,http://dd.eionet.europa.eu/vocabulary/aq/pollutant/7,hour,1.3470999900,µg/m3,2018-10-31 10:00:00 +01:00,2018-10-31 11:00:00 +01:00,2,1
GB,http://environment.data.gov.uk/air-quality/so,GB_Network_1,Station_GB1024A,,GB_SamplingPoint_74174,GB_StationProcess_918,GB_SamplingFeature_918,O3,http://dd.eionet.europa.eu/vocabulary/aq/pollutant/7,hour,2.6442999900,µg/m3,2018-10-31 11:00:00 +01:00,2018-10-31 12:00:00 +01:00,2,1
GB,http://environment.data.gov.uk/air-quality/so,GB_Network_1,Station_GB1024A,,GB_SamplingPoint_74174,GB_StationProcess_918,GB_SamplingFeature_918,O3,http://dd.eionet.europa.eu/vocabulary/aq/pollutant/7,hour,36.6210999900,µg/m3,2018-10-31 12:00:00 +01:00,2018-10-31 13:00:00 +01:00,1,1
GB,http://environment.data.gov.uk/air-quality/so,GB_Network_1,Station_GB1024A,,GB_SamplingPoint_74174,GB_StationProcess_918,GB_SamplingFeature_918,O3,http://dd.eionet.europa.eu/vocabulary/aq/pollutant/7,hour,53.6344399900,µg/m3,2018-10-31 13:00:00 +01:00,2018-10-31 14:00:00 +01:00,1,1
GB,http://environment.data.gov.uk/air-quality/so,GB_Network_1,Station_GB1024A,,GB_SamplingPoint_74174,GB_StationProcess_918,GB_SamplingFeature_918,O3,http://dd.eionet.europa.eu/vocabulary/aq/pollutant/7,hour,42.9574399900,µg/m3,2018-10-31 16:00:00 +01:00,2018-10-31 17:00:00 +01:00,1,1
GB,http://environment.data.gov.uk/air-quality/so,GB_Network_1,Station_GB1024A,,GB_SamplingPoint_74174,GB_StationProcess_918,GB_SamplingFeature_918,O3,http://dd.eionet.europa.eu/vocabulary/aq/pollutant/7,hour,1.3969899900,µg/m3,2018-11-01 00:00:00 +01:00,2018-11-01 01:00:00 +01:00,2,1
GB,http://environment.data.gov.uk/air-quality/so,GB_Network_1,Station_GB1024A,,GB_SamplingPoint_74174,GB_StationProcess_918,GB_SamplingFeature_918,O3,http://dd.eionet.europa.eu/vocabulary/aq/pollutant/7,hour,1.8626499900,µg/m3,2018-11-01 01:00:00 +01:00,2018-11-01 02:00:00 +01:00,2,1
GB,http://environment.data.gov.uk/air-quality/so,GB_Network_1,Station_GB1024A,,GB_SamplingPoint_74174,GB_StationProcess_918,GB_SamplingFeature_918,O3,http://dd.eionet.europa.eu/vocabulary/aq/pollutant/7,hour,1.1974199900,µg/m3,2018-11-01 03:00:00 +01:00,2018-11-01 04:00:00 +01:00,2,1
GB,http://environment.data.gov.uk/air-quality/so,GB_Network_1,Station_GB1024A,,GB_SamplingPoint_74174,GB_StationProcess_918,GB_SamplingFeature_918,O3,http://dd.eionet.europa.eu/vocabulary/aq/pollutant/7,hour,1.4468799900,µg/m3,2018-11-01 04:00:00 +01:00,2018-11-01 05:00:00 +01:00,2,1
GB,http://environment.data.gov.uk/air-quality/so,GB_Network_1,Station_GB1024A,,GB_SamplingPoint_74174,GB_StationProcess_918,GB_SamplingFeature_918,O3,http://dd.eionet.europa.eu/vocabulary/aq/pollutant/7,hour,1.3969899900,µg/m3,2018-11-01 06:00:00 +01:00,2018-11-01 07:00:00 +01:00,2,1
GB,http://environment.data.gov.uk/air-quality/so,GB_Network_1,Station_GB1024A,,GB_SamplingPoint_74174,GB_StationProcess_918,GB_SamplingFeature_918,O3,http://dd.eionet.europa.eu/vocabulary/aq/pollutant/7,hour,1.2473099900,µg/m3,2018-11-01 08:00:00 +01:00,2018-11-01 09:00:00 +01:00,2,1
GB,http://environment.data.gov.uk/air-quality/so,GB_Network_1,Station_GB1024A,,GB_SamplingPoint_74174,GB_StationProcess_918,GB_SamplingFeature_918,O3,http://dd.eionet.europa.eu/vocabulary/aq/pollutant/7,hour,1.3969899900,µg/m3,2018-11-01 09:00:00 +01:00,2018-11-01 10:00:00 +01:00,2,1
GB,http://environment.data.gov.uk/air-quality/so,GB_Network_1,Station_GB1024A,,GB_SamplingPoint_74174,GB_StationProcess_918,GB_SamplingFeature_918,O3,http://dd.eionet.europa.eu/vocabulary/aq/pollutant/7,hour,2.0455899900,µg/m3,2018-11-01 10:00:00 +01:00,2018-11-01 11:00:00 +01:00,2,1
GB,http://environment.data.gov.uk/air-quality/so,GB_Network_1,Station_GB1024A,,GB_SamplingPoint_74174,GB_StationProcess_918,GB_SamplingFeature_918,O3,http://dd.eionet.europa.eu/vocabulary/aq/pollutant/7,hour,3.2430099900,µg/m3,2018-11-01 11:00:00 +01:00,2018-11-01 12:00:00 +01:00,2,1
GB,http://environment.data.gov.uk/air-quality/so,GB_Network_1,Station_GB1024A,,GB_SamplingPoint_74174,GB_StationProcess_918,GB_SamplingFeature_918,O3,http://dd.eionet.europa.eu/vocabulary/aq/pollutant/7,hour,9.5294699900,µg/m3,2018-11-01 13:00:00 +01:00,2018-11-01 14:00:00 +01:00,1,1
GB,http://environment.data.gov.uk/air-quality/so,GB_Network_1,Station_GB1024A,,GB_SamplingPoint_74174,GB_StationProcess_918,GB_SamplingFeature_918,O3,http://dd.eionet.europa.eu/vocabulary/aq/pollutant/7,hour,25.6447499900,µg/m3,2018-11-01 16:00:00 +01:00,2018-11-01 17:00:00 +01:00,1,1
GB,http://environment.data.gov.uk/air-quality/so,GB_Network_1,Station_GB1024A,,GB_SamplingPoint_74174,GB_StationProcess_918,GB_SamplingFeature_918,O3,http://dd.eionet.europa.eu/vocabulary/aq/pollutant/7,hour,18.1608699900,µg/m3,2018-11-01 17:00:00 +01:00,2018-11-01 18:00:00 +01:00,1,1
GB,http://environment.data.gov.uk/air-quality/so,GB_Network_1,Station_GB1024A,,GB_SamplingPoint_74174,GB_StationProcess_918,GB_SamplingFeature_918,O3,http://dd.eionet.europa.eu/vocabulary/aq/pollutant/7,hour,12.8223699900,µg/m3,2018-11-01 20:00:00 +01:00,2018-11-01 21:00:00 +01:00,1,1
GB,http://environment.data.gov.uk/air-quality/so,GB_Network_1,Station_GB1024A,,GB_SamplingPoint_74174,GB_StationProcess_918,GB_SamplingFeature_918,O3,http://dd.eionet.europa.eu/vocabulary/aq/pollutant/7,hour,1.2473099900,µg/m3,2018-11-01 21:00:00 +01:00,2018-11-01 22:00:00 +01:00,2,1
GB,http://environment.data.gov.uk/air-quality/so,GB_Network_1,Station_GB1024A,,GB_SamplingPoint_74174,GB_StationProcess_918,GB_SamplingFeature_918,O3,http://dd.eionet.europa.eu/vocabulary/aq/pollutant/7,hour,2.2451599900,µg/m3,2018-11-02 00:00:00 +01:00,2018-11-02 01:00:00 +01:00,2,1
GB,http://environment.data.gov.uk/air-quality/so,GB_Network_1,Station_GB1024A,,GB_SamplingPoint_74174,GB_StationProcess_918,GB_SamplingFeature_918,O3,http://dd.eionet.europa.eu/vocabulary/aq/pollutant/7,hour,11.2258099900,µg/m3,2018-11-02 08:00:00 +01:00,2018-11-02 09:00:00 +01:00,1,1
GB,http://environment.data.gov.uk/air-quality/so,GB_Network_1,Station_GB1024A,,GB_SamplingPoint_74174,GB_StationProcess_918,GB_SamplingFeature_918,O3,http://dd.eionet.europa.eu/vocabulary/aq/pollutant/7,hour,44.2546499900,µg/m3,2018-11-02 13:00:00 +01:00,2018-11-02 14:00:00 +01:00,1,1
GB,http://environment.data.gov.uk/air-quality/so,GB_Network_1,Station_GB1024A,,GB_SamplingPoint_74174,GB_StationProcess_918,GB_SamplingFeature_918,O3,http://dd.eionet.europa.eu/vocabulary/aq/pollutant/7,hour,56.5281999900,µg/m3,2018-11-02 14:00:00 +01:00,2018-11-02 15:00:00 +01:00,1,1
GB,http://environment.data.gov.uk/air-quality/so,GB_Network_1,Station_GB1024A,,GB_SamplingPoint_74174,GB_StationProcess_918,GB_SamplingFeature_918,O3,http://dd.eionet.europa.eu/vocabulary/aq/pollutant/7,hour,1.0477399900,µg/m3,2018-11-02 18:00:00 +01:00,2018-11-02 19:00:00 +01:00,2,1
GB,http://environment.data.gov.uk/air-quality/so,GB_Network_1,Station_GB1024A,,GB_SamplingPoint_74174,GB_StationProcess_918,GB_SamplingFeature_918,O3,http://dd.eionet.europa.eu/vocabulary/aq/pollutant/7,hour,5.9870999900,µg/m3,2018-11-03 02:00:00 +01:00,2018-11-03 03:00:00 +01:00,2,1
GB,http://environment.data.gov.uk/air-quality/so,GB_Network_1,Station_GB1024A,,GB_SamplingPoint_74174,GB_StationProcess_918,GB_SamplingFeature_918,O3,http://dd.eionet.europa.eu/vocabulary/aq/pollutant/7,hour,9.4296799900,µg/m3,2018-11-03 04:00:00 +01:00,2018-11-03 05:00:00 +01:00,1,1
GB,http://environment.data.gov.uk/air-quality/so,GB_Network_1,Station_GB1024A,,GB_SamplingPoint_74174,GB_StationProcess_918,GB_SamplingFeature_918,O3,http://dd.eionet.europa.eu/vocabulary/aq/pollutant/7,hour,20.0567899900,µg/m3,2018-11-03 08:00:00 +01:00,2018-11-03 09:00:00 +01:00,1,1
GB,http://environment.data.gov.uk/air-quality/so,GB_Network_1,Station_GB1024A,,GB_SamplingPoint_74174,GB_StationProcess_918,GB_SamplingFeature_918,O3,http://dd.eionet.europa.eu/vocabulary/aq/pollutant/7,hour,43.0572299900,µg/m3,2018-11-03 11:00:00 +01:00,2018-11-03 12:00:00 +01:00,1,1
GB,http://environment.data.gov.uk/air-quality/so,GB_Network_1,Station_GB1024A,,GB_SamplingPoint_74174,GB_StationProcess_918,GB_SamplingFeature_918,O3,http://dd.eionet.europa.eu/vocabulary/aq/pollutant/7,hour,71.3462799900,µg/m3,2018-11-03 15:00:00 +01:00,2018-11-03 16:00:00 +01:00,1,1
GB,http://environment.data.gov.uk/air-quality/so,GB_Network_1,Station_GB1024A,,GB_SamplingPoint_74174,GB_StationProcess_918,GB_SamplingFeature_918,O3,http://dd.eionet.europa.eu/vocabulary/aq/pollutant/7,hour,51.8881999900,µg/m3,2018-11-03 18:00:00 +01:00,2018-11-03 19:00:00 +01:00,1,1
GB,http://environment.data.gov.uk/air-quality/so,GB_Network_1,Station_GB1024A,,GB_SamplingPoint_74174,GB_StationProcess_918,GB_SamplingFeature_918,O3,http://dd.eionet.europa.eu/vocabulary/aq/pollutant/7,hour,33.2284099900,µg/m3,2018-11-03 20:00:00 +01:00,2018-11-03 21:00:00 +01:00,1,1
GB,http://environment.data.gov.uk/air-quality/so,GB_Network_1,Station_GB1024A,,GB_SamplingPoint_74174,GB_StationProcess_918,GB_SamplingFeature_918,O3,http://dd.eionet.europa.eu/vocabulary/aq/pollutant/7,hour,23.2000099900,µg/m3,2018-11-03 21:00:00 +01:00,2018-11-03 22:00:00 +01:00,1,1
GB,http://environment.data.gov.uk/air-quality/so,GB_Network_1,Station_GB1024A,,GB_SamplingPoint_74174,GB_StationProcess_918,GB_SamplingFeature_918,O3,http://dd.eionet.europa.eu/vocabulary/aq/pollutant/7,hour,26.6924899900,µg/m3,2018-11-03 23:00:00 +01:00,2018-11-04 00:00:00 +01:00,1,1
GB,http://environment.data.gov.uk/air-quality/so,GB_Network_1,Station_GB1024A,,GB_SamplingPoint_74174,GB_StationProcess_918,GB_SamplingFeature_918,O3,http://dd.eionet.europa.eu/vocabulary/aq/pollutant/7,hour,16.0321199900,µg/m3,2018-11-04 01:00:00 +01:00,2018-11-04 02:00:00 +01:00,1,1
GB,http://environment.data.gov.uk/air-quality/so,GB_Network_1,Station_GB1024A,,GB_SamplingPoint_74174,GB_StationProcess_918,GB_SamplingFeature_918,O3,http://dd.eionet.europa.eu/vocabulary/aq/pollutant/7,hour,26.5428099900,µg/m3,2018-11-04 02:00:00 +01:00,2018-11-04 03:00:00 +01:00,1,1
GB,http://environment.data.gov.uk/air-quality/so,GB_Network_1,Station_GB1024A,,GB_SamplingPoint_74174,GB_StationProcess_918,GB_SamplingFeature_918,O3,http://dd.eionet.europa.eu/vocabulary/aq/pollutant/7,hour,44.7036799900,µg/m3,2018-11-04 03:00:00 +01:00,2018-11-04 04:00:00 +01:00,1,1
GB,http://environment.data.gov.uk/air-quality/so,GB_Network_1,Station_GB1024A,,GB_SamplingPoint_74174,GB_StationProcess_918,GB_SamplingFeature_918,O3,http://dd.eionet.europa.eu/vocabulary/aq/pollutant/7,hour,46.9987399900,µg/m3,2018-11-04 05:00:00 +01:00,2018-11-04 06:00:00 +01:00,1,1
GB,http://environment.data.gov.uk/air-quality/so,GB_Network_1,Station_GB1024A,,GB_SamplingPoint_74174,GB_StationProcess_918,GB_SamplingFeature_918,O3,http://dd.eionet.europa.eu/vocabulary/aq/pollutant/7,hour,43.0572299900,µg/m3,2018-11-04 11:00:00 +01:00,2018-11-04 12:00:00 +01:00,1,1
GB,http://environment.data.gov.uk/air-quality/so,GB_Network_1,Station_GB1024A,,GB_SamplingPoint_74174,GB_StationProcess_918,GB_SamplingFeature_918,O3,http://dd.eionet.europa.eu/vocabulary/aq/pollutant/7,hour,45.7015299900,µg/m3,2018-11-04 13:00:00 +01:00,2018-11-04 14:00:00 +01:00,1,1
GB,http://environment.data.gov.uk/air-quality/so,GB_Network_1,Station_GB1024A,,GB_SamplingPoint_74174,GB_StationProcess_918,GB_SamplingFeature_918,O3,http://dd.eionet.europa.eu/vocabulary/aq/pollutant/7,hour,38.8163699900,µg/m3,2018-11-04 17:00:00 +01:00,2018-11-04 18:00:00 +01:00,1,1
GB,http://environment.data.gov.uk/air-quality/so,GB_Network_1,Station_GB1024A,,GB_SamplingPoint_74174,GB_StationProcess_918,GB_SamplingFeature_918,O3,http://dd.eionet.europa.eu/vocabulary/aq/pollutant/7,hour,18.7096899900,µg/m3,2018-11-04 19:00:00 +01:00,2018-11-04 20:00:00 +01:00,1,1
GB,http://environment.data.gov.uk/air-quality/so,GB_Network_1,Station_GB1024A,,GB_SamplingPoint_74174,GB_StationProcess_918,GB_SamplingFeature_918,O3,http://dd.eionet.europa.eu/vocabulary/aq/pollutant/7,hour,2.1453799900,µg/m3,2018-11-04 23:00:00 +01:00,2018-11-05 00:00:00 +01:00,2,1
GB,http://environment.data.gov.uk/air-quality/so,GB_Network_1,Station_GB1024A,,GB_SamplingPoint_74174,GB_StationProcess_918,GB_SamplingFeature_918,O3,http://dd.eionet.europa.eu/vocabulary/aq/pollutant/7,hour,2.5944099900,µg/m3,2018-11-05 00:00:00 +01:00,2018-11-05 01:00:00 +01:00,2,1
GB,http://environment.data.gov.uk/air-quality/so,GB_Network_1,Station_GB1024A,,GB_SamplingPoint_74174,GB_StationProcess_918,GB_SamplingFeature_918,O3,http://dd.eionet.europa.eu/vocabulary/aq/pollutant/7,hour,2.5944099900,µg/m3,2018-11-05 04:00:00 +01:00,2018-11-05 05:00:00 +01:00,2,1
GB,http://environment.data.gov.uk/air-quality/so,GB_Network_1,Station_GB1024A,,GB_SamplingPoint_74174,GB_StationProcess_918,GB_SamplingFeature_918,O3,http://dd.eionet.europa.eu/vocabulary/aq/pollutant/7,hour,2.1952699900,µg/m3,2018-11-05 11:00:00 +01:00,2018-11-05 12:00:00 +01:00,2,1
GB,http://environment.data.gov.uk/air-quality/so,GB_Network_1,Station_GB1024A,,GB_SamplingPoint_74174,GB_StationProcess_918,GB_SamplingFeature_918,O3,http://dd.eionet.europa.eu/vocabulary/aq/pollutant/7,hour,2.0954899900,µg/m3,2018-11-05 12:00:00 +01:00,2018-11-05 13:00:00 +01:00,2,1
GB,http://environment.data.gov.uk/air-quality/so,GB_Network_1,Station_GB1024A,,GB_SamplingPoint_74174,GB_StationProcess_918,GB_SamplingFeature_918,O3,http://dd.eionet.europa.eu/vocabulary/aq/pollutant/7,hour,2.5944099900,µg/m3,2018-11-05 13:00:00 +01:00,2018-11-05 14:00:00 +01:00,2,1
GB,http://environment.data.gov.uk/air-quality/so,GB_Network_1,Station_GB1024A,,GB_SamplingPoint_74174,GB_StationProcess_918,GB_SamplingFeature_918,O3,http://dd.eionet.europa.eu/vocabulary/aq/pollutant/7,hour,4.3905399900,µg/m3,2018-11-05 15:00:00 +01:00,2018-11-05 16:00:00 +01:00,2,1
GB,http://environment.data.gov.uk/air-quality/so,GB_Network_1,Station_GB1024A,,GB_SamplingPoint_74174,GB_StationProcess_918,GB_SamplingFeature_918,O3,http://dd.eionet.europa.eu/vocabulary/aq/pollutant/7,hour,2.2451599900,µg/m3,2018-11-05 19:00:00 +01:00,2018-11-05 20:00:00 +01:00,2,1
GB,http://environment.data.gov.uk/air-quality/so,GB_Network_1,Station_GB1024A,,GB_SamplingPoint_74174,GB_StationProcess_918,GB_SamplingFeature_918,O3,http://dd.eionet.europa.eu/vocabulary/aq/pollutant/7,hour,2.2451599900,µg/m3,2018-11-05 20:00:00 +01:00,2018-11-05 21:00:00 +01:00,2,1
GB,http://environment.data.gov.uk/air-quality/so,GB_Network_1,Station_GB1024A,,GB_SamplingPoint_74174,GB_StationProcess_918,GB_SamplingFeature_918,O3,http://dd.eionet.europa.eu/vocabulary/aq/pollutant/7,hour,2.7939799900,µg/m3,2018-11-05 21:00:00 +01:00,2018-11-05 22:00:00 +01:00,2,1
GB,http://environment.data.gov.uk/air-quality/so,GB_Network_1,Station_GB1024A,,GB_SamplingPoint_74174,GB_StationProcess_918,GB_SamplingFeature_918,O3,http://dd.eionet.europa.eu/vocabulary/aq/pollutant/7,hour,2.4946299900,µg/m3,2018-11-05 22:00:00 +01:00,2018-11-05 23:00:00 +01:00,2,1
GB,http://environment.data.gov.uk/air-quality/so,GB_Network_1,Station_GB1024A,,GB_SamplingPoint_74174,GB_StationProcess_918,GB_SamplingFeature_918,O3,http://dd.eionet.europa.eu/vocabulary/aq/pollutant/7,hour,2.1952699900,µg/m3,2018-11-06 00:00:00 +01:00,2018-11-06 01:00:00 +01:00,2,1
GB,http://environment.data.gov.uk/air-quality/so,GB_Network_1,Station_GB1024A,,GB_SamplingPoint_74174,GB_StationProcess_918,GB_SamplingFeature_918,O3,http://dd.eionet.europa.eu/vocabulary/aq/pollutant/7,hour,2.3948399900,µg/m3,2018-11-06 01:00:00 +01:00,2018-11-06 02:00:00 +01:00,2,1
GB,http://environment.data.gov.uk/air-quality/so,GB_Network_1,Station_GB1024A,,GB_SamplingPoint_74174,GB_StationProcess_918,GB_SamplingFeature_918,O3,http://dd.eionet.europa.eu/vocabulary/aq/pollutant/7,hour,2.2451599900,µg/m3,2018-11-06 03:00:00 +01:00,2018-11-06 04:00:00 +01:00,2,1
GB,http://environment.data.gov.uk/air-quality/so,GB_Network_1,Station_GB1024A,,GB_SamplingPoint_74174,GB_StationProcess_918,GB_SamplingFeature_918,O3,http://dd.eionet.europa.eu/vocabulary/aq/pollutant/7,hour,2.0455899900,µg/m3,2018-11-06 04:00:00 +01:00,2018-11-06 05:00:00 +01:00,2,1
GB,http://environment.data.gov.uk/air-quality/so,GB_Network_1,Station_GB1024A,,GB_SamplingPoint_74174,GB_StationProcess_918,GB_SamplingFeature_918,O3,http://dd.eionet.europa.eu/vocabulary/aq/pollutant/7,hour,1.4468799900,µg/m3,2018-11-06 07:00:00 +01:00,2018-11-06 08:00:00 +01:00,2,1
GB,http://environment.data.gov.uk/air-quality/so,GB_Network_1,Station_GB1024A,,GB_SamplingPoint_74174,GB_StationProcess_918,GB_SamplingFeature_918,O3,http://dd.eionet.europa.eu/vocabulary/aq/pollutant/7,hour,1.0477399900,µg/m3,2018-11-06 08:00:00 +01:00,2018-11-06 09:00:00 +01:00,2,1
GB,http://environment.data.gov.uk/air-quality/so,GB_Network_1,Station_GB1024A,,GB_SamplingPoint_74174,GB_StationProcess_918,GB_SamplingFeature_918,O3,http://dd.eionet.europa.eu/vocabulary/aq/pollutant/7,hour,1.1475299900,µg/m3,2018-11-06 09:00:00 +01:00,2018-11-06 10:00:00 +01:00,2,1
GB,http://environment.data.gov.uk/air-quality/so,GB_Network_1,Station_GB1024A,,GB_SamplingPoint_74174,GB_StationProcess_918,GB_SamplingFeature_918,O3,http://dd.eionet.europa.eu/vocabulary/aq/pollutant/7,hour,29.1372199900,µg/m3,2018-11-06 15:00:00 +01:00,2018-11-06 16:00:00 +01:00,1,1
GB,http://environment.data.gov.uk/air-quality/so,GB_Network_1,Station_GB1024A,,GB_SamplingPoint_74174,GB_StationProcess_918,GB_SamplingFeature_918,O3,http://dd.eionet.europa.eu/vocabulary/aq/pollutant/7,hour,31.5819499900,µg/m3,2018-11-06 17:00:00 +01:00,2018-11-06 18:00:00 +01:00,1,1
GB,http://environment.data.gov.uk/air-quality/so,GB_Network_1,Station_GB1024A,,GB_SamplingPoint_74174,GB_StationProcess_918,GB_SamplingFeature_918,O3,http://dd.eionet.europa.eu/vocabulary/aq/pollutant/7,hour,26.5428099900,µg/m3,2018-11-06 18:00:00 +01:00,2018-11-06 19:00:00 +01:00,1,1
GB,http://environment.data.gov.uk/air-quality/so,GB_Network_1,Station_GB1024A,,GB_SamplingPoint_74174,GB_StationProcess_918,GB_SamplingFeature_918,O3,http://dd.eionet.europa.eu/vocabulary/aq/pollutant/7,hour,41.5105599900,µg/m3,2018-11-06 20:00:00 +01:00,2018-11-06 21:00:00 +01:00,1,1
GB,http://environment.data.gov.uk/air-quality/so,GB_Network_1,Station_GB1024A,,GB_SamplingPoint_74174,GB_StationProcess_918,GB_SamplingFeature_918,O3,http://dd.eionet.europa.eu/vocabulary/aq/pollutant/7,hour,40.5127099900,µg/m3,2018-11-06 22:00:00 +01:00,2018-11-06 23:00:00 +01:00,1,1
GB,http://environment.data.gov.uk/air-quality/so,GB_Network_1,Station_GB1024A,,GB_SamplingPoint_74174,GB_StationProcess_918,GB_SamplingFeature_918,O3,http://dd.eionet.europa.eu/vocabulary/aq/pollutant/7,hour,40.8120699900,µg/m3,2018-11-06 23:00:00 +01:00,2018-11-07 00:00:00 +01:00,1,1
GB,http://environment.data.gov.uk/air-quality/so,GB_Network_1,Station_GB1024A,,GB_SamplingPoint_74174,GB_StationProcess_918,GB_SamplingFeature_918,O3,http://dd.eionet.europa.eu/vocabulary/aq/pollutant/7,hour,52.6199599900,µg/m3,2018-11-07 01:00:00 +01:00,2018-11-07 02:00:00 +01:00,1,1
GB,http://environment.data.gov.uk/air-quality/so,GB_Network_1,Station_GB1024A,,GB_SamplingPoint_74174,GB_StationProcess_918,GB_SamplingFeature_918,O3,http://dd.eionet.europa.eu/vocabulary/aq/pollutant/7,hour,57.7422499900,µg/m3,2018-11-07 02:00:00 +01:00,2018-11-07 03:00:00 +01:00,1,1
GB,http://environment.data.gov.uk/air-quality/so,GB_Network_1,Station_GB1024A,,GB_SamplingPoint_74174,GB_StationProcess_918,GB_SamplingFeature_918,O3,http://dd.eionet.europa.eu/vocabulary/aq/pollutant/7,hour,57.3264799900,µg/m3,2018-11-07 04:00:00 +01:00,2018-11-07 05:00:00 +01:00,1,1
GB,http://environment.data.gov.uk/air-quality/so,GB_Network_1,Station_GB1024A,,GB_SamplingPoint_74174,GB_StationProcess_918,GB_SamplingFeature_918,O3,http://dd.eionet.europa.eu/vocabulary/aq/pollutant/7,hour,30.1350699900,µg/m3,2018-11-07 09:00:00 +01:00,2018-11-07 10:00:00 +01:00,1,1
GB,http://environment.data.gov.uk/air-quality/so,GB_Network_1,Station_GB1024A,,GB_SamplingPoint_74174,GB_StationProcess_918,GB_SamplingFeature_918,O3,http://dd.eionet.europa.eu/vocabulary/aq/pollutant/7,hour,35.3238899900,µg/m3,2018-11-07 11:00:00 +01:00,2018-11-07 12:00:00 +01:00,1,1
GB,http://environment.data.gov.uk/air-quality/so,GB_Network_1,Station_GB1024A,,GB_SamplingPoint_74174,GB_StationProcess_918,GB_SamplingFeature_918,O3,http://dd.eionet.europa.eu/vocabulary/aq/pollutant/7,hour,42.9574399900,µg/m3,2018-11-07 12:00:00 +01:00,2018-11-07 13:00:00 +01:00,1,1
GB,http://environment.data.gov.uk/air-quality/so,GB_Network_1,Station_GB1024A,,GB_SamplingPoint_74174,GB_StationProcess_918,GB_SamplingFeature_918,O3,http://dd.eionet.europa.eu/vocabulary/aq/pollutant/7,hour,50.6408899900,µg/m3,2018-11-07 15:00:00 +01:00,2018-11-07 16:00:00 +01:00,1,1
GB,http://environment.data.gov.uk/air-quality/so,GB_Network_1,Station_GB1024A,,GB_SamplingPoint_74174,GB_StationProcess_918,GB_SamplingFeature_918,O3,http://dd.eionet.europa.eu/vocabulary/aq/pollutant/7,hour,45.9509899900,µg/m3,2018-11-07 16:00:00 +01:00,2018-11-07 17:00:00 +01:00,1,1
GB,http://environment.data.gov.uk/air-quality/so,GB_Network_1,Station_GB1024A,,GB_SamplingPoint_74174,GB_StationProcess_918,GB_SamplingFeature_918,O3,http://dd.eionet.europa.eu/vocabulary/aq/pollutant/7,hour,28.6881899900,µg/m3,2018-11-07 18:00:00 +01:00,2018-11-07 19:00:00 +01:00,1,1
GB,http://environment.data.gov.uk/air-quality/so,GB_Network_1,Station_GB1024A,,GB_SamplingPoint_74174,GB_StationProcess_918,GB_SamplingFeature_918,O3,http://dd.eionet.europa.eu/vocabulary/aq/pollutant/7,hour,20.6055999900,µg/m3,2018-11-07 19:00:00 +01:00,2018-11-07 20:00:00 +01:00,1,1
GB,http://environment.data.gov.uk/air-quality/so,GB_Network_1,Station_GB1024A,,GB_SamplingPoint_74174,GB_StationProcess_918,GB_SamplingFeature_918,O3,http://dd.eionet.europa.eu/vocabulary/aq/pollutant/7,hour,16.1152799900,µg/m3,2018-11-07 20:00:00 +01:00,2018-11-07 21:00:00 +01:00,1,1
GB,http://environment.data.gov.uk/air-quality/so,GB_Network_1,Station_GB1024A,,GB_SamplingPoint_74174,GB_StationProcess_918,GB_SamplingFeature_918,O3,http://dd.eionet.europa.eu/vocabulary/aq/pollutant/7,hour,25.1957099900,µg/m3,2018-11-07 22:00:00 +01:00,2018-11-07 23:00:00 +01:00,1,1
GB,http://environment.data.gov.uk/air-quality/so,GB_Network_1,Station_GB1024A,,GB_SamplingPoint_74174,GB_StationProcess_918,GB_SamplingFeature_918,O3,http://dd.eionet.europa.eu/vocabulary/aq/pollutant/7,hour,61.5174499900,µg/m3,2018-11-08 00:00:00 +01:00,2018-11-08 01:00:00 +01:00,1,1
GB,http://environment.data.gov.uk/air-quality/so,GB_Network_1,Station_GB1024A,,GB_SamplingPoint_74174,GB_StationProcess_918,GB_SamplingFeature_918,O3,http://dd.eionet.europa.eu/vocabulary/aq/pollutant/7,hour,60.0705699900,µg/m3,2018-11-08 03:00:00 +01:00,2018-11-08 04:00:00 +01:00,1,1
GB,http://environment.data.gov.uk/air-quality/so,GB_Network_1,Station_GB1024A,,GB_SamplingPoint_74174,GB_StationProcess_918,GB_SamplingFeature_918,O3,http://dd.eionet.europa.eu/vocabulary/aq/pollutant/7,hour,43.7557199900,µg/m3,2018-11-08 04:00:00 +01:00,2018-11-08 05:00:00 +01:00,1,1
GB,http://environment.data.gov.uk/air-quality/so,GB_Network_1,Station_GB1024A,,GB_SamplingPoint_74174,GB_StationProcess_918,GB_SamplingFeature_918,O3,http://dd.eionet.europa.eu/vocabulary/aq/pollutant/7,hour,34.5754999900,µg/m3,2018-11-08 08:00:00 +01:00,2018-11-08 09:00:00 +01:00,1,1
GB,http://environment.data.gov.uk/air-quality/so,GB_Network_1,Station_GB1024A,,GB_SamplingPoint_74174,GB_StationProcess_918,GB_SamplingFeature_918,O3,http://dd.eionet.europa.eu/vocabulary/aq/pollutant/7,hour,30.5840999900,µg/m3,2018-11-08 09:00:00 +01:00,2018-11-08 10:00:00 +01:00,1,1
GB,http://environment.data.gov.uk/air-quality/so,GB_Network_1,Station_GB1024A,,GB_SamplingPoint_74174,GB_StationProcess_918,GB_SamplingFeature_918,O3,http://dd.eionet.europa.eu/vocabulary/aq/pollutant/7,hour,61.5174499900,µg/m3,2018-11-08 13:00:00 +01:00,2018-11-08 14:00:00 +01:00,1,1
GB,http://environment.data.gov.uk/air-quality/so,GB_Network_1,Station_GB1024A,,GB_SamplingPoint_74174,GB_StationProcess_918,GB_SamplingFeature_918,O3,http://dd.eionet.europa.eu/vocabulary/aq/pollutant/7,hour,56.5281999900,µg/m3,2018-11-08 16:00:00 +01:00,2018-11-08 17:00:00 +01:00,1,1
GB,http://environment.data.gov.uk/air-quality/so,GB_Network_1,Station_GB1024A,,GB_SamplingPoint_74174,GB_StationProcess_918,GB_SamplingFeature_918,O3,http://dd.eionet.europa.eu/vocabulary/aq/pollutant/7,hour,52.3372299900,µg/m3,2018-11-08 17:00:00 +01:00,2018-11-08 18:00:00 +01:00,1,1
GB,http://environment.data.gov.uk/air-quality/so,GB_Network_1,Station_GB1024A,,GB_SamplingPoint_74174,GB_StationProcess_918,GB_SamplingFeature_918,O3,http://dd.eionet.europa.eu/vocabulary/aq/pollutant/7,hour,36.5711999900,µg/m3,2018-11-08 19:00:00 +01:00,2018-11-08 20:00:00 +01:00,1,1
GB,http://environment.data.gov.uk/air-quality/so,GB_Network_1,Station_GB1024A,,GB_SamplingPoint_74174,GB_StationProcess_918,GB_SamplingFeature_918,O3,http://dd.eionet.europa.eu/vocabulary/aq/pollutant/7,hour,32.6795899900,µg/m3,2018-11-08 20:00:00 +01:00,2018-11-08 21:00:00 +01:00,1,1
GB,http://environment.data.gov.uk/air-quality/so,GB_Network_1,Station_GB1024A,,GB_SamplingPoint_74174,GB_StationProcess_918,GB_SamplingFeature_918,O3,http://dd.eionet.europa.eu/vocabulary/aq/pollutant/7,hour,22.7509799900,µg/m3,2018-11-08 21:00:00 +01:00,2018-11-08 22:00:00 +01:00,1,1
GB,http://environment.data.gov.uk/air-quality/so,GB_Network_1,Station_GB1024A,,GB_SamplingPoint_74174,GB_StationProcess_918,GB_SamplingFeature_918,O3,http://dd.eionet.europa.eu/vocabulary/aq/pollutant/7,hour,4.6566299900,µg/m3,2018-11-09 01:00:00 +01:00,2018-11-09 02:00:00 +01:00,2,1
GB,http://environment.data.gov.uk/air-quality/so,GB_Network_1,Station_GB1024A,,GB_SamplingPoint_74174,GB_StationProcess_918,GB_SamplingFeature_918,O3,http://dd.eionet.europa.eu/vocabulary/aq/pollutant/7,hour,4.1410799900,µg/m3,2018-11-09 10:00:00 +01:00,2018-11-09 11:00:00 +01:00,2,1
GB,http://environment.data.gov.uk/air-quality/so,GB_Network_1,Station_GB1024A,,GB_SamplingPoint_74174,GB_StationProcess_918,GB_SamplingFeature_918,O3,http://dd.eionet.europa.eu/vocabulary/aq/pollutant/7,hour,21.4537799900,µg/m3,2018-11-09 11:00:00 +01:00,2018-11-09 12:00:00 +01:00,1,1
GB,http://environment.data.gov.uk/air-quality/so,GB_Network_1,Station_GB1024A,,GB_SamplingPoint_74174,GB_StationProcess_918,GB_SamplingFeature_918,O3,http://dd.eionet.europa.eu/vocabulary/aq/pollutant/7,hour,50.4413199900,µg/m3,2018-11-09 14:00:00 +01:00,2018-11-09 15:00:00 +01:00,1,1
GB,http://environment.data.gov.uk/air-quality/so,GB_Network_1,Station_GB1024A,,GB_SamplingPoint_74174,GB_StationProcess_918,GB_SamplingFeature_918,O3,http://dd.eionet.europa.eu/vocabulary/aq/pollutant/7,hour,61.5174499900,µg/m3,2018-11-09 15:00:00 +01:00,2018-11-09 16:00:00 +01:00,1,1
GB,http://environment.data.gov.uk/air-quality/so,GB_Network_1,Station_GB1024A,,GB_SamplingPoint_74174,GB_StationProcess_918,GB_SamplingFeature_918,O3,http://dd.eionet.europa.eu/vocabulary/aq/pollutant/7,hour,48.1462599900,µg/m3,2018-11-09 17:00:00 +01:00,2018-11-09 18:00:00 +01:00,1,1
GB,http://environment.data.gov.uk/air-quality/so,GB_Network_1,Station_GB1024A,,GB_SamplingPoint_74174,GB_StationProcess_918,GB_SamplingFeature_918,O3,http://dd.eionet.europa.eu/vocabulary/aq/pollutant/7,hour,54.6322899900,µg/m3,2018-11-09 19:00:00 +01:00,2018-11-09 20:00:00 +01:00,1,1
GB,http://environment.data.gov.uk/air-quality/so,GB_Network_1,Station_GB1024A,,GB_SamplingPoint_74174,GB_StationProcess_918,GB_SamplingFeature_918,O3,http://dd.eionet.europa.eu/vocabulary/aq/pollutant/7,hour,55.6301399900,µg/m3,2018-11-09 21:00:00 +01:00,2018-11-09 22:00:00 +01:00,1,1
GB,http://environment.data.gov.uk/air-quality/so,GB_Network_1,Station_GB1024A,,GB_SamplingPoint_74174,GB_StationProcess_918,GB_SamplingFeature_918,O3,http://dd.eionet.europa.eu/vocabulary/aq/pollutant/7,hour,60.8189599900,µg/m3,2018-11-10 03:00:00 +01:00,2018-11-10 04:00:00 +01:00,1,1
GB,http://environment.data.gov.uk/air-quality/so,GB_Network_1,Station_GB1024A,,GB_SamplingPoint_74174,GB_StationProcess_918,GB_SamplingFeature_918,O3,http://dd.eionet.europa.eu/vocabulary/aq/pollutant/7,hour,62.0163799900,µg/m3,2018-11-10 06:00:00 +01:00,2018-11-10 07:00:00 +01:00,1,1
GB,http://environment.data.gov.uk/air-quality/so,GB_Network_1,Station_GB1024A,,GB_SamplingPoint_74174,GB_StationProcess_918,GB_SamplingFeature_918,O3,http://dd.eionet.europa.eu/vocabulary/aq/pollutant/7,hour,50.6907799900,µg/m3,2018-11-10 07:00:00 +01:00,2018-11-10 08:00:00 +01:00,1,1
GB,http://environment.data.gov.uk/air-quality/so,GB_Network_1,Station_GB1024A,,GB_SamplingPoint_74174,GB_StationProcess_918,GB_SamplingFeature_918,O3,http://dd.eionet.europa.eu/vocabulary/aq/pollutant/7,hour,26.8421699900,µg/m3,2018-11-10 08:00:00 +01:00,2018-11-10 09:00:00 +01:00,1,1
GB,http://environment.data.gov.uk/air-quality/so,GB_Network_1,Station_GB1024A,,GB_SamplingPoint_74174,GB_StationProcess_918,GB_SamplingFeature_918,O3,http://dd.eionet.europa.eu/vocabulary/aq/pollutant/7,hour,22.3518399900,µg/m3,2018-11-10 09:00:00 +01:00,2018-11-10 10:00:00 +01:00,1,1
GB,http://environment.data.gov.uk/air-quality/so,GB_Network_1,Station_GB1024A,,GB_SamplingPoint_74174,GB_StationProcess_918,GB_SamplingFeature_918,O3,http://dd.eionet.europa.eu/vocabulary/aq/pollutant/7,hour,59.5217499900,µg/m3,2018-11-10 14:00:00 +01:00,2018-11-10 15:00:00 +01:00,1,1
GB,http://environment.data.gov.uk/air-quality/so,GB_Network_1,Station_GB1024A,,GB_SamplingPoint_74174,GB_StationProcess_918,GB_SamplingFeature_918,O3,http://dd.eionet.europa.eu/vocabulary/aq/pollutant/7,hour,59.3720799900,µg/m3,2018-11-10 15:00:00 +01:00,2018-11-10 16:00:00 +01:00,1,1
GB,http://environment.data.gov.uk/air-quality/so,GB_Network_1,Station_GB1024A,,GB_SamplingPoint_74174,GB_StationProcess_918,GB_SamplingFeature_918,O3,http://dd.eionet.europa.eu/vocabulary/aq/pollutant/7,hour,55.5303499900,µg/m3,2018-11-10 16:00:00 +01:00,2018-11-10 17:00:00 +01:00,1,1
GB,http://environment.data.gov.uk/air-quality/so,GB_Network_1,Station_GB1024A,,GB_SamplingPoint_74174,GB_StationProcess_918,GB_SamplingFeature_918,O3,http://dd.eionet.europa.eu/vocabulary/aq/pollutant/7,hour,40.3131399900,µg/m3,2018-11-10 17:00:00 +01:00,2018-11-10 18:00:00 +01:00,1,1
GB,http://environment.data.gov.uk/air-quality/so,GB_Network_1,Station_GB1024A,,GB_SamplingPoint_74174,GB_StationProcess_918,GB_SamplingFeature_918,O3,http://dd.eionet.europa.eu/vocabulary/aq/pollutant/7,hour,37.4193799900,µg/m3,2018-11-10 18:00:00 +01:00,2018-11-10 19:00:00 +01:00,1,1
GB,http://environment.data.gov.uk/air-quality/so,GB_Network_1,Station_GB1024A,,GB_SamplingPoint_74174,GB_StationProcess_918,GB_SamplingFeature_918,O3,http://dd.eionet.europa.eu/vocabulary/aq/pollutant/7,hour,26.9419499900,µg/m3,2018-11-10 19:00:00 +01:00,2018-11-10 20:00:00 +01:00,1,1
GB,http://environment.data.gov.uk/air-quality/so,GB_Network_1,Station_GB1024A,,GB_SamplingPoint_74174,GB_StationProcess_918,GB_SamplingFeature_918,O3,http://dd.eionet.europa.eu/vocabulary/aq/pollutant/7,hour,17.8615199900,µg/m3,2018-11-10 21:00:00 +01:00,2018-11-10 22:00:00 +01:00,1,1
GB,http://environment.data.gov.uk/air-quality/so,GB_Network_1,Station_GB1024A,,GB_SamplingPoint_74174,GB_StationProcess_918,GB_SamplingFeature_918,O3,http://dd.eionet.europa.eu/vocabulary/aq/pollutant/7,hour,17.7118399900,µg/m3,2018-11-10 23:00:00 +01:00,2018-11-11 00:00:00 +01:00,1,1
GB,http://environment.data.gov.uk/air-quality/so,GB_Network_1,Station_GB1024A,,GB_SamplingPoint_74174,GB_StationProcess_918,GB_SamplingFeature_918,O3,http://dd.eionet.europa.eu/vocabulary/aq/pollutant/7,hour,39.7809499900,µg/m3,2018-11-11 02:00:00 +01:00,2018-11-11 03:00:00 +01:00,1,1
GB,http://environment.data.gov.uk/air-quality/so,GB_Network_1,Station_GB1024A,,GB_SamplingPoint_74174,GB_StationProcess_918,GB_SamplingFeature_918,O3,http://dd.eionet.europa.eu/vocabulary/aq/pollutant/7,hour,33.1286199900,µg/m3,2018-11-11 04:00:00 +01:00,2018-11-11 05:00:00 +01:00,1,1
GB,http://environment.data.gov.uk/air-quality/so,GB_Network_1,Station_GB1024A,,GB_SamplingPoint_74174,GB_StationProcess_918,GB_SamplingFeature_918,O3,http://dd.eionet.europa.eu/vocabulary/aq/pollutant/7,hour,31.8813099900,µg/m3,2018-11-11 05:00:00 +01:00,2018-11-11 06:00:00 +01:00,1,1
GB,http://environment.data.gov.uk/air-quality/so,GB_Network_1,Station_GB1024A,,GB_SamplingPoint_74174,GB_StationProcess_918,GB_SamplingFeature_918,O3,http://dd.eionet.europa.eu/vocabulary/aq/pollutant/7,hour,33.1286199900,µg/m3,2018-11-11 06:00:00 +01:00,2018-11-11 07:00:00 +01:00,1,1
GB,http://environment.data.gov.uk/air-quality/so,GB_Network_1,Station_GB1024A,,GB_SamplingPoint_74174,GB_StationProcess_918,GB_SamplingFeature_918,O3,http://dd.eionet.europa.eu/vocabulary/aq/pollutant/7,hour,43.8056199900,µg/m3,2018-11-11 07:00:00 +01:00,2018-11-11 08:00:00 +01:00,1,1
GB,http://environment.data.gov.uk/air-quality/so,GB_Network_1,Station_GB1024A,,GB_SamplingPoint_74174,GB_StationProcess_918,GB_SamplingFeature_918,O3,http://dd.eionet.europa.eu/vocabulary/aq/pollutant/7,hour,68.5023999900,µg/m3,2018-11-11 12:00:00 +01:00,2018-11-11 13:00:00 +01:00,1,1
GB,http://environment.data.gov.uk/air-quality/so,GB_Network_1,Station_GB1024A,,GB_SamplingPoint_74174,GB_StationProcess_918,GB_SamplingFeature_918,O3,http://dd.eionet.europa.eu/vocabulary/aq/pollutant/7,hour,70.8972399900,µg/m3,2018-11-11 13:00:00 +01:00,2018-11-11 14:00:00 +01:00,1,1
GB,http://environment.data.gov.uk/air-quality/so,GB_Network_1,Station_GB1024A,,GB_SamplingPoint_74174,GB_StationProcess_918,GB_SamplingFeature_918,O3,http://dd.eionet.europa.eu/vocabulary/aq/pollutant/7,hour,66.3570299900,µg/m3,2018-11-11 15:00:00 +01:00,2018-11-11 16:00:00 +01:00,1,1
GB,http://environment.data.gov.uk/air-quality/so,GB_Network_1,Station_GB1024A,,GB_SamplingPoint_74174,GB_StationProcess_918,GB_SamplingFeature_918,O3,http://dd.eionet.europa.eu/vocabulary/aq/pollutant/7,hour,42.6081999900,µg/m3,2018-11-11 18:00:00 +01:00,2018-11-11 19:00:00 +01:00,1,1
GB,http://environment.data.gov.uk/air-quality/so,GB_Network_1,Station_GB1024A,,GB_SamplingPoint_74174,GB_StationProcess_918,GB_SamplingFeature_918,O3,http://dd.eionet.europa.eu/vocabulary/aq/pollutant/7,hour,23.4993699900,µg/m3,2018-11-11 23:00:00 +01:00,2018-11-12 00:00:00 +01:00,1,1
GB,http://environment.data.gov.uk/air-quality/so,GB_Network_1,Station_GB1024A,,GB_SamplingPoint_74174,GB_StationProcess_918,GB_SamplingFeature_918,O3,http://dd.eionet.europa.eu/vocabulary/aq/pollutant/7,hour,48.2294199900,µg/m3,2018-11-12 02:00:00 +01:00,2018-11-12 03:00:00 +01:00,1,1
GB,http://environment.data.gov.uk/air-quality/so,GB_Network_1,Station_GB1024A,,GB_SamplingPoint_74174,GB_StationProcess_918,GB_SamplingFeature_918,O3,http://dd.eionet.europa.eu/vocabulary/aq/pollutant/7,hour,15.5664599900,µg/m3,2018-11-12 05:00:00 +01:00,2018-11-12 06:00:00 +01:00,1,1
GB,http://environment.data.gov.uk/air-quality/so,GB_Network_1,Station_GB1024A,,GB_SamplingPoint_74174,GB_StationProcess_918,GB_SamplingFeature_918,O3,http://dd.eionet.europa.eu/vocabulary/aq/pollutant/7,hour,11.6748499900,µg/m3,2018-11-12 08:00:00 +01:00,2018-11-12 09:00:00 +01:00,1,1
GB,http://environment.data.gov.uk/air-quality/so,GB_Network_1,Station_GB1024A,,GB_SamplingPoint_74174,GB_StationProcess_918,GB_SamplingFeature_918,O3,http://dd.eionet.europa.eu/vocabulary/aq/pollutant/7,hour,12.4731299900,µg/m3,2018-11-12 09:00:00 +01:00,2018-11-12 10:00:00 +01:00,1,1
GB,http://environment.data.gov.uk/air-quality/so,GB_Network_1,Station_GB1024A,,GB_SamplingPoint_74174,GB_StationProcess_918,GB_SamplingFeature_918,O3,http://dd.eionet.europa.eu/vocabulary/aq/pollutant/7,hour,28.5385099900,µg/m3,2018-11-12 10:00:00 +01:00,2018-11-12 11:00:00 +01:00,1,1
GB,http://environment.data.gov.uk/air-quality/so,GB_Network_1,Station_GB1024A,,GB_SamplingPoint_74174,GB_StationProcess_918,GB_SamplingFeature_918,O3,http://dd.eionet.europa.eu/vocabulary/aq/pollutant/7,hour,36.1221699900,µg/m3,2018-11-12 20:00:00 +01:00,2018-11-12 21:00:00 +01:00,1,1
GB,http://environment.data.gov.uk/air-quality/so,GB_Network_1,Station_GB1024A,,GB_SamplingPoint_74174,GB_StationProcess_918,GB_SamplingFeature_918,O3,http://dd.eionet.europa.eu/vocabulary/aq/pollutant/7,hour,49.3436799900,µg/m3,2018-11-12 22:00:00 +01:00,2018-11-12 23:00:00 +01:00,1,1
GB,http://environment.data.gov.uk/air-quality/so,GB_Network_1,Station_GB1024A,,GB_SamplingPoint_74174,GB_StationProcess_918,GB_SamplingFeature_918,O3,http://dd.eionet.europa.eu/vocabulary/aq/pollutant/7,hour,56.3286299900,µg/m3,2018-11-13 00:00:00 +01:00,2018-11-13 01:00:00 +01:00,1,1
GB,http://environment.data.gov.uk/air-quality/so,GB_Network_1,Station_GB1024A,,GB_SamplingPoint_74174,GB_StationProcess_918,GB_SamplingFeature_918,O3,http://dd.eionet.europa.eu/vocabulary/aq/pollutant/7,hour,61.7336499900,µg/m3,2018-11-13 01:00:00 +01:00,2018-11-13 02:00:00 +01:00,1,1
GB,http://environment.data.gov.uk/air-quality/so,GB_Network_1,Station_GB1024A,,GB_SamplingPoint_74174,GB_StationProcess_918,GB_SamplingFeature_918,O3,http://dd.eionet.europa.eu/vocabulary/aq/pollutant/7,hour,60.5694999900,µg/m3,2018-11-13 04:00:00 +01:00,2018-11-13 05:00:00 +01:00,1,1
GB,http://environment.data.gov.uk/air-quality/so,GB_Network_1,Station_GB1024A,,GB_SamplingPoint_74174,GB_StationProcess_918,GB_SamplingFeature_918,O3,http://dd.eionet.europa.eu/vocabulary/aq/pollutant/7,hour,59.5716499900,µg/m3,2018-11-13 05:00:00 +01:00,2018-11-13 06:00:00 +01:00,1,1
GB,http://environment.data.gov.uk/air-quality/so,GB_Network_1,Station_GB1024A,,GB_SamplingPoint_74174,GB_StationProcess_918,GB_SamplingFeature_918,O3,http://dd.eionet.europa.eu/vocabulary/aq/pollutant/7,hour,35.7729199900,µg/m3,2018-11-13 08:00:00 +01:00,2018-11-13 09:00:00 +01:00,1,1
GB,http://environment.data.gov.uk/air-quality/so,GB_Network_1,Station_GB1024A,,GB_SamplingPoint_74174,GB_StationProcess_918,GB_SamplingFeature_918,O3,http://dd.eionet.europa.eu/vocabulary/aq/pollutant/7,hour,28.8378699900,µg/m3,2018-11-13 09:00:00 +01:00,2018-11-13 10:00:00 +01:00,1,1
GB,http://environment.data.gov.uk/air-quality/so,GB_Network_1,Station_GB1024A,,GB_SamplingPoint_74174,GB_StationProcess_918,GB_SamplingFeature_918,O3,http://dd.eionet.europa.eu/vocabulary/aq/pollutant/7,hour,32.6795899900,µg/m3,2018-11-13 10:00:00 +01:00,2018-11-13 11:00:00 +01:00,1,1
GB,http://environment.data.gov.uk/air-quality/so,GB_Network_1,Station_GB1024A,,GB_SamplingPoint_74174,GB_StationProcess_918,GB_SamplingFeature_918,O3,http://dd.eionet.europa.eu/vocabulary/aq/pollutant/7,hour,44.9531399900,µg/m3,2018-11-13 11:00:00 +01:00,2018-11-13 12:00:00 +01:00,1,1
GB,http://environment.data.gov.uk/air-quality/so,GB_Network_1,Station_GB1024A,,GB_SamplingPoint_74174,GB_StationProcess_918,GB_SamplingFeature_918,O3,http://dd.eionet.europa.eu/vocabulary/aq/pollutant/7,hour,60.7690699900,µg/m3,2018-11-13 14:00:00 +01:00,2018-11-13 15:00:00 +01:00,1,1
GB,http://environment.data.gov.uk/air-quality/so,GB_Network_1,Station_GB1024A,,GB_SamplingPoint_74174,GB_StationProcess_918,GB_SamplingFeature_918,O3,http://dd.eionet.europa.eu/vocabulary/aq/pollutant/7,hour,47.2481999900,µg/m3,2018-11-13 16:00:00 +01:00,2018-11-13 17:00:00 +01:00,1,1
GB,http://environment.data.gov.uk/air-quality/so,GB_Network_1,Station_GB1024A,,GB_SamplingPoint_74174,GB_StationProcess_918,GB_SamplingFeature_918,O3,http://dd.eionet.europa.eu/vocabulary/aq/pollutant/7,hour,22.7509799900,µg/m3,2018-11-13 18:00:00 +01:00,2018-11-13 19:00:00 +01:00,1,1
GB,http://environment.data.gov.uk/air-quality/so,GB_Network_1,Station_GB1024A,,GB_SamplingPoint_74174,GB_StationProcess_918,GB_SamplingFeature_918,O3,http://dd.eionet.europa.eu/vocabulary/aq/pollutant/7,hour,24.6468999900,µg/m3,2018-11-13 20:00:00 +01:00,2018-11-13 21:00:00 +01:00,1,1
GB,http://environment.data.gov.uk/air-quality/so,GB_Network_1,Station_GB1024A,,GB_SamplingPoint_74174,GB_StationProcess_918,GB_SamplingFeature_918,O3,http://dd.eionet.europa.eu/vocabulary/aq/pollutant/7,hour,27.2413099900,µg/m3,2018-11-14 00:00:00 +01:00,2018-11-14 01:00:00 +01:00,1,1
GB,http://environment.data.gov.uk/air-quality/so,GB_Network_1,Station_GB1024A,,GB_SamplingPoint_74174,GB_StationProcess_918,GB_SamplingFeature_918,O3,http://dd.eionet.europa.eu/vocabulary/aq/pollutant/7,hour,44.2380199900,µg/m3,2018-11-14 02:00:00 +01:00,2018-11-14 03:00:00 +01:00,1,1
GB,http://environment.data.gov.uk/air-quality/so,GB_Network_1,Station_GB1024A,,GB_SamplingPoint_74174,GB_StationProcess_918,GB_SamplingFeature_918,O3,http://dd.eionet.europa.eu/vocabulary/aq/pollutant/7,hour,47.4477699900,µg/m3,2018-11-14 04:00:00 +01:00,2018-11-14 05:00:00 +01:00,1,1
GB,http://environment.data.gov.uk/air-quality/so,GB_Network_1,Station_GB1024A,,GB_SamplingPoint_74174,GB_StationProcess_918,GB_SamplingFeature_918,O3,http://dd.eionet.europa.eu/vocabulary/aq/pollutant/7,hour,38.7664699900,µg/m3,2018-11-14 08:00:00 +01:00,2018-11-14 09:00:00 +01:00,1,1
GB,http://environment.data.gov.uk/air-quality/so,GB_Network_1,Station_GB1024A,,GB_SamplingPoint_74174,GB_StationProcess_918,GB_SamplingFeature_918,O3,http://dd.eionet.europa.eu/vocabulary/aq/pollutant/7,hour,32.9290499900,µg/m3,2018-11-14 09:00:00 +01:00,2018-11-14 10:00:00 +01:00,1,1
GB,http://environment.data.gov.uk/air-quality/so,GB_Network_1,Station_GB1024A,,GB_SamplingPoint_74174,GB_StationProcess_918,GB_SamplingFeature_918,O3,http://dd.eionet.europa.eu/vocabulary/aq/pollutant/7,hour,51.1897099900,µg/m3,2018-11-14 11:00:00 +01:00,2018-11-14 12:00:00 +01:00,1,1
GB,http://environment.data.gov.uk/air-quality/so,GB_Network_1,Station_GB1024A,,GB_SamplingPoint_74174,GB_StationProcess_918,GB_SamplingFeature_918,O3,http://dd.eionet.europa.eu/vocabulary/aq/pollutant/7,hour,56.5780999900,µg/m3,2018-11-14 12:00:00 +01:00,2018-11-14 13:00:00 +01:00,1,1
GB,http://environment.data.gov.uk/air-quality/so,GB_Network_1,Station_GB1024A,,GB_SamplingPoint_74174,GB_StationProcess_918,GB_SamplingFeature_918,O3,http://dd.eionet.europa.eu/vocabulary/aq/pollutant/7,hour,46.9488399900,µg/m3,2018-11-14 15:00:00 +01:00,2018-11-14 16:00:00 +01:00,1,1
GB,http://environment.data.gov.uk/air-quality/so,GB_Network_1,Station_GB1024A,,GB_SamplingPoint_74174,GB_StationProcess_918,GB_SamplingFeature_918,O3,http://dd.eionet.europa.eu/vocabulary/aq/pollutant/7,hour,1.2473099900,µg/m3,2018-11-14 21:00:00 +01:00,2018-11-14 22:00:00 +01:00,2,1
GB,http://environment.data.gov.uk/air-quality/so,GB_Network_1,Station_GB1024A,,GB_SamplingPoint_74174,GB_StationProcess_918,GB_SamplingFeature_918,O3,http://dd.eionet.europa.eu/vocabulary/aq/pollutant/7,hour,1.3969899900,µg/m3,2018-11-15 01:00:00 +01:00,2018-11-15 02:00:00 +01:00,2,1
GB,http://environment.data.gov.uk/air-quality/so,GB_Network_1,Station_GB1024A,,GB_SamplingPoint_74174,GB_StationProcess_918,GB_SamplingFeature_918,O3,http://dd.eionet.europa.eu/vocabulary/aq/pollutant/7,hour,2.0455899900,µg/m3,2018-11-15 04:00:00 +01:00,2018-11-15 05:00:00 +01:00,2,1
GB,http://environment.data.gov.uk/air-quality/so,GB_Network_1,Station_GB1024A,,GB_SamplingPoint_74174,GB_StationProcess_918,GB_SamplingFeature_918,O3,http://dd.eionet.europa.eu/vocabulary/aq/pollutant/7,hour,1.1974199900,µg/m3,2018-11-15 07:00:00 +01:00,2018-11-15 08:00:00 +01:00,2,1
GB,http://environment.data.gov.uk/air-quality/so,GB_Network_1,Station_GB1024A,,GB_SamplingPoint_74174,GB_StationProcess_918,GB_SamplingFeature_918,O3,http://dd.eionet.europa.eu/vocabulary/aq/pollutant/7,hour,5.8374199900,µg/m3,2018-11-15 10:00:00 +01:00,2018-11-15 11:00:00 +01:00,2,1
GB,http://environment.data.gov.uk/air-quality/so,GB_Network_1,Station_GB1024A,,GB_SamplingPoint_74174,GB_StationProcess_918,GB_SamplingFeature_918,O3,http://dd.eionet.europa.eu/vocabulary/aq/pollutant/7,hour,16.1152799900,µg/m3,2018-11-15 14:00:00 +01:00,2018-11-15 15:00:00 +01:00,1,1
GB,http://environment.data.gov.uk/air-quality/so,GB_Network_1,Station_GB1024A,,GB_SamplingPoint_74174,GB_StationProcess_918,GB_SamplingFeature_918,O3,http://dd.eionet.europa.eu/vocabulary/aq/pollutant/7,hour,16.7139899900,µg/m3,2018-11-15 15:00:00 +01:00,2018-11-15 16:00:00 +01:00,1,1
GB,http://environment.data.gov.uk/air-quality/so,GB_Network_1,Station_GB1024A,,GB_SamplingPoint_74174,GB_StationProcess_918,GB_SamplingFeature_918,O3,http://dd.eionet.europa.eu/vocabulary/aq/pollutant/7,hour,4.7896799900,µg/m3,2018-11-15 17:00:00 +01:00,2018-11-15 18:00:00 +01:00,2,1
GB,http://environment.data.gov.uk/air-quality/so,GB_Network_1,Station_GB1024A,,GB_SamplingPoint_74174,GB_StationProcess_918,GB_SamplingFeature_918,O3,http://dd.eionet.europa.eu/vocabulary/aq/pollutant/7,hour,2.0954899900,µg/m3,2018-11-15 18:00:00 +01:00,2018-11-15 19:00:00 +01:00,2,1
GB,http://environment.data.gov.uk/air-quality/so,GB_Network_1,Station_GB1024A,,GB_SamplingPoint_74174,GB_StationProcess_918,GB_SamplingFeature_918,O3,http://dd.eionet.europa.eu/vocabulary/aq/pollutant/7,hour,2.2451599900,µg/m3,2018-11-15 19:00:00 +01:00,2018-11-15 20:00:00 +01:00,2,1
GB,http://environment.data.gov.uk/air-quality/so,GB_Network_1,Station_GB1024A,,GB_SamplingPoint_74174,GB_StationProcess_918,GB_SamplingFeature_918,O3,http://dd.eionet.europa.eu/vocabulary/aq/pollutant/7,hour,2.8438699900,µg/m3,2018-11-15 20:00:00 +01:00,2018-11-15 21:00:00 +01:00,2,1
GB,http://environment.data.gov.uk/air-quality/so,GB_Network_1,Station_GB1024A,,GB_SamplingPoint_74174,GB_StationProcess_918,GB_SamplingFeature_918,O3,http://dd.eionet.europa.eu/vocabulary/aq/pollutant/7,hour,10.5772099900,µg/m3,2018-11-15 22:00:00 +01:00,2018-11-15 23:00:00 +01:00,1,1
GB,http://environment.data.gov.uk/air-quality/so,GB_Network_1,Station_GB1024A,,GB_SamplingPoint_74174,GB_StationProcess_918,GB_SamplingFeature_918,O3,http://dd.eionet.europa.eu/vocabulary/aq/pollutant/7,hour,8.0493199900,µg/m3,2018-11-16 02:00:00 +01:00,2018-11-16 03:00:00 +01:00,1,1
GB,http://environment.data.gov.uk/air-quality/so,GB_Network_1,Station_GB1024A,,GB_SamplingPoint_74174,GB_StationProcess_918,GB_SamplingFeature_918,O3,http://dd.eionet.europa.eu/vocabulary/aq/pollutant/7,hour,2.1453799900,µg/m3,2018-11-16 07:00:00 +01:00,2018-11-16 08:00:00 +01:00,2,1
GB,http://environment.data.gov.uk/air-quality/so,GB_Network_1,Station_GB1024A,,GB_SamplingPoint_74174,GB_StationProcess_918,GB_SamplingFeature_918,O3,http://dd.eionet.europa.eu/vocabulary/aq/pollutant/7,hour,1.3969899900,µg/m3,2018-11-16 08:00:00 +01:00,2018-11-16 09:00:00 +01:00,2,1
GB,http://environment.data.gov.uk/air-quality/so,GB_Network_1,Station_GB1024A,,GB_SamplingPoint_74174,GB_StationProcess_918,GB_SamplingFeature_918,O3,http://dd.eionet.europa.eu/vocabulary/aq/pollutant/7,hour,2.4447299900,µg/m3,2018-11-16 10:00:00 +01:00,2018-11-16 11:00:00 +01:00,2,1
GB,http://environment.data.gov.uk/air-quality/so,GB_Network_1,Station_GB1024A,,GB_SamplingPoint_74174,GB_StationProcess_918,GB_SamplingFeature_918,O3,http://dd.eionet.europa.eu/vocabulary/aq/pollutant/7,hour,5.9870999900,µg/m3,2018-11-16 16:00:00 +01:00,2018-11-16 17:00:00 +01:00,2,1
GB,http://environment.data.gov.uk/air-quality/so,GB_Network_1,Station_GB1024A,,GB_SamplingPoint_74174,GB_StationProcess_918,GB_SamplingFeature_918,O3,http://dd.eionet.europa.eu/vocabulary/aq/pollutant/7,hour,5.9870999900,µg/m3,2018-11-16 23:00:00 +01:00,2018-11-17 00:00:00 +01:00,2,1
GB,http://environment.data.gov.uk/air-quality/so,GB_Network_1,Station_GB1024A,,GB_SamplingPoint_74174,GB_StationProcess_918,GB_SamplingFeature_918,O3,http://dd.eionet.europa.eu/vocabulary/aq/pollutant/7,hour,9.9119799900,µg/m3,2018-11-17 01:00:00 +01:00,2018-11-17 02:00:00 +01:00,1,1
GB,http://environment.data.gov.uk/air-quality/so,GB_Network_1,Station_GB1024A,,GB_SamplingPoint_74174,GB_StationProcess_918,GB_SamplingFeature_918,O3,http://dd.eionet.europa.eu/vocabulary/aq/pollutant/7,hour,8.1324799900,µg/m3,2018-11-17 03:00:00 +01:00,2018-11-17 04:00:00 +01:00,1,1
GB,http://environment.data.gov.uk/air-quality/so,GB_Network_1,Station_GB1024A,,GB_SamplingPoint_74174,GB_StationProcess_918,GB_SamplingFeature_918,O3,http://dd.eionet.europa.eu/vocabulary/aq/pollutant/7,hour,11.3754899900,µg/m3,2018-11-17 04:00:00 +01:00,2018-11-17 05:00:00 +01:00,1,1
GB,http://environment.data.gov.uk/air-quality/so,GB_Network_1,Station_GB1024A,,GB_SamplingPoint_74174,GB_StationProcess_918,GB_SamplingFeature_918,O3,http://dd.eionet.europa.eu/vocabulary/aq/pollutant/7,hour,6.2864599900,µg/m3,2018-11-17 08:00:00 +01:00,2018-11-17 09:00:00 +01:00,1,1
GB,http://environment.data.gov.uk/air-quality/so,GB_Network_1,Station_GB1024A,,GB_SamplingPoint_74174,GB_StationProcess_918,GB_SamplingFeature_918,O3,http://dd.eionet.europa.eu/vocabulary/aq/pollutant/7,hour,22.6511999900,µg/m3,2018-11-17 15:00:00 +01:00,2018-11-17 16:00:00 +01:00,1,1
GB,http://environment.data.gov.uk/air-quality/so,GB_Network_1,Station_GB1024A,,GB_SamplingPoint_74174,GB_StationProcess_918,GB_SamplingFeature_918,O3,http://dd.eionet.europa.eu/vocabulary/aq/pollutant/7,hour,12.3234499900,µg/m3,2018-11-17 17:00:00 +01:00,2018-11-17 18:00:00 +01:00,1,1
GB,http://environment.data.gov.uk/air-quality/so,GB_Network_1,Station_GB1024A,,GB_SamplingPoint_74174,GB_StationProcess_918,GB_SamplingFeature_918,O3,http://dd.eionet.europa.eu/vocabulary/aq/pollutant/7,hour,4.6399999900,µg/m3,2018-11-17 19:00:00 +01:00,2018-11-17 20:00:00 +01:00,2,1
GB,http://environment.data.gov.uk/air-quality/so,GB_Network_1,Station_GB1024A,,GB_SamplingPoint_74174,GB_StationProcess_918,GB_SamplingFeature_918,O3,http://dd.eionet.europa.eu/vocabulary/aq/pollutant/7,hour,2.1453799900,µg/m3,2018-11-17 20:00:00 +01:00,2018-11-17 21:00:00 +01:00,2,1
GB,http://environment.data.gov.uk/air-quality/so,GB_Network_1,Station_GB1024A,,GB_SamplingPoint_74174,GB_StationProcess_918,GB_SamplingFeature_918,O3,http://dd.eionet.europa.eu/vocabulary/aq/pollutant/7,hour,1.1974199900,µg/m3,2018-11-18 01:00:00 +01:00,2018-11-18 02:00:00 +01:00,2,1
GB,http://environment.data.gov.uk/air-quality/so,GB_Network_1,Station_GB1024A,,GB_SamplingPoint_74174,GB_StationProcess_918,GB_SamplingFeature_918,O3,http://dd.eionet.europa.eu/vocabulary/aq/pollutant/7,hour,8.8808699900,µg/m3,2018-11-18 06:00:00 +01:00,2018-11-18 07:00:00 +01:00,1,1
GB,http://environment.data.gov.uk/air-quality/so,GB_Network_1,Station_GB1024A,,GB_SamplingPoint_74174,GB_StationProcess_918,GB_SamplingFeature_918,O3,http://dd.eionet.europa.eu/vocabulary/aq/pollutant/7,hour,26.2434599900,µg/m3,2018-11-18 11:00:00 +01:00,2018-11-18 12:00:00 +01:00,1,1
GB,http://environment.data.gov.uk/air-quality/so,GB_Network_1,Station_GB1024A,,GB_SamplingPoint_74174,GB_StationProcess_918,GB_SamplingFeature_918,O3,http://dd.eionet.europa.eu/vocabulary/aq/pollutant/7,hour,41.2610999900,µg/m3,2018-11-18 13:00:00 +01:00,2018-11-18 14:00:00 +01:00,1,1
GB,http://environment.data.gov.uk/air-quality/so,GB_Network_1,Station_GB1024A,,GB_SamplingPoint_74174,GB_StationProcess_918,GB_SamplingFeature_918,O3,http://dd.eionet.europa.eu/vocabulary/aq/pollutant/7,hour,32.6795899900,µg/m3,2018-11-18 17:00:00 +01:00,2018-11-18 18:00:00 +01:00,1,1
GB,http://environment.data.gov.uk/air-quality/so,GB_Network_1,Station_GB1024A,,GB_SamplingPoint_74174,GB_StationProcess_918,GB_SamplingFeature_918,O3,http://dd.eionet.europa.eu/vocabulary/aq/pollutant/7,hour,41.0615299900,µg/m3,2018-11-18 21:00:00 +01:00,2018-11-18 22:00:00 +01:00,1,1
GB,http://environment.data.gov.uk/air-quality/so,GB_Network_1,Station_GB1024A,,GB_SamplingPoint_74174,GB_StationProcess_918,GB_SamplingFeature_918,O3,http://dd.eionet.europa.eu/vocabulary/aq/pollutant/7,hour,45.0030399900,µg/m3,2018-11-18 22:00:00 +01:00,2018-11-18 23:00:00 +01:00,1,1
GB,http://environment.data.gov.uk/air-quality/so,GB_Network_1,Station_GB1024A,,GB_SamplingPoint_74174,GB_StationProcess_918,GB_SamplingFeature_918,O3,http://dd.eionet.europa.eu/vocabulary/aq/pollutant/7,hour,51.1398099900,µg/m3,2018-11-19 00:00:00 +01:00,2018-11-19 01:00:00 +01:00,1,1
GB,http://environment.data.gov.uk/air-quality/so,GB_Network_1,Station_GB1024A,,GB_SamplingPoint_74174,GB_StationProcess_918,GB_SamplingFeature_918,O3,http://dd.eionet.europa.eu/vocabulary/aq/pollutant/7,hour,49.6929299900,µg/m3,2018-11-19 01:00:00 +01:00,2018-11-19 02:00:00 +01:00,1,1
GB,http://environment.data.gov.uk/air-quality/so,GB_Network_1,Station_GB1024A,,GB_SamplingPoint_74174,GB_StationProcess_918,GB_SamplingFeature_918,O3,http://dd.eionet.europa.eu/vocabulary/aq/pollutant/7,hour,43.0073399900,µg/m3,2018-11-19 06:00:00 +01:00,2018-11-19 07:00:00 +01:00,1,1
GB,http://environment.data.gov.uk/air-quality/so,GB_Network_1,Station_GB1024A,,GB_SamplingPoint_74174,GB_StationProcess_918,GB_SamplingFeature_918,O3,http://dd.eionet.europa.eu/vocabulary/aq/pollutant/7,hour,41.9595899900,µg/m3,2018-11-19 07:00:00 +01:00,2018-11-19 08:00:00 +01:00,1,1
GB,http://environment.data.gov.uk/air-quality/so,GB_Network_1,Station_GB1024A,,GB_SamplingPoint_74174,GB_StationProcess_918,GB_SamplingFeature_918,O3,http://dd.eionet.europa.eu/vocabulary/aq/pollutant/7,hour,23.2000099900,µg/m3,2018-11-19 09:00:00 +01:00,2018-11-19 10:00:00 +01:00,1,1
GB,http://environment.data.gov.uk/air-quality/so,GB_Network_1,Station_GB1024A,,GB_SamplingPoint_74174,GB_StationProcess_918,GB_SamplingFeature_918,O3,http://dd.eionet.europa.eu/vocabulary/aq/pollutant/7,hour,32.4301299900,µg/m3,2018-11-19 10:00:00 +01:00,2018-11-19 11:00:00 +01:00,1,1
GB,http://environment.data.gov.uk/air-quality/so,GB_Network_1,Station_GB1024A,,GB_SamplingPoint_74174,GB_StationProcess_918,GB_SamplingFeature_918,O3,http://dd.eionet.europa.eu/vocabulary/aq/pollutant/7,hour,41.6103499900,µg/m3,2018-11-19 11:00:00 +01:00,2018-11-19 12:00:00 +01:00,1,1
GB,http://environment.data.gov.uk/air-quality/so,GB_Network_1,Station_GB1024A,,GB_SamplingPoint_74174,GB_StationProcess_918,GB_SamplingFeature_918,O3,http://dd.eionet.europa.eu/vocabulary/aq/pollutant/7,hour,45.1527099900,µg/m3,2018-11-19 16:00:00 +01:00,2018-11-19 17:00:00 +01:00,1,1
GB,http://environment.data.gov.uk/air-quality/so,GB_Network_1,Station_GB1024A,,GB_SamplingPoint_74174,GB_StationProcess_918,GB_SamplingFeature_918,O3,http://dd.eionet.europa.eu/vocabulary/aq/pollutant/7,hour,38.8662599900,µg/m3,2018-11-19 17:00:00 +01:00,2018-11-19 18:00:00 +01:00,1,1
GB,http://environment.data.gov.uk/air-quality/so,GB_Network_1,Station_GB1024A,,GB_SamplingPoint_74174,GB_StationProcess_918,GB_SamplingFeature_918,O3,http://dd.eionet.europa.eu/vocabulary/aq/pollutant/7,hour,26.9419499900,µg/m3,2018-11-19 19:00:00 +01:00,2018-11-19 20:00:00 +01:00,1,1
GB,http://environment.data.gov.uk/air-quality/so,GB_Network_1,Station_GB1024A,,GB_SamplingPoint_74174,GB_StationProcess_918,GB_SamplingFeature_918,O3,http://dd.eionet.europa.eu/vocabulary/aq/pollutant/7,hour,39.5647499900,µg/m3,2018-11-19 22:00:00 +01:00,2018-11-19 23:00:00 +01:00,1,1
GB,http://environment.data.gov.uk/air-quality/so,GB_Network_1,Station_GB1024A,,GB_SamplingPoint_74174,GB_StationProcess_918,GB_SamplingFeature_918,O3,http://dd.eionet.europa.eu/vocabulary/aq/pollutant/7,hour,38.5170099900,µg/m3,2018-11-20 01:00:00 +01:00,2018-11-20 02:00:00 +01:00,1,1
GB,http://environment.data.gov.uk/air-quality/so,GB_Network_1,Station_GB1024A,,GB_SamplingPoint_74174,GB_StationProcess_918,GB_SamplingFeature_918,O3,http://dd.eionet.europa.eu/vocabulary/aq/pollutant/7,hour,42.0593799900,µg/m3,2018-11-20 03:00:00 +01:00,2018-11-20 04:00:00 +01:00,1,1
GB,http://environment.data.gov.uk/air-quality/so,GB_Network_1,Station_GB1024A,,GB_SamplingPoint_74174,GB_StationProcess_918,GB_SamplingFeature_918,O3,http://dd.eionet.europa.eu/vocabulary/aq/pollutant/7,hour,34.3260399900,µg/m3,2018-11-20 07:00:00 +01:00,2018-11-20 08:00:00 +01:00,1,1
GB,http://environment.data.gov.uk/air-quality/so,GB_Network_1,Station_GB1024A,,GB_SamplingPoint_74174,GB_StationProcess_918,GB_SamplingFeature_918,O3,http://dd.eionet.europa.eu/vocabulary/aq/pollutant/7,hour,34.8748599900,µg/m3,2018-11-20 08:00:00 +01:00,2018-11-20 09:00:00 +01:00,1,1
GB,http://environment.data.gov.uk/air-quality/so,GB_Network_1,Station_GB1024A,,GB_SamplingPoint_74174,GB_StationProcess_918,GB_SamplingFeature_918,O3,http://dd.eionet.europa.eu/vocabulary/aq/pollutant/7,hour,31.8813099900,µg/m3,2018-11-20 09:00:00 +01:00,2018-11-20 10:00:00 +01:00,1,1
GB,http://environment.data.gov.uk/air-quality/so,GB_Network_1,Station_GB1024A,,GB_SamplingPoint_74174,GB_StationProcess_918,GB_SamplingFeature_918,O3,http://dd.eionet.europa.eu/vocabulary/aq/pollutant/7,hour,41.9595899900,µg/m3,2018-11-20 11:00:00 +01:00,2018-11-20 12:00:00 +01:00,1,1
GB,http://environment.data.gov.uk/air-quality/so,GB_Network_1,Station_GB1024A,,GB_SamplingPoint_74174,GB_StationProcess_918,GB_SamplingFeature_918,O3,http://dd.eionet.europa.eu/vocabulary/aq/pollutant/7,hour,12.9720499900,µg/m3,2018-11-20 17:00:00 +01:00,2018-11-20 18:00:00 +01:00,1,1
GB,http://environment.data.gov.uk/air-quality/so,GB_Network_1,Station_GB1024A,,GB_SamplingPoint_74174,GB_StationProcess_918,GB_SamplingFeature_918,O3,http://dd.eionet.europa.eu/vocabulary/aq/pollutant/7,hour,7.7832299900,µg/m3,2018-11-20 23:00:00 +01:00,2018-11-21 00:00:00 +01:00,1,1
GB,http://environment.data.gov.uk/air-quality/so,GB_Network_1,Station_GB1024A,,GB_SamplingPoint_74174,GB_StationProcess_918,GB_SamplingFeature_918,O3,http://dd.eionet.europa.eu/vocabulary/aq/pollutant/7,hour,8.1324799900,µg/m3,2018-11-21 03:00:00 +01:00,2018-11-21 04:00:00 +01:00,1,1
GB,http://environment.data.gov.uk/air-quality/so,GB_Network_1,Station_GB1024A,,GB_SamplingPoint_74174,GB_StationProcess_918,GB_SamplingFeature_918,O3,http://dd.eionet.europa.eu/vocabulary/aq/pollutant/7,hour,2.4946299900,µg/m3,2018-11-21 05:00:00 +01:00,2018-11-21 06:00:00 +01:00,2,1
GB,http://environment.data.gov.uk/air-quality/so,GB_Network_1,Station_GB1024A,,GB_SamplingPoint_74174,GB_StationProcess_918,GB_SamplingFeature_918,O3,http://dd.eionet.europa.eu/vocabulary/aq/pollutant/7,hour,6.3862399900,µg/m3,2018-11-21 07:00:00 +01:00,2018-11-21 08:00:00 +01:00,1,1
GB,http://environment.data.gov.uk/air-quality/so,GB_Network_1,Station_GB1024A,,GB_SamplingPoint_74174,GB_StationProcess_918,GB_SamplingFeature_918,O3,http://dd.eionet.europa.eu/vocabulary/aq/pollutant/7,hour,1.3470999900,µg/m3,2018-11-21 08:00:00 +01:00,2018-11-21 09:00:00 +01:00,2,1
GB,http://environment.data.gov.uk/air-quality/so,GB_Network_1,Station_GB1024A,,GB_SamplingPoint_74174,GB_StationProcess_918,GB_SamplingFeature_918,O3,http://dd.eionet.europa.eu/vocabulary/aq/pollutant/7,hour,2.4447299900,µg/m3,2018-11-21 09:00:00 +01:00,2018-11-21 10:00:00 +01:00,2,1
GB,http://environment.data.gov.uk/air-quality/so,GB_Network_1,Station_GB1024A,,GB_SamplingPoint_74174,GB_StationProcess_918,GB_SamplingFeature_918,O3,http://dd.eionet.europa.eu/vocabulary/aq/pollutant/7,hour,5.7376399900,µg/m3,2018-11-21 10:00:00 +01:00,2018-11-21 11:00:00 +01:00,2,1
GB,http://environment.data.gov.uk/air-quality/so,GB_Network_1,Station_GB1024A,,GB_SamplingPoint_74174,GB_StationProcess_918,GB_SamplingFeature_918,O3,http://dd.eionet.europa.eu/vocabulary/aq/pollutant/7,hour,28.5385099900,µg/m3,2018-11-21 13:00:00 +01:00,2018-11-21 14:00:00 +01:00,1,1
GB,http://environment.data.gov.uk/air-quality/so,GB_Network_1,Station_GB1024A,,GB_SamplingPoint_74174,GB_StationProcess_918,GB_SamplingFeature_918,O3,http://dd.eionet.europa.eu/vocabulary/aq/pollutant/7,hour,32.1307699900,µg/m3,2018-11-21 14:00:00 +01:00,2018-11-21 15:00:00 +01:00,1,1
GB,http://environment.data.gov.uk/air-quality/so,GB_Network_1,Station_GB1024A,,GB_SamplingPoint_74174,GB_StationProcess_918,GB_SamplingFeature_918,O3,http://dd.eionet.europa.eu/vocabulary/aq/pollutant/7,hour,8.5815099900,µg/m3,2018-11-21 17:00:00 +01:00,2018-11-21 18:00:00 +01:00,1,1
GB,http://environment.data.gov.uk/air-quality/so,GB_Network_1,Station_GB1024A,,GB_SamplingPoint_74174,GB_StationProcess_918,GB_SamplingFeature_918,O3,http://dd.eionet.europa.eu/vocabulary/aq/pollutant/7,hour,1.3470999900,µg/m3,2018-11-21 20:00:00 +01:00,2018-11-21 21:00:00 +01:00,2,1
GB,http://environment.data.gov.uk/air-quality/so,GB_Network_1,Station_GB1024A,,GB_SamplingPoint_74174,GB_StationProcess_918,GB_SamplingFeature_918,O3,http://dd.eionet.europa.eu/vocabulary/aq/pollutant/7,hour,2.3948399900,µg/m3,2018-11-21 22:00:00 +01:00,2018-11-21 23:00:00 +01:00,2,1
GB,http://environment.data.gov.uk/air-quality/so,GB_Network_1,Station_GB1024A,,GB_SamplingPoint_74174,GB_StationProcess_918,GB_SamplingFeature_918,O3,http://dd.eionet.europa.eu/vocabulary/aq/pollutant/7,hour,2.0622199900,µg/m3,2018-11-22 01:00:00 +01:00,2018-11-22 02:00:00 +01:00,2,1
GB,http://environment.data.gov.uk/air-quality/so,GB_Network_1,Station_GB1024A,,GB_SamplingPoint_74174,GB_StationProcess_918,GB_SamplingFeature_918,O3,http://dd.eionet.europa.eu/vocabulary/aq/pollutant/7,hour,1.3969899900,µg/m3,2018-11-22 02:00:00 +01:00,2018-11-22 03:00:00 +01:00,2,1
GB,http://environment.data.gov.uk/air-quality/so,GB_Network_1,Station_GB1024A,,GB_SamplingPoint_74174,GB_StationProcess_918,GB_SamplingFeature_918,O3,http://dd.eionet.europa.eu/vocabulary/aq/pollutant/7,hour,1.4468799900,µg/m3,2018-11-22 04:00:00 +01:00,2018-11-22 05:00:00 +01:00,2,1
GB,http://environment.data.gov.uk/air-quality/so,GB_Network_1,Station_GB1024A,,GB_SamplingPoint_74174,GB_StationProcess_918,GB_SamplingFeature_918,O3,http://dd.eionet.europa.eu/vocabulary/aq/pollutant/7,hour,1.3969899900,µg/m3,2018-11-22 05:00:00 +01:00,2018-11-22 06:00:00 +01:00,2,1
GB,http://environment.data.gov.uk/air-quality/so,GB_Network_1,Station_GB1024A,,GB_SamplingPoint_74174,GB_StationProcess_918,GB_SamplingFeature_918,O3,http://dd.eionet.europa.eu/vocabulary/aq/pollutant/7,hour,1.1475299900,µg/m3,2018-11-22 06:00:00 +01:00,2018-11-22 07:00:00 +01:00,2,1
GB,http://environment.data.gov.uk/air-quality/so,GB_Network_1,Station_GB1024A,,GB_SamplingPoint_74174,GB_StationProcess_918,GB_SamplingFeature_918,O3,http://dd.eionet.europa.eu/vocabulary/aq/pollutant/7,hour,1.4468799900,µg/m3,2018-11-22 08:00:00 +01:00,2018-11-22 09:00:00 +01:00,2,1
GB,http://environment.data.gov.uk/air-quality/so,GB_Network_1,Station_GB1024A,,GB_SamplingPoint_74174,GB_StationProcess_918,GB_SamplingFeature_918,O3,http://dd.eionet.europa.eu/vocabulary/aq/pollutant/7,hour,1.8626499900,µg/m3,2018-11-22 10:00:00 +01:00,2018-11-22 11:00:00 +01:00,2,1
GB,http://environment.data.gov.uk/air-quality/so,GB_Network_1,Station_GB1024A,,GB_SamplingPoint_74174,GB_StationProcess_918,GB_SamplingFeature_918,O3,http://dd.eionet.europa.eu/vocabulary/aq/pollutant/7,hour,1.3969899900,µg/m3,2018-11-22 12:00:00 +01:00,2018-11-22 13:00:00 +01:00,2,1
GB,http://environment.data.gov.uk/air-quality/so,GB_Network_1,Station_GB1024A,,GB_SamplingPoint_74174,GB_StationProcess_918,GB_SamplingFeature_918,O3,http://dd.eionet.europa.eu/vocabulary/aq/pollutant/7,hour,1.3969899900,µg/m3,2018-11-22 20:00:00 +01:00,2018-11-22 21:00:00 +01:00,2,1
GB,http://environment.data.gov.uk/air-quality/so,GB_Network_1,Station_GB1024A,,GB_SamplingPoint_74174,GB_StationProcess_918,GB_SamplingFeature_918,O3,http://dd.eionet.europa.eu/vocabulary/aq/pollutant/7,hour,1.0477399900,µg/m3,2018-11-23 00:00:00 +01:00,2018-11-23 01:00:00 +01:00,2,1
GB,http://environment.data.gov.uk/air-quality/so,GB_Network_1,Station_GB1024A,,GB_SamplingPoint_74174,GB_StationProcess_918,GB_SamplingFeature_918,O3,http://dd.eionet.europa.eu/vocabulary/aq/pollutant/7,hour,1.2473099900,µg/m3,2018-11-23 03:00:00 +01:00,2018-11-23 04:00:00 +01:00,2,1
GB,http://environment.data.gov.uk/air-quality/so,GB_Network_1,Station_GB1024A,,GB_SamplingPoint_74174,GB_StationProcess_918,GB_SamplingFeature_918,O3,http://dd.eionet.europa.eu/vocabulary/aq/pollutant/7,hour,1.1974199900,µg/m3,2018-11-23 08:00:00 +01:00,2018-11-23 09:00:00 +01:00,2,1
GB,http://environment.data.gov.uk/air-quality/so,GB_Network_1,Station_GB1024A,,GB_SamplingPoint_74174,GB_StationProcess_918,GB_SamplingFeature_918,O3,http://dd.eionet.europa.eu/vocabulary/aq/pollutant/7,hour,2.7939799900,µg/m3,2018-11-23 11:00:00 +01:00,2018-11-23 12:00:00 +01:00,2,1
GB,http://environment.data.gov.uk/air-quality/so,GB_Network_1,Station_GB1024A,,GB_SamplingPoint_74174,GB_StationProcess_918,GB_SamplingFeature_918,O3,http://dd.eionet.europa.eu/vocabulary/aq/pollutant/7,hour,8.2821599900,µg/m3,2018-11-23 14:00:00 +01:00,2018-11-23 15:00:00 +01:00,1,1
GB,http://environment.data.gov.uk/air-quality/so,GB_Network_1,Station_GB1024A,,GB_SamplingPoint_74174,GB_StationProcess_918,GB_SamplingFeature_918,O3,http://dd.eionet.europa.eu/vocabulary/aq/pollutant/7,hour,7.2843099900,µg/m3,2018-11-23 15:00:00 +01:00,2018-11-23 16:00:00 +01:00,1,1
GB,http://environment.data.gov.uk/air-quality/so,GB_Network_1,Station_GB1024A,,GB_SamplingPoint_74174,GB_StationProcess_918,GB_SamplingFeature_918,O3,http://dd.eionet.europa.eu/vocabulary/aq/pollutant/7,hour,5.8873199900,µg/m3,2018-11-23 17:00:00 +01:00,2018-11-23 18:00:00 +01:00,2,1
GB,http://environment.data.gov.uk/air-quality/so,GB_Network_1,Station_GB1024A,,GB_SamplingPoint_74174,GB_StationProcess_918,GB_SamplingFeature_918,O3,http://dd.eionet.europa.eu/vocabulary/aq/pollutant/7,hour,2.2950599900,µg/m3,2018-11-23 19:00:00 +01:00,2018-11-23 20:00:00 +01:00,2,1
GB,http://environment.data.gov.uk/air-quality/so,GB_Network_1,Station_GB1024A,,GB_SamplingPoint_74174,GB_StationProcess_918,GB_SamplingFeature_918,O3,http://dd.eionet.europa.eu/vocabulary/aq/pollutant/7,hour,1.1974199900,µg/m3,2018-11-23 21:00:00 +01:00,2018-11-23 22:00:00 +01:00,2,1
GB,http://environment.data.gov.uk/air-quality/so,GB_Network_1,Station_GB1024A,,GB_SamplingPoint_74174,GB_StationProcess_918,GB_SamplingFeature_918,O3,http://dd.eionet.europa.eu/vocabulary/aq/pollutant/7,hour,1.1974199900,µg/m3,2018-11-23 22:00:00 +01:00,2018-11-23 23:00:00 +01:00,2,1
GB,http://environment.data.gov.uk/air-quality/so,GB_Network_1,Station_GB1024A,,GB_SamplingPoint_74174,GB_StationProcess_918,GB_SamplingFeature_918,O3,http://dd.eionet.europa.eu/vocabulary/aq/pollutant/7,hour,1.1475299900,µg/m3,2018-11-24 04:00:00 +01:00,2018-11-24 05:00:00 +01:00,2,1
GB,http://environment.data.gov.uk/air-quality/so,GB_Network_1,Station_GB1024A,,GB_SamplingPoint_74174,GB_StationProcess_918,GB_SamplingFeature_918,O3,http://dd.eionet.europa.eu/vocabulary/aq/pollutant/7,hour,1.0477399900,µg/m3,2018-11-24 05:00:00 +01:00,2018-11-24 06:00:00 +01:00,2,1
GB,http://environment.data.gov.uk/air-quality/so,GB_Network_1,Station_GB1024A,,GB_SamplingPoint_74174,GB_StationProcess_918,GB_SamplingFeature_918,O3,http://dd.eionet.europa.eu/vocabulary/aq/pollutant/7,hour,1.1475299900,µg/m3,2018-11-24 07:00:00 +01:00,2018-11-24 08:00:00 +01:00,2,1
GB,http://environment.data.gov.uk/air-quality/so,GB_Network_1,Station_GB1024A,,GB_SamplingPoint_74174,GB_StationProcess_918,GB_SamplingFeature_918,O3,http://dd.eionet.europa.eu/vocabulary/aq/pollutant/7,hour,1.2473099900,µg/m3,2018-11-24 08:00:00 +01:00,2018-11-24 09:00:00 +01:00,2,1
GB,http://environment.data.gov.uk/air-quality/so,GB_Network_1,Station_GB1024A,,GB_SamplingPoint_74174,GB_StationProcess_918,GB_SamplingFeature_918,O3,http://dd.eionet.europa.eu/vocabulary/aq/pollutant/7,hour,2.0455899900,µg/m3,2018-11-24 10:00:00 +01:00,2018-11-24 11:00:00 +01:00,2,1
GB,http://environment.data.gov.uk/air-quality/so,GB_Network_1,Station_GB1024A,,GB_SamplingPoint_74174,GB_StationProcess_918,GB_SamplingFeature_918,O3,http://dd.eionet.europa.eu/vocabulary/aq/pollutant/7,hour,6.1367799900,µg/m3,2018-11-24 11:00:00 +01:00,2018-11-24 12:00:00 +01:00,2,1
GB,http://environment.data.gov.uk/air-quality/so,GB_Network_1,Station_GB1024A,,GB_SamplingPoint_74174,GB_StationProcess_918,GB_SamplingFeature_918,O3,http://dd.eionet.europa.eu/vocabulary/aq/pollutant/7,hour,30.4344299900,µg/m3,2018-11-24 15:00:00 +01:00,2018-11-24 16:00:00 +01:00,1,1
GB,http://environment.data.gov.uk/air-quality/so,GB_Network_1,Station_GB1024A,,GB_SamplingPoint_74174,GB_StationProcess_918,GB_SamplingFeature_918,O3,http://dd.eionet.europa.eu/vocabulary/aq/pollutant/7,hour,25.7944199900,µg/m3,2018-11-24 18:00:00 +01:00,2018-11-24 19:00:00 +01:00,1,1
GB,http://environment.data.gov.uk/air-quality/so,GB_Network_1,Station_GB1024A,,GB_SamplingPoint_74174,GB_StationProcess_918,GB_SamplingFeature_918,O3,http://dd.eionet.europa.eu/vocabulary/aq/pollutant/7,hour,28.3888299900,µg/m3,2018-11-24 20:00:00 +01:00,2018-11-24 21:00:00 +01:00,1,1
GB,http://environment.data.gov.uk/air-quality/so,GB_Network_1,Station_GB1024A,,GB_SamplingPoint_74174,GB_StationProcess_918,GB_SamplingFeature_918,O3,http://dd.eionet.europa.eu/vocabulary/aq/pollutant/7,hour,26.0937799900,µg/m3,2018-11-25 03:00:00 +01:00,2018-11-25 04:00:00 +01:00,1,1
GB,http://environment.data.gov.uk/air-quality/so,GB_Network_1,Station_GB1024A,,GB_SamplingPoint_74174,GB_StationProcess_918,GB_SamplingFeature_918,O3,http://dd.eionet.europa.eu/vocabulary/aq/pollutant/7,hour,25.6447499900,µg/m3,2018-11-25 06:00:00 +01:00,2018-11-25 07:00:00 +01:00,1,1
GB,http://environment.data.gov.uk/air-quality/so,GB_Network_1,Station_GB1024A,,GB_SamplingPoint_74174,GB_StationProcess_918,GB_SamplingFeature_918,O3,http://dd.eionet.europa.eu/vocabulary/aq/pollutant/7,hour,20.4559299900,µg/m3,2018-11-25 07:00:00 +01:00,2018-11-25 08:00:00 +01:00,1,1
GB,http://environment.data.gov.uk/air-quality/so,GB_Network_1,Station_GB1024A,,GB_SamplingPoint_74174,GB_StationProcess_918,GB_SamplingFeature_918,O3,http://dd.eionet.europa.eu/vocabulary/aq/pollutant/7,hour,19.1587199900,µg/m3,2018-11-25 08:00:00 +01:00,2018-11-25 09:00:00 +01:00,1,1
GB,http://environment.data.gov.uk/air-quality/so,GB_Network_1,Station_GB1024A,,GB_SamplingPoint_74174,GB_StationProcess_918,GB_SamplingFeature_918,O3,http://dd.eionet.europa.eu/vocabulary/aq/pollutant/7,hour,22.9006599900,µg/m3,2018-11-25 11:00:00 +01:00,2018-11-25 12:00:00 +01:00,1,1
GB,http://environment.data.gov.uk/air-quality/so,GB_Network_1,Station_GB1024A,,GB_SamplingPoint_74174,GB_StationProcess_918,GB_SamplingFeature_918,O3,http://dd.eionet.europa.eu/vocabulary/aq/pollutant/7,hour,24.7965699900,µg/m3,2018-11-25 14:00:00 +01:00,2018-11-25 15:00:00 +01:00,1,1
GB,http://environment.data.gov.uk/air-quality/so,GB_Network_1,Station_GB1024A,,GB_SamplingPoint_74174,GB_StationProcess_918,GB_SamplingFeature_918,O3,http://dd.eionet.europa.eu/vocabulary/aq/pollutant/7,hour,25.9440999900,µg/m3,2018-11-25 15:00:00 +01:00,2018-11-25 16:00:00 +01:00,1,1
GB,http://environment.data.gov.uk/air-quality/so,GB_Network_1,Station_GB1024A,,GB_SamplingPoint_74174,GB_StationProcess_918,GB_SamplingFeature_918,O3,http://dd.eionet.europa.eu/vocabulary/aq/pollutant/7,hour,24.7965699900,µg/m3,2018-11-25 16:00:00 +01:00,2018-11-25 17:00:00 +01:00,1,1
GB,http://environment.data.gov.uk/air-quality/so,GB_Network_1,Station_GB1024A,,GB_SamplingPoint_74174,GB_StationProcess_918,GB_SamplingFeature_918,O3,http://dd.eionet.europa.eu/vocabulary/aq/pollutant/7,hour,7.6834499900,µg/m3,2018-11-25 18:00:00 +01:00,2018-11-25 19:00:00 +01:00,1,1
GB,http://environment.data.gov.uk/air-quality/so,GB_Network_1,Station_GB1024A,,GB_SamplingPoint_74174,GB_StationProcess_918,GB_SamplingFeature_918,O3,http://dd.eionet.europa.eu/vocabulary/aq/pollutant/7,hour,9.6791499900,µg/m3,2018-11-25 19:00:00 +01:00,2018-11-25 20:00:00 +01:00,1,1
GB,http://environment.data.gov.uk/air-quality/so,GB_Network_1,Station_GB1024A,,GB_SamplingPoint_74174,GB_StationProcess_918,GB_SamplingFeature_918,O3,http://dd.eionet.europa.eu/vocabulary/aq/pollutant/7,hour,10.7268899900,µg/m3,2018-11-25 23:00:00 +01:00,2018-11-26 00:00:00 +01:00,1,1
GB,http://environment.data.gov.uk/air-quality/so,GB_Network_1,Station_GB1024A,,GB_SamplingPoint_74174,GB_StationProcess_918,GB_SamplingFeature_918,O3,http://dd.eionet.europa.eu/vocabulary/aq/pollutant/7,hour,14.7681799900,µg/m3,2018-11-26 00:00:00 +01:00,2018-11-26 01:00:00 +01:00,1,1
GB,http://environment.data.gov.uk/air-quality/so,GB_Network_1,Station_GB1024A,,GB_SamplingPoint_74174,GB_StationProcess_918,GB_SamplingFeature_918,O3,http://dd.eionet.europa.eu/vocabulary/aq/pollutant/7,hour,31.5985799900,µg/m3,2018-11-26 02:00:00 +01:00,2018-11-26 03:00:00 +01:00,1,1
GB,http://environment.data.gov.uk/air-quality/so,GB_Network_1,Station_GB1024A,,GB_SamplingPoint_74174,GB_StationProcess_918,GB_SamplingFeature_918,O3,http://dd.eionet.europa.eu/vocabulary/aq/pollutant/7,hour,36.5711999900,µg/m3,2018-11-26 03:00:00 +01:00,2018-11-26 04:00:00 +01:00,1,1
GB,http://environment.data.gov.uk/air-quality/so,GB_Network_1,Station_GB1024A,,GB_SamplingPoint_74174,GB_StationProcess_918,GB_SamplingFeature_918,O3,http://dd.eionet.europa.eu/vocabulary/aq/pollutant/7,hour,39.5647499900,µg/m3,2018-11-26 04:00:00 +01:00,2018-11-26 05:00:00 +01:00,1,1
GB,http://environment.data.gov.uk/air-quality/so,GB_Network_1,Station_GB1024A,,GB_SamplingPoint_74174,GB_StationProcess_918,GB_SamplingFeature_918,O3,http://dd.eionet.europa.eu/vocabulary/aq/pollutant/7,hour,41.8099199900,µg/m3,2018-11-26 05:00:00 +01:00,2018-11-26 06:00:00 +01:00,1,1
GB,http://environment.data.gov.uk/air-quality/so,GB_Network_1,Station_GB1024A,,GB_SamplingPoint_74174,GB_StationProcess_918,GB_SamplingFeature_918,O3,http://dd.eionet.europa.eu/vocabulary/aq/pollutant/7,hour,37.5690499900,µg/m3,2018-11-26 06:00:00 +01:00,2018-11-26 07:00:00 +01:00,1,1
GB,http://environment.data.gov.uk/air-quality/so,GB_Network_1,Station_GB1024A,,GB_SamplingPoint_74174,GB_StationProcess_918,GB_SamplingFeature_918,O3,http://dd.eionet.europa.eu/vocabulary/aq/pollutant/7,hour,22.6012999900,µg/m3,2018-11-26 09:00:00 +01:00,2018-11-26 10:00:00 +01:00,1,1
GB,http://environment.data.gov.uk/air-quality/so,GB_Network_1,Station_GB1024A,,GB_SamplingPoint_74174,GB_StationProcess_918,GB_SamplingFeature_918,O3,http://dd.eionet.europa.eu/vocabulary/aq/pollutant/7,hour,26.5428099900,µg/m3,2018-11-26 10:00:00 +01:00,2018-11-26 11:00:00 +01:00,1,1
GB,http://environment.data.gov.uk/air-quality/so,GB_Network_1,Station_GB1024A,,GB_SamplingPoint_74174,GB_StationProcess_918,GB_SamplingFeature_918,O3,http://dd.eionet.europa.eu/vocabulary/aq/pollutant/7,hour,26.7922699900,µg/m3,2018-11-26 12:00:00 +01:00,2018-11-26 13:00:00 +01:00,1,1
GB,http://environment.data.gov.uk/air-quality/so,GB_Network_1,Station_GB1024A,,GB_SamplingPoint_74174,GB_StationProcess_918,GB_SamplingFeature_918,O3,http://dd.eionet.europa.eu/vocabulary/aq/pollutant/7,hour,26.2434599900,µg/m3,2018-11-26 13:00:00 +01:00,2018-11-26 14:00:00 +01:00,1,1
GB,http://environment.data.gov.uk/air-quality/so,GB_Network_1,Station_GB1024A,,GB_SamplingPoint_74174,GB_StationProcess_918,GB_SamplingFeature_918,O3,http://dd.eionet.europa.eu/vocabulary/aq/pollutant/7,hour,12.8223699900,µg/m3,2018-11-26 18:00:00 +01:00,2018-11-26 19:00:00 +01:00,1,1
GB,http://environment.data.gov.uk/air-quality/so,GB_Network_1,Station_GB1024A,,GB_SamplingPoint_74174,GB_StationProcess_918,GB_SamplingFeature_918,O3,http://dd.eionet.europa.eu/vocabulary/aq/pollutant/7,hour,7.2843099900,µg/m3,2018-11-26 19:00:00 +01:00,2018-11-26 20:00:00 +01:00,1,1
GB,http://environment.data.gov.uk/air-quality/so,GB_Network_1,Station_GB1024A,,GB_SamplingPoint_74174,GB_StationProcess_918,GB_SamplingFeature_918,O3,http://dd.eionet.europa.eu/vocabulary/aq/pollutant/7,hour,8.2821599900,µg/m3,2018-11-26 20:00:00 +01:00,2018-11-26 21:00:00 +01:00,1,1
GB,http://environment.data.gov.uk/air-quality/so,GB_Network_1,Station_GB1024A,,GB_SamplingPoint_74174,GB_StationProcess_918,GB_SamplingFeature_918,O3,http://dd.eionet.europa.eu/vocabulary/aq/pollutant/7,hour,1.2473099900,µg/m3,2018-11-27 03:00:00 +01:00,2018-11-27 04:00:00 +01:00,2,1
GB,http://environment.data.gov.uk/air-quality/so,GB_Network_1,Station_GB1024A,,GB_SamplingPoint_74174,GB_StationProcess_918,GB_SamplingFeature_918,O3,http://dd.eionet.europa.eu/vocabulary/aq/pollutant/7,hour,6.3862399900,µg/m3,2018-11-27 06:00:00 +01:00,2018-11-27 07:00:00 +01:00,1,1
GB,http://environment.data.gov.uk/air-quality/so,GB_Network_1,Station_GB1024A,,GB_SamplingPoint_74174,GB_StationProcess_918,GB_SamplingFeature_918,O3,http://dd.eionet.europa.eu/vocabulary/aq/pollutant/7,hour,5.0890399900,µg/m3,2018-11-27 07:00:00 +01:00,2018-11-27 08:00:00 +01:00,2,1
GB,http://environment.data.gov.uk/air-quality/so,GB_Network_1,Station_GB1024A,,GB_SamplingPoint_74174,GB_StationProcess_918,GB_SamplingFeature_918,O3,http://dd.eionet.europa.eu/vocabulary/aq/pollutant/7,hour,1.4468799900,µg/m3,2018-11-27 08:00:00 +01:00,2018-11-27 09:00:00 +01:00,2,1
GB,http://environment.data.gov.uk/air-quality/so,GB_Network_1,Station_GB1024A,,GB_SamplingPoint_74174,GB_StationProcess_918,GB_SamplingFeature_918,O3,http://dd.eionet.europa.eu/vocabulary/aq/pollutant/7,hour,1.1475299900,µg/m3,2018-11-27 09:00:00 +01:00,2018-11-27 10:00:00 +01:00,2,1
GB,http://environment.data.gov.uk/air-quality/so,GB_Network_1,Station_GB1024A,,GB_SamplingPoint_74174,GB_StationProcess_918,GB_SamplingFeature_918,O3,http://dd.eionet.europa.eu/vocabulary/aq/pollutant/7,hour,3.0434399900,µg/m3,2018-11-27 11:00:00 +01:00,2018-11-27 12:00:00 +01:00,2,1
GB,http://environment.data.gov.uk/air-quality/so,GB_Network_1,Station_GB1024A,,GB_SamplingPoint_74174,GB_StationProcess_918,GB_SamplingFeature_918,O3,http://dd.eionet.europa.eu/vocabulary/aq/pollutant/7,hour,5.3384999900,µg/m3,2018-11-27 13:00:00 +01:00,2018-11-27 14:00:00 +01:00,2,1
GB,http://environment.data.gov.uk/air-quality/so,GB_Network_1,Station_GB1024A,,GB_SamplingPoint_74174,GB_StationProcess_918,GB_SamplingFeature_918,O3,http://dd.eionet.europa.eu/vocabulary/aq/pollutant/7,hour,4.3905399900,µg/m3,2018-11-27 15:00:00 +01:00,2018-11-27 16:00:00 +01:00,2,1
GB,http://environment.data.gov.uk/air-quality/so,GB_Network_1,Station_GB1024A,,GB_SamplingPoint_74174,GB_StationProcess_918,GB_SamplingFeature_918,O3,http://dd.eionet.europa.eu/vocabulary/aq/pollutant/7,hour,17.7118399900,µg/m3,2018-11-27 16:00:00 +01:00,2018-11-27 17:00:00 +01:00,1,1
GB,http://environment.data.gov.uk/air-quality/so,GB_Network_1,Station_GB1024A,,GB_SamplingPoint_74174,GB_StationProcess_918,GB_SamplingFeature_918,O3,http://dd.eionet.europa.eu/vocabulary/aq/pollutant/7,hour,25.2456099900,µg/m3,2018-11-27 17:00:00 +01:00,2018-11-27 18:00:00 +01:00,1,1
GB,http://environment.data.gov.uk/air-quality/so,GB_Network_1,Station_GB1024A,,GB_SamplingPoint_74174,GB_StationProcess_918,GB_SamplingFeature_918,O3,http://dd.eionet.europa.eu/vocabulary/aq/pollutant/7,hour,26.0937799900,µg/m3,2018-11-27 19:00:00 +01:00,2018-11-27 20:00:00 +01:00,1,1
GB,http://environment.data.gov.uk/air-quality/so,GB_Network_1,Station_GB1024A,,GB_SamplingPoint_74174,GB_StationProcess_918,GB_SamplingFeature_918,O3,http://dd.eionet.europa.eu/vocabulary/aq/pollutant/7,hour,9.5294699900,µg/m3,2018-11-27 21:00:00 +01:00,2018-11-27 22:00:00 +01:00,1,1
GB,http://environment.data.gov.uk/air-quality/so,GB_Network_1,Station_GB1024A,,GB_SamplingPoint_74174,GB_StationProcess_918,GB_SamplingFeature_918,O3,http://dd.eionet.europa.eu/vocabulary/aq/pollutant/7,hour,16.7139899900,µg/m3,2018-11-28 00:00:00 +01:00,2018-11-28 01:00:00 +01:00,1,1
GB,http://environment.data.gov.uk/air-quality/so,GB_Network_1,Station_GB1024A,,GB_SamplingPoint_74174,GB_StationProcess_918,GB_SamplingFeature_918,O3,http://dd.eionet.europa.eu/vocabulary/aq/pollutant/7,hour,55.0813199900,µg/m3,2018-11-28 07:00:00 +01:00,2018-11-28 08:00:00 +01:00,1,1
GB,http://environment.data.gov.uk/air-quality/so,GB_Network_1,Station_GB1024A,,GB_SamplingPoint_74174,GB_StationProcess_918,GB_SamplingFeature_918,O3,http://dd.eionet.europa.eu/vocabulary/aq/pollutant/7,hour,32.2305599900,µg/m3,2018-11-28 08:00:00 +01:00,2018-11-28 09:00:00 +01:00,1,1
GB,http://environment.data.gov.uk/air-quality/so,GB_Network_1,Station_GB1024A,,GB_SamplingPoint_74174,GB_StationProcess_918,GB_SamplingFeature_918,O3,http://dd.eionet.europa.eu/vocabulary/aq/pollutant/7,hour,22.7509799900,µg/m3,2018-11-28 09:00:00 +01:00,2018-11-28 10:00:00 +01:00,1,1
GB,http://environment.data.gov.uk/air-quality/so,GB_Network_1,Station_GB1024A,,GB_SamplingPoint_74174,GB_StationProcess_918,GB_SamplingFeature_918,O3,http://dd.eionet.europa.eu/vocabulary/aq/pollutant/7,hour,47.9466899900,µg/m3,2018-11-28 15:00:00 +01:00,2018-11-28 16:00:00 +01:00,1,1
GB,http://environment.data.gov.uk/air-quality/so,GB_Network_1,Station_GB1024A,,GB_SamplingPoint_74174,GB_StationProcess_918,GB_SamplingFeature_918,O3,http://dd.eionet.europa.eu/vocabulary/aq/pollutant/7,hour,50.1918599900,µg/m3,2018-11-28 20:00:00 +01:00,2018-11-28 21:00:00 +01:00,1,1
GB,http://environment.data.gov.uk/air-quality/so,GB_Network_1,Station_GB1024A,,GB_SamplingPoint_74174,GB_StationProcess_918,GB_SamplingFeature_918,O3,http://dd.eionet.europa.eu/vocabulary/aq/pollutant/7,hour,61.0185299900,µg/m3,2018-11-29 00:00:00 +01:00,2018-11-29 01:00:00 +01:00,1,1
GB,http://environment.data.gov.uk/air-quality/so,GB_Network_1,Station_GB1024A,,GB_SamplingPoint_74174,GB_StationProcess_918,GB_SamplingFeature_918,O3,http://dd.eionet.europa.eu/vocabulary/aq/pollutant/7,hour,62.9975999900,µg/m3,2018-11-29 01:00:00 +01:00,2018-11-29 02:00:00 +01:00,1,1
GB,http://environment.data.gov.uk/air-quality/so,GB_Network_1,Station_GB1024A,,GB_SamplingPoint_74174,GB_StationProcess_918,GB_SamplingFeature_918,O3,http://dd.eionet.europa.eu/vocabulary/aq/pollutant/7,hour,58.0748699900,µg/m3,2018-11-29 02:00:00 +01:00,2018-11-29 03:00:00 +01:00,1,1
GB,http://environment.data.gov.uk/air-quality/so,GB_Network_1,Station_GB1024A,,GB_SamplingPoint_74174,GB_StationProcess_918,GB_SamplingFeature_918,O3,http://dd.eionet.europa.eu/vocabulary/aq/pollutant/7,hour,49.9922899900,µg/m3,2018-11-29 03:00:00 +01:00,2018-11-29 04:00:00 +01:00,1,1
GB,http://environment.data.gov.uk/air-quality/so,GB_Network_1,Station_GB1024A,,GB_SamplingPoint_74174,GB_StationProcess_918,GB_SamplingFeature_918,O3,http://dd.eionet.europa.eu/vocabulary/aq/pollutant/7,hour,52.6365899900,µg/m3,2018-11-29 04:00:00 +01:00,2018-11-29 05:00:00 +01:00,1,1
GB,http://environment.data.gov.uk/air-quality/so,GB_Network_1,Station_GB1024A,,GB_SamplingPoint_74174,GB_StationProcess_918,GB_SamplingFeature_918,O3,http://dd.eionet.europa.eu/vocabulary/aq/pollutant/7,hour,52.3372299900,µg/m3,2018-11-29 12:00:00 +01:00,2018-11-29 13:00:00 +01:00,1,1
GB,http://environment.data.gov.uk/air-quality/so,GB_Network_1,Station_GB1024A,,GB_SamplingPoint_74174,GB_StationProcess_918,GB_SamplingFeature_918,O3,http://dd.eionet.europa.eu/vocabulary/aq/pollutant/7,hour,68.3527299900,µg/m3,2018-11-29 13:00:00 +01:00,2018-11-29 14:00:00 +01:00,1,1
GB,http://environment.data.gov.uk/air-quality/so,GB_Network_1,Station_GB1024A,,GB_SamplingPoint_74174,GB_StationProcess_918,GB_SamplingFeature_918,O3,http://dd.eionet.europa.eu/vocabulary/aq/pollutant/7,hour,75.2877799900,µg/m3,2018-11-29 14:00:00 +01:00,2018-11-29 15:00:00 +01:00,1,1
GB,http://environment.data.gov.uk/air-quality/so,GB_Network_1,Station_GB1024A,,GB_SamplingPoint_74174,GB_StationProcess_918,GB_SamplingFeature_918,O3,http://dd.eionet.europa.eu/vocabulary/aq/pollutant/7,hour,66.7561699900,µg/m3,2018-11-29 16:00:00 +01:00,2018-11-29 17:00:00 +01:00,1,1
GB,http://environment.data.gov.uk/air-quality/so,GB_Network_1,Station_GB1024A,,GB_SamplingPoint_74174,GB_StationProcess_918,GB_SamplingFeature_918,O3,http://dd.eionet.europa.eu/vocabulary/aq/pollutant/7,hour,64.7604699900,µg/m3,2018-11-29 18:00:00 +01:00,2018-11-29 19:00:00 +01:00,1,1
GB,http://environment.data.gov.uk/air-quality/so,GB_Network_1,Station_GB1024A,,GB_SamplingPoint_74174,GB_StationProcess_918,GB_SamplingFeature_918,O3,http://dd.eionet.europa.eu/vocabulary/aq/pollutant/7,hour,68.7518699900,µg/m3,2018-11-29 19:00:00 +01:00,2018-11-29 20:00:00 +01:00,1,1
GB,http://environment.data.gov.uk/air-quality/so,GB_Network_1,Station_GB1024A,,GB_SamplingPoint_74174,GB_StationProcess_918,GB_SamplingFeature_918,O3,http://dd.eionet.europa.eu/vocabulary/aq/pollutant/7,hour,64.2615399900,µg/m3,2018-11-30 00:00:00 +01:00,2018-11-30 01:00:00 +01:00,1,1
GB,http://environment.data.gov.uk/air-quality/so,GB_Network_1,Station_GB1024A,,GB_SamplingPoint_74174,GB_StationProcess_918,GB_SamplingFeature_918,O3,http://dd.eionet.europa.eu/vocabulary/aq/pollutant/7,hour,60.7357999900,µg/m3,2018-11-30 01:00:00 +01:00,2018-11-30 02:00:00 +01:00,1,1
GB,http://environment.data.gov.uk/air-quality/so,GB_Network_1,Station_GB1024A,,GB_SamplingPoint_74174,GB_StationProcess_918,GB_SamplingFeature_918,O3,http://dd.eionet.europa.eu/vocabulary/aq/pollutant/7,hour,64.7271999900,µg/m3,2018-11-30 02:00:00 +01:00,2018-11-30 03:00:00 +01:00,1,1
GB,http://environment.data.gov.uk/air-quality/so,GB_Network_1,Station_GB1024A,,GB_SamplingPoint_74174,GB_StationProcess_918,GB_SamplingFeature_918,O3,http://dd.eionet.europa.eu/vocabulary/aq/pollutant/7,hour,35.1243199900,µg/m3,2018-11-30 10:00:00 +01:00,2018-11-30 11:00:00 +01:00,1,1
GB,http://environment.data.gov.uk/air-quality/so,GB_Network_1,Station_GB1024A,,GB_SamplingPoint_74174,GB_StationProcess_918,GB_SamplingFeature_918,O3,http://dd.eionet.europa.eu/vocabulary/aq/pollutant/7,hour,46.2503499900,µg/m3,2018-11-30 12:00:00 +01:00,2018-11-30 13:00:00 +01:00,1,1
GB,http://environment.data.gov.uk/air-quality/so,GB_Network_1,Station_GB1024A,,GB_SamplingPoint_74174,GB_StationProcess_918,GB_SamplingFeature_918,O3,http://dd.eionet.europa.eu/vocabulary/aq/pollutant/7,hour,53.6344399900,µg/m3,2018-11-30 13:00:00 +01:00,2018-11-30 14:00:00 +01:00,1,1
GB,http://environment.data.gov.uk/air-quality/so,GB_Network_1,Station_GB1024A,,GB_SamplingPoint_74174,GB_StationProcess_918,GB_SamplingFeature_918,O3,http://dd.eionet.europa.eu/vocabulary/aq/pollutant/7,hour,40.3131399900,µg/m3,2018-11-30 17:00:00 +01:00,2018-11-30 18:00:00 +01:00,1,1
GB,http://environment.data.gov.uk/air-quality/so,GB_Network_1,Station_GB1024A,,GB_SamplingPoint_74174,GB_StationProcess_918,GB_SamplingFeature_918,O3,http://dd.eionet.europa.eu/vocabulary/aq/pollutant/7,hour,35.6232499900,µg/m3,2018-11-30 18:00:00 +01:00,2018-11-30 19:00:00 +01:00,1,1
GB,http://environment.data.gov.uk/air-quality/so,GB_Network_1,Station_GB1024A,,GB_SamplingPoint_74174,GB_StationProcess_918,GB_SamplingFeature_918,O3,http://dd.eionet.europa.eu/vocabulary/aq/pollutant/7,hour,36.1221699900,µg/m3,2018-11-30 19:00:00 +01:00,2018-11-30 20:00:00 +01:00,1,1
GB,http://environment.data.gov.uk/air-quality/so,GB_Network_1,Station_GB1024A,,GB_SamplingPoint_74174,GB_StationProcess_918,GB_SamplingFeature_918,O3,http://dd.eionet.europa.eu/vocabulary/aq/pollutant/7,hour,31.9810899900,µg/m3,2018-11-30 20:00:00 +01:00,2018-11-30 21:00:00 +01:00,1,1
GB,http://environment.data.gov.uk/air-quality/so,GB_Network_1,Station_GB1024A,,GB_SamplingPoint_74174,GB_StationProcess_918,GB_SamplingFeature_918,O3,http://dd.eionet.europa.eu/vocabulary/aq/pollutant/7,hour,39.0658299900,µg/m3,2018-11-30 23:00:00 +01:00,2018-12-01 00:00:00 +01:00,1,1
GB,http://environment.data.gov.uk/air-quality/so,GB_Network_1,Station_GB1024A,,GB_SamplingPoint_74174,GB_StationProcess_918,GB_SamplingFeature_918,O3,http://dd.eionet.europa.eu/vocabulary/aq/pollutant/7,hour,51.2229699900,µg/m3,2018-12-01 01:00:00 +01:00,2018-12-01 02:00:00 +01:00,1,1
GB,http://environment.data.gov.uk/air-quality/so,GB_Network_1,Station_GB1024A,,GB_SamplingPoint_74174,GB_StationProcess_918,GB_SamplingFeature_918,O3,http://dd.eionet.europa.eu/vocabulary/aq/pollutant/7,hour,56.0791699900,µg/m3,2018-12-01 02:00:00 +01:00,2018-12-01 03:00:00 +01:00,1,1
GB,http://environment.data.gov.uk/air-quality/so,GB_Network_1,Station_GB1024A,,GB_SamplingPoint_74174,GB_StationProcess_918,GB_SamplingFeature_918,O3,http://dd.eionet.europa.eu/vocabulary/aq/pollutant/7,hour,63.2636899900,µg/m3,2018-12-01 05:00:00 +01:00,2018-12-01 06:00:00 +01:00,1,1
GB,http://environment.data.gov.uk/air-quality/so,GB_Network_1,Station_GB1024A,,GB_SamplingPoint_74174,GB_StationProcess_918,GB_SamplingFeature_918,O3,http://dd.eionet.europa.eu/vocabulary/aq/pollutant/7,hour,42.5084099900,µg/m3,2018-12-01 09:00:00 +01:00,2018-12-01 10:00:00 +01:00,1,1
GB,http://environment.data.gov.uk/air-quality/so,GB_Network_1,Station_GB1024A,,GB_SamplingPoint_74174,GB_StationProcess_918,GB_SamplingFeature_918,O3,http://dd.eionet.europa.eu/vocabulary/aq/pollutant/7,hour,47.9466899900,µg/m3,2018-12-01 12:00:00 +01:00,2018-12-01 13:00:00 +01:00,1,1
GB,http://environment.data.gov.uk/air-quality/so,GB_Network_1,Station_GB1024A,,GB_SamplingPoint_74174,GB_StationProcess_918,GB_SamplingFeature_918,O3,http://dd.eionet.europa.eu/vocabulary/aq/pollutant/7,hour,54.8318599900,µg/m3,2018-12-01 23:00:00 +01:00,2018-12-02 00:00:00 +01:00,1,1
GB,http://environment.data.gov.uk/air-quality/so,GB_Network_1,Station_GB1024A,,GB_SamplingPoint_74174,GB_StationProcess_918,GB_SamplingFeature_918,O3,http://dd.eionet.europa.eu/vocabulary/aq/pollutant/7,hour,29.1372199900,µg/m3,2018-12-02 01:00:00 +01:00,2018-12-02 02:00:00 +01:00,1,1
GB,http://environment.data.gov.uk/air-quality/so,GB_Network_1,Station_GB1024A,,GB_SamplingPoint_74174,GB_StationProcess_918,GB_SamplingFeature_918,O3,http://dd.eionet.europa.eu/vocabulary/aq/pollutant/7,hour,45.1693399900,µg/m3,2018-12-02 02:00:00 +01:00,2018-12-02 03:00:00 +01:00,1,1
GB,http://environment.data.gov.uk/air-quality/so,GB_Network_1,Station_GB1024A,,GB_SamplingPoint_74174,GB_StationProcess_918,GB_SamplingFeature_918,O3,http://dd.eionet.europa.eu/vocabulary/aq/pollutant/7,hour,47.9466899900,µg/m3,2018-12-02 03:00:00 +01:00,2018-12-02 04:00:00 +01:00,1,1
GB,http://environment.data.gov.uk/air-quality/so,GB_Network_1,Station_GB1024A,,GB_SamplingPoint_74174,GB_StationProcess_918,GB_SamplingFeature_918,O3,http://dd.eionet.europa.eu/vocabulary/aq/pollutant/7,hour,49.6430399900,µg/m3,2018-12-02 05:00:00 +01:00,2018-12-02 06:00:00 +01:00,1,1
GB,http://environment.data.gov.uk/air-quality/so,GB_Network_1,Station_GB1024A,,GB_SamplingPoint_74174,GB_StationProcess_918,GB_SamplingFeature_918,O3,http://dd.eionet.europa.eu/vocabulary/aq/pollutant/7,hour,51.1398099900,µg/m3,2018-12-02 09:00:00 +01:00,2018-12-02 10:00:00 +01:00,1,1
GB,http://environment.data.gov.uk/air-quality/so,GB_Network_1,Station_GB1024A,,GB_SamplingPoint_74174,GB_StationProcess_918,GB_SamplingFeature_918,O3,http://dd.eionet.europa.eu/vocabulary/aq/pollutant/7,hour,49.6430399900,µg/m3,2018-12-02 10:00:00 +01:00,2018-12-02 11:00:00 +01:00,1,1
GB,http://environment.data.gov.uk/air-quality/so,GB_Network_1,Station_GB1024A,,GB_SamplingPoint_74174,GB_StationProcess_918,GB_SamplingFeature_918,O3,http://dd.eionet.europa.eu/vocabulary/aq/pollutant/7,hour,50.1419599900,µg/m3,2018-12-02 16:00:00 +01:00,2018-12-02 17:00:00 +01:00,1,1
GB,http://environment.data.gov.uk/air-quality/so,GB_Network_1,Station_GB1024A,,GB_SamplingPoint_74174,GB_StationProcess_918,GB_SamplingFeature_918,O3,http://dd.eionet.europa.eu/vocabulary/aq/pollutant/7,hour,46.0008899900,µg/m3,2018-12-02 19:00:00 +01:00,2018-12-02 20:00:00 +01:00,1,1
GB,http://environment.data.gov.uk/air-quality/so,GB_Network_1,Station_GB1024A,,GB_SamplingPoint_74174,GB_StationProcess_918,GB_SamplingFeature_918,O3,http://dd.eionet.europa.eu/vocabulary/aq/pollutant/7,hour,53.8838999900,µg/m3,2018-12-02 23:00:00 +01:00,2018-12-03 00:00:00 +01:00,1,1
GB,http://environment.data.gov.uk/air-quality/so,GB_Network_1,Station_GB1024A,,GB_SamplingPoint_74174,GB_StationProcess_918,GB_SamplingFeature_918,O3,http://dd.eionet.europa.eu/vocabulary/aq/pollutant/7,hour,57.6258399900,µg/m3,2018-12-03 00:00:00 +01:00,2018-12-03 01:00:00 +01:00,1,1
GB,http://environment.data.gov.uk/air-quality/so,GB_Network_1,Station_GB1024A,,GB_SamplingPoint_74174,GB_StationProcess_918,GB_SamplingFeature_918,O3,http://dd.eionet.europa.eu/vocabulary/aq/pollutant/7,hour,62.7314999900,µg/m3,2018-12-03 01:00:00 +01:00,2018-12-03 02:00:00 +01:00,1,1
GB,http://environment.data.gov.uk/air-quality/so,GB_Network_1,Station_GB1024A,,GB_SamplingPoint_74174,GB_StationProcess_918,GB_SamplingFeature_918,O3,http://dd.eionet.europa.eu/vocabulary/aq/pollutant/7,hour,66.3237599900,µg/m3,2018-12-03 02:00:00 +01:00,2018-12-03 03:00:00 +01:00,1,1
GB,http://environment.data.gov.uk/air-quality/so,GB_Network_1,Station_GB1024A,,GB_SamplingPoint_74174,GB_StationProcess_918,GB_SamplingFeature_918,O3,http://dd.eionet.europa.eu/vocabulary/aq/pollutant/7,hour,47.8967999900,µg/m3,2018-12-03 08:00:00 +01:00,2018-12-03 09:00:00 +01:00,1,1
GB,http://environment.data.gov.uk/air-quality/so,GB_Network_1,Station_GB1024A,,GB_SamplingPoint_74174,GB_StationProcess_918,GB_SamplingFeature_918,O3,http://dd.eionet.europa.eu/vocabulary/aq/pollutant/7,hour,45.8013199900,µg/m3,2018-12-03 09:00:00 +01:00,2018-12-03 10:00:00 +01:00,1,1
GB,http://environment.data.gov.uk/air-quality/so,GB_Network_1,Station_GB1024A,,GB_SamplingPoint_74174,GB_StationProcess_918,GB_SamplingFeature_918,O3,http://dd.eionet.europa.eu/vocabulary/aq/pollutant/7,hour,48.1961599900,µg/m3,2018-12-03 12:00:00 +01:00,2018-12-03 13:00:00 +01:00,1,1
GB,http://environment.data.gov.uk/air-quality/so,GB_Network_1,Station_GB1024A,,GB_SamplingPoint_74174,GB_StationProcess_918,GB_SamplingFeature_918,O3,http://dd.eionet.europa.eu/vocabulary/aq/pollutant/7,hour,54.1832599900,µg/m3,2018-12-03 15:00:00 +01:00,2018-12-03 16:00:00 +01:00,1,1
GB,http://environment.data.gov.uk/air-quality/so,GB_Network_1,Station_GB1024A,,GB_SamplingPoint_74174,GB_StationProcess_918,GB_SamplingFeature_918,O3,http://dd.eionet.europa.eu/vocabulary/aq/pollutant/7,hour,50.6408899900,µg/m3,2018-12-03 16:00:00 +01:00,2018-12-03 17:00:00 +01:00,1,1
GB,http://environment.data.gov.uk/air-quality/so,GB_Network_1,Station_GB1024A,,GB_SamplingPoint_74174,GB_StationProcess_918,GB_SamplingFeature_918,O3,http://dd.eionet.europa.eu/vocabulary/aq/pollutant/7,hour,38.5668999900,µg/m3,2018-12-03 17:00:00 +01:00,2018-12-03 18:00:00 +01:00,1,1
GB,http://environment.data.gov.uk/air-quality/so,GB_Network_1,Station_GB1024A,,GB_SamplingPoint_74174,GB_StationProcess_918,GB_SamplingFeature_918,O3,http://dd.eionet.europa.eu/vocabulary/aq/pollutant/7,hour,21.1544199900,µg/m3,2018-12-04 00:00:00 +01:00,2018-12-04 01:00:00 +01:00,1,1
GB,http://environment.data.gov.uk/air-quality/so,GB_Network_1,Station_GB1024A,,GB_SamplingPoint_74174,GB_StationProcess_918,GB_SamplingFeature_918,O3,http://dd.eionet.europa.eu/vocabulary/aq/pollutant/7,hour,18.5600099900,µg/m3,2018-12-04 05:00:00 +01:00,2018-12-04 06:00:00 +01:00,1,1
GB,http://environment.data.gov.uk/air-quality/so,GB_Network_1,Station_GB1024A,,GB_SamplingPoint_74174,GB_StationProcess_918,GB_SamplingFeature_918,O3,http://dd.eionet.europa.eu/vocabulary/aq/pollutant/7,hour,5.1888199900,µg/m3,2018-12-04 06:00:00 +01:00,2018-12-04 07:00:00 +01:00,2,1
GB,http://environment.data.gov.uk/air-quality/so,GB_Network_1,Station_GB1024A,,GB_SamplingPoint_74174,GB_StationProcess_918,GB_SamplingFeature_918,O3,http://dd.eionet.europa.eu/vocabulary/aq/pollutant/7,hour,2.7939799900,µg/m3,2018-12-04 09:00:00 +01:00,2018-12-04 10:00:00 +01:00,2,1
GB,http://environment.data.gov.uk/air-quality/so,GB_Network_1,Station_GB1024A,,GB_SamplingPoint_74174,GB_StationProcess_918,GB_SamplingFeature_918,O3,http://dd.eionet.europa.eu/vocabulary/aq/pollutant/7,hour,3.2430099900,µg/m3,2018-12-04 10:00:00 +01:00,2018-12-04 11:00:00 +01:00,2,1
GB,http://environment.data.gov.uk/air-quality/so,GB_Network_1,Station_GB1024A,,GB_SamplingPoint_74174,GB_StationProcess_918,GB_SamplingFeature_918,O3,http://dd.eionet.europa.eu/vocabulary/aq/pollutant/7,hour,9.3797899900,µg/m3,2018-12-04 13:00:00 +01:00,2018-12-04 14:00:00 +01:00,1,1
GB,http://environment.data.gov.uk/air-quality/so,GB_Network_1,Station_GB1024A,,GB_SamplingPoint_74174,GB_StationProcess_918,GB_SamplingFeature_918,O3,http://dd.eionet.europa.eu/vocabulary/aq/pollutant/7,hour,4.6399999900,µg/m3,2018-12-04 14:00:00 +01:00,2018-12-04 15:00:00 +01:00,2,1
GB,http://environment.data.gov.uk/air-quality/so,GB_Network_1,Station_GB1024A,,GB_SamplingPoint_74174,GB_StationProcess_918,GB_SamplingFeature_918,O3,http://dd.eionet.europa.eu/vocabulary/aq/pollutant/7,hour,2.6442999900,µg/m3,2018-12-04 15:00:00 +01:00,2018-12-04 16:00:00 +01:00,2,1
GB,http://environment.data.gov.uk/air-quality/so,GB_Network_1,Station_GB1024A,,GB_SamplingPoint_74174,GB_StationProcess_918,GB_SamplingFeature_918,O3,http://dd.eionet.europa.eu/vocabulary/aq/pollutant/7,hour,2.2950599900,µg/m3,2018-12-04 16:00:00 +01:00,2018-12-04 17:00:00 +01:00,2,1
GB,http://environment.data.gov.uk/air-quality/so,GB_Network_1,Station_GB1024A,,GB_SamplingPoint_74174,GB_StationProcess_918,GB_SamplingFeature_918,O3,http://dd.eionet.europa.eu/vocabulary/aq/pollutant/7,hour,1.3470999900,µg/m3,2018-12-04 20:00:00 +01:00,2018-12-04 21:00:00 +01:00,2,1
GB,http://environment.data.gov.uk/air-quality/so,GB_Network_1,Station_GB1024A,,GB_SamplingPoint_74174,GB_StationProcess_918,GB_SamplingFeature_918,O3,http://dd.eionet.europa.eu/vocabulary/aq/pollutant/7,hour,22.6511999900,µg/m3,2018-12-04 22:00:00 +01:00,2018-12-04 23:00:00 +01:00,1,1
GB,http://environment.data.gov.uk/air-quality/so,GB_Network_1,Station_GB1024A,,GB_SamplingPoint_74174,GB_StationProcess_918,GB_SamplingFeature_918,O3,http://dd.eionet.europa.eu/vocabulary/aq/pollutant/7,hour,16.2649599900,µg/m3,2018-12-04 23:00:00 +01:00,2018-12-05 00:00:00 +01:00,1,1
GB,http://environment.data.gov.uk/air-quality/so,GB_Network_1,Station_GB1024A,,GB_SamplingPoint_74174,GB_StationProcess_918,GB_SamplingFeature_918,O3,http://dd.eionet.europa.eu/vocabulary/aq/pollutant/7,hour,35.8727099900,µg/m3,2018-12-05 05:00:00 +01:00,2018-12-05 06:00:00 +01:00,1,1
GB,http://environment.data.gov.uk/air-quality/so,GB_Network_1,Station_GB1024A,,GB_SamplingPoint_74174,GB_StationProcess_918,GB_SamplingFeature_918,O3,http://dd.eionet.europa.eu/vocabulary/aq/pollutant/7,hour,22.2021599900,µg/m3,2018-12-05 07:00:00 +01:00,2018-12-05 08:00:00 +01:00,1,1
GB,http://environment.data.gov.uk/air-quality/so,GB_Network_1,Station_GB1024A,,GB_SamplingPoint_74174,GB_StationProcess_918,GB_SamplingFeature_918,O3,http://dd.eionet.europa.eu/vocabulary/aq/pollutant/7,hour,17.0133399900,µg/m3,2018-12-05 09:00:00 +01:00,2018-12-05 10:00:00 +01:00,1,1
GB,http://environment.data.gov.uk/air-quality/so,GB_Network_1,Station_GB1024A,,GB_SamplingPoint_74174,GB_StationProcess_918,GB_SamplingFeature_918,O3,http://dd.eionet.europa.eu/vocabulary/aq/pollutant/7,hour,1.2473099900,µg/m3,2018-12-05 10:00:00 +01:00,2018-12-05 11:00:00 +01:00,2,1
GB,http://environment.data.gov.uk/air-quality/so,GB_Network_1,Station_GB1024A,,GB_SamplingPoint_74174,GB_StationProcess_918,GB_SamplingFeature_918,O3,http://dd.eionet.europa.eu/vocabulary/aq/pollutant/7,hour,33.4279799900,µg/m3,2018-12-05 15:00:00 +01:00,2018-12-05 16:00:00 +01:00,1,1
GB,http://environment.data.gov.uk/air-quality/so,GB_Network_1,Station_GB1024A,,GB_SamplingPoint_74174,GB_StationProcess_918,GB_SamplingFeature_918,O3,http://dd.eionet.europa.eu/vocabulary/aq/pollutant/7,hour,20.4559299900,µg/m3,2018-12-05 18:00:00 +01:00,2018-12-05 19:00:00 +01:00,1,1
GB,http://environment.data.gov.uk/air-quality/so,GB_Network_1,Station_GB1024A,,GB_SamplingPoint_74174,GB_StationProcess_918,GB_SamplingFeature_918,O3,http://dd.eionet.europa.eu/vocabulary/aq/pollutant/7,hour,14.9178599900,µg/m3,2018-12-05 20:00:00 +01:00,2018-12-05 21:00:00 +01:00,1,1
GB,http://environment.data.gov.uk/air-quality/so,GB_Network_1,Station_GB1024A,,GB_SamplingPoint_74174,GB_StationProcess_918,GB_SamplingFeature_918,O3,http://dd.eionet.europa.eu/vocabulary/aq/pollutant/7,hour,39.3152899900,µg/m3,2018-12-05 23:00:00 +01:00,2018-12-06 00:00:00 +01:00,1,1
GB,http://environment.data.gov.uk/air-quality/so,GB_Network_1,Station_GB1024A,,GB_SamplingPoint_74174,GB_StationProcess_918,GB_SamplingFeature_918,O3,http://dd.eionet.europa.eu/vocabulary/aq/pollutant/7,hour,51.5555799900,µg/m3,2018-12-06 01:00:00 +01:00,2018-12-06 02:00:00 +01:00,1,1
GB,http://environment.data.gov.uk/air-quality/so,GB_Network_1,Station_GB1024A,,GB_SamplingPoint_74174,GB_StationProcess_918,GB_SamplingFeature_918,O3,http://dd.eionet.europa.eu/vocabulary/aq/pollutant/7,hour,55.4139399900,µg/m3,2018-12-06 02:00:00 +01:00,2018-12-06 03:00:00 +01:00,1,1
GB,http://environment.data.gov.uk/air-quality/so,GB_Network_1,Station_GB1024A,,GB_SamplingPoint_74174,GB_StationProcess_918,GB_SamplingFeature_918,O3,http://dd.eionet.europa.eu/vocabulary/aq/pollutant/7,hour,50.4413199900,µg/m3,2018-12-06 03:00:00 +01:00,2018-12-06 04:00:00 +01:00,1,1
GB,http://environment.data.gov.uk/air-quality/so,GB_Network_1,Station_GB1024A,,GB_SamplingPoint_74174,GB_StationProcess_918,GB_SamplingFeature_918,O3,http://dd.eionet.europa.eu/vocabulary/aq/pollutant/7,hour,55.2808899900,µg/m3,2018-12-06 05:00:00 +01:00,2018-12-06 06:00:00 +01:00,1,1
GB,http://environment.data.gov.uk/air-quality/so,GB_Network_1,Station_GB1024A,,GB_SamplingPoint_74174,GB_StationProcess_918,GB_SamplingFeature_918,O3,http://dd.eionet.europa.eu/vocabulary/aq/pollutant/7,hour,31.5819499900,µg/m3,2018-12-06 11:00:00 +01:00,2018-12-06 12:00:00 +01:00,1,1
GB,http://environment.data.gov.uk/air-quality/so,GB_Network_1,Station_GB1024A,,GB_SamplingPoint_74174,GB_StationProcess_918,GB_SamplingFeature_918,O3,http://dd.eionet.europa.eu/vocabulary/aq/pollutant/7,hour,36.5711999900,µg/m3,2018-12-06 12:00:00 +01:00,2018-12-06 13:00:00 +01:00,1,1
GB,http://environment.data.gov.uk/air-quality/so,GB_Network_1,Station_GB1024A,,GB_SamplingPoint_74174,GB_StationProcess_918,GB_SamplingFeature_918,O3,http://dd.eionet.europa.eu/vocabulary/aq/pollutant/7,hour,42.7578699900,µg/m3,2018-12-06 13:00:00 +01:00,2018-12-06 14:00:00 +01:00,1,1
GB,http://environment.data.gov.uk/air-quality/so,GB_Network_1,Station_GB1024A,,GB_SamplingPoint_74174,GB_StationProcess_918,GB_SamplingFeature_918,O3,http://dd.eionet.europa.eu/vocabulary/aq/pollutant/7,hour,50.1918599900,µg/m3,2018-12-06 18:00:00 +01:00,2018-12-06 19:00:00 +01:00,1,1
GB,http://environment.data.gov.uk/air-quality/so,GB_Network_1,Station_GB1024A,,GB_SamplingPoint_74174,GB_StationProcess_918,GB_SamplingFeature_918,O3,http://dd.eionet.europa.eu/vocabulary/aq/pollutant/7,hour,49.3436799900,µg/m3,2018-12-06 20:00:00 +01:00,2018-12-06 21:00:00 +01:00,1,1
GB,http://environment.data.gov.uk/air-quality/so,GB_Network_1,Station_GB1024A,,GB_SamplingPoint_74174,GB_StationProcess_918,GB_SamplingFeature_918,O3,http://dd.eionet.europa.eu/vocabulary/aq/pollutant/7,hour,52.0877699900,µg/m3,2018-12-06 21:00:00 +01:00,2018-12-06 22:00:00 +01:00,1,1
GB,http://environment.data.gov.uk/air-quality/so,GB_Network_1,Station_GB1024A,,GB_SamplingPoint_74174,GB_StationProcess_918,GB_SamplingFeature_918,O3,http://dd.eionet.europa.eu/vocabulary/aq/pollutant/7,hour,58.6070599900,µg/m3,2018-12-07 01:00:00 +01:00,2018-12-07 02:00:00 +01:00,1,1
GB,http://environment.data.gov.uk/air-quality/so,GB_Network_1,Station_GB1024A,,GB_SamplingPoint_74174,GB_StationProcess_918,GB_SamplingFeature_918,O3,http://dd.eionet.europa.eu/vocabulary/aq/pollutant/7,hour,65.1928699900,µg/m3,2018-12-07 02:00:00 +01:00,2018-12-07 03:00:00 +01:00,1,1
GB,http://environment.data.gov.uk/air-quality/so,GB_Network_1,Station_GB1024A,,GB_SamplingPoint_74174,GB_StationProcess_918,GB_SamplingFeature_918,O3,http://dd.eionet.europa.eu/vocabulary/aq/pollutant/7,hour,66.6563799900,µg/m3,2018-12-07 03:00:00 +01:00,2018-12-07 04:00:00 +01:00,1,1
GB,http://environment.data.gov.uk/air-quality/so,GB_Network_1,Station_GB1024A,,GB_SamplingPoint_74174,GB_StationProcess_918,GB_SamplingFeature_918,O3,http://dd.eionet.europa.eu/vocabulary/aq/pollutant/7,hour,68.9015399900,µg/m3,2018-12-07 04:00:00 +01:00,2018-12-07 05:00:00 +01:00,1,1
GB,http://environment.data.gov.uk/air-quality/so,GB_Network_1,Station_GB1024A,,GB_SamplingPoint_74174,GB_StationProcess_918,GB_SamplingFeature_918,O3,http://dd.eionet.europa.eu/vocabulary/aq/pollutant/7,hour,64.6606799900,µg/m3,2018-12-07 08:00:00 +01:00,2018-12-07 09:00:00 +01:00,1,1
GB,http://environment.data.gov.uk/air-quality/so,GB_Network_1,Station_GB1024A,,GB_SamplingPoint_74174,GB_StationProcess_918,GB_SamplingFeature_918,O3,http://dd.eionet.europa.eu/vocabulary/aq/pollutant/7,hour,51.1398099900,µg/m3,2018-12-07 10:00:00 +01:00,2018-12-07 11:00:00 +01:00,1,1
GB,http://environment.data.gov.uk/air-quality/so,GB_Network_1,Station_GB1024A,,GB_SamplingPoint_74174,GB_StationProcess_918,GB_SamplingFeature_918,O3,http://dd.eionet.europa.eu/vocabulary/aq/pollutant/7,hour,54.8318599900,µg/m3,2018-12-07 13:00:00 +01:00,2018-12-07 14:00:00 +01:00,1,1
GB,http://environment.data.gov.uk/air-quality/so,GB_Network_1,Station_GB1024A,,GB_SamplingPoint_74174,GB_StationProcess_918,GB_SamplingFeature_918,O3,http://dd.eionet.europa.eu/vocabulary/aq/pollutant/7,hour,46.2503499900,µg/m3,2018-12-07 16:00:00 +01:00,2018-12-07 17:00:00 +01:00,1,1
GB,http://environment.data.gov.uk/air-quality/so,GB_Network_1,Station_GB1024A,,GB_SamplingPoint_74174,GB_StationProcess_918,GB_SamplingFeature_918,O3,http://dd.eionet.europa.eu/vocabulary/aq/pollutant/7,hour,47.1484099900,µg/m3,2018-12-07 18:00:00 +01:00,2018-12-07 19:00:00 +01:00,1,1
GB,http://environment.data.gov.uk/air-quality/so,GB_Network_1,Station_GB1024A,,GB_SamplingPoint_74174,GB_StationProcess_918,GB_SamplingFeature_918,O3,http://dd.eionet.europa.eu/vocabulary/aq/pollutant/7,hour,54.3329299900,µg/m3,2018-12-07 21:00:00 +01:00,2018-12-07 22:00:00 +01:00,1,1
GB,http://environment.data.gov.uk/air-quality/so,GB_Network_1,Station_GB1024A,,GB_SamplingPoint_74174,GB_StationProcess_918,GB_SamplingFeature_918,O3,http://dd.eionet.europa.eu/vocabulary/aq/pollutant/7,hour,61.0018999900,µg/m3,2018-12-08 01:00:00 +01:00,2018-12-08 02:00:00 +01:00,1,1
GB,http://environment.data.gov.uk/air-quality/so,GB_Network_1,Station_GB1024A,,GB_SamplingPoint_74174,GB_StationProcess_918,GB_SamplingFeature_918,O3,http://dd.eionet.europa.eu/vocabulary/aq/pollutant/7,hour,66.1907199900,µg/m3,2018-12-08 02:00:00 +01:00,2018-12-08 03:00:00 +01:00,1,1
GB,http://environment.data.gov.uk/air-quality/so,GB_Network_1,Station_GB1024A,,GB_SamplingPoint_74174,GB_StationProcess_918,GB_SamplingFeature_918,O3,http://dd.eionet.europa.eu/vocabulary/aq/pollutant/7,hour,67.2550899900,µg/m3,2018-12-08 03:00:00 +01:00,2018-12-08 04:00:00 +01:00,1,1
GB,http://environment.data.gov.uk/air-quality/so,GB_Network_1,Station_GB1024A,,GB_SamplingPoint_74174,GB_StationProcess_918,GB_SamplingFeature_918,O3,http://dd.eionet.europa.eu/vocabulary/aq/pollutant/7,hour,68.2529399900,µg/m3,2018-12-08 04:00:00 +01:00,2018-12-08 05:00:00 +01:00,1,1
GB,http://environment.data.gov.uk/air-quality/so,GB_Network_1,Station_GB1024A,,GB_SamplingPoint_74174,GB_StationProcess_918,GB_SamplingFeature_918,O3,http://dd.eionet.europa.eu/vocabulary/aq/pollutant/7,hour,68.9015399900,µg/m3,2018-12-08 05:00:00 +01:00,2018-12-08 06:00:00 +01:00,1,1
GB,http://environment.data.gov.uk/air-quality/so,GB_Network_1,Station_GB1024A,,GB_SamplingPoint_74174,GB_StationProcess_918,GB_SamplingFeature_918,O3,http://dd.eionet.europa.eu/vocabulary/aq/pollutant/7,hour,70.1488599900,µg/m3,2018-12-08 06:00:00 +01:00,2018-12-08 07:00:00 +01:00,1,1
GB,http://environment.data.gov.uk/air-quality/so,GB_Network_1,Station_GB1024A,,GB_SamplingPoint_74174,GB_StationProcess_918,GB_SamplingFeature_918,O3,http://dd.eionet.europa.eu/vocabulary/aq/pollutant/7,hour,69.4004699900,µg/m3,2018-12-08 07:00:00 +01:00,2018-12-08 08:00:00 +01:00,1,1
GB,http://environment.data.gov.uk/air-quality/so,GB_Network_1,Station_GB1024A,,GB_SamplingPoint_74174,GB_StationProcess_918,GB_SamplingFeature_918,O3,http://dd.eionet.europa.eu/vocabulary/aq/pollutant/7,hour,64.3613299900,µg/m3,2018-12-08 09:00:00 +01:00,2018-12-08 10:00:00 +01:00,1,1
GB,http://environment.data.gov.uk/air-quality/so,GB_Network_1,Station_GB1024A,,GB_SamplingPoint_74174,GB_StationProcess_918,GB_SamplingFeature_918,O3,http://dd.eionet.europa.eu/vocabulary/aq/pollutant/7,hour,63.2636899900,µg/m3,2018-12-08 10:00:00 +01:00,2018-12-08 11:00:00 +01:00,1,1
GB,http://environment.data.gov.uk/air-quality/so,GB_Network_1,Station_GB1024A,,GB_SamplingPoint_74174,GB_StationProcess_918,GB_SamplingFeature_918,O3,http://dd.eionet.europa.eu/vocabulary/aq/pollutant/7,hour,60.8189599900,µg/m3,2018-12-08 11:00:00 +01:00,2018-12-08 12:00:00 +01:00,1,1
GB,http://environment.data.gov.uk/air-quality/so,GB_Network_1,Station_GB1024A,,GB_SamplingPoint_74174,GB_StationProcess_918,GB_SamplingFeature_918,O3,http://dd.eionet.europa.eu/vocabulary/aq/pollutant/7,hour,59.7213199900,µg/m3,2018-12-08 13:00:00 +01:00,2018-12-08 14:00:00 +01:00,1,1
GB,http://environment.data.gov.uk/air-quality/so,GB_Network_1,Station_GB1024A,,GB_SamplingPoint_74174,GB_StationProcess_918,GB_SamplingFeature_918,O3,http://dd.eionet.europa.eu/vocabulary/aq/pollutant/7,hour,60.0705699900,µg/m3,2018-12-08 14:00:00 +01:00,2018-12-08 15:00:00 +01:00,1,1
GB,http://environment.data.gov.uk/air-quality/so,GB_Network_1,Station_GB1024A,,GB_SamplingPoint_74174,GB_StationProcess_918,GB_SamplingFeature_918,O3,http://dd.eionet.europa.eu/vocabulary/aq/pollutant/7,hour,60.8189599900,µg/m3,2018-12-08 16:00:00 +01:00,2018-12-08 17:00:00 +01:00,1,1
GB,http://environment.data.gov.uk/air-quality/so,GB_Network_1,Station_GB1024A,,GB_SamplingPoint_74174,GB_StationProcess_918,GB_SamplingFeature_918,O3,http://dd.eionet.europa.eu/vocabulary/aq/pollutant/7,hour,73.8907899900,µg/m3,2018-12-08 19:00:00 +01:00,2018-12-08 20:00:00 +01:00,1,1
GB,http://environment.data.gov.uk/air-quality/so,GB_Network_1,Station_GB1024A,,GB_SamplingPoint_74174,GB_StationProcess_918,GB_SamplingFeature_918,O3,http://dd.eionet.europa.eu/vocabulary/aq/pollutant/7,hour,75.8864899900,µg/m3,2018-12-08 20:00:00 +01:00,2018-12-08 21:00:00 +01:00,1,1
GB,http://environment.data.gov.uk/air-quality/so,GB_Network_1,Station_GB1024A,,GB_SamplingPoint_74174,GB_StationProcess_918,GB_SamplingFeature_918,O3,http://dd.eionet.europa.eu/vocabulary/aq/pollutant/7,hour,71.3462799900,µg/m3,2018-12-08 21:00:00 +01:00,2018-12-08 22:00:00 +01:00,1,1
GB,http://environment.data.gov.uk/air-quality/so,GB_Network_1,Station_GB1024A,,GB_SamplingPoint_74174,GB_StationProcess_918,GB_SamplingFeature_918,O3,http://dd.eionet.europa.eu/vocabulary/aq/pollutant/7,hour,68.4026199900,µg/m3,2018-12-08 22:00:00 +01:00,2018-12-08 23:00:00 +01:00,1,1
GB,http://environment.data.gov.uk/air-quality/so,GB_Network_1,Station_GB1024A,,GB_SamplingPoint_74174,GB_StationProcess_918,GB_SamplingFeature_918,O3,http://dd.eionet.europa.eu/vocabulary/aq/pollutant/7,hour,67.9036899900,µg/m3,2018-12-08 23:00:00 +01:00,2018-12-09 00:00:00 +01:00,1,1
GB,http://environment.data.gov.uk/air-quality/so,GB_Network_1,Station_GB1024A,,GB_SamplingPoint_74174,GB_StationProcess_918,GB_SamplingFeature_918,O3,http://dd.eionet.europa.eu/vocabulary/aq/pollutant/7,hour,70.9970299900,µg/m3,2018-12-09 03:00:00 +01:00,2018-12-09 04:00:00 +01:00,1,1
GB,http://environment.data.gov.uk/air-quality/so,GB_Network_1,Station_GB1024A,,GB_SamplingPoint_74174,GB_StationProcess_918,GB_SamplingFeature_918,O3,http://dd.eionet.europa.eu/vocabulary/aq/pollutant/7,hour,71.9948799900,µg/m3,2018-12-09 06:00:00 +01:00,2018-12-09 07:00:00 +01:00,1,1
GB,http://environment.data.gov.uk/air-quality/so,GB_Network_1,Station_GB1024A,,GB_SamplingPoint_74174,GB_StationProcess_918,GB_SamplingFeature_918,O3,http://dd.eionet.europa.eu/vocabulary/aq/pollutant/7,hour,69.2507899900,µg/m3,2018-12-09 08:00:00 +01:00,2018-12-09 09:00:00 +01:00,1,1
GB,http://environment.data.gov.uk/air-quality/so,GB_Network_1,Station_GB1024A,,GB_SamplingPoint_74174,GB_StationProcess_918,GB_SamplingFeature_918,O3,http://dd.eionet.europa.eu/vocabulary/aq/pollutant/7,hour,64.3613299900,µg/m3,2018-12-09 09:00:00 +01:00,2018-12-09 10:00:00 +01:00,1,1
GB,http://environment.data.gov.uk/air-quality/so,GB_Network_1,Station_GB1024A,,GB_SamplingPoint_74174,GB_StationProcess_918,GB_SamplingFeature_918,O3,http://dd.eionet.europa.eu/vocabulary/aq/pollutant/7,hour,61.7170199900,µg/m3,2018-12-09 11:00:00 +01:00,2018-12-09 12:00:00 +01:00,1,1
GB,http://environment.data.gov.uk/air-quality/so,GB_Network_1,Station_GB1024A,,GB_SamplingPoint_74174,GB_StationProcess_918,GB_SamplingFeature_918,O3,http://dd.eionet.europa.eu/vocabulary/aq/pollutant/7,hour,61.5673499900,µg/m3,2018-12-09 15:00:00 +01:00,2018-12-09 16:00:00 +01:00,1,1
GB,http://environment.data.gov.uk/air-quality/so,GB_Network_1,Station_GB1024A,,GB_SamplingPoint_74174,GB_StationProcess_918,GB_SamplingFeature_918,O3,http://dd.eionet.europa.eu/vocabulary/aq/pollutant/7,hour,59.7213199900,µg/m3,2018-12-09 16:00:00 +01:00,2018-12-09 17:00:00 +01:00,1,1
GB,http://environment.data.gov.uk/air-quality/so,GB_Network_1,Station_GB1024A,,GB_SamplingPoint_74174,GB_StationProcess_918,GB_SamplingFeature_918,O3,http://dd.eionet.europa.eu/vocabulary/aq/pollutant/7,hour,43.0073399900,µg/m3,2018-12-09 20:00:00 +01:00,2018-12-09 21:00:00 +01:00,1,1
GB,http://environment.data.gov.uk/air-quality/so,GB_Network_1,Station_GB1024A,,GB_SamplingPoint_74174,GB_StationProcess_918,GB_SamplingFeature_918,O3,http://dd.eionet.europa.eu/vocabulary/aq/pollutant/7,hour,44.5041099900,µg/m3,2018-12-09 22:00:00 +01:00,2018-12-09 23:00:00 +01:00,1,1
GB,http://environment.data.gov.uk/air-quality/so,GB_Network_1,Station_GB1024A,,GB_SamplingPoint_74174,GB_StationProcess_918,GB_SamplingFeature_918,O3,http://dd.eionet.europa.eu/vocabulary/aq/pollutant/7,hour,39.3152899900,µg/m3,2018-12-10 00:00:00 +01:00,2018-12-10 01:00:00 +01:00,1,1
GB,http://environment.data.gov.uk/air-quality/so,GB_Network_1,Station_GB1024A,,GB_SamplingPoint_74174,GB_StationProcess_918,GB_SamplingFeature_918,O3,http://dd.eionet.europa.eu/vocabulary/aq/pollutant/7,hour,44.2546499900,µg/m3,2018-12-10 04:00:00 +01:00,2018-12-10 05:00:00 +01:00,1,1
GB,http://environment.data.gov.uk/air-quality/so,GB_Network_1,Station_GB1024A,,GB_SamplingPoint_74174,GB_StationProcess_918,GB_SamplingFeature_918,O3,http://dd.eionet.europa.eu/vocabulary/aq/pollutant/7,hour,40.3131399900,µg/m3,2018-12-10 06:00:00 +01:00,2018-12-10 07:00:00 +01:00,1,1
GB,http://environment.data.gov.uk/air-quality/so,GB_Network_1,Station_GB1024A,,GB_SamplingPoint_74174,GB_StationProcess_918,GB_SamplingFeature_918,O3,http://dd.eionet.europa.eu/vocabulary/aq/pollutant/7,hour,32.8791599900,µg/m3,2018-12-10 07:00:00 +01:00,2018-12-10 08:00:00 +01:00,1,1
GB,http://environment.data.gov.uk/air-quality/so,GB_Network_1,Station_GB1024A,,GB_SamplingPoint_74174,GB_StationProcess_918,GB_SamplingFeature_918,O3,http://dd.eionet.europa.eu/vocabulary/aq/pollutant/7,hour,17.1630199900,µg/m3,2018-12-10 09:00:00 +01:00,2018-12-10 10:00:00 +01:00,1,1
GB,http://environment.data.gov.uk/air-quality/so,GB_Network_1,Station_GB1024A,,GB_SamplingPoint_74174,GB_StationProcess_918,GB_SamplingFeature_918,O3,http://dd.eionet.europa.eu/vocabulary/aq/pollutant/7,hour,14.6184999900,µg/m3,2018-12-10 11:00:00 +01:00,2018-12-10 12:00:00 +01:00,1,1
GB,http://environment.data.gov.uk/air-quality/so,GB_Network_1,Station_GB1024A,,GB_SamplingPoint_74174,GB_StationProcess_918,GB_SamplingFeature_918,O3,http://dd.eionet.europa.eu/vocabulary/aq/pollutant/7,hour,40.3131399900,µg/m3,2018-12-10 13:00:00 +01:00,2018-12-10 14:00:00 +01:00,1,1
GB,http://environment.data.gov.uk/air-quality/so,GB_Network_1,Station_GB1024A,,GB_SamplingPoint_74174,GB_StationProcess_918,GB_SamplingFeature_918,O3,http://dd.eionet.europa.eu/vocabulary/aq/pollutant/7,hour,5.4382799900,µg/m3,2018-12-10 19:00:00 +01:00,2018-12-10 20:00:00 +01:00,2,1
GB,http://environment.data.gov.uk/air-quality/so,GB_Network_1,Station_GB1024A,,GB_SamplingPoint_74174,GB_StationProcess_918,GB_SamplingFeature_918,O3,http://dd.eionet.europa.eu/vocabulary/aq/pollutant/7,hour,1.4468799900,µg/m3,2018-12-10 21:00:00 +01:00,2018-12-10 22:00:00 +01:00,2,1
GB,http://environment.data.gov.uk/air-quality/so,GB_Network_1,Station_GB1024A,,GB_SamplingPoint_74174,GB_StationProcess_918,GB_SamplingFeature_918,O3,http://dd.eionet.europa.eu/vocabulary/aq/pollutant/7,hour,2.1453799900,µg/m3,2018-12-10 23:00:00 +01:00,2018-12-11 00:00:00 +01:00,2,1
GB,http://environment.data.gov.uk/air-quality/so,GB_Network_1,Station_GB1024A,,GB_SamplingPoint_74174,GB_StationProcess_918,GB_SamplingFeature_918,O3,http://dd.eionet.europa.eu/vocabulary/aq/pollutant/7,hour,1.1475299900,µg/m3,2018-12-11 08:00:00 +01:00,2018-12-11 09:00:00 +01:00,2,1
GB,http://environment.data.gov.uk/air-quality/so,GB_Network_1,Station_GB1024A,,GB_SamplingPoint_74174,GB_StationProcess_918,GB_SamplingFeature_918,O3,http://dd.eionet.europa.eu/vocabulary/aq/pollutant/7,hour,2.1453799900,µg/m3,2018-12-11 12:00:00 +01:00,2018-12-11 13:00:00 +01:00,2,1
GB,http://environment.data.gov.uk/air-quality/so,GB_Network_1,Station_GB1024A,,GB_SamplingPoint_74174,GB_StationProcess_918,GB_SamplingFeature_918,O3,http://dd.eionet.europa.eu/vocabulary/aq/pollutant/7,hour,2.7939799900,µg/m3,2018-12-11 13:00:00 +01:00,2018-12-11 14:00:00 +01:00,2,1
GB,http://environment.data.gov.uk/air-quality/so,GB_Network_1,Station_GB1024A,,GB_SamplingPoint_74174,GB_StationProcess_918,GB_SamplingFeature_918,O3,http://dd.eionet.europa.eu/vocabulary/aq/pollutant/7,hour,5.3384999900,µg/m3,2018-12-11 14:00:00 +01:00,2018-12-11 15:00:00 +01:00,2,1
GB,http://environment.data.gov.uk/air-quality/so,GB_Network_1,Station_GB1024A,,GB_SamplingPoint_74174,GB_StationProcess_918,GB_SamplingFeature_918,O3,http://dd.eionet.europa.eu/vocabulary/aq/pollutant/7,hour,2.5944099900,µg/m3,2018-12-11 16:00:00 +01:00,2018-12-11 17:00:00 +01:00,2,1
GB,http://environment.data.gov.uk/air-quality/so,GB_Network_1,Station_GB1024A,,GB_SamplingPoint_74174,GB_StationProcess_918,GB_SamplingFeature_918,O3,http://dd.eionet.europa.eu/vocabulary/aq/pollutant/7,hour,1.3969899900,µg/m3,2018-12-11 18:00:00 +01:00,2018-12-11 19:00:00 +01:00,2,1
GB,http://environment.data.gov.uk/air-quality/so,GB_Network_1,Station_GB1024A,,GB_SamplingPoint_74174,GB_StationProcess_918,GB_SamplingFeature_918,O3,http://dd.eionet.europa.eu/vocabulary/aq/pollutant/7,hour,1.3470999900,µg/m3,2018-12-11 20:00:00 +01:00,2018-12-11 21:00:00 +01:00,2,1
GB,http://environment.data.gov.uk/air-quality/so,GB_Network_1,Station_GB1024A,,GB_SamplingPoint_74174,GB_StationProcess_918,GB_SamplingFeature_918,O3,http://dd.eionet.europa.eu/vocabulary/aq/pollutant/7,hour,1.1974199900,µg/m3,2018-12-11 23:00:00 +01:00,2018-12-12 00:00:00 +01:00,2,1
GB,http://environment.data.gov.uk/air-quality/so,GB_Network_1,Station_GB1024A,,GB_SamplingPoint_74174,GB_StationProcess_918,GB_SamplingFeature_918,O3,http://dd.eionet.europa.eu/vocabulary/aq/pollutant/7,hour,1.3969899900,µg/m3,2018-12-12 00:00:00 +01:00,2018-12-12 01:00:00 +01:00,2,1
GB,http://environment.data.gov.uk/air-quality/so,GB_Network_1,Station_GB1024A,,GB_SamplingPoint_74174,GB_StationProcess_918,GB_SamplingFeature_918,O3,http://dd.eionet.europa.eu/vocabulary/aq/pollutant/7,hour,20.6055999900,µg/m3,2018-12-12 03:00:00 +01:00,2018-12-12 04:00:00 +01:00,1,1
GB,http://environment.data.gov.uk/air-quality/so,GB_Network_1,Station_GB1024A,,GB_SamplingPoint_74174,GB_StationProcess_918,GB_SamplingFeature_918,O3,http://dd.eionet.europa.eu/vocabulary/aq/pollutant/7,hour,5.4382799900,µg/m3,2018-12-12 06:00:00 +01:00,2018-12-12 07:00:00 +01:00,2,1
GB,http://environment.data.gov.uk/air-quality/so,GB_Network_1,Station_GB1024A,,GB_SamplingPoint_74174,GB_StationProcess_918,GB_SamplingFeature_918,O3,http://dd.eionet.europa.eu/vocabulary/aq/pollutant/7,hour,4.3905399900,µg/m3,2018-12-12 07:00:00 +01:00,2018-12-12 08:00:00 +01:00,2,1
GB,http://environment.data.gov.uk/air-quality/so,GB_Network_1,Station_GB1024A,,GB_SamplingPoint_74174,GB_StationProcess_918,GB_SamplingFeature_918,O3,http://dd.eionet.europa.eu/vocabulary/aq/pollutant/7,hour,2.0455899900,µg/m3,2018-12-12 09:00:00 +01:00,2018-12-12 10:00:00 +01:00,2,1
GB,http://environment.data.gov.uk/air-quality/so,GB_Network_1,Station_GB1024A,,GB_SamplingPoint_74174,GB_StationProcess_918,GB_SamplingFeature_918,O3,http://dd.eionet.europa.eu/vocabulary/aq/pollutant/7,hour,4.2907599900,µg/m3,2018-12-12 10:00:00 +01:00,2018-12-12 11:00:00 +01:00,2,1
GB,http://environment.data.gov.uk/air-quality/so,GB_Network_1,Station_GB1024A,,GB_SamplingPoint_74174,GB_StationProcess_918,GB_SamplingFeature_918,O3,http://dd.eionet.europa.eu/vocabulary/aq/pollutant/7,hour,16.1152799900,µg/m3,2018-12-12 12:00:00 +01:00,2018-12-12 13:00:00 +01:00,1,1
GB,http://environment.data.gov.uk/air-quality/so,GB_Network_1,Station_GB1024A,,GB_SamplingPoint_74174,GB_StationProcess_918,GB_SamplingFeature_918,O3,http://dd.eionet.europa.eu/vocabulary/aq/pollutant/7,hour,45.1527099900,µg/m3,2018-12-12 13:00:00 +01:00,2018-12-12 14:00:00 +01:00,1,1
GB,http://environment.data.gov.uk/air-quality/so,GB_Network_1,Station_GB1024A,,GB_SamplingPoint_74174,GB_StationProcess_918,GB_SamplingFeature_918,O3,http://dd.eionet.europa.eu/vocabulary/aq/pollutant/7,hour,2.1453799900,µg/m3,2018-12-12 19:00:00 +01:00,2018-12-12 20:00:00 +01:00,2,1
GB,http://environment.data.gov.uk/air-quality/so,GB_Network_1,Station_GB1024A,,GB_SamplingPoint_74174,GB_StationProcess_918,GB_SamplingFeature_918,O3,http://dd.eionet.europa.eu/vocabulary/aq/pollutant/7,hour,10.7268899900,µg/m3,2018-12-12 21:00:00 +01:00,2018-12-12 22:00:00 +01:00,1,1
GB,http://environment.data.gov.uk/air-quality/so,GB_Network_1,Station_GB1024A,,GB_SamplingPoint_74174,GB_StationProcess_918,GB_SamplingFeature_918,O3,http://dd.eionet.europa.eu/vocabulary/aq/pollutant/7,hour,3.2430099900,µg/m3,2018-12-12 22:00:00 +01:00,2018-12-12 23:00:00 +01:00,2,1
GB,http://environment.data.gov.uk/air-quality/so,GB_Network_1,Station_GB1024A,,GB_SamplingPoint_74174,GB_StationProcess_918,GB_SamplingFeature_918,O3,http://dd.eionet.europa.eu/vocabulary/aq/pollutant/7,hour,2.4447299900,µg/m3,2018-12-13 06:00:00 +01:00,2018-12-13 07:00:00 +01:00,2,1
GB,http://environment.data.gov.uk/air-quality/so,GB_Network_1,Station_GB1024A,,GB_SamplingPoint_74174,GB_StationProcess_918,GB_SamplingFeature_918,O3,http://dd.eionet.europa.eu/vocabulary/aq/pollutant/7,hour,1.1974199900,µg/m3,2018-12-13 08:00:00 +01:00,2018-12-13 09:00:00 +01:00,2,1
GB,http://environment.data.gov.uk/air-quality/so,GB_Network_1,Station_GB1024A,,GB_SamplingPoint_74174,GB_StationProcess_918,GB_SamplingFeature_918,O3,http://dd.eionet.europa.eu/vocabulary/aq/pollutant/7,hour,28.2391599900,µg/m3,2018-12-13 13:00:00 +01:00,2018-12-13 14:00:00 +01:00,1,1
GB,http://environment.data.gov.uk/air-quality/so,GB_Network_1,Station_GB1024A,,GB_SamplingPoint_74174,GB_StationProcess_918,GB_SamplingFeature_918,O3,http://dd.eionet.europa.eu/vocabulary/aq/pollutant/7,hour,30.1350699900,µg/m3,2018-12-13 14:00:00 +01:00,2018-12-13 15:00:00 +01:00,1,1
GB,http://environment.data.gov.uk/air-quality/so,GB_Network_1,Station_GB1024A,,GB_SamplingPoint_74174,GB_StationProcess_918,GB_SamplingFeature_918,O3,http://dd.eionet.europa.eu/vocabulary/aq/pollutant/7,hour,2.0455899900,µg/m3,2018-12-13 19:00:00 +01:00,2018-12-13 20:00:00 +01:00,2,1
GB,http://environment.data.gov.uk/air-quality/so,GB_Network_1,Station_GB1024A,,GB_SamplingPoint_74174,GB_StationProcess_918,GB_SamplingFeature_918,O3,http://dd.eionet.europa.eu/vocabulary/aq/pollutant/7,hour,1.1475299900,µg/m3,2018-12-13 21:00:00 +01:00,2018-12-13 22:00:00 +01:00,2,1
GB,http://environment.data.gov.uk/air-quality/so,GB_Network_1,Station_GB1024A,,GB_SamplingPoint_74174,GB_StationProcess_918,GB_SamplingFeature_918,O3,http://dd.eionet.europa.eu/vocabulary/aq/pollutant/7,hour,1.2473099900,µg/m3,2018-12-14 04:00:00 +01:00,2018-12-14 05:00:00 +01:00,2,1
GB,http://environment.data.gov.uk/air-quality/so,GB_Network_1,Station_GB1024A,,GB_SamplingPoint_74174,GB_StationProcess_918,GB_SamplingFeature_918,O3,http://dd.eionet.europa.eu/vocabulary/aq/pollutant/7,hour,1.0477399900,µg/m3,2018-12-14 10:00:00 +01:00,2018-12-14 11:00:00 +01:00,2,1
GB,http://environment.data.gov.uk/air-quality/so,GB_Network_1,Station_GB1024A,,GB_SamplingPoint_74174,GB_StationProcess_918,GB_SamplingFeature_918,O3,http://dd.eionet.europa.eu/vocabulary/aq/pollutant/7,hour,4.1410799900,µg/m3,2018-12-14 12:00:00 +01:00,2018-12-14 13:00:00 +01:00,2,1
GB,http://environment.data.gov.uk/air-quality/so,GB_Network_1,Station_GB1024A,,GB_SamplingPoint_74174,GB_StationProcess_918,GB_SamplingFeature_918,O3,http://dd.eionet.europa.eu/vocabulary/aq/pollutant/7,hour,2.0455899900,µg/m3,2018-12-14 14:00:00 +01:00,2018-12-14 15:00:00 +01:00,2,1
GB,http://environment.data.gov.uk/air-quality/so,GB_Network_1,Station_GB1024A,,GB_SamplingPoint_74174,GB_StationProcess_918,GB_SamplingFeature_918,O3,http://dd.eionet.europa.eu/vocabulary/aq/pollutant/7,hour,2.6941999900,µg/m3,2018-12-14 16:00:00 +01:00,2018-12-14 17:00:00 +01:00,2,1
GB,http://environment.data.gov.uk/air-quality/so,GB_Network_1,Station_GB1024A,,GB_SamplingPoint_74174,GB_StationProcess_918,GB_SamplingFeature_918,O3,http://dd.eionet.europa.eu/vocabulary/aq/pollutant/7,hour,4.3905399900,µg/m3,2018-12-14 19:00:00 +01:00,2018-12-14 20:00:00 +01:00,2,1
GB,http://environment.data.gov.uk/air-quality/so,GB_Network_1,Station_GB1024A,,GB_SamplingPoint_74174,GB_StationProcess_918,GB_SamplingFeature_918,O3,http://dd.eionet.europa.eu/vocabulary/aq/pollutant/7,hour,17.8615199900,µg/m3,2018-12-15 03:00:00 +01:00,2018-12-15 04:00:00 +01:00,1,1
GB,http://environment.data.gov.uk/air-quality/so,GB_Network_1,Station_GB1024A,,GB_SamplingPoint_74174,GB_StationProcess_918,GB_SamplingFeature_918,O3,http://dd.eionet.europa.eu/vocabulary/aq/pollutant/7,hour,24.3475399900,µg/m3,2018-12-15 05:00:00 +01:00,2018-12-15 06:00:00 +01:00,1,1
GB,http://environment.data.gov.uk/air-quality/so,GB_Network_1,Station_GB1024A,,GB_SamplingPoint_74174,GB_StationProcess_918,GB_SamplingFeature_918,O3,http://dd.eionet.europa.eu/vocabulary/aq/pollutant/7,hour,26.8421699900,µg/m3,2018-12-15 11:00:00 +01:00,2018-12-15 12:00:00 +01:00,1,1
GB,http://environment.data.gov.uk/air-quality/so,GB_Network_1,Station_GB1024A,,GB_SamplingPoint_74174,GB_StationProcess_918,GB_SamplingFeature_918,O3,http://dd.eionet.europa.eu/vocabulary/aq/pollutant/7,hour,31.4322799900,µg/m3,2018-12-15 14:00:00 +01:00,2018-12-15 15:00:00 +01:00,1,1
GB,http://environment.data.gov.uk/air-quality/so,GB_Network_1,Station_GB1024A,,GB_SamplingPoint_74174,GB_StationProcess_918,GB_SamplingFeature_918,O3,http://dd.eionet.europa.eu/vocabulary/aq/pollutant/7,hour,18.5600099900,µg/m3,2018-12-15 18:00:00 +01:00,2018-12-15 19:00:00 +01:00,1,1
GB,http://environment.data.gov.uk/air-quality/so,GB_Network_1,Station_GB1024A,,GB_SamplingPoint_74174,GB_StationProcess_918,GB_SamplingFeature_918,O3,http://dd.eionet.europa.eu/vocabulary/aq/pollutant/7,hour,57.8254099900,µg/m3,2018-12-16 01:00:00 +01:00,2018-12-16 02:00:00 +01:00,1,1
GB,http://environment.data.gov.uk/air-quality/so,GB_Network_1,Station_GB1024A,,GB_SamplingPoint_74174,GB_StationProcess_918,GB_SamplingFeature_918,O3,http://dd.eionet.europa.eu/vocabulary/aq/pollutant/7,hour,53.6344399900,µg/m3,2018-12-16 05:00:00 +01:00,2018-12-16 06:00:00 +01:00,1,1
GB,http://environment.data.gov.uk/air-quality/so,GB_Network_1,Station_GB1024A,,GB_SamplingPoint_74174,GB_StationProcess_918,GB_SamplingFeature_918,O3,http://dd.eionet.europa.eu/vocabulary/aq/pollutant/7,hour,45.5019599900,µg/m3,2018-12-16 07:00:00 +01:00,2018-12-16 08:00:00 +01:00,1,1
GB,http://environment.data.gov.uk/air-quality/so,GB_Network_1,Station_GB1024A,,GB_SamplingPoint_74174,GB_StationProcess_918,GB_SamplingFeature_918,O3,http://dd.eionet.europa.eu/vocabulary/aq/pollutant/7,hour,28.6881899900,µg/m3,2018-12-16 09:00:00 +01:00,2018-12-16 10:00:00 +01:00,1,1
GB,http://environment.data.gov.uk/air-quality/so,GB_Network_1,Station_GB1024A,,GB_SamplingPoint_74174,GB_StationProcess_918,GB_SamplingFeature_918,O3,http://dd.eionet.europa.eu/vocabulary/aq/pollutant/7,hour,33.1286199900,µg/m3,2018-12-16 10:00:00 +01:00,2018-12-16 11:00:00 +01:00,1,1
GB,http://environment.data.gov.uk/air-quality/so,GB_Network_1,Station_GB1024A,,GB_SamplingPoint_74174,GB_StationProcess_918,GB_SamplingFeature_918,O3,http://dd.eionet.europa.eu/vocabulary/aq/pollutant/7,hour,30.4344299900,µg/m3,2018-12-16 13:00:00 +01:00,2018-12-16 14:00:00 +01:00,1,1
GB,http://environment.data.gov.uk/air-quality/so,GB_Network_1,Station_GB1024A,,GB_SamplingPoint_74174,GB_StationProcess_918,GB_SamplingFeature_918,O3,http://dd.eionet.europa.eu/vocabulary/aq/pollutant/7,hour,29.5363599900,µg/m3,2018-12-16 14:00:00 +01:00,2018-12-16 15:00:00 +01:00,1,1
GB,http://environment.data.gov.uk/air-quality/so,GB_Network_1,Station_GB1024A,,GB_SamplingPoint_74174,GB_StationProcess_918,GB_SamplingFeature_918,O3,http://dd.eionet.europa.eu/vocabulary/aq/pollutant/7,hour,40.0636799900,µg/m3,2018-12-16 19:00:00 +01:00,2018-12-16 20:00:00 +01:00,1,1
GB,http://environment.data.gov.uk/air-quality/so,GB_Network_1,Station_GB1024A,,GB_SamplingPoint_74174,GB_StationProcess_918,GB_SamplingFeature_918,O3,http://dd.eionet.europa.eu/vocabulary/aq/pollutant/7,hour,49.9922899900,µg/m3,2018-12-16 20:00:00 +01:00,2018-12-16 21:00:00 +01:00,1,1
GB,http://environment.data.gov.uk/air-quality/so,GB_Network_1,Station_GB1024A,,GB_SamplingPoint_74174,GB_StationProcess_918,GB_SamplingFeature_918,O3,http://dd.eionet.europa.eu/vocabulary/aq/pollutant/7,hour,45.8013199900,µg/m3,2018-12-16 21:00:00 +01:00,2018-12-16 22:00:00 +01:00,1,1
GB,http://environment.data.gov.uk/air-quality/so,GB_Network_1,Station_GB1024A,,GB_SamplingPoint_74174,GB_StationProcess_918,GB_SamplingFeature_918,O3,http://dd.eionet.europa.eu/vocabulary/aq/pollutant/7,hour,37.5690499900,µg/m3,2018-12-16 22:00:00 +01:00,2018-12-16 23:00:00 +01:00,1,1
GB,http://environment.data.gov.uk/air-quality/so,GB_Network_1,Station_GB1024A,,GB_SamplingPoint_74174,GB_StationProcess_918,GB_SamplingFeature_918,O3,http://dd.eionet.europa.eu/vocabulary/aq/pollutant/7,hour,50.8903499900,µg/m3,2018-12-17 00:00:00 +01:00,2018-12-17 01:00:00 +01:00,1,1
GB,http://environment.data.gov.uk/air-quality/so,GB_Network_1,Station_GB1024A,,GB_SamplingPoint_74174,GB_StationProcess_918,GB_SamplingFeature_918,O3,http://dd.eionet.europa.eu/vocabulary/aq/pollutant/7,hour,45.0030399900,µg/m3,2018-12-17 06:00:00 +01:00,2018-12-17 07:00:00 +01:00,1,1
GB,http://environment.data.gov.uk/air-quality/so,GB_Network_1,Station_GB1024A,,GB_SamplingPoint_74174,GB_StationProcess_918,GB_SamplingFeature_918,O3,http://dd.eionet.europa.eu/vocabulary/aq/pollutant/7,hour,31.9810899900,µg/m3,2018-12-17 07:00:00 +01:00,2018-12-17 08:00:00 +01:00,1,1
GB,http://environment.data.gov.uk/air-quality/so,GB_Network_1,Station_GB1024A,,GB_SamplingPoint_74174,GB_StationProcess_918,GB_SamplingFeature_918,O3,http://dd.eionet.europa.eu/vocabulary/aq/pollutant/7,hour,32.6795899900,µg/m3,2018-12-17 14:00:00 +01:00,2018-12-17 15:00:00 +01:00,1,1
GB,http://environment.data.gov.uk/air-quality/so,GB_Network_1,Station_GB1024A,,GB_SamplingPoint_74174,GB_StationProcess_918,GB_SamplingFeature_918,O3,http://dd.eionet.europa.eu/vocabulary/aq/pollutant/7,hour,3.2430099900,µg/m3,2018-12-17 17:00:00 +01:00,2018-12-17 18:00:00 +01:00,2,1
GB,http://environment.data.gov.uk/air-quality/so,GB_Network_1,Station_GB1024A,,GB_SamplingPoint_74174,GB_StationProcess_918,GB_SamplingFeature_918,O3,http://dd.eionet.europa.eu/vocabulary/aq/pollutant/7,hour,2.6442999900,µg/m3,2018-12-17 18:00:00 +01:00,2018-12-17 19:00:00 +01:00,2,1
GB,http://environment.data.gov.uk/air-quality/so,GB_Network_1,Station_GB1024A,,GB_SamplingPoint_74174,GB_StationProcess_918,GB_SamplingFeature_918,O3,http://dd.eionet.europa.eu/vocabulary/aq/pollutant/7,hour,19.1587199900,µg/m3,2018-12-17 21:00:00 +01:00,2018-12-17 22:00:00 +01:00,1,1
GB,http://environment.data.gov.uk/air-quality/so,GB_Network_1,Station_GB1024A,,GB_SamplingPoint_74174,GB_StationProcess_918,GB_SamplingFeature_918,O3,http://dd.eionet.europa.eu/vocabulary/aq/pollutant/7,hour,31.7316299900,µg/m3,2018-12-17 22:00:00 +01:00,2018-12-17 23:00:00 +01:00,1,1
GB,http://environment.data.gov.uk/air-quality/so,GB_Network_1,Station_GB1024A,,GB_SamplingPoint_74174,GB_StationProcess_918,GB_SamplingFeature_918,O3,http://dd.eionet.europa.eu/vocabulary/aq/pollutant/7,hour,45.7015299900,µg/m3,2018-12-18 01:00:00 +01:00,2018-12-18 02:00:00 +01:00,1,1
GB,http://environment.data.gov.uk/air-quality/so,GB_Network_1,Station_GB1024A,,GB_SamplingPoint_74174,GB_StationProcess_918,GB_SamplingFeature_918,O3,http://dd.eionet.europa.eu/vocabulary/aq/pollutant/7,hour,63.9122899900,µg/m3,2018-12-18 03:00:00 +01:00,2018-12-18 04:00:00 +01:00,1,1
GB,http://environment.data.gov.uk/air-quality/so,GB_Network_1,Station_GB1024A,,GB_SamplingPoint_74174,GB_StationProcess_918,GB_SamplingFeature_918,O3,http://dd.eionet.europa.eu/vocabulary/aq/pollutant/7,hour,65.6585299900,µg/m3,2018-12-18 04:00:00 +01:00,2018-12-18 05:00:00 +01:00,1,1
GB,http://environment.data.gov.uk/air-quality/so,GB_Network_1,Station_GB1024A,,GB_SamplingPoint_74174,GB_StationProcess_918,GB_SamplingFeature_918,O3,http://dd.eionet.europa.eu/vocabulary/aq/pollutant/7,hour,50.4413199900,µg/m3,2018-12-18 12:00:00 +01:00,2018-12-18 13:00:00 +01:00,1,1
GB,http://environment.data.gov.uk/air-quality/so,GB_Network_1,Station_GB1024A,,GB_SamplingPoint_74174,GB_StationProcess_918,GB_SamplingFeature_918,O3,http://dd.eionet.europa.eu/vocabulary/aq/pollutant/7,hour,52.4370199900,µg/m3,2018-12-18 14:00:00 +01:00,2018-12-18 15:00:00 +01:00,1,1
GB,http://environment.data.gov.uk/air-quality/so,GB_Network_1,Station_GB1024A,,GB_SamplingPoint_74174,GB_StationProcess_918,GB_SamplingFeature_918,O3,http://dd.eionet.europa.eu/vocabulary/aq/pollutant/7,hour,46.4998099900,µg/m3,2018-12-18 16:00:00 +01:00,2018-12-18 17:00:00 +01:00,1,1
GB,http://environment.data.gov.uk/air-quality/so,GB_Network_1,Station_GB1024A,,GB_SamplingPoint_74174,GB_StationProcess_918,GB_SamplingFeature_918,O3,http://dd.eionet.europa.eu/vocabulary/aq/pollutant/7,hour,41.0615299900,µg/m3,2018-12-18 17:00:00 +01:00,2018-12-18 18:00:00 +01:00,1,1
GB,http://environment.data.gov.uk/air-quality/so,GB_Network_1,Station_GB1024A,,GB_SamplingPoint_74174,GB_StationProcess_918,GB_SamplingFeature_918,O3,http://dd.eionet.europa.eu/vocabulary/aq/pollutant/7,hour,33.6275499900,µg/m3,2018-12-18 21:00:00 +01:00,2018-12-18 22:00:00 +01:00,1,1
GB,http://environment.data.gov.uk/air-quality/so,GB_Network_1,Station_GB1024A,,GB_SamplingPoint_74174,GB_StationProcess_918,GB_SamplingFeature_918,O3,http://dd.eionet.europa.eu/vocabulary/aq/pollutant/7,hour,31.9810899900,µg/m3,2018-12-18 22:00:00 +01:00,2018-12-18 23:00:00 +01:00,1,1
GB,http://environment.data.gov.uk/air-quality/so,GB_Network_1,Station_GB1024A,,GB_SamplingPoint_74174,GB_StationProcess_918,GB_SamplingFeature_918,O3,http://dd.eionet.europa.eu/vocabulary/aq/pollutant/7,hour,43.0572299900,µg/m3,2018-12-19 00:00:00 +01:00,2018-12-19 01:00:00 +01:00,1,1
GB,http://environment.data.gov.uk/air-quality/so,GB_Network_1,Station_GB1024A,,GB_SamplingPoint_74174,GB_StationProcess_918,GB_SamplingFeature_918,O3,http://dd.eionet.europa.eu/vocabulary/aq/pollutant/7,hour,46.8989499900,µg/m3,2018-12-19 04:00:00 +01:00,2018-12-19 05:00:00 +01:00,1,1
GB,http://environment.data.gov.uk/air-quality/so,GB_Network_1,Station_GB1024A,,GB_SamplingPoint_74174,GB_StationProcess_918,GB_SamplingFeature_918,O3,http://dd.eionet.europa.eu/vocabulary/aq/pollutant/7,hour,46.9987399900,µg/m3,2018-12-19 05:00:00 +01:00,2018-12-19 06:00:00 +01:00,1,1
GB,http://environment.data.gov.uk/air-quality/so,GB_Network_1,Station_GB1024A,,GB_SamplingPoint_74174,GB_StationProcess_918,GB_SamplingFeature_918,O3,http://dd.eionet.europa.eu/vocabulary/aq/pollutant/7,hour,56.5281999900,µg/m3,2018-12-19 07:00:00 +01:00,2018-12-19 08:00:00 +01:00,1,1
GB,http://environment.data.gov.uk/air-quality/so,GB_Network_1,Station_GB1024A,,GB_SamplingPoint_74174,GB_StationProcess_918,GB_SamplingFeature_918,O3,http://dd.eionet.europa.eu/vocabulary/aq/pollutant/7,hour,46.0008899900,µg/m3,2018-12-19 08:00:00 +01:00,2018-12-19 09:00:00 +01:00,1,1
GB,http://environment.data.gov.uk/air-quality/so,GB_Network_1,Station_GB1024A,,GB_SamplingPoint_74174,GB_StationProcess_918,GB_SamplingFeature_918,O3,http://dd.eionet.europa.eu/vocabulary/aq/pollutant/7,hour,44.8034699900,µg/m3,2018-12-19 12:00:00 +01:00,2018-12-19 13:00:00 +01:00,1,1
GB,http://environment.data.gov.uk/air-quality/so,GB_Network_1,Station_GB1024A,,GB_SamplingPoint_74174,GB_StationProcess_918,GB_SamplingFeature_918,O3,http://dd.eionet.europa.eu/vocabulary/aq/pollutant/7,hour,45.9509899900,µg/m3,2018-12-19 14:00:00 +01:00,2018-12-19 15:00:00 +01:00,1,1
GB,http://environment.data.gov.uk/air-quality/so,GB_Network_1,Station_GB1024A,,GB_SamplingPoint_74174,GB_StationProcess_918,GB_SamplingFeature_918,O3,http://dd.eionet.europa.eu/vocabulary/aq/pollutant/7,hour,43.7058299900,µg/m3,2018-12-19 16:00:00 +01:00,2018-12-19 17:00:00 +01:00,1,1
GB,http://environment.data.gov.uk/air-quality/so,GB_Network_1,Station_GB1024A,,GB_SamplingPoint_74174,GB_StationProcess_918,GB_SamplingFeature_918,O3,http://dd.eionet.europa.eu/vocabulary/aq/pollutant/7,hour,38.0679799900,µg/m3,2018-12-19 18:00:00 +01:00,2018-12-19 19:00:00 +01:00,1,1
GB,http://environment.data.gov.uk/air-quality/so,GB_Network_1,Station_GB1024A,,GB_SamplingPoint_74174,GB_StationProcess_918,GB_SamplingFeature_918,O3,http://dd.eionet.europa.eu/vocabulary/aq/pollutant/7,hour,33.5776499900,µg/m3,2018-12-19 19:00:00 +01:00,2018-12-19 20:00:00 +01:00,1,1
GB,http://environment.data.gov.uk/air-quality/so,GB_Network_1,Station_GB1024A,,GB_SamplingPoint_74174,GB_StationProcess_918,GB_SamplingFeature_918,O3,http://dd.eionet.europa.eu/vocabulary/aq/pollutant/7,hour,30.2847499900,µg/m3,2018-12-19 20:00:00 +01:00,2018-12-19 21:00:00 +01:00,1,1
GB,http://environment.data.gov.uk/air-quality/so,GB_Network_1,Station_GB1024A,,GB_SamplingPoint_74174,GB_StationProcess_918,GB_SamplingFeature_918,O3,http://dd.eionet.europa.eu/vocabulary/aq/pollutant/7,hour,46.0008899900,µg/m3,2018-12-19 22:00:00 +01:00,2018-12-19 23:00:00 +01:00,1,1
GB,http://environment.data.gov.uk/air-quality/so,GB_Network_1,Station_GB1024A,,GB_SamplingPoint_74174,GB_StationProcess_918,GB_SamplingFeature_918,O3,http://dd.eionet.europa.eu/vocabulary/aq/pollutant/7,hour,63.0142299900,µg/m3,2018-12-20 06:00:00 +01:00,2018-12-20 07:00:00 +01:00,1,1
GB,http://environment.data.gov.uk/air-quality/so,GB_Network_1,Station_GB1024A,,GB_SamplingPoint_74174,GB_StationProcess_918,GB_SamplingFeature_918,O3,http://dd.eionet.europa.eu/vocabulary/aq/pollutant/7,hour,34.5754999900,µg/m3,2018-12-20 08:00:00 +01:00,2018-12-20 09:00:00 +01:00,1,1
GB,http://environment.data.gov.uk/air-quality/so,GB_Network_1,Station_GB1024A,,GB_SamplingPoint_74174,GB_StationProcess_918,GB_SamplingFeature_918,O3,http://dd.eionet.europa.eu/vocabulary/aq/pollutant/7,hour,52.6365899900,µg/m3,2018-12-20 14:00:00 +01:00,2018-12-20 15:00:00 +01:00,1,1
GB,http://environment.data.gov.uk/air-quality/so,GB_Network_1,Station_GB1024A,,GB_SamplingPoint_74174,GB_StationProcess_918,GB_SamplingFeature_918,O3,http://dd.eionet.europa.eu/vocabulary/aq/pollutant/7,hour,49.1441099900,µg/m3,2018-12-20 15:00:00 +01:00,2018-12-20 16:00:00 +01:00,1,1
GB,http://environment.data.gov.uk/air-quality/so,GB_Network_1,Station_GB1024A,,GB_SamplingPoint_74174,GB_StationProcess_918,GB_SamplingFeature_918,O3,http://dd.eionet.europa.eu/vocabulary/aq/pollutant/7,hour,42.0593799900,µg/m3,2018-12-20 16:00:00 +01:00,2018-12-20 17:00:00 +01:00,1,1
GB,http://environment.data.gov.uk/air-quality/so,GB_Network_1,Station_GB1024A,,GB_SamplingPoint_74174,GB_StationProcess_918,GB_SamplingFeature_918,O3,http://dd.eionet.europa.eu/vocabulary/aq/pollutant/7,hour,41.3109899900,µg/m3,2018-12-20 17:00:00 +01:00,2018-12-20 18:00:00 +01:00,1,1
GB,http://environment.data.gov.uk/air-quality/so,GB_Network_1,Station_GB1024A,,GB_SamplingPoint_74174,GB_StationProcess_918,GB_SamplingFeature_918,O3,http://dd.eionet.europa.eu/vocabulary/aq/pollutant/7,hour,42.7578699900,µg/m3,2018-12-20 19:00:00 +01:00,2018-12-20 20:00:00 +01:00,1,1
GB,http://environment.data.gov.uk/air-quality/so,GB_Network_1,Station_GB1024A,,GB_SamplingPoint_74174,GB_StationProcess_918,GB_SamplingFeature_918,O3,http://dd.eionet.europa.eu/vocabulary/aq/pollutant/7,hour,53.4348699900,µg/m3,2018-12-20 21:00:00 +01:00,2018-12-20 22:00:00 +01:00,1,1
GB,http://environment.data.gov.uk/air-quality/so,GB_Network_1,Station_GB1024A,,GB_SamplingPoint_74174,GB_StationProcess_918,GB_SamplingFeature_918,O3,http://dd.eionet.europa.eu/vocabulary/aq/pollutant/7,hour,38.8662599900,µg/m3,2018-12-21 00:00:00 +01:00,2018-12-21 01:00:00 +01:00,1,1
GB,http://environment.data.gov.uk/air-quality/so,GB_Network_1,Station_GB1024A,,GB_SamplingPoint_74174,GB_StationProcess_918,GB_SamplingFeature_918,O3,http://dd.eionet.europa.eu/vocabulary/aq/pollutant/7,hour,25.3453899900,µg/m3,2018-12-21 01:00:00 +01:00,2018-12-21 02:00:00 +01:00,1,1
GB,http://environment.data.gov.uk/air-quality/so,GB_Network_1,Station_GB1024A,,GB_SamplingPoint_74174,GB_StationProcess_918,GB_SamplingFeature_918,O3,http://dd.eionet.europa.eu/vocabulary/aq/pollutant/7,hour,47.0319999900,µg/m3,2018-12-21 02:00:00 +01:00,2018-12-21 03:00:00 +01:00,1,1
GB,http://environment.data.gov.uk/air-quality/so,GB_Network_1,Station_GB1024A,,GB_SamplingPoint_74174,GB_StationProcess_918,GB_SamplingFeature_918,O3,http://dd.eionet.europa.eu/vocabulary/aq/pollutant/7,hour,56.5780999900,µg/m3,2018-12-21 03:00:00 +01:00,2018-12-21 04:00:00 +01:00,1,1
GB,http://environment.data.gov.uk/air-quality/so,GB_Network_1,Station_GB1024A,,GB_SamplingPoint_74174,GB_StationProcess_918,GB_SamplingFeature_918,O3,http://dd.eionet.europa.eu/vocabulary/aq/pollutant/7,hour,59.8211099900,µg/m3,2018-12-21 04:00:00 +01:00,2018-12-21 05:00:00 +01:00,1,1
GB,http://environment.data.gov.uk/air-quality/so,GB_Network_1,Station_GB1024A,,GB_SamplingPoint_74174,GB_StationProcess_918,GB_SamplingFeature_918,O3,http://dd.eionet.europa.eu/vocabulary/aq/pollutant/7,hour,55.6301399900,µg/m3,2018-12-21 05:00:00 +01:00,2018-12-21 06:00:00 +01:00,1,1
GB,http://environment.data.gov.uk/air-quality/so,GB_Network_1,Station_GB1024A,,GB_SamplingPoint_74174,GB_StationProcess_918,GB_SamplingFeature_918,O3,http://dd.eionet.europa.eu/vocabulary/aq/pollutant/7,hour,64.2615399900,µg/m3,2018-12-21 10:00:00 +01:00,2018-12-21 11:00:00 +01:00,1,1
GB,http://environment.data.gov.uk/air-quality/so,GB_Network_1,Station_GB1024A,,GB_SamplingPoint_74174,GB_StationProcess_918,GB_SamplingFeature_918,O3,http://dd.eionet.europa.eu/vocabulary/aq/pollutant/7,hour,66.0077799900,µg/m3,2018-12-21 13:00:00 +01:00,2018-12-21 14:00:00 +01:00,1,1
GB,http://environment.data.gov.uk/air-quality/so,GB_Network_1,Station_GB1024A,,GB_SamplingPoint_74174,GB_StationProcess_918,GB_SamplingFeature_918,O3,http://dd.eionet.europa.eu/vocabulary/aq/pollutant/7,hour,65.2593899900,µg/m3,2018-12-21 14:00:00 +01:00,2018-12-21 15:00:00 +01:00,1,1
GB,http://environment.data.gov.uk/air-quality/so,GB_Network_1,Station_GB1024A,,GB_SamplingPoint_74174,GB_StationProcess_918,GB_SamplingFeature_918,O3,http://dd.eionet.europa.eu/vocabulary/aq/pollutant/7,hour,64.6606799900,µg/m3,2018-12-21 15:00:00 +01:00,2018-12-21 16:00:00 +01:00,1,1
GB,http://environment.data.gov.uk/air-quality/so,GB_Network_1,Station_GB1024A,,GB_SamplingPoint_74174,GB_StationProcess_918,GB_SamplingFeature_918,O3,http://dd.eionet.europa.eu/vocabulary/aq/pollutant/7,hour,61.5174499900,µg/m3,2018-12-21 16:00:00 +01:00,2018-12-21 17:00:00 +01:00,1,1
GB,http://environment.data.gov.uk/air-quality/so,GB_Network_1,Station_GB1024A,,GB_SamplingPoint_74174,GB_StationProcess_918,GB_SamplingFeature_918,O3,http://dd.eionet.europa.eu/vocabulary/aq/pollutant/7,hour,44.2546499900,µg/m3,2018-12-21 20:00:00 +01:00,2018-12-21 21:00:00 +01:00,1,1
GB,http://environment.data.gov.uk/air-quality/so,GB_Network_1,Station_GB1024A,,GB_SamplingPoint_74174,GB_StationProcess_918,GB_SamplingFeature_918,O3,http://dd.eionet.europa.eu/vocabulary/aq/pollutant/7,hour,47.9965899900,µg/m3,2018-12-21 22:00:00 +01:00,2018-12-21 23:00:00 +01:00,1,1
GB,http://environment.data.gov.uk/air-quality/so,GB_Network_1,Station_GB1024A,,GB_SamplingPoint_74174,GB_StationProcess_918,GB_SamplingFeature_918,O3,http://dd.eionet.europa.eu/vocabulary/aq/pollutant/7,hour,55.0813199900,µg/m3,2018-12-21 23:00:00 +01:00,2018-12-22 00:00:00 +01:00,1,1
GB,http://environment.data.gov.uk/air-quality/so,GB_Network_1,Station_GB1024A,,GB_SamplingPoint_74174,GB_StationProcess_918,GB_SamplingFeature_918,O3,http://dd.eionet.europa.eu/vocabulary/aq/pollutant/7,hour,68.3527299900,µg/m3,2018-12-22 04:00:00 +01:00,2018-12-22 05:00:00 +01:00,1,1
GB,http://environment.data.gov.uk/air-quality/so,GB_Network_1,Station_GB1024A,,GB_SamplingPoint_74174,GB_StationProcess_918,GB_SamplingFeature_918,O3,http://dd.eionet.europa.eu/vocabulary/aq/pollutant/7,hour,66.3570299900,µg/m3,2018-12-22 05:00:00 +01:00,2018-12-22 06:00:00 +01:00,1,1
GB,http://environment.data.gov.uk/air-quality/so,GB_Network_1,Station_GB1024A,,GB_SamplingPoint_74174,GB_StationProcess_918,GB_SamplingFeature_918,O3,http://dd.eionet.europa.eu/vocabulary/aq/pollutant/7,hour,52.3871299900,µg/m3,2018-12-22 08:00:00 +01:00,2018-12-22 09:00:00 +01:00,1,1
GB,http://environment.data.gov.uk/air-quality/so,GB_Network_1,Station_GB1024A,,GB_SamplingPoint_74174,GB_StationProcess_918,GB_SamplingFeature_918,O3,http://dd.eionet.europa.eu/vocabulary/aq/pollutant/7,hour,44.5041099900,µg/m3,2018-12-22 09:00:00 +01:00,2018-12-22 10:00:00 +01:00,1,1
GB,http://environment.data.gov.uk/air-quality/so,GB_Network_1,Station_GB1024A,,GB_SamplingPoint_74174,GB_StationProcess_918,GB_SamplingFeature_918,O3,http://dd.eionet.europa.eu/vocabulary/aq/pollutant/7,hour,57.0770199900,µg/m3,2018-12-22 14:00:00 +01:00,2018-12-22 15:00:00 +01:00,1,1
GB,http://environment.data.gov.uk/air-quality/so,GB_Network_1,Station_GB1024A,,GB_SamplingPoint_74174,GB_StationProcess_918,GB_SamplingFeature_918,O3,http://dd.eionet.europa.eu/vocabulary/aq/pollutant/7,hour,47.2481999900,µg/m3,2018-12-22 16:00:00 +01:00,2018-12-22 17:00:00 +01:00,1,1
GB,http://environment.data.gov.uk/air-quality/so,GB_Network_1,Station_GB1024A,,GB_SamplingPoint_74174,GB_StationProcess_918,GB_SamplingFeature_918,O3,http://dd.eionet.europa.eu/vocabulary/aq/pollutant/7,hour,37.5191599900,µg/m3,2018-12-22 17:00:00 +01:00,2018-12-22 18:00:00 +01:00,1,1
GB,http://environment.data.gov.uk/air-quality/so,GB_Network_1,Station_GB1024A,,GB_SamplingPoint_74174,GB_StationProcess_918,GB_SamplingFeature_918,O3,http://dd.eionet.europa.eu/vocabulary/aq/pollutant/7,hour,26.8421699900,µg/m3,2018-12-22 18:00:00 +01:00,2018-12-22 19:00:00 +01:00,1,1
GB,http://environment.data.gov.uk/air-quality/so,GB_Network_1,Station_GB1024A,,GB_SamplingPoint_74174,GB_StationProcess_918,GB_SamplingFeature_918,O3,http://dd.eionet.europa.eu/vocabulary/aq/pollutant/7,hour,26.3931299900,µg/m3,2018-12-22 19:00:00 +01:00,2018-12-22 20:00:00 +01:00,1,1
GB,http://environment.data.gov.uk/air-quality/so,GB_Network_1,Station_GB1024A,,GB_SamplingPoint_74174,GB_StationProcess_918,GB_SamplingFeature_918,O3,http://dd.eionet.europa.eu/vocabulary/aq/pollutant/7,hour,15.8658199900,µg/m3,2018-12-22 21:00:00 +01:00,2018-12-22 22:00:00 +01:00,1,1
GB,http://environment.data.gov.uk/air-quality/so,GB_Network_1,Station_GB1024A,,GB_SamplingPoint_74174,GB_StationProcess_918,GB_SamplingFeature_918,O3,http://dd.eionet.europa.eu/vocabulary/aq/pollutant/7,hour,28.6050299900,µg/m3,2018-12-23 01:00:00 +01:00,2018-12-23 02:00:00 +01:00,1,1
GB,http://environment.data.gov.uk/air-quality/so,GB_Network_1,Station_GB1024A,,GB_SamplingPoint_74174,GB_StationProcess_918,GB_SamplingFeature_918,O3,http://dd.eionet.europa.eu/vocabulary/aq/pollutant/7,hour,35.3238899900,µg/m3,2018-12-23 03:00:00 +01:00,2018-12-23 04:00:00 +01:00,1,1
GB,http://environment.data.gov.uk/air-quality/so,GB_Network_1,Station_GB1024A,,GB_SamplingPoint_74174,GB_StationProcess_918,GB_SamplingFeature_918,O3,http://dd.eionet.europa.eu/vocabulary/aq/pollutant/7,hour,42.8077699900,µg/m3,2018-12-23 05:00:00 +01:00,2018-12-23 06:00:00 +01:00,1,1
GB,http://environment.data.gov.uk/air-quality/so,GB_Network_1,Station_GB1024A,,GB_SamplingPoint_74174,GB_StationProcess_918,GB_SamplingFeature_918,O3,http://dd.eionet.europa.eu/vocabulary/aq/pollutant/7,hour,29.3866799900,µg/m3,2018-12-23 06:00:00 +01:00,2018-12-23 07:00:00 +01:00,1,1
GB,http://environment.data.gov.uk/air-quality/so,GB_Network_1,Station_GB1024A,,GB_SamplingPoint_74174,GB_StationProcess_918,GB_SamplingFeature_918,O3,http://dd.eionet.europa.eu/vocabulary/aq/pollutant/7,hour,35.3737799900,µg/m3,2018-12-23 08:00:00 +01:00,2018-12-23 09:00:00 +01:00,1,1
GB,http://environment.data.gov.uk/air-quality/so,GB_Network_1,Station_GB1024A,,GB_SamplingPoint_74174,GB_StationProcess_918,GB_SamplingFeature_918,O3,http://dd.eionet.europa.eu/vocabulary/aq/pollutant/7,hour,38.6167999900,µg/m3,2018-12-23 14:00:00 +01:00,2018-12-23 15:00:00 +01:00,1,1
GB,http://environment.data.gov.uk/air-quality/so,GB_Network_1,Station_GB1024A,,GB_SamplingPoint_74174,GB_StationProcess_918,GB_SamplingFeature_918,O3,http://dd.eionet.europa.eu/vocabulary/aq/pollutant/7,hour,56.5780999900,µg/m3,2018-12-23 21:00:00 +01:00,2018-12-23 22:00:00 +01:00,1,1
GB,http://environment.data.gov.uk/air-quality/so,GB_Network_1,Station_GB1024A,,GB_SamplingPoint_74174,GB_StationProcess_918,GB_SamplingFeature_918,O3,http://dd.eionet.europa.eu/vocabulary/aq/pollutant/7,hour,46.4499199900,µg/m3,2018-12-24 00:00:00 +01:00,2018-12-24 01:00:00 +01:00,1,1
GB,http://environment.data.gov.uk/air-quality/so,GB_Network_1,Station_GB1024A,,GB_SamplingPoint_74174,GB_StationProcess_918,GB_SamplingFeature_918,O3,http://dd.eionet.europa.eu/vocabulary/aq/pollutant/7,hour,31.5819499900,µg/m3,2018-12-24 04:00:00 +01:00,2018-12-24 05:00:00 +01:00,1,1
GB,http://environment.data.gov.uk/air-quality/so,GB_Network_1,Station_GB1024A,,GB_SamplingPoint_74174,GB_StationProcess_918,GB_SamplingFeature_918,O3,http://dd.eionet.europa.eu/vocabulary/aq/pollutant/7,hour,4.6898999900,µg/m3,2018-12-24 10:00:00 +01:00,2018-12-24 11:00:00 +01:00,2,1
GB,http://environment.data.gov.uk/air-quality/so,GB_Network_1,Station_GB1024A,,GB_SamplingPoint_74174,GB_StationProcess_918,GB_SamplingFeature_918,O3,http://dd.eionet.europa.eu/vocabulary/aq/pollutant/7,hour,8.6313999900,µg/m3,2018-12-24 12:00:00 +01:00,2018-12-24 13:00:00 +01:00,1,1
GB,http://environment.data.gov.uk/air-quality/so,GB_Network_1,Station_GB1024A,,GB_SamplingPoint_74174,GB_StationProcess_918,GB_SamplingFeature_918,O3,http://dd.eionet.europa.eu/vocabulary/aq/pollutant/7,hour,15.4167799900,µg/m3,2018-12-24 15:00:00 +01:00,2018-12-24 16:00:00 +01:00,1,1
GB,http://environment.data.gov.uk/air-quality/so,GB_Network_1,Station_GB1024A,,GB_SamplingPoint_74174,GB_StationProcess_918,GB_SamplingFeature_918,O3,http://dd.eionet.europa.eu/vocabulary/aq/pollutant/7,hour,1.1974199900,µg/m3,2018-12-24 19:00:00 +01:00,2018-12-24 20:00:00 +01:00,2,1
GB,http://environment.data.gov.uk/air-quality/so,GB_Network_1,Station_GB1024A,,GB_SamplingPoint_74174,GB_StationProcess_918,GB_SamplingFeature_918,O3,http://dd.eionet.europa.eu/vocabulary/aq/pollutant/7,hour,1.4468799900,µg/m3,2018-12-24 20:00:00 +01:00,2018-12-24 21:00:00 +01:00,2,1
GB,http://environment.data.gov.uk/air-quality/so,GB_Network_1,Station_GB1024A,,GB_SamplingPoint_74174,GB_StationProcess_918,GB_SamplingFeature_918,O3,http://dd.eionet.europa.eu/vocabulary/aq/pollutant/7,hour,2.0954899900,µg/m3,2018-12-24 22:00:00 +01:00,2018-12-24 23:00:00 +01:00,2,1
GB,http://environment.data.gov.uk/air-quality/so,GB_Network_1,Station_GB1024A,,GB_SamplingPoint_74174,GB_StationProcess_918,GB_SamplingFeature_918,O3,http://dd.eionet.europa.eu/vocabulary/aq/pollutant/7,hour,2.7939799900,µg/m3,2018-12-25 01:00:00 +01:00,2018-12-25 02:00:00 +01:00,2,1
GB,http://environment.data.gov.uk/air-quality/so,GB_Network_1,Station_GB1024A,,GB_SamplingPoint_74174,GB_StationProcess_918,GB_SamplingFeature_918,O3,http://dd.eionet.europa.eu/vocabulary/aq/pollutant/7,hour,3.3261699900,µg/m3,2018-12-25 02:00:00 +01:00,2018-12-25 03:00:00 +01:00,2,1
GB,http://environment.data.gov.uk/air-quality/so,GB_Network_1,Station_GB1024A,,GB_SamplingPoint_74174,GB_StationProcess_918,GB_SamplingFeature_918,O3,http://dd.eionet.europa.eu/vocabulary/aq/pollutant/7,hour,2.2451599900,µg/m3,2018-12-25 03:00:00 +01:00,2018-12-25 04:00:00 +01:00,2,1
GB,http://environment.data.gov.uk/air-quality/so,GB_Network_1,Station_GB1024A,,GB_SamplingPoint_74174,GB_StationProcess_918,GB_SamplingFeature_918,O3,http://dd.eionet.europa.eu/vocabulary/aq/pollutant/7,hour,2.5445199900,µg/m3,2018-12-25 04:00:00 +01:00,2018-12-25 05:00:00 +01:00,2,1
GB,http://environment.data.gov.uk/air-quality/so,GB_Network_1,Station_GB1024A,,GB_SamplingPoint_74174,GB_StationProcess_918,GB_SamplingFeature_918,O3,http://dd.eionet.europa.eu/vocabulary/aq/pollutant/7,hour,2.6442999900,µg/m3,2018-12-25 05:00:00 +01:00,2018-12-25 06:00:00 +01:00,2,1
GB,http://environment.data.gov.uk/air-quality/so,GB_Network_1,Station_GB1024A,,GB_SamplingPoint_74174,GB_StationProcess_918,GB_SamplingFeature_918,O3,http://dd.eionet.europa.eu/vocabulary/aq/pollutant/7,hour,2.1453799900,µg/m3,2018-12-25 08:00:00 +01:00,2018-12-25 09:00:00 +01:00,2,1
GB,http://environment.data.gov.uk/air-quality/so,GB_Network_1,Station_GB1024A,,GB_SamplingPoint_74174,GB_StationProcess_918,GB_SamplingFeature_918,O3,http://dd.eionet.europa.eu/vocabulary/aq/pollutant/7,hour,1.3969899900,µg/m3,2018-12-25 09:00:00 +01:00,2018-12-25 10:00:00 +01:00,2,1
GB,http://environment.data.gov.uk/air-quality/so,GB_Network_1,Station_GB1024A,,GB_SamplingPoint_74174,GB_StationProcess_918,GB_SamplingFeature_918,O3,http://dd.eionet.europa.eu/vocabulary/aq/pollutant/7,hour,2.3948399900,µg/m3,2018-12-25 14:00:00 +01:00,2018-12-25 15:00:00 +01:00,2,1
GB,http://environment.data.gov.uk/air-quality/so,GB_Network_1,Station_GB1024A,,GB_SamplingPoint_74174,GB_StationProcess_918,GB_SamplingFeature_918,O3,http://dd.eionet.europa.eu/vocabulary/aq/pollutant/7,hour,2.5445199900,µg/m3,2018-12-25 15:00:00 +01:00,2018-12-25 16:00:00 +01:00,2,1
GB,http://environment.data.gov.uk/air-quality/so,GB_Network_1,Station_GB1024A,,GB_SamplingPoint_74174,GB_StationProcess_918,GB_SamplingFeature_918,O3,http://dd.eionet.europa.eu/vocabulary/aq/pollutant/7,hour,9.3797899900,µg/m3,2018-12-25 17:00:00 +01:00,2018-12-25 18:00:00 +01:00,1,1
GB,http://environment.data.gov.uk/air-quality/so,GB_Network_1,Station_GB1024A,,GB_SamplingPoint_74174,GB_StationProcess_918,GB_SamplingFeature_918,O3,http://dd.eionet.europa.eu/vocabulary/aq/pollutant/7,hour,8.8808699900,µg/m3,2018-12-25 18:00:00 +01:00,2018-12-25 19:00:00 +01:00,1,1
GB,http://environment.data.gov.uk/air-quality/so,GB_Network_1,Station_GB1024A,,GB_SamplingPoint_74174,GB_StationProcess_918,GB_SamplingFeature_918,O3,http://dd.eionet.europa.eu/vocabulary/aq/pollutant/7,hour,8.8808699900,µg/m3,2018-12-25 19:00:00 +01:00,2018-12-25 20:00:00 +01:00,1,1
GB,http://environment.data.gov.uk/air-quality/so,GB_Network_1,Station_GB1024A,,GB_SamplingPoint_74174,GB_StationProcess_918,GB_SamplingFeature_918,O3,http://dd.eionet.europa.eu/vocabulary/aq/pollutant/7,hour,2.6941999900,µg/m3,2018-12-25 21:00:00 +01:00,2018-12-25 22:00:00 +01:00,2,1
GB,http://environment.data.gov.uk/air-quality/so,GB_Network_1,Station_GB1024A,,GB_SamplingPoint_74174,GB_StationProcess_918,GB_SamplingFeature_918,O3,http://dd.eionet.europa.eu/vocabulary/aq/pollutant/7,hour,2.5944099900,µg/m3,2018-12-25 22:00:00 +01:00,2018-12-25 23:00:00 +01:00,2,1
GB,http://environment.data.gov.uk/air-quality/so,GB_Network_1,Station_GB1024A,,GB_SamplingPoint_74174,GB_StationProcess_918,GB_SamplingFeature_918,O3,http://dd.eionet.europa.eu/vocabulary/aq/pollutant/7,hour,2.5445199900,µg/m3,2018-12-25 23:00:00 +01:00,2018-12-26 00:00:00 +01:00,2,1
GB,http://environment.data.gov.uk/air-quality/so,GB_Network_1,Station_GB1024A,,GB_SamplingPoint_74174,GB_StationProcess_918,GB_SamplingFeature_918,O3,http://dd.eionet.europa.eu/vocabulary/aq/pollutant/7,hour,3.2430099900,µg/m3,2018-12-26 03:00:00 +01:00,2018-12-26 04:00:00 +01:00,2,1
GB,http://environment.data.gov.uk/air-quality/so,GB_Network_1,Station_GB1024A,,GB_SamplingPoint_74174,GB_StationProcess_918,GB_SamplingFeature_918,O3,http://dd.eionet.europa.eu/vocabulary/aq/pollutant/7,hour,2.2950599900,µg/m3,2018-12-26 04:00:00 +01:00,2018-12-26 05:00:00 +01:00,2,1
GB,http://environment.data.gov.uk/air-quality/so,GB_Network_1,Station_GB1024A,,GB_SamplingPoint_74174,GB_StationProcess_918,GB_SamplingFeature_918,O3,http://dd.eionet.europa.eu/vocabulary/aq/pollutant/7,hour,20.4559299900,µg/m3,2018-12-26 06:00:00 +01:00,2018-12-26 07:00:00 +01:00,1,1
GB,http://environment.data.gov.uk/air-quality/so,GB_Network_1,Station_GB1024A,,GB_SamplingPoint_74174,GB_StationProcess_918,GB_SamplingFeature_918,O3,http://dd.eionet.europa.eu/vocabulary/aq/pollutant/7,hour,26.0937799900,µg/m3,2018-12-26 08:00:00 +01:00,2018-12-26 09:00:00 +01:00,1,1
GB,http://environment.data.gov.uk/air-quality/so,GB_Network_1,Station_GB1024A,,GB_SamplingPoint_74174,GB_StationProcess_918,GB_SamplingFeature_918,O3,http://dd.eionet.europa.eu/vocabulary/aq/pollutant/7,hour,22.5015199900,µg/m3,2018-12-26 10:00:00 +01:00,2018-12-26 11:00:00 +01:00,1,1
GB,http://environment.data.gov.uk/air-quality/so,GB_Network_1,Station_GB1024A,,GB_SamplingPoint_74174,GB_StationProcess_918,GB_SamplingFeature_918,O3,http://dd.eionet.europa.eu/vocabulary/aq/pollutant/7,hour,23.4993699900,µg/m3,2018-12-26 16:00:00 +01:00,2018-12-26 17:00:00 +01:00,1,1
GB,http://environment.data.gov.uk/air-quality/so,GB_Network_1,Station_GB1024A,,GB_SamplingPoint_74174,GB_StationProcess_918,GB_SamplingFeature_918,O3,http://dd.eionet.europa.eu/vocabulary/aq/pollutant/7,hour,8.7311899900,µg/m3,2018-12-26 19:00:00 +01:00,2018-12-26 20:00:00 +01:00,1,1
GB,http://environment.data.gov.uk/air-quality/so,GB_Network_1,Station_GB1024A,,GB_SamplingPoint_74174,GB_StationProcess_918,GB_SamplingFeature_918,O3,http://dd.eionet.europa.eu/vocabulary/aq/pollutant/7,hour,2.0954899900,µg/m3,2018-12-26 23:00:00 +01:00,2018-12-27 00:00:00 +01:00,2,1
GB,http://environment.data.gov.uk/air-quality/so,GB_Network_1,Station_GB1024A,,GB_SamplingPoint_74174,GB_StationProcess_918,GB_SamplingFeature_918,O3,http://dd.eionet.europa.eu/vocabulary/aq/pollutant/7,hour,1.3969899900,µg/m3,2018-12-27 01:00:00 +01:00,2018-12-27 02:00:00 +01:00,2,1
GB,http://environment.data.gov.uk/air-quality/so,GB_Network_1,Station_GB1024A,,GB_SamplingPoint_74174,GB_StationProcess_918,GB_SamplingFeature_918,O3,http://dd.eionet.europa.eu/vocabulary/aq/pollutant/7,hour,1.4468799900,µg/m3,2018-12-27 04:00:00 +01:00,2018-12-27 05:00:00 +01:00,2,1
GB,http://environment.data.gov.uk/air-quality/so,GB_Network_1,Station_GB1024A,,GB_SamplingPoint_74174,GB_StationProcess_918,GB_SamplingFeature_918,O3,http://dd.eionet.europa.eu/vocabulary/aq/pollutant/7,hour,2.3449499900,µg/m3,2018-12-27 08:00:00 +01:00,2018-12-27 09:00:00 +01:00,2,1
GB,http://environment.data.gov.uk/air-quality/so,GB_Network_1,Station_GB1024A,,GB_SamplingPoint_74174,GB_StationProcess_918,GB_SamplingFeature_918,O3,http://dd.eionet.europa.eu/vocabulary/aq/pollutant/7,hour,2.2451599900,µg/m3,2018-12-27 09:00:00 +01:00,2018-12-27 10:00:00 +01:00,2,1
GB,http://environment.data.gov.uk/air-quality/so,GB_Network_1,Station_GB1024A,,GB_SamplingPoint_74174,GB_StationProcess_918,GB_SamplingFeature_918,O3,http://dd.eionet.europa.eu/vocabulary/aq/pollutant/7,hour,2.5944099900,µg/m3,2018-12-27 10:00:00 +01:00,2018-12-27 11:00:00 +01:00,2,1
GB,http://environment.data.gov.uk/air-quality/so,GB_Network_1,Station_GB1024A,,GB_SamplingPoint_74174,GB_StationProcess_918,GB_SamplingFeature_918,O3,http://dd.eionet.europa.eu/vocabulary/aq/pollutant/7,hour,2.6941999900,µg/m3,2018-12-27 11:00:00 +01:00,2018-12-27 12:00:00 +01:00,2,1
GB,http://environment.data.gov.uk/air-quality/so,GB_Network_1,Station_GB1024A,,GB_SamplingPoint_74174,GB_StationProcess_918,GB_SamplingFeature_918,O3,http://dd.eionet.europa.eu/vocabulary/aq/pollutant/7,hour,2.8438699900,µg/m3,2018-12-27 12:00:00 +01:00,2018-12-27 13:00:00 +01:00,2,1
GB,http://environment.data.gov.uk/air-quality/so,GB_Network_1,Station_GB1024A,,GB_SamplingPoint_74174,GB_StationProcess_918,GB_SamplingFeature_918,O3,http://dd.eionet.europa.eu/vocabulary/aq/pollutant/7,hour,4.6399999900,µg/m3,2018-12-27 13:00:00 +01:00,2018-12-27 14:00:00 +01:00,2,1
GB,http://environment.data.gov.uk/air-quality/so,GB_Network_1,Station_GB1024A,,GB_SamplingPoint_74174,GB_StationProcess_918,GB_SamplingFeature_918,O3,http://dd.eionet.europa.eu/vocabulary/aq/pollutant/7,hour,8.0825899900,µg/m3,2018-12-27 14:00:00 +01:00,2018-12-27 15:00:00 +01:00,1,1
GB,http://environment.data.gov.uk/air-quality/so,GB_Network_1,Station_GB1024A,,GB_SamplingPoint_74174,GB_StationProcess_918,GB_SamplingFeature_918,O3,http://dd.eionet.europa.eu/vocabulary/aq/pollutant/7,hour,2.3948399900,µg/m3,2018-12-27 16:00:00 +01:00,2018-12-27 17:00:00 +01:00,2,1
GB,http://environment.data.gov.uk/air-quality/so,GB_Network_1,Station_GB1024A,,GB_SamplingPoint_74174,GB_StationProcess_918,GB_SamplingFeature_918,O3,http://dd.eionet.europa.eu/vocabulary/aq/pollutant/7,hour,2.0954899900,µg/m3,2018-12-27 17:00:00 +01:00,2018-12-27 18:00:00 +01:00,2,1
GB,http://environment.data.gov.uk/air-quality/so,GB_Network_1,Station_GB1024A,,GB_SamplingPoint_74174,GB_StationProcess_918,GB_SamplingFeature_918,O3,http://dd.eionet.europa.eu/vocabulary/aq/pollutant/7,hour,2.3449499900,µg/m3,2018-12-27 18:00:00 +01:00,2018-12-27 19:00:00 +01:00,2,1
GB,http://environment.data.gov.uk/air-quality/so,GB_Network_1,Station_GB1024A,,GB_SamplingPoint_74174,GB_StationProcess_918,GB_SamplingFeature_918,O3,http://dd.eionet.europa.eu/vocabulary/aq/pollutant/7,hour,2.0455899900,µg/m3,2018-12-27 19:00:00 +01:00,2018-12-27 20:00:00 +01:00,2,1
GB,http://environment.data.gov.uk/air-quality/so,GB_Network_1,Station_GB1024A,,GB_SamplingPoint_74174,GB_StationProcess_918,GB_SamplingFeature_918,O3,http://dd.eionet.europa.eu/vocabulary/aq/pollutant/7,hour,2.3449499900,µg/m3,2018-12-27 20:00:00 +01:00,2018-12-27 21:00:00 +01:00,2,1
GB,http://environment.data.gov.uk/air-quality/so,GB_Network_1,Station_GB1024A,,GB_SamplingPoint_74174,GB_StationProcess_918,GB_SamplingFeature_918,O3,http://dd.eionet.europa.eu/vocabulary/aq/pollutant/7,hour,2.0455899900,µg/m3,2018-12-27 21:00:00 +01:00,2018-12-27 22:00:00 +01:00,2,1
GB,http://environment.data.gov.uk/air-quality/so,GB_Network_1,Station_GB1024A,,GB_SamplingPoint_74174,GB_StationProcess_918,GB_SamplingFeature_918,O3,http://dd.eionet.europa.eu/vocabulary/aq/pollutant/7,hour,2.3948399900,µg/m3,2018-12-28 00:00:00 +01:00,2018-12-28 01:00:00 +01:00,2,1
GB,http://environment.data.gov.uk/air-quality/so,GB_Network_1,Station_GB1024A,,GB_SamplingPoint_74174,GB_StationProcess_918,GB_SamplingFeature_918,O3,http://dd.eionet.europa.eu/vocabulary/aq/pollutant/7,hour,2.0622199900,µg/m3,2018-12-28 01:00:00 +01:00,2018-12-28 02:00:00 +01:00,2,1
GB,http://environment.data.gov.uk/air-quality/so,GB_Network_1,Station_GB1024A,,GB_SamplingPoint_74174,GB_StationProcess_918,GB_SamplingFeature_918,O3,http://dd.eionet.europa.eu/vocabulary/aq/pollutant/7,hour,1.1475299900,µg/m3,2018-12-28 04:00:00 +01:00,2018-12-28 05:00:00 +01:00,2,1
GB,http://environment.data.gov.uk/air-quality/so,GB_Network_1,Station_GB1024A,,GB_SamplingPoint_74174,GB_StationProcess_918,GB_SamplingFeature_918,O3,http://dd.eionet.europa.eu/vocabulary/aq/pollutant/7,hour,2.0455899900,µg/m3,2018-12-28 05:00:00 +01:00,2018-12-28 06:00:00 +01:00,2,1
GB,http://environment.data.gov.uk/air-quality/so,GB_Network_1,Station_GB1024A,,GB_SamplingPoint_74174,GB_StationProcess_918,GB_SamplingFeature_918,O3,http://dd.eionet.europa.eu/vocabulary/aq/pollutant/7,hour,1.3969899900,µg/m3,2018-12-28 08:00:00 +01:00,2018-12-28 09:00:00 +01:00,2,1
GB,http://environment.data.gov.uk/air-quality/so,GB_Network_1,Station_GB1024A,,GB_SamplingPoint_74174,GB_StationProcess_918,GB_SamplingFeature_918,O3,http://dd.eionet.europa.eu/vocabulary/aq/pollutant/7,hour,2.3948399900,µg/m3,2018-12-28 09:00:00 +01:00,2018-12-28 10:00:00 +01:00,2,1
GB,http://environment.data.gov.uk/air-quality/so,GB_Network_1,Station_GB1024A,,GB_SamplingPoint_74174,GB_StationProcess_918,GB_SamplingFeature_918,O3,http://dd.eionet.europa.eu/vocabulary/aq/pollutant/7,hour,2.2451599900,µg/m3,2018-12-28 10:00:00 +01:00,2018-12-28 11:00:00 +01:00,2,1
GB,http://environment.data.gov.uk/air-quality/so,GB_Network_1,Station_GB1024A,,GB_SamplingPoint_74174,GB_StationProcess_918,GB_SamplingFeature_918,O3,http://dd.eionet.europa.eu/vocabulary/aq/pollutant/7,hour,2.7440899900,µg/m3,2018-12-28 12:00:00 +01:00,2018-12-28 13:00:00 +01:00,2,1
GB,http://environment.data.gov.uk/air-quality/so,GB_Network_1,Station_GB1024A,,GB_SamplingPoint_74174,GB_StationProcess_918,GB_SamplingFeature_918,O3,http://dd.eionet.europa.eu/vocabulary/aq/pollutant/7,hour,22.3518399900,µg/m3,2018-12-28 16:00:00 +01:00,2018-12-28 17:00:00 +01:00,1,1
GB,http://environment.data.gov.uk/air-quality/so,GB_Network_1,Station_GB1024A,,GB_SamplingPoint_74174,GB_StationProcess_918,GB_SamplingFeature_918,O3,http://dd.eionet.europa.eu/vocabulary/aq/pollutant/7,hour,14.1195799900,µg/m3,2018-12-28 17:00:00 +01:00,2018-12-28 18:00:00 +01:00,1,1
GB,http://environment.data.gov.uk/air-quality/so,GB_Network_1,Station_GB1024A,,GB_SamplingPoint_74174,GB_StationProcess_918,GB_SamplingFeature_918,O3,http://dd.eionet.europa.eu/vocabulary/aq/pollutant/7,hour,1.3969899900,µg/m3,2018-12-28 22:00:00 +01:00,2018-12-28 23:00:00 +01:00,2,1
GB,http://environment.data.gov.uk/air-quality/so,GB_Network_1,Station_GB1024A,,GB_SamplingPoint_74174,GB_StationProcess_918,GB_SamplingFeature_918,O3,http://dd.eionet.europa.eu/vocabulary/aq/pollutant/7,hour,2.5944099900,µg/m3,2018-12-28 23:00:00 +01:00,2018-12-29 00:00:00 +01:00,2,1
GB,http://environment.data.gov.uk/air-quality/so,GB_Network_1,Station_GB1024A,,GB_SamplingPoint_74174,GB_StationProcess_918,GB_SamplingFeature_918,O3,http://dd.eionet.europa.eu/vocabulary/aq/pollutant/7,hour,2.0622199900,µg/m3,2018-12-29 01:00:00 +01:00,2018-12-29 02:00:00 +01:00,2,1
GB,http://environment.data.gov.uk/air-quality/so,GB_Network_1,Station_GB1024A,,GB_SamplingPoint_74174,GB_StationProcess_918,GB_SamplingFeature_918,O3,http://dd.eionet.europa.eu/vocabulary/aq/pollutant/7,hour,2.0622199900,µg/m3,2018-12-29 02:00:00 +01:00,2018-12-29 03:00:00 +01:00,2,1
GB,http://environment.data.gov.uk/air-quality/so,GB_Network_1,Station_GB1024A,,GB_SamplingPoint_74174,GB_StationProcess_918,GB_SamplingFeature_918,O3,http://dd.eionet.europa.eu/vocabulary/aq/pollutant/7,hour,39.8142199900,µg/m3,2018-12-29 05:00:00 +01:00,2018-12-29 06:00:00 +01:00,1,1
GB,http://environment.data.gov.uk/air-quality/so,GB_Network_1,Station_GB1024A,,GB_SamplingPoint_74174,GB_StationProcess_918,GB_SamplingFeature_918,O3,http://dd.eionet.europa.eu/vocabulary/aq/pollutant/7,hour,45.4520699900,µg/m3,2018-12-29 06:00:00 +01:00,2018-12-29 07:00:00 +01:00,1,1
GB,http://environment.data.gov.uk/air-quality/so,GB_Network_1,Station_GB1024A,,GB_SamplingPoint_74174,GB_StationProcess_918,GB_SamplingFeature_918,O3,http://dd.eionet.europa.eu/vocabulary/aq/pollutant/7,hour,53.3849799900,µg/m3,2018-12-29 07:00:00 +01:00,2018-12-29 08:00:00 +01:00,1,1
GB,http://environment.data.gov.uk/air-quality/so,GB_Network_1,Station_GB1024A,,GB_SamplingPoint_74174,GB_StationProcess_918,GB_SamplingFeature_918,O3,http://dd.eionet.europa.eu/vocabulary/aq/pollutant/7,hour,53.0856199900,µg/m3,2018-12-29 08:00:00 +01:00,2018-12-29 09:00:00 +01:00,1,1
GB,http://environment.data.gov.uk/air-quality/so,GB_Network_1,Station_GB1024A,,GB_SamplingPoint_74174,GB_StationProcess_918,GB_SamplingFeature_918,O3,http://dd.eionet.europa.eu/vocabulary/aq/pollutant/7,hour,47.1983099900,µg/m3,2018-12-29 09:00:00 +01:00,2018-12-29 10:00:00 +01:00,1,1
GB,http://environment.data.gov.uk/air-quality/so,GB_Network_1,Station_GB1024A,,GB_SamplingPoint_74174,GB_StationProcess_918,GB_SamplingFeature_918,O3,http://dd.eionet.europa.eu/vocabulary/aq/pollutant/7,hour,47.4477699900,µg/m3,2018-12-29 12:00:00 +01:00,2018-12-29 13:00:00 +01:00,1,1
GB,http://environment.data.gov.uk/air-quality/so,GB_Network_1,Station_GB1024A,,GB_SamplingPoint_74174,GB_StationProcess_918,GB_SamplingFeature_918,O3,http://dd.eionet.europa.eu/vocabulary/aq/pollutant/7,hour,48.6950799900,µg/m3,2018-12-29 16:00:00 +01:00,2018-12-29 17:00:00 +01:00,1,1
GB,http://environment.data.gov.uk/air-quality/so,GB_Network_1,Station_GB1024A,,GB_SamplingPoint_74174,GB_StationProcess_918,GB_SamplingFeature_918,O3,http://dd.eionet.europa.eu/vocabulary/aq/pollutant/7,hour,40.0636799900,µg/m3,2018-12-29 17:00:00 +01:00,2018-12-29 18:00:00 +01:00,1,1
GB,http://environment.data.gov.uk/air-quality/so,GB_Network_1,Station_GB1024A,,GB_SamplingPoint_74174,GB_StationProcess_918,GB_SamplingFeature_918,O3,http://dd.eionet.europa.eu/vocabulary/aq/pollutant/7,hour,22.0524899900,µg/m3,2018-12-29 18:00:00 +01:00,2018-12-29 19:00:00 +01:00,1,1
GB,http://environment.data.gov.uk/air-quality/so,GB_Network_1,Station_GB1024A,,GB_SamplingPoint_74174,GB_StationProcess_918,GB_SamplingFeature_918,O3,http://dd.eionet.europa.eu/vocabulary/aq/pollutant/7,hour,12.4731299900,µg/m3,2018-12-29 21:00:00 +01:00,2018-12-29 22:00:00 +01:00,1,1
GB,http://environment.data.gov.uk/air-quality/so,GB_Network_1,Station_GB1024A,,GB_SamplingPoint_74174,GB_StationProcess_918,GB_SamplingFeature_918,O3,http://dd.eionet.europa.eu/vocabulary/aq/pollutant/7,hour,4.3905399900,µg/m3,2018-12-29 22:00:00 +01:00,2018-12-29 23:00:00 +01:00,2,1
GB,http://environment.data.gov.uk/air-quality/so,GB_Network_1,Station_GB1024A,,GB_SamplingPoint_74174,GB_StationProcess_918,GB_SamplingFeature_918,O3,http://dd.eionet.europa.eu/vocabulary/aq/pollutant/7,hour,13.5042399900,µg/m3,2018-12-30 01:00:00 +01:00,2018-12-30 02:00:00 +01:00,1,1
GB,http://environment.data.gov.uk/air-quality/so,GB_Network_1,Station_GB1024A,,GB_SamplingPoint_74174,GB_StationProcess_918,GB_SamplingFeature_918,O3,http://dd.eionet.europa.eu/vocabulary/aq/pollutant/7,hour,8.0493199900,µg/m3,2018-12-30 02:00:00 +01:00,2018-12-30 03:00:00 +01:00,1,1
GB,http://environment.data.gov.uk/air-quality/so,GB_Network_1,Station_GB1024A,,GB_SamplingPoint_74174,GB_StationProcess_918,GB_SamplingFeature_918,O3,http://dd.eionet.europa.eu/vocabulary/aq/pollutant/7,hour,2.3948399900,µg/m3,2018-12-30 03:00:00 +01:00,2018-12-30 04:00:00 +01:00,2,1
GB,http://environment.data.gov.uk/air-quality/so,GB_Network_1,Station_GB1024A,,GB_SamplingPoint_74174,GB_StationProcess_918,GB_SamplingFeature_918,O3,http://dd.eionet.europa.eu/vocabulary/aq/pollutant/7,hour,2.7939799900,µg/m3,2018-12-30 04:00:00 +01:00,2018-12-30 05:00:00 +01:00,2,1
GB,http://environment.data.gov.uk/air-quality/so,GB_Network_1,Station_GB1024A,,GB_SamplingPoint_74174,GB_StationProcess_918,GB_SamplingFeature_918,O3,http://dd.eionet.europa.eu/vocabulary/aq/pollutant/7,hour,31.4322799900,µg/m3,2018-12-30 09:00:00 +01:00,2018-12-30 10:00:00 +01:00,1,1
GB,http://environment.data.gov.uk/air-quality/so,GB_Network_1,Station_GB1024A,,GB_SamplingPoint_74174,GB_StationProcess_918,GB_SamplingFeature_918,O3,http://dd.eionet.europa.eu/vocabulary/aq/pollutant/7,hour,39.0658299900,µg/m3,2018-12-30 13:00:00 +01:00,2018-12-30 14:00:00 +01:00,1,1
GB,http://environment.data.gov.uk/air-quality/so,GB_Network_1,Station_GB1024A,,GB_SamplingPoint_74174,GB_StationProcess_918,GB_SamplingFeature_918,O3,http://dd.eionet.europa.eu/vocabulary/aq/pollutant/7,hour,43.2567999900,µg/m3,2018-12-30 14:00:00 +01:00,2018-12-30 15:00:00 +01:00,1,1
GB,http://environment.data.gov.uk/air-quality/so,GB_Network_1,Station_GB1024A,,GB_SamplingPoint_74174,GB_StationProcess_918,GB_SamplingFeature_918,O3,http://dd.eionet.europa.eu/vocabulary/aq/pollutant/7,hour,39.0658299900,µg/m3,2018-12-30 15:00:00 +01:00,2018-12-30 16:00:00 +01:00,1,1
GB,http://environment.data.gov.uk/air-quality/so,GB_Network_1,Station_GB1024A,,GB_SamplingPoint_74174,GB_StationProcess_918,GB_SamplingFeature_918,O3,http://dd.eionet.europa.eu/vocabulary/aq/pollutant/7,hour,17.8615199900,µg/m3,2018-12-30 18:00:00 +01:00,2018-12-30 19:00:00 +01:00,1,1
GB,http://environment.data.gov.uk/air-quality/so,GB_Network_1,Station_GB1024A,,GB_SamplingPoint_74174,GB_StationProcess_918,GB_SamplingFeature_918,O3,http://dd.eionet.europa.eu/vocabulary/aq/pollutant/7,hour,41.5105599900,µg/m3,2018-12-30 20:00:00 +01:00,2018-12-30 21:00:00 +01:00,1,1
GB,http://environment.data.gov.uk/air-quality/so,GB_Network_1,Station_GB1024A,,GB_SamplingPoint_74174,GB_StationProcess_918,GB_SamplingFeature_918,O3,http://dd.eionet.europa.eu/vocabulary/aq/pollutant/7,hour,48.4289899900,µg/m3,2018-12-31 01:00:00 +01:00,2018-12-31 02:00:00 +01:00,1,1
GB,http://environment.data.gov.uk/air-quality/so,GB_Network_1,Station_GB1024A,,GB_SamplingPoint_74174,GB_StationProcess_918,GB_SamplingFeature_918,O3,http://dd.eionet.europa.eu/vocabulary/aq/pollutant/7,hour,51.3393799900,µg/m3,2018-12-31 05:00:00 +01:00,2018-12-31 06:00:00 +01:00,1,1
GB,http://environment.data.gov.uk/air-quality/so,GB_Network_1,Station_GB1024A,,GB_SamplingPoint_74174,GB_StationProcess_918,GB_SamplingFeature_918,O3,http://dd.eionet.europa.eu/vocabulary/aq/pollutant/7,hour,46.1505599900,µg/m3,2018-12-31 08:00:00 +01:00,2018-12-31 09:00:00 +01:00,1,1
GB,http://environment.data.gov.uk/air-quality/so,GB_Network_1,Station_GB1024A,,GB_SamplingPoint_74174,GB_StationProcess_918,GB_SamplingFeature_918,O3,http://dd.eionet.europa.eu/vocabulary/aq/pollutant/7,hour,55.0813199900,µg/m3,2018-12-31 14:00:00 +01:00,2018-12-31 15:00:00 +01:00,1,1
GB,http://environment.data.gov.uk/air-quality/so,GB_Network_1,Station_GB1024A,,GB_SamplingPoint_74174,GB_StationProcess_918,GB_SamplingFeature_918,O3,http://dd.eionet.europa.eu/vocabulary/aq/pollutant/7,hour,53.4348699900,µg/m3,2018-12-31 16:00:00 +01:00,2018-12-31 17:00:00 +01:00,1,1
GB,http://environment.data.gov.uk/air-quality/so,GB_Network_1,Station_GB1024A,,GB_SamplingPoint_74174,GB_StationProcess_918,GB_SamplingFeature_918,O3,http://dd.eionet.europa.eu/vocabulary/aq/pollutant/7,hour,55.0813199900,µg/m3,2018-12-31 17:00:00 +01:00,2018-12-31 18:00:00 +01:00,1,1
GB,http://environment.data.gov.uk/air-quality/so,GB_Network_1,Station_GB1024A,,GB_SamplingPoint_74174,GB_StationProcess_918,GB_SamplingFeature_918,O3,http://dd.eionet.europa.eu/vocabulary/aq/pollutant/7,hour,54.3828299900,µg/m3,2018-12-31 18:00:00 +01:00,2018-12-31 19:00:00 +01:00,1,1
GB,http://environment.data.gov.uk/air-quality/so,GB_Network_1,Station_GB1024A,,GB_SamplingPoint_74174,GB_StationProcess_918,GB_SamplingFeature_918,O3,http://dd.eionet.europa.eu/vocabulary/aq/pollutant/7,hour,48.3458299900,µg/m3,2018-12-31 20:00:00 +01:00,2018-12-31 21:00:00 +01:00,1,1
GB,http://environment.data.gov.uk/air-quality/so,GB_Network_1,Station_GB1024A,,GB_SamplingPoint_74174,GB_StationProcess_918,GB_SamplingFeature_918,O3,http://dd.eionet.europa.eu/vocabulary/aq/pollutant/7,hour,46.0008899900,µg/m3,2018-12-31 21:00:00 +01:00,2018-12-31 22:00:00 +01:00,1,1
GB,http://environment.data.gov.uk/air-quality/so,GB_Network_1,Station_GB1024A,,GB_SamplingPoint_74174,GB_StationProcess_918,GB_SamplingFeature_918,O3,http://dd.eionet.europa.eu/vocabulary/aq/pollutant/7,hour,56.6279899900,µg/m3,2018-12-31 23:00:00 +01:00,2019-01-01 00:00:00 +01:00,1,1
