Countrycode,Namespace,AirQualityNetwork,AirQualityStation,AirQualityStationEoICode,SamplingPoint,SamplingProcess,Sample,AirPollutant,AirPollutantCode,AveragingTime,Concentration,UnitOfMeasurement,DatetimeBegin,DatetimeEnd,Validity,Verification
AT,AT.0008.20.AQ,NET.09,STA.09.AKC,,SPO.09.AKC.5066.6001.1,SPP.09.AKC.5066.6001.1.11325,SAM.09.AKC.5066.6001.1,PM2.5,http://dd.eionet.europa.eu/vocabulary/aq/pollutant/6001,hour,47.4264984100,µg/m3,2018-01-01 01:00:00 +01:00,2018-01-01 02:00:00 +01:00,1,1
AT,AT.0008.20.AQ,NET.09,STA.09.AKC,,SPO.09.AKC.5066.6001.1,SPP.09.AKC.5066.6001.1.11325,SAM.09.AKC.5066.6001.1,PM2.5,http://dd.eionet.europa.eu/vocabulary/aq/pollutant/6001,hour,23.3964996300,µg/m3,2018-01-01 02:00:00 +01:00,2018-01-01 03:00:00 +01:00,1,1
AT,AT.0008.20.AQ,NET.09,STA.09.AKC,,SPO.09.AKC.5066.6001.1,SPP.09.AKC.5066.6001.1.11325,SAM.09.AKC.5066.6001.1,PM2.5,http://dd.eionet.europa.eu/vocabulary/aq/pollutant/6001,hour,17.8819999600,µg/m3,2018-01-01 03:00:00 +01:00,2018-01-01 04:00:00 +01:00,1,1
AT,AT.0008.20.AQ,NET.09,STA.09.AKC,,SPO.09.AKC.5066.6001.1,SPP.09.AKC.5066.6001.1.11325,SAM.09.AKC.5066.6001.1,PM2.5,http://dd.eionet.europa.eu/vocabulary/aq/pollutant/6001,hour,16.9415016100,µg/m3,2018-01-01 04:00:00 +01:00,2018-01-01 05:00:00 +01:00,1,1
AT,AT.0008.20.AQ,NET.09,STA.09.AKC,,SPO.09.AKC.5066.6001.1,SPP.09.AKC.5066.6001.1.11325,SAM.09.AKC.5066.6001.1,PM2.5,http://dd.eionet.europa.eu/vocabulary/aq/pollutant/6001,hour,19.9379997200,µg/m3,2018-01-01 05:00:00 +01:00,2018-01-01 06:00:00 +01:00,1,1
AT,AT.0008.20.AQ,NET.09,STA.09.AKC,,SPO.09.AKC.5066.6001.1,SPP.09.AKC.5066.6001.1.11325,SAM.09.AKC.5066.6001.1,PM2.5,http://dd.eionet.europa.eu/vocabulary/aq/pollutant/6001,hour,22.1554985000,µg/m3,2018-01-01 06:00:00 +01:00,2018-01-01 07:00:00 +01:00,1,1
AT,AT.0008.20.AQ,NET.09,STA.09.AKC,,SPO.09.AKC.5066.6001.1,SPP.09.AKC.5066.6001.1.11325,SAM.09.AKC.5066.6001.1,PM2.5,http://dd.eionet.europa.eu/vocabulary/aq/pollutant/6001,hour,14.9525003400,µg/m3,2018-01-01 09:00:00 +01:00,2018-01-01 10:00:00 +01:00,1,1
AT,AT.0008.20.AQ,NET.09,STA.09.AKC,,SPO.09.AKC.5066.6001.1,SPP.09.AKC.5066.6001.1.11325,SAM.09.AKC.5066.6001.1,PM2.5,http://dd.eionet.europa.eu/vocabulary/aq/pollutant/6001,hour,2.5072999000,µg/m3,2018-01-01 12:00:00 +01:00,2018-01-01 13:00:00 +01:00,1,1
AT,AT.0008.20.AQ,NET.09,STA.09.AKC,,SPO.09.AKC.5066.6001.1,SPP.09.AKC.5066.6001.1.11325,SAM.09.AKC.5066.6001.1,PM2.5,http://dd.eionet.europa.eu/vocabulary/aq/pollutant/6001,hour,3.2353999600,µg/m3,2018-01-01 15:00:00 +01:00,2018-01-01 16:00:00 +01:00,1,1
AT,AT.0008.20.AQ,NET.09,STA.09.AKC,,SPO.09.AKC.5066.6001.1,SPP.09.AKC.5066.6001.1.11325,SAM.09.AKC.5066.6001.1,PM2.5,http://dd.eionet.europa.eu/vocabulary/aq/pollutant/6001,hour,3.2597498800,µg/m3,2018-01-01 16:00:00 +01:00,2018-01-01 17:00:00 +01:00,1,1
AT,AT.0008.20.AQ,NET.09,STA.09.AKC,,SPO.09.AKC.5066.6001.1,SPP.09.AKC.5066.6001.1.11325,SAM.09.AKC.5066.6001.1,PM2.5,http://dd.eionet.europa.eu/vocabulary/aq/pollutant/6001,hour,4.9802999400,µg/m3,2018-01-01 17:00:00 +01:00,2018-01-01 18:00:00 +01:00,1,1
AT,AT.0008.20.AQ,NET.09,STA.09.AKC,,SPO.09.AKC.5066.6001.1,SPP.09.AKC.5066.6001.1.11325,SAM.09.AKC.5066.6001.1,PM2.5,http://dd.eionet.europa.eu/vocabulary/aq/pollutant/6001,hour,6.5593500100,µg/m3,2018-01-01 18:00:00 +01:00,2018-01-01 19:00:00 +01:00,1,1
AT,AT.0008.20.AQ,NET.09,STA.09.AKC,,SPO.09.AKC.5066.6001.1,SPP.09.AKC.5066.6001.1.11325,SAM.09.AKC.5066.6001.1,PM2.5,http://dd.eionet.europa.eu/vocabulary/aq/pollutant/6001,hour,10.6786994900,µg/m3,2018-01-01 20:00:00 +01:00,2018-01-01 21:00:00 +01:00,1,1
AT,AT.0008.20.AQ,NET.09,STA.09.AKC,,SPO.09.AKC.5066.6001.1,SPP.09.AKC.5066.6001.1.11325,SAM.09.AKC.5066.6001.1,PM2.5,http://dd.eionet.europa.eu/vocabulary/aq/pollutant/6001,hour,17.5615005400,µg/m3,2018-01-01 21:00:00 +01:00,2018-01-01 22:00:00 +01:00,1,1
AT,AT.0008.20.AQ,NET.09,STA.09.AKC,,SPO.09.AKC.5066.6001.1,SPP.09.AKC.5066.6001.1.11325,SAM.09.AKC.5066.6001.1,PM2.5,http://dd.eionet.europa.eu/vocabulary/aq/pollutant/6001,hour,15.6630001000,µg/m3,2018-01-02 00:00:00 +01:00,2018-01-02 01:00:00 +01:00,1,1
AT,AT.0008.20.AQ,NET.09,STA.09.AKC,,SPO.09.AKC.5066.6001.1,SPP.09.AKC.5066.6001.1.11325,SAM.09.AKC.5066.6001.1,PM2.5,http://dd.eionet.europa.eu/vocabulary/aq/pollutant/6001,hour,15.2780008300,µg/m3,2018-01-02 01:00:00 +01:00,2018-01-02 02:00:00 +01:00,1,1
AT,AT.0008.20.AQ,NET.09,STA.09.AKC,,SPO.09.AKC.5066.6001.1,SPP.09.AKC.5066.6001.1.11325,SAM.09.AKC.5066.6001.1,PM2.5,http://dd.eionet.europa.eu/vocabulary/aq/pollutant/6001,hour,13.0609998700,µg/m3,2018-01-02 02:00:00 +01:00,2018-01-02 03:00:00 +01:00,1,1
AT,AT.0008.20.AQ,NET.09,STA.09.AKC,,SPO.09.AKC.5066.6001.1,SPP.09.AKC.5066.6001.1.11325,SAM.09.AKC.5066.6001.1,PM2.5,http://dd.eionet.europa.eu/vocabulary/aq/pollutant/6001,hour,7.1653499600,µg/m3,2018-01-02 05:00:00 +01:00,2018-01-02 06:00:00 +01:00,1,1
AT,AT.0008.20.AQ,NET.09,STA.09.AKC,,SPO.09.AKC.5066.6001.1,SPP.09.AKC.5066.6001.1.11325,SAM.09.AKC.5066.6001.1,PM2.5,http://dd.eionet.europa.eu/vocabulary/aq/pollutant/6001,hour,2.2009501400,µg/m3,2018-01-02 06:00:00 +01:00,2018-01-02 07:00:00 +01:00,1,1
AT,AT.0008.20.AQ,NET.09,STA.09.AKC,,SPO.09.AKC.5066.6001.1,SPP.09.AKC.5066.6001.1.11325,SAM.09.AKC.5066.6001.1,PM2.5,http://dd.eionet.europa.eu/vocabulary/aq/pollutant/6001,hour,2.3962500000,µg/m3,2018-01-02 07:00:00 +01:00,2018-01-02 08:00:00 +01:00,1,1
AT,AT.0008.20.AQ,NET.09,STA.09.AKC,,SPO.09.AKC.5066.6001.1,SPP.09.AKC.5066.6001.1.11325,SAM.09.AKC.5066.6001.1,PM2.5,http://dd.eionet.europa.eu/vocabulary/aq/pollutant/6001,hour,2.2948999400,µg/m3,2018-01-02 08:00:00 +01:00,2018-01-02 09:00:00 +01:00,1,1
AT,AT.0008.20.AQ,NET.09,STA.09.AKC,,SPO.09.AKC.5066.6001.1,SPP.09.AKC.5066.6001.1.11325,SAM.09.AKC.5066.6001.1,PM2.5,http://dd.eionet.europa.eu/vocabulary/aq/pollutant/6001,hour,2.3697500200,µg/m3,2018-01-02 09:00:00 +01:00,2018-01-02 10:00:00 +01:00,1,1
AT,AT.0008.20.AQ,NET.09,STA.09.AKC,,SPO.09.AKC.5066.6001.1,SPP.09.AKC.5066.6001.1.11325,SAM.09.AKC.5066.6001.1,PM2.5,http://dd.eionet.europa.eu/vocabulary/aq/pollutant/6001,hour,2.2027502000,µg/m3,2018-01-02 11:00:00 +01:00,2018-01-02 12:00:00 +01:00,1,1
AT,AT.0008.20.AQ,NET.09,STA.09.AKC,,SPO.09.AKC.5066.6001.1,SPP.09.AKC.5066.6001.1.11325,SAM.09.AKC.5066.6001.1,PM2.5,http://dd.eionet.europa.eu/vocabulary/aq/pollutant/6001,hour,2.2084500700,µg/m3,2018-01-02 12:00:00 +01:00,2018-01-02 13:00:00 +01:00,1,1
AT,AT.0008.20.AQ,NET.09,STA.09.AKC,,SPO.09.AKC.5066.6001.1,SPP.09.AKC.5066.6001.1.11325,SAM.09.AKC.5066.6001.1,PM2.5,http://dd.eionet.europa.eu/vocabulary/aq/pollutant/6001,hour,2.1528000800,µg/m3,2018-01-02 13:00:00 +01:00,2018-01-02 14:00:00 +01:00,1,1
AT,AT.0008.20.AQ,NET.09,STA.09.AKC,,SPO.09.AKC.5066.6001.1,SPP.09.AKC.5066.6001.1.11325,SAM.09.AKC.5066.6001.1,PM2.5,http://dd.eionet.europa.eu/vocabulary/aq/pollutant/6001,hour,2.2632000400,µg/m3,2018-01-02 14:00:00 +01:00,2018-01-02 15:00:00 +01:00,1,1
AT,AT.0008.20.AQ,NET.09,STA.09.AKC,,SPO.09.AKC.5066.6001.1,SPP.09.AKC.5066.6001.1.11325,SAM.09.AKC.5066.6001.1,PM2.5,http://dd.eionet.europa.eu/vocabulary/aq/pollutant/6001,hour,2.1485500300,µg/m3,2018-01-02 15:00:00 +01:00,2018-01-02 16:00:00 +01:00,1,1
AT,AT.0008.20.AQ,NET.09,STA.09.AKC,,SPO.09.AKC.5066.6001.1,SPP.09.AKC.5066.6001.1.11325,SAM.09.AKC.5066.6001.1,PM2.5,http://dd.eionet.europa.eu/vocabulary/aq/pollutant/6001,hour,2.5379500300,µg/m3,2018-01-02 16:00:00 +01:00,2018-01-02 17:00:00 +01:00,1,1
AT,AT.0008.20.AQ,NET.09,STA.09.AKC,,SPO.09.AKC.5066.6001.1,SPP.09.AKC.5066.6001.1.11325,SAM.09.AKC.5066.6001.1,PM2.5,http://dd.eionet.europa.eu/vocabulary/aq/pollutant/6001,hour,4.1991000100,µg/m3,2018-01-02 18:00:00 +01:00,2018-01-02 19:00:00 +01:00,1,1
AT,AT.0008.20.AQ,NET.09,STA.09.AKC,,SPO.09.AKC.5066.6001.1,SPP.09.AKC.5066.6001.1.11325,SAM.09.AKC.5066.6001.1,PM2.5,http://dd.eionet.europa.eu/vocabulary/aq/pollutant/6001,hour,5.3955001800,µg/m3,2018-01-02 19:00:00 +01:00,2018-01-02 20:00:00 +01:00,1,1
AT,AT.0008.20.AQ,NET.09,STA.09.AKC,,SPO.09.AKC.5066.6001.1,SPP.09.AKC.5066.6001.1.11325,SAM.09.AKC.5066.6001.1,PM2.5,http://dd.eionet.europa.eu/vocabulary/aq/pollutant/6001,hour,6.1724500600,µg/m3,2018-01-02 21:00:00 +01:00,2018-01-02 22:00:00 +01:00,1,1
AT,AT.0008.20.AQ,NET.09,STA.09.AKC,,SPO.09.AKC.5066.6001.1,SPP.09.AKC.5066.6001.1.11325,SAM.09.AKC.5066.6001.1,PM2.5,http://dd.eionet.europa.eu/vocabulary/aq/pollutant/6001,hour,5.7649497900,µg/m3,2018-01-03 00:00:00 +01:00,2018-01-03 01:00:00 +01:00,1,1
AT,AT.0008.20.AQ,NET.09,STA.09.AKC,,SPO.09.AKC.5066.6001.1,SPP.09.AKC.5066.6001.1.11325,SAM.09.AKC.5066.6001.1,PM2.5,http://dd.eionet.europa.eu/vocabulary/aq/pollutant/6001,hour,5.2067003200,µg/m3,2018-01-03 01:00:00 +01:00,2018-01-03 02:00:00 +01:00,1,1
AT,AT.0008.20.AQ,NET.09,STA.09.AKC,,SPO.09.AKC.5066.6001.1,SPP.09.AKC.5066.6001.1.11325,SAM.09.AKC.5066.6001.1,PM2.5,http://dd.eionet.europa.eu/vocabulary/aq/pollutant/6001,hour,4.9212999300,µg/m3,2018-01-03 04:00:00 +01:00,2018-01-03 05:00:00 +01:00,1,1
AT,AT.0008.20.AQ,NET.09,STA.09.AKC,,SPO.09.AKC.5066.6001.1,SPP.09.AKC.5066.6001.1.11325,SAM.09.AKC.5066.6001.1,PM2.5,http://dd.eionet.europa.eu/vocabulary/aq/pollutant/6001,hour,4.6113996500,µg/m3,2018-01-03 05:00:00 +01:00,2018-01-03 06:00:00 +01:00,1,1
AT,AT.0008.20.AQ,NET.09,STA.09.AKC,,SPO.09.AKC.5066.6001.1,SPP.09.AKC.5066.6001.1.11325,SAM.09.AKC.5066.6001.1,PM2.5,http://dd.eionet.europa.eu/vocabulary/aq/pollutant/6001,hour,4.2926998100,µg/m3,2018-01-03 08:00:00 +01:00,2018-01-03 09:00:00 +01:00,1,1
AT,AT.0008.20.AQ,NET.09,STA.09.AKC,,SPO.09.AKC.5066.6001.1,SPP.09.AKC.5066.6001.1.11325,SAM.09.AKC.5066.6001.1,PM2.5,http://dd.eionet.europa.eu/vocabulary/aq/pollutant/6001,hour,6.4101500500,µg/m3,2018-01-03 13:00:00 +01:00,2018-01-03 14:00:00 +01:00,1,1
AT,AT.0008.20.AQ,NET.09,STA.09.AKC,,SPO.09.AKC.5066.6001.1,SPP.09.AKC.5066.6001.1.11325,SAM.09.AKC.5066.6001.1,PM2.5,http://dd.eionet.europa.eu/vocabulary/aq/pollutant/6001,hour,1.5984499400,µg/m3,2018-01-03 16:00:00 +01:00,2018-01-03 17:00:00 +01:00,1,1
AT,AT.0008.20.AQ,NET.09,STA.09.AKC,,SPO.09.AKC.5066.6001.1,SPP.09.AKC.5066.6001.1.11325,SAM.09.AKC.5066.6001.1,PM2.5,http://dd.eionet.europa.eu/vocabulary/aq/pollutant/6001,hour,1.8156499800,µg/m3,2018-01-03 17:00:00 +01:00,2018-01-03 18:00:00 +01:00,1,1
AT,AT.0008.20.AQ,NET.09,STA.09.AKC,,SPO.09.AKC.5066.6001.1,SPP.09.AKC.5066.6001.1.11325,SAM.09.AKC.5066.6001.1,PM2.5,http://dd.eionet.europa.eu/vocabulary/aq/pollutant/6001,hour,2.4232501900,µg/m3,2018-01-03 19:00:00 +01:00,2018-01-03 20:00:00 +01:00,1,1
AT,AT.0008.20.AQ,NET.09,STA.09.AKC,,SPO.09.AKC.5066.6001.1,SPP.09.AKC.5066.6001.1.11325,SAM.09.AKC.5066.6001.1,PM2.5,http://dd.eionet.europa.eu/vocabulary/aq/pollutant/6001,hour,2.8903999300,µg/m3,2018-01-03 21:00:00 +01:00,2018-01-03 22:00:00 +01:00,1,1
AT,AT.0008.20.AQ,NET.09,STA.09.AKC,,SPO.09.AKC.5066.6001.1,SPP.09.AKC.5066.6001.1.11325,SAM.09.AKC.5066.6001.1,PM2.5,http://dd.eionet.europa.eu/vocabulary/aq/pollutant/6001,hour,3.1442499100,µg/m3,2018-01-03 22:00:00 +01:00,2018-01-03 23:00:00 +01:00,1,1
AT,AT.0008.20.AQ,NET.09,STA.09.AKC,,SPO.09.AKC.5066.6001.1,SPP.09.AKC.5066.6001.1.11325,SAM.09.AKC.5066.6001.1,PM2.5,http://dd.eionet.europa.eu/vocabulary/aq/pollutant/6001,hour,3.3086500100,µg/m3,2018-01-03 23:00:00 +01:00,2018-01-04 00:00:00 +01:00,1,1
AT,AT.0008.20.AQ,NET.09,STA.09.AKC,,SPO.09.AKC.5066.6001.1,SPP.09.AKC.5066.6001.1.11325,SAM.09.AKC.5066.6001.1,PM2.5,http://dd.eionet.europa.eu/vocabulary/aq/pollutant/6001,hour,3.1305999700,µg/m3,2018-01-04 00:00:00 +01:00,2018-01-04 01:00:00 +01:00,1,1
AT,AT.0008.20.AQ,NET.09,STA.09.AKC,,SPO.09.AKC.5066.6001.1,SPP.09.AKC.5066.6001.1.11325,SAM.09.AKC.5066.6001.1,PM2.5,http://dd.eionet.europa.eu/vocabulary/aq/pollutant/6001,hour,2.9626500600,µg/m3,2018-01-04 01:00:00 +01:00,2018-01-04 02:00:00 +01:00,1,1
AT,AT.0008.20.AQ,NET.09,STA.09.AKC,,SPO.09.AKC.5066.6001.1,SPP.09.AKC.5066.6001.1.11325,SAM.09.AKC.5066.6001.1,PM2.5,http://dd.eionet.europa.eu/vocabulary/aq/pollutant/6001,hour,3.4631500200,µg/m3,2018-01-04 04:00:00 +01:00,2018-01-04 05:00:00 +01:00,1,1
AT,AT.0008.20.AQ,NET.09,STA.09.AKC,,SPO.09.AKC.5066.6001.1,SPP.09.AKC.5066.6001.1.11325,SAM.09.AKC.5066.6001.1,PM2.5,http://dd.eionet.europa.eu/vocabulary/aq/pollutant/6001,hour,3.8163499800,µg/m3,2018-01-04 05:00:00 +01:00,2018-01-04 06:00:00 +01:00,1,1
AT,AT.0008.20.AQ,NET.09,STA.09.AKC,,SPO.09.AKC.5066.6001.1,SPP.09.AKC.5066.6001.1.11325,SAM.09.AKC.5066.6001.1,PM2.5,http://dd.eionet.europa.eu/vocabulary/aq/pollutant/6001,hour,3.5646500500,µg/m3,2018-01-04 06:00:00 +01:00,2018-01-04 07:00:00 +01:00,1,1
AT,AT.0008.20.AQ,NET.09,STA.09.AKC,,SPO.09.AKC.5066.6001.1,SPP.09.AKC.5066.6001.1.11325,SAM.09.AKC.5066.6001.1,PM2.5,http://dd.eionet.europa.eu/vocabulary/aq/pollutant/6001,hour,3.3544001500,µg/m3,2018-01-04 07:00:00 +01:00,2018-01-04 08:00:00 +01:00,1,1
AT,AT.0008.20.AQ,NET.09,STA.09.AKC,,SPO.09.AKC.5066.6001.1,SPP.09.AKC.5066.6001.1.11325,SAM.09.AKC.5066.6001.1,PM2.5,http://dd.eionet.europa.eu/vocabulary/aq/pollutant/6001,hour,3.5971999100,µg/m3,2018-01-04 08:00:00 +01:00,2018-01-04 09:00:00 +01:00,1,1
AT,AT.0008.20.AQ,NET.09,STA.09.AKC,,SPO.09.AKC.5066.6001.1,SPP.09.AKC.5066.6001.1.11325,SAM.09.AKC.5066.6001.1,PM2.5,http://dd.eionet.europa.eu/vocabulary/aq/pollutant/6001,hour,3.6993498800,µg/m3,2018-01-04 09:00:00 +01:00,2018-01-04 10:00:00 +01:00,1,1
AT,AT.0008.20.AQ,NET.09,STA.09.AKC,,SPO.09.AKC.5066.6001.1,SPP.09.AKC.5066.6001.1.11325,SAM.09.AKC.5066.6001.1,PM2.5,http://dd.eionet.europa.eu/vocabulary/aq/pollutant/6001,hour,4.3586997900,µg/m3,2018-01-04 13:00:00 +01:00,2018-01-04 14:00:00 +01:00,1,1
AT,AT.0008.20.AQ,NET.09,STA.09.AKC,,SPO.09.AKC.5066.6001.1,SPP.09.AKC.5066.6001.1.11325,SAM.09.AKC.5066.6001.1,PM2.5,http://dd.eionet.europa.eu/vocabulary/aq/pollutant/6001,hour,5.0700998300,µg/m3,2018-01-04 16:00:00 +01:00,2018-01-04 17:00:00 +01:00,1,1
AT,AT.0008.20.AQ,NET.09,STA.09.AKC,,SPO.09.AKC.5066.6001.1,SPP.09.AKC.5066.6001.1.11325,SAM.09.AKC.5066.6001.1,PM2.5,http://dd.eionet.europa.eu/vocabulary/aq/pollutant/6001,hour,8.4505996700,µg/m3,2018-01-04 18:00:00 +01:00,2018-01-04 19:00:00 +01:00,1,1
AT,AT.0008.20.AQ,NET.09,STA.09.AKC,,SPO.09.AKC.5066.6001.1,SPP.09.AKC.5066.6001.1.11325,SAM.09.AKC.5066.6001.1,PM2.5,http://dd.eionet.europa.eu/vocabulary/aq/pollutant/6001,hour,13.4200000700,µg/m3,2018-01-04 19:00:00 +01:00,2018-01-04 20:00:00 +01:00,1,1
AT,AT.0008.20.AQ,NET.09,STA.09.AKC,,SPO.09.AKC.5066.6001.1,SPP.09.AKC.5066.6001.1.11325,SAM.09.AKC.5066.6001.1,PM2.5,http://dd.eionet.europa.eu/vocabulary/aq/pollutant/6001,hour,12.4225006100,µg/m3,2018-01-04 21:00:00 +01:00,2018-01-04 22:00:00 +01:00,1,1
AT,AT.0008.20.AQ,NET.09,STA.09.AKC,,SPO.09.AKC.5066.6001.1,SPP.09.AKC.5066.6001.1.11325,SAM.09.AKC.5066.6001.1,PM2.5,http://dd.eionet.europa.eu/vocabulary/aq/pollutant/6001,hour,10.6595497100,µg/m3,2018-01-04 22:00:00 +01:00,2018-01-04 23:00:00 +01:00,1,1
AT,AT.0008.20.AQ,NET.09,STA.09.AKC,,SPO.09.AKC.5066.6001.1,SPP.09.AKC.5066.6001.1.11325,SAM.09.AKC.5066.6001.1,PM2.5,http://dd.eionet.europa.eu/vocabulary/aq/pollutant/6001,hour,8.5548496200,µg/m3,2018-01-05 00:00:00 +01:00,2018-01-05 01:00:00 +01:00,1,1
AT,AT.0008.20.AQ,NET.09,STA.09.AKC,,SPO.09.AKC.5066.6001.1,SPP.09.AKC.5066.6001.1.11325,SAM.09.AKC.5066.6001.1,PM2.5,http://dd.eionet.europa.eu/vocabulary/aq/pollutant/6001,hour,6.8843998900,µg/m3,2018-01-05 01:00:00 +01:00,2018-01-05 02:00:00 +01:00,1,1
AT,AT.0008.20.AQ,NET.09,STA.09.AKC,,SPO.09.AKC.5066.6001.1,SPP.09.AKC.5066.6001.1.11325,SAM.09.AKC.5066.6001.1,PM2.5,http://dd.eionet.europa.eu/vocabulary/aq/pollutant/6001,hour,9.8220996800,µg/m3,2018-01-05 02:00:00 +01:00,2018-01-05 03:00:00 +01:00,1,1
AT,AT.0008.20.AQ,NET.09,STA.09.AKC,,SPO.09.AKC.5066.6001.1,SPP.09.AKC.5066.6001.1.11325,SAM.09.AKC.5066.6001.1,PM2.5,http://dd.eionet.europa.eu/vocabulary/aq/pollutant/6001,hour,1.3968999300,µg/m3,2018-01-05 05:00:00 +01:00,2018-01-05 06:00:00 +01:00,1,1
AT,AT.0008.20.AQ,NET.09,STA.09.AKC,,SPO.09.AKC.5066.6001.1,SPP.09.AKC.5066.6001.1.11325,SAM.09.AKC.5066.6001.1,PM2.5,http://dd.eionet.europa.eu/vocabulary/aq/pollutant/6001,hour,2.1112999900,µg/m3,2018-01-05 06:00:00 +01:00,2018-01-05 07:00:00 +01:00,1,1
AT,AT.0008.20.AQ,NET.09,STA.09.AKC,,SPO.09.AKC.5066.6001.1,SPP.09.AKC.5066.6001.1.11325,SAM.09.AKC.5066.6001.1,PM2.5,http://dd.eionet.europa.eu/vocabulary/aq/pollutant/6001,hour,2.9756000000,µg/m3,2018-01-05 07:00:00 +01:00,2018-01-05 08:00:00 +01:00,1,1
AT,AT.0008.20.AQ,NET.09,STA.09.AKC,,SPO.09.AKC.5066.6001.1,SPP.09.AKC.5066.6001.1.11325,SAM.09.AKC.5066.6001.1,PM2.5,http://dd.eionet.europa.eu/vocabulary/aq/pollutant/6001,hour,4.3080000800,µg/m3,2018-01-05 09:00:00 +01:00,2018-01-05 10:00:00 +01:00,1,1
AT,AT.0008.20.AQ,NET.09,STA.09.AKC,,SPO.09.AKC.5066.6001.1,SPP.09.AKC.5066.6001.1.11325,SAM.09.AKC.5066.6001.1,PM2.5,http://dd.eionet.europa.eu/vocabulary/aq/pollutant/6001,hour,8.1867504100,µg/m3,2018-01-05 14:00:00 +01:00,2018-01-05 15:00:00 +01:00,1,1
AT,AT.0008.20.AQ,NET.09,STA.09.AKC,,SPO.09.AKC.5066.6001.1,SPP.09.AKC.5066.6001.1.11325,SAM.09.AKC.5066.6001.1,PM2.5,http://dd.eionet.europa.eu/vocabulary/aq/pollutant/6001,hour,14.9464998200,µg/m3,2018-01-05 18:00:00 +01:00,2018-01-05 19:00:00 +01:00,1,1
AT,AT.0008.20.AQ,NET.09,STA.09.AKC,,SPO.09.AKC.5066.6001.1,SPP.09.AKC.5066.6001.1.11325,SAM.09.AKC.5066.6001.1,PM2.5,http://dd.eionet.europa.eu/vocabulary/aq/pollutant/6001,hour,16.9454994200,µg/m3,2018-01-05 19:00:00 +01:00,2018-01-05 20:00:00 +01:00,1,1
AT,AT.0008.20.AQ,NET.09,STA.09.AKC,,SPO.09.AKC.5066.6001.1,SPP.09.AKC.5066.6001.1.11325,SAM.09.AKC.5066.6001.1,PM2.5,http://dd.eionet.europa.eu/vocabulary/aq/pollutant/6001,hour,19.1800003000,µg/m3,2018-01-05 20:00:00 +01:00,2018-01-05 21:00:00 +01:00,1,1
AT,AT.0008.20.AQ,NET.09,STA.09.AKC,,SPO.09.AKC.5066.6001.1,SPP.09.AKC.5066.6001.1.11325,SAM.09.AKC.5066.6001.1,PM2.5,http://dd.eionet.europa.eu/vocabulary/aq/pollutant/6001,hour,21.6165008500,µg/m3,2018-01-05 21:00:00 +01:00,2018-01-05 22:00:00 +01:00,1,1
AT,AT.0008.20.AQ,NET.09,STA.09.AKC,,SPO.09.AKC.5066.6001.1,SPP.09.AKC.5066.6001.1.11325,SAM.09.AKC.5066.6001.1,PM2.5,http://dd.eionet.europa.eu/vocabulary/aq/pollutant/6001,hour,23.8780002500,µg/m3,2018-01-05 22:00:00 +01:00,2018-01-05 23:00:00 +01:00,1,1
AT,AT.0008.20.AQ,NET.09,STA.09.AKC,,SPO.09.AKC.5066.6001.1,SPP.09.AKC.5066.6001.1.11325,SAM.09.AKC.5066.6001.1,PM2.5,http://dd.eionet.europa.eu/vocabulary/aq/pollutant/6001,hour,28.1935005100,µg/m3,2018-01-06 02:00:00 +01:00,2018-01-06 03:00:00 +01:00,1,1
AT,AT.0008.20.AQ,NET.09,STA.09.AKC,,SPO.09.AKC.5066.6001.1,SPP.09.AKC.5066.6001.1.11325,SAM.09.AKC.5066.6001.1,PM2.5,http://dd.eionet.europa.eu/vocabulary/aq/pollutant/6001,hour,26.3544998100,µg/m3,2018-01-06 03:00:00 +01:00,2018-01-06 04:00:00 +01:00,1,1
AT,AT.0008.20.AQ,NET.09,STA.09.AKC,,SPO.09.AKC.5066.6001.1,SPP.09.AKC.5066.6001.1.11325,SAM.09.AKC.5066.6001.1,PM2.5,http://dd.eionet.europa.eu/vocabulary/aq/pollutant/6001,hour,27.4155006400,µg/m3,2018-01-06 05:00:00 +01:00,2018-01-06 06:00:00 +01:00,1,1
AT,AT.0008.20.AQ,NET.09,STA.09.AKC,,SPO.09.AKC.5066.6001.1,SPP.09.AKC.5066.6001.1.11325,SAM.09.AKC.5066.6001.1,PM2.5,http://dd.eionet.europa.eu/vocabulary/aq/pollutant/6001,hour,26.0065002400,µg/m3,2018-01-06 06:00:00 +01:00,2018-01-06 07:00:00 +01:00,1,1
AT,AT.0008.20.AQ,NET.09,STA.09.AKC,,SPO.09.AKC.5066.6001.1,SPP.09.AKC.5066.6001.1.11325,SAM.09.AKC.5066.6001.1,PM2.5,http://dd.eionet.europa.eu/vocabulary/aq/pollutant/6001,hour,24.4545001900,µg/m3,2018-01-06 07:00:00 +01:00,2018-01-06 08:00:00 +01:00,1,1
AT,AT.0008.20.AQ,NET.09,STA.09.AKC,,SPO.09.AKC.5066.6001.1,SPP.09.AKC.5066.6001.1.11325,SAM.09.AKC.5066.6001.1,PM2.5,http://dd.eionet.europa.eu/vocabulary/aq/pollutant/6001,hour,27.3400001500,µg/m3,2018-01-06 09:00:00 +01:00,2018-01-06 10:00:00 +01:00,1,1
AT,AT.0008.20.AQ,NET.09,STA.09.AKC,,SPO.09.AKC.5066.6001.1,SPP.09.AKC.5066.6001.1.11325,SAM.09.AKC.5066.6001.1,PM2.5,http://dd.eionet.europa.eu/vocabulary/aq/pollutant/6001,hour,20.8450012200,µg/m3,2018-01-06 12:00:00 +01:00,2018-01-06 13:00:00 +01:00,1,1
AT,AT.0008.20.AQ,NET.09,STA.09.AKC,,SPO.09.AKC.5066.6001.1,SPP.09.AKC.5066.6001.1.11325,SAM.09.AKC.5066.6001.1,PM2.5,http://dd.eionet.europa.eu/vocabulary/aq/pollutant/6001,hour,25.0400009100,µg/m3,2018-01-06 13:00:00 +01:00,2018-01-06 14:00:00 +01:00,1,1
AT,AT.0008.20.AQ,NET.09,STA.09.AKC,,SPO.09.AKC.5066.6001.1,SPP.09.AKC.5066.6001.1.11325,SAM.09.AKC.5066.6001.1,PM2.5,http://dd.eionet.europa.eu/vocabulary/aq/pollutant/6001,hour,25.4155006400,µg/m3,2018-01-06 14:00:00 +01:00,2018-01-06 15:00:00 +01:00,1,1
AT,AT.0008.20.AQ,NET.09,STA.09.AKC,,SPO.09.AKC.5066.6001.1,SPP.09.AKC.5066.6001.1.11325,SAM.09.AKC.5066.6001.1,PM2.5,http://dd.eionet.europa.eu/vocabulary/aq/pollutant/6001,hour,23.8934993700,µg/m3,2018-01-06 15:00:00 +01:00,2018-01-06 16:00:00 +01:00,1,1
AT,AT.0008.20.AQ,NET.09,STA.09.AKC,,SPO.09.AKC.5066.6001.1,SPP.09.AKC.5066.6001.1.11325,SAM.09.AKC.5066.6001.1,PM2.5,http://dd.eionet.europa.eu/vocabulary/aq/pollutant/6001,hour,38.2869987400,µg/m3,2018-01-06 19:00:00 +01:00,2018-01-06 20:00:00 +01:00,1,1
AT,AT.0008.20.AQ,NET.09,STA.09.AKC,,SPO.09.AKC.5066.6001.1,SPP.09.AKC.5066.6001.1.11325,SAM.09.AKC.5066.6001.1,PM2.5,http://dd.eionet.europa.eu/vocabulary/aq/pollutant/6001,hour,31.4005012500,µg/m3,2018-01-06 20:00:00 +01:00,2018-01-06 21:00:00 +01:00,1,1
AT,AT.0008.20.AQ,NET.09,STA.09.AKC,,SPO.09.AKC.5066.6001.1,SPP.09.AKC.5066.6001.1.11325,SAM.09.AKC.5066.6001.1,PM2.5,http://dd.eionet.europa.eu/vocabulary/aq/pollutant/6001,hour,26.4609985300,µg/m3,2018-01-06 21:00:00 +01:00,2018-01-06 22:00:00 +01:00,1,1
AT,AT.0008.20.AQ,NET.09,STA.09.AKC,,SPO.09.AKC.5066.6001.1,SPP.09.AKC.5066.6001.1.11325,SAM.09.AKC.5066.6001.1,PM2.5,http://dd.eionet.europa.eu/vocabulary/aq/pollutant/6001,hour,19.6385002100,µg/m3,2018-01-06 22:00:00 +01:00,2018-01-06 23:00:00 +01:00,1,1
AT,AT.0008.20.AQ,NET.09,STA.09.AKC,,SPO.09.AKC.5066.6001.1,SPP.09.AKC.5066.6001.1.11325,SAM.09.AKC.5066.6001.1,PM2.5,http://dd.eionet.europa.eu/vocabulary/aq/pollutant/6001,hour,15.7910003600,µg/m3,2018-01-06 23:00:00 +01:00,2018-01-07 00:00:00 +01:00,1,1
AT,AT.0008.20.AQ,NET.09,STA.09.AKC,,SPO.09.AKC.5066.6001.1,SPP.09.AKC.5066.6001.1.11325,SAM.09.AKC.5066.6001.1,PM2.5,http://dd.eionet.europa.eu/vocabulary/aq/pollutant/6001,hour,15.5774993800,µg/m3,2018-01-07 01:00:00 +01:00,2018-01-07 02:00:00 +01:00,1,1
AT,AT.0008.20.AQ,NET.09,STA.09.AKC,,SPO.09.AKC.5066.6001.1,SPP.09.AKC.5066.6001.1.11325,SAM.09.AKC.5066.6001.1,PM2.5,http://dd.eionet.europa.eu/vocabulary/aq/pollutant/6001,hour,15.1100006100,µg/m3,2018-01-07 02:00:00 +01:00,2018-01-07 03:00:00 +01:00,1,1
AT,AT.0008.20.AQ,NET.09,STA.09.AKC,,SPO.09.AKC.5066.6001.1,SPP.09.AKC.5066.6001.1.11325,SAM.09.AKC.5066.6001.1,PM2.5,http://dd.eionet.europa.eu/vocabulary/aq/pollutant/6001,hour,15.6995000800,µg/m3,2018-01-07 03:00:00 +01:00,2018-01-07 04:00:00 +01:00,1,1
AT,AT.0008.20.AQ,NET.09,STA.09.AKC,,SPO.09.AKC.5066.6001.1,SPP.09.AKC.5066.6001.1.11325,SAM.09.AKC.5066.6001.1,PM2.5,http://dd.eionet.europa.eu/vocabulary/aq/pollutant/6001,hour,16.3859996700,µg/m3,2018-01-07 04:00:00 +01:00,2018-01-07 05:00:00 +01:00,1,1
AT,AT.0008.20.AQ,NET.09,STA.09.AKC,,SPO.09.AKC.5066.6001.1,SPP.09.AKC.5066.6001.1.11325,SAM.09.AKC.5066.6001.1,PM2.5,http://dd.eionet.europa.eu/vocabulary/aq/pollutant/6001,hour,16.6254997200,µg/m3,2018-01-07 05:00:00 +01:00,2018-01-07 06:00:00 +01:00,1,1
AT,AT.0008.20.AQ,NET.09,STA.09.AKC,,SPO.09.AKC.5066.6001.1,SPP.09.AKC.5066.6001.1.11325,SAM.09.AKC.5066.6001.1,PM2.5,http://dd.eionet.europa.eu/vocabulary/aq/pollutant/6001,hour,19.8950004500,µg/m3,2018-01-07 06:00:00 +01:00,2018-01-07 07:00:00 +01:00,1,1
AT,AT.0008.20.AQ,NET.09,STA.09.AKC,,SPO.09.AKC.5066.6001.1,SPP.09.AKC.5066.6001.1.11325,SAM.09.AKC.5066.6001.1,PM2.5,http://dd.eionet.europa.eu/vocabulary/aq/pollutant/6001,hour,22.8094997400,µg/m3,2018-01-07 07:00:00 +01:00,2018-01-07 08:00:00 +01:00,1,1
AT,AT.0008.20.AQ,NET.09,STA.09.AKC,,SPO.09.AKC.5066.6001.1,SPP.09.AKC.5066.6001.1.11325,SAM.09.AKC.5066.6001.1,PM2.5,http://dd.eionet.europa.eu/vocabulary/aq/pollutant/6001,hour,24.5974998400,µg/m3,2018-01-07 08:00:00 +01:00,2018-01-07 09:00:00 +01:00,1,1
AT,AT.0008.20.AQ,NET.09,STA.09.AKC,,SPO.09.AKC.5066.6001.1,SPP.09.AKC.5066.6001.1.11325,SAM.09.AKC.5066.6001.1,PM2.5,http://dd.eionet.europa.eu/vocabulary/aq/pollutant/6001,hour,23.6630001000,µg/m3,2018-01-07 09:00:00 +01:00,2018-01-07 10:00:00 +01:00,1,1
AT,AT.0008.20.AQ,NET.09,STA.09.AKC,,SPO.09.AKC.5066.6001.1,SPP.09.AKC.5066.6001.1.11325,SAM.09.AKC.5066.6001.1,PM2.5,http://dd.eionet.europa.eu/vocabulary/aq/pollutant/6001,hour,25.1694984400,µg/m3,2018-01-07 10:00:00 +01:00,2018-01-07 11:00:00 +01:00,1,1
AT,AT.0008.20.AQ,NET.09,STA.09.AKC,,SPO.09.AKC.5066.6001.1,SPP.09.AKC.5066.6001.1.11325,SAM.09.AKC.5066.6001.1,PM2.5,http://dd.eionet.europa.eu/vocabulary/aq/pollutant/6001,hour,26.4015007000,µg/m3,2018-01-07 11:00:00 +01:00,2018-01-07 12:00:00 +01:00,1,1
AT,AT.0008.20.AQ,NET.09,STA.09.AKC,,SPO.09.AKC.5066.6001.1,SPP.09.AKC.5066.6001.1.11325,SAM.09.AKC.5066.6001.1,PM2.5,http://dd.eionet.europa.eu/vocabulary/aq/pollutant/6001,hour,26.0929985000,µg/m3,2018-01-07 14:00:00 +01:00,2018-01-07 15:00:00 +01:00,1,1
AT,AT.0008.20.AQ,NET.09,STA.09.AKC,,SPO.09.AKC.5066.6001.1,SPP.09.AKC.5066.6001.1.11325,SAM.09.AKC.5066.6001.1,PM2.5,http://dd.eionet.europa.eu/vocabulary/aq/pollutant/6001,hour,29.8810005100,µg/m3,2018-01-07 16:00:00 +01:00,2018-01-07 17:00:00 +01:00,1,1
AT,AT.0008.20.AQ,NET.09,STA.09.AKC,,SPO.09.AKC.5066.6001.1,SPP.09.AKC.5066.6001.1.11325,SAM.09.AKC.5066.6001.1,PM2.5,http://dd.eionet.europa.eu/vocabulary/aq/pollutant/6001,hour,32.3400001500,µg/m3,2018-01-07 17:00:00 +01:00,2018-01-07 18:00:00 +01:00,1,1
AT,AT.0008.20.AQ,NET.09,STA.09.AKC,,SPO.09.AKC.5066.6001.1,SPP.09.AKC.5066.6001.1.11325,SAM.09.AKC.5066.6001.1,PM2.5,http://dd.eionet.europa.eu/vocabulary/aq/pollutant/6001,hour,27.8325004500,µg/m3,2018-01-07 18:00:00 +01:00,2018-01-07 19:00:00 +01:00,1,1
AT,AT.0008.20.AQ,NET.09,STA.09.AKC,,SPO.09.AKC.5066.6001.1,SPP.09.AKC.5066.6001.1.11325,SAM.09.AKC.5066.6001.1,PM2.5,http://dd.eionet.europa.eu/vocabulary/aq/pollutant/6001,hour,22.8149986200,µg/m3,2018-01-07 19:00:00 +01:00,2018-01-07 20:00:00 +01:00,1,1
AT,AT.0008.20.AQ,NET.09,STA.09.AKC,,SPO.09.AKC.5066.6001.1,SPP.09.AKC.5066.6001.1.11325,SAM.09.AKC.5066.6001.1,PM2.5,http://dd.eionet.europa.eu/vocabulary/aq/pollutant/6001,hour,19.0419998100,µg/m3,2018-01-07 20:00:00 +01:00,2018-01-07 21:00:00 +01:00,1,1
AT,AT.0008.20.AQ,NET.09,STA.09.AKC,,SPO.09.AKC.5066.6001.1,SPP.09.AKC.5066.6001.1.11325,SAM.09.AKC.5066.6001.1,PM2.5,http://dd.eionet.europa.eu/vocabulary/aq/pollutant/6001,hour,23.5079994200,µg/m3,2018-01-07 23:00:00 +01:00,2018-01-08 00:00:00 +01:00,1,1
AT,AT.0008.20.AQ,NET.09,STA.09.AKC,,SPO.09.AKC.5066.6001.1,SPP.09.AKC.5066.6001.1.11325,SAM.09.AKC.5066.6001.1,PM2.5,http://dd.eionet.europa.eu/vocabulary/aq/pollutant/6001,hour,26.0120010300,µg/m3,2018-01-08 00:00:00 +01:00,2018-01-08 01:00:00 +01:00,1,1
AT,AT.0008.20.AQ,NET.09,STA.09.AKC,,SPO.09.AKC.5066.6001.1,SPP.09.AKC.5066.6001.1.11325,SAM.09.AKC.5066.6001.1,PM2.5,http://dd.eionet.europa.eu/vocabulary/aq/pollutant/6001,hour,30.6989994000,µg/m3,2018-01-08 02:00:00 +01:00,2018-01-08 03:00:00 +01:00,1,1
AT,AT.0008.20.AQ,NET.09,STA.09.AKC,,SPO.09.AKC.5066.6001.1,SPP.09.AKC.5066.6001.1.11325,SAM.09.AKC.5066.6001.1,PM2.5,http://dd.eionet.europa.eu/vocabulary/aq/pollutant/6001,hour,28.3344993500,µg/m3,2018-01-08 03:00:00 +01:00,2018-01-08 04:00:00 +01:00,1,1
AT,AT.0008.20.AQ,NET.09,STA.09.AKC,,SPO.09.AKC.5066.6001.1,SPP.09.AKC.5066.6001.1.11325,SAM.09.AKC.5066.6001.1,PM2.5,http://dd.eionet.europa.eu/vocabulary/aq/pollutant/6001,hour,16.5405006400,µg/m3,2018-01-08 10:00:00 +01:00,2018-01-08 11:00:00 +01:00,1,1
AT,AT.0008.20.AQ,NET.09,STA.09.AKC,,SPO.09.AKC.5066.6001.1,SPP.09.AKC.5066.6001.1.11325,SAM.09.AKC.5066.6001.1,PM2.5,http://dd.eionet.europa.eu/vocabulary/aq/pollutant/6001,hour,15.8789997100,µg/m3,2018-01-08 11:00:00 +01:00,2018-01-08 12:00:00 +01:00,1,1
AT,AT.0008.20.AQ,NET.09,STA.09.AKC,,SPO.09.AKC.5066.6001.1,SPP.09.AKC.5066.6001.1.11325,SAM.09.AKC.5066.6001.1,PM2.5,http://dd.eionet.europa.eu/vocabulary/aq/pollutant/6001,hour,15.5930004100,µg/m3,2018-01-08 12:00:00 +01:00,2018-01-08 13:00:00 +01:00,1,1
AT,AT.0008.20.AQ,NET.09,STA.09.AKC,,SPO.09.AKC.5066.6001.1,SPP.09.AKC.5066.6001.1.11325,SAM.09.AKC.5066.6001.1,PM2.5,http://dd.eionet.europa.eu/vocabulary/aq/pollutant/6001,hour,15.4675006800,µg/m3,2018-01-08 13:00:00 +01:00,2018-01-08 14:00:00 +01:00,1,1
AT,AT.0008.20.AQ,NET.09,STA.09.AKC,,SPO.09.AKC.5066.6001.1,SPP.09.AKC.5066.6001.1.11325,SAM.09.AKC.5066.6001.1,PM2.5,http://dd.eionet.europa.eu/vocabulary/aq/pollutant/6001,hour,14.6440000500,µg/m3,2018-01-08 14:00:00 +01:00,2018-01-08 15:00:00 +01:00,1,1
AT,AT.0008.20.AQ,NET.09,STA.09.AKC,,SPO.09.AKC.5066.6001.1,SPP.09.AKC.5066.6001.1.11325,SAM.09.AKC.5066.6001.1,PM2.5,http://dd.eionet.europa.eu/vocabulary/aq/pollutant/6001,hour,15.3315000500,µg/m3,2018-01-08 15:00:00 +01:00,2018-01-08 16:00:00 +01:00,1,1
AT,AT.0008.20.AQ,NET.09,STA.09.AKC,,SPO.09.AKC.5066.6001.1,SPP.09.AKC.5066.6001.1.11325,SAM.09.AKC.5066.6001.1,PM2.5,http://dd.eionet.europa.eu/vocabulary/aq/pollutant/6001,hour,16.9015007000,µg/m3,2018-01-08 16:00:00 +01:00,2018-01-08 17:00:00 +01:00,1,1
AT,AT.0008.20.AQ,NET.09,STA.09.AKC,,SPO.09.AKC.5066.6001.1,SPP.09.AKC.5066.6001.1.11325,SAM.09.AKC.5066.6001.1,PM2.5,http://dd.eionet.europa.eu/vocabulary/aq/pollutant/6001,hour,18.4609985300,µg/m3,2018-01-08 17:00:00 +01:00,2018-01-08 18:00:00 +01:00,1,1
AT,AT.0008.20.AQ,NET.09,STA.09.AKC,,SPO.09.AKC.5066.6001.1,SPP.09.AKC.5066.6001.1.11325,SAM.09.AKC.5066.6001.1,PM2.5,http://dd.eionet.europa.eu/vocabulary/aq/pollutant/6001,hour,22.5955009400,µg/m3,2018-01-08 18:00:00 +01:00,2018-01-08 19:00:00 +01:00,1,1
AT,AT.0008.20.AQ,NET.09,STA.09.AKC,,SPO.09.AKC.5066.6001.1,SPP.09.AKC.5066.6001.1.11325,SAM.09.AKC.5066.6001.1,PM2.5,http://dd.eionet.europa.eu/vocabulary/aq/pollutant/6001,hour,26.1450004500,µg/m3,2018-01-08 19:00:00 +01:00,2018-01-08 20:00:00 +01:00,1,1
AT,AT.0008.20.AQ,NET.09,STA.09.AKC,,SPO.09.AKC.5066.6001.1,SPP.09.AKC.5066.6001.1.11325,SAM.09.AKC.5066.6001.1,PM2.5,http://dd.eionet.europa.eu/vocabulary/aq/pollutant/6001,hour,27.9379997200,µg/m3,2018-01-08 20:00:00 +01:00,2018-01-08 21:00:00 +01:00,1,1
AT,AT.0008.20.AQ,NET.09,STA.09.AKC,,SPO.09.AKC.5066.6001.1,SPP.09.AKC.5066.6001.1.11325,SAM.09.AKC.5066.6001.1,PM2.5,http://dd.eionet.europa.eu/vocabulary/aq/pollutant/6001,hour,32.2869987400,µg/m3,2018-01-08 21:00:00 +01:00,2018-01-08 22:00:00 +01:00,1,1
AT,AT.0008.20.AQ,NET.09,STA.09.AKC,,SPO.09.AKC.5066.6001.1,SPP.09.AKC.5066.6001.1.11325,SAM.09.AKC.5066.6001.1,PM2.5,http://dd.eionet.europa.eu/vocabulary/aq/pollutant/6001,hour,23.0784988400,µg/m3,2018-01-08 23:00:00 +01:00,2018-01-09 00:00:00 +01:00,1,1
AT,AT.0008.20.AQ,NET.09,STA.09.AKC,,SPO.09.AKC.5066.6001.1,SPP.09.AKC.5066.6001.1.11325,SAM.09.AKC.5066.6001.1,PM2.5,http://dd.eionet.europa.eu/vocabulary/aq/pollutant/6001,hour,23.7325000700,µg/m3,2018-01-09 01:00:00 +01:00,2018-01-09 02:00:00 +01:00,1,1
AT,AT.0008.20.AQ,NET.09,STA.09.AKC,,SPO.09.AKC.5066.6001.1,SPP.09.AKC.5066.6001.1.11325,SAM.09.AKC.5066.6001.1,PM2.5,http://dd.eionet.europa.eu/vocabulary/aq/pollutant/6001,hour,26.5410003600,µg/m3,2018-01-09 02:00:00 +01:00,2018-01-09 03:00:00 +01:00,1,1
AT,AT.0008.20.AQ,NET.09,STA.09.AKC,,SPO.09.AKC.5066.6001.1,SPP.09.AKC.5066.6001.1.11325,SAM.09.AKC.5066.6001.1,PM2.5,http://dd.eionet.europa.eu/vocabulary/aq/pollutant/6001,hour,30.4910011200,µg/m3,2018-01-09 05:00:00 +01:00,2018-01-09 06:00:00 +01:00,1,1
AT,AT.0008.20.AQ,NET.09,STA.09.AKC,,SPO.09.AKC.5066.6001.1,SPP.09.AKC.5066.6001.1.11325,SAM.09.AKC.5066.6001.1,PM2.5,http://dd.eionet.europa.eu/vocabulary/aq/pollutant/6001,hour,27.3264999300,µg/m3,2018-01-09 06:00:00 +01:00,2018-01-09 07:00:00 +01:00,1,1
AT,AT.0008.20.AQ,NET.09,STA.09.AKC,,SPO.09.AKC.5066.6001.1,SPP.09.AKC.5066.6001.1.11325,SAM.09.AKC.5066.6001.1,PM2.5,http://dd.eionet.europa.eu/vocabulary/aq/pollutant/6001,hour,28.8605003300,µg/m3,2018-01-09 07:00:00 +01:00,2018-01-09 08:00:00 +01:00,1,1
AT,AT.0008.20.AQ,NET.09,STA.09.AKC,,SPO.09.AKC.5066.6001.1,SPP.09.AKC.5066.6001.1.11325,SAM.09.AKC.5066.6001.1,PM2.5,http://dd.eionet.europa.eu/vocabulary/aq/pollutant/6001,hour,26.4925003000,µg/m3,2018-01-09 08:00:00 +01:00,2018-01-09 09:00:00 +01:00,1,1
AT,AT.0008.20.AQ,NET.09,STA.09.AKC,,SPO.09.AKC.5066.6001.1,SPP.09.AKC.5066.6001.1.11325,SAM.09.AKC.5066.6001.1,PM2.5,http://dd.eionet.europa.eu/vocabulary/aq/pollutant/6001,hour,23.7319984400,µg/m3,2018-01-09 09:00:00 +01:00,2018-01-09 10:00:00 +01:00,1,1
AT,AT.0008.20.AQ,NET.09,STA.09.AKC,,SPO.09.AKC.5066.6001.1,SPP.09.AKC.5066.6001.1.11325,SAM.09.AKC.5066.6001.1,PM2.5,http://dd.eionet.europa.eu/vocabulary/aq/pollutant/6001,hour,21.7164993200,µg/m3,2018-01-09 10:00:00 +01:00,2018-01-09 11:00:00 +01:00,1,1
AT,AT.0008.20.AQ,NET.09,STA.09.AKC,,SPO.09.AKC.5066.6001.1,SPP.09.AKC.5066.6001.1.11325,SAM.09.AKC.5066.6001.1,PM2.5,http://dd.eionet.europa.eu/vocabulary/aq/pollutant/6001,hour,20.6165008500,µg/m3,2018-01-09 11:00:00 +01:00,2018-01-09 12:00:00 +01:00,1,1
AT,AT.0008.20.AQ,NET.09,STA.09.AKC,,SPO.09.AKC.5066.6001.1,SPP.09.AKC.5066.6001.1.11325,SAM.09.AKC.5066.6001.1,PM2.5,http://dd.eionet.europa.eu/vocabulary/aq/pollutant/6001,hour,21.3784999800,µg/m3,2018-01-09 12:00:00 +01:00,2018-01-09 13:00:00 +01:00,1,1
AT,AT.0008.20.AQ,NET.09,STA.09.AKC,,SPO.09.AKC.5066.6001.1,SPP.09.AKC.5066.6001.1.11325,SAM.09.AKC.5066.6001.1,PM2.5,http://dd.eionet.europa.eu/vocabulary/aq/pollutant/6001,hour,21.0200004500,µg/m3,2018-01-09 13:00:00 +01:00,2018-01-09 14:00:00 +01:00,1,1
AT,AT.0008.20.AQ,NET.09,STA.09.AKC,,SPO.09.AKC.5066.6001.1,SPP.09.AKC.5066.6001.1.11325,SAM.09.AKC.5066.6001.1,PM2.5,http://dd.eionet.europa.eu/vocabulary/aq/pollutant/6001,hour,22.0154991100,µg/m3,2018-01-09 14:00:00 +01:00,2018-01-09 15:00:00 +01:00,1,1
AT,AT.0008.20.AQ,NET.09,STA.09.AKC,,SPO.09.AKC.5066.6001.1,SPP.09.AKC.5066.6001.1.11325,SAM.09.AKC.5066.6001.1,PM2.5,http://dd.eionet.europa.eu/vocabulary/aq/pollutant/6001,hour,18.0895004200,µg/m3,2018-01-09 16:00:00 +01:00,2018-01-09 17:00:00 +01:00,1,1
AT,AT.0008.20.AQ,NET.09,STA.09.AKC,,SPO.09.AKC.5066.6001.1,SPP.09.AKC.5066.6001.1.11325,SAM.09.AKC.5066.6001.1,PM2.5,http://dd.eionet.europa.eu/vocabulary/aq/pollutant/6001,hour,17.6354999500,µg/m3,2018-01-09 17:00:00 +01:00,2018-01-09 18:00:00 +01:00,1,1
AT,AT.0008.20.AQ,NET.09,STA.09.AKC,,SPO.09.AKC.5066.6001.1,SPP.09.AKC.5066.6001.1.11325,SAM.09.AKC.5066.6001.1,PM2.5,http://dd.eionet.europa.eu/vocabulary/aq/pollutant/6001,hour,18.3530006400,µg/m3,2018-01-09 18:00:00 +01:00,2018-01-09 19:00:00 +01:00,1,1
AT,AT.0008.20.AQ,NET.09,STA.09.AKC,,SPO.09.AKC.5066.6001.1,SPP.09.AKC.5066.6001.1.11325,SAM.09.AKC.5066.6001.1,PM2.5,http://dd.eionet.europa.eu/vocabulary/aq/pollutant/6001,hour,21.1805000300,µg/m3,2018-01-09 19:00:00 +01:00,2018-01-09 20:00:00 +01:00,1,1
AT,AT.0008.20.AQ,NET.09,STA.09.AKC,,SPO.09.AKC.5066.6001.1,SPP.09.AKC.5066.6001.1.11325,SAM.09.AKC.5066.6001.1,PM2.5,http://dd.eionet.europa.eu/vocabulary/aq/pollutant/6001,hour,24.6640014600,µg/m3,2018-01-09 20:00:00 +01:00,2018-01-09 21:00:00 +01:00,1,1
AT,AT.0008.20.AQ,NET.09,STA.09.AKC,,SPO.09.AKC.5066.6001.1,SPP.09.AKC.5066.6001.1.11325,SAM.09.AKC.5066.6001.1,PM2.5,http://dd.eionet.europa.eu/vocabulary/aq/pollutant/6001,hour,32.9000015200,µg/m3,2018-01-09 22:00:00 +01:00,2018-01-09 23:00:00 +01:00,1,1
AT,AT.0008.20.AQ,NET.09,STA.09.AKC,,SPO.09.AKC.5066.6001.1,SPP.09.AKC.5066.6001.1.11325,SAM.09.AKC.5066.6001.1,PM2.5,http://dd.eionet.europa.eu/vocabulary/aq/pollutant/6001,hour,36.1875000000,µg/m3,2018-01-10 00:00:00 +01:00,2018-01-10 01:00:00 +01:00,1,1
AT,AT.0008.20.AQ,NET.09,STA.09.AKC,,SPO.09.AKC.5066.6001.1,SPP.09.AKC.5066.6001.1.11325,SAM.09.AKC.5066.6001.1,PM2.5,http://dd.eionet.europa.eu/vocabulary/aq/pollutant/6001,hour,31.8990020700,µg/m3,2018-01-10 02:00:00 +01:00,2018-01-10 03:00:00 +01:00,1,1
AT,AT.0008.20.AQ,NET.09,STA.09.AKC,,SPO.09.AKC.5066.6001.1,SPP.09.AKC.5066.6001.1.11325,SAM.09.AKC.5066.6001.1,PM2.5,http://dd.eionet.europa.eu/vocabulary/aq/pollutant/6001,hour,23.2730007100,µg/m3,2018-01-10 03:00:00 +01:00,2018-01-10 04:00:00 +01:00,1,1
AT,AT.0008.20.AQ,NET.09,STA.09.AKC,,SPO.09.AKC.5066.6001.1,SPP.09.AKC.5066.6001.1.11325,SAM.09.AKC.5066.6001.1,PM2.5,http://dd.eionet.europa.eu/vocabulary/aq/pollutant/6001,hour,15.7904996800,µg/m3,2018-01-10 04:00:00 +01:00,2018-01-10 05:00:00 +01:00,1,1
AT,AT.0008.20.AQ,NET.09,STA.09.AKC,,SPO.09.AKC.5066.6001.1,SPP.09.AKC.5066.6001.1.11325,SAM.09.AKC.5066.6001.1,PM2.5,http://dd.eionet.europa.eu/vocabulary/aq/pollutant/6001,hour,12.1295003800,µg/m3,2018-01-10 05:00:00 +01:00,2018-01-10 06:00:00 +01:00,1,1
AT,AT.0008.20.AQ,NET.09,STA.09.AKC,,SPO.09.AKC.5066.6001.1,SPP.09.AKC.5066.6001.1.11325,SAM.09.AKC.5066.6001.1,PM2.5,http://dd.eionet.europa.eu/vocabulary/aq/pollutant/6001,hour,12.7200002600,µg/m3,2018-01-10 07:00:00 +01:00,2018-01-10 08:00:00 +01:00,1,1
AT,AT.0008.20.AQ,NET.09,STA.09.AKC,,SPO.09.AKC.5066.6001.1,SPP.09.AKC.5066.6001.1.11325,SAM.09.AKC.5066.6001.1,PM2.5,http://dd.eionet.europa.eu/vocabulary/aq/pollutant/6001,hour,13.6289997100,µg/m3,2018-01-10 08:00:00 +01:00,2018-01-10 09:00:00 +01:00,1,1
AT,AT.0008.20.AQ,NET.09,STA.09.AKC,,SPO.09.AKC.5066.6001.1,SPP.09.AKC.5066.6001.1.11325,SAM.09.AKC.5066.6001.1,PM2.5,http://dd.eionet.europa.eu/vocabulary/aq/pollutant/6001,hour,13.2414999000,µg/m3,2018-01-10 09:00:00 +01:00,2018-01-10 10:00:00 +01:00,1,1
AT,AT.0008.20.AQ,NET.09,STA.09.AKC,,SPO.09.AKC.5066.6001.1,SPP.09.AKC.5066.6001.1.11325,SAM.09.AKC.5066.6001.1,PM2.5,http://dd.eionet.europa.eu/vocabulary/aq/pollutant/6001,hour,12.1510000200,µg/m3,2018-01-10 11:00:00 +01:00,2018-01-10 12:00:00 +01:00,1,1
AT,AT.0008.20.AQ,NET.09,STA.09.AKC,,SPO.09.AKC.5066.6001.1,SPP.09.AKC.5066.6001.1.11325,SAM.09.AKC.5066.6001.1,PM2.5,http://dd.eionet.europa.eu/vocabulary/aq/pollutant/6001,hour,10.5422000800,µg/m3,2018-01-10 12:00:00 +01:00,2018-01-10 13:00:00 +01:00,1,1
AT,AT.0008.20.AQ,NET.09,STA.09.AKC,,SPO.09.AKC.5066.6001.1,SPP.09.AKC.5066.6001.1.11325,SAM.09.AKC.5066.6001.1,PM2.5,http://dd.eionet.europa.eu/vocabulary/aq/pollutant/6001,hour,8.8721504200,µg/m3,2018-01-10 14:00:00 +01:00,2018-01-10 15:00:00 +01:00,1,1
AT,AT.0008.20.AQ,NET.09,STA.09.AKC,,SPO.09.AKC.5066.6001.1,SPP.09.AKC.5066.6001.1.11325,SAM.09.AKC.5066.6001.1,PM2.5,http://dd.eionet.europa.eu/vocabulary/aq/pollutant/6001,hour,9.1743507300,µg/m3,2018-01-10 15:00:00 +01:00,2018-01-10 16:00:00 +01:00,1,1
AT,AT.0008.20.AQ,NET.09,STA.09.AKC,,SPO.09.AKC.5066.6001.1,SPP.09.AKC.5066.6001.1.11325,SAM.09.AKC.5066.6001.1,PM2.5,http://dd.eionet.europa.eu/vocabulary/aq/pollutant/6001,hour,10.8660001700,µg/m3,2018-01-10 17:00:00 +01:00,2018-01-10 18:00:00 +01:00,1,1
AT,AT.0008.20.AQ,NET.09,STA.09.AKC,,SPO.09.AKC.5066.6001.1,SPP.09.AKC.5066.6001.1.11325,SAM.09.AKC.5066.6001.1,PM2.5,http://dd.eionet.europa.eu/vocabulary/aq/pollutant/6001,hour,11.2795000000,µg/m3,2018-01-10 18:00:00 +01:00,2018-01-10 19:00:00 +01:00,1,1
AT,AT.0008.20.AQ,NET.09,STA.09.AKC,,SPO.09.AKC.5066.6001.1,SPP.09.AKC.5066.6001.1.11325,SAM.09.AKC.5066.6001.1,PM2.5,http://dd.eionet.europa.eu/vocabulary/aq/pollutant/6001,hour,14.2534999800,µg/m3,2018-01-10 20:00:00 +01:00,2018-01-10 21:00:00 +01:00,1,1
AT,AT.0008.20.AQ,NET.09,STA.09.AKC,,SPO.09.AKC.5066.6001.1,SPP.09.AKC.5066.6001.1.11325,SAM.09.AKC.5066.6001.1,PM2.5,http://dd.eionet.europa.eu/vocabulary/aq/pollutant/6001,hour,11.3854999500,µg/m3,2018-01-10 21:00:00 +01:00,2018-01-10 22:00:00 +01:00,1,1
AT,AT.0008.20.AQ,NET.09,STA.09.AKC,,SPO.09.AKC.5066.6001.1,SPP.09.AKC.5066.6001.1.11325,SAM.09.AKC.5066.6001.1,PM2.5,http://dd.eionet.europa.eu/vocabulary/aq/pollutant/6001,hour,10.9820003500,µg/m3,2018-01-10 22:00:00 +01:00,2018-01-10 23:00:00 +01:00,1,1
AT,AT.0008.20.AQ,NET.09,STA.09.AKC,,SPO.09.AKC.5066.6001.1,SPP.09.AKC.5066.6001.1.11325,SAM.09.AKC.5066.6001.1,PM2.5,http://dd.eionet.europa.eu/vocabulary/aq/pollutant/6001,hour,10.0279502800,µg/m3,2018-01-10 23:00:00 +01:00,2018-01-11 00:00:00 +01:00,1,1
AT,AT.0008.20.AQ,NET.09,STA.09.AKC,,SPO.09.AKC.5066.6001.1,SPP.09.AKC.5066.6001.1.11325,SAM.09.AKC.5066.6001.1,PM2.5,http://dd.eionet.europa.eu/vocabulary/aq/pollutant/6001,hour,12.6669998100,µg/m3,2018-01-11 00:00:00 +01:00,2018-01-11 01:00:00 +01:00,1,1
AT,AT.0008.20.AQ,NET.09,STA.09.AKC,,SPO.09.AKC.5066.6001.1,SPP.09.AKC.5066.6001.1.11325,SAM.09.AKC.5066.6001.1,PM2.5,http://dd.eionet.europa.eu/vocabulary/aq/pollutant/6001,hour,14.5095005000,µg/m3,2018-01-11 01:00:00 +01:00,2018-01-11 02:00:00 +01:00,1,1
AT,AT.0008.20.AQ,NET.09,STA.09.AKC,,SPO.09.AKC.5066.6001.1,SPP.09.AKC.5066.6001.1.11325,SAM.09.AKC.5066.6001.1,PM2.5,http://dd.eionet.europa.eu/vocabulary/aq/pollutant/6001,hour,14.2560005100,µg/m3,2018-01-11 02:00:00 +01:00,2018-01-11 03:00:00 +01:00,1,1
AT,AT.0008.20.AQ,NET.09,STA.09.AKC,,SPO.09.AKC.5066.6001.1,SPP.09.AKC.5066.6001.1.11325,SAM.09.AKC.5066.6001.1,PM2.5,http://dd.eionet.europa.eu/vocabulary/aq/pollutant/6001,hour,11.7329998000,µg/m3,2018-01-11 03:00:00 +01:00,2018-01-11 04:00:00 +01:00,1,1
AT,AT.0008.20.AQ,NET.09,STA.09.AKC,,SPO.09.AKC.5066.6001.1,SPP.09.AKC.5066.6001.1.11325,SAM.09.AKC.5066.6001.1,PM2.5,http://dd.eionet.europa.eu/vocabulary/aq/pollutant/6001,hour,11.3015003200,µg/m3,2018-01-11 04:00:00 +01:00,2018-01-11 05:00:00 +01:00,1,1
AT,AT.0008.20.AQ,NET.09,STA.09.AKC,,SPO.09.AKC.5066.6001.1,SPP.09.AKC.5066.6001.1.11325,SAM.09.AKC.5066.6001.1,PM2.5,http://dd.eionet.europa.eu/vocabulary/aq/pollutant/6001,hour,12.7465000100,µg/m3,2018-01-11 05:00:00 +01:00,2018-01-11 06:00:00 +01:00,1,1
AT,AT.0008.20.AQ,NET.09,STA.09.AKC,,SPO.09.AKC.5066.6001.1,SPP.09.AKC.5066.6001.1.11325,SAM.09.AKC.5066.6001.1,PM2.5,http://dd.eionet.europa.eu/vocabulary/aq/pollutant/6001,hour,12.4079999900,µg/m3,2018-01-11 08:00:00 +01:00,2018-01-11 09:00:00 +01:00,1,1
AT,AT.0008.20.AQ,NET.09,STA.09.AKC,,SPO.09.AKC.5066.6001.1,SPP.09.AKC.5066.6001.1.11325,SAM.09.AKC.5066.6001.1,PM2.5,http://dd.eionet.europa.eu/vocabulary/aq/pollutant/6001,hour,13.1660003600,µg/m3,2018-01-11 09:00:00 +01:00,2018-01-11 10:00:00 +01:00,1,1
AT,AT.0008.20.AQ,NET.09,STA.09.AKC,,SPO.09.AKC.5066.6001.1,SPP.09.AKC.5066.6001.1.11325,SAM.09.AKC.5066.6001.1,PM2.5,http://dd.eionet.europa.eu/vocabulary/aq/pollutant/6001,hour,11.0760002100,µg/m3,2018-01-11 10:00:00 +01:00,2018-01-11 11:00:00 +01:00,1,1
AT,AT.0008.20.AQ,NET.09,STA.09.AKC,,SPO.09.AKC.5066.6001.1,SPP.09.AKC.5066.6001.1.11325,SAM.09.AKC.5066.6001.1,PM2.5,http://dd.eionet.europa.eu/vocabulary/aq/pollutant/6001,hour,11.6040000900,µg/m3,2018-01-11 11:00:00 +01:00,2018-01-11 12:00:00 +01:00,1,1
AT,AT.0008.20.AQ,NET.09,STA.09.AKC,,SPO.09.AKC.5066.6001.1,SPP.09.AKC.5066.6001.1.11325,SAM.09.AKC.5066.6001.1,PM2.5,http://dd.eionet.europa.eu/vocabulary/aq/pollutant/6001,hour,12.5825004500,µg/m3,2018-01-11 12:00:00 +01:00,2018-01-11 13:00:00 +01:00,1,1
AT,AT.0008.20.AQ,NET.09,STA.09.AKC,,SPO.09.AKC.5066.6001.1,SPP.09.AKC.5066.6001.1.11325,SAM.09.AKC.5066.6001.1,PM2.5,http://dd.eionet.europa.eu/vocabulary/aq/pollutant/6001,hour,13.9764995500,µg/m3,2018-01-11 13:00:00 +01:00,2018-01-11 14:00:00 +01:00,1,1
AT,AT.0008.20.AQ,NET.09,STA.09.AKC,,SPO.09.AKC.5066.6001.1,SPP.09.AKC.5066.6001.1.11325,SAM.09.AKC.5066.6001.1,PM2.5,http://dd.eionet.europa.eu/vocabulary/aq/pollutant/6001,hour,15.0494995100,µg/m3,2018-01-11 14:00:00 +01:00,2018-01-11 15:00:00 +01:00,1,1
AT,AT.0008.20.AQ,NET.09,STA.09.AKC,,SPO.09.AKC.5066.6001.1,SPP.09.AKC.5066.6001.1.11325,SAM.09.AKC.5066.6001.1,PM2.5,http://dd.eionet.europa.eu/vocabulary/aq/pollutant/6001,hour,20.5764999300,µg/m3,2018-01-11 18:00:00 +01:00,2018-01-11 19:00:00 +01:00,1,1
AT,AT.0008.20.AQ,NET.09,STA.09.AKC,,SPO.09.AKC.5066.6001.1,SPP.09.AKC.5066.6001.1.11325,SAM.09.AKC.5066.6001.1,PM2.5,http://dd.eionet.europa.eu/vocabulary/aq/pollutant/6001,hour,16.1879997200,µg/m3,2018-01-11 19:00:00 +01:00,2018-01-11 20:00:00 +01:00,1,1
AT,AT.0008.20.AQ,NET.09,STA.09.AKC,,SPO.09.AKC.5066.6001.1,SPP.09.AKC.5066.6001.1.11325,SAM.09.AKC.5066.6001.1,PM2.5,http://dd.eionet.europa.eu/vocabulary/aq/pollutant/6001,hour,14.5694999600,µg/m3,2018-01-11 20:00:00 +01:00,2018-01-11 21:00:00 +01:00,1,1
AT,AT.0008.20.AQ,NET.09,STA.09.AKC,,SPO.09.AKC.5066.6001.1,SPP.09.AKC.5066.6001.1.11325,SAM.09.AKC.5066.6001.1,PM2.5,http://dd.eionet.europa.eu/vocabulary/aq/pollutant/6001,hour,13.7245006500,µg/m3,2018-01-11 21:00:00 +01:00,2018-01-11 22:00:00 +01:00,1,1
AT,AT.0008.20.AQ,NET.09,STA.09.AKC,,SPO.09.AKC.5066.6001.1,SPP.09.AKC.5066.6001.1.11325,SAM.09.AKC.5066.6001.1,PM2.5,http://dd.eionet.europa.eu/vocabulary/aq/pollutant/6001,hour,18.1614990200,µg/m3,2018-01-11 22:00:00 +01:00,2018-01-11 23:00:00 +01:00,1,1
AT,AT.0008.20.AQ,NET.09,STA.09.AKC,,SPO.09.AKC.5066.6001.1,SPP.09.AKC.5066.6001.1.11325,SAM.09.AKC.5066.6001.1,PM2.5,http://dd.eionet.europa.eu/vocabulary/aq/pollutant/6001,hour,17.1105003300,µg/m3,2018-01-12 00:00:00 +01:00,2018-01-12 01:00:00 +01:00,1,1
AT,AT.0008.20.AQ,NET.09,STA.09.AKC,,SPO.09.AKC.5066.6001.1,SPP.09.AKC.5066.6001.1.11325,SAM.09.AKC.5066.6001.1,PM2.5,http://dd.eionet.europa.eu/vocabulary/aq/pollutant/6001,hour,18.7265014600,µg/m3,2018-01-12 01:00:00 +01:00,2018-01-12 02:00:00 +01:00,1,1
AT,AT.0008.20.AQ,NET.09,STA.09.AKC,,SPO.09.AKC.5066.6001.1,SPP.09.AKC.5066.6001.1.11325,SAM.09.AKC.5066.6001.1,PM2.5,http://dd.eionet.europa.eu/vocabulary/aq/pollutant/6001,hour,17.2449989300,µg/m3,2018-01-12 02:00:00 +01:00,2018-01-12 03:00:00 +01:00,1,1
AT,AT.0008.20.AQ,NET.09,STA.09.AKC,,SPO.09.AKC.5066.6001.1,SPP.09.AKC.5066.6001.1.11325,SAM.09.AKC.5066.6001.1,PM2.5,http://dd.eionet.europa.eu/vocabulary/aq/pollutant/6001,hour,16.2239990200,µg/m3,2018-01-12 03:00:00 +01:00,2018-01-12 04:00:00 +01:00,1,1
AT,AT.0008.20.AQ,NET.09,STA.09.AKC,,SPO.09.AKC.5066.6001.1,SPP.09.AKC.5066.6001.1.11325,SAM.09.AKC.5066.6001.1,PM2.5,http://dd.eionet.europa.eu/vocabulary/aq/pollutant/6001,hour,18.1220016400,µg/m3,2018-01-12 04:00:00 +01:00,2018-01-12 05:00:00 +01:00,1,1
AT,AT.0008.20.AQ,NET.09,STA.09.AKC,,SPO.09.AKC.5066.6001.1,SPP.09.AKC.5066.6001.1.11325,SAM.09.AKC.5066.6001.1,PM2.5,http://dd.eionet.europa.eu/vocabulary/aq/pollutant/6001,hour,17.8229999500,µg/m3,2018-01-12 06:00:00 +01:00,2018-01-12 07:00:00 +01:00,1,1
AT,AT.0008.20.AQ,NET.09,STA.09.AKC,,SPO.09.AKC.5066.6001.1,SPP.09.AKC.5066.6001.1.11325,SAM.09.AKC.5066.6001.1,PM2.5,http://dd.eionet.europa.eu/vocabulary/aq/pollutant/6001,hour,20.6025009100,µg/m3,2018-01-12 08:00:00 +01:00,2018-01-12 09:00:00 +01:00,1,1
AT,AT.0008.20.AQ,NET.09,STA.09.AKC,,SPO.09.AKC.5066.6001.1,SPP.09.AKC.5066.6001.1.11325,SAM.09.AKC.5066.6001.1,PM2.5,http://dd.eionet.europa.eu/vocabulary/aq/pollutant/6001,hour,21.6865005400,µg/m3,2018-01-12 09:00:00 +01:00,2018-01-12 10:00:00 +01:00,1,1
AT,AT.0008.20.AQ,NET.09,STA.09.AKC,,SPO.09.AKC.5066.6001.1,SPP.09.AKC.5066.6001.1.11325,SAM.09.AKC.5066.6001.1,PM2.5,http://dd.eionet.europa.eu/vocabulary/aq/pollutant/6001,hour,21.6329994200,µg/m3,2018-01-12 10:00:00 +01:00,2018-01-12 11:00:00 +01:00,1,1
AT,AT.0008.20.AQ,NET.09,STA.09.AKC,,SPO.09.AKC.5066.6001.1,SPP.09.AKC.5066.6001.1.11325,SAM.09.AKC.5066.6001.1,PM2.5,http://dd.eionet.europa.eu/vocabulary/aq/pollutant/6001,hour,23.1014995500,µg/m3,2018-01-12 13:00:00 +01:00,2018-01-12 14:00:00 +01:00,1,1
AT,AT.0008.20.AQ,NET.09,STA.09.AKC,,SPO.09.AKC.5066.6001.1,SPP.09.AKC.5066.6001.1.11325,SAM.09.AKC.5066.6001.1,PM2.5,http://dd.eionet.europa.eu/vocabulary/aq/pollutant/6001,hour,22.6199989300,µg/m3,2018-01-12 15:00:00 +01:00,2018-01-12 16:00:00 +01:00,1,1
AT,AT.0008.20.AQ,NET.09,STA.09.AKC,,SPO.09.AKC.5066.6001.1,SPP.09.AKC.5066.6001.1.11325,SAM.09.AKC.5066.6001.1,PM2.5,http://dd.eionet.europa.eu/vocabulary/aq/pollutant/6001,hour,26.2599983200,µg/m3,2018-01-12 18:00:00 +01:00,2018-01-12 19:00:00 +01:00,1,1
AT,AT.0008.20.AQ,NET.09,STA.09.AKC,,SPO.09.AKC.5066.6001.1,SPP.09.AKC.5066.6001.1.11325,SAM.09.AKC.5066.6001.1,PM2.5,http://dd.eionet.europa.eu/vocabulary/aq/pollutant/6001,hour,27.7880001000,µg/m3,2018-01-12 20:00:00 +01:00,2018-01-12 21:00:00 +01:00,1,1
AT,AT.0008.20.AQ,NET.09,STA.09.AKC,,SPO.09.AKC.5066.6001.1,SPP.09.AKC.5066.6001.1.11325,SAM.09.AKC.5066.6001.1,PM2.5,http://dd.eionet.europa.eu/vocabulary/aq/pollutant/6001,hour,25.6324996900,µg/m3,2018-01-12 22:00:00 +01:00,2018-01-12 23:00:00 +01:00,1,1
AT,AT.0008.20.AQ,NET.09,STA.09.AKC,,SPO.09.AKC.5066.6001.1,SPP.09.AKC.5066.6001.1.11325,SAM.09.AKC.5066.6001.1,PM2.5,http://dd.eionet.europa.eu/vocabulary/aq/pollutant/6001,hour,26.2434997500,µg/m3,2018-01-13 00:00:00 +01:00,2018-01-13 01:00:00 +01:00,1,1
AT,AT.0008.20.AQ,NET.09,STA.09.AKC,,SPO.09.AKC.5066.6001.1,SPP.09.AKC.5066.6001.1.11325,SAM.09.AKC.5066.6001.1,PM2.5,http://dd.eionet.europa.eu/vocabulary/aq/pollutant/6001,hour,27.6935005100,µg/m3,2018-01-13 01:00:00 +01:00,2018-01-13 02:00:00 +01:00,1,1
AT,AT.0008.20.AQ,NET.09,STA.09.AKC,,SPO.09.AKC.5066.6001.1,SPP.09.AKC.5066.6001.1.11325,SAM.09.AKC.5066.6001.1,PM2.5,http://dd.eionet.europa.eu/vocabulary/aq/pollutant/6001,hour,29.9944992000,µg/m3,2018-01-13 02:00:00 +01:00,2018-01-13 03:00:00 +01:00,1,1
AT,AT.0008.20.AQ,NET.09,STA.09.AKC,,SPO.09.AKC.5066.6001.1,SPP.09.AKC.5066.6001.1.11325,SAM.09.AKC.5066.6001.1,PM2.5,http://dd.eionet.europa.eu/vocabulary/aq/pollutant/6001,hour,30.7845001200,µg/m3,2018-01-13 03:00:00 +01:00,2018-01-13 04:00:00 +01:00,1,1
AT,AT.0008.20.AQ,NET.09,STA.09.AKC,,SPO.09.AKC.5066.6001.1,SPP.09.AKC.5066.6001.1.11325,SAM.09.AKC.5066.6001.1,PM2.5,http://dd.eionet.europa.eu/vocabulary/aq/pollutant/6001,hour,31.7910003600,µg/m3,2018-01-13 05:00:00 +01:00,2018-01-13 06:00:00 +01:00,1,1
AT,AT.0008.20.AQ,NET.09,STA.09.AKC,,SPO.09.AKC.5066.6001.1,SPP.09.AKC.5066.6001.1.11325,SAM.09.AKC.5066.6001.1,PM2.5,http://dd.eionet.europa.eu/vocabulary/aq/pollutant/6001,hour,30.5439987100,µg/m3,2018-01-13 06:00:00 +01:00,2018-01-13 07:00:00 +01:00,1,1
AT,AT.0008.20.AQ,NET.09,STA.09.AKC,,SPO.09.AKC.5066.6001.1,SPP.09.AKC.5066.6001.1.11325,SAM.09.AKC.5066.6001.1,PM2.5,http://dd.eionet.europa.eu/vocabulary/aq/pollutant/6001,hour,30.5265007000,µg/m3,2018-01-13 07:00:00 +01:00,2018-01-13 08:00:00 +01:00,1,1
AT,AT.0008.20.AQ,NET.09,STA.09.AKC,,SPO.09.AKC.5066.6001.1,SPP.09.AKC.5066.6001.1.11325,SAM.09.AKC.5066.6001.1,PM2.5,http://dd.eionet.europa.eu/vocabulary/aq/pollutant/6001,hour,20.9160003600,µg/m3,2018-01-13 10:00:00 +01:00,2018-01-13 11:00:00 +01:00,1,1
AT,AT.0008.20.AQ,NET.09,STA.09.AKC,,SPO.09.AKC.5066.6001.1,SPP.09.AKC.5066.6001.1.11325,SAM.09.AKC.5066.6001.1,PM2.5,http://dd.eionet.europa.eu/vocabulary/aq/pollutant/6001,hour,18.3665008500,µg/m3,2018-01-13 12:00:00 +01:00,2018-01-13 13:00:00 +01:00,1,1
AT,AT.0008.20.AQ,NET.09,STA.09.AKC,,SPO.09.AKC.5066.6001.1,SPP.09.AKC.5066.6001.1.11325,SAM.09.AKC.5066.6001.1,PM2.5,http://dd.eionet.europa.eu/vocabulary/aq/pollutant/6001,hour,15.9980001400,µg/m3,2018-01-13 13:00:00 +01:00,2018-01-13 14:00:00 +01:00,1,1
AT,AT.0008.20.AQ,NET.09,STA.09.AKC,,SPO.09.AKC.5066.6001.1,SPP.09.AKC.5066.6001.1.11325,SAM.09.AKC.5066.6001.1,PM2.5,http://dd.eionet.europa.eu/vocabulary/aq/pollutant/6001,hour,19.3194999600,µg/m3,2018-01-13 14:00:00 +01:00,2018-01-13 15:00:00 +01:00,1,1
AT,AT.0008.20.AQ,NET.09,STA.09.AKC,,SPO.09.AKC.5066.6001.1,SPP.09.AKC.5066.6001.1.11325,SAM.09.AKC.5066.6001.1,PM2.5,http://dd.eionet.europa.eu/vocabulary/aq/pollutant/6001,hour,21.3870010300,µg/m3,2018-01-13 15:00:00 +01:00,2018-01-13 16:00:00 +01:00,1,1
AT,AT.0008.20.AQ,NET.09,STA.09.AKC,,SPO.09.AKC.5066.6001.1,SPP.09.AKC.5066.6001.1.11325,SAM.09.AKC.5066.6001.1,PM2.5,http://dd.eionet.europa.eu/vocabulary/aq/pollutant/6001,hour,21.5250015200,µg/m3,2018-01-13 16:00:00 +01:00,2018-01-13 17:00:00 +01:00,1,1
AT,AT.0008.20.AQ,NET.09,STA.09.AKC,,SPO.09.AKC.5066.6001.1,SPP.09.AKC.5066.6001.1.11325,SAM.09.AKC.5066.6001.1,PM2.5,http://dd.eionet.europa.eu/vocabulary/aq/pollutant/6001,hour,16.6744995100,µg/m3,2018-01-13 17:00:00 +01:00,2018-01-13 18:00:00 +01:00,1,1
AT,AT.0008.20.AQ,NET.09,STA.09.AKC,,SPO.09.AKC.5066.6001.1,SPP.09.AKC.5066.6001.1.11325,SAM.09.AKC.5066.6001.1,PM2.5,http://dd.eionet.europa.eu/vocabulary/aq/pollutant/6001,hour,15.4615001600,µg/m3,2018-01-13 18:00:00 +01:00,2018-01-13 19:00:00 +01:00,1,1
AT,AT.0008.20.AQ,NET.09,STA.09.AKC,,SPO.09.AKC.5066.6001.1,SPP.09.AKC.5066.6001.1.11325,SAM.09.AKC.5066.6001.1,PM2.5,http://dd.eionet.europa.eu/vocabulary/aq/pollutant/6001,hour,13.8584995200,µg/m3,2018-01-13 19:00:00 +01:00,2018-01-13 20:00:00 +01:00,1,1
AT,AT.0008.20.AQ,NET.09,STA.09.AKC,,SPO.09.AKC.5066.6001.1,SPP.09.AKC.5066.6001.1.11325,SAM.09.AKC.5066.6001.1,PM2.5,http://dd.eionet.europa.eu/vocabulary/aq/pollutant/6001,hour,12.3395004200,µg/m3,2018-01-13 20:00:00 +01:00,2018-01-13 21:00:00 +01:00,1,1
AT,AT.0008.20.AQ,NET.09,STA.09.AKC,,SPO.09.AKC.5066.6001.1,SPP.09.AKC.5066.6001.1.11325,SAM.09.AKC.5066.6001.1,PM2.5,http://dd.eionet.europa.eu/vocabulary/aq/pollutant/6001,hour,12.3665008500,µg/m3,2018-01-13 21:00:00 +01:00,2018-01-13 22:00:00 +01:00,1,1
AT,AT.0008.20.AQ,NET.09,STA.09.AKC,,SPO.09.AKC.5066.6001.1,SPP.09.AKC.5066.6001.1.11325,SAM.09.AKC.5066.6001.1,PM2.5,http://dd.eionet.europa.eu/vocabulary/aq/pollutant/6001,hour,14.3544998100,µg/m3,2018-01-13 22:00:00 +01:00,2018-01-13 23:00:00 +01:00,1,1
AT,AT.0008.20.AQ,NET.09,STA.09.AKC,,SPO.09.AKC.5066.6001.1,SPP.09.AKC.5066.6001.1.11325,SAM.09.AKC.5066.6001.1,PM2.5,http://dd.eionet.europa.eu/vocabulary/aq/pollutant/6001,hour,14.0745000800,µg/m3,2018-01-13 23:00:00 +01:00,2018-01-14 00:00:00 +01:00,1,1
AT,AT.0008.20.AQ,NET.09,STA.09.AKC,,SPO.09.AKC.5066.6001.1,SPP.09.AKC.5066.6001.1.11325,SAM.09.AKC.5066.6001.1,PM2.5,http://dd.eionet.europa.eu/vocabulary/aq/pollutant/6001,hour,12.6284999800,µg/m3,2018-01-14 00:00:00 +01:00,2018-01-14 01:00:00 +01:00,1,1
AT,AT.0008.20.AQ,NET.09,STA.09.AKC,,SPO.09.AKC.5066.6001.1,SPP.09.AKC.5066.6001.1.11325,SAM.09.AKC.5066.6001.1,PM2.5,http://dd.eionet.europa.eu/vocabulary/aq/pollutant/6001,hour,11.4265003200,µg/m3,2018-01-14 01:00:00 +01:00,2018-01-14 02:00:00 +01:00,1,1
AT,AT.0008.20.AQ,NET.09,STA.09.AKC,,SPO.09.AKC.5066.6001.1,SPP.09.AKC.5066.6001.1.11325,SAM.09.AKC.5066.6001.1,PM2.5,http://dd.eionet.europa.eu/vocabulary/aq/pollutant/6001,hour,12.8565006200,µg/m3,2018-01-14 02:00:00 +01:00,2018-01-14 03:00:00 +01:00,1,1
AT,AT.0008.20.AQ,NET.09,STA.09.AKC,,SPO.09.AKC.5066.6001.1,SPP.09.AKC.5066.6001.1.11325,SAM.09.AKC.5066.6001.1,PM2.5,http://dd.eionet.europa.eu/vocabulary/aq/pollutant/6001,hour,12.8610000600,µg/m3,2018-01-14 03:00:00 +01:00,2018-01-14 04:00:00 +01:00,1,1
AT,AT.0008.20.AQ,NET.09,STA.09.AKC,,SPO.09.AKC.5066.6001.1,SPP.09.AKC.5066.6001.1.11325,SAM.09.AKC.5066.6001.1,PM2.5,http://dd.eionet.europa.eu/vocabulary/aq/pollutant/6001,hour,12.7795000000,µg/m3,2018-01-14 04:00:00 +01:00,2018-01-14 05:00:00 +01:00,1,1
AT,AT.0008.20.AQ,NET.09,STA.09.AKC,,SPO.09.AKC.5066.6001.1,SPP.09.AKC.5066.6001.1.11325,SAM.09.AKC.5066.6001.1,PM2.5,http://dd.eionet.europa.eu/vocabulary/aq/pollutant/6001,hour,13.9379997200,µg/m3,2018-01-14 07:00:00 +01:00,2018-01-14 08:00:00 +01:00,1,1
AT,AT.0008.20.AQ,NET.09,STA.09.AKC,,SPO.09.AKC.5066.6001.1,SPP.09.AKC.5066.6001.1.11325,SAM.09.AKC.5066.6001.1,PM2.5,http://dd.eionet.europa.eu/vocabulary/aq/pollutant/6001,hour,14.5284996000,µg/m3,2018-01-14 08:00:00 +01:00,2018-01-14 09:00:00 +01:00,1,1
AT,AT.0008.20.AQ,NET.09,STA.09.AKC,,SPO.09.AKC.5066.6001.1,SPP.09.AKC.5066.6001.1.11325,SAM.09.AKC.5066.6001.1,PM2.5,http://dd.eionet.europa.eu/vocabulary/aq/pollutant/6001,hour,14.0410003600,µg/m3,2018-01-14 09:00:00 +01:00,2018-01-14 10:00:00 +01:00,1,1
AT,AT.0008.20.AQ,NET.09,STA.09.AKC,,SPO.09.AKC.5066.6001.1,SPP.09.AKC.5066.6001.1.11325,SAM.09.AKC.5066.6001.1,PM2.5,http://dd.eionet.europa.eu/vocabulary/aq/pollutant/6001,hour,13.9704999900,µg/m3,2018-01-14 10:00:00 +01:00,2018-01-14 11:00:00 +01:00,1,1
AT,AT.0008.20.AQ,NET.09,STA.09.AKC,,SPO.09.AKC.5066.6001.1,SPP.09.AKC.5066.6001.1.11325,SAM.09.AKC.5066.6001.1,PM2.5,http://dd.eionet.europa.eu/vocabulary/aq/pollutant/6001,hour,12.6170005700,µg/m3,2018-01-14 11:00:00 +01:00,2018-01-14 12:00:00 +01:00,1,1
AT,AT.0008.20.AQ,NET.09,STA.09.AKC,,SPO.09.AKC.5066.6001.1,SPP.09.AKC.5066.6001.1.11325,SAM.09.AKC.5066.6001.1,PM2.5,http://dd.eionet.europa.eu/vocabulary/aq/pollutant/6001,hour,12.0780000600,µg/m3,2018-01-14 12:00:00 +01:00,2018-01-14 13:00:00 +01:00,1,1
AT,AT.0008.20.AQ,NET.09,STA.09.AKC,,SPO.09.AKC.5066.6001.1,SPP.09.AKC.5066.6001.1.11325,SAM.09.AKC.5066.6001.1,PM2.5,http://dd.eionet.europa.eu/vocabulary/aq/pollutant/6001,hour,12.7829999900,µg/m3,2018-01-14 13:00:00 +01:00,2018-01-14 14:00:00 +01:00,1,1
AT,AT.0008.20.AQ,NET.09,STA.09.AKC,,SPO.09.AKC.5066.6001.1,SPP.09.AKC.5066.6001.1.11325,SAM.09.AKC.5066.6001.1,PM2.5,http://dd.eionet.europa.eu/vocabulary/aq/pollutant/6001,hour,14.3634996400,µg/m3,2018-01-14 14:00:00 +01:00,2018-01-14 15:00:00 +01:00,1,1
AT,AT.0008.20.AQ,NET.09,STA.09.AKC,,SPO.09.AKC.5066.6001.1,SPP.09.AKC.5066.6001.1.11325,SAM.09.AKC.5066.6001.1,PM2.5,http://dd.eionet.europa.eu/vocabulary/aq/pollutant/6001,hour,15.6380004800,µg/m3,2018-01-14 15:00:00 +01:00,2018-01-14 16:00:00 +01:00,1,1
AT,AT.0008.20.AQ,NET.09,STA.09.AKC,,SPO.09.AKC.5066.6001.1,SPP.09.AKC.5066.6001.1.11325,SAM.09.AKC.5066.6001.1,PM2.5,http://dd.eionet.europa.eu/vocabulary/aq/pollutant/6001,hour,19.0424995400,µg/m3,2018-01-14 17:00:00 +01:00,2018-01-14 18:00:00 +01:00,1,1
AT,AT.0008.20.AQ,NET.09,STA.09.AKC,,SPO.09.AKC.5066.6001.1,SPP.09.AKC.5066.6001.1.11325,SAM.09.AKC.5066.6001.1,PM2.5,http://dd.eionet.europa.eu/vocabulary/aq/pollutant/6001,hour,18.7684993700,µg/m3,2018-01-14 19:00:00 +01:00,2018-01-14 20:00:00 +01:00,1,1
AT,AT.0008.20.AQ,NET.09,STA.09.AKC,,SPO.09.AKC.5066.6001.1,SPP.09.AKC.5066.6001.1.11325,SAM.09.AKC.5066.6001.1,PM2.5,http://dd.eionet.europa.eu/vocabulary/aq/pollutant/6001,hour,18.7130012500,µg/m3,2018-01-14 23:00:00 +01:00,2018-01-15 00:00:00 +01:00,1,1
AT,AT.0008.20.AQ,NET.09,STA.09.AKC,,SPO.09.AKC.5066.6001.1,SPP.09.AKC.5066.6001.1.11325,SAM.09.AKC.5066.6001.1,PM2.5,http://dd.eionet.europa.eu/vocabulary/aq/pollutant/6001,hour,19.0895004200,µg/m3,2018-01-15 00:00:00 +01:00,2018-01-15 01:00:00 +01:00,1,1
AT,AT.0008.20.AQ,NET.09,STA.09.AKC,,SPO.09.AKC.5066.6001.1,SPP.09.AKC.5066.6001.1.11325,SAM.09.AKC.5066.6001.1,PM2.5,http://dd.eionet.europa.eu/vocabulary/aq/pollutant/6001,hour,20.4700012200,µg/m3,2018-01-15 02:00:00 +01:00,2018-01-15 03:00:00 +01:00,1,1
AT,AT.0008.20.AQ,NET.09,STA.09.AKC,,SPO.09.AKC.5066.6001.1,SPP.09.AKC.5066.6001.1.11325,SAM.09.AKC.5066.6001.1,PM2.5,http://dd.eionet.europa.eu/vocabulary/aq/pollutant/6001,hour,21.2244987400,µg/m3,2018-01-15 03:00:00 +01:00,2018-01-15 04:00:00 +01:00,1,1
AT,AT.0008.20.AQ,NET.09,STA.09.AKC,,SPO.09.AKC.5066.6001.1,SPP.09.AKC.5066.6001.1.11325,SAM.09.AKC.5066.6001.1,PM2.5,http://dd.eionet.europa.eu/vocabulary/aq/pollutant/6001,hour,21.0555000300,µg/m3,2018-01-15 05:00:00 +01:00,2018-01-15 06:00:00 +01:00,1,1
AT,AT.0008.20.AQ,NET.09,STA.09.AKC,,SPO.09.AKC.5066.6001.1,SPP.09.AKC.5066.6001.1.11325,SAM.09.AKC.5066.6001.1,PM2.5,http://dd.eionet.europa.eu/vocabulary/aq/pollutant/6001,hour,21.6744995100,µg/m3,2018-01-15 06:00:00 +01:00,2018-01-15 07:00:00 +01:00,1,1
AT,AT.0008.20.AQ,NET.09,STA.09.AKC,,SPO.09.AKC.5066.6001.1,SPP.09.AKC.5066.6001.1.11325,SAM.09.AKC.5066.6001.1,PM2.5,http://dd.eionet.europa.eu/vocabulary/aq/pollutant/6001,hour,20.8774986200,µg/m3,2018-01-15 08:00:00 +01:00,2018-01-15 09:00:00 +01:00,1,1
AT,AT.0008.20.AQ,NET.09,STA.09.AKC,,SPO.09.AKC.5066.6001.1,SPP.09.AKC.5066.6001.1.11325,SAM.09.AKC.5066.6001.1,PM2.5,http://dd.eionet.europa.eu/vocabulary/aq/pollutant/6001,hour,20.0580005600,µg/m3,2018-01-15 09:00:00 +01:00,2018-01-15 10:00:00 +01:00,1,1
AT,AT.0008.20.AQ,NET.09,STA.09.AKC,,SPO.09.AKC.5066.6001.1,SPP.09.AKC.5066.6001.1.11325,SAM.09.AKC.5066.6001.1,PM2.5,http://dd.eionet.europa.eu/vocabulary/aq/pollutant/6001,hour,15.1204996100,µg/m3,2018-01-15 12:00:00 +01:00,2018-01-15 13:00:00 +01:00,1,1
AT,AT.0008.20.AQ,NET.09,STA.09.AKC,,SPO.09.AKC.5066.6001.1,SPP.09.AKC.5066.6001.1.11325,SAM.09.AKC.5066.6001.1,PM2.5,http://dd.eionet.europa.eu/vocabulary/aq/pollutant/6001,hour,15.0284996000,µg/m3,2018-01-15 13:00:00 +01:00,2018-01-15 14:00:00 +01:00,1,1
AT,AT.0008.20.AQ,NET.09,STA.09.AKC,,SPO.09.AKC.5066.6001.1,SPP.09.AKC.5066.6001.1.11325,SAM.09.AKC.5066.6001.1,PM2.5,http://dd.eionet.europa.eu/vocabulary/aq/pollutant/6001,hour,14.1884994500,µg/m3,2018-01-15 15:00:00 +01:00,2018-01-15 16:00:00 +01:00,1,1
AT,AT.0008.20.AQ,NET.09,STA.09.AKC,,SPO.09.AKC.5066.6001.1,SPP.09.AKC.5066.6001.1.11325,SAM.09.AKC.5066.6001.1,PM2.5,http://dd.eionet.europa.eu/vocabulary/aq/pollutant/6001,hour,13.7075004500,µg/m3,2018-01-15 16:00:00 +01:00,2018-01-15 17:00:00 +01:00,1,1
AT,AT.0008.20.AQ,NET.09,STA.09.AKC,,SPO.09.AKC.5066.6001.1,SPP.09.AKC.5066.6001.1.11325,SAM.09.AKC.5066.6001.1,PM2.5,http://dd.eionet.europa.eu/vocabulary/aq/pollutant/6001,hour,14.6415004700,µg/m3,2018-01-15 18:00:00 +01:00,2018-01-15 19:00:00 +01:00,1,1
AT,AT.0008.20.AQ,NET.09,STA.09.AKC,,SPO.09.AKC.5066.6001.1,SPP.09.AKC.5066.6001.1.11325,SAM.09.AKC.5066.6001.1,PM2.5,http://dd.eionet.europa.eu/vocabulary/aq/pollutant/6001,hour,16.5460014300,µg/m3,2018-01-15 19:00:00 +01:00,2018-01-15 20:00:00 +01:00,1,1
AT,AT.0008.20.AQ,NET.09,STA.09.AKC,,SPO.09.AKC.5066.6001.1,SPP.09.AKC.5066.6001.1.11325,SAM.09.AKC.5066.6001.1,PM2.5,http://dd.eionet.europa.eu/vocabulary/aq/pollutant/6001,hour,17.8074989300,µg/m3,2018-01-15 20:00:00 +01:00,2018-01-15 21:00:00 +01:00,1,1
AT,AT.0008.20.AQ,NET.09,STA.09.AKC,,SPO.09.AKC.5066.6001.1,SPP.09.AKC.5066.6001.1.11325,SAM.09.AKC.5066.6001.1,PM2.5,http://dd.eionet.europa.eu/vocabulary/aq/pollutant/6001,hour,18.2639999300,µg/m3,2018-01-15 21:00:00 +01:00,2018-01-15 22:00:00 +01:00,1,1
AT,AT.0008.20.AQ,NET.09,STA.09.AKC,,SPO.09.AKC.5066.6001.1,SPP.09.AKC.5066.6001.1.11325,SAM.09.AKC.5066.6001.1,PM2.5,http://dd.eionet.europa.eu/vocabulary/aq/pollutant/6001,hour,17.7460002800,µg/m3,2018-01-15 22:00:00 +01:00,2018-01-15 23:00:00 +01:00,1,1
AT,AT.0008.20.AQ,NET.09,STA.09.AKC,,SPO.09.AKC.5066.6001.1,SPP.09.AKC.5066.6001.1.11325,SAM.09.AKC.5066.6001.1,PM2.5,http://dd.eionet.europa.eu/vocabulary/aq/pollutant/6001,hour,22.8575000700,µg/m3,2018-01-16 02:00:00 +01:00,2018-01-16 03:00:00 +01:00,1,1
AT,AT.0008.20.AQ,NET.09,STA.09.AKC,,SPO.09.AKC.5066.6001.1,SPP.09.AKC.5066.6001.1.11325,SAM.09.AKC.5066.6001.1,PM2.5,http://dd.eionet.europa.eu/vocabulary/aq/pollutant/6001,hour,23.9360008200,µg/m3,2018-01-16 03:00:00 +01:00,2018-01-16 04:00:00 +01:00,1,1
AT,AT.0008.20.AQ,NET.09,STA.09.AKC,,SPO.09.AKC.5066.6001.1,SPP.09.AKC.5066.6001.1.11325,SAM.09.AKC.5066.6001.1,PM2.5,http://dd.eionet.europa.eu/vocabulary/aq/pollutant/6001,hour,27.5794982900,µg/m3,2018-01-16 06:00:00 +01:00,2018-01-16 07:00:00 +01:00,1,1
AT,AT.0008.20.AQ,NET.09,STA.09.AKC,,SPO.09.AKC.5066.6001.1,SPP.09.AKC.5066.6001.1.11325,SAM.09.AKC.5066.6001.1,PM2.5,http://dd.eionet.europa.eu/vocabulary/aq/pollutant/6001,hour,27.6800003000,µg/m3,2018-01-16 07:00:00 +01:00,2018-01-16 08:00:00 +01:00,1,1
AT,AT.0008.20.AQ,NET.09,STA.09.AKC,,SPO.09.AKC.5066.6001.1,SPP.09.AKC.5066.6001.1.11325,SAM.09.AKC.5066.6001.1,PM2.5,http://dd.eionet.europa.eu/vocabulary/aq/pollutant/6001,hour,28.5629997200,µg/m3,2018-01-16 09:00:00 +01:00,2018-01-16 10:00:00 +01:00,1,1
AT,AT.0008.20.AQ,NET.09,STA.09.AKC,,SPO.09.AKC.5066.6001.1,SPP.09.AKC.5066.6001.1.11325,SAM.09.AKC.5066.6001.1,PM2.5,http://dd.eionet.europa.eu/vocabulary/aq/pollutant/6001,hour,27.7519989000,µg/m3,2018-01-16 10:00:00 +01:00,2018-01-16 11:00:00 +01:00,1,1
AT,AT.0008.20.AQ,NET.09,STA.09.AKC,,SPO.09.AKC.5066.6001.1,SPP.09.AKC.5066.6001.1.11325,SAM.09.AKC.5066.6001.1,PM2.5,http://dd.eionet.europa.eu/vocabulary/aq/pollutant/6001,hour,28.5250015200,µg/m3,2018-01-16 11:00:00 +01:00,2018-01-16 12:00:00 +01:00,1,1
AT,AT.0008.20.AQ,NET.09,STA.09.AKC,,SPO.09.AKC.5066.6001.1,SPP.09.AKC.5066.6001.1.11325,SAM.09.AKC.5066.6001.1,PM2.5,http://dd.eionet.europa.eu/vocabulary/aq/pollutant/6001,hour,28.1800003000,µg/m3,2018-01-16 12:00:00 +01:00,2018-01-16 13:00:00 +01:00,1,1
AT,AT.0008.20.AQ,NET.09,STA.09.AKC,,SPO.09.AKC.5066.6001.1,SPP.09.AKC.5066.6001.1.11325,SAM.09.AKC.5066.6001.1,PM2.5,http://dd.eionet.europa.eu/vocabulary/aq/pollutant/6001,hour,29.0970001200,µg/m3,2018-01-16 13:00:00 +01:00,2018-01-16 14:00:00 +01:00,1,1
AT,AT.0008.20.AQ,NET.09,STA.09.AKC,,SPO.09.AKC.5066.6001.1,SPP.09.AKC.5066.6001.1.11325,SAM.09.AKC.5066.6001.1,PM2.5,http://dd.eionet.europa.eu/vocabulary/aq/pollutant/6001,hour,29.6119995100,µg/m3,2018-01-16 14:00:00 +01:00,2018-01-16 15:00:00 +01:00,1,1
AT,AT.0008.20.AQ,NET.09,STA.09.AKC,,SPO.09.AKC.5066.6001.1,SPP.09.AKC.5066.6001.1.11325,SAM.09.AKC.5066.6001.1,PM2.5,http://dd.eionet.europa.eu/vocabulary/aq/pollutant/6001,hour,29.0180015500,µg/m3,2018-01-16 16:00:00 +01:00,2018-01-16 17:00:00 +01:00,1,1
AT,AT.0008.20.AQ,NET.09,STA.09.AKC,,SPO.09.AKC.5066.6001.1,SPP.09.AKC.5066.6001.1.11325,SAM.09.AKC.5066.6001.1,PM2.5,http://dd.eionet.europa.eu/vocabulary/aq/pollutant/6001,hour,23.9650001500,µg/m3,2018-01-16 18:00:00 +01:00,2018-01-16 19:00:00 +01:00,1,1
AT,AT.0008.20.AQ,NET.09,STA.09.AKC,,SPO.09.AKC.5066.6001.1,SPP.09.AKC.5066.6001.1.11325,SAM.09.AKC.5066.6001.1,PM2.5,http://dd.eionet.europa.eu/vocabulary/aq/pollutant/6001,hour,2.9703500200,µg/m3,2018-01-16 20:00:00 +01:00,2018-01-16 21:00:00 +01:00,1,1
AT,AT.0008.20.AQ,NET.09,STA.09.AKC,,SPO.09.AKC.5066.6001.1,SPP.09.AKC.5066.6001.1.11325,SAM.09.AKC.5066.6001.1,PM2.5,http://dd.eionet.europa.eu/vocabulary/aq/pollutant/6001,hour,3.7648501300,µg/m3,2018-01-16 22:00:00 +01:00,2018-01-16 23:00:00 +01:00,1,1
AT,AT.0008.20.AQ,NET.09,STA.09.AKC,,SPO.09.AKC.5066.6001.1,SPP.09.AKC.5066.6001.1.11325,SAM.09.AKC.5066.6001.1,PM2.5,http://dd.eionet.europa.eu/vocabulary/aq/pollutant/6001,hour,2.6232500000,µg/m3,2018-01-16 23:00:00 +01:00,2018-01-17 00:00:00 +01:00,1,1
AT,AT.0008.20.AQ,NET.09,STA.09.AKC,,SPO.09.AKC.5066.6001.1,SPP.09.AKC.5066.6001.1.11325,SAM.09.AKC.5066.6001.1,PM2.5,http://dd.eionet.europa.eu/vocabulary/aq/pollutant/6001,hour,1.6394500700,µg/m3,2018-01-17 00:00:00 +01:00,2018-01-17 01:00:00 +01:00,1,1
AT,AT.0008.20.AQ,NET.09,STA.09.AKC,,SPO.09.AKC.5066.6001.1,SPP.09.AKC.5066.6001.1.11325,SAM.09.AKC.5066.6001.1,PM2.5,http://dd.eionet.europa.eu/vocabulary/aq/pollutant/6001,hour,1.1318500000,µg/m3,2018-01-17 02:00:00 +01:00,2018-01-17 03:00:00 +01:00,1,1
AT,AT.0008.20.AQ,NET.09,STA.09.AKC,,SPO.09.AKC.5066.6001.1,SPP.09.AKC.5066.6001.1.11325,SAM.09.AKC.5066.6001.1,PM2.5,http://dd.eionet.europa.eu/vocabulary/aq/pollutant/6001,hour,0.9245849800,µg/m3,2018-01-17 03:00:00 +01:00,2018-01-17 04:00:00 +01:00,1,1
AT,AT.0008.20.AQ,NET.09,STA.09.AKC,,SPO.09.AKC.5066.6001.1,SPP.09.AKC.5066.6001.1.11325,SAM.09.AKC.5066.6001.1,PM2.5,http://dd.eionet.europa.eu/vocabulary/aq/pollutant/6001,hour,1.0688949800,µg/m3,2018-01-17 04:00:00 +01:00,2018-01-17 05:00:00 +01:00,1,1
AT,AT.0008.20.AQ,NET.09,STA.09.AKC,,SPO.09.AKC.5066.6001.1,SPP.09.AKC.5066.6001.1.11325,SAM.09.AKC.5066.6001.1,PM2.5,http://dd.eionet.europa.eu/vocabulary/aq/pollutant/6001,hour,1.3403000800,µg/m3,2018-01-17 05:00:00 +01:00,2018-01-17 06:00:00 +01:00,1,1
AT,AT.0008.20.AQ,NET.09,STA.09.AKC,,SPO.09.AKC.5066.6001.1,SPP.09.AKC.5066.6001.1.11325,SAM.09.AKC.5066.6001.1,PM2.5,http://dd.eionet.europa.eu/vocabulary/aq/pollutant/6001,hour,1.7530000200,µg/m3,2018-01-17 06:00:00 +01:00,2018-01-17 07:00:00 +01:00,1,1
AT,AT.0008.20.AQ,NET.09,STA.09.AKC,,SPO.09.AKC.5066.6001.1,SPP.09.AKC.5066.6001.1.11325,SAM.09.AKC.5066.6001.1,PM2.5,http://dd.eionet.europa.eu/vocabulary/aq/pollutant/6001,hour,1.9610999800,µg/m3,2018-01-17 07:00:00 +01:00,2018-01-17 08:00:00 +01:00,1,1
AT,AT.0008.20.AQ,NET.09,STA.09.AKC,,SPO.09.AKC.5066.6001.1,SPP.09.AKC.5066.6001.1.11325,SAM.09.AKC.5066.6001.1,PM2.5,http://dd.eionet.europa.eu/vocabulary/aq/pollutant/6001,hour,1.7776999400,µg/m3,2018-01-17 09:00:00 +01:00,2018-01-17 10:00:00 +01:00,1,1
AT,AT.0008.20.AQ,NET.09,STA.09.AKC,,SPO.09.AKC.5066.6001.1,SPP.09.AKC.5066.6001.1.11325,SAM.09.AKC.5066.6001.1,PM2.5,http://dd.eionet.europa.eu/vocabulary/aq/pollutant/6001,hour,1.7086999400,µg/m3,2018-01-17 10:00:00 +01:00,2018-01-17 11:00:00 +01:00,1,1
AT,AT.0008.20.AQ,NET.09,STA.09.AKC,,SPO.09.AKC.5066.6001.1,SPP.09.AKC.5066.6001.1.11325,SAM.09.AKC.5066.6001.1,PM2.5,http://dd.eionet.europa.eu/vocabulary/aq/pollutant/6001,hour,1.9996000500,µg/m3,2018-01-17 11:00:00 +01:00,2018-01-17 12:00:00 +01:00,1,1
AT,AT.0008.20.AQ,NET.09,STA.09.AKC,,SPO.09.AKC.5066.6001.1,SPP.09.AKC.5066.6001.1.11325,SAM.09.AKC.5066.6001.1,PM2.5,http://dd.eionet.europa.eu/vocabulary/aq/pollutant/6001,hour,2.2344000300,µg/m3,2018-01-17 12:00:00 +01:00,2018-01-17 13:00:00 +01:00,1,1
AT,AT.0008.20.AQ,NET.09,STA.09.AKC,,SPO.09.AKC.5066.6001.1,SPP.09.AKC.5066.6001.1.11325,SAM.09.AKC.5066.6001.1,PM2.5,http://dd.eionet.europa.eu/vocabulary/aq/pollutant/6001,hour,2.1775999000,µg/m3,2018-01-17 14:00:00 +01:00,2018-01-17 15:00:00 +01:00,1,1
AT,AT.0008.20.AQ,NET.09,STA.09.AKC,,SPO.09.AKC.5066.6001.1,SPP.09.AKC.5066.6001.1.11325,SAM.09.AKC.5066.6001.1,PM2.5,http://dd.eionet.europa.eu/vocabulary/aq/pollutant/6001,hour,2.3830499600,µg/m3,2018-01-17 16:00:00 +01:00,2018-01-17 17:00:00 +01:00,1,1
AT,AT.0008.20.AQ,NET.09,STA.09.AKC,,SPO.09.AKC.5066.6001.1,SPP.09.AKC.5066.6001.1.11325,SAM.09.AKC.5066.6001.1,PM2.5,http://dd.eionet.europa.eu/vocabulary/aq/pollutant/6001,hour,3.1237001400,µg/m3,2018-01-17 19:00:00 +01:00,2018-01-17 20:00:00 +01:00,1,1
AT,AT.0008.20.AQ,NET.09,STA.09.AKC,,SPO.09.AKC.5066.6001.1,SPP.09.AKC.5066.6001.1.11325,SAM.09.AKC.5066.6001.1,PM2.5,http://dd.eionet.europa.eu/vocabulary/aq/pollutant/6001,hour,5.0145998000,µg/m3,2018-01-17 21:00:00 +01:00,2018-01-17 22:00:00 +01:00,1,1
AT,AT.0008.20.AQ,NET.09,STA.09.AKC,,SPO.09.AKC.5066.6001.1,SPP.09.AKC.5066.6001.1.11325,SAM.09.AKC.5066.6001.1,PM2.5,http://dd.eionet.europa.eu/vocabulary/aq/pollutant/6001,hour,4.4215497900,µg/m3,2018-01-17 23:00:00 +01:00,2018-01-18 00:00:00 +01:00,1,1
AT,AT.0008.20.AQ,NET.09,STA.09.AKC,,SPO.09.AKC.5066.6001.1,SPP.09.AKC.5066.6001.1.11325,SAM.09.AKC.5066.6001.1,PM2.5,http://dd.eionet.europa.eu/vocabulary/aq/pollutant/6001,hour,4.0578999500,µg/m3,2018-01-18 02:00:00 +01:00,2018-01-18 03:00:00 +01:00,1,1
AT,AT.0008.20.AQ,NET.09,STA.09.AKC,,SPO.09.AKC.5066.6001.1,SPP.09.AKC.5066.6001.1.11325,SAM.09.AKC.5066.6001.1,PM2.5,http://dd.eionet.europa.eu/vocabulary/aq/pollutant/6001,hour,4.6342000900,µg/m3,2018-01-18 03:00:00 +01:00,2018-01-18 04:00:00 +01:00,1,1
AT,AT.0008.20.AQ,NET.09,STA.09.AKC,,SPO.09.AKC.5066.6001.1,SPP.09.AKC.5066.6001.1.11325,SAM.09.AKC.5066.6001.1,PM2.5,http://dd.eionet.europa.eu/vocabulary/aq/pollutant/6001,hour,5.4167003600,µg/m3,2018-01-18 05:00:00 +01:00,2018-01-18 06:00:00 +01:00,1,1
AT,AT.0008.20.AQ,NET.09,STA.09.AKC,,SPO.09.AKC.5066.6001.1,SPP.09.AKC.5066.6001.1.11325,SAM.09.AKC.5066.6001.1,PM2.5,http://dd.eionet.europa.eu/vocabulary/aq/pollutant/6001,hour,6.7725501000,µg/m3,2018-01-18 07:00:00 +01:00,2018-01-18 08:00:00 +01:00,1,1
AT,AT.0008.20.AQ,NET.09,STA.09.AKC,,SPO.09.AKC.5066.6001.1,SPP.09.AKC.5066.6001.1.11325,SAM.09.AKC.5066.6001.1,PM2.5,http://dd.eionet.europa.eu/vocabulary/aq/pollutant/6001,hour,3.7646000300,µg/m3,2018-01-18 09:00:00 +01:00,2018-01-18 10:00:00 +01:00,1,1
AT,AT.0008.20.AQ,NET.09,STA.09.AKC,,SPO.09.AKC.5066.6001.1,SPP.09.AKC.5066.6001.1.11325,SAM.09.AKC.5066.6001.1,PM2.5,http://dd.eionet.europa.eu/vocabulary/aq/pollutant/6001,hour,3.3540999800,µg/m3,2018-01-18 13:00:00 +01:00,2018-01-18 14:00:00 +01:00,1,1
AT,AT.0008.20.AQ,NET.09,STA.09.AKC,,SPO.09.AKC.5066.6001.1,SPP.09.AKC.5066.6001.1.11325,SAM.09.AKC.5066.6001.1,PM2.5,http://dd.eionet.europa.eu/vocabulary/aq/pollutant/6001,hour,3.1698999400,µg/m3,2018-01-18 14:00:00 +01:00,2018-01-18 15:00:00 +01:00,1,1
AT,AT.0008.20.AQ,NET.09,STA.09.AKC,,SPO.09.AKC.5066.6001.1,SPP.09.AKC.5066.6001.1.11325,SAM.09.AKC.5066.6001.1,PM2.5,http://dd.eionet.europa.eu/vocabulary/aq/pollutant/6001,hour,3.6995000800,µg/m3,2018-01-18 15:00:00 +01:00,2018-01-18 16:00:00 +01:00,1,1
AT,AT.0008.20.AQ,NET.09,STA.09.AKC,,SPO.09.AKC.5066.6001.1,SPP.09.AKC.5066.6001.1.11325,SAM.09.AKC.5066.6001.1,PM2.5,http://dd.eionet.europa.eu/vocabulary/aq/pollutant/6001,hour,5.5130500700,µg/m3,2018-01-18 18:00:00 +01:00,2018-01-18 19:00:00 +01:00,1,1
AT,AT.0008.20.AQ,NET.09,STA.09.AKC,,SPO.09.AKC.5066.6001.1,SPP.09.AKC.5066.6001.1.11325,SAM.09.AKC.5066.6001.1,PM2.5,http://dd.eionet.europa.eu/vocabulary/aq/pollutant/6001,hour,2.0663499800,µg/m3,2018-01-18 20:00:00 +01:00,2018-01-18 21:00:00 +01:00,1,1
AT,AT.0008.20.AQ,NET.09,STA.09.AKC,,SPO.09.AKC.5066.6001.1,SPP.09.AKC.5066.6001.1.11325,SAM.09.AKC.5066.6001.1,PM2.5,http://dd.eionet.europa.eu/vocabulary/aq/pollutant/6001,hour,2.1583499900,µg/m3,2018-01-18 21:00:00 +01:00,2018-01-18 22:00:00 +01:00,1,1
AT,AT.0008.20.AQ,NET.09,STA.09.AKC,,SPO.09.AKC.5066.6001.1,SPP.09.AKC.5066.6001.1.11325,SAM.09.AKC.5066.6001.1,PM2.5,http://dd.eionet.europa.eu/vocabulary/aq/pollutant/6001,hour,1.9297500800,µg/m3,2018-01-19 03:00:00 +01:00,2018-01-19 04:00:00 +01:00,1,1
AT,AT.0008.20.AQ,NET.09,STA.09.AKC,,SPO.09.AKC.5066.6001.1,SPP.09.AKC.5066.6001.1.11325,SAM.09.AKC.5066.6001.1,PM2.5,http://dd.eionet.europa.eu/vocabulary/aq/pollutant/6001,hour,2.2639999300,µg/m3,2018-01-19 04:00:00 +01:00,2018-01-19 05:00:00 +01:00,1,1
AT,AT.0008.20.AQ,NET.09,STA.09.AKC,,SPO.09.AKC.5066.6001.1,SPP.09.AKC.5066.6001.1.11325,SAM.09.AKC.5066.6001.1,PM2.5,http://dd.eionet.europa.eu/vocabulary/aq/pollutant/6001,hour,2.3215498900,µg/m3,2018-01-19 07:00:00 +01:00,2018-01-19 08:00:00 +01:00,1,1
AT,AT.0008.20.AQ,NET.09,STA.09.AKC,,SPO.09.AKC.5066.6001.1,SPP.09.AKC.5066.6001.1.11325,SAM.09.AKC.5066.6001.1,PM2.5,http://dd.eionet.europa.eu/vocabulary/aq/pollutant/6001,hour,3.7440500200,µg/m3,2018-01-19 10:00:00 +01:00,2018-01-19 11:00:00 +01:00,1,1
AT,AT.0008.20.AQ,NET.09,STA.09.AKC,,SPO.09.AKC.5066.6001.1,SPP.09.AKC.5066.6001.1.11325,SAM.09.AKC.5066.6001.1,PM2.5,http://dd.eionet.europa.eu/vocabulary/aq/pollutant/6001,hour,2.2838499500,µg/m3,2018-01-19 11:00:00 +01:00,2018-01-19 12:00:00 +01:00,1,1
AT,AT.0008.20.AQ,NET.09,STA.09.AKC,,SPO.09.AKC.5066.6001.1,SPP.09.AKC.5066.6001.1.11325,SAM.09.AKC.5066.6001.1,PM2.5,http://dd.eionet.europa.eu/vocabulary/aq/pollutant/6001,hour,2.1779499000,µg/m3,2018-01-19 13:00:00 +01:00,2018-01-19 14:00:00 +01:00,1,1
AT,AT.0008.20.AQ,NET.09,STA.09.AKC,,SPO.09.AKC.5066.6001.1,SPP.09.AKC.5066.6001.1.11325,SAM.09.AKC.5066.6001.1,PM2.5,http://dd.eionet.europa.eu/vocabulary/aq/pollutant/6001,hour,1.9994499600,µg/m3,2018-01-19 14:00:00 +01:00,2018-01-19 15:00:00 +01:00,1,1
AT,AT.0008.20.AQ,NET.09,STA.09.AKC,,SPO.09.AKC.5066.6001.1,SPP.09.AKC.5066.6001.1.11325,SAM.09.AKC.5066.6001.1,PM2.5,http://dd.eionet.europa.eu/vocabulary/aq/pollutant/6001,hour,4.1676001500,µg/m3,2018-01-19 19:00:00 +01:00,2018-01-19 20:00:00 +01:00,1,1
AT,AT.0008.20.AQ,NET.09,STA.09.AKC,,SPO.09.AKC.5066.6001.1,SPP.09.AKC.5066.6001.1.11325,SAM.09.AKC.5066.6001.1,PM2.5,http://dd.eionet.europa.eu/vocabulary/aq/pollutant/6001,hour,4.7718496300,µg/m3,2018-01-19 20:00:00 +01:00,2018-01-19 21:00:00 +01:00,1,1
AT,AT.0008.20.AQ,NET.09,STA.09.AKC,,SPO.09.AKC.5066.6001.1,SPP.09.AKC.5066.6001.1.11325,SAM.09.AKC.5066.6001.1,PM2.5,http://dd.eionet.europa.eu/vocabulary/aq/pollutant/6001,hour,4.7390499100,µg/m3,2018-01-19 21:00:00 +01:00,2018-01-19 22:00:00 +01:00,1,1
AT,AT.0008.20.AQ,NET.09,STA.09.AKC,,SPO.09.AKC.5066.6001.1,SPP.09.AKC.5066.6001.1.11325,SAM.09.AKC.5066.6001.1,PM2.5,http://dd.eionet.europa.eu/vocabulary/aq/pollutant/6001,hour,7.2149000100,µg/m3,2018-01-20 02:00:00 +01:00,2018-01-20 03:00:00 +01:00,1,1
AT,AT.0008.20.AQ,NET.09,STA.09.AKC,,SPO.09.AKC.5066.6001.1,SPP.09.AKC.5066.6001.1.11325,SAM.09.AKC.5066.6001.1,PM2.5,http://dd.eionet.europa.eu/vocabulary/aq/pollutant/6001,hour,6.7193498600,µg/m3,2018-01-20 04:00:00 +01:00,2018-01-20 05:00:00 +01:00,1,1
AT,AT.0008.20.AQ,NET.09,STA.09.AKC,,SPO.09.AKC.5066.6001.1,SPP.09.AKC.5066.6001.1.11325,SAM.09.AKC.5066.6001.1,PM2.5,http://dd.eionet.europa.eu/vocabulary/aq/pollutant/6001,hour,4.8516998200,µg/m3,2018-01-20 05:00:00 +01:00,2018-01-20 06:00:00 +01:00,1,1
AT,AT.0008.20.AQ,NET.09,STA.09.AKC,,SPO.09.AKC.5066.6001.1,SPP.09.AKC.5066.6001.1.11325,SAM.09.AKC.5066.6001.1,PM2.5,http://dd.eionet.europa.eu/vocabulary/aq/pollutant/6001,hour,4.2988500500,µg/m3,2018-01-20 06:00:00 +01:00,2018-01-20 07:00:00 +01:00,1,1
AT,AT.0008.20.AQ,NET.09,STA.09.AKC,,SPO.09.AKC.5066.6001.1,SPP.09.AKC.5066.6001.1.11325,SAM.09.AKC.5066.6001.1,PM2.5,http://dd.eionet.europa.eu/vocabulary/aq/pollutant/6001,hour,5.0648999200,µg/m3,2018-01-20 08:00:00 +01:00,2018-01-20 09:00:00 +01:00,1,1
AT,AT.0008.20.AQ,NET.09,STA.09.AKC,,SPO.09.AKC.5066.6001.1,SPP.09.AKC.5066.6001.1.11325,SAM.09.AKC.5066.6001.1,PM2.5,http://dd.eionet.europa.eu/vocabulary/aq/pollutant/6001,hour,7.2971997200,µg/m3,2018-01-20 09:00:00 +01:00,2018-01-20 10:00:00 +01:00,1,1
AT,AT.0008.20.AQ,NET.09,STA.09.AKC,,SPO.09.AKC.5066.6001.1,SPP.09.AKC.5066.6001.1.11325,SAM.09.AKC.5066.6001.1,PM2.5,http://dd.eionet.europa.eu/vocabulary/aq/pollutant/6001,hour,3.0437998700,µg/m3,2018-01-20 16:00:00 +01:00,2018-01-20 17:00:00 +01:00,1,1
AT,AT.0008.20.AQ,NET.09,STA.09.AKC,,SPO.09.AKC.5066.6001.1,SPP.09.AKC.5066.6001.1.11325,SAM.09.AKC.5066.6001.1,PM2.5,http://dd.eionet.europa.eu/vocabulary/aq/pollutant/6001,hour,5.8922996500,µg/m3,2018-01-20 17:00:00 +01:00,2018-01-20 18:00:00 +01:00,1,1
AT,AT.0008.20.AQ,NET.09,STA.09.AKC,,SPO.09.AKC.5066.6001.1,SPP.09.AKC.5066.6001.1.11325,SAM.09.AKC.5066.6001.1,PM2.5,http://dd.eionet.europa.eu/vocabulary/aq/pollutant/6001,hour,11.4045505500,µg/m3,2018-01-20 18:00:00 +01:00,2018-01-20 19:00:00 +01:00,1,1
AT,AT.0008.20.AQ,NET.09,STA.09.AKC,,SPO.09.AKC.5066.6001.1,SPP.09.AKC.5066.6001.1.11325,SAM.09.AKC.5066.6001.1,PM2.5,http://dd.eionet.europa.eu/vocabulary/aq/pollutant/6001,hour,13.5445003500,µg/m3,2018-01-20 22:00:00 +01:00,2018-01-20 23:00:00 +01:00,1,1
AT,AT.0008.20.AQ,NET.09,STA.09.AKC,,SPO.09.AKC.5066.6001.1,SPP.09.AKC.5066.6001.1.11325,SAM.09.AKC.5066.6001.1,PM2.5,http://dd.eionet.europa.eu/vocabulary/aq/pollutant/6001,hour,12.7344999300,µg/m3,2018-01-21 00:00:00 +01:00,2018-01-21 01:00:00 +01:00,1,1
AT,AT.0008.20.AQ,NET.09,STA.09.AKC,,SPO.09.AKC.5066.6001.1,SPP.09.AKC.5066.6001.1.11325,SAM.09.AKC.5066.6001.1,PM2.5,http://dd.eionet.europa.eu/vocabulary/aq/pollutant/6001,hour,14.2204999900,µg/m3,2018-01-21 01:00:00 +01:00,2018-01-21 02:00:00 +01:00,1,1
AT,AT.0008.20.AQ,NET.09,STA.09.AKC,,SPO.09.AKC.5066.6001.1,SPP.09.AKC.5066.6001.1.11325,SAM.09.AKC.5066.6001.1,PM2.5,http://dd.eionet.europa.eu/vocabulary/aq/pollutant/6001,hour,14.9899997700,µg/m3,2018-01-21 02:00:00 +01:00,2018-01-21 03:00:00 +01:00,1,1
AT,AT.0008.20.AQ,NET.09,STA.09.AKC,,SPO.09.AKC.5066.6001.1,SPP.09.AKC.5066.6001.1.11325,SAM.09.AKC.5066.6001.1,PM2.5,http://dd.eionet.europa.eu/vocabulary/aq/pollutant/6001,hour,14.3414993200,µg/m3,2018-01-21 03:00:00 +01:00,2018-01-21 04:00:00 +01:00,1,1
AT,AT.0008.20.AQ,NET.09,STA.09.AKC,,SPO.09.AKC.5066.6001.1,SPP.09.AKC.5066.6001.1.11325,SAM.09.AKC.5066.6001.1,PM2.5,http://dd.eionet.europa.eu/vocabulary/aq/pollutant/6001,hour,13.8824996900,µg/m3,2018-01-21 04:00:00 +01:00,2018-01-21 05:00:00 +01:00,1,1
AT,AT.0008.20.AQ,NET.09,STA.09.AKC,,SPO.09.AKC.5066.6001.1,SPP.09.AKC.5066.6001.1.11325,SAM.09.AKC.5066.6001.1,PM2.5,http://dd.eionet.europa.eu/vocabulary/aq/pollutant/6001,hour,16.3654994900,µg/m3,2018-01-21 05:00:00 +01:00,2018-01-21 06:00:00 +01:00,1,1
AT,AT.0008.20.AQ,NET.09,STA.09.AKC,,SPO.09.AKC.5066.6001.1,SPP.09.AKC.5066.6001.1.11325,SAM.09.AKC.5066.6001.1,PM2.5,http://dd.eionet.europa.eu/vocabulary/aq/pollutant/6001,hour,16.9839992500,µg/m3,2018-01-21 06:00:00 +01:00,2018-01-21 07:00:00 +01:00,1,1
AT,AT.0008.20.AQ,NET.09,STA.09.AKC,,SPO.09.AKC.5066.6001.1,SPP.09.AKC.5066.6001.1.11325,SAM.09.AKC.5066.6001.1,PM2.5,http://dd.eionet.europa.eu/vocabulary/aq/pollutant/6001,hour,15.0949993100,µg/m3,2018-01-21 07:00:00 +01:00,2018-01-21 08:00:00 +01:00,1,1
AT,AT.0008.20.AQ,NET.09,STA.09.AKC,,SPO.09.AKC.5066.6001.1,SPP.09.AKC.5066.6001.1.11325,SAM.09.AKC.5066.6001.1,PM2.5,http://dd.eionet.europa.eu/vocabulary/aq/pollutant/6001,hour,15.1399993800,µg/m3,2018-01-21 08:00:00 +01:00,2018-01-21 09:00:00 +01:00,1,1
AT,AT.0008.20.AQ,NET.09,STA.09.AKC,,SPO.09.AKC.5066.6001.1,SPP.09.AKC.5066.6001.1.11325,SAM.09.AKC.5066.6001.1,PM2.5,http://dd.eionet.europa.eu/vocabulary/aq/pollutant/6001,hour,13.9195003500,µg/m3,2018-01-21 09:00:00 +01:00,2018-01-21 10:00:00 +01:00,1,1
AT,AT.0008.20.AQ,NET.09,STA.09.AKC,,SPO.09.AKC.5066.6001.1,SPP.09.AKC.5066.6001.1.11325,SAM.09.AKC.5066.6001.1,PM2.5,http://dd.eionet.europa.eu/vocabulary/aq/pollutant/6001,hour,14.8810005100,µg/m3,2018-01-21 10:00:00 +01:00,2018-01-21 11:00:00 +01:00,1,1
AT,AT.0008.20.AQ,NET.09,STA.09.AKC,,SPO.09.AKC.5066.6001.1,SPP.09.AKC.5066.6001.1.11325,SAM.09.AKC.5066.6001.1,PM2.5,http://dd.eionet.europa.eu/vocabulary/aq/pollutant/6001,hour,14.9664993200,µg/m3,2018-01-21 11:00:00 +01:00,2018-01-21 12:00:00 +01:00,1,1
AT,AT.0008.20.AQ,NET.09,STA.09.AKC,,SPO.09.AKC.5066.6001.1,SPP.09.AKC.5066.6001.1.11325,SAM.09.AKC.5066.6001.1,PM2.5,http://dd.eionet.europa.eu/vocabulary/aq/pollutant/6001,hour,14.0664997100,µg/m3,2018-01-21 13:00:00 +01:00,2018-01-21 14:00:00 +01:00,1,1
AT,AT.0008.20.AQ,NET.09,STA.09.AKC,,SPO.09.AKC.5066.6001.1,SPP.09.AKC.5066.6001.1.11325,SAM.09.AKC.5066.6001.1,PM2.5,http://dd.eionet.europa.eu/vocabulary/aq/pollutant/6001,hour,12.8544998100,µg/m3,2018-01-21 14:00:00 +01:00,2018-01-21 15:00:00 +01:00,1,1
AT,AT.0008.20.AQ,NET.09,STA.09.AKC,,SPO.09.AKC.5066.6001.1,SPP.09.AKC.5066.6001.1.11325,SAM.09.AKC.5066.6001.1,PM2.5,http://dd.eionet.europa.eu/vocabulary/aq/pollutant/6001,hour,12.6630001000,µg/m3,2018-01-21 15:00:00 +01:00,2018-01-21 16:00:00 +01:00,1,1
AT,AT.0008.20.AQ,NET.09,STA.09.AKC,,SPO.09.AKC.5066.6001.1,SPP.09.AKC.5066.6001.1.11325,SAM.09.AKC.5066.6001.1,PM2.5,http://dd.eionet.europa.eu/vocabulary/aq/pollutant/6001,hour,12.7290000900,µg/m3,2018-01-21 16:00:00 +01:00,2018-01-21 17:00:00 +01:00,1,1
AT,AT.0008.20.AQ,NET.09,STA.09.AKC,,SPO.09.AKC.5066.6001.1,SPP.09.AKC.5066.6001.1.11325,SAM.09.AKC.5066.6001.1,PM2.5,http://dd.eionet.europa.eu/vocabulary/aq/pollutant/6001,hour,13.1359996700,µg/m3,2018-01-21 17:00:00 +01:00,2018-01-21 18:00:00 +01:00,1,1
AT,AT.0008.20.AQ,NET.09,STA.09.AKC,,SPO.09.AKC.5066.6001.1,SPP.09.AKC.5066.6001.1.11325,SAM.09.AKC.5066.6001.1,PM2.5,http://dd.eionet.europa.eu/vocabulary/aq/pollutant/6001,hour,12.0874996100,µg/m3,2018-01-21 18:00:00 +01:00,2018-01-21 19:00:00 +01:00,1,1
AT,AT.0008.20.AQ,NET.09,STA.09.AKC,,SPO.09.AKC.5066.6001.1,SPP.09.AKC.5066.6001.1.11325,SAM.09.AKC.5066.6001.1,PM2.5,http://dd.eionet.europa.eu/vocabulary/aq/pollutant/6001,hour,11.9029998700,µg/m3,2018-01-21 19:00:00 +01:00,2018-01-21 20:00:00 +01:00,1,1
AT,AT.0008.20.AQ,NET.09,STA.09.AKC,,SPO.09.AKC.5066.6001.1,SPP.09.AKC.5066.6001.1.11325,SAM.09.AKC.5066.6001.1,PM2.5,http://dd.eionet.europa.eu/vocabulary/aq/pollutant/6001,hour,13.4820003500,µg/m3,2018-01-21 20:00:00 +01:00,2018-01-21 21:00:00 +01:00,1,1
AT,AT.0008.20.AQ,NET.09,STA.09.AKC,,SPO.09.AKC.5066.6001.1,SPP.09.AKC.5066.6001.1.11325,SAM.09.AKC.5066.6001.1,PM2.5,http://dd.eionet.europa.eu/vocabulary/aq/pollutant/6001,hour,15.6385002100,µg/m3,2018-01-21 21:00:00 +01:00,2018-01-21 22:00:00 +01:00,1,1
AT,AT.0008.20.AQ,NET.09,STA.09.AKC,,SPO.09.AKC.5066.6001.1,SPP.09.AKC.5066.6001.1.11325,SAM.09.AKC.5066.6001.1,PM2.5,http://dd.eionet.europa.eu/vocabulary/aq/pollutant/6001,hour,17.7804985000,µg/m3,2018-01-21 23:00:00 +01:00,2018-01-22 00:00:00 +01:00,1,1
AT,AT.0008.20.AQ,NET.09,STA.09.AKC,,SPO.09.AKC.5066.6001.1,SPP.09.AKC.5066.6001.1.11325,SAM.09.AKC.5066.6001.1,PM2.5,http://dd.eionet.europa.eu/vocabulary/aq/pollutant/6001,hour,18.1334991400,µg/m3,2018-01-22 00:00:00 +01:00,2018-01-22 01:00:00 +01:00,1,1
AT,AT.0008.20.AQ,NET.09,STA.09.AKC,,SPO.09.AKC.5066.6001.1,SPP.09.AKC.5066.6001.1.11325,SAM.09.AKC.5066.6001.1,PM2.5,http://dd.eionet.europa.eu/vocabulary/aq/pollutant/6001,hour,15.7084999000,µg/m3,2018-01-22 03:00:00 +01:00,2018-01-22 04:00:00 +01:00,1,1
AT,AT.0008.20.AQ,NET.09,STA.09.AKC,,SPO.09.AKC.5066.6001.1,SPP.09.AKC.5066.6001.1.11325,SAM.09.AKC.5066.6001.1,PM2.5,http://dd.eionet.europa.eu/vocabulary/aq/pollutant/6001,hour,17.1894989000,µg/m3,2018-01-22 04:00:00 +01:00,2018-01-22 05:00:00 +01:00,1,1
AT,AT.0008.20.AQ,NET.09,STA.09.AKC,,SPO.09.AKC.5066.6001.1,SPP.09.AKC.5066.6001.1.11325,SAM.09.AKC.5066.6001.1,PM2.5,http://dd.eionet.europa.eu/vocabulary/aq/pollutant/6001,hour,19.7159996000,µg/m3,2018-01-22 06:00:00 +01:00,2018-01-22 07:00:00 +01:00,1,1
AT,AT.0008.20.AQ,NET.09,STA.09.AKC,,SPO.09.AKC.5066.6001.1,SPP.09.AKC.5066.6001.1.11325,SAM.09.AKC.5066.6001.1,PM2.5,http://dd.eionet.europa.eu/vocabulary/aq/pollutant/6001,hour,22.4004993400,µg/m3,2018-01-22 09:00:00 +01:00,2018-01-22 10:00:00 +01:00,1,1
AT,AT.0008.20.AQ,NET.09,STA.09.AKC,,SPO.09.AKC.5066.6001.1,SPP.09.AKC.5066.6001.1.11325,SAM.09.AKC.5066.6001.1,PM2.5,http://dd.eionet.europa.eu/vocabulary/aq/pollutant/6001,hour,19.8409996000,µg/m3,2018-01-22 10:00:00 +01:00,2018-01-22 11:00:00 +01:00,1,1
AT,AT.0008.20.AQ,NET.09,STA.09.AKC,,SPO.09.AKC.5066.6001.1,SPP.09.AKC.5066.6001.1.11325,SAM.09.AKC.5066.6001.1,PM2.5,http://dd.eionet.europa.eu/vocabulary/aq/pollutant/6001,hour,21.6100006100,µg/m3,2018-01-22 11:00:00 +01:00,2018-01-22 12:00:00 +01:00,1,1
AT,AT.0008.20.AQ,NET.09,STA.09.AKC,,SPO.09.AKC.5066.6001.1,SPP.09.AKC.5066.6001.1.11325,SAM.09.AKC.5066.6001.1,PM2.5,http://dd.eionet.europa.eu/vocabulary/aq/pollutant/6001,hour,24.1925010600,µg/m3,2018-01-22 12:00:00 +01:00,2018-01-22 13:00:00 +01:00,1,1
AT,AT.0008.20.AQ,NET.09,STA.09.AKC,,SPO.09.AKC.5066.6001.1,SPP.09.AKC.5066.6001.1.11325,SAM.09.AKC.5066.6001.1,PM2.5,http://dd.eionet.europa.eu/vocabulary/aq/pollutant/6001,hour,23.6595001200,µg/m3,2018-01-22 13:00:00 +01:00,2018-01-22 14:00:00 +01:00,1,1
AT,AT.0008.20.AQ,NET.09,STA.09.AKC,,SPO.09.AKC.5066.6001.1,SPP.09.AKC.5066.6001.1.11325,SAM.09.AKC.5066.6001.1,PM2.5,http://dd.eionet.europa.eu/vocabulary/aq/pollutant/6001,hour,22.0109996700,µg/m3,2018-01-22 16:00:00 +01:00,2018-01-22 17:00:00 +01:00,1,1
AT,AT.0008.20.AQ,NET.09,STA.09.AKC,,SPO.09.AKC.5066.6001.1,SPP.09.AKC.5066.6001.1.11325,SAM.09.AKC.5066.6001.1,PM2.5,http://dd.eionet.europa.eu/vocabulary/aq/pollutant/6001,hour,21.7765007000,µg/m3,2018-01-22 17:00:00 +01:00,2018-01-22 18:00:00 +01:00,1,1
AT,AT.0008.20.AQ,NET.09,STA.09.AKC,,SPO.09.AKC.5066.6001.1,SPP.09.AKC.5066.6001.1.11325,SAM.09.AKC.5066.6001.1,PM2.5,http://dd.eionet.europa.eu/vocabulary/aq/pollutant/6001,hour,20.2490005400,µg/m3,2018-01-22 18:00:00 +01:00,2018-01-22 19:00:00 +01:00,1,1
AT,AT.0008.20.AQ,NET.09,STA.09.AKC,,SPO.09.AKC.5066.6001.1,SPP.09.AKC.5066.6001.1.11325,SAM.09.AKC.5066.6001.1,PM2.5,http://dd.eionet.europa.eu/vocabulary/aq/pollutant/6001,hour,19.7469997400,µg/m3,2018-01-22 19:00:00 +01:00,2018-01-22 20:00:00 +01:00,1,1
AT,AT.0008.20.AQ,NET.09,STA.09.AKC,,SPO.09.AKC.5066.6001.1,SPP.09.AKC.5066.6001.1.11325,SAM.09.AKC.5066.6001.1,PM2.5,http://dd.eionet.europa.eu/vocabulary/aq/pollutant/6001,hour,19.6254997200,µg/m3,2018-01-22 21:00:00 +01:00,2018-01-22 22:00:00 +01:00,1,1
AT,AT.0008.20.AQ,NET.09,STA.09.AKC,,SPO.09.AKC.5066.6001.1,SPP.09.AKC.5066.6001.1.11325,SAM.09.AKC.5066.6001.1,PM2.5,http://dd.eionet.europa.eu/vocabulary/aq/pollutant/6001,hour,23.2290000900,µg/m3,2018-01-22 23:00:00 +01:00,2018-01-23 00:00:00 +01:00,1,1
AT,AT.0008.20.AQ,NET.09,STA.09.AKC,,SPO.09.AKC.5066.6001.1,SPP.09.AKC.5066.6001.1.11325,SAM.09.AKC.5066.6001.1,PM2.5,http://dd.eionet.europa.eu/vocabulary/aq/pollutant/6001,hour,19.9204998000,µg/m3,2018-01-23 03:00:00 +01:00,2018-01-23 04:00:00 +01:00,1,1
AT,AT.0008.20.AQ,NET.09,STA.09.AKC,,SPO.09.AKC.5066.6001.1,SPP.09.AKC.5066.6001.1.11325,SAM.09.AKC.5066.6001.1,PM2.5,http://dd.eionet.europa.eu/vocabulary/aq/pollutant/6001,hour,15.6364994000,µg/m3,2018-01-23 05:00:00 +01:00,2018-01-23 06:00:00 +01:00,1,1
AT,AT.0008.20.AQ,NET.09,STA.09.AKC,,SPO.09.AKC.5066.6001.1,SPP.09.AKC.5066.6001.1.11325,SAM.09.AKC.5066.6001.1,PM2.5,http://dd.eionet.europa.eu/vocabulary/aq/pollutant/6001,hour,12.7014999300,µg/m3,2018-01-23 06:00:00 +01:00,2018-01-23 07:00:00 +01:00,1,1
AT,AT.0008.20.AQ,NET.09,STA.09.AKC,,SPO.09.AKC.5066.6001.1,SPP.09.AKC.5066.6001.1.11325,SAM.09.AKC.5066.6001.1,PM2.5,http://dd.eionet.europa.eu/vocabulary/aq/pollutant/6001,hour,11.6560001300,µg/m3,2018-01-23 07:00:00 +01:00,2018-01-23 08:00:00 +01:00,1,1
AT,AT.0008.20.AQ,NET.09,STA.09.AKC,,SPO.09.AKC.5066.6001.1,SPP.09.AKC.5066.6001.1.11325,SAM.09.AKC.5066.6001.1,PM2.5,http://dd.eionet.europa.eu/vocabulary/aq/pollutant/6001,hour,13.6824998800,µg/m3,2018-01-23 08:00:00 +01:00,2018-01-23 09:00:00 +01:00,1,1
AT,AT.0008.20.AQ,NET.09,STA.09.AKC,,SPO.09.AKC.5066.6001.1,SPP.09.AKC.5066.6001.1.11325,SAM.09.AKC.5066.6001.1,PM2.5,http://dd.eionet.europa.eu/vocabulary/aq/pollutant/6001,hour,15.3454999900,µg/m3,2018-01-23 09:00:00 +01:00,2018-01-23 10:00:00 +01:00,1,1
AT,AT.0008.20.AQ,NET.09,STA.09.AKC,,SPO.09.AKC.5066.6001.1,SPP.09.AKC.5066.6001.1.11325,SAM.09.AKC.5066.6001.1,PM2.5,http://dd.eionet.europa.eu/vocabulary/aq/pollutant/6001,hour,15.9399995800,µg/m3,2018-01-23 10:00:00 +01:00,2018-01-23 11:00:00 +01:00,1,1
AT,AT.0008.20.AQ,NET.09,STA.09.AKC,,SPO.09.AKC.5066.6001.1,SPP.09.AKC.5066.6001.1.11325,SAM.09.AKC.5066.6001.1,PM2.5,http://dd.eionet.europa.eu/vocabulary/aq/pollutant/6001,hour,13.1545000000,µg/m3,2018-01-23 12:00:00 +01:00,2018-01-23 13:00:00 +01:00,1,1
AT,AT.0008.20.AQ,NET.09,STA.09.AKC,,SPO.09.AKC.5066.6001.1,SPP.09.AKC.5066.6001.1.11325,SAM.09.AKC.5066.6001.1,PM2.5,http://dd.eionet.europa.eu/vocabulary/aq/pollutant/6001,hour,14.8565006200,µg/m3,2018-01-23 14:00:00 +01:00,2018-01-23 15:00:00 +01:00,1,1
AT,AT.0008.20.AQ,NET.09,STA.09.AKC,,SPO.09.AKC.5066.6001.1,SPP.09.AKC.5066.6001.1.11325,SAM.09.AKC.5066.6001.1,PM2.5,http://dd.eionet.europa.eu/vocabulary/aq/pollutant/6001,hour,14.8374996100,µg/m3,2018-01-23 15:00:00 +01:00,2018-01-23 16:00:00 +01:00,1,1
AT,AT.0008.20.AQ,NET.09,STA.09.AKC,,SPO.09.AKC.5066.6001.1,SPP.09.AKC.5066.6001.1.11325,SAM.09.AKC.5066.6001.1,PM2.5,http://dd.eionet.europa.eu/vocabulary/aq/pollutant/6001,hour,14.3625001900,µg/m3,2018-01-23 17:00:00 +01:00,2018-01-23 18:00:00 +01:00,1,1
AT,AT.0008.20.AQ,NET.09,STA.09.AKC,,SPO.09.AKC.5066.6001.1,SPP.09.AKC.5066.6001.1.11325,SAM.09.AKC.5066.6001.1,PM2.5,http://dd.eionet.europa.eu/vocabulary/aq/pollutant/6001,hour,13.8944997700,µg/m3,2018-01-23 18:00:00 +01:00,2018-01-23 19:00:00 +01:00,1,1
AT,AT.0008.20.AQ,NET.09,STA.09.AKC,,SPO.09.AKC.5066.6001.1,SPP.09.AKC.5066.6001.1.11325,SAM.09.AKC.5066.6001.1,PM2.5,http://dd.eionet.europa.eu/vocabulary/aq/pollutant/6001,hour,15.3710002800,µg/m3,2018-01-23 19:00:00 +01:00,2018-01-23 20:00:00 +01:00,1,1
AT,AT.0008.20.AQ,NET.09,STA.09.AKC,,SPO.09.AKC.5066.6001.1,SPP.09.AKC.5066.6001.1.11325,SAM.09.AKC.5066.6001.1,PM2.5,http://dd.eionet.europa.eu/vocabulary/aq/pollutant/6001,hour,15.3414993200,µg/m3,2018-01-23 20:00:00 +01:00,2018-01-23 21:00:00 +01:00,1,1
AT,AT.0008.20.AQ,NET.09,STA.09.AKC,,SPO.09.AKC.5066.6001.1,SPP.09.AKC.5066.6001.1.11325,SAM.09.AKC.5066.6001.1,PM2.5,http://dd.eionet.europa.eu/vocabulary/aq/pollutant/6001,hour,16.6490001600,µg/m3,2018-01-23 21:00:00 +01:00,2018-01-23 22:00:00 +01:00,1,1
AT,AT.0008.20.AQ,NET.09,STA.09.AKC,,SPO.09.AKC.5066.6001.1,SPP.09.AKC.5066.6001.1.11325,SAM.09.AKC.5066.6001.1,PM2.5,http://dd.eionet.europa.eu/vocabulary/aq/pollutant/6001,hour,14.0310001300,µg/m3,2018-01-23 22:00:00 +01:00,2018-01-23 23:00:00 +01:00,1,1
AT,AT.0008.20.AQ,NET.09,STA.09.AKC,,SPO.09.AKC.5066.6001.1,SPP.09.AKC.5066.6001.1.11325,SAM.09.AKC.5066.6001.1,PM2.5,http://dd.eionet.europa.eu/vocabulary/aq/pollutant/6001,hour,12.1229991900,µg/m3,2018-01-23 23:00:00 +01:00,2018-01-24 00:00:00 +01:00,1,1
AT,AT.0008.20.AQ,NET.09,STA.09.AKC,,SPO.09.AKC.5066.6001.1,SPP.09.AKC.5066.6001.1.11325,SAM.09.AKC.5066.6001.1,PM2.5,http://dd.eionet.europa.eu/vocabulary/aq/pollutant/6001,hour,12.9569997700,µg/m3,2018-01-24 00:00:00 +01:00,2018-01-24 01:00:00 +01:00,1,1
AT,AT.0008.20.AQ,NET.09,STA.09.AKC,,SPO.09.AKC.5066.6001.1,SPP.09.AKC.5066.6001.1.11325,SAM.09.AKC.5066.6001.1,PM2.5,http://dd.eionet.europa.eu/vocabulary/aq/pollutant/6001,hour,14.6665000900,µg/m3,2018-01-24 01:00:00 +01:00,2018-01-24 02:00:00 +01:00,1,1
AT,AT.0008.20.AQ,NET.09,STA.09.AKC,,SPO.09.AKC.5066.6001.1,SPP.09.AKC.5066.6001.1.11325,SAM.09.AKC.5066.6001.1,PM2.5,http://dd.eionet.europa.eu/vocabulary/aq/pollutant/6001,hour,17.2469997400,µg/m3,2018-01-24 02:00:00 +01:00,2018-01-24 03:00:00 +01:00,1,1
AT,AT.0008.20.AQ,NET.09,STA.09.AKC,,SPO.09.AKC.5066.6001.1,SPP.09.AKC.5066.6001.1.11325,SAM.09.AKC.5066.6001.1,PM2.5,http://dd.eionet.europa.eu/vocabulary/aq/pollutant/6001,hour,18.2350006100,µg/m3,2018-01-24 03:00:00 +01:00,2018-01-24 04:00:00 +01:00,1,1
AT,AT.0008.20.AQ,NET.09,STA.09.AKC,,SPO.09.AKC.5066.6001.1,SPP.09.AKC.5066.6001.1.11325,SAM.09.AKC.5066.6001.1,PM2.5,http://dd.eionet.europa.eu/vocabulary/aq/pollutant/6001,hour,16.5645008000,µg/m3,2018-01-24 04:00:00 +01:00,2018-01-24 05:00:00 +01:00,1,1
AT,AT.0008.20.AQ,NET.09,STA.09.AKC,,SPO.09.AKC.5066.6001.1,SPP.09.AKC.5066.6001.1.11325,SAM.09.AKC.5066.6001.1,PM2.5,http://dd.eionet.europa.eu/vocabulary/aq/pollutant/6001,hour,15.6729993800,µg/m3,2018-01-24 05:00:00 +01:00,2018-01-24 06:00:00 +01:00,1,1
AT,AT.0008.20.AQ,NET.09,STA.09.AKC,,SPO.09.AKC.5066.6001.1,SPP.09.AKC.5066.6001.1.11325,SAM.09.AKC.5066.6001.1,PM2.5,http://dd.eionet.europa.eu/vocabulary/aq/pollutant/6001,hour,13.7299995400,µg/m3,2018-01-24 06:00:00 +01:00,2018-01-24 07:00:00 +01:00,1,1
AT,AT.0008.20.AQ,NET.09,STA.09.AKC,,SPO.09.AKC.5066.6001.1,SPP.09.AKC.5066.6001.1.11325,SAM.09.AKC.5066.6001.1,PM2.5,http://dd.eionet.europa.eu/vocabulary/aq/pollutant/6001,hour,18.3990001600,µg/m3,2018-01-24 10:00:00 +01:00,2018-01-24 11:00:00 +01:00,1,1
AT,AT.0008.20.AQ,NET.09,STA.09.AKC,,SPO.09.AKC.5066.6001.1,SPP.09.AKC.5066.6001.1.11325,SAM.09.AKC.5066.6001.1,PM2.5,http://dd.eionet.europa.eu/vocabulary/aq/pollutant/6001,hour,29.0970001200,µg/m3,2018-01-24 11:00:00 +01:00,2018-01-24 12:00:00 +01:00,1,1
AT,AT.0008.20.AQ,NET.09,STA.09.AKC,,SPO.09.AKC.5066.6001.1,SPP.09.AKC.5066.6001.1.11325,SAM.09.AKC.5066.6001.1,PM2.5,http://dd.eionet.europa.eu/vocabulary/aq/pollutant/6001,hour,34.0060005100,µg/m3,2018-01-24 12:00:00 +01:00,2018-01-24 13:00:00 +01:00,1,1
AT,AT.0008.20.AQ,NET.09,STA.09.AKC,,SPO.09.AKC.5066.6001.1,SPP.09.AKC.5066.6001.1.11325,SAM.09.AKC.5066.6001.1,PM2.5,http://dd.eionet.europa.eu/vocabulary/aq/pollutant/6001,hour,33.1070022500,µg/m3,2018-01-24 13:00:00 +01:00,2018-01-24 14:00:00 +01:00,1,1
AT,AT.0008.20.AQ,NET.09,STA.09.AKC,,SPO.09.AKC.5066.6001.1,SPP.09.AKC.5066.6001.1.11325,SAM.09.AKC.5066.6001.1,PM2.5,http://dd.eionet.europa.eu/vocabulary/aq/pollutant/6001,hour,34.7525024400,µg/m3,2018-01-24 14:00:00 +01:00,2018-01-24 15:00:00 +01:00,1,1
AT,AT.0008.20.AQ,NET.09,STA.09.AKC,,SPO.09.AKC.5066.6001.1,SPP.09.AKC.5066.6001.1.11325,SAM.09.AKC.5066.6001.1,PM2.5,http://dd.eionet.europa.eu/vocabulary/aq/pollutant/6001,hour,35.8074989300,µg/m3,2018-01-24 15:00:00 +01:00,2018-01-24 16:00:00 +01:00,1,1
AT,AT.0008.20.AQ,NET.09,STA.09.AKC,,SPO.09.AKC.5066.6001.1,SPP.09.AKC.5066.6001.1.11325,SAM.09.AKC.5066.6001.1,PM2.5,http://dd.eionet.europa.eu/vocabulary/aq/pollutant/6001,hour,33.5895004200,µg/m3,2018-01-24 16:00:00 +01:00,2018-01-24 17:00:00 +01:00,1,1
AT,AT.0008.20.AQ,NET.09,STA.09.AKC,,SPO.09.AKC.5066.6001.1,SPP.09.AKC.5066.6001.1.11325,SAM.09.AKC.5066.6001.1,PM2.5,http://dd.eionet.europa.eu/vocabulary/aq/pollutant/6001,hour,34.9055023100,µg/m3,2018-01-24 18:00:00 +01:00,2018-01-24 19:00:00 +01:00,1,1
AT,AT.0008.20.AQ,NET.09,STA.09.AKC,,SPO.09.AKC.5066.6001.1,SPP.09.AKC.5066.6001.1.11325,SAM.09.AKC.5066.6001.1,PM2.5,http://dd.eionet.europa.eu/vocabulary/aq/pollutant/6001,hour,32.7000007600,µg/m3,2018-01-24 19:00:00 +01:00,2018-01-24 20:00:00 +01:00,1,1
AT,AT.0008.20.AQ,NET.09,STA.09.AKC,,SPO.09.AKC.5066.6001.1,SPP.09.AKC.5066.6001.1.11325,SAM.09.AKC.5066.6001.1,PM2.5,http://dd.eionet.europa.eu/vocabulary/aq/pollutant/6001,hour,29.5364990200,µg/m3,2018-01-24 20:00:00 +01:00,2018-01-24 21:00:00 +01:00,1,1
AT,AT.0008.20.AQ,NET.09,STA.09.AKC,,SPO.09.AKC.5066.6001.1,SPP.09.AKC.5066.6001.1.11325,SAM.09.AKC.5066.6001.1,PM2.5,http://dd.eionet.europa.eu/vocabulary/aq/pollutant/6001,hour,20.2220001200,µg/m3,2018-01-24 22:00:00 +01:00,2018-01-24 23:00:00 +01:00,1,1
AT,AT.0008.20.AQ,NET.09,STA.09.AKC,,SPO.09.AKC.5066.6001.1,SPP.09.AKC.5066.6001.1.11325,SAM.09.AKC.5066.6001.1,PM2.5,http://dd.eionet.europa.eu/vocabulary/aq/pollutant/6001,hour,21.9744987400,µg/m3,2018-01-25 00:00:00 +01:00,2018-01-25 01:00:00 +01:00,1,1
AT,AT.0008.20.AQ,NET.09,STA.09.AKC,,SPO.09.AKC.5066.6001.1,SPP.09.AKC.5066.6001.1.11325,SAM.09.AKC.5066.6001.1,PM2.5,http://dd.eionet.europa.eu/vocabulary/aq/pollutant/6001,hour,20.7689990900,µg/m3,2018-01-25 01:00:00 +01:00,2018-01-25 02:00:00 +01:00,1,1
AT,AT.0008.20.AQ,NET.09,STA.09.AKC,,SPO.09.AKC.5066.6001.1,SPP.09.AKC.5066.6001.1.11325,SAM.09.AKC.5066.6001.1,PM2.5,http://dd.eionet.europa.eu/vocabulary/aq/pollutant/6001,hour,22.3069992000,µg/m3,2018-01-25 03:00:00 +01:00,2018-01-25 04:00:00 +01:00,1,1
AT,AT.0008.20.AQ,NET.09,STA.09.AKC,,SPO.09.AKC.5066.6001.1,SPP.09.AKC.5066.6001.1.11325,SAM.09.AKC.5066.6001.1,PM2.5,http://dd.eionet.europa.eu/vocabulary/aq/pollutant/6001,hour,25.0265007000,µg/m3,2018-01-25 04:00:00 +01:00,2018-01-25 05:00:00 +01:00,1,1
AT,AT.0008.20.AQ,NET.09,STA.09.AKC,,SPO.09.AKC.5066.6001.1,SPP.09.AKC.5066.6001.1.11325,SAM.09.AKC.5066.6001.1,PM2.5,http://dd.eionet.europa.eu/vocabulary/aq/pollutant/6001,hour,27.5729999500,µg/m3,2018-01-25 05:00:00 +01:00,2018-01-25 06:00:00 +01:00,1,1
AT,AT.0008.20.AQ,NET.09,STA.09.AKC,,SPO.09.AKC.5066.6001.1,SPP.09.AKC.5066.6001.1.11325,SAM.09.AKC.5066.6001.1,PM2.5,http://dd.eionet.europa.eu/vocabulary/aq/pollutant/6001,hour,32.9984970000,µg/m3,2018-01-25 07:00:00 +01:00,2018-01-25 08:00:00 +01:00,1,1
AT,AT.0008.20.AQ,NET.09,STA.09.AKC,,SPO.09.AKC.5066.6001.1,SPP.09.AKC.5066.6001.1.11325,SAM.09.AKC.5066.6001.1,PM2.5,http://dd.eionet.europa.eu/vocabulary/aq/pollutant/6001,hour,33.7094993500,µg/m3,2018-01-25 09:00:00 +01:00,2018-01-25 10:00:00 +01:00,1,1
AT,AT.0008.20.AQ,NET.09,STA.09.AKC,,SPO.09.AKC.5066.6001.1,SPP.09.AKC.5066.6001.1.11325,SAM.09.AKC.5066.6001.1,PM2.5,http://dd.eionet.europa.eu/vocabulary/aq/pollutant/6001,hour,34.1005020100,µg/m3,2018-01-25 11:00:00 +01:00,2018-01-25 12:00:00 +01:00,1,1
AT,AT.0008.20.AQ,NET.09,STA.09.AKC,,SPO.09.AKC.5066.6001.1,SPP.09.AKC.5066.6001.1.11325,SAM.09.AKC.5066.6001.1,PM2.5,http://dd.eionet.europa.eu/vocabulary/aq/pollutant/6001,hour,34.8964996300,µg/m3,2018-01-25 14:00:00 +01:00,2018-01-25 15:00:00 +01:00,1,1
AT,AT.0008.20.AQ,NET.09,STA.09.AKC,,SPO.09.AKC.5066.6001.1,SPP.09.AKC.5066.6001.1.11325,SAM.09.AKC.5066.6001.1,PM2.5,http://dd.eionet.europa.eu/vocabulary/aq/pollutant/6001,hour,31.8875007600,µg/m3,2018-01-25 15:00:00 +01:00,2018-01-25 16:00:00 +01:00,1,1
AT,AT.0008.20.AQ,NET.09,STA.09.AKC,,SPO.09.AKC.5066.6001.1,SPP.09.AKC.5066.6001.1.11325,SAM.09.AKC.5066.6001.1,PM2.5,http://dd.eionet.europa.eu/vocabulary/aq/pollutant/6001,hour,31.1894989000,µg/m3,2018-01-25 16:00:00 +01:00,2018-01-25 17:00:00 +01:00,1,1
AT,AT.0008.20.AQ,NET.09,STA.09.AKC,,SPO.09.AKC.5066.6001.1,SPP.09.AKC.5066.6001.1.11325,SAM.09.AKC.5066.6001.1,PM2.5,http://dd.eionet.europa.eu/vocabulary/aq/pollutant/6001,hour,29.0740013100,µg/m3,2018-01-25 18:00:00 +01:00,2018-01-25 19:00:00 +01:00,1,1
AT,AT.0008.20.AQ,NET.09,STA.09.AKC,,SPO.09.AKC.5066.6001.1,SPP.09.AKC.5066.6001.1.11325,SAM.09.AKC.5066.6001.1,PM2.5,http://dd.eionet.europa.eu/vocabulary/aq/pollutant/6001,hour,28.2089996300,µg/m3,2018-01-25 22:00:00 +01:00,2018-01-25 23:00:00 +01:00,1,1
AT,AT.0008.20.AQ,NET.09,STA.09.AKC,,SPO.09.AKC.5066.6001.1,SPP.09.AKC.5066.6001.1.11325,SAM.09.AKC.5066.6001.1,PM2.5,http://dd.eionet.europa.eu/vocabulary/aq/pollutant/6001,hour,29.0244998900,µg/m3,2018-01-26 00:00:00 +01:00,2018-01-26 01:00:00 +01:00,1,1
AT,AT.0008.20.AQ,NET.09,STA.09.AKC,,SPO.09.AKC.5066.6001.1,SPP.09.AKC.5066.6001.1.11325,SAM.09.AKC.5066.6001.1,PM2.5,http://dd.eionet.europa.eu/vocabulary/aq/pollutant/6001,hour,28.5844993500,µg/m3,2018-01-26 01:00:00 +01:00,2018-01-26 02:00:00 +01:00,1,1
AT,AT.0008.20.AQ,NET.09,STA.09.AKC,,SPO.09.AKC.5066.6001.1,SPP.09.AKC.5066.6001.1.11325,SAM.09.AKC.5066.6001.1,PM2.5,http://dd.eionet.europa.eu/vocabulary/aq/pollutant/6001,hour,28.9230003300,µg/m3,2018-01-26 02:00:00 +01:00,2018-01-26 03:00:00 +01:00,1,1
AT,AT.0008.20.AQ,NET.09,STA.09.AKC,,SPO.09.AKC.5066.6001.1,SPP.09.AKC.5066.6001.1.11325,SAM.09.AKC.5066.6001.1,PM2.5,http://dd.eionet.europa.eu/vocabulary/aq/pollutant/6001,hour,30.6344985900,µg/m3,2018-01-26 03:00:00 +01:00,2018-01-26 04:00:00 +01:00,1,1
AT,AT.0008.20.AQ,NET.09,STA.09.AKC,,SPO.09.AKC.5066.6001.1,SPP.09.AKC.5066.6001.1.11325,SAM.09.AKC.5066.6001.1,PM2.5,http://dd.eionet.europa.eu/vocabulary/aq/pollutant/6001,hour,35.5619964600,µg/m3,2018-01-26 05:00:00 +01:00,2018-01-26 06:00:00 +01:00,1,1
AT,AT.0008.20.AQ,NET.09,STA.09.AKC,,SPO.09.AKC.5066.6001.1,SPP.09.AKC.5066.6001.1.11325,SAM.09.AKC.5066.6001.1,PM2.5,http://dd.eionet.europa.eu/vocabulary/aq/pollutant/6001,hour,38.5090026800,µg/m3,2018-01-26 06:00:00 +01:00,2018-01-26 07:00:00 +01:00,1,1
AT,AT.0008.20.AQ,NET.09,STA.09.AKC,,SPO.09.AKC.5066.6001.1,SPP.09.AKC.5066.6001.1.11325,SAM.09.AKC.5066.6001.1,PM2.5,http://dd.eionet.europa.eu/vocabulary/aq/pollutant/6001,hour,44.7840003900,µg/m3,2018-01-26 09:00:00 +01:00,2018-01-26 10:00:00 +01:00,1,1
AT,AT.0008.20.AQ,NET.09,STA.09.AKC,,SPO.09.AKC.5066.6001.1,SPP.09.AKC.5066.6001.1.11325,SAM.09.AKC.5066.6001.1,PM2.5,http://dd.eionet.europa.eu/vocabulary/aq/pollutant/6001,hour,42.3105010900,µg/m3,2018-01-26 13:00:00 +01:00,2018-01-26 14:00:00 +01:00,1,1
AT,AT.0008.20.AQ,NET.09,STA.09.AKC,,SPO.09.AKC.5066.6001.1,SPP.09.AKC.5066.6001.1.11325,SAM.09.AKC.5066.6001.1,PM2.5,http://dd.eionet.europa.eu/vocabulary/aq/pollutant/6001,hour,37.5485000600,µg/m3,2018-01-26 14:00:00 +01:00,2018-01-26 15:00:00 +01:00,1,1
AT,AT.0008.20.AQ,NET.09,STA.09.AKC,,SPO.09.AKC.5066.6001.1,SPP.09.AKC.5066.6001.1.11325,SAM.09.AKC.5066.6001.1,PM2.5,http://dd.eionet.europa.eu/vocabulary/aq/pollutant/6001,hour,37.9739990200,µg/m3,2018-01-26 15:00:00 +01:00,2018-01-26 16:00:00 +01:00,1,1
AT,AT.0008.20.AQ,NET.09,STA.09.AKC,,SPO.09.AKC.5066.6001.1,SPP.09.AKC.5066.6001.1.11325,SAM.09.AKC.5066.6001.1,PM2.5,http://dd.eionet.europa.eu/vocabulary/aq/pollutant/6001,hour,36.1414985600,µg/m3,2018-01-26 17:00:00 +01:00,2018-01-26 18:00:00 +01:00,1,1
AT,AT.0008.20.AQ,NET.09,STA.09.AKC,,SPO.09.AKC.5066.6001.1,SPP.09.AKC.5066.6001.1.11325,SAM.09.AKC.5066.6001.1,PM2.5,http://dd.eionet.europa.eu/vocabulary/aq/pollutant/6001,hour,35.9844970700,µg/m3,2018-01-26 20:00:00 +01:00,2018-01-26 21:00:00 +01:00,1,1
AT,AT.0008.20.AQ,NET.09,STA.09.AKC,,SPO.09.AKC.5066.6001.1,SPP.09.AKC.5066.6001.1.11325,SAM.09.AKC.5066.6001.1,PM2.5,http://dd.eionet.europa.eu/vocabulary/aq/pollutant/6001,hour,53.8964996300,µg/m3,2018-01-27 00:00:00 +01:00,2018-01-27 01:00:00 +01:00,1,1
AT,AT.0008.20.AQ,NET.09,STA.09.AKC,,SPO.09.AKC.5066.6001.1,SPP.09.AKC.5066.6001.1.11325,SAM.09.AKC.5066.6001.1,PM2.5,http://dd.eionet.europa.eu/vocabulary/aq/pollutant/6001,hour,51.5475006100,µg/m3,2018-01-27 01:00:00 +01:00,2018-01-27 02:00:00 +01:00,1,1
AT,AT.0008.20.AQ,NET.09,STA.09.AKC,,SPO.09.AKC.5066.6001.1,SPP.09.AKC.5066.6001.1.11325,SAM.09.AKC.5066.6001.1,PM2.5,http://dd.eionet.europa.eu/vocabulary/aq/pollutant/6001,hour,52.0625000000,µg/m3,2018-01-27 02:00:00 +01:00,2018-01-27 03:00:00 +01:00,1,1
AT,AT.0008.20.AQ,NET.09,STA.09.AKC,,SPO.09.AKC.5066.6001.1,SPP.09.AKC.5066.6001.1.11325,SAM.09.AKC.5066.6001.1,PM2.5,http://dd.eionet.europa.eu/vocabulary/aq/pollutant/6001,hour,26.3864974900,µg/m3,2018-01-27 03:00:00 +01:00,2018-01-27 04:00:00 +01:00,1,1
AT,AT.0008.20.AQ,NET.09,STA.09.AKC,,SPO.09.AKC.5066.6001.1,SPP.09.AKC.5066.6001.1.11325,SAM.09.AKC.5066.6001.1,PM2.5,http://dd.eionet.europa.eu/vocabulary/aq/pollutant/6001,hour,19.3680000300,µg/m3,2018-01-27 04:00:00 +01:00,2018-01-27 05:00:00 +01:00,1,1
AT,AT.0008.20.AQ,NET.09,STA.09.AKC,,SPO.09.AKC.5066.6001.1,SPP.09.AKC.5066.6001.1.11325,SAM.09.AKC.5066.6001.1,PM2.5,http://dd.eionet.europa.eu/vocabulary/aq/pollutant/6001,hour,17.4409999800,µg/m3,2018-01-27 07:00:00 +01:00,2018-01-27 08:00:00 +01:00,1,1
AT,AT.0008.20.AQ,NET.09,STA.09.AKC,,SPO.09.AKC.5066.6001.1,SPP.09.AKC.5066.6001.1.11325,SAM.09.AKC.5066.6001.1,PM2.5,http://dd.eionet.europa.eu/vocabulary/aq/pollutant/6001,hour,17.6445007300,µg/m3,2018-01-27 09:00:00 +01:00,2018-01-27 10:00:00 +01:00,1,1
AT,AT.0008.20.AQ,NET.09,STA.09.AKC,,SPO.09.AKC.5066.6001.1,SPP.09.AKC.5066.6001.1.11325,SAM.09.AKC.5066.6001.1,PM2.5,http://dd.eionet.europa.eu/vocabulary/aq/pollutant/6001,hour,13.9104995700,µg/m3,2018-01-27 11:00:00 +01:00,2018-01-27 12:00:00 +01:00,1,1
AT,AT.0008.20.AQ,NET.09,STA.09.AKC,,SPO.09.AKC.5066.6001.1,SPP.09.AKC.5066.6001.1.11325,SAM.09.AKC.5066.6001.1,PM2.5,http://dd.eionet.europa.eu/vocabulary/aq/pollutant/6001,hour,14.8514995500,µg/m3,2018-01-27 12:00:00 +01:00,2018-01-27 13:00:00 +01:00,1,1
AT,AT.0008.20.AQ,NET.09,STA.09.AKC,,SPO.09.AKC.5066.6001.1,SPP.09.AKC.5066.6001.1.11325,SAM.09.AKC.5066.6001.1,PM2.5,http://dd.eionet.europa.eu/vocabulary/aq/pollutant/6001,hour,14.6014995500,µg/m3,2018-01-27 13:00:00 +01:00,2018-01-27 14:00:00 +01:00,1,1
AT,AT.0008.20.AQ,NET.09,STA.09.AKC,,SPO.09.AKC.5066.6001.1,SPP.09.AKC.5066.6001.1.11325,SAM.09.AKC.5066.6001.1,PM2.5,http://dd.eionet.europa.eu/vocabulary/aq/pollutant/6001,hour,14.7760000200,µg/m3,2018-01-27 14:00:00 +01:00,2018-01-27 15:00:00 +01:00,1,1
AT,AT.0008.20.AQ,NET.09,STA.09.AKC,,SPO.09.AKC.5066.6001.1,SPP.09.AKC.5066.6001.1.11325,SAM.09.AKC.5066.6001.1,PM2.5,http://dd.eionet.europa.eu/vocabulary/aq/pollutant/6001,hour,14.3099994600,µg/m3,2018-01-27 15:00:00 +01:00,2018-01-27 16:00:00 +01:00,1,1
AT,AT.0008.20.AQ,NET.09,STA.09.AKC,,SPO.09.AKC.5066.6001.1,SPP.09.AKC.5066.6001.1.11325,SAM.09.AKC.5066.6001.1,PM2.5,http://dd.eionet.europa.eu/vocabulary/aq/pollutant/6001,hour,15.5404996800,µg/m3,2018-01-27 17:00:00 +01:00,2018-01-27 18:00:00 +01:00,1,1
AT,AT.0008.20.AQ,NET.09,STA.09.AKC,,SPO.09.AKC.5066.6001.1,SPP.09.AKC.5066.6001.1.11325,SAM.09.AKC.5066.6001.1,PM2.5,http://dd.eionet.europa.eu/vocabulary/aq/pollutant/6001,hour,15.7969989700,µg/m3,2018-01-27 18:00:00 +01:00,2018-01-27 19:00:00 +01:00,1,1
AT,AT.0008.20.AQ,NET.09,STA.09.AKC,,SPO.09.AKC.5066.6001.1,SPP.09.AKC.5066.6001.1.11325,SAM.09.AKC.5066.6001.1,PM2.5,http://dd.eionet.europa.eu/vocabulary/aq/pollutant/6001,hour,15.9095001200,µg/m3,2018-01-27 19:00:00 +01:00,2018-01-27 20:00:00 +01:00,1,1
AT,AT.0008.20.AQ,NET.09,STA.09.AKC,,SPO.09.AKC.5066.6001.1,SPP.09.AKC.5066.6001.1.11325,SAM.09.AKC.5066.6001.1,PM2.5,http://dd.eionet.europa.eu/vocabulary/aq/pollutant/6001,hour,17.2455005600,µg/m3,2018-01-27 20:00:00 +01:00,2018-01-27 21:00:00 +01:00,1,1
AT,AT.0008.20.AQ,NET.09,STA.09.AKC,,SPO.09.AKC.5066.6001.1,SPP.09.AKC.5066.6001.1.11325,SAM.09.AKC.5066.6001.1,PM2.5,http://dd.eionet.europa.eu/vocabulary/aq/pollutant/6001,hour,18.5135002100,µg/m3,2018-01-27 21:00:00 +01:00,2018-01-27 22:00:00 +01:00,1,1
AT,AT.0008.20.AQ,NET.09,STA.09.AKC,,SPO.09.AKC.5066.6001.1,SPP.09.AKC.5066.6001.1.11325,SAM.09.AKC.5066.6001.1,PM2.5,http://dd.eionet.europa.eu/vocabulary/aq/pollutant/6001,hour,17.4119987400,µg/m3,2018-01-27 22:00:00 +01:00,2018-01-27 23:00:00 +01:00,1,1
AT,AT.0008.20.AQ,NET.09,STA.09.AKC,,SPO.09.AKC.5066.6001.1,SPP.09.AKC.5066.6001.1.11325,SAM.09.AKC.5066.6001.1,PM2.5,http://dd.eionet.europa.eu/vocabulary/aq/pollutant/6001,hour,25.2939987100,µg/m3,2018-01-28 01:00:00 +01:00,2018-01-28 02:00:00 +01:00,1,1
AT,AT.0008.20.AQ,NET.09,STA.09.AKC,,SPO.09.AKC.5066.6001.1,SPP.09.AKC.5066.6001.1.11325,SAM.09.AKC.5066.6001.1,PM2.5,http://dd.eionet.europa.eu/vocabulary/aq/pollutant/6001,hour,20.2059993700,µg/m3,2018-01-28 05:00:00 +01:00,2018-01-28 06:00:00 +01:00,1,1
AT,AT.0008.20.AQ,NET.09,STA.09.AKC,,SPO.09.AKC.5066.6001.1,SPP.09.AKC.5066.6001.1.11325,SAM.09.AKC.5066.6001.1,PM2.5,http://dd.eionet.europa.eu/vocabulary/aq/pollutant/6001,hour,24.4529991100,µg/m3,2018-01-28 06:00:00 +01:00,2018-01-28 07:00:00 +01:00,1,1
AT,AT.0008.20.AQ,NET.09,STA.09.AKC,,SPO.09.AKC.5066.6001.1,SPP.09.AKC.5066.6001.1.11325,SAM.09.AKC.5066.6001.1,PM2.5,http://dd.eionet.europa.eu/vocabulary/aq/pollutant/6001,hour,21.8059997500,µg/m3,2018-01-28 07:00:00 +01:00,2018-01-28 08:00:00 +01:00,1,1
AT,AT.0008.20.AQ,NET.09,STA.09.AKC,,SPO.09.AKC.5066.6001.1,SPP.09.AKC.5066.6001.1.11325,SAM.09.AKC.5066.6001.1,PM2.5,http://dd.eionet.europa.eu/vocabulary/aq/pollutant/6001,hour,15.1394996600,µg/m3,2018-01-28 09:00:00 +01:00,2018-01-28 10:00:00 +01:00,1,1
AT,AT.0008.20.AQ,NET.09,STA.09.AKC,,SPO.09.AKC.5066.6001.1,SPP.09.AKC.5066.6001.1.11325,SAM.09.AKC.5066.6001.1,PM2.5,http://dd.eionet.europa.eu/vocabulary/aq/pollutant/6001,hour,11.0489997800,µg/m3,2018-01-28 12:00:00 +01:00,2018-01-28 13:00:00 +01:00,1,1
AT,AT.0008.20.AQ,NET.09,STA.09.AKC,,SPO.09.AKC.5066.6001.1,SPP.09.AKC.5066.6001.1.11325,SAM.09.AKC.5066.6001.1,PM2.5,http://dd.eionet.europa.eu/vocabulary/aq/pollutant/6001,hour,11.6844997400,µg/m3,2018-01-28 14:00:00 +01:00,2018-01-28 15:00:00 +01:00,1,1
AT,AT.0008.20.AQ,NET.09,STA.09.AKC,,SPO.09.AKC.5066.6001.1,SPP.09.AKC.5066.6001.1.11325,SAM.09.AKC.5066.6001.1,PM2.5,http://dd.eionet.europa.eu/vocabulary/aq/pollutant/6001,hour,8.6991996700,µg/m3,2018-01-28 15:00:00 +01:00,2018-01-28 16:00:00 +01:00,1,1
AT,AT.0008.20.AQ,NET.09,STA.09.AKC,,SPO.09.AKC.5066.6001.1,SPP.09.AKC.5066.6001.1.11325,SAM.09.AKC.5066.6001.1,PM2.5,http://dd.eionet.europa.eu/vocabulary/aq/pollutant/6001,hour,5.8004999100,µg/m3,2018-01-28 16:00:00 +01:00,2018-01-28 17:00:00 +01:00,1,1
AT,AT.0008.20.AQ,NET.09,STA.09.AKC,,SPO.09.AKC.5066.6001.1,SPP.09.AKC.5066.6001.1.11325,SAM.09.AKC.5066.6001.1,PM2.5,http://dd.eionet.europa.eu/vocabulary/aq/pollutant/6001,hour,6.4826002100,µg/m3,2018-01-28 17:00:00 +01:00,2018-01-28 18:00:00 +01:00,1,1
AT,AT.0008.20.AQ,NET.09,STA.09.AKC,,SPO.09.AKC.5066.6001.1,SPP.09.AKC.5066.6001.1.11325,SAM.09.AKC.5066.6001.1,PM2.5,http://dd.eionet.europa.eu/vocabulary/aq/pollutant/6001,hour,6.4618501600,µg/m3,2018-01-28 21:00:00 +01:00,2018-01-28 22:00:00 +01:00,1,1
AT,AT.0008.20.AQ,NET.09,STA.09.AKC,,SPO.09.AKC.5066.6001.1,SPP.09.AKC.5066.6001.1.11325,SAM.09.AKC.5066.6001.1,PM2.5,http://dd.eionet.europa.eu/vocabulary/aq/pollutant/6001,hour,6.1694998700,µg/m3,2018-01-28 22:00:00 +01:00,2018-01-28 23:00:00 +01:00,1,1
AT,AT.0008.20.AQ,NET.09,STA.09.AKC,,SPO.09.AKC.5066.6001.1,SPP.09.AKC.5066.6001.1.11325,SAM.09.AKC.5066.6001.1,PM2.5,http://dd.eionet.europa.eu/vocabulary/aq/pollutant/6001,hour,4.8098001400,µg/m3,2018-01-29 00:00:00 +01:00,2018-01-29 01:00:00 +01:00,1,1
AT,AT.0008.20.AQ,NET.09,STA.09.AKC,,SPO.09.AKC.5066.6001.1,SPP.09.AKC.5066.6001.1.11325,SAM.09.AKC.5066.6001.1,PM2.5,http://dd.eionet.europa.eu/vocabulary/aq/pollutant/6001,hour,3.6121499500,µg/m3,2018-01-29 01:00:00 +01:00,2018-01-29 02:00:00 +01:00,1,1
AT,AT.0008.20.AQ,NET.09,STA.09.AKC,,SPO.09.AKC.5066.6001.1,SPP.09.AKC.5066.6001.1.11325,SAM.09.AKC.5066.6001.1,PM2.5,http://dd.eionet.europa.eu/vocabulary/aq/pollutant/6001,hour,3.4549999200,µg/m3,2018-01-29 03:00:00 +01:00,2018-01-29 04:00:00 +01:00,1,1
AT,AT.0008.20.AQ,NET.09,STA.09.AKC,,SPO.09.AKC.5066.6001.1,SPP.09.AKC.5066.6001.1.11325,SAM.09.AKC.5066.6001.1,PM2.5,http://dd.eionet.europa.eu/vocabulary/aq/pollutant/6001,hour,3.4545001900,µg/m3,2018-01-29 04:00:00 +01:00,2018-01-29 05:00:00 +01:00,1,1
AT,AT.0008.20.AQ,NET.09,STA.09.AKC,,SPO.09.AKC.5066.6001.1,SPP.09.AKC.5066.6001.1.11325,SAM.09.AKC.5066.6001.1,PM2.5,http://dd.eionet.europa.eu/vocabulary/aq/pollutant/6001,hour,3.9118499700,µg/m3,2018-01-29 05:00:00 +01:00,2018-01-29 06:00:00 +01:00,1,1
AT,AT.0008.20.AQ,NET.09,STA.09.AKC,,SPO.09.AKC.5066.6001.1,SPP.09.AKC.5066.6001.1.11325,SAM.09.AKC.5066.6001.1,PM2.5,http://dd.eionet.europa.eu/vocabulary/aq/pollutant/6001,hour,4.2544498400,µg/m3,2018-01-29 06:00:00 +01:00,2018-01-29 07:00:00 +01:00,1,1
AT,AT.0008.20.AQ,NET.09,STA.09.AKC,,SPO.09.AKC.5066.6001.1,SPP.09.AKC.5066.6001.1.11325,SAM.09.AKC.5066.6001.1,PM2.5,http://dd.eionet.europa.eu/vocabulary/aq/pollutant/6001,hour,3.7597498800,µg/m3,2018-01-29 07:00:00 +01:00,2018-01-29 08:00:00 +01:00,1,1
AT,AT.0008.20.AQ,NET.09,STA.09.AKC,,SPO.09.AKC.5066.6001.1,SPP.09.AKC.5066.6001.1.11325,SAM.09.AKC.5066.6001.1,PM2.5,http://dd.eionet.europa.eu/vocabulary/aq/pollutant/6001,hour,4.6365499400,µg/m3,2018-01-29 09:00:00 +01:00,2018-01-29 10:00:00 +01:00,1,1
AT,AT.0008.20.AQ,NET.09,STA.09.AKC,,SPO.09.AKC.5066.6001.1,SPP.09.AKC.5066.6001.1.11325,SAM.09.AKC.5066.6001.1,PM2.5,http://dd.eionet.europa.eu/vocabulary/aq/pollutant/6001,hour,2.9510002100,µg/m3,2018-01-29 12:00:00 +01:00,2018-01-29 13:00:00 +01:00,1,1
AT,AT.0008.20.AQ,NET.09,STA.09.AKC,,SPO.09.AKC.5066.6001.1,SPP.09.AKC.5066.6001.1.11325,SAM.09.AKC.5066.6001.1,PM2.5,http://dd.eionet.europa.eu/vocabulary/aq/pollutant/6001,hour,2.5362000400,µg/m3,2018-01-29 15:00:00 +01:00,2018-01-29 16:00:00 +01:00,1,1
AT,AT.0008.20.AQ,NET.09,STA.09.AKC,,SPO.09.AKC.5066.6001.1,SPP.09.AKC.5066.6001.1.11325,SAM.09.AKC.5066.6001.1,PM2.5,http://dd.eionet.europa.eu/vocabulary/aq/pollutant/6001,hour,2.5304000300,µg/m3,2018-01-29 16:00:00 +01:00,2018-01-29 17:00:00 +01:00,1,1
AT,AT.0008.20.AQ,NET.09,STA.09.AKC,,SPO.09.AKC.5066.6001.1,SPP.09.AKC.5066.6001.1.11325,SAM.09.AKC.5066.6001.1,PM2.5,http://dd.eionet.europa.eu/vocabulary/aq/pollutant/6001,hour,2.9442501000,µg/m3,2018-01-29 18:00:00 +01:00,2018-01-29 19:00:00 +01:00,1,1
AT,AT.0008.20.AQ,NET.09,STA.09.AKC,,SPO.09.AKC.5066.6001.1,SPP.09.AKC.5066.6001.1.11325,SAM.09.AKC.5066.6001.1,PM2.5,http://dd.eionet.europa.eu/vocabulary/aq/pollutant/6001,hour,3.7093997000,µg/m3,2018-01-29 19:00:00 +01:00,2018-01-29 20:00:00 +01:00,1,1
AT,AT.0008.20.AQ,NET.09,STA.09.AKC,,SPO.09.AKC.5066.6001.1,SPP.09.AKC.5066.6001.1.11325,SAM.09.AKC.5066.6001.1,PM2.5,http://dd.eionet.europa.eu/vocabulary/aq/pollutant/6001,hour,4.5175499900,µg/m3,2018-01-29 20:00:00 +01:00,2018-01-29 21:00:00 +01:00,1,1
AT,AT.0008.20.AQ,NET.09,STA.09.AKC,,SPO.09.AKC.5066.6001.1,SPP.09.AKC.5066.6001.1.11325,SAM.09.AKC.5066.6001.1,PM2.5,http://dd.eionet.europa.eu/vocabulary/aq/pollutant/6001,hour,8.1105003300,µg/m3,2018-01-29 21:00:00 +01:00,2018-01-29 22:00:00 +01:00,1,1
AT,AT.0008.20.AQ,NET.09,STA.09.AKC,,SPO.09.AKC.5066.6001.1,SPP.09.AKC.5066.6001.1.11325,SAM.09.AKC.5066.6001.1,PM2.5,http://dd.eionet.europa.eu/vocabulary/aq/pollutant/6001,hour,11.7320003500,µg/m3,2018-01-29 23:00:00 +01:00,2018-01-30 00:00:00 +01:00,1,1
AT,AT.0008.20.AQ,NET.09,STA.09.AKC,,SPO.09.AKC.5066.6001.1,SPP.09.AKC.5066.6001.1.11325,SAM.09.AKC.5066.6001.1,PM2.5,http://dd.eionet.europa.eu/vocabulary/aq/pollutant/6001,hour,9.6342000900,µg/m3,2018-01-30 00:00:00 +01:00,2018-01-30 01:00:00 +01:00,1,1
AT,AT.0008.20.AQ,NET.09,STA.09.AKC,,SPO.09.AKC.5066.6001.1,SPP.09.AKC.5066.6001.1.11325,SAM.09.AKC.5066.6001.1,PM2.5,http://dd.eionet.europa.eu/vocabulary/aq/pollutant/6001,hour,3.8578999000,µg/m3,2018-01-30 04:00:00 +01:00,2018-01-30 05:00:00 +01:00,1,1
AT,AT.0008.20.AQ,NET.09,STA.09.AKC,,SPO.09.AKC.5066.6001.1,SPP.09.AKC.5066.6001.1.11325,SAM.09.AKC.5066.6001.1,PM2.5,http://dd.eionet.europa.eu/vocabulary/aq/pollutant/6001,hour,2.4113998400,µg/m3,2018-01-30 06:00:00 +01:00,2018-01-30 07:00:00 +01:00,1,1
AT,AT.0008.20.AQ,NET.09,STA.09.AKC,,SPO.09.AKC.5066.6001.1,SPP.09.AKC.5066.6001.1.11325,SAM.09.AKC.5066.6001.1,PM2.5,http://dd.eionet.europa.eu/vocabulary/aq/pollutant/6001,hour,1.7575500000,µg/m3,2018-01-30 07:00:00 +01:00,2018-01-30 08:00:00 +01:00,1,1
AT,AT.0008.20.AQ,NET.09,STA.09.AKC,,SPO.09.AKC.5066.6001.1,SPP.09.AKC.5066.6001.1.11325,SAM.09.AKC.5066.6001.1,PM2.5,http://dd.eionet.europa.eu/vocabulary/aq/pollutant/6001,hour,1.8061499500,µg/m3,2018-01-30 08:00:00 +01:00,2018-01-30 09:00:00 +01:00,1,1
AT,AT.0008.20.AQ,NET.09,STA.09.AKC,,SPO.09.AKC.5066.6001.1,SPP.09.AKC.5066.6001.1.11325,SAM.09.AKC.5066.6001.1,PM2.5,http://dd.eionet.europa.eu/vocabulary/aq/pollutant/6001,hour,1.9516500200,µg/m3,2018-01-30 09:00:00 +01:00,2018-01-30 10:00:00 +01:00,1,1
AT,AT.0008.20.AQ,NET.09,STA.09.AKC,,SPO.09.AKC.5066.6001.1,SPP.09.AKC.5066.6001.1.11325,SAM.09.AKC.5066.6001.1,PM2.5,http://dd.eionet.europa.eu/vocabulary/aq/pollutant/6001,hour,2.0961499200,µg/m3,2018-01-30 10:00:00 +01:00,2018-01-30 11:00:00 +01:00,1,1
AT,AT.0008.20.AQ,NET.09,STA.09.AKC,,SPO.09.AKC.5066.6001.1,SPP.09.AKC.5066.6001.1.11325,SAM.09.AKC.5066.6001.1,PM2.5,http://dd.eionet.europa.eu/vocabulary/aq/pollutant/6001,hour,2.3324999800,µg/m3,2018-01-30 11:00:00 +01:00,2018-01-30 12:00:00 +01:00,1,1
AT,AT.0008.20.AQ,NET.09,STA.09.AKC,,SPO.09.AKC.5066.6001.1,SPP.09.AKC.5066.6001.1.11325,SAM.09.AKC.5066.6001.1,PM2.5,http://dd.eionet.europa.eu/vocabulary/aq/pollutant/6001,hour,2.6226501400,µg/m3,2018-01-30 12:00:00 +01:00,2018-01-30 13:00:00 +01:00,1,1
AT,AT.0008.20.AQ,NET.09,STA.09.AKC,,SPO.09.AKC.5066.6001.1,SPP.09.AKC.5066.6001.1.11325,SAM.09.AKC.5066.6001.1,PM2.5,http://dd.eionet.europa.eu/vocabulary/aq/pollutant/6001,hour,3.9319500900,µg/m3,2018-01-30 13:00:00 +01:00,2018-01-30 14:00:00 +01:00,1,1
AT,AT.0008.20.AQ,NET.09,STA.09.AKC,,SPO.09.AKC.5066.6001.1,SPP.09.AKC.5066.6001.1.11325,SAM.09.AKC.5066.6001.1,PM2.5,http://dd.eionet.europa.eu/vocabulary/aq/pollutant/6001,hour,4.1603498400,µg/m3,2018-01-30 15:00:00 +01:00,2018-01-30 16:00:00 +01:00,1,1
AT,AT.0008.20.AQ,NET.09,STA.09.AKC,,SPO.09.AKC.5066.6001.1,SPP.09.AKC.5066.6001.1.11325,SAM.09.AKC.5066.6001.1,PM2.5,http://dd.eionet.europa.eu/vocabulary/aq/pollutant/6001,hour,4.2376003200,µg/m3,2018-01-30 16:00:00 +01:00,2018-01-30 17:00:00 +01:00,1,1
AT,AT.0008.20.AQ,NET.09,STA.09.AKC,,SPO.09.AKC.5066.6001.1,SPP.09.AKC.5066.6001.1.11325,SAM.09.AKC.5066.6001.1,PM2.5,http://dd.eionet.europa.eu/vocabulary/aq/pollutant/6001,hour,5.6110000600,µg/m3,2018-01-30 18:00:00 +01:00,2018-01-30 19:00:00 +01:00,1,1
AT,AT.0008.20.AQ,NET.09,STA.09.AKC,,SPO.09.AKC.5066.6001.1,SPP.09.AKC.5066.6001.1.11325,SAM.09.AKC.5066.6001.1,PM2.5,http://dd.eionet.europa.eu/vocabulary/aq/pollutant/6001,hour,10.7994995100,µg/m3,2018-01-30 22:00:00 +01:00,2018-01-30 23:00:00 +01:00,1,1
AT,AT.0008.20.AQ,NET.09,STA.09.AKC,,SPO.09.AKC.5066.6001.1,SPP.09.AKC.5066.6001.1.11325,SAM.09.AKC.5066.6001.1,PM2.5,http://dd.eionet.europa.eu/vocabulary/aq/pollutant/6001,hour,12.2124996100,µg/m3,2018-01-30 23:00:00 +01:00,2018-01-31 00:00:00 +01:00,1,1
AT,AT.0008.20.AQ,NET.09,STA.09.AKC,,SPO.09.AKC.5066.6001.1,SPP.09.AKC.5066.6001.1.11325,SAM.09.AKC.5066.6001.1,PM2.5,http://dd.eionet.europa.eu/vocabulary/aq/pollutant/6001,hour,11.5089998200,µg/m3,2018-01-31 00:00:00 +01:00,2018-01-31 01:00:00 +01:00,1,1
AT,AT.0008.20.AQ,NET.09,STA.09.AKC,,SPO.09.AKC.5066.6001.1,SPP.09.AKC.5066.6001.1.11325,SAM.09.AKC.5066.6001.1,PM2.5,http://dd.eionet.europa.eu/vocabulary/aq/pollutant/6001,hour,12.1324996900,µg/m3,2018-01-31 01:00:00 +01:00,2018-01-31 02:00:00 +01:00,1,1
AT,AT.0008.20.AQ,NET.09,STA.09.AKC,,SPO.09.AKC.5066.6001.1,SPP.09.AKC.5066.6001.1.11325,SAM.09.AKC.5066.6001.1,PM2.5,http://dd.eionet.europa.eu/vocabulary/aq/pollutant/6001,hour,12.5184993700,µg/m3,2018-01-31 02:00:00 +01:00,2018-01-31 03:00:00 +01:00,1,1
AT,AT.0008.20.AQ,NET.09,STA.09.AKC,,SPO.09.AKC.5066.6001.1,SPP.09.AKC.5066.6001.1.11325,SAM.09.AKC.5066.6001.1,PM2.5,http://dd.eionet.europa.eu/vocabulary/aq/pollutant/6001,hour,11.4220008800,µg/m3,2018-01-31 03:00:00 +01:00,2018-01-31 04:00:00 +01:00,1,1
AT,AT.0008.20.AQ,NET.09,STA.09.AKC,,SPO.09.AKC.5066.6001.1,SPP.09.AKC.5066.6001.1.11325,SAM.09.AKC.5066.6001.1,PM2.5,http://dd.eionet.europa.eu/vocabulary/aq/pollutant/6001,hour,12.3724994600,µg/m3,2018-01-31 04:00:00 +01:00,2018-01-31 05:00:00 +01:00,1,1
AT,AT.0008.20.AQ,NET.09,STA.09.AKC,,SPO.09.AKC.5066.6001.1,SPP.09.AKC.5066.6001.1.11325,SAM.09.AKC.5066.6001.1,PM2.5,http://dd.eionet.europa.eu/vocabulary/aq/pollutant/6001,hour,13.4519996600,µg/m3,2018-01-31 05:00:00 +01:00,2018-01-31 06:00:00 +01:00,1,1
AT,AT.0008.20.AQ,NET.09,STA.09.AKC,,SPO.09.AKC.5066.6001.1,SPP.09.AKC.5066.6001.1.11325,SAM.09.AKC.5066.6001.1,PM2.5,http://dd.eionet.europa.eu/vocabulary/aq/pollutant/6001,hour,15.2185001300,µg/m3,2018-01-31 06:00:00 +01:00,2018-01-31 07:00:00 +01:00,1,1
AT,AT.0008.20.AQ,NET.09,STA.09.AKC,,SPO.09.AKC.5066.6001.1,SPP.09.AKC.5066.6001.1.11325,SAM.09.AKC.5066.6001.1,PM2.5,http://dd.eionet.europa.eu/vocabulary/aq/pollutant/6001,hour,17.3474998400,µg/m3,2018-01-31 07:00:00 +01:00,2018-01-31 08:00:00 +01:00,1,1
AT,AT.0008.20.AQ,NET.09,STA.09.AKC,,SPO.09.AKC.5066.6001.1,SPP.09.AKC.5066.6001.1.11325,SAM.09.AKC.5066.6001.1,PM2.5,http://dd.eionet.europa.eu/vocabulary/aq/pollutant/6001,hour,18.8209991400,µg/m3,2018-01-31 09:00:00 +01:00,2018-01-31 10:00:00 +01:00,1,1
AT,AT.0008.20.AQ,NET.09,STA.09.AKC,,SPO.09.AKC.5066.6001.1,SPP.09.AKC.5066.6001.1.11325,SAM.09.AKC.5066.6001.1,PM2.5,http://dd.eionet.europa.eu/vocabulary/aq/pollutant/6001,hour,14.2150001500,µg/m3,2018-01-31 10:00:00 +01:00,2018-01-31 11:00:00 +01:00,1,1
AT,AT.0008.20.AQ,NET.09,STA.09.AKC,,SPO.09.AKC.5066.6001.1,SPP.09.AKC.5066.6001.1.11325,SAM.09.AKC.5066.6001.1,PM2.5,http://dd.eionet.europa.eu/vocabulary/aq/pollutant/6001,hour,11.0774993800,µg/m3,2018-01-31 12:00:00 +01:00,2018-01-31 13:00:00 +01:00,1,1
AT,AT.0008.20.AQ,NET.09,STA.09.AKC,,SPO.09.AKC.5066.6001.1,SPP.09.AKC.5066.6001.1.11325,SAM.09.AKC.5066.6001.1,PM2.5,http://dd.eionet.europa.eu/vocabulary/aq/pollutant/6001,hour,11.9274997700,µg/m3,2018-01-31 13:00:00 +01:00,2018-01-31 14:00:00 +01:00,1,1
AT,AT.0008.20.AQ,NET.09,STA.09.AKC,,SPO.09.AKC.5066.6001.1,SPP.09.AKC.5066.6001.1.11325,SAM.09.AKC.5066.6001.1,PM2.5,http://dd.eionet.europa.eu/vocabulary/aq/pollutant/6001,hour,11.8225002200,µg/m3,2018-01-31 15:00:00 +01:00,2018-01-31 16:00:00 +01:00,1,1
AT,AT.0008.20.AQ,NET.09,STA.09.AKC,,SPO.09.AKC.5066.6001.1,SPP.09.AKC.5066.6001.1.11325,SAM.09.AKC.5066.6001.1,PM2.5,http://dd.eionet.europa.eu/vocabulary/aq/pollutant/6001,hour,12.5434999400,µg/m3,2018-01-31 16:00:00 +01:00,2018-01-31 17:00:00 +01:00,1,1
AT,AT.0008.20.AQ,NET.09,STA.09.AKC,,SPO.09.AKC.5066.6001.1,SPP.09.AKC.5066.6001.1.11325,SAM.09.AKC.5066.6001.1,PM2.5,http://dd.eionet.europa.eu/vocabulary/aq/pollutant/6001,hour,13.4489994000,µg/m3,2018-01-31 17:00:00 +01:00,2018-01-31 18:00:00 +01:00,1,1
AT,AT.0008.20.AQ,NET.09,STA.09.AKC,,SPO.09.AKC.5066.6001.1,SPP.09.AKC.5066.6001.1.11325,SAM.09.AKC.5066.6001.1,PM2.5,http://dd.eionet.europa.eu/vocabulary/aq/pollutant/6001,hour,14.6719999300,µg/m3,2018-01-31 18:00:00 +01:00,2018-01-31 19:00:00 +01:00,1,1
AT,AT.0008.20.AQ,NET.09,STA.09.AKC,,SPO.09.AKC.5066.6001.1,SPP.09.AKC.5066.6001.1.11325,SAM.09.AKC.5066.6001.1,PM2.5,http://dd.eionet.europa.eu/vocabulary/aq/pollutant/6001,hour,15.2465000100,µg/m3,2018-01-31 19:00:00 +01:00,2018-01-31 20:00:00 +01:00,1,1
AT,AT.0008.20.AQ,NET.09,STA.09.AKC,,SPO.09.AKC.5066.6001.1,SPP.09.AKC.5066.6001.1.11325,SAM.09.AKC.5066.6001.1,PM2.5,http://dd.eionet.europa.eu/vocabulary/aq/pollutant/6001,hour,18.8575000700,µg/m3,2018-01-31 21:00:00 +01:00,2018-01-31 22:00:00 +01:00,1,1
AT,AT.0008.20.AQ,NET.09,STA.09.AKC,,SPO.09.AKC.5066.6001.1,SPP.09.AKC.5066.6001.1.11325,SAM.09.AKC.5066.6001.1,PM2.5,http://dd.eionet.europa.eu/vocabulary/aq/pollutant/6001,hour,19.6464996300,µg/m3,2018-01-31 22:00:00 +01:00,2018-01-31 23:00:00 +01:00,1,1
AT,AT.0008.20.AQ,NET.09,STA.09.AKC,,SPO.09.AKC.5066.6001.1,SPP.09.AKC.5066.6001.1.11325,SAM.09.AKC.5066.6001.1,PM2.5,http://dd.eionet.europa.eu/vocabulary/aq/pollutant/6001,hour,22.4324989300,µg/m3,2018-01-31 23:00:00 +01:00,2018-02-01 00:00:00 +01:00,1,1
AT,AT.0008.20.AQ,NET.09,STA.09.AKC,,SPO.09.AKC.5066.6001.1,SPP.09.AKC.5066.6001.1.11325,SAM.09.AKC.5066.6001.1,PM2.5,http://dd.eionet.europa.eu/vocabulary/aq/pollutant/6001,hour,27.2224998400,µg/m3,2018-02-01 00:00:00 +01:00,2018-02-01 01:00:00 +01:00,1,1
AT,AT.0008.20.AQ,NET.09,STA.09.AKC,,SPO.09.AKC.5066.6001.1,SPP.09.AKC.5066.6001.1.11325,SAM.09.AKC.5066.6001.1,PM2.5,http://dd.eionet.europa.eu/vocabulary/aq/pollutant/6001,hour,31.4015007000,µg/m3,2018-02-01 01:00:00 +01:00,2018-02-01 02:00:00 +01:00,1,1
AT,AT.0008.20.AQ,NET.09,STA.09.AKC,,SPO.09.AKC.5066.6001.1,SPP.09.AKC.5066.6001.1.11325,SAM.09.AKC.5066.6001.1,PM2.5,http://dd.eionet.europa.eu/vocabulary/aq/pollutant/6001,hour,29.1365013100,µg/m3,2018-02-01 02:00:00 +01:00,2018-02-01 03:00:00 +01:00,1,1
AT,AT.0008.20.AQ,NET.09,STA.09.AKC,,SPO.09.AKC.5066.6001.1,SPP.09.AKC.5066.6001.1.11325,SAM.09.AKC.5066.6001.1,PM2.5,http://dd.eionet.europa.eu/vocabulary/aq/pollutant/6001,hour,31.1469993500,µg/m3,2018-02-01 04:00:00 +01:00,2018-02-01 05:00:00 +01:00,1,1
AT,AT.0008.20.AQ,NET.09,STA.09.AKC,,SPO.09.AKC.5066.6001.1,SPP.09.AKC.5066.6001.1.11325,SAM.09.AKC.5066.6001.1,PM2.5,http://dd.eionet.europa.eu/vocabulary/aq/pollutant/6001,hour,30.3675003000,µg/m3,2018-02-01 06:00:00 +01:00,2018-02-01 07:00:00 +01:00,1,1
AT,AT.0008.20.AQ,NET.09,STA.09.AKC,,SPO.09.AKC.5066.6001.1,SPP.09.AKC.5066.6001.1.11325,SAM.09.AKC.5066.6001.1,PM2.5,http://dd.eionet.europa.eu/vocabulary/aq/pollutant/6001,hour,28.9075012200,µg/m3,2018-02-01 07:00:00 +01:00,2018-02-01 08:00:00 +01:00,1,1
AT,AT.0008.20.AQ,NET.09,STA.09.AKC,,SPO.09.AKC.5066.6001.1,SPP.09.AKC.5066.6001.1.11325,SAM.09.AKC.5066.6001.1,PM2.5,http://dd.eionet.europa.eu/vocabulary/aq/pollutant/6001,hour,30.6310005100,µg/m3,2018-02-01 08:00:00 +01:00,2018-02-01 09:00:00 +01:00,1,1
AT,AT.0008.20.AQ,NET.09,STA.09.AKC,,SPO.09.AKC.5066.6001.1,SPP.09.AKC.5066.6001.1.11325,SAM.09.AKC.5066.6001.1,PM2.5,http://dd.eionet.europa.eu/vocabulary/aq/pollutant/6001,hour,29.2924995400,µg/m3,2018-02-01 09:00:00 +01:00,2018-02-01 10:00:00 +01:00,1,1
AT,AT.0008.20.AQ,NET.09,STA.09.AKC,,SPO.09.AKC.5066.6001.1,SPP.09.AKC.5066.6001.1.11325,SAM.09.AKC.5066.6001.1,PM2.5,http://dd.eionet.europa.eu/vocabulary/aq/pollutant/6001,hour,32.9080009400,µg/m3,2018-02-01 10:00:00 +01:00,2018-02-01 11:00:00 +01:00,1,1
AT,AT.0008.20.AQ,NET.09,STA.09.AKC,,SPO.09.AKC.5066.6001.1,SPP.09.AKC.5066.6001.1.11325,SAM.09.AKC.5066.6001.1,PM2.5,http://dd.eionet.europa.eu/vocabulary/aq/pollutant/6001,hour,32.4059982300,µg/m3,2018-02-01 11:00:00 +01:00,2018-02-01 12:00:00 +01:00,1,1
AT,AT.0008.20.AQ,NET.09,STA.09.AKC,,SPO.09.AKC.5066.6001.1,SPP.09.AKC.5066.6001.1.11325,SAM.09.AKC.5066.6001.1,PM2.5,http://dd.eionet.europa.eu/vocabulary/aq/pollutant/6001,hour,32.5565032900,µg/m3,2018-02-01 12:00:00 +01:00,2018-02-01 13:00:00 +01:00,1,1
AT,AT.0008.20.AQ,NET.09,STA.09.AKC,,SPO.09.AKC.5066.6001.1,SPP.09.AKC.5066.6001.1.11325,SAM.09.AKC.5066.6001.1,PM2.5,http://dd.eionet.europa.eu/vocabulary/aq/pollutant/6001,hour,32.5514984100,µg/m3,2018-02-01 14:00:00 +01:00,2018-02-01 15:00:00 +01:00,1,1
AT,AT.0008.20.AQ,NET.09,STA.09.AKC,,SPO.09.AKC.5066.6001.1,SPP.09.AKC.5066.6001.1.11325,SAM.09.AKC.5066.6001.1,PM2.5,http://dd.eionet.europa.eu/vocabulary/aq/pollutant/6001,hour,26.9425010600,µg/m3,2018-02-01 15:00:00 +01:00,2018-02-01 16:00:00 +01:00,1,1
AT,AT.0008.20.AQ,NET.09,STA.09.AKC,,SPO.09.AKC.5066.6001.1,SPP.09.AKC.5066.6001.1.11325,SAM.09.AKC.5066.6001.1,PM2.5,http://dd.eionet.europa.eu/vocabulary/aq/pollutant/6001,hour,27.0875015200,µg/m3,2018-02-01 16:00:00 +01:00,2018-02-01 17:00:00 +01:00,1,1
AT,AT.0008.20.AQ,NET.09,STA.09.AKC,,SPO.09.AKC.5066.6001.1,SPP.09.AKC.5066.6001.1.11325,SAM.09.AKC.5066.6001.1,PM2.5,http://dd.eionet.europa.eu/vocabulary/aq/pollutant/6001,hour,4.4808998100,µg/m3,2018-02-01 18:00:00 +01:00,2018-02-01 19:00:00 +01:00,1,1
AT,AT.0008.20.AQ,NET.09,STA.09.AKC,,SPO.09.AKC.5066.6001.1,SPP.09.AKC.5066.6001.1.11325,SAM.09.AKC.5066.6001.1,PM2.5,http://dd.eionet.europa.eu/vocabulary/aq/pollutant/6001,hour,2.5543498900,µg/m3,2018-02-02 01:00:00 +01:00,2018-02-02 02:00:00 +01:00,1,1
AT,AT.0008.20.AQ,NET.09,STA.09.AKC,,SPO.09.AKC.5066.6001.1,SPP.09.AKC.5066.6001.1.11325,SAM.09.AKC.5066.6001.1,PM2.5,http://dd.eionet.europa.eu/vocabulary/aq/pollutant/6001,hour,2.8938000200,µg/m3,2018-02-02 02:00:00 +01:00,2018-02-02 03:00:00 +01:00,1,1
AT,AT.0008.20.AQ,NET.09,STA.09.AKC,,SPO.09.AKC.5066.6001.1,SPP.09.AKC.5066.6001.1.11325,SAM.09.AKC.5066.6001.1,PM2.5,http://dd.eionet.europa.eu/vocabulary/aq/pollutant/6001,hour,3.2837500500,µg/m3,2018-02-02 04:00:00 +01:00,2018-02-02 05:00:00 +01:00,1,1
AT,AT.0008.20.AQ,NET.09,STA.09.AKC,,SPO.09.AKC.5066.6001.1,SPP.09.AKC.5066.6001.1.11325,SAM.09.AKC.5066.6001.1,PM2.5,http://dd.eionet.europa.eu/vocabulary/aq/pollutant/6001,hour,3.1848499700,µg/m3,2018-02-02 05:00:00 +01:00,2018-02-02 06:00:00 +01:00,1,1
AT,AT.0008.20.AQ,NET.09,STA.09.AKC,,SPO.09.AKC.5066.6001.1,SPP.09.AKC.5066.6001.1.11325,SAM.09.AKC.5066.6001.1,PM2.5,http://dd.eionet.europa.eu/vocabulary/aq/pollutant/6001,hour,4.4210996600,µg/m3,2018-02-02 06:00:00 +01:00,2018-02-02 07:00:00 +01:00,1,1
AT,AT.0008.20.AQ,NET.09,STA.09.AKC,,SPO.09.AKC.5066.6001.1,SPP.09.AKC.5066.6001.1.11325,SAM.09.AKC.5066.6001.1,PM2.5,http://dd.eionet.europa.eu/vocabulary/aq/pollutant/6001,hour,4.7150497400,µg/m3,2018-02-02 09:00:00 +01:00,2018-02-02 10:00:00 +01:00,1,1
AT,AT.0008.20.AQ,NET.09,STA.09.AKC,,SPO.09.AKC.5066.6001.1,SPP.09.AKC.5066.6001.1.11325,SAM.09.AKC.5066.6001.1,PM2.5,http://dd.eionet.europa.eu/vocabulary/aq/pollutant/6001,hour,3.6964499900,µg/m3,2018-02-02 11:00:00 +01:00,2018-02-02 12:00:00 +01:00,1,1
AT,AT.0008.20.AQ,NET.09,STA.09.AKC,,SPO.09.AKC.5066.6001.1,SPP.09.AKC.5066.6001.1.11325,SAM.09.AKC.5066.6001.1,PM2.5,http://dd.eionet.europa.eu/vocabulary/aq/pollutant/6001,hour,3.7911498500,µg/m3,2018-02-02 12:00:00 +01:00,2018-02-02 13:00:00 +01:00,1,1
AT,AT.0008.20.AQ,NET.09,STA.09.AKC,,SPO.09.AKC.5066.6001.1,SPP.09.AKC.5066.6001.1.11325,SAM.09.AKC.5066.6001.1,PM2.5,http://dd.eionet.europa.eu/vocabulary/aq/pollutant/6001,hour,4.6272001200,µg/m3,2018-02-02 13:00:00 +01:00,2018-02-02 14:00:00 +01:00,1,1
AT,AT.0008.20.AQ,NET.09,STA.09.AKC,,SPO.09.AKC.5066.6001.1,SPP.09.AKC.5066.6001.1.11325,SAM.09.AKC.5066.6001.1,PM2.5,http://dd.eionet.europa.eu/vocabulary/aq/pollutant/6001,hour,6.0904998700,µg/m3,2018-02-02 16:00:00 +01:00,2018-02-02 17:00:00 +01:00,1,1
AT,AT.0008.20.AQ,NET.09,STA.09.AKC,,SPO.09.AKC.5066.6001.1,SPP.09.AKC.5066.6001.1.11325,SAM.09.AKC.5066.6001.1,PM2.5,http://dd.eionet.europa.eu/vocabulary/aq/pollutant/6001,hour,7.2947502100,µg/m3,2018-02-02 17:00:00 +01:00,2018-02-02 18:00:00 +01:00,1,1
AT,AT.0008.20.AQ,NET.09,STA.09.AKC,,SPO.09.AKC.5066.6001.1,SPP.09.AKC.5066.6001.1.11325,SAM.09.AKC.5066.6001.1,PM2.5,http://dd.eionet.europa.eu/vocabulary/aq/pollutant/6001,hour,8.7441501600,µg/m3,2018-02-02 23:00:00 +01:00,2018-02-03 00:00:00 +01:00,1,1
AT,AT.0008.20.AQ,NET.09,STA.09.AKC,,SPO.09.AKC.5066.6001.1,SPP.09.AKC.5066.6001.1.11325,SAM.09.AKC.5066.6001.1,PM2.5,http://dd.eionet.europa.eu/vocabulary/aq/pollutant/6001,hour,5.3728499400,µg/m3,2018-02-03 01:00:00 +01:00,2018-02-03 02:00:00 +01:00,1,1
AT,AT.0008.20.AQ,NET.09,STA.09.AKC,,SPO.09.AKC.5066.6001.1,SPP.09.AKC.5066.6001.1.11325,SAM.09.AKC.5066.6001.1,PM2.5,http://dd.eionet.europa.eu/vocabulary/aq/pollutant/6001,hour,4.8725500100,µg/m3,2018-02-03 03:00:00 +01:00,2018-02-03 04:00:00 +01:00,1,1
AT,AT.0008.20.AQ,NET.09,STA.09.AKC,,SPO.09.AKC.5066.6001.1,SPP.09.AKC.5066.6001.1.11325,SAM.09.AKC.5066.6001.1,PM2.5,http://dd.eionet.europa.eu/vocabulary/aq/pollutant/6001,hour,4.7690496400,µg/m3,2018-02-03 04:00:00 +01:00,2018-02-03 05:00:00 +01:00,1,1
AT,AT.0008.20.AQ,NET.09,STA.09.AKC,,SPO.09.AKC.5066.6001.1,SPP.09.AKC.5066.6001.1.11325,SAM.09.AKC.5066.6001.1,PM2.5,http://dd.eionet.europa.eu/vocabulary/aq/pollutant/6001,hour,4.8278999300,µg/m3,2018-02-03 05:00:00 +01:00,2018-02-03 06:00:00 +01:00,1,1
AT,AT.0008.20.AQ,NET.09,STA.09.AKC,,SPO.09.AKC.5066.6001.1,SPP.09.AKC.5066.6001.1.11325,SAM.09.AKC.5066.6001.1,PM2.5,http://dd.eionet.europa.eu/vocabulary/aq/pollutant/6001,hour,5.9453501700,µg/m3,2018-02-03 06:00:00 +01:00,2018-02-03 07:00:00 +01:00,1,1
AT,AT.0008.20.AQ,NET.09,STA.09.AKC,,SPO.09.AKC.5066.6001.1,SPP.09.AKC.5066.6001.1.11325,SAM.09.AKC.5066.6001.1,PM2.5,http://dd.eionet.europa.eu/vocabulary/aq/pollutant/6001,hour,8.3486995600,µg/m3,2018-02-03 07:00:00 +01:00,2018-02-03 08:00:00 +01:00,1,1
AT,AT.0008.20.AQ,NET.09,STA.09.AKC,,SPO.09.AKC.5066.6001.1,SPP.09.AKC.5066.6001.1.11325,SAM.09.AKC.5066.6001.1,PM2.5,http://dd.eionet.europa.eu/vocabulary/aq/pollutant/6001,hour,9.9801006300,µg/m3,2018-02-03 08:00:00 +01:00,2018-02-03 09:00:00 +01:00,1,1
AT,AT.0008.20.AQ,NET.09,STA.09.AKC,,SPO.09.AKC.5066.6001.1,SPP.09.AKC.5066.6001.1.11325,SAM.09.AKC.5066.6001.1,PM2.5,http://dd.eionet.europa.eu/vocabulary/aq/pollutant/6001,hour,11.0380001000,µg/m3,2018-02-03 10:00:00 +01:00,2018-02-03 11:00:00 +01:00,1,1
AT,AT.0008.20.AQ,NET.09,STA.09.AKC,,SPO.09.AKC.5066.6001.1,SPP.09.AKC.5066.6001.1.11325,SAM.09.AKC.5066.6001.1,PM2.5,http://dd.eionet.europa.eu/vocabulary/aq/pollutant/6001,hour,11.4400005300,µg/m3,2018-02-03 11:00:00 +01:00,2018-02-03 12:00:00 +01:00,1,1
AT,AT.0008.20.AQ,NET.09,STA.09.AKC,,SPO.09.AKC.5066.6001.1,SPP.09.AKC.5066.6001.1.11325,SAM.09.AKC.5066.6001.1,PM2.5,http://dd.eionet.europa.eu/vocabulary/aq/pollutant/6001,hour,13.0459995200,µg/m3,2018-02-03 12:00:00 +01:00,2018-02-03 13:00:00 +01:00,1,1
AT,AT.0008.20.AQ,NET.09,STA.09.AKC,,SPO.09.AKC.5066.6001.1,SPP.09.AKC.5066.6001.1.11325,SAM.09.AKC.5066.6001.1,PM2.5,http://dd.eionet.europa.eu/vocabulary/aq/pollutant/6001,hour,14.8894996600,µg/m3,2018-02-03 15:00:00 +01:00,2018-02-03 16:00:00 +01:00,1,1
AT,AT.0008.20.AQ,NET.09,STA.09.AKC,,SPO.09.AKC.5066.6001.1,SPP.09.AKC.5066.6001.1.11325,SAM.09.AKC.5066.6001.1,PM2.5,http://dd.eionet.europa.eu/vocabulary/aq/pollutant/6001,hour,20.4300003000,µg/m3,2018-02-03 18:00:00 +01:00,2018-02-03 19:00:00 +01:00,1,1
AT,AT.0008.20.AQ,NET.09,STA.09.AKC,,SPO.09.AKC.5066.6001.1,SPP.09.AKC.5066.6001.1.11325,SAM.09.AKC.5066.6001.1,PM2.5,http://dd.eionet.europa.eu/vocabulary/aq/pollutant/6001,hour,21.7595005000,µg/m3,2018-02-03 19:00:00 +01:00,2018-02-03 20:00:00 +01:00,1,1
AT,AT.0008.20.AQ,NET.09,STA.09.AKC,,SPO.09.AKC.5066.6001.1,SPP.09.AKC.5066.6001.1.11325,SAM.09.AKC.5066.6001.1,PM2.5,http://dd.eionet.europa.eu/vocabulary/aq/pollutant/6001,hour,18.2430000300,µg/m3,2018-02-03 21:00:00 +01:00,2018-02-03 22:00:00 +01:00,1,1
AT,AT.0008.20.AQ,NET.09,STA.09.AKC,,SPO.09.AKC.5066.6001.1,SPP.09.AKC.5066.6001.1.11325,SAM.09.AKC.5066.6001.1,PM2.5,http://dd.eionet.europa.eu/vocabulary/aq/pollutant/6001,hour,16.6650009100,µg/m3,2018-02-03 22:00:00 +01:00,2018-02-03 23:00:00 +01:00,1,1
AT,AT.0008.20.AQ,NET.09,STA.09.AKC,,SPO.09.AKC.5066.6001.1,SPP.09.AKC.5066.6001.1.11325,SAM.09.AKC.5066.6001.1,PM2.5,http://dd.eionet.europa.eu/vocabulary/aq/pollutant/6001,hour,17.4490013100,µg/m3,2018-02-04 02:00:00 +01:00,2018-02-04 03:00:00 +01:00,1,1
AT,AT.0008.20.AQ,NET.09,STA.09.AKC,,SPO.09.AKC.5066.6001.1,SPP.09.AKC.5066.6001.1.11325,SAM.09.AKC.5066.6001.1,PM2.5,http://dd.eionet.europa.eu/vocabulary/aq/pollutant/6001,hour,18.1295013400,µg/m3,2018-02-04 04:00:00 +01:00,2018-02-04 05:00:00 +01:00,1,1
AT,AT.0008.20.AQ,NET.09,STA.09.AKC,,SPO.09.AKC.5066.6001.1,SPP.09.AKC.5066.6001.1.11325,SAM.09.AKC.5066.6001.1,PM2.5,http://dd.eionet.europa.eu/vocabulary/aq/pollutant/6001,hour,16.8390007000,µg/m3,2018-02-04 07:00:00 +01:00,2018-02-04 08:00:00 +01:00,1,1
AT,AT.0008.20.AQ,NET.09,STA.09.AKC,,SPO.09.AKC.5066.6001.1,SPP.09.AKC.5066.6001.1.11325,SAM.09.AKC.5066.6001.1,PM2.5,http://dd.eionet.europa.eu/vocabulary/aq/pollutant/6001,hour,13.2135000200,µg/m3,2018-02-04 09:00:00 +01:00,2018-02-04 10:00:00 +01:00,1,1
AT,AT.0008.20.AQ,NET.09,STA.09.AKC,,SPO.09.AKC.5066.6001.1,SPP.09.AKC.5066.6001.1.11325,SAM.09.AKC.5066.6001.1,PM2.5,http://dd.eionet.europa.eu/vocabulary/aq/pollutant/6001,hour,10.9549999200,µg/m3,2018-02-04 11:00:00 +01:00,2018-02-04 12:00:00 +01:00,1,1
AT,AT.0008.20.AQ,NET.09,STA.09.AKC,,SPO.09.AKC.5066.6001.1,SPP.09.AKC.5066.6001.1.11325,SAM.09.AKC.5066.6001.1,PM2.5,http://dd.eionet.europa.eu/vocabulary/aq/pollutant/6001,hour,9.8135499900,µg/m3,2018-02-04 12:00:00 +01:00,2018-02-04 13:00:00 +01:00,1,1
AT,AT.0008.20.AQ,NET.09,STA.09.AKC,,SPO.09.AKC.5066.6001.1,SPP.09.AKC.5066.6001.1.11325,SAM.09.AKC.5066.6001.1,PM2.5,http://dd.eionet.europa.eu/vocabulary/aq/pollutant/6001,hour,9.4519004800,µg/m3,2018-02-04 13:00:00 +01:00,2018-02-04 14:00:00 +01:00,1,1
AT,AT.0008.20.AQ,NET.09,STA.09.AKC,,SPO.09.AKC.5066.6001.1,SPP.09.AKC.5066.6001.1.11325,SAM.09.AKC.5066.6001.1,PM2.5,http://dd.eionet.europa.eu/vocabulary/aq/pollutant/6001,hour,13.1790008500,µg/m3,2018-02-04 17:00:00 +01:00,2018-02-04 18:00:00 +01:00,1,1
AT,AT.0008.20.AQ,NET.09,STA.09.AKC,,SPO.09.AKC.5066.6001.1,SPP.09.AKC.5066.6001.1.11325,SAM.09.AKC.5066.6001.1,PM2.5,http://dd.eionet.europa.eu/vocabulary/aq/pollutant/6001,hour,15.5424995400,µg/m3,2018-02-04 18:00:00 +01:00,2018-02-04 19:00:00 +01:00,1,1
AT,AT.0008.20.AQ,NET.09,STA.09.AKC,,SPO.09.AKC.5066.6001.1,SPP.09.AKC.5066.6001.1.11325,SAM.09.AKC.5066.6001.1,PM2.5,http://dd.eionet.europa.eu/vocabulary/aq/pollutant/6001,hour,18.5170001900,µg/m3,2018-02-04 19:00:00 +01:00,2018-02-04 20:00:00 +01:00,1,1
AT,AT.0008.20.AQ,NET.09,STA.09.AKC,,SPO.09.AKC.5066.6001.1,SPP.09.AKC.5066.6001.1.11325,SAM.09.AKC.5066.6001.1,PM2.5,http://dd.eionet.europa.eu/vocabulary/aq/pollutant/6001,hour,18.5284996000,µg/m3,2018-02-04 20:00:00 +01:00,2018-02-04 21:00:00 +01:00,1,1
AT,AT.0008.20.AQ,NET.09,STA.09.AKC,,SPO.09.AKC.5066.6001.1,SPP.09.AKC.5066.6001.1.11325,SAM.09.AKC.5066.6001.1,PM2.5,http://dd.eionet.europa.eu/vocabulary/aq/pollutant/6001,hour,17.7714996300,µg/m3,2018-02-04 21:00:00 +01:00,2018-02-04 22:00:00 +01:00,1,1
AT,AT.0008.20.AQ,NET.09,STA.09.AKC,,SPO.09.AKC.5066.6001.1,SPP.09.AKC.5066.6001.1.11325,SAM.09.AKC.5066.6001.1,PM2.5,http://dd.eionet.europa.eu/vocabulary/aq/pollutant/6001,hour,17.0970001200,µg/m3,2018-02-04 22:00:00 +01:00,2018-02-04 23:00:00 +01:00,1,1
AT,AT.0008.20.AQ,NET.09,STA.09.AKC,,SPO.09.AKC.5066.6001.1,SPP.09.AKC.5066.6001.1.11325,SAM.09.AKC.5066.6001.1,PM2.5,http://dd.eionet.europa.eu/vocabulary/aq/pollutant/6001,hour,16.5034999800,µg/m3,2018-02-04 23:00:00 +01:00,2018-02-05 00:00:00 +01:00,1,1
AT,AT.0008.20.AQ,NET.09,STA.09.AKC,,SPO.09.AKC.5066.6001.1,SPP.09.AKC.5066.6001.1.11325,SAM.09.AKC.5066.6001.1,PM2.5,http://dd.eionet.europa.eu/vocabulary/aq/pollutant/6001,hour,17.4689998600,µg/m3,2018-02-05 03:00:00 +01:00,2018-02-05 04:00:00 +01:00,1,1
AT,AT.0008.20.AQ,NET.09,STA.09.AKC,,SPO.09.AKC.5066.6001.1,SPP.09.AKC.5066.6001.1.11325,SAM.09.AKC.5066.6001.1,PM2.5,http://dd.eionet.europa.eu/vocabulary/aq/pollutant/6001,hour,16.9739990200,µg/m3,2018-02-05 04:00:00 +01:00,2018-02-05 05:00:00 +01:00,1,1
AT,AT.0008.20.AQ,NET.09,STA.09.AKC,,SPO.09.AKC.5066.6001.1,SPP.09.AKC.5066.6001.1.11325,SAM.09.AKC.5066.6001.1,PM2.5,http://dd.eionet.europa.eu/vocabulary/aq/pollutant/6001,hour,18.2314987100,µg/m3,2018-02-05 05:00:00 +01:00,2018-02-05 06:00:00 +01:00,1,1
AT,AT.0008.20.AQ,NET.09,STA.09.AKC,,SPO.09.AKC.5066.6001.1,SPP.09.AKC.5066.6001.1.11325,SAM.09.AKC.5066.6001.1,PM2.5,http://dd.eionet.europa.eu/vocabulary/aq/pollutant/6001,hour,20.0859985300,µg/m3,2018-02-05 07:00:00 +01:00,2018-02-05 08:00:00 +01:00,1,1
AT,AT.0008.20.AQ,NET.09,STA.09.AKC,,SPO.09.AKC.5066.6001.1,SPP.09.AKC.5066.6001.1.11325,SAM.09.AKC.5066.6001.1,PM2.5,http://dd.eionet.europa.eu/vocabulary/aq/pollutant/6001,hour,19.0419998100,µg/m3,2018-02-05 09:00:00 +01:00,2018-02-05 10:00:00 +01:00,1,1
AT,AT.0008.20.AQ,NET.09,STA.09.AKC,,SPO.09.AKC.5066.6001.1,SPP.09.AKC.5066.6001.1.11325,SAM.09.AKC.5066.6001.1,PM2.5,http://dd.eionet.europa.eu/vocabulary/aq/pollutant/6001,hour,19.0784988400,µg/m3,2018-02-05 13:00:00 +01:00,2018-02-05 14:00:00 +01:00,1,1
AT,AT.0008.20.AQ,NET.09,STA.09.AKC,,SPO.09.AKC.5066.6001.1,SPP.09.AKC.5066.6001.1.11325,SAM.09.AKC.5066.6001.1,PM2.5,http://dd.eionet.europa.eu/vocabulary/aq/pollutant/6001,hour,18.1219997400,µg/m3,2018-02-05 14:00:00 +01:00,2018-02-05 15:00:00 +01:00,1,1
AT,AT.0008.20.AQ,NET.09,STA.09.AKC,,SPO.09.AKC.5066.6001.1,SPP.09.AKC.5066.6001.1.11325,SAM.09.AKC.5066.6001.1,PM2.5,http://dd.eionet.europa.eu/vocabulary/aq/pollutant/6001,hour,17.7314987100,µg/m3,2018-02-05 15:00:00 +01:00,2018-02-05 16:00:00 +01:00,1,1
AT,AT.0008.20.AQ,NET.09,STA.09.AKC,,SPO.09.AKC.5066.6001.1,SPP.09.AKC.5066.6001.1.11325,SAM.09.AKC.5066.6001.1,PM2.5,http://dd.eionet.europa.eu/vocabulary/aq/pollutant/6001,hour,16.6520004200,µg/m3,2018-02-05 16:00:00 +01:00,2018-02-05 17:00:00 +01:00,1,1
AT,AT.0008.20.AQ,NET.09,STA.09.AKC,,SPO.09.AKC.5066.6001.1,SPP.09.AKC.5066.6001.1.11325,SAM.09.AKC.5066.6001.1,PM2.5,http://dd.eionet.europa.eu/vocabulary/aq/pollutant/6001,hour,18.2404994900,µg/m3,2018-02-05 18:00:00 +01:00,2018-02-05 19:00:00 +01:00,1,1
AT,AT.0008.20.AQ,NET.09,STA.09.AKC,,SPO.09.AKC.5066.6001.1,SPP.09.AKC.5066.6001.1.11325,SAM.09.AKC.5066.6001.1,PM2.5,http://dd.eionet.europa.eu/vocabulary/aq/pollutant/6001,hour,16.9664993200,µg/m3,2018-02-05 20:00:00 +01:00,2018-02-05 21:00:00 +01:00,1,1
AT,AT.0008.20.AQ,NET.09,STA.09.AKC,,SPO.09.AKC.5066.6001.1,SPP.09.AKC.5066.6001.1.11325,SAM.09.AKC.5066.6001.1,PM2.5,http://dd.eionet.europa.eu/vocabulary/aq/pollutant/6001,hour,15.2625007600,µg/m3,2018-02-05 21:00:00 +01:00,2018-02-05 22:00:00 +01:00,1,1
AT,AT.0008.20.AQ,NET.09,STA.09.AKC,,SPO.09.AKC.5066.6001.1,SPP.09.AKC.5066.6001.1.11325,SAM.09.AKC.5066.6001.1,PM2.5,http://dd.eionet.europa.eu/vocabulary/aq/pollutant/6001,hour,13.2220001200,µg/m3,2018-02-05 22:00:00 +01:00,2018-02-05 23:00:00 +01:00,1,1
AT,AT.0008.20.AQ,NET.09,STA.09.AKC,,SPO.09.AKC.5066.6001.1,SPP.09.AKC.5066.6001.1.11325,SAM.09.AKC.5066.6001.1,PM2.5,http://dd.eionet.europa.eu/vocabulary/aq/pollutant/6001,hour,13.9829998000,µg/m3,2018-02-05 23:00:00 +01:00,2018-02-06 00:00:00 +01:00,1,1
AT,AT.0008.20.AQ,NET.09,STA.09.AKC,,SPO.09.AKC.5066.6001.1,SPP.09.AKC.5066.6001.1.11325,SAM.09.AKC.5066.6001.1,PM2.5,http://dd.eionet.europa.eu/vocabulary/aq/pollutant/6001,hour,15.1164999000,µg/m3,2018-02-06 00:00:00 +01:00,2018-02-06 01:00:00 +01:00,1,1
AT,AT.0008.20.AQ,NET.09,STA.09.AKC,,SPO.09.AKC.5066.6001.1,SPP.09.AKC.5066.6001.1.11325,SAM.09.AKC.5066.6001.1,PM2.5,http://dd.eionet.europa.eu/vocabulary/aq/pollutant/6001,hour,17.5415000900,µg/m3,2018-02-06 02:00:00 +01:00,2018-02-06 03:00:00 +01:00,1,1
AT,AT.0008.20.AQ,NET.09,STA.09.AKC,,SPO.09.AKC.5066.6001.1,SPP.09.AKC.5066.6001.1.11325,SAM.09.AKC.5066.6001.1,PM2.5,http://dd.eionet.europa.eu/vocabulary/aq/pollutant/6001,hour,17.8455009400,µg/m3,2018-02-06 03:00:00 +01:00,2018-02-06 04:00:00 +01:00,1,1
AT,AT.0008.20.AQ,NET.09,STA.09.AKC,,SPO.09.AKC.5066.6001.1,SPP.09.AKC.5066.6001.1.11325,SAM.09.AKC.5066.6001.1,PM2.5,http://dd.eionet.europa.eu/vocabulary/aq/pollutant/6001,hour,19.3204994200,µg/m3,2018-02-06 05:00:00 +01:00,2018-02-06 06:00:00 +01:00,1,1
AT,AT.0008.20.AQ,NET.09,STA.09.AKC,,SPO.09.AKC.5066.6001.1,SPP.09.AKC.5066.6001.1.11325,SAM.09.AKC.5066.6001.1,PM2.5,http://dd.eionet.europa.eu/vocabulary/aq/pollutant/6001,hour,21.8984985300,µg/m3,2018-02-06 07:00:00 +01:00,2018-02-06 08:00:00 +01:00,1,1
AT,AT.0008.20.AQ,NET.09,STA.09.AKC,,SPO.09.AKC.5066.6001.1,SPP.09.AKC.5066.6001.1.11325,SAM.09.AKC.5066.6001.1,PM2.5,http://dd.eionet.europa.eu/vocabulary/aq/pollutant/6001,hour,21.9424991600,µg/m3,2018-02-06 08:00:00 +01:00,2018-02-06 09:00:00 +01:00,1,1
AT,AT.0008.20.AQ,NET.09,STA.09.AKC,,SPO.09.AKC.5066.6001.1,SPP.09.AKC.5066.6001.1.11325,SAM.09.AKC.5066.6001.1,PM2.5,http://dd.eionet.europa.eu/vocabulary/aq/pollutant/6001,hour,21.3129997200,µg/m3,2018-02-06 09:00:00 +01:00,2018-02-06 10:00:00 +01:00,1,1
AT,AT.0008.20.AQ,NET.09,STA.09.AKC,,SPO.09.AKC.5066.6001.1,SPP.09.AKC.5066.6001.1.11325,SAM.09.AKC.5066.6001.1,PM2.5,http://dd.eionet.europa.eu/vocabulary/aq/pollutant/6001,hour,19.9904994900,µg/m3,2018-02-06 11:00:00 +01:00,2018-02-06 12:00:00 +01:00,1,1
AT,AT.0008.20.AQ,NET.09,STA.09.AKC,,SPO.09.AKC.5066.6001.1,SPP.09.AKC.5066.6001.1.11325,SAM.09.AKC.5066.6001.1,PM2.5,http://dd.eionet.europa.eu/vocabulary/aq/pollutant/6001,hour,24.0265007000,µg/m3,2018-02-06 13:00:00 +01:00,2018-02-06 14:00:00 +01:00,1,1
AT,AT.0008.20.AQ,NET.09,STA.09.AKC,,SPO.09.AKC.5066.6001.1,SPP.09.AKC.5066.6001.1.11325,SAM.09.AKC.5066.6001.1,PM2.5,http://dd.eionet.europa.eu/vocabulary/aq/pollutant/6001,hour,24.8849983200,µg/m3,2018-02-06 15:00:00 +01:00,2018-02-06 16:00:00 +01:00,1,1
AT,AT.0008.20.AQ,NET.09,STA.09.AKC,,SPO.09.AKC.5066.6001.1,SPP.09.AKC.5066.6001.1.11325,SAM.09.AKC.5066.6001.1,PM2.5,http://dd.eionet.europa.eu/vocabulary/aq/pollutant/6001,hour,28.9200000700,µg/m3,2018-02-06 17:00:00 +01:00,2018-02-06 18:00:00 +01:00,1,1
AT,AT.0008.20.AQ,NET.09,STA.09.AKC,,SPO.09.AKC.5066.6001.1,SPP.09.AKC.5066.6001.1.11325,SAM.09.AKC.5066.6001.1,PM2.5,http://dd.eionet.europa.eu/vocabulary/aq/pollutant/6001,hour,24.5284996000,µg/m3,2018-02-06 19:00:00 +01:00,2018-02-06 20:00:00 +01:00,1,1
AT,AT.0008.20.AQ,NET.09,STA.09.AKC,,SPO.09.AKC.5066.6001.1,SPP.09.AKC.5066.6001.1.11325,SAM.09.AKC.5066.6001.1,PM2.5,http://dd.eionet.europa.eu/vocabulary/aq/pollutant/6001,hour,25.7965011500,µg/m3,2018-02-06 20:00:00 +01:00,2018-02-06 21:00:00 +01:00,1,1
AT,AT.0008.20.AQ,NET.09,STA.09.AKC,,SPO.09.AKC.5066.6001.1,SPP.09.AKC.5066.6001.1.11325,SAM.09.AKC.5066.6001.1,PM2.5,http://dd.eionet.europa.eu/vocabulary/aq/pollutant/6001,hour,25.2545013400,µg/m3,2018-02-06 21:00:00 +01:00,2018-02-06 22:00:00 +01:00,1,1
AT,AT.0008.20.AQ,NET.09,STA.09.AKC,,SPO.09.AKC.5066.6001.1,SPP.09.AKC.5066.6001.1.11325,SAM.09.AKC.5066.6001.1,PM2.5,http://dd.eionet.europa.eu/vocabulary/aq/pollutant/6001,hour,23.6730003300,µg/m3,2018-02-06 22:00:00 +01:00,2018-02-06 23:00:00 +01:00,1,1
AT,AT.0008.20.AQ,NET.09,STA.09.AKC,,SPO.09.AKC.5066.6001.1,SPP.09.AKC.5066.6001.1.11325,SAM.09.AKC.5066.6001.1,PM2.5,http://dd.eionet.europa.eu/vocabulary/aq/pollutant/6001,hour,29.0865001600,µg/m3,2018-02-07 02:00:00 +01:00,2018-02-07 03:00:00 +01:00,1,1
AT,AT.0008.20.AQ,NET.09,STA.09.AKC,,SPO.09.AKC.5066.6001.1,SPP.09.AKC.5066.6001.1.11325,SAM.09.AKC.5066.6001.1,PM2.5,http://dd.eionet.europa.eu/vocabulary/aq/pollutant/6001,hour,34.1440010000,µg/m3,2018-02-07 03:00:00 +01:00,2018-02-07 04:00:00 +01:00,1,1
AT,AT.0008.20.AQ,NET.09,STA.09.AKC,,SPO.09.AKC.5066.6001.1,SPP.09.AKC.5066.6001.1.11325,SAM.09.AKC.5066.6001.1,PM2.5,http://dd.eionet.europa.eu/vocabulary/aq/pollutant/6001,hour,30.4850006100,µg/m3,2018-02-07 05:00:00 +01:00,2018-02-07 06:00:00 +01:00,1,1
AT,AT.0008.20.AQ,NET.09,STA.09.AKC,,SPO.09.AKC.5066.6001.1,SPP.09.AKC.5066.6001.1.11325,SAM.09.AKC.5066.6001.1,PM2.5,http://dd.eionet.europa.eu/vocabulary/aq/pollutant/6001,hour,30.3295001900,µg/m3,2018-02-07 07:00:00 +01:00,2018-02-07 08:00:00 +01:00,1,1
AT,AT.0008.20.AQ,NET.09,STA.09.AKC,,SPO.09.AKC.5066.6001.1,SPP.09.AKC.5066.6001.1.11325,SAM.09.AKC.5066.6001.1,PM2.5,http://dd.eionet.europa.eu/vocabulary/aq/pollutant/6001,hour,22.7620010300,µg/m3,2018-02-07 09:00:00 +01:00,2018-02-07 10:00:00 +01:00,1,1
AT,AT.0008.20.AQ,NET.09,STA.09.AKC,,SPO.09.AKC.5066.6001.1,SPP.09.AKC.5066.6001.1.11325,SAM.09.AKC.5066.6001.1,PM2.5,http://dd.eionet.europa.eu/vocabulary/aq/pollutant/6001,hour,19.9260005900,µg/m3,2018-02-07 12:00:00 +01:00,2018-02-07 13:00:00 +01:00,1,1
AT,AT.0008.20.AQ,NET.09,STA.09.AKC,,SPO.09.AKC.5066.6001.1,SPP.09.AKC.5066.6001.1.11325,SAM.09.AKC.5066.6001.1,PM2.5,http://dd.eionet.europa.eu/vocabulary/aq/pollutant/6001,hour,17.2309989900,µg/m3,2018-02-07 13:00:00 +01:00,2018-02-07 14:00:00 +01:00,1,1
AT,AT.0008.20.AQ,NET.09,STA.09.AKC,,SPO.09.AKC.5066.6001.1,SPP.09.AKC.5066.6001.1.11325,SAM.09.AKC.5066.6001.1,PM2.5,http://dd.eionet.europa.eu/vocabulary/aq/pollutant/6001,hour,15.0605001400,µg/m3,2018-02-07 14:00:00 +01:00,2018-02-07 15:00:00 +01:00,1,1
AT,AT.0008.20.AQ,NET.09,STA.09.AKC,,SPO.09.AKC.5066.6001.1,SPP.09.AKC.5066.6001.1.11325,SAM.09.AKC.5066.6001.1,PM2.5,http://dd.eionet.europa.eu/vocabulary/aq/pollutant/6001,hour,14.8400001500,µg/m3,2018-02-07 15:00:00 +01:00,2018-02-07 16:00:00 +01:00,1,1
AT,AT.0008.20.AQ,NET.09,STA.09.AKC,,SPO.09.AKC.5066.6001.1,SPP.09.AKC.5066.6001.1.11325,SAM.09.AKC.5066.6001.1,PM2.5,http://dd.eionet.europa.eu/vocabulary/aq/pollutant/6001,hour,17.0445003500,µg/m3,2018-02-07 16:00:00 +01:00,2018-02-07 17:00:00 +01:00,1,1
AT,AT.0008.20.AQ,NET.09,STA.09.AKC,,SPO.09.AKC.5066.6001.1,SPP.09.AKC.5066.6001.1.11325,SAM.09.AKC.5066.6001.1,PM2.5,http://dd.eionet.europa.eu/vocabulary/aq/pollutant/6001,hour,19.6354999500,µg/m3,2018-02-07 17:00:00 +01:00,2018-02-07 18:00:00 +01:00,1,1
AT,AT.0008.20.AQ,NET.09,STA.09.AKC,,SPO.09.AKC.5066.6001.1,SPP.09.AKC.5066.6001.1.11325,SAM.09.AKC.5066.6001.1,PM2.5,http://dd.eionet.europa.eu/vocabulary/aq/pollutant/6001,hour,21.9764995500,µg/m3,2018-02-07 18:00:00 +01:00,2018-02-07 19:00:00 +01:00,1,1
AT,AT.0008.20.AQ,NET.09,STA.09.AKC,,SPO.09.AKC.5066.6001.1,SPP.09.AKC.5066.6001.1.11325,SAM.09.AKC.5066.6001.1,PM2.5,http://dd.eionet.europa.eu/vocabulary/aq/pollutant/6001,hour,18.8470001200,µg/m3,2018-02-07 19:00:00 +01:00,2018-02-07 20:00:00 +01:00,1,1
AT,AT.0008.20.AQ,NET.09,STA.09.AKC,,SPO.09.AKC.5066.6001.1,SPP.09.AKC.5066.6001.1.11325,SAM.09.AKC.5066.6001.1,PM2.5,http://dd.eionet.europa.eu/vocabulary/aq/pollutant/6001,hour,14.0659999800,µg/m3,2018-02-07 20:00:00 +01:00,2018-02-07 21:00:00 +01:00,1,1
AT,AT.0008.20.AQ,NET.09,STA.09.AKC,,SPO.09.AKC.5066.6001.1,SPP.09.AKC.5066.6001.1.11325,SAM.09.AKC.5066.6001.1,PM2.5,http://dd.eionet.europa.eu/vocabulary/aq/pollutant/6001,hour,17.0250015200,µg/m3,2018-02-07 23:00:00 +01:00,2018-02-08 00:00:00 +01:00,1,1
AT,AT.0008.20.AQ,NET.09,STA.09.AKC,,SPO.09.AKC.5066.6001.1,SPP.09.AKC.5066.6001.1.11325,SAM.09.AKC.5066.6001.1,PM2.5,http://dd.eionet.europa.eu/vocabulary/aq/pollutant/6001,hour,19.4765014600,µg/m3,2018-02-08 00:00:00 +01:00,2018-02-08 01:00:00 +01:00,1,1
AT,AT.0008.20.AQ,NET.09,STA.09.AKC,,SPO.09.AKC.5066.6001.1,SPP.09.AKC.5066.6001.1.11325,SAM.09.AKC.5066.6001.1,PM2.5,http://dd.eionet.europa.eu/vocabulary/aq/pollutant/6001,hour,20.7654991100,µg/m3,2018-02-08 01:00:00 +01:00,2018-02-08 02:00:00 +01:00,1,1
AT,AT.0008.20.AQ,NET.09,STA.09.AKC,,SPO.09.AKC.5066.6001.1,SPP.09.AKC.5066.6001.1.11325,SAM.09.AKC.5066.6001.1,PM2.5,http://dd.eionet.europa.eu/vocabulary/aq/pollutant/6001,hour,22.9510002100,µg/m3,2018-02-08 02:00:00 +01:00,2018-02-08 03:00:00 +01:00,1,1
AT,AT.0008.20.AQ,NET.09,STA.09.AKC,,SPO.09.AKC.5066.6001.1,SPP.09.AKC.5066.6001.1.11325,SAM.09.AKC.5066.6001.1,PM2.5,http://dd.eionet.europa.eu/vocabulary/aq/pollutant/6001,hour,24.9305000300,µg/m3,2018-02-08 03:00:00 +01:00,2018-02-08 04:00:00 +01:00,1,1
AT,AT.0008.20.AQ,NET.09,STA.09.AKC,,SPO.09.AKC.5066.6001.1,SPP.09.AKC.5066.6001.1.11325,SAM.09.AKC.5066.6001.1,PM2.5,http://dd.eionet.europa.eu/vocabulary/aq/pollutant/6001,hour,25.6875000000,µg/m3,2018-02-08 05:00:00 +01:00,2018-02-08 06:00:00 +01:00,1,1
AT,AT.0008.20.AQ,NET.09,STA.09.AKC,,SPO.09.AKC.5066.6001.1,SPP.09.AKC.5066.6001.1.11325,SAM.09.AKC.5066.6001.1,PM2.5,http://dd.eionet.europa.eu/vocabulary/aq/pollutant/6001,hour,28.1219997400,µg/m3,2018-02-08 07:00:00 +01:00,2018-02-08 08:00:00 +01:00,1,1
AT,AT.0008.20.AQ,NET.09,STA.09.AKC,,SPO.09.AKC.5066.6001.1,SPP.09.AKC.5066.6001.1.11325,SAM.09.AKC.5066.6001.1,PM2.5,http://dd.eionet.europa.eu/vocabulary/aq/pollutant/6001,hour,27.5019989000,µg/m3,2018-02-08 08:00:00 +01:00,2018-02-08 09:00:00 +01:00,1,1
AT,AT.0008.20.AQ,NET.09,STA.09.AKC,,SPO.09.AKC.5066.6001.1,SPP.09.AKC.5066.6001.1.11325,SAM.09.AKC.5066.6001.1,PM2.5,http://dd.eionet.europa.eu/vocabulary/aq/pollutant/6001,hour,27.5659999800,µg/m3,2018-02-08 09:00:00 +01:00,2018-02-08 10:00:00 +01:00,1,1
AT,AT.0008.20.AQ,NET.09,STA.09.AKC,,SPO.09.AKC.5066.6001.1,SPP.09.AKC.5066.6001.1.11325,SAM.09.AKC.5066.6001.1,PM2.5,http://dd.eionet.europa.eu/vocabulary/aq/pollutant/6001,hour,28.3159999800,µg/m3,2018-02-08 10:00:00 +01:00,2018-02-08 11:00:00 +01:00,1,1
AT,AT.0008.20.AQ,NET.09,STA.09.AKC,,SPO.09.AKC.5066.6001.1,SPP.09.AKC.5066.6001.1.11325,SAM.09.AKC.5066.6001.1,PM2.5,http://dd.eionet.europa.eu/vocabulary/aq/pollutant/6001,hour,,µg/m3,2018-02-08 11:00:00 +01:00,2018-02-08 12:00:00 +01:00,-1,1
AT,AT.0008.20.AQ,NET.09,STA.09.AKC,,SPO.09.AKC.5066.6001.1,SPP.09.AKC.5066.6001.1.11325,SAM.09.AKC.5066.6001.1,PM2.5,http://dd.eionet.europa.eu/vocabulary/aq/pollutant/6001,hour,32.6225013700,µg/m3,2018-02-08 12:00:00 +01:00,2018-02-08 13:00:00 +01:00,1,1
AT,AT.0008.20.AQ,NET.09,STA.09.AKC,,SPO.09.AKC.5066.6001.1,SPP.09.AKC.5066.6001.1.11325,SAM.09.AKC.5066.6001.1,PM2.5,http://dd.eionet.europa.eu/vocabulary/aq/pollutant/6001,hour,32.6324996900,µg/m3,2018-02-08 13:00:00 +01:00,2018-02-08 14:00:00 +01:00,1,1
AT,AT.0008.20.AQ,NET.09,STA.09.AKC,,SPO.09.AKC.5066.6001.1,SPP.09.AKC.5066.6001.1.11325,SAM.09.AKC.5066.6001.1,PM2.5,http://dd.eionet.europa.eu/vocabulary/aq/pollutant/6001,hour,34.2099990800,µg/m3,2018-02-08 14:00:00 +01:00,2018-02-08 15:00:00 +01:00,1,1
AT,AT.0008.20.AQ,NET.09,STA.09.AKC,,SPO.09.AKC.5066.6001.1,SPP.09.AKC.5066.6001.1.11325,SAM.09.AKC.5066.6001.1,PM2.5,http://dd.eionet.europa.eu/vocabulary/aq/pollutant/6001,hour,38.4864997800,µg/m3,2018-02-08 17:00:00 +01:00,2018-02-08 18:00:00 +01:00,1,1
AT,AT.0008.20.AQ,NET.09,STA.09.AKC,,SPO.09.AKC.5066.6001.1,SPP.09.AKC.5066.6001.1.11325,SAM.09.AKC.5066.6001.1,PM2.5,http://dd.eionet.europa.eu/vocabulary/aq/pollutant/6001,hour,41.6370010300,µg/m3,2018-02-08 19:00:00 +01:00,2018-02-08 20:00:00 +01:00,1,1
AT,AT.0008.20.AQ,NET.09,STA.09.AKC,,SPO.09.AKC.5066.6001.1,SPP.09.AKC.5066.6001.1.11325,SAM.09.AKC.5066.6001.1,PM2.5,http://dd.eionet.europa.eu/vocabulary/aq/pollutant/6001,hour,45.5335006700,µg/m3,2018-02-08 21:00:00 +01:00,2018-02-08 22:00:00 +01:00,1,1
AT,AT.0008.20.AQ,NET.09,STA.09.AKC,,SPO.09.AKC.5066.6001.1,SPP.09.AKC.5066.6001.1.11325,SAM.09.AKC.5066.6001.1,PM2.5,http://dd.eionet.europa.eu/vocabulary/aq/pollutant/6001,hour,49.8730010900,µg/m3,2018-02-09 02:00:00 +01:00,2018-02-09 03:00:00 +01:00,1,1
AT,AT.0008.20.AQ,NET.09,STA.09.AKC,,SPO.09.AKC.5066.6001.1,SPP.09.AKC.5066.6001.1.11325,SAM.09.AKC.5066.6001.1,PM2.5,http://dd.eionet.europa.eu/vocabulary/aq/pollutant/6001,hour,49.3880004800,µg/m3,2018-02-09 03:00:00 +01:00,2018-02-09 04:00:00 +01:00,1,1
AT,AT.0008.20.AQ,NET.09,STA.09.AKC,,SPO.09.AKC.5066.6001.1,SPP.09.AKC.5066.6001.1.11325,SAM.09.AKC.5066.6001.1,PM2.5,http://dd.eionet.europa.eu/vocabulary/aq/pollutant/6001,hour,47.5319976800,µg/m3,2018-02-09 04:00:00 +01:00,2018-02-09 05:00:00 +01:00,1,1
AT,AT.0008.20.AQ,NET.09,STA.09.AKC,,SPO.09.AKC.5066.6001.1,SPP.09.AKC.5066.6001.1.11325,SAM.09.AKC.5066.6001.1,PM2.5,http://dd.eionet.europa.eu/vocabulary/aq/pollutant/6001,hour,48.0419998100,µg/m3,2018-02-09 05:00:00 +01:00,2018-02-09 06:00:00 +01:00,1,1
AT,AT.0008.20.AQ,NET.09,STA.09.AKC,,SPO.09.AKC.5066.6001.1,SPP.09.AKC.5066.6001.1.11325,SAM.09.AKC.5066.6001.1,PM2.5,http://dd.eionet.europa.eu/vocabulary/aq/pollutant/6001,hour,46.4345016400,µg/m3,2018-02-09 06:00:00 +01:00,2018-02-09 07:00:00 +01:00,1,1
AT,AT.0008.20.AQ,NET.09,STA.09.AKC,,SPO.09.AKC.5066.6001.1,SPP.09.AKC.5066.6001.1.11325,SAM.09.AKC.5066.6001.1,PM2.5,http://dd.eionet.europa.eu/vocabulary/aq/pollutant/6001,hour,42.9090003900,µg/m3,2018-02-09 08:00:00 +01:00,2018-02-09 09:00:00 +01:00,1,1
AT,AT.0008.20.AQ,NET.09,STA.09.AKC,,SPO.09.AKC.5066.6001.1,SPP.09.AKC.5066.6001.1.11325,SAM.09.AKC.5066.6001.1,PM2.5,http://dd.eionet.europa.eu/vocabulary/aq/pollutant/6001,hour,41.2159996000,µg/m3,2018-02-09 09:00:00 +01:00,2018-02-09 10:00:00 +01:00,1,1
AT,AT.0008.20.AQ,NET.09,STA.09.AKC,,SPO.09.AKC.5066.6001.1,SPP.09.AKC.5066.6001.1.11325,SAM.09.AKC.5066.6001.1,PM2.5,http://dd.eionet.europa.eu/vocabulary/aq/pollutant/6001,hour,38.9954986500,µg/m3,2018-02-09 10:00:00 +01:00,2018-02-09 11:00:00 +01:00,1,1
AT,AT.0008.20.AQ,NET.09,STA.09.AKC,,SPO.09.AKC.5066.6001.1,SPP.09.AKC.5066.6001.1.11325,SAM.09.AKC.5066.6001.1,PM2.5,http://dd.eionet.europa.eu/vocabulary/aq/pollutant/6001,hour,36.3909988400,µg/m3,2018-02-09 11:00:00 +01:00,2018-02-09 12:00:00 +01:00,1,1
AT,AT.0008.20.AQ,NET.09,STA.09.AKC,,SPO.09.AKC.5066.6001.1,SPP.09.AKC.5066.6001.1.11325,SAM.09.AKC.5066.6001.1,PM2.5,http://dd.eionet.europa.eu/vocabulary/aq/pollutant/6001,hour,31.6419982900,µg/m3,2018-02-09 12:00:00 +01:00,2018-02-09 13:00:00 +01:00,1,1
AT,AT.0008.20.AQ,NET.09,STA.09.AKC,,SPO.09.AKC.5066.6001.1,SPP.09.AKC.5066.6001.1.11325,SAM.09.AKC.5066.6001.1,PM2.5,http://dd.eionet.europa.eu/vocabulary/aq/pollutant/6001,hour,30.4825000700,µg/m3,2018-02-09 16:00:00 +01:00,2018-02-09 17:00:00 +01:00,1,1
AT,AT.0008.20.AQ,NET.09,STA.09.AKC,,SPO.09.AKC.5066.6001.1,SPP.09.AKC.5066.6001.1.11325,SAM.09.AKC.5066.6001.1,PM2.5,http://dd.eionet.europa.eu/vocabulary/aq/pollutant/6001,hour,29.5859985300,µg/m3,2018-02-09 17:00:00 +01:00,2018-02-09 18:00:00 +01:00,1,1
AT,AT.0008.20.AQ,NET.09,STA.09.AKC,,SPO.09.AKC.5066.6001.1,SPP.09.AKC.5066.6001.1.11325,SAM.09.AKC.5066.6001.1,PM2.5,http://dd.eionet.europa.eu/vocabulary/aq/pollutant/6001,hour,29.4960002800,µg/m3,2018-02-09 18:00:00 +01:00,2018-02-09 19:00:00 +01:00,1,1
AT,AT.0008.20.AQ,NET.09,STA.09.AKC,,SPO.09.AKC.5066.6001.1,SPP.09.AKC.5066.6001.1.11325,SAM.09.AKC.5066.6001.1,PM2.5,http://dd.eionet.europa.eu/vocabulary/aq/pollutant/6001,hour,29.4575004500,µg/m3,2018-02-09 19:00:00 +01:00,2018-02-09 20:00:00 +01:00,1,1
AT,AT.0008.20.AQ,NET.09,STA.09.AKC,,SPO.09.AKC.5066.6001.1,SPP.09.AKC.5066.6001.1.11325,SAM.09.AKC.5066.6001.1,PM2.5,http://dd.eionet.europa.eu/vocabulary/aq/pollutant/6001,hour,29.8099994600,µg/m3,2018-02-09 21:00:00 +01:00,2018-02-09 22:00:00 +01:00,1,1
AT,AT.0008.20.AQ,NET.09,STA.09.AKC,,SPO.09.AKC.5066.6001.1,SPP.09.AKC.5066.6001.1.11325,SAM.09.AKC.5066.6001.1,PM2.5,http://dd.eionet.europa.eu/vocabulary/aq/pollutant/6001,hour,25.9500007600,µg/m3,2018-02-10 00:00:00 +01:00,2018-02-10 01:00:00 +01:00,1,1
AT,AT.0008.20.AQ,NET.09,STA.09.AKC,,SPO.09.AKC.5066.6001.1,SPP.09.AKC.5066.6001.1.11325,SAM.09.AKC.5066.6001.1,PM2.5,http://dd.eionet.europa.eu/vocabulary/aq/pollutant/6001,hour,21.2789993200,µg/m3,2018-02-10 01:00:00 +01:00,2018-02-10 02:00:00 +01:00,1,1
AT,AT.0008.20.AQ,NET.09,STA.09.AKC,,SPO.09.AKC.5066.6001.1,SPP.09.AKC.5066.6001.1.11325,SAM.09.AKC.5066.6001.1,PM2.5,http://dd.eionet.europa.eu/vocabulary/aq/pollutant/6001,hour,23.3564987100,µg/m3,2018-02-10 03:00:00 +01:00,2018-02-10 04:00:00 +01:00,1,1
AT,AT.0008.20.AQ,NET.09,STA.09.AKC,,SPO.09.AKC.5066.6001.1,SPP.09.AKC.5066.6001.1.11325,SAM.09.AKC.5066.6001.1,PM2.5,http://dd.eionet.europa.eu/vocabulary/aq/pollutant/6001,hour,25.2654991100,µg/m3,2018-02-10 04:00:00 +01:00,2018-02-10 05:00:00 +01:00,1,1
AT,AT.0008.20.AQ,NET.09,STA.09.AKC,,SPO.09.AKC.5066.6001.1,SPP.09.AKC.5066.6001.1.11325,SAM.09.AKC.5066.6001.1,PM2.5,http://dd.eionet.europa.eu/vocabulary/aq/pollutant/6001,hour,24.9570007300,µg/m3,2018-02-10 05:00:00 +01:00,2018-02-10 06:00:00 +01:00,1,1
AT,AT.0008.20.AQ,NET.09,STA.09.AKC,,SPO.09.AKC.5066.6001.1,SPP.09.AKC.5066.6001.1.11325,SAM.09.AKC.5066.6001.1,PM2.5,http://dd.eionet.europa.eu/vocabulary/aq/pollutant/6001,hour,24.1614990200,µg/m3,2018-02-10 06:00:00 +01:00,2018-02-10 07:00:00 +01:00,1,1
AT,AT.0008.20.AQ,NET.09,STA.09.AKC,,SPO.09.AKC.5066.6001.1,SPP.09.AKC.5066.6001.1.11325,SAM.09.AKC.5066.6001.1,PM2.5,http://dd.eionet.europa.eu/vocabulary/aq/pollutant/6001,hour,21.7900009100,µg/m3,2018-02-10 10:00:00 +01:00,2018-02-10 11:00:00 +01:00,1,1
AT,AT.0008.20.AQ,NET.09,STA.09.AKC,,SPO.09.AKC.5066.6001.1,SPP.09.AKC.5066.6001.1.11325,SAM.09.AKC.5066.6001.1,PM2.5,http://dd.eionet.europa.eu/vocabulary/aq/pollutant/6001,hour,20.8834991400,µg/m3,2018-02-10 12:00:00 +01:00,2018-02-10 13:00:00 +01:00,1,1
AT,AT.0008.20.AQ,NET.09,STA.09.AKC,,SPO.09.AKC.5066.6001.1,SPP.09.AKC.5066.6001.1.11325,SAM.09.AKC.5066.6001.1,PM2.5,http://dd.eionet.europa.eu/vocabulary/aq/pollutant/6001,hour,22.5914993200,µg/m3,2018-02-10 13:00:00 +01:00,2018-02-10 14:00:00 +01:00,1,1
AT,AT.0008.20.AQ,NET.09,STA.09.AKC,,SPO.09.AKC.5066.6001.1,SPP.09.AKC.5066.6001.1.11325,SAM.09.AKC.5066.6001.1,PM2.5,http://dd.eionet.europa.eu/vocabulary/aq/pollutant/6001,hour,25.0024986200,µg/m3,2018-02-10 14:00:00 +01:00,2018-02-10 15:00:00 +01:00,1,1
AT,AT.0008.20.AQ,NET.09,STA.09.AKC,,SPO.09.AKC.5066.6001.1,SPP.09.AKC.5066.6001.1.11325,SAM.09.AKC.5066.6001.1,PM2.5,http://dd.eionet.europa.eu/vocabulary/aq/pollutant/6001,hour,27.2620010300,µg/m3,2018-02-10 15:00:00 +01:00,2018-02-10 16:00:00 +01:00,1,1
AT,AT.0008.20.AQ,NET.09,STA.09.AKC,,SPO.09.AKC.5066.6001.1,SPP.09.AKC.5066.6001.1.11325,SAM.09.AKC.5066.6001.1,PM2.5,http://dd.eionet.europa.eu/vocabulary/aq/pollutant/6001,hour,32.7200012200,µg/m3,2018-02-10 17:00:00 +01:00,2018-02-10 18:00:00 +01:00,1,1
AT,AT.0008.20.AQ,NET.09,STA.09.AKC,,SPO.09.AKC.5066.6001.1,SPP.09.AKC.5066.6001.1.11325,SAM.09.AKC.5066.6001.1,PM2.5,http://dd.eionet.europa.eu/vocabulary/aq/pollutant/6001,hour,34.5815010000,µg/m3,2018-02-10 18:00:00 +01:00,2018-02-10 19:00:00 +01:00,1,1
AT,AT.0008.20.AQ,NET.09,STA.09.AKC,,SPO.09.AKC.5066.6001.1,SPP.09.AKC.5066.6001.1.11325,SAM.09.AKC.5066.6001.1,PM2.5,http://dd.eionet.europa.eu/vocabulary/aq/pollutant/6001,hour,33.6589965800,µg/m3,2018-02-10 22:00:00 +01:00,2018-02-10 23:00:00 +01:00,1,1
AT,AT.0008.20.AQ,NET.09,STA.09.AKC,,SPO.09.AKC.5066.6001.1,SPP.09.AKC.5066.6001.1.11325,SAM.09.AKC.5066.6001.1,PM2.5,http://dd.eionet.europa.eu/vocabulary/aq/pollutant/6001,hour,31.0004997200,µg/m3,2018-02-10 23:00:00 +01:00,2018-02-11 00:00:00 +01:00,1,1
AT,AT.0008.20.AQ,NET.09,STA.09.AKC,,SPO.09.AKC.5066.6001.1,SPP.09.AKC.5066.6001.1.11325,SAM.09.AKC.5066.6001.1,PM2.5,http://dd.eionet.europa.eu/vocabulary/aq/pollutant/6001,hour,28.5859985300,µg/m3,2018-02-11 00:00:00 +01:00,2018-02-11 01:00:00 +01:00,1,1
AT,AT.0008.20.AQ,NET.09,STA.09.AKC,,SPO.09.AKC.5066.6001.1,SPP.09.AKC.5066.6001.1.11325,SAM.09.AKC.5066.6001.1,PM2.5,http://dd.eionet.europa.eu/vocabulary/aq/pollutant/6001,hour,26.1450004500,µg/m3,2018-02-11 01:00:00 +01:00,2018-02-11 02:00:00 +01:00,1,1
AT,AT.0008.20.AQ,NET.09,STA.09.AKC,,SPO.09.AKC.5066.6001.1,SPP.09.AKC.5066.6001.1.11325,SAM.09.AKC.5066.6001.1,PM2.5,http://dd.eionet.europa.eu/vocabulary/aq/pollutant/6001,hour,26.2545013400,µg/m3,2018-02-11 02:00:00 +01:00,2018-02-11 03:00:00 +01:00,1,1
AT,AT.0008.20.AQ,NET.09,STA.09.AKC,,SPO.09.AKC.5066.6001.1,SPP.09.AKC.5066.6001.1.11325,SAM.09.AKC.5066.6001.1,PM2.5,http://dd.eionet.europa.eu/vocabulary/aq/pollutant/6001,hour,26.5784988400,µg/m3,2018-02-11 03:00:00 +01:00,2018-02-11 04:00:00 +01:00,1,1
AT,AT.0008.20.AQ,NET.09,STA.09.AKC,,SPO.09.AKC.5066.6001.1,SPP.09.AKC.5066.6001.1.11325,SAM.09.AKC.5066.6001.1,PM2.5,http://dd.eionet.europa.eu/vocabulary/aq/pollutant/6001,hour,25.7639999300,µg/m3,2018-02-11 04:00:00 +01:00,2018-02-11 05:00:00 +01:00,1,1
AT,AT.0008.20.AQ,NET.09,STA.09.AKC,,SPO.09.AKC.5066.6001.1,SPP.09.AKC.5066.6001.1.11325,SAM.09.AKC.5066.6001.1,PM2.5,http://dd.eionet.europa.eu/vocabulary/aq/pollutant/6001,hour,26.7569999600,µg/m3,2018-02-11 06:00:00 +01:00,2018-02-11 07:00:00 +01:00,1,1
AT,AT.0008.20.AQ,NET.09,STA.09.AKC,,SPO.09.AKC.5066.6001.1,SPP.09.AKC.5066.6001.1.11325,SAM.09.AKC.5066.6001.1,PM2.5,http://dd.eionet.europa.eu/vocabulary/aq/pollutant/6001,hour,28.2355003300,µg/m3,2018-02-11 07:00:00 +01:00,2018-02-11 08:00:00 +01:00,1,1
AT,AT.0008.20.AQ,NET.09,STA.09.AKC,,SPO.09.AKC.5066.6001.1,SPP.09.AKC.5066.6001.1.11325,SAM.09.AKC.5066.6001.1,PM2.5,http://dd.eionet.europa.eu/vocabulary/aq/pollutant/6001,hour,31.8885002100,µg/m3,2018-02-11 10:00:00 +01:00,2018-02-11 11:00:00 +01:00,1,1
AT,AT.0008.20.AQ,NET.09,STA.09.AKC,,SPO.09.AKC.5066.6001.1,SPP.09.AKC.5066.6001.1.11325,SAM.09.AKC.5066.6001.1,PM2.5,http://dd.eionet.europa.eu/vocabulary/aq/pollutant/6001,hour,28.1534996000,µg/m3,2018-02-11 12:00:00 +01:00,2018-02-11 13:00:00 +01:00,1,1
AT,AT.0008.20.AQ,NET.09,STA.09.AKC,,SPO.09.AKC.5066.6001.1,SPP.09.AKC.5066.6001.1.11325,SAM.09.AKC.5066.6001.1,PM2.5,http://dd.eionet.europa.eu/vocabulary/aq/pollutant/6001,hour,22.0284996000,µg/m3,2018-02-11 14:00:00 +01:00,2018-02-11 15:00:00 +01:00,1,1
AT,AT.0008.20.AQ,NET.09,STA.09.AKC,,SPO.09.AKC.5066.6001.1,SPP.09.AKC.5066.6001.1.11325,SAM.09.AKC.5066.6001.1,PM2.5,http://dd.eionet.europa.eu/vocabulary/aq/pollutant/6001,hour,21.5994987400,µg/m3,2018-02-11 15:00:00 +01:00,2018-02-11 16:00:00 +01:00,1,1
AT,AT.0008.20.AQ,NET.09,STA.09.AKC,,SPO.09.AKC.5066.6001.1,SPP.09.AKC.5066.6001.1.11325,SAM.09.AKC.5066.6001.1,PM2.5,http://dd.eionet.europa.eu/vocabulary/aq/pollutant/6001,hour,20.9700012200,µg/m3,2018-02-11 16:00:00 +01:00,2018-02-11 17:00:00 +01:00,1,1
AT,AT.0008.20.AQ,NET.09,STA.09.AKC,,SPO.09.AKC.5066.6001.1,SPP.09.AKC.5066.6001.1.11325,SAM.09.AKC.5066.6001.1,PM2.5,http://dd.eionet.europa.eu/vocabulary/aq/pollutant/6001,hour,22.4825000700,µg/m3,2018-02-11 17:00:00 +01:00,2018-02-11 18:00:00 +01:00,1,1
AT,AT.0008.20.AQ,NET.09,STA.09.AKC,,SPO.09.AKC.5066.6001.1,SPP.09.AKC.5066.6001.1.11325,SAM.09.AKC.5066.6001.1,PM2.5,http://dd.eionet.europa.eu/vocabulary/aq/pollutant/6001,hour,22.6809997500,µg/m3,2018-02-11 18:00:00 +01:00,2018-02-11 19:00:00 +01:00,1,1
AT,AT.0008.20.AQ,NET.09,STA.09.AKC,,SPO.09.AKC.5066.6001.1,SPP.09.AKC.5066.6001.1.11325,SAM.09.AKC.5066.6001.1,PM2.5,http://dd.eionet.europa.eu/vocabulary/aq/pollutant/6001,hour,22.5034999800,µg/m3,2018-02-11 19:00:00 +01:00,2018-02-11 20:00:00 +01:00,1,1
AT,AT.0008.20.AQ,NET.09,STA.09.AKC,,SPO.09.AKC.5066.6001.1,SPP.09.AKC.5066.6001.1.11325,SAM.09.AKC.5066.6001.1,PM2.5,http://dd.eionet.europa.eu/vocabulary/aq/pollutant/6001,hour,30.7910003600,µg/m3,2018-02-11 22:00:00 +01:00,2018-02-11 23:00:00 +01:00,1,1
AT,AT.0008.20.AQ,NET.09,STA.09.AKC,,SPO.09.AKC.5066.6001.1,SPP.09.AKC.5066.6001.1.11325,SAM.09.AKC.5066.6001.1,PM2.5,http://dd.eionet.europa.eu/vocabulary/aq/pollutant/6001,hour,15.5190000500,µg/m3,2018-02-12 02:00:00 +01:00,2018-02-12 03:00:00 +01:00,1,1
AT,AT.0008.20.AQ,NET.09,STA.09.AKC,,SPO.09.AKC.5066.6001.1,SPP.09.AKC.5066.6001.1.11325,SAM.09.AKC.5066.6001.1,PM2.5,http://dd.eionet.europa.eu/vocabulary/aq/pollutant/6001,hour,13.7589998200,µg/m3,2018-02-12 03:00:00 +01:00,2018-02-12 04:00:00 +01:00,1,1
AT,AT.0008.20.AQ,NET.09,STA.09.AKC,,SPO.09.AKC.5066.6001.1,SPP.09.AKC.5066.6001.1.11325,SAM.09.AKC.5066.6001.1,PM2.5,http://dd.eionet.europa.eu/vocabulary/aq/pollutant/6001,hour,11.5354995700,µg/m3,2018-02-12 04:00:00 +01:00,2018-02-12 05:00:00 +01:00,1,1
AT,AT.0008.20.AQ,NET.09,STA.09.AKC,,SPO.09.AKC.5066.6001.1,SPP.09.AKC.5066.6001.1.11325,SAM.09.AKC.5066.6001.1,PM2.5,http://dd.eionet.europa.eu/vocabulary/aq/pollutant/6001,hour,12.3350000300,µg/m3,2018-02-12 05:00:00 +01:00,2018-02-12 06:00:00 +01:00,1,1
AT,AT.0008.20.AQ,NET.09,STA.09.AKC,,SPO.09.AKC.5066.6001.1,SPP.09.AKC.5066.6001.1.11325,SAM.09.AKC.5066.6001.1,PM2.5,http://dd.eionet.europa.eu/vocabulary/aq/pollutant/6001,hour,14.2384996400,µg/m3,2018-02-12 06:00:00 +01:00,2018-02-12 07:00:00 +01:00,1,1
AT,AT.0008.20.AQ,NET.09,STA.09.AKC,,SPO.09.AKC.5066.6001.1,SPP.09.AKC.5066.6001.1.11325,SAM.09.AKC.5066.6001.1,PM2.5,http://dd.eionet.europa.eu/vocabulary/aq/pollutant/6001,hour,14.9519996600,µg/m3,2018-02-12 07:00:00 +01:00,2018-02-12 08:00:00 +01:00,1,1
AT,AT.0008.20.AQ,NET.09,STA.09.AKC,,SPO.09.AKC.5066.6001.1,SPP.09.AKC.5066.6001.1.11325,SAM.09.AKC.5066.6001.1,PM2.5,http://dd.eionet.europa.eu/vocabulary/aq/pollutant/6001,hour,15.7595005000,µg/m3,2018-02-12 08:00:00 +01:00,2018-02-12 09:00:00 +01:00,1,1
AT,AT.0008.20.AQ,NET.09,STA.09.AKC,,SPO.09.AKC.5066.6001.1,SPP.09.AKC.5066.6001.1.11325,SAM.09.AKC.5066.6001.1,PM2.5,http://dd.eionet.europa.eu/vocabulary/aq/pollutant/6001,hour,14.3959999000,µg/m3,2018-02-12 09:00:00 +01:00,2018-02-12 10:00:00 +01:00,1,1
AT,AT.0008.20.AQ,NET.09,STA.09.AKC,,SPO.09.AKC.5066.6001.1,SPP.09.AKC.5066.6001.1.11325,SAM.09.AKC.5066.6001.1,PM2.5,http://dd.eionet.europa.eu/vocabulary/aq/pollutant/6001,hour,14.0434999400,µg/m3,2018-02-12 10:00:00 +01:00,2018-02-12 11:00:00 +01:00,1,1
AT,AT.0008.20.AQ,NET.09,STA.09.AKC,,SPO.09.AKC.5066.6001.1,SPP.09.AKC.5066.6001.1.11325,SAM.09.AKC.5066.6001.1,PM2.5,http://dd.eionet.europa.eu/vocabulary/aq/pollutant/6001,hour,13.7210006700,µg/m3,2018-02-12 11:00:00 +01:00,2018-02-12 12:00:00 +01:00,1,1
AT,AT.0008.20.AQ,NET.09,STA.09.AKC,,SPO.09.AKC.5066.6001.1,SPP.09.AKC.5066.6001.1.11325,SAM.09.AKC.5066.6001.1,PM2.5,http://dd.eionet.europa.eu/vocabulary/aq/pollutant/6001,hour,13.7795000000,µg/m3,2018-02-12 12:00:00 +01:00,2018-02-12 13:00:00 +01:00,1,1
AT,AT.0008.20.AQ,NET.09,STA.09.AKC,,SPO.09.AKC.5066.6001.1,SPP.09.AKC.5066.6001.1.11325,SAM.09.AKC.5066.6001.1,PM2.5,http://dd.eionet.europa.eu/vocabulary/aq/pollutant/6001,hour,13.8495006500,µg/m3,2018-02-12 13:00:00 +01:00,2018-02-12 14:00:00 +01:00,1,1
AT,AT.0008.20.AQ,NET.09,STA.09.AKC,,SPO.09.AKC.5066.6001.1,SPP.09.AKC.5066.6001.1.11325,SAM.09.AKC.5066.6001.1,PM2.5,http://dd.eionet.europa.eu/vocabulary/aq/pollutant/6001,hour,13.5480003300,µg/m3,2018-02-12 14:00:00 +01:00,2018-02-12 15:00:00 +01:00,1,1
AT,AT.0008.20.AQ,NET.09,STA.09.AKC,,SPO.09.AKC.5066.6001.1,SPP.09.AKC.5066.6001.1.11325,SAM.09.AKC.5066.6001.1,PM2.5,http://dd.eionet.europa.eu/vocabulary/aq/pollutant/6001,hour,13.4215002000,µg/m3,2018-02-12 15:00:00 +01:00,2018-02-12 16:00:00 +01:00,1,1
AT,AT.0008.20.AQ,NET.09,STA.09.AKC,,SPO.09.AKC.5066.6001.1,SPP.09.AKC.5066.6001.1.11325,SAM.09.AKC.5066.6001.1,PM2.5,http://dd.eionet.europa.eu/vocabulary/aq/pollutant/6001,hour,4.9460000900,µg/m3,2018-02-12 17:00:00 +01:00,2018-02-12 18:00:00 +01:00,1,1
AT,AT.0008.20.AQ,NET.09,STA.09.AKC,,SPO.09.AKC.5066.6001.1,SPP.09.AKC.5066.6001.1.11325,SAM.09.AKC.5066.6001.1,PM2.5,http://dd.eionet.europa.eu/vocabulary/aq/pollutant/6001,hour,5.9783000900,µg/m3,2018-02-12 18:00:00 +01:00,2018-02-12 19:00:00 +01:00,1,1
AT,AT.0008.20.AQ,NET.09,STA.09.AKC,,SPO.09.AKC.5066.6001.1,SPP.09.AKC.5066.6001.1.11325,SAM.09.AKC.5066.6001.1,PM2.5,http://dd.eionet.europa.eu/vocabulary/aq/pollutant/6001,hour,10.9244995100,µg/m3,2018-02-12 20:00:00 +01:00,2018-02-12 21:00:00 +01:00,1,1
AT,AT.0008.20.AQ,NET.09,STA.09.AKC,,SPO.09.AKC.5066.6001.1,SPP.09.AKC.5066.6001.1.11325,SAM.09.AKC.5066.6001.1,PM2.5,http://dd.eionet.europa.eu/vocabulary/aq/pollutant/6001,hour,12.1534996000,µg/m3,2018-02-12 22:00:00 +01:00,2018-02-12 23:00:00 +01:00,1,1
AT,AT.0008.20.AQ,NET.09,STA.09.AKC,,SPO.09.AKC.5066.6001.1,SPP.09.AKC.5066.6001.1.11325,SAM.09.AKC.5066.6001.1,PM2.5,http://dd.eionet.europa.eu/vocabulary/aq/pollutant/6001,hour,12.9045000000,µg/m3,2018-02-12 23:00:00 +01:00,2018-02-13 00:00:00 +01:00,1,1
AT,AT.0008.20.AQ,NET.09,STA.09.AKC,,SPO.09.AKC.5066.6001.1,SPP.09.AKC.5066.6001.1.11325,SAM.09.AKC.5066.6001.1,PM2.5,http://dd.eionet.europa.eu/vocabulary/aq/pollutant/6001,hour,11.6695003500,µg/m3,2018-02-13 00:00:00 +01:00,2018-02-13 01:00:00 +01:00,1,1
AT,AT.0008.20.AQ,NET.09,STA.09.AKC,,SPO.09.AKC.5066.6001.1,SPP.09.AKC.5066.6001.1.11325,SAM.09.AKC.5066.6001.1,PM2.5,http://dd.eionet.europa.eu/vocabulary/aq/pollutant/6001,hour,11.4484996700,µg/m3,2018-02-13 01:00:00 +01:00,2018-02-13 02:00:00 +01:00,1,1
AT,AT.0008.20.AQ,NET.09,STA.09.AKC,,SPO.09.AKC.5066.6001.1,SPP.09.AKC.5066.6001.1.11325,SAM.09.AKC.5066.6001.1,PM2.5,http://dd.eionet.europa.eu/vocabulary/aq/pollutant/6001,hour,10.5053997000,µg/m3,2018-02-13 02:00:00 +01:00,2018-02-13 03:00:00 +01:00,1,1
AT,AT.0008.20.AQ,NET.09,STA.09.AKC,,SPO.09.AKC.5066.6001.1,SPP.09.AKC.5066.6001.1.11325,SAM.09.AKC.5066.6001.1,PM2.5,http://dd.eionet.europa.eu/vocabulary/aq/pollutant/6001,hour,9.9582996300,µg/m3,2018-02-13 04:00:00 +01:00,2018-02-13 05:00:00 +01:00,1,1
AT,AT.0008.20.AQ,NET.09,STA.09.AKC,,SPO.09.AKC.5066.6001.1,SPP.09.AKC.5066.6001.1.11325,SAM.09.AKC.5066.6001.1,PM2.5,http://dd.eionet.europa.eu/vocabulary/aq/pollutant/6001,hour,12.2145004200,µg/m3,2018-02-13 06:00:00 +01:00,2018-02-13 07:00:00 +01:00,1,1
AT,AT.0008.20.AQ,NET.09,STA.09.AKC,,SPO.09.AKC.5066.6001.1,SPP.09.AKC.5066.6001.1.11325,SAM.09.AKC.5066.6001.1,PM2.5,http://dd.eionet.europa.eu/vocabulary/aq/pollutant/6001,hour,12.7189998600,µg/m3,2018-02-13 07:00:00 +01:00,2018-02-13 08:00:00 +01:00,1,1
AT,AT.0008.20.AQ,NET.09,STA.09.AKC,,SPO.09.AKC.5066.6001.1,SPP.09.AKC.5066.6001.1.11325,SAM.09.AKC.5066.6001.1,PM2.5,http://dd.eionet.europa.eu/vocabulary/aq/pollutant/6001,hour,12.7615003500,µg/m3,2018-02-13 08:00:00 +01:00,2018-02-13 09:00:00 +01:00,1,1
AT,AT.0008.20.AQ,NET.09,STA.09.AKC,,SPO.09.AKC.5066.6001.1,SPP.09.AKC.5066.6001.1.11325,SAM.09.AKC.5066.6001.1,PM2.5,http://dd.eionet.europa.eu/vocabulary/aq/pollutant/6001,hour,14.1970005000,µg/m3,2018-02-13 10:00:00 +01:00,2018-02-13 11:00:00 +01:00,1,1
AT,AT.0008.20.AQ,NET.09,STA.09.AKC,,SPO.09.AKC.5066.6001.1,SPP.09.AKC.5066.6001.1.11325,SAM.09.AKC.5066.6001.1,PM2.5,http://dd.eionet.europa.eu/vocabulary/aq/pollutant/6001,hour,14.5745000800,µg/m3,2018-02-13 11:00:00 +01:00,2018-02-13 12:00:00 +01:00,1,1
AT,AT.0008.20.AQ,NET.09,STA.09.AKC,,SPO.09.AKC.5066.6001.1,SPP.09.AKC.5066.6001.1.11325,SAM.09.AKC.5066.6001.1,PM2.5,http://dd.eionet.europa.eu/vocabulary/aq/pollutant/6001,hour,13.6619997000,µg/m3,2018-02-13 12:00:00 +01:00,2018-02-13 13:00:00 +01:00,1,1
AT,AT.0008.20.AQ,NET.09,STA.09.AKC,,SPO.09.AKC.5066.6001.1,SPP.09.AKC.5066.6001.1.11325,SAM.09.AKC.5066.6001.1,PM2.5,http://dd.eionet.europa.eu/vocabulary/aq/pollutant/6001,hour,10.0715503600,µg/m3,2018-02-13 14:00:00 +01:00,2018-02-13 15:00:00 +01:00,1,1
AT,AT.0008.20.AQ,NET.09,STA.09.AKC,,SPO.09.AKC.5066.6001.1,SPP.09.AKC.5066.6001.1.11325,SAM.09.AKC.5066.6001.1,PM2.5,http://dd.eionet.europa.eu/vocabulary/aq/pollutant/6001,hour,12.9834995200,µg/m3,2018-02-13 15:00:00 +01:00,2018-02-13 16:00:00 +01:00,1,1
AT,AT.0008.20.AQ,NET.09,STA.09.AKC,,SPO.09.AKC.5066.6001.1,SPP.09.AKC.5066.6001.1.11325,SAM.09.AKC.5066.6001.1,PM2.5,http://dd.eionet.europa.eu/vocabulary/aq/pollutant/6001,hour,16.0895004200,µg/m3,2018-02-13 16:00:00 +01:00,2018-02-13 17:00:00 +01:00,1,1
AT,AT.0008.20.AQ,NET.09,STA.09.AKC,,SPO.09.AKC.5066.6001.1,SPP.09.AKC.5066.6001.1.11325,SAM.09.AKC.5066.6001.1,PM2.5,http://dd.eionet.europa.eu/vocabulary/aq/pollutant/6001,hour,14.2700004500,µg/m3,2018-02-13 17:00:00 +01:00,2018-02-13 18:00:00 +01:00,1,1
AT,AT.0008.20.AQ,NET.09,STA.09.AKC,,SPO.09.AKC.5066.6001.1,SPP.09.AKC.5066.6001.1.11325,SAM.09.AKC.5066.6001.1,PM2.5,http://dd.eionet.europa.eu/vocabulary/aq/pollutant/6001,hour,15.3204994200,µg/m3,2018-02-13 20:00:00 +01:00,2018-02-13 21:00:00 +01:00,1,1
AT,AT.0008.20.AQ,NET.09,STA.09.AKC,,SPO.09.AKC.5066.6001.1,SPP.09.AKC.5066.6001.1.11325,SAM.09.AKC.5066.6001.1,PM2.5,http://dd.eionet.europa.eu/vocabulary/aq/pollutant/6001,hour,19.7150001500,µg/m3,2018-02-13 22:00:00 +01:00,2018-02-13 23:00:00 +01:00,1,1
AT,AT.0008.20.AQ,NET.09,STA.09.AKC,,SPO.09.AKC.5066.6001.1,SPP.09.AKC.5066.6001.1.11325,SAM.09.AKC.5066.6001.1,PM2.5,http://dd.eionet.europa.eu/vocabulary/aq/pollutant/6001,hour,23.7849998400,µg/m3,2018-02-13 23:00:00 +01:00,2018-02-14 00:00:00 +01:00,1,1
AT,AT.0008.20.AQ,NET.09,STA.09.AKC,,SPO.09.AKC.5066.6001.1,SPP.09.AKC.5066.6001.1.11325,SAM.09.AKC.5066.6001.1,PM2.5,http://dd.eionet.europa.eu/vocabulary/aq/pollutant/6001,hour,25.1354999500,µg/m3,2018-02-14 00:00:00 +01:00,2018-02-14 01:00:00 +01:00,1,1
AT,AT.0008.20.AQ,NET.09,STA.09.AKC,,SPO.09.AKC.5066.6001.1,SPP.09.AKC.5066.6001.1.11325,SAM.09.AKC.5066.6001.1,PM2.5,http://dd.eionet.europa.eu/vocabulary/aq/pollutant/6001,hour,25.8264999300,µg/m3,2018-02-14 01:00:00 +01:00,2018-02-14 02:00:00 +01:00,1,1
AT,AT.0008.20.AQ,NET.09,STA.09.AKC,,SPO.09.AKC.5066.6001.1,SPP.09.AKC.5066.6001.1.11325,SAM.09.AKC.5066.6001.1,PM2.5,http://dd.eionet.europa.eu/vocabulary/aq/pollutant/6001,hour,25.2919998100,µg/m3,2018-02-14 02:00:00 +01:00,2018-02-14 03:00:00 +01:00,1,1
AT,AT.0008.20.AQ,NET.09,STA.09.AKC,,SPO.09.AKC.5066.6001.1,SPP.09.AKC.5066.6001.1.11325,SAM.09.AKC.5066.6001.1,PM2.5,http://dd.eionet.europa.eu/vocabulary/aq/pollutant/6001,hour,25.5574989300,µg/m3,2018-02-14 03:00:00 +01:00,2018-02-14 04:00:00 +01:00,1,1
AT,AT.0008.20.AQ,NET.09,STA.09.AKC,,SPO.09.AKC.5066.6001.1,SPP.09.AKC.5066.6001.1.11325,SAM.09.AKC.5066.6001.1,PM2.5,http://dd.eionet.europa.eu/vocabulary/aq/pollutant/6001,hour,29.6744995100,µg/m3,2018-02-14 04:00:00 +01:00,2018-02-14 05:00:00 +01:00,1,1
AT,AT.0008.20.AQ,NET.09,STA.09.AKC,,SPO.09.AKC.5066.6001.1,SPP.09.AKC.5066.6001.1.11325,SAM.09.AKC.5066.6001.1,PM2.5,http://dd.eionet.europa.eu/vocabulary/aq/pollutant/6001,hour,31.7700004500,µg/m3,2018-02-14 06:00:00 +01:00,2018-02-14 07:00:00 +01:00,1,1
AT,AT.0008.20.AQ,NET.09,STA.09.AKC,,SPO.09.AKC.5066.6001.1,SPP.09.AKC.5066.6001.1.11325,SAM.09.AKC.5066.6001.1,PM2.5,http://dd.eionet.europa.eu/vocabulary/aq/pollutant/6001,hour,32.9684982300,µg/m3,2018-02-14 07:00:00 +01:00,2018-02-14 08:00:00 +01:00,1,1
AT,AT.0008.20.AQ,NET.09,STA.09.AKC,,SPO.09.AKC.5066.6001.1,SPP.09.AKC.5066.6001.1.11325,SAM.09.AKC.5066.6001.1,PM2.5,http://dd.eionet.europa.eu/vocabulary/aq/pollutant/6001,hour,29.5314998600,µg/m3,2018-02-14 09:00:00 +01:00,2018-02-14 10:00:00 +01:00,1,1
AT,AT.0008.20.AQ,NET.09,STA.09.AKC,,SPO.09.AKC.5066.6001.1,SPP.09.AKC.5066.6001.1.11325,SAM.09.AKC.5066.6001.1,PM2.5,http://dd.eionet.europa.eu/vocabulary/aq/pollutant/6001,hour,27.1235008200,µg/m3,2018-02-14 10:00:00 +01:00,2018-02-14 11:00:00 +01:00,1,1
AT,AT.0008.20.AQ,NET.09,STA.09.AKC,,SPO.09.AKC.5066.6001.1,SPP.09.AKC.5066.6001.1.11325,SAM.09.AKC.5066.6001.1,PM2.5,http://dd.eionet.europa.eu/vocabulary/aq/pollutant/6001,hour,23.6119995100,µg/m3,2018-02-14 11:00:00 +01:00,2018-02-14 12:00:00 +01:00,1,1
AT,AT.0008.20.AQ,NET.09,STA.09.AKC,,SPO.09.AKC.5066.6001.1,SPP.09.AKC.5066.6001.1.11325,SAM.09.AKC.5066.6001.1,PM2.5,http://dd.eionet.europa.eu/vocabulary/aq/pollutant/6001,hour,20.8564987100,µg/m3,2018-02-14 12:00:00 +01:00,2018-02-14 13:00:00 +01:00,1,1
AT,AT.0008.20.AQ,NET.09,STA.09.AKC,,SPO.09.AKC.5066.6001.1,SPP.09.AKC.5066.6001.1.11325,SAM.09.AKC.5066.6001.1,PM2.5,http://dd.eionet.europa.eu/vocabulary/aq/pollutant/6001,hour,15.9064989000,µg/m3,2018-02-14 15:00:00 +01:00,2018-02-14 16:00:00 +01:00,1,1
AT,AT.0008.20.AQ,NET.09,STA.09.AKC,,SPO.09.AKC.5066.6001.1,SPP.09.AKC.5066.6001.1.11325,SAM.09.AKC.5066.6001.1,PM2.5,http://dd.eionet.europa.eu/vocabulary/aq/pollutant/6001,hour,15.5679998300,µg/m3,2018-02-14 16:00:00 +01:00,2018-02-14 17:00:00 +01:00,1,1
AT,AT.0008.20.AQ,NET.09,STA.09.AKC,,SPO.09.AKC.5066.6001.1,SPP.09.AKC.5066.6001.1.11325,SAM.09.AKC.5066.6001.1,PM2.5,http://dd.eionet.europa.eu/vocabulary/aq/pollutant/6001,hour,19.3590011500,µg/m3,2018-02-14 17:00:00 +01:00,2018-02-14 18:00:00 +01:00,1,1
AT,AT.0008.20.AQ,NET.09,STA.09.AKC,,SPO.09.AKC.5066.6001.1,SPP.09.AKC.5066.6001.1.11325,SAM.09.AKC.5066.6001.1,PM2.5,http://dd.eionet.europa.eu/vocabulary/aq/pollutant/6001,hour,20.8344993500,µg/m3,2018-02-14 18:00:00 +01:00,2018-02-14 19:00:00 +01:00,1,1
AT,AT.0008.20.AQ,NET.09,STA.09.AKC,,SPO.09.AKC.5066.6001.1,SPP.09.AKC.5066.6001.1.11325,SAM.09.AKC.5066.6001.1,PM2.5,http://dd.eionet.europa.eu/vocabulary/aq/pollutant/6001,hour,22.5410003600,µg/m3,2018-02-14 19:00:00 +01:00,2018-02-14 20:00:00 +01:00,1,1
AT,AT.0008.20.AQ,NET.09,STA.09.AKC,,SPO.09.AKC.5066.6001.1,SPP.09.AKC.5066.6001.1.11325,SAM.09.AKC.5066.6001.1,PM2.5,http://dd.eionet.europa.eu/vocabulary/aq/pollutant/6001,hour,23.0690002400,µg/m3,2018-02-14 20:00:00 +01:00,2018-02-14 21:00:00 +01:00,1,1
AT,AT.0008.20.AQ,NET.09,STA.09.AKC,,SPO.09.AKC.5066.6001.1,SPP.09.AKC.5066.6001.1.11325,SAM.09.AKC.5066.6001.1,PM2.5,http://dd.eionet.europa.eu/vocabulary/aq/pollutant/6001,hour,24.2999992300,µg/m3,2018-02-14 21:00:00 +01:00,2018-02-14 22:00:00 +01:00,1,1
AT,AT.0008.20.AQ,NET.09,STA.09.AKC,,SPO.09.AKC.5066.6001.1,SPP.09.AKC.5066.6001.1.11325,SAM.09.AKC.5066.6001.1,PM2.5,http://dd.eionet.europa.eu/vocabulary/aq/pollutant/6001,hour,25.2550010600,µg/m3,2018-02-14 22:00:00 +01:00,2018-02-14 23:00:00 +01:00,1,1
AT,AT.0008.20.AQ,NET.09,STA.09.AKC,,SPO.09.AKC.5066.6001.1,SPP.09.AKC.5066.6001.1.11325,SAM.09.AKC.5066.6001.1,PM2.5,http://dd.eionet.europa.eu/vocabulary/aq/pollutant/6001,hour,26.0890007000,µg/m3,2018-02-14 23:00:00 +01:00,2018-02-15 00:00:00 +01:00,1,1
AT,AT.0008.20.AQ,NET.09,STA.09.AKC,,SPO.09.AKC.5066.6001.1,SPP.09.AKC.5066.6001.1.11325,SAM.09.AKC.5066.6001.1,PM2.5,http://dd.eionet.europa.eu/vocabulary/aq/pollutant/6001,hour,26.3699989300,µg/m3,2018-02-15 00:00:00 +01:00,2018-02-15 01:00:00 +01:00,1,1
AT,AT.0008.20.AQ,NET.09,STA.09.AKC,,SPO.09.AKC.5066.6001.1,SPP.09.AKC.5066.6001.1.11325,SAM.09.AKC.5066.6001.1,PM2.5,http://dd.eionet.europa.eu/vocabulary/aq/pollutant/6001,hour,26.8344993500,µg/m3,2018-02-15 01:00:00 +01:00,2018-02-15 02:00:00 +01:00,1,1
AT,AT.0008.20.AQ,NET.09,STA.09.AKC,,SPO.09.AKC.5066.6001.1,SPP.09.AKC.5066.6001.1.11325,SAM.09.AKC.5066.6001.1,PM2.5,http://dd.eionet.europa.eu/vocabulary/aq/pollutant/6001,hour,27.7880001000,µg/m3,2018-02-15 02:00:00 +01:00,2018-02-15 03:00:00 +01:00,1,1
AT,AT.0008.20.AQ,NET.09,STA.09.AKC,,SPO.09.AKC.5066.6001.1,SPP.09.AKC.5066.6001.1.11325,SAM.09.AKC.5066.6001.1,PM2.5,http://dd.eionet.europa.eu/vocabulary/aq/pollutant/6001,hour,29.2430000300,µg/m3,2018-02-15 03:00:00 +01:00,2018-02-15 04:00:00 +01:00,1,1
AT,AT.0008.20.AQ,NET.09,STA.09.AKC,,SPO.09.AKC.5066.6001.1,SPP.09.AKC.5066.6001.1.11325,SAM.09.AKC.5066.6001.1,PM2.5,http://dd.eionet.europa.eu/vocabulary/aq/pollutant/6001,hour,30.5559997500,µg/m3,2018-02-15 04:00:00 +01:00,2018-02-15 05:00:00 +01:00,1,1
AT,AT.0008.20.AQ,NET.09,STA.09.AKC,,SPO.09.AKC.5066.6001.1,SPP.09.AKC.5066.6001.1.11325,SAM.09.AKC.5066.6001.1,PM2.5,http://dd.eionet.europa.eu/vocabulary/aq/pollutant/6001,hour,30.0410003600,µg/m3,2018-02-15 06:00:00 +01:00,2018-02-15 07:00:00 +01:00,1,1
AT,AT.0008.20.AQ,NET.09,STA.09.AKC,,SPO.09.AKC.5066.6001.1,SPP.09.AKC.5066.6001.1.11325,SAM.09.AKC.5066.6001.1,PM2.5,http://dd.eionet.europa.eu/vocabulary/aq/pollutant/6001,hour,31.4200000700,µg/m3,2018-02-15 07:00:00 +01:00,2018-02-15 08:00:00 +01:00,1,1
AT,AT.0008.20.AQ,NET.09,STA.09.AKC,,SPO.09.AKC.5066.6001.1,SPP.09.AKC.5066.6001.1.11325,SAM.09.AKC.5066.6001.1,PM2.5,http://dd.eionet.europa.eu/vocabulary/aq/pollutant/6001,hour,26.4790000900,µg/m3,2018-02-15 09:00:00 +01:00,2018-02-15 10:00:00 +01:00,1,1
AT,AT.0008.20.AQ,NET.09,STA.09.AKC,,SPO.09.AKC.5066.6001.1,SPP.09.AKC.5066.6001.1.11325,SAM.09.AKC.5066.6001.1,PM2.5,http://dd.eionet.europa.eu/vocabulary/aq/pollutant/6001,hour,20.7719993500,µg/m3,2018-02-15 12:00:00 +01:00,2018-02-15 13:00:00 +01:00,1,1
AT,AT.0008.20.AQ,NET.09,STA.09.AKC,,SPO.09.AKC.5066.6001.1,SPP.09.AKC.5066.6001.1.11325,SAM.09.AKC.5066.6001.1,PM2.5,http://dd.eionet.europa.eu/vocabulary/aq/pollutant/6001,hour,22.9300003000,µg/m3,2018-02-15 13:00:00 +01:00,2018-02-15 14:00:00 +01:00,1,1
AT,AT.0008.20.AQ,NET.09,STA.09.AKC,,SPO.09.AKC.5066.6001.1,SPP.09.AKC.5066.6001.1.11325,SAM.09.AKC.5066.6001.1,PM2.5,http://dd.eionet.europa.eu/vocabulary/aq/pollutant/6001,hour,20.5364990200,µg/m3,2018-02-15 16:00:00 +01:00,2018-02-15 17:00:00 +01:00,1,1
AT,AT.0008.20.AQ,NET.09,STA.09.AKC,,SPO.09.AKC.5066.6001.1,SPP.09.AKC.5066.6001.1.11325,SAM.09.AKC.5066.6001.1,PM2.5,http://dd.eionet.europa.eu/vocabulary/aq/pollutant/6001,hour,20.1069984400,µg/m3,2018-02-15 17:00:00 +01:00,2018-02-15 18:00:00 +01:00,1,1
AT,AT.0008.20.AQ,NET.09,STA.09.AKC,,SPO.09.AKC.5066.6001.1,SPP.09.AKC.5066.6001.1.11325,SAM.09.AKC.5066.6001.1,PM2.5,http://dd.eionet.europa.eu/vocabulary/aq/pollutant/6001,hour,21.7325000700,µg/m3,2018-02-15 18:00:00 +01:00,2018-02-15 19:00:00 +01:00,1,1
AT,AT.0008.20.AQ,NET.09,STA.09.AKC,,SPO.09.AKC.5066.6001.1,SPP.09.AKC.5066.6001.1.11325,SAM.09.AKC.5066.6001.1,PM2.5,http://dd.eionet.europa.eu/vocabulary/aq/pollutant/6001,hour,23.9925003000,µg/m3,2018-02-15 20:00:00 +01:00,2018-02-15 21:00:00 +01:00,1,1
AT,AT.0008.20.AQ,NET.09,STA.09.AKC,,SPO.09.AKC.5066.6001.1,SPP.09.AKC.5066.6001.1.11325,SAM.09.AKC.5066.6001.1,PM2.5,http://dd.eionet.europa.eu/vocabulary/aq/pollutant/6001,hour,23.9934997500,µg/m3,2018-02-15 22:00:00 +01:00,2018-02-15 23:00:00 +01:00,1,1
AT,AT.0008.20.AQ,NET.09,STA.09.AKC,,SPO.09.AKC.5066.6001.1,SPP.09.AKC.5066.6001.1.11325,SAM.09.AKC.5066.6001.1,PM2.5,http://dd.eionet.europa.eu/vocabulary/aq/pollutant/6001,hour,24.1665000900,µg/m3,2018-02-15 23:00:00 +01:00,2018-02-16 00:00:00 +01:00,1,1
AT,AT.0008.20.AQ,NET.09,STA.09.AKC,,SPO.09.AKC.5066.6001.1,SPP.09.AKC.5066.6001.1.11325,SAM.09.AKC.5066.6001.1,PM2.5,http://dd.eionet.europa.eu/vocabulary/aq/pollutant/6001,hour,26.7150001500,µg/m3,2018-02-16 00:00:00 +01:00,2018-02-16 01:00:00 +01:00,1,1
AT,AT.0008.20.AQ,NET.09,STA.09.AKC,,SPO.09.AKC.5066.6001.1,SPP.09.AKC.5066.6001.1.11325,SAM.09.AKC.5066.6001.1,PM2.5,http://dd.eionet.europa.eu/vocabulary/aq/pollutant/6001,hour,24.4974994600,µg/m3,2018-02-16 01:00:00 +01:00,2018-02-16 02:00:00 +01:00,1,1
AT,AT.0008.20.AQ,NET.09,STA.09.AKC,,SPO.09.AKC.5066.6001.1,SPP.09.AKC.5066.6001.1.11325,SAM.09.AKC.5066.6001.1,PM2.5,http://dd.eionet.europa.eu/vocabulary/aq/pollutant/6001,hour,19.4394989000,µg/m3,2018-02-16 04:00:00 +01:00,2018-02-16 05:00:00 +01:00,1,1
AT,AT.0008.20.AQ,NET.09,STA.09.AKC,,SPO.09.AKC.5066.6001.1,SPP.09.AKC.5066.6001.1.11325,SAM.09.AKC.5066.6001.1,PM2.5,http://dd.eionet.europa.eu/vocabulary/aq/pollutant/6001,hour,22.4500007600,µg/m3,2018-02-16 05:00:00 +01:00,2018-02-16 06:00:00 +01:00,1,1
AT,AT.0008.20.AQ,NET.09,STA.09.AKC,,SPO.09.AKC.5066.6001.1,SPP.09.AKC.5066.6001.1.11325,SAM.09.AKC.5066.6001.1,PM2.5,http://dd.eionet.europa.eu/vocabulary/aq/pollutant/6001,hour,25.6194992000,µg/m3,2018-02-16 06:00:00 +01:00,2018-02-16 07:00:00 +01:00,1,1
AT,AT.0008.20.AQ,NET.09,STA.09.AKC,,SPO.09.AKC.5066.6001.1,SPP.09.AKC.5066.6001.1.11325,SAM.09.AKC.5066.6001.1,PM2.5,http://dd.eionet.europa.eu/vocabulary/aq/pollutant/6001,hour,29.5944995800,µg/m3,2018-02-16 07:00:00 +01:00,2018-02-16 08:00:00 +01:00,1,1
AT,AT.0008.20.AQ,NET.09,STA.09.AKC,,SPO.09.AKC.5066.6001.1,SPP.09.AKC.5066.6001.1.11325,SAM.09.AKC.5066.6001.1,PM2.5,http://dd.eionet.europa.eu/vocabulary/aq/pollutant/6001,hour,31.9244995100,µg/m3,2018-02-16 08:00:00 +01:00,2018-02-16 09:00:00 +01:00,1,1
AT,AT.0008.20.AQ,NET.09,STA.09.AKC,,SPO.09.AKC.5066.6001.1,SPP.09.AKC.5066.6001.1.11325,SAM.09.AKC.5066.6001.1,PM2.5,http://dd.eionet.europa.eu/vocabulary/aq/pollutant/6001,hour,34.1650009100,µg/m3,2018-02-16 10:00:00 +01:00,2018-02-16 11:00:00 +01:00,1,1
AT,AT.0008.20.AQ,NET.09,STA.09.AKC,,SPO.09.AKC.5066.6001.1,SPP.09.AKC.5066.6001.1.11325,SAM.09.AKC.5066.6001.1,PM2.5,http://dd.eionet.europa.eu/vocabulary/aq/pollutant/6001,hour,19.5929985000,µg/m3,2018-02-16 12:00:00 +01:00,2018-02-16 13:00:00 +01:00,1,1
AT,AT.0008.20.AQ,NET.09,STA.09.AKC,,SPO.09.AKC.5066.6001.1,SPP.09.AKC.5066.6001.1.11325,SAM.09.AKC.5066.6001.1,PM2.5,http://dd.eionet.europa.eu/vocabulary/aq/pollutant/6001,hour,17.1805000300,µg/m3,2018-02-16 13:00:00 +01:00,2018-02-16 14:00:00 +01:00,1,1
AT,AT.0008.20.AQ,NET.09,STA.09.AKC,,SPO.09.AKC.5066.6001.1,SPP.09.AKC.5066.6001.1.11325,SAM.09.AKC.5066.6001.1,PM2.5,http://dd.eionet.europa.eu/vocabulary/aq/pollutant/6001,hour,16.7845001200,µg/m3,2018-02-16 15:00:00 +01:00,2018-02-16 16:00:00 +01:00,1,1
AT,AT.0008.20.AQ,NET.09,STA.09.AKC,,SPO.09.AKC.5066.6001.1,SPP.09.AKC.5066.6001.1.11325,SAM.09.AKC.5066.6001.1,PM2.5,http://dd.eionet.europa.eu/vocabulary/aq/pollutant/6001,hour,15.9324998800,µg/m3,2018-02-16 16:00:00 +01:00,2018-02-16 17:00:00 +01:00,1,1
AT,AT.0008.20.AQ,NET.09,STA.09.AKC,,SPO.09.AKC.5066.6001.1,SPP.09.AKC.5066.6001.1.11325,SAM.09.AKC.5066.6001.1,PM2.5,http://dd.eionet.europa.eu/vocabulary/aq/pollutant/6001,hour,14.7684993700,µg/m3,2018-02-16 17:00:00 +01:00,2018-02-16 18:00:00 +01:00,1,1
AT,AT.0008.20.AQ,NET.09,STA.09.AKC,,SPO.09.AKC.5066.6001.1,SPP.09.AKC.5066.6001.1.11325,SAM.09.AKC.5066.6001.1,PM2.5,http://dd.eionet.europa.eu/vocabulary/aq/pollutant/6001,hour,21.9155006400,µg/m3,2018-02-16 18:00:00 +01:00,2018-02-16 19:00:00 +01:00,1,1
AT,AT.0008.20.AQ,NET.09,STA.09.AKC,,SPO.09.AKC.5066.6001.1,SPP.09.AKC.5066.6001.1.11325,SAM.09.AKC.5066.6001.1,PM2.5,http://dd.eionet.europa.eu/vocabulary/aq/pollutant/6001,hour,36.4560012800,µg/m3,2018-02-16 19:00:00 +01:00,2018-02-16 20:00:00 +01:00,1,1
AT,AT.0008.20.AQ,NET.09,STA.09.AKC,,SPO.09.AKC.5066.6001.1,SPP.09.AKC.5066.6001.1.11325,SAM.09.AKC.5066.6001.1,PM2.5,http://dd.eionet.europa.eu/vocabulary/aq/pollutant/6001,hour,35.2945022500,µg/m3,2018-02-16 21:00:00 +01:00,2018-02-16 22:00:00 +01:00,1,1
AT,AT.0008.20.AQ,NET.09,STA.09.AKC,,SPO.09.AKC.5066.6001.1,SPP.09.AKC.5066.6001.1.11325,SAM.09.AKC.5066.6001.1,PM2.5,http://dd.eionet.europa.eu/vocabulary/aq/pollutant/6001,hour,35.3219985900,µg/m3,2018-02-16 22:00:00 +01:00,2018-02-16 23:00:00 +01:00,1,1
AT,AT.0008.20.AQ,NET.09,STA.09.AKC,,SPO.09.AKC.5066.6001.1,SPP.09.AKC.5066.6001.1.11325,SAM.09.AKC.5066.6001.1,PM2.5,http://dd.eionet.europa.eu/vocabulary/aq/pollutant/6001,hour,42.1040000900,µg/m3,2018-02-17 04:00:00 +01:00,2018-02-17 05:00:00 +01:00,1,1
AT,AT.0008.20.AQ,NET.09,STA.09.AKC,,SPO.09.AKC.5066.6001.1,SPP.09.AKC.5066.6001.1.11325,SAM.09.AKC.5066.6001.1,PM2.5,http://dd.eionet.europa.eu/vocabulary/aq/pollutant/6001,hour,41.1230010900,µg/m3,2018-02-17 05:00:00 +01:00,2018-02-17 06:00:00 +01:00,1,1
AT,AT.0008.20.AQ,NET.09,STA.09.AKC,,SPO.09.AKC.5066.6001.1,SPP.09.AKC.5066.6001.1.11325,SAM.09.AKC.5066.6001.1,PM2.5,http://dd.eionet.europa.eu/vocabulary/aq/pollutant/6001,hour,35.6640014600,µg/m3,2018-02-17 06:00:00 +01:00,2018-02-17 07:00:00 +01:00,1,1
AT,AT.0008.20.AQ,NET.09,STA.09.AKC,,SPO.09.AKC.5066.6001.1,SPP.09.AKC.5066.6001.1.11325,SAM.09.AKC.5066.6001.1,PM2.5,http://dd.eionet.europa.eu/vocabulary/aq/pollutant/6001,hour,30.6685009000,µg/m3,2018-02-17 08:00:00 +01:00,2018-02-17 09:00:00 +01:00,1,1
AT,AT.0008.20.AQ,NET.09,STA.09.AKC,,SPO.09.AKC.5066.6001.1,SPP.09.AKC.5066.6001.1.11325,SAM.09.AKC.5066.6001.1,PM2.5,http://dd.eionet.europa.eu/vocabulary/aq/pollutant/6001,hour,32.5510025000,µg/m3,2018-02-17 09:00:00 +01:00,2018-02-17 10:00:00 +01:00,1,1
AT,AT.0008.20.AQ,NET.09,STA.09.AKC,,SPO.09.AKC.5066.6001.1,SPP.09.AKC.5066.6001.1.11325,SAM.09.AKC.5066.6001.1,PM2.5,http://dd.eionet.europa.eu/vocabulary/aq/pollutant/6001,hour,36.5895004200,µg/m3,2018-02-17 12:00:00 +01:00,2018-02-17 13:00:00 +01:00,1,1
AT,AT.0008.20.AQ,NET.09,STA.09.AKC,,SPO.09.AKC.5066.6001.1,SPP.09.AKC.5066.6001.1.11325,SAM.09.AKC.5066.6001.1,PM2.5,http://dd.eionet.europa.eu/vocabulary/aq/pollutant/6001,hour,35.6774978600,µg/m3,2018-02-17 16:00:00 +01:00,2018-02-17 17:00:00 +01:00,1,1
AT,AT.0008.20.AQ,NET.09,STA.09.AKC,,SPO.09.AKC.5066.6001.1,SPP.09.AKC.5066.6001.1.11325,SAM.09.AKC.5066.6001.1,PM2.5,http://dd.eionet.europa.eu/vocabulary/aq/pollutant/6001,hour,33.6204986500,µg/m3,2018-02-17 17:00:00 +01:00,2018-02-17 18:00:00 +01:00,1,1
AT,AT.0008.20.AQ,NET.09,STA.09.AKC,,SPO.09.AKC.5066.6001.1,SPP.09.AKC.5066.6001.1.11325,SAM.09.AKC.5066.6001.1,PM2.5,http://dd.eionet.europa.eu/vocabulary/aq/pollutant/6001,hour,35.2839965800,µg/m3,2018-02-17 18:00:00 +01:00,2018-02-17 19:00:00 +01:00,1,1
AT,AT.0008.20.AQ,NET.09,STA.09.AKC,,SPO.09.AKC.5066.6001.1,SPP.09.AKC.5066.6001.1.11325,SAM.09.AKC.5066.6001.1,PM2.5,http://dd.eionet.europa.eu/vocabulary/aq/pollutant/6001,hour,29.9305000300,µg/m3,2018-02-17 22:00:00 +01:00,2018-02-17 23:00:00 +01:00,1,1
AT,AT.0008.20.AQ,NET.09,STA.09.AKC,,SPO.09.AKC.5066.6001.1,SPP.09.AKC.5066.6001.1.11325,SAM.09.AKC.5066.6001.1,PM2.5,http://dd.eionet.europa.eu/vocabulary/aq/pollutant/6001,hour,18.4960002800,µg/m3,2018-02-18 00:00:00 +01:00,2018-02-18 01:00:00 +01:00,1,1
AT,AT.0008.20.AQ,NET.09,STA.09.AKC,,SPO.09.AKC.5066.6001.1,SPP.09.AKC.5066.6001.1.11325,SAM.09.AKC.5066.6001.1,PM2.5,http://dd.eionet.europa.eu/vocabulary/aq/pollutant/6001,hour,14.6905002500,µg/m3,2018-02-18 01:00:00 +01:00,2018-02-18 02:00:00 +01:00,1,1
AT,AT.0008.20.AQ,NET.09,STA.09.AKC,,SPO.09.AKC.5066.6001.1,SPP.09.AKC.5066.6001.1.11325,SAM.09.AKC.5066.6001.1,PM2.5,http://dd.eionet.europa.eu/vocabulary/aq/pollutant/6001,hour,10.3575000700,µg/m3,2018-02-18 03:00:00 +01:00,2018-02-18 04:00:00 +01:00,1,1
AT,AT.0008.20.AQ,NET.09,STA.09.AKC,,SPO.09.AKC.5066.6001.1,SPP.09.AKC.5066.6001.1.11325,SAM.09.AKC.5066.6001.1,PM2.5,http://dd.eionet.europa.eu/vocabulary/aq/pollutant/6001,hour,19.6085014300,µg/m3,2018-02-18 07:00:00 +01:00,2018-02-18 08:00:00 +01:00,1,1
AT,AT.0008.20.AQ,NET.09,STA.09.AKC,,SPO.09.AKC.5066.6001.1,SPP.09.AKC.5066.6001.1.11325,SAM.09.AKC.5066.6001.1,PM2.5,http://dd.eionet.europa.eu/vocabulary/aq/pollutant/6001,hour,21.8969993500,µg/m3,2018-02-18 08:00:00 +01:00,2018-02-18 09:00:00 +01:00,1,1
AT,AT.0008.20.AQ,NET.09,STA.09.AKC,,SPO.09.AKC.5066.6001.1,SPP.09.AKC.5066.6001.1.11325,SAM.09.AKC.5066.6001.1,PM2.5,http://dd.eionet.europa.eu/vocabulary/aq/pollutant/6001,hour,20.0739994000,µg/m3,2018-02-18 09:00:00 +01:00,2018-02-18 10:00:00 +01:00,1,1
AT,AT.0008.20.AQ,NET.09,STA.09.AKC,,SPO.09.AKC.5066.6001.1,SPP.09.AKC.5066.6001.1.11325,SAM.09.AKC.5066.6001.1,PM2.5,http://dd.eionet.europa.eu/vocabulary/aq/pollutant/6001,hour,21.7059993700,µg/m3,2018-02-18 10:00:00 +01:00,2018-02-18 11:00:00 +01:00,1,1
AT,AT.0008.20.AQ,NET.09,STA.09.AKC,,SPO.09.AKC.5066.6001.1,SPP.09.AKC.5066.6001.1.11325,SAM.09.AKC.5066.6001.1,PM2.5,http://dd.eionet.europa.eu/vocabulary/aq/pollutant/6001,hour,19.6520004200,µg/m3,2018-02-18 12:00:00 +01:00,2018-02-18 13:00:00 +01:00,1,1
AT,AT.0008.20.AQ,NET.09,STA.09.AKC,,SPO.09.AKC.5066.6001.1,SPP.09.AKC.5066.6001.1.11325,SAM.09.AKC.5066.6001.1,PM2.5,http://dd.eionet.europa.eu/vocabulary/aq/pollutant/6001,hour,20.5764999300,µg/m3,2018-02-18 13:00:00 +01:00,2018-02-18 14:00:00 +01:00,1,1
AT,AT.0008.20.AQ,NET.09,STA.09.AKC,,SPO.09.AKC.5066.6001.1,SPP.09.AKC.5066.6001.1.11325,SAM.09.AKC.5066.6001.1,PM2.5,http://dd.eionet.europa.eu/vocabulary/aq/pollutant/6001,hour,22.5270004200,µg/m3,2018-02-18 14:00:00 +01:00,2018-02-18 15:00:00 +01:00,1,1
AT,AT.0008.20.AQ,NET.09,STA.09.AKC,,SPO.09.AKC.5066.6001.1,SPP.09.AKC.5066.6001.1.11325,SAM.09.AKC.5066.6001.1,PM2.5,http://dd.eionet.europa.eu/vocabulary/aq/pollutant/6001,hour,22.1575012200,µg/m3,2018-02-18 15:00:00 +01:00,2018-02-18 16:00:00 +01:00,1,1
AT,AT.0008.20.AQ,NET.09,STA.09.AKC,,SPO.09.AKC.5066.6001.1,SPP.09.AKC.5066.6001.1.11325,SAM.09.AKC.5066.6001.1,PM2.5,http://dd.eionet.europa.eu/vocabulary/aq/pollutant/6001,hour,14.9920005700,µg/m3,2018-02-18 17:00:00 +01:00,2018-02-18 18:00:00 +01:00,1,1
AT,AT.0008.20.AQ,NET.09,STA.09.AKC,,SPO.09.AKC.5066.6001.1,SPP.09.AKC.5066.6001.1.11325,SAM.09.AKC.5066.6001.1,PM2.5,http://dd.eionet.europa.eu/vocabulary/aq/pollutant/6001,hour,14.7870006500,µg/m3,2018-02-18 18:00:00 +01:00,2018-02-18 19:00:00 +01:00,1,1
AT,AT.0008.20.AQ,NET.09,STA.09.AKC,,SPO.09.AKC.5066.6001.1,SPP.09.AKC.5066.6001.1.11325,SAM.09.AKC.5066.6001.1,PM2.5,http://dd.eionet.europa.eu/vocabulary/aq/pollutant/6001,hour,14.1254997200,µg/m3,2018-02-18 19:00:00 +01:00,2018-02-18 20:00:00 +01:00,1,1
AT,AT.0008.20.AQ,NET.09,STA.09.AKC,,SPO.09.AKC.5066.6001.1,SPP.09.AKC.5066.6001.1.11325,SAM.09.AKC.5066.6001.1,PM2.5,http://dd.eionet.europa.eu/vocabulary/aq/pollutant/6001,hour,12.5424995400,µg/m3,2018-02-18 20:00:00 +01:00,2018-02-18 21:00:00 +01:00,1,1
AT,AT.0008.20.AQ,NET.09,STA.09.AKC,,SPO.09.AKC.5066.6001.1,SPP.09.AKC.5066.6001.1.11325,SAM.09.AKC.5066.6001.1,PM2.5,http://dd.eionet.europa.eu/vocabulary/aq/pollutant/6001,hour,12.8199996900,µg/m3,2018-02-18 22:00:00 +01:00,2018-02-18 23:00:00 +01:00,1,1
AT,AT.0008.20.AQ,NET.09,STA.09.AKC,,SPO.09.AKC.5066.6001.1,SPP.09.AKC.5066.6001.1.11325,SAM.09.AKC.5066.6001.1,PM2.5,http://dd.eionet.europa.eu/vocabulary/aq/pollutant/6001,hour,12.9949998800,µg/m3,2018-02-18 23:00:00 +01:00,2018-02-19 00:00:00 +01:00,1,1
AT,AT.0008.20.AQ,NET.09,STA.09.AKC,,SPO.09.AKC.5066.6001.1,SPP.09.AKC.5066.6001.1.11325,SAM.09.AKC.5066.6001.1,PM2.5,http://dd.eionet.europa.eu/vocabulary/aq/pollutant/6001,hour,19.1674995400,µg/m3,2018-02-19 01:00:00 +01:00,2018-02-19 02:00:00 +01:00,1,1
AT,AT.0008.20.AQ,NET.09,STA.09.AKC,,SPO.09.AKC.5066.6001.1,SPP.09.AKC.5066.6001.1.11325,SAM.09.AKC.5066.6001.1,PM2.5,http://dd.eionet.europa.eu/vocabulary/aq/pollutant/6001,hour,20.6824989300,µg/m3,2018-02-19 02:00:00 +01:00,2018-02-19 03:00:00 +01:00,1,1
AT,AT.0008.20.AQ,NET.09,STA.09.AKC,,SPO.09.AKC.5066.6001.1,SPP.09.AKC.5066.6001.1.11325,SAM.09.AKC.5066.6001.1,PM2.5,http://dd.eionet.europa.eu/vocabulary/aq/pollutant/6001,hour,24.4399986200,µg/m3,2018-02-19 05:00:00 +01:00,2018-02-19 06:00:00 +01:00,1,1
AT,AT.0008.20.AQ,NET.09,STA.09.AKC,,SPO.09.AKC.5066.6001.1,SPP.09.AKC.5066.6001.1.11325,SAM.09.AKC.5066.6001.1,PM2.5,http://dd.eionet.europa.eu/vocabulary/aq/pollutant/6001,hour,25.8080005600,µg/m3,2018-02-19 06:00:00 +01:00,2018-02-19 07:00:00 +01:00,1,1
AT,AT.0008.20.AQ,NET.09,STA.09.AKC,,SPO.09.AKC.5066.6001.1,SPP.09.AKC.5066.6001.1.11325,SAM.09.AKC.5066.6001.1,PM2.5,http://dd.eionet.europa.eu/vocabulary/aq/pollutant/6001,hour,28.9064998600,µg/m3,2018-02-19 08:00:00 +01:00,2018-02-19 09:00:00 +01:00,1,1
AT,AT.0008.20.AQ,NET.09,STA.09.AKC,,SPO.09.AKC.5066.6001.1,SPP.09.AKC.5066.6001.1.11325,SAM.09.AKC.5066.6001.1,PM2.5,http://dd.eionet.europa.eu/vocabulary/aq/pollutant/6001,hour,30.9274997700,µg/m3,2018-02-19 09:00:00 +01:00,2018-02-19 10:00:00 +01:00,1,1
AT,AT.0008.20.AQ,NET.09,STA.09.AKC,,SPO.09.AKC.5066.6001.1,SPP.09.AKC.5066.6001.1.11325,SAM.09.AKC.5066.6001.1,PM2.5,http://dd.eionet.europa.eu/vocabulary/aq/pollutant/6001,hour,22.0434989900,µg/m3,2018-02-19 12:00:00 +01:00,2018-02-19 13:00:00 +01:00,1,1
AT,AT.0008.20.AQ,NET.09,STA.09.AKC,,SPO.09.AKC.5066.6001.1,SPP.09.AKC.5066.6001.1.11325,SAM.09.AKC.5066.6001.1,PM2.5,http://dd.eionet.europa.eu/vocabulary/aq/pollutant/6001,hour,20.4449996900,µg/m3,2018-02-19 13:00:00 +01:00,2018-02-19 14:00:00 +01:00,1,1
AT,AT.0008.20.AQ,NET.09,STA.09.AKC,,SPO.09.AKC.5066.6001.1,SPP.09.AKC.5066.6001.1.11325,SAM.09.AKC.5066.6001.1,PM2.5,http://dd.eionet.europa.eu/vocabulary/aq/pollutant/6001,hour,25.1059989900,µg/m3,2018-02-19 17:00:00 +01:00,2018-02-19 18:00:00 +01:00,1,1
AT,AT.0008.20.AQ,NET.09,STA.09.AKC,,SPO.09.AKC.5066.6001.1,SPP.09.AKC.5066.6001.1.11325,SAM.09.AKC.5066.6001.1,PM2.5,http://dd.eionet.europa.eu/vocabulary/aq/pollutant/6001,hour,25.0020008000,µg/m3,2018-02-19 19:00:00 +01:00,2018-02-19 20:00:00 +01:00,1,1
AT,AT.0008.20.AQ,NET.09,STA.09.AKC,,SPO.09.AKC.5066.6001.1,SPP.09.AKC.5066.6001.1.11325,SAM.09.AKC.5066.6001.1,PM2.5,http://dd.eionet.europa.eu/vocabulary/aq/pollutant/6001,hour,23.1240005400,µg/m3,2018-02-19 21:00:00 +01:00,2018-02-19 22:00:00 +01:00,1,1
AT,AT.0008.20.AQ,NET.09,STA.09.AKC,,SPO.09.AKC.5066.6001.1,SPP.09.AKC.5066.6001.1.11325,SAM.09.AKC.5066.6001.1,PM2.5,http://dd.eionet.europa.eu/vocabulary/aq/pollutant/6001,hour,22.6550006800,µg/m3,2018-02-19 22:00:00 +01:00,2018-02-19 23:00:00 +01:00,1,1
AT,AT.0008.20.AQ,NET.09,STA.09.AKC,,SPO.09.AKC.5066.6001.1,SPP.09.AKC.5066.6001.1.11325,SAM.09.AKC.5066.6001.1,PM2.5,http://dd.eionet.europa.eu/vocabulary/aq/pollutant/6001,hour,22.7415008500,µg/m3,2018-02-19 23:00:00 +01:00,2018-02-20 00:00:00 +01:00,1,1
AT,AT.0008.20.AQ,NET.09,STA.09.AKC,,SPO.09.AKC.5066.6001.1,SPP.09.AKC.5066.6001.1.11325,SAM.09.AKC.5066.6001.1,PM2.5,http://dd.eionet.europa.eu/vocabulary/aq/pollutant/6001,hour,25.3505001000,µg/m3,2018-02-20 07:00:00 +01:00,2018-02-20 08:00:00 +01:00,1,1
AT,AT.0008.20.AQ,NET.09,STA.09.AKC,,SPO.09.AKC.5066.6001.1,SPP.09.AKC.5066.6001.1.11325,SAM.09.AKC.5066.6001.1,PM2.5,http://dd.eionet.europa.eu/vocabulary/aq/pollutant/6001,hour,21.6695003500,µg/m3,2018-02-20 08:00:00 +01:00,2018-02-20 09:00:00 +01:00,1,1
AT,AT.0008.20.AQ,NET.09,STA.09.AKC,,SPO.09.AKC.5066.6001.1,SPP.09.AKC.5066.6001.1.11325,SAM.09.AKC.5066.6001.1,PM2.5,http://dd.eionet.europa.eu/vocabulary/aq/pollutant/6001,hour,19.0439987100,µg/m3,2018-02-20 10:00:00 +01:00,2018-02-20 11:00:00 +01:00,1,1
AT,AT.0008.20.AQ,NET.09,STA.09.AKC,,SPO.09.AKC.5066.6001.1,SPP.09.AKC.5066.6001.1.11325,SAM.09.AKC.5066.6001.1,PM2.5,http://dd.eionet.europa.eu/vocabulary/aq/pollutant/6001,hour,19.8369998900,µg/m3,2018-02-20 12:00:00 +01:00,2018-02-20 13:00:00 +01:00,1,1
AT,AT.0008.20.AQ,NET.09,STA.09.AKC,,SPO.09.AKC.5066.6001.1,SPP.09.AKC.5066.6001.1.11325,SAM.09.AKC.5066.6001.1,PM2.5,http://dd.eionet.europa.eu/vocabulary/aq/pollutant/6001,hour,18.4415016100,µg/m3,2018-02-20 13:00:00 +01:00,2018-02-20 14:00:00 +01:00,1,1
AT,AT.0008.20.AQ,NET.09,STA.09.AKC,,SPO.09.AKC.5066.6001.1,SPP.09.AKC.5066.6001.1.11325,SAM.09.AKC.5066.6001.1,PM2.5,http://dd.eionet.europa.eu/vocabulary/aq/pollutant/6001,hour,31.3455009400,µg/m3,2018-02-20 18:00:00 +01:00,2018-02-20 19:00:00 +01:00,1,1
AT,AT.0008.20.AQ,NET.09,STA.09.AKC,,SPO.09.AKC.5066.6001.1,SPP.09.AKC.5066.6001.1.11325,SAM.09.AKC.5066.6001.1,PM2.5,http://dd.eionet.europa.eu/vocabulary/aq/pollutant/6001,hour,30.4794998100,µg/m3,2018-02-20 19:00:00 +01:00,2018-02-20 20:00:00 +01:00,1,1
AT,AT.0008.20.AQ,NET.09,STA.09.AKC,,SPO.09.AKC.5066.6001.1,SPP.09.AKC.5066.6001.1.11325,SAM.09.AKC.5066.6001.1,PM2.5,http://dd.eionet.europa.eu/vocabulary/aq/pollutant/6001,hour,47.7779998700,µg/m3,2018-02-20 20:00:00 +01:00,2018-02-20 21:00:00 +01:00,1,1
AT,AT.0008.20.AQ,NET.09,STA.09.AKC,,SPO.09.AKC.5066.6001.1,SPP.09.AKC.5066.6001.1.11325,SAM.09.AKC.5066.6001.1,PM2.5,http://dd.eionet.europa.eu/vocabulary/aq/pollutant/6001,hour,54.9205017000,µg/m3,2018-02-20 21:00:00 +01:00,2018-02-20 22:00:00 +01:00,1,1
AT,AT.0008.20.AQ,NET.09,STA.09.AKC,,SPO.09.AKC.5066.6001.1,SPP.09.AKC.5066.6001.1.11325,SAM.09.AKC.5066.6001.1,PM2.5,http://dd.eionet.europa.eu/vocabulary/aq/pollutant/6001,hour,58.3365020700,µg/m3,2018-02-20 22:00:00 +01:00,2018-02-20 23:00:00 +01:00,1,1
AT,AT.0008.20.AQ,NET.09,STA.09.AKC,,SPO.09.AKC.5066.6001.1,SPP.09.AKC.5066.6001.1.11325,SAM.09.AKC.5066.6001.1,PM2.5,http://dd.eionet.europa.eu/vocabulary/aq/pollutant/6001,hour,59.3515014600,µg/m3,2018-02-20 23:00:00 +01:00,2018-02-21 00:00:00 +01:00,1,1
AT,AT.0008.20.AQ,NET.09,STA.09.AKC,,SPO.09.AKC.5066.6001.1,SPP.09.AKC.5066.6001.1.11325,SAM.09.AKC.5066.6001.1,PM2.5,http://dd.eionet.europa.eu/vocabulary/aq/pollutant/6001,hour,60.3789978000,µg/m3,2018-02-21 00:00:00 +01:00,2018-02-21 01:00:00 +01:00,1,1
AT,AT.0008.20.AQ,NET.09,STA.09.AKC,,SPO.09.AKC.5066.6001.1,SPP.09.AKC.5066.6001.1.11325,SAM.09.AKC.5066.6001.1,PM2.5,http://dd.eionet.europa.eu/vocabulary/aq/pollutant/6001,hour,43.3010025000,µg/m3,2018-02-21 04:00:00 +01:00,2018-02-21 05:00:00 +01:00,1,1
AT,AT.0008.20.AQ,NET.09,STA.09.AKC,,SPO.09.AKC.5066.6001.1,SPP.09.AKC.5066.6001.1.11325,SAM.09.AKC.5066.6001.1,PM2.5,http://dd.eionet.europa.eu/vocabulary/aq/pollutant/6001,hour,43.0755004800,µg/m3,2018-02-21 05:00:00 +01:00,2018-02-21 06:00:00 +01:00,1,1
AT,AT.0008.20.AQ,NET.09,STA.09.AKC,,SPO.09.AKC.5066.6001.1,SPP.09.AKC.5066.6001.1.11325,SAM.09.AKC.5066.6001.1,PM2.5,http://dd.eionet.europa.eu/vocabulary/aq/pollutant/6001,hour,51.2604980400,µg/m3,2018-02-21 07:00:00 +01:00,2018-02-21 08:00:00 +01:00,1,1
AT,AT.0008.20.AQ,NET.09,STA.09.AKC,,SPO.09.AKC.5066.6001.1,SPP.09.AKC.5066.6001.1.11325,SAM.09.AKC.5066.6001.1,PM2.5,http://dd.eionet.europa.eu/vocabulary/aq/pollutant/6001,hour,50.5125007600,µg/m3,2018-02-21 08:00:00 +01:00,2018-02-21 09:00:00 +01:00,1,1
AT,AT.0008.20.AQ,NET.09,STA.09.AKC,,SPO.09.AKC.5066.6001.1,SPP.09.AKC.5066.6001.1.11325,SAM.09.AKC.5066.6001.1,PM2.5,http://dd.eionet.europa.eu/vocabulary/aq/pollutant/6001,hour,45.1194992000,µg/m3,2018-02-21 10:00:00 +01:00,2018-02-21 11:00:00 +01:00,1,1
AT,AT.0008.20.AQ,NET.09,STA.09.AKC,,SPO.09.AKC.5066.6001.1,SPP.09.AKC.5066.6001.1.11325,SAM.09.AKC.5066.6001.1,PM2.5,http://dd.eionet.europa.eu/vocabulary/aq/pollutant/6001,hour,42.1194992000,µg/m3,2018-02-21 11:00:00 +01:00,2018-02-21 12:00:00 +01:00,1,1
AT,AT.0008.20.AQ,NET.09,STA.09.AKC,,SPO.09.AKC.5066.6001.1,SPP.09.AKC.5066.6001.1.11325,SAM.09.AKC.5066.6001.1,PM2.5,http://dd.eionet.europa.eu/vocabulary/aq/pollutant/6001,hour,42.8744964600,µg/m3,2018-02-21 13:00:00 +01:00,2018-02-21 14:00:00 +01:00,1,1
AT,AT.0008.20.AQ,NET.09,STA.09.AKC,,SPO.09.AKC.5066.6001.1,SPP.09.AKC.5066.6001.1.11325,SAM.09.AKC.5066.6001.1,PM2.5,http://dd.eionet.europa.eu/vocabulary/aq/pollutant/6001,hour,40.3420028600,µg/m3,2018-02-21 14:00:00 +01:00,2018-02-21 15:00:00 +01:00,1,1
AT,AT.0008.20.AQ,NET.09,STA.09.AKC,,SPO.09.AKC.5066.6001.1,SPP.09.AKC.5066.6001.1.11325,SAM.09.AKC.5066.6001.1,PM2.5,http://dd.eionet.europa.eu/vocabulary/aq/pollutant/6001,hour,31.7574996900,µg/m3,2018-02-21 17:00:00 +01:00,2018-02-21 18:00:00 +01:00,1,1
AT,AT.0008.20.AQ,NET.09,STA.09.AKC,,SPO.09.AKC.5066.6001.1,SPP.09.AKC.5066.6001.1.11325,SAM.09.AKC.5066.6001.1,PM2.5,http://dd.eionet.europa.eu/vocabulary/aq/pollutant/6001,hour,35.5060005100,µg/m3,2018-02-21 18:00:00 +01:00,2018-02-21 19:00:00 +01:00,1,1
AT,AT.0008.20.AQ,NET.09,STA.09.AKC,,SPO.09.AKC.5066.6001.1,SPP.09.AKC.5066.6001.1.11325,SAM.09.AKC.5066.6001.1,PM2.5,http://dd.eionet.europa.eu/vocabulary/aq/pollutant/6001,hour,39.3525009100,µg/m3,2018-02-21 20:00:00 +01:00,2018-02-21 21:00:00 +01:00,1,1
AT,AT.0008.20.AQ,NET.09,STA.09.AKC,,SPO.09.AKC.5066.6001.1,SPP.09.AKC.5066.6001.1.11325,SAM.09.AKC.5066.6001.1,PM2.5,http://dd.eionet.europa.eu/vocabulary/aq/pollutant/6001,hour,36.1679992600,µg/m3,2018-02-21 22:00:00 +01:00,2018-02-21 23:00:00 +01:00,1,1
AT,AT.0008.20.AQ,NET.09,STA.09.AKC,,SPO.09.AKC.5066.6001.1,SPP.09.AKC.5066.6001.1.11325,SAM.09.AKC.5066.6001.1,PM2.5,http://dd.eionet.europa.eu/vocabulary/aq/pollutant/6001,hour,28.5424995400,µg/m3,2018-02-21 23:00:00 +01:00,2018-02-22 00:00:00 +01:00,1,1
AT,AT.0008.20.AQ,NET.09,STA.09.AKC,,SPO.09.AKC.5066.6001.1,SPP.09.AKC.5066.6001.1.11325,SAM.09.AKC.5066.6001.1,PM2.5,http://dd.eionet.europa.eu/vocabulary/aq/pollutant/6001,hour,26.4425010600,µg/m3,2018-02-22 00:00:00 +01:00,2018-02-22 01:00:00 +01:00,1,1
AT,AT.0008.20.AQ,NET.09,STA.09.AKC,,SPO.09.AKC.5066.6001.1,SPP.09.AKC.5066.6001.1.11325,SAM.09.AKC.5066.6001.1,PM2.5,http://dd.eionet.europa.eu/vocabulary/aq/pollutant/6001,hour,24.0764999300,µg/m3,2018-02-22 01:00:00 +01:00,2018-02-22 02:00:00 +01:00,1,1
AT,AT.0008.20.AQ,NET.09,STA.09.AKC,,SPO.09.AKC.5066.6001.1,SPP.09.AKC.5066.6001.1.11325,SAM.09.AKC.5066.6001.1,PM2.5,http://dd.eionet.europa.eu/vocabulary/aq/pollutant/6001,hour,24.6315002400,µg/m3,2018-02-22 02:00:00 +01:00,2018-02-22 03:00:00 +01:00,1,1
AT,AT.0008.20.AQ,NET.09,STA.09.AKC,,SPO.09.AKC.5066.6001.1,SPP.09.AKC.5066.6001.1.11325,SAM.09.AKC.5066.6001.1,PM2.5,http://dd.eionet.europa.eu/vocabulary/aq/pollutant/6001,hour,33.4059982300,µg/m3,2018-02-22 03:00:00 +01:00,2018-02-22 04:00:00 +01:00,1,1
AT,AT.0008.20.AQ,NET.09,STA.09.AKC,,SPO.09.AKC.5066.6001.1,SPP.09.AKC.5066.6001.1.11325,SAM.09.AKC.5066.6001.1,PM2.5,http://dd.eionet.europa.eu/vocabulary/aq/pollutant/6001,hour,47.7415008500,µg/m3,2018-02-22 06:00:00 +01:00,2018-02-22 07:00:00 +01:00,1,1
AT,AT.0008.20.AQ,NET.09,STA.09.AKC,,SPO.09.AKC.5066.6001.1,SPP.09.AKC.5066.6001.1.11325,SAM.09.AKC.5066.6001.1,PM2.5,http://dd.eionet.europa.eu/vocabulary/aq/pollutant/6001,hour,40.8310012800,µg/m3,2018-02-22 09:00:00 +01:00,2018-02-22 10:00:00 +01:00,1,1
AT,AT.0008.20.AQ,NET.09,STA.09.AKC,,SPO.09.AKC.5066.6001.1,SPP.09.AKC.5066.6001.1.11325,SAM.09.AKC.5066.6001.1,PM2.5,http://dd.eionet.europa.eu/vocabulary/aq/pollutant/6001,hour,39.8600006100,µg/m3,2018-02-22 10:00:00 +01:00,2018-02-22 11:00:00 +01:00,1,1
AT,AT.0008.20.AQ,NET.09,STA.09.AKC,,SPO.09.AKC.5066.6001.1,SPP.09.AKC.5066.6001.1.11325,SAM.09.AKC.5066.6001.1,PM2.5,http://dd.eionet.europa.eu/vocabulary/aq/pollutant/6001,hour,37.9694976800,µg/m3,2018-02-22 12:00:00 +01:00,2018-02-22 13:00:00 +01:00,1,1
AT,AT.0008.20.AQ,NET.09,STA.09.AKC,,SPO.09.AKC.5066.6001.1,SPP.09.AKC.5066.6001.1.11325,SAM.09.AKC.5066.6001.1,PM2.5,http://dd.eionet.europa.eu/vocabulary/aq/pollutant/6001,hour,29.6469993500,µg/m3,2018-02-22 16:00:00 +01:00,2018-02-22 17:00:00 +01:00,1,1
AT,AT.0008.20.AQ,NET.09,STA.09.AKC,,SPO.09.AKC.5066.6001.1,SPP.09.AKC.5066.6001.1.11325,SAM.09.AKC.5066.6001.1,PM2.5,http://dd.eionet.europa.eu/vocabulary/aq/pollutant/6001,hour,24.8854999500,µg/m3,2018-02-22 18:00:00 +01:00,2018-02-22 19:00:00 +01:00,1,1
AT,AT.0008.20.AQ,NET.09,STA.09.AKC,,SPO.09.AKC.5066.6001.1,SPP.09.AKC.5066.6001.1.11325,SAM.09.AKC.5066.6001.1,PM2.5,http://dd.eionet.europa.eu/vocabulary/aq/pollutant/6001,hour,24.4659996000,µg/m3,2018-02-22 20:00:00 +01:00,2018-02-22 21:00:00 +01:00,1,1
AT,AT.0008.20.AQ,NET.09,STA.09.AKC,,SPO.09.AKC.5066.6001.1,SPP.09.AKC.5066.6001.1.11325,SAM.09.AKC.5066.6001.1,PM2.5,http://dd.eionet.europa.eu/vocabulary/aq/pollutant/6001,hour,25.6674995400,µg/m3,2018-02-22 21:00:00 +01:00,2018-02-22 22:00:00 +01:00,1,1
AT,AT.0008.20.AQ,NET.09,STA.09.AKC,,SPO.09.AKC.5066.6001.1,SPP.09.AKC.5066.6001.1.11325,SAM.09.AKC.5066.6001.1,PM2.5,http://dd.eionet.europa.eu/vocabulary/aq/pollutant/6001,hour,27.0839996300,µg/m3,2018-02-22 22:00:00 +01:00,2018-02-22 23:00:00 +01:00,1,1
AT,AT.0008.20.AQ,NET.09,STA.09.AKC,,SPO.09.AKC.5066.6001.1,SPP.09.AKC.5066.6001.1.11325,SAM.09.AKC.5066.6001.1,PM2.5,http://dd.eionet.europa.eu/vocabulary/aq/pollutant/6001,hour,29.8204994200,µg/m3,2018-02-22 23:00:00 +01:00,2018-02-23 00:00:00 +01:00,1,1
AT,AT.0008.20.AQ,NET.09,STA.09.AKC,,SPO.09.AKC.5066.6001.1,SPP.09.AKC.5066.6001.1.11325,SAM.09.AKC.5066.6001.1,PM2.5,http://dd.eionet.europa.eu/vocabulary/aq/pollutant/6001,hour,32.1769981300,µg/m3,2018-02-23 00:00:00 +01:00,2018-02-23 01:00:00 +01:00,1,1
AT,AT.0008.20.AQ,NET.09,STA.09.AKC,,SPO.09.AKC.5066.6001.1,SPP.09.AKC.5066.6001.1.11325,SAM.09.AKC.5066.6001.1,PM2.5,http://dd.eionet.europa.eu/vocabulary/aq/pollutant/6001,hour,31.3040008500,µg/m3,2018-02-23 03:00:00 +01:00,2018-02-23 04:00:00 +01:00,1,1
AT,AT.0008.20.AQ,NET.09,STA.09.AKC,,SPO.09.AKC.5066.6001.1,SPP.09.AKC.5066.6001.1.11325,SAM.09.AKC.5066.6001.1,PM2.5,http://dd.eionet.europa.eu/vocabulary/aq/pollutant/6001,hour,30.8489990200,µg/m3,2018-02-23 04:00:00 +01:00,2018-02-23 05:00:00 +01:00,1,1
AT,AT.0008.20.AQ,NET.09,STA.09.AKC,,SPO.09.AKC.5066.6001.1,SPP.09.AKC.5066.6001.1.11325,SAM.09.AKC.5066.6001.1,PM2.5,http://dd.eionet.europa.eu/vocabulary/aq/pollutant/6001,hour,30.0184993700,µg/m3,2018-02-23 05:00:00 +01:00,2018-02-23 06:00:00 +01:00,1,1
AT,AT.0008.20.AQ,NET.09,STA.09.AKC,,SPO.09.AKC.5066.6001.1,SPP.09.AKC.5066.6001.1.11325,SAM.09.AKC.5066.6001.1,PM2.5,http://dd.eionet.europa.eu/vocabulary/aq/pollutant/6001,hour,31.5494995100,µg/m3,2018-02-23 06:00:00 +01:00,2018-02-23 07:00:00 +01:00,1,1
AT,AT.0008.20.AQ,NET.09,STA.09.AKC,,SPO.09.AKC.5066.6001.1,SPP.09.AKC.5066.6001.1.11325,SAM.09.AKC.5066.6001.1,PM2.5,http://dd.eionet.europa.eu/vocabulary/aq/pollutant/6001,hour,35.8594970700,µg/m3,2018-02-23 07:00:00 +01:00,2018-02-23 08:00:00 +01:00,1,1
AT,AT.0008.20.AQ,NET.09,STA.09.AKC,,SPO.09.AKC.5066.6001.1,SPP.09.AKC.5066.6001.1.11325,SAM.09.AKC.5066.6001.1,PM2.5,http://dd.eionet.europa.eu/vocabulary/aq/pollutant/6001,hour,32.6440010000,µg/m3,2018-02-23 10:00:00 +01:00,2018-02-23 11:00:00 +01:00,1,1
AT,AT.0008.20.AQ,NET.09,STA.09.AKC,,SPO.09.AKC.5066.6001.1,SPP.09.AKC.5066.6001.1.11325,SAM.09.AKC.5066.6001.1,PM2.5,http://dd.eionet.europa.eu/vocabulary/aq/pollutant/6001,hour,33.2709999000,µg/m3,2018-02-23 11:00:00 +01:00,2018-02-23 12:00:00 +01:00,1,1
AT,AT.0008.20.AQ,NET.09,STA.09.AKC,,SPO.09.AKC.5066.6001.1,SPP.09.AKC.5066.6001.1.11325,SAM.09.AKC.5066.6001.1,PM2.5,http://dd.eionet.europa.eu/vocabulary/aq/pollutant/6001,hour,32.6029968200,µg/m3,2018-02-23 12:00:00 +01:00,2018-02-23 13:00:00 +01:00,1,1
AT,AT.0008.20.AQ,NET.09,STA.09.AKC,,SPO.09.AKC.5066.6001.1,SPP.09.AKC.5066.6001.1.11325,SAM.09.AKC.5066.6001.1,PM2.5,http://dd.eionet.europa.eu/vocabulary/aq/pollutant/6001,hour,42.1800003000,µg/m3,2018-02-23 17:00:00 +01:00,2018-02-23 18:00:00 +01:00,1,1
AT,AT.0008.20.AQ,NET.09,STA.09.AKC,,SPO.09.AKC.5066.6001.1,SPP.09.AKC.5066.6001.1.11325,SAM.09.AKC.5066.6001.1,PM2.5,http://dd.eionet.europa.eu/vocabulary/aq/pollutant/6001,hour,42.3375015200,µg/m3,2018-02-23 19:00:00 +01:00,2018-02-23 20:00:00 +01:00,1,1
AT,AT.0008.20.AQ,NET.09,STA.09.AKC,,SPO.09.AKC.5066.6001.1,SPP.09.AKC.5066.6001.1.11325,SAM.09.AKC.5066.6001.1,PM2.5,http://dd.eionet.europa.eu/vocabulary/aq/pollutant/6001,hour,39.7444992000,µg/m3,2018-02-23 21:00:00 +01:00,2018-02-23 22:00:00 +01:00,1,1
AT,AT.0008.20.AQ,NET.09,STA.09.AKC,,SPO.09.AKC.5066.6001.1,SPP.09.AKC.5066.6001.1.11325,SAM.09.AKC.5066.6001.1,PM2.5,http://dd.eionet.europa.eu/vocabulary/aq/pollutant/6001,hour,23.7960014300,µg/m3,2018-02-24 00:00:00 +01:00,2018-02-24 01:00:00 +01:00,1,1
AT,AT.0008.20.AQ,NET.09,STA.09.AKC,,SPO.09.AKC.5066.6001.1,SPP.09.AKC.5066.6001.1.11325,SAM.09.AKC.5066.6001.1,PM2.5,http://dd.eionet.europa.eu/vocabulary/aq/pollutant/6001,hour,26.1420001900,µg/m3,2018-02-24 02:00:00 +01:00,2018-02-24 03:00:00 +01:00,1,1
AT,AT.0008.20.AQ,NET.09,STA.09.AKC,,SPO.09.AKC.5066.6001.1,SPP.09.AKC.5066.6001.1.11325,SAM.09.AKC.5066.6001.1,PM2.5,http://dd.eionet.europa.eu/vocabulary/aq/pollutant/6001,hour,28.0750007600,µg/m3,2018-02-24 04:00:00 +01:00,2018-02-24 05:00:00 +01:00,1,1
AT,AT.0008.20.AQ,NET.09,STA.09.AKC,,SPO.09.AKC.5066.6001.1,SPP.09.AKC.5066.6001.1.11325,SAM.09.AKC.5066.6001.1,PM2.5,http://dd.eionet.europa.eu/vocabulary/aq/pollutant/6001,hour,31.2255001000,µg/m3,2018-02-24 05:00:00 +01:00,2018-02-24 06:00:00 +01:00,1,1
AT,AT.0008.20.AQ,NET.09,STA.09.AKC,,SPO.09.AKC.5066.6001.1,SPP.09.AKC.5066.6001.1.11325,SAM.09.AKC.5066.6001.1,PM2.5,http://dd.eionet.europa.eu/vocabulary/aq/pollutant/6001,hour,31.2130012500,µg/m3,2018-02-24 06:00:00 +01:00,2018-02-24 07:00:00 +01:00,1,1
AT,AT.0008.20.AQ,NET.09,STA.09.AKC,,SPO.09.AKC.5066.6001.1,SPP.09.AKC.5066.6001.1.11325,SAM.09.AKC.5066.6001.1,PM2.5,http://dd.eionet.europa.eu/vocabulary/aq/pollutant/6001,hour,29.8710002800,µg/m3,2018-02-24 07:00:00 +01:00,2018-02-24 08:00:00 +01:00,1,1
AT,AT.0008.20.AQ,NET.09,STA.09.AKC,,SPO.09.AKC.5066.6001.1,SPP.09.AKC.5066.6001.1.11325,SAM.09.AKC.5066.6001.1,PM2.5,http://dd.eionet.europa.eu/vocabulary/aq/pollutant/6001,hour,28.2545013400,µg/m3,2018-02-24 08:00:00 +01:00,2018-02-24 09:00:00 +01:00,1,1
AT,AT.0008.20.AQ,NET.09,STA.09.AKC,,SPO.09.AKC.5066.6001.1,SPP.09.AKC.5066.6001.1.11325,SAM.09.AKC.5066.6001.1,PM2.5,http://dd.eionet.europa.eu/vocabulary/aq/pollutant/6001,hour,25.4640007000,µg/m3,2018-02-24 09:00:00 +01:00,2018-02-24 10:00:00 +01:00,1,1
AT,AT.0008.20.AQ,NET.09,STA.09.AKC,,SPO.09.AKC.5066.6001.1,SPP.09.AKC.5066.6001.1.11325,SAM.09.AKC.5066.6001.1,PM2.5,http://dd.eionet.europa.eu/vocabulary/aq/pollutant/6001,hour,21.8819999600,µg/m3,2018-02-24 10:00:00 +01:00,2018-02-24 11:00:00 +01:00,1,1
AT,AT.0008.20.AQ,NET.09,STA.09.AKC,,SPO.09.AKC.5066.6001.1,SPP.09.AKC.5066.6001.1.11325,SAM.09.AKC.5066.6001.1,PM2.5,http://dd.eionet.europa.eu/vocabulary/aq/pollutant/6001,hour,22.3365001600,µg/m3,2018-02-24 11:00:00 +01:00,2018-02-24 12:00:00 +01:00,1,1
AT,AT.0008.20.AQ,NET.09,STA.09.AKC,,SPO.09.AKC.5066.6001.1,SPP.09.AKC.5066.6001.1.11325,SAM.09.AKC.5066.6001.1,PM2.5,http://dd.eionet.europa.eu/vocabulary/aq/pollutant/6001,hour,22.0050010600,µg/m3,2018-02-24 12:00:00 +01:00,2018-02-24 13:00:00 +01:00,1,1
AT,AT.0008.20.AQ,NET.09,STA.09.AKC,,SPO.09.AKC.5066.6001.1,SPP.09.AKC.5066.6001.1.11325,SAM.09.AKC.5066.6001.1,PM2.5,http://dd.eionet.europa.eu/vocabulary/aq/pollutant/6001,hour,19.0644989000,µg/m3,2018-02-24 14:00:00 +01:00,2018-02-24 15:00:00 +01:00,1,1
AT,AT.0008.20.AQ,NET.09,STA.09.AKC,,SPO.09.AKC.5066.6001.1,SPP.09.AKC.5066.6001.1.11325,SAM.09.AKC.5066.6001.1,PM2.5,http://dd.eionet.europa.eu/vocabulary/aq/pollutant/6001,hour,12.7094993500,µg/m3,2018-02-24 16:00:00 +01:00,2018-02-24 17:00:00 +01:00,1,1
AT,AT.0008.20.AQ,NET.09,STA.09.AKC,,SPO.09.AKC.5066.6001.1,SPP.09.AKC.5066.6001.1.11325,SAM.09.AKC.5066.6001.1,PM2.5,http://dd.eionet.europa.eu/vocabulary/aq/pollutant/6001,hour,11.6744995100,µg/m3,2018-02-24 18:00:00 +01:00,2018-02-24 19:00:00 +01:00,1,1
AT,AT.0008.20.AQ,NET.09,STA.09.AKC,,SPO.09.AKC.5066.6001.1,SPP.09.AKC.5066.6001.1.11325,SAM.09.AKC.5066.6001.1,PM2.5,http://dd.eionet.europa.eu/vocabulary/aq/pollutant/6001,hour,11.8899993800,µg/m3,2018-02-24 19:00:00 +01:00,2018-02-24 20:00:00 +01:00,1,1
AT,AT.0008.20.AQ,NET.09,STA.09.AKC,,SPO.09.AKC.5066.6001.1,SPP.09.AKC.5066.6001.1.11325,SAM.09.AKC.5066.6001.1,PM2.5,http://dd.eionet.europa.eu/vocabulary/aq/pollutant/6001,hour,20.6905002500,µg/m3,2018-02-24 21:00:00 +01:00,2018-02-24 22:00:00 +01:00,1,1
AT,AT.0008.20.AQ,NET.09,STA.09.AKC,,SPO.09.AKC.5066.6001.1,SPP.09.AKC.5066.6001.1.11325,SAM.09.AKC.5066.6001.1,PM2.5,http://dd.eionet.europa.eu/vocabulary/aq/pollutant/6001,hour,17.4794998100,µg/m3,2018-02-24 23:00:00 +01:00,2018-02-25 00:00:00 +01:00,1,1
AT,AT.0008.20.AQ,NET.09,STA.09.AKC,,SPO.09.AKC.5066.6001.1,SPP.09.AKC.5066.6001.1.11325,SAM.09.AKC.5066.6001.1,PM2.5,http://dd.eionet.europa.eu/vocabulary/aq/pollutant/6001,hour,15.1695003500,µg/m3,2018-02-25 01:00:00 +01:00,2018-02-25 02:00:00 +01:00,1,1
AT,AT.0008.20.AQ,NET.09,STA.09.AKC,,SPO.09.AKC.5066.6001.1,SPP.09.AKC.5066.6001.1.11325,SAM.09.AKC.5066.6001.1,PM2.5,http://dd.eionet.europa.eu/vocabulary/aq/pollutant/6001,hour,14.6239995900,µg/m3,2018-02-25 02:00:00 +01:00,2018-02-25 03:00:00 +01:00,1,1
AT,AT.0008.20.AQ,NET.09,STA.09.AKC,,SPO.09.AKC.5066.6001.1,SPP.09.AKC.5066.6001.1.11325,SAM.09.AKC.5066.6001.1,PM2.5,http://dd.eionet.europa.eu/vocabulary/aq/pollutant/6001,hour,14.0944995800,µg/m3,2018-02-25 03:00:00 +01:00,2018-02-25 04:00:00 +01:00,1,1
AT,AT.0008.20.AQ,NET.09,STA.09.AKC,,SPO.09.AKC.5066.6001.1,SPP.09.AKC.5066.6001.1.11325,SAM.09.AKC.5066.6001.1,PM2.5,http://dd.eionet.europa.eu/vocabulary/aq/pollutant/6001,hour,16.8145008000,µg/m3,2018-02-25 04:00:00 +01:00,2018-02-25 05:00:00 +01:00,1,1
AT,AT.0008.20.AQ,NET.09,STA.09.AKC,,SPO.09.AKC.5066.6001.1,SPP.09.AKC.5066.6001.1.11325,SAM.09.AKC.5066.6001.1,PM2.5,http://dd.eionet.europa.eu/vocabulary/aq/pollutant/6001,hour,20.0559997500,µg/m3,2018-02-25 05:00:00 +01:00,2018-02-25 06:00:00 +01:00,1,1
AT,AT.0008.20.AQ,NET.09,STA.09.AKC,,SPO.09.AKC.5066.6001.1,SPP.09.AKC.5066.6001.1.11325,SAM.09.AKC.5066.6001.1,PM2.5,http://dd.eionet.europa.eu/vocabulary/aq/pollutant/6001,hour,22.6000003800,µg/m3,2018-02-25 06:00:00 +01:00,2018-02-25 07:00:00 +01:00,1,1
AT,AT.0008.20.AQ,NET.09,STA.09.AKC,,SPO.09.AKC.5066.6001.1,SPP.09.AKC.5066.6001.1.11325,SAM.09.AKC.5066.6001.1,PM2.5,http://dd.eionet.europa.eu/vocabulary/aq/pollutant/6001,hour,22.5909996000,µg/m3,2018-02-25 07:00:00 +01:00,2018-02-25 08:00:00 +01:00,1,1
AT,AT.0008.20.AQ,NET.09,STA.09.AKC,,SPO.09.AKC.5066.6001.1,SPP.09.AKC.5066.6001.1.11325,SAM.09.AKC.5066.6001.1,PM2.5,http://dd.eionet.europa.eu/vocabulary/aq/pollutant/6001,hour,23.0389995500,µg/m3,2018-02-25 09:00:00 +01:00,2018-02-25 10:00:00 +01:00,1,1
AT,AT.0008.20.AQ,NET.09,STA.09.AKC,,SPO.09.AKC.5066.6001.1,SPP.09.AKC.5066.6001.1.11325,SAM.09.AKC.5066.6001.1,PM2.5,http://dd.eionet.europa.eu/vocabulary/aq/pollutant/6001,hour,21.7285003600,µg/m3,2018-02-25 10:00:00 +01:00,2018-02-25 11:00:00 +01:00,1,1
AT,AT.0008.20.AQ,NET.09,STA.09.AKC,,SPO.09.AKC.5066.6001.1,SPP.09.AKC.5066.6001.1.11325,SAM.09.AKC.5066.6001.1,PM2.5,http://dd.eionet.europa.eu/vocabulary/aq/pollutant/6001,hour,21.7864990200,µg/m3,2018-02-25 11:00:00 +01:00,2018-02-25 12:00:00 +01:00,1,1
AT,AT.0008.20.AQ,NET.09,STA.09.AKC,,SPO.09.AKC.5066.6001.1,SPP.09.AKC.5066.6001.1.11325,SAM.09.AKC.5066.6001.1,PM2.5,http://dd.eionet.europa.eu/vocabulary/aq/pollutant/6001,hour,21.2830009400,µg/m3,2018-02-25 12:00:00 +01:00,2018-02-25 13:00:00 +01:00,1,1
AT,AT.0008.20.AQ,NET.09,STA.09.AKC,,SPO.09.AKC.5066.6001.1,SPP.09.AKC.5066.6001.1.11325,SAM.09.AKC.5066.6001.1,PM2.5,http://dd.eionet.europa.eu/vocabulary/aq/pollutant/6001,hour,22.0284996000,µg/m3,2018-02-25 13:00:00 +01:00,2018-02-25 14:00:00 +01:00,1,1
AT,AT.0008.20.AQ,NET.09,STA.09.AKC,,SPO.09.AKC.5066.6001.1,SPP.09.AKC.5066.6001.1.11325,SAM.09.AKC.5066.6001.1,PM2.5,http://dd.eionet.europa.eu/vocabulary/aq/pollutant/6001,hour,21.2014999300,µg/m3,2018-02-25 14:00:00 +01:00,2018-02-25 15:00:00 +01:00,1,1
AT,AT.0008.20.AQ,NET.09,STA.09.AKC,,SPO.09.AKC.5066.6001.1,SPP.09.AKC.5066.6001.1.11325,SAM.09.AKC.5066.6001.1,PM2.5,http://dd.eionet.europa.eu/vocabulary/aq/pollutant/6001,hour,19.1894989000,µg/m3,2018-02-25 18:00:00 +01:00,2018-02-25 19:00:00 +01:00,1,1
AT,AT.0008.20.AQ,NET.09,STA.09.AKC,,SPO.09.AKC.5066.6001.1,SPP.09.AKC.5066.6001.1.11325,SAM.09.AKC.5066.6001.1,PM2.5,http://dd.eionet.europa.eu/vocabulary/aq/pollutant/6001,hour,22.1180000300,µg/m3,2018-02-25 19:00:00 +01:00,2018-02-25 20:00:00 +01:00,1,1
AT,AT.0008.20.AQ,NET.09,STA.09.AKC,,SPO.09.AKC.5066.6001.1,SPP.09.AKC.5066.6001.1.11325,SAM.09.AKC.5066.6001.1,PM2.5,http://dd.eionet.europa.eu/vocabulary/aq/pollutant/6001,hour,27.8990001600,µg/m3,2018-02-25 22:00:00 +01:00,2018-02-25 23:00:00 +01:00,1,1
AT,AT.0008.20.AQ,NET.09,STA.09.AKC,,SPO.09.AKC.5066.6001.1,SPP.09.AKC.5066.6001.1.11325,SAM.09.AKC.5066.6001.1,PM2.5,http://dd.eionet.europa.eu/vocabulary/aq/pollutant/6001,hour,28.1940002400,µg/m3,2018-02-26 02:00:00 +01:00,2018-02-26 03:00:00 +01:00,1,1
AT,AT.0008.20.AQ,NET.09,STA.09.AKC,,SPO.09.AKC.5066.6001.1,SPP.09.AKC.5066.6001.1.11325,SAM.09.AKC.5066.6001.1,PM2.5,http://dd.eionet.europa.eu/vocabulary/aq/pollutant/6001,hour,26.9379997200,µg/m3,2018-02-26 04:00:00 +01:00,2018-02-26 05:00:00 +01:00,1,1
AT,AT.0008.20.AQ,NET.09,STA.09.AKC,,SPO.09.AKC.5066.6001.1,SPP.09.AKC.5066.6001.1.11325,SAM.09.AKC.5066.6001.1,PM2.5,http://dd.eionet.europa.eu/vocabulary/aq/pollutant/6001,hour,29.0069999600,µg/m3,2018-02-26 07:00:00 +01:00,2018-02-26 08:00:00 +01:00,1,1
AT,AT.0008.20.AQ,NET.09,STA.09.AKC,,SPO.09.AKC.5066.6001.1,SPP.09.AKC.5066.6001.1.11325,SAM.09.AKC.5066.6001.1,PM2.5,http://dd.eionet.europa.eu/vocabulary/aq/pollutant/6001,hour,31.4174995400,µg/m3,2018-02-26 09:00:00 +01:00,2018-02-26 10:00:00 +01:00,1,1
AT,AT.0008.20.AQ,NET.09,STA.09.AKC,,SPO.09.AKC.5066.6001.1,SPP.09.AKC.5066.6001.1.11325,SAM.09.AKC.5066.6001.1,PM2.5,http://dd.eionet.europa.eu/vocabulary/aq/pollutant/6001,hour,30.6725006100,µg/m3,2018-02-26 10:00:00 +01:00,2018-02-26 11:00:00 +01:00,1,1
AT,AT.0008.20.AQ,NET.09,STA.09.AKC,,SPO.09.AKC.5066.6001.1,SPP.09.AKC.5066.6001.1.11325,SAM.09.AKC.5066.6001.1,PM2.5,http://dd.eionet.europa.eu/vocabulary/aq/pollutant/6001,hour,28.7325000700,µg/m3,2018-02-26 11:00:00 +01:00,2018-02-26 12:00:00 +01:00,1,1
AT,AT.0008.20.AQ,NET.09,STA.09.AKC,,SPO.09.AKC.5066.6001.1,SPP.09.AKC.5066.6001.1.11325,SAM.09.AKC.5066.6001.1,PM2.5,http://dd.eionet.europa.eu/vocabulary/aq/pollutant/6001,hour,27.1619987400,µg/m3,2018-02-26 13:00:00 +01:00,2018-02-26 14:00:00 +01:00,1,1
AT,AT.0008.20.AQ,NET.09,STA.09.AKC,,SPO.09.AKC.5066.6001.1,SPP.09.AKC.5066.6001.1.11325,SAM.09.AKC.5066.6001.1,PM2.5,http://dd.eionet.europa.eu/vocabulary/aq/pollutant/6001,hour,26.4650001500,µg/m3,2018-02-26 14:00:00 +01:00,2018-02-26 15:00:00 +01:00,1,1
AT,AT.0008.20.AQ,NET.09,STA.09.AKC,,SPO.09.AKC.5066.6001.1,SPP.09.AKC.5066.6001.1.11325,SAM.09.AKC.5066.6001.1,PM2.5,http://dd.eionet.europa.eu/vocabulary/aq/pollutant/6001,hour,35.7389984100,µg/m3,2018-02-26 16:00:00 +01:00,2018-02-26 17:00:00 +01:00,1,1
AT,AT.0008.20.AQ,NET.09,STA.09.AKC,,SPO.09.AKC.5066.6001.1,SPP.09.AKC.5066.6001.1.11325,SAM.09.AKC.5066.6001.1,PM2.5,http://dd.eionet.europa.eu/vocabulary/aq/pollutant/6001,hour,37.1204986500,µg/m3,2018-02-26 21:00:00 +01:00,2018-02-26 22:00:00 +01:00,1,1
AT,AT.0008.20.AQ,NET.09,STA.09.AKC,,SPO.09.AKC.5066.6001.1,SPP.09.AKC.5066.6001.1.11325,SAM.09.AKC.5066.6001.1,PM2.5,http://dd.eionet.europa.eu/vocabulary/aq/pollutant/6001,hour,37.6254997200,µg/m3,2018-02-26 22:00:00 +01:00,2018-02-26 23:00:00 +01:00,1,1
AT,AT.0008.20.AQ,NET.09,STA.09.AKC,,SPO.09.AKC.5066.6001.1,SPP.09.AKC.5066.6001.1.11325,SAM.09.AKC.5066.6001.1,PM2.5,http://dd.eionet.europa.eu/vocabulary/aq/pollutant/6001,hour,36.8625030500,µg/m3,2018-02-26 23:00:00 +01:00,2018-02-27 00:00:00 +01:00,1,1
AT,AT.0008.20.AQ,NET.09,STA.09.AKC,,SPO.09.AKC.5066.6001.1,SPP.09.AKC.5066.6001.1.11325,SAM.09.AKC.5066.6001.1,PM2.5,http://dd.eionet.europa.eu/vocabulary/aq/pollutant/6001,hour,35.3400001500,µg/m3,2018-02-27 01:00:00 +01:00,2018-02-27 02:00:00 +01:00,1,1
AT,AT.0008.20.AQ,NET.09,STA.09.AKC,,SPO.09.AKC.5066.6001.1,SPP.09.AKC.5066.6001.1.11325,SAM.09.AKC.5066.6001.1,PM2.5,http://dd.eionet.europa.eu/vocabulary/aq/pollutant/6001,hour,36.5729980400,µg/m3,2018-02-27 02:00:00 +01:00,2018-02-27 03:00:00 +01:00,1,1
AT,AT.0008.20.AQ,NET.09,STA.09.AKC,,SPO.09.AKC.5066.6001.1,SPP.09.AKC.5066.6001.1.11325,SAM.09.AKC.5066.6001.1,PM2.5,http://dd.eionet.europa.eu/vocabulary/aq/pollutant/6001,hour,34.9324989300,µg/m3,2018-02-27 03:00:00 +01:00,2018-02-27 04:00:00 +01:00,1,1
AT,AT.0008.20.AQ,NET.09,STA.09.AKC,,SPO.09.AKC.5066.6001.1,SPP.09.AKC.5066.6001.1.11325,SAM.09.AKC.5066.6001.1,PM2.5,http://dd.eionet.europa.eu/vocabulary/aq/pollutant/6001,hour,33.5780029200,µg/m3,2018-02-27 04:00:00 +01:00,2018-02-27 05:00:00 +01:00,1,1
AT,AT.0008.20.AQ,NET.09,STA.09.AKC,,SPO.09.AKC.5066.6001.1,SPP.09.AKC.5066.6001.1.11325,SAM.09.AKC.5066.6001.1,PM2.5,http://dd.eionet.europa.eu/vocabulary/aq/pollutant/6001,hour,24.9819984400,µg/m3,2018-02-27 07:00:00 +01:00,2018-02-27 08:00:00 +01:00,1,1
AT,AT.0008.20.AQ,NET.09,STA.09.AKC,,SPO.09.AKC.5066.6001.1,SPP.09.AKC.5066.6001.1.11325,SAM.09.AKC.5066.6001.1,PM2.5,http://dd.eionet.europa.eu/vocabulary/aq/pollutant/6001,hour,23.9174995400,µg/m3,2018-02-27 08:00:00 +01:00,2018-02-27 09:00:00 +01:00,1,1
AT,AT.0008.20.AQ,NET.09,STA.09.AKC,,SPO.09.AKC.5066.6001.1,SPP.09.AKC.5066.6001.1.11325,SAM.09.AKC.5066.6001.1,PM2.5,http://dd.eionet.europa.eu/vocabulary/aq/pollutant/6001,hour,28.1184997500,µg/m3,2018-02-27 10:00:00 +01:00,2018-02-27 11:00:00 +01:00,1,1
AT,AT.0008.20.AQ,NET.09,STA.09.AKC,,SPO.09.AKC.5066.6001.1,SPP.09.AKC.5066.6001.1.11325,SAM.09.AKC.5066.6001.1,PM2.5,http://dd.eionet.europa.eu/vocabulary/aq/pollutant/6001,hour,28.5970001200,µg/m3,2018-02-27 12:00:00 +01:00,2018-02-27 13:00:00 +01:00,1,1
AT,AT.0008.20.AQ,NET.09,STA.09.AKC,,SPO.09.AKC.5066.6001.1,SPP.09.AKC.5066.6001.1.11325,SAM.09.AKC.5066.6001.1,PM2.5,http://dd.eionet.europa.eu/vocabulary/aq/pollutant/6001,hour,31.8074989300,µg/m3,2018-02-27 13:00:00 +01:00,2018-02-27 14:00:00 +01:00,1,1
AT,AT.0008.20.AQ,NET.09,STA.09.AKC,,SPO.09.AKC.5066.6001.1,SPP.09.AKC.5066.6001.1.11325,SAM.09.AKC.5066.6001.1,PM2.5,http://dd.eionet.europa.eu/vocabulary/aq/pollutant/6001,hour,31.1385002100,µg/m3,2018-02-27 14:00:00 +01:00,2018-02-27 15:00:00 +01:00,1,1
AT,AT.0008.20.AQ,NET.09,STA.09.AKC,,SPO.09.AKC.5066.6001.1,SPP.09.AKC.5066.6001.1.11325,SAM.09.AKC.5066.6001.1,PM2.5,http://dd.eionet.europa.eu/vocabulary/aq/pollutant/6001,hour,27.5809993700,µg/m3,2018-02-27 16:00:00 +01:00,2018-02-27 17:00:00 +01:00,1,1
AT,AT.0008.20.AQ,NET.09,STA.09.AKC,,SPO.09.AKC.5066.6001.1,SPP.09.AKC.5066.6001.1.11325,SAM.09.AKC.5066.6001.1,PM2.5,http://dd.eionet.europa.eu/vocabulary/aq/pollutant/6001,hour,29.0240001600,µg/m3,2018-02-27 17:00:00 +01:00,2018-02-27 18:00:00 +01:00,1,1
AT,AT.0008.20.AQ,NET.09,STA.09.AKC,,SPO.09.AKC.5066.6001.1,SPP.09.AKC.5066.6001.1.11325,SAM.09.AKC.5066.6001.1,PM2.5,http://dd.eionet.europa.eu/vocabulary/aq/pollutant/6001,hour,31.9869995100,µg/m3,2018-02-27 18:00:00 +01:00,2018-02-27 19:00:00 +01:00,1,1
AT,AT.0008.20.AQ,NET.09,STA.09.AKC,,SPO.09.AKC.5066.6001.1,SPP.09.AKC.5066.6001.1.11325,SAM.09.AKC.5066.6001.1,PM2.5,http://dd.eionet.europa.eu/vocabulary/aq/pollutant/6001,hour,29.5585002800,µg/m3,2018-02-27 19:00:00 +01:00,2018-02-27 20:00:00 +01:00,1,1
AT,AT.0008.20.AQ,NET.09,STA.09.AKC,,SPO.09.AKC.5066.6001.1,SPP.09.AKC.5066.6001.1.11325,SAM.09.AKC.5066.6001.1,PM2.5,http://dd.eionet.europa.eu/vocabulary/aq/pollutant/6001,hour,29.8740005400,µg/m3,2018-02-27 20:00:00 +01:00,2018-02-27 21:00:00 +01:00,1,1
AT,AT.0008.20.AQ,NET.09,STA.09.AKC,,SPO.09.AKC.5066.6001.1,SPP.09.AKC.5066.6001.1.11325,SAM.09.AKC.5066.6001.1,PM2.5,http://dd.eionet.europa.eu/vocabulary/aq/pollutant/6001,hour,30.4409999800,µg/m3,2018-02-27 21:00:00 +01:00,2018-02-27 22:00:00 +01:00,1,1
AT,AT.0008.20.AQ,NET.09,STA.09.AKC,,SPO.09.AKC.5066.6001.1,SPP.09.AKC.5066.6001.1.11325,SAM.09.AKC.5066.6001.1,PM2.5,http://dd.eionet.europa.eu/vocabulary/aq/pollutant/6001,hour,29.1534996000,µg/m3,2018-02-27 22:00:00 +01:00,2018-02-27 23:00:00 +01:00,1,1
AT,AT.0008.20.AQ,NET.09,STA.09.AKC,,SPO.09.AKC.5066.6001.1,SPP.09.AKC.5066.6001.1.11325,SAM.09.AKC.5066.6001.1,PM2.5,http://dd.eionet.europa.eu/vocabulary/aq/pollutant/6001,hour,29.6695003500,µg/m3,2018-02-28 01:00:00 +01:00,2018-02-28 02:00:00 +01:00,1,1
AT,AT.0008.20.AQ,NET.09,STA.09.AKC,,SPO.09.AKC.5066.6001.1,SPP.09.AKC.5066.6001.1.11325,SAM.09.AKC.5066.6001.1,PM2.5,http://dd.eionet.europa.eu/vocabulary/aq/pollutant/6001,hour,30.9274997700,µg/m3,2018-02-28 04:00:00 +01:00,2018-02-28 05:00:00 +01:00,1,1
AT,AT.0008.20.AQ,NET.09,STA.09.AKC,,SPO.09.AKC.5066.6001.1,SPP.09.AKC.5066.6001.1.11325,SAM.09.AKC.5066.6001.1,PM2.5,http://dd.eionet.europa.eu/vocabulary/aq/pollutant/6001,hour,30.6459999000,µg/m3,2018-02-28 05:00:00 +01:00,2018-02-28 06:00:00 +01:00,1,1
AT,AT.0008.20.AQ,NET.09,STA.09.AKC,,SPO.09.AKC.5066.6001.1,SPP.09.AKC.5066.6001.1.11325,SAM.09.AKC.5066.6001.1,PM2.5,http://dd.eionet.europa.eu/vocabulary/aq/pollutant/6001,hour,29.4724998400,µg/m3,2018-02-28 06:00:00 +01:00,2018-02-28 07:00:00 +01:00,1,1
AT,AT.0008.20.AQ,NET.09,STA.09.AKC,,SPO.09.AKC.5066.6001.1,SPP.09.AKC.5066.6001.1.11325,SAM.09.AKC.5066.6001.1,PM2.5,http://dd.eionet.europa.eu/vocabulary/aq/pollutant/6001,hour,30.5675010600,µg/m3,2018-02-28 11:00:00 +01:00,2018-02-28 12:00:00 +01:00,1,1
AT,AT.0008.20.AQ,NET.09,STA.09.AKC,,SPO.09.AKC.5066.6001.1,SPP.09.AKC.5066.6001.1.11325,SAM.09.AKC.5066.6001.1,PM2.5,http://dd.eionet.europa.eu/vocabulary/aq/pollutant/6001,hour,32.8095016400,µg/m3,2018-02-28 12:00:00 +01:00,2018-02-28 13:00:00 +01:00,1,1
AT,AT.0008.20.AQ,NET.09,STA.09.AKC,,SPO.09.AKC.5066.6001.1,SPP.09.AKC.5066.6001.1.11325,SAM.09.AKC.5066.6001.1,PM2.5,http://dd.eionet.europa.eu/vocabulary/aq/pollutant/6001,hour,32.3024978600,µg/m3,2018-02-28 14:00:00 +01:00,2018-02-28 15:00:00 +01:00,1,1
AT,AT.0008.20.AQ,NET.09,STA.09.AKC,,SPO.09.AKC.5066.6001.1,SPP.09.AKC.5066.6001.1.11325,SAM.09.AKC.5066.6001.1,PM2.5,http://dd.eionet.europa.eu/vocabulary/aq/pollutant/6001,hour,32.2215003900,µg/m3,2018-02-28 15:00:00 +01:00,2018-02-28 16:00:00 +01:00,1,1
AT,AT.0008.20.AQ,NET.09,STA.09.AKC,,SPO.09.AKC.5066.6001.1,SPP.09.AKC.5066.6001.1.11325,SAM.09.AKC.5066.6001.1,PM2.5,http://dd.eionet.europa.eu/vocabulary/aq/pollutant/6001,hour,34.8840026800,µg/m3,2018-02-28 17:00:00 +01:00,2018-02-28 18:00:00 +01:00,1,1
AT,AT.0008.20.AQ,NET.09,STA.09.AKC,,SPO.09.AKC.5066.6001.1,SPP.09.AKC.5066.6001.1.11325,SAM.09.AKC.5066.6001.1,PM2.5,http://dd.eionet.europa.eu/vocabulary/aq/pollutant/6001,hour,35.6049995400,µg/m3,2018-02-28 18:00:00 +01:00,2018-02-28 19:00:00 +01:00,1,1
AT,AT.0008.20.AQ,NET.09,STA.09.AKC,,SPO.09.AKC.5066.6001.1,SPP.09.AKC.5066.6001.1.11325,SAM.09.AKC.5066.6001.1,PM2.5,http://dd.eionet.europa.eu/vocabulary/aq/pollutant/6001,hour,38.9670028600,µg/m3,2018-02-28 19:00:00 +01:00,2018-02-28 20:00:00 +01:00,1,1
AT,AT.0008.20.AQ,NET.09,STA.09.AKC,,SPO.09.AKC.5066.6001.1,SPP.09.AKC.5066.6001.1.11325,SAM.09.AKC.5066.6001.1,PM2.5,http://dd.eionet.europa.eu/vocabulary/aq/pollutant/6001,hour,41.2525024400,µg/m3,2018-02-28 20:00:00 +01:00,2018-02-28 21:00:00 +01:00,1,1
AT,AT.0008.20.AQ,NET.09,STA.09.AKC,,SPO.09.AKC.5066.6001.1,SPP.09.AKC.5066.6001.1.11325,SAM.09.AKC.5066.6001.1,PM2.5,http://dd.eionet.europa.eu/vocabulary/aq/pollutant/6001,hour,37.6070022500,µg/m3,2018-02-28 22:00:00 +01:00,2018-02-28 23:00:00 +01:00,1,1
AT,AT.0008.20.AQ,NET.09,STA.09.AKC,,SPO.09.AKC.5066.6001.1,SPP.09.AKC.5066.6001.1.11325,SAM.09.AKC.5066.6001.1,PM2.5,http://dd.eionet.europa.eu/vocabulary/aq/pollutant/6001,hour,34.1259994500,µg/m3,2018-03-01 02:00:00 +01:00,2018-03-01 03:00:00 +01:00,1,1
AT,AT.0008.20.AQ,NET.09,STA.09.AKC,,SPO.09.AKC.5066.6001.1,SPP.09.AKC.5066.6001.1.11325,SAM.09.AKC.5066.6001.1,PM2.5,http://dd.eionet.europa.eu/vocabulary/aq/pollutant/6001,hour,38.2115020700,µg/m3,2018-03-01 04:00:00 +01:00,2018-03-01 05:00:00 +01:00,1,1
AT,AT.0008.20.AQ,NET.09,STA.09.AKC,,SPO.09.AKC.5066.6001.1,SPP.09.AKC.5066.6001.1.11325,SAM.09.AKC.5066.6001.1,PM2.5,http://dd.eionet.europa.eu/vocabulary/aq/pollutant/6001,hour,45.4250030500,µg/m3,2018-03-01 07:00:00 +01:00,2018-03-01 08:00:00 +01:00,1,1
AT,AT.0008.20.AQ,NET.09,STA.09.AKC,,SPO.09.AKC.5066.6001.1,SPP.09.AKC.5066.6001.1.11325,SAM.09.AKC.5066.6001.1,PM2.5,http://dd.eionet.europa.eu/vocabulary/aq/pollutant/6001,hour,43.7805023100,µg/m3,2018-03-01 09:00:00 +01:00,2018-03-01 10:00:00 +01:00,1,1
AT,AT.0008.20.AQ,NET.09,STA.09.AKC,,SPO.09.AKC.5066.6001.1,SPP.09.AKC.5066.6001.1.11325,SAM.09.AKC.5066.6001.1,PM2.5,http://dd.eionet.europa.eu/vocabulary/aq/pollutant/6001,hour,40.3475036600,µg/m3,2018-03-01 10:00:00 +01:00,2018-03-01 11:00:00 +01:00,1,1
AT,AT.0008.20.AQ,NET.09,STA.09.AKC,,SPO.09.AKC.5066.6001.1,SPP.09.AKC.5066.6001.1.11325,SAM.09.AKC.5066.6001.1,PM2.5,http://dd.eionet.europa.eu/vocabulary/aq/pollutant/6001,hour,38.5364990200,µg/m3,2018-03-01 12:00:00 +01:00,2018-03-01 13:00:00 +01:00,1,1
AT,AT.0008.20.AQ,NET.09,STA.09.AKC,,SPO.09.AKC.5066.6001.1,SPP.09.AKC.5066.6001.1.11325,SAM.09.AKC.5066.6001.1,PM2.5,http://dd.eionet.europa.eu/vocabulary/aq/pollutant/6001,hour,33.4710006700,µg/m3,2018-03-01 15:00:00 +01:00,2018-03-01 16:00:00 +01:00,1,1
AT,AT.0008.20.AQ,NET.09,STA.09.AKC,,SPO.09.AKC.5066.6001.1,SPP.09.AKC.5066.6001.1.11325,SAM.09.AKC.5066.6001.1,PM2.5,http://dd.eionet.europa.eu/vocabulary/aq/pollutant/6001,hour,40.3255004800,µg/m3,2018-03-01 18:00:00 +01:00,2018-03-01 19:00:00 +01:00,1,1
AT,AT.0008.20.AQ,NET.09,STA.09.AKC,,SPO.09.AKC.5066.6001.1,SPP.09.AKC.5066.6001.1.11325,SAM.09.AKC.5066.6001.1,PM2.5,http://dd.eionet.europa.eu/vocabulary/aq/pollutant/6001,hour,33.9295005700,µg/m3,2018-03-01 23:00:00 +01:00,2018-03-02 00:00:00 +01:00,1,1
AT,AT.0008.20.AQ,NET.09,STA.09.AKC,,SPO.09.AKC.5066.6001.1,SPP.09.AKC.5066.6001.1.11325,SAM.09.AKC.5066.6001.1,PM2.5,http://dd.eionet.europa.eu/vocabulary/aq/pollutant/6001,hour,33.9584999000,µg/m3,2018-03-02 00:00:00 +01:00,2018-03-02 01:00:00 +01:00,1,1
AT,AT.0008.20.AQ,NET.09,STA.09.AKC,,SPO.09.AKC.5066.6001.1,SPP.09.AKC.5066.6001.1.11325,SAM.09.AKC.5066.6001.1,PM2.5,http://dd.eionet.europa.eu/vocabulary/aq/pollutant/6001,hour,34.7410011200,µg/m3,2018-03-02 01:00:00 +01:00,2018-03-02 02:00:00 +01:00,1,1
AT,AT.0008.20.AQ,NET.09,STA.09.AKC,,SPO.09.AKC.5066.6001.1,SPP.09.AKC.5066.6001.1.11325,SAM.09.AKC.5066.6001.1,PM2.5,http://dd.eionet.europa.eu/vocabulary/aq/pollutant/6001,hour,32.0199966400,µg/m3,2018-03-02 03:00:00 +01:00,2018-03-02 04:00:00 +01:00,1,1
AT,AT.0008.20.AQ,NET.09,STA.09.AKC,,SPO.09.AKC.5066.6001.1,SPP.09.AKC.5066.6001.1.11325,SAM.09.AKC.5066.6001.1,PM2.5,http://dd.eionet.europa.eu/vocabulary/aq/pollutant/6001,hour,32.7055015500,µg/m3,2018-03-02 05:00:00 +01:00,2018-03-02 06:00:00 +01:00,1,1
AT,AT.0008.20.AQ,NET.09,STA.09.AKC,,SPO.09.AKC.5066.6001.1,SPP.09.AKC.5066.6001.1.11325,SAM.09.AKC.5066.6001.1,PM2.5,http://dd.eionet.europa.eu/vocabulary/aq/pollutant/6001,hour,35.0224990800,µg/m3,2018-03-02 06:00:00 +01:00,2018-03-02 07:00:00 +01:00,1,1
AT,AT.0008.20.AQ,NET.09,STA.09.AKC,,SPO.09.AKC.5066.6001.1,SPP.09.AKC.5066.6001.1.11325,SAM.09.AKC.5066.6001.1,PM2.5,http://dd.eionet.europa.eu/vocabulary/aq/pollutant/6001,hour,37.3750000000,µg/m3,2018-03-02 07:00:00 +01:00,2018-03-02 08:00:00 +01:00,1,1
AT,AT.0008.20.AQ,NET.09,STA.09.AKC,,SPO.09.AKC.5066.6001.1,SPP.09.AKC.5066.6001.1.11325,SAM.09.AKC.5066.6001.1,PM2.5,http://dd.eionet.europa.eu/vocabulary/aq/pollutant/6001,hour,35.9489974900,µg/m3,2018-03-02 08:00:00 +01:00,2018-03-02 09:00:00 +01:00,1,1
AT,AT.0008.20.AQ,NET.09,STA.09.AKC,,SPO.09.AKC.5066.6001.1,SPP.09.AKC.5066.6001.1.11325,SAM.09.AKC.5066.6001.1,PM2.5,http://dd.eionet.europa.eu/vocabulary/aq/pollutant/6001,hour,34.5639991700,µg/m3,2018-03-02 09:00:00 +01:00,2018-03-02 10:00:00 +01:00,1,1
AT,AT.0008.20.AQ,NET.09,STA.09.AKC,,SPO.09.AKC.5066.6001.1,SPP.09.AKC.5066.6001.1.11325,SAM.09.AKC.5066.6001.1,PM2.5,http://dd.eionet.europa.eu/vocabulary/aq/pollutant/6001,hour,35.7915000900,µg/m3,2018-03-02 11:00:00 +01:00,2018-03-02 12:00:00 +01:00,1,1
AT,AT.0008.20.AQ,NET.09,STA.09.AKC,,SPO.09.AKC.5066.6001.1,SPP.09.AKC.5066.6001.1.11325,SAM.09.AKC.5066.6001.1,PM2.5,http://dd.eionet.europa.eu/vocabulary/aq/pollutant/6001,hour,36.8704986500,µg/m3,2018-03-02 18:00:00 +01:00,2018-03-02 19:00:00 +01:00,1,1
AT,AT.0008.20.AQ,NET.09,STA.09.AKC,,SPO.09.AKC.5066.6001.1,SPP.09.AKC.5066.6001.1.11325,SAM.09.AKC.5066.6001.1,PM2.5,http://dd.eionet.europa.eu/vocabulary/aq/pollutant/6001,hour,36.3349990800,µg/m3,2018-03-02 19:00:00 +01:00,2018-03-02 20:00:00 +01:00,1,1
AT,AT.0008.20.AQ,NET.09,STA.09.AKC,,SPO.09.AKC.5066.6001.1,SPP.09.AKC.5066.6001.1.11325,SAM.09.AKC.5066.6001.1,PM2.5,http://dd.eionet.europa.eu/vocabulary/aq/pollutant/6001,hour,35.6494979800,µg/m3,2018-03-02 20:00:00 +01:00,2018-03-02 21:00:00 +01:00,1,1
AT,AT.0008.20.AQ,NET.09,STA.09.AKC,,SPO.09.AKC.5066.6001.1,SPP.09.AKC.5066.6001.1.11325,SAM.09.AKC.5066.6001.1,PM2.5,http://dd.eionet.europa.eu/vocabulary/aq/pollutant/6001,hour,34.3079986500,µg/m3,2018-03-02 21:00:00 +01:00,2018-03-02 22:00:00 +01:00,1,1
AT,AT.0008.20.AQ,NET.09,STA.09.AKC,,SPO.09.AKC.5066.6001.1,SPP.09.AKC.5066.6001.1.11325,SAM.09.AKC.5066.6001.1,PM2.5,http://dd.eionet.europa.eu/vocabulary/aq/pollutant/6001,hour,65.0639953600,µg/m3,2018-03-02 23:00:00 +01:00,2018-03-03 00:00:00 +01:00,1,1
AT,AT.0008.20.AQ,NET.09,STA.09.AKC,,SPO.09.AKC.5066.6001.1,SPP.09.AKC.5066.6001.1.11325,SAM.09.AKC.5066.6001.1,PM2.5,http://dd.eionet.europa.eu/vocabulary/aq/pollutant/6001,hour,61.4415016100,µg/m3,2018-03-03 01:00:00 +01:00,2018-03-03 02:00:00 +01:00,1,1
AT,AT.0008.20.AQ,NET.09,STA.09.AKC,,SPO.09.AKC.5066.6001.1,SPP.09.AKC.5066.6001.1.11325,SAM.09.AKC.5066.6001.1,PM2.5,http://dd.eionet.europa.eu/vocabulary/aq/pollutant/6001,hour,60.6370010300,µg/m3,2018-03-03 02:00:00 +01:00,2018-03-03 03:00:00 +01:00,1,1
AT,AT.0008.20.AQ,NET.09,STA.09.AKC,,SPO.09.AKC.5066.6001.1,SPP.09.AKC.5066.6001.1.11325,SAM.09.AKC.5066.6001.1,PM2.5,http://dd.eionet.europa.eu/vocabulary/aq/pollutant/6001,hour,61.2215003900,µg/m3,2018-03-03 07:00:00 +01:00,2018-03-03 08:00:00 +01:00,1,1
AT,AT.0008.20.AQ,NET.09,STA.09.AKC,,SPO.09.AKC.5066.6001.1,SPP.09.AKC.5066.6001.1.11325,SAM.09.AKC.5066.6001.1,PM2.5,http://dd.eionet.europa.eu/vocabulary/aq/pollutant/6001,hour,56.6624984700,µg/m3,2018-03-03 08:00:00 +01:00,2018-03-03 09:00:00 +01:00,1,1
AT,AT.0008.20.AQ,NET.09,STA.09.AKC,,SPO.09.AKC.5066.6001.1,SPP.09.AKC.5066.6001.1.11325,SAM.09.AKC.5066.6001.1,PM2.5,http://dd.eionet.europa.eu/vocabulary/aq/pollutant/6001,hour,43.3854980400,µg/m3,2018-03-03 21:00:00 +01:00,2018-03-03 22:00:00 +01:00,1,1
AT,AT.0008.20.AQ,NET.09,STA.09.AKC,,SPO.09.AKC.5066.6001.1,SPP.09.AKC.5066.6001.1.11325,SAM.09.AKC.5066.6001.1,PM2.5,http://dd.eionet.europa.eu/vocabulary/aq/pollutant/6001,hour,46.8194999600,µg/m3,2018-03-03 22:00:00 +01:00,2018-03-03 23:00:00 +01:00,1,1
AT,AT.0008.20.AQ,NET.09,STA.09.AKC,,SPO.09.AKC.5066.6001.1,SPP.09.AKC.5066.6001.1.11325,SAM.09.AKC.5066.6001.1,PM2.5,http://dd.eionet.europa.eu/vocabulary/aq/pollutant/6001,hour,69.5544967600,µg/m3,2018-03-04 00:00:00 +01:00,2018-03-04 01:00:00 +01:00,1,1
AT,AT.0008.20.AQ,NET.09,STA.09.AKC,,SPO.09.AKC.5066.6001.1,SPP.09.AKC.5066.6001.1.11325,SAM.09.AKC.5066.6001.1,PM2.5,http://dd.eionet.europa.eu/vocabulary/aq/pollutant/6001,hour,75.6269989000,µg/m3,2018-03-04 01:00:00 +01:00,2018-03-04 02:00:00 +01:00,1,1
AT,AT.0008.20.AQ,NET.09,STA.09.AKC,,SPO.09.AKC.5066.6001.1,SPP.09.AKC.5066.6001.1.11325,SAM.09.AKC.5066.6001.1,PM2.5,http://dd.eionet.europa.eu/vocabulary/aq/pollutant/6001,hour,73.0400009100,µg/m3,2018-03-04 02:00:00 +01:00,2018-03-04 03:00:00 +01:00,1,1
AT,AT.0008.20.AQ,NET.09,STA.09.AKC,,SPO.09.AKC.5066.6001.1,SPP.09.AKC.5066.6001.1.11325,SAM.09.AKC.5066.6001.1,PM2.5,http://dd.eionet.europa.eu/vocabulary/aq/pollutant/6001,hour,62.3570022500,µg/m3,2018-03-04 04:00:00 +01:00,2018-03-04 05:00:00 +01:00,1,1
AT,AT.0008.20.AQ,NET.09,STA.09.AKC,,SPO.09.AKC.5066.6001.1,SPP.09.AKC.5066.6001.1.11325,SAM.09.AKC.5066.6001.1,PM2.5,http://dd.eionet.europa.eu/vocabulary/aq/pollutant/6001,hour,61.9364967300,µg/m3,2018-03-04 05:00:00 +01:00,2018-03-04 06:00:00 +01:00,1,1
AT,AT.0008.20.AQ,NET.09,STA.09.AKC,,SPO.09.AKC.5066.6001.1,SPP.09.AKC.5066.6001.1.11325,SAM.09.AKC.5066.6001.1,PM2.5,http://dd.eionet.europa.eu/vocabulary/aq/pollutant/6001,hour,57.5090026800,µg/m3,2018-03-04 06:00:00 +01:00,2018-03-04 07:00:00 +01:00,1,1
AT,AT.0008.20.AQ,NET.09,STA.09.AKC,,SPO.09.AKC.5066.6001.1,SPP.09.AKC.5066.6001.1.11325,SAM.09.AKC.5066.6001.1,PM2.5,http://dd.eionet.europa.eu/vocabulary/aq/pollutant/6001,hour,58.3255004800,µg/m3,2018-03-04 07:00:00 +01:00,2018-03-04 08:00:00 +01:00,1,1
AT,AT.0008.20.AQ,NET.09,STA.09.AKC,,SPO.09.AKC.5066.6001.1,SPP.09.AKC.5066.6001.1.11325,SAM.09.AKC.5066.6001.1,PM2.5,http://dd.eionet.europa.eu/vocabulary/aq/pollutant/6001,hour,60.1435012800,µg/m3,2018-03-04 08:00:00 +01:00,2018-03-04 09:00:00 +01:00,1,1
AT,AT.0008.20.AQ,NET.09,STA.09.AKC,,SPO.09.AKC.5066.6001.1,SPP.09.AKC.5066.6001.1.11325,SAM.09.AKC.5066.6001.1,PM2.5,http://dd.eionet.europa.eu/vocabulary/aq/pollutant/6001,hour,60.2255020100,µg/m3,2018-03-04 10:00:00 +01:00,2018-03-04 11:00:00 +01:00,1,1
AT,AT.0008.20.AQ,NET.09,STA.09.AKC,,SPO.09.AKC.5066.6001.1,SPP.09.AKC.5066.6001.1.11325,SAM.09.AKC.5066.6001.1,PM2.5,http://dd.eionet.europa.eu/vocabulary/aq/pollutant/6001,hour,57.0965003900,µg/m3,2018-03-04 14:00:00 +01:00,2018-03-04 15:00:00 +01:00,1,1
AT,AT.0008.20.AQ,NET.09,STA.09.AKC,,SPO.09.AKC.5066.6001.1,SPP.09.AKC.5066.6001.1.11325,SAM.09.AKC.5066.6001.1,PM2.5,http://dd.eionet.europa.eu/vocabulary/aq/pollutant/6001,hour,58.6285018900,µg/m3,2018-03-04 15:00:00 +01:00,2018-03-04 16:00:00 +01:00,1,1
AT,AT.0008.20.AQ,NET.09,STA.09.AKC,,SPO.09.AKC.5066.6001.1,SPP.09.AKC.5066.6001.1.11325,SAM.09.AKC.5066.6001.1,PM2.5,http://dd.eionet.europa.eu/vocabulary/aq/pollutant/6001,hour,63.8854980400,µg/m3,2018-03-04 16:00:00 +01:00,2018-03-04 17:00:00 +01:00,1,1
AT,AT.0008.20.AQ,NET.09,STA.09.AKC,,SPO.09.AKC.5066.6001.1,SPP.09.AKC.5066.6001.1.11325,SAM.09.AKC.5066.6001.1,PM2.5,http://dd.eionet.europa.eu/vocabulary/aq/pollutant/6001,hour,58.0419998100,µg/m3,2018-03-04 21:00:00 +01:00,2018-03-04 22:00:00 +01:00,1,1
AT,AT.0008.20.AQ,NET.09,STA.09.AKC,,SPO.09.AKC.5066.6001.1,SPP.09.AKC.5066.6001.1.11325,SAM.09.AKC.5066.6001.1,PM2.5,http://dd.eionet.europa.eu/vocabulary/aq/pollutant/6001,hour,50.0824966400,µg/m3,2018-03-04 22:00:00 +01:00,2018-03-04 23:00:00 +01:00,1,1
AT,AT.0008.20.AQ,NET.09,STA.09.AKC,,SPO.09.AKC.5066.6001.1,SPP.09.AKC.5066.6001.1.11325,SAM.09.AKC.5066.6001.1,PM2.5,http://dd.eionet.europa.eu/vocabulary/aq/pollutant/6001,hour,44.9054985000,µg/m3,2018-03-04 23:00:00 +01:00,2018-03-05 00:00:00 +01:00,1,1
AT,AT.0008.20.AQ,NET.09,STA.09.AKC,,SPO.09.AKC.5066.6001.1,SPP.09.AKC.5066.6001.1.11325,SAM.09.AKC.5066.6001.1,PM2.5,http://dd.eionet.europa.eu/vocabulary/aq/pollutant/6001,hour,40.6944999600,µg/m3,2018-03-05 00:00:00 +01:00,2018-03-05 01:00:00 +01:00,1,1
AT,AT.0008.20.AQ,NET.09,STA.09.AKC,,SPO.09.AKC.5066.6001.1,SPP.09.AKC.5066.6001.1.11325,SAM.09.AKC.5066.6001.1,PM2.5,http://dd.eionet.europa.eu/vocabulary/aq/pollutant/6001,hour,32.1209983800,µg/m3,2018-03-05 05:00:00 +01:00,2018-03-05 06:00:00 +01:00,1,1
AT,AT.0008.20.AQ,NET.09,STA.09.AKC,,SPO.09.AKC.5066.6001.1,SPP.09.AKC.5066.6001.1.11325,SAM.09.AKC.5066.6001.1,PM2.5,http://dd.eionet.europa.eu/vocabulary/aq/pollutant/6001,hour,31.7939987100,µg/m3,2018-03-05 07:00:00 +01:00,2018-03-05 08:00:00 +01:00,1,1
AT,AT.0008.20.AQ,NET.09,STA.09.AKC,,SPO.09.AKC.5066.6001.1,SPP.09.AKC.5066.6001.1.11325,SAM.09.AKC.5066.6001.1,PM2.5,http://dd.eionet.europa.eu/vocabulary/aq/pollutant/6001,hour,34.8824996900,µg/m3,2018-03-05 08:00:00 +01:00,2018-03-05 09:00:00 +01:00,1,1
AT,AT.0008.20.AQ,NET.09,STA.09.AKC,,SPO.09.AKC.5066.6001.1,SPP.09.AKC.5066.6001.1.11325,SAM.09.AKC.5066.6001.1,PM2.5,http://dd.eionet.europa.eu/vocabulary/aq/pollutant/6001,hour,41.7265014600,µg/m3,2018-03-05 11:00:00 +01:00,2018-03-05 12:00:00 +01:00,1,1
AT,AT.0008.20.AQ,NET.09,STA.09.AKC,,SPO.09.AKC.5066.6001.1,SPP.09.AKC.5066.6001.1.11325,SAM.09.AKC.5066.6001.1,PM2.5,http://dd.eionet.europa.eu/vocabulary/aq/pollutant/6001,hour,42.3284988400,µg/m3,2018-03-05 13:00:00 +01:00,2018-03-05 14:00:00 +01:00,1,1
AT,AT.0008.20.AQ,NET.09,STA.09.AKC,,SPO.09.AKC.5066.6001.1,SPP.09.AKC.5066.6001.1.11325,SAM.09.AKC.5066.6001.1,PM2.5,http://dd.eionet.europa.eu/vocabulary/aq/pollutant/6001,hour,41.7919998100,µg/m3,2018-03-05 14:00:00 +01:00,2018-03-05 15:00:00 +01:00,1,1
AT,AT.0008.20.AQ,NET.09,STA.09.AKC,,SPO.09.AKC.5066.6001.1,SPP.09.AKC.5066.6001.1.11325,SAM.09.AKC.5066.6001.1,PM2.5,http://dd.eionet.europa.eu/vocabulary/aq/pollutant/6001,hour,42.1969985900,µg/m3,2018-03-05 15:00:00 +01:00,2018-03-05 16:00:00 +01:00,1,1
AT,AT.0008.20.AQ,NET.09,STA.09.AKC,,SPO.09.AKC.5066.6001.1,SPP.09.AKC.5066.6001.1.11325,SAM.09.AKC.5066.6001.1,PM2.5,http://dd.eionet.europa.eu/vocabulary/aq/pollutant/6001,hour,42.2235031100,µg/m3,2018-03-05 16:00:00 +01:00,2018-03-05 17:00:00 +01:00,1,1
AT,AT.0008.20.AQ,NET.09,STA.09.AKC,,SPO.09.AKC.5066.6001.1,SPP.09.AKC.5066.6001.1.11325,SAM.09.AKC.5066.6001.1,PM2.5,http://dd.eionet.europa.eu/vocabulary/aq/pollutant/6001,hour,42.1250000000,µg/m3,2018-03-05 17:00:00 +01:00,2018-03-05 18:00:00 +01:00,1,1
AT,AT.0008.20.AQ,NET.09,STA.09.AKC,,SPO.09.AKC.5066.6001.1,SPP.09.AKC.5066.6001.1.11325,SAM.09.AKC.5066.6001.1,PM2.5,http://dd.eionet.europa.eu/vocabulary/aq/pollutant/6001,hour,40.6995010300,µg/m3,2018-03-05 18:00:00 +01:00,2018-03-05 19:00:00 +01:00,1,1
AT,AT.0008.20.AQ,NET.09,STA.09.AKC,,SPO.09.AKC.5066.6001.1,SPP.09.AKC.5066.6001.1.11325,SAM.09.AKC.5066.6001.1,PM2.5,http://dd.eionet.europa.eu/vocabulary/aq/pollutant/6001,hour,42.4114990200,µg/m3,2018-03-05 19:00:00 +01:00,2018-03-05 20:00:00 +01:00,1,1
AT,AT.0008.20.AQ,NET.09,STA.09.AKC,,SPO.09.AKC.5066.6001.1,SPP.09.AKC.5066.6001.1.11325,SAM.09.AKC.5066.6001.1,PM2.5,http://dd.eionet.europa.eu/vocabulary/aq/pollutant/6001,hour,40.4799995400,µg/m3,2018-03-05 20:00:00 +01:00,2018-03-05 21:00:00 +01:00,1,1
AT,AT.0008.20.AQ,NET.09,STA.09.AKC,,SPO.09.AKC.5066.6001.1,SPP.09.AKC.5066.6001.1.11325,SAM.09.AKC.5066.6001.1,PM2.5,http://dd.eionet.europa.eu/vocabulary/aq/pollutant/6001,hour,37.2724990800,µg/m3,2018-03-05 21:00:00 +01:00,2018-03-05 22:00:00 +01:00,1,1
AT,AT.0008.20.AQ,NET.09,STA.09.AKC,,SPO.09.AKC.5066.6001.1,SPP.09.AKC.5066.6001.1.11325,SAM.09.AKC.5066.6001.1,PM2.5,http://dd.eionet.europa.eu/vocabulary/aq/pollutant/6001,hour,39.5815010000,µg/m3,2018-03-06 00:00:00 +01:00,2018-03-06 01:00:00 +01:00,1,1
AT,AT.0008.20.AQ,NET.09,STA.09.AKC,,SPO.09.AKC.5066.6001.1,SPP.09.AKC.5066.6001.1.11325,SAM.09.AKC.5066.6001.1,PM2.5,http://dd.eionet.europa.eu/vocabulary/aq/pollutant/6001,hour,46.0400009100,µg/m3,2018-03-06 03:00:00 +01:00,2018-03-06 04:00:00 +01:00,1,1
AT,AT.0008.20.AQ,NET.09,STA.09.AKC,,SPO.09.AKC.5066.6001.1,SPP.09.AKC.5066.6001.1.11325,SAM.09.AKC.5066.6001.1,PM2.5,http://dd.eionet.europa.eu/vocabulary/aq/pollutant/6001,hour,45.9885025000,µg/m3,2018-03-06 04:00:00 +01:00,2018-03-06 05:00:00 +01:00,1,1
AT,AT.0008.20.AQ,NET.09,STA.09.AKC,,SPO.09.AKC.5066.6001.1,SPP.09.AKC.5066.6001.1.11325,SAM.09.AKC.5066.6001.1,PM2.5,http://dd.eionet.europa.eu/vocabulary/aq/pollutant/6001,hour,46.2880020100,µg/m3,2018-03-06 05:00:00 +01:00,2018-03-06 06:00:00 +01:00,1,1
AT,AT.0008.20.AQ,NET.09,STA.09.AKC,,SPO.09.AKC.5066.6001.1,SPP.09.AKC.5066.6001.1.11325,SAM.09.AKC.5066.6001.1,PM2.5,http://dd.eionet.europa.eu/vocabulary/aq/pollutant/6001,hour,44.1819992000,µg/m3,2018-03-06 06:00:00 +01:00,2018-03-06 07:00:00 +01:00,1,1
AT,AT.0008.20.AQ,NET.09,STA.09.AKC,,SPO.09.AKC.5066.6001.1,SPP.09.AKC.5066.6001.1.11325,SAM.09.AKC.5066.6001.1,PM2.5,http://dd.eionet.europa.eu/vocabulary/aq/pollutant/6001,hour,43.0929985000,µg/m3,2018-03-06 07:00:00 +01:00,2018-03-06 08:00:00 +01:00,1,1
AT,AT.0008.20.AQ,NET.09,STA.09.AKC,,SPO.09.AKC.5066.6001.1,SPP.09.AKC.5066.6001.1.11325,SAM.09.AKC.5066.6001.1,PM2.5,http://dd.eionet.europa.eu/vocabulary/aq/pollutant/6001,hour,37.6580009400,µg/m3,2018-03-06 09:00:00 +01:00,2018-03-06 10:00:00 +01:00,1,1
AT,AT.0008.20.AQ,NET.09,STA.09.AKC,,SPO.09.AKC.5066.6001.1,SPP.09.AKC.5066.6001.1.11325,SAM.09.AKC.5066.6001.1,PM2.5,http://dd.eionet.europa.eu/vocabulary/aq/pollutant/6001,hour,33.8014984100,µg/m3,2018-03-06 10:00:00 +01:00,2018-03-06 11:00:00 +01:00,1,1
AT,AT.0008.20.AQ,NET.09,STA.09.AKC,,SPO.09.AKC.5066.6001.1,SPP.09.AKC.5066.6001.1.11325,SAM.09.AKC.5066.6001.1,PM2.5,http://dd.eionet.europa.eu/vocabulary/aq/pollutant/6001,hour,29.1049995400,µg/m3,2018-03-06 13:00:00 +01:00,2018-03-06 14:00:00 +01:00,1,1
AT,AT.0008.20.AQ,NET.09,STA.09.AKC,,SPO.09.AKC.5066.6001.1,SPP.09.AKC.5066.6001.1.11325,SAM.09.AKC.5066.6001.1,PM2.5,http://dd.eionet.europa.eu/vocabulary/aq/pollutant/6001,hour,30.2915000900,µg/m3,2018-03-06 14:00:00 +01:00,2018-03-06 15:00:00 +01:00,1,1
AT,AT.0008.20.AQ,NET.09,STA.09.AKC,,SPO.09.AKC.5066.6001.1,SPP.09.AKC.5066.6001.1.11325,SAM.09.AKC.5066.6001.1,PM2.5,http://dd.eionet.europa.eu/vocabulary/aq/pollutant/6001,hour,31.5550003000,µg/m3,2018-03-06 15:00:00 +01:00,2018-03-06 16:00:00 +01:00,1,1
AT,AT.0008.20.AQ,NET.09,STA.09.AKC,,SPO.09.AKC.5066.6001.1,SPP.09.AKC.5066.6001.1.11325,SAM.09.AKC.5066.6001.1,PM2.5,http://dd.eionet.europa.eu/vocabulary/aq/pollutant/6001,hour,32.8229980400,µg/m3,2018-03-06 17:00:00 +01:00,2018-03-06 18:00:00 +01:00,1,1
AT,AT.0008.20.AQ,NET.09,STA.09.AKC,,SPO.09.AKC.5066.6001.1,SPP.09.AKC.5066.6001.1.11325,SAM.09.AKC.5066.6001.1,PM2.5,http://dd.eionet.europa.eu/vocabulary/aq/pollutant/6001,hour,32.0120010300,µg/m3,2018-03-06 18:00:00 +01:00,2018-03-06 19:00:00 +01:00,1,1
AT,AT.0008.20.AQ,NET.09,STA.09.AKC,,SPO.09.AKC.5066.6001.1,SPP.09.AKC.5066.6001.1.11325,SAM.09.AKC.5066.6001.1,PM2.5,http://dd.eionet.europa.eu/vocabulary/aq/pollutant/6001,hour,33.0065002400,µg/m3,2018-03-06 20:00:00 +01:00,2018-03-06 21:00:00 +01:00,1,1
AT,AT.0008.20.AQ,NET.09,STA.09.AKC,,SPO.09.AKC.5066.6001.1,SPP.09.AKC.5066.6001.1.11325,SAM.09.AKC.5066.6001.1,PM2.5,http://dd.eionet.europa.eu/vocabulary/aq/pollutant/6001,hour,36.6135025000,µg/m3,2018-03-06 21:00:00 +01:00,2018-03-06 22:00:00 +01:00,1,1
AT,AT.0008.20.AQ,NET.09,STA.09.AKC,,SPO.09.AKC.5066.6001.1,SPP.09.AKC.5066.6001.1.11325,SAM.09.AKC.5066.6001.1,PM2.5,http://dd.eionet.europa.eu/vocabulary/aq/pollutant/6001,hour,39.0214996300,µg/m3,2018-03-06 23:00:00 +01:00,2018-03-07 00:00:00 +01:00,1,1
AT,AT.0008.20.AQ,NET.09,STA.09.AKC,,SPO.09.AKC.5066.6001.1,SPP.09.AKC.5066.6001.1.11325,SAM.09.AKC.5066.6001.1,PM2.5,http://dd.eionet.europa.eu/vocabulary/aq/pollutant/6001,hour,49.6139984100,µg/m3,2018-03-07 02:00:00 +01:00,2018-03-07 03:00:00 +01:00,1,1
AT,AT.0008.20.AQ,NET.09,STA.09.AKC,,SPO.09.AKC.5066.6001.1,SPP.09.AKC.5066.6001.1.11325,SAM.09.AKC.5066.6001.1,PM2.5,http://dd.eionet.europa.eu/vocabulary/aq/pollutant/6001,hour,48.9765014600,µg/m3,2018-03-07 03:00:00 +01:00,2018-03-07 04:00:00 +01:00,1,1
AT,AT.0008.20.AQ,NET.09,STA.09.AKC,,SPO.09.AKC.5066.6001.1,SPP.09.AKC.5066.6001.1.11325,SAM.09.AKC.5066.6001.1,PM2.5,http://dd.eionet.europa.eu/vocabulary/aq/pollutant/6001,hour,47.9534988400,µg/m3,2018-03-07 04:00:00 +01:00,2018-03-07 05:00:00 +01:00,1,1
AT,AT.0008.20.AQ,NET.09,STA.09.AKC,,SPO.09.AKC.5066.6001.1,SPP.09.AKC.5066.6001.1.11325,SAM.09.AKC.5066.6001.1,PM2.5,http://dd.eionet.europa.eu/vocabulary/aq/pollutant/6001,hour,51.8174972500,µg/m3,2018-03-07 07:00:00 +01:00,2018-03-07 08:00:00 +01:00,1,1
AT,AT.0008.20.AQ,NET.09,STA.09.AKC,,SPO.09.AKC.5066.6001.1,SPP.09.AKC.5066.6001.1.11325,SAM.09.AKC.5066.6001.1,PM2.5,http://dd.eionet.europa.eu/vocabulary/aq/pollutant/6001,hour,51.5909996000,µg/m3,2018-03-07 08:00:00 +01:00,2018-03-07 09:00:00 +01:00,1,1
AT,AT.0008.20.AQ,NET.09,STA.09.AKC,,SPO.09.AKC.5066.6001.1,SPP.09.AKC.5066.6001.1.11325,SAM.09.AKC.5066.6001.1,PM2.5,http://dd.eionet.europa.eu/vocabulary/aq/pollutant/6001,hour,53.9604988000,µg/m3,2018-03-07 10:00:00 +01:00,2018-03-07 11:00:00 +01:00,1,1
AT,AT.0008.20.AQ,NET.09,STA.09.AKC,,SPO.09.AKC.5066.6001.1,SPP.09.AKC.5066.6001.1.11325,SAM.09.AKC.5066.6001.1,PM2.5,http://dd.eionet.europa.eu/vocabulary/aq/pollutant/6001,hour,37.2470016400,µg/m3,2018-03-07 11:00:00 +01:00,2018-03-07 12:00:00 +01:00,1,1
AT,AT.0008.20.AQ,NET.09,STA.09.AKC,,SPO.09.AKC.5066.6001.1,SPP.09.AKC.5066.6001.1.11325,SAM.09.AKC.5066.6001.1,PM2.5,http://dd.eionet.europa.eu/vocabulary/aq/pollutant/6001,hour,15.3784999800,µg/m3,2018-03-07 12:00:00 +01:00,2018-03-07 13:00:00 +01:00,1,1
AT,AT.0008.20.AQ,NET.09,STA.09.AKC,,SPO.09.AKC.5066.6001.1,SPP.09.AKC.5066.6001.1.11325,SAM.09.AKC.5066.6001.1,PM2.5,http://dd.eionet.europa.eu/vocabulary/aq/pollutant/6001,hour,10.1051006300,µg/m3,2018-03-07 13:00:00 +01:00,2018-03-07 14:00:00 +01:00,1,1
AT,AT.0008.20.AQ,NET.09,STA.09.AKC,,SPO.09.AKC.5066.6001.1,SPP.09.AKC.5066.6001.1.11325,SAM.09.AKC.5066.6001.1,PM2.5,http://dd.eionet.europa.eu/vocabulary/aq/pollutant/6001,hour,12.8934993700,µg/m3,2018-03-07 17:00:00 +01:00,2018-03-07 18:00:00 +01:00,1,1
AT,AT.0008.20.AQ,NET.09,STA.09.AKC,,SPO.09.AKC.5066.6001.1,SPP.09.AKC.5066.6001.1.11325,SAM.09.AKC.5066.6001.1,PM2.5,http://dd.eionet.europa.eu/vocabulary/aq/pollutant/6001,hour,32.4860000600,µg/m3,2018-03-07 19:00:00 +01:00,2018-03-07 20:00:00 +01:00,1,1
AT,AT.0008.20.AQ,NET.09,STA.09.AKC,,SPO.09.AKC.5066.6001.1,SPP.09.AKC.5066.6001.1.11325,SAM.09.AKC.5066.6001.1,PM2.5,http://dd.eionet.europa.eu/vocabulary/aq/pollutant/6001,hour,28.5250015200,µg/m3,2018-03-07 20:00:00 +01:00,2018-03-07 21:00:00 +01:00,1,1
AT,AT.0008.20.AQ,NET.09,STA.09.AKC,,SPO.09.AKC.5066.6001.1,SPP.09.AKC.5066.6001.1.11325,SAM.09.AKC.5066.6001.1,PM2.5,http://dd.eionet.europa.eu/vocabulary/aq/pollutant/6001,hour,18.9120006500,µg/m3,2018-03-07 21:00:00 +01:00,2018-03-07 22:00:00 +01:00,1,1
AT,AT.0008.20.AQ,NET.09,STA.09.AKC,,SPO.09.AKC.5066.6001.1,SPP.09.AKC.5066.6001.1.11325,SAM.09.AKC.5066.6001.1,PM2.5,http://dd.eionet.europa.eu/vocabulary/aq/pollutant/6001,hour,12.6385002100,µg/m3,2018-03-07 22:00:00 +01:00,2018-03-07 23:00:00 +01:00,1,1
AT,AT.0008.20.AQ,NET.09,STA.09.AKC,,SPO.09.AKC.5066.6001.1,SPP.09.AKC.5066.6001.1.11325,SAM.09.AKC.5066.6001.1,PM2.5,http://dd.eionet.europa.eu/vocabulary/aq/pollutant/6001,hour,15.1665000900,µg/m3,2018-03-07 23:00:00 +01:00,2018-03-08 00:00:00 +01:00,1,1
AT,AT.0008.20.AQ,NET.09,STA.09.AKC,,SPO.09.AKC.5066.6001.1,SPP.09.AKC.5066.6001.1.11325,SAM.09.AKC.5066.6001.1,PM2.5,http://dd.eionet.europa.eu/vocabulary/aq/pollutant/6001,hour,8.8023004500,µg/m3,2018-03-08 00:00:00 +01:00,2018-03-08 01:00:00 +01:00,1,1
AT,AT.0008.20.AQ,NET.09,STA.09.AKC,,SPO.09.AKC.5066.6001.1,SPP.09.AKC.5066.6001.1.11325,SAM.09.AKC.5066.6001.1,PM2.5,http://dd.eionet.europa.eu/vocabulary/aq/pollutant/6001,hour,5.9533500600,µg/m3,2018-03-08 02:00:00 +01:00,2018-03-08 03:00:00 +01:00,1,1
AT,AT.0008.20.AQ,NET.09,STA.09.AKC,,SPO.09.AKC.5066.6001.1,SPP.09.AKC.5066.6001.1.11325,SAM.09.AKC.5066.6001.1,PM2.5,http://dd.eionet.europa.eu/vocabulary/aq/pollutant/6001,hour,3.5663499800,µg/m3,2018-03-08 04:00:00 +01:00,2018-03-08 05:00:00 +01:00,1,1
AT,AT.0008.20.AQ,NET.09,STA.09.AKC,,SPO.09.AKC.5066.6001.1,SPP.09.AKC.5066.6001.1.11325,SAM.09.AKC.5066.6001.1,PM2.5,http://dd.eionet.europa.eu/vocabulary/aq/pollutant/6001,hour,4.1117496400,µg/m3,2018-03-08 05:00:00 +01:00,2018-03-08 06:00:00 +01:00,1,1
AT,AT.0008.20.AQ,NET.09,STA.09.AKC,,SPO.09.AKC.5066.6001.1,SPP.09.AKC.5066.6001.1.11325,SAM.09.AKC.5066.6001.1,PM2.5,http://dd.eionet.europa.eu/vocabulary/aq/pollutant/6001,hour,6.0625500600,µg/m3,2018-03-08 06:00:00 +01:00,2018-03-08 07:00:00 +01:00,1,1
AT,AT.0008.20.AQ,NET.09,STA.09.AKC,,SPO.09.AKC.5066.6001.1,SPP.09.AKC.5066.6001.1.11325,SAM.09.AKC.5066.6001.1,PM2.5,http://dd.eionet.europa.eu/vocabulary/aq/pollutant/6001,hour,5.8623499800,µg/m3,2018-03-08 07:00:00 +01:00,2018-03-08 08:00:00 +01:00,1,1
AT,AT.0008.20.AQ,NET.09,STA.09.AKC,,SPO.09.AKC.5066.6001.1,SPP.09.AKC.5066.6001.1.11325,SAM.09.AKC.5066.6001.1,PM2.5,http://dd.eionet.europa.eu/vocabulary/aq/pollutant/6001,hour,6.3073000900,µg/m3,2018-03-08 08:00:00 +01:00,2018-03-08 09:00:00 +01:00,1,1
AT,AT.0008.20.AQ,NET.09,STA.09.AKC,,SPO.09.AKC.5066.6001.1,SPP.09.AKC.5066.6001.1.11325,SAM.09.AKC.5066.6001.1,PM2.5,http://dd.eionet.europa.eu/vocabulary/aq/pollutant/6001,hour,7.2957501400,µg/m3,2018-03-08 09:00:00 +01:00,2018-03-08 10:00:00 +01:00,1,1
AT,AT.0008.20.AQ,NET.09,STA.09.AKC,,SPO.09.AKC.5066.6001.1,SPP.09.AKC.5066.6001.1.11325,SAM.09.AKC.5066.6001.1,PM2.5,http://dd.eionet.europa.eu/vocabulary/aq/pollutant/6001,hour,6.5095500900,µg/m3,2018-03-08 10:00:00 +01:00,2018-03-08 11:00:00 +01:00,1,1
AT,AT.0008.20.AQ,NET.09,STA.09.AKC,,SPO.09.AKC.5066.6001.1,SPP.09.AKC.5066.6001.1.11325,SAM.09.AKC.5066.6001.1,PM2.5,http://dd.eionet.europa.eu/vocabulary/aq/pollutant/6001,hour,6.1849999400,µg/m3,2018-03-08 11:00:00 +01:00,2018-03-08 12:00:00 +01:00,1,1
AT,AT.0008.20.AQ,NET.09,STA.09.AKC,,SPO.09.AKC.5066.6001.1,SPP.09.AKC.5066.6001.1.11325,SAM.09.AKC.5066.6001.1,PM2.5,http://dd.eionet.europa.eu/vocabulary/aq/pollutant/6001,hour,6.6610498400,µg/m3,2018-03-08 13:00:00 +01:00,2018-03-08 14:00:00 +01:00,1,1
AT,AT.0008.20.AQ,NET.09,STA.09.AKC,,SPO.09.AKC.5066.6001.1,SPP.09.AKC.5066.6001.1.11325,SAM.09.AKC.5066.6001.1,PM2.5,http://dd.eionet.europa.eu/vocabulary/aq/pollutant/6001,hour,6.3647999700,µg/m3,2018-03-08 14:00:00 +01:00,2018-03-08 15:00:00 +01:00,1,1
AT,AT.0008.20.AQ,NET.09,STA.09.AKC,,SPO.09.AKC.5066.6001.1,SPP.09.AKC.5066.6001.1.11325,SAM.09.AKC.5066.6001.1,PM2.5,http://dd.eionet.europa.eu/vocabulary/aq/pollutant/6001,hour,5.6785001700,µg/m3,2018-03-08 17:00:00 +01:00,2018-03-08 18:00:00 +01:00,1,1
AT,AT.0008.20.AQ,NET.09,STA.09.AKC,,SPO.09.AKC.5066.6001.1,SPP.09.AKC.5066.6001.1.11325,SAM.09.AKC.5066.6001.1,PM2.5,http://dd.eionet.europa.eu/vocabulary/aq/pollutant/6001,hour,11.2886505100,µg/m3,2018-03-08 18:00:00 +01:00,2018-03-08 19:00:00 +01:00,1,1
AT,AT.0008.20.AQ,NET.09,STA.09.AKC,,SPO.09.AKC.5066.6001.1,SPP.09.AKC.5066.6001.1.11325,SAM.09.AKC.5066.6001.1,PM2.5,http://dd.eionet.europa.eu/vocabulary/aq/pollutant/6001,hour,13.4969997400,µg/m3,2018-03-08 20:00:00 +01:00,2018-03-08 21:00:00 +01:00,1,1
AT,AT.0008.20.AQ,NET.09,STA.09.AKC,,SPO.09.AKC.5066.6001.1,SPP.09.AKC.5066.6001.1.11325,SAM.09.AKC.5066.6001.1,PM2.5,http://dd.eionet.europa.eu/vocabulary/aq/pollutant/6001,hour,15.0809993700,µg/m3,2018-03-08 21:00:00 +01:00,2018-03-08 22:00:00 +01:00,1,1
AT,AT.0008.20.AQ,NET.09,STA.09.AKC,,SPO.09.AKC.5066.6001.1,SPP.09.AKC.5066.6001.1.11325,SAM.09.AKC.5066.6001.1,PM2.5,http://dd.eionet.europa.eu/vocabulary/aq/pollutant/6001,hour,19.3920001900,µg/m3,2018-03-08 22:00:00 +01:00,2018-03-08 23:00:00 +01:00,1,1
AT,AT.0008.20.AQ,NET.09,STA.09.AKC,,SPO.09.AKC.5066.6001.1,SPP.09.AKC.5066.6001.1.11325,SAM.09.AKC.5066.6001.1,PM2.5,http://dd.eionet.europa.eu/vocabulary/aq/pollutant/6001,hour,18.2975006100,µg/m3,2018-03-09 01:00:00 +01:00,2018-03-09 02:00:00 +01:00,1,1
AT,AT.0008.20.AQ,NET.09,STA.09.AKC,,SPO.09.AKC.5066.6001.1,SPP.09.AKC.5066.6001.1.11325,SAM.09.AKC.5066.6001.1,PM2.5,http://dd.eionet.europa.eu/vocabulary/aq/pollutant/6001,hour,15.1630001000,µg/m3,2018-03-09 02:00:00 +01:00,2018-03-09 03:00:00 +01:00,1,1
AT,AT.0008.20.AQ,NET.09,STA.09.AKC,,SPO.09.AKC.5066.6001.1,SPP.09.AKC.5066.6001.1.11325,SAM.09.AKC.5066.6001.1,PM2.5,http://dd.eionet.europa.eu/vocabulary/aq/pollutant/6001,hour,17.3750000000,µg/m3,2018-03-09 03:00:00 +01:00,2018-03-09 04:00:00 +01:00,1,1
AT,AT.0008.20.AQ,NET.09,STA.09.AKC,,SPO.09.AKC.5066.6001.1,SPP.09.AKC.5066.6001.1.11325,SAM.09.AKC.5066.6001.1,PM2.5,http://dd.eionet.europa.eu/vocabulary/aq/pollutant/6001,hour,22.1254997200,µg/m3,2018-03-09 04:00:00 +01:00,2018-03-09 05:00:00 +01:00,1,1
AT,AT.0008.20.AQ,NET.09,STA.09.AKC,,SPO.09.AKC.5066.6001.1,SPP.09.AKC.5066.6001.1.11325,SAM.09.AKC.5066.6001.1,PM2.5,http://dd.eionet.europa.eu/vocabulary/aq/pollutant/6001,hour,16.4904994900,µg/m3,2018-03-09 05:00:00 +01:00,2018-03-09 06:00:00 +01:00,1,1
AT,AT.0008.20.AQ,NET.09,STA.09.AKC,,SPO.09.AKC.5066.6001.1,SPP.09.AKC.5066.6001.1.11325,SAM.09.AKC.5066.6001.1,PM2.5,http://dd.eionet.europa.eu/vocabulary/aq/pollutant/6001,hour,16.5939998600,µg/m3,2018-03-09 06:00:00 +01:00,2018-03-09 07:00:00 +01:00,1,1
AT,AT.0008.20.AQ,NET.09,STA.09.AKC,,SPO.09.AKC.5066.6001.1,SPP.09.AKC.5066.6001.1.11325,SAM.09.AKC.5066.6001.1,PM2.5,http://dd.eionet.europa.eu/vocabulary/aq/pollutant/6001,hour,25.3125000000,µg/m3,2018-03-09 07:00:00 +01:00,2018-03-09 08:00:00 +01:00,1,1
AT,AT.0008.20.AQ,NET.09,STA.09.AKC,,SPO.09.AKC.5066.6001.1,SPP.09.AKC.5066.6001.1.11325,SAM.09.AKC.5066.6001.1,PM2.5,http://dd.eionet.europa.eu/vocabulary/aq/pollutant/6001,hour,31.7804985000,µg/m3,2018-03-09 08:00:00 +01:00,2018-03-09 09:00:00 +01:00,1,1
AT,AT.0008.20.AQ,NET.09,STA.09.AKC,,SPO.09.AKC.5066.6001.1,SPP.09.AKC.5066.6001.1.11325,SAM.09.AKC.5066.6001.1,PM2.5,http://dd.eionet.europa.eu/vocabulary/aq/pollutant/6001,hour,36.0780029200,µg/m3,2018-03-09 09:00:00 +01:00,2018-03-09 10:00:00 +01:00,1,1
AT,AT.0008.20.AQ,NET.09,STA.09.AKC,,SPO.09.AKC.5066.6001.1,SPP.09.AKC.5066.6001.1.11325,SAM.09.AKC.5066.6001.1,PM2.5,http://dd.eionet.europa.eu/vocabulary/aq/pollutant/6001,hour,18.6359996700,µg/m3,2018-03-09 10:00:00 +01:00,2018-03-09 11:00:00 +01:00,1,1
AT,AT.0008.20.AQ,NET.09,STA.09.AKC,,SPO.09.AKC.5066.6001.1,SPP.09.AKC.5066.6001.1.11325,SAM.09.AKC.5066.6001.1,PM2.5,http://dd.eionet.europa.eu/vocabulary/aq/pollutant/6001,hour,4.8267498000,µg/m3,2018-03-09 13:00:00 +01:00,2018-03-09 14:00:00 +01:00,1,1
AT,AT.0008.20.AQ,NET.09,STA.09.AKC,,SPO.09.AKC.5066.6001.1,SPP.09.AKC.5066.6001.1.11325,SAM.09.AKC.5066.6001.1,PM2.5,http://dd.eionet.europa.eu/vocabulary/aq/pollutant/6001,hour,5.0127000800,µg/m3,2018-03-09 15:00:00 +01:00,2018-03-09 16:00:00 +01:00,1,1
AT,AT.0008.20.AQ,NET.09,STA.09.AKC,,SPO.09.AKC.5066.6001.1,SPP.09.AKC.5066.6001.1.11325,SAM.09.AKC.5066.6001.1,PM2.5,http://dd.eionet.europa.eu/vocabulary/aq/pollutant/6001,hour,13.2639999300,µg/m3,2018-03-09 18:00:00 +01:00,2018-03-09 19:00:00 +01:00,1,1
AT,AT.0008.20.AQ,NET.09,STA.09.AKC,,SPO.09.AKC.5066.6001.1,SPP.09.AKC.5066.6001.1.11325,SAM.09.AKC.5066.6001.1,PM2.5,http://dd.eionet.europa.eu/vocabulary/aq/pollutant/6001,hour,16.4444999600,µg/m3,2018-03-09 19:00:00 +01:00,2018-03-09 20:00:00 +01:00,1,1
AT,AT.0008.20.AQ,NET.09,STA.09.AKC,,SPO.09.AKC.5066.6001.1,SPP.09.AKC.5066.6001.1.11325,SAM.09.AKC.5066.6001.1,PM2.5,http://dd.eionet.europa.eu/vocabulary/aq/pollutant/6001,hour,20.8500003800,µg/m3,2018-03-09 20:00:00 +01:00,2018-03-09 21:00:00 +01:00,1,1
AT,AT.0008.20.AQ,NET.09,STA.09.AKC,,SPO.09.AKC.5066.6001.1,SPP.09.AKC.5066.6001.1.11325,SAM.09.AKC.5066.6001.1,PM2.5,http://dd.eionet.europa.eu/vocabulary/aq/pollutant/6001,hour,23.8864994000,µg/m3,2018-03-09 21:00:00 +01:00,2018-03-09 22:00:00 +01:00,1,1
AT,AT.0008.20.AQ,NET.09,STA.09.AKC,,SPO.09.AKC.5066.6001.1,SPP.09.AKC.5066.6001.1.11325,SAM.09.AKC.5066.6001.1,PM2.5,http://dd.eionet.europa.eu/vocabulary/aq/pollutant/6001,hour,28.5655002500,µg/m3,2018-03-09 23:00:00 +01:00,2018-03-10 00:00:00 +01:00,1,1
AT,AT.0008.20.AQ,NET.09,STA.09.AKC,,SPO.09.AKC.5066.6001.1,SPP.09.AKC.5066.6001.1.11325,SAM.09.AKC.5066.6001.1,PM2.5,http://dd.eionet.europa.eu/vocabulary/aq/pollutant/6001,hour,30.1744995100,µg/m3,2018-03-10 00:00:00 +01:00,2018-03-10 01:00:00 +01:00,1,1
AT,AT.0008.20.AQ,NET.09,STA.09.AKC,,SPO.09.AKC.5066.6001.1,SPP.09.AKC.5066.6001.1.11325,SAM.09.AKC.5066.6001.1,PM2.5,http://dd.eionet.europa.eu/vocabulary/aq/pollutant/6001,hour,27.2770004200,µg/m3,2018-03-10 01:00:00 +01:00,2018-03-10 02:00:00 +01:00,1,1
AT,AT.0008.20.AQ,NET.09,STA.09.AKC,,SPO.09.AKC.5066.6001.1,SPP.09.AKC.5066.6001.1.11325,SAM.09.AKC.5066.6001.1,PM2.5,http://dd.eionet.europa.eu/vocabulary/aq/pollutant/6001,hour,30.1035003600,µg/m3,2018-03-10 02:00:00 +01:00,2018-03-10 03:00:00 +01:00,1,1
AT,AT.0008.20.AQ,NET.09,STA.09.AKC,,SPO.09.AKC.5066.6001.1,SPP.09.AKC.5066.6001.1.11325,SAM.09.AKC.5066.6001.1,PM2.5,http://dd.eionet.europa.eu/vocabulary/aq/pollutant/6001,hour,33.8240013100,µg/m3,2018-03-10 03:00:00 +01:00,2018-03-10 04:00:00 +01:00,1,1
AT,AT.0008.20.AQ,NET.09,STA.09.AKC,,SPO.09.AKC.5066.6001.1,SPP.09.AKC.5066.6001.1.11325,SAM.09.AKC.5066.6001.1,PM2.5,http://dd.eionet.europa.eu/vocabulary/aq/pollutant/6001,hour,28.7709999000,µg/m3,2018-03-10 04:00:00 +01:00,2018-03-10 05:00:00 +01:00,1,1
AT,AT.0008.20.AQ,NET.09,STA.09.AKC,,SPO.09.AKC.5066.6001.1,SPP.09.AKC.5066.6001.1.11325,SAM.09.AKC.5066.6001.1,PM2.5,http://dd.eionet.europa.eu/vocabulary/aq/pollutant/6001,hour,26.2614994000,µg/m3,2018-03-10 05:00:00 +01:00,2018-03-10 06:00:00 +01:00,1,1
AT,AT.0008.20.AQ,NET.09,STA.09.AKC,,SPO.09.AKC.5066.6001.1,SPP.09.AKC.5066.6001.1.11325,SAM.09.AKC.5066.6001.1,PM2.5,http://dd.eionet.europa.eu/vocabulary/aq/pollutant/6001,hour,26.3040008500,µg/m3,2018-03-10 06:00:00 +01:00,2018-03-10 07:00:00 +01:00,1,1
AT,AT.0008.20.AQ,NET.09,STA.09.AKC,,SPO.09.AKC.5066.6001.1,SPP.09.AKC.5066.6001.1.11325,SAM.09.AKC.5066.6001.1,PM2.5,http://dd.eionet.europa.eu/vocabulary/aq/pollutant/6001,hour,27.1100006100,µg/m3,2018-03-10 08:00:00 +01:00,2018-03-10 09:00:00 +01:00,1,1
AT,AT.0008.20.AQ,NET.09,STA.09.AKC,,SPO.09.AKC.5066.6001.1,SPP.09.AKC.5066.6001.1.11325,SAM.09.AKC.5066.6001.1,PM2.5,http://dd.eionet.europa.eu/vocabulary/aq/pollutant/6001,hour,29.6404991100,µg/m3,2018-03-10 09:00:00 +01:00,2018-03-10 10:00:00 +01:00,1,1
AT,AT.0008.20.AQ,NET.09,STA.09.AKC,,SPO.09.AKC.5066.6001.1,SPP.09.AKC.5066.6001.1.11325,SAM.09.AKC.5066.6001.1,PM2.5,http://dd.eionet.europa.eu/vocabulary/aq/pollutant/6001,hour,32.3129997200,µg/m3,2018-03-10 10:00:00 +01:00,2018-03-10 11:00:00 +01:00,1,1
AT,AT.0008.20.AQ,NET.09,STA.09.AKC,,SPO.09.AKC.5066.6001.1,SPP.09.AKC.5066.6001.1.11325,SAM.09.AKC.5066.6001.1,PM2.5,http://dd.eionet.europa.eu/vocabulary/aq/pollutant/6001,hour,30.1250000000,µg/m3,2018-03-10 11:00:00 +01:00,2018-03-10 12:00:00 +01:00,1,1
AT,AT.0008.20.AQ,NET.09,STA.09.AKC,,SPO.09.AKC.5066.6001.1,SPP.09.AKC.5066.6001.1.11325,SAM.09.AKC.5066.6001.1,PM2.5,http://dd.eionet.europa.eu/vocabulary/aq/pollutant/6001,hour,26.6044998100,µg/m3,2018-03-10 12:00:00 +01:00,2018-03-10 13:00:00 +01:00,1,1
AT,AT.0008.20.AQ,NET.09,STA.09.AKC,,SPO.09.AKC.5066.6001.1,SPP.09.AKC.5066.6001.1.11325,SAM.09.AKC.5066.6001.1,PM2.5,http://dd.eionet.europa.eu/vocabulary/aq/pollutant/6001,hour,28.3284988400,µg/m3,2018-03-10 14:00:00 +01:00,2018-03-10 15:00:00 +01:00,1,1
AT,AT.0008.20.AQ,NET.09,STA.09.AKC,,SPO.09.AKC.5066.6001.1,SPP.09.AKC.5066.6001.1.11325,SAM.09.AKC.5066.6001.1,PM2.5,http://dd.eionet.europa.eu/vocabulary/aq/pollutant/6001,hour,25.7290000900,µg/m3,2018-03-10 15:00:00 +01:00,2018-03-10 16:00:00 +01:00,1,1
AT,AT.0008.20.AQ,NET.09,STA.09.AKC,,SPO.09.AKC.5066.6001.1,SPP.09.AKC.5066.6001.1.11325,SAM.09.AKC.5066.6001.1,PM2.5,http://dd.eionet.europa.eu/vocabulary/aq/pollutant/6001,hour,28.0319995800,µg/m3,2018-03-10 16:00:00 +01:00,2018-03-10 17:00:00 +01:00,1,1
AT,AT.0008.20.AQ,NET.09,STA.09.AKC,,SPO.09.AKC.5066.6001.1,SPP.09.AKC.5066.6001.1.11325,SAM.09.AKC.5066.6001.1,PM2.5,http://dd.eionet.europa.eu/vocabulary/aq/pollutant/6001,hour,23.7444992000,µg/m3,2018-03-10 18:00:00 +01:00,2018-03-10 19:00:00 +01:00,1,1
AT,AT.0008.20.AQ,NET.09,STA.09.AKC,,SPO.09.AKC.5066.6001.1,SPP.09.AKC.5066.6001.1.11325,SAM.09.AKC.5066.6001.1,PM2.5,http://dd.eionet.europa.eu/vocabulary/aq/pollutant/6001,hour,31.8470001200,µg/m3,2018-03-10 21:00:00 +01:00,2018-03-10 22:00:00 +01:00,1,1
AT,AT.0008.20.AQ,NET.09,STA.09.AKC,,SPO.09.AKC.5066.6001.1,SPP.09.AKC.5066.6001.1.11325,SAM.09.AKC.5066.6001.1,PM2.5,http://dd.eionet.europa.eu/vocabulary/aq/pollutant/6001,hour,32.5849990800,µg/m3,2018-03-11 02:00:00 +01:00,2018-03-11 03:00:00 +01:00,1,1
AT,AT.0008.20.AQ,NET.09,STA.09.AKC,,SPO.09.AKC.5066.6001.1,SPP.09.AKC.5066.6001.1.11325,SAM.09.AKC.5066.6001.1,PM2.5,http://dd.eionet.europa.eu/vocabulary/aq/pollutant/6001,hour,29.1425018300,µg/m3,2018-03-11 04:00:00 +01:00,2018-03-11 05:00:00 +01:00,1,1
AT,AT.0008.20.AQ,NET.09,STA.09.AKC,,SPO.09.AKC.5066.6001.1,SPP.09.AKC.5066.6001.1.11325,SAM.09.AKC.5066.6001.1,PM2.5,http://dd.eionet.europa.eu/vocabulary/aq/pollutant/6001,hour,29.5084991400,µg/m3,2018-03-11 06:00:00 +01:00,2018-03-11 07:00:00 +01:00,1,1
AT,AT.0008.20.AQ,NET.09,STA.09.AKC,,SPO.09.AKC.5066.6001.1,SPP.09.AKC.5066.6001.1.11325,SAM.09.AKC.5066.6001.1,PM2.5,http://dd.eionet.europa.eu/vocabulary/aq/pollutant/6001,hour,16.9739990200,µg/m3,2018-03-11 08:00:00 +01:00,2018-03-11 09:00:00 +01:00,1,1
AT,AT.0008.20.AQ,NET.09,STA.09.AKC,,SPO.09.AKC.5066.6001.1,SPP.09.AKC.5066.6001.1.11325,SAM.09.AKC.5066.6001.1,PM2.5,http://dd.eionet.europa.eu/vocabulary/aq/pollutant/6001,hour,15.6909999800,µg/m3,2018-03-11 09:00:00 +01:00,2018-03-11 10:00:00 +01:00,1,1
AT,AT.0008.20.AQ,NET.09,STA.09.AKC,,SPO.09.AKC.5066.6001.1,SPP.09.AKC.5066.6001.1.11325,SAM.09.AKC.5066.6001.1,PM2.5,http://dd.eionet.europa.eu/vocabulary/aq/pollutant/6001,hour,17.4214992500,µg/m3,2018-03-11 10:00:00 +01:00,2018-03-11 11:00:00 +01:00,1,1
AT,AT.0008.20.AQ,NET.09,STA.09.AKC,,SPO.09.AKC.5066.6001.1,SPP.09.AKC.5066.6001.1.11325,SAM.09.AKC.5066.6001.1,PM2.5,http://dd.eionet.europa.eu/vocabulary/aq/pollutant/6001,hour,17.4025001500,µg/m3,2018-03-11 12:00:00 +01:00,2018-03-11 13:00:00 +01:00,1,1
AT,AT.0008.20.AQ,NET.09,STA.09.AKC,,SPO.09.AKC.5066.6001.1,SPP.09.AKC.5066.6001.1.11325,SAM.09.AKC.5066.6001.1,PM2.5,http://dd.eionet.europa.eu/vocabulary/aq/pollutant/6001,hour,6.3492002400,µg/m3,2018-03-11 14:00:00 +01:00,2018-03-11 15:00:00 +01:00,1,1
AT,AT.0008.20.AQ,NET.09,STA.09.AKC,,SPO.09.AKC.5066.6001.1,SPP.09.AKC.5066.6001.1.11325,SAM.09.AKC.5066.6001.1,PM2.5,http://dd.eionet.europa.eu/vocabulary/aq/pollutant/6001,hour,4.2825999200,µg/m3,2018-03-11 15:00:00 +01:00,2018-03-11 16:00:00 +01:00,1,1
AT,AT.0008.20.AQ,NET.09,STA.09.AKC,,SPO.09.AKC.5066.6001.1,SPP.09.AKC.5066.6001.1.11325,SAM.09.AKC.5066.6001.1,PM2.5,http://dd.eionet.europa.eu/vocabulary/aq/pollutant/6001,hour,3.5748000100,µg/m3,2018-03-11 16:00:00 +01:00,2018-03-11 17:00:00 +01:00,1,1
AT,AT.0008.20.AQ,NET.09,STA.09.AKC,,SPO.09.AKC.5066.6001.1,SPP.09.AKC.5066.6001.1.11325,SAM.09.AKC.5066.6001.1,PM2.5,http://dd.eionet.europa.eu/vocabulary/aq/pollutant/6001,hour,3.3770499200,µg/m3,2018-03-11 18:00:00 +01:00,2018-03-11 19:00:00 +01:00,1,1
AT,AT.0008.20.AQ,NET.09,STA.09.AKC,,SPO.09.AKC.5066.6001.1,SPP.09.AKC.5066.6001.1.11325,SAM.09.AKC.5066.6001.1,PM2.5,http://dd.eionet.europa.eu/vocabulary/aq/pollutant/6001,hour,3.4614500900,µg/m3,2018-03-11 20:00:00 +01:00,2018-03-11 21:00:00 +01:00,1,1
AT,AT.0008.20.AQ,NET.09,STA.09.AKC,,SPO.09.AKC.5066.6001.1,SPP.09.AKC.5066.6001.1.11325,SAM.09.AKC.5066.6001.1,PM2.5,http://dd.eionet.europa.eu/vocabulary/aq/pollutant/6001,hour,6.8839502300,µg/m3,2018-03-12 00:00:00 +01:00,2018-03-12 01:00:00 +01:00,1,1
AT,AT.0008.20.AQ,NET.09,STA.09.AKC,,SPO.09.AKC.5066.6001.1,SPP.09.AKC.5066.6001.1.11325,SAM.09.AKC.5066.6001.1,PM2.5,http://dd.eionet.europa.eu/vocabulary/aq/pollutant/6001,hour,7.4107999800,µg/m3,2018-03-12 01:00:00 +01:00,2018-03-12 02:00:00 +01:00,1,1
AT,AT.0008.20.AQ,NET.09,STA.09.AKC,,SPO.09.AKC.5066.6001.1,SPP.09.AKC.5066.6001.1.11325,SAM.09.AKC.5066.6001.1,PM2.5,http://dd.eionet.europa.eu/vocabulary/aq/pollutant/6001,hour,8.8594503400,µg/m3,2018-03-12 07:00:00 +01:00,2018-03-12 08:00:00 +01:00,1,1
AT,AT.0008.20.AQ,NET.09,STA.09.AKC,,SPO.09.AKC.5066.6001.1,SPP.09.AKC.5066.6001.1.11325,SAM.09.AKC.5066.6001.1,PM2.5,http://dd.eionet.europa.eu/vocabulary/aq/pollutant/6001,hour,2.4737000400,µg/m3,2018-03-12 13:00:00 +01:00,2018-03-12 14:00:00 +01:00,1,1
AT,AT.0008.20.AQ,NET.09,STA.09.AKC,,SPO.09.AKC.5066.6001.1,SPP.09.AKC.5066.6001.1.11325,SAM.09.AKC.5066.6001.1,PM2.5,http://dd.eionet.europa.eu/vocabulary/aq/pollutant/6001,hour,2.7127499500,µg/m3,2018-03-12 14:00:00 +01:00,2018-03-12 15:00:00 +01:00,1,1
AT,AT.0008.20.AQ,NET.09,STA.09.AKC,,SPO.09.AKC.5066.6001.1,SPP.09.AKC.5066.6001.1.11325,SAM.09.AKC.5066.6001.1,PM2.5,http://dd.eionet.europa.eu/vocabulary/aq/pollutant/6001,hour,2.7841501200,µg/m3,2018-03-12 15:00:00 +01:00,2018-03-12 16:00:00 +01:00,1,1
AT,AT.0008.20.AQ,NET.09,STA.09.AKC,,SPO.09.AKC.5066.6001.1,SPP.09.AKC.5066.6001.1.11325,SAM.09.AKC.5066.6001.1,PM2.5,http://dd.eionet.europa.eu/vocabulary/aq/pollutant/6001,hour,5.2762999500,µg/m3,2018-03-12 19:00:00 +01:00,2018-03-12 20:00:00 +01:00,1,1
AT,AT.0008.20.AQ,NET.09,STA.09.AKC,,SPO.09.AKC.5066.6001.1,SPP.09.AKC.5066.6001.1.11325,SAM.09.AKC.5066.6001.1,PM2.5,http://dd.eionet.europa.eu/vocabulary/aq/pollutant/6001,hour,7.4668502800,µg/m3,2018-03-12 21:00:00 +01:00,2018-03-12 22:00:00 +01:00,1,1
AT,AT.0008.20.AQ,NET.09,STA.09.AKC,,SPO.09.AKC.5066.6001.1,SPP.09.AKC.5066.6001.1.11325,SAM.09.AKC.5066.6001.1,PM2.5,http://dd.eionet.europa.eu/vocabulary/aq/pollutant/6001,hour,2.8944501800,µg/m3,2018-03-13 00:00:00 +01:00,2018-03-13 01:00:00 +01:00,1,1
AT,AT.0008.20.AQ,NET.09,STA.09.AKC,,SPO.09.AKC.5066.6001.1,SPP.09.AKC.5066.6001.1.11325,SAM.09.AKC.5066.6001.1,PM2.5,http://dd.eionet.europa.eu/vocabulary/aq/pollutant/6001,hour,2.8719501400,µg/m3,2018-03-13 01:00:00 +01:00,2018-03-13 02:00:00 +01:00,1,1
AT,AT.0008.20.AQ,NET.09,STA.09.AKC,,SPO.09.AKC.5066.6001.1,SPP.09.AKC.5066.6001.1.11325,SAM.09.AKC.5066.6001.1,PM2.5,http://dd.eionet.europa.eu/vocabulary/aq/pollutant/6001,hour,2.2516999200,µg/m3,2018-03-13 03:00:00 +01:00,2018-03-13 04:00:00 +01:00,1,1
AT,AT.0008.20.AQ,NET.09,STA.09.AKC,,SPO.09.AKC.5066.6001.1,SPP.09.AKC.5066.6001.1.11325,SAM.09.AKC.5066.6001.1,PM2.5,http://dd.eionet.europa.eu/vocabulary/aq/pollutant/6001,hour,3.8418500400,µg/m3,2018-03-13 07:00:00 +01:00,2018-03-13 08:00:00 +01:00,1,1
AT,AT.0008.20.AQ,NET.09,STA.09.AKC,,SPO.09.AKC.5066.6001.1,SPP.09.AKC.5066.6001.1.11325,SAM.09.AKC.5066.6001.1,PM2.5,http://dd.eionet.europa.eu/vocabulary/aq/pollutant/6001,hour,3.6772999700,µg/m3,2018-03-13 08:00:00 +01:00,2018-03-13 09:00:00 +01:00,1,1
AT,AT.0008.20.AQ,NET.09,STA.09.AKC,,SPO.09.AKC.5066.6001.1,SPP.09.AKC.5066.6001.1.11325,SAM.09.AKC.5066.6001.1,PM2.5,http://dd.eionet.europa.eu/vocabulary/aq/pollutant/6001,hour,3.3975999300,µg/m3,2018-03-13 11:00:00 +01:00,2018-03-13 12:00:00 +01:00,1,1
AT,AT.0008.20.AQ,NET.09,STA.09.AKC,,SPO.09.AKC.5066.6001.1,SPP.09.AKC.5066.6001.1.11325,SAM.09.AKC.5066.6001.1,PM2.5,http://dd.eionet.europa.eu/vocabulary/aq/pollutant/6001,hour,3.9098501200,µg/m3,2018-03-13 12:00:00 +01:00,2018-03-13 13:00:00 +01:00,1,1
AT,AT.0008.20.AQ,NET.09,STA.09.AKC,,SPO.09.AKC.5066.6001.1,SPP.09.AKC.5066.6001.1.11325,SAM.09.AKC.5066.6001.1,PM2.5,http://dd.eionet.europa.eu/vocabulary/aq/pollutant/6001,hour,3.4591500700,µg/m3,2018-03-13 13:00:00 +01:00,2018-03-13 14:00:00 +01:00,1,1
AT,AT.0008.20.AQ,NET.09,STA.09.AKC,,SPO.09.AKC.5066.6001.1,SPP.09.AKC.5066.6001.1.11325,SAM.09.AKC.5066.6001.1,PM2.5,http://dd.eionet.europa.eu/vocabulary/aq/pollutant/6001,hour,2.9448499600,µg/m3,2018-03-13 14:00:00 +01:00,2018-03-13 15:00:00 +01:00,1,1
AT,AT.0008.20.AQ,NET.09,STA.09.AKC,,SPO.09.AKC.5066.6001.1,SPP.09.AKC.5066.6001.1.11325,SAM.09.AKC.5066.6001.1,PM2.5,http://dd.eionet.europa.eu/vocabulary/aq/pollutant/6001,hour,2.7011499400,µg/m3,2018-03-13 15:00:00 +01:00,2018-03-13 16:00:00 +01:00,1,1
AT,AT.0008.20.AQ,NET.09,STA.09.AKC,,SPO.09.AKC.5066.6001.1,SPP.09.AKC.5066.6001.1.11325,SAM.09.AKC.5066.6001.1,PM2.5,http://dd.eionet.europa.eu/vocabulary/aq/pollutant/6001,hour,2.6835000500,µg/m3,2018-03-13 16:00:00 +01:00,2018-03-13 17:00:00 +01:00,1,1
AT,AT.0008.20.AQ,NET.09,STA.09.AKC,,SPO.09.AKC.5066.6001.1,SPP.09.AKC.5066.6001.1.11325,SAM.09.AKC.5066.6001.1,PM2.5,http://dd.eionet.europa.eu/vocabulary/aq/pollutant/6001,hour,3.2789001400,µg/m3,2018-03-13 17:00:00 +01:00,2018-03-13 18:00:00 +01:00,1,1
AT,AT.0008.20.AQ,NET.09,STA.09.AKC,,SPO.09.AKC.5066.6001.1,SPP.09.AKC.5066.6001.1.11325,SAM.09.AKC.5066.6001.1,PM2.5,http://dd.eionet.europa.eu/vocabulary/aq/pollutant/6001,hour,5.2592000900,µg/m3,2018-03-13 18:00:00 +01:00,2018-03-13 19:00:00 +01:00,1,1
AT,AT.0008.20.AQ,NET.09,STA.09.AKC,,SPO.09.AKC.5066.6001.1,SPP.09.AKC.5066.6001.1.11325,SAM.09.AKC.5066.6001.1,PM2.5,http://dd.eionet.europa.eu/vocabulary/aq/pollutant/6001,hour,5.2390499100,µg/m3,2018-03-13 20:00:00 +01:00,2018-03-13 21:00:00 +01:00,1,1
AT,AT.0008.20.AQ,NET.09,STA.09.AKC,,SPO.09.AKC.5066.6001.1,SPP.09.AKC.5066.6001.1.11325,SAM.09.AKC.5066.6001.1,PM2.5,http://dd.eionet.europa.eu/vocabulary/aq/pollutant/6001,hour,3.5501000800,µg/m3,2018-03-13 21:00:00 +01:00,2018-03-13 22:00:00 +01:00,1,1
AT,AT.0008.20.AQ,NET.09,STA.09.AKC,,SPO.09.AKC.5066.6001.1,SPP.09.AKC.5066.6001.1.11325,SAM.09.AKC.5066.6001.1,PM2.5,http://dd.eionet.europa.eu/vocabulary/aq/pollutant/6001,hour,3.0384500000,µg/m3,2018-03-13 22:00:00 +01:00,2018-03-13 23:00:00 +01:00,1,1
AT,AT.0008.20.AQ,NET.09,STA.09.AKC,,SPO.09.AKC.5066.6001.1,SPP.09.AKC.5066.6001.1.11325,SAM.09.AKC.5066.6001.1,PM2.5,http://dd.eionet.europa.eu/vocabulary/aq/pollutant/6001,hour,3.3082499500,µg/m3,2018-03-14 00:00:00 +01:00,2018-03-14 01:00:00 +01:00,1,1
AT,AT.0008.20.AQ,NET.09,STA.09.AKC,,SPO.09.AKC.5066.6001.1,SPP.09.AKC.5066.6001.1.11325,SAM.09.AKC.5066.6001.1,PM2.5,http://dd.eionet.europa.eu/vocabulary/aq/pollutant/6001,hour,3.8622498500,µg/m3,2018-03-14 01:00:00 +01:00,2018-03-14 02:00:00 +01:00,1,1
AT,AT.0008.20.AQ,NET.09,STA.09.AKC,,SPO.09.AKC.5066.6001.1,SPP.09.AKC.5066.6001.1.11325,SAM.09.AKC.5066.6001.1,PM2.5,http://dd.eionet.europa.eu/vocabulary/aq/pollutant/6001,hour,4.2135496100,µg/m3,2018-03-14 02:00:00 +01:00,2018-03-14 03:00:00 +01:00,1,1
AT,AT.0008.20.AQ,NET.09,STA.09.AKC,,SPO.09.AKC.5066.6001.1,SPP.09.AKC.5066.6001.1.11325,SAM.09.AKC.5066.6001.1,PM2.5,http://dd.eionet.europa.eu/vocabulary/aq/pollutant/6001,hour,7.1397500000,µg/m3,2018-03-14 06:00:00 +01:00,2018-03-14 07:00:00 +01:00,1,1
AT,AT.0008.20.AQ,NET.09,STA.09.AKC,,SPO.09.AKC.5066.6001.1,SPP.09.AKC.5066.6001.1.11325,SAM.09.AKC.5066.6001.1,PM2.5,http://dd.eionet.europa.eu/vocabulary/aq/pollutant/6001,hour,7.2286996800,µg/m3,2018-03-14 08:00:00 +01:00,2018-03-14 09:00:00 +01:00,1,1
AT,AT.0008.20.AQ,NET.09,STA.09.AKC,,SPO.09.AKC.5066.6001.1,SPP.09.AKC.5066.6001.1.11325,SAM.09.AKC.5066.6001.1,PM2.5,http://dd.eionet.europa.eu/vocabulary/aq/pollutant/6001,hour,7.5496001200,µg/m3,2018-03-14 10:00:00 +01:00,2018-03-14 11:00:00 +01:00,1,1
AT,AT.0008.20.AQ,NET.09,STA.09.AKC,,SPO.09.AKC.5066.6001.1,SPP.09.AKC.5066.6001.1.11325,SAM.09.AKC.5066.6001.1,PM2.5,http://dd.eionet.europa.eu/vocabulary/aq/pollutant/6001,hour,6.9839496600,µg/m3,2018-03-14 11:00:00 +01:00,2018-03-14 12:00:00 +01:00,1,1
AT,AT.0008.20.AQ,NET.09,STA.09.AKC,,SPO.09.AKC.5066.6001.1,SPP.09.AKC.5066.6001.1.11325,SAM.09.AKC.5066.6001.1,PM2.5,http://dd.eionet.europa.eu/vocabulary/aq/pollutant/6001,hour,6.2753000200,µg/m3,2018-03-14 12:00:00 +01:00,2018-03-14 13:00:00 +01:00,1,1
AT,AT.0008.20.AQ,NET.09,STA.09.AKC,,SPO.09.AKC.5066.6001.1,SPP.09.AKC.5066.6001.1.11325,SAM.09.AKC.5066.6001.1,PM2.5,http://dd.eionet.europa.eu/vocabulary/aq/pollutant/6001,hour,6.7536497100,µg/m3,2018-03-14 15:00:00 +01:00,2018-03-14 16:00:00 +01:00,1,1
AT,AT.0008.20.AQ,NET.09,STA.09.AKC,,SPO.09.AKC.5066.6001.1,SPP.09.AKC.5066.6001.1.11325,SAM.09.AKC.5066.6001.1,PM2.5,http://dd.eionet.europa.eu/vocabulary/aq/pollutant/6001,hour,3.6500501600,µg/m3,2018-03-14 17:00:00 +01:00,2018-03-14 18:00:00 +01:00,1,1
AT,AT.0008.20.AQ,NET.09,STA.09.AKC,,SPO.09.AKC.5066.6001.1,SPP.09.AKC.5066.6001.1.11325,SAM.09.AKC.5066.6001.1,PM2.5,http://dd.eionet.europa.eu/vocabulary/aq/pollutant/6001,hour,5.9226999200,µg/m3,2018-03-14 18:00:00 +01:00,2018-03-14 19:00:00 +01:00,1,1
AT,AT.0008.20.AQ,NET.09,STA.09.AKC,,SPO.09.AKC.5066.6001.1,SPP.09.AKC.5066.6001.1.11325,SAM.09.AKC.5066.6001.1,PM2.5,http://dd.eionet.europa.eu/vocabulary/aq/pollutant/6001,hour,6.1502499500,µg/m3,2018-03-14 19:00:00 +01:00,2018-03-14 20:00:00 +01:00,1,1
AT,AT.0008.20.AQ,NET.09,STA.09.AKC,,SPO.09.AKC.5066.6001.1,SPP.09.AKC.5066.6001.1.11325,SAM.09.AKC.5066.6001.1,PM2.5,http://dd.eionet.europa.eu/vocabulary/aq/pollutant/6001,hour,7.0644502600,µg/m3,2018-03-14 21:00:00 +01:00,2018-03-14 22:00:00 +01:00,1,1
AT,AT.0008.20.AQ,NET.09,STA.09.AKC,,SPO.09.AKC.5066.6001.1,SPP.09.AKC.5066.6001.1.11325,SAM.09.AKC.5066.6001.1,PM2.5,http://dd.eionet.europa.eu/vocabulary/aq/pollutant/6001,hour,11.7609996700,µg/m3,2018-03-14 23:00:00 +01:00,2018-03-15 00:00:00 +01:00,1,1
AT,AT.0008.20.AQ,NET.09,STA.09.AKC,,SPO.09.AKC.5066.6001.1,SPP.09.AKC.5066.6001.1.11325,SAM.09.AKC.5066.6001.1,PM2.5,http://dd.eionet.europa.eu/vocabulary/aq/pollutant/6001,hour,12.0920000000,µg/m3,2018-03-15 00:00:00 +01:00,2018-03-15 01:00:00 +01:00,1,1
AT,AT.0008.20.AQ,NET.09,STA.09.AKC,,SPO.09.AKC.5066.6001.1,SPP.09.AKC.5066.6001.1.11325,SAM.09.AKC.5066.6001.1,PM2.5,http://dd.eionet.europa.eu/vocabulary/aq/pollutant/6001,hour,12.0599994600,µg/m3,2018-03-15 01:00:00 +01:00,2018-03-15 02:00:00 +01:00,1,1
AT,AT.0008.20.AQ,NET.09,STA.09.AKC,,SPO.09.AKC.5066.6001.1,SPP.09.AKC.5066.6001.1.11325,SAM.09.AKC.5066.6001.1,PM2.5,http://dd.eionet.europa.eu/vocabulary/aq/pollutant/6001,hour,12.1119995100,µg/m3,2018-03-15 02:00:00 +01:00,2018-03-15 03:00:00 +01:00,1,1
AT,AT.0008.20.AQ,NET.09,STA.09.AKC,,SPO.09.AKC.5066.6001.1,SPP.09.AKC.5066.6001.1.11325,SAM.09.AKC.5066.6001.1,PM2.5,http://dd.eionet.europa.eu/vocabulary/aq/pollutant/6001,hour,12.3670005700,µg/m3,2018-03-15 03:00:00 +01:00,2018-03-15 04:00:00 +01:00,1,1
AT,AT.0008.20.AQ,NET.09,STA.09.AKC,,SPO.09.AKC.5066.6001.1,SPP.09.AKC.5066.6001.1.11325,SAM.09.AKC.5066.6001.1,PM2.5,http://dd.eionet.europa.eu/vocabulary/aq/pollutant/6001,hour,13.6684999400,µg/m3,2018-03-15 04:00:00 +01:00,2018-03-15 05:00:00 +01:00,1,1
AT,AT.0008.20.AQ,NET.09,STA.09.AKC,,SPO.09.AKC.5066.6001.1,SPP.09.AKC.5066.6001.1.11325,SAM.09.AKC.5066.6001.1,PM2.5,http://dd.eionet.europa.eu/vocabulary/aq/pollutant/6001,hour,15.1359996700,µg/m3,2018-03-15 05:00:00 +01:00,2018-03-15 06:00:00 +01:00,1,1
AT,AT.0008.20.AQ,NET.09,STA.09.AKC,,SPO.09.AKC.5066.6001.1,SPP.09.AKC.5066.6001.1.11325,SAM.09.AKC.5066.6001.1,PM2.5,http://dd.eionet.europa.eu/vocabulary/aq/pollutant/6001,hour,19.4990005400,µg/m3,2018-03-15 07:00:00 +01:00,2018-03-15 08:00:00 +01:00,1,1
AT,AT.0008.20.AQ,NET.09,STA.09.AKC,,SPO.09.AKC.5066.6001.1,SPP.09.AKC.5066.6001.1.11325,SAM.09.AKC.5066.6001.1,PM2.5,http://dd.eionet.europa.eu/vocabulary/aq/pollutant/6001,hour,14.6335000900,µg/m3,2018-03-15 10:00:00 +01:00,2018-03-15 11:00:00 +01:00,1,1
AT,AT.0008.20.AQ,NET.09,STA.09.AKC,,SPO.09.AKC.5066.6001.1,SPP.09.AKC.5066.6001.1.11325,SAM.09.AKC.5066.6001.1,PM2.5,http://dd.eionet.europa.eu/vocabulary/aq/pollutant/6001,hour,15.3074989300,µg/m3,2018-03-15 11:00:00 +01:00,2018-03-15 12:00:00 +01:00,1,1
AT,AT.0008.20.AQ,NET.09,STA.09.AKC,,SPO.09.AKC.5066.6001.1,SPP.09.AKC.5066.6001.1.11325,SAM.09.AKC.5066.6001.1,PM2.5,http://dd.eionet.europa.eu/vocabulary/aq/pollutant/6001,hour,13.3209991400,µg/m3,2018-03-15 12:00:00 +01:00,2018-03-15 13:00:00 +01:00,1,1
AT,AT.0008.20.AQ,NET.09,STA.09.AKC,,SPO.09.AKC.5066.6001.1,SPP.09.AKC.5066.6001.1.11325,SAM.09.AKC.5066.6001.1,PM2.5,http://dd.eionet.europa.eu/vocabulary/aq/pollutant/6001,hour,15.5415000900,µg/m3,2018-03-15 13:00:00 +01:00,2018-03-15 14:00:00 +01:00,1,1
AT,AT.0008.20.AQ,NET.09,STA.09.AKC,,SPO.09.AKC.5066.6001.1,SPP.09.AKC.5066.6001.1.11325,SAM.09.AKC.5066.6001.1,PM2.5,http://dd.eionet.europa.eu/vocabulary/aq/pollutant/6001,hour,16.2890014600,µg/m3,2018-03-15 15:00:00 +01:00,2018-03-15 16:00:00 +01:00,1,1
AT,AT.0008.20.AQ,NET.09,STA.09.AKC,,SPO.09.AKC.5066.6001.1,SPP.09.AKC.5066.6001.1.11325,SAM.09.AKC.5066.6001.1,PM2.5,http://dd.eionet.europa.eu/vocabulary/aq/pollutant/6001,hour,15.1690006200,µg/m3,2018-03-15 16:00:00 +01:00,2018-03-15 17:00:00 +01:00,1,1
AT,AT.0008.20.AQ,NET.09,STA.09.AKC,,SPO.09.AKC.5066.6001.1,SPP.09.AKC.5066.6001.1.11325,SAM.09.AKC.5066.6001.1,PM2.5,http://dd.eionet.europa.eu/vocabulary/aq/pollutant/6001,hour,15.5995006500,µg/m3,2018-03-15 17:00:00 +01:00,2018-03-15 18:00:00 +01:00,1,1
AT,AT.0008.20.AQ,NET.09,STA.09.AKC,,SPO.09.AKC.5066.6001.1,SPP.09.AKC.5066.6001.1.11325,SAM.09.AKC.5066.6001.1,PM2.5,http://dd.eionet.europa.eu/vocabulary/aq/pollutant/6001,hour,18.8885002100,µg/m3,2018-03-15 18:00:00 +01:00,2018-03-15 19:00:00 +01:00,1,1
AT,AT.0008.20.AQ,NET.09,STA.09.AKC,,SPO.09.AKC.5066.6001.1,SPP.09.AKC.5066.6001.1.11325,SAM.09.AKC.5066.6001.1,PM2.5,http://dd.eionet.europa.eu/vocabulary/aq/pollutant/6001,hour,18.5400009100,µg/m3,2018-03-15 19:00:00 +01:00,2018-03-15 20:00:00 +01:00,1,1
AT,AT.0008.20.AQ,NET.09,STA.09.AKC,,SPO.09.AKC.5066.6001.1,SPP.09.AKC.5066.6001.1.11325,SAM.09.AKC.5066.6001.1,PM2.5,http://dd.eionet.europa.eu/vocabulary/aq/pollutant/6001,hour,18.9469985900,µg/m3,2018-03-15 20:00:00 +01:00,2018-03-15 21:00:00 +01:00,1,1
AT,AT.0008.20.AQ,NET.09,STA.09.AKC,,SPO.09.AKC.5066.6001.1,SPP.09.AKC.5066.6001.1.11325,SAM.09.AKC.5066.6001.1,PM2.5,http://dd.eionet.europa.eu/vocabulary/aq/pollutant/6001,hour,18.5464992500,µg/m3,2018-03-15 21:00:00 +01:00,2018-03-15 22:00:00 +01:00,1,1
AT,AT.0008.20.AQ,NET.09,STA.09.AKC,,SPO.09.AKC.5066.6001.1,SPP.09.AKC.5066.6001.1.11325,SAM.09.AKC.5066.6001.1,PM2.5,http://dd.eionet.europa.eu/vocabulary/aq/pollutant/6001,hour,15.7779998700,µg/m3,2018-03-15 23:00:00 +01:00,2018-03-16 00:00:00 +01:00,1,1
AT,AT.0008.20.AQ,NET.09,STA.09.AKC,,SPO.09.AKC.5066.6001.1,SPP.09.AKC.5066.6001.1.11325,SAM.09.AKC.5066.6001.1,PM2.5,http://dd.eionet.europa.eu/vocabulary/aq/pollutant/6001,hour,10.8846502300,µg/m3,2018-03-16 00:00:00 +01:00,2018-03-16 01:00:00 +01:00,1,1
AT,AT.0008.20.AQ,NET.09,STA.09.AKC,,SPO.09.AKC.5066.6001.1,SPP.09.AKC.5066.6001.1.11325,SAM.09.AKC.5066.6001.1,PM2.5,http://dd.eionet.europa.eu/vocabulary/aq/pollutant/6001,hour,5.2391500400,µg/m3,2018-03-16 02:00:00 +01:00,2018-03-16 03:00:00 +01:00,1,1
AT,AT.0008.20.AQ,NET.09,STA.09.AKC,,SPO.09.AKC.5066.6001.1,SPP.09.AKC.5066.6001.1.11325,SAM.09.AKC.5066.6001.1,PM2.5,http://dd.eionet.europa.eu/vocabulary/aq/pollutant/6001,hour,7.6967000900,µg/m3,2018-03-16 06:00:00 +01:00,2018-03-16 07:00:00 +01:00,1,1
AT,AT.0008.20.AQ,NET.09,STA.09.AKC,,SPO.09.AKC.5066.6001.1,SPP.09.AKC.5066.6001.1.11325,SAM.09.AKC.5066.6001.1,PM2.5,http://dd.eionet.europa.eu/vocabulary/aq/pollutant/6001,hour,12.1440000500,µg/m3,2018-03-16 07:00:00 +01:00,2018-03-16 08:00:00 +01:00,1,1
AT,AT.0008.20.AQ,NET.09,STA.09.AKC,,SPO.09.AKC.5066.6001.1,SPP.09.AKC.5066.6001.1.11325,SAM.09.AKC.5066.6001.1,PM2.5,http://dd.eionet.europa.eu/vocabulary/aq/pollutant/6001,hour,16.2404994900,µg/m3,2018-03-16 08:00:00 +01:00,2018-03-16 09:00:00 +01:00,1,1
AT,AT.0008.20.AQ,NET.09,STA.09.AKC,,SPO.09.AKC.5066.6001.1,SPP.09.AKC.5066.6001.1.11325,SAM.09.AKC.5066.6001.1,PM2.5,http://dd.eionet.europa.eu/vocabulary/aq/pollutant/6001,hour,8.3933000500,µg/m3,2018-03-16 09:00:00 +01:00,2018-03-16 10:00:00 +01:00,1,1
AT,AT.0008.20.AQ,NET.09,STA.09.AKC,,SPO.09.AKC.5066.6001.1,SPP.09.AKC.5066.6001.1.11325,SAM.09.AKC.5066.6001.1,PM2.5,http://dd.eionet.europa.eu/vocabulary/aq/pollutant/6001,hour,10.6914997100,µg/m3,2018-03-16 10:00:00 +01:00,2018-03-16 11:00:00 +01:00,1,1
AT,AT.0008.20.AQ,NET.09,STA.09.AKC,,SPO.09.AKC.5066.6001.1,SPP.09.AKC.5066.6001.1.11325,SAM.09.AKC.5066.6001.1,PM2.5,http://dd.eionet.europa.eu/vocabulary/aq/pollutant/6001,hour,12.8090000100,µg/m3,2018-03-16 11:00:00 +01:00,2018-03-16 12:00:00 +01:00,1,1
AT,AT.0008.20.AQ,NET.09,STA.09.AKC,,SPO.09.AKC.5066.6001.1,SPP.09.AKC.5066.6001.1.11325,SAM.09.AKC.5066.6001.1,PM2.5,http://dd.eionet.europa.eu/vocabulary/aq/pollutant/6001,hour,13.5694999600,µg/m3,2018-03-16 12:00:00 +01:00,2018-03-16 13:00:00 +01:00,1,1
AT,AT.0008.20.AQ,NET.09,STA.09.AKC,,SPO.09.AKC.5066.6001.1,SPP.09.AKC.5066.6001.1.11325,SAM.09.AKC.5066.6001.1,PM2.5,http://dd.eionet.europa.eu/vocabulary/aq/pollutant/6001,hour,16.2490005400,µg/m3,2018-03-16 13:00:00 +01:00,2018-03-16 14:00:00 +01:00,1,1
AT,AT.0008.20.AQ,NET.09,STA.09.AKC,,SPO.09.AKC.5066.6001.1,SPP.09.AKC.5066.6001.1.11325,SAM.09.AKC.5066.6001.1,PM2.5,http://dd.eionet.europa.eu/vocabulary/aq/pollutant/6001,hour,15.3159999800,µg/m3,2018-03-16 14:00:00 +01:00,2018-03-16 15:00:00 +01:00,1,1
AT,AT.0008.20.AQ,NET.09,STA.09.AKC,,SPO.09.AKC.5066.6001.1,SPP.09.AKC.5066.6001.1.11325,SAM.09.AKC.5066.6001.1,PM2.5,http://dd.eionet.europa.eu/vocabulary/aq/pollutant/6001,hour,15.8880004800,µg/m3,2018-03-16 15:00:00 +01:00,2018-03-16 16:00:00 +01:00,1,1
AT,AT.0008.20.AQ,NET.09,STA.09.AKC,,SPO.09.AKC.5066.6001.1,SPP.09.AKC.5066.6001.1.11325,SAM.09.AKC.5066.6001.1,PM2.5,http://dd.eionet.europa.eu/vocabulary/aq/pollutant/6001,hour,13.1275005300,µg/m3,2018-03-16 16:00:00 +01:00,2018-03-16 17:00:00 +01:00,1,1
AT,AT.0008.20.AQ,NET.09,STA.09.AKC,,SPO.09.AKC.5066.6001.1,SPP.09.AKC.5066.6001.1.11325,SAM.09.AKC.5066.6001.1,PM2.5,http://dd.eionet.europa.eu/vocabulary/aq/pollutant/6001,hour,10.1240005400,µg/m3,2018-03-16 17:00:00 +01:00,2018-03-16 18:00:00 +01:00,1,1
AT,AT.0008.20.AQ,NET.09,STA.09.AKC,,SPO.09.AKC.5066.6001.1,SPP.09.AKC.5066.6001.1.11325,SAM.09.AKC.5066.6001.1,PM2.5,http://dd.eionet.europa.eu/vocabulary/aq/pollutant/6001,hour,10.0447006200,µg/m3,2018-03-16 18:00:00 +01:00,2018-03-16 19:00:00 +01:00,1,1
AT,AT.0008.20.AQ,NET.09,STA.09.AKC,,SPO.09.AKC.5066.6001.1,SPP.09.AKC.5066.6001.1.11325,SAM.09.AKC.5066.6001.1,PM2.5,http://dd.eionet.europa.eu/vocabulary/aq/pollutant/6001,hour,10.9285001700,µg/m3,2018-03-16 19:00:00 +01:00,2018-03-16 20:00:00 +01:00,1,1
AT,AT.0008.20.AQ,NET.09,STA.09.AKC,,SPO.09.AKC.5066.6001.1,SPP.09.AKC.5066.6001.1.11325,SAM.09.AKC.5066.6001.1,PM2.5,http://dd.eionet.europa.eu/vocabulary/aq/pollutant/6001,hour,10.5898494700,µg/m3,2018-03-16 20:00:00 +01:00,2018-03-16 21:00:00 +01:00,1,1
AT,AT.0008.20.AQ,NET.09,STA.09.AKC,,SPO.09.AKC.5066.6001.1,SPP.09.AKC.5066.6001.1.11325,SAM.09.AKC.5066.6001.1,PM2.5,http://dd.eionet.europa.eu/vocabulary/aq/pollutant/6001,hour,10.6564998600,µg/m3,2018-03-16 21:00:00 +01:00,2018-03-16 22:00:00 +01:00,1,1
AT,AT.0008.20.AQ,NET.09,STA.09.AKC,,SPO.09.AKC.5066.6001.1,SPP.09.AKC.5066.6001.1.11325,SAM.09.AKC.5066.6001.1,PM2.5,http://dd.eionet.europa.eu/vocabulary/aq/pollutant/6001,hour,11.9160003600,µg/m3,2018-03-16 22:00:00 +01:00,2018-03-16 23:00:00 +01:00,1,1
AT,AT.0008.20.AQ,NET.09,STA.09.AKC,,SPO.09.AKC.5066.6001.1,SPP.09.AKC.5066.6001.1.11325,SAM.09.AKC.5066.6001.1,PM2.5,http://dd.eionet.europa.eu/vocabulary/aq/pollutant/6001,hour,14.1975002200,µg/m3,2018-03-16 23:00:00 +01:00,2018-03-17 00:00:00 +01:00,1,1
AT,AT.0008.20.AQ,NET.09,STA.09.AKC,,SPO.09.AKC.5066.6001.1,SPP.09.AKC.5066.6001.1.11325,SAM.09.AKC.5066.6001.1,PM2.5,http://dd.eionet.europa.eu/vocabulary/aq/pollutant/6001,hour,16.9750003800,µg/m3,2018-03-17 00:00:00 +01:00,2018-03-17 01:00:00 +01:00,1,1
AT,AT.0008.20.AQ,NET.09,STA.09.AKC,,SPO.09.AKC.5066.6001.1,SPP.09.AKC.5066.6001.1.11325,SAM.09.AKC.5066.6001.1,PM2.5,http://dd.eionet.europa.eu/vocabulary/aq/pollutant/6001,hour,14.7539997100,µg/m3,2018-03-17 01:00:00 +01:00,2018-03-17 02:00:00 +01:00,1,1
AT,AT.0008.20.AQ,NET.09,STA.09.AKC,,SPO.09.AKC.5066.6001.1,SPP.09.AKC.5066.6001.1.11325,SAM.09.AKC.5066.6001.1,PM2.5,http://dd.eionet.europa.eu/vocabulary/aq/pollutant/6001,hour,15.6829996100,µg/m3,2018-03-17 02:00:00 +01:00,2018-03-17 03:00:00 +01:00,1,1
AT,AT.0008.20.AQ,NET.09,STA.09.AKC,,SPO.09.AKC.5066.6001.1,SPP.09.AKC.5066.6001.1.11325,SAM.09.AKC.5066.6001.1,PM2.5,http://dd.eionet.europa.eu/vocabulary/aq/pollutant/6001,hour,18.7239990200,µg/m3,2018-03-17 04:00:00 +01:00,2018-03-17 05:00:00 +01:00,1,1
AT,AT.0008.20.AQ,NET.09,STA.09.AKC,,SPO.09.AKC.5066.6001.1,SPP.09.AKC.5066.6001.1.11325,SAM.09.AKC.5066.6001.1,PM2.5,http://dd.eionet.europa.eu/vocabulary/aq/pollutant/6001,hour,23.7189998600,µg/m3,2018-03-17 06:00:00 +01:00,2018-03-17 07:00:00 +01:00,1,1
AT,AT.0008.20.AQ,NET.09,STA.09.AKC,,SPO.09.AKC.5066.6001.1,SPP.09.AKC.5066.6001.1.11325,SAM.09.AKC.5066.6001.1,PM2.5,http://dd.eionet.europa.eu/vocabulary/aq/pollutant/6001,hour,28.8369998900,µg/m3,2018-03-17 09:00:00 +01:00,2018-03-17 10:00:00 +01:00,1,1
AT,AT.0008.20.AQ,NET.09,STA.09.AKC,,SPO.09.AKC.5066.6001.1,SPP.09.AKC.5066.6001.1.11325,SAM.09.AKC.5066.6001.1,PM2.5,http://dd.eionet.europa.eu/vocabulary/aq/pollutant/6001,hour,30.0854988000,µg/m3,2018-03-17 10:00:00 +01:00,2018-03-17 11:00:00 +01:00,1,1
AT,AT.0008.20.AQ,NET.09,STA.09.AKC,,SPO.09.AKC.5066.6001.1,SPP.09.AKC.5066.6001.1.11325,SAM.09.AKC.5066.6001.1,PM2.5,http://dd.eionet.europa.eu/vocabulary/aq/pollutant/6001,hour,27.5045013400,µg/m3,2018-03-17 12:00:00 +01:00,2018-03-17 13:00:00 +01:00,1,1
AT,AT.0008.20.AQ,NET.09,STA.09.AKC,,SPO.09.AKC.5066.6001.1,SPP.09.AKC.5066.6001.1.11325,SAM.09.AKC.5066.6001.1,PM2.5,http://dd.eionet.europa.eu/vocabulary/aq/pollutant/6001,hour,27.1595001200,µg/m3,2018-03-17 13:00:00 +01:00,2018-03-17 14:00:00 +01:00,1,1
AT,AT.0008.20.AQ,NET.09,STA.09.AKC,,SPO.09.AKC.5066.6001.1,SPP.09.AKC.5066.6001.1.11325,SAM.09.AKC.5066.6001.1,PM2.5,http://dd.eionet.europa.eu/vocabulary/aq/pollutant/6001,hour,27.6824989300,µg/m3,2018-03-17 14:00:00 +01:00,2018-03-17 15:00:00 +01:00,1,1
AT,AT.0008.20.AQ,NET.09,STA.09.AKC,,SPO.09.AKC.5066.6001.1,SPP.09.AKC.5066.6001.1.11325,SAM.09.AKC.5066.6001.1,PM2.5,http://dd.eionet.europa.eu/vocabulary/aq/pollutant/6001,hour,28.2670001900,µg/m3,2018-03-17 15:00:00 +01:00,2018-03-17 16:00:00 +01:00,1,1
AT,AT.0008.20.AQ,NET.09,STA.09.AKC,,SPO.09.AKC.5066.6001.1,SPP.09.AKC.5066.6001.1.11325,SAM.09.AKC.5066.6001.1,PM2.5,http://dd.eionet.europa.eu/vocabulary/aq/pollutant/6001,hour,28.9405002500,µg/m3,2018-03-17 16:00:00 +01:00,2018-03-17 17:00:00 +01:00,1,1
AT,AT.0008.20.AQ,NET.09,STA.09.AKC,,SPO.09.AKC.5066.6001.1,SPP.09.AKC.5066.6001.1.11325,SAM.09.AKC.5066.6001.1,PM2.5,http://dd.eionet.europa.eu/vocabulary/aq/pollutant/6001,hour,28.1254997200,µg/m3,2018-03-17 17:00:00 +01:00,2018-03-17 18:00:00 +01:00,1,1
AT,AT.0008.20.AQ,NET.09,STA.09.AKC,,SPO.09.AKC.5066.6001.1,SPP.09.AKC.5066.6001.1.11325,SAM.09.AKC.5066.6001.1,PM2.5,http://dd.eionet.europa.eu/vocabulary/aq/pollutant/6001,hour,27.2680015500,µg/m3,2018-03-17 18:00:00 +01:00,2018-03-17 19:00:00 +01:00,1,1
AT,AT.0008.20.AQ,NET.09,STA.09.AKC,,SPO.09.AKC.5066.6001.1,SPP.09.AKC.5066.6001.1.11325,SAM.09.AKC.5066.6001.1,PM2.5,http://dd.eionet.europa.eu/vocabulary/aq/pollutant/6001,hour,26.1119995100,µg/m3,2018-03-17 19:00:00 +01:00,2018-03-17 20:00:00 +01:00,1,1
AT,AT.0008.20.AQ,NET.09,STA.09.AKC,,SPO.09.AKC.5066.6001.1,SPP.09.AKC.5066.6001.1.11325,SAM.09.AKC.5066.6001.1,PM2.5,http://dd.eionet.europa.eu/vocabulary/aq/pollutant/6001,hour,24.8530006400,µg/m3,2018-03-17 20:00:00 +01:00,2018-03-17 21:00:00 +01:00,1,1
AT,AT.0008.20.AQ,NET.09,STA.09.AKC,,SPO.09.AKC.5066.6001.1,SPP.09.AKC.5066.6001.1.11325,SAM.09.AKC.5066.6001.1,PM2.5,http://dd.eionet.europa.eu/vocabulary/aq/pollutant/6001,hour,23.6180000300,µg/m3,2018-03-17 21:00:00 +01:00,2018-03-17 22:00:00 +01:00,1,1
AT,AT.0008.20.AQ,NET.09,STA.09.AKC,,SPO.09.AKC.5066.6001.1,SPP.09.AKC.5066.6001.1.11325,SAM.09.AKC.5066.6001.1,PM2.5,http://dd.eionet.europa.eu/vocabulary/aq/pollutant/6001,hour,21.4495010300,µg/m3,2018-03-17 22:00:00 +01:00,2018-03-17 23:00:00 +01:00,1,1
AT,AT.0008.20.AQ,NET.09,STA.09.AKC,,SPO.09.AKC.5066.6001.1,SPP.09.AKC.5066.6001.1.11325,SAM.09.AKC.5066.6001.1,PM2.5,http://dd.eionet.europa.eu/vocabulary/aq/pollutant/6001,hour,17.4139995500,µg/m3,2018-03-18 00:00:00 +01:00,2018-03-18 01:00:00 +01:00,1,1
AT,AT.0008.20.AQ,NET.09,STA.09.AKC,,SPO.09.AKC.5066.6001.1,SPP.09.AKC.5066.6001.1.11325,SAM.09.AKC.5066.6001.1,PM2.5,http://dd.eionet.europa.eu/vocabulary/aq/pollutant/6001,hour,16.1119995100,µg/m3,2018-03-18 01:00:00 +01:00,2018-03-18 02:00:00 +01:00,1,1
AT,AT.0008.20.AQ,NET.09,STA.09.AKC,,SPO.09.AKC.5066.6001.1,SPP.09.AKC.5066.6001.1.11325,SAM.09.AKC.5066.6001.1,PM2.5,http://dd.eionet.europa.eu/vocabulary/aq/pollutant/6001,hour,14.6990003500,µg/m3,2018-03-18 02:00:00 +01:00,2018-03-18 03:00:00 +01:00,1,1
AT,AT.0008.20.AQ,NET.09,STA.09.AKC,,SPO.09.AKC.5066.6001.1,SPP.09.AKC.5066.6001.1.11325,SAM.09.AKC.5066.6001.1,PM2.5,http://dd.eionet.europa.eu/vocabulary/aq/pollutant/6001,hour,15.1234998700,µg/m3,2018-03-18 04:00:00 +01:00,2018-03-18 05:00:00 +01:00,1,1
AT,AT.0008.20.AQ,NET.09,STA.09.AKC,,SPO.09.AKC.5066.6001.1,SPP.09.AKC.5066.6001.1.11325,SAM.09.AKC.5066.6001.1,PM2.5,http://dd.eionet.europa.eu/vocabulary/aq/pollutant/6001,hour,14.5270004200,µg/m3,2018-03-18 05:00:00 +01:00,2018-03-18 06:00:00 +01:00,1,1
AT,AT.0008.20.AQ,NET.09,STA.09.AKC,,SPO.09.AKC.5066.6001.1,SPP.09.AKC.5066.6001.1.11325,SAM.09.AKC.5066.6001.1,PM2.5,http://dd.eionet.europa.eu/vocabulary/aq/pollutant/6001,hour,14.1059999400,µg/m3,2018-03-18 07:00:00 +01:00,2018-03-18 08:00:00 +01:00,1,1
AT,AT.0008.20.AQ,NET.09,STA.09.AKC,,SPO.09.AKC.5066.6001.1,SPP.09.AKC.5066.6001.1.11325,SAM.09.AKC.5066.6001.1,PM2.5,http://dd.eionet.europa.eu/vocabulary/aq/pollutant/6001,hour,13.1984996700,µg/m3,2018-03-18 08:00:00 +01:00,2018-03-18 09:00:00 +01:00,1,1
AT,AT.0008.20.AQ,NET.09,STA.09.AKC,,SPO.09.AKC.5066.6001.1,SPP.09.AKC.5066.6001.1.11325,SAM.09.AKC.5066.6001.1,PM2.5,http://dd.eionet.europa.eu/vocabulary/aq/pollutant/6001,hour,13.1585006700,µg/m3,2018-03-18 09:00:00 +01:00,2018-03-18 10:00:00 +01:00,1,1
AT,AT.0008.20.AQ,NET.09,STA.09.AKC,,SPO.09.AKC.5066.6001.1,SPP.09.AKC.5066.6001.1.11325,SAM.09.AKC.5066.6001.1,PM2.5,http://dd.eionet.europa.eu/vocabulary/aq/pollutant/6001,hour,13.8420000000,µg/m3,2018-03-18 11:00:00 +01:00,2018-03-18 12:00:00 +01:00,1,1
AT,AT.0008.20.AQ,NET.09,STA.09.AKC,,SPO.09.AKC.5066.6001.1,SPP.09.AKC.5066.6001.1.11325,SAM.09.AKC.5066.6001.1,PM2.5,http://dd.eionet.europa.eu/vocabulary/aq/pollutant/6001,hour,13.7334995200,µg/m3,2018-03-18 12:00:00 +01:00,2018-03-18 13:00:00 +01:00,1,1
AT,AT.0008.20.AQ,NET.09,STA.09.AKC,,SPO.09.AKC.5066.6001.1,SPP.09.AKC.5066.6001.1.11325,SAM.09.AKC.5066.6001.1,PM2.5,http://dd.eionet.europa.eu/vocabulary/aq/pollutant/6001,hour,14.5095005000,µg/m3,2018-03-18 13:00:00 +01:00,2018-03-18 14:00:00 +01:00,1,1
AT,AT.0008.20.AQ,NET.09,STA.09.AKC,,SPO.09.AKC.5066.6001.1,SPP.09.AKC.5066.6001.1.11325,SAM.09.AKC.5066.6001.1,PM2.5,http://dd.eionet.europa.eu/vocabulary/aq/pollutant/6001,hour,15.8879995300,µg/m3,2018-03-18 15:00:00 +01:00,2018-03-18 16:00:00 +01:00,1,1
AT,AT.0008.20.AQ,NET.09,STA.09.AKC,,SPO.09.AKC.5066.6001.1,SPP.09.AKC.5066.6001.1.11325,SAM.09.AKC.5066.6001.1,PM2.5,http://dd.eionet.europa.eu/vocabulary/aq/pollutant/6001,hour,16.0114994000,µg/m3,2018-03-18 16:00:00 +01:00,2018-03-18 17:00:00 +01:00,1,1
AT,AT.0008.20.AQ,NET.09,STA.09.AKC,,SPO.09.AKC.5066.6001.1,SPP.09.AKC.5066.6001.1.11325,SAM.09.AKC.5066.6001.1,PM2.5,http://dd.eionet.europa.eu/vocabulary/aq/pollutant/6001,hour,16.3854999500,µg/m3,2018-03-18 17:00:00 +01:00,2018-03-18 18:00:00 +01:00,1,1
AT,AT.0008.20.AQ,NET.09,STA.09.AKC,,SPO.09.AKC.5066.6001.1,SPP.09.AKC.5066.6001.1.11325,SAM.09.AKC.5066.6001.1,PM2.5,http://dd.eionet.europa.eu/vocabulary/aq/pollutant/6001,hour,15.6840000100,µg/m3,2018-03-18 21:00:00 +01:00,2018-03-18 22:00:00 +01:00,1,1
AT,AT.0008.20.AQ,NET.09,STA.09.AKC,,SPO.09.AKC.5066.6001.1,SPP.09.AKC.5066.6001.1.11325,SAM.09.AKC.5066.6001.1,PM2.5,http://dd.eionet.europa.eu/vocabulary/aq/pollutant/6001,hour,15.3249998000,µg/m3,2018-03-18 22:00:00 +01:00,2018-03-18 23:00:00 +01:00,1,1
AT,AT.0008.20.AQ,NET.09,STA.09.AKC,,SPO.09.AKC.5066.6001.1,SPP.09.AKC.5066.6001.1.11325,SAM.09.AKC.5066.6001.1,PM2.5,http://dd.eionet.europa.eu/vocabulary/aq/pollutant/6001,hour,14.3894996600,µg/m3,2018-03-19 01:00:00 +01:00,2018-03-19 02:00:00 +01:00,1,1
AT,AT.0008.20.AQ,NET.09,STA.09.AKC,,SPO.09.AKC.5066.6001.1,SPP.09.AKC.5066.6001.1.11325,SAM.09.AKC.5066.6001.1,PM2.5,http://dd.eionet.europa.eu/vocabulary/aq/pollutant/6001,hour,16.4495010300,µg/m3,2018-03-19 04:00:00 +01:00,2018-03-19 05:00:00 +01:00,1,1
AT,AT.0008.20.AQ,NET.09,STA.09.AKC,,SPO.09.AKC.5066.6001.1,SPP.09.AKC.5066.6001.1.11325,SAM.09.AKC.5066.6001.1,PM2.5,http://dd.eionet.europa.eu/vocabulary/aq/pollutant/6001,hour,17.2340011500,µg/m3,2018-03-19 05:00:00 +01:00,2018-03-19 06:00:00 +01:00,1,1
AT,AT.0008.20.AQ,NET.09,STA.09.AKC,,SPO.09.AKC.5066.6001.1,SPP.09.AKC.5066.6001.1.11325,SAM.09.AKC.5066.6001.1,PM2.5,http://dd.eionet.europa.eu/vocabulary/aq/pollutant/6001,hour,18.2569999600,µg/m3,2018-03-19 06:00:00 +01:00,2018-03-19 07:00:00 +01:00,1,1
AT,AT.0008.20.AQ,NET.09,STA.09.AKC,,SPO.09.AKC.5066.6001.1,SPP.09.AKC.5066.6001.1.11325,SAM.09.AKC.5066.6001.1,PM2.5,http://dd.eionet.europa.eu/vocabulary/aq/pollutant/6001,hour,18.8710002800,µg/m3,2018-03-19 07:00:00 +01:00,2018-03-19 08:00:00 +01:00,1,1
AT,AT.0008.20.AQ,NET.09,STA.09.AKC,,SPO.09.AKC.5066.6001.1,SPP.09.AKC.5066.6001.1.11325,SAM.09.AKC.5066.6001.1,PM2.5,http://dd.eionet.europa.eu/vocabulary/aq/pollutant/6001,hour,17.8564987100,µg/m3,2018-03-19 10:00:00 +01:00,2018-03-19 11:00:00 +01:00,1,1
AT,AT.0008.20.AQ,NET.09,STA.09.AKC,,SPO.09.AKC.5066.6001.1,SPP.09.AKC.5066.6001.1.11325,SAM.09.AKC.5066.6001.1,PM2.5,http://dd.eionet.europa.eu/vocabulary/aq/pollutant/6001,hour,19.9484996700,µg/m3,2018-03-19 12:00:00 +01:00,2018-03-19 13:00:00 +01:00,1,1
AT,AT.0008.20.AQ,NET.09,STA.09.AKC,,SPO.09.AKC.5066.6001.1,SPP.09.AKC.5066.6001.1.11325,SAM.09.AKC.5066.6001.1,PM2.5,http://dd.eionet.europa.eu/vocabulary/aq/pollutant/6001,hour,21.6049995400,µg/m3,2018-03-19 13:00:00 +01:00,2018-03-19 14:00:00 +01:00,1,1
AT,AT.0008.20.AQ,NET.09,STA.09.AKC,,SPO.09.AKC.5066.6001.1,SPP.09.AKC.5066.6001.1.11325,SAM.09.AKC.5066.6001.1,PM2.5,http://dd.eionet.europa.eu/vocabulary/aq/pollutant/6001,hour,22.9275016700,µg/m3,2018-03-19 14:00:00 +01:00,2018-03-19 15:00:00 +01:00,1,1
AT,AT.0008.20.AQ,NET.09,STA.09.AKC,,SPO.09.AKC.5066.6001.1,SPP.09.AKC.5066.6001.1.11325,SAM.09.AKC.5066.6001.1,PM2.5,http://dd.eionet.europa.eu/vocabulary/aq/pollutant/6001,hour,25.0230007100,µg/m3,2018-03-19 18:00:00 +01:00,2018-03-19 19:00:00 +01:00,1,1
AT,AT.0008.20.AQ,NET.09,STA.09.AKC,,SPO.09.AKC.5066.6001.1,SPP.09.AKC.5066.6001.1.11325,SAM.09.AKC.5066.6001.1,PM2.5,http://dd.eionet.europa.eu/vocabulary/aq/pollutant/6001,hour,23.3069992000,µg/m3,2018-03-19 19:00:00 +01:00,2018-03-19 20:00:00 +01:00,1,1
AT,AT.0008.20.AQ,NET.09,STA.09.AKC,,SPO.09.AKC.5066.6001.1,SPP.09.AKC.5066.6001.1.11325,SAM.09.AKC.5066.6001.1,PM2.5,http://dd.eionet.europa.eu/vocabulary/aq/pollutant/6001,hour,23.7934989900,µg/m3,2018-03-19 20:00:00 +01:00,2018-03-19 21:00:00 +01:00,1,1
AT,AT.0008.20.AQ,NET.09,STA.09.AKC,,SPO.09.AKC.5066.6001.1,SPP.09.AKC.5066.6001.1.11325,SAM.09.AKC.5066.6001.1,PM2.5,http://dd.eionet.europa.eu/vocabulary/aq/pollutant/6001,hour,27.6044998100,µg/m3,2018-03-19 22:00:00 +01:00,2018-03-19 23:00:00 +01:00,1,1
AT,AT.0008.20.AQ,NET.09,STA.09.AKC,,SPO.09.AKC.5066.6001.1,SPP.09.AKC.5066.6001.1.11325,SAM.09.AKC.5066.6001.1,PM2.5,http://dd.eionet.europa.eu/vocabulary/aq/pollutant/6001,hour,25.9594993500,µg/m3,2018-03-20 00:00:00 +01:00,2018-03-20 01:00:00 +01:00,1,1
AT,AT.0008.20.AQ,NET.09,STA.09.AKC,,SPO.09.AKC.5066.6001.1,SPP.09.AKC.5066.6001.1.11325,SAM.09.AKC.5066.6001.1,PM2.5,http://dd.eionet.europa.eu/vocabulary/aq/pollutant/6001,hour,25.6625003800,µg/m3,2018-03-20 01:00:00 +01:00,2018-03-20 02:00:00 +01:00,1,1
AT,AT.0008.20.AQ,NET.09,STA.09.AKC,,SPO.09.AKC.5066.6001.1,SPP.09.AKC.5066.6001.1.11325,SAM.09.AKC.5066.6001.1,PM2.5,http://dd.eionet.europa.eu/vocabulary/aq/pollutant/6001,hour,24.8375015200,µg/m3,2018-03-20 02:00:00 +01:00,2018-03-20 03:00:00 +01:00,1,1
AT,AT.0008.20.AQ,NET.09,STA.09.AKC,,SPO.09.AKC.5066.6001.1,SPP.09.AKC.5066.6001.1.11325,SAM.09.AKC.5066.6001.1,PM2.5,http://dd.eionet.europa.eu/vocabulary/aq/pollutant/6001,hour,27.1614990200,µg/m3,2018-03-20 04:00:00 +01:00,2018-03-20 05:00:00 +01:00,1,1
AT,AT.0008.20.AQ,NET.09,STA.09.AKC,,SPO.09.AKC.5066.6001.1,SPP.09.AKC.5066.6001.1.11325,SAM.09.AKC.5066.6001.1,PM2.5,http://dd.eionet.europa.eu/vocabulary/aq/pollutant/6001,hour,29.4604988000,µg/m3,2018-03-20 05:00:00 +01:00,2018-03-20 06:00:00 +01:00,1,1
AT,AT.0008.20.AQ,NET.09,STA.09.AKC,,SPO.09.AKC.5066.6001.1,SPP.09.AKC.5066.6001.1.11325,SAM.09.AKC.5066.6001.1,PM2.5,http://dd.eionet.europa.eu/vocabulary/aq/pollutant/6001,hour,31.0115013100,µg/m3,2018-03-20 07:00:00 +01:00,2018-03-20 08:00:00 +01:00,1,1
AT,AT.0008.20.AQ,NET.09,STA.09.AKC,,SPO.09.AKC.5066.6001.1,SPP.09.AKC.5066.6001.1.11325,SAM.09.AKC.5066.6001.1,PM2.5,http://dd.eionet.europa.eu/vocabulary/aq/pollutant/6001,hour,31.3084983800,µg/m3,2018-03-20 08:00:00 +01:00,2018-03-20 09:00:00 +01:00,1,1
AT,AT.0008.20.AQ,NET.09,STA.09.AKC,,SPO.09.AKC.5066.6001.1,SPP.09.AKC.5066.6001.1.11325,SAM.09.AKC.5066.6001.1,PM2.5,http://dd.eionet.europa.eu/vocabulary/aq/pollutant/6001,hour,30.7014999300,µg/m3,2018-03-20 10:00:00 +01:00,2018-03-20 11:00:00 +01:00,1,1
AT,AT.0008.20.AQ,NET.09,STA.09.AKC,,SPO.09.AKC.5066.6001.1,SPP.09.AKC.5066.6001.1.11325,SAM.09.AKC.5066.6001.1,PM2.5,http://dd.eionet.europa.eu/vocabulary/aq/pollutant/6001,hour,28.8339996300,µg/m3,2018-03-20 11:00:00 +01:00,2018-03-20 12:00:00 +01:00,1,1
AT,AT.0008.20.AQ,NET.09,STA.09.AKC,,SPO.09.AKC.5066.6001.1,SPP.09.AKC.5066.6001.1.11325,SAM.09.AKC.5066.6001.1,PM2.5,http://dd.eionet.europa.eu/vocabulary/aq/pollutant/6001,hour,17.8115005400,µg/m3,2018-03-20 13:00:00 +01:00,2018-03-20 14:00:00 +01:00,1,1
AT,AT.0008.20.AQ,NET.09,STA.09.AKC,,SPO.09.AKC.5066.6001.1,SPP.09.AKC.5066.6001.1.11325,SAM.09.AKC.5066.6001.1,PM2.5,http://dd.eionet.europa.eu/vocabulary/aq/pollutant/6001,hour,15.7495002700,µg/m3,2018-03-20 14:00:00 +01:00,2018-03-20 15:00:00 +01:00,1,1
AT,AT.0008.20.AQ,NET.09,STA.09.AKC,,SPO.09.AKC.5066.6001.1,SPP.09.AKC.5066.6001.1.11325,SAM.09.AKC.5066.6001.1,PM2.5,http://dd.eionet.europa.eu/vocabulary/aq/pollutant/6001,hour,13.9810009000,µg/m3,2018-03-20 15:00:00 +01:00,2018-03-20 16:00:00 +01:00,1,1
AT,AT.0008.20.AQ,NET.09,STA.09.AKC,,SPO.09.AKC.5066.6001.1,SPP.09.AKC.5066.6001.1.11325,SAM.09.AKC.5066.6001.1,PM2.5,http://dd.eionet.europa.eu/vocabulary/aq/pollutant/6001,hour,12.8120002700,µg/m3,2018-03-20 16:00:00 +01:00,2018-03-20 17:00:00 +01:00,1,1
AT,AT.0008.20.AQ,NET.09,STA.09.AKC,,SPO.09.AKC.5066.6001.1,SPP.09.AKC.5066.6001.1.11325,SAM.09.AKC.5066.6001.1,PM2.5,http://dd.eionet.europa.eu/vocabulary/aq/pollutant/6001,hour,12.1459999000,µg/m3,2018-03-20 17:00:00 +01:00,2018-03-20 18:00:00 +01:00,1,1
AT,AT.0008.20.AQ,NET.09,STA.09.AKC,,SPO.09.AKC.5066.6001.1,SPP.09.AKC.5066.6001.1.11325,SAM.09.AKC.5066.6001.1,PM2.5,http://dd.eionet.europa.eu/vocabulary/aq/pollutant/6001,hour,13.4455003700,µg/m3,2018-03-20 18:00:00 +01:00,2018-03-20 19:00:00 +01:00,1,1
AT,AT.0008.20.AQ,NET.09,STA.09.AKC,,SPO.09.AKC.5066.6001.1,SPP.09.AKC.5066.6001.1.11325,SAM.09.AKC.5066.6001.1,PM2.5,http://dd.eionet.europa.eu/vocabulary/aq/pollutant/6001,hour,14.3940000500,µg/m3,2018-03-20 19:00:00 +01:00,2018-03-20 20:00:00 +01:00,1,1
AT,AT.0008.20.AQ,NET.09,STA.09.AKC,,SPO.09.AKC.5066.6001.1,SPP.09.AKC.5066.6001.1.11325,SAM.09.AKC.5066.6001.1,PM2.5,http://dd.eionet.europa.eu/vocabulary/aq/pollutant/6001,hour,25.5400009100,µg/m3,2018-03-20 20:00:00 +01:00,2018-03-20 21:00:00 +01:00,1,1
AT,AT.0008.20.AQ,NET.09,STA.09.AKC,,SPO.09.AKC.5066.6001.1,SPP.09.AKC.5066.6001.1.11325,SAM.09.AKC.5066.6001.1,PM2.5,http://dd.eionet.europa.eu/vocabulary/aq/pollutant/6001,hour,28.0244998900,µg/m3,2018-03-20 21:00:00 +01:00,2018-03-20 22:00:00 +01:00,1,1
AT,AT.0008.20.AQ,NET.09,STA.09.AKC,,SPO.09.AKC.5066.6001.1,SPP.09.AKC.5066.6001.1.11325,SAM.09.AKC.5066.6001.1,PM2.5,http://dd.eionet.europa.eu/vocabulary/aq/pollutant/6001,hour,25.6315002400,µg/m3,2018-03-20 22:00:00 +01:00,2018-03-20 23:00:00 +01:00,1,1
AT,AT.0008.20.AQ,NET.09,STA.09.AKC,,SPO.09.AKC.5066.6001.1,SPP.09.AKC.5066.6001.1.11325,SAM.09.AKC.5066.6001.1,PM2.5,http://dd.eionet.europa.eu/vocabulary/aq/pollutant/6001,hour,23.9225006100,µg/m3,2018-03-20 23:00:00 +01:00,2018-03-21 00:00:00 +01:00,1,1
AT,AT.0008.20.AQ,NET.09,STA.09.AKC,,SPO.09.AKC.5066.6001.1,SPP.09.AKC.5066.6001.1.11325,SAM.09.AKC.5066.6001.1,PM2.5,http://dd.eionet.europa.eu/vocabulary/aq/pollutant/6001,hour,21.8455009400,µg/m3,2018-03-21 00:00:00 +01:00,2018-03-21 01:00:00 +01:00,1,1
AT,AT.0008.20.AQ,NET.09,STA.09.AKC,,SPO.09.AKC.5066.6001.1,SPP.09.AKC.5066.6001.1.11325,SAM.09.AKC.5066.6001.1,PM2.5,http://dd.eionet.europa.eu/vocabulary/aq/pollutant/6001,hour,20.0950012200,µg/m3,2018-03-21 03:00:00 +01:00,2018-03-21 04:00:00 +01:00,1,1
AT,AT.0008.20.AQ,NET.09,STA.09.AKC,,SPO.09.AKC.5066.6001.1,SPP.09.AKC.5066.6001.1.11325,SAM.09.AKC.5066.6001.1,PM2.5,http://dd.eionet.europa.eu/vocabulary/aq/pollutant/6001,hour,21.4420013400,µg/m3,2018-03-21 04:00:00 +01:00,2018-03-21 05:00:00 +01:00,1,1
AT,AT.0008.20.AQ,NET.09,STA.09.AKC,,SPO.09.AKC.5066.6001.1,SPP.09.AKC.5066.6001.1.11325,SAM.09.AKC.5066.6001.1,PM2.5,http://dd.eionet.europa.eu/vocabulary/aq/pollutant/6001,hour,31.0314998600,µg/m3,2018-03-21 07:00:00 +01:00,2018-03-21 08:00:00 +01:00,1,1
AT,AT.0008.20.AQ,NET.09,STA.09.AKC,,SPO.09.AKC.5066.6001.1,SPP.09.AKC.5066.6001.1.11325,SAM.09.AKC.5066.6001.1,PM2.5,http://dd.eionet.europa.eu/vocabulary/aq/pollutant/6001,hour,32.1735000600,µg/m3,2018-03-21 08:00:00 +01:00,2018-03-21 09:00:00 +01:00,1,1
AT,AT.0008.20.AQ,NET.09,STA.09.AKC,,SPO.09.AKC.5066.6001.1,SPP.09.AKC.5066.6001.1.11325,SAM.09.AKC.5066.6001.1,PM2.5,http://dd.eionet.europa.eu/vocabulary/aq/pollutant/6001,hour,30.3795013400,µg/m3,2018-03-21 09:00:00 +01:00,2018-03-21 10:00:00 +01:00,1,1
AT,AT.0008.20.AQ,NET.09,STA.09.AKC,,SPO.09.AKC.5066.6001.1,SPP.09.AKC.5066.6001.1.11325,SAM.09.AKC.5066.6001.1,PM2.5,http://dd.eionet.europa.eu/vocabulary/aq/pollutant/6001,hour,27.2714996300,µg/m3,2018-03-21 10:00:00 +01:00,2018-03-21 11:00:00 +01:00,1,1
AT,AT.0008.20.AQ,NET.09,STA.09.AKC,,SPO.09.AKC.5066.6001.1,SPP.09.AKC.5066.6001.1.11325,SAM.09.AKC.5066.6001.1,PM2.5,http://dd.eionet.europa.eu/vocabulary/aq/pollutant/6001,hour,23.0159988400,µg/m3,2018-03-21 11:00:00 +01:00,2018-03-21 12:00:00 +01:00,1,1
AT,AT.0008.20.AQ,NET.09,STA.09.AKC,,SPO.09.AKC.5066.6001.1,SPP.09.AKC.5066.6001.1.11325,SAM.09.AKC.5066.6001.1,PM2.5,http://dd.eionet.europa.eu/vocabulary/aq/pollutant/6001,hour,15.6410007400,µg/m3,2018-03-21 12:00:00 +01:00,2018-03-21 13:00:00 +01:00,1,1
AT,AT.0008.20.AQ,NET.09,STA.09.AKC,,SPO.09.AKC.5066.6001.1,SPP.09.AKC.5066.6001.1.11325,SAM.09.AKC.5066.6001.1,PM2.5,http://dd.eionet.europa.eu/vocabulary/aq/pollutant/6001,hour,15.8365001600,µg/m3,2018-03-21 13:00:00 +01:00,2018-03-21 14:00:00 +01:00,1,1
AT,AT.0008.20.AQ,NET.09,STA.09.AKC,,SPO.09.AKC.5066.6001.1,SPP.09.AKC.5066.6001.1.11325,SAM.09.AKC.5066.6001.1,PM2.5,http://dd.eionet.europa.eu/vocabulary/aq/pollutant/6001,hour,13.5475006100,µg/m3,2018-03-21 14:00:00 +01:00,2018-03-21 15:00:00 +01:00,1,1
AT,AT.0008.20.AQ,NET.09,STA.09.AKC,,SPO.09.AKC.5066.6001.1,SPP.09.AKC.5066.6001.1.11325,SAM.09.AKC.5066.6001.1,PM2.5,http://dd.eionet.europa.eu/vocabulary/aq/pollutant/6001,hour,10.3544998100,µg/m3,2018-03-21 15:00:00 +01:00,2018-03-21 16:00:00 +01:00,1,1
AT,AT.0008.20.AQ,NET.09,STA.09.AKC,,SPO.09.AKC.5066.6001.1,SPP.09.AKC.5066.6001.1.11325,SAM.09.AKC.5066.6001.1,PM2.5,http://dd.eionet.europa.eu/vocabulary/aq/pollutant/6001,hour,9.0280494600,µg/m3,2018-03-21 16:00:00 +01:00,2018-03-21 17:00:00 +01:00,1,1
AT,AT.0008.20.AQ,NET.09,STA.09.AKC,,SPO.09.AKC.5066.6001.1,SPP.09.AKC.5066.6001.1.11325,SAM.09.AKC.5066.6001.1,PM2.5,http://dd.eionet.europa.eu/vocabulary/aq/pollutant/6001,hour,9.0165004700,µg/m3,2018-03-21 17:00:00 +01:00,2018-03-21 18:00:00 +01:00,1,1
AT,AT.0008.20.AQ,NET.09,STA.09.AKC,,SPO.09.AKC.5066.6001.1,SPP.09.AKC.5066.6001.1.11325,SAM.09.AKC.5066.6001.1,PM2.5,http://dd.eionet.europa.eu/vocabulary/aq/pollutant/6001,hour,9.8104496000,µg/m3,2018-03-21 18:00:00 +01:00,2018-03-21 19:00:00 +01:00,1,1
AT,AT.0008.20.AQ,NET.09,STA.09.AKC,,SPO.09.AKC.5066.6001.1,SPP.09.AKC.5066.6001.1.11325,SAM.09.AKC.5066.6001.1,PM2.5,http://dd.eionet.europa.eu/vocabulary/aq/pollutant/6001,hour,10.0096502300,µg/m3,2018-03-21 19:00:00 +01:00,2018-03-21 20:00:00 +01:00,1,1
AT,AT.0008.20.AQ,NET.09,STA.09.AKC,,SPO.09.AKC.5066.6001.1,SPP.09.AKC.5066.6001.1.11325,SAM.09.AKC.5066.6001.1,PM2.5,http://dd.eionet.europa.eu/vocabulary/aq/pollutant/6001,hour,10.3955001800,µg/m3,2018-03-21 20:00:00 +01:00,2018-03-21 21:00:00 +01:00,1,1
AT,AT.0008.20.AQ,NET.09,STA.09.AKC,,SPO.09.AKC.5066.6001.1,SPP.09.AKC.5066.6001.1.11325,SAM.09.AKC.5066.6001.1,PM2.5,http://dd.eionet.europa.eu/vocabulary/aq/pollutant/6001,hour,10.9429998300,µg/m3,2018-03-21 21:00:00 +01:00,2018-03-21 22:00:00 +01:00,1,1
AT,AT.0008.20.AQ,NET.09,STA.09.AKC,,SPO.09.AKC.5066.6001.1,SPP.09.AKC.5066.6001.1.11325,SAM.09.AKC.5066.6001.1,PM2.5,http://dd.eionet.europa.eu/vocabulary/aq/pollutant/6001,hour,12.1049995400,µg/m3,2018-03-21 22:00:00 +01:00,2018-03-21 23:00:00 +01:00,1,1
AT,AT.0008.20.AQ,NET.09,STA.09.AKC,,SPO.09.AKC.5066.6001.1,SPP.09.AKC.5066.6001.1.11325,SAM.09.AKC.5066.6001.1,PM2.5,http://dd.eionet.europa.eu/vocabulary/aq/pollutant/6001,hour,14.0380001000,µg/m3,2018-03-21 23:00:00 +01:00,2018-03-22 00:00:00 +01:00,1,1
AT,AT.0008.20.AQ,NET.09,STA.09.AKC,,SPO.09.AKC.5066.6001.1,SPP.09.AKC.5066.6001.1.11325,SAM.09.AKC.5066.6001.1,PM2.5,http://dd.eionet.europa.eu/vocabulary/aq/pollutant/6001,hour,14.7244997000,µg/m3,2018-03-22 00:00:00 +01:00,2018-03-22 01:00:00 +01:00,1,1
AT,AT.0008.20.AQ,NET.09,STA.09.AKC,,SPO.09.AKC.5066.6001.1,SPP.09.AKC.5066.6001.1.11325,SAM.09.AKC.5066.6001.1,PM2.5,http://dd.eionet.europa.eu/vocabulary/aq/pollutant/6001,hour,14.4475002200,µg/m3,2018-03-22 02:00:00 +01:00,2018-03-22 03:00:00 +01:00,1,1
AT,AT.0008.20.AQ,NET.09,STA.09.AKC,,SPO.09.AKC.5066.6001.1,SPP.09.AKC.5066.6001.1.11325,SAM.09.AKC.5066.6001.1,PM2.5,http://dd.eionet.europa.eu/vocabulary/aq/pollutant/6001,hour,14.6849994600,µg/m3,2018-03-22 03:00:00 +01:00,2018-03-22 04:00:00 +01:00,1,1
AT,AT.0008.20.AQ,NET.09,STA.09.AKC,,SPO.09.AKC.5066.6001.1,SPP.09.AKC.5066.6001.1.11325,SAM.09.AKC.5066.6001.1,PM2.5,http://dd.eionet.europa.eu/vocabulary/aq/pollutant/6001,hour,14.5410003600,µg/m3,2018-03-22 04:00:00 +01:00,2018-03-22 05:00:00 +01:00,1,1
AT,AT.0008.20.AQ,NET.09,STA.09.AKC,,SPO.09.AKC.5066.6001.1,SPP.09.AKC.5066.6001.1.11325,SAM.09.AKC.5066.6001.1,PM2.5,http://dd.eionet.europa.eu/vocabulary/aq/pollutant/6001,hour,15.6400003400,µg/m3,2018-03-22 05:00:00 +01:00,2018-03-22 06:00:00 +01:00,1,1
AT,AT.0008.20.AQ,NET.09,STA.09.AKC,,SPO.09.AKC.5066.6001.1,SPP.09.AKC.5066.6001.1.11325,SAM.09.AKC.5066.6001.1,PM2.5,http://dd.eionet.europa.eu/vocabulary/aq/pollutant/6001,hour,20.5939998600,µg/m3,2018-03-22 08:00:00 +01:00,2018-03-22 09:00:00 +01:00,1,1
AT,AT.0008.20.AQ,NET.09,STA.09.AKC,,SPO.09.AKC.5066.6001.1,SPP.09.AKC.5066.6001.1.11325,SAM.09.AKC.5066.6001.1,PM2.5,http://dd.eionet.europa.eu/vocabulary/aq/pollutant/6001,hour,21.9869995100,µg/m3,2018-03-22 09:00:00 +01:00,2018-03-22 10:00:00 +01:00,1,1
AT,AT.0008.20.AQ,NET.09,STA.09.AKC,,SPO.09.AKC.5066.6001.1,SPP.09.AKC.5066.6001.1.11325,SAM.09.AKC.5066.6001.1,PM2.5,http://dd.eionet.europa.eu/vocabulary/aq/pollutant/6001,hour,20.4780006400,µg/m3,2018-03-22 10:00:00 +01:00,2018-03-22 11:00:00 +01:00,1,1
AT,AT.0008.20.AQ,NET.09,STA.09.AKC,,SPO.09.AKC.5066.6001.1,SPP.09.AKC.5066.6001.1.11325,SAM.09.AKC.5066.6001.1,PM2.5,http://dd.eionet.europa.eu/vocabulary/aq/pollutant/6001,hour,16.4125003800,µg/m3,2018-03-22 12:00:00 +01:00,2018-03-22 13:00:00 +01:00,1,1
AT,AT.0008.20.AQ,NET.09,STA.09.AKC,,SPO.09.AKC.5066.6001.1,SPP.09.AKC.5066.6001.1.11325,SAM.09.AKC.5066.6001.1,PM2.5,http://dd.eionet.europa.eu/vocabulary/aq/pollutant/6001,hour,11.8029994900,µg/m3,2018-03-22 13:00:00 +01:00,2018-03-22 14:00:00 +01:00,1,1
AT,AT.0008.20.AQ,NET.09,STA.09.AKC,,SPO.09.AKC.5066.6001.1,SPP.09.AKC.5066.6001.1.11325,SAM.09.AKC.5066.6001.1,PM2.5,http://dd.eionet.europa.eu/vocabulary/aq/pollutant/6001,hour,10.0901508300,µg/m3,2018-03-22 14:00:00 +01:00,2018-03-22 15:00:00 +01:00,1,1
AT,AT.0008.20.AQ,NET.09,STA.09.AKC,,SPO.09.AKC.5066.6001.1,SPP.09.AKC.5066.6001.1.11325,SAM.09.AKC.5066.6001.1,PM2.5,http://dd.eionet.europa.eu/vocabulary/aq/pollutant/6001,hour,8.3734493200,µg/m3,2018-03-22 15:00:00 +01:00,2018-03-22 16:00:00 +01:00,1,1
AT,AT.0008.20.AQ,NET.09,STA.09.AKC,,SPO.09.AKC.5066.6001.1,SPP.09.AKC.5066.6001.1.11325,SAM.09.AKC.5066.6001.1,PM2.5,http://dd.eionet.europa.eu/vocabulary/aq/pollutant/6001,hour,7.8958501800,µg/m3,2018-03-22 16:00:00 +01:00,2018-03-22 17:00:00 +01:00,1,1
AT,AT.0008.20.AQ,NET.09,STA.09.AKC,,SPO.09.AKC.5066.6001.1,SPP.09.AKC.5066.6001.1.11325,SAM.09.AKC.5066.6001.1,PM2.5,http://dd.eionet.europa.eu/vocabulary/aq/pollutant/6001,hour,17.5200004500,µg/m3,2018-03-22 18:00:00 +01:00,2018-03-22 19:00:00 +01:00,1,1
AT,AT.0008.20.AQ,NET.09,STA.09.AKC,,SPO.09.AKC.5066.6001.1,SPP.09.AKC.5066.6001.1.11325,SAM.09.AKC.5066.6001.1,PM2.5,http://dd.eionet.europa.eu/vocabulary/aq/pollutant/6001,hour,16.8945007300,µg/m3,2018-03-22 19:00:00 +01:00,2018-03-22 20:00:00 +01:00,1,1
AT,AT.0008.20.AQ,NET.09,STA.09.AKC,,SPO.09.AKC.5066.6001.1,SPP.09.AKC.5066.6001.1.11325,SAM.09.AKC.5066.6001.1,PM2.5,http://dd.eionet.europa.eu/vocabulary/aq/pollutant/6001,hour,15.7320003500,µg/m3,2018-03-22 20:00:00 +01:00,2018-03-22 21:00:00 +01:00,1,1
AT,AT.0008.20.AQ,NET.09,STA.09.AKC,,SPO.09.AKC.5066.6001.1,SPP.09.AKC.5066.6001.1.11325,SAM.09.AKC.5066.6001.1,PM2.5,http://dd.eionet.europa.eu/vocabulary/aq/pollutant/6001,hour,21.5655002500,µg/m3,2018-03-22 21:00:00 +01:00,2018-03-22 22:00:00 +01:00,1,1
AT,AT.0008.20.AQ,NET.09,STA.09.AKC,,SPO.09.AKC.5066.6001.1,SPP.09.AKC.5066.6001.1.11325,SAM.09.AKC.5066.6001.1,PM2.5,http://dd.eionet.europa.eu/vocabulary/aq/pollutant/6001,hour,17.4155006400,µg/m3,2018-03-22 23:00:00 +01:00,2018-03-23 00:00:00 +01:00,1,1
AT,AT.0008.20.AQ,NET.09,STA.09.AKC,,SPO.09.AKC.5066.6001.1,SPP.09.AKC.5066.6001.1.11325,SAM.09.AKC.5066.6001.1,PM2.5,http://dd.eionet.europa.eu/vocabulary/aq/pollutant/6001,hour,16.4459991400,µg/m3,2018-03-23 00:00:00 +01:00,2018-03-23 01:00:00 +01:00,1,1
AT,AT.0008.20.AQ,NET.09,STA.09.AKC,,SPO.09.AKC.5066.6001.1,SPP.09.AKC.5066.6001.1.11325,SAM.09.AKC.5066.6001.1,PM2.5,http://dd.eionet.europa.eu/vocabulary/aq/pollutant/6001,hour,16.2034988400,µg/m3,2018-03-23 01:00:00 +01:00,2018-03-23 02:00:00 +01:00,1,1
AT,AT.0008.20.AQ,NET.09,STA.09.AKC,,SPO.09.AKC.5066.6001.1,SPP.09.AKC.5066.6001.1.11325,SAM.09.AKC.5066.6001.1,PM2.5,http://dd.eionet.europa.eu/vocabulary/aq/pollutant/6001,hour,18.3675003000,µg/m3,2018-03-23 02:00:00 +01:00,2018-03-23 03:00:00 +01:00,1,1
AT,AT.0008.20.AQ,NET.09,STA.09.AKC,,SPO.09.AKC.5066.6001.1,SPP.09.AKC.5066.6001.1.11325,SAM.09.AKC.5066.6001.1,PM2.5,http://dd.eionet.europa.eu/vocabulary/aq/pollutant/6001,hour,21.3979988000,µg/m3,2018-03-23 03:00:00 +01:00,2018-03-23 04:00:00 +01:00,1,1
AT,AT.0008.20.AQ,NET.09,STA.09.AKC,,SPO.09.AKC.5066.6001.1,SPP.09.AKC.5066.6001.1.11325,SAM.09.AKC.5066.6001.1,PM2.5,http://dd.eionet.europa.eu/vocabulary/aq/pollutant/6001,hour,24.4490013100,µg/m3,2018-03-23 05:00:00 +01:00,2018-03-23 06:00:00 +01:00,1,1
AT,AT.0008.20.AQ,NET.09,STA.09.AKC,,SPO.09.AKC.5066.6001.1,SPP.09.AKC.5066.6001.1.11325,SAM.09.AKC.5066.6001.1,PM2.5,http://dd.eionet.europa.eu/vocabulary/aq/pollutant/6001,hour,25.0184993700,µg/m3,2018-03-23 07:00:00 +01:00,2018-03-23 08:00:00 +01:00,1,1
AT,AT.0008.20.AQ,NET.09,STA.09.AKC,,SPO.09.AKC.5066.6001.1,SPP.09.AKC.5066.6001.1.11325,SAM.09.AKC.5066.6001.1,PM2.5,http://dd.eionet.europa.eu/vocabulary/aq/pollutant/6001,hour,22.6835002800,µg/m3,2018-03-23 09:00:00 +01:00,2018-03-23 10:00:00 +01:00,1,1
AT,AT.0008.20.AQ,NET.09,STA.09.AKC,,SPO.09.AKC.5066.6001.1,SPP.09.AKC.5066.6001.1.11325,SAM.09.AKC.5066.6001.1,PM2.5,http://dd.eionet.europa.eu/vocabulary/aq/pollutant/6001,hour,23.1409988400,µg/m3,2018-03-23 10:00:00 +01:00,2018-03-23 11:00:00 +01:00,1,1
AT,AT.0008.20.AQ,NET.09,STA.09.AKC,,SPO.09.AKC.5066.6001.1,SPP.09.AKC.5066.6001.1.11325,SAM.09.AKC.5066.6001.1,PM2.5,http://dd.eionet.europa.eu/vocabulary/aq/pollutant/6001,hour,23.7924995400,µg/m3,2018-03-23 12:00:00 +01:00,2018-03-23 13:00:00 +01:00,1,1
AT,AT.0008.20.AQ,NET.09,STA.09.AKC,,SPO.09.AKC.5066.6001.1,SPP.09.AKC.5066.6001.1.11325,SAM.09.AKC.5066.6001.1,PM2.5,http://dd.eionet.europa.eu/vocabulary/aq/pollutant/6001,hour,21.2075004500,µg/m3,2018-03-23 14:00:00 +01:00,2018-03-23 15:00:00 +01:00,1,1
AT,AT.0008.20.AQ,NET.09,STA.09.AKC,,SPO.09.AKC.5066.6001.1,SPP.09.AKC.5066.6001.1.11325,SAM.09.AKC.5066.6001.1,PM2.5,http://dd.eionet.europa.eu/vocabulary/aq/pollutant/6001,hour,17.8040008500,µg/m3,2018-03-23 15:00:00 +01:00,2018-03-23 16:00:00 +01:00,1,1
AT,AT.0008.20.AQ,NET.09,STA.09.AKC,,SPO.09.AKC.5066.6001.1,SPP.09.AKC.5066.6001.1.11325,SAM.09.AKC.5066.6001.1,PM2.5,http://dd.eionet.europa.eu/vocabulary/aq/pollutant/6001,hour,13.9615001600,µg/m3,2018-03-23 16:00:00 +01:00,2018-03-23 17:00:00 +01:00,1,1
AT,AT.0008.20.AQ,NET.09,STA.09.AKC,,SPO.09.AKC.5066.6001.1,SPP.09.AKC.5066.6001.1.11325,SAM.09.AKC.5066.6001.1,PM2.5,http://dd.eionet.europa.eu/vocabulary/aq/pollutant/6001,hour,18.0970001200,µg/m3,2018-03-23 17:00:00 +01:00,2018-03-23 18:00:00 +01:00,1,1
AT,AT.0008.20.AQ,NET.09,STA.09.AKC,,SPO.09.AKC.5066.6001.1,SPP.09.AKC.5066.6001.1.11325,SAM.09.AKC.5066.6001.1,PM2.5,http://dd.eionet.europa.eu/vocabulary/aq/pollutant/6001,hour,17.9785003600,µg/m3,2018-03-23 18:00:00 +01:00,2018-03-23 19:00:00 +01:00,1,1
AT,AT.0008.20.AQ,NET.09,STA.09.AKC,,SPO.09.AKC.5066.6001.1,SPP.09.AKC.5066.6001.1.11325,SAM.09.AKC.5066.6001.1,PM2.5,http://dd.eionet.europa.eu/vocabulary/aq/pollutant/6001,hour,18.1210002800,µg/m3,2018-03-23 19:00:00 +01:00,2018-03-23 20:00:00 +01:00,1,1
AT,AT.0008.20.AQ,NET.09,STA.09.AKC,,SPO.09.AKC.5066.6001.1,SPP.09.AKC.5066.6001.1.11325,SAM.09.AKC.5066.6001.1,PM2.5,http://dd.eionet.europa.eu/vocabulary/aq/pollutant/6001,hour,19.7369995100,µg/m3,2018-03-23 20:00:00 +01:00,2018-03-23 21:00:00 +01:00,1,1
AT,AT.0008.20.AQ,NET.09,STA.09.AKC,,SPO.09.AKC.5066.6001.1,SPP.09.AKC.5066.6001.1.11325,SAM.09.AKC.5066.6001.1,PM2.5,http://dd.eionet.europa.eu/vocabulary/aq/pollutant/6001,hour,21.8185005100,µg/m3,2018-03-23 21:00:00 +01:00,2018-03-23 22:00:00 +01:00,1,1
AT,AT.0008.20.AQ,NET.09,STA.09.AKC,,SPO.09.AKC.5066.6001.1,SPP.09.AKC.5066.6001.1.11325,SAM.09.AKC.5066.6001.1,PM2.5,http://dd.eionet.europa.eu/vocabulary/aq/pollutant/6001,hour,21.4095001200,µg/m3,2018-03-23 23:00:00 +01:00,2018-03-24 00:00:00 +01:00,1,1
AT,AT.0008.20.AQ,NET.09,STA.09.AKC,,SPO.09.AKC.5066.6001.1,SPP.09.AKC.5066.6001.1.11325,SAM.09.AKC.5066.6001.1,PM2.5,http://dd.eionet.europa.eu/vocabulary/aq/pollutant/6001,hour,20.9904994900,µg/m3,2018-03-24 00:00:00 +01:00,2018-03-24 01:00:00 +01:00,1,1
AT,AT.0008.20.AQ,NET.09,STA.09.AKC,,SPO.09.AKC.5066.6001.1,SPP.09.AKC.5066.6001.1.11325,SAM.09.AKC.5066.6001.1,PM2.5,http://dd.eionet.europa.eu/vocabulary/aq/pollutant/6001,hour,21.0929985000,µg/m3,2018-03-24 01:00:00 +01:00,2018-03-24 02:00:00 +01:00,1,1
AT,AT.0008.20.AQ,NET.09,STA.09.AKC,,SPO.09.AKC.5066.6001.1,SPP.09.AKC.5066.6001.1.11325,SAM.09.AKC.5066.6001.1,PM2.5,http://dd.eionet.europa.eu/vocabulary/aq/pollutant/6001,hour,22.9444999600,µg/m3,2018-03-24 02:00:00 +01:00,2018-03-24 03:00:00 +01:00,1,1
AT,AT.0008.20.AQ,NET.09,STA.09.AKC,,SPO.09.AKC.5066.6001.1,SPP.09.AKC.5066.6001.1.11325,SAM.09.AKC.5066.6001.1,PM2.5,http://dd.eionet.europa.eu/vocabulary/aq/pollutant/6001,hour,28.0839996300,µg/m3,2018-03-24 03:00:00 +01:00,2018-03-24 04:00:00 +01:00,1,1
AT,AT.0008.20.AQ,NET.09,STA.09.AKC,,SPO.09.AKC.5066.6001.1,SPP.09.AKC.5066.6001.1.11325,SAM.09.AKC.5066.6001.1,PM2.5,http://dd.eionet.europa.eu/vocabulary/aq/pollutant/6001,hour,37.6795005700,µg/m3,2018-03-24 05:00:00 +01:00,2018-03-24 06:00:00 +01:00,1,1
AT,AT.0008.20.AQ,NET.09,STA.09.AKC,,SPO.09.AKC.5066.6001.1,SPP.09.AKC.5066.6001.1.11325,SAM.09.AKC.5066.6001.1,PM2.5,http://dd.eionet.europa.eu/vocabulary/aq/pollutant/6001,hour,38.3334999000,µg/m3,2018-03-24 06:00:00 +01:00,2018-03-24 07:00:00 +01:00,1,1
AT,AT.0008.20.AQ,NET.09,STA.09.AKC,,SPO.09.AKC.5066.6001.1,SPP.09.AKC.5066.6001.1.11325,SAM.09.AKC.5066.6001.1,PM2.5,http://dd.eionet.europa.eu/vocabulary/aq/pollutant/6001,hour,39.0784988400,µg/m3,2018-03-24 07:00:00 +01:00,2018-03-24 08:00:00 +01:00,1,1
AT,AT.0008.20.AQ,NET.09,STA.09.AKC,,SPO.09.AKC.5066.6001.1,SPP.09.AKC.5066.6001.1.11325,SAM.09.AKC.5066.6001.1,PM2.5,http://dd.eionet.europa.eu/vocabulary/aq/pollutant/6001,hour,43.7590026800,µg/m3,2018-03-24 08:00:00 +01:00,2018-03-24 09:00:00 +01:00,1,1
AT,AT.0008.20.AQ,NET.09,STA.09.AKC,,SPO.09.AKC.5066.6001.1,SPP.09.AKC.5066.6001.1.11325,SAM.09.AKC.5066.6001.1,PM2.5,http://dd.eionet.europa.eu/vocabulary/aq/pollutant/6001,hour,44.2919998100,µg/m3,2018-03-24 09:00:00 +01:00,2018-03-24 10:00:00 +01:00,1,1
AT,AT.0008.20.AQ,NET.09,STA.09.AKC,,SPO.09.AKC.5066.6001.1,SPP.09.AKC.5066.6001.1.11325,SAM.09.AKC.5066.6001.1,PM2.5,http://dd.eionet.europa.eu/vocabulary/aq/pollutant/6001,hour,37.9625015200,µg/m3,2018-03-24 10:00:00 +01:00,2018-03-24 11:00:00 +01:00,1,1
AT,AT.0008.20.AQ,NET.09,STA.09.AKC,,SPO.09.AKC.5066.6001.1,SPP.09.AKC.5066.6001.1.11325,SAM.09.AKC.5066.6001.1,PM2.5,http://dd.eionet.europa.eu/vocabulary/aq/pollutant/6001,hour,22.6764984100,µg/m3,2018-03-24 12:00:00 +01:00,2018-03-24 13:00:00 +01:00,1,1
AT,AT.0008.20.AQ,NET.09,STA.09.AKC,,SPO.09.AKC.5066.6001.1,SPP.09.AKC.5066.6001.1.11325,SAM.09.AKC.5066.6001.1,PM2.5,http://dd.eionet.europa.eu/vocabulary/aq/pollutant/6001,hour,15.8864994000,µg/m3,2018-03-24 13:00:00 +01:00,2018-03-24 14:00:00 +01:00,1,1
AT,AT.0008.20.AQ,NET.09,STA.09.AKC,,SPO.09.AKC.5066.6001.1,SPP.09.AKC.5066.6001.1.11325,SAM.09.AKC.5066.6001.1,PM2.5,http://dd.eionet.europa.eu/vocabulary/aq/pollutant/6001,hour,17.6375007600,µg/m3,2018-03-24 14:00:00 +01:00,2018-03-24 15:00:00 +01:00,1,1
AT,AT.0008.20.AQ,NET.09,STA.09.AKC,,SPO.09.AKC.5066.6001.1,SPP.09.AKC.5066.6001.1.11325,SAM.09.AKC.5066.6001.1,PM2.5,http://dd.eionet.europa.eu/vocabulary/aq/pollutant/6001,hour,19.6819992000,µg/m3,2018-03-24 15:00:00 +01:00,2018-03-24 16:00:00 +01:00,1,1
AT,AT.0008.20.AQ,NET.09,STA.09.AKC,,SPO.09.AKC.5066.6001.1,SPP.09.AKC.5066.6001.1.11325,SAM.09.AKC.5066.6001.1,PM2.5,http://dd.eionet.europa.eu/vocabulary/aq/pollutant/6001,hour,22.5065002400,µg/m3,2018-03-24 16:00:00 +01:00,2018-03-24 17:00:00 +01:00,1,1
AT,AT.0008.20.AQ,NET.09,STA.09.AKC,,SPO.09.AKC.5066.6001.1,SPP.09.AKC.5066.6001.1.11325,SAM.09.AKC.5066.6001.1,PM2.5,http://dd.eionet.europa.eu/vocabulary/aq/pollutant/6001,hour,23.5170001900,µg/m3,2018-03-24 17:00:00 +01:00,2018-03-24 18:00:00 +01:00,1,1
AT,AT.0008.20.AQ,NET.09,STA.09.AKC,,SPO.09.AKC.5066.6001.1,SPP.09.AKC.5066.6001.1.11325,SAM.09.AKC.5066.6001.1,PM2.5,http://dd.eionet.europa.eu/vocabulary/aq/pollutant/6001,hour,21.5764999300,µg/m3,2018-03-24 19:00:00 +01:00,2018-03-24 20:00:00 +01:00,1,1
AT,AT.0008.20.AQ,NET.09,STA.09.AKC,,SPO.09.AKC.5066.6001.1,SPP.09.AKC.5066.6001.1.11325,SAM.09.AKC.5066.6001.1,PM2.5,http://dd.eionet.europa.eu/vocabulary/aq/pollutant/6001,hour,23.4529991100,µg/m3,2018-03-24 21:00:00 +01:00,2018-03-24 22:00:00 +01:00,1,1
AT,AT.0008.20.AQ,NET.09,STA.09.AKC,,SPO.09.AKC.5066.6001.1,SPP.09.AKC.5066.6001.1.11325,SAM.09.AKC.5066.6001.1,PM2.5,http://dd.eionet.europa.eu/vocabulary/aq/pollutant/6001,hour,25.0314998600,µg/m3,2018-03-25 00:00:00 +01:00,2018-03-25 01:00:00 +01:00,1,1
AT,AT.0008.20.AQ,NET.09,STA.09.AKC,,SPO.09.AKC.5066.6001.1,SPP.09.AKC.5066.6001.1.11325,SAM.09.AKC.5066.6001.1,PM2.5,http://dd.eionet.europa.eu/vocabulary/aq/pollutant/6001,hour,24.4985008200,µg/m3,2018-03-25 01:00:00 +01:00,2018-03-25 02:00:00 +01:00,1,1
AT,AT.0008.20.AQ,NET.09,STA.09.AKC,,SPO.09.AKC.5066.6001.1,SPP.09.AKC.5066.6001.1.11325,SAM.09.AKC.5066.6001.1,PM2.5,http://dd.eionet.europa.eu/vocabulary/aq/pollutant/6001,hour,23.9489994000,µg/m3,2018-03-25 03:00:00 +01:00,2018-03-25 04:00:00 +01:00,1,1
AT,AT.0008.20.AQ,NET.09,STA.09.AKC,,SPO.09.AKC.5066.6001.1,SPP.09.AKC.5066.6001.1.11325,SAM.09.AKC.5066.6001.1,PM2.5,http://dd.eionet.europa.eu/vocabulary/aq/pollutant/6001,hour,26.7285003600,µg/m3,2018-03-25 04:00:00 +01:00,2018-03-25 05:00:00 +01:00,1,1
AT,AT.0008.20.AQ,NET.09,STA.09.AKC,,SPO.09.AKC.5066.6001.1,SPP.09.AKC.5066.6001.1.11325,SAM.09.AKC.5066.6001.1,PM2.5,http://dd.eionet.europa.eu/vocabulary/aq/pollutant/6001,hour,31.0555000300,µg/m3,2018-03-25 08:00:00 +01:00,2018-03-25 09:00:00 +01:00,1,1
AT,AT.0008.20.AQ,NET.09,STA.09.AKC,,SPO.09.AKC.5066.6001.1,SPP.09.AKC.5066.6001.1.11325,SAM.09.AKC.5066.6001.1,PM2.5,http://dd.eionet.europa.eu/vocabulary/aq/pollutant/6001,hour,27.5065002400,µg/m3,2018-03-25 09:00:00 +01:00,2018-03-25 10:00:00 +01:00,1,1
AT,AT.0008.20.AQ,NET.09,STA.09.AKC,,SPO.09.AKC.5066.6001.1,SPP.09.AKC.5066.6001.1.11325,SAM.09.AKC.5066.6001.1,PM2.5,http://dd.eionet.europa.eu/vocabulary/aq/pollutant/6001,hour,20.7369995100,µg/m3,2018-03-25 10:00:00 +01:00,2018-03-25 11:00:00 +01:00,1,1
AT,AT.0008.20.AQ,NET.09,STA.09.AKC,,SPO.09.AKC.5066.6001.1,SPP.09.AKC.5066.6001.1.11325,SAM.09.AKC.5066.6001.1,PM2.5,http://dd.eionet.europa.eu/vocabulary/aq/pollutant/6001,hour,17.5994987400,µg/m3,2018-03-25 11:00:00 +01:00,2018-03-25 12:00:00 +01:00,1,1
AT,AT.0008.20.AQ,NET.09,STA.09.AKC,,SPO.09.AKC.5066.6001.1,SPP.09.AKC.5066.6001.1.11325,SAM.09.AKC.5066.6001.1,PM2.5,http://dd.eionet.europa.eu/vocabulary/aq/pollutant/6001,hour,17.5120010300,µg/m3,2018-03-25 12:00:00 +01:00,2018-03-25 13:00:00 +01:00,1,1
AT,AT.0008.20.AQ,NET.09,STA.09.AKC,,SPO.09.AKC.5066.6001.1,SPP.09.AKC.5066.6001.1.11325,SAM.09.AKC.5066.6001.1,PM2.5,http://dd.eionet.europa.eu/vocabulary/aq/pollutant/6001,hour,17.6790008500,µg/m3,2018-03-25 15:00:00 +01:00,2018-03-25 16:00:00 +01:00,1,1
AT,AT.0008.20.AQ,NET.09,STA.09.AKC,,SPO.09.AKC.5066.6001.1,SPP.09.AKC.5066.6001.1.11325,SAM.09.AKC.5066.6001.1,PM2.5,http://dd.eionet.europa.eu/vocabulary/aq/pollutant/6001,hour,17.8769989000,µg/m3,2018-03-25 16:00:00 +01:00,2018-03-25 17:00:00 +01:00,1,1
AT,AT.0008.20.AQ,NET.09,STA.09.AKC,,SPO.09.AKC.5066.6001.1,SPP.09.AKC.5066.6001.1.11325,SAM.09.AKC.5066.6001.1,PM2.5,http://dd.eionet.europa.eu/vocabulary/aq/pollutant/6001,hour,18.7954998000,µg/m3,2018-03-25 17:00:00 +01:00,2018-03-25 18:00:00 +01:00,1,1
AT,AT.0008.20.AQ,NET.09,STA.09.AKC,,SPO.09.AKC.5066.6001.1,SPP.09.AKC.5066.6001.1.11325,SAM.09.AKC.5066.6001.1,PM2.5,http://dd.eionet.europa.eu/vocabulary/aq/pollutant/6001,hour,20.3605003300,µg/m3,2018-03-25 18:00:00 +01:00,2018-03-25 19:00:00 +01:00,1,1
AT,AT.0008.20.AQ,NET.09,STA.09.AKC,,SPO.09.AKC.5066.6001.1,SPP.09.AKC.5066.6001.1.11325,SAM.09.AKC.5066.6001.1,PM2.5,http://dd.eionet.europa.eu/vocabulary/aq/pollutant/6001,hour,21.5524997700,µg/m3,2018-03-25 19:00:00 +01:00,2018-03-25 20:00:00 +01:00,1,1
AT,AT.0008.20.AQ,NET.09,STA.09.AKC,,SPO.09.AKC.5066.6001.1,SPP.09.AKC.5066.6001.1.11325,SAM.09.AKC.5066.6001.1,PM2.5,http://dd.eionet.europa.eu/vocabulary/aq/pollutant/6001,hour,21.1695003500,µg/m3,2018-03-25 20:00:00 +01:00,2018-03-25 21:00:00 +01:00,1,1
AT,AT.0008.20.AQ,NET.09,STA.09.AKC,,SPO.09.AKC.5066.6001.1,SPP.09.AKC.5066.6001.1.11325,SAM.09.AKC.5066.6001.1,PM2.5,http://dd.eionet.europa.eu/vocabulary/aq/pollutant/6001,hour,23.1979999500,µg/m3,2018-03-25 21:00:00 +01:00,2018-03-25 22:00:00 +01:00,1,1
AT,AT.0008.20.AQ,NET.09,STA.09.AKC,,SPO.09.AKC.5066.6001.1,SPP.09.AKC.5066.6001.1.11325,SAM.09.AKC.5066.6001.1,PM2.5,http://dd.eionet.europa.eu/vocabulary/aq/pollutant/6001,hour,21.7044982900,µg/m3,2018-03-26 00:00:00 +01:00,2018-03-26 01:00:00 +01:00,1,1
AT,AT.0008.20.AQ,NET.09,STA.09.AKC,,SPO.09.AKC.5066.6001.1,SPP.09.AKC.5066.6001.1.11325,SAM.09.AKC.5066.6001.1,PM2.5,http://dd.eionet.europa.eu/vocabulary/aq/pollutant/6001,hour,22.8865013100,µg/m3,2018-03-26 01:00:00 +01:00,2018-03-26 02:00:00 +01:00,1,1
AT,AT.0008.20.AQ,NET.09,STA.09.AKC,,SPO.09.AKC.5066.6001.1,SPP.09.AKC.5066.6001.1.11325,SAM.09.AKC.5066.6001.1,PM2.5,http://dd.eionet.europa.eu/vocabulary/aq/pollutant/6001,hour,23.4829998000,µg/m3,2018-03-26 02:00:00 +01:00,2018-03-26 03:00:00 +01:00,1,1
AT,AT.0008.20.AQ,NET.09,STA.09.AKC,,SPO.09.AKC.5066.6001.1,SPP.09.AKC.5066.6001.1.11325,SAM.09.AKC.5066.6001.1,PM2.5,http://dd.eionet.europa.eu/vocabulary/aq/pollutant/6001,hour,26.5045013400,µg/m3,2018-03-26 04:00:00 +01:00,2018-03-26 05:00:00 +01:00,1,1
AT,AT.0008.20.AQ,NET.09,STA.09.AKC,,SPO.09.AKC.5066.6001.1,SPP.09.AKC.5066.6001.1.11325,SAM.09.AKC.5066.6001.1,PM2.5,http://dd.eionet.europa.eu/vocabulary/aq/pollutant/6001,hour,31.5069999600,µg/m3,2018-03-26 07:00:00 +01:00,2018-03-26 08:00:00 +01:00,1,1
AT,AT.0008.20.AQ,NET.09,STA.09.AKC,,SPO.09.AKC.5066.6001.1,SPP.09.AKC.5066.6001.1.11325,SAM.09.AKC.5066.6001.1,PM2.5,http://dd.eionet.europa.eu/vocabulary/aq/pollutant/6001,hour,28.2614994000,µg/m3,2018-03-26 09:00:00 +01:00,2018-03-26 10:00:00 +01:00,1,1
AT,AT.0008.20.AQ,NET.09,STA.09.AKC,,SPO.09.AKC.5066.6001.1,SPP.09.AKC.5066.6001.1.11325,SAM.09.AKC.5066.6001.1,PM2.5,http://dd.eionet.europa.eu/vocabulary/aq/pollutant/6001,hour,29.1165008500,µg/m3,2018-03-26 10:00:00 +01:00,2018-03-26 11:00:00 +01:00,1,1
AT,AT.0008.20.AQ,NET.09,STA.09.AKC,,SPO.09.AKC.5066.6001.1,SPP.09.AKC.5066.6001.1.11325,SAM.09.AKC.5066.6001.1,PM2.5,http://dd.eionet.europa.eu/vocabulary/aq/pollutant/6001,hour,29.3845005000,µg/m3,2018-03-26 12:00:00 +01:00,2018-03-26 13:00:00 +01:00,1,1
AT,AT.0008.20.AQ,NET.09,STA.09.AKC,,SPO.09.AKC.5066.6001.1,SPP.09.AKC.5066.6001.1.11325,SAM.09.AKC.5066.6001.1,PM2.5,http://dd.eionet.europa.eu/vocabulary/aq/pollutant/6001,hour,31.5270004200,µg/m3,2018-03-26 13:00:00 +01:00,2018-03-26 14:00:00 +01:00,1,1
AT,AT.0008.20.AQ,NET.09,STA.09.AKC,,SPO.09.AKC.5066.6001.1,SPP.09.AKC.5066.6001.1.11325,SAM.09.AKC.5066.6001.1,PM2.5,http://dd.eionet.europa.eu/vocabulary/aq/pollutant/6001,hour,30.8505001000,µg/m3,2018-03-26 14:00:00 +01:00,2018-03-26 15:00:00 +01:00,1,1
AT,AT.0008.20.AQ,NET.09,STA.09.AKC,,SPO.09.AKC.5066.6001.1,SPP.09.AKC.5066.6001.1.11325,SAM.09.AKC.5066.6001.1,PM2.5,http://dd.eionet.europa.eu/vocabulary/aq/pollutant/6001,hour,29.7434997500,µg/m3,2018-03-26 20:00:00 +01:00,2018-03-26 21:00:00 +01:00,1,1
AT,AT.0008.20.AQ,NET.09,STA.09.AKC,,SPO.09.AKC.5066.6001.1,SPP.09.AKC.5066.6001.1.11325,SAM.09.AKC.5066.6001.1,PM2.5,http://dd.eionet.europa.eu/vocabulary/aq/pollutant/6001,hour,31.2785015100,µg/m3,2018-03-26 21:00:00 +01:00,2018-03-26 22:00:00 +01:00,1,1
AT,AT.0008.20.AQ,NET.09,STA.09.AKC,,SPO.09.AKC.5066.6001.1,SPP.09.AKC.5066.6001.1.11325,SAM.09.AKC.5066.6001.1,PM2.5,http://dd.eionet.europa.eu/vocabulary/aq/pollutant/6001,hour,34.1935005100,µg/m3,2018-03-26 22:00:00 +01:00,2018-03-26 23:00:00 +01:00,1,1
AT,AT.0008.20.AQ,NET.09,STA.09.AKC,,SPO.09.AKC.5066.6001.1,SPP.09.AKC.5066.6001.1.11325,SAM.09.AKC.5066.6001.1,PM2.5,http://dd.eionet.europa.eu/vocabulary/aq/pollutant/6001,hour,41.7969970700,µg/m3,2018-03-27 02:00:00 +01:00,2018-03-27 03:00:00 +01:00,1,1
AT,AT.0008.20.AQ,NET.09,STA.09.AKC,,SPO.09.AKC.5066.6001.1,SPP.09.AKC.5066.6001.1.11325,SAM.09.AKC.5066.6001.1,PM2.5,http://dd.eionet.europa.eu/vocabulary/aq/pollutant/6001,hour,39.2604980400,µg/m3,2018-03-27 03:00:00 +01:00,2018-03-27 04:00:00 +01:00,1,1
AT,AT.0008.20.AQ,NET.09,STA.09.AKC,,SPO.09.AKC.5066.6001.1,SPP.09.AKC.5066.6001.1.11325,SAM.09.AKC.5066.6001.1,PM2.5,http://dd.eionet.europa.eu/vocabulary/aq/pollutant/6001,hour,40.2444992000,µg/m3,2018-03-27 06:00:00 +01:00,2018-03-27 07:00:00 +01:00,1,1
AT,AT.0008.20.AQ,NET.09,STA.09.AKC,,SPO.09.AKC.5066.6001.1,SPP.09.AKC.5066.6001.1.11325,SAM.09.AKC.5066.6001.1,PM2.5,http://dd.eionet.europa.eu/vocabulary/aq/pollutant/6001,hour,36.6449966400,µg/m3,2018-03-27 08:00:00 +01:00,2018-03-27 09:00:00 +01:00,1,1
AT,AT.0008.20.AQ,NET.09,STA.09.AKC,,SPO.09.AKC.5066.6001.1,SPP.09.AKC.5066.6001.1.11325,SAM.09.AKC.5066.6001.1,PM2.5,http://dd.eionet.europa.eu/vocabulary/aq/pollutant/6001,hour,33.5185012800,µg/m3,2018-03-27 09:00:00 +01:00,2018-03-27 10:00:00 +01:00,1,1
AT,AT.0008.20.AQ,NET.09,STA.09.AKC,,SPO.09.AKC.5066.6001.1,SPP.09.AKC.5066.6001.1.11325,SAM.09.AKC.5066.6001.1,PM2.5,http://dd.eionet.europa.eu/vocabulary/aq/pollutant/6001,hour,27.1365013100,µg/m3,2018-03-27 10:00:00 +01:00,2018-03-27 11:00:00 +01:00,1,1
AT,AT.0008.20.AQ,NET.09,STA.09.AKC,,SPO.09.AKC.5066.6001.1,SPP.09.AKC.5066.6001.1.11325,SAM.09.AKC.5066.6001.1,PM2.5,http://dd.eionet.europa.eu/vocabulary/aq/pollutant/6001,hour,23.1205005600,µg/m3,2018-03-27 11:00:00 +01:00,2018-03-27 12:00:00 +01:00,1,1
AT,AT.0008.20.AQ,NET.09,STA.09.AKC,,SPO.09.AKC.5066.6001.1,SPP.09.AKC.5066.6001.1.11325,SAM.09.AKC.5066.6001.1,PM2.5,http://dd.eionet.europa.eu/vocabulary/aq/pollutant/6001,hour,23.5104999500,µg/m3,2018-03-27 12:00:00 +01:00,2018-03-27 13:00:00 +01:00,1,1
AT,AT.0008.20.AQ,NET.09,STA.09.AKC,,SPO.09.AKC.5066.6001.1,SPP.09.AKC.5066.6001.1.11325,SAM.09.AKC.5066.6001.1,PM2.5,http://dd.eionet.europa.eu/vocabulary/aq/pollutant/6001,hour,19.5709991400,µg/m3,2018-03-27 13:00:00 +01:00,2018-03-27 14:00:00 +01:00,1,1
AT,AT.0008.20.AQ,NET.09,STA.09.AKC,,SPO.09.AKC.5066.6001.1,SPP.09.AKC.5066.6001.1.11325,SAM.09.AKC.5066.6001.1,PM2.5,http://dd.eionet.europa.eu/vocabulary/aq/pollutant/6001,hour,21.4195003500,µg/m3,2018-03-27 14:00:00 +01:00,2018-03-27 15:00:00 +01:00,1,1
AT,AT.0008.20.AQ,NET.09,STA.09.AKC,,SPO.09.AKC.5066.6001.1,SPP.09.AKC.5066.6001.1.11325,SAM.09.AKC.5066.6001.1,PM2.5,http://dd.eionet.europa.eu/vocabulary/aq/pollutant/6001,hour,13.5625000000,µg/m3,2018-03-27 16:00:00 +01:00,2018-03-27 17:00:00 +01:00,1,1
AT,AT.0008.20.AQ,NET.09,STA.09.AKC,,SPO.09.AKC.5066.6001.1,SPP.09.AKC.5066.6001.1.11325,SAM.09.AKC.5066.6001.1,PM2.5,http://dd.eionet.europa.eu/vocabulary/aq/pollutant/6001,hour,15.1114997800,µg/m3,2018-03-27 17:00:00 +01:00,2018-03-27 18:00:00 +01:00,1,1
AT,AT.0008.20.AQ,NET.09,STA.09.AKC,,SPO.09.AKC.5066.6001.1,SPP.09.AKC.5066.6001.1.11325,SAM.09.AKC.5066.6001.1,PM2.5,http://dd.eionet.europa.eu/vocabulary/aq/pollutant/6001,hour,19.5209999000,µg/m3,2018-03-27 19:00:00 +01:00,2018-03-27 20:00:00 +01:00,1,1
AT,AT.0008.20.AQ,NET.09,STA.09.AKC,,SPO.09.AKC.5066.6001.1,SPP.09.AKC.5066.6001.1.11325,SAM.09.AKC.5066.6001.1,PM2.5,http://dd.eionet.europa.eu/vocabulary/aq/pollutant/6001,hour,15.0895004200,µg/m3,2018-03-27 22:00:00 +01:00,2018-03-27 23:00:00 +01:00,1,1
AT,AT.0008.20.AQ,NET.09,STA.09.AKC,,SPO.09.AKC.5066.6001.1,SPP.09.AKC.5066.6001.1.11325,SAM.09.AKC.5066.6001.1,PM2.5,http://dd.eionet.europa.eu/vocabulary/aq/pollutant/6001,hour,18.9694995800,µg/m3,2018-03-28 01:00:00 +01:00,2018-03-28 02:00:00 +01:00,1,1
AT,AT.0008.20.AQ,NET.09,STA.09.AKC,,SPO.09.AKC.5066.6001.1,SPP.09.AKC.5066.6001.1.11325,SAM.09.AKC.5066.6001.1,PM2.5,http://dd.eionet.europa.eu/vocabulary/aq/pollutant/6001,hour,21.1315002400,µg/m3,2018-03-28 02:00:00 +01:00,2018-03-28 03:00:00 +01:00,1,1
AT,AT.0008.20.AQ,NET.09,STA.09.AKC,,SPO.09.AKC.5066.6001.1,SPP.09.AKC.5066.6001.1.11325,SAM.09.AKC.5066.6001.1,PM2.5,http://dd.eionet.europa.eu/vocabulary/aq/pollutant/6001,hour,25.0839996300,µg/m3,2018-03-28 06:00:00 +01:00,2018-03-28 07:00:00 +01:00,1,1
AT,AT.0008.20.AQ,NET.09,STA.09.AKC,,SPO.09.AKC.5066.6001.1,SPP.09.AKC.5066.6001.1.11325,SAM.09.AKC.5066.6001.1,PM2.5,http://dd.eionet.europa.eu/vocabulary/aq/pollutant/6001,hour,28.8149986200,µg/m3,2018-03-28 07:00:00 +01:00,2018-03-28 08:00:00 +01:00,1,1
AT,AT.0008.20.AQ,NET.09,STA.09.AKC,,SPO.09.AKC.5066.6001.1,SPP.09.AKC.5066.6001.1.11325,SAM.09.AKC.5066.6001.1,PM2.5,http://dd.eionet.europa.eu/vocabulary/aq/pollutant/6001,hour,28.8889999300,µg/m3,2018-03-28 09:00:00 +01:00,2018-03-28 10:00:00 +01:00,1,1
AT,AT.0008.20.AQ,NET.09,STA.09.AKC,,SPO.09.AKC.5066.6001.1,SPP.09.AKC.5066.6001.1.11325,SAM.09.AKC.5066.6001.1,PM2.5,http://dd.eionet.europa.eu/vocabulary/aq/pollutant/6001,hour,31.3724994600,µg/m3,2018-03-28 10:00:00 +01:00,2018-03-28 11:00:00 +01:00,1,1
AT,AT.0008.20.AQ,NET.09,STA.09.AKC,,SPO.09.AKC.5066.6001.1,SPP.09.AKC.5066.6001.1.11325,SAM.09.AKC.5066.6001.1,PM2.5,http://dd.eionet.europa.eu/vocabulary/aq/pollutant/6001,hour,32.6114997800,µg/m3,2018-03-28 11:00:00 +01:00,2018-03-28 12:00:00 +01:00,1,1
AT,AT.0008.20.AQ,NET.09,STA.09.AKC,,SPO.09.AKC.5066.6001.1,SPP.09.AKC.5066.6001.1.11325,SAM.09.AKC.5066.6001.1,PM2.5,http://dd.eionet.europa.eu/vocabulary/aq/pollutant/6001,hour,21.4495010300,µg/m3,2018-03-28 12:00:00 +01:00,2018-03-28 13:00:00 +01:00,1,1
AT,AT.0008.20.AQ,NET.09,STA.09.AKC,,SPO.09.AKC.5066.6001.1,SPP.09.AKC.5066.6001.1.11325,SAM.09.AKC.5066.6001.1,PM2.5,http://dd.eionet.europa.eu/vocabulary/aq/pollutant/6001,hour,14.5060005100,µg/m3,2018-03-28 13:00:00 +01:00,2018-03-28 14:00:00 +01:00,1,1
AT,AT.0008.20.AQ,NET.09,STA.09.AKC,,SPO.09.AKC.5066.6001.1,SPP.09.AKC.5066.6001.1.11325,SAM.09.AKC.5066.6001.1,PM2.5,http://dd.eionet.europa.eu/vocabulary/aq/pollutant/6001,hour,13.0954999900,µg/m3,2018-03-28 17:00:00 +01:00,2018-03-28 18:00:00 +01:00,1,1
AT,AT.0008.20.AQ,NET.09,STA.09.AKC,,SPO.09.AKC.5066.6001.1,SPP.09.AKC.5066.6001.1.11325,SAM.09.AKC.5066.6001.1,PM2.5,http://dd.eionet.europa.eu/vocabulary/aq/pollutant/6001,hour,18.5994987400,µg/m3,2018-03-28 19:00:00 +01:00,2018-03-28 20:00:00 +01:00,1,1
AT,AT.0008.20.AQ,NET.09,STA.09.AKC,,SPO.09.AKC.5066.6001.1,SPP.09.AKC.5066.6001.1.11325,SAM.09.AKC.5066.6001.1,PM2.5,http://dd.eionet.europa.eu/vocabulary/aq/pollutant/6001,hour,18.2950000700,µg/m3,2018-03-28 20:00:00 +01:00,2018-03-28 21:00:00 +01:00,1,1
AT,AT.0008.20.AQ,NET.09,STA.09.AKC,,SPO.09.AKC.5066.6001.1,SPP.09.AKC.5066.6001.1.11325,SAM.09.AKC.5066.6001.1,PM2.5,http://dd.eionet.europa.eu/vocabulary/aq/pollutant/6001,hour,19.2775001500,µg/m3,2018-03-28 21:00:00 +01:00,2018-03-28 22:00:00 +01:00,1,1
AT,AT.0008.20.AQ,NET.09,STA.09.AKC,,SPO.09.AKC.5066.6001.1,SPP.09.AKC.5066.6001.1.11325,SAM.09.AKC.5066.6001.1,PM2.5,http://dd.eionet.europa.eu/vocabulary/aq/pollutant/6001,hour,21.8930015500,µg/m3,2018-03-28 22:00:00 +01:00,2018-03-28 23:00:00 +01:00,1,1
AT,AT.0008.20.AQ,NET.09,STA.09.AKC,,SPO.09.AKC.5066.6001.1,SPP.09.AKC.5066.6001.1.11325,SAM.09.AKC.5066.6001.1,PM2.5,http://dd.eionet.europa.eu/vocabulary/aq/pollutant/6001,hour,24.8589992500,µg/m3,2018-03-28 23:00:00 +01:00,2018-03-29 00:00:00 +01:00,1,1
AT,AT.0008.20.AQ,NET.09,STA.09.AKC,,SPO.09.AKC.5066.6001.1,SPP.09.AKC.5066.6001.1.11325,SAM.09.AKC.5066.6001.1,PM2.5,http://dd.eionet.europa.eu/vocabulary/aq/pollutant/6001,hour,23.7744998900,µg/m3,2018-03-29 00:00:00 +01:00,2018-03-29 01:00:00 +01:00,1,1
AT,AT.0008.20.AQ,NET.09,STA.09.AKC,,SPO.09.AKC.5066.6001.1,SPP.09.AKC.5066.6001.1.11325,SAM.09.AKC.5066.6001.1,PM2.5,http://dd.eionet.europa.eu/vocabulary/aq/pollutant/6001,hour,22.6389999300,µg/m3,2018-03-29 01:00:00 +01:00,2018-03-29 02:00:00 +01:00,1,1
AT,AT.0008.20.AQ,NET.09,STA.09.AKC,,SPO.09.AKC.5066.6001.1,SPP.09.AKC.5066.6001.1.11325,SAM.09.AKC.5066.6001.1,PM2.5,http://dd.eionet.europa.eu/vocabulary/aq/pollutant/6001,hour,22.8810005100,µg/m3,2018-03-29 02:00:00 +01:00,2018-03-29 03:00:00 +01:00,1,1
AT,AT.0008.20.AQ,NET.09,STA.09.AKC,,SPO.09.AKC.5066.6001.1,SPP.09.AKC.5066.6001.1.11325,SAM.09.AKC.5066.6001.1,PM2.5,http://dd.eionet.europa.eu/vocabulary/aq/pollutant/6001,hour,19.2250003800,µg/m3,2018-03-29 03:00:00 +01:00,2018-03-29 04:00:00 +01:00,1,1
AT,AT.0008.20.AQ,NET.09,STA.09.AKC,,SPO.09.AKC.5066.6001.1,SPP.09.AKC.5066.6001.1.11325,SAM.09.AKC.5066.6001.1,PM2.5,http://dd.eionet.europa.eu/vocabulary/aq/pollutant/6001,hour,3.1415500600,µg/m3,2018-03-29 05:00:00 +01:00,2018-03-29 06:00:00 +01:00,1,1
AT,AT.0008.20.AQ,NET.09,STA.09.AKC,,SPO.09.AKC.5066.6001.1,SPP.09.AKC.5066.6001.1.11325,SAM.09.AKC.5066.6001.1,PM2.5,http://dd.eionet.europa.eu/vocabulary/aq/pollutant/6001,hour,2.4172000800,µg/m3,2018-03-29 06:00:00 +01:00,2018-03-29 07:00:00 +01:00,1,1
AT,AT.0008.20.AQ,NET.09,STA.09.AKC,,SPO.09.AKC.5066.6001.1,SPP.09.AKC.5066.6001.1.11325,SAM.09.AKC.5066.6001.1,PM2.5,http://dd.eionet.europa.eu/vocabulary/aq/pollutant/6001,hour,2.6549000700,µg/m3,2018-03-29 07:00:00 +01:00,2018-03-29 08:00:00 +01:00,1,1
AT,AT.0008.20.AQ,NET.09,STA.09.AKC,,SPO.09.AKC.5066.6001.1,SPP.09.AKC.5066.6001.1.11325,SAM.09.AKC.5066.6001.1,PM2.5,http://dd.eionet.europa.eu/vocabulary/aq/pollutant/6001,hour,5.7849998400,µg/m3,2018-03-29 09:00:00 +01:00,2018-03-29 10:00:00 +01:00,1,1
AT,AT.0008.20.AQ,NET.09,STA.09.AKC,,SPO.09.AKC.5066.6001.1,SPP.09.AKC.5066.6001.1.11325,SAM.09.AKC.5066.6001.1,PM2.5,http://dd.eionet.europa.eu/vocabulary/aq/pollutant/6001,hour,5.9098000500,µg/m3,2018-03-29 11:00:00 +01:00,2018-03-29 12:00:00 +01:00,1,1
AT,AT.0008.20.AQ,NET.09,STA.09.AKC,,SPO.09.AKC.5066.6001.1,SPP.09.AKC.5066.6001.1.11325,SAM.09.AKC.5066.6001.1,PM2.5,http://dd.eionet.europa.eu/vocabulary/aq/pollutant/6001,hour,5.0473499200,µg/m3,2018-03-29 13:00:00 +01:00,2018-03-29 14:00:00 +01:00,1,1
AT,AT.0008.20.AQ,NET.09,STA.09.AKC,,SPO.09.AKC.5066.6001.1,SPP.09.AKC.5066.6001.1.11325,SAM.09.AKC.5066.6001.1,PM2.5,http://dd.eionet.europa.eu/vocabulary/aq/pollutant/6001,hour,5.1386003400,µg/m3,2018-03-29 15:00:00 +01:00,2018-03-29 16:00:00 +01:00,1,1
AT,AT.0008.20.AQ,NET.09,STA.09.AKC,,SPO.09.AKC.5066.6001.1,SPP.09.AKC.5066.6001.1.11325,SAM.09.AKC.5066.6001.1,PM2.5,http://dd.eionet.europa.eu/vocabulary/aq/pollutant/6001,hour,4.2179999300,µg/m3,2018-03-29 16:00:00 +01:00,2018-03-29 17:00:00 +01:00,1,1
AT,AT.0008.20.AQ,NET.09,STA.09.AKC,,SPO.09.AKC.5066.6001.1,SPP.09.AKC.5066.6001.1.11325,SAM.09.AKC.5066.6001.1,PM2.5,http://dd.eionet.europa.eu/vocabulary/aq/pollutant/6001,hour,5.4165000900,µg/m3,2018-03-29 18:00:00 +01:00,2018-03-29 19:00:00 +01:00,1,1
AT,AT.0008.20.AQ,NET.09,STA.09.AKC,,SPO.09.AKC.5066.6001.1,SPP.09.AKC.5066.6001.1.11325,SAM.09.AKC.5066.6001.1,PM2.5,http://dd.eionet.europa.eu/vocabulary/aq/pollutant/6001,hour,5.4679498600,µg/m3,2018-03-29 19:00:00 +01:00,2018-03-29 20:00:00 +01:00,1,1
AT,AT.0008.20.AQ,NET.09,STA.09.AKC,,SPO.09.AKC.5066.6001.1,SPP.09.AKC.5066.6001.1.11325,SAM.09.AKC.5066.6001.1,PM2.5,http://dd.eionet.europa.eu/vocabulary/aq/pollutant/6001,hour,4.1524000100,µg/m3,2018-03-29 20:00:00 +01:00,2018-03-29 21:00:00 +01:00,1,1
AT,AT.0008.20.AQ,NET.09,STA.09.AKC,,SPO.09.AKC.5066.6001.1,SPP.09.AKC.5066.6001.1.11325,SAM.09.AKC.5066.6001.1,PM2.5,http://dd.eionet.europa.eu/vocabulary/aq/pollutant/6001,hour,3.5560998900,µg/m3,2018-03-29 21:00:00 +01:00,2018-03-29 22:00:00 +01:00,1,1
AT,AT.0008.20.AQ,NET.09,STA.09.AKC,,SPO.09.AKC.5066.6001.1,SPP.09.AKC.5066.6001.1.11325,SAM.09.AKC.5066.6001.1,PM2.5,http://dd.eionet.europa.eu/vocabulary/aq/pollutant/6001,hour,3.9634499500,µg/m3,2018-03-29 22:00:00 +01:00,2018-03-29 23:00:00 +01:00,1,1
AT,AT.0008.20.AQ,NET.09,STA.09.AKC,,SPO.09.AKC.5066.6001.1,SPP.09.AKC.5066.6001.1.11325,SAM.09.AKC.5066.6001.1,PM2.5,http://dd.eionet.europa.eu/vocabulary/aq/pollutant/6001,hour,4.2336997900,µg/m3,2018-03-29 23:00:00 +01:00,2018-03-30 00:00:00 +01:00,1,1
AT,AT.0008.20.AQ,NET.09,STA.09.AKC,,SPO.09.AKC.5066.6001.1,SPP.09.AKC.5066.6001.1.11325,SAM.09.AKC.5066.6001.1,PM2.5,http://dd.eionet.europa.eu/vocabulary/aq/pollutant/6001,hour,4.1559500600,µg/m3,2018-03-30 00:00:00 +01:00,2018-03-30 01:00:00 +01:00,1,1
AT,AT.0008.20.AQ,NET.09,STA.09.AKC,,SPO.09.AKC.5066.6001.1,SPP.09.AKC.5066.6001.1.11325,SAM.09.AKC.5066.6001.1,PM2.5,http://dd.eionet.europa.eu/vocabulary/aq/pollutant/6001,hour,4.5366001100,µg/m3,2018-03-30 01:00:00 +01:00,2018-03-30 02:00:00 +01:00,1,1
AT,AT.0008.20.AQ,NET.09,STA.09.AKC,,SPO.09.AKC.5066.6001.1,SPP.09.AKC.5066.6001.1.11325,SAM.09.AKC.5066.6001.1,PM2.5,http://dd.eionet.europa.eu/vocabulary/aq/pollutant/6001,hour,3.9251000800,µg/m3,2018-03-30 02:00:00 +01:00,2018-03-30 03:00:00 +01:00,1,1
AT,AT.0008.20.AQ,NET.09,STA.09.AKC,,SPO.09.AKC.5066.6001.1,SPP.09.AKC.5066.6001.1.11325,SAM.09.AKC.5066.6001.1,PM2.5,http://dd.eionet.europa.eu/vocabulary/aq/pollutant/6001,hour,6.4652500100,µg/m3,2018-03-30 08:00:00 +01:00,2018-03-30 09:00:00 +01:00,1,1
AT,AT.0008.20.AQ,NET.09,STA.09.AKC,,SPO.09.AKC.5066.6001.1,SPP.09.AKC.5066.6001.1.11325,SAM.09.AKC.5066.6001.1,PM2.5,http://dd.eionet.europa.eu/vocabulary/aq/pollutant/6001,hour,7.9582500400,µg/m3,2018-03-30 09:00:00 +01:00,2018-03-30 10:00:00 +01:00,1,1
AT,AT.0008.20.AQ,NET.09,STA.09.AKC,,SPO.09.AKC.5066.6001.1,SPP.09.AKC.5066.6001.1.11325,SAM.09.AKC.5066.6001.1,PM2.5,http://dd.eionet.europa.eu/vocabulary/aq/pollutant/6001,hour,7.6311502400,µg/m3,2018-03-30 10:00:00 +01:00,2018-03-30 11:00:00 +01:00,1,1
AT,AT.0008.20.AQ,NET.09,STA.09.AKC,,SPO.09.AKC.5066.6001.1,SPP.09.AKC.5066.6001.1.11325,SAM.09.AKC.5066.6001.1,PM2.5,http://dd.eionet.europa.eu/vocabulary/aq/pollutant/6001,hour,6.3453502600,µg/m3,2018-03-30 16:00:00 +01:00,2018-03-30 17:00:00 +01:00,1,1
AT,AT.0008.20.AQ,NET.09,STA.09.AKC,,SPO.09.AKC.5066.6001.1,SPP.09.AKC.5066.6001.1.11325,SAM.09.AKC.5066.6001.1,PM2.5,http://dd.eionet.europa.eu/vocabulary/aq/pollutant/6001,hour,7.6278500500,µg/m3,2018-03-30 17:00:00 +01:00,2018-03-30 18:00:00 +01:00,1,1
AT,AT.0008.20.AQ,NET.09,STA.09.AKC,,SPO.09.AKC.5066.6001.1,SPP.09.AKC.5066.6001.1.11325,SAM.09.AKC.5066.6001.1,PM2.5,http://dd.eionet.europa.eu/vocabulary/aq/pollutant/6001,hour,9.6304502400,µg/m3,2018-03-30 18:00:00 +01:00,2018-03-30 19:00:00 +01:00,1,1
AT,AT.0008.20.AQ,NET.09,STA.09.AKC,,SPO.09.AKC.5066.6001.1,SPP.09.AKC.5066.6001.1.11325,SAM.09.AKC.5066.6001.1,PM2.5,http://dd.eionet.europa.eu/vocabulary/aq/pollutant/6001,hour,11.3655004500,µg/m3,2018-03-30 19:00:00 +01:00,2018-03-30 20:00:00 +01:00,1,1
AT,AT.0008.20.AQ,NET.09,STA.09.AKC,,SPO.09.AKC.5066.6001.1,SPP.09.AKC.5066.6001.1.11325,SAM.09.AKC.5066.6001.1,PM2.5,http://dd.eionet.europa.eu/vocabulary/aq/pollutant/6001,hour,12.8999996100,µg/m3,2018-03-30 21:00:00 +01:00,2018-03-30 22:00:00 +01:00,1,1
AT,AT.0008.20.AQ,NET.09,STA.09.AKC,,SPO.09.AKC.5066.6001.1,SPP.09.AKC.5066.6001.1.11325,SAM.09.AKC.5066.6001.1,PM2.5,http://dd.eionet.europa.eu/vocabulary/aq/pollutant/6001,hour,11.4514999300,µg/m3,2018-03-30 23:00:00 +01:00,2018-03-31 00:00:00 +01:00,1,1
AT,AT.0008.20.AQ,NET.09,STA.09.AKC,,SPO.09.AKC.5066.6001.1,SPP.09.AKC.5066.6001.1.11325,SAM.09.AKC.5066.6001.1,PM2.5,http://dd.eionet.europa.eu/vocabulary/aq/pollutant/6001,hour,8.8062000200,µg/m3,2018-03-31 02:00:00 +01:00,2018-03-31 03:00:00 +01:00,1,1
AT,AT.0008.20.AQ,NET.09,STA.09.AKC,,SPO.09.AKC.5066.6001.1,SPP.09.AKC.5066.6001.1.11325,SAM.09.AKC.5066.6001.1,PM2.5,http://dd.eionet.europa.eu/vocabulary/aq/pollutant/6001,hour,10.5060005100,µg/m3,2018-03-31 04:00:00 +01:00,2018-03-31 05:00:00 +01:00,1,1
AT,AT.0008.20.AQ,NET.09,STA.09.AKC,,SPO.09.AKC.5066.6001.1,SPP.09.AKC.5066.6001.1.11325,SAM.09.AKC.5066.6001.1,PM2.5,http://dd.eionet.europa.eu/vocabulary/aq/pollutant/6001,hour,11.4745006500,µg/m3,2018-03-31 05:00:00 +01:00,2018-03-31 06:00:00 +01:00,1,1
AT,AT.0008.20.AQ,NET.09,STA.09.AKC,,SPO.09.AKC.5066.6001.1,SPP.09.AKC.5066.6001.1.11325,SAM.09.AKC.5066.6001.1,PM2.5,http://dd.eionet.europa.eu/vocabulary/aq/pollutant/6001,hour,5.2923498100,µg/m3,2018-03-31 10:00:00 +01:00,2018-03-31 11:00:00 +01:00,1,1
AT,AT.0008.20.AQ,NET.09,STA.09.AKC,,SPO.09.AKC.5066.6001.1,SPP.09.AKC.5066.6001.1.11325,SAM.09.AKC.5066.6001.1,PM2.5,http://dd.eionet.europa.eu/vocabulary/aq/pollutant/6001,hour,7.0972499800,µg/m3,2018-03-31 11:00:00 +01:00,2018-03-31 12:00:00 +01:00,1,1
AT,AT.0008.20.AQ,NET.09,STA.09.AKC,,SPO.09.AKC.5066.6001.1,SPP.09.AKC.5066.6001.1.11325,SAM.09.AKC.5066.6001.1,PM2.5,http://dd.eionet.europa.eu/vocabulary/aq/pollutant/6001,hour,12.0659999800,µg/m3,2018-03-31 13:00:00 +01:00,2018-03-31 14:00:00 +01:00,1,1
AT,AT.0008.20.AQ,NET.09,STA.09.AKC,,SPO.09.AKC.5066.6001.1,SPP.09.AKC.5066.6001.1.11325,SAM.09.AKC.5066.6001.1,PM2.5,http://dd.eionet.europa.eu/vocabulary/aq/pollutant/6001,hour,12.1924991600,µg/m3,2018-03-31 14:00:00 +01:00,2018-03-31 15:00:00 +01:00,1,1
AT,AT.0008.20.AQ,NET.09,STA.09.AKC,,SPO.09.AKC.5066.6001.1,SPP.09.AKC.5066.6001.1.11325,SAM.09.AKC.5066.6001.1,PM2.5,http://dd.eionet.europa.eu/vocabulary/aq/pollutant/6001,hour,12.0429992600,µg/m3,2018-03-31 16:00:00 +01:00,2018-03-31 17:00:00 +01:00,1,1
AT,AT.0008.20.AQ,NET.09,STA.09.AKC,,SPO.09.AKC.5066.6001.1,SPP.09.AKC.5066.6001.1.11325,SAM.09.AKC.5066.6001.1,PM2.5,http://dd.eionet.europa.eu/vocabulary/aq/pollutant/6001,hour,13.7824993100,µg/m3,2018-03-31 17:00:00 +01:00,2018-03-31 18:00:00 +01:00,1,1
AT,AT.0008.20.AQ,NET.09,STA.09.AKC,,SPO.09.AKC.5066.6001.1,SPP.09.AKC.5066.6001.1.11325,SAM.09.AKC.5066.6001.1,PM2.5,http://dd.eionet.europa.eu/vocabulary/aq/pollutant/6001,hour,9.4207000700,µg/m3,2018-03-31 18:00:00 +01:00,2018-03-31 19:00:00 +01:00,1,1
AT,AT.0008.20.AQ,NET.09,STA.09.AKC,,SPO.09.AKC.5066.6001.1,SPP.09.AKC.5066.6001.1.11325,SAM.09.AKC.5066.6001.1,PM2.5,http://dd.eionet.europa.eu/vocabulary/aq/pollutant/6001,hour,11.5614995900,µg/m3,2018-03-31 20:00:00 +01:00,2018-03-31 21:00:00 +01:00,1,1
AT,AT.0008.20.AQ,NET.09,STA.09.AKC,,SPO.09.AKC.5066.6001.1,SPP.09.AKC.5066.6001.1.11325,SAM.09.AKC.5066.6001.1,PM2.5,http://dd.eionet.europa.eu/vocabulary/aq/pollutant/6001,hour,8.5690498300,µg/m3,2018-03-31 22:00:00 +01:00,2018-03-31 23:00:00 +01:00,1,1
AT,AT.0008.20.AQ,NET.09,STA.09.AKC,,SPO.09.AKC.5066.6001.1,SPP.09.AKC.5066.6001.1.11325,SAM.09.AKC.5066.6001.1,PM2.5,http://dd.eionet.europa.eu/vocabulary/aq/pollutant/6001,hour,11.5790004700,µg/m3,2018-04-01 00:00:00 +01:00,2018-04-01 01:00:00 +01:00,1,1
AT,AT.0008.20.AQ,NET.09,STA.09.AKC,,SPO.09.AKC.5066.6001.1,SPP.09.AKC.5066.6001.1.11325,SAM.09.AKC.5066.6001.1,PM2.5,http://dd.eionet.europa.eu/vocabulary/aq/pollutant/6001,hour,11.0335006700,µg/m3,2018-04-01 01:00:00 +01:00,2018-04-01 02:00:00 +01:00,1,1
AT,AT.0008.20.AQ,NET.09,STA.09.AKC,,SPO.09.AKC.5066.6001.1,SPP.09.AKC.5066.6001.1.11325,SAM.09.AKC.5066.6001.1,PM2.5,http://dd.eionet.europa.eu/vocabulary/aq/pollutant/6001,hour,10.1365499400,µg/m3,2018-04-01 02:00:00 +01:00,2018-04-01 03:00:00 +01:00,1,1
AT,AT.0008.20.AQ,NET.09,STA.09.AKC,,SPO.09.AKC.5066.6001.1,SPP.09.AKC.5066.6001.1.11325,SAM.09.AKC.5066.6001.1,PM2.5,http://dd.eionet.europa.eu/vocabulary/aq/pollutant/6001,hour,10.0378999700,µg/m3,2018-04-01 03:00:00 +01:00,2018-04-01 04:00:00 +01:00,1,1
AT,AT.0008.20.AQ,NET.09,STA.09.AKC,,SPO.09.AKC.5066.6001.1,SPP.09.AKC.5066.6001.1.11325,SAM.09.AKC.5066.6001.1,PM2.5,http://dd.eionet.europa.eu/vocabulary/aq/pollutant/6001,hour,11.0914993200,µg/m3,2018-04-01 05:00:00 +01:00,2018-04-01 06:00:00 +01:00,1,1
AT,AT.0008.20.AQ,NET.09,STA.09.AKC,,SPO.09.AKC.5066.6001.1,SPP.09.AKC.5066.6001.1.11325,SAM.09.AKC.5066.6001.1,PM2.5,http://dd.eionet.europa.eu/vocabulary/aq/pollutant/6001,hour,11.6914997100,µg/m3,2018-04-01 06:00:00 +01:00,2018-04-01 07:00:00 +01:00,1,1
AT,AT.0008.20.AQ,NET.09,STA.09.AKC,,SPO.09.AKC.5066.6001.1,SPP.09.AKC.5066.6001.1.11325,SAM.09.AKC.5066.6001.1,PM2.5,http://dd.eionet.europa.eu/vocabulary/aq/pollutant/6001,hour,14.7084999000,µg/m3,2018-04-01 07:00:00 +01:00,2018-04-01 08:00:00 +01:00,1,1
AT,AT.0008.20.AQ,NET.09,STA.09.AKC,,SPO.09.AKC.5066.6001.1,SPP.09.AKC.5066.6001.1.11325,SAM.09.AKC.5066.6001.1,PM2.5,http://dd.eionet.europa.eu/vocabulary/aq/pollutant/6001,hour,17.1774997700,µg/m3,2018-04-01 08:00:00 +01:00,2018-04-01 09:00:00 +01:00,1,1
AT,AT.0008.20.AQ,NET.09,STA.09.AKC,,SPO.09.AKC.5066.6001.1,SPP.09.AKC.5066.6001.1.11325,SAM.09.AKC.5066.6001.1,PM2.5,http://dd.eionet.europa.eu/vocabulary/aq/pollutant/6001,hour,15.8619995100,µg/m3,2018-04-01 09:00:00 +01:00,2018-04-01 10:00:00 +01:00,1,1
AT,AT.0008.20.AQ,NET.09,STA.09.AKC,,SPO.09.AKC.5066.6001.1,SPP.09.AKC.5066.6001.1.11325,SAM.09.AKC.5066.6001.1,PM2.5,http://dd.eionet.europa.eu/vocabulary/aq/pollutant/6001,hour,11.8409996000,µg/m3,2018-04-01 11:00:00 +01:00,2018-04-01 12:00:00 +01:00,1,1
AT,AT.0008.20.AQ,NET.09,STA.09.AKC,,SPO.09.AKC.5066.6001.1,SPP.09.AKC.5066.6001.1.11325,SAM.09.AKC.5066.6001.1,PM2.5,http://dd.eionet.europa.eu/vocabulary/aq/pollutant/6001,hour,9.8746500000,µg/m3,2018-04-01 12:00:00 +01:00,2018-04-01 13:00:00 +01:00,1,1
AT,AT.0008.20.AQ,NET.09,STA.09.AKC,,SPO.09.AKC.5066.6001.1,SPP.09.AKC.5066.6001.1.11325,SAM.09.AKC.5066.6001.1,PM2.5,http://dd.eionet.europa.eu/vocabulary/aq/pollutant/6001,hour,4.4630999500,µg/m3,2018-04-01 13:00:00 +01:00,2018-04-01 14:00:00 +01:00,1,1
AT,AT.0008.20.AQ,NET.09,STA.09.AKC,,SPO.09.AKC.5066.6001.1,SPP.09.AKC.5066.6001.1.11325,SAM.09.AKC.5066.6001.1,PM2.5,http://dd.eionet.europa.eu/vocabulary/aq/pollutant/6001,hour,2.9637498800,µg/m3,2018-04-01 14:00:00 +01:00,2018-04-01 15:00:00 +01:00,1,1
AT,AT.0008.20.AQ,NET.09,STA.09.AKC,,SPO.09.AKC.5066.6001.1,SPP.09.AKC.5066.6001.1.11325,SAM.09.AKC.5066.6001.1,PM2.5,http://dd.eionet.europa.eu/vocabulary/aq/pollutant/6001,hour,4.9706001200,µg/m3,2018-04-01 15:00:00 +01:00,2018-04-01 16:00:00 +01:00,1,1
AT,AT.0008.20.AQ,NET.09,STA.09.AKC,,SPO.09.AKC.5066.6001.1,SPP.09.AKC.5066.6001.1.11325,SAM.09.AKC.5066.6001.1,PM2.5,http://dd.eionet.europa.eu/vocabulary/aq/pollutant/6001,hour,2.7487001400,µg/m3,2018-04-01 19:00:00 +01:00,2018-04-01 20:00:00 +01:00,1,1
AT,AT.0008.20.AQ,NET.09,STA.09.AKC,,SPO.09.AKC.5066.6001.1,SPP.09.AKC.5066.6001.1.11325,SAM.09.AKC.5066.6001.1,PM2.5,http://dd.eionet.europa.eu/vocabulary/aq/pollutant/6001,hour,3.1323499600,µg/m3,2018-04-01 21:00:00 +01:00,2018-04-01 22:00:00 +01:00,1,1
AT,AT.0008.20.AQ,NET.09,STA.09.AKC,,SPO.09.AKC.5066.6001.1,SPP.09.AKC.5066.6001.1.11325,SAM.09.AKC.5066.6001.1,PM2.5,http://dd.eionet.europa.eu/vocabulary/aq/pollutant/6001,hour,3.7918500900,µg/m3,2018-04-01 22:00:00 +01:00,2018-04-01 23:00:00 +01:00,1,1
AT,AT.0008.20.AQ,NET.09,STA.09.AKC,,SPO.09.AKC.5066.6001.1,SPP.09.AKC.5066.6001.1.11325,SAM.09.AKC.5066.6001.1,PM2.5,http://dd.eionet.europa.eu/vocabulary/aq/pollutant/6001,hour,4.7260999600,µg/m3,2018-04-01 23:00:00 +01:00,2018-04-02 00:00:00 +01:00,1,1
AT,AT.0008.20.AQ,NET.09,STA.09.AKC,,SPO.09.AKC.5066.6001.1,SPP.09.AKC.5066.6001.1.11325,SAM.09.AKC.5066.6001.1,PM2.5,http://dd.eionet.europa.eu/vocabulary/aq/pollutant/6001,hour,5.9306001600,µg/m3,2018-04-02 00:00:00 +01:00,2018-04-02 01:00:00 +01:00,1,1
AT,AT.0008.20.AQ,NET.09,STA.09.AKC,,SPO.09.AKC.5066.6001.1,SPP.09.AKC.5066.6001.1.11325,SAM.09.AKC.5066.6001.1,PM2.5,http://dd.eionet.europa.eu/vocabulary/aq/pollutant/6001,hour,7.0369997000,µg/m3,2018-04-02 01:00:00 +01:00,2018-04-02 02:00:00 +01:00,1,1
AT,AT.0008.20.AQ,NET.09,STA.09.AKC,,SPO.09.AKC.5066.6001.1,SPP.09.AKC.5066.6001.1.11325,SAM.09.AKC.5066.6001.1,PM2.5,http://dd.eionet.europa.eu/vocabulary/aq/pollutant/6001,hour,6.9254999100,µg/m3,2018-04-02 02:00:00 +01:00,2018-04-02 03:00:00 +01:00,1,1
AT,AT.0008.20.AQ,NET.09,STA.09.AKC,,SPO.09.AKC.5066.6001.1,SPP.09.AKC.5066.6001.1.11325,SAM.09.AKC.5066.6001.1,PM2.5,http://dd.eionet.europa.eu/vocabulary/aq/pollutant/6001,hour,4.1371498100,µg/m3,2018-04-02 03:00:00 +01:00,2018-04-02 04:00:00 +01:00,1,1
AT,AT.0008.20.AQ,NET.09,STA.09.AKC,,SPO.09.AKC.5066.6001.1,SPP.09.AKC.5066.6001.1.11325,SAM.09.AKC.5066.6001.1,PM2.5,http://dd.eionet.europa.eu/vocabulary/aq/pollutant/6001,hour,8.1097002000,µg/m3,2018-04-02 05:00:00 +01:00,2018-04-02 06:00:00 +01:00,1,1
AT,AT.0008.20.AQ,NET.09,STA.09.AKC,,SPO.09.AKC.5066.6001.1,SPP.09.AKC.5066.6001.1.11325,SAM.09.AKC.5066.6001.1,PM2.5,http://dd.eionet.europa.eu/vocabulary/aq/pollutant/6001,hour,10.0525493600,µg/m3,2018-04-02 06:00:00 +01:00,2018-04-02 07:00:00 +01:00,1,1
AT,AT.0008.20.AQ,NET.09,STA.09.AKC,,SPO.09.AKC.5066.6001.1,SPP.09.AKC.5066.6001.1.11325,SAM.09.AKC.5066.6001.1,PM2.5,http://dd.eionet.europa.eu/vocabulary/aq/pollutant/6001,hour,11.3114995900,µg/m3,2018-04-02 07:00:00 +01:00,2018-04-02 08:00:00 +01:00,1,1
AT,AT.0008.20.AQ,NET.09,STA.09.AKC,,SPO.09.AKC.5066.6001.1,SPP.09.AKC.5066.6001.1.11325,SAM.09.AKC.5066.6001.1,PM2.5,http://dd.eionet.europa.eu/vocabulary/aq/pollutant/6001,hour,11.1835002800,µg/m3,2018-04-02 08:00:00 +01:00,2018-04-02 09:00:00 +01:00,1,1
AT,AT.0008.20.AQ,NET.09,STA.09.AKC,,SPO.09.AKC.5066.6001.1,SPP.09.AKC.5066.6001.1.11325,SAM.09.AKC.5066.6001.1,PM2.5,http://dd.eionet.europa.eu/vocabulary/aq/pollutant/6001,hour,11.3810005100,µg/m3,2018-04-02 09:00:00 +01:00,2018-04-02 10:00:00 +01:00,1,1
AT,AT.0008.20.AQ,NET.09,STA.09.AKC,,SPO.09.AKC.5066.6001.1,SPP.09.AKC.5066.6001.1.11325,SAM.09.AKC.5066.6001.1,PM2.5,http://dd.eionet.europa.eu/vocabulary/aq/pollutant/6001,hour,10.7504997200,µg/m3,2018-04-02 10:00:00 +01:00,2018-04-02 11:00:00 +01:00,1,1
AT,AT.0008.20.AQ,NET.09,STA.09.AKC,,SPO.09.AKC.5066.6001.1,SPP.09.AKC.5066.6001.1.11325,SAM.09.AKC.5066.6001.1,PM2.5,http://dd.eionet.europa.eu/vocabulary/aq/pollutant/6001,hour,8.3531494100,µg/m3,2018-04-02 12:00:00 +01:00,2018-04-02 13:00:00 +01:00,1,1
AT,AT.0008.20.AQ,NET.09,STA.09.AKC,,SPO.09.AKC.5066.6001.1,SPP.09.AKC.5066.6001.1.11325,SAM.09.AKC.5066.6001.1,PM2.5,http://dd.eionet.europa.eu/vocabulary/aq/pollutant/6001,hour,6.7185497200,µg/m3,2018-04-02 13:00:00 +01:00,2018-04-02 14:00:00 +01:00,1,1
AT,AT.0008.20.AQ,NET.09,STA.09.AKC,,SPO.09.AKC.5066.6001.1,SPP.09.AKC.5066.6001.1.11325,SAM.09.AKC.5066.6001.1,PM2.5,http://dd.eionet.europa.eu/vocabulary/aq/pollutant/6001,hour,4.8199000300,µg/m3,2018-04-02 14:00:00 +01:00,2018-04-02 15:00:00 +01:00,1,1
AT,AT.0008.20.AQ,NET.09,STA.09.AKC,,SPO.09.AKC.5066.6001.1,SPP.09.AKC.5066.6001.1.11325,SAM.09.AKC.5066.6001.1,PM2.5,http://dd.eionet.europa.eu/vocabulary/aq/pollutant/6001,hour,3.7893500300,µg/m3,2018-04-02 16:00:00 +01:00,2018-04-02 17:00:00 +01:00,1,1
AT,AT.0008.20.AQ,NET.09,STA.09.AKC,,SPO.09.AKC.5066.6001.1,SPP.09.AKC.5066.6001.1.11325,SAM.09.AKC.5066.6001.1,PM2.5,http://dd.eionet.europa.eu/vocabulary/aq/pollutant/6001,hour,4.2174501400,µg/m3,2018-04-02 17:00:00 +01:00,2018-04-02 18:00:00 +01:00,1,1
AT,AT.0008.20.AQ,NET.09,STA.09.AKC,,SPO.09.AKC.5066.6001.1,SPP.09.AKC.5066.6001.1.11325,SAM.09.AKC.5066.6001.1,PM2.5,http://dd.eionet.europa.eu/vocabulary/aq/pollutant/6001,hour,7.4888000400,µg/m3,2018-04-02 22:00:00 +01:00,2018-04-02 23:00:00 +01:00,1,1
AT,AT.0008.20.AQ,NET.09,STA.09.AKC,,SPO.09.AKC.5066.6001.1,SPP.09.AKC.5066.6001.1.11325,SAM.09.AKC.5066.6001.1,PM2.5,http://dd.eionet.europa.eu/vocabulary/aq/pollutant/6001,hour,10.0498504600,µg/m3,2018-04-03 02:00:00 +01:00,2018-04-03 03:00:00 +01:00,1,1
AT,AT.0008.20.AQ,NET.09,STA.09.AKC,,SPO.09.AKC.5066.6001.1,SPP.09.AKC.5066.6001.1.11325,SAM.09.AKC.5066.6001.1,PM2.5,http://dd.eionet.europa.eu/vocabulary/aq/pollutant/6001,hour,10.9750003800,µg/m3,2018-04-03 04:00:00 +01:00,2018-04-03 05:00:00 +01:00,1,1
AT,AT.0008.20.AQ,NET.09,STA.09.AKC,,SPO.09.AKC.5066.6001.1,SPP.09.AKC.5066.6001.1.11325,SAM.09.AKC.5066.6001.1,PM2.5,http://dd.eionet.europa.eu/vocabulary/aq/pollutant/6001,hour,11.4169998100,µg/m3,2018-04-03 05:00:00 +01:00,2018-04-03 06:00:00 +01:00,1,1
AT,AT.0008.20.AQ,NET.09,STA.09.AKC,,SPO.09.AKC.5066.6001.1,SPP.09.AKC.5066.6001.1.11325,SAM.09.AKC.5066.6001.1,PM2.5,http://dd.eionet.europa.eu/vocabulary/aq/pollutant/6001,hour,13.0369997000,µg/m3,2018-04-03 06:00:00 +01:00,2018-04-03 07:00:00 +01:00,1,1
AT,AT.0008.20.AQ,NET.09,STA.09.AKC,,SPO.09.AKC.5066.6001.1,SPP.09.AKC.5066.6001.1.11325,SAM.09.AKC.5066.6001.1,PM2.5,http://dd.eionet.europa.eu/vocabulary/aq/pollutant/6001,hour,14.7620000800,µg/m3,2018-04-03 07:00:00 +01:00,2018-04-03 08:00:00 +01:00,1,1
AT,AT.0008.20.AQ,NET.09,STA.09.AKC,,SPO.09.AKC.5066.6001.1,SPP.09.AKC.5066.6001.1.11325,SAM.09.AKC.5066.6001.1,PM2.5,http://dd.eionet.europa.eu/vocabulary/aq/pollutant/6001,hour,13.8835000900,µg/m3,2018-04-03 09:00:00 +01:00,2018-04-03 10:00:00 +01:00,1,1
AT,AT.0008.20.AQ,NET.09,STA.09.AKC,,SPO.09.AKC.5066.6001.1,SPP.09.AKC.5066.6001.1.11325,SAM.09.AKC.5066.6001.1,PM2.5,http://dd.eionet.europa.eu/vocabulary/aq/pollutant/6001,hour,13.2795000000,µg/m3,2018-04-03 11:00:00 +01:00,2018-04-03 12:00:00 +01:00,1,1
AT,AT.0008.20.AQ,NET.09,STA.09.AKC,,SPO.09.AKC.5066.6001.1,SPP.09.AKC.5066.6001.1.11325,SAM.09.AKC.5066.6001.1,PM2.5,http://dd.eionet.europa.eu/vocabulary/aq/pollutant/6001,hour,12.1960000900,µg/m3,2018-04-03 12:00:00 +01:00,2018-04-03 13:00:00 +01:00,1,1
AT,AT.0008.20.AQ,NET.09,STA.09.AKC,,SPO.09.AKC.5066.6001.1,SPP.09.AKC.5066.6001.1.11325,SAM.09.AKC.5066.6001.1,PM2.5,http://dd.eionet.europa.eu/vocabulary/aq/pollutant/6001,hour,10.8684997500,µg/m3,2018-04-03 13:00:00 +01:00,2018-04-03 14:00:00 +01:00,1,1
AT,AT.0008.20.AQ,NET.09,STA.09.AKC,,SPO.09.AKC.5066.6001.1,SPP.09.AKC.5066.6001.1.11325,SAM.09.AKC.5066.6001.1,PM2.5,http://dd.eionet.europa.eu/vocabulary/aq/pollutant/6001,hour,5.3297996500,µg/m3,2018-04-03 15:00:00 +01:00,2018-04-03 16:00:00 +01:00,1,1
AT,AT.0008.20.AQ,NET.09,STA.09.AKC,,SPO.09.AKC.5066.6001.1,SPP.09.AKC.5066.6001.1.11325,SAM.09.AKC.5066.6001.1,PM2.5,http://dd.eionet.europa.eu/vocabulary/aq/pollutant/6001,hour,4.4788498800,µg/m3,2018-04-03 17:00:00 +01:00,2018-04-03 18:00:00 +01:00,1,1
AT,AT.0008.20.AQ,NET.09,STA.09.AKC,,SPO.09.AKC.5066.6001.1,SPP.09.AKC.5066.6001.1.11325,SAM.09.AKC.5066.6001.1,PM2.5,http://dd.eionet.europa.eu/vocabulary/aq/pollutant/6001,hour,7.1666002200,µg/m3,2018-04-03 18:00:00 +01:00,2018-04-03 19:00:00 +01:00,1,1
AT,AT.0008.20.AQ,NET.09,STA.09.AKC,,SPO.09.AKC.5066.6001.1,SPP.09.AKC.5066.6001.1.11325,SAM.09.AKC.5066.6001.1,PM2.5,http://dd.eionet.europa.eu/vocabulary/aq/pollutant/6001,hour,7.8627996400,µg/m3,2018-04-03 20:00:00 +01:00,2018-04-03 21:00:00 +01:00,1,1
AT,AT.0008.20.AQ,NET.09,STA.09.AKC,,SPO.09.AKC.5066.6001.1,SPP.09.AKC.5066.6001.1.11325,SAM.09.AKC.5066.6001.1,PM2.5,http://dd.eionet.europa.eu/vocabulary/aq/pollutant/6001,hour,11.6049995400,µg/m3,2018-04-03 22:00:00 +01:00,2018-04-03 23:00:00 +01:00,1,1
AT,AT.0008.20.AQ,NET.09,STA.09.AKC,,SPO.09.AKC.5066.6001.1,SPP.09.AKC.5066.6001.1.11325,SAM.09.AKC.5066.6001.1,PM2.5,http://dd.eionet.europa.eu/vocabulary/aq/pollutant/6001,hour,10.6234998700,µg/m3,2018-04-03 23:00:00 +01:00,2018-04-04 00:00:00 +01:00,1,1
AT,AT.0008.20.AQ,NET.09,STA.09.AKC,,SPO.09.AKC.5066.6001.1,SPP.09.AKC.5066.6001.1.11325,SAM.09.AKC.5066.6001.1,PM2.5,http://dd.eionet.europa.eu/vocabulary/aq/pollutant/6001,hour,8.1528997400,µg/m3,2018-04-04 01:00:00 +01:00,2018-04-04 02:00:00 +01:00,1,1
AT,AT.0008.20.AQ,NET.09,STA.09.AKC,,SPO.09.AKC.5066.6001.1,SPP.09.AKC.5066.6001.1.11325,SAM.09.AKC.5066.6001.1,PM2.5,http://dd.eionet.europa.eu/vocabulary/aq/pollutant/6001,hour,8.4244003200,µg/m3,2018-04-04 03:00:00 +01:00,2018-04-04 04:00:00 +01:00,1,1
AT,AT.0008.20.AQ,NET.09,STA.09.AKC,,SPO.09.AKC.5066.6001.1,SPP.09.AKC.5066.6001.1.11325,SAM.09.AKC.5066.6001.1,PM2.5,http://dd.eionet.europa.eu/vocabulary/aq/pollutant/6001,hour,8.5651998500,µg/m3,2018-04-04 04:00:00 +01:00,2018-04-04 05:00:00 +01:00,1,1
AT,AT.0008.20.AQ,NET.09,STA.09.AKC,,SPO.09.AKC.5066.6001.1,SPP.09.AKC.5066.6001.1.11325,SAM.09.AKC.5066.6001.1,PM2.5,http://dd.eionet.europa.eu/vocabulary/aq/pollutant/6001,hour,10.7021999300,µg/m3,2018-04-04 06:00:00 +01:00,2018-04-04 07:00:00 +01:00,1,1
AT,AT.0008.20.AQ,NET.09,STA.09.AKC,,SPO.09.AKC.5066.6001.1,SPP.09.AKC.5066.6001.1.11325,SAM.09.AKC.5066.6001.1,PM2.5,http://dd.eionet.europa.eu/vocabulary/aq/pollutant/6001,hour,11.8215007700,µg/m3,2018-04-04 07:00:00 +01:00,2018-04-04 08:00:00 +01:00,1,1
AT,AT.0008.20.AQ,NET.09,STA.09.AKC,,SPO.09.AKC.5066.6001.1,SPP.09.AKC.5066.6001.1.11325,SAM.09.AKC.5066.6001.1,PM2.5,http://dd.eionet.europa.eu/vocabulary/aq/pollutant/6001,hour,12.0009994500,µg/m3,2018-04-04 08:00:00 +01:00,2018-04-04 09:00:00 +01:00,1,1
AT,AT.0008.20.AQ,NET.09,STA.09.AKC,,SPO.09.AKC.5066.6001.1,SPP.09.AKC.5066.6001.1.11325,SAM.09.AKC.5066.6001.1,PM2.5,http://dd.eionet.europa.eu/vocabulary/aq/pollutant/6001,hour,11.8610000600,µg/m3,2018-04-04 10:00:00 +01:00,2018-04-04 11:00:00 +01:00,1,1
AT,AT.0008.20.AQ,NET.09,STA.09.AKC,,SPO.09.AKC.5066.6001.1,SPP.09.AKC.5066.6001.1.11325,SAM.09.AKC.5066.6001.1,PM2.5,http://dd.eionet.europa.eu/vocabulary/aq/pollutant/6001,hour,11.9619998900,µg/m3,2018-04-04 11:00:00 +01:00,2018-04-04 12:00:00 +01:00,1,1
AT,AT.0008.20.AQ,NET.09,STA.09.AKC,,SPO.09.AKC.5066.6001.1,SPP.09.AKC.5066.6001.1.11325,SAM.09.AKC.5066.6001.1,PM2.5,http://dd.eionet.europa.eu/vocabulary/aq/pollutant/6001,hour,13.2514991700,µg/m3,2018-04-04 13:00:00 +01:00,2018-04-04 14:00:00 +01:00,1,1
AT,AT.0008.20.AQ,NET.09,STA.09.AKC,,SPO.09.AKC.5066.6001.1,SPP.09.AKC.5066.6001.1.11325,SAM.09.AKC.5066.6001.1,PM2.5,http://dd.eionet.europa.eu/vocabulary/aq/pollutant/6001,hour,12.6909999800,µg/m3,2018-04-04 14:00:00 +01:00,2018-04-04 15:00:00 +01:00,1,1
AT,AT.0008.20.AQ,NET.09,STA.09.AKC,,SPO.09.AKC.5066.6001.1,SPP.09.AKC.5066.6001.1.11325,SAM.09.AKC.5066.6001.1,PM2.5,http://dd.eionet.europa.eu/vocabulary/aq/pollutant/6001,hour,12.1079998000,µg/m3,2018-04-04 15:00:00 +01:00,2018-04-04 16:00:00 +01:00,1,1
AT,AT.0008.20.AQ,NET.09,STA.09.AKC,,SPO.09.AKC.5066.6001.1,SPP.09.AKC.5066.6001.1.11325,SAM.09.AKC.5066.6001.1,PM2.5,http://dd.eionet.europa.eu/vocabulary/aq/pollutant/6001,hour,5.0082001600,µg/m3,2018-04-04 17:00:00 +01:00,2018-04-04 18:00:00 +01:00,1,1
AT,AT.0008.20.AQ,NET.09,STA.09.AKC,,SPO.09.AKC.5066.6001.1,SPP.09.AKC.5066.6001.1.11325,SAM.09.AKC.5066.6001.1,PM2.5,http://dd.eionet.europa.eu/vocabulary/aq/pollutant/6001,hour,4.3937501900,µg/m3,2018-04-04 18:00:00 +01:00,2018-04-04 19:00:00 +01:00,1,1
AT,AT.0008.20.AQ,NET.09,STA.09.AKC,,SPO.09.AKC.5066.6001.1,SPP.09.AKC.5066.6001.1.11325,SAM.09.AKC.5066.6001.1,PM2.5,http://dd.eionet.europa.eu/vocabulary/aq/pollutant/6001,hour,4.7944002100,µg/m3,2018-04-04 19:00:00 +01:00,2018-04-04 20:00:00 +01:00,1,1
AT,AT.0008.20.AQ,NET.09,STA.09.AKC,,SPO.09.AKC.5066.6001.1,SPP.09.AKC.5066.6001.1.11325,SAM.09.AKC.5066.6001.1,PM2.5,http://dd.eionet.europa.eu/vocabulary/aq/pollutant/6001,hour,6.1355500200,µg/m3,2018-04-04 21:00:00 +01:00,2018-04-04 22:00:00 +01:00,1,1
AT,AT.0008.20.AQ,NET.09,STA.09.AKC,,SPO.09.AKC.5066.6001.1,SPP.09.AKC.5066.6001.1.11325,SAM.09.AKC.5066.6001.1,PM2.5,http://dd.eionet.europa.eu/vocabulary/aq/pollutant/6001,hour,7.4878001200,µg/m3,2018-04-04 22:00:00 +01:00,2018-04-04 23:00:00 +01:00,1,1
AT,AT.0008.20.AQ,NET.09,STA.09.AKC,,SPO.09.AKC.5066.6001.1,SPP.09.AKC.5066.6001.1.11325,SAM.09.AKC.5066.6001.1,PM2.5,http://dd.eionet.europa.eu/vocabulary/aq/pollutant/6001,hour,6.1361503600,µg/m3,2018-04-04 23:00:00 +01:00,2018-04-05 00:00:00 +01:00,1,1
AT,AT.0008.20.AQ,NET.09,STA.09.AKC,,SPO.09.AKC.5066.6001.1,SPP.09.AKC.5066.6001.1.11325,SAM.09.AKC.5066.6001.1,PM2.5,http://dd.eionet.europa.eu/vocabulary/aq/pollutant/6001,hour,3.9465000600,µg/m3,2018-04-05 01:00:00 +01:00,2018-04-05 02:00:00 +01:00,1,1
AT,AT.0008.20.AQ,NET.09,STA.09.AKC,,SPO.09.AKC.5066.6001.1,SPP.09.AKC.5066.6001.1.11325,SAM.09.AKC.5066.6001.1,PM2.5,http://dd.eionet.europa.eu/vocabulary/aq/pollutant/6001,hour,2.9335000500,µg/m3,2018-04-05 02:00:00 +01:00,2018-04-05 03:00:00 +01:00,1,1
AT,AT.0008.20.AQ,NET.09,STA.09.AKC,,SPO.09.AKC.5066.6001.1,SPP.09.AKC.5066.6001.1.11325,SAM.09.AKC.5066.6001.1,PM2.5,http://dd.eionet.europa.eu/vocabulary/aq/pollutant/6001,hour,2.8635499400,µg/m3,2018-04-05 03:00:00 +01:00,2018-04-05 04:00:00 +01:00,1,1
AT,AT.0008.20.AQ,NET.09,STA.09.AKC,,SPO.09.AKC.5066.6001.1,SPP.09.AKC.5066.6001.1.11325,SAM.09.AKC.5066.6001.1,PM2.5,http://dd.eionet.europa.eu/vocabulary/aq/pollutant/6001,hour,2.8292498500,µg/m3,2018-04-05 04:00:00 +01:00,2018-04-05 05:00:00 +01:00,1,1
AT,AT.0008.20.AQ,NET.09,STA.09.AKC,,SPO.09.AKC.5066.6001.1,SPP.09.AKC.5066.6001.1.11325,SAM.09.AKC.5066.6001.1,PM2.5,http://dd.eionet.europa.eu/vocabulary/aq/pollutant/6001,hour,3.7276999900,µg/m3,2018-04-05 06:00:00 +01:00,2018-04-05 07:00:00 +01:00,1,1
AT,AT.0008.20.AQ,NET.09,STA.09.AKC,,SPO.09.AKC.5066.6001.1,SPP.09.AKC.5066.6001.1.11325,SAM.09.AKC.5066.6001.1,PM2.5,http://dd.eionet.europa.eu/vocabulary/aq/pollutant/6001,hour,3.4507498700,µg/m3,2018-04-05 09:00:00 +01:00,2018-04-05 10:00:00 +01:00,1,1
AT,AT.0008.20.AQ,NET.09,STA.09.AKC,,SPO.09.AKC.5066.6001.1,SPP.09.AKC.5066.6001.1.11325,SAM.09.AKC.5066.6001.1,PM2.5,http://dd.eionet.europa.eu/vocabulary/aq/pollutant/6001,hour,3.6501500600,µg/m3,2018-04-05 10:00:00 +01:00,2018-04-05 11:00:00 +01:00,1,1
AT,AT.0008.20.AQ,NET.09,STA.09.AKC,,SPO.09.AKC.5066.6001.1,SPP.09.AKC.5066.6001.1.11325,SAM.09.AKC.5066.6001.1,PM2.5,http://dd.eionet.europa.eu/vocabulary/aq/pollutant/6001,hour,3.4528000300,µg/m3,2018-04-05 13:00:00 +01:00,2018-04-05 14:00:00 +01:00,1,1
AT,AT.0008.20.AQ,NET.09,STA.09.AKC,,SPO.09.AKC.5066.6001.1,SPP.09.AKC.5066.6001.1.11325,SAM.09.AKC.5066.6001.1,PM2.5,http://dd.eionet.europa.eu/vocabulary/aq/pollutant/6001,hour,2.8689999500,µg/m3,2018-04-05 14:00:00 +01:00,2018-04-05 15:00:00 +01:00,1,1
AT,AT.0008.20.AQ,NET.09,STA.09.AKC,,SPO.09.AKC.5066.6001.1,SPP.09.AKC.5066.6001.1.11325,SAM.09.AKC.5066.6001.1,PM2.5,http://dd.eionet.europa.eu/vocabulary/aq/pollutant/6001,hour,3.4485998100,µg/m3,2018-04-05 16:00:00 +01:00,2018-04-05 17:00:00 +01:00,1,1
AT,AT.0008.20.AQ,NET.09,STA.09.AKC,,SPO.09.AKC.5066.6001.1,SPP.09.AKC.5066.6001.1.11325,SAM.09.AKC.5066.6001.1,PM2.5,http://dd.eionet.europa.eu/vocabulary/aq/pollutant/6001,hour,3.2297999800,µg/m3,2018-04-05 17:00:00 +01:00,2018-04-05 18:00:00 +01:00,1,1
AT,AT.0008.20.AQ,NET.09,STA.09.AKC,,SPO.09.AKC.5066.6001.1,SPP.09.AKC.5066.6001.1.11325,SAM.09.AKC.5066.6001.1,PM2.5,http://dd.eionet.europa.eu/vocabulary/aq/pollutant/6001,hour,3.3234500800,µg/m3,2018-04-05 18:00:00 +01:00,2018-04-05 19:00:00 +01:00,1,1
AT,AT.0008.20.AQ,NET.09,STA.09.AKC,,SPO.09.AKC.5066.6001.1,SPP.09.AKC.5066.6001.1.11325,SAM.09.AKC.5066.6001.1,PM2.5,http://dd.eionet.europa.eu/vocabulary/aq/pollutant/6001,hour,2.3162000100,µg/m3,2018-04-05 19:00:00 +01:00,2018-04-05 20:00:00 +01:00,1,1
AT,AT.0008.20.AQ,NET.09,STA.09.AKC,,SPO.09.AKC.5066.6001.1,SPP.09.AKC.5066.6001.1.11325,SAM.09.AKC.5066.6001.1,PM2.5,http://dd.eionet.europa.eu/vocabulary/aq/pollutant/6001,hour,1.8706500500,µg/m3,2018-04-05 21:00:00 +01:00,2018-04-05 22:00:00 +01:00,1,1
AT,AT.0008.20.AQ,NET.09,STA.09.AKC,,SPO.09.AKC.5066.6001.1,SPP.09.AKC.5066.6001.1.11325,SAM.09.AKC.5066.6001.1,PM2.5,http://dd.eionet.europa.eu/vocabulary/aq/pollutant/6001,hour,1.7294000300,µg/m3,2018-04-05 22:00:00 +01:00,2018-04-05 23:00:00 +01:00,1,1
AT,AT.0008.20.AQ,NET.09,STA.09.AKC,,SPO.09.AKC.5066.6001.1,SPP.09.AKC.5066.6001.1.11325,SAM.09.AKC.5066.6001.1,PM2.5,http://dd.eionet.europa.eu/vocabulary/aq/pollutant/6001,hour,2.1347498800,µg/m3,2018-04-05 23:00:00 +01:00,2018-04-06 00:00:00 +01:00,1,1
AT,AT.0008.20.AQ,NET.09,STA.09.AKC,,SPO.09.AKC.5066.6001.1,SPP.09.AKC.5066.6001.1.11325,SAM.09.AKC.5066.6001.1,PM2.5,http://dd.eionet.europa.eu/vocabulary/aq/pollutant/6001,hour,4.0222501700,µg/m3,2018-04-06 01:00:00 +01:00,2018-04-06 02:00:00 +01:00,1,1
AT,AT.0008.20.AQ,NET.09,STA.09.AKC,,SPO.09.AKC.5066.6001.1,SPP.09.AKC.5066.6001.1.11325,SAM.09.AKC.5066.6001.1,PM2.5,http://dd.eionet.europa.eu/vocabulary/aq/pollutant/6001,hour,5.4365000700,µg/m3,2018-04-06 02:00:00 +01:00,2018-04-06 03:00:00 +01:00,1,1
AT,AT.0008.20.AQ,NET.09,STA.09.AKC,,SPO.09.AKC.5066.6001.1,SPP.09.AKC.5066.6001.1.11325,SAM.09.AKC.5066.6001.1,PM2.5,http://dd.eionet.europa.eu/vocabulary/aq/pollutant/6001,hour,5.3935999800,µg/m3,2018-04-06 03:00:00 +01:00,2018-04-06 04:00:00 +01:00,1,1
AT,AT.0008.20.AQ,NET.09,STA.09.AKC,,SPO.09.AKC.5066.6001.1,SPP.09.AKC.5066.6001.1.11325,SAM.09.AKC.5066.6001.1,PM2.5,http://dd.eionet.europa.eu/vocabulary/aq/pollutant/6001,hour,10.6175003000,µg/m3,2018-04-06 08:00:00 +01:00,2018-04-06 09:00:00 +01:00,1,1
AT,AT.0008.20.AQ,NET.09,STA.09.AKC,,SPO.09.AKC.5066.6001.1,SPP.09.AKC.5066.6001.1.11325,SAM.09.AKC.5066.6001.1,PM2.5,http://dd.eionet.europa.eu/vocabulary/aq/pollutant/6001,hour,11.3804998300,µg/m3,2018-04-06 09:00:00 +01:00,2018-04-06 10:00:00 +01:00,1,1
AT,AT.0008.20.AQ,NET.09,STA.09.AKC,,SPO.09.AKC.5066.6001.1,SPP.09.AKC.5066.6001.1.11325,SAM.09.AKC.5066.6001.1,PM2.5,http://dd.eionet.europa.eu/vocabulary/aq/pollutant/6001,hour,10.7659997900,µg/m3,2018-04-06 10:00:00 +01:00,2018-04-06 11:00:00 +01:00,1,1
AT,AT.0008.20.AQ,NET.09,STA.09.AKC,,SPO.09.AKC.5066.6001.1,SPP.09.AKC.5066.6001.1.11325,SAM.09.AKC.5066.6001.1,PM2.5,http://dd.eionet.europa.eu/vocabulary/aq/pollutant/6001,hour,8.8843498200,µg/m3,2018-04-06 16:00:00 +01:00,2018-04-06 17:00:00 +01:00,1,1
AT,AT.0008.20.AQ,NET.09,STA.09.AKC,,SPO.09.AKC.5066.6001.1,SPP.09.AKC.5066.6001.1.11325,SAM.09.AKC.5066.6001.1,PM2.5,http://dd.eionet.europa.eu/vocabulary/aq/pollutant/6001,hour,8.5406494100,µg/m3,2018-04-06 17:00:00 +01:00,2018-04-06 18:00:00 +01:00,1,1
AT,AT.0008.20.AQ,NET.09,STA.09.AKC,,SPO.09.AKC.5066.6001.1,SPP.09.AKC.5066.6001.1.11325,SAM.09.AKC.5066.6001.1,PM2.5,http://dd.eionet.europa.eu/vocabulary/aq/pollutant/6001,hour,10.8850002200,µg/m3,2018-04-06 19:00:00 +01:00,2018-04-06 20:00:00 +01:00,1,1
AT,AT.0008.20.AQ,NET.09,STA.09.AKC,,SPO.09.AKC.5066.6001.1,SPP.09.AKC.5066.6001.1.11325,SAM.09.AKC.5066.6001.1,PM2.5,http://dd.eionet.europa.eu/vocabulary/aq/pollutant/6001,hour,13.1695003500,µg/m3,2018-04-06 20:00:00 +01:00,2018-04-06 21:00:00 +01:00,1,1
AT,AT.0008.20.AQ,NET.09,STA.09.AKC,,SPO.09.AKC.5066.6001.1,SPP.09.AKC.5066.6001.1.11325,SAM.09.AKC.5066.6001.1,PM2.5,http://dd.eionet.europa.eu/vocabulary/aq/pollutant/6001,hour,13.6205005600,µg/m3,2018-04-06 21:00:00 +01:00,2018-04-06 22:00:00 +01:00,1,1
AT,AT.0008.20.AQ,NET.09,STA.09.AKC,,SPO.09.AKC.5066.6001.1,SPP.09.AKC.5066.6001.1.11325,SAM.09.AKC.5066.6001.1,PM2.5,http://dd.eionet.europa.eu/vocabulary/aq/pollutant/6001,hour,13.9979991900,µg/m3,2018-04-06 22:00:00 +01:00,2018-04-06 23:00:00 +01:00,1,1
AT,AT.0008.20.AQ,NET.09,STA.09.AKC,,SPO.09.AKC.5066.6001.1,SPP.09.AKC.5066.6001.1.11325,SAM.09.AKC.5066.6001.1,PM2.5,http://dd.eionet.europa.eu/vocabulary/aq/pollutant/6001,hour,10.7814998600,µg/m3,2018-04-06 23:00:00 +01:00,2018-04-07 00:00:00 +01:00,1,1
AT,AT.0008.20.AQ,NET.09,STA.09.AKC,,SPO.09.AKC.5066.6001.1,SPP.09.AKC.5066.6001.1.11325,SAM.09.AKC.5066.6001.1,PM2.5,http://dd.eionet.europa.eu/vocabulary/aq/pollutant/6001,hour,11.3129997200,µg/m3,2018-04-07 00:00:00 +01:00,2018-04-07 01:00:00 +01:00,1,1
AT,AT.0008.20.AQ,NET.09,STA.09.AKC,,SPO.09.AKC.5066.6001.1,SPP.09.AKC.5066.6001.1.11325,SAM.09.AKC.5066.6001.1,PM2.5,http://dd.eionet.europa.eu/vocabulary/aq/pollutant/6001,hour,12.1245002700,µg/m3,2018-04-07 01:00:00 +01:00,2018-04-07 02:00:00 +01:00,1,1
AT,AT.0008.20.AQ,NET.09,STA.09.AKC,,SPO.09.AKC.5066.6001.1,SPP.09.AKC.5066.6001.1.11325,SAM.09.AKC.5066.6001.1,PM2.5,http://dd.eionet.europa.eu/vocabulary/aq/pollutant/6001,hour,13.4844999300,µg/m3,2018-04-07 03:00:00 +01:00,2018-04-07 04:00:00 +01:00,1,1
AT,AT.0008.20.AQ,NET.09,STA.09.AKC,,SPO.09.AKC.5066.6001.1,SPP.09.AKC.5066.6001.1.11325,SAM.09.AKC.5066.6001.1,PM2.5,http://dd.eionet.europa.eu/vocabulary/aq/pollutant/6001,hour,13.9074993100,µg/m3,2018-04-07 04:00:00 +01:00,2018-04-07 05:00:00 +01:00,1,1
AT,AT.0008.20.AQ,NET.09,STA.09.AKC,,SPO.09.AKC.5066.6001.1,SPP.09.AKC.5066.6001.1.11325,SAM.09.AKC.5066.6001.1,PM2.5,http://dd.eionet.europa.eu/vocabulary/aq/pollutant/6001,hour,14.0149993800,µg/m3,2018-04-07 05:00:00 +01:00,2018-04-07 06:00:00 +01:00,1,1
AT,AT.0008.20.AQ,NET.09,STA.09.AKC,,SPO.09.AKC.5066.6001.1,SPP.09.AKC.5066.6001.1.11325,SAM.09.AKC.5066.6001.1,PM2.5,http://dd.eionet.europa.eu/vocabulary/aq/pollutant/6001,hour,15.5620002700,µg/m3,2018-04-07 06:00:00 +01:00,2018-04-07 07:00:00 +01:00,1,1
AT,AT.0008.20.AQ,NET.09,STA.09.AKC,,SPO.09.AKC.5066.6001.1,SPP.09.AKC.5066.6001.1.11325,SAM.09.AKC.5066.6001.1,PM2.5,http://dd.eionet.europa.eu/vocabulary/aq/pollutant/6001,hour,18.0084991400,µg/m3,2018-04-07 07:00:00 +01:00,2018-04-07 08:00:00 +01:00,1,1
AT,AT.0008.20.AQ,NET.09,STA.09.AKC,,SPO.09.AKC.5066.6001.1,SPP.09.AKC.5066.6001.1.11325,SAM.09.AKC.5066.6001.1,PM2.5,http://dd.eionet.europa.eu/vocabulary/aq/pollutant/6001,hour,17.0914993200,µg/m3,2018-04-07 09:00:00 +01:00,2018-04-07 10:00:00 +01:00,1,1
AT,AT.0008.20.AQ,NET.09,STA.09.AKC,,SPO.09.AKC.5066.6001.1,SPP.09.AKC.5066.6001.1.11325,SAM.09.AKC.5066.6001.1,PM2.5,http://dd.eionet.europa.eu/vocabulary/aq/pollutant/6001,hour,12.4980001400,µg/m3,2018-04-07 10:00:00 +01:00,2018-04-07 11:00:00 +01:00,1,1
AT,AT.0008.20.AQ,NET.09,STA.09.AKC,,SPO.09.AKC.5066.6001.1,SPP.09.AKC.5066.6001.1.11325,SAM.09.AKC.5066.6001.1,PM2.5,http://dd.eionet.europa.eu/vocabulary/aq/pollutant/6001,hour,10.6909999800,µg/m3,2018-04-07 15:00:00 +01:00,2018-04-07 16:00:00 +01:00,1,1
AT,AT.0008.20.AQ,NET.09,STA.09.AKC,,SPO.09.AKC.5066.6001.1,SPP.09.AKC.5066.6001.1.11325,SAM.09.AKC.5066.6001.1,PM2.5,http://dd.eionet.europa.eu/vocabulary/aq/pollutant/6001,hour,13.0704994200,µg/m3,2018-04-07 16:00:00 +01:00,2018-04-07 17:00:00 +01:00,1,1
AT,AT.0008.20.AQ,NET.09,STA.09.AKC,,SPO.09.AKC.5066.6001.1,SPP.09.AKC.5066.6001.1.11325,SAM.09.AKC.5066.6001.1,PM2.5,http://dd.eionet.europa.eu/vocabulary/aq/pollutant/6001,hour,15.0150003400,µg/m3,2018-04-07 17:00:00 +01:00,2018-04-07 18:00:00 +01:00,1,1
AT,AT.0008.20.AQ,NET.09,STA.09.AKC,,SPO.09.AKC.5066.6001.1,SPP.09.AKC.5066.6001.1.11325,SAM.09.AKC.5066.6001.1,PM2.5,http://dd.eionet.europa.eu/vocabulary/aq/pollutant/6001,hour,18.4290008500,µg/m3,2018-04-07 21:00:00 +01:00,2018-04-07 22:00:00 +01:00,1,1
AT,AT.0008.20.AQ,NET.09,STA.09.AKC,,SPO.09.AKC.5066.6001.1,SPP.09.AKC.5066.6001.1.11325,SAM.09.AKC.5066.6001.1,PM2.5,http://dd.eionet.europa.eu/vocabulary/aq/pollutant/6001,hour,18.3530006400,µg/m3,2018-04-07 22:00:00 +01:00,2018-04-07 23:00:00 +01:00,1,1
AT,AT.0008.20.AQ,NET.09,STA.09.AKC,,SPO.09.AKC.5066.6001.1,SPP.09.AKC.5066.6001.1.11325,SAM.09.AKC.5066.6001.1,PM2.5,http://dd.eionet.europa.eu/vocabulary/aq/pollutant/6001,hour,18.5410003600,µg/m3,2018-04-07 23:00:00 +01:00,2018-04-08 00:00:00 +01:00,1,1
AT,AT.0008.20.AQ,NET.09,STA.09.AKC,,SPO.09.AKC.5066.6001.1,SPP.09.AKC.5066.6001.1.11325,SAM.09.AKC.5066.6001.1,PM2.5,http://dd.eionet.europa.eu/vocabulary/aq/pollutant/6001,hour,18.7264995500,µg/m3,2018-04-08 00:00:00 +01:00,2018-04-08 01:00:00 +01:00,1,1
AT,AT.0008.20.AQ,NET.09,STA.09.AKC,,SPO.09.AKC.5066.6001.1,SPP.09.AKC.5066.6001.1.11325,SAM.09.AKC.5066.6001.1,PM2.5,http://dd.eionet.europa.eu/vocabulary/aq/pollutant/6001,hour,19.0419998100,µg/m3,2018-04-08 01:00:00 +01:00,2018-04-08 02:00:00 +01:00,1,1
AT,AT.0008.20.AQ,NET.09,STA.09.AKC,,SPO.09.AKC.5066.6001.1,SPP.09.AKC.5066.6001.1.11325,SAM.09.AKC.5066.6001.1,PM2.5,http://dd.eionet.europa.eu/vocabulary/aq/pollutant/6001,hour,20.2934989900,µg/m3,2018-04-08 02:00:00 +01:00,2018-04-08 03:00:00 +01:00,1,1
AT,AT.0008.20.AQ,NET.09,STA.09.AKC,,SPO.09.AKC.5066.6001.1,SPP.09.AKC.5066.6001.1.11325,SAM.09.AKC.5066.6001.1,PM2.5,http://dd.eionet.europa.eu/vocabulary/aq/pollutant/6001,hour,19.9309997500,µg/m3,2018-04-08 04:00:00 +01:00,2018-04-08 05:00:00 +01:00,1,1
AT,AT.0008.20.AQ,NET.09,STA.09.AKC,,SPO.09.AKC.5066.6001.1,SPP.09.AKC.5066.6001.1.11325,SAM.09.AKC.5066.6001.1,PM2.5,http://dd.eionet.europa.eu/vocabulary/aq/pollutant/6001,hour,23.1940002400,µg/m3,2018-04-08 06:00:00 +01:00,2018-04-08 07:00:00 +01:00,1,1
AT,AT.0008.20.AQ,NET.09,STA.09.AKC,,SPO.09.AKC.5066.6001.1,SPP.09.AKC.5066.6001.1.11325,SAM.09.AKC.5066.6001.1,PM2.5,http://dd.eionet.europa.eu/vocabulary/aq/pollutant/6001,hour,24.8904991100,µg/m3,2018-04-08 08:00:00 +01:00,2018-04-08 09:00:00 +01:00,1,1
AT,AT.0008.20.AQ,NET.09,STA.09.AKC,,SPO.09.AKC.5066.6001.1,SPP.09.AKC.5066.6001.1.11325,SAM.09.AKC.5066.6001.1,PM2.5,http://dd.eionet.europa.eu/vocabulary/aq/pollutant/6001,hour,24.9444999600,µg/m3,2018-04-08 09:00:00 +01:00,2018-04-08 10:00:00 +01:00,1,1
AT,AT.0008.20.AQ,NET.09,STA.09.AKC,,SPO.09.AKC.5066.6001.1,SPP.09.AKC.5066.6001.1.11325,SAM.09.AKC.5066.6001.1,PM2.5,http://dd.eionet.europa.eu/vocabulary/aq/pollutant/6001,hour,23.9570007300,µg/m3,2018-04-08 10:00:00 +01:00,2018-04-08 11:00:00 +01:00,1,1
AT,AT.0008.20.AQ,NET.09,STA.09.AKC,,SPO.09.AKC.5066.6001.1,SPP.09.AKC.5066.6001.1.11325,SAM.09.AKC.5066.6001.1,PM2.5,http://dd.eionet.europa.eu/vocabulary/aq/pollutant/6001,hour,23.5034999800,µg/m3,2018-04-08 11:00:00 +01:00,2018-04-08 12:00:00 +01:00,1,1
AT,AT.0008.20.AQ,NET.09,STA.09.AKC,,SPO.09.AKC.5066.6001.1,SPP.09.AKC.5066.6001.1.11325,SAM.09.AKC.5066.6001.1,PM2.5,http://dd.eionet.europa.eu/vocabulary/aq/pollutant/6001,hour,11.6490001600,µg/m3,2018-04-08 13:00:00 +01:00,2018-04-08 14:00:00 +01:00,1,1
AT,AT.0008.20.AQ,NET.09,STA.09.AKC,,SPO.09.AKC.5066.6001.1,SPP.09.AKC.5066.6001.1.11325,SAM.09.AKC.5066.6001.1,PM2.5,http://dd.eionet.europa.eu/vocabulary/aq/pollutant/6001,hour,9.9230003300,µg/m3,2018-04-08 16:00:00 +01:00,2018-04-08 17:00:00 +01:00,1,1
AT,AT.0008.20.AQ,NET.09,STA.09.AKC,,SPO.09.AKC.5066.6001.1,SPP.09.AKC.5066.6001.1.11325,SAM.09.AKC.5066.6001.1,PM2.5,http://dd.eionet.europa.eu/vocabulary/aq/pollutant/6001,hour,10.1133499100,µg/m3,2018-04-08 17:00:00 +01:00,2018-04-08 18:00:00 +01:00,1,1
AT,AT.0008.20.AQ,NET.09,STA.09.AKC,,SPO.09.AKC.5066.6001.1,SPP.09.AKC.5066.6001.1.11325,SAM.09.AKC.5066.6001.1,PM2.5,http://dd.eionet.europa.eu/vocabulary/aq/pollutant/6001,hour,10.1287994300,µg/m3,2018-04-08 20:00:00 +01:00,2018-04-08 21:00:00 +01:00,1,1
AT,AT.0008.20.AQ,NET.09,STA.09.AKC,,SPO.09.AKC.5066.6001.1,SPP.09.AKC.5066.6001.1.11325,SAM.09.AKC.5066.6001.1,PM2.5,http://dd.eionet.europa.eu/vocabulary/aq/pollutant/6001,hour,9.3654003100,µg/m3,2018-04-08 21:00:00 +01:00,2018-04-08 22:00:00 +01:00,1,1
AT,AT.0008.20.AQ,NET.09,STA.09.AKC,,SPO.09.AKC.5066.6001.1,SPP.09.AKC.5066.6001.1.11325,SAM.09.AKC.5066.6001.1,PM2.5,http://dd.eionet.europa.eu/vocabulary/aq/pollutant/6001,hour,8.8389492000,µg/m3,2018-04-08 23:00:00 +01:00,2018-04-09 00:00:00 +01:00,1,1
AT,AT.0008.20.AQ,NET.09,STA.09.AKC,,SPO.09.AKC.5066.6001.1,SPP.09.AKC.5066.6001.1.11325,SAM.09.AKC.5066.6001.1,PM2.5,http://dd.eionet.europa.eu/vocabulary/aq/pollutant/6001,hour,7.6760001100,µg/m3,2018-04-09 01:00:00 +01:00,2018-04-09 02:00:00 +01:00,1,1
AT,AT.0008.20.AQ,NET.09,STA.09.AKC,,SPO.09.AKC.5066.6001.1,SPP.09.AKC.5066.6001.1.11325,SAM.09.AKC.5066.6001.1,PM2.5,http://dd.eionet.europa.eu/vocabulary/aq/pollutant/6001,hour,8.1275997100,µg/m3,2018-04-09 02:00:00 +01:00,2018-04-09 03:00:00 +01:00,1,1
AT,AT.0008.20.AQ,NET.09,STA.09.AKC,,SPO.09.AKC.5066.6001.1,SPP.09.AKC.5066.6001.1.11325,SAM.09.AKC.5066.6001.1,PM2.5,http://dd.eionet.europa.eu/vocabulary/aq/pollutant/6001,hour,8.4920501700,µg/m3,2018-04-09 04:00:00 +01:00,2018-04-09 05:00:00 +01:00,1,1
AT,AT.0008.20.AQ,NET.09,STA.09.AKC,,SPO.09.AKC.5066.6001.1,SPP.09.AKC.5066.6001.1.11325,SAM.09.AKC.5066.6001.1,PM2.5,http://dd.eionet.europa.eu/vocabulary/aq/pollutant/6001,hour,9.0644998500,µg/m3,2018-04-09 05:00:00 +01:00,2018-04-09 06:00:00 +01:00,1,1
AT,AT.0008.20.AQ,NET.09,STA.09.AKC,,SPO.09.AKC.5066.6001.1,SPP.09.AKC.5066.6001.1.11325,SAM.09.AKC.5066.6001.1,PM2.5,http://dd.eionet.europa.eu/vocabulary/aq/pollutant/6001,hour,12.6499996100,µg/m3,2018-04-09 06:00:00 +01:00,2018-04-09 07:00:00 +01:00,1,1
AT,AT.0008.20.AQ,NET.09,STA.09.AKC,,SPO.09.AKC.5066.6001.1,SPP.09.AKC.5066.6001.1.11325,SAM.09.AKC.5066.6001.1,PM2.5,http://dd.eionet.europa.eu/vocabulary/aq/pollutant/6001,hour,11.2519998500,µg/m3,2018-04-09 07:00:00 +01:00,2018-04-09 08:00:00 +01:00,1,1
AT,AT.0008.20.AQ,NET.09,STA.09.AKC,,SPO.09.AKC.5066.6001.1,SPP.09.AKC.5066.6001.1.11325,SAM.09.AKC.5066.6001.1,PM2.5,http://dd.eionet.europa.eu/vocabulary/aq/pollutant/6001,hour,10.3800497000,µg/m3,2018-04-09 08:00:00 +01:00,2018-04-09 09:00:00 +01:00,1,1
AT,AT.0008.20.AQ,NET.09,STA.09.AKC,,SPO.09.AKC.5066.6001.1,SPP.09.AKC.5066.6001.1.11325,SAM.09.AKC.5066.6001.1,PM2.5,http://dd.eionet.europa.eu/vocabulary/aq/pollutant/6001,hour,12.4785003600,µg/m3,2018-04-09 10:00:00 +01:00,2018-04-09 11:00:00 +01:00,1,1
AT,AT.0008.20.AQ,NET.09,STA.09.AKC,,SPO.09.AKC.5066.6001.1,SPP.09.AKC.5066.6001.1.11325,SAM.09.AKC.5066.6001.1,PM2.5,http://dd.eionet.europa.eu/vocabulary/aq/pollutant/6001,hour,6.6903500500,µg/m3,2018-04-09 12:00:00 +01:00,2018-04-09 13:00:00 +01:00,1,1
AT,AT.0008.20.AQ,NET.09,STA.09.AKC,,SPO.09.AKC.5066.6001.1,SPP.09.AKC.5066.6001.1.11325,SAM.09.AKC.5066.6001.1,PM2.5,http://dd.eionet.europa.eu/vocabulary/aq/pollutant/6001,hour,6.0578999500,µg/m3,2018-04-09 13:00:00 +01:00,2018-04-09 14:00:00 +01:00,1,1
AT,AT.0008.20.AQ,NET.09,STA.09.AKC,,SPO.09.AKC.5066.6001.1,SPP.09.AKC.5066.6001.1.11325,SAM.09.AKC.5066.6001.1,PM2.5,http://dd.eionet.europa.eu/vocabulary/aq/pollutant/6001,hour,6.0764498700,µg/m3,2018-04-09 14:00:00 +01:00,2018-04-09 15:00:00 +01:00,1,1
AT,AT.0008.20.AQ,NET.09,STA.09.AKC,,SPO.09.AKC.5066.6001.1,SPP.09.AKC.5066.6001.1.11325,SAM.09.AKC.5066.6001.1,PM2.5,http://dd.eionet.europa.eu/vocabulary/aq/pollutant/6001,hour,9.0056495600,µg/m3,2018-04-09 18:00:00 +01:00,2018-04-09 19:00:00 +01:00,1,1
AT,AT.0008.20.AQ,NET.09,STA.09.AKC,,SPO.09.AKC.5066.6001.1,SPP.09.AKC.5066.6001.1.11325,SAM.09.AKC.5066.6001.1,PM2.5,http://dd.eionet.europa.eu/vocabulary/aq/pollutant/6001,hour,10.5019998500,µg/m3,2018-04-09 19:00:00 +01:00,2018-04-09 20:00:00 +01:00,1,1
AT,AT.0008.20.AQ,NET.09,STA.09.AKC,,SPO.09.AKC.5066.6001.1,SPP.09.AKC.5066.6001.1.11325,SAM.09.AKC.5066.6001.1,PM2.5,http://dd.eionet.europa.eu/vocabulary/aq/pollutant/6001,hour,10.5135498000,µg/m3,2018-04-09 20:00:00 +01:00,2018-04-09 21:00:00 +01:00,1,1
AT,AT.0008.20.AQ,NET.09,STA.09.AKC,,SPO.09.AKC.5066.6001.1,SPP.09.AKC.5066.6001.1.11325,SAM.09.AKC.5066.6001.1,PM2.5,http://dd.eionet.europa.eu/vocabulary/aq/pollutant/6001,hour,6.1870498600,µg/m3,2018-04-09 23:00:00 +01:00,2018-04-10 00:00:00 +01:00,1,1
AT,AT.0008.20.AQ,NET.09,STA.09.AKC,,SPO.09.AKC.5066.6001.1,SPP.09.AKC.5066.6001.1.11325,SAM.09.AKC.5066.6001.1,PM2.5,http://dd.eionet.europa.eu/vocabulary/aq/pollutant/6001,hour,6.3003001200,µg/m3,2018-04-10 02:00:00 +01:00,2018-04-10 03:00:00 +01:00,1,1
AT,AT.0008.20.AQ,NET.09,STA.09.AKC,,SPO.09.AKC.5066.6001.1,SPP.09.AKC.5066.6001.1.11325,SAM.09.AKC.5066.6001.1,PM2.5,http://dd.eionet.europa.eu/vocabulary/aq/pollutant/6001,hour,7.0664997100,µg/m3,2018-04-10 05:00:00 +01:00,2018-04-10 06:00:00 +01:00,1,1
AT,AT.0008.20.AQ,NET.09,STA.09.AKC,,SPO.09.AKC.5066.6001.1,SPP.09.AKC.5066.6001.1.11325,SAM.09.AKC.5066.6001.1,PM2.5,http://dd.eionet.europa.eu/vocabulary/aq/pollutant/6001,hour,7.3300499900,µg/m3,2018-04-10 06:00:00 +01:00,2018-04-10 07:00:00 +01:00,1,1
AT,AT.0008.20.AQ,NET.09,STA.09.AKC,,SPO.09.AKC.5066.6001.1,SPP.09.AKC.5066.6001.1.11325,SAM.09.AKC.5066.6001.1,PM2.5,http://dd.eionet.europa.eu/vocabulary/aq/pollutant/6001,hour,7.1359996700,µg/m3,2018-04-10 07:00:00 +01:00,2018-04-10 08:00:00 +01:00,1,1
AT,AT.0008.20.AQ,NET.09,STA.09.AKC,,SPO.09.AKC.5066.6001.1,SPP.09.AKC.5066.6001.1.11325,SAM.09.AKC.5066.6001.1,PM2.5,http://dd.eionet.europa.eu/vocabulary/aq/pollutant/6001,hour,6.2859001100,µg/m3,2018-04-10 08:00:00 +01:00,2018-04-10 09:00:00 +01:00,1,1
AT,AT.0008.20.AQ,NET.09,STA.09.AKC,,SPO.09.AKC.5066.6001.1,SPP.09.AKC.5066.6001.1.11325,SAM.09.AKC.5066.6001.1,PM2.5,http://dd.eionet.europa.eu/vocabulary/aq/pollutant/6001,hour,6.9833498000,µg/m3,2018-04-10 12:00:00 +01:00,2018-04-10 13:00:00 +01:00,1,1
AT,AT.0008.20.AQ,NET.09,STA.09.AKC,,SPO.09.AKC.5066.6001.1,SPP.09.AKC.5066.6001.1.11325,SAM.09.AKC.5066.6001.1,PM2.5,http://dd.eionet.europa.eu/vocabulary/aq/pollutant/6001,hour,5.8364000300,µg/m3,2018-04-10 13:00:00 +01:00,2018-04-10 14:00:00 +01:00,1,1
AT,AT.0008.20.AQ,NET.09,STA.09.AKC,,SPO.09.AKC.5066.6001.1,SPP.09.AKC.5066.6001.1.11325,SAM.09.AKC.5066.6001.1,PM2.5,http://dd.eionet.europa.eu/vocabulary/aq/pollutant/6001,hour,5.1073503400,µg/m3,2018-04-10 15:00:00 +01:00,2018-04-10 16:00:00 +01:00,1,1
AT,AT.0008.20.AQ,NET.09,STA.09.AKC,,SPO.09.AKC.5066.6001.1,SPP.09.AKC.5066.6001.1.11325,SAM.09.AKC.5066.6001.1,PM2.5,http://dd.eionet.europa.eu/vocabulary/aq/pollutant/6001,hour,5.5052995600,µg/m3,2018-04-10 16:00:00 +01:00,2018-04-10 17:00:00 +01:00,1,1
AT,AT.0008.20.AQ,NET.09,STA.09.AKC,,SPO.09.AKC.5066.6001.1,SPP.09.AKC.5066.6001.1.11325,SAM.09.AKC.5066.6001.1,PM2.5,http://dd.eionet.europa.eu/vocabulary/aq/pollutant/6001,hour,6.0504999100,µg/m3,2018-04-10 19:00:00 +01:00,2018-04-10 20:00:00 +01:00,1,1
AT,AT.0008.20.AQ,NET.09,STA.09.AKC,,SPO.09.AKC.5066.6001.1,SPP.09.AKC.5066.6001.1.11325,SAM.09.AKC.5066.6001.1,PM2.5,http://dd.eionet.europa.eu/vocabulary/aq/pollutant/6001,hour,6.7687997800,µg/m3,2018-04-10 21:00:00 +01:00,2018-04-10 22:00:00 +01:00,1,1
AT,AT.0008.20.AQ,NET.09,STA.09.AKC,,SPO.09.AKC.5066.6001.1,SPP.09.AKC.5066.6001.1.11325,SAM.09.AKC.5066.6001.1,PM2.5,http://dd.eionet.europa.eu/vocabulary/aq/pollutant/6001,hour,5.7848997100,µg/m3,2018-04-10 22:00:00 +01:00,2018-04-10 23:00:00 +01:00,1,1
AT,AT.0008.20.AQ,NET.09,STA.09.AKC,,SPO.09.AKC.5066.6001.1,SPP.09.AKC.5066.6001.1.11325,SAM.09.AKC.5066.6001.1,PM2.5,http://dd.eionet.europa.eu/vocabulary/aq/pollutant/6001,hour,5.0473499200,µg/m3,2018-04-10 23:00:00 +01:00,2018-04-11 00:00:00 +01:00,1,1
AT,AT.0008.20.AQ,NET.09,STA.09.AKC,,SPO.09.AKC.5066.6001.1,SPP.09.AKC.5066.6001.1.11325,SAM.09.AKC.5066.6001.1,PM2.5,http://dd.eionet.europa.eu/vocabulary/aq/pollutant/6001,hour,5.3241000100,µg/m3,2018-04-11 00:00:00 +01:00,2018-04-11 01:00:00 +01:00,1,1
AT,AT.0008.20.AQ,NET.09,STA.09.AKC,,SPO.09.AKC.5066.6001.1,SPP.09.AKC.5066.6001.1.11325,SAM.09.AKC.5066.6001.1,PM2.5,http://dd.eionet.europa.eu/vocabulary/aq/pollutant/6001,hour,6.3481998400,µg/m3,2018-04-11 03:00:00 +01:00,2018-04-11 04:00:00 +01:00,1,1
AT,AT.0008.20.AQ,NET.09,STA.09.AKC,,SPO.09.AKC.5066.6001.1,SPP.09.AKC.5066.6001.1.11325,SAM.09.AKC.5066.6001.1,PM2.5,http://dd.eionet.europa.eu/vocabulary/aq/pollutant/6001,hour,12.0580005600,µg/m3,2018-04-11 08:00:00 +01:00,2018-04-11 09:00:00 +01:00,1,1
AT,AT.0008.20.AQ,NET.09,STA.09.AKC,,SPO.09.AKC.5066.6001.1,SPP.09.AKC.5066.6001.1.11325,SAM.09.AKC.5066.6001.1,PM2.5,http://dd.eionet.europa.eu/vocabulary/aq/pollutant/6001,hour,13.1170005700,µg/m3,2018-04-11 09:00:00 +01:00,2018-04-11 10:00:00 +01:00,1,1
AT,AT.0008.20.AQ,NET.09,STA.09.AKC,,SPO.09.AKC.5066.6001.1,SPP.09.AKC.5066.6001.1.11325,SAM.09.AKC.5066.6001.1,PM2.5,http://dd.eionet.europa.eu/vocabulary/aq/pollutant/6001,hour,14.0939998600,µg/m3,2018-04-11 10:00:00 +01:00,2018-04-11 11:00:00 +01:00,1,1
AT,AT.0008.20.AQ,NET.09,STA.09.AKC,,SPO.09.AKC.5066.6001.1,SPP.09.AKC.5066.6001.1.11325,SAM.09.AKC.5066.6001.1,PM2.5,http://dd.eionet.europa.eu/vocabulary/aq/pollutant/6001,hour,10.8426494500,µg/m3,2018-04-11 11:00:00 +01:00,2018-04-11 12:00:00 +01:00,1,1
AT,AT.0008.20.AQ,NET.09,STA.09.AKC,,SPO.09.AKC.5066.6001.1,SPP.09.AKC.5066.6001.1.11325,SAM.09.AKC.5066.6001.1,PM2.5,http://dd.eionet.europa.eu/vocabulary/aq/pollutant/6001,hour,4.5651502600,µg/m3,2018-04-11 12:00:00 +01:00,2018-04-11 13:00:00 +01:00,1,1
AT,AT.0008.20.AQ,NET.09,STA.09.AKC,,SPO.09.AKC.5066.6001.1,SPP.09.AKC.5066.6001.1.11325,SAM.09.AKC.5066.6001.1,PM2.5,http://dd.eionet.europa.eu/vocabulary/aq/pollutant/6001,hour,3.5852499000,µg/m3,2018-04-11 13:00:00 +01:00,2018-04-11 14:00:00 +01:00,1,1
AT,AT.0008.20.AQ,NET.09,STA.09.AKC,,SPO.09.AKC.5066.6001.1,SPP.09.AKC.5066.6001.1.11325,SAM.09.AKC.5066.6001.1,PM2.5,http://dd.eionet.europa.eu/vocabulary/aq/pollutant/6001,hour,4.4838500000,µg/m3,2018-04-11 14:00:00 +01:00,2018-04-11 15:00:00 +01:00,1,1
AT,AT.0008.20.AQ,NET.09,STA.09.AKC,,SPO.09.AKC.5066.6001.1,SPP.09.AKC.5066.6001.1.11325,SAM.09.AKC.5066.6001.1,PM2.5,http://dd.eionet.europa.eu/vocabulary/aq/pollutant/6001,hour,5.4715995700,µg/m3,2018-04-11 15:00:00 +01:00,2018-04-11 16:00:00 +01:00,1,1
AT,AT.0008.20.AQ,NET.09,STA.09.AKC,,SPO.09.AKC.5066.6001.1,SPP.09.AKC.5066.6001.1.11325,SAM.09.AKC.5066.6001.1,PM2.5,http://dd.eionet.europa.eu/vocabulary/aq/pollutant/6001,hour,6.0518999100,µg/m3,2018-04-11 17:00:00 +01:00,2018-04-11 18:00:00 +01:00,1,1
AT,AT.0008.20.AQ,NET.09,STA.09.AKC,,SPO.09.AKC.5066.6001.1,SPP.09.AKC.5066.6001.1.11325,SAM.09.AKC.5066.6001.1,PM2.5,http://dd.eionet.europa.eu/vocabulary/aq/pollutant/6001,hour,5.6043996800,µg/m3,2018-04-11 18:00:00 +01:00,2018-04-11 19:00:00 +01:00,1,1
AT,AT.0008.20.AQ,NET.09,STA.09.AKC,,SPO.09.AKC.5066.6001.1,SPP.09.AKC.5066.6001.1.11325,SAM.09.AKC.5066.6001.1,PM2.5,http://dd.eionet.europa.eu/vocabulary/aq/pollutant/6001,hour,6.3147001200,µg/m3,2018-04-11 20:00:00 +01:00,2018-04-11 21:00:00 +01:00,1,1
AT,AT.0008.20.AQ,NET.09,STA.09.AKC,,SPO.09.AKC.5066.6001.1,SPP.09.AKC.5066.6001.1.11325,SAM.09.AKC.5066.6001.1,PM2.5,http://dd.eionet.europa.eu/vocabulary/aq/pollutant/6001,hour,5.7073497700,µg/m3,2018-04-12 00:00:00 +01:00,2018-04-12 01:00:00 +01:00,1,1
AT,AT.0008.20.AQ,NET.09,STA.09.AKC,,SPO.09.AKC.5066.6001.1,SPP.09.AKC.5066.6001.1.11325,SAM.09.AKC.5066.6001.1,PM2.5,http://dd.eionet.europa.eu/vocabulary/aq/pollutant/6001,hour,7.9986495900,µg/m3,2018-04-12 04:00:00 +01:00,2018-04-12 05:00:00 +01:00,1,1
AT,AT.0008.20.AQ,NET.09,STA.09.AKC,,SPO.09.AKC.5066.6001.1,SPP.09.AKC.5066.6001.1.11325,SAM.09.AKC.5066.6001.1,PM2.5,http://dd.eionet.europa.eu/vocabulary/aq/pollutant/6001,hour,14.4479999500,µg/m3,2018-04-12 06:00:00 +01:00,2018-04-12 07:00:00 +01:00,1,1
AT,AT.0008.20.AQ,NET.09,STA.09.AKC,,SPO.09.AKC.5066.6001.1,SPP.09.AKC.5066.6001.1.11325,SAM.09.AKC.5066.6001.1,PM2.5,http://dd.eionet.europa.eu/vocabulary/aq/pollutant/6001,hour,12.7279996800,µg/m3,2018-04-12 07:00:00 +01:00,2018-04-12 08:00:00 +01:00,1,1
AT,AT.0008.20.AQ,NET.09,STA.09.AKC,,SPO.09.AKC.5066.6001.1,SPP.09.AKC.5066.6001.1.11325,SAM.09.AKC.5066.6001.1,PM2.5,http://dd.eionet.europa.eu/vocabulary/aq/pollutant/6001,hour,10.1682500800,µg/m3,2018-04-12 10:00:00 +01:00,2018-04-12 11:00:00 +01:00,1,1
AT,AT.0008.20.AQ,NET.09,STA.09.AKC,,SPO.09.AKC.5066.6001.1,SPP.09.AKC.5066.6001.1.11325,SAM.09.AKC.5066.6001.1,PM2.5,http://dd.eionet.europa.eu/vocabulary/aq/pollutant/6001,hour,10.2571001000,µg/m3,2018-04-12 12:00:00 +01:00,2018-04-12 13:00:00 +01:00,1,1
AT,AT.0008.20.AQ,NET.09,STA.09.AKC,,SPO.09.AKC.5066.6001.1,SPP.09.AKC.5066.6001.1.11325,SAM.09.AKC.5066.6001.1,PM2.5,http://dd.eionet.europa.eu/vocabulary/aq/pollutant/6001,hour,12.5685005100,µg/m3,2018-04-12 13:00:00 +01:00,2018-04-12 14:00:00 +01:00,1,1
AT,AT.0008.20.AQ,NET.09,STA.09.AKC,,SPO.09.AKC.5066.6001.1,SPP.09.AKC.5066.6001.1.11325,SAM.09.AKC.5066.6001.1,PM2.5,http://dd.eionet.europa.eu/vocabulary/aq/pollutant/6001,hour,13.2030000600,µg/m3,2018-04-12 15:00:00 +01:00,2018-04-12 16:00:00 +01:00,1,1
AT,AT.0008.20.AQ,NET.09,STA.09.AKC,,SPO.09.AKC.5066.6001.1,SPP.09.AKC.5066.6001.1.11325,SAM.09.AKC.5066.6001.1,PM2.5,http://dd.eionet.europa.eu/vocabulary/aq/pollutant/6001,hour,12.4664993200,µg/m3,2018-04-12 16:00:00 +01:00,2018-04-12 17:00:00 +01:00,1,1
AT,AT.0008.20.AQ,NET.09,STA.09.AKC,,SPO.09.AKC.5066.6001.1,SPP.09.AKC.5066.6001.1.11325,SAM.09.AKC.5066.6001.1,PM2.5,http://dd.eionet.europa.eu/vocabulary/aq/pollutant/6001,hour,13.8249998000,µg/m3,2018-04-12 17:00:00 +01:00,2018-04-12 18:00:00 +01:00,1,1
AT,AT.0008.20.AQ,NET.09,STA.09.AKC,,SPO.09.AKC.5066.6001.1,SPP.09.AKC.5066.6001.1.11325,SAM.09.AKC.5066.6001.1,PM2.5,http://dd.eionet.europa.eu/vocabulary/aq/pollutant/6001,hour,14.4215002000,µg/m3,2018-04-12 18:00:00 +01:00,2018-04-12 19:00:00 +01:00,1,1
AT,AT.0008.20.AQ,NET.09,STA.09.AKC,,SPO.09.AKC.5066.6001.1,SPP.09.AKC.5066.6001.1.11325,SAM.09.AKC.5066.6001.1,PM2.5,http://dd.eionet.europa.eu/vocabulary/aq/pollutant/6001,hour,16.1194992000,µg/m3,2018-04-12 19:00:00 +01:00,2018-04-12 20:00:00 +01:00,1,1
AT,AT.0008.20.AQ,NET.09,STA.09.AKC,,SPO.09.AKC.5066.6001.1,SPP.09.AKC.5066.6001.1.11325,SAM.09.AKC.5066.6001.1,PM2.5,http://dd.eionet.europa.eu/vocabulary/aq/pollutant/6001,hour,15.4324998800,µg/m3,2018-04-12 21:00:00 +01:00,2018-04-12 22:00:00 +01:00,1,1
AT,AT.0008.20.AQ,NET.09,STA.09.AKC,,SPO.09.AKC.5066.6001.1,SPP.09.AKC.5066.6001.1.11325,SAM.09.AKC.5066.6001.1,PM2.5,http://dd.eionet.europa.eu/vocabulary/aq/pollutant/6001,hour,15.7119998900,µg/m3,2018-04-12 22:00:00 +01:00,2018-04-12 23:00:00 +01:00,1,1
AT,AT.0008.20.AQ,NET.09,STA.09.AKC,,SPO.09.AKC.5066.6001.1,SPP.09.AKC.5066.6001.1.11325,SAM.09.AKC.5066.6001.1,PM2.5,http://dd.eionet.europa.eu/vocabulary/aq/pollutant/6001,hour,12.7969999300,µg/m3,2018-04-13 02:00:00 +01:00,2018-04-13 03:00:00 +01:00,1,1
AT,AT.0008.20.AQ,NET.09,STA.09.AKC,,SPO.09.AKC.5066.6001.1,SPP.09.AKC.5066.6001.1.11325,SAM.09.AKC.5066.6001.1,PM2.5,http://dd.eionet.europa.eu/vocabulary/aq/pollutant/6001,hour,12.7864999700,µg/m3,2018-04-13 03:00:00 +01:00,2018-04-13 04:00:00 +01:00,1,1
AT,AT.0008.20.AQ,NET.09,STA.09.AKC,,SPO.09.AKC.5066.6001.1,SPP.09.AKC.5066.6001.1.11325,SAM.09.AKC.5066.6001.1,PM2.5,http://dd.eionet.europa.eu/vocabulary/aq/pollutant/6001,hour,11.9495000800,µg/m3,2018-04-13 04:00:00 +01:00,2018-04-13 05:00:00 +01:00,1,1
AT,AT.0008.20.AQ,NET.09,STA.09.AKC,,SPO.09.AKC.5066.6001.1,SPP.09.AKC.5066.6001.1.11325,SAM.09.AKC.5066.6001.1,PM2.5,http://dd.eionet.europa.eu/vocabulary/aq/pollutant/6001,hour,12.0034999800,µg/m3,2018-04-13 05:00:00 +01:00,2018-04-13 06:00:00 +01:00,1,1
AT,AT.0008.20.AQ,NET.09,STA.09.AKC,,SPO.09.AKC.5066.6001.1,SPP.09.AKC.5066.6001.1.11325,SAM.09.AKC.5066.6001.1,PM2.5,http://dd.eionet.europa.eu/vocabulary/aq/pollutant/6001,hour,14.4645004200,µg/m3,2018-04-13 06:00:00 +01:00,2018-04-13 07:00:00 +01:00,1,1
AT,AT.0008.20.AQ,NET.09,STA.09.AKC,,SPO.09.AKC.5066.6001.1,SPP.09.AKC.5066.6001.1.11325,SAM.09.AKC.5066.6001.1,PM2.5,http://dd.eionet.europa.eu/vocabulary/aq/pollutant/6001,hour,14.1759996400,µg/m3,2018-04-13 07:00:00 +01:00,2018-04-13 08:00:00 +01:00,1,1
AT,AT.0008.20.AQ,NET.09,STA.09.AKC,,SPO.09.AKC.5066.6001.1,SPP.09.AKC.5066.6001.1.11325,SAM.09.AKC.5066.6001.1,PM2.5,http://dd.eionet.europa.eu/vocabulary/aq/pollutant/6001,hour,9.7185993100,µg/m3,2018-04-13 08:00:00 +01:00,2018-04-13 09:00:00 +01:00,1,1
AT,AT.0008.20.AQ,NET.09,STA.09.AKC,,SPO.09.AKC.5066.6001.1,SPP.09.AKC.5066.6001.1.11325,SAM.09.AKC.5066.6001.1,PM2.5,http://dd.eionet.europa.eu/vocabulary/aq/pollutant/6001,hour,8.2857999800,µg/m3,2018-04-13 09:00:00 +01:00,2018-04-13 10:00:00 +01:00,1,1
AT,AT.0008.20.AQ,NET.09,STA.09.AKC,,SPO.09.AKC.5066.6001.1,SPP.09.AKC.5066.6001.1.11325,SAM.09.AKC.5066.6001.1,PM2.5,http://dd.eionet.europa.eu/vocabulary/aq/pollutant/6001,hour,5.6088500000,µg/m3,2018-04-13 11:00:00 +01:00,2018-04-13 12:00:00 +01:00,1,1
AT,AT.0008.20.AQ,NET.09,STA.09.AKC,,SPO.09.AKC.5066.6001.1,SPP.09.AKC.5066.6001.1.11325,SAM.09.AKC.5066.6001.1,PM2.5,http://dd.eionet.europa.eu/vocabulary/aq/pollutant/6001,hour,3.8043498900,µg/m3,2018-04-13 13:00:00 +01:00,2018-04-13 14:00:00 +01:00,1,1
AT,AT.0008.20.AQ,NET.09,STA.09.AKC,,SPO.09.AKC.5066.6001.1,SPP.09.AKC.5066.6001.1.11325,SAM.09.AKC.5066.6001.1,PM2.5,http://dd.eionet.europa.eu/vocabulary/aq/pollutant/6001,hour,2.7499499300,µg/m3,2018-04-13 15:00:00 +01:00,2018-04-13 16:00:00 +01:00,1,1
AT,AT.0008.20.AQ,NET.09,STA.09.AKC,,SPO.09.AKC.5066.6001.1,SPP.09.AKC.5066.6001.1.11325,SAM.09.AKC.5066.6001.1,PM2.5,http://dd.eionet.europa.eu/vocabulary/aq/pollutant/6001,hour,3.4960498800,µg/m3,2018-04-13 19:00:00 +01:00,2018-04-13 20:00:00 +01:00,1,1
AT,AT.0008.20.AQ,NET.09,STA.09.AKC,,SPO.09.AKC.5066.6001.1,SPP.09.AKC.5066.6001.1.11325,SAM.09.AKC.5066.6001.1,PM2.5,http://dd.eionet.europa.eu/vocabulary/aq/pollutant/6001,hour,1.8152000900,µg/m3,2018-04-13 22:00:00 +01:00,2018-04-13 23:00:00 +01:00,1,1
AT,AT.0008.20.AQ,NET.09,STA.09.AKC,,SPO.09.AKC.5066.6001.1,SPP.09.AKC.5066.6001.1.11325,SAM.09.AKC.5066.6001.1,PM2.5,http://dd.eionet.europa.eu/vocabulary/aq/pollutant/6001,hour,2.8251500100,µg/m3,2018-04-14 00:00:00 +01:00,2018-04-14 01:00:00 +01:00,1,1
AT,AT.0008.20.AQ,NET.09,STA.09.AKC,,SPO.09.AKC.5066.6001.1,SPP.09.AKC.5066.6001.1.11325,SAM.09.AKC.5066.6001.1,PM2.5,http://dd.eionet.europa.eu/vocabulary/aq/pollutant/6001,hour,3.5923500000,µg/m3,2018-04-14 04:00:00 +01:00,2018-04-14 05:00:00 +01:00,1,1
AT,AT.0008.20.AQ,NET.09,STA.09.AKC,,SPO.09.AKC.5066.6001.1,SPP.09.AKC.5066.6001.1.11325,SAM.09.AKC.5066.6001.1,PM2.5,http://dd.eionet.europa.eu/vocabulary/aq/pollutant/6001,hour,4.1669998100,µg/m3,2018-04-14 05:00:00 +01:00,2018-04-14 06:00:00 +01:00,1,1
AT,AT.0008.20.AQ,NET.09,STA.09.AKC,,SPO.09.AKC.5066.6001.1,SPP.09.AKC.5066.6001.1.11325,SAM.09.AKC.5066.6001.1,PM2.5,http://dd.eionet.europa.eu/vocabulary/aq/pollutant/6001,hour,4.6235499300,µg/m3,2018-04-14 06:00:00 +01:00,2018-04-14 07:00:00 +01:00,1,1
AT,AT.0008.20.AQ,NET.09,STA.09.AKC,,SPO.09.AKC.5066.6001.1,SPP.09.AKC.5066.6001.1.11325,SAM.09.AKC.5066.6001.1,PM2.5,http://dd.eionet.europa.eu/vocabulary/aq/pollutant/6001,hour,3.1917500400,µg/m3,2018-04-14 11:00:00 +01:00,2018-04-14 12:00:00 +01:00,1,1
AT,AT.0008.20.AQ,NET.09,STA.09.AKC,,SPO.09.AKC.5066.6001.1,SPP.09.AKC.5066.6001.1.11325,SAM.09.AKC.5066.6001.1,PM2.5,http://dd.eionet.europa.eu/vocabulary/aq/pollutant/6001,hour,2.5601501400,µg/m3,2018-04-14 12:00:00 +01:00,2018-04-14 13:00:00 +01:00,1,1
AT,AT.0008.20.AQ,NET.09,STA.09.AKC,,SPO.09.AKC.5066.6001.1,SPP.09.AKC.5066.6001.1.11325,SAM.09.AKC.5066.6001.1,PM2.5,http://dd.eionet.europa.eu/vocabulary/aq/pollutant/6001,hour,2.0717999900,µg/m3,2018-04-14 13:00:00 +01:00,2018-04-14 14:00:00 +01:00,1,1
AT,AT.0008.20.AQ,NET.09,STA.09.AKC,,SPO.09.AKC.5066.6001.1,SPP.09.AKC.5066.6001.1.11325,SAM.09.AKC.5066.6001.1,PM2.5,http://dd.eionet.europa.eu/vocabulary/aq/pollutant/6001,hour,2.4964499400,µg/m3,2018-04-14 15:00:00 +01:00,2018-04-14 16:00:00 +01:00,1,1
AT,AT.0008.20.AQ,NET.09,STA.09.AKC,,SPO.09.AKC.5066.6001.1,SPP.09.AKC.5066.6001.1.11325,SAM.09.AKC.5066.6001.1,PM2.5,http://dd.eionet.europa.eu/vocabulary/aq/pollutant/6001,hour,2.8129999600,µg/m3,2018-04-14 16:00:00 +01:00,2018-04-14 17:00:00 +01:00,1,1
AT,AT.0008.20.AQ,NET.09,STA.09.AKC,,SPO.09.AKC.5066.6001.1,SPP.09.AKC.5066.6001.1.11325,SAM.09.AKC.5066.6001.1,PM2.5,http://dd.eionet.europa.eu/vocabulary/aq/pollutant/6001,hour,3.4951500800,µg/m3,2018-04-14 18:00:00 +01:00,2018-04-14 19:00:00 +01:00,1,1
AT,AT.0008.20.AQ,NET.09,STA.09.AKC,,SPO.09.AKC.5066.6001.1,SPP.09.AKC.5066.6001.1.11325,SAM.09.AKC.5066.6001.1,PM2.5,http://dd.eionet.europa.eu/vocabulary/aq/pollutant/6001,hour,7.6436996400,µg/m3,2018-04-14 21:00:00 +01:00,2018-04-14 22:00:00 +01:00,1,1
AT,AT.0008.20.AQ,NET.09,STA.09.AKC,,SPO.09.AKC.5066.6001.1,SPP.09.AKC.5066.6001.1.11325,SAM.09.AKC.5066.6001.1,PM2.5,http://dd.eionet.europa.eu/vocabulary/aq/pollutant/6001,hour,11.1679992600,µg/m3,2018-04-14 22:00:00 +01:00,2018-04-14 23:00:00 +01:00,1,1
AT,AT.0008.20.AQ,NET.09,STA.09.AKC,,SPO.09.AKC.5066.6001.1,SPP.09.AKC.5066.6001.1.11325,SAM.09.AKC.5066.6001.1,PM2.5,http://dd.eionet.europa.eu/vocabulary/aq/pollutant/6001,hour,7.9640502900,µg/m3,2018-04-14 23:00:00 +01:00,2018-04-15 00:00:00 +01:00,1,1
AT,AT.0008.20.AQ,NET.09,STA.09.AKC,,SPO.09.AKC.5066.6001.1,SPP.09.AKC.5066.6001.1.11325,SAM.09.AKC.5066.6001.1,PM2.5,http://dd.eionet.europa.eu/vocabulary/aq/pollutant/6001,hour,8.5980501100,µg/m3,2018-04-15 00:00:00 +01:00,2018-04-15 01:00:00 +01:00,1,1
AT,AT.0008.20.AQ,NET.09,STA.09.AKC,,SPO.09.AKC.5066.6001.1,SPP.09.AKC.5066.6001.1.11325,SAM.09.AKC.5066.6001.1,PM2.5,http://dd.eionet.europa.eu/vocabulary/aq/pollutant/6001,hour,10.1408500600,µg/m3,2018-04-15 02:00:00 +01:00,2018-04-15 03:00:00 +01:00,1,1
AT,AT.0008.20.AQ,NET.09,STA.09.AKC,,SPO.09.AKC.5066.6001.1,SPP.09.AKC.5066.6001.1.11325,SAM.09.AKC.5066.6001.1,PM2.5,http://dd.eionet.europa.eu/vocabulary/aq/pollutant/6001,hour,12.2309999400,µg/m3,2018-04-15 04:00:00 +01:00,2018-04-15 05:00:00 +01:00,1,1
AT,AT.0008.20.AQ,NET.09,STA.09.AKC,,SPO.09.AKC.5066.6001.1,SPP.09.AKC.5066.6001.1.11325,SAM.09.AKC.5066.6001.1,PM2.5,http://dd.eionet.europa.eu/vocabulary/aq/pollutant/6001,hour,14.4665002800,µg/m3,2018-04-15 05:00:00 +01:00,2018-04-15 06:00:00 +01:00,1,1
AT,AT.0008.20.AQ,NET.09,STA.09.AKC,,SPO.09.AKC.5066.6001.1,SPP.09.AKC.5066.6001.1.11325,SAM.09.AKC.5066.6001.1,PM2.5,http://dd.eionet.europa.eu/vocabulary/aq/pollutant/6001,hour,16.9155006400,µg/m3,2018-04-15 06:00:00 +01:00,2018-04-15 07:00:00 +01:00,1,1
AT,AT.0008.20.AQ,NET.09,STA.09.AKC,,SPO.09.AKC.5066.6001.1,SPP.09.AKC.5066.6001.1.11325,SAM.09.AKC.5066.6001.1,PM2.5,http://dd.eionet.europa.eu/vocabulary/aq/pollutant/6001,hour,18.7029991100,µg/m3,2018-04-15 07:00:00 +01:00,2018-04-15 08:00:00 +01:00,1,1
AT,AT.0008.20.AQ,NET.09,STA.09.AKC,,SPO.09.AKC.5066.6001.1,SPP.09.AKC.5066.6001.1.11325,SAM.09.AKC.5066.6001.1,PM2.5,http://dd.eionet.europa.eu/vocabulary/aq/pollutant/6001,hour,12.2415008500,µg/m3,2018-04-15 10:00:00 +01:00,2018-04-15 11:00:00 +01:00,1,1
AT,AT.0008.20.AQ,NET.09,STA.09.AKC,,SPO.09.AKC.5066.6001.1,SPP.09.AKC.5066.6001.1.11325,SAM.09.AKC.5066.6001.1,PM2.5,http://dd.eionet.europa.eu/vocabulary/aq/pollutant/6001,hour,12.4130001000,µg/m3,2018-04-15 11:00:00 +01:00,2018-04-15 12:00:00 +01:00,1,1
AT,AT.0008.20.AQ,NET.09,STA.09.AKC,,SPO.09.AKC.5066.6001.1,SPP.09.AKC.5066.6001.1.11325,SAM.09.AKC.5066.6001.1,PM2.5,http://dd.eionet.europa.eu/vocabulary/aq/pollutant/6001,hour,14.6480007100,µg/m3,2018-04-15 13:00:00 +01:00,2018-04-15 14:00:00 +01:00,1,1
AT,AT.0008.20.AQ,NET.09,STA.09.AKC,,SPO.09.AKC.5066.6001.1,SPP.09.AKC.5066.6001.1.11325,SAM.09.AKC.5066.6001.1,PM2.5,http://dd.eionet.europa.eu/vocabulary/aq/pollutant/6001,hour,15.2244997000,µg/m3,2018-04-15 14:00:00 +01:00,2018-04-15 15:00:00 +01:00,1,1
AT,AT.0008.20.AQ,NET.09,STA.09.AKC,,SPO.09.AKC.5066.6001.1,SPP.09.AKC.5066.6001.1.11325,SAM.09.AKC.5066.6001.1,PM2.5,http://dd.eionet.europa.eu/vocabulary/aq/pollutant/6001,hour,16.9204998000,µg/m3,2018-04-15 16:00:00 +01:00,2018-04-15 17:00:00 +01:00,1,1
AT,AT.0008.20.AQ,NET.09,STA.09.AKC,,SPO.09.AKC.5066.6001.1,SPP.09.AKC.5066.6001.1.11325,SAM.09.AKC.5066.6001.1,PM2.5,http://dd.eionet.europa.eu/vocabulary/aq/pollutant/6001,hour,17.0585002800,µg/m3,2018-04-15 17:00:00 +01:00,2018-04-15 18:00:00 +01:00,1,1
AT,AT.0008.20.AQ,NET.09,STA.09.AKC,,SPO.09.AKC.5066.6001.1,SPP.09.AKC.5066.6001.1.11325,SAM.09.AKC.5066.6001.1,PM2.5,http://dd.eionet.europa.eu/vocabulary/aq/pollutant/6001,hour,17.0795001900,µg/m3,2018-04-15 18:00:00 +01:00,2018-04-15 19:00:00 +01:00,1,1
AT,AT.0008.20.AQ,NET.09,STA.09.AKC,,SPO.09.AKC.5066.6001.1,SPP.09.AKC.5066.6001.1.11325,SAM.09.AKC.5066.6001.1,PM2.5,http://dd.eionet.europa.eu/vocabulary/aq/pollutant/6001,hour,18.3290004700,µg/m3,2018-04-15 20:00:00 +01:00,2018-04-15 21:00:00 +01:00,1,1
AT,AT.0008.20.AQ,NET.09,STA.09.AKC,,SPO.09.AKC.5066.6001.1,SPP.09.AKC.5066.6001.1.11325,SAM.09.AKC.5066.6001.1,PM2.5,http://dd.eionet.europa.eu/vocabulary/aq/pollutant/6001,hour,19.2765007000,µg/m3,2018-04-15 22:00:00 +01:00,2018-04-15 23:00:00 +01:00,1,1
AT,AT.0008.20.AQ,NET.09,STA.09.AKC,,SPO.09.AKC.5066.6001.1,SPP.09.AKC.5066.6001.1.11325,SAM.09.AKC.5066.6001.1,PM2.5,http://dd.eionet.europa.eu/vocabulary/aq/pollutant/6001,hour,19.7430000300,µg/m3,2018-04-15 23:00:00 +01:00,2018-04-16 00:00:00 +01:00,1,1
AT,AT.0008.20.AQ,NET.09,STA.09.AKC,,SPO.09.AKC.5066.6001.1,SPP.09.AKC.5066.6001.1.11325,SAM.09.AKC.5066.6001.1,PM2.5,http://dd.eionet.europa.eu/vocabulary/aq/pollutant/6001,hour,20.3969993500,µg/m3,2018-04-16 00:00:00 +01:00,2018-04-16 01:00:00 +01:00,1,1
AT,AT.0008.20.AQ,NET.09,STA.09.AKC,,SPO.09.AKC.5066.6001.1,SPP.09.AKC.5066.6001.1.11325,SAM.09.AKC.5066.6001.1,PM2.5,http://dd.eionet.europa.eu/vocabulary/aq/pollutant/6001,hour,20.3909988400,µg/m3,2018-04-16 01:00:00 +01:00,2018-04-16 02:00:00 +01:00,1,1
AT,AT.0008.20.AQ,NET.09,STA.09.AKC,,SPO.09.AKC.5066.6001.1,SPP.09.AKC.5066.6001.1.11325,SAM.09.AKC.5066.6001.1,PM2.5,http://dd.eionet.europa.eu/vocabulary/aq/pollutant/6001,hour,20.1469993500,µg/m3,2018-04-16 02:00:00 +01:00,2018-04-16 03:00:00 +01:00,1,1
AT,AT.0008.20.AQ,NET.09,STA.09.AKC,,SPO.09.AKC.5066.6001.1,SPP.09.AKC.5066.6001.1.11325,SAM.09.AKC.5066.6001.1,PM2.5,http://dd.eionet.europa.eu/vocabulary/aq/pollutant/6001,hour,19.9705009400,µg/m3,2018-04-16 03:00:00 +01:00,2018-04-16 04:00:00 +01:00,1,1
AT,AT.0008.20.AQ,NET.09,STA.09.AKC,,SPO.09.AKC.5066.6001.1,SPP.09.AKC.5066.6001.1.11325,SAM.09.AKC.5066.6001.1,PM2.5,http://dd.eionet.europa.eu/vocabulary/aq/pollutant/6001,hour,21.1865005400,µg/m3,2018-04-16 04:00:00 +01:00,2018-04-16 05:00:00 +01:00,1,1
AT,AT.0008.20.AQ,NET.09,STA.09.AKC,,SPO.09.AKC.5066.6001.1,SPP.09.AKC.5066.6001.1.11325,SAM.09.AKC.5066.6001.1,PM2.5,http://dd.eionet.europa.eu/vocabulary/aq/pollutant/6001,hour,21.3864994000,µg/m3,2018-04-16 06:00:00 +01:00,2018-04-16 07:00:00 +01:00,1,1
AT,AT.0008.20.AQ,NET.09,STA.09.AKC,,SPO.09.AKC.5066.6001.1,SPP.09.AKC.5066.6001.1.11325,SAM.09.AKC.5066.6001.1,PM2.5,http://dd.eionet.europa.eu/vocabulary/aq/pollutant/6001,hour,21.6479988000,µg/m3,2018-04-16 07:00:00 +01:00,2018-04-16 08:00:00 +01:00,1,1
AT,AT.0008.20.AQ,NET.09,STA.09.AKC,,SPO.09.AKC.5066.6001.1,SPP.09.AKC.5066.6001.1.11325,SAM.09.AKC.5066.6001.1,PM2.5,http://dd.eionet.europa.eu/vocabulary/aq/pollutant/6001,hour,23.8145008000,µg/m3,2018-04-16 08:00:00 +01:00,2018-04-16 09:00:00 +01:00,1,1
AT,AT.0008.20.AQ,NET.09,STA.09.AKC,,SPO.09.AKC.5066.6001.1,SPP.09.AKC.5066.6001.1.11325,SAM.09.AKC.5066.6001.1,PM2.5,http://dd.eionet.europa.eu/vocabulary/aq/pollutant/6001,hour,24.4650001500,µg/m3,2018-04-16 09:00:00 +01:00,2018-04-16 10:00:00 +01:00,1,1
AT,AT.0008.20.AQ,NET.09,STA.09.AKC,,SPO.09.AKC.5066.6001.1,SPP.09.AKC.5066.6001.1.11325,SAM.09.AKC.5066.6001.1,PM2.5,http://dd.eionet.europa.eu/vocabulary/aq/pollutant/6001,hour,25.6500015200,µg/m3,2018-04-16 10:00:00 +01:00,2018-04-16 11:00:00 +01:00,1,1
AT,AT.0008.20.AQ,NET.09,STA.09.AKC,,SPO.09.AKC.5066.6001.1,SPP.09.AKC.5066.6001.1.11325,SAM.09.AKC.5066.6001.1,PM2.5,http://dd.eionet.europa.eu/vocabulary/aq/pollutant/6001,hour,18.0844993500,µg/m3,2018-04-16 12:00:00 +01:00,2018-04-16 13:00:00 +01:00,1,1
AT,AT.0008.20.AQ,NET.09,STA.09.AKC,,SPO.09.AKC.5066.6001.1,SPP.09.AKC.5066.6001.1.11325,SAM.09.AKC.5066.6001.1,PM2.5,http://dd.eionet.europa.eu/vocabulary/aq/pollutant/6001,hour,12.2094993500,µg/m3,2018-04-16 14:00:00 +01:00,2018-04-16 15:00:00 +01:00,1,1
AT,AT.0008.20.AQ,NET.09,STA.09.AKC,,SPO.09.AKC.5066.6001.1,SPP.09.AKC.5066.6001.1.11325,SAM.09.AKC.5066.6001.1,PM2.5,http://dd.eionet.europa.eu/vocabulary/aq/pollutant/6001,hour,11.2819995800,µg/m3,2018-04-16 15:00:00 +01:00,2018-04-16 16:00:00 +01:00,1,1
AT,AT.0008.20.AQ,NET.09,STA.09.AKC,,SPO.09.AKC.5066.6001.1,SPP.09.AKC.5066.6001.1.11325,SAM.09.AKC.5066.6001.1,PM2.5,http://dd.eionet.europa.eu/vocabulary/aq/pollutant/6001,hour,10.8619995100,µg/m3,2018-04-16 17:00:00 +01:00,2018-04-16 18:00:00 +01:00,1,1
AT,AT.0008.20.AQ,NET.09,STA.09.AKC,,SPO.09.AKC.5066.6001.1,SPP.09.AKC.5066.6001.1.11325,SAM.09.AKC.5066.6001.1,PM2.5,http://dd.eionet.europa.eu/vocabulary/aq/pollutant/6001,hour,8.9920005700,µg/m3,2018-04-16 18:00:00 +01:00,2018-04-16 19:00:00 +01:00,1,1
AT,AT.0008.20.AQ,NET.09,STA.09.AKC,,SPO.09.AKC.5066.6001.1,SPP.09.AKC.5066.6001.1.11325,SAM.09.AKC.5066.6001.1,PM2.5,http://dd.eionet.europa.eu/vocabulary/aq/pollutant/6001,hour,8.0857505700,µg/m3,2018-04-16 20:00:00 +01:00,2018-04-16 21:00:00 +01:00,1,1
AT,AT.0008.20.AQ,NET.09,STA.09.AKC,,SPO.09.AKC.5066.6001.1,SPP.09.AKC.5066.6001.1.11325,SAM.09.AKC.5066.6001.1,PM2.5,http://dd.eionet.europa.eu/vocabulary/aq/pollutant/6001,hour,11.8904991100,µg/m3,2018-04-16 21:00:00 +01:00,2018-04-16 22:00:00 +01:00,1,1
AT,AT.0008.20.AQ,NET.09,STA.09.AKC,,SPO.09.AKC.5066.6001.1,SPP.09.AKC.5066.6001.1.11325,SAM.09.AKC.5066.6001.1,PM2.5,http://dd.eionet.europa.eu/vocabulary/aq/pollutant/6001,hour,13.8090000100,µg/m3,2018-04-16 22:00:00 +01:00,2018-04-16 23:00:00 +01:00,1,1
AT,AT.0008.20.AQ,NET.09,STA.09.AKC,,SPO.09.AKC.5066.6001.1,SPP.09.AKC.5066.6001.1.11325,SAM.09.AKC.5066.6001.1,PM2.5,http://dd.eionet.europa.eu/vocabulary/aq/pollutant/6001,hour,10.6352500900,µg/m3,2018-04-16 23:00:00 +01:00,2018-04-17 00:00:00 +01:00,1,1
AT,AT.0008.20.AQ,NET.09,STA.09.AKC,,SPO.09.AKC.5066.6001.1,SPP.09.AKC.5066.6001.1.11325,SAM.09.AKC.5066.6001.1,PM2.5,http://dd.eionet.europa.eu/vocabulary/aq/pollutant/6001,hour,7.6350002200,µg/m3,2018-04-17 01:00:00 +01:00,2018-04-17 02:00:00 +01:00,1,1
AT,AT.0008.20.AQ,NET.09,STA.09.AKC,,SPO.09.AKC.5066.6001.1,SPP.09.AKC.5066.6001.1.11325,SAM.09.AKC.5066.6001.1,PM2.5,http://dd.eionet.europa.eu/vocabulary/aq/pollutant/6001,hour,8.6937999700,µg/m3,2018-04-17 02:00:00 +01:00,2018-04-17 03:00:00 +01:00,1,1
AT,AT.0008.20.AQ,NET.09,STA.09.AKC,,SPO.09.AKC.5066.6001.1,SPP.09.AKC.5066.6001.1.11325,SAM.09.AKC.5066.6001.1,PM2.5,http://dd.eionet.europa.eu/vocabulary/aq/pollutant/6001,hour,9.6105499200,µg/m3,2018-04-17 03:00:00 +01:00,2018-04-17 04:00:00 +01:00,1,1
AT,AT.0008.20.AQ,NET.09,STA.09.AKC,,SPO.09.AKC.5066.6001.1,SPP.09.AKC.5066.6001.1.11325,SAM.09.AKC.5066.6001.1,PM2.5,http://dd.eionet.europa.eu/vocabulary/aq/pollutant/6001,hour,9.3239498100,µg/m3,2018-04-17 04:00:00 +01:00,2018-04-17 05:00:00 +01:00,1,1
AT,AT.0008.20.AQ,NET.09,STA.09.AKC,,SPO.09.AKC.5066.6001.1,SPP.09.AKC.5066.6001.1.11325,SAM.09.AKC.5066.6001.1,PM2.5,http://dd.eionet.europa.eu/vocabulary/aq/pollutant/6001,hour,10.8470001200,µg/m3,2018-04-17 05:00:00 +01:00,2018-04-17 06:00:00 +01:00,1,1
AT,AT.0008.20.AQ,NET.09,STA.09.AKC,,SPO.09.AKC.5066.6001.1,SPP.09.AKC.5066.6001.1.11325,SAM.09.AKC.5066.6001.1,PM2.5,http://dd.eionet.europa.eu/vocabulary/aq/pollutant/6001,hour,11.4920005700,µg/m3,2018-04-17 07:00:00 +01:00,2018-04-17 08:00:00 +01:00,1,1
AT,AT.0008.20.AQ,NET.09,STA.09.AKC,,SPO.09.AKC.5066.6001.1,SPP.09.AKC.5066.6001.1.11325,SAM.09.AKC.5066.6001.1,PM2.5,http://dd.eionet.europa.eu/vocabulary/aq/pollutant/6001,hour,10.3791007900,µg/m3,2018-04-17 08:00:00 +01:00,2018-04-17 09:00:00 +01:00,1,1
AT,AT.0008.20.AQ,NET.09,STA.09.AKC,,SPO.09.AKC.5066.6001.1,SPP.09.AKC.5066.6001.1.11325,SAM.09.AKC.5066.6001.1,PM2.5,http://dd.eionet.europa.eu/vocabulary/aq/pollutant/6001,hour,10.8194999600,µg/m3,2018-04-17 09:00:00 +01:00,2018-04-17 10:00:00 +01:00,1,1
AT,AT.0008.20.AQ,NET.09,STA.09.AKC,,SPO.09.AKC.5066.6001.1,SPP.09.AKC.5066.6001.1.11325,SAM.09.AKC.5066.6001.1,PM2.5,http://dd.eionet.europa.eu/vocabulary/aq/pollutant/6001,hour,11.0485000600,µg/m3,2018-04-17 10:00:00 +01:00,2018-04-17 11:00:00 +01:00,1,1
AT,AT.0008.20.AQ,NET.09,STA.09.AKC,,SPO.09.AKC.5066.6001.1,SPP.09.AKC.5066.6001.1.11325,SAM.09.AKC.5066.6001.1,PM2.5,http://dd.eionet.europa.eu/vocabulary/aq/pollutant/6001,hour,9.9391002600,µg/m3,2018-04-17 11:00:00 +01:00,2018-04-17 12:00:00 +01:00,1,1
AT,AT.0008.20.AQ,NET.09,STA.09.AKC,,SPO.09.AKC.5066.6001.1,SPP.09.AKC.5066.6001.1.11325,SAM.09.AKC.5066.6001.1,PM2.5,http://dd.eionet.europa.eu/vocabulary/aq/pollutant/6001,hour,11.2364997800,µg/m3,2018-04-17 13:00:00 +01:00,2018-04-17 14:00:00 +01:00,1,1
AT,AT.0008.20.AQ,NET.09,STA.09.AKC,,SPO.09.AKC.5066.6001.1,SPP.09.AKC.5066.6001.1.11325,SAM.09.AKC.5066.6001.1,PM2.5,http://dd.eionet.europa.eu/vocabulary/aq/pollutant/6001,hour,11.1275005300,µg/m3,2018-04-17 14:00:00 +01:00,2018-04-17 15:00:00 +01:00,1,1
AT,AT.0008.20.AQ,NET.09,STA.09.AKC,,SPO.09.AKC.5066.6001.1,SPP.09.AKC.5066.6001.1.11325,SAM.09.AKC.5066.6001.1,PM2.5,http://dd.eionet.europa.eu/vocabulary/aq/pollutant/6001,hour,12.1809997500,µg/m3,2018-04-17 15:00:00 +01:00,2018-04-17 16:00:00 +01:00,1,1
AT,AT.0008.20.AQ,NET.09,STA.09.AKC,,SPO.09.AKC.5066.6001.1,SPP.09.AKC.5066.6001.1.11325,SAM.09.AKC.5066.6001.1,PM2.5,http://dd.eionet.europa.eu/vocabulary/aq/pollutant/6001,hour,11.7339992500,µg/m3,2018-04-17 16:00:00 +01:00,2018-04-17 17:00:00 +01:00,1,1
AT,AT.0008.20.AQ,NET.09,STA.09.AKC,,SPO.09.AKC.5066.6001.1,SPP.09.AKC.5066.6001.1.11325,SAM.09.AKC.5066.6001.1,PM2.5,http://dd.eionet.europa.eu/vocabulary/aq/pollutant/6001,hour,12.1684999400,µg/m3,2018-04-17 18:00:00 +01:00,2018-04-17 19:00:00 +01:00,1,1
AT,AT.0008.20.AQ,NET.09,STA.09.AKC,,SPO.09.AKC.5066.6001.1,SPP.09.AKC.5066.6001.1.11325,SAM.09.AKC.5066.6001.1,PM2.5,http://dd.eionet.europa.eu/vocabulary/aq/pollutant/6001,hour,13.3114995900,µg/m3,2018-04-17 19:00:00 +01:00,2018-04-17 20:00:00 +01:00,1,1
AT,AT.0008.20.AQ,NET.09,STA.09.AKC,,SPO.09.AKC.5066.6001.1,SPP.09.AKC.5066.6001.1.11325,SAM.09.AKC.5066.6001.1,PM2.5,http://dd.eionet.europa.eu/vocabulary/aq/pollutant/6001,hour,13.5440006200,µg/m3,2018-04-17 20:00:00 +01:00,2018-04-17 21:00:00 +01:00,1,1
AT,AT.0008.20.AQ,NET.09,STA.09.AKC,,SPO.09.AKC.5066.6001.1,SPP.09.AKC.5066.6001.1.11325,SAM.09.AKC.5066.6001.1,PM2.5,http://dd.eionet.europa.eu/vocabulary/aq/pollutant/6001,hour,12.3745002700,µg/m3,2018-04-17 21:00:00 +01:00,2018-04-17 22:00:00 +01:00,1,1
AT,AT.0008.20.AQ,NET.09,STA.09.AKC,,SPO.09.AKC.5066.6001.1,SPP.09.AKC.5066.6001.1.11325,SAM.09.AKC.5066.6001.1,PM2.5,http://dd.eionet.europa.eu/vocabulary/aq/pollutant/6001,hour,17.0914993200,µg/m3,2018-04-18 01:00:00 +01:00,2018-04-18 02:00:00 +01:00,1,1
AT,AT.0008.20.AQ,NET.09,STA.09.AKC,,SPO.09.AKC.5066.6001.1,SPP.09.AKC.5066.6001.1.11325,SAM.09.AKC.5066.6001.1,PM2.5,http://dd.eionet.europa.eu/vocabulary/aq/pollutant/6001,hour,17.5929985000,µg/m3,2018-04-18 02:00:00 +01:00,2018-04-18 03:00:00 +01:00,1,1
AT,AT.0008.20.AQ,NET.09,STA.09.AKC,,SPO.09.AKC.5066.6001.1,SPP.09.AKC.5066.6001.1.11325,SAM.09.AKC.5066.6001.1,PM2.5,http://dd.eionet.europa.eu/vocabulary/aq/pollutant/6001,hour,18.9274997700,µg/m3,2018-04-18 03:00:00 +01:00,2018-04-18 04:00:00 +01:00,1,1
AT,AT.0008.20.AQ,NET.09,STA.09.AKC,,SPO.09.AKC.5066.6001.1,SPP.09.AKC.5066.6001.1.11325,SAM.09.AKC.5066.6001.1,PM2.5,http://dd.eionet.europa.eu/vocabulary/aq/pollutant/6001,hour,20.0825004500,µg/m3,2018-04-18 04:00:00 +01:00,2018-04-18 05:00:00 +01:00,1,1
AT,AT.0008.20.AQ,NET.09,STA.09.AKC,,SPO.09.AKC.5066.6001.1,SPP.09.AKC.5066.6001.1.11325,SAM.09.AKC.5066.6001.1,PM2.5,http://dd.eionet.europa.eu/vocabulary/aq/pollutant/6001,hour,20.2755012500,µg/m3,2018-04-18 05:00:00 +01:00,2018-04-18 06:00:00 +01:00,1,1
AT,AT.0008.20.AQ,NET.09,STA.09.AKC,,SPO.09.AKC.5066.6001.1,SPP.09.AKC.5066.6001.1.11325,SAM.09.AKC.5066.6001.1,PM2.5,http://dd.eionet.europa.eu/vocabulary/aq/pollutant/6001,hour,20.7534999800,µg/m3,2018-04-18 06:00:00 +01:00,2018-04-18 07:00:00 +01:00,1,1
AT,AT.0008.20.AQ,NET.09,STA.09.AKC,,SPO.09.AKC.5066.6001.1,SPP.09.AKC.5066.6001.1.11325,SAM.09.AKC.5066.6001.1,PM2.5,http://dd.eionet.europa.eu/vocabulary/aq/pollutant/6001,hour,20.3945007300,µg/m3,2018-04-18 07:00:00 +01:00,2018-04-18 08:00:00 +01:00,1,1
AT,AT.0008.20.AQ,NET.09,STA.09.AKC,,SPO.09.AKC.5066.6001.1,SPP.09.AKC.5066.6001.1.11325,SAM.09.AKC.5066.6001.1,PM2.5,http://dd.eionet.europa.eu/vocabulary/aq/pollutant/6001,hour,17.5670013400,µg/m3,2018-04-18 10:00:00 +01:00,2018-04-18 11:00:00 +01:00,1,1
AT,AT.0008.20.AQ,NET.09,STA.09.AKC,,SPO.09.AKC.5066.6001.1,SPP.09.AKC.5066.6001.1.11325,SAM.09.AKC.5066.6001.1,PM2.5,http://dd.eionet.europa.eu/vocabulary/aq/pollutant/6001,hour,10.5358505200,µg/m3,2018-04-18 13:00:00 +01:00,2018-04-18 14:00:00 +01:00,1,1
AT,AT.0008.20.AQ,NET.09,STA.09.AKC,,SPO.09.AKC.5066.6001.1,SPP.09.AKC.5066.6001.1.11325,SAM.09.AKC.5066.6001.1,PM2.5,http://dd.eionet.europa.eu/vocabulary/aq/pollutant/6001,hour,9.1776008600,µg/m3,2018-04-18 14:00:00 +01:00,2018-04-18 15:00:00 +01:00,1,1
AT,AT.0008.20.AQ,NET.09,STA.09.AKC,,SPO.09.AKC.5066.6001.1,SPP.09.AKC.5066.6001.1.11325,SAM.09.AKC.5066.6001.1,PM2.5,http://dd.eionet.europa.eu/vocabulary/aq/pollutant/6001,hour,7.9793996800,µg/m3,2018-04-18 16:00:00 +01:00,2018-04-18 17:00:00 +01:00,1,1
AT,AT.0008.20.AQ,NET.09,STA.09.AKC,,SPO.09.AKC.5066.6001.1,SPP.09.AKC.5066.6001.1.11325,SAM.09.AKC.5066.6001.1,PM2.5,http://dd.eionet.europa.eu/vocabulary/aq/pollutant/6001,hour,8.2644996600,µg/m3,2018-04-18 17:00:00 +01:00,2018-04-18 18:00:00 +01:00,1,1
AT,AT.0008.20.AQ,NET.09,STA.09.AKC,,SPO.09.AKC.5066.6001.1,SPP.09.AKC.5066.6001.1.11325,SAM.09.AKC.5066.6001.1,PM2.5,http://dd.eionet.europa.eu/vocabulary/aq/pollutant/6001,hour,11.9674997300,µg/m3,2018-04-18 19:00:00 +01:00,2018-04-18 20:00:00 +01:00,1,1
AT,AT.0008.20.AQ,NET.09,STA.09.AKC,,SPO.09.AKC.5066.6001.1,SPP.09.AKC.5066.6001.1.11325,SAM.09.AKC.5066.6001.1,PM2.5,http://dd.eionet.europa.eu/vocabulary/aq/pollutant/6001,hour,13.0174999200,µg/m3,2018-04-18 20:00:00 +01:00,2018-04-18 21:00:00 +01:00,1,1
AT,AT.0008.20.AQ,NET.09,STA.09.AKC,,SPO.09.AKC.5066.6001.1,SPP.09.AKC.5066.6001.1.11325,SAM.09.AKC.5066.6001.1,PM2.5,http://dd.eionet.europa.eu/vocabulary/aq/pollutant/6001,hour,12.4370002700,µg/m3,2018-04-18 21:00:00 +01:00,2018-04-18 22:00:00 +01:00,1,1
AT,AT.0008.20.AQ,NET.09,STA.09.AKC,,SPO.09.AKC.5066.6001.1,SPP.09.AKC.5066.6001.1.11325,SAM.09.AKC.5066.6001.1,PM2.5,http://dd.eionet.europa.eu/vocabulary/aq/pollutant/6001,hour,11.9325008300,µg/m3,2018-04-18 22:00:00 +01:00,2018-04-18 23:00:00 +01:00,1,1
AT,AT.0008.20.AQ,NET.09,STA.09.AKC,,SPO.09.AKC.5066.6001.1,SPP.09.AKC.5066.6001.1.11325,SAM.09.AKC.5066.6001.1,PM2.5,http://dd.eionet.europa.eu/vocabulary/aq/pollutant/6001,hour,12.5650005300,µg/m3,2018-04-18 23:00:00 +01:00,2018-04-19 00:00:00 +01:00,1,1
AT,AT.0008.20.AQ,NET.09,STA.09.AKC,,SPO.09.AKC.5066.6001.1,SPP.09.AKC.5066.6001.1.11325,SAM.09.AKC.5066.6001.1,PM2.5,http://dd.eionet.europa.eu/vocabulary/aq/pollutant/6001,hour,12.4400005300,µg/m3,2018-04-19 00:00:00 +01:00,2018-04-19 01:00:00 +01:00,1,1
AT,AT.0008.20.AQ,NET.09,STA.09.AKC,,SPO.09.AKC.5066.6001.1,SPP.09.AKC.5066.6001.1.11325,SAM.09.AKC.5066.6001.1,PM2.5,http://dd.eionet.europa.eu/vocabulary/aq/pollutant/6001,hour,12.7210006700,µg/m3,2018-04-19 03:00:00 +01:00,2018-04-19 04:00:00 +01:00,1,1
AT,AT.0008.20.AQ,NET.09,STA.09.AKC,,SPO.09.AKC.5066.6001.1,SPP.09.AKC.5066.6001.1.11325,SAM.09.AKC.5066.6001.1,PM2.5,http://dd.eionet.europa.eu/vocabulary/aq/pollutant/6001,hour,13.5749998000,µg/m3,2018-04-19 04:00:00 +01:00,2018-04-19 05:00:00 +01:00,1,1
AT,AT.0008.20.AQ,NET.09,STA.09.AKC,,SPO.09.AKC.5066.6001.1,SPP.09.AKC.5066.6001.1.11325,SAM.09.AKC.5066.6001.1,PM2.5,http://dd.eionet.europa.eu/vocabulary/aq/pollutant/6001,hour,15.6569995800,µg/m3,2018-04-19 05:00:00 +01:00,2018-04-19 06:00:00 +01:00,1,1
AT,AT.0008.20.AQ,NET.09,STA.09.AKC,,SPO.09.AKC.5066.6001.1,SPP.09.AKC.5066.6001.1.11325,SAM.09.AKC.5066.6001.1,PM2.5,http://dd.eionet.europa.eu/vocabulary/aq/pollutant/6001,hour,17.0594997400,µg/m3,2018-04-19 06:00:00 +01:00,2018-04-19 07:00:00 +01:00,1,1
AT,AT.0008.20.AQ,NET.09,STA.09.AKC,,SPO.09.AKC.5066.6001.1,SPP.09.AKC.5066.6001.1.11325,SAM.09.AKC.5066.6001.1,PM2.5,http://dd.eionet.europa.eu/vocabulary/aq/pollutant/6001,hour,16.5069999600,µg/m3,2018-04-19 07:00:00 +01:00,2018-04-19 08:00:00 +01:00,1,1
AT,AT.0008.20.AQ,NET.09,STA.09.AKC,,SPO.09.AKC.5066.6001.1,SPP.09.AKC.5066.6001.1.11325,SAM.09.AKC.5066.6001.1,PM2.5,http://dd.eionet.europa.eu/vocabulary/aq/pollutant/6001,hour,16.1969985900,µg/m3,2018-04-19 08:00:00 +01:00,2018-04-19 09:00:00 +01:00,1,1
AT,AT.0008.20.AQ,NET.09,STA.09.AKC,,SPO.09.AKC.5066.6001.1,SPP.09.AKC.5066.6001.1.11325,SAM.09.AKC.5066.6001.1,PM2.5,http://dd.eionet.europa.eu/vocabulary/aq/pollutant/6001,hour,15.8585004800,µg/m3,2018-04-19 09:00:00 +01:00,2018-04-19 10:00:00 +01:00,1,1
AT,AT.0008.20.AQ,NET.09,STA.09.AKC,,SPO.09.AKC.5066.6001.1,SPP.09.AKC.5066.6001.1.11325,SAM.09.AKC.5066.6001.1,PM2.5,http://dd.eionet.europa.eu/vocabulary/aq/pollutant/6001,hour,15.2975006100,µg/m3,2018-04-19 10:00:00 +01:00,2018-04-19 11:00:00 +01:00,1,1
AT,AT.0008.20.AQ,NET.09,STA.09.AKC,,SPO.09.AKC.5066.6001.1,SPP.09.AKC.5066.6001.1.11325,SAM.09.AKC.5066.6001.1,PM2.5,http://dd.eionet.europa.eu/vocabulary/aq/pollutant/6001,hour,16.6760005900,µg/m3,2018-04-19 11:00:00 +01:00,2018-04-19 12:00:00 +01:00,1,1
AT,AT.0008.20.AQ,NET.09,STA.09.AKC,,SPO.09.AKC.5066.6001.1,SPP.09.AKC.5066.6001.1.11325,SAM.09.AKC.5066.6001.1,PM2.5,http://dd.eionet.europa.eu/vocabulary/aq/pollutant/6001,hour,11.9810009000,µg/m3,2018-04-19 12:00:00 +01:00,2018-04-19 13:00:00 +01:00,1,1
AT,AT.0008.20.AQ,NET.09,STA.09.AKC,,SPO.09.AKC.5066.6001.1,SPP.09.AKC.5066.6001.1.11325,SAM.09.AKC.5066.6001.1,PM2.5,http://dd.eionet.europa.eu/vocabulary/aq/pollutant/6001,hour,9.5035495700,µg/m3,2018-04-19 13:00:00 +01:00,2018-04-19 14:00:00 +01:00,1,1
AT,AT.0008.20.AQ,NET.09,STA.09.AKC,,SPO.09.AKC.5066.6001.1,SPP.09.AKC.5066.6001.1.11325,SAM.09.AKC.5066.6001.1,PM2.5,http://dd.eionet.europa.eu/vocabulary/aq/pollutant/6001,hour,7.6280002500,µg/m3,2018-04-19 15:00:00 +01:00,2018-04-19 16:00:00 +01:00,1,1
AT,AT.0008.20.AQ,NET.09,STA.09.AKC,,SPO.09.AKC.5066.6001.1,SPP.09.AKC.5066.6001.1.11325,SAM.09.AKC.5066.6001.1,PM2.5,http://dd.eionet.europa.eu/vocabulary/aq/pollutant/6001,hour,6.4826002100,µg/m3,2018-04-19 16:00:00 +01:00,2018-04-19 17:00:00 +01:00,1,1
AT,AT.0008.20.AQ,NET.09,STA.09.AKC,,SPO.09.AKC.5066.6001.1,SPP.09.AKC.5066.6001.1.11325,SAM.09.AKC.5066.6001.1,PM2.5,http://dd.eionet.europa.eu/vocabulary/aq/pollutant/6001,hour,10.0760993900,µg/m3,2018-04-19 19:00:00 +01:00,2018-04-19 20:00:00 +01:00,1,1
AT,AT.0008.20.AQ,NET.09,STA.09.AKC,,SPO.09.AKC.5066.6001.1,SPP.09.AKC.5066.6001.1.11325,SAM.09.AKC.5066.6001.1,PM2.5,http://dd.eionet.europa.eu/vocabulary/aq/pollutant/6001,hour,9.2678003300,µg/m3,2018-04-19 20:00:00 +01:00,2018-04-19 21:00:00 +01:00,1,1
AT,AT.0008.20.AQ,NET.09,STA.09.AKC,,SPO.09.AKC.5066.6001.1,SPP.09.AKC.5066.6001.1.11325,SAM.09.AKC.5066.6001.1,PM2.5,http://dd.eionet.europa.eu/vocabulary/aq/pollutant/6001,hour,8.7061004600,µg/m3,2018-04-19 22:00:00 +01:00,2018-04-19 23:00:00 +01:00,1,1
AT,AT.0008.20.AQ,NET.09,STA.09.AKC,,SPO.09.AKC.5066.6001.1,SPP.09.AKC.5066.6001.1.11325,SAM.09.AKC.5066.6001.1,PM2.5,http://dd.eionet.europa.eu/vocabulary/aq/pollutant/6001,hour,7.3949499100,µg/m3,2018-04-19 23:00:00 +01:00,2018-04-20 00:00:00 +01:00,1,1
AT,AT.0008.20.AQ,NET.09,STA.09.AKC,,SPO.09.AKC.5066.6001.1,SPP.09.AKC.5066.6001.1.11325,SAM.09.AKC.5066.6001.1,PM2.5,http://dd.eionet.europa.eu/vocabulary/aq/pollutant/6001,hour,7.2993001900,µg/m3,2018-04-20 00:00:00 +01:00,2018-04-20 01:00:00 +01:00,1,1
AT,AT.0008.20.AQ,NET.09,STA.09.AKC,,SPO.09.AKC.5066.6001.1,SPP.09.AKC.5066.6001.1.11325,SAM.09.AKC.5066.6001.1,PM2.5,http://dd.eionet.europa.eu/vocabulary/aq/pollutant/6001,hour,7.5669503200,µg/m3,2018-04-20 01:00:00 +01:00,2018-04-20 02:00:00 +01:00,1,1
AT,AT.0008.20.AQ,NET.09,STA.09.AKC,,SPO.09.AKC.5066.6001.1,SPP.09.AKC.5066.6001.1.11325,SAM.09.AKC.5066.6001.1,PM2.5,http://dd.eionet.europa.eu/vocabulary/aq/pollutant/6001,hour,8.6996994000,µg/m3,2018-04-20 02:00:00 +01:00,2018-04-20 03:00:00 +01:00,1,1
AT,AT.0008.20.AQ,NET.09,STA.09.AKC,,SPO.09.AKC.5066.6001.1,SPP.09.AKC.5066.6001.1.11325,SAM.09.AKC.5066.6001.1,PM2.5,http://dd.eionet.europa.eu/vocabulary/aq/pollutant/6001,hour,9.9617996200,µg/m3,2018-04-20 03:00:00 +01:00,2018-04-20 04:00:00 +01:00,1,1
AT,AT.0008.20.AQ,NET.09,STA.09.AKC,,SPO.09.AKC.5066.6001.1,SPP.09.AKC.5066.6001.1.11325,SAM.09.AKC.5066.6001.1,PM2.5,http://dd.eionet.europa.eu/vocabulary/aq/pollutant/6001,hour,10.9645004200,µg/m3,2018-04-20 04:00:00 +01:00,2018-04-20 05:00:00 +01:00,1,1
AT,AT.0008.20.AQ,NET.09,STA.09.AKC,,SPO.09.AKC.5066.6001.1,SPP.09.AKC.5066.6001.1.11325,SAM.09.AKC.5066.6001.1,PM2.5,http://dd.eionet.europa.eu/vocabulary/aq/pollutant/6001,hour,13.0935001300,µg/m3,2018-04-20 05:00:00 +01:00,2018-04-20 06:00:00 +01:00,1,1
AT,AT.0008.20.AQ,NET.09,STA.09.AKC,,SPO.09.AKC.5066.6001.1,SPP.09.AKC.5066.6001.1.11325,SAM.09.AKC.5066.6001.1,PM2.5,http://dd.eionet.europa.eu/vocabulary/aq/pollutant/6001,hour,12.6865005400,µg/m3,2018-04-20 06:00:00 +01:00,2018-04-20 07:00:00 +01:00,1,1
AT,AT.0008.20.AQ,NET.09,STA.09.AKC,,SPO.09.AKC.5066.6001.1,SPP.09.AKC.5066.6001.1.11325,SAM.09.AKC.5066.6001.1,PM2.5,http://dd.eionet.europa.eu/vocabulary/aq/pollutant/6001,hour,10.8975000300,µg/m3,2018-04-20 07:00:00 +01:00,2018-04-20 08:00:00 +01:00,1,1
AT,AT.0008.20.AQ,NET.09,STA.09.AKC,,SPO.09.AKC.5066.6001.1,SPP.09.AKC.5066.6001.1.11325,SAM.09.AKC.5066.6001.1,PM2.5,http://dd.eionet.europa.eu/vocabulary/aq/pollutant/6001,hour,10.5580005600,µg/m3,2018-04-20 10:00:00 +01:00,2018-04-20 11:00:00 +01:00,1,1
AT,AT.0008.20.AQ,NET.09,STA.09.AKC,,SPO.09.AKC.5066.6001.1,SPP.09.AKC.5066.6001.1.11325,SAM.09.AKC.5066.6001.1,PM2.5,http://dd.eionet.europa.eu/vocabulary/aq/pollutant/6001,hour,5.5313000600,µg/m3,2018-04-20 12:00:00 +01:00,2018-04-20 13:00:00 +01:00,1,1
AT,AT.0008.20.AQ,NET.09,STA.09.AKC,,SPO.09.AKC.5066.6001.1,SPP.09.AKC.5066.6001.1.11325,SAM.09.AKC.5066.6001.1,PM2.5,http://dd.eionet.europa.eu/vocabulary/aq/pollutant/6001,hour,4.7683496400,µg/m3,2018-04-20 13:00:00 +01:00,2018-04-20 14:00:00 +01:00,1,1
AT,AT.0008.20.AQ,NET.09,STA.09.AKC,,SPO.09.AKC.5066.6001.1,SPP.09.AKC.5066.6001.1.11325,SAM.09.AKC.5066.6001.1,PM2.5,http://dd.eionet.europa.eu/vocabulary/aq/pollutant/6001,hour,4.0103998100,µg/m3,2018-04-20 14:00:00 +01:00,2018-04-20 15:00:00 +01:00,1,1
AT,AT.0008.20.AQ,NET.09,STA.09.AKC,,SPO.09.AKC.5066.6001.1,SPP.09.AKC.5066.6001.1.11325,SAM.09.AKC.5066.6001.1,PM2.5,http://dd.eionet.europa.eu/vocabulary/aq/pollutant/6001,hour,3.8134498500,µg/m3,2018-04-20 15:00:00 +01:00,2018-04-20 16:00:00 +01:00,1,1
AT,AT.0008.20.AQ,NET.09,STA.09.AKC,,SPO.09.AKC.5066.6001.1,SPP.09.AKC.5066.6001.1.11325,SAM.09.AKC.5066.6001.1,PM2.5,http://dd.eionet.europa.eu/vocabulary/aq/pollutant/6001,hour,4.9083995800,µg/m3,2018-04-20 17:00:00 +01:00,2018-04-20 18:00:00 +01:00,1,1
AT,AT.0008.20.AQ,NET.09,STA.09.AKC,,SPO.09.AKC.5066.6001.1,SPP.09.AKC.5066.6001.1.11325,SAM.09.AKC.5066.6001.1,PM2.5,http://dd.eionet.europa.eu/vocabulary/aq/pollutant/6001,hour,8.0167999200,µg/m3,2018-04-20 20:00:00 +01:00,2018-04-20 21:00:00 +01:00,1,1
AT,AT.0008.20.AQ,NET.09,STA.09.AKC,,SPO.09.AKC.5066.6001.1,SPP.09.AKC.5066.6001.1.11325,SAM.09.AKC.5066.6001.1,PM2.5,http://dd.eionet.europa.eu/vocabulary/aq/pollutant/6001,hour,7.0807499800,µg/m3,2018-04-20 22:00:00 +01:00,2018-04-20 23:00:00 +01:00,1,1
AT,AT.0008.20.AQ,NET.09,STA.09.AKC,,SPO.09.AKC.5066.6001.1,SPP.09.AKC.5066.6001.1.11325,SAM.09.AKC.5066.6001.1,PM2.5,http://dd.eionet.europa.eu/vocabulary/aq/pollutant/6001,hour,6.0860500300,µg/m3,2018-04-20 23:00:00 +01:00,2018-04-21 00:00:00 +01:00,1,1
AT,AT.0008.20.AQ,NET.09,STA.09.AKC,,SPO.09.AKC.5066.6001.1,SPP.09.AKC.5066.6001.1.11325,SAM.09.AKC.5066.6001.1,PM2.5,http://dd.eionet.europa.eu/vocabulary/aq/pollutant/6001,hour,6.1755499800,µg/m3,2018-04-21 00:00:00 +01:00,2018-04-21 01:00:00 +01:00,1,1
AT,AT.0008.20.AQ,NET.09,STA.09.AKC,,SPO.09.AKC.5066.6001.1,SPP.09.AKC.5066.6001.1.11325,SAM.09.AKC.5066.6001.1,PM2.5,http://dd.eionet.europa.eu/vocabulary/aq/pollutant/6001,hour,7.0474500600,µg/m3,2018-04-21 02:00:00 +01:00,2018-04-21 03:00:00 +01:00,1,1
AT,AT.0008.20.AQ,NET.09,STA.09.AKC,,SPO.09.AKC.5066.6001.1,SPP.09.AKC.5066.6001.1.11325,SAM.09.AKC.5066.6001.1,PM2.5,http://dd.eionet.europa.eu/vocabulary/aq/pollutant/6001,hour,7.9152002300,µg/m3,2018-04-21 04:00:00 +01:00,2018-04-21 05:00:00 +01:00,1,1
AT,AT.0008.20.AQ,NET.09,STA.09.AKC,,SPO.09.AKC.5066.6001.1,SPP.09.AKC.5066.6001.1.11325,SAM.09.AKC.5066.6001.1,PM2.5,http://dd.eionet.europa.eu/vocabulary/aq/pollutant/6001,hour,18.2470016400,µg/m3,2018-04-21 07:00:00 +01:00,2018-04-21 08:00:00 +01:00,1,1
AT,AT.0008.20.AQ,NET.09,STA.09.AKC,,SPO.09.AKC.5066.6001.1,SPP.09.AKC.5066.6001.1.11325,SAM.09.AKC.5066.6001.1,PM2.5,http://dd.eionet.europa.eu/vocabulary/aq/pollutant/6001,hour,9.9773998200,µg/m3,2018-04-21 10:00:00 +01:00,2018-04-21 11:00:00 +01:00,1,1
AT,AT.0008.20.AQ,NET.09,STA.09.AKC,,SPO.09.AKC.5066.6001.1,SPP.09.AKC.5066.6001.1.11325,SAM.09.AKC.5066.6001.1,PM2.5,http://dd.eionet.europa.eu/vocabulary/aq/pollutant/6001,hour,8.0391502300,µg/m3,2018-04-21 11:00:00 +01:00,2018-04-21 12:00:00 +01:00,1,1
AT,AT.0008.20.AQ,NET.09,STA.09.AKC,,SPO.09.AKC.5066.6001.1,SPP.09.AKC.5066.6001.1.11325,SAM.09.AKC.5066.6001.1,PM2.5,http://dd.eionet.europa.eu/vocabulary/aq/pollutant/6001,hour,6.5003499900,µg/m3,2018-04-21 13:00:00 +01:00,2018-04-21 14:00:00 +01:00,1,1
AT,AT.0008.20.AQ,NET.09,STA.09.AKC,,SPO.09.AKC.5066.6001.1,SPP.09.AKC.5066.6001.1.11325,SAM.09.AKC.5066.6001.1,PM2.5,http://dd.eionet.europa.eu/vocabulary/aq/pollutant/6001,hour,5.1905002500,µg/m3,2018-04-21 15:00:00 +01:00,2018-04-21 16:00:00 +01:00,1,1
AT,AT.0008.20.AQ,NET.09,STA.09.AKC,,SPO.09.AKC.5066.6001.1,SPP.09.AKC.5066.6001.1.11325,SAM.09.AKC.5066.6001.1,PM2.5,http://dd.eionet.europa.eu/vocabulary/aq/pollutant/6001,hour,4.7914500200,µg/m3,2018-04-21 16:00:00 +01:00,2018-04-21 17:00:00 +01:00,1,1
AT,AT.0008.20.AQ,NET.09,STA.09.AKC,,SPO.09.AKC.5066.6001.1,SPP.09.AKC.5066.6001.1.11325,SAM.09.AKC.5066.6001.1,PM2.5,http://dd.eionet.europa.eu/vocabulary/aq/pollutant/6001,hour,4.9084000500,µg/m3,2018-04-21 17:00:00 +01:00,2018-04-21 18:00:00 +01:00,1,1
AT,AT.0008.20.AQ,NET.09,STA.09.AKC,,SPO.09.AKC.5066.6001.1,SPP.09.AKC.5066.6001.1.11325,SAM.09.AKC.5066.6001.1,PM2.5,http://dd.eionet.europa.eu/vocabulary/aq/pollutant/6001,hour,5.2908496800,µg/m3,2018-04-21 18:00:00 +01:00,2018-04-21 19:00:00 +01:00,1,1
AT,AT.0008.20.AQ,NET.09,STA.09.AKC,,SPO.09.AKC.5066.6001.1,SPP.09.AKC.5066.6001.1.11325,SAM.09.AKC.5066.6001.1,PM2.5,http://dd.eionet.europa.eu/vocabulary/aq/pollutant/6001,hour,11.5370006500,µg/m3,2018-04-21 20:00:00 +01:00,2018-04-21 21:00:00 +01:00,1,1
AT,AT.0008.20.AQ,NET.09,STA.09.AKC,,SPO.09.AKC.5066.6001.1,SPP.09.AKC.5066.6001.1.11325,SAM.09.AKC.5066.6001.1,PM2.5,http://dd.eionet.europa.eu/vocabulary/aq/pollutant/6001,hour,12.0575008300,µg/m3,2018-04-21 22:00:00 +01:00,2018-04-21 23:00:00 +01:00,1,1
AT,AT.0008.20.AQ,NET.09,STA.09.AKC,,SPO.09.AKC.5066.6001.1,SPP.09.AKC.5066.6001.1.11325,SAM.09.AKC.5066.6001.1,PM2.5,http://dd.eionet.europa.eu/vocabulary/aq/pollutant/6001,hour,11.4244995100,µg/m3,2018-04-21 23:00:00 +01:00,2018-04-22 00:00:00 +01:00,1,1
AT,AT.0008.20.AQ,NET.09,STA.09.AKC,,SPO.09.AKC.5066.6001.1,SPP.09.AKC.5066.6001.1.11325,SAM.09.AKC.5066.6001.1,PM2.5,http://dd.eionet.europa.eu/vocabulary/aq/pollutant/6001,hour,10.7975006100,µg/m3,2018-04-22 00:00:00 +01:00,2018-04-22 01:00:00 +01:00,1,1
AT,AT.0008.20.AQ,NET.09,STA.09.AKC,,SPO.09.AKC.5066.6001.1,SPP.09.AKC.5066.6001.1.11325,SAM.09.AKC.5066.6001.1,PM2.5,http://dd.eionet.europa.eu/vocabulary/aq/pollutant/6001,hour,11.4444999600,µg/m3,2018-04-22 01:00:00 +01:00,2018-04-22 02:00:00 +01:00,1,1
AT,AT.0008.20.AQ,NET.09,STA.09.AKC,,SPO.09.AKC.5066.6001.1,SPP.09.AKC.5066.6001.1.11325,SAM.09.AKC.5066.6001.1,PM2.5,http://dd.eionet.europa.eu/vocabulary/aq/pollutant/6001,hour,10.1469993500,µg/m3,2018-04-22 02:00:00 +01:00,2018-04-22 03:00:00 +01:00,1,1
AT,AT.0008.20.AQ,NET.09,STA.09.AKC,,SPO.09.AKC.5066.6001.1,SPP.09.AKC.5066.6001.1.11325,SAM.09.AKC.5066.6001.1,PM2.5,http://dd.eionet.europa.eu/vocabulary/aq/pollutant/6001,hour,11.0284996000,µg/m3,2018-04-22 03:00:00 +01:00,2018-04-22 04:00:00 +01:00,1,1
AT,AT.0008.20.AQ,NET.09,STA.09.AKC,,SPO.09.AKC.5066.6001.1,SPP.09.AKC.5066.6001.1.11325,SAM.09.AKC.5066.6001.1,PM2.5,http://dd.eionet.europa.eu/vocabulary/aq/pollutant/6001,hour,13.7560005100,µg/m3,2018-04-22 04:00:00 +01:00,2018-04-22 05:00:00 +01:00,1,1
AT,AT.0008.20.AQ,NET.09,STA.09.AKC,,SPO.09.AKC.5066.6001.1,SPP.09.AKC.5066.6001.1.11325,SAM.09.AKC.5066.6001.1,PM2.5,http://dd.eionet.europa.eu/vocabulary/aq/pollutant/6001,hour,15.5534992200,µg/m3,2018-04-22 05:00:00 +01:00,2018-04-22 06:00:00 +01:00,1,1
AT,AT.0008.20.AQ,NET.09,STA.09.AKC,,SPO.09.AKC.5066.6001.1,SPP.09.AKC.5066.6001.1.11325,SAM.09.AKC.5066.6001.1,PM2.5,http://dd.eionet.europa.eu/vocabulary/aq/pollutant/6001,hour,19.1630001000,µg/m3,2018-04-22 07:00:00 +01:00,2018-04-22 08:00:00 +01:00,1,1
AT,AT.0008.20.AQ,NET.09,STA.09.AKC,,SPO.09.AKC.5066.6001.1,SPP.09.AKC.5066.6001.1.11325,SAM.09.AKC.5066.6001.1,PM2.5,http://dd.eionet.europa.eu/vocabulary/aq/pollutant/6001,hour,18.2434997500,µg/m3,2018-04-22 08:00:00 +01:00,2018-04-22 09:00:00 +01:00,1,1
AT,AT.0008.20.AQ,NET.09,STA.09.AKC,,SPO.09.AKC.5066.6001.1,SPP.09.AKC.5066.6001.1.11325,SAM.09.AKC.5066.6001.1,PM2.5,http://dd.eionet.europa.eu/vocabulary/aq/pollutant/6001,hour,15.6049995400,µg/m3,2018-04-22 10:00:00 +01:00,2018-04-22 11:00:00 +01:00,1,1
AT,AT.0008.20.AQ,NET.09,STA.09.AKC,,SPO.09.AKC.5066.6001.1,SPP.09.AKC.5066.6001.1.11325,SAM.09.AKC.5066.6001.1,PM2.5,http://dd.eionet.europa.eu/vocabulary/aq/pollutant/6001,hour,14.3485002500,µg/m3,2018-04-22 11:00:00 +01:00,2018-04-22 12:00:00 +01:00,1,1
AT,AT.0008.20.AQ,NET.09,STA.09.AKC,,SPO.09.AKC.5066.6001.1,SPP.09.AKC.5066.6001.1.11325,SAM.09.AKC.5066.6001.1,PM2.5,http://dd.eionet.europa.eu/vocabulary/aq/pollutant/6001,hour,13.3074998800,µg/m3,2018-04-22 12:00:00 +01:00,2018-04-22 13:00:00 +01:00,1,1
AT,AT.0008.20.AQ,NET.09,STA.09.AKC,,SPO.09.AKC.5066.6001.1,SPP.09.AKC.5066.6001.1.11325,SAM.09.AKC.5066.6001.1,PM2.5,http://dd.eionet.europa.eu/vocabulary/aq/pollutant/6001,hour,12.1094999300,µg/m3,2018-04-22 13:00:00 +01:00,2018-04-22 14:00:00 +01:00,1,1
AT,AT.0008.20.AQ,NET.09,STA.09.AKC,,SPO.09.AKC.5066.6001.1,SPP.09.AKC.5066.6001.1.11325,SAM.09.AKC.5066.6001.1,PM2.5,http://dd.eionet.europa.eu/vocabulary/aq/pollutant/6001,hour,11.9219999300,µg/m3,2018-04-22 14:00:00 +01:00,2018-04-22 15:00:00 +01:00,1,1
AT,AT.0008.20.AQ,NET.09,STA.09.AKC,,SPO.09.AKC.5066.6001.1,SPP.09.AKC.5066.6001.1.11325,SAM.09.AKC.5066.6001.1,PM2.5,http://dd.eionet.europa.eu/vocabulary/aq/pollutant/6001,hour,12.0375003800,µg/m3,2018-04-22 15:00:00 +01:00,2018-04-22 16:00:00 +01:00,1,1
AT,AT.0008.20.AQ,NET.09,STA.09.AKC,,SPO.09.AKC.5066.6001.1,SPP.09.AKC.5066.6001.1.11325,SAM.09.AKC.5066.6001.1,PM2.5,http://dd.eionet.europa.eu/vocabulary/aq/pollutant/6001,hour,11.6914997100,µg/m3,2018-04-22 16:00:00 +01:00,2018-04-22 17:00:00 +01:00,1,1
AT,AT.0008.20.AQ,NET.09,STA.09.AKC,,SPO.09.AKC.5066.6001.1,SPP.09.AKC.5066.6001.1.11325,SAM.09.AKC.5066.6001.1,PM2.5,http://dd.eionet.europa.eu/vocabulary/aq/pollutant/6001,hour,12.0614995900,µg/m3,2018-04-22 17:00:00 +01:00,2018-04-22 18:00:00 +01:00,1,1
AT,AT.0008.20.AQ,NET.09,STA.09.AKC,,SPO.09.AKC.5066.6001.1,SPP.09.AKC.5066.6001.1.11325,SAM.09.AKC.5066.6001.1,PM2.5,http://dd.eionet.europa.eu/vocabulary/aq/pollutant/6001,hour,13.7360000600,µg/m3,2018-04-22 19:00:00 +01:00,2018-04-22 20:00:00 +01:00,1,1
AT,AT.0008.20.AQ,NET.09,STA.09.AKC,,SPO.09.AKC.5066.6001.1,SPP.09.AKC.5066.6001.1.11325,SAM.09.AKC.5066.6001.1,PM2.5,http://dd.eionet.europa.eu/vocabulary/aq/pollutant/6001,hour,18.1284999800,µg/m3,2018-04-22 20:00:00 +01:00,2018-04-22 21:00:00 +01:00,1,1
AT,AT.0008.20.AQ,NET.09,STA.09.AKC,,SPO.09.AKC.5066.6001.1,SPP.09.AKC.5066.6001.1.11325,SAM.09.AKC.5066.6001.1,PM2.5,http://dd.eionet.europa.eu/vocabulary/aq/pollutant/6001,hour,19.1340007700,µg/m3,2018-04-22 22:00:00 +01:00,2018-04-22 23:00:00 +01:00,1,1
AT,AT.0008.20.AQ,NET.09,STA.09.AKC,,SPO.09.AKC.5066.6001.1,SPP.09.AKC.5066.6001.1.11325,SAM.09.AKC.5066.6001.1,PM2.5,http://dd.eionet.europa.eu/vocabulary/aq/pollutant/6001,hour,18.6905002500,µg/m3,2018-04-22 23:00:00 +01:00,2018-04-23 00:00:00 +01:00,1,1
AT,AT.0008.20.AQ,NET.09,STA.09.AKC,,SPO.09.AKC.5066.6001.1,SPP.09.AKC.5066.6001.1.11325,SAM.09.AKC.5066.6001.1,PM2.5,http://dd.eionet.europa.eu/vocabulary/aq/pollutant/6001,hour,19.8570003500,µg/m3,2018-04-23 00:00:00 +01:00,2018-04-23 01:00:00 +01:00,1,1
AT,AT.0008.20.AQ,NET.09,STA.09.AKC,,SPO.09.AKC.5066.6001.1,SPP.09.AKC.5066.6001.1.11325,SAM.09.AKC.5066.6001.1,PM2.5,http://dd.eionet.europa.eu/vocabulary/aq/pollutant/6001,hour,22.5760002100,µg/m3,2018-04-23 01:00:00 +01:00,2018-04-23 02:00:00 +01:00,1,1
AT,AT.0008.20.AQ,NET.09,STA.09.AKC,,SPO.09.AKC.5066.6001.1,SPP.09.AKC.5066.6001.1.11325,SAM.09.AKC.5066.6001.1,PM2.5,http://dd.eionet.europa.eu/vocabulary/aq/pollutant/6001,hour,20.1800003000,µg/m3,2018-04-23 02:00:00 +01:00,2018-04-23 03:00:00 +01:00,1,1
AT,AT.0008.20.AQ,NET.09,STA.09.AKC,,SPO.09.AKC.5066.6001.1,SPP.09.AKC.5066.6001.1.11325,SAM.09.AKC.5066.6001.1,PM2.5,http://dd.eionet.europa.eu/vocabulary/aq/pollutant/6001,hour,17.6944999600,µg/m3,2018-04-23 04:00:00 +01:00,2018-04-23 05:00:00 +01:00,1,1
AT,AT.0008.20.AQ,NET.09,STA.09.AKC,,SPO.09.AKC.5066.6001.1,SPP.09.AKC.5066.6001.1.11325,SAM.09.AKC.5066.6001.1,PM2.5,http://dd.eionet.europa.eu/vocabulary/aq/pollutant/6001,hour,21.7014999300,µg/m3,2018-04-23 05:00:00 +01:00,2018-04-23 06:00:00 +01:00,1,1
AT,AT.0008.20.AQ,NET.09,STA.09.AKC,,SPO.09.AKC.5066.6001.1,SPP.09.AKC.5066.6001.1.11325,SAM.09.AKC.5066.6001.1,PM2.5,http://dd.eionet.europa.eu/vocabulary/aq/pollutant/6001,hour,19.9054985000,µg/m3,2018-04-23 07:00:00 +01:00,2018-04-23 08:00:00 +01:00,1,1
AT,AT.0008.20.AQ,NET.09,STA.09.AKC,,SPO.09.AKC.5066.6001.1,SPP.09.AKC.5066.6001.1.11325,SAM.09.AKC.5066.6001.1,PM2.5,http://dd.eionet.europa.eu/vocabulary/aq/pollutant/6001,hour,12.8600006100,µg/m3,2018-04-23 09:00:00 +01:00,2018-04-23 10:00:00 +01:00,1,1
AT,AT.0008.20.AQ,NET.09,STA.09.AKC,,SPO.09.AKC.5066.6001.1,SPP.09.AKC.5066.6001.1.11325,SAM.09.AKC.5066.6001.1,PM2.5,http://dd.eionet.europa.eu/vocabulary/aq/pollutant/6001,hour,10.7405004500,µg/m3,2018-04-23 11:00:00 +01:00,2018-04-23 12:00:00 +01:00,1,1
AT,AT.0008.20.AQ,NET.09,STA.09.AKC,,SPO.09.AKC.5066.6001.1,SPP.09.AKC.5066.6001.1.11325,SAM.09.AKC.5066.6001.1,PM2.5,http://dd.eionet.europa.eu/vocabulary/aq/pollutant/6001,hour,8.4751501000,µg/m3,2018-04-23 14:00:00 +01:00,2018-04-23 15:00:00 +01:00,1,1
AT,AT.0008.20.AQ,NET.09,STA.09.AKC,,SPO.09.AKC.5066.6001.1,SPP.09.AKC.5066.6001.1.11325,SAM.09.AKC.5066.6001.1,PM2.5,http://dd.eionet.europa.eu/vocabulary/aq/pollutant/6001,hour,8.2348995200,µg/m3,2018-04-23 15:00:00 +01:00,2018-04-23 16:00:00 +01:00,1,1
AT,AT.0008.20.AQ,NET.09,STA.09.AKC,,SPO.09.AKC.5066.6001.1,SPP.09.AKC.5066.6001.1.11325,SAM.09.AKC.5066.6001.1,PM2.5,http://dd.eionet.europa.eu/vocabulary/aq/pollutant/6001,hour,8.5043497000,µg/m3,2018-04-23 16:00:00 +01:00,2018-04-23 17:00:00 +01:00,1,1
AT,AT.0008.20.AQ,NET.09,STA.09.AKC,,SPO.09.AKC.5066.6001.1,SPP.09.AKC.5066.6001.1.11325,SAM.09.AKC.5066.6001.1,PM2.5,http://dd.eionet.europa.eu/vocabulary/aq/pollutant/6001,hour,8.8360500300,µg/m3,2018-04-23 18:00:00 +01:00,2018-04-23 19:00:00 +01:00,1,1
AT,AT.0008.20.AQ,NET.09,STA.09.AKC,,SPO.09.AKC.5066.6001.1,SPP.09.AKC.5066.6001.1.11325,SAM.09.AKC.5066.6001.1,PM2.5,http://dd.eionet.europa.eu/vocabulary/aq/pollutant/6001,hour,10.5165004700,µg/m3,2018-04-23 19:00:00 +01:00,2018-04-23 20:00:00 +01:00,1,1
AT,AT.0008.20.AQ,NET.09,STA.09.AKC,,SPO.09.AKC.5066.6001.1,SPP.09.AKC.5066.6001.1.11325,SAM.09.AKC.5066.6001.1,PM2.5,http://dd.eionet.europa.eu/vocabulary/aq/pollutant/6001,hour,10.1963996800,µg/m3,2018-04-23 20:00:00 +01:00,2018-04-23 21:00:00 +01:00,1,1
AT,AT.0008.20.AQ,NET.09,STA.09.AKC,,SPO.09.AKC.5066.6001.1,SPP.09.AKC.5066.6001.1.11325,SAM.09.AKC.5066.6001.1,PM2.5,http://dd.eionet.europa.eu/vocabulary/aq/pollutant/6001,hour,9.2624998000,µg/m3,2018-04-23 23:00:00 +01:00,2018-04-24 00:00:00 +01:00,1,1
AT,AT.0008.20.AQ,NET.09,STA.09.AKC,,SPO.09.AKC.5066.6001.1,SPP.09.AKC.5066.6001.1.11325,SAM.09.AKC.5066.6001.1,PM2.5,http://dd.eionet.europa.eu/vocabulary/aq/pollutant/6001,hour,8.5806007300,µg/m3,2018-04-24 00:00:00 +01:00,2018-04-24 01:00:00 +01:00,1,1
AT,AT.0008.20.AQ,NET.09,STA.09.AKC,,SPO.09.AKC.5066.6001.1,SPP.09.AKC.5066.6001.1.11325,SAM.09.AKC.5066.6001.1,PM2.5,http://dd.eionet.europa.eu/vocabulary/aq/pollutant/6001,hour,8.2454500100,µg/m3,2018-04-24 03:00:00 +01:00,2018-04-24 04:00:00 +01:00,1,1
AT,AT.0008.20.AQ,NET.09,STA.09.AKC,,SPO.09.AKC.5066.6001.1,SPP.09.AKC.5066.6001.1.11325,SAM.09.AKC.5066.6001.1,PM2.5,http://dd.eionet.europa.eu/vocabulary/aq/pollutant/6001,hour,11.5979995700,µg/m3,2018-04-24 06:00:00 +01:00,2018-04-24 07:00:00 +01:00,1,1
AT,AT.0008.20.AQ,NET.09,STA.09.AKC,,SPO.09.AKC.5066.6001.1,SPP.09.AKC.5066.6001.1.11325,SAM.09.AKC.5066.6001.1,PM2.5,http://dd.eionet.europa.eu/vocabulary/aq/pollutant/6001,hour,9.9909000300,µg/m3,2018-04-24 07:00:00 +01:00,2018-04-24 08:00:00 +01:00,1,1
AT,AT.0008.20.AQ,NET.09,STA.09.AKC,,SPO.09.AKC.5066.6001.1,SPP.09.AKC.5066.6001.1.11325,SAM.09.AKC.5066.6001.1,PM2.5,http://dd.eionet.europa.eu/vocabulary/aq/pollutant/6001,hour,7.1609001100,µg/m3,2018-04-24 10:00:00 +01:00,2018-04-24 11:00:00 +01:00,1,1
AT,AT.0008.20.AQ,NET.09,STA.09.AKC,,SPO.09.AKC.5066.6001.1,SPP.09.AKC.5066.6001.1.11325,SAM.09.AKC.5066.6001.1,PM2.5,http://dd.eionet.europa.eu/vocabulary/aq/pollutant/6001,hour,9.8508996900,µg/m3,2018-04-24 13:00:00 +01:00,2018-04-24 14:00:00 +01:00,1,1
AT,AT.0008.20.AQ,NET.09,STA.09.AKC,,SPO.09.AKC.5066.6001.1,SPP.09.AKC.5066.6001.1.11325,SAM.09.AKC.5066.6001.1,PM2.5,http://dd.eionet.europa.eu/vocabulary/aq/pollutant/6001,hour,8.9377498600,µg/m3,2018-04-24 14:00:00 +01:00,2018-04-24 15:00:00 +01:00,1,1
AT,AT.0008.20.AQ,NET.09,STA.09.AKC,,SPO.09.AKC.5066.6001.1,SPP.09.AKC.5066.6001.1.11325,SAM.09.AKC.5066.6001.1,PM2.5,http://dd.eionet.europa.eu/vocabulary/aq/pollutant/6001,hour,8.3196001000,µg/m3,2018-04-24 15:00:00 +01:00,2018-04-24 16:00:00 +01:00,1,1
AT,AT.0008.20.AQ,NET.09,STA.09.AKC,,SPO.09.AKC.5066.6001.1,SPP.09.AKC.5066.6001.1.11325,SAM.09.AKC.5066.6001.1,PM2.5,http://dd.eionet.europa.eu/vocabulary/aq/pollutant/6001,hour,8.3405494600,µg/m3,2018-04-24 17:00:00 +01:00,2018-04-24 18:00:00 +01:00,1,1
AT,AT.0008.20.AQ,NET.09,STA.09.AKC,,SPO.09.AKC.5066.6001.1,SPP.09.AKC.5066.6001.1.11325,SAM.09.AKC.5066.6001.1,PM2.5,http://dd.eionet.europa.eu/vocabulary/aq/pollutant/6001,hour,9.4440994200,µg/m3,2018-04-24 19:00:00 +01:00,2018-04-24 20:00:00 +01:00,1,1
AT,AT.0008.20.AQ,NET.09,STA.09.AKC,,SPO.09.AKC.5066.6001.1,SPP.09.AKC.5066.6001.1.11325,SAM.09.AKC.5066.6001.1,PM2.5,http://dd.eionet.europa.eu/vocabulary/aq/pollutant/6001,hour,10.8500003800,µg/m3,2018-04-24 20:00:00 +01:00,2018-04-24 21:00:00 +01:00,1,1
AT,AT.0008.20.AQ,NET.09,STA.09.AKC,,SPO.09.AKC.5066.6001.1,SPP.09.AKC.5066.6001.1.11325,SAM.09.AKC.5066.6001.1,PM2.5,http://dd.eionet.europa.eu/vocabulary/aq/pollutant/6001,hour,11.9960002800,µg/m3,2018-04-24 21:00:00 +01:00,2018-04-24 22:00:00 +01:00,1,1
AT,AT.0008.20.AQ,NET.09,STA.09.AKC,,SPO.09.AKC.5066.6001.1,SPP.09.AKC.5066.6001.1.11325,SAM.09.AKC.5066.6001.1,PM2.5,http://dd.eionet.europa.eu/vocabulary/aq/pollutant/6001,hour,10.0832996300,µg/m3,2018-04-24 23:00:00 +01:00,2018-04-25 00:00:00 +01:00,1,1
AT,AT.0008.20.AQ,NET.09,STA.09.AKC,,SPO.09.AKC.5066.6001.1,SPP.09.AKC.5066.6001.1.11325,SAM.09.AKC.5066.6001.1,PM2.5,http://dd.eionet.europa.eu/vocabulary/aq/pollutant/6001,hour,9.6266002600,µg/m3,2018-04-25 00:00:00 +01:00,2018-04-25 01:00:00 +01:00,1,1
AT,AT.0008.20.AQ,NET.09,STA.09.AKC,,SPO.09.AKC.5066.6001.1,SPP.09.AKC.5066.6001.1.11325,SAM.09.AKC.5066.6001.1,PM2.5,http://dd.eionet.europa.eu/vocabulary/aq/pollutant/6001,hour,8.4788494100,µg/m3,2018-04-25 01:00:00 +01:00,2018-04-25 02:00:00 +01:00,1,1
AT,AT.0008.20.AQ,NET.09,STA.09.AKC,,SPO.09.AKC.5066.6001.1,SPP.09.AKC.5066.6001.1.11325,SAM.09.AKC.5066.6001.1,PM2.5,http://dd.eionet.europa.eu/vocabulary/aq/pollutant/6001,hour,8.3879499400,µg/m3,2018-04-25 02:00:00 +01:00,2018-04-25 03:00:00 +01:00,1,1
AT,AT.0008.20.AQ,NET.09,STA.09.AKC,,SPO.09.AKC.5066.6001.1,SPP.09.AKC.5066.6001.1.11325,SAM.09.AKC.5066.6001.1,PM2.5,http://dd.eionet.europa.eu/vocabulary/aq/pollutant/6001,hour,13.4449996900,µg/m3,2018-04-25 06:00:00 +01:00,2018-04-25 07:00:00 +01:00,1,1
AT,AT.0008.20.AQ,NET.09,STA.09.AKC,,SPO.09.AKC.5066.6001.1,SPP.09.AKC.5066.6001.1.11325,SAM.09.AKC.5066.6001.1,PM2.5,http://dd.eionet.europa.eu/vocabulary/aq/pollutant/6001,hour,16.0499992300,µg/m3,2018-04-25 07:00:00 +01:00,2018-04-25 08:00:00 +01:00,1,1
AT,AT.0008.20.AQ,NET.09,STA.09.AKC,,SPO.09.AKC.5066.6001.1,SPP.09.AKC.5066.6001.1.11325,SAM.09.AKC.5066.6001.1,PM2.5,http://dd.eionet.europa.eu/vocabulary/aq/pollutant/6001,hour,12.4214992500,µg/m3,2018-04-25 08:00:00 +01:00,2018-04-25 09:00:00 +01:00,1,1
AT,AT.0008.20.AQ,NET.09,STA.09.AKC,,SPO.09.AKC.5066.6001.1,SPP.09.AKC.5066.6001.1.11325,SAM.09.AKC.5066.6001.1,PM2.5,http://dd.eionet.europa.eu/vocabulary/aq/pollutant/6001,hour,6.9567003200,µg/m3,2018-04-25 11:00:00 +01:00,2018-04-25 12:00:00 +01:00,1,1
AT,AT.0008.20.AQ,NET.09,STA.09.AKC,,SPO.09.AKC.5066.6001.1,SPP.09.AKC.5066.6001.1.11325,SAM.09.AKC.5066.6001.1,PM2.5,http://dd.eionet.europa.eu/vocabulary/aq/pollutant/6001,hour,7.3509998300,µg/m3,2018-04-25 12:00:00 +01:00,2018-04-25 13:00:00 +01:00,1,1
AT,AT.0008.20.AQ,NET.09,STA.09.AKC,,SPO.09.AKC.5066.6001.1,SPP.09.AKC.5066.6001.1.11325,SAM.09.AKC.5066.6001.1,PM2.5,http://dd.eionet.europa.eu/vocabulary/aq/pollutant/6001,hour,8.0114002200,µg/m3,2018-04-25 13:00:00 +01:00,2018-04-25 14:00:00 +01:00,1,1
AT,AT.0008.20.AQ,NET.09,STA.09.AKC,,SPO.09.AKC.5066.6001.1,SPP.09.AKC.5066.6001.1.11325,SAM.09.AKC.5066.6001.1,PM2.5,http://dd.eionet.europa.eu/vocabulary/aq/pollutant/6001,hour,7.8757996500,µg/m3,2018-04-25 14:00:00 +01:00,2018-04-25 15:00:00 +01:00,1,1
AT,AT.0008.20.AQ,NET.09,STA.09.AKC,,SPO.09.AKC.5066.6001.1,SPP.09.AKC.5066.6001.1.11325,SAM.09.AKC.5066.6001.1,PM2.5,http://dd.eionet.europa.eu/vocabulary/aq/pollutant/6001,hour,7.9839501300,µg/m3,2018-04-25 15:00:00 +01:00,2018-04-25 16:00:00 +01:00,1,1
AT,AT.0008.20.AQ,NET.09,STA.09.AKC,,SPO.09.AKC.5066.6001.1,SPP.09.AKC.5066.6001.1.11325,SAM.09.AKC.5066.6001.1,PM2.5,http://dd.eionet.europa.eu/vocabulary/aq/pollutant/6001,hour,10.4863500500,µg/m3,2018-04-25 19:00:00 +01:00,2018-04-25 20:00:00 +01:00,1,1
AT,AT.0008.20.AQ,NET.09,STA.09.AKC,,SPO.09.AKC.5066.6001.1,SPP.09.AKC.5066.6001.1.11325,SAM.09.AKC.5066.6001.1,PM2.5,http://dd.eionet.europa.eu/vocabulary/aq/pollutant/6001,hour,10.0898494700,µg/m3,2018-04-25 20:00:00 +01:00,2018-04-25 21:00:00 +01:00,1,1
AT,AT.0008.20.AQ,NET.09,STA.09.AKC,,SPO.09.AKC.5066.6001.1,SPP.09.AKC.5066.6001.1.11325,SAM.09.AKC.5066.6001.1,PM2.5,http://dd.eionet.europa.eu/vocabulary/aq/pollutant/6001,hour,9.7196006700,µg/m3,2018-04-25 22:00:00 +01:00,2018-04-25 23:00:00 +01:00,1,1
AT,AT.0008.20.AQ,NET.09,STA.09.AKC,,SPO.09.AKC.5066.6001.1,SPP.09.AKC.5066.6001.1.11325,SAM.09.AKC.5066.6001.1,PM2.5,http://dd.eionet.europa.eu/vocabulary/aq/pollutant/6001,hour,9.5429496700,µg/m3,2018-04-25 23:00:00 +01:00,2018-04-26 00:00:00 +01:00,1,1
AT,AT.0008.20.AQ,NET.09,STA.09.AKC,,SPO.09.AKC.5066.6001.1,SPP.09.AKC.5066.6001.1.11325,SAM.09.AKC.5066.6001.1,PM2.5,http://dd.eionet.europa.eu/vocabulary/aq/pollutant/6001,hour,8.5290508200,µg/m3,2018-04-26 00:00:00 +01:00,2018-04-26 01:00:00 +01:00,1,1
AT,AT.0008.20.AQ,NET.09,STA.09.AKC,,SPO.09.AKC.5066.6001.1,SPP.09.AKC.5066.6001.1.11325,SAM.09.AKC.5066.6001.1,PM2.5,http://dd.eionet.europa.eu/vocabulary/aq/pollutant/6001,hour,7.0364499000,µg/m3,2018-04-26 01:00:00 +01:00,2018-04-26 02:00:00 +01:00,1,1
AT,AT.0008.20.AQ,NET.09,STA.09.AKC,,SPO.09.AKC.5066.6001.1,SPP.09.AKC.5066.6001.1.11325,SAM.09.AKC.5066.6001.1,PM2.5,http://dd.eionet.europa.eu/vocabulary/aq/pollutant/6001,hour,6.9512000000,µg/m3,2018-04-26 02:00:00 +01:00,2018-04-26 03:00:00 +01:00,1,1
AT,AT.0008.20.AQ,NET.09,STA.09.AKC,,SPO.09.AKC.5066.6001.1,SPP.09.AKC.5066.6001.1.11325,SAM.09.AKC.5066.6001.1,PM2.5,http://dd.eionet.europa.eu/vocabulary/aq/pollutant/6001,hour,8.0424003600,µg/m3,2018-04-26 03:00:00 +01:00,2018-04-26 04:00:00 +01:00,1,1
AT,AT.0008.20.AQ,NET.09,STA.09.AKC,,SPO.09.AKC.5066.6001.1,SPP.09.AKC.5066.6001.1.11325,SAM.09.AKC.5066.6001.1,PM2.5,http://dd.eionet.europa.eu/vocabulary/aq/pollutant/6001,hour,9.8908004700,µg/m3,2018-04-26 04:00:00 +01:00,2018-04-26 05:00:00 +01:00,1,1
AT,AT.0008.20.AQ,NET.09,STA.09.AKC,,SPO.09.AKC.5066.6001.1,SPP.09.AKC.5066.6001.1.11325,SAM.09.AKC.5066.6001.1,PM2.5,http://dd.eionet.europa.eu/vocabulary/aq/pollutant/6001,hour,7.9025497400,µg/m3,2018-04-26 06:00:00 +01:00,2018-04-26 07:00:00 +01:00,1,1
AT,AT.0008.20.AQ,NET.09,STA.09.AKC,,SPO.09.AKC.5066.6001.1,SPP.09.AKC.5066.6001.1.11325,SAM.09.AKC.5066.6001.1,PM2.5,http://dd.eionet.europa.eu/vocabulary/aq/pollutant/6001,hour,6.2769999500,µg/m3,2018-04-26 07:00:00 +01:00,2018-04-26 08:00:00 +01:00,1,1
AT,AT.0008.20.AQ,NET.09,STA.09.AKC,,SPO.09.AKC.5066.6001.1,SPP.09.AKC.5066.6001.1.11325,SAM.09.AKC.5066.6001.1,PM2.5,http://dd.eionet.europa.eu/vocabulary/aq/pollutant/6001,hour,7.3335499700,µg/m3,2018-04-26 12:00:00 +01:00,2018-04-26 13:00:00 +01:00,1,1
AT,AT.0008.20.AQ,NET.09,STA.09.AKC,,SPO.09.AKC.5066.6001.1,SPP.09.AKC.5066.6001.1.11325,SAM.09.AKC.5066.6001.1,PM2.5,http://dd.eionet.europa.eu/vocabulary/aq/pollutant/6001,hour,7.2425498900,µg/m3,2018-04-26 13:00:00 +01:00,2018-04-26 14:00:00 +01:00,1,1
AT,AT.0008.20.AQ,NET.09,STA.09.AKC,,SPO.09.AKC.5066.6001.1,SPP.09.AKC.5066.6001.1.11325,SAM.09.AKC.5066.6001.1,PM2.5,http://dd.eionet.europa.eu/vocabulary/aq/pollutant/6001,hour,7.1079502100,µg/m3,2018-04-26 15:00:00 +01:00,2018-04-26 16:00:00 +01:00,1,1
AT,AT.0008.20.AQ,NET.09,STA.09.AKC,,SPO.09.AKC.5066.6001.1,SPP.09.AKC.5066.6001.1.11325,SAM.09.AKC.5066.6001.1,PM2.5,http://dd.eionet.europa.eu/vocabulary/aq/pollutant/6001,hour,6.9721002500,µg/m3,2018-04-26 18:00:00 +01:00,2018-04-26 19:00:00 +01:00,1,1
AT,AT.0008.20.AQ,NET.09,STA.09.AKC,,SPO.09.AKC.5066.6001.1,SPP.09.AKC.5066.6001.1.11325,SAM.09.AKC.5066.6001.1,PM2.5,http://dd.eionet.europa.eu/vocabulary/aq/pollutant/6001,hour,6.9917497600,µg/m3,2018-04-26 21:00:00 +01:00,2018-04-26 22:00:00 +01:00,1,1
AT,AT.0008.20.AQ,NET.09,STA.09.AKC,,SPO.09.AKC.5066.6001.1,SPP.09.AKC.5066.6001.1.11325,SAM.09.AKC.5066.6001.1,PM2.5,http://dd.eionet.europa.eu/vocabulary/aq/pollutant/6001,hour,7.3143501200,µg/m3,2018-04-26 22:00:00 +01:00,2018-04-26 23:00:00 +01:00,1,1
AT,AT.0008.20.AQ,NET.09,STA.09.AKC,,SPO.09.AKC.5066.6001.1,SPP.09.AKC.5066.6001.1.11325,SAM.09.AKC.5066.6001.1,PM2.5,http://dd.eionet.europa.eu/vocabulary/aq/pollutant/6001,hour,7.6298999700,µg/m3,2018-04-26 23:00:00 +01:00,2018-04-27 00:00:00 +01:00,1,1
AT,AT.0008.20.AQ,NET.09,STA.09.AKC,,SPO.09.AKC.5066.6001.1,SPP.09.AKC.5066.6001.1.11325,SAM.09.AKC.5066.6001.1,PM2.5,http://dd.eionet.europa.eu/vocabulary/aq/pollutant/6001,hour,7.5583000100,µg/m3,2018-04-27 00:00:00 +01:00,2018-04-27 01:00:00 +01:00,1,1
AT,AT.0008.20.AQ,NET.09,STA.09.AKC,,SPO.09.AKC.5066.6001.1,SPP.09.AKC.5066.6001.1.11325,SAM.09.AKC.5066.6001.1,PM2.5,http://dd.eionet.europa.eu/vocabulary/aq/pollutant/6001,hour,7.4145498200,µg/m3,2018-04-27 03:00:00 +01:00,2018-04-27 04:00:00 +01:00,1,1
AT,AT.0008.20.AQ,NET.09,STA.09.AKC,,SPO.09.AKC.5066.6001.1,SPP.09.AKC.5066.6001.1.11325,SAM.09.AKC.5066.6001.1,PM2.5,http://dd.eionet.europa.eu/vocabulary/aq/pollutant/6001,hour,14.8784999800,µg/m3,2018-04-27 07:00:00 +01:00,2018-04-27 08:00:00 +01:00,1,1
AT,AT.0008.20.AQ,NET.09,STA.09.AKC,,SPO.09.AKC.5066.6001.1,SPP.09.AKC.5066.6001.1.11325,SAM.09.AKC.5066.6001.1,PM2.5,http://dd.eionet.europa.eu/vocabulary/aq/pollutant/6001,hour,12.2425003000,µg/m3,2018-04-27 09:00:00 +01:00,2018-04-27 10:00:00 +01:00,1,1
AT,AT.0008.20.AQ,NET.09,STA.09.AKC,,SPO.09.AKC.5066.6001.1,SPP.09.AKC.5066.6001.1.11325,SAM.09.AKC.5066.6001.1,PM2.5,http://dd.eionet.europa.eu/vocabulary/aq/pollutant/6001,hour,7.4721002500,µg/m3,2018-04-27 11:00:00 +01:00,2018-04-27 12:00:00 +01:00,1,1
AT,AT.0008.20.AQ,NET.09,STA.09.AKC,,SPO.09.AKC.5066.6001.1,SPP.09.AKC.5066.6001.1.11325,SAM.09.AKC.5066.6001.1,PM2.5,http://dd.eionet.europa.eu/vocabulary/aq/pollutant/6001,hour,5.6076002100,µg/m3,2018-04-27 13:00:00 +01:00,2018-04-27 14:00:00 +01:00,1,1
AT,AT.0008.20.AQ,NET.09,STA.09.AKC,,SPO.09.AKC.5066.6001.1,SPP.09.AKC.5066.6001.1.11325,SAM.09.AKC.5066.6001.1,PM2.5,http://dd.eionet.europa.eu/vocabulary/aq/pollutant/6001,hour,5.7592000900,µg/m3,2018-04-27 15:00:00 +01:00,2018-04-27 16:00:00 +01:00,1,1
AT,AT.0008.20.AQ,NET.09,STA.09.AKC,,SPO.09.AKC.5066.6001.1,SPP.09.AKC.5066.6001.1.11325,SAM.09.AKC.5066.6001.1,PM2.5,http://dd.eionet.europa.eu/vocabulary/aq/pollutant/6001,hour,8.5033493000,µg/m3,2018-04-27 21:00:00 +01:00,2018-04-27 22:00:00 +01:00,1,1
AT,AT.0008.20.AQ,NET.09,STA.09.AKC,,SPO.09.AKC.5066.6001.1,SPP.09.AKC.5066.6001.1.11325,SAM.09.AKC.5066.6001.1,PM2.5,http://dd.eionet.europa.eu/vocabulary/aq/pollutant/6001,hour,9.1275997100,µg/m3,2018-04-27 23:00:00 +01:00,2018-04-28 00:00:00 +01:00,1,1
AT,AT.0008.20.AQ,NET.09,STA.09.AKC,,SPO.09.AKC.5066.6001.1,SPP.09.AKC.5066.6001.1.11325,SAM.09.AKC.5066.6001.1,PM2.5,http://dd.eionet.europa.eu/vocabulary/aq/pollutant/6001,hour,10.2350006100,µg/m3,2018-04-28 02:00:00 +01:00,2018-04-28 03:00:00 +01:00,1,1
AT,AT.0008.20.AQ,NET.09,STA.09.AKC,,SPO.09.AKC.5066.6001.1,SPP.09.AKC.5066.6001.1.11325,SAM.09.AKC.5066.6001.1,PM2.5,http://dd.eionet.europa.eu/vocabulary/aq/pollutant/6001,hour,10.7974996500,µg/m3,2018-04-28 03:00:00 +01:00,2018-04-28 04:00:00 +01:00,1,1
AT,AT.0008.20.AQ,NET.09,STA.09.AKC,,SPO.09.AKC.5066.6001.1,SPP.09.AKC.5066.6001.1.11325,SAM.09.AKC.5066.6001.1,PM2.5,http://dd.eionet.europa.eu/vocabulary/aq/pollutant/6001,hour,11.8435001300,µg/m3,2018-04-28 05:00:00 +01:00,2018-04-28 06:00:00 +01:00,1,1
AT,AT.0008.20.AQ,NET.09,STA.09.AKC,,SPO.09.AKC.5066.6001.1,SPP.09.AKC.5066.6001.1.11325,SAM.09.AKC.5066.6001.1,PM2.5,http://dd.eionet.europa.eu/vocabulary/aq/pollutant/6001,hour,12.9114999700,µg/m3,2018-04-28 06:00:00 +01:00,2018-04-28 07:00:00 +01:00,1,1
AT,AT.0008.20.AQ,NET.09,STA.09.AKC,,SPO.09.AKC.5066.6001.1,SPP.09.AKC.5066.6001.1.11325,SAM.09.AKC.5066.6001.1,PM2.5,http://dd.eionet.europa.eu/vocabulary/aq/pollutant/6001,hour,14.0559997500,µg/m3,2018-04-28 07:00:00 +01:00,2018-04-28 08:00:00 +01:00,1,1
AT,AT.0008.20.AQ,NET.09,STA.09.AKC,,SPO.09.AKC.5066.6001.1,SPP.09.AKC.5066.6001.1.11325,SAM.09.AKC.5066.6001.1,PM2.5,http://dd.eionet.europa.eu/vocabulary/aq/pollutant/6001,hour,15.5375003800,µg/m3,2018-04-28 08:00:00 +01:00,2018-04-28 09:00:00 +01:00,1,1
AT,AT.0008.20.AQ,NET.09,STA.09.AKC,,SPO.09.AKC.5066.6001.1,SPP.09.AKC.5066.6001.1.11325,SAM.09.AKC.5066.6001.1,PM2.5,http://dd.eionet.europa.eu/vocabulary/aq/pollutant/6001,hour,12.8584995200,µg/m3,2018-04-28 10:00:00 +01:00,2018-04-28 11:00:00 +01:00,1,1
AT,AT.0008.20.AQ,NET.09,STA.09.AKC,,SPO.09.AKC.5066.6001.1,SPP.09.AKC.5066.6001.1.11325,SAM.09.AKC.5066.6001.1,PM2.5,http://dd.eionet.europa.eu/vocabulary/aq/pollutant/6001,hour,11.1865005400,µg/m3,2018-04-28 11:00:00 +01:00,2018-04-28 12:00:00 +01:00,1,1
AT,AT.0008.20.AQ,NET.09,STA.09.AKC,,SPO.09.AKC.5066.6001.1,SPP.09.AKC.5066.6001.1.11325,SAM.09.AKC.5066.6001.1,PM2.5,http://dd.eionet.europa.eu/vocabulary/aq/pollutant/6001,hour,8.0741996700,µg/m3,2018-04-28 13:00:00 +01:00,2018-04-28 14:00:00 +01:00,1,1
AT,AT.0008.20.AQ,NET.09,STA.09.AKC,,SPO.09.AKC.5066.6001.1,SPP.09.AKC.5066.6001.1.11325,SAM.09.AKC.5066.6001.1,PM2.5,http://dd.eionet.europa.eu/vocabulary/aq/pollutant/6001,hour,8.7073001800,µg/m3,2018-04-28 15:00:00 +01:00,2018-04-28 16:00:00 +01:00,1,1
AT,AT.0008.20.AQ,NET.09,STA.09.AKC,,SPO.09.AKC.5066.6001.1,SPP.09.AKC.5066.6001.1.11325,SAM.09.AKC.5066.6001.1,PM2.5,http://dd.eionet.europa.eu/vocabulary/aq/pollutant/6001,hour,10.6849994600,µg/m3,2018-04-28 18:00:00 +01:00,2018-04-28 19:00:00 +01:00,1,1
AT,AT.0008.20.AQ,NET.09,STA.09.AKC,,SPO.09.AKC.5066.6001.1,SPP.09.AKC.5066.6001.1.11325,SAM.09.AKC.5066.6001.1,PM2.5,http://dd.eionet.europa.eu/vocabulary/aq/pollutant/6001,hour,10.9755001000,µg/m3,2018-04-28 19:00:00 +01:00,2018-04-28 20:00:00 +01:00,1,1
AT,AT.0008.20.AQ,NET.09,STA.09.AKC,,SPO.09.AKC.5066.6001.1,SPP.09.AKC.5066.6001.1.11325,SAM.09.AKC.5066.6001.1,PM2.5,http://dd.eionet.europa.eu/vocabulary/aq/pollutant/6001,hour,10.9639997400,µg/m3,2018-04-28 20:00:00 +01:00,2018-04-28 21:00:00 +01:00,1,1
AT,AT.0008.20.AQ,NET.09,STA.09.AKC,,SPO.09.AKC.5066.6001.1,SPP.09.AKC.5066.6001.1.11325,SAM.09.AKC.5066.6001.1,PM2.5,http://dd.eionet.europa.eu/vocabulary/aq/pollutant/6001,hour,14.4274997700,µg/m3,2018-04-29 01:00:00 +01:00,2018-04-29 02:00:00 +01:00,1,1
AT,AT.0008.20.AQ,NET.09,STA.09.AKC,,SPO.09.AKC.5066.6001.1,SPP.09.AKC.5066.6001.1.11325,SAM.09.AKC.5066.6001.1,PM2.5,http://dd.eionet.europa.eu/vocabulary/aq/pollutant/6001,hour,14.1560001300,µg/m3,2018-04-29 02:00:00 +01:00,2018-04-29 03:00:00 +01:00,1,1
AT,AT.0008.20.AQ,NET.09,STA.09.AKC,,SPO.09.AKC.5066.6001.1,SPP.09.AKC.5066.6001.1.11325,SAM.09.AKC.5066.6001.1,PM2.5,http://dd.eionet.europa.eu/vocabulary/aq/pollutant/6001,hour,15.5620002700,µg/m3,2018-04-29 03:00:00 +01:00,2018-04-29 04:00:00 +01:00,1,1
AT,AT.0008.20.AQ,NET.09,STA.09.AKC,,SPO.09.AKC.5066.6001.1,SPP.09.AKC.5066.6001.1.11325,SAM.09.AKC.5066.6001.1,PM2.5,http://dd.eionet.europa.eu/vocabulary/aq/pollutant/6001,hour,14.9825000700,µg/m3,2018-04-29 04:00:00 +01:00,2018-04-29 05:00:00 +01:00,1,1
AT,AT.0008.20.AQ,NET.09,STA.09.AKC,,SPO.09.AKC.5066.6001.1,SPP.09.AKC.5066.6001.1.11325,SAM.09.AKC.5066.6001.1,PM2.5,http://dd.eionet.europa.eu/vocabulary/aq/pollutant/6001,hour,16.1354999500,µg/m3,2018-04-29 05:00:00 +01:00,2018-04-29 06:00:00 +01:00,1,1
AT,AT.0008.20.AQ,NET.09,STA.09.AKC,,SPO.09.AKC.5066.6001.1,SPP.09.AKC.5066.6001.1.11325,SAM.09.AKC.5066.6001.1,PM2.5,http://dd.eionet.europa.eu/vocabulary/aq/pollutant/6001,hour,16.2094993500,µg/m3,2018-04-29 07:00:00 +01:00,2018-04-29 08:00:00 +01:00,1,1
AT,AT.0008.20.AQ,NET.09,STA.09.AKC,,SPO.09.AKC.5066.6001.1,SPP.09.AKC.5066.6001.1.11325,SAM.09.AKC.5066.6001.1,PM2.5,http://dd.eionet.europa.eu/vocabulary/aq/pollutant/6001,hour,14.5855007100,µg/m3,2018-04-29 08:00:00 +01:00,2018-04-29 09:00:00 +01:00,1,1
AT,AT.0008.20.AQ,NET.09,STA.09.AKC,,SPO.09.AKC.5066.6001.1,SPP.09.AKC.5066.6001.1.11325,SAM.09.AKC.5066.6001.1,PM2.5,http://dd.eionet.europa.eu/vocabulary/aq/pollutant/6001,hour,13.4534997900,µg/m3,2018-04-29 09:00:00 +01:00,2018-04-29 10:00:00 +01:00,1,1
AT,AT.0008.20.AQ,NET.09,STA.09.AKC,,SPO.09.AKC.5066.6001.1,SPP.09.AKC.5066.6001.1.11325,SAM.09.AKC.5066.6001.1,PM2.5,http://dd.eionet.europa.eu/vocabulary/aq/pollutant/6001,hour,12.7404994900,µg/m3,2018-04-29 11:00:00 +01:00,2018-04-29 12:00:00 +01:00,1,1
AT,AT.0008.20.AQ,NET.09,STA.09.AKC,,SPO.09.AKC.5066.6001.1,SPP.09.AKC.5066.6001.1.11325,SAM.09.AKC.5066.6001.1,PM2.5,http://dd.eionet.europa.eu/vocabulary/aq/pollutant/6001,hour,11.3275003400,µg/m3,2018-04-29 12:00:00 +01:00,2018-04-29 13:00:00 +01:00,1,1
AT,AT.0008.20.AQ,NET.09,STA.09.AKC,,SPO.09.AKC.5066.6001.1,SPP.09.AKC.5066.6001.1.11325,SAM.09.AKC.5066.6001.1,PM2.5,http://dd.eionet.europa.eu/vocabulary/aq/pollutant/6001,hour,9.4052000000,µg/m3,2018-04-29 13:00:00 +01:00,2018-04-29 14:00:00 +01:00,1,1
AT,AT.0008.20.AQ,NET.09,STA.09.AKC,,SPO.09.AKC.5066.6001.1,SPP.09.AKC.5066.6001.1.11325,SAM.09.AKC.5066.6001.1,PM2.5,http://dd.eionet.europa.eu/vocabulary/aq/pollutant/6001,hour,9.1074504800,µg/m3,2018-04-29 14:00:00 +01:00,2018-04-29 15:00:00 +01:00,1,1
AT,AT.0008.20.AQ,NET.09,STA.09.AKC,,SPO.09.AKC.5066.6001.1,SPP.09.AKC.5066.6001.1.11325,SAM.09.AKC.5066.6001.1,PM2.5,http://dd.eionet.europa.eu/vocabulary/aq/pollutant/6001,hour,10.9470005000,µg/m3,2018-04-29 15:00:00 +01:00,2018-04-29 16:00:00 +01:00,1,1
AT,AT.0008.20.AQ,NET.09,STA.09.AKC,,SPO.09.AKC.5066.6001.1,SPP.09.AKC.5066.6001.1.11325,SAM.09.AKC.5066.6001.1,PM2.5,http://dd.eionet.europa.eu/vocabulary/aq/pollutant/6001,hour,12.7075004500,µg/m3,2018-04-29 16:00:00 +01:00,2018-04-29 17:00:00 +01:00,1,1
AT,AT.0008.20.AQ,NET.09,STA.09.AKC,,SPO.09.AKC.5066.6001.1,SPP.09.AKC.5066.6001.1.11325,SAM.09.AKC.5066.6001.1,PM2.5,http://dd.eionet.europa.eu/vocabulary/aq/pollutant/6001,hour,12.6259994500,µg/m3,2018-04-29 17:00:00 +01:00,2018-04-29 18:00:00 +01:00,1,1
AT,AT.0008.20.AQ,NET.09,STA.09.AKC,,SPO.09.AKC.5066.6001.1,SPP.09.AKC.5066.6001.1.11325,SAM.09.AKC.5066.6001.1,PM2.5,http://dd.eionet.europa.eu/vocabulary/aq/pollutant/6001,hour,12.3600006100,µg/m3,2018-04-29 19:00:00 +01:00,2018-04-29 20:00:00 +01:00,1,1
AT,AT.0008.20.AQ,NET.09,STA.09.AKC,,SPO.09.AKC.5066.6001.1,SPP.09.AKC.5066.6001.1.11325,SAM.09.AKC.5066.6001.1,PM2.5,http://dd.eionet.europa.eu/vocabulary/aq/pollutant/6001,hour,11.6970005000,µg/m3,2018-04-29 20:00:00 +01:00,2018-04-29 21:00:00 +01:00,1,1
AT,AT.0008.20.AQ,NET.09,STA.09.AKC,,SPO.09.AKC.5066.6001.1,SPP.09.AKC.5066.6001.1.11325,SAM.09.AKC.5066.6001.1,PM2.5,http://dd.eionet.europa.eu/vocabulary/aq/pollutant/6001,hour,11.7895002300,µg/m3,2018-04-29 21:00:00 +01:00,2018-04-29 22:00:00 +01:00,1,1
AT,AT.0008.20.AQ,NET.09,STA.09.AKC,,SPO.09.AKC.5066.6001.1,SPP.09.AKC.5066.6001.1.11325,SAM.09.AKC.5066.6001.1,PM2.5,http://dd.eionet.europa.eu/vocabulary/aq/pollutant/6001,hour,11.6534996000,µg/m3,2018-04-29 22:00:00 +01:00,2018-04-29 23:00:00 +01:00,1,1
AT,AT.0008.20.AQ,NET.09,STA.09.AKC,,SPO.09.AKC.5066.6001.1,SPP.09.AKC.5066.6001.1.11325,SAM.09.AKC.5066.6001.1,PM2.5,http://dd.eionet.europa.eu/vocabulary/aq/pollutant/6001,hour,11.7614994000,µg/m3,2018-04-29 23:00:00 +01:00,2018-04-30 00:00:00 +01:00,1,1
AT,AT.0008.20.AQ,NET.09,STA.09.AKC,,SPO.09.AKC.5066.6001.1,SPP.09.AKC.5066.6001.1.11325,SAM.09.AKC.5066.6001.1,PM2.5,http://dd.eionet.europa.eu/vocabulary/aq/pollutant/6001,hour,12.1029996800,µg/m3,2018-04-30 00:00:00 +01:00,2018-04-30 01:00:00 +01:00,1,1
AT,AT.0008.20.AQ,NET.09,STA.09.AKC,,SPO.09.AKC.5066.6001.1,SPP.09.AKC.5066.6001.1.11325,SAM.09.AKC.5066.6001.1,PM2.5,http://dd.eionet.europa.eu/vocabulary/aq/pollutant/6001,hour,13.2929992600,µg/m3,2018-04-30 01:00:00 +01:00,2018-04-30 02:00:00 +01:00,1,1
AT,AT.0008.20.AQ,NET.09,STA.09.AKC,,SPO.09.AKC.5066.6001.1,SPP.09.AKC.5066.6001.1.11325,SAM.09.AKC.5066.6001.1,PM2.5,http://dd.eionet.europa.eu/vocabulary/aq/pollutant/6001,hour,11.5310001300,µg/m3,2018-04-30 02:00:00 +01:00,2018-04-30 03:00:00 +01:00,1,1
AT,AT.0008.20.AQ,NET.09,STA.09.AKC,,SPO.09.AKC.5066.6001.1,SPP.09.AKC.5066.6001.1.11325,SAM.09.AKC.5066.6001.1,PM2.5,http://dd.eionet.europa.eu/vocabulary/aq/pollutant/6001,hour,11.5109996700,µg/m3,2018-04-30 03:00:00 +01:00,2018-04-30 04:00:00 +01:00,1,1
AT,AT.0008.20.AQ,NET.09,STA.09.AKC,,SPO.09.AKC.5066.6001.1,SPP.09.AKC.5066.6001.1.11325,SAM.09.AKC.5066.6001.1,PM2.5,http://dd.eionet.europa.eu/vocabulary/aq/pollutant/6001,hour,11.9394998500,µg/m3,2018-04-30 04:00:00 +01:00,2018-04-30 05:00:00 +01:00,1,1
AT,AT.0008.20.AQ,NET.09,STA.09.AKC,,SPO.09.AKC.5066.6001.1,SPP.09.AKC.5066.6001.1.11325,SAM.09.AKC.5066.6001.1,PM2.5,http://dd.eionet.europa.eu/vocabulary/aq/pollutant/6001,hour,11.7115001600,µg/m3,2018-04-30 05:00:00 +01:00,2018-04-30 06:00:00 +01:00,1,1
AT,AT.0008.20.AQ,NET.09,STA.09.AKC,,SPO.09.AKC.5066.6001.1,SPP.09.AKC.5066.6001.1.11325,SAM.09.AKC.5066.6001.1,PM2.5,http://dd.eionet.europa.eu/vocabulary/aq/pollutant/6001,hour,11.7754993400,µg/m3,2018-04-30 06:00:00 +01:00,2018-04-30 07:00:00 +01:00,1,1
AT,AT.0008.20.AQ,NET.09,STA.09.AKC,,SPO.09.AKC.5066.6001.1,SPP.09.AKC.5066.6001.1.11325,SAM.09.AKC.5066.6001.1,PM2.5,http://dd.eionet.europa.eu/vocabulary/aq/pollutant/6001,hour,11.2360000600,µg/m3,2018-04-30 07:00:00 +01:00,2018-04-30 08:00:00 +01:00,1,1
AT,AT.0008.20.AQ,NET.09,STA.09.AKC,,SPO.09.AKC.5066.6001.1,SPP.09.AKC.5066.6001.1.11325,SAM.09.AKC.5066.6001.1,PM2.5,http://dd.eionet.europa.eu/vocabulary/aq/pollutant/6001,hour,10.6289997100,µg/m3,2018-04-30 08:00:00 +01:00,2018-04-30 09:00:00 +01:00,1,1
AT,AT.0008.20.AQ,NET.09,STA.09.AKC,,SPO.09.AKC.5066.6001.1,SPP.09.AKC.5066.6001.1.11325,SAM.09.AKC.5066.6001.1,PM2.5,http://dd.eionet.europa.eu/vocabulary/aq/pollutant/6001,hour,10.0810499100,µg/m3,2018-04-30 09:00:00 +01:00,2018-04-30 10:00:00 +01:00,1,1
AT,AT.0008.20.AQ,NET.09,STA.09.AKC,,SPO.09.AKC.5066.6001.1,SPP.09.AKC.5066.6001.1.11325,SAM.09.AKC.5066.6001.1,PM2.5,http://dd.eionet.europa.eu/vocabulary/aq/pollutant/6001,hour,9.7913999500,µg/m3,2018-04-30 10:00:00 +01:00,2018-04-30 11:00:00 +01:00,1,1
AT,AT.0008.20.AQ,NET.09,STA.09.AKC,,SPO.09.AKC.5066.6001.1,SPP.09.AKC.5066.6001.1.11325,SAM.09.AKC.5066.6001.1,PM2.5,http://dd.eionet.europa.eu/vocabulary/aq/pollutant/6001,hour,9.2398996300,µg/m3,2018-04-30 11:00:00 +01:00,2018-04-30 12:00:00 +01:00,1,1
AT,AT.0008.20.AQ,NET.09,STA.09.AKC,,SPO.09.AKC.5066.6001.1,SPP.09.AKC.5066.6001.1.11325,SAM.09.AKC.5066.6001.1,PM2.5,http://dd.eionet.europa.eu/vocabulary/aq/pollutant/6001,hour,7.8610000600,µg/m3,2018-04-30 13:00:00 +01:00,2018-04-30 14:00:00 +01:00,1,1
AT,AT.0008.20.AQ,NET.09,STA.09.AKC,,SPO.09.AKC.5066.6001.1,SPP.09.AKC.5066.6001.1.11325,SAM.09.AKC.5066.6001.1,PM2.5,http://dd.eionet.europa.eu/vocabulary/aq/pollutant/6001,hour,6.9597501700,µg/m3,2018-04-30 14:00:00 +01:00,2018-04-30 15:00:00 +01:00,1,1
AT,AT.0008.20.AQ,NET.09,STA.09.AKC,,SPO.09.AKC.5066.6001.1,SPP.09.AKC.5066.6001.1.11325,SAM.09.AKC.5066.6001.1,PM2.5,http://dd.eionet.europa.eu/vocabulary/aq/pollutant/6001,hour,7.6554002700,µg/m3,2018-04-30 15:00:00 +01:00,2018-04-30 16:00:00 +01:00,1,1
AT,AT.0008.20.AQ,NET.09,STA.09.AKC,,SPO.09.AKC.5066.6001.1,SPP.09.AKC.5066.6001.1.11325,SAM.09.AKC.5066.6001.1,PM2.5,http://dd.eionet.europa.eu/vocabulary/aq/pollutant/6001,hour,7.0650000500,µg/m3,2018-04-30 16:00:00 +01:00,2018-04-30 17:00:00 +01:00,1,1
AT,AT.0008.20.AQ,NET.09,STA.09.AKC,,SPO.09.AKC.5066.6001.1,SPP.09.AKC.5066.6001.1.11325,SAM.09.AKC.5066.6001.1,PM2.5,http://dd.eionet.europa.eu/vocabulary/aq/pollutant/6001,hour,6.6954498200,µg/m3,2018-04-30 17:00:00 +01:00,2018-04-30 18:00:00 +01:00,1,1
AT,AT.0008.20.AQ,NET.09,STA.09.AKC,,SPO.09.AKC.5066.6001.1,SPP.09.AKC.5066.6001.1.11325,SAM.09.AKC.5066.6001.1,PM2.5,http://dd.eionet.europa.eu/vocabulary/aq/pollutant/6001,hour,6.9175000100,µg/m3,2018-04-30 19:00:00 +01:00,2018-04-30 20:00:00 +01:00,1,1
AT,AT.0008.20.AQ,NET.09,STA.09.AKC,,SPO.09.AKC.5066.6001.1,SPP.09.AKC.5066.6001.1.11325,SAM.09.AKC.5066.6001.1,PM2.5,http://dd.eionet.europa.eu/vocabulary/aq/pollutant/6001,hour,6.3035497600,µg/m3,2018-04-30 20:00:00 +01:00,2018-04-30 21:00:00 +01:00,1,1
AT,AT.0008.20.AQ,NET.09,STA.09.AKC,,SPO.09.AKC.5066.6001.1,SPP.09.AKC.5066.6001.1.11325,SAM.09.AKC.5066.6001.1,PM2.5,http://dd.eionet.europa.eu/vocabulary/aq/pollutant/6001,hour,7.8222503600,µg/m3,2018-04-30 21:00:00 +01:00,2018-04-30 22:00:00 +01:00,1,1
AT,AT.0008.20.AQ,NET.09,STA.09.AKC,,SPO.09.AKC.5066.6001.1,SPP.09.AKC.5066.6001.1.11325,SAM.09.AKC.5066.6001.1,PM2.5,http://dd.eionet.europa.eu/vocabulary/aq/pollutant/6001,hour,7.6657495400,µg/m3,2018-04-30 22:00:00 +01:00,2018-04-30 23:00:00 +01:00,1,1
AT,AT.0008.20.AQ,NET.09,STA.09.AKC,,SPO.09.AKC.5066.6001.1,SPP.09.AKC.5066.6001.1.11325,SAM.09.AKC.5066.6001.1,PM2.5,http://dd.eionet.europa.eu/vocabulary/aq/pollutant/6001,hour,5.4196500700,µg/m3,2018-05-01 00:00:00 +01:00,2018-05-01 01:00:00 +01:00,1,1
AT,AT.0008.20.AQ,NET.09,STA.09.AKC,,SPO.09.AKC.5066.6001.1,SPP.09.AKC.5066.6001.1.11325,SAM.09.AKC.5066.6001.1,PM2.5,http://dd.eionet.europa.eu/vocabulary/aq/pollutant/6001,hour,3.6304998300,µg/m3,2018-05-01 03:00:00 +01:00,2018-05-01 04:00:00 +01:00,1,1
AT,AT.0008.20.AQ,NET.09,STA.09.AKC,,SPO.09.AKC.5066.6001.1,SPP.09.AKC.5066.6001.1.11325,SAM.09.AKC.5066.6001.1,PM2.5,http://dd.eionet.europa.eu/vocabulary/aq/pollutant/6001,hour,4.4646997400,µg/m3,2018-05-01 04:00:00 +01:00,2018-05-01 05:00:00 +01:00,1,1
AT,AT.0008.20.AQ,NET.09,STA.09.AKC,,SPO.09.AKC.5066.6001.1,SPP.09.AKC.5066.6001.1.11325,SAM.09.AKC.5066.6001.1,PM2.5,http://dd.eionet.europa.eu/vocabulary/aq/pollutant/6001,hour,4.8656001000,µg/m3,2018-05-01 05:00:00 +01:00,2018-05-01 06:00:00 +01:00,1,1
AT,AT.0008.20.AQ,NET.09,STA.09.AKC,,SPO.09.AKC.5066.6001.1,SPP.09.AKC.5066.6001.1.11325,SAM.09.AKC.5066.6001.1,PM2.5,http://dd.eionet.europa.eu/vocabulary/aq/pollutant/6001,hour,4.0533499700,µg/m3,2018-05-01 07:00:00 +01:00,2018-05-01 08:00:00 +01:00,1,1
AT,AT.0008.20.AQ,NET.09,STA.09.AKC,,SPO.09.AKC.5066.6001.1,SPP.09.AKC.5066.6001.1.11325,SAM.09.AKC.5066.6001.1,PM2.5,http://dd.eionet.europa.eu/vocabulary/aq/pollutant/6001,hour,4.4671001400,µg/m3,2018-05-01 09:00:00 +01:00,2018-05-01 10:00:00 +01:00,1,1
AT,AT.0008.20.AQ,NET.09,STA.09.AKC,,SPO.09.AKC.5066.6001.1,SPP.09.AKC.5066.6001.1.11325,SAM.09.AKC.5066.6001.1,PM2.5,http://dd.eionet.europa.eu/vocabulary/aq/pollutant/6001,hour,4.2334003400,µg/m3,2018-05-01 10:00:00 +01:00,2018-05-01 11:00:00 +01:00,1,1
AT,AT.0008.20.AQ,NET.09,STA.09.AKC,,SPO.09.AKC.5066.6001.1,SPP.09.AKC.5066.6001.1.11325,SAM.09.AKC.5066.6001.1,PM2.5,http://dd.eionet.europa.eu/vocabulary/aq/pollutant/6001,hour,4.1907997100,µg/m3,2018-05-01 13:00:00 +01:00,2018-05-01 14:00:00 +01:00,1,1
AT,AT.0008.20.AQ,NET.09,STA.09.AKC,,SPO.09.AKC.5066.6001.1,SPP.09.AKC.5066.6001.1.11325,SAM.09.AKC.5066.6001.1,PM2.5,http://dd.eionet.europa.eu/vocabulary/aq/pollutant/6001,hour,4.8000001900,µg/m3,2018-05-01 16:00:00 +01:00,2018-05-01 17:00:00 +01:00,1,1
AT,AT.0008.20.AQ,NET.09,STA.09.AKC,,SPO.09.AKC.5066.6001.1,SPP.09.AKC.5066.6001.1.11325,SAM.09.AKC.5066.6001.1,PM2.5,http://dd.eionet.europa.eu/vocabulary/aq/pollutant/6001,hour,5.5102000200,µg/m3,2018-05-01 17:00:00 +01:00,2018-05-01 18:00:00 +01:00,1,1
AT,AT.0008.20.AQ,NET.09,STA.09.AKC,,SPO.09.AKC.5066.6001.1,SPP.09.AKC.5066.6001.1.11325,SAM.09.AKC.5066.6001.1,PM2.5,http://dd.eionet.europa.eu/vocabulary/aq/pollutant/6001,hour,5.8569998700,µg/m3,2018-05-01 18:00:00 +01:00,2018-05-01 19:00:00 +01:00,1,1
AT,AT.0008.20.AQ,NET.09,STA.09.AKC,,SPO.09.AKC.5066.6001.1,SPP.09.AKC.5066.6001.1.11325,SAM.09.AKC.5066.6001.1,PM2.5,http://dd.eionet.europa.eu/vocabulary/aq/pollutant/6001,hour,6.4228000600,µg/m3,2018-05-01 19:00:00 +01:00,2018-05-01 20:00:00 +01:00,1,1
AT,AT.0008.20.AQ,NET.09,STA.09.AKC,,SPO.09.AKC.5066.6001.1,SPP.09.AKC.5066.6001.1.11325,SAM.09.AKC.5066.6001.1,PM2.5,http://dd.eionet.europa.eu/vocabulary/aq/pollutant/6001,hour,4.4742999000,µg/m3,2018-05-01 23:00:00 +01:00,2018-05-02 00:00:00 +01:00,1,1
AT,AT.0008.20.AQ,NET.09,STA.09.AKC,,SPO.09.AKC.5066.6001.1,SPP.09.AKC.5066.6001.1.11325,SAM.09.AKC.5066.6001.1,PM2.5,http://dd.eionet.europa.eu/vocabulary/aq/pollutant/6001,hour,3.7121500900,µg/m3,2018-05-02 02:00:00 +01:00,2018-05-02 03:00:00 +01:00,1,1
AT,AT.0008.20.AQ,NET.09,STA.09.AKC,,SPO.09.AKC.5066.6001.1,SPP.09.AKC.5066.6001.1.11325,SAM.09.AKC.5066.6001.1,PM2.5,http://dd.eionet.europa.eu/vocabulary/aq/pollutant/6001,hour,5.3726501400,µg/m3,2018-05-02 03:00:00 +01:00,2018-05-02 04:00:00 +01:00,1,1
AT,AT.0008.20.AQ,NET.09,STA.09.AKC,,SPO.09.AKC.5066.6001.1,SPP.09.AKC.5066.6001.1.11325,SAM.09.AKC.5066.6001.1,PM2.5,http://dd.eionet.europa.eu/vocabulary/aq/pollutant/6001,hour,5.9184999400,µg/m3,2018-05-02 04:00:00 +01:00,2018-05-02 05:00:00 +01:00,1,1
AT,AT.0008.20.AQ,NET.09,STA.09.AKC,,SPO.09.AKC.5066.6001.1,SPP.09.AKC.5066.6001.1.11325,SAM.09.AKC.5066.6001.1,PM2.5,http://dd.eionet.europa.eu/vocabulary/aq/pollutant/6001,hour,6.5514998400,µg/m3,2018-05-02 05:00:00 +01:00,2018-05-02 06:00:00 +01:00,1,1
AT,AT.0008.20.AQ,NET.09,STA.09.AKC,,SPO.09.AKC.5066.6001.1,SPP.09.AKC.5066.6001.1.11325,SAM.09.AKC.5066.6001.1,PM2.5,http://dd.eionet.europa.eu/vocabulary/aq/pollutant/6001,hour,14.1899995800,µg/m3,2018-05-02 08:00:00 +01:00,2018-05-02 09:00:00 +01:00,1,1
AT,AT.0008.20.AQ,NET.09,STA.09.AKC,,SPO.09.AKC.5066.6001.1,SPP.09.AKC.5066.6001.1.11325,SAM.09.AKC.5066.6001.1,PM2.5,http://dd.eionet.europa.eu/vocabulary/aq/pollutant/6001,hour,12.0509996400,µg/m3,2018-05-02 10:00:00 +01:00,2018-05-02 11:00:00 +01:00,1,1
AT,AT.0008.20.AQ,NET.09,STA.09.AKC,,SPO.09.AKC.5066.6001.1,SPP.09.AKC.5066.6001.1.11325,SAM.09.AKC.5066.6001.1,PM2.5,http://dd.eionet.europa.eu/vocabulary/aq/pollutant/6001,hour,12.1020002300,µg/m3,2018-05-02 11:00:00 +01:00,2018-05-02 12:00:00 +01:00,1,1
AT,AT.0008.20.AQ,NET.09,STA.09.AKC,,SPO.09.AKC.5066.6001.1,SPP.09.AKC.5066.6001.1.11325,SAM.09.AKC.5066.6001.1,PM2.5,http://dd.eionet.europa.eu/vocabulary/aq/pollutant/6001,hour,12.5995006500,µg/m3,2018-05-02 12:00:00 +01:00,2018-05-02 13:00:00 +01:00,1,1
AT,AT.0008.20.AQ,NET.09,STA.09.AKC,,SPO.09.AKC.5066.6001.1,SPP.09.AKC.5066.6001.1.11325,SAM.09.AKC.5066.6001.1,PM2.5,http://dd.eionet.europa.eu/vocabulary/aq/pollutant/6001,hour,12.2945003500,µg/m3,2018-05-02 13:00:00 +01:00,2018-05-02 14:00:00 +01:00,1,1
AT,AT.0008.20.AQ,NET.09,STA.09.AKC,,SPO.09.AKC.5066.6001.1,SPP.09.AKC.5066.6001.1.11325,SAM.09.AKC.5066.6001.1,PM2.5,http://dd.eionet.europa.eu/vocabulary/aq/pollutant/6001,hour,12.8380002900,µg/m3,2018-05-02 14:00:00 +01:00,2018-05-02 15:00:00 +01:00,1,1
AT,AT.0008.20.AQ,NET.09,STA.09.AKC,,SPO.09.AKC.5066.6001.1,SPP.09.AKC.5066.6001.1.11325,SAM.09.AKC.5066.6001.1,PM2.5,http://dd.eionet.europa.eu/vocabulary/aq/pollutant/6001,hour,13.9460000900,µg/m3,2018-05-02 15:00:00 +01:00,2018-05-02 16:00:00 +01:00,1,1
AT,AT.0008.20.AQ,NET.09,STA.09.AKC,,SPO.09.AKC.5066.6001.1,SPP.09.AKC.5066.6001.1.11325,SAM.09.AKC.5066.6001.1,PM2.5,http://dd.eionet.europa.eu/vocabulary/aq/pollutant/6001,hour,14.4974994600,µg/m3,2018-05-02 16:00:00 +01:00,2018-05-02 17:00:00 +01:00,1,1
AT,AT.0008.20.AQ,NET.09,STA.09.AKC,,SPO.09.AKC.5066.6001.1,SPP.09.AKC.5066.6001.1.11325,SAM.09.AKC.5066.6001.1,PM2.5,http://dd.eionet.europa.eu/vocabulary/aq/pollutant/6001,hour,15.2065000500,µg/m3,2018-05-02 17:00:00 +01:00,2018-05-02 18:00:00 +01:00,1,1
AT,AT.0008.20.AQ,NET.09,STA.09.AKC,,SPO.09.AKC.5066.6001.1,SPP.09.AKC.5066.6001.1.11325,SAM.09.AKC.5066.6001.1,PM2.5,http://dd.eionet.europa.eu/vocabulary/aq/pollutant/6001,hour,13.9764995500,µg/m3,2018-05-02 19:00:00 +01:00,2018-05-02 20:00:00 +01:00,1,1
AT,AT.0008.20.AQ,NET.09,STA.09.AKC,,SPO.09.AKC.5066.6001.1,SPP.09.AKC.5066.6001.1.11325,SAM.09.AKC.5066.6001.1,PM2.5,http://dd.eionet.europa.eu/vocabulary/aq/pollutant/6001,hour,9.4941005700,µg/m3,2018-05-02 20:00:00 +01:00,2018-05-02 21:00:00 +01:00,1,1
AT,AT.0008.20.AQ,NET.09,STA.09.AKC,,SPO.09.AKC.5066.6001.1,SPP.09.AKC.5066.6001.1.11325,SAM.09.AKC.5066.6001.1,PM2.5,http://dd.eionet.europa.eu/vocabulary/aq/pollutant/6001,hour,9.4461498200,µg/m3,2018-05-02 21:00:00 +01:00,2018-05-02 22:00:00 +01:00,1,1
AT,AT.0008.20.AQ,NET.09,STA.09.AKC,,SPO.09.AKC.5066.6001.1,SPP.09.AKC.5066.6001.1.11325,SAM.09.AKC.5066.6001.1,PM2.5,http://dd.eionet.europa.eu/vocabulary/aq/pollutant/6001,hour,7.1208000100,µg/m3,2018-05-03 02:00:00 +01:00,2018-05-03 03:00:00 +01:00,1,1
AT,AT.0008.20.AQ,NET.09,STA.09.AKC,,SPO.09.AKC.5066.6001.1,SPP.09.AKC.5066.6001.1.11325,SAM.09.AKC.5066.6001.1,PM2.5,http://dd.eionet.europa.eu/vocabulary/aq/pollutant/6001,hour,7.9149999600,µg/m3,2018-05-03 03:00:00 +01:00,2018-05-03 04:00:00 +01:00,1,1
AT,AT.0008.20.AQ,NET.09,STA.09.AKC,,SPO.09.AKC.5066.6001.1,SPP.09.AKC.5066.6001.1.11325,SAM.09.AKC.5066.6001.1,PM2.5,http://dd.eionet.europa.eu/vocabulary/aq/pollutant/6001,hour,13.1469993500,µg/m3,2018-05-03 05:00:00 +01:00,2018-05-03 06:00:00 +01:00,1,1
AT,AT.0008.20.AQ,NET.09,STA.09.AKC,,SPO.09.AKC.5066.6001.1,SPP.09.AKC.5066.6001.1.11325,SAM.09.AKC.5066.6001.1,PM2.5,http://dd.eionet.europa.eu/vocabulary/aq/pollutant/6001,hour,11.4635000200,µg/m3,2018-05-03 06:00:00 +01:00,2018-05-03 07:00:00 +01:00,1,1
AT,AT.0008.20.AQ,NET.09,STA.09.AKC,,SPO.09.AKC.5066.6001.1,SPP.09.AKC.5066.6001.1.11325,SAM.09.AKC.5066.6001.1,PM2.5,http://dd.eionet.europa.eu/vocabulary/aq/pollutant/6001,hour,10.3810005100,µg/m3,2018-05-03 09:00:00 +01:00,2018-05-03 10:00:00 +01:00,1,1
AT,AT.0008.20.AQ,NET.09,STA.09.AKC,,SPO.09.AKC.5066.6001.1,SPP.09.AKC.5066.6001.1.11325,SAM.09.AKC.5066.6001.1,PM2.5,http://dd.eionet.europa.eu/vocabulary/aq/pollutant/6001,hour,9.6791496200,µg/m3,2018-05-03 10:00:00 +01:00,2018-05-03 11:00:00 +01:00,1,1
AT,AT.0008.20.AQ,NET.09,STA.09.AKC,,SPO.09.AKC.5066.6001.1,SPP.09.AKC.5066.6001.1.11325,SAM.09.AKC.5066.6001.1,PM2.5,http://dd.eionet.europa.eu/vocabulary/aq/pollutant/6001,hour,7.5964498500,µg/m3,2018-05-03 11:00:00 +01:00,2018-05-03 12:00:00 +01:00,1,1
AT,AT.0008.20.AQ,NET.09,STA.09.AKC,,SPO.09.AKC.5066.6001.1,SPP.09.AKC.5066.6001.1.11325,SAM.09.AKC.5066.6001.1,PM2.5,http://dd.eionet.europa.eu/vocabulary/aq/pollutant/6001,hour,8.0949497200,µg/m3,2018-05-03 12:00:00 +01:00,2018-05-03 13:00:00 +01:00,1,1
AT,AT.0008.20.AQ,NET.09,STA.09.AKC,,SPO.09.AKC.5066.6001.1,SPP.09.AKC.5066.6001.1.11325,SAM.09.AKC.5066.6001.1,PM2.5,http://dd.eionet.europa.eu/vocabulary/aq/pollutant/6001,hour,9.4900503100,µg/m3,2018-05-03 13:00:00 +01:00,2018-05-03 14:00:00 +01:00,1,1
AT,AT.0008.20.AQ,NET.09,STA.09.AKC,,SPO.09.AKC.5066.6001.1,SPP.09.AKC.5066.6001.1.11325,SAM.09.AKC.5066.6001.1,PM2.5,http://dd.eionet.europa.eu/vocabulary/aq/pollutant/6001,hour,8.9990005400,µg/m3,2018-05-03 14:00:00 +01:00,2018-05-03 15:00:00 +01:00,1,1
AT,AT.0008.20.AQ,NET.09,STA.09.AKC,,SPO.09.AKC.5066.6001.1,SPP.09.AKC.5066.6001.1.11325,SAM.09.AKC.5066.6001.1,PM2.5,http://dd.eionet.europa.eu/vocabulary/aq/pollutant/6001,hour,10.1065006200,µg/m3,2018-05-03 15:00:00 +01:00,2018-05-03 16:00:00 +01:00,1,1
AT,AT.0008.20.AQ,NET.09,STA.09.AKC,,SPO.09.AKC.5066.6001.1,SPP.09.AKC.5066.6001.1.11325,SAM.09.AKC.5066.6001.1,PM2.5,http://dd.eionet.europa.eu/vocabulary/aq/pollutant/6001,hour,10.8740005400,µg/m3,2018-05-03 17:00:00 +01:00,2018-05-03 18:00:00 +01:00,1,1
AT,AT.0008.20.AQ,NET.09,STA.09.AKC,,SPO.09.AKC.5066.6001.1,SPP.09.AKC.5066.6001.1.11325,SAM.09.AKC.5066.6001.1,PM2.5,http://dd.eionet.europa.eu/vocabulary/aq/pollutant/6001,hour,9.5629997200,µg/m3,2018-05-03 18:00:00 +01:00,2018-05-03 19:00:00 +01:00,1,1
AT,AT.0008.20.AQ,NET.09,STA.09.AKC,,SPO.09.AKC.5066.6001.1,SPP.09.AKC.5066.6001.1.11325,SAM.09.AKC.5066.6001.1,PM2.5,http://dd.eionet.europa.eu/vocabulary/aq/pollutant/6001,hour,12.1219997400,µg/m3,2018-05-03 20:00:00 +01:00,2018-05-03 21:00:00 +01:00,1,1
AT,AT.0008.20.AQ,NET.09,STA.09.AKC,,SPO.09.AKC.5066.6001.1,SPP.09.AKC.5066.6001.1.11325,SAM.09.AKC.5066.6001.1,PM2.5,http://dd.eionet.europa.eu/vocabulary/aq/pollutant/6001,hour,15.9744997000,µg/m3,2018-05-03 22:00:00 +01:00,2018-05-03 23:00:00 +01:00,1,1
AT,AT.0008.20.AQ,NET.09,STA.09.AKC,,SPO.09.AKC.5066.6001.1,SPP.09.AKC.5066.6001.1.11325,SAM.09.AKC.5066.6001.1,PM2.5,http://dd.eionet.europa.eu/vocabulary/aq/pollutant/6001,hour,18.4814987100,µg/m3,2018-05-03 23:00:00 +01:00,2018-05-04 00:00:00 +01:00,1,1
AT,AT.0008.20.AQ,NET.09,STA.09.AKC,,SPO.09.AKC.5066.6001.1,SPP.09.AKC.5066.6001.1.11325,SAM.09.AKC.5066.6001.1,PM2.5,http://dd.eionet.europa.eu/vocabulary/aq/pollutant/6001,hour,22.2350006100,µg/m3,2018-05-04 01:00:00 +01:00,2018-05-04 02:00:00 +01:00,1,1
AT,AT.0008.20.AQ,NET.09,STA.09.AKC,,SPO.09.AKC.5066.6001.1,SPP.09.AKC.5066.6001.1.11325,SAM.09.AKC.5066.6001.1,PM2.5,http://dd.eionet.europa.eu/vocabulary/aq/pollutant/6001,hour,20.8365001600,µg/m3,2018-05-04 04:00:00 +01:00,2018-05-04 05:00:00 +01:00,1,1
AT,AT.0008.20.AQ,NET.09,STA.09.AKC,,SPO.09.AKC.5066.6001.1,SPP.09.AKC.5066.6001.1.11325,SAM.09.AKC.5066.6001.1,PM2.5,http://dd.eionet.europa.eu/vocabulary/aq/pollutant/6001,hour,21.2669982900,µg/m3,2018-05-04 05:00:00 +01:00,2018-05-04 06:00:00 +01:00,1,1
AT,AT.0008.20.AQ,NET.09,STA.09.AKC,,SPO.09.AKC.5066.6001.1,SPP.09.AKC.5066.6001.1.11325,SAM.09.AKC.5066.6001.1,PM2.5,http://dd.eionet.europa.eu/vocabulary/aq/pollutant/6001,hour,20.4140014600,µg/m3,2018-05-04 06:00:00 +01:00,2018-05-04 07:00:00 +01:00,1,1
AT,AT.0008.20.AQ,NET.09,STA.09.AKC,,SPO.09.AKC.5066.6001.1,SPP.09.AKC.5066.6001.1.11325,SAM.09.AKC.5066.6001.1,PM2.5,http://dd.eionet.europa.eu/vocabulary/aq/pollutant/6001,hour,20.3175010600,µg/m3,2018-05-04 07:00:00 +01:00,2018-05-04 08:00:00 +01:00,1,1
AT,AT.0008.20.AQ,NET.09,STA.09.AKC,,SPO.09.AKC.5066.6001.1,SPP.09.AKC.5066.6001.1.11325,SAM.09.AKC.5066.6001.1,PM2.5,http://dd.eionet.europa.eu/vocabulary/aq/pollutant/6001,hour,19.9765014600,µg/m3,2018-05-04 08:00:00 +01:00,2018-05-04 09:00:00 +01:00,1,1
AT,AT.0008.20.AQ,NET.09,STA.09.AKC,,SPO.09.AKC.5066.6001.1,SPP.09.AKC.5066.6001.1.11325,SAM.09.AKC.5066.6001.1,PM2.5,http://dd.eionet.europa.eu/vocabulary/aq/pollutant/6001,hour,19.6329994200,µg/m3,2018-05-04 09:00:00 +01:00,2018-05-04 10:00:00 +01:00,1,1
AT,AT.0008.20.AQ,NET.09,STA.09.AKC,,SPO.09.AKC.5066.6001.1,SPP.09.AKC.5066.6001.1.11325,SAM.09.AKC.5066.6001.1,PM2.5,http://dd.eionet.europa.eu/vocabulary/aq/pollutant/6001,hour,19.3099994600,µg/m3,2018-05-04 10:00:00 +01:00,2018-05-04 11:00:00 +01:00,1,1
AT,AT.0008.20.AQ,NET.09,STA.09.AKC,,SPO.09.AKC.5066.6001.1,SPP.09.AKC.5066.6001.1.11325,SAM.09.AKC.5066.6001.1,PM2.5,http://dd.eionet.europa.eu/vocabulary/aq/pollutant/6001,hour,19.6000003800,µg/m3,2018-05-04 11:00:00 +01:00,2018-05-04 12:00:00 +01:00,1,1
AT,AT.0008.20.AQ,NET.09,STA.09.AKC,,SPO.09.AKC.5066.6001.1,SPP.09.AKC.5066.6001.1.11325,SAM.09.AKC.5066.6001.1,PM2.5,http://dd.eionet.europa.eu/vocabulary/aq/pollutant/6001,hour,18.6479988000,µg/m3,2018-05-04 12:00:00 +01:00,2018-05-04 13:00:00 +01:00,1,1
AT,AT.0008.20.AQ,NET.09,STA.09.AKC,,SPO.09.AKC.5066.6001.1,SPP.09.AKC.5066.6001.1.11325,SAM.09.AKC.5066.6001.1,PM2.5,http://dd.eionet.europa.eu/vocabulary/aq/pollutant/6001,hour,18.0709991400,µg/m3,2018-05-04 13:00:00 +01:00,2018-05-04 14:00:00 +01:00,1,1
AT,AT.0008.20.AQ,NET.09,STA.09.AKC,,SPO.09.AKC.5066.6001.1,SPP.09.AKC.5066.6001.1.11325,SAM.09.AKC.5066.6001.1,PM2.5,http://dd.eionet.europa.eu/vocabulary/aq/pollutant/6001,hour,14.5569992000,µg/m3,2018-05-04 14:00:00 +01:00,2018-05-04 15:00:00 +01:00,1,1
AT,AT.0008.20.AQ,NET.09,STA.09.AKC,,SPO.09.AKC.5066.6001.1,SPP.09.AKC.5066.6001.1.11325,SAM.09.AKC.5066.6001.1,PM2.5,http://dd.eionet.europa.eu/vocabulary/aq/pollutant/6001,hour,13.2620000800,µg/m3,2018-05-04 16:00:00 +01:00,2018-05-04 17:00:00 +01:00,1,1
AT,AT.0008.20.AQ,NET.09,STA.09.AKC,,SPO.09.AKC.5066.6001.1,SPP.09.AKC.5066.6001.1.11325,SAM.09.AKC.5066.6001.1,PM2.5,http://dd.eionet.europa.eu/vocabulary/aq/pollutant/6001,hour,12.5550003000,µg/m3,2018-05-04 17:00:00 +01:00,2018-05-04 18:00:00 +01:00,1,1
AT,AT.0008.20.AQ,NET.09,STA.09.AKC,,SPO.09.AKC.5066.6001.1,SPP.09.AKC.5066.6001.1.11325,SAM.09.AKC.5066.6001.1,PM2.5,http://dd.eionet.europa.eu/vocabulary/aq/pollutant/6001,hour,15.9799995400,µg/m3,2018-05-04 18:00:00 +01:00,2018-05-04 19:00:00 +01:00,1,1
AT,AT.0008.20.AQ,NET.09,STA.09.AKC,,SPO.09.AKC.5066.6001.1,SPP.09.AKC.5066.6001.1.11325,SAM.09.AKC.5066.6001.1,PM2.5,http://dd.eionet.europa.eu/vocabulary/aq/pollutant/6001,hour,22.6700000700,µg/m3,2018-05-04 20:00:00 +01:00,2018-05-04 21:00:00 +01:00,1,1
AT,AT.0008.20.AQ,NET.09,STA.09.AKC,,SPO.09.AKC.5066.6001.1,SPP.09.AKC.5066.6001.1.11325,SAM.09.AKC.5066.6001.1,PM2.5,http://dd.eionet.europa.eu/vocabulary/aq/pollutant/6001,hour,24.3870010300,µg/m3,2018-05-04 22:00:00 +01:00,2018-05-04 23:00:00 +01:00,1,1
AT,AT.0008.20.AQ,NET.09,STA.09.AKC,,SPO.09.AKC.5066.6001.1,SPP.09.AKC.5066.6001.1.11325,SAM.09.AKC.5066.6001.1,PM2.5,http://dd.eionet.europa.eu/vocabulary/aq/pollutant/6001,hour,22.6534996000,µg/m3,2018-05-04 23:00:00 +01:00,2018-05-05 00:00:00 +01:00,1,1
AT,AT.0008.20.AQ,NET.09,STA.09.AKC,,SPO.09.AKC.5066.6001.1,SPP.09.AKC.5066.6001.1.11325,SAM.09.AKC.5066.6001.1,PM2.5,http://dd.eionet.europa.eu/vocabulary/aq/pollutant/6001,hour,19.9540004700,µg/m3,2018-05-05 03:00:00 +01:00,2018-05-05 04:00:00 +01:00,1,1
AT,AT.0008.20.AQ,NET.09,STA.09.AKC,,SPO.09.AKC.5066.6001.1,SPP.09.AKC.5066.6001.1.11325,SAM.09.AKC.5066.6001.1,PM2.5,http://dd.eionet.europa.eu/vocabulary/aq/pollutant/6001,hour,19.3050003000,µg/m3,2018-05-05 04:00:00 +01:00,2018-05-05 05:00:00 +01:00,1,1
AT,AT.0008.20.AQ,NET.09,STA.09.AKC,,SPO.09.AKC.5066.6001.1,SPP.09.AKC.5066.6001.1.11325,SAM.09.AKC.5066.6001.1,PM2.5,http://dd.eionet.europa.eu/vocabulary/aq/pollutant/6001,hour,18.8535003600,µg/m3,2018-05-05 05:00:00 +01:00,2018-05-05 06:00:00 +01:00,1,1
AT,AT.0008.20.AQ,NET.09,STA.09.AKC,,SPO.09.AKC.5066.6001.1,SPP.09.AKC.5066.6001.1.11325,SAM.09.AKC.5066.6001.1,PM2.5,http://dd.eionet.europa.eu/vocabulary/aq/pollutant/6001,hour,19.6165008500,µg/m3,2018-05-05 09:00:00 +01:00,2018-05-05 10:00:00 +01:00,1,1
AT,AT.0008.20.AQ,NET.09,STA.09.AKC,,SPO.09.AKC.5066.6001.1,SPP.09.AKC.5066.6001.1.11325,SAM.09.AKC.5066.6001.1,PM2.5,http://dd.eionet.europa.eu/vocabulary/aq/pollutant/6001,hour,18.0989990200,µg/m3,2018-05-05 11:00:00 +01:00,2018-05-05 12:00:00 +01:00,1,1
AT,AT.0008.20.AQ,NET.09,STA.09.AKC,,SPO.09.AKC.5066.6001.1,SPP.09.AKC.5066.6001.1.11325,SAM.09.AKC.5066.6001.1,PM2.5,http://dd.eionet.europa.eu/vocabulary/aq/pollutant/6001,hour,13.8540000900,µg/m3,2018-05-05 12:00:00 +01:00,2018-05-05 13:00:00 +01:00,1,1
AT,AT.0008.20.AQ,NET.09,STA.09.AKC,,SPO.09.AKC.5066.6001.1,SPP.09.AKC.5066.6001.1.11325,SAM.09.AKC.5066.6001.1,PM2.5,http://dd.eionet.europa.eu/vocabulary/aq/pollutant/6001,hour,11.2835006700,µg/m3,2018-05-05 13:00:00 +01:00,2018-05-05 14:00:00 +01:00,1,1
AT,AT.0008.20.AQ,NET.09,STA.09.AKC,,SPO.09.AKC.5066.6001.1,SPP.09.AKC.5066.6001.1.11325,SAM.09.AKC.5066.6001.1,PM2.5,http://dd.eionet.europa.eu/vocabulary/aq/pollutant/6001,hour,9.6625995600,µg/m3,2018-05-05 14:00:00 +01:00,2018-05-05 15:00:00 +01:00,1,1
AT,AT.0008.20.AQ,NET.09,STA.09.AKC,,SPO.09.AKC.5066.6001.1,SPP.09.AKC.5066.6001.1.11325,SAM.09.AKC.5066.6001.1,PM2.5,http://dd.eionet.europa.eu/vocabulary/aq/pollutant/6001,hour,8.3427000000,µg/m3,2018-05-05 15:00:00 +01:00,2018-05-05 16:00:00 +01:00,1,1
AT,AT.0008.20.AQ,NET.09,STA.09.AKC,,SPO.09.AKC.5066.6001.1,SPP.09.AKC.5066.6001.1.11325,SAM.09.AKC.5066.6001.1,PM2.5,http://dd.eionet.europa.eu/vocabulary/aq/pollutant/6001,hour,6.6315498300,µg/m3,2018-05-05 16:00:00 +01:00,2018-05-05 17:00:00 +01:00,1,1
AT,AT.0008.20.AQ,NET.09,STA.09.AKC,,SPO.09.AKC.5066.6001.1,SPP.09.AKC.5066.6001.1.11325,SAM.09.AKC.5066.6001.1,PM2.5,http://dd.eionet.europa.eu/vocabulary/aq/pollutant/6001,hour,5.3517999600,µg/m3,2018-05-05 19:00:00 +01:00,2018-05-05 20:00:00 +01:00,1,1
AT,AT.0008.20.AQ,NET.09,STA.09.AKC,,SPO.09.AKC.5066.6001.1,SPP.09.AKC.5066.6001.1.11325,SAM.09.AKC.5066.6001.1,PM2.5,http://dd.eionet.europa.eu/vocabulary/aq/pollutant/6001,hour,4.5283498700,µg/m3,2018-05-05 21:00:00 +01:00,2018-05-05 22:00:00 +01:00,1,1
AT,AT.0008.20.AQ,NET.09,STA.09.AKC,,SPO.09.AKC.5066.6001.1,SPP.09.AKC.5066.6001.1.11325,SAM.09.AKC.5066.6001.1,PM2.5,http://dd.eionet.europa.eu/vocabulary/aq/pollutant/6001,hour,3.8334500700,µg/m3,2018-05-05 23:00:00 +01:00,2018-05-06 00:00:00 +01:00,1,1
AT,AT.0008.20.AQ,NET.09,STA.09.AKC,,SPO.09.AKC.5066.6001.1,SPP.09.AKC.5066.6001.1.11325,SAM.09.AKC.5066.6001.1,PM2.5,http://dd.eionet.europa.eu/vocabulary/aq/pollutant/6001,hour,3.8286499900,µg/m3,2018-05-06 00:00:00 +01:00,2018-05-06 01:00:00 +01:00,1,1
AT,AT.0008.20.AQ,NET.09,STA.09.AKC,,SPO.09.AKC.5066.6001.1,SPP.09.AKC.5066.6001.1.11325,SAM.09.AKC.5066.6001.1,PM2.5,http://dd.eionet.europa.eu/vocabulary/aq/pollutant/6001,hour,4.1209497400,µg/m3,2018-05-06 01:00:00 +01:00,2018-05-06 02:00:00 +01:00,1,1
AT,AT.0008.20.AQ,NET.09,STA.09.AKC,,SPO.09.AKC.5066.6001.1,SPP.09.AKC.5066.6001.1.11325,SAM.09.AKC.5066.6001.1,PM2.5,http://dd.eionet.europa.eu/vocabulary/aq/pollutant/6001,hour,4.9440498300,µg/m3,2018-05-06 03:00:00 +01:00,2018-05-06 04:00:00 +01:00,1,1
AT,AT.0008.20.AQ,NET.09,STA.09.AKC,,SPO.09.AKC.5066.6001.1,SPP.09.AKC.5066.6001.1.11325,SAM.09.AKC.5066.6001.1,PM2.5,http://dd.eionet.europa.eu/vocabulary/aq/pollutant/6001,hour,6.7967000000,µg/m3,2018-05-06 08:00:00 +01:00,2018-05-06 09:00:00 +01:00,1,1
AT,AT.0008.20.AQ,NET.09,STA.09.AKC,,SPO.09.AKC.5066.6001.1,SPP.09.AKC.5066.6001.1.11325,SAM.09.AKC.5066.6001.1,PM2.5,http://dd.eionet.europa.eu/vocabulary/aq/pollutant/6001,hour,6.6913499800,µg/m3,2018-05-06 09:00:00 +01:00,2018-05-06 10:00:00 +01:00,1,1
AT,AT.0008.20.AQ,NET.09,STA.09.AKC,,SPO.09.AKC.5066.6001.1,SPP.09.AKC.5066.6001.1.11325,SAM.09.AKC.5066.6001.1,PM2.5,http://dd.eionet.europa.eu/vocabulary/aq/pollutant/6001,hour,6.3294000600,µg/m3,2018-05-06 10:00:00 +01:00,2018-05-06 11:00:00 +01:00,1,1
AT,AT.0008.20.AQ,NET.09,STA.09.AKC,,SPO.09.AKC.5066.6001.1,SPP.09.AKC.5066.6001.1.11325,SAM.09.AKC.5066.6001.1,PM2.5,http://dd.eionet.europa.eu/vocabulary/aq/pollutant/6001,hour,5.0489501900,µg/m3,2018-05-06 13:00:00 +01:00,2018-05-06 14:00:00 +01:00,1,1
AT,AT.0008.20.AQ,NET.09,STA.09.AKC,,SPO.09.AKC.5066.6001.1,SPP.09.AKC.5066.6001.1.11325,SAM.09.AKC.5066.6001.1,PM2.5,http://dd.eionet.europa.eu/vocabulary/aq/pollutant/6001,hour,4.9270000400,µg/m3,2018-05-06 14:00:00 +01:00,2018-05-06 15:00:00 +01:00,1,1
AT,AT.0008.20.AQ,NET.09,STA.09.AKC,,SPO.09.AKC.5066.6001.1,SPP.09.AKC.5066.6001.1.11325,SAM.09.AKC.5066.6001.1,PM2.5,http://dd.eionet.europa.eu/vocabulary/aq/pollutant/6001,hour,6.2744998900,µg/m3,2018-05-06 16:00:00 +01:00,2018-05-06 17:00:00 +01:00,1,1
AT,AT.0008.20.AQ,NET.09,STA.09.AKC,,SPO.09.AKC.5066.6001.1,SPP.09.AKC.5066.6001.1.11325,SAM.09.AKC.5066.6001.1,PM2.5,http://dd.eionet.europa.eu/vocabulary/aq/pollutant/6001,hour,5.5152997900,µg/m3,2018-05-06 18:00:00 +01:00,2018-05-06 19:00:00 +01:00,1,1
AT,AT.0008.20.AQ,NET.09,STA.09.AKC,,SPO.09.AKC.5066.6001.1,SPP.09.AKC.5066.6001.1.11325,SAM.09.AKC.5066.6001.1,PM2.5,http://dd.eionet.europa.eu/vocabulary/aq/pollutant/6001,hour,5.2369999800,µg/m3,2018-05-06 22:00:00 +01:00,2018-05-06 23:00:00 +01:00,1,1
AT,AT.0008.20.AQ,NET.09,STA.09.AKC,,SPO.09.AKC.5066.6001.1,SPP.09.AKC.5066.6001.1.11325,SAM.09.AKC.5066.6001.1,PM2.5,http://dd.eionet.europa.eu/vocabulary/aq/pollutant/6001,hour,5.0869998900,µg/m3,2018-05-06 23:00:00 +01:00,2018-05-07 00:00:00 +01:00,1,1
AT,AT.0008.20.AQ,NET.09,STA.09.AKC,,SPO.09.AKC.5066.6001.1,SPP.09.AKC.5066.6001.1.11325,SAM.09.AKC.5066.6001.1,PM2.5,http://dd.eionet.europa.eu/vocabulary/aq/pollutant/6001,hour,5.1511497400,µg/m3,2018-05-07 00:00:00 +01:00,2018-05-07 01:00:00 +01:00,1,1
AT,AT.0008.20.AQ,NET.09,STA.09.AKC,,SPO.09.AKC.5066.6001.1,SPP.09.AKC.5066.6001.1.11325,SAM.09.AKC.5066.6001.1,PM2.5,http://dd.eionet.europa.eu/vocabulary/aq/pollutant/6001,hour,5.2766499500,µg/m3,2018-05-07 01:00:00 +01:00,2018-05-07 02:00:00 +01:00,1,1
AT,AT.0008.20.AQ,NET.09,STA.09.AKC,,SPO.09.AKC.5066.6001.1,SPP.09.AKC.5066.6001.1.11325,SAM.09.AKC.5066.6001.1,PM2.5,http://dd.eionet.europa.eu/vocabulary/aq/pollutant/6001,hour,5.6833000100,µg/m3,2018-05-07 03:00:00 +01:00,2018-05-07 04:00:00 +01:00,1,1
AT,AT.0008.20.AQ,NET.09,STA.09.AKC,,SPO.09.AKC.5066.6001.1,SPP.09.AKC.5066.6001.1.11325,SAM.09.AKC.5066.6001.1,PM2.5,http://dd.eionet.europa.eu/vocabulary/aq/pollutant/6001,hour,6.0767002100,µg/m3,2018-05-07 04:00:00 +01:00,2018-05-07 05:00:00 +01:00,1,1
AT,AT.0008.20.AQ,NET.09,STA.09.AKC,,SPO.09.AKC.5066.6001.1,SPP.09.AKC.5066.6001.1.11325,SAM.09.AKC.5066.6001.1,PM2.5,http://dd.eionet.europa.eu/vocabulary/aq/pollutant/6001,hour,6.9657001400,µg/m3,2018-05-07 05:00:00 +01:00,2018-05-07 06:00:00 +01:00,1,1
AT,AT.0008.20.AQ,NET.09,STA.09.AKC,,SPO.09.AKC.5066.6001.1,SPP.09.AKC.5066.6001.1.11325,SAM.09.AKC.5066.6001.1,PM2.5,http://dd.eionet.europa.eu/vocabulary/aq/pollutant/6001,hour,6.8064002900,µg/m3,2018-05-07 07:00:00 +01:00,2018-05-07 08:00:00 +01:00,1,1
AT,AT.0008.20.AQ,NET.09,STA.09.AKC,,SPO.09.AKC.5066.6001.1,SPP.09.AKC.5066.6001.1.11325,SAM.09.AKC.5066.6001.1,PM2.5,http://dd.eionet.europa.eu/vocabulary/aq/pollutant/6001,hour,7.5269498800,µg/m3,2018-05-07 10:00:00 +01:00,2018-05-07 11:00:00 +01:00,1,1
AT,AT.0008.20.AQ,NET.09,STA.09.AKC,,SPO.09.AKC.5066.6001.1,SPP.09.AKC.5066.6001.1.11325,SAM.09.AKC.5066.6001.1,PM2.5,http://dd.eionet.europa.eu/vocabulary/aq/pollutant/6001,hour,4.5411000200,µg/m3,2018-05-07 14:00:00 +01:00,2018-05-07 15:00:00 +01:00,1,1
AT,AT.0008.20.AQ,NET.09,STA.09.AKC,,SPO.09.AKC.5066.6001.1,SPP.09.AKC.5066.6001.1.11325,SAM.09.AKC.5066.6001.1,PM2.5,http://dd.eionet.europa.eu/vocabulary/aq/pollutant/6001,hour,4.5217499700,µg/m3,2018-05-07 16:00:00 +01:00,2018-05-07 17:00:00 +01:00,1,1
AT,AT.0008.20.AQ,NET.09,STA.09.AKC,,SPO.09.AKC.5066.6001.1,SPP.09.AKC.5066.6001.1.11325,SAM.09.AKC.5066.6001.1,PM2.5,http://dd.eionet.europa.eu/vocabulary/aq/pollutant/6001,hour,4.5074996900,µg/m3,2018-05-07 17:00:00 +01:00,2018-05-07 18:00:00 +01:00,1,1
AT,AT.0008.20.AQ,NET.09,STA.09.AKC,,SPO.09.AKC.5066.6001.1,SPP.09.AKC.5066.6001.1.11325,SAM.09.AKC.5066.6001.1,PM2.5,http://dd.eionet.europa.eu/vocabulary/aq/pollutant/6001,hour,5.2032003400,µg/m3,2018-05-07 18:00:00 +01:00,2018-05-07 19:00:00 +01:00,1,1
AT,AT.0008.20.AQ,NET.09,STA.09.AKC,,SPO.09.AKC.5066.6001.1,SPP.09.AKC.5066.6001.1.11325,SAM.09.AKC.5066.6001.1,PM2.5,http://dd.eionet.europa.eu/vocabulary/aq/pollutant/6001,hour,5.7463998700,µg/m3,2018-05-07 19:00:00 +01:00,2018-05-07 20:00:00 +01:00,1,1
AT,AT.0008.20.AQ,NET.09,STA.09.AKC,,SPO.09.AKC.5066.6001.1,SPP.09.AKC.5066.6001.1.11325,SAM.09.AKC.5066.6001.1,PM2.5,http://dd.eionet.europa.eu/vocabulary/aq/pollutant/6001,hour,5.9043502800,µg/m3,2018-05-07 20:00:00 +01:00,2018-05-07 21:00:00 +01:00,1,1
AT,AT.0008.20.AQ,NET.09,STA.09.AKC,,SPO.09.AKC.5066.6001.1,SPP.09.AKC.5066.6001.1.11325,SAM.09.AKC.5066.6001.1,PM2.5,http://dd.eionet.europa.eu/vocabulary/aq/pollutant/6001,hour,5.5679502400,µg/m3,2018-05-07 22:00:00 +01:00,2018-05-07 23:00:00 +01:00,1,1
AT,AT.0008.20.AQ,NET.09,STA.09.AKC,,SPO.09.AKC.5066.6001.1,SPP.09.AKC.5066.6001.1.11325,SAM.09.AKC.5066.6001.1,PM2.5,http://dd.eionet.europa.eu/vocabulary/aq/pollutant/6001,hour,5.6508498100,µg/m3,2018-05-08 02:00:00 +01:00,2018-05-08 03:00:00 +01:00,1,1
AT,AT.0008.20.AQ,NET.09,STA.09.AKC,,SPO.09.AKC.5066.6001.1,SPP.09.AKC.5066.6001.1.11325,SAM.09.AKC.5066.6001.1,PM2.5,http://dd.eionet.europa.eu/vocabulary/aq/pollutant/6001,hour,5.7854499800,µg/m3,2018-05-08 03:00:00 +01:00,2018-05-08 04:00:00 +01:00,1,1
AT,AT.0008.20.AQ,NET.09,STA.09.AKC,,SPO.09.AKC.5066.6001.1,SPP.09.AKC.5066.6001.1.11325,SAM.09.AKC.5066.6001.1,PM2.5,http://dd.eionet.europa.eu/vocabulary/aq/pollutant/6001,hour,7.9738497700,µg/m3,2018-05-08 05:00:00 +01:00,2018-05-08 06:00:00 +01:00,1,1
AT,AT.0008.20.AQ,NET.09,STA.09.AKC,,SPO.09.AKC.5066.6001.1,SPP.09.AKC.5066.6001.1.11325,SAM.09.AKC.5066.6001.1,PM2.5,http://dd.eionet.europa.eu/vocabulary/aq/pollutant/6001,hour,8.4707498500,µg/m3,2018-05-08 06:00:00 +01:00,2018-05-08 07:00:00 +01:00,1,1
AT,AT.0008.20.AQ,NET.09,STA.09.AKC,,SPO.09.AKC.5066.6001.1,SPP.09.AKC.5066.6001.1.11325,SAM.09.AKC.5066.6001.1,PM2.5,http://dd.eionet.europa.eu/vocabulary/aq/pollutant/6001,hour,7.6315002400,µg/m3,2018-05-08 07:00:00 +01:00,2018-05-08 08:00:00 +01:00,1,1
AT,AT.0008.20.AQ,NET.09,STA.09.AKC,,SPO.09.AKC.5066.6001.1,SPP.09.AKC.5066.6001.1.11325,SAM.09.AKC.5066.6001.1,PM2.5,http://dd.eionet.europa.eu/vocabulary/aq/pollutant/6001,hour,8.4631500200,µg/m3,2018-05-08 08:00:00 +01:00,2018-05-08 09:00:00 +01:00,1,1
AT,AT.0008.20.AQ,NET.09,STA.09.AKC,,SPO.09.AKC.5066.6001.1,SPP.09.AKC.5066.6001.1.11325,SAM.09.AKC.5066.6001.1,PM2.5,http://dd.eionet.europa.eu/vocabulary/aq/pollutant/6001,hour,10.3026504500,µg/m3,2018-05-08 09:00:00 +01:00,2018-05-08 10:00:00 +01:00,1,1
AT,AT.0008.20.AQ,NET.09,STA.09.AKC,,SPO.09.AKC.5066.6001.1,SPP.09.AKC.5066.6001.1.11325,SAM.09.AKC.5066.6001.1,PM2.5,http://dd.eionet.europa.eu/vocabulary/aq/pollutant/6001,hour,11.3365001600,µg/m3,2018-05-08 10:00:00 +01:00,2018-05-08 11:00:00 +01:00,1,1
AT,AT.0008.20.AQ,NET.09,STA.09.AKC,,SPO.09.AKC.5066.6001.1,SPP.09.AKC.5066.6001.1.11325,SAM.09.AKC.5066.6001.1,PM2.5,http://dd.eionet.europa.eu/vocabulary/aq/pollutant/6001,hour,8.0402507700,µg/m3,2018-05-08 11:00:00 +01:00,2018-05-08 12:00:00 +01:00,1,1
AT,AT.0008.20.AQ,NET.09,STA.09.AKC,,SPO.09.AKC.5066.6001.1,SPP.09.AKC.5066.6001.1.11325,SAM.09.AKC.5066.6001.1,PM2.5,http://dd.eionet.europa.eu/vocabulary/aq/pollutant/6001,hour,7.2235498400,µg/m3,2018-05-08 13:00:00 +01:00,2018-05-08 14:00:00 +01:00,1,1
AT,AT.0008.20.AQ,NET.09,STA.09.AKC,,SPO.09.AKC.5066.6001.1,SPP.09.AKC.5066.6001.1.11325,SAM.09.AKC.5066.6001.1,PM2.5,http://dd.eionet.europa.eu/vocabulary/aq/pollutant/6001,hour,6.6212000800,µg/m3,2018-05-08 14:00:00 +01:00,2018-05-08 15:00:00 +01:00,1,1
AT,AT.0008.20.AQ,NET.09,STA.09.AKC,,SPO.09.AKC.5066.6001.1,SPP.09.AKC.5066.6001.1.11325,SAM.09.AKC.5066.6001.1,PM2.5,http://dd.eionet.europa.eu/vocabulary/aq/pollutant/6001,hour,8.3983497600,µg/m3,2018-05-08 16:00:00 +01:00,2018-05-08 17:00:00 +01:00,1,1
AT,AT.0008.20.AQ,NET.09,STA.09.AKC,,SPO.09.AKC.5066.6001.1,SPP.09.AKC.5066.6001.1.11325,SAM.09.AKC.5066.6001.1,PM2.5,http://dd.eionet.europa.eu/vocabulary/aq/pollutant/6001,hour,6.0517501800,µg/m3,2018-05-08 20:00:00 +01:00,2018-05-08 21:00:00 +01:00,1,1
AT,AT.0008.20.AQ,NET.09,STA.09.AKC,,SPO.09.AKC.5066.6001.1,SPP.09.AKC.5066.6001.1.11325,SAM.09.AKC.5066.6001.1,PM2.5,http://dd.eionet.europa.eu/vocabulary/aq/pollutant/6001,hour,5.9770498200,µg/m3,2018-05-08 21:00:00 +01:00,2018-05-08 22:00:00 +01:00,1,1
AT,AT.0008.20.AQ,NET.09,STA.09.AKC,,SPO.09.AKC.5066.6001.1,SPP.09.AKC.5066.6001.1.11325,SAM.09.AKC.5066.6001.1,PM2.5,http://dd.eionet.europa.eu/vocabulary/aq/pollutant/6001,hour,5.3690996100,µg/m3,2018-05-08 22:00:00 +01:00,2018-05-08 23:00:00 +01:00,1,1
AT,AT.0008.20.AQ,NET.09,STA.09.AKC,,SPO.09.AKC.5066.6001.1,SPP.09.AKC.5066.6001.1.11325,SAM.09.AKC.5066.6001.1,PM2.5,http://dd.eionet.europa.eu/vocabulary/aq/pollutant/6001,hour,6.5454502100,µg/m3,2018-05-09 02:00:00 +01:00,2018-05-09 03:00:00 +01:00,1,1
AT,AT.0008.20.AQ,NET.09,STA.09.AKC,,SPO.09.AKC.5066.6001.1,SPP.09.AKC.5066.6001.1.11325,SAM.09.AKC.5066.6001.1,PM2.5,http://dd.eionet.europa.eu/vocabulary/aq/pollutant/6001,hour,6.9660501400,µg/m3,2018-05-09 03:00:00 +01:00,2018-05-09 04:00:00 +01:00,1,1
AT,AT.0008.20.AQ,NET.09,STA.09.AKC,,SPO.09.AKC.5066.6001.1,SPP.09.AKC.5066.6001.1.11325,SAM.09.AKC.5066.6001.1,PM2.5,http://dd.eionet.europa.eu/vocabulary/aq/pollutant/6001,hour,7.9588003100,µg/m3,2018-05-09 04:00:00 +01:00,2018-05-09 05:00:00 +01:00,1,1
AT,AT.0008.20.AQ,NET.09,STA.09.AKC,,SPO.09.AKC.5066.6001.1,SPP.09.AKC.5066.6001.1.11325,SAM.09.AKC.5066.6001.1,PM2.5,http://dd.eionet.europa.eu/vocabulary/aq/pollutant/6001,hour,10.7325000700,µg/m3,2018-05-09 05:00:00 +01:00,2018-05-09 06:00:00 +01:00,1,1
AT,AT.0008.20.AQ,NET.09,STA.09.AKC,,SPO.09.AKC.5066.6001.1,SPP.09.AKC.5066.6001.1.11325,SAM.09.AKC.5066.6001.1,PM2.5,http://dd.eionet.europa.eu/vocabulary/aq/pollutant/6001,hour,13.7519998500,µg/m3,2018-05-09 06:00:00 +01:00,2018-05-09 07:00:00 +01:00,1,1
AT,AT.0008.20.AQ,NET.09,STA.09.AKC,,SPO.09.AKC.5066.6001.1,SPP.09.AKC.5066.6001.1.11325,SAM.09.AKC.5066.6001.1,PM2.5,http://dd.eionet.europa.eu/vocabulary/aq/pollutant/6001,hour,15.2239990200,µg/m3,2018-05-09 07:00:00 +01:00,2018-05-09 08:00:00 +01:00,1,1
AT,AT.0008.20.AQ,NET.09,STA.09.AKC,,SPO.09.AKC.5066.6001.1,SPP.09.AKC.5066.6001.1.11325,SAM.09.AKC.5066.6001.1,PM2.5,http://dd.eionet.europa.eu/vocabulary/aq/pollutant/6001,hour,15.0200004500,µg/m3,2018-05-09 11:00:00 +01:00,2018-05-09 12:00:00 +01:00,1,1
AT,AT.0008.20.AQ,NET.09,STA.09.AKC,,SPO.09.AKC.5066.6001.1,SPP.09.AKC.5066.6001.1.11325,SAM.09.AKC.5066.6001.1,PM2.5,http://dd.eionet.europa.eu/vocabulary/aq/pollutant/6001,hour,16.8185005100,µg/m3,2018-05-09 12:00:00 +01:00,2018-05-09 13:00:00 +01:00,1,1
AT,AT.0008.20.AQ,NET.09,STA.09.AKC,,SPO.09.AKC.5066.6001.1,SPP.09.AKC.5066.6001.1.11325,SAM.09.AKC.5066.6001.1,PM2.5,http://dd.eionet.europa.eu/vocabulary/aq/pollutant/6001,hour,15.9580001800,µg/m3,2018-05-09 13:00:00 +01:00,2018-05-09 14:00:00 +01:00,1,1
AT,AT.0008.20.AQ,NET.09,STA.09.AKC,,SPO.09.AKC.5066.6001.1,SPP.09.AKC.5066.6001.1.11325,SAM.09.AKC.5066.6001.1,PM2.5,http://dd.eionet.europa.eu/vocabulary/aq/pollutant/6001,hour,13.2294998100,µg/m3,2018-05-09 14:00:00 +01:00,2018-05-09 15:00:00 +01:00,1,1
AT,AT.0008.20.AQ,NET.09,STA.09.AKC,,SPO.09.AKC.5066.6001.1,SPP.09.AKC.5066.6001.1.11325,SAM.09.AKC.5066.6001.1,PM2.5,http://dd.eionet.europa.eu/vocabulary/aq/pollutant/6001,hour,15.2615013100,µg/m3,2018-05-09 16:00:00 +01:00,2018-05-09 17:00:00 +01:00,1,1
AT,AT.0008.20.AQ,NET.09,STA.09.AKC,,SPO.09.AKC.5066.6001.1,SPP.09.AKC.5066.6001.1.11325,SAM.09.AKC.5066.6001.1,PM2.5,http://dd.eionet.europa.eu/vocabulary/aq/pollutant/6001,hour,14.5325002600,µg/m3,2018-05-09 17:00:00 +01:00,2018-05-09 18:00:00 +01:00,1,1
AT,AT.0008.20.AQ,NET.09,STA.09.AKC,,SPO.09.AKC.5066.6001.1,SPP.09.AKC.5066.6001.1.11325,SAM.09.AKC.5066.6001.1,PM2.5,http://dd.eionet.europa.eu/vocabulary/aq/pollutant/6001,hour,19.2244987400,µg/m3,2018-05-09 18:00:00 +01:00,2018-05-09 19:00:00 +01:00,1,1
AT,AT.0008.20.AQ,NET.09,STA.09.AKC,,SPO.09.AKC.5066.6001.1,SPP.09.AKC.5066.6001.1.11325,SAM.09.AKC.5066.6001.1,PM2.5,http://dd.eionet.europa.eu/vocabulary/aq/pollutant/6001,hour,19.0480003300,µg/m3,2018-05-09 19:00:00 +01:00,2018-05-09 20:00:00 +01:00,1,1
AT,AT.0008.20.AQ,NET.09,STA.09.AKC,,SPO.09.AKC.5066.6001.1,SPP.09.AKC.5066.6001.1.11325,SAM.09.AKC.5066.6001.1,PM2.5,http://dd.eionet.europa.eu/vocabulary/aq/pollutant/6001,hour,19.5655002500,µg/m3,2018-05-09 20:00:00 +01:00,2018-05-09 21:00:00 +01:00,1,1
AT,AT.0008.20.AQ,NET.09,STA.09.AKC,,SPO.09.AKC.5066.6001.1,SPP.09.AKC.5066.6001.1.11325,SAM.09.AKC.5066.6001.1,PM2.5,http://dd.eionet.europa.eu/vocabulary/aq/pollutant/6001,hour,22.0604991900,µg/m3,2018-05-09 21:00:00 +01:00,2018-05-09 22:00:00 +01:00,1,1
AT,AT.0008.20.AQ,NET.09,STA.09.AKC,,SPO.09.AKC.5066.6001.1,SPP.09.AKC.5066.6001.1.11325,SAM.09.AKC.5066.6001.1,PM2.5,http://dd.eionet.europa.eu/vocabulary/aq/pollutant/6001,hour,22.0254993400,µg/m3,2018-05-09 23:00:00 +01:00,2018-05-10 00:00:00 +01:00,1,1
AT,AT.0008.20.AQ,NET.09,STA.09.AKC,,SPO.09.AKC.5066.6001.1,SPP.09.AKC.5066.6001.1.11325,SAM.09.AKC.5066.6001.1,PM2.5,http://dd.eionet.europa.eu/vocabulary/aq/pollutant/6001,hour,20.8344993500,µg/m3,2018-05-10 02:00:00 +01:00,2018-05-10 03:00:00 +01:00,1,1
AT,AT.0008.20.AQ,NET.09,STA.09.AKC,,SPO.09.AKC.5066.6001.1,SPP.09.AKC.5066.6001.1.11325,SAM.09.AKC.5066.6001.1,PM2.5,http://dd.eionet.europa.eu/vocabulary/aq/pollutant/6001,hour,20.1150016700,µg/m3,2018-05-10 03:00:00 +01:00,2018-05-10 04:00:00 +01:00,1,1
AT,AT.0008.20.AQ,NET.09,STA.09.AKC,,SPO.09.AKC.5066.6001.1,SPP.09.AKC.5066.6001.1.11325,SAM.09.AKC.5066.6001.1,PM2.5,http://dd.eionet.europa.eu/vocabulary/aq/pollutant/6001,hour,21.4059982300,µg/m3,2018-05-10 05:00:00 +01:00,2018-05-10 06:00:00 +01:00,1,1
AT,AT.0008.20.AQ,NET.09,STA.09.AKC,,SPO.09.AKC.5066.6001.1,SPP.09.AKC.5066.6001.1.11325,SAM.09.AKC.5066.6001.1,PM2.5,http://dd.eionet.europa.eu/vocabulary/aq/pollutant/6001,hour,16.6700000700,µg/m3,2018-05-10 07:00:00 +01:00,2018-05-10 08:00:00 +01:00,1,1
AT,AT.0008.20.AQ,NET.09,STA.09.AKC,,SPO.09.AKC.5066.6001.1,SPP.09.AKC.5066.6001.1.11325,SAM.09.AKC.5066.6001.1,PM2.5,http://dd.eionet.europa.eu/vocabulary/aq/pollutant/6001,hour,14.0329999900,µg/m3,2018-05-10 10:00:00 +01:00,2018-05-10 11:00:00 +01:00,1,1
AT,AT.0008.20.AQ,NET.09,STA.09.AKC,,SPO.09.AKC.5066.6001.1,SPP.09.AKC.5066.6001.1.11325,SAM.09.AKC.5066.6001.1,PM2.5,http://dd.eionet.europa.eu/vocabulary/aq/pollutant/6001,hour,13.9015007000,µg/m3,2018-05-10 11:00:00 +01:00,2018-05-10 12:00:00 +01:00,1,1
AT,AT.0008.20.AQ,NET.09,STA.09.AKC,,SPO.09.AKC.5066.6001.1,SPP.09.AKC.5066.6001.1.11325,SAM.09.AKC.5066.6001.1,PM2.5,http://dd.eionet.europa.eu/vocabulary/aq/pollutant/6001,hour,13.8144998500,µg/m3,2018-05-10 12:00:00 +01:00,2018-05-10 13:00:00 +01:00,1,1
AT,AT.0008.20.AQ,NET.09,STA.09.AKC,,SPO.09.AKC.5066.6001.1,SPP.09.AKC.5066.6001.1.11325,SAM.09.AKC.5066.6001.1,PM2.5,http://dd.eionet.europa.eu/vocabulary/aq/pollutant/6001,hour,13.2644996600,µg/m3,2018-05-10 13:00:00 +01:00,2018-05-10 14:00:00 +01:00,1,1
AT,AT.0008.20.AQ,NET.09,STA.09.AKC,,SPO.09.AKC.5066.6001.1,SPP.09.AKC.5066.6001.1.11325,SAM.09.AKC.5066.6001.1,PM2.5,http://dd.eionet.europa.eu/vocabulary/aq/pollutant/6001,hour,13.1750001900,µg/m3,2018-05-10 14:00:00 +01:00,2018-05-10 15:00:00 +01:00,1,1
AT,AT.0008.20.AQ,NET.09,STA.09.AKC,,SPO.09.AKC.5066.6001.1,SPP.09.AKC.5066.6001.1.11325,SAM.09.AKC.5066.6001.1,PM2.5,http://dd.eionet.europa.eu/vocabulary/aq/pollutant/6001,hour,13.2474994600,µg/m3,2018-05-10 15:00:00 +01:00,2018-05-10 16:00:00 +01:00,1,1
AT,AT.0008.20.AQ,NET.09,STA.09.AKC,,SPO.09.AKC.5066.6001.1,SPP.09.AKC.5066.6001.1.11325,SAM.09.AKC.5066.6001.1,PM2.5,http://dd.eionet.europa.eu/vocabulary/aq/pollutant/6001,hour,13.0150003400,µg/m3,2018-05-10 16:00:00 +01:00,2018-05-10 17:00:00 +01:00,1,1
AT,AT.0008.20.AQ,NET.09,STA.09.AKC,,SPO.09.AKC.5066.6001.1,SPP.09.AKC.5066.6001.1.11325,SAM.09.AKC.5066.6001.1,PM2.5,http://dd.eionet.europa.eu/vocabulary/aq/pollutant/6001,hour,12.0994997000,µg/m3,2018-05-10 18:00:00 +01:00,2018-05-10 19:00:00 +01:00,1,1
AT,AT.0008.20.AQ,NET.09,STA.09.AKC,,SPO.09.AKC.5066.6001.1,SPP.09.AKC.5066.6001.1.11325,SAM.09.AKC.5066.6001.1,PM2.5,http://dd.eionet.europa.eu/vocabulary/aq/pollutant/6001,hour,7.9428501100,µg/m3,2018-05-10 20:00:00 +01:00,2018-05-10 21:00:00 +01:00,1,1
AT,AT.0008.20.AQ,NET.09,STA.09.AKC,,SPO.09.AKC.5066.6001.1,SPP.09.AKC.5066.6001.1.11325,SAM.09.AKC.5066.6001.1,PM2.5,http://dd.eionet.europa.eu/vocabulary/aq/pollutant/6001,hour,7.9952497400,µg/m3,2018-05-10 21:00:00 +01:00,2018-05-10 22:00:00 +01:00,1,1
AT,AT.0008.20.AQ,NET.09,STA.09.AKC,,SPO.09.AKC.5066.6001.1,SPP.09.AKC.5066.6001.1.11325,SAM.09.AKC.5066.6001.1,PM2.5,http://dd.eionet.europa.eu/vocabulary/aq/pollutant/6001,hour,8.6971502300,µg/m3,2018-05-10 22:00:00 +01:00,2018-05-10 23:00:00 +01:00,1,1
AT,AT.0008.20.AQ,NET.09,STA.09.AKC,,SPO.09.AKC.5066.6001.1,SPP.09.AKC.5066.6001.1.11325,SAM.09.AKC.5066.6001.1,PM2.5,http://dd.eionet.europa.eu/vocabulary/aq/pollutant/6001,hour,9.6097507400,µg/m3,2018-05-10 23:00:00 +01:00,2018-05-11 00:00:00 +01:00,1,1
AT,AT.0008.20.AQ,NET.09,STA.09.AKC,,SPO.09.AKC.5066.6001.1,SPP.09.AKC.5066.6001.1.11325,SAM.09.AKC.5066.6001.1,PM2.5,http://dd.eionet.europa.eu/vocabulary/aq/pollutant/6001,hour,9.1193504300,µg/m3,2018-05-11 00:00:00 +01:00,2018-05-11 01:00:00 +01:00,1,1
AT,AT.0008.20.AQ,NET.09,STA.09.AKC,,SPO.09.AKC.5066.6001.1,SPP.09.AKC.5066.6001.1.11325,SAM.09.AKC.5066.6001.1,PM2.5,http://dd.eionet.europa.eu/vocabulary/aq/pollutant/6001,hour,8.8204994200,µg/m3,2018-05-11 01:00:00 +01:00,2018-05-11 02:00:00 +01:00,1,1
AT,AT.0008.20.AQ,NET.09,STA.09.AKC,,SPO.09.AKC.5066.6001.1,SPP.09.AKC.5066.6001.1.11325,SAM.09.AKC.5066.6001.1,PM2.5,http://dd.eionet.europa.eu/vocabulary/aq/pollutant/6001,hour,8.5517501800,µg/m3,2018-05-11 02:00:00 +01:00,2018-05-11 03:00:00 +01:00,1,1
AT,AT.0008.20.AQ,NET.09,STA.09.AKC,,SPO.09.AKC.5066.6001.1,SPP.09.AKC.5066.6001.1.11325,SAM.09.AKC.5066.6001.1,PM2.5,http://dd.eionet.europa.eu/vocabulary/aq/pollutant/6001,hour,8.9815502100,µg/m3,2018-05-11 04:00:00 +01:00,2018-05-11 05:00:00 +01:00,1,1
AT,AT.0008.20.AQ,NET.09,STA.09.AKC,,SPO.09.AKC.5066.6001.1,SPP.09.AKC.5066.6001.1.11325,SAM.09.AKC.5066.6001.1,PM2.5,http://dd.eionet.europa.eu/vocabulary/aq/pollutant/6001,hour,10.5880002900,µg/m3,2018-05-11 06:00:00 +01:00,2018-05-11 07:00:00 +01:00,1,1
AT,AT.0008.20.AQ,NET.09,STA.09.AKC,,SPO.09.AKC.5066.6001.1,SPP.09.AKC.5066.6001.1.11325,SAM.09.AKC.5066.6001.1,PM2.5,http://dd.eionet.europa.eu/vocabulary/aq/pollutant/6001,hour,12.0139999300,µg/m3,2018-05-11 07:00:00 +01:00,2018-05-11 08:00:00 +01:00,1,1
AT,AT.0008.20.AQ,NET.09,STA.09.AKC,,SPO.09.AKC.5066.6001.1,SPP.09.AKC.5066.6001.1.11325,SAM.09.AKC.5066.6001.1,PM2.5,http://dd.eionet.europa.eu/vocabulary/aq/pollutant/6001,hour,11.0739994000,µg/m3,2018-05-11 09:00:00 +01:00,2018-05-11 10:00:00 +01:00,1,1
AT,AT.0008.20.AQ,NET.09,STA.09.AKC,,SPO.09.AKC.5066.6001.1,SPP.09.AKC.5066.6001.1.11325,SAM.09.AKC.5066.6001.1,PM2.5,http://dd.eionet.europa.eu/vocabulary/aq/pollutant/6001,hour,11.3355007100,µg/m3,2018-05-11 10:00:00 +01:00,2018-05-11 11:00:00 +01:00,1,1
AT,AT.0008.20.AQ,NET.09,STA.09.AKC,,SPO.09.AKC.5066.6001.1,SPP.09.AKC.5066.6001.1.11325,SAM.09.AKC.5066.6001.1,PM2.5,http://dd.eionet.europa.eu/vocabulary/aq/pollutant/6001,hour,12.1125001900,µg/m3,2018-05-11 11:00:00 +01:00,2018-05-11 12:00:00 +01:00,1,1
AT,AT.0008.20.AQ,NET.09,STA.09.AKC,,SPO.09.AKC.5066.6001.1,SPP.09.AKC.5066.6001.1.11325,SAM.09.AKC.5066.6001.1,PM2.5,http://dd.eionet.europa.eu/vocabulary/aq/pollutant/6001,hour,12.9409999800,µg/m3,2018-05-11 12:00:00 +01:00,2018-05-11 13:00:00 +01:00,1,1
AT,AT.0008.20.AQ,NET.09,STA.09.AKC,,SPO.09.AKC.5066.6001.1,SPP.09.AKC.5066.6001.1.11325,SAM.09.AKC.5066.6001.1,PM2.5,http://dd.eionet.europa.eu/vocabulary/aq/pollutant/6001,hour,8.0979995700,µg/m3,2018-05-11 15:00:00 +01:00,2018-05-11 16:00:00 +01:00,1,1
AT,AT.0008.20.AQ,NET.09,STA.09.AKC,,SPO.09.AKC.5066.6001.1,SPP.09.AKC.5066.6001.1.11325,SAM.09.AKC.5066.6001.1,PM2.5,http://dd.eionet.europa.eu/vocabulary/aq/pollutant/6001,hour,8.1929502400,µg/m3,2018-05-11 16:00:00 +01:00,2018-05-11 17:00:00 +01:00,1,1
AT,AT.0008.20.AQ,NET.09,STA.09.AKC,,SPO.09.AKC.5066.6001.1,SPP.09.AKC.5066.6001.1.11325,SAM.09.AKC.5066.6001.1,PM2.5,http://dd.eionet.europa.eu/vocabulary/aq/pollutant/6001,hour,9.7232999800,µg/m3,2018-05-11 18:00:00 +01:00,2018-05-11 19:00:00 +01:00,1,1
AT,AT.0008.20.AQ,NET.09,STA.09.AKC,,SPO.09.AKC.5066.6001.1,SPP.09.AKC.5066.6001.1.11325,SAM.09.AKC.5066.6001.1,PM2.5,http://dd.eionet.europa.eu/vocabulary/aq/pollutant/6001,hour,10.8500003800,µg/m3,2018-05-11 19:00:00 +01:00,2018-05-11 20:00:00 +01:00,1,1
AT,AT.0008.20.AQ,NET.09,STA.09.AKC,,SPO.09.AKC.5066.6001.1,SPP.09.AKC.5066.6001.1.11325,SAM.09.AKC.5066.6001.1,PM2.5,http://dd.eionet.europa.eu/vocabulary/aq/pollutant/6001,hour,14.1114997800,µg/m3,2018-05-11 20:00:00 +01:00,2018-05-11 21:00:00 +01:00,1,1
AT,AT.0008.20.AQ,NET.09,STA.09.AKC,,SPO.09.AKC.5066.6001.1,SPP.09.AKC.5066.6001.1.11325,SAM.09.AKC.5066.6001.1,PM2.5,http://dd.eionet.europa.eu/vocabulary/aq/pollutant/6001,hour,15.3784999800,µg/m3,2018-05-11 21:00:00 +01:00,2018-05-11 22:00:00 +01:00,1,1
AT,AT.0008.20.AQ,NET.09,STA.09.AKC,,SPO.09.AKC.5066.6001.1,SPP.09.AKC.5066.6001.1.11325,SAM.09.AKC.5066.6001.1,PM2.5,http://dd.eionet.europa.eu/vocabulary/aq/pollutant/6001,hour,15.5135002100,µg/m3,2018-05-11 22:00:00 +01:00,2018-05-11 23:00:00 +01:00,1,1
AT,AT.0008.20.AQ,NET.09,STA.09.AKC,,SPO.09.AKC.5066.6001.1,SPP.09.AKC.5066.6001.1.11325,SAM.09.AKC.5066.6001.1,PM2.5,http://dd.eionet.europa.eu/vocabulary/aq/pollutant/6001,hour,17.1445007300,µg/m3,2018-05-11 23:00:00 +01:00,2018-05-12 00:00:00 +01:00,1,1
AT,AT.0008.20.AQ,NET.09,STA.09.AKC,,SPO.09.AKC.5066.6001.1,SPP.09.AKC.5066.6001.1.11325,SAM.09.AKC.5066.6001.1,PM2.5,http://dd.eionet.europa.eu/vocabulary/aq/pollutant/6001,hour,15.9880008600,µg/m3,2018-05-12 00:00:00 +01:00,2018-05-12 01:00:00 +01:00,1,1
AT,AT.0008.20.AQ,NET.09,STA.09.AKC,,SPO.09.AKC.5066.6001.1,SPP.09.AKC.5066.6001.1.11325,SAM.09.AKC.5066.6001.1,PM2.5,http://dd.eionet.europa.eu/vocabulary/aq/pollutant/6001,hour,16.7729988000,µg/m3,2018-05-12 01:00:00 +01:00,2018-05-12 02:00:00 +01:00,1,1
AT,AT.0008.20.AQ,NET.09,STA.09.AKC,,SPO.09.AKC.5066.6001.1,SPP.09.AKC.5066.6001.1.11325,SAM.09.AKC.5066.6001.1,PM2.5,http://dd.eionet.europa.eu/vocabulary/aq/pollutant/6001,hour,17.6235008200,µg/m3,2018-05-12 02:00:00 +01:00,2018-05-12 03:00:00 +01:00,1,1
AT,AT.0008.20.AQ,NET.09,STA.09.AKC,,SPO.09.AKC.5066.6001.1,SPP.09.AKC.5066.6001.1.11325,SAM.09.AKC.5066.6001.1,PM2.5,http://dd.eionet.europa.eu/vocabulary/aq/pollutant/6001,hour,18.3264999300,µg/m3,2018-05-12 03:00:00 +01:00,2018-05-12 04:00:00 +01:00,1,1
AT,AT.0008.20.AQ,NET.09,STA.09.AKC,,SPO.09.AKC.5066.6001.1,SPP.09.AKC.5066.6001.1.11325,SAM.09.AKC.5066.6001.1,PM2.5,http://dd.eionet.europa.eu/vocabulary/aq/pollutant/6001,hour,17.1165008500,µg/m3,2018-05-12 04:00:00 +01:00,2018-05-12 05:00:00 +01:00,1,1
AT,AT.0008.20.AQ,NET.09,STA.09.AKC,,SPO.09.AKC.5066.6001.1,SPP.09.AKC.5066.6001.1.11325,SAM.09.AKC.5066.6001.1,PM2.5,http://dd.eionet.europa.eu/vocabulary/aq/pollutant/6001,hour,17.7765007000,µg/m3,2018-05-12 05:00:00 +01:00,2018-05-12 06:00:00 +01:00,1,1
AT,AT.0008.20.AQ,NET.09,STA.09.AKC,,SPO.09.AKC.5066.6001.1,SPP.09.AKC.5066.6001.1.11325,SAM.09.AKC.5066.6001.1,PM2.5,http://dd.eionet.europa.eu/vocabulary/aq/pollutant/6001,hour,18.6940002400,µg/m3,2018-05-12 06:00:00 +01:00,2018-05-12 07:00:00 +01:00,1,1
AT,AT.0008.20.AQ,NET.09,STA.09.AKC,,SPO.09.AKC.5066.6001.1,SPP.09.AKC.5066.6001.1.11325,SAM.09.AKC.5066.6001.1,PM2.5,http://dd.eionet.europa.eu/vocabulary/aq/pollutant/6001,hour,18.3094997400,µg/m3,2018-05-12 07:00:00 +01:00,2018-05-12 08:00:00 +01:00,1,1
AT,AT.0008.20.AQ,NET.09,STA.09.AKC,,SPO.09.AKC.5066.6001.1,SPP.09.AKC.5066.6001.1.11325,SAM.09.AKC.5066.6001.1,PM2.5,http://dd.eionet.europa.eu/vocabulary/aq/pollutant/6001,hour,16.4420013400,µg/m3,2018-05-12 08:00:00 +01:00,2018-05-12 09:00:00 +01:00,1,1
AT,AT.0008.20.AQ,NET.09,STA.09.AKC,,SPO.09.AKC.5066.6001.1,SPP.09.AKC.5066.6001.1.11325,SAM.09.AKC.5066.6001.1,PM2.5,http://dd.eionet.europa.eu/vocabulary/aq/pollutant/6001,hour,14.5869998900,µg/m3,2018-05-12 09:00:00 +01:00,2018-05-12 10:00:00 +01:00,1,1
AT,AT.0008.20.AQ,NET.09,STA.09.AKC,,SPO.09.AKC.5066.6001.1,SPP.09.AKC.5066.6001.1.11325,SAM.09.AKC.5066.6001.1,PM2.5,http://dd.eionet.europa.eu/vocabulary/aq/pollutant/6001,hour,12.2644996600,µg/m3,2018-05-12 10:00:00 +01:00,2018-05-12 11:00:00 +01:00,1,1
AT,AT.0008.20.AQ,NET.09,STA.09.AKC,,SPO.09.AKC.5066.6001.1,SPP.09.AKC.5066.6001.1.11325,SAM.09.AKC.5066.6001.1,PM2.5,http://dd.eionet.europa.eu/vocabulary/aq/pollutant/6001,hour,11.2084999000,µg/m3,2018-05-12 11:00:00 +01:00,2018-05-12 12:00:00 +01:00,1,1
AT,AT.0008.20.AQ,NET.09,STA.09.AKC,,SPO.09.AKC.5066.6001.1,SPP.09.AKC.5066.6001.1.11325,SAM.09.AKC.5066.6001.1,PM2.5,http://dd.eionet.europa.eu/vocabulary/aq/pollutant/6001,hour,10.8514995500,µg/m3,2018-05-12 13:00:00 +01:00,2018-05-12 14:00:00 +01:00,1,1
AT,AT.0008.20.AQ,NET.09,STA.09.AKC,,SPO.09.AKC.5066.6001.1,SPP.09.AKC.5066.6001.1.11325,SAM.09.AKC.5066.6001.1,PM2.5,http://dd.eionet.europa.eu/vocabulary/aq/pollutant/6001,hour,9.1149997700,µg/m3,2018-05-12 15:00:00 +01:00,2018-05-12 16:00:00 +01:00,1,1
AT,AT.0008.20.AQ,NET.09,STA.09.AKC,,SPO.09.AKC.5066.6001.1,SPP.09.AKC.5066.6001.1.11325,SAM.09.AKC.5066.6001.1,PM2.5,http://dd.eionet.europa.eu/vocabulary/aq/pollutant/6001,hour,10.1625995600,µg/m3,2018-05-12 17:00:00 +01:00,2018-05-12 18:00:00 +01:00,1,1
AT,AT.0008.20.AQ,NET.09,STA.09.AKC,,SPO.09.AKC.5066.6001.1,SPP.09.AKC.5066.6001.1.11325,SAM.09.AKC.5066.6001.1,PM2.5,http://dd.eionet.europa.eu/vocabulary/aq/pollutant/6001,hour,9.9946498800,µg/m3,2018-05-12 18:00:00 +01:00,2018-05-12 19:00:00 +01:00,1,1
AT,AT.0008.20.AQ,NET.09,STA.09.AKC,,SPO.09.AKC.5066.6001.1,SPP.09.AKC.5066.6001.1.11325,SAM.09.AKC.5066.6001.1,PM2.5,http://dd.eionet.europa.eu/vocabulary/aq/pollutant/6001,hour,9.7161998700,µg/m3,2018-05-12 20:00:00 +01:00,2018-05-12 21:00:00 +01:00,1,1
AT,AT.0008.20.AQ,NET.09,STA.09.AKC,,SPO.09.AKC.5066.6001.1,SPP.09.AKC.5066.6001.1.11325,SAM.09.AKC.5066.6001.1,PM2.5,http://dd.eionet.europa.eu/vocabulary/aq/pollutant/6001,hour,11.6245002700,µg/m3,2018-05-12 21:00:00 +01:00,2018-05-12 22:00:00 +01:00,1,1
AT,AT.0008.20.AQ,NET.09,STA.09.AKC,,SPO.09.AKC.5066.6001.1,SPP.09.AKC.5066.6001.1.11325,SAM.09.AKC.5066.6001.1,PM2.5,http://dd.eionet.europa.eu/vocabulary/aq/pollutant/6001,hour,14.5144996600,µg/m3,2018-05-12 22:00:00 +01:00,2018-05-12 23:00:00 +01:00,1,1
AT,AT.0008.20.AQ,NET.09,STA.09.AKC,,SPO.09.AKC.5066.6001.1,SPP.09.AKC.5066.6001.1.11325,SAM.09.AKC.5066.6001.1,PM2.5,http://dd.eionet.europa.eu/vocabulary/aq/pollutant/6001,hour,14.2665004700,µg/m3,2018-05-12 23:00:00 +01:00,2018-05-13 00:00:00 +01:00,1,1
AT,AT.0008.20.AQ,NET.09,STA.09.AKC,,SPO.09.AKC.5066.6001.1,SPP.09.AKC.5066.6001.1.11325,SAM.09.AKC.5066.6001.1,PM2.5,http://dd.eionet.europa.eu/vocabulary/aq/pollutant/6001,hour,12.3109998700,µg/m3,2018-05-13 00:00:00 +01:00,2018-05-13 01:00:00 +01:00,1,1
AT,AT.0008.20.AQ,NET.09,STA.09.AKC,,SPO.09.AKC.5066.6001.1,SPP.09.AKC.5066.6001.1.11325,SAM.09.AKC.5066.6001.1,PM2.5,http://dd.eionet.europa.eu/vocabulary/aq/pollutant/6001,hour,11.8344993500,µg/m3,2018-05-13 01:00:00 +01:00,2018-05-13 02:00:00 +01:00,1,1
AT,AT.0008.20.AQ,NET.09,STA.09.AKC,,SPO.09.AKC.5066.6001.1,SPP.09.AKC.5066.6001.1.11325,SAM.09.AKC.5066.6001.1,PM2.5,http://dd.eionet.europa.eu/vocabulary/aq/pollutant/6001,hour,16.5189990900,µg/m3,2018-05-13 06:00:00 +01:00,2018-05-13 07:00:00 +01:00,1,1
AT,AT.0008.20.AQ,NET.09,STA.09.AKC,,SPO.09.AKC.5066.6001.1,SPP.09.AKC.5066.6001.1.11325,SAM.09.AKC.5066.6001.1,PM2.5,http://dd.eionet.europa.eu/vocabulary/aq/pollutant/6001,hour,13.5694999600,µg/m3,2018-05-13 07:00:00 +01:00,2018-05-13 08:00:00 +01:00,1,1
AT,AT.0008.20.AQ,NET.09,STA.09.AKC,,SPO.09.AKC.5066.6001.1,SPP.09.AKC.5066.6001.1.11325,SAM.09.AKC.5066.6001.1,PM2.5,http://dd.eionet.europa.eu/vocabulary/aq/pollutant/6001,hour,8.6076498000,µg/m3,2018-05-13 09:00:00 +01:00,2018-05-13 10:00:00 +01:00,1,1
AT,AT.0008.20.AQ,NET.09,STA.09.AKC,,SPO.09.AKC.5066.6001.1,SPP.09.AKC.5066.6001.1.11325,SAM.09.AKC.5066.6001.1,PM2.5,http://dd.eionet.europa.eu/vocabulary/aq/pollutant/6001,hour,8.1135997700,µg/m3,2018-05-13 10:00:00 +01:00,2018-05-13 11:00:00 +01:00,1,1
AT,AT.0008.20.AQ,NET.09,STA.09.AKC,,SPO.09.AKC.5066.6001.1,SPP.09.AKC.5066.6001.1.11325,SAM.09.AKC.5066.6001.1,PM2.5,http://dd.eionet.europa.eu/vocabulary/aq/pollutant/6001,hour,8.0301990500,µg/m3,2018-05-13 12:00:00 +01:00,2018-05-13 13:00:00 +01:00,1,1
AT,AT.0008.20.AQ,NET.09,STA.09.AKC,,SPO.09.AKC.5066.6001.1,SPP.09.AKC.5066.6001.1.11325,SAM.09.AKC.5066.6001.1,PM2.5,http://dd.eionet.europa.eu/vocabulary/aq/pollutant/6001,hour,7.3865003500,µg/m3,2018-05-13 15:00:00 +01:00,2018-05-13 16:00:00 +01:00,1,1
AT,AT.0008.20.AQ,NET.09,STA.09.AKC,,SPO.09.AKC.5066.6001.1,SPP.09.AKC.5066.6001.1.11325,SAM.09.AKC.5066.6001.1,PM2.5,http://dd.eionet.europa.eu/vocabulary/aq/pollutant/6001,hour,6.8323497700,µg/m3,2018-05-13 18:00:00 +01:00,2018-05-13 19:00:00 +01:00,1,1
AT,AT.0008.20.AQ,NET.09,STA.09.AKC,,SPO.09.AKC.5066.6001.1,SPP.09.AKC.5066.6001.1.11325,SAM.09.AKC.5066.6001.1,PM2.5,http://dd.eionet.europa.eu/vocabulary/aq/pollutant/6001,hour,8.4265499100,µg/m3,2018-05-13 20:00:00 +01:00,2018-05-13 21:00:00 +01:00,1,1
AT,AT.0008.20.AQ,NET.09,STA.09.AKC,,SPO.09.AKC.5066.6001.1,SPP.09.AKC.5066.6001.1.11325,SAM.09.AKC.5066.6001.1,PM2.5,http://dd.eionet.europa.eu/vocabulary/aq/pollutant/6001,hour,9.2497501300,µg/m3,2018-05-13 21:00:00 +01:00,2018-05-13 22:00:00 +01:00,1,1
AT,AT.0008.20.AQ,NET.09,STA.09.AKC,,SPO.09.AKC.5066.6001.1,SPP.09.AKC.5066.6001.1.11325,SAM.09.AKC.5066.6001.1,PM2.5,http://dd.eionet.europa.eu/vocabulary/aq/pollutant/6001,hour,9.6966495500,µg/m3,2018-05-13 22:00:00 +01:00,2018-05-13 23:00:00 +01:00,1,1
AT,AT.0008.20.AQ,NET.09,STA.09.AKC,,SPO.09.AKC.5066.6001.1,SPP.09.AKC.5066.6001.1.11325,SAM.09.AKC.5066.6001.1,PM2.5,http://dd.eionet.europa.eu/vocabulary/aq/pollutant/6001,hour,9.4305496200,µg/m3,2018-05-13 23:00:00 +01:00,2018-05-14 00:00:00 +01:00,1,1
AT,AT.0008.20.AQ,NET.09,STA.09.AKC,,SPO.09.AKC.5066.6001.1,SPP.09.AKC.5066.6001.1.11325,SAM.09.AKC.5066.6001.1,PM2.5,http://dd.eionet.europa.eu/vocabulary/aq/pollutant/6001,hour,10.9274997700,µg/m3,2018-05-14 00:00:00 +01:00,2018-05-14 01:00:00 +01:00,1,1
AT,AT.0008.20.AQ,NET.09,STA.09.AKC,,SPO.09.AKC.5066.6001.1,SPP.09.AKC.5066.6001.1.11325,SAM.09.AKC.5066.6001.1,PM2.5,http://dd.eionet.europa.eu/vocabulary/aq/pollutant/6001,hour,12.7140007000,µg/m3,2018-05-14 01:00:00 +01:00,2018-05-14 02:00:00 +01:00,1,1
AT,AT.0008.20.AQ,NET.09,STA.09.AKC,,SPO.09.AKC.5066.6001.1,SPP.09.AKC.5066.6001.1.11325,SAM.09.AKC.5066.6001.1,PM2.5,http://dd.eionet.europa.eu/vocabulary/aq/pollutant/6001,hour,11.4629993400,µg/m3,2018-05-14 02:00:00 +01:00,2018-05-14 03:00:00 +01:00,1,1
AT,AT.0008.20.AQ,NET.09,STA.09.AKC,,SPO.09.AKC.5066.6001.1,SPP.09.AKC.5066.6001.1.11325,SAM.09.AKC.5066.6001.1,PM2.5,http://dd.eionet.europa.eu/vocabulary/aq/pollutant/6001,hour,10.2245006500,µg/m3,2018-05-14 03:00:00 +01:00,2018-05-14 04:00:00 +01:00,1,1
AT,AT.0008.20.AQ,NET.09,STA.09.AKC,,SPO.09.AKC.5066.6001.1,SPP.09.AKC.5066.6001.1.11325,SAM.09.AKC.5066.6001.1,PM2.5,http://dd.eionet.europa.eu/vocabulary/aq/pollutant/6001,hour,9.5978498400,µg/m3,2018-05-14 04:00:00 +01:00,2018-05-14 05:00:00 +01:00,1,1
AT,AT.0008.20.AQ,NET.09,STA.09.AKC,,SPO.09.AKC.5066.6001.1,SPP.09.AKC.5066.6001.1.11325,SAM.09.AKC.5066.6001.1,PM2.5,http://dd.eionet.europa.eu/vocabulary/aq/pollutant/6001,hour,8.6196994700,µg/m3,2018-05-14 08:00:00 +01:00,2018-05-14 09:00:00 +01:00,1,1
AT,AT.0008.20.AQ,NET.09,STA.09.AKC,,SPO.09.AKC.5066.6001.1,SPP.09.AKC.5066.6001.1.11325,SAM.09.AKC.5066.6001.1,PM2.5,http://dd.eionet.europa.eu/vocabulary/aq/pollutant/6001,hour,7.8100500100,µg/m3,2018-05-14 09:00:00 +01:00,2018-05-14 10:00:00 +01:00,1,1
AT,AT.0008.20.AQ,NET.09,STA.09.AKC,,SPO.09.AKC.5066.6001.1,SPP.09.AKC.5066.6001.1.11325,SAM.09.AKC.5066.6001.1,PM2.5,http://dd.eionet.europa.eu/vocabulary/aq/pollutant/6001,hour,8.0320501300,µg/m3,2018-05-14 11:00:00 +01:00,2018-05-14 12:00:00 +01:00,1,1
AT,AT.0008.20.AQ,NET.09,STA.09.AKC,,SPO.09.AKC.5066.6001.1,SPP.09.AKC.5066.6001.1.11325,SAM.09.AKC.5066.6001.1,PM2.5,http://dd.eionet.europa.eu/vocabulary/aq/pollutant/6001,hour,8.5953502600,µg/m3,2018-05-14 12:00:00 +01:00,2018-05-14 13:00:00 +01:00,1,1
AT,AT.0008.20.AQ,NET.09,STA.09.AKC,,SPO.09.AKC.5066.6001.1,SPP.09.AKC.5066.6001.1.11325,SAM.09.AKC.5066.6001.1,PM2.5,http://dd.eionet.europa.eu/vocabulary/aq/pollutant/6001,hour,8.6639003700,µg/m3,2018-05-14 13:00:00 +01:00,2018-05-14 14:00:00 +01:00,1,1
AT,AT.0008.20.AQ,NET.09,STA.09.AKC,,SPO.09.AKC.5066.6001.1,SPP.09.AKC.5066.6001.1.11325,SAM.09.AKC.5066.6001.1,PM2.5,http://dd.eionet.europa.eu/vocabulary/aq/pollutant/6001,hour,8.6163997600,µg/m3,2018-05-14 14:00:00 +01:00,2018-05-14 15:00:00 +01:00,1,1
AT,AT.0008.20.AQ,NET.09,STA.09.AKC,,SPO.09.AKC.5066.6001.1,SPP.09.AKC.5066.6001.1.11325,SAM.09.AKC.5066.6001.1,PM2.5,http://dd.eionet.europa.eu/vocabulary/aq/pollutant/6001,hour,9.0775499300,µg/m3,2018-05-14 15:00:00 +01:00,2018-05-14 16:00:00 +01:00,1,1
AT,AT.0008.20.AQ,NET.09,STA.09.AKC,,SPO.09.AKC.5066.6001.1,SPP.09.AKC.5066.6001.1.11325,SAM.09.AKC.5066.6001.1,PM2.5,http://dd.eionet.europa.eu/vocabulary/aq/pollutant/6001,hour,9.1735496500,µg/m3,2018-05-14 16:00:00 +01:00,2018-05-14 17:00:00 +01:00,1,1
AT,AT.0008.20.AQ,NET.09,STA.09.AKC,,SPO.09.AKC.5066.6001.1,SPP.09.AKC.5066.6001.1.11325,SAM.09.AKC.5066.6001.1,PM2.5,http://dd.eionet.europa.eu/vocabulary/aq/pollutant/6001,hour,9.0583000100,µg/m3,2018-05-14 17:00:00 +01:00,2018-05-14 18:00:00 +01:00,1,1
AT,AT.0008.20.AQ,NET.09,STA.09.AKC,,SPO.09.AKC.5066.6001.1,SPP.09.AKC.5066.6001.1.11325,SAM.09.AKC.5066.6001.1,PM2.5,http://dd.eionet.europa.eu/vocabulary/aq/pollutant/6001,hour,9.8364505700,µg/m3,2018-05-14 19:00:00 +01:00,2018-05-14 20:00:00 +01:00,1,1
AT,AT.0008.20.AQ,NET.09,STA.09.AKC,,SPO.09.AKC.5066.6001.1,SPP.09.AKC.5066.6001.1.11325,SAM.09.AKC.5066.6001.1,PM2.5,http://dd.eionet.europa.eu/vocabulary/aq/pollutant/6001,hour,9.7253494200,µg/m3,2018-05-14 20:00:00 +01:00,2018-05-14 21:00:00 +01:00,1,1
AT,AT.0008.20.AQ,NET.09,STA.09.AKC,,SPO.09.AKC.5066.6001.1,SPP.09.AKC.5066.6001.1.11325,SAM.09.AKC.5066.6001.1,PM2.5,http://dd.eionet.europa.eu/vocabulary/aq/pollutant/6001,hour,10.0720005000,µg/m3,2018-05-14 22:00:00 +01:00,2018-05-14 23:00:00 +01:00,1,1
AT,AT.0008.20.AQ,NET.09,STA.09.AKC,,SPO.09.AKC.5066.6001.1,SPP.09.AKC.5066.6001.1.11325,SAM.09.AKC.5066.6001.1,PM2.5,http://dd.eionet.europa.eu/vocabulary/aq/pollutant/6001,hour,8.3418998700,µg/m3,2018-05-15 00:00:00 +01:00,2018-05-15 01:00:00 +01:00,1,1
AT,AT.0008.20.AQ,NET.09,STA.09.AKC,,SPO.09.AKC.5066.6001.1,SPP.09.AKC.5066.6001.1.11325,SAM.09.AKC.5066.6001.1,PM2.5,http://dd.eionet.europa.eu/vocabulary/aq/pollutant/6001,hour,7.9748497000,µg/m3,2018-05-15 03:00:00 +01:00,2018-05-15 04:00:00 +01:00,1,1
AT,AT.0008.20.AQ,NET.09,STA.09.AKC,,SPO.09.AKC.5066.6001.1,SPP.09.AKC.5066.6001.1.11325,SAM.09.AKC.5066.6001.1,PM2.5,http://dd.eionet.europa.eu/vocabulary/aq/pollutant/6001,hour,8.3677005700,µg/m3,2018-05-15 05:00:00 +01:00,2018-05-15 06:00:00 +01:00,1,1
AT,AT.0008.20.AQ,NET.09,STA.09.AKC,,SPO.09.AKC.5066.6001.1,SPP.09.AKC.5066.6001.1.11325,SAM.09.AKC.5066.6001.1,PM2.5,http://dd.eionet.europa.eu/vocabulary/aq/pollutant/6001,hour,7.9508500000,µg/m3,2018-05-15 08:00:00 +01:00,2018-05-15 09:00:00 +01:00,1,1
AT,AT.0008.20.AQ,NET.09,STA.09.AKC,,SPO.09.AKC.5066.6001.1,SPP.09.AKC.5066.6001.1.11325,SAM.09.AKC.5066.6001.1,PM2.5,http://dd.eionet.europa.eu/vocabulary/aq/pollutant/6001,hour,8.0412502200,µg/m3,2018-05-15 11:00:00 +01:00,2018-05-15 12:00:00 +01:00,1,1
AT,AT.0008.20.AQ,NET.09,STA.09.AKC,,SPO.09.AKC.5066.6001.1,SPP.09.AKC.5066.6001.1.11325,SAM.09.AKC.5066.6001.1,PM2.5,http://dd.eionet.europa.eu/vocabulary/aq/pollutant/6001,hour,7.3347997600,µg/m3,2018-05-15 12:00:00 +01:00,2018-05-15 13:00:00 +01:00,1,1
AT,AT.0008.20.AQ,NET.09,STA.09.AKC,,SPO.09.AKC.5066.6001.1,SPP.09.AKC.5066.6001.1.11325,SAM.09.AKC.5066.6001.1,PM2.5,http://dd.eionet.europa.eu/vocabulary/aq/pollutant/6001,hour,6.4069499900,µg/m3,2018-05-15 13:00:00 +01:00,2018-05-15 14:00:00 +01:00,1,1
AT,AT.0008.20.AQ,NET.09,STA.09.AKC,,SPO.09.AKC.5066.6001.1,SPP.09.AKC.5066.6001.1.11325,SAM.09.AKC.5066.6001.1,PM2.5,http://dd.eionet.europa.eu/vocabulary/aq/pollutant/6001,hour,3.7620000800,µg/m3,2018-05-15 16:00:00 +01:00,2018-05-15 17:00:00 +01:00,1,1
AT,AT.0008.20.AQ,NET.09,STA.09.AKC,,SPO.09.AKC.5066.6001.1,SPP.09.AKC.5066.6001.1.11325,SAM.09.AKC.5066.6001.1,PM2.5,http://dd.eionet.europa.eu/vocabulary/aq/pollutant/6001,hour,3.9682497900,µg/m3,2018-05-15 17:00:00 +01:00,2018-05-15 18:00:00 +01:00,1,1
AT,AT.0008.20.AQ,NET.09,STA.09.AKC,,SPO.09.AKC.5066.6001.1,SPP.09.AKC.5066.6001.1.11325,SAM.09.AKC.5066.6001.1,PM2.5,http://dd.eionet.europa.eu/vocabulary/aq/pollutant/6001,hour,3.7644000000,µg/m3,2018-05-15 18:00:00 +01:00,2018-05-15 19:00:00 +01:00,1,1
AT,AT.0008.20.AQ,NET.09,STA.09.AKC,,SPO.09.AKC.5066.6001.1,SPP.09.AKC.5066.6001.1.11325,SAM.09.AKC.5066.6001.1,PM2.5,http://dd.eionet.europa.eu/vocabulary/aq/pollutant/6001,hour,4.8021998400,µg/m3,2018-05-15 19:00:00 +01:00,2018-05-15 20:00:00 +01:00,1,1
AT,AT.0008.20.AQ,NET.09,STA.09.AKC,,SPO.09.AKC.5066.6001.1,SPP.09.AKC.5066.6001.1.11325,SAM.09.AKC.5066.6001.1,PM2.5,http://dd.eionet.europa.eu/vocabulary/aq/pollutant/6001,hour,6.7371501900,µg/m3,2018-05-15 23:00:00 +01:00,2018-05-16 00:00:00 +01:00,1,1
AT,AT.0008.20.AQ,NET.09,STA.09.AKC,,SPO.09.AKC.5066.6001.1,SPP.09.AKC.5066.6001.1.11325,SAM.09.AKC.5066.6001.1,PM2.5,http://dd.eionet.europa.eu/vocabulary/aq/pollutant/6001,hour,7.2047500600,µg/m3,2018-05-16 02:00:00 +01:00,2018-05-16 03:00:00 +01:00,1,1
AT,AT.0008.20.AQ,NET.09,STA.09.AKC,,SPO.09.AKC.5066.6001.1,SPP.09.AKC.5066.6001.1.11325,SAM.09.AKC.5066.6001.1,PM2.5,http://dd.eionet.europa.eu/vocabulary/aq/pollutant/6001,hour,5.3516998200,µg/m3,2018-05-16 04:00:00 +01:00,2018-05-16 05:00:00 +01:00,1,1
AT,AT.0008.20.AQ,NET.09,STA.09.AKC,,SPO.09.AKC.5066.6001.1,SPP.09.AKC.5066.6001.1.11325,SAM.09.AKC.5066.6001.1,PM2.5,http://dd.eionet.europa.eu/vocabulary/aq/pollutant/6001,hour,5.7835502600,µg/m3,2018-05-16 05:00:00 +01:00,2018-05-16 06:00:00 +01:00,1,1
AT,AT.0008.20.AQ,NET.09,STA.09.AKC,,SPO.09.AKC.5066.6001.1,SPP.09.AKC.5066.6001.1.11325,SAM.09.AKC.5066.6001.1,PM2.5,http://dd.eionet.europa.eu/vocabulary/aq/pollutant/6001,hour,11.9085006700,µg/m3,2018-05-16 07:00:00 +01:00,2018-05-16 08:00:00 +01:00,1,1
AT,AT.0008.20.AQ,NET.09,STA.09.AKC,,SPO.09.AKC.5066.6001.1,SPP.09.AKC.5066.6001.1.11325,SAM.09.AKC.5066.6001.1,PM2.5,http://dd.eionet.europa.eu/vocabulary/aq/pollutant/6001,hour,13.1230001400,µg/m3,2018-05-16 08:00:00 +01:00,2018-05-16 09:00:00 +01:00,1,1
AT,AT.0008.20.AQ,NET.09,STA.09.AKC,,SPO.09.AKC.5066.6001.1,SPP.09.AKC.5066.6001.1.11325,SAM.09.AKC.5066.6001.1,PM2.5,http://dd.eionet.europa.eu/vocabulary/aq/pollutant/6001,hour,13.8584995200,µg/m3,2018-05-16 09:00:00 +01:00,2018-05-16 10:00:00 +01:00,1,1
AT,AT.0008.20.AQ,NET.09,STA.09.AKC,,SPO.09.AKC.5066.6001.1,SPP.09.AKC.5066.6001.1.11325,SAM.09.AKC.5066.6001.1,PM2.5,http://dd.eionet.europa.eu/vocabulary/aq/pollutant/6001,hour,10.7846002500,µg/m3,2018-05-16 11:00:00 +01:00,2018-05-16 12:00:00 +01:00,1,1
AT,AT.0008.20.AQ,NET.09,STA.09.AKC,,SPO.09.AKC.5066.6001.1,SPP.09.AKC.5066.6001.1.11325,SAM.09.AKC.5066.6001.1,PM2.5,http://dd.eionet.europa.eu/vocabulary/aq/pollutant/6001,hour,5.4826002100,µg/m3,2018-05-16 16:00:00 +01:00,2018-05-16 17:00:00 +01:00,1,1
AT,AT.0008.20.AQ,NET.09,STA.09.AKC,,SPO.09.AKC.5066.6001.1,SPP.09.AKC.5066.6001.1.11325,SAM.09.AKC.5066.6001.1,PM2.5,http://dd.eionet.europa.eu/vocabulary/aq/pollutant/6001,hour,5.9742002400,µg/m3,2018-05-16 18:00:00 +01:00,2018-05-16 19:00:00 +01:00,1,1
AT,AT.0008.20.AQ,NET.09,STA.09.AKC,,SPO.09.AKC.5066.6001.1,SPP.09.AKC.5066.6001.1.11325,SAM.09.AKC.5066.6001.1,PM2.5,http://dd.eionet.europa.eu/vocabulary/aq/pollutant/6001,hour,4.3804502400,µg/m3,2018-05-16 19:00:00 +01:00,2018-05-16 20:00:00 +01:00,1,1
AT,AT.0008.20.AQ,NET.09,STA.09.AKC,,SPO.09.AKC.5066.6001.1,SPP.09.AKC.5066.6001.1.11325,SAM.09.AKC.5066.6001.1,PM2.5,http://dd.eionet.europa.eu/vocabulary/aq/pollutant/6001,hour,3.7901499200,µg/m3,2018-05-16 21:00:00 +01:00,2018-05-16 22:00:00 +01:00,1,1
AT,AT.0008.20.AQ,NET.09,STA.09.AKC,,SPO.09.AKC.5066.6001.1,SPP.09.AKC.5066.6001.1.11325,SAM.09.AKC.5066.6001.1,PM2.5,http://dd.eionet.europa.eu/vocabulary/aq/pollutant/6001,hour,4.2247500400,µg/m3,2018-05-16 22:00:00 +01:00,2018-05-16 23:00:00 +01:00,1,1
AT,AT.0008.20.AQ,NET.09,STA.09.AKC,,SPO.09.AKC.5066.6001.1,SPP.09.AKC.5066.6001.1.11325,SAM.09.AKC.5066.6001.1,PM2.5,http://dd.eionet.europa.eu/vocabulary/aq/pollutant/6001,hour,4.5529999700,µg/m3,2018-05-16 23:00:00 +01:00,2018-05-17 00:00:00 +01:00,1,1
AT,AT.0008.20.AQ,NET.09,STA.09.AKC,,SPO.09.AKC.5066.6001.1,SPP.09.AKC.5066.6001.1.11325,SAM.09.AKC.5066.6001.1,PM2.5,http://dd.eionet.europa.eu/vocabulary/aq/pollutant/6001,hour,5.7037000600,µg/m3,2018-05-17 00:00:00 +01:00,2018-05-17 01:00:00 +01:00,1,1
AT,AT.0008.20.AQ,NET.09,STA.09.AKC,,SPO.09.AKC.5066.6001.1,SPP.09.AKC.5066.6001.1.11325,SAM.09.AKC.5066.6001.1,PM2.5,http://dd.eionet.europa.eu/vocabulary/aq/pollutant/6001,hour,7.0842499700,µg/m3,2018-05-17 01:00:00 +01:00,2018-05-17 02:00:00 +01:00,1,1
AT,AT.0008.20.AQ,NET.09,STA.09.AKC,,SPO.09.AKC.5066.6001.1,SPP.09.AKC.5066.6001.1.11325,SAM.09.AKC.5066.6001.1,PM2.5,http://dd.eionet.europa.eu/vocabulary/aq/pollutant/6001,hour,8.3280000600,µg/m3,2018-05-17 02:00:00 +01:00,2018-05-17 03:00:00 +01:00,1,1
AT,AT.0008.20.AQ,NET.09,STA.09.AKC,,SPO.09.AKC.5066.6001.1,SPP.09.AKC.5066.6001.1.11325,SAM.09.AKC.5066.6001.1,PM2.5,http://dd.eionet.europa.eu/vocabulary/aq/pollutant/6001,hour,7.5060000400,µg/m3,2018-05-17 03:00:00 +01:00,2018-05-17 04:00:00 +01:00,1,1
AT,AT.0008.20.AQ,NET.09,STA.09.AKC,,SPO.09.AKC.5066.6001.1,SPP.09.AKC.5066.6001.1.11325,SAM.09.AKC.5066.6001.1,PM2.5,http://dd.eionet.europa.eu/vocabulary/aq/pollutant/6001,hour,8.7845001200,µg/m3,2018-05-17 04:00:00 +01:00,2018-05-17 05:00:00 +01:00,1,1
AT,AT.0008.20.AQ,NET.09,STA.09.AKC,,SPO.09.AKC.5066.6001.1,SPP.09.AKC.5066.6001.1.11325,SAM.09.AKC.5066.6001.1,PM2.5,http://dd.eionet.europa.eu/vocabulary/aq/pollutant/6001,hour,8.8859500800,µg/m3,2018-05-17 05:00:00 +01:00,2018-05-17 06:00:00 +01:00,1,1
AT,AT.0008.20.AQ,NET.09,STA.09.AKC,,SPO.09.AKC.5066.6001.1,SPP.09.AKC.5066.6001.1.11325,SAM.09.AKC.5066.6001.1,PM2.5,http://dd.eionet.europa.eu/vocabulary/aq/pollutant/6001,hour,9.6529998700,µg/m3,2018-05-17 06:00:00 +01:00,2018-05-17 07:00:00 +01:00,1,1
AT,AT.0008.20.AQ,NET.09,STA.09.AKC,,SPO.09.AKC.5066.6001.1,SPP.09.AKC.5066.6001.1.11325,SAM.09.AKC.5066.6001.1,PM2.5,http://dd.eionet.europa.eu/vocabulary/aq/pollutant/6001,hour,9.7065000500,µg/m3,2018-05-17 07:00:00 +01:00,2018-05-17 08:00:00 +01:00,1,1
AT,AT.0008.20.AQ,NET.09,STA.09.AKC,,SPO.09.AKC.5066.6001.1,SPP.09.AKC.5066.6001.1.11325,SAM.09.AKC.5066.6001.1,PM2.5,http://dd.eionet.europa.eu/vocabulary/aq/pollutant/6001,hour,10.2744998900,µg/m3,2018-05-17 08:00:00 +01:00,2018-05-17 09:00:00 +01:00,1,1
AT,AT.0008.20.AQ,NET.09,STA.09.AKC,,SPO.09.AKC.5066.6001.1,SPP.09.AKC.5066.6001.1.11325,SAM.09.AKC.5066.6001.1,PM2.5,http://dd.eionet.europa.eu/vocabulary/aq/pollutant/6001,hour,10.3072500200,µg/m3,2018-05-17 09:00:00 +01:00,2018-05-17 10:00:00 +01:00,1,1
AT,AT.0008.20.AQ,NET.09,STA.09.AKC,,SPO.09.AKC.5066.6001.1,SPP.09.AKC.5066.6001.1.11325,SAM.09.AKC.5066.6001.1,PM2.5,http://dd.eionet.europa.eu/vocabulary/aq/pollutant/6001,hour,11.6529998700,µg/m3,2018-05-17 10:00:00 +01:00,2018-05-17 11:00:00 +01:00,1,1
AT,AT.0008.20.AQ,NET.09,STA.09.AKC,,SPO.09.AKC.5066.6001.1,SPP.09.AKC.5066.6001.1.11325,SAM.09.AKC.5066.6001.1,PM2.5,http://dd.eionet.europa.eu/vocabulary/aq/pollutant/6001,hour,11.4799995400,µg/m3,2018-05-17 11:00:00 +01:00,2018-05-17 12:00:00 +01:00,1,1
AT,AT.0008.20.AQ,NET.09,STA.09.AKC,,SPO.09.AKC.5066.6001.1,SPP.09.AKC.5066.6001.1.11325,SAM.09.AKC.5066.6001.1,PM2.5,http://dd.eionet.europa.eu/vocabulary/aq/pollutant/6001,hour,11.6499996100,µg/m3,2018-05-17 12:00:00 +01:00,2018-05-17 13:00:00 +01:00,1,1
AT,AT.0008.20.AQ,NET.09,STA.09.AKC,,SPO.09.AKC.5066.6001.1,SPP.09.AKC.5066.6001.1.11325,SAM.09.AKC.5066.6001.1,PM2.5,http://dd.eionet.europa.eu/vocabulary/aq/pollutant/6001,hour,11.2236499700,µg/m3,2018-05-17 13:00:00 +01:00,2018-05-17 14:00:00 +01:00,1,1
AT,AT.0008.20.AQ,NET.09,STA.09.AKC,,SPO.09.AKC.5066.6001.1,SPP.09.AKC.5066.6001.1.11325,SAM.09.AKC.5066.6001.1,PM2.5,http://dd.eionet.europa.eu/vocabulary/aq/pollutant/6001,hour,9.1960000900,µg/m3,2018-05-17 14:00:00 +01:00,2018-05-17 15:00:00 +01:00,1,1
AT,AT.0008.20.AQ,NET.09,STA.09.AKC,,SPO.09.AKC.5066.6001.1,SPP.09.AKC.5066.6001.1.11325,SAM.09.AKC.5066.6001.1,PM2.5,http://dd.eionet.europa.eu/vocabulary/aq/pollutant/6001,hour,7.9427499700,µg/m3,2018-05-17 15:00:00 +01:00,2018-05-17 16:00:00 +01:00,1,1
AT,AT.0008.20.AQ,NET.09,STA.09.AKC,,SPO.09.AKC.5066.6001.1,SPP.09.AKC.5066.6001.1.11325,SAM.09.AKC.5066.6001.1,PM2.5,http://dd.eionet.europa.eu/vocabulary/aq/pollutant/6001,hour,9.0144500700,µg/m3,2018-05-17 18:00:00 +01:00,2018-05-17 19:00:00 +01:00,1,1
AT,AT.0008.20.AQ,NET.09,STA.09.AKC,,SPO.09.AKC.5066.6001.1,SPP.09.AKC.5066.6001.1.11325,SAM.09.AKC.5066.6001.1,PM2.5,http://dd.eionet.europa.eu/vocabulary/aq/pollutant/6001,hour,11.0310001300,µg/m3,2018-05-17 21:00:00 +01:00,2018-05-17 22:00:00 +01:00,1,1
AT,AT.0008.20.AQ,NET.09,STA.09.AKC,,SPO.09.AKC.5066.6001.1,SPP.09.AKC.5066.6001.1.11325,SAM.09.AKC.5066.6001.1,PM2.5,http://dd.eionet.europa.eu/vocabulary/aq/pollutant/6001,hour,13.7764997400,µg/m3,2018-05-18 01:00:00 +01:00,2018-05-18 02:00:00 +01:00,1,1
AT,AT.0008.20.AQ,NET.09,STA.09.AKC,,SPO.09.AKC.5066.6001.1,SPP.09.AKC.5066.6001.1.11325,SAM.09.AKC.5066.6001.1,PM2.5,http://dd.eionet.europa.eu/vocabulary/aq/pollutant/6001,hour,18.0944995800,µg/m3,2018-05-18 05:00:00 +01:00,2018-05-18 06:00:00 +01:00,1,1
AT,AT.0008.20.AQ,NET.09,STA.09.AKC,,SPO.09.AKC.5066.6001.1,SPP.09.AKC.5066.6001.1.11325,SAM.09.AKC.5066.6001.1,PM2.5,http://dd.eionet.europa.eu/vocabulary/aq/pollutant/6001,hour,19.2945003500,µg/m3,2018-05-18 07:00:00 +01:00,2018-05-18 08:00:00 +01:00,1,1
AT,AT.0008.20.AQ,NET.09,STA.09.AKC,,SPO.09.AKC.5066.6001.1,SPP.09.AKC.5066.6001.1.11325,SAM.09.AKC.5066.6001.1,PM2.5,http://dd.eionet.europa.eu/vocabulary/aq/pollutant/6001,hour,18.7000007600,µg/m3,2018-05-18 08:00:00 +01:00,2018-05-18 09:00:00 +01:00,1,1
AT,AT.0008.20.AQ,NET.09,STA.09.AKC,,SPO.09.AKC.5066.6001.1,SPP.09.AKC.5066.6001.1.11325,SAM.09.AKC.5066.6001.1,PM2.5,http://dd.eionet.europa.eu/vocabulary/aq/pollutant/6001,hour,18.0955009400,µg/m3,2018-05-18 09:00:00 +01:00,2018-05-18 10:00:00 +01:00,1,1
AT,AT.0008.20.AQ,NET.09,STA.09.AKC,,SPO.09.AKC.5066.6001.1,SPP.09.AKC.5066.6001.1.11325,SAM.09.AKC.5066.6001.1,PM2.5,http://dd.eionet.europa.eu/vocabulary/aq/pollutant/6001,hour,19.8390007000,µg/m3,2018-05-18 10:00:00 +01:00,2018-05-18 11:00:00 +01:00,1,1
AT,AT.0008.20.AQ,NET.09,STA.09.AKC,,SPO.09.AKC.5066.6001.1,SPP.09.AKC.5066.6001.1.11325,SAM.09.AKC.5066.6001.1,PM2.5,http://dd.eionet.europa.eu/vocabulary/aq/pollutant/6001,hour,17.4169998100,µg/m3,2018-05-18 12:00:00 +01:00,2018-05-18 13:00:00 +01:00,1,1
AT,AT.0008.20.AQ,NET.09,STA.09.AKC,,SPO.09.AKC.5066.6001.1,SPP.09.AKC.5066.6001.1.11325,SAM.09.AKC.5066.6001.1,PM2.5,http://dd.eionet.europa.eu/vocabulary/aq/pollutant/6001,hour,15.4160003600,µg/m3,2018-05-18 14:00:00 +01:00,2018-05-18 15:00:00 +01:00,1,1
AT,AT.0008.20.AQ,NET.09,STA.09.AKC,,SPO.09.AKC.5066.6001.1,SPP.09.AKC.5066.6001.1.11325,SAM.09.AKC.5066.6001.1,PM2.5,http://dd.eionet.europa.eu/vocabulary/aq/pollutant/6001,hour,15.0480003300,µg/m3,2018-05-18 15:00:00 +01:00,2018-05-18 16:00:00 +01:00,1,1
AT,AT.0008.20.AQ,NET.09,STA.09.AKC,,SPO.09.AKC.5066.6001.1,SPP.09.AKC.5066.6001.1.11325,SAM.09.AKC.5066.6001.1,PM2.5,http://dd.eionet.europa.eu/vocabulary/aq/pollutant/6001,hour,12.7635002100,µg/m3,2018-05-18 17:00:00 +01:00,2018-05-18 18:00:00 +01:00,1,1
AT,AT.0008.20.AQ,NET.09,STA.09.AKC,,SPO.09.AKC.5066.6001.1,SPP.09.AKC.5066.6001.1.11325,SAM.09.AKC.5066.6001.1,PM2.5,http://dd.eionet.europa.eu/vocabulary/aq/pollutant/6001,hour,8.4524993800,µg/m3,2018-05-18 19:00:00 +01:00,2018-05-18 20:00:00 +01:00,1,1
AT,AT.0008.20.AQ,NET.09,STA.09.AKC,,SPO.09.AKC.5066.6001.1,SPP.09.AKC.5066.6001.1.11325,SAM.09.AKC.5066.6001.1,PM2.5,http://dd.eionet.europa.eu/vocabulary/aq/pollutant/6001,hour,8.4465999600,µg/m3,2018-05-18 20:00:00 +01:00,2018-05-18 21:00:00 +01:00,1,1
AT,AT.0008.20.AQ,NET.09,STA.09.AKC,,SPO.09.AKC.5066.6001.1,SPP.09.AKC.5066.6001.1.11325,SAM.09.AKC.5066.6001.1,PM2.5,http://dd.eionet.europa.eu/vocabulary/aq/pollutant/6001,hour,9.2416000300,µg/m3,2018-05-18 23:00:00 +01:00,2018-05-19 00:00:00 +01:00,1,1
AT,AT.0008.20.AQ,NET.09,STA.09.AKC,,SPO.09.AKC.5066.6001.1,SPP.09.AKC.5066.6001.1.11325,SAM.09.AKC.5066.6001.1,PM2.5,http://dd.eionet.europa.eu/vocabulary/aq/pollutant/6001,hour,10.3994998900,µg/m3,2018-05-19 01:00:00 +01:00,2018-05-19 02:00:00 +01:00,1,1
AT,AT.0008.20.AQ,NET.09,STA.09.AKC,,SPO.09.AKC.5066.6001.1,SPP.09.AKC.5066.6001.1.11325,SAM.09.AKC.5066.6001.1,PM2.5,http://dd.eionet.europa.eu/vocabulary/aq/pollutant/6001,hour,11.7245006500,µg/m3,2018-05-19 03:00:00 +01:00,2018-05-19 04:00:00 +01:00,1,1
AT,AT.0008.20.AQ,NET.09,STA.09.AKC,,SPO.09.AKC.5066.6001.1,SPP.09.AKC.5066.6001.1.11325,SAM.09.AKC.5066.6001.1,PM2.5,http://dd.eionet.europa.eu/vocabulary/aq/pollutant/6001,hour,14.3864994000,µg/m3,2018-05-19 04:00:00 +01:00,2018-05-19 05:00:00 +01:00,1,1
AT,AT.0008.20.AQ,NET.09,STA.09.AKC,,SPO.09.AKC.5066.6001.1,SPP.09.AKC.5066.6001.1.11325,SAM.09.AKC.5066.6001.1,PM2.5,http://dd.eionet.europa.eu/vocabulary/aq/pollutant/6001,hour,17.0820007300,µg/m3,2018-05-19 05:00:00 +01:00,2018-05-19 06:00:00 +01:00,1,1
AT,AT.0008.20.AQ,NET.09,STA.09.AKC,,SPO.09.AKC.5066.6001.1,SPP.09.AKC.5066.6001.1.11325,SAM.09.AKC.5066.6001.1,PM2.5,http://dd.eionet.europa.eu/vocabulary/aq/pollutant/6001,hour,17.4750003800,µg/m3,2018-05-19 06:00:00 +01:00,2018-05-19 07:00:00 +01:00,1,1
AT,AT.0008.20.AQ,NET.09,STA.09.AKC,,SPO.09.AKC.5066.6001.1,SPP.09.AKC.5066.6001.1.11325,SAM.09.AKC.5066.6001.1,PM2.5,http://dd.eionet.europa.eu/vocabulary/aq/pollutant/6001,hour,15.4489994000,µg/m3,2018-05-19 07:00:00 +01:00,2018-05-19 08:00:00 +01:00,1,1
AT,AT.0008.20.AQ,NET.09,STA.09.AKC,,SPO.09.AKC.5066.6001.1,SPP.09.AKC.5066.6001.1.11325,SAM.09.AKC.5066.6001.1,PM2.5,http://dd.eionet.europa.eu/vocabulary/aq/pollutant/6001,hour,17.2500000000,µg/m3,2018-05-19 09:00:00 +01:00,2018-05-19 10:00:00 +01:00,1,1
AT,AT.0008.20.AQ,NET.09,STA.09.AKC,,SPO.09.AKC.5066.6001.1,SPP.09.AKC.5066.6001.1.11325,SAM.09.AKC.5066.6001.1,PM2.5,http://dd.eionet.europa.eu/vocabulary/aq/pollutant/6001,hour,13.7969999300,µg/m3,2018-05-19 12:00:00 +01:00,2018-05-19 13:00:00 +01:00,1,1
AT,AT.0008.20.AQ,NET.09,STA.09.AKC,,SPO.09.AKC.5066.6001.1,SPP.09.AKC.5066.6001.1.11325,SAM.09.AKC.5066.6001.1,PM2.5,http://dd.eionet.europa.eu/vocabulary/aq/pollutant/6001,hour,12.4025001500,µg/m3,2018-05-19 13:00:00 +01:00,2018-05-19 14:00:00 +01:00,1,1
AT,AT.0008.20.AQ,NET.09,STA.09.AKC,,SPO.09.AKC.5066.6001.1,SPP.09.AKC.5066.6001.1.11325,SAM.09.AKC.5066.6001.1,PM2.5,http://dd.eionet.europa.eu/vocabulary/aq/pollutant/6001,hour,10.9120006500,µg/m3,2018-05-19 15:00:00 +01:00,2018-05-19 16:00:00 +01:00,1,1
AT,AT.0008.20.AQ,NET.09,STA.09.AKC,,SPO.09.AKC.5066.6001.1,SPP.09.AKC.5066.6001.1.11325,SAM.09.AKC.5066.6001.1,PM2.5,http://dd.eionet.europa.eu/vocabulary/aq/pollutant/6001,hour,10.0985002500,µg/m3,2018-05-19 17:00:00 +01:00,2018-05-19 18:00:00 +01:00,1,1
AT,AT.0008.20.AQ,NET.09,STA.09.AKC,,SPO.09.AKC.5066.6001.1,SPP.09.AKC.5066.6001.1.11325,SAM.09.AKC.5066.6001.1,PM2.5,http://dd.eionet.europa.eu/vocabulary/aq/pollutant/6001,hour,11.1084995200,µg/m3,2018-05-19 19:00:00 +01:00,2018-05-19 20:00:00 +01:00,1,1
AT,AT.0008.20.AQ,NET.09,STA.09.AKC,,SPO.09.AKC.5066.6001.1,SPP.09.AKC.5066.6001.1.11325,SAM.09.AKC.5066.6001.1,PM2.5,http://dd.eionet.europa.eu/vocabulary/aq/pollutant/6001,hour,11.6520004200,µg/m3,2018-05-19 20:00:00 +01:00,2018-05-19 21:00:00 +01:00,1,1
AT,AT.0008.20.AQ,NET.09,STA.09.AKC,,SPO.09.AKC.5066.6001.1,SPP.09.AKC.5066.6001.1.11325,SAM.09.AKC.5066.6001.1,PM2.5,http://dd.eionet.europa.eu/vocabulary/aq/pollutant/6001,hour,11.4130001000,µg/m3,2018-05-19 21:00:00 +01:00,2018-05-19 22:00:00 +01:00,1,1
AT,AT.0008.20.AQ,NET.09,STA.09.AKC,,SPO.09.AKC.5066.6001.1,SPP.09.AKC.5066.6001.1.11325,SAM.09.AKC.5066.6001.1,PM2.5,http://dd.eionet.europa.eu/vocabulary/aq/pollutant/6001,hour,11.7615003500,µg/m3,2018-05-19 22:00:00 +01:00,2018-05-19 23:00:00 +01:00,1,1
AT,AT.0008.20.AQ,NET.09,STA.09.AKC,,SPO.09.AKC.5066.6001.1,SPP.09.AKC.5066.6001.1.11325,SAM.09.AKC.5066.6001.1,PM2.5,http://dd.eionet.europa.eu/vocabulary/aq/pollutant/6001,hour,11.8894996600,µg/m3,2018-05-19 23:00:00 +01:00,2018-05-20 00:00:00 +01:00,1,1
AT,AT.0008.20.AQ,NET.09,STA.09.AKC,,SPO.09.AKC.5066.6001.1,SPP.09.AKC.5066.6001.1.11325,SAM.09.AKC.5066.6001.1,PM2.5,http://dd.eionet.europa.eu/vocabulary/aq/pollutant/6001,hour,10.1209506900,µg/m3,2018-05-20 00:00:00 +01:00,2018-05-20 01:00:00 +01:00,1,1
AT,AT.0008.20.AQ,NET.09,STA.09.AKC,,SPO.09.AKC.5066.6001.1,SPP.09.AKC.5066.6001.1.11325,SAM.09.AKC.5066.6001.1,PM2.5,http://dd.eionet.europa.eu/vocabulary/aq/pollutant/6001,hour,7.9931001600,µg/m3,2018-05-20 01:00:00 +01:00,2018-05-20 02:00:00 +01:00,1,1
AT,AT.0008.20.AQ,NET.09,STA.09.AKC,,SPO.09.AKC.5066.6001.1,SPP.09.AKC.5066.6001.1.11325,SAM.09.AKC.5066.6001.1,PM2.5,http://dd.eionet.europa.eu/vocabulary/aq/pollutant/6001,hour,9.2608499500,µg/m3,2018-05-20 06:00:00 +01:00,2018-05-20 07:00:00 +01:00,1,1
AT,AT.0008.20.AQ,NET.09,STA.09.AKC,,SPO.09.AKC.5066.6001.1,SPP.09.AKC.5066.6001.1.11325,SAM.09.AKC.5066.6001.1,PM2.5,http://dd.eionet.europa.eu/vocabulary/aq/pollutant/6001,hour,10.3015003200,µg/m3,2018-05-20 08:00:00 +01:00,2018-05-20 09:00:00 +01:00,1,1
AT,AT.0008.20.AQ,NET.09,STA.09.AKC,,SPO.09.AKC.5066.6001.1,SPP.09.AKC.5066.6001.1.11325,SAM.09.AKC.5066.6001.1,PM2.5,http://dd.eionet.europa.eu/vocabulary/aq/pollutant/6001,hour,10.4954996100,µg/m3,2018-05-20 09:00:00 +01:00,2018-05-20 10:00:00 +01:00,1,1
AT,AT.0008.20.AQ,NET.09,STA.09.AKC,,SPO.09.AKC.5066.6001.1,SPP.09.AKC.5066.6001.1.11325,SAM.09.AKC.5066.6001.1,PM2.5,http://dd.eionet.europa.eu/vocabulary/aq/pollutant/6001,hour,10.8225002200,µg/m3,2018-05-20 10:00:00 +01:00,2018-05-20 11:00:00 +01:00,1,1
AT,AT.0008.20.AQ,NET.09,STA.09.AKC,,SPO.09.AKC.5066.6001.1,SPP.09.AKC.5066.6001.1.11325,SAM.09.AKC.5066.6001.1,PM2.5,http://dd.eionet.europa.eu/vocabulary/aq/pollutant/6001,hour,10.0591001500,µg/m3,2018-05-20 11:00:00 +01:00,2018-05-20 12:00:00 +01:00,1,1
AT,AT.0008.20.AQ,NET.09,STA.09.AKC,,SPO.09.AKC.5066.6001.1,SPP.09.AKC.5066.6001.1.11325,SAM.09.AKC.5066.6001.1,PM2.5,http://dd.eionet.europa.eu/vocabulary/aq/pollutant/6001,hour,8.3286495200,µg/m3,2018-05-20 12:00:00 +01:00,2018-05-20 13:00:00 +01:00,1,1
AT,AT.0008.20.AQ,NET.09,STA.09.AKC,,SPO.09.AKC.5066.6001.1,SPP.09.AKC.5066.6001.1.11325,SAM.09.AKC.5066.6001.1,PM2.5,http://dd.eionet.europa.eu/vocabulary/aq/pollutant/6001,hour,6.9907503100,µg/m3,2018-05-20 14:00:00 +01:00,2018-05-20 15:00:00 +01:00,1,1
AT,AT.0008.20.AQ,NET.09,STA.09.AKC,,SPO.09.AKC.5066.6001.1,SPP.09.AKC.5066.6001.1.11325,SAM.09.AKC.5066.6001.1,PM2.5,http://dd.eionet.europa.eu/vocabulary/aq/pollutant/6001,hour,8.3470497100,µg/m3,2018-05-20 17:00:00 +01:00,2018-05-20 18:00:00 +01:00,1,1
AT,AT.0008.20.AQ,NET.09,STA.09.AKC,,SPO.09.AKC.5066.6001.1,SPP.09.AKC.5066.6001.1.11325,SAM.09.AKC.5066.6001.1,PM2.5,http://dd.eionet.europa.eu/vocabulary/aq/pollutant/6001,hour,8.1989002200,µg/m3,2018-05-20 18:00:00 +01:00,2018-05-20 19:00:00 +01:00,1,1
AT,AT.0008.20.AQ,NET.09,STA.09.AKC,,SPO.09.AKC.5066.6001.1,SPP.09.AKC.5066.6001.1.11325,SAM.09.AKC.5066.6001.1,PM2.5,http://dd.eionet.europa.eu/vocabulary/aq/pollutant/6001,hour,9.1669502200,µg/m3,2018-05-20 19:00:00 +01:00,2018-05-20 20:00:00 +01:00,1,1
AT,AT.0008.20.AQ,NET.09,STA.09.AKC,,SPO.09.AKC.5066.6001.1,SPP.09.AKC.5066.6001.1.11325,SAM.09.AKC.5066.6001.1,PM2.5,http://dd.eionet.europa.eu/vocabulary/aq/pollutant/6001,hour,11.9444999600,µg/m3,2018-05-20 20:00:00 +01:00,2018-05-20 21:00:00 +01:00,1,1
AT,AT.0008.20.AQ,NET.09,STA.09.AKC,,SPO.09.AKC.5066.6001.1,SPP.09.AKC.5066.6001.1.11325,SAM.09.AKC.5066.6001.1,PM2.5,http://dd.eionet.europa.eu/vocabulary/aq/pollutant/6001,hour,10.9190006200,µg/m3,2018-05-20 21:00:00 +01:00,2018-05-20 22:00:00 +01:00,1,1
AT,AT.0008.20.AQ,NET.09,STA.09.AKC,,SPO.09.AKC.5066.6001.1,SPP.09.AKC.5066.6001.1.11325,SAM.09.AKC.5066.6001.1,PM2.5,http://dd.eionet.europa.eu/vocabulary/aq/pollutant/6001,hour,8.1178998900,µg/m3,2018-05-21 00:00:00 +01:00,2018-05-21 01:00:00 +01:00,1,1
AT,AT.0008.20.AQ,NET.09,STA.09.AKC,,SPO.09.AKC.5066.6001.1,SPP.09.AKC.5066.6001.1.11325,SAM.09.AKC.5066.6001.1,PM2.5,http://dd.eionet.europa.eu/vocabulary/aq/pollutant/6001,hour,8.8521003700,µg/m3,2018-05-21 01:00:00 +01:00,2018-05-21 02:00:00 +01:00,1,1
AT,AT.0008.20.AQ,NET.09,STA.09.AKC,,SPO.09.AKC.5066.6001.1,SPP.09.AKC.5066.6001.1.11325,SAM.09.AKC.5066.6001.1,PM2.5,http://dd.eionet.europa.eu/vocabulary/aq/pollutant/6001,hour,9.4014997400,µg/m3,2018-05-21 04:00:00 +01:00,2018-05-21 05:00:00 +01:00,1,1
AT,AT.0008.20.AQ,NET.09,STA.09.AKC,,SPO.09.AKC.5066.6001.1,SPP.09.AKC.5066.6001.1.11325,SAM.09.AKC.5066.6001.1,PM2.5,http://dd.eionet.europa.eu/vocabulary/aq/pollutant/6001,hour,9.6721000600,µg/m3,2018-05-21 05:00:00 +01:00,2018-05-21 06:00:00 +01:00,1,1
AT,AT.0008.20.AQ,NET.09,STA.09.AKC,,SPO.09.AKC.5066.6001.1,SPP.09.AKC.5066.6001.1.11325,SAM.09.AKC.5066.6001.1,PM2.5,http://dd.eionet.europa.eu/vocabulary/aq/pollutant/6001,hour,8.7657003400,µg/m3,2018-05-21 08:00:00 +01:00,2018-05-21 09:00:00 +01:00,1,1
AT,AT.0008.20.AQ,NET.09,STA.09.AKC,,SPO.09.AKC.5066.6001.1,SPP.09.AKC.5066.6001.1.11325,SAM.09.AKC.5066.6001.1,PM2.5,http://dd.eionet.europa.eu/vocabulary/aq/pollutant/6001,hour,6.4552998500,µg/m3,2018-05-21 10:00:00 +01:00,2018-05-21 11:00:00 +01:00,1,1
AT,AT.0008.20.AQ,NET.09,STA.09.AKC,,SPO.09.AKC.5066.6001.1,SPP.09.AKC.5066.6001.1.11325,SAM.09.AKC.5066.6001.1,PM2.5,http://dd.eionet.europa.eu/vocabulary/aq/pollutant/6001,hour,5.8227000200,µg/m3,2018-05-21 13:00:00 +01:00,2018-05-21 14:00:00 +01:00,1,1
AT,AT.0008.20.AQ,NET.09,STA.09.AKC,,SPO.09.AKC.5066.6001.1,SPP.09.AKC.5066.6001.1.11325,SAM.09.AKC.5066.6001.1,PM2.5,http://dd.eionet.europa.eu/vocabulary/aq/pollutant/6001,hour,5.8645000400,µg/m3,2018-05-21 14:00:00 +01:00,2018-05-21 15:00:00 +01:00,1,1
AT,AT.0008.20.AQ,NET.09,STA.09.AKC,,SPO.09.AKC.5066.6001.1,SPP.09.AKC.5066.6001.1.11325,SAM.09.AKC.5066.6001.1,PM2.5,http://dd.eionet.europa.eu/vocabulary/aq/pollutant/6001,hour,6.1118497800,µg/m3,2018-05-21 16:00:00 +01:00,2018-05-21 17:00:00 +01:00,1,1
AT,AT.0008.20.AQ,NET.09,STA.09.AKC,,SPO.09.AKC.5066.6001.1,SPP.09.AKC.5066.6001.1.11325,SAM.09.AKC.5066.6001.1,PM2.5,http://dd.eionet.europa.eu/vocabulary/aq/pollutant/6001,hour,10.3824996900,µg/m3,2018-05-21 21:00:00 +01:00,2018-05-21 22:00:00 +01:00,1,1
AT,AT.0008.20.AQ,NET.09,STA.09.AKC,,SPO.09.AKC.5066.6001.1,SPP.09.AKC.5066.6001.1.11325,SAM.09.AKC.5066.6001.1,PM2.5,http://dd.eionet.europa.eu/vocabulary/aq/pollutant/6001,hour,10.7474994600,µg/m3,2018-05-21 23:00:00 +01:00,2018-05-22 00:00:00 +01:00,1,1
AT,AT.0008.20.AQ,NET.09,STA.09.AKC,,SPO.09.AKC.5066.6001.1,SPP.09.AKC.5066.6001.1.11325,SAM.09.AKC.5066.6001.1,PM2.5,http://dd.eionet.europa.eu/vocabulary/aq/pollutant/6001,hour,10.7810001300,µg/m3,2018-05-22 00:00:00 +01:00,2018-05-22 01:00:00 +01:00,1,1
AT,AT.0008.20.AQ,NET.09,STA.09.AKC,,SPO.09.AKC.5066.6001.1,SPP.09.AKC.5066.6001.1.11325,SAM.09.AKC.5066.6001.1,PM2.5,http://dd.eionet.europa.eu/vocabulary/aq/pollutant/6001,hour,11.3664999000,µg/m3,2018-05-22 01:00:00 +01:00,2018-05-22 02:00:00 +01:00,1,1
AT,AT.0008.20.AQ,NET.09,STA.09.AKC,,SPO.09.AKC.5066.6001.1,SPP.09.AKC.5066.6001.1.11325,SAM.09.AKC.5066.6001.1,PM2.5,http://dd.eionet.europa.eu/vocabulary/aq/pollutant/6001,hour,11.5419998100,µg/m3,2018-05-22 02:00:00 +01:00,2018-05-22 03:00:00 +01:00,1,1
AT,AT.0008.20.AQ,NET.09,STA.09.AKC,,SPO.09.AKC.5066.6001.1,SPP.09.AKC.5066.6001.1.11325,SAM.09.AKC.5066.6001.1,PM2.5,http://dd.eionet.europa.eu/vocabulary/aq/pollutant/6001,hour,11.7425003000,µg/m3,2018-05-22 03:00:00 +01:00,2018-05-22 04:00:00 +01:00,1,1
AT,AT.0008.20.AQ,NET.09,STA.09.AKC,,SPO.09.AKC.5066.6001.1,SPP.09.AKC.5066.6001.1.11325,SAM.09.AKC.5066.6001.1,PM2.5,http://dd.eionet.europa.eu/vocabulary/aq/pollutant/6001,hour,11.5515003200,µg/m3,2018-05-22 04:00:00 +01:00,2018-05-22 05:00:00 +01:00,1,1
AT,AT.0008.20.AQ,NET.09,STA.09.AKC,,SPO.09.AKC.5066.6001.1,SPP.09.AKC.5066.6001.1.11325,SAM.09.AKC.5066.6001.1,PM2.5,http://dd.eionet.europa.eu/vocabulary/aq/pollutant/6001,hour,12.6979999500,µg/m3,2018-05-22 05:00:00 +01:00,2018-05-22 06:00:00 +01:00,1,1
AT,AT.0008.20.AQ,NET.09,STA.09.AKC,,SPO.09.AKC.5066.6001.1,SPP.09.AKC.5066.6001.1.11325,SAM.09.AKC.5066.6001.1,PM2.5,http://dd.eionet.europa.eu/vocabulary/aq/pollutant/6001,hour,14.4495000800,µg/m3,2018-05-22 06:00:00 +01:00,2018-05-22 07:00:00 +01:00,1,1
AT,AT.0008.20.AQ,NET.09,STA.09.AKC,,SPO.09.AKC.5066.6001.1,SPP.09.AKC.5066.6001.1.11325,SAM.09.AKC.5066.6001.1,PM2.5,http://dd.eionet.europa.eu/vocabulary/aq/pollutant/6001,hour,15.9344997400,µg/m3,2018-05-22 07:00:00 +01:00,2018-05-22 08:00:00 +01:00,1,1
AT,AT.0008.20.AQ,NET.09,STA.09.AKC,,SPO.09.AKC.5066.6001.1,SPP.09.AKC.5066.6001.1.11325,SAM.09.AKC.5066.6001.1,PM2.5,http://dd.eionet.europa.eu/vocabulary/aq/pollutant/6001,hour,12.8789997100,µg/m3,2018-05-22 08:00:00 +01:00,2018-05-22 09:00:00 +01:00,1,1
AT,AT.0008.20.AQ,NET.09,STA.09.AKC,,SPO.09.AKC.5066.6001.1,SPP.09.AKC.5066.6001.1.11325,SAM.09.AKC.5066.6001.1,PM2.5,http://dd.eionet.europa.eu/vocabulary/aq/pollutant/6001,hour,10.5319995800,µg/m3,2018-05-22 09:00:00 +01:00,2018-05-22 10:00:00 +01:00,1,1
AT,AT.0008.20.AQ,NET.09,STA.09.AKC,,SPO.09.AKC.5066.6001.1,SPP.09.AKC.5066.6001.1.11325,SAM.09.AKC.5066.6001.1,PM2.5,http://dd.eionet.europa.eu/vocabulary/aq/pollutant/6001,hour,8.3857002200,µg/m3,2018-05-22 10:00:00 +01:00,2018-05-22 11:00:00 +01:00,1,1
AT,AT.0008.20.AQ,NET.09,STA.09.AKC,,SPO.09.AKC.5066.6001.1,SPP.09.AKC.5066.6001.1.11325,SAM.09.AKC.5066.6001.1,PM2.5,http://dd.eionet.europa.eu/vocabulary/aq/pollutant/6001,hour,6.7770004200,µg/m3,2018-05-22 12:00:00 +01:00,2018-05-22 13:00:00 +01:00,1,1
AT,AT.0008.20.AQ,NET.09,STA.09.AKC,,SPO.09.AKC.5066.6001.1,SPP.09.AKC.5066.6001.1.11325,SAM.09.AKC.5066.6001.1,PM2.5,http://dd.eionet.europa.eu/vocabulary/aq/pollutant/6001,hour,6.5331497100,µg/m3,2018-05-22 14:00:00 +01:00,2018-05-22 15:00:00 +01:00,1,1
AT,AT.0008.20.AQ,NET.09,STA.09.AKC,,SPO.09.AKC.5066.6001.1,SPP.09.AKC.5066.6001.1.11325,SAM.09.AKC.5066.6001.1,PM2.5,http://dd.eionet.europa.eu/vocabulary/aq/pollutant/6001,hour,7.2550001100,µg/m3,2018-05-22 16:00:00 +01:00,2018-05-22 17:00:00 +01:00,1,1
AT,AT.0008.20.AQ,NET.09,STA.09.AKC,,SPO.09.AKC.5066.6001.1,SPP.09.AKC.5066.6001.1.11325,SAM.09.AKC.5066.6001.1,PM2.5,http://dd.eionet.europa.eu/vocabulary/aq/pollutant/6001,hour,7.4723997100,µg/m3,2018-05-22 17:00:00 +01:00,2018-05-22 18:00:00 +01:00,1,1
AT,AT.0008.20.AQ,NET.09,STA.09.AKC,,SPO.09.AKC.5066.6001.1,SPP.09.AKC.5066.6001.1.11325,SAM.09.AKC.5066.6001.1,PM2.5,http://dd.eionet.europa.eu/vocabulary/aq/pollutant/6001,hour,9.9896001800,µg/m3,2018-05-22 20:00:00 +01:00,2018-05-22 21:00:00 +01:00,1,1
AT,AT.0008.20.AQ,NET.09,STA.09.AKC,,SPO.09.AKC.5066.6001.1,SPP.09.AKC.5066.6001.1.11325,SAM.09.AKC.5066.6001.1,PM2.5,http://dd.eionet.europa.eu/vocabulary/aq/pollutant/6001,hour,12.4674997300,µg/m3,2018-05-22 22:00:00 +01:00,2018-05-22 23:00:00 +01:00,1,1
AT,AT.0008.20.AQ,NET.09,STA.09.AKC,,SPO.09.AKC.5066.6001.1,SPP.09.AKC.5066.6001.1.11325,SAM.09.AKC.5066.6001.1,PM2.5,http://dd.eionet.europa.eu/vocabulary/aq/pollutant/6001,hour,13.3514995500,µg/m3,2018-05-23 01:00:00 +01:00,2018-05-23 02:00:00 +01:00,1,1
AT,AT.0008.20.AQ,NET.09,STA.09.AKC,,SPO.09.AKC.5066.6001.1,SPP.09.AKC.5066.6001.1.11325,SAM.09.AKC.5066.6001.1,PM2.5,http://dd.eionet.europa.eu/vocabulary/aq/pollutant/6001,hour,14.1955003700,µg/m3,2018-05-23 02:00:00 +01:00,2018-05-23 03:00:00 +01:00,1,1
AT,AT.0008.20.AQ,NET.09,STA.09.AKC,,SPO.09.AKC.5066.6001.1,SPP.09.AKC.5066.6001.1.11325,SAM.09.AKC.5066.6001.1,PM2.5,http://dd.eionet.europa.eu/vocabulary/aq/pollutant/6001,hour,15.5095005000,µg/m3,2018-05-23 03:00:00 +01:00,2018-05-23 04:00:00 +01:00,1,1
AT,AT.0008.20.AQ,NET.09,STA.09.AKC,,SPO.09.AKC.5066.6001.1,SPP.09.AKC.5066.6001.1.11325,SAM.09.AKC.5066.6001.1,PM2.5,http://dd.eionet.europa.eu/vocabulary/aq/pollutant/6001,hour,15.0014991700,µg/m3,2018-05-23 06:00:00 +01:00,2018-05-23 07:00:00 +01:00,1,1
AT,AT.0008.20.AQ,NET.09,STA.09.AKC,,SPO.09.AKC.5066.6001.1,SPP.09.AKC.5066.6001.1.11325,SAM.09.AKC.5066.6001.1,PM2.5,http://dd.eionet.europa.eu/vocabulary/aq/pollutant/6001,hour,12.3379993400,µg/m3,2018-05-23 07:00:00 +01:00,2018-05-23 08:00:00 +01:00,1,1
AT,AT.0008.20.AQ,NET.09,STA.09.AKC,,SPO.09.AKC.5066.6001.1,SPP.09.AKC.5066.6001.1.11325,SAM.09.AKC.5066.6001.1,PM2.5,http://dd.eionet.europa.eu/vocabulary/aq/pollutant/6001,hour,11.8740005400,µg/m3,2018-05-23 08:00:00 +01:00,2018-05-23 09:00:00 +01:00,1,1
AT,AT.0008.20.AQ,NET.09,STA.09.AKC,,SPO.09.AKC.5066.6001.1,SPP.09.AKC.5066.6001.1.11325,SAM.09.AKC.5066.6001.1,PM2.5,http://dd.eionet.europa.eu/vocabulary/aq/pollutant/6001,hour,11.4779996800,µg/m3,2018-05-23 09:00:00 +01:00,2018-05-23 10:00:00 +01:00,1,1
AT,AT.0008.20.AQ,NET.09,STA.09.AKC,,SPO.09.AKC.5066.6001.1,SPP.09.AKC.5066.6001.1.11325,SAM.09.AKC.5066.6001.1,PM2.5,http://dd.eionet.europa.eu/vocabulary/aq/pollutant/6001,hour,10.5295000000,µg/m3,2018-05-23 10:00:00 +01:00,2018-05-23 11:00:00 +01:00,1,1
AT,AT.0008.20.AQ,NET.09,STA.09.AKC,,SPO.09.AKC.5066.6001.1,SPP.09.AKC.5066.6001.1.11325,SAM.09.AKC.5066.6001.1,PM2.5,http://dd.eionet.europa.eu/vocabulary/aq/pollutant/6001,hour,9.6150999000,µg/m3,2018-05-23 11:00:00 +01:00,2018-05-23 12:00:00 +01:00,1,1
AT,AT.0008.20.AQ,NET.09,STA.09.AKC,,SPO.09.AKC.5066.6001.1,SPP.09.AKC.5066.6001.1.11325,SAM.09.AKC.5066.6001.1,PM2.5,http://dd.eionet.europa.eu/vocabulary/aq/pollutant/6001,hour,9.9072504000,µg/m3,2018-05-23 12:00:00 +01:00,2018-05-23 13:00:00 +01:00,1,1
AT,AT.0008.20.AQ,NET.09,STA.09.AKC,,SPO.09.AKC.5066.6001.1,SPP.09.AKC.5066.6001.1.11325,SAM.09.AKC.5066.6001.1,PM2.5,http://dd.eionet.europa.eu/vocabulary/aq/pollutant/6001,hour,10.0090999600,µg/m3,2018-05-23 14:00:00 +01:00,2018-05-23 15:00:00 +01:00,1,1
AT,AT.0008.20.AQ,NET.09,STA.09.AKC,,SPO.09.AKC.5066.6001.1,SPP.09.AKC.5066.6001.1.11325,SAM.09.AKC.5066.6001.1,PM2.5,http://dd.eionet.europa.eu/vocabulary/aq/pollutant/6001,hour,11.2919998100,µg/m3,2018-05-23 16:00:00 +01:00,2018-05-23 17:00:00 +01:00,1,1
AT,AT.0008.20.AQ,NET.09,STA.09.AKC,,SPO.09.AKC.5066.6001.1,SPP.09.AKC.5066.6001.1.11325,SAM.09.AKC.5066.6001.1,PM2.5,http://dd.eionet.europa.eu/vocabulary/aq/pollutant/6001,hour,10.2819995800,µg/m3,2018-05-23 17:00:00 +01:00,2018-05-23 18:00:00 +01:00,1,1
AT,AT.0008.20.AQ,NET.09,STA.09.AKC,,SPO.09.AKC.5066.6001.1,SPP.09.AKC.5066.6001.1.11325,SAM.09.AKC.5066.6001.1,PM2.5,http://dd.eionet.europa.eu/vocabulary/aq/pollutant/6001,hour,11.2334995200,µg/m3,2018-05-23 18:00:00 +01:00,2018-05-23 19:00:00 +01:00,1,1
AT,AT.0008.20.AQ,NET.09,STA.09.AKC,,SPO.09.AKC.5066.6001.1,SPP.09.AKC.5066.6001.1.11325,SAM.09.AKC.5066.6001.1,PM2.5,http://dd.eionet.europa.eu/vocabulary/aq/pollutant/6001,hour,11.9664993200,µg/m3,2018-05-23 19:00:00 +01:00,2018-05-23 20:00:00 +01:00,1,1
AT,AT.0008.20.AQ,NET.09,STA.09.AKC,,SPO.09.AKC.5066.6001.1,SPP.09.AKC.5066.6001.1.11325,SAM.09.AKC.5066.6001.1,PM2.5,http://dd.eionet.europa.eu/vocabulary/aq/pollutant/6001,hour,12.3789997100,µg/m3,2018-05-23 20:00:00 +01:00,2018-05-23 21:00:00 +01:00,1,1
AT,AT.0008.20.AQ,NET.09,STA.09.AKC,,SPO.09.AKC.5066.6001.1,SPP.09.AKC.5066.6001.1.11325,SAM.09.AKC.5066.6001.1,PM2.5,http://dd.eionet.europa.eu/vocabulary/aq/pollutant/6001,hour,12.4104995700,µg/m3,2018-05-23 21:00:00 +01:00,2018-05-23 22:00:00 +01:00,1,1
AT,AT.0008.20.AQ,NET.09,STA.09.AKC,,SPO.09.AKC.5066.6001.1,SPP.09.AKC.5066.6001.1.11325,SAM.09.AKC.5066.6001.1,PM2.5,http://dd.eionet.europa.eu/vocabulary/aq/pollutant/6001,hour,15.6065006200,µg/m3,2018-05-23 22:00:00 +01:00,2018-05-23 23:00:00 +01:00,1,1
AT,AT.0008.20.AQ,NET.09,STA.09.AKC,,SPO.09.AKC.5066.6001.1,SPP.09.AKC.5066.6001.1.11325,SAM.09.AKC.5066.6001.1,PM2.5,http://dd.eionet.europa.eu/vocabulary/aq/pollutant/6001,hour,15.6215000100,µg/m3,2018-05-23 23:00:00 +01:00,2018-05-24 00:00:00 +01:00,1,1
AT,AT.0008.20.AQ,NET.09,STA.09.AKC,,SPO.09.AKC.5066.6001.1,SPP.09.AKC.5066.6001.1.11325,SAM.09.AKC.5066.6001.1,PM2.5,http://dd.eionet.europa.eu/vocabulary/aq/pollutant/6001,hour,15.4790000900,µg/m3,2018-05-24 01:00:00 +01:00,2018-05-24 02:00:00 +01:00,1,1
AT,AT.0008.20.AQ,NET.09,STA.09.AKC,,SPO.09.AKC.5066.6001.1,SPP.09.AKC.5066.6001.1.11325,SAM.09.AKC.5066.6001.1,PM2.5,http://dd.eionet.europa.eu/vocabulary/aq/pollutant/6001,hour,15.2909994100,µg/m3,2018-05-24 02:00:00 +01:00,2018-05-24 03:00:00 +01:00,1,1
AT,AT.0008.20.AQ,NET.09,STA.09.AKC,,SPO.09.AKC.5066.6001.1,SPP.09.AKC.5066.6001.1.11325,SAM.09.AKC.5066.6001.1,PM2.5,http://dd.eionet.europa.eu/vocabulary/aq/pollutant/6001,hour,15.6149997700,µg/m3,2018-05-24 03:00:00 +01:00,2018-05-24 04:00:00 +01:00,1,1
AT,AT.0008.20.AQ,NET.09,STA.09.AKC,,SPO.09.AKC.5066.6001.1,SPP.09.AKC.5066.6001.1.11325,SAM.09.AKC.5066.6001.1,PM2.5,http://dd.eionet.europa.eu/vocabulary/aq/pollutant/6001,hour,15.5580005600,µg/m3,2018-05-24 04:00:00 +01:00,2018-05-24 05:00:00 +01:00,1,1
AT,AT.0008.20.AQ,NET.09,STA.09.AKC,,SPO.09.AKC.5066.6001.1,SPP.09.AKC.5066.6001.1.11325,SAM.09.AKC.5066.6001.1,PM2.5,http://dd.eionet.europa.eu/vocabulary/aq/pollutant/6001,hour,14.7895002300,µg/m3,2018-05-24 05:00:00 +01:00,2018-05-24 06:00:00 +01:00,1,1
AT,AT.0008.20.AQ,NET.09,STA.09.AKC,,SPO.09.AKC.5066.6001.1,SPP.09.AKC.5066.6001.1.11325,SAM.09.AKC.5066.6001.1,PM2.5,http://dd.eionet.europa.eu/vocabulary/aq/pollutant/6001,hour,13.8699998800,µg/m3,2018-05-24 06:00:00 +01:00,2018-05-24 07:00:00 +01:00,1,1
AT,AT.0008.20.AQ,NET.09,STA.09.AKC,,SPO.09.AKC.5066.6001.1,SPP.09.AKC.5066.6001.1.11325,SAM.09.AKC.5066.6001.1,PM2.5,http://dd.eionet.europa.eu/vocabulary/aq/pollutant/6001,hour,10.8579998000,µg/m3,2018-05-24 09:00:00 +01:00,2018-05-24 10:00:00 +01:00,1,1
AT,AT.0008.20.AQ,NET.09,STA.09.AKC,,SPO.09.AKC.5066.6001.1,SPP.09.AKC.5066.6001.1.11325,SAM.09.AKC.5066.6001.1,PM2.5,http://dd.eionet.europa.eu/vocabulary/aq/pollutant/6001,hour,11.1645002300,µg/m3,2018-05-24 10:00:00 +01:00,2018-05-24 11:00:00 +01:00,1,1
AT,AT.0008.20.AQ,NET.09,STA.09.AKC,,SPO.09.AKC.5066.6001.1,SPP.09.AKC.5066.6001.1.11325,SAM.09.AKC.5066.6001.1,PM2.5,http://dd.eionet.europa.eu/vocabulary/aq/pollutant/6001,hour,10.9130001000,µg/m3,2018-05-24 11:00:00 +01:00,2018-05-24 12:00:00 +01:00,1,1
AT,AT.0008.20.AQ,NET.09,STA.09.AKC,,SPO.09.AKC.5066.6001.1,SPP.09.AKC.5066.6001.1.11325,SAM.09.AKC.5066.6001.1,PM2.5,http://dd.eionet.europa.eu/vocabulary/aq/pollutant/6001,hour,10.6070499400,µg/m3,2018-05-24 13:00:00 +01:00,2018-05-24 14:00:00 +01:00,1,1
AT,AT.0008.20.AQ,NET.09,STA.09.AKC,,SPO.09.AKC.5066.6001.1,SPP.09.AKC.5066.6001.1.11325,SAM.09.AKC.5066.6001.1,PM2.5,http://dd.eionet.europa.eu/vocabulary/aq/pollutant/6001,hour,10.5749998000,µg/m3,2018-05-24 14:00:00 +01:00,2018-05-24 15:00:00 +01:00,1,1
AT,AT.0008.20.AQ,NET.09,STA.09.AKC,,SPO.09.AKC.5066.6001.1,SPP.09.AKC.5066.6001.1.11325,SAM.09.AKC.5066.6001.1,PM2.5,http://dd.eionet.europa.eu/vocabulary/aq/pollutant/6001,hour,10.8715000100,µg/m3,2018-05-24 16:00:00 +01:00,2018-05-24 17:00:00 +01:00,1,1
AT,AT.0008.20.AQ,NET.09,STA.09.AKC,,SPO.09.AKC.5066.6001.1,SPP.09.AKC.5066.6001.1.11325,SAM.09.AKC.5066.6001.1,PM2.5,http://dd.eionet.europa.eu/vocabulary/aq/pollutant/6001,hour,10.0384006500,µg/m3,2018-05-24 17:00:00 +01:00,2018-05-24 18:00:00 +01:00,1,1
AT,AT.0008.20.AQ,NET.09,STA.09.AKC,,SPO.09.AKC.5066.6001.1,SPP.09.AKC.5066.6001.1.11325,SAM.09.AKC.5066.6001.1,PM2.5,http://dd.eionet.europa.eu/vocabulary/aq/pollutant/6001,hour,10.7490005400,µg/m3,2018-05-24 18:00:00 +01:00,2018-05-24 19:00:00 +01:00,1,1
AT,AT.0008.20.AQ,NET.09,STA.09.AKC,,SPO.09.AKC.5066.6001.1,SPP.09.AKC.5066.6001.1.11325,SAM.09.AKC.5066.6001.1,PM2.5,http://dd.eionet.europa.eu/vocabulary/aq/pollutant/6001,hour,12.8199996900,µg/m3,2018-05-24 19:00:00 +01:00,2018-05-24 20:00:00 +01:00,1,1
AT,AT.0008.20.AQ,NET.09,STA.09.AKC,,SPO.09.AKC.5066.6001.1,SPP.09.AKC.5066.6001.1.11325,SAM.09.AKC.5066.6001.1,PM2.5,http://dd.eionet.europa.eu/vocabulary/aq/pollutant/6001,hour,12.2989997800,µg/m3,2018-05-24 20:00:00 +01:00,2018-05-24 21:00:00 +01:00,1,1
AT,AT.0008.20.AQ,NET.09,STA.09.AKC,,SPO.09.AKC.5066.6001.1,SPP.09.AKC.5066.6001.1.11325,SAM.09.AKC.5066.6001.1,PM2.5,http://dd.eionet.europa.eu/vocabulary/aq/pollutant/6001,hour,11.5995006500,µg/m3,2018-05-24 21:00:00 +01:00,2018-05-24 22:00:00 +01:00,1,1
AT,AT.0008.20.AQ,NET.09,STA.09.AKC,,SPO.09.AKC.5066.6001.1,SPP.09.AKC.5066.6001.1.11325,SAM.09.AKC.5066.6001.1,PM2.5,http://dd.eionet.europa.eu/vocabulary/aq/pollutant/6001,hour,11.5430002200,µg/m3,2018-05-24 22:00:00 +01:00,2018-05-24 23:00:00 +01:00,1,1
AT,AT.0008.20.AQ,NET.09,STA.09.AKC,,SPO.09.AKC.5066.6001.1,SPP.09.AKC.5066.6001.1.11325,SAM.09.AKC.5066.6001.1,PM2.5,http://dd.eionet.europa.eu/vocabulary/aq/pollutant/6001,hour,11.0895004200,µg/m3,2018-05-24 23:00:00 +01:00,2018-05-25 00:00:00 +01:00,1,1
AT,AT.0008.20.AQ,NET.09,STA.09.AKC,,SPO.09.AKC.5066.6001.1,SPP.09.AKC.5066.6001.1.11325,SAM.09.AKC.5066.6001.1,PM2.5,http://dd.eionet.europa.eu/vocabulary/aq/pollutant/6001,hour,11.6840000100,µg/m3,2018-05-25 00:00:00 +01:00,2018-05-25 01:00:00 +01:00,1,1
AT,AT.0008.20.AQ,NET.09,STA.09.AKC,,SPO.09.AKC.5066.6001.1,SPP.09.AKC.5066.6001.1.11325,SAM.09.AKC.5066.6001.1,PM2.5,http://dd.eionet.europa.eu/vocabulary/aq/pollutant/6001,hour,10.7705001800,µg/m3,2018-05-25 01:00:00 +01:00,2018-05-25 02:00:00 +01:00,1,1
AT,AT.0008.20.AQ,NET.09,STA.09.AKC,,SPO.09.AKC.5066.6001.1,SPP.09.AKC.5066.6001.1.11325,SAM.09.AKC.5066.6001.1,PM2.5,http://dd.eionet.europa.eu/vocabulary/aq/pollutant/6001,hour,10.5025005300,µg/m3,2018-05-25 02:00:00 +01:00,2018-05-25 03:00:00 +01:00,1,1
AT,AT.0008.20.AQ,NET.09,STA.09.AKC,,SPO.09.AKC.5066.6001.1,SPP.09.AKC.5066.6001.1.11325,SAM.09.AKC.5066.6001.1,PM2.5,http://dd.eionet.europa.eu/vocabulary/aq/pollutant/6001,hour,14.7539997100,µg/m3,2018-05-25 05:00:00 +01:00,2018-05-25 06:00:00 +01:00,1,1
AT,AT.0008.20.AQ,NET.09,STA.09.AKC,,SPO.09.AKC.5066.6001.1,SPP.09.AKC.5066.6001.1.11325,SAM.09.AKC.5066.6001.1,PM2.5,http://dd.eionet.europa.eu/vocabulary/aq/pollutant/6001,hour,15.4400005300,µg/m3,2018-05-25 06:00:00 +01:00,2018-05-25 07:00:00 +01:00,1,1
AT,AT.0008.20.AQ,NET.09,STA.09.AKC,,SPO.09.AKC.5066.6001.1,SPP.09.AKC.5066.6001.1.11325,SAM.09.AKC.5066.6001.1,PM2.5,http://dd.eionet.europa.eu/vocabulary/aq/pollutant/6001,hour,15.9704999900,µg/m3,2018-05-25 08:00:00 +01:00,2018-05-25 09:00:00 +01:00,1,1
AT,AT.0008.20.AQ,NET.09,STA.09.AKC,,SPO.09.AKC.5066.6001.1,SPP.09.AKC.5066.6001.1.11325,SAM.09.AKC.5066.6001.1,PM2.5,http://dd.eionet.europa.eu/vocabulary/aq/pollutant/6001,hour,16.0890007000,µg/m3,2018-05-25 11:00:00 +01:00,2018-05-25 12:00:00 +01:00,1,1
AT,AT.0008.20.AQ,NET.09,STA.09.AKC,,SPO.09.AKC.5066.6001.1,SPP.09.AKC.5066.6001.1.11325,SAM.09.AKC.5066.6001.1,PM2.5,http://dd.eionet.europa.eu/vocabulary/aq/pollutant/6001,hour,10.4195003500,µg/m3,2018-05-25 12:00:00 +01:00,2018-05-25 13:00:00 +01:00,1,1
AT,AT.0008.20.AQ,NET.09,STA.09.AKC,,SPO.09.AKC.5066.6001.1,SPP.09.AKC.5066.6001.1.11325,SAM.09.AKC.5066.6001.1,PM2.5,http://dd.eionet.europa.eu/vocabulary/aq/pollutant/6001,hour,5.5314998600,µg/m3,2018-05-25 14:00:00 +01:00,2018-05-25 15:00:00 +01:00,1,1
AT,AT.0008.20.AQ,NET.09,STA.09.AKC,,SPO.09.AKC.5066.6001.1,SPP.09.AKC.5066.6001.1.11325,SAM.09.AKC.5066.6001.1,PM2.5,http://dd.eionet.europa.eu/vocabulary/aq/pollutant/6001,hour,5.0384502400,µg/m3,2018-05-25 15:00:00 +01:00,2018-05-25 16:00:00 +01:00,1,1
AT,AT.0008.20.AQ,NET.09,STA.09.AKC,,SPO.09.AKC.5066.6001.1,SPP.09.AKC.5066.6001.1.11325,SAM.09.AKC.5066.6001.1,PM2.5,http://dd.eionet.europa.eu/vocabulary/aq/pollutant/6001,hour,4.5701999600,µg/m3,2018-05-25 17:00:00 +01:00,2018-05-25 18:00:00 +01:00,1,1
AT,AT.0008.20.AQ,NET.09,STA.09.AKC,,SPO.09.AKC.5066.6001.1,SPP.09.AKC.5066.6001.1.11325,SAM.09.AKC.5066.6001.1,PM2.5,http://dd.eionet.europa.eu/vocabulary/aq/pollutant/6001,hour,5.5603499400,µg/m3,2018-05-25 18:00:00 +01:00,2018-05-25 19:00:00 +01:00,1,1
AT,AT.0008.20.AQ,NET.09,STA.09.AKC,,SPO.09.AKC.5066.6001.1,SPP.09.AKC.5066.6001.1.11325,SAM.09.AKC.5066.6001.1,PM2.5,http://dd.eionet.europa.eu/vocabulary/aq/pollutant/6001,hour,7.4597501700,µg/m3,2018-05-25 19:00:00 +01:00,2018-05-25 20:00:00 +01:00,1,1
AT,AT.0008.20.AQ,NET.09,STA.09.AKC,,SPO.09.AKC.5066.6001.1,SPP.09.AKC.5066.6001.1.11325,SAM.09.AKC.5066.6001.1,PM2.5,http://dd.eionet.europa.eu/vocabulary/aq/pollutant/6001,hour,9.5872001600,µg/m3,2018-05-25 21:00:00 +01:00,2018-05-25 22:00:00 +01:00,1,1
AT,AT.0008.20.AQ,NET.09,STA.09.AKC,,SPO.09.AKC.5066.6001.1,SPP.09.AKC.5066.6001.1.11325,SAM.09.AKC.5066.6001.1,PM2.5,http://dd.eionet.europa.eu/vocabulary/aq/pollutant/6001,hour,11.3955001800,µg/m3,2018-05-26 01:00:00 +01:00,2018-05-26 02:00:00 +01:00,1,1
AT,AT.0008.20.AQ,NET.09,STA.09.AKC,,SPO.09.AKC.5066.6001.1,SPP.09.AKC.5066.6001.1.11325,SAM.09.AKC.5066.6001.1,PM2.5,http://dd.eionet.europa.eu/vocabulary/aq/pollutant/6001,hour,12.2845001200,µg/m3,2018-05-26 02:00:00 +01:00,2018-05-26 03:00:00 +01:00,1,1
AT,AT.0008.20.AQ,NET.09,STA.09.AKC,,SPO.09.AKC.5066.6001.1,SPP.09.AKC.5066.6001.1.11325,SAM.09.AKC.5066.6001.1,PM2.5,http://dd.eionet.europa.eu/vocabulary/aq/pollutant/6001,hour,15.5950002600,µg/m3,2018-05-26 05:00:00 +01:00,2018-05-26 06:00:00 +01:00,1,1
AT,AT.0008.20.AQ,NET.09,STA.09.AKC,,SPO.09.AKC.5066.6001.1,SPP.09.AKC.5066.6001.1.11325,SAM.09.AKC.5066.6001.1,PM2.5,http://dd.eionet.europa.eu/vocabulary/aq/pollutant/6001,hour,15.4259996400,µg/m3,2018-05-26 07:00:00 +01:00,2018-05-26 08:00:00 +01:00,1,1
AT,AT.0008.20.AQ,NET.09,STA.09.AKC,,SPO.09.AKC.5066.6001.1,SPP.09.AKC.5066.6001.1.11325,SAM.09.AKC.5066.6001.1,PM2.5,http://dd.eionet.europa.eu/vocabulary/aq/pollutant/6001,hour,14.1700000700,µg/m3,2018-05-26 08:00:00 +01:00,2018-05-26 09:00:00 +01:00,1,1
AT,AT.0008.20.AQ,NET.09,STA.09.AKC,,SPO.09.AKC.5066.6001.1,SPP.09.AKC.5066.6001.1.11325,SAM.09.AKC.5066.6001.1,PM2.5,http://dd.eionet.europa.eu/vocabulary/aq/pollutant/6001,hour,10.7779998700,µg/m3,2018-05-26 10:00:00 +01:00,2018-05-26 11:00:00 +01:00,1,1
AT,AT.0008.20.AQ,NET.09,STA.09.AKC,,SPO.09.AKC.5066.6001.1,SPP.09.AKC.5066.6001.1.11325,SAM.09.AKC.5066.6001.1,PM2.5,http://dd.eionet.europa.eu/vocabulary/aq/pollutant/6001,hour,7.5971498400,µg/m3,2018-05-26 11:00:00 +01:00,2018-05-26 12:00:00 +01:00,1,1
AT,AT.0008.20.AQ,NET.09,STA.09.AKC,,SPO.09.AKC.5066.6001.1,SPP.09.AKC.5066.6001.1.11325,SAM.09.AKC.5066.6001.1,PM2.5,http://dd.eionet.europa.eu/vocabulary/aq/pollutant/6001,hour,7.4565496400,µg/m3,2018-05-26 12:00:00 +01:00,2018-05-26 13:00:00 +01:00,1,1
AT,AT.0008.20.AQ,NET.09,STA.09.AKC,,SPO.09.AKC.5066.6001.1,SPP.09.AKC.5066.6001.1.11325,SAM.09.AKC.5066.6001.1,PM2.5,http://dd.eionet.europa.eu/vocabulary/aq/pollutant/6001,hour,7.5742001500,µg/m3,2018-05-26 14:00:00 +01:00,2018-05-26 15:00:00 +01:00,1,1
AT,AT.0008.20.AQ,NET.09,STA.09.AKC,,SPO.09.AKC.5066.6001.1,SPP.09.AKC.5066.6001.1.11325,SAM.09.AKC.5066.6001.1,PM2.5,http://dd.eionet.europa.eu/vocabulary/aq/pollutant/6001,hour,6.8750500600,µg/m3,2018-05-26 15:00:00 +01:00,2018-05-26 16:00:00 +01:00,1,1
AT,AT.0008.20.AQ,NET.09,STA.09.AKC,,SPO.09.AKC.5066.6001.1,SPP.09.AKC.5066.6001.1.11325,SAM.09.AKC.5066.6001.1,PM2.5,http://dd.eionet.europa.eu/vocabulary/aq/pollutant/6001,hour,6.5949997900,µg/m3,2018-05-26 18:00:00 +01:00,2018-05-26 19:00:00 +01:00,1,1
AT,AT.0008.20.AQ,NET.09,STA.09.AKC,,SPO.09.AKC.5066.6001.1,SPP.09.AKC.5066.6001.1.11325,SAM.09.AKC.5066.6001.1,PM2.5,http://dd.eionet.europa.eu/vocabulary/aq/pollutant/6001,hour,6.8000001900,µg/m3,2018-05-26 19:00:00 +01:00,2018-05-26 20:00:00 +01:00,1,1
AT,AT.0008.20.AQ,NET.09,STA.09.AKC,,SPO.09.AKC.5066.6001.1,SPP.09.AKC.5066.6001.1.11325,SAM.09.AKC.5066.6001.1,PM2.5,http://dd.eionet.europa.eu/vocabulary/aq/pollutant/6001,hour,10.7275505000,µg/m3,2018-05-26 20:00:00 +01:00,2018-05-26 21:00:00 +01:00,1,1
AT,AT.0008.20.AQ,NET.09,STA.09.AKC,,SPO.09.AKC.5066.6001.1,SPP.09.AKC.5066.6001.1.11325,SAM.09.AKC.5066.6001.1,PM2.5,http://dd.eionet.europa.eu/vocabulary/aq/pollutant/6001,hour,12.4925003000,µg/m3,2018-05-26 22:00:00 +01:00,2018-05-26 23:00:00 +01:00,1,1
AT,AT.0008.20.AQ,NET.09,STA.09.AKC,,SPO.09.AKC.5066.6001.1,SPP.09.AKC.5066.6001.1.11325,SAM.09.AKC.5066.6001.1,PM2.5,http://dd.eionet.europa.eu/vocabulary/aq/pollutant/6001,hour,11.4809999400,µg/m3,2018-05-27 00:00:00 +01:00,2018-05-27 01:00:00 +01:00,1,1
AT,AT.0008.20.AQ,NET.09,STA.09.AKC,,SPO.09.AKC.5066.6001.1,SPP.09.AKC.5066.6001.1.11325,SAM.09.AKC.5066.6001.1,PM2.5,http://dd.eionet.europa.eu/vocabulary/aq/pollutant/6001,hour,10.9195003500,µg/m3,2018-05-27 01:00:00 +01:00,2018-05-27 02:00:00 +01:00,1,1
AT,AT.0008.20.AQ,NET.09,STA.09.AKC,,SPO.09.AKC.5066.6001.1,SPP.09.AKC.5066.6001.1.11325,SAM.09.AKC.5066.6001.1,PM2.5,http://dd.eionet.europa.eu/vocabulary/aq/pollutant/6001,hour,12.0634994500,µg/m3,2018-05-27 02:00:00 +01:00,2018-05-27 03:00:00 +01:00,1,1
AT,AT.0008.20.AQ,NET.09,STA.09.AKC,,SPO.09.AKC.5066.6001.1,SPP.09.AKC.5066.6001.1.11325,SAM.09.AKC.5066.6001.1,PM2.5,http://dd.eionet.europa.eu/vocabulary/aq/pollutant/6001,hour,10.1258001300,µg/m3,2018-05-27 03:00:00 +01:00,2018-05-27 04:00:00 +01:00,1,1
AT,AT.0008.20.AQ,NET.09,STA.09.AKC,,SPO.09.AKC.5066.6001.1,SPP.09.AKC.5066.6001.1.11325,SAM.09.AKC.5066.6001.1,PM2.5,http://dd.eionet.europa.eu/vocabulary/aq/pollutant/6001,hour,15.9284992200,µg/m3,2018-05-27 05:00:00 +01:00,2018-05-27 06:00:00 +01:00,1,1
AT,AT.0008.20.AQ,NET.09,STA.09.AKC,,SPO.09.AKC.5066.6001.1,SPP.09.AKC.5066.6001.1.11325,SAM.09.AKC.5066.6001.1,PM2.5,http://dd.eionet.europa.eu/vocabulary/aq/pollutant/6001,hour,12.7574996900,µg/m3,2018-05-27 07:00:00 +01:00,2018-05-27 08:00:00 +01:00,1,1
AT,AT.0008.20.AQ,NET.09,STA.09.AKC,,SPO.09.AKC.5066.6001.1,SPP.09.AKC.5066.6001.1.11325,SAM.09.AKC.5066.6001.1,PM2.5,http://dd.eionet.europa.eu/vocabulary/aq/pollutant/6001,hour,7.7170500700,µg/m3,2018-05-27 10:00:00 +01:00,2018-05-27 11:00:00 +01:00,1,1
AT,AT.0008.20.AQ,NET.09,STA.09.AKC,,SPO.09.AKC.5066.6001.1,SPP.09.AKC.5066.6001.1.11325,SAM.09.AKC.5066.6001.1,PM2.5,http://dd.eionet.europa.eu/vocabulary/aq/pollutant/6001,hour,7.4130496900,µg/m3,2018-05-27 11:00:00 +01:00,2018-05-27 12:00:00 +01:00,1,1
AT,AT.0008.20.AQ,NET.09,STA.09.AKC,,SPO.09.AKC.5066.6001.1,SPP.09.AKC.5066.6001.1.11325,SAM.09.AKC.5066.6001.1,PM2.5,http://dd.eionet.europa.eu/vocabulary/aq/pollutant/6001,hour,7.6681499400,µg/m3,2018-05-27 13:00:00 +01:00,2018-05-27 14:00:00 +01:00,1,1
AT,AT.0008.20.AQ,NET.09,STA.09.AKC,,SPO.09.AKC.5066.6001.1,SPP.09.AKC.5066.6001.1.11325,SAM.09.AKC.5066.6001.1,PM2.5,http://dd.eionet.europa.eu/vocabulary/aq/pollutant/6001,hour,7.3212499600,µg/m3,2018-05-27 14:00:00 +01:00,2018-05-27 15:00:00 +01:00,1,1
AT,AT.0008.20.AQ,NET.09,STA.09.AKC,,SPO.09.AKC.5066.6001.1,SPP.09.AKC.5066.6001.1.11325,SAM.09.AKC.5066.6001.1,PM2.5,http://dd.eionet.europa.eu/vocabulary/aq/pollutant/6001,hour,6.1462001800,µg/m3,2018-05-27 15:00:00 +01:00,2018-05-27 16:00:00 +01:00,1,1
AT,AT.0008.20.AQ,NET.09,STA.09.AKC,,SPO.09.AKC.5066.6001.1,SPP.09.AKC.5066.6001.1.11325,SAM.09.AKC.5066.6001.1,PM2.5,http://dd.eionet.europa.eu/vocabulary/aq/pollutant/6001,hour,5.6521000800,µg/m3,2018-05-27 16:00:00 +01:00,2018-05-27 17:00:00 +01:00,1,1
AT,AT.0008.20.AQ,NET.09,STA.09.AKC,,SPO.09.AKC.5066.6001.1,SPP.09.AKC.5066.6001.1.11325,SAM.09.AKC.5066.6001.1,PM2.5,http://dd.eionet.europa.eu/vocabulary/aq/pollutant/6001,hour,6.5265502900,µg/m3,2018-05-27 18:00:00 +01:00,2018-05-27 19:00:00 +01:00,1,1
AT,AT.0008.20.AQ,NET.09,STA.09.AKC,,SPO.09.AKC.5066.6001.1,SPP.09.AKC.5066.6001.1.11325,SAM.09.AKC.5066.6001.1,PM2.5,http://dd.eionet.europa.eu/vocabulary/aq/pollutant/6001,hour,7.7884502400,µg/m3,2018-05-27 19:00:00 +01:00,2018-05-27 20:00:00 +01:00,1,1
AT,AT.0008.20.AQ,NET.09,STA.09.AKC,,SPO.09.AKC.5066.6001.1,SPP.09.AKC.5066.6001.1.11325,SAM.09.AKC.5066.6001.1,PM2.5,http://dd.eionet.europa.eu/vocabulary/aq/pollutant/6001,hour,8.3434000000,µg/m3,2018-05-27 20:00:00 +01:00,2018-05-27 21:00:00 +01:00,1,1
AT,AT.0008.20.AQ,NET.09,STA.09.AKC,,SPO.09.AKC.5066.6001.1,SPP.09.AKC.5066.6001.1.11325,SAM.09.AKC.5066.6001.1,PM2.5,http://dd.eionet.europa.eu/vocabulary/aq/pollutant/6001,hour,11.3185005100,µg/m3,2018-05-27 21:00:00 +01:00,2018-05-27 22:00:00 +01:00,1,1
AT,AT.0008.20.AQ,NET.09,STA.09.AKC,,SPO.09.AKC.5066.6001.1,SPP.09.AKC.5066.6001.1.11325,SAM.09.AKC.5066.6001.1,PM2.5,http://dd.eionet.europa.eu/vocabulary/aq/pollutant/6001,hour,13.5395002300,µg/m3,2018-05-27 23:00:00 +01:00,2018-05-28 00:00:00 +01:00,1,1
AT,AT.0008.20.AQ,NET.09,STA.09.AKC,,SPO.09.AKC.5066.6001.1,SPP.09.AKC.5066.6001.1.11325,SAM.09.AKC.5066.6001.1,PM2.5,http://dd.eionet.europa.eu/vocabulary/aq/pollutant/6001,hour,14.2740001600,µg/m3,2018-05-28 00:00:00 +01:00,2018-05-28 01:00:00 +01:00,1,1
AT,AT.0008.20.AQ,NET.09,STA.09.AKC,,SPO.09.AKC.5066.6001.1,SPP.09.AKC.5066.6001.1.11325,SAM.09.AKC.5066.6001.1,PM2.5,http://dd.eionet.europa.eu/vocabulary/aq/pollutant/6001,hour,15.8999996100,µg/m3,2018-05-28 01:00:00 +01:00,2018-05-28 02:00:00 +01:00,1,1
AT,AT.0008.20.AQ,NET.09,STA.09.AKC,,SPO.09.AKC.5066.6001.1,SPP.09.AKC.5066.6001.1.11325,SAM.09.AKC.5066.6001.1,PM2.5,http://dd.eionet.europa.eu/vocabulary/aq/pollutant/6001,hour,17.3115005400,µg/m3,2018-05-28 02:00:00 +01:00,2018-05-28 03:00:00 +01:00,1,1
AT,AT.0008.20.AQ,NET.09,STA.09.AKC,,SPO.09.AKC.5066.6001.1,SPP.09.AKC.5066.6001.1.11325,SAM.09.AKC.5066.6001.1,PM2.5,http://dd.eionet.europa.eu/vocabulary/aq/pollutant/6001,hour,17.4424991600,µg/m3,2018-05-28 03:00:00 +01:00,2018-05-28 04:00:00 +01:00,1,1
AT,AT.0008.20.AQ,NET.09,STA.09.AKC,,SPO.09.AKC.5066.6001.1,SPP.09.AKC.5066.6001.1.11325,SAM.09.AKC.5066.6001.1,PM2.5,http://dd.eionet.europa.eu/vocabulary/aq/pollutant/6001,hour,14.0474996500,µg/m3,2018-05-28 05:00:00 +01:00,2018-05-28 06:00:00 +01:00,1,1
AT,AT.0008.20.AQ,NET.09,STA.09.AKC,,SPO.09.AKC.5066.6001.1,SPP.09.AKC.5066.6001.1.11325,SAM.09.AKC.5066.6001.1,PM2.5,http://dd.eionet.europa.eu/vocabulary/aq/pollutant/6001,hour,13.7864999700,µg/m3,2018-05-28 06:00:00 +01:00,2018-05-28 07:00:00 +01:00,1,1
AT,AT.0008.20.AQ,NET.09,STA.09.AKC,,SPO.09.AKC.5066.6001.1,SPP.09.AKC.5066.6001.1.11325,SAM.09.AKC.5066.6001.1,PM2.5,http://dd.eionet.europa.eu/vocabulary/aq/pollutant/6001,hour,15.5375003800,µg/m3,2018-05-28 08:00:00 +01:00,2018-05-28 09:00:00 +01:00,1,1
AT,AT.0008.20.AQ,NET.09,STA.09.AKC,,SPO.09.AKC.5066.6001.1,SPP.09.AKC.5066.6001.1.11325,SAM.09.AKC.5066.6001.1,PM2.5,http://dd.eionet.europa.eu/vocabulary/aq/pollutant/6001,hour,13.2635002100,µg/m3,2018-05-28 09:00:00 +01:00,2018-05-28 10:00:00 +01:00,1,1
AT,AT.0008.20.AQ,NET.09,STA.09.AKC,,SPO.09.AKC.5066.6001.1,SPP.09.AKC.5066.6001.1.11325,SAM.09.AKC.5066.6001.1,PM2.5,http://dd.eionet.europa.eu/vocabulary/aq/pollutant/6001,hour,11.9869995100,µg/m3,2018-05-28 10:00:00 +01:00,2018-05-28 11:00:00 +01:00,1,1
AT,AT.0008.20.AQ,NET.09,STA.09.AKC,,SPO.09.AKC.5066.6001.1,SPP.09.AKC.5066.6001.1.11325,SAM.09.AKC.5066.6001.1,PM2.5,http://dd.eionet.europa.eu/vocabulary/aq/pollutant/6001,hour,13.1889991700,µg/m3,2018-05-28 11:00:00 +01:00,2018-05-28 12:00:00 +01:00,1,1
AT,AT.0008.20.AQ,NET.09,STA.09.AKC,,SPO.09.AKC.5066.6001.1,SPP.09.AKC.5066.6001.1.11325,SAM.09.AKC.5066.6001.1,PM2.5,http://dd.eionet.europa.eu/vocabulary/aq/pollutant/6001,hour,11.4990005400,µg/m3,2018-05-28 12:00:00 +01:00,2018-05-28 13:00:00 +01:00,1,1
AT,AT.0008.20.AQ,NET.09,STA.09.AKC,,SPO.09.AKC.5066.6001.1,SPP.09.AKC.5066.6001.1.11325,SAM.09.AKC.5066.6001.1,PM2.5,http://dd.eionet.europa.eu/vocabulary/aq/pollutant/6001,hour,11.6084995200,µg/m3,2018-05-28 13:00:00 +01:00,2018-05-28 14:00:00 +01:00,1,1
AT,AT.0008.20.AQ,NET.09,STA.09.AKC,,SPO.09.AKC.5066.6001.1,SPP.09.AKC.5066.6001.1.11325,SAM.09.AKC.5066.6001.1,PM2.5,http://dd.eionet.europa.eu/vocabulary/aq/pollutant/6001,hour,11.7129993400,µg/m3,2018-05-28 14:00:00 +01:00,2018-05-28 15:00:00 +01:00,1,1
AT,AT.0008.20.AQ,NET.09,STA.09.AKC,,SPO.09.AKC.5066.6001.1,SPP.09.AKC.5066.6001.1.11325,SAM.09.AKC.5066.6001.1,PM2.5,http://dd.eionet.europa.eu/vocabulary/aq/pollutant/6001,hour,10.9645004200,µg/m3,2018-05-28 15:00:00 +01:00,2018-05-28 16:00:00 +01:00,1,1
AT,AT.0008.20.AQ,NET.09,STA.09.AKC,,SPO.09.AKC.5066.6001.1,SPP.09.AKC.5066.6001.1.11325,SAM.09.AKC.5066.6001.1,PM2.5,http://dd.eionet.europa.eu/vocabulary/aq/pollutant/6001,hour,8.6132507300,µg/m3,2018-05-28 19:00:00 +01:00,2018-05-28 20:00:00 +01:00,1,1
AT,AT.0008.20.AQ,NET.09,STA.09.AKC,,SPO.09.AKC.5066.6001.1,SPP.09.AKC.5066.6001.1.11325,SAM.09.AKC.5066.6001.1,PM2.5,http://dd.eionet.europa.eu/vocabulary/aq/pollutant/6001,hour,8.3559494000,µg/m3,2018-05-28 20:00:00 +01:00,2018-05-28 21:00:00 +01:00,1,1
AT,AT.0008.20.AQ,NET.09,STA.09.AKC,,SPO.09.AKC.5066.6001.1,SPP.09.AKC.5066.6001.1.11325,SAM.09.AKC.5066.6001.1,PM2.5,http://dd.eionet.europa.eu/vocabulary/aq/pollutant/6001,hour,10.4219999300,µg/m3,2018-05-28 22:00:00 +01:00,2018-05-28 23:00:00 +01:00,1,1
AT,AT.0008.20.AQ,NET.09,STA.09.AKC,,SPO.09.AKC.5066.6001.1,SPP.09.AKC.5066.6001.1.11325,SAM.09.AKC.5066.6001.1,PM2.5,http://dd.eionet.europa.eu/vocabulary/aq/pollutant/6001,hour,11.3915004700,µg/m3,2018-05-28 23:00:00 +01:00,2018-05-29 00:00:00 +01:00,1,1
AT,AT.0008.20.AQ,NET.09,STA.09.AKC,,SPO.09.AKC.5066.6001.1,SPP.09.AKC.5066.6001.1.11325,SAM.09.AKC.5066.6001.1,PM2.5,http://dd.eionet.europa.eu/vocabulary/aq/pollutant/6001,hour,13.0699996900,µg/m3,2018-05-29 00:00:00 +01:00,2018-05-29 01:00:00 +01:00,1,1
AT,AT.0008.20.AQ,NET.09,STA.09.AKC,,SPO.09.AKC.5066.6001.1,SPP.09.AKC.5066.6001.1.11325,SAM.09.AKC.5066.6001.1,PM2.5,http://dd.eionet.europa.eu/vocabulary/aq/pollutant/6001,hour,15.3350000300,µg/m3,2018-05-29 01:00:00 +01:00,2018-05-29 02:00:00 +01:00,1,1
AT,AT.0008.20.AQ,NET.09,STA.09.AKC,,SPO.09.AKC.5066.6001.1,SPP.09.AKC.5066.6001.1.11325,SAM.09.AKC.5066.6001.1,PM2.5,http://dd.eionet.europa.eu/vocabulary/aq/pollutant/6001,hour,16.1935005100,µg/m3,2018-05-29 03:00:00 +01:00,2018-05-29 04:00:00 +01:00,1,1
AT,AT.0008.20.AQ,NET.09,STA.09.AKC,,SPO.09.AKC.5066.6001.1,SPP.09.AKC.5066.6001.1.11325,SAM.09.AKC.5066.6001.1,PM2.5,http://dd.eionet.europa.eu/vocabulary/aq/pollutant/6001,hour,18.0764999300,µg/m3,2018-05-29 05:00:00 +01:00,2018-05-29 06:00:00 +01:00,1,1
AT,AT.0008.20.AQ,NET.09,STA.09.AKC,,SPO.09.AKC.5066.6001.1,SPP.09.AKC.5066.6001.1.11325,SAM.09.AKC.5066.6001.1,PM2.5,http://dd.eionet.europa.eu/vocabulary/aq/pollutant/6001,hour,14.0799999200,µg/m3,2018-05-29 06:00:00 +01:00,2018-05-29 07:00:00 +01:00,1,1
AT,AT.0008.20.AQ,NET.09,STA.09.AKC,,SPO.09.AKC.5066.6001.1,SPP.09.AKC.5066.6001.1.11325,SAM.09.AKC.5066.6001.1,PM2.5,http://dd.eionet.europa.eu/vocabulary/aq/pollutant/6001,hour,13.1585006700,µg/m3,2018-05-29 07:00:00 +01:00,2018-05-29 08:00:00 +01:00,1,1
AT,AT.0008.20.AQ,NET.09,STA.09.AKC,,SPO.09.AKC.5066.6001.1,SPP.09.AKC.5066.6001.1.11325,SAM.09.AKC.5066.6001.1,PM2.5,http://dd.eionet.europa.eu/vocabulary/aq/pollutant/6001,hour,12.8549995400,µg/m3,2018-05-29 08:00:00 +01:00,2018-05-29 09:00:00 +01:00,1,1
AT,AT.0008.20.AQ,NET.09,STA.09.AKC,,SPO.09.AKC.5066.6001.1,SPP.09.AKC.5066.6001.1.11325,SAM.09.AKC.5066.6001.1,PM2.5,http://dd.eionet.europa.eu/vocabulary/aq/pollutant/6001,hour,11.7180004100,µg/m3,2018-05-29 09:00:00 +01:00,2018-05-29 10:00:00 +01:00,1,1
AT,AT.0008.20.AQ,NET.09,STA.09.AKC,,SPO.09.AKC.5066.6001.1,SPP.09.AKC.5066.6001.1.11325,SAM.09.AKC.5066.6001.1,PM2.5,http://dd.eionet.europa.eu/vocabulary/aq/pollutant/6001,hour,10.4820003500,µg/m3,2018-05-29 10:00:00 +01:00,2018-05-29 11:00:00 +01:00,1,1
AT,AT.0008.20.AQ,NET.09,STA.09.AKC,,SPO.09.AKC.5066.6001.1,SPP.09.AKC.5066.6001.1.11325,SAM.09.AKC.5066.6001.1,PM2.5,http://dd.eionet.europa.eu/vocabulary/aq/pollutant/6001,hour,11.1695003500,µg/m3,2018-05-29 11:00:00 +01:00,2018-05-29 12:00:00 +01:00,1,1
AT,AT.0008.20.AQ,NET.09,STA.09.AKC,,SPO.09.AKC.5066.6001.1,SPP.09.AKC.5066.6001.1.11325,SAM.09.AKC.5066.6001.1,PM2.5,http://dd.eionet.europa.eu/vocabulary/aq/pollutant/6001,hour,8.0443496700,µg/m3,2018-05-29 15:00:00 +01:00,2018-05-29 16:00:00 +01:00,1,1
AT,AT.0008.20.AQ,NET.09,STA.09.AKC,,SPO.09.AKC.5066.6001.1,SPP.09.AKC.5066.6001.1.11325,SAM.09.AKC.5066.6001.1,PM2.5,http://dd.eionet.europa.eu/vocabulary/aq/pollutant/6001,hour,7.6352500900,µg/m3,2018-05-29 16:00:00 +01:00,2018-05-29 17:00:00 +01:00,1,1
AT,AT.0008.20.AQ,NET.09,STA.09.AKC,,SPO.09.AKC.5066.6001.1,SPP.09.AKC.5066.6001.1.11325,SAM.09.AKC.5066.6001.1,PM2.5,http://dd.eionet.europa.eu/vocabulary/aq/pollutant/6001,hour,7.2457499500,µg/m3,2018-05-29 17:00:00 +01:00,2018-05-29 18:00:00 +01:00,1,1
AT,AT.0008.20.AQ,NET.09,STA.09.AKC,,SPO.09.AKC.5066.6001.1,SPP.09.AKC.5066.6001.1.11325,SAM.09.AKC.5066.6001.1,PM2.5,http://dd.eionet.europa.eu/vocabulary/aq/pollutant/6001,hour,7.2804002700,µg/m3,2018-05-29 18:00:00 +01:00,2018-05-29 19:00:00 +01:00,1,1
AT,AT.0008.20.AQ,NET.09,STA.09.AKC,,SPO.09.AKC.5066.6001.1,SPP.09.AKC.5066.6001.1.11325,SAM.09.AKC.5066.6001.1,PM2.5,http://dd.eionet.europa.eu/vocabulary/aq/pollutant/6001,hour,7.0690002400,µg/m3,2018-05-29 20:00:00 +01:00,2018-05-29 21:00:00 +01:00,1,1
AT,AT.0008.20.AQ,NET.09,STA.09.AKC,,SPO.09.AKC.5066.6001.1,SPP.09.AKC.5066.6001.1.11325,SAM.09.AKC.5066.6001.1,PM2.5,http://dd.eionet.europa.eu/vocabulary/aq/pollutant/6001,hour,7.0460996600,µg/m3,2018-05-29 21:00:00 +01:00,2018-05-29 22:00:00 +01:00,1,1
AT,AT.0008.20.AQ,NET.09,STA.09.AKC,,SPO.09.AKC.5066.6001.1,SPP.09.AKC.5066.6001.1.11325,SAM.09.AKC.5066.6001.1,PM2.5,http://dd.eionet.europa.eu/vocabulary/aq/pollutant/6001,hour,7.5650997100,µg/m3,2018-05-29 22:00:00 +01:00,2018-05-29 23:00:00 +01:00,1,1
AT,AT.0008.20.AQ,NET.09,STA.09.AKC,,SPO.09.AKC.5066.6001.1,SPP.09.AKC.5066.6001.1.11325,SAM.09.AKC.5066.6001.1,PM2.5,http://dd.eionet.europa.eu/vocabulary/aq/pollutant/6001,hour,8.2708501800,µg/m3,2018-05-29 23:00:00 +01:00,2018-05-30 00:00:00 +01:00,1,1
AT,AT.0008.20.AQ,NET.09,STA.09.AKC,,SPO.09.AKC.5066.6001.1,SPP.09.AKC.5066.6001.1.11325,SAM.09.AKC.5066.6001.1,PM2.5,http://dd.eionet.europa.eu/vocabulary/aq/pollutant/6001,hour,7.0405502300,µg/m3,2018-05-30 01:00:00 +01:00,2018-05-30 02:00:00 +01:00,1,1
AT,AT.0008.20.AQ,NET.09,STA.09.AKC,,SPO.09.AKC.5066.6001.1,SPP.09.AKC.5066.6001.1.11325,SAM.09.AKC.5066.6001.1,PM2.5,http://dd.eionet.europa.eu/vocabulary/aq/pollutant/6001,hour,7.4770498200,µg/m3,2018-05-30 02:00:00 +01:00,2018-05-30 03:00:00 +01:00,1,1
AT,AT.0008.20.AQ,NET.09,STA.09.AKC,,SPO.09.AKC.5066.6001.1,SPP.09.AKC.5066.6001.1.11325,SAM.09.AKC.5066.6001.1,PM2.5,http://dd.eionet.europa.eu/vocabulary/aq/pollutant/6001,hour,7.9537000600,µg/m3,2018-05-30 03:00:00 +01:00,2018-05-30 04:00:00 +01:00,1,1
AT,AT.0008.20.AQ,NET.09,STA.09.AKC,,SPO.09.AKC.5066.6001.1,SPP.09.AKC.5066.6001.1.11325,SAM.09.AKC.5066.6001.1,PM2.5,http://dd.eionet.europa.eu/vocabulary/aq/pollutant/6001,hour,8.7118492100,µg/m3,2018-05-30 04:00:00 +01:00,2018-05-30 05:00:00 +01:00,1,1
AT,AT.0008.20.AQ,NET.09,STA.09.AKC,,SPO.09.AKC.5066.6001.1,SPP.09.AKC.5066.6001.1.11325,SAM.09.AKC.5066.6001.1,PM2.5,http://dd.eionet.europa.eu/vocabulary/aq/pollutant/6001,hour,9.9699497200,µg/m3,2018-05-30 06:00:00 +01:00,2018-05-30 07:00:00 +01:00,1,1
AT,AT.0008.20.AQ,NET.09,STA.09.AKC,,SPO.09.AKC.5066.6001.1,SPP.09.AKC.5066.6001.1.11325,SAM.09.AKC.5066.6001.1,PM2.5,http://dd.eionet.europa.eu/vocabulary/aq/pollutant/6001,hour,8.4706497100,µg/m3,2018-05-30 07:00:00 +01:00,2018-05-30 08:00:00 +01:00,1,1
AT,AT.0008.20.AQ,NET.09,STA.09.AKC,,SPO.09.AKC.5066.6001.1,SPP.09.AKC.5066.6001.1.11325,SAM.09.AKC.5066.6001.1,PM2.5,http://dd.eionet.europa.eu/vocabulary/aq/pollutant/6001,hour,7.6366000100,µg/m3,2018-05-30 08:00:00 +01:00,2018-05-30 09:00:00 +01:00,1,1
AT,AT.0008.20.AQ,NET.09,STA.09.AKC,,SPO.09.AKC.5066.6001.1,SPP.09.AKC.5066.6001.1.11325,SAM.09.AKC.5066.6001.1,PM2.5,http://dd.eionet.europa.eu/vocabulary/aq/pollutant/6001,hour,9.5113506300,µg/m3,2018-05-30 10:00:00 +01:00,2018-05-30 11:00:00 +01:00,1,1
AT,AT.0008.20.AQ,NET.09,STA.09.AKC,,SPO.09.AKC.5066.6001.1,SPP.09.AKC.5066.6001.1.11325,SAM.09.AKC.5066.6001.1,PM2.5,http://dd.eionet.europa.eu/vocabulary/aq/pollutant/6001,hour,6.6442999800,µg/m3,2018-05-30 14:00:00 +01:00,2018-05-30 15:00:00 +01:00,1,1
AT,AT.0008.20.AQ,NET.09,STA.09.AKC,,SPO.09.AKC.5066.6001.1,SPP.09.AKC.5066.6001.1.11325,SAM.09.AKC.5066.6001.1,PM2.5,http://dd.eionet.europa.eu/vocabulary/aq/pollutant/6001,hour,8.2013998000,µg/m3,2018-05-30 16:00:00 +01:00,2018-05-30 17:00:00 +01:00,1,1
AT,AT.0008.20.AQ,NET.09,STA.09.AKC,,SPO.09.AKC.5066.6001.1,SPP.09.AKC.5066.6001.1.11325,SAM.09.AKC.5066.6001.1,PM2.5,http://dd.eionet.europa.eu/vocabulary/aq/pollutant/6001,hour,8.3922500600,µg/m3,2018-05-30 17:00:00 +01:00,2018-05-30 18:00:00 +01:00,1,1
AT,AT.0008.20.AQ,NET.09,STA.09.AKC,,SPO.09.AKC.5066.6001.1,SPP.09.AKC.5066.6001.1.11325,SAM.09.AKC.5066.6001.1,PM2.5,http://dd.eionet.europa.eu/vocabulary/aq/pollutant/6001,hour,8.2637996600,µg/m3,2018-05-30 18:00:00 +01:00,2018-05-30 19:00:00 +01:00,1,1
AT,AT.0008.20.AQ,NET.09,STA.09.AKC,,SPO.09.AKC.5066.6001.1,SPP.09.AKC.5066.6001.1.11325,SAM.09.AKC.5066.6001.1,PM2.5,http://dd.eionet.europa.eu/vocabulary/aq/pollutant/6001,hour,7.8729496000,µg/m3,2018-05-30 19:00:00 +01:00,2018-05-30 20:00:00 +01:00,1,1
AT,AT.0008.20.AQ,NET.09,STA.09.AKC,,SPO.09.AKC.5066.6001.1,SPP.09.AKC.5066.6001.1.11325,SAM.09.AKC.5066.6001.1,PM2.5,http://dd.eionet.europa.eu/vocabulary/aq/pollutant/6001,hour,8.4230499200,µg/m3,2018-05-30 20:00:00 +01:00,2018-05-30 21:00:00 +01:00,1,1
AT,AT.0008.20.AQ,NET.09,STA.09.AKC,,SPO.09.AKC.5066.6001.1,SPP.09.AKC.5066.6001.1.11325,SAM.09.AKC.5066.6001.1,PM2.5,http://dd.eionet.europa.eu/vocabulary/aq/pollutant/6001,hour,8.9664497300,µg/m3,2018-05-30 21:00:00 +01:00,2018-05-30 22:00:00 +01:00,1,1
AT,AT.0008.20.AQ,NET.09,STA.09.AKC,,SPO.09.AKC.5066.6001.1,SPP.09.AKC.5066.6001.1.11325,SAM.09.AKC.5066.6001.1,PM2.5,http://dd.eionet.europa.eu/vocabulary/aq/pollutant/6001,hour,8.9193000700,µg/m3,2018-05-30 23:00:00 +01:00,2018-05-31 00:00:00 +01:00,1,1
AT,AT.0008.20.AQ,NET.09,STA.09.AKC,,SPO.09.AKC.5066.6001.1,SPP.09.AKC.5066.6001.1.11325,SAM.09.AKC.5066.6001.1,PM2.5,http://dd.eionet.europa.eu/vocabulary/aq/pollutant/6001,hour,9.1849498700,µg/m3,2018-05-31 01:00:00 +01:00,2018-05-31 02:00:00 +01:00,1,1
AT,AT.0008.20.AQ,NET.09,STA.09.AKC,,SPO.09.AKC.5066.6001.1,SPP.09.AKC.5066.6001.1.11325,SAM.09.AKC.5066.6001.1,PM2.5,http://dd.eionet.europa.eu/vocabulary/aq/pollutant/6001,hour,9.0103492700,µg/m3,2018-05-31 02:00:00 +01:00,2018-05-31 03:00:00 +01:00,1,1
AT,AT.0008.20.AQ,NET.09,STA.09.AKC,,SPO.09.AKC.5066.6001.1,SPP.09.AKC.5066.6001.1.11325,SAM.09.AKC.5066.6001.1,PM2.5,http://dd.eionet.europa.eu/vocabulary/aq/pollutant/6001,hour,8.8470497100,µg/m3,2018-05-31 03:00:00 +01:00,2018-05-31 04:00:00 +01:00,1,1
AT,AT.0008.20.AQ,NET.09,STA.09.AKC,,SPO.09.AKC.5066.6001.1,SPP.09.AKC.5066.6001.1.11325,SAM.09.AKC.5066.6001.1,PM2.5,http://dd.eionet.europa.eu/vocabulary/aq/pollutant/6001,hour,8.9617004300,µg/m3,2018-05-31 04:00:00 +01:00,2018-05-31 05:00:00 +01:00,1,1
AT,AT.0008.20.AQ,NET.09,STA.09.AKC,,SPO.09.AKC.5066.6001.1,SPP.09.AKC.5066.6001.1.11325,SAM.09.AKC.5066.6001.1,PM2.5,http://dd.eionet.europa.eu/vocabulary/aq/pollutant/6001,hour,9.8309993700,µg/m3,2018-05-31 05:00:00 +01:00,2018-05-31 06:00:00 +01:00,1,1
AT,AT.0008.20.AQ,NET.09,STA.09.AKC,,SPO.09.AKC.5066.6001.1,SPP.09.AKC.5066.6001.1.11325,SAM.09.AKC.5066.6001.1,PM2.5,http://dd.eionet.europa.eu/vocabulary/aq/pollutant/6001,hour,11.1704998000,µg/m3,2018-05-31 06:00:00 +01:00,2018-05-31 07:00:00 +01:00,1,1
AT,AT.0008.20.AQ,NET.09,STA.09.AKC,,SPO.09.AKC.5066.6001.1,SPP.09.AKC.5066.6001.1.11325,SAM.09.AKC.5066.6001.1,PM2.5,http://dd.eionet.europa.eu/vocabulary/aq/pollutant/6001,hour,11.4960002800,µg/m3,2018-05-31 07:00:00 +01:00,2018-05-31 08:00:00 +01:00,1,1
AT,AT.0008.20.AQ,NET.09,STA.09.AKC,,SPO.09.AKC.5066.6001.1,SPP.09.AKC.5066.6001.1.11325,SAM.09.AKC.5066.6001.1,PM2.5,http://dd.eionet.europa.eu/vocabulary/aq/pollutant/6001,hour,8.7703495000,µg/m3,2018-05-31 08:00:00 +01:00,2018-05-31 09:00:00 +01:00,1,1
AT,AT.0008.20.AQ,NET.09,STA.09.AKC,,SPO.09.AKC.5066.6001.1,SPP.09.AKC.5066.6001.1.11325,SAM.09.AKC.5066.6001.1,PM2.5,http://dd.eionet.europa.eu/vocabulary/aq/pollutant/6001,hour,7.4164500200,µg/m3,2018-05-31 12:00:00 +01:00,2018-05-31 13:00:00 +01:00,1,1
AT,AT.0008.20.AQ,NET.09,STA.09.AKC,,SPO.09.AKC.5066.6001.1,SPP.09.AKC.5066.6001.1.11325,SAM.09.AKC.5066.6001.1,PM2.5,http://dd.eionet.europa.eu/vocabulary/aq/pollutant/6001,hour,8.3247499400,µg/m3,2018-05-31 13:00:00 +01:00,2018-05-31 14:00:00 +01:00,1,1
AT,AT.0008.20.AQ,NET.09,STA.09.AKC,,SPO.09.AKC.5066.6001.1,SPP.09.AKC.5066.6001.1.11325,SAM.09.AKC.5066.6001.1,PM2.5,http://dd.eionet.europa.eu/vocabulary/aq/pollutant/6001,hour,8.7963504700,µg/m3,2018-05-31 14:00:00 +01:00,2018-05-31 15:00:00 +01:00,1,1
AT,AT.0008.20.AQ,NET.09,STA.09.AKC,,SPO.09.AKC.5066.6001.1,SPP.09.AKC.5066.6001.1.11325,SAM.09.AKC.5066.6001.1,PM2.5,http://dd.eionet.europa.eu/vocabulary/aq/pollutant/6001,hour,10.0297498700,µg/m3,2018-05-31 18:00:00 +01:00,2018-05-31 19:00:00 +01:00,1,1
AT,AT.0008.20.AQ,NET.09,STA.09.AKC,,SPO.09.AKC.5066.6001.1,SPP.09.AKC.5066.6001.1.11325,SAM.09.AKC.5066.6001.1,PM2.5,http://dd.eionet.europa.eu/vocabulary/aq/pollutant/6001,hour,10.7059993700,µg/m3,2018-05-31 19:00:00 +01:00,2018-05-31 20:00:00 +01:00,1,1
AT,AT.0008.20.AQ,NET.09,STA.09.AKC,,SPO.09.AKC.5066.6001.1,SPP.09.AKC.5066.6001.1.11325,SAM.09.AKC.5066.6001.1,PM2.5,http://dd.eionet.europa.eu/vocabulary/aq/pollutant/6001,hour,11.0664997100,µg/m3,2018-05-31 21:00:00 +01:00,2018-05-31 22:00:00 +01:00,1,1
AT,AT.0008.20.AQ,NET.09,STA.09.AKC,,SPO.09.AKC.5066.6001.1,SPP.09.AKC.5066.6001.1.11325,SAM.09.AKC.5066.6001.1,PM2.5,http://dd.eionet.europa.eu/vocabulary/aq/pollutant/6001,hour,11.5480003300,µg/m3,2018-05-31 22:00:00 +01:00,2018-05-31 23:00:00 +01:00,1,1
AT,AT.0008.20.AQ,NET.09,STA.09.AKC,,SPO.09.AKC.5066.6001.1,SPP.09.AKC.5066.6001.1.11325,SAM.09.AKC.5066.6001.1,PM2.5,http://dd.eionet.europa.eu/vocabulary/aq/pollutant/6001,hour,10.5369997000,µg/m3,2018-05-31 23:00:00 +01:00,2018-06-01 00:00:00 +01:00,1,1
AT,AT.0008.20.AQ,NET.09,STA.09.AKC,,SPO.09.AKC.5066.6001.1,SPP.09.AKC.5066.6001.1.11325,SAM.09.AKC.5066.6001.1,PM2.5,http://dd.eionet.europa.eu/vocabulary/aq/pollutant/6001,hour,12.4335002800,µg/m3,2018-06-01 00:00:00 +01:00,2018-06-01 01:00:00 +01:00,1,1
AT,AT.0008.20.AQ,NET.09,STA.09.AKC,,SPO.09.AKC.5066.6001.1,SPP.09.AKC.5066.6001.1.11325,SAM.09.AKC.5066.6001.1,PM2.5,http://dd.eionet.europa.eu/vocabulary/aq/pollutant/6001,hour,13.8435001300,µg/m3,2018-06-01 01:00:00 +01:00,2018-06-01 02:00:00 +01:00,1,1
AT,AT.0008.20.AQ,NET.09,STA.09.AKC,,SPO.09.AKC.5066.6001.1,SPP.09.AKC.5066.6001.1.11325,SAM.09.AKC.5066.6001.1,PM2.5,http://dd.eionet.europa.eu/vocabulary/aq/pollutant/6001,hour,13.1750001900,µg/m3,2018-06-01 02:00:00 +01:00,2018-06-01 03:00:00 +01:00,1,1
AT,AT.0008.20.AQ,NET.09,STA.09.AKC,,SPO.09.AKC.5066.6001.1,SPP.09.AKC.5066.6001.1.11325,SAM.09.AKC.5066.6001.1,PM2.5,http://dd.eionet.europa.eu/vocabulary/aq/pollutant/6001,hour,13.8024997700,µg/m3,2018-06-01 03:00:00 +01:00,2018-06-01 04:00:00 +01:00,1,1
AT,AT.0008.20.AQ,NET.09,STA.09.AKC,,SPO.09.AKC.5066.6001.1,SPP.09.AKC.5066.6001.1.11325,SAM.09.AKC.5066.6001.1,PM2.5,http://dd.eionet.europa.eu/vocabulary/aq/pollutant/6001,hour,14.8404998700,µg/m3,2018-06-01 04:00:00 +01:00,2018-06-01 05:00:00 +01:00,1,1
AT,AT.0008.20.AQ,NET.09,STA.09.AKC,,SPO.09.AKC.5066.6001.1,SPP.09.AKC.5066.6001.1.11325,SAM.09.AKC.5066.6001.1,PM2.5,http://dd.eionet.europa.eu/vocabulary/aq/pollutant/6001,hour,12.9799995400,µg/m3,2018-06-01 05:00:00 +01:00,2018-06-01 06:00:00 +01:00,1,1
AT,AT.0008.20.AQ,NET.09,STA.09.AKC,,SPO.09.AKC.5066.6001.1,SPP.09.AKC.5066.6001.1.11325,SAM.09.AKC.5066.6001.1,PM2.5,http://dd.eionet.europa.eu/vocabulary/aq/pollutant/6001,hour,14.5879993400,µg/m3,2018-06-01 07:00:00 +01:00,2018-06-01 08:00:00 +01:00,1,1
AT,AT.0008.20.AQ,NET.09,STA.09.AKC,,SPO.09.AKC.5066.6001.1,SPP.09.AKC.5066.6001.1.11325,SAM.09.AKC.5066.6001.1,PM2.5,http://dd.eionet.europa.eu/vocabulary/aq/pollutant/6001,hour,9.5350999800,µg/m3,2018-06-01 09:00:00 +01:00,2018-06-01 10:00:00 +01:00,1,1
AT,AT.0008.20.AQ,NET.09,STA.09.AKC,,SPO.09.AKC.5066.6001.1,SPP.09.AKC.5066.6001.1.11325,SAM.09.AKC.5066.6001.1,PM2.5,http://dd.eionet.europa.eu/vocabulary/aq/pollutant/6001,hour,9.0255002900,µg/m3,2018-06-01 10:00:00 +01:00,2018-06-01 11:00:00 +01:00,1,1
AT,AT.0008.20.AQ,NET.09,STA.09.AKC,,SPO.09.AKC.5066.6001.1,SPP.09.AKC.5066.6001.1.11325,SAM.09.AKC.5066.6001.1,PM2.5,http://dd.eionet.europa.eu/vocabulary/aq/pollutant/6001,hour,9.2222995700,µg/m3,2018-06-01 11:00:00 +01:00,2018-06-01 12:00:00 +01:00,1,1
AT,AT.0008.20.AQ,NET.09,STA.09.AKC,,SPO.09.AKC.5066.6001.1,SPP.09.AKC.5066.6001.1.11325,SAM.09.AKC.5066.6001.1,PM2.5,http://dd.eionet.europa.eu/vocabulary/aq/pollutant/6001,hour,8.5818004600,µg/m3,2018-06-01 12:00:00 +01:00,2018-06-01 13:00:00 +01:00,1,1
AT,AT.0008.20.AQ,NET.09,STA.09.AKC,,SPO.09.AKC.5066.6001.1,SPP.09.AKC.5066.6001.1.11325,SAM.09.AKC.5066.6001.1,PM2.5,http://dd.eionet.europa.eu/vocabulary/aq/pollutant/6001,hour,8.3463001200,µg/m3,2018-06-01 13:00:00 +01:00,2018-06-01 14:00:00 +01:00,1,1
AT,AT.0008.20.AQ,NET.09,STA.09.AKC,,SPO.09.AKC.5066.6001.1,SPP.09.AKC.5066.6001.1.11325,SAM.09.AKC.5066.6001.1,PM2.5,http://dd.eionet.europa.eu/vocabulary/aq/pollutant/6001,hour,8.5862007100,µg/m3,2018-06-01 14:00:00 +01:00,2018-06-01 15:00:00 +01:00,1,1
AT,AT.0008.20.AQ,NET.09,STA.09.AKC,,SPO.09.AKC.5066.6001.1,SPP.09.AKC.5066.6001.1.11325,SAM.09.AKC.5066.6001.1,PM2.5,http://dd.eionet.europa.eu/vocabulary/aq/pollutant/6001,hour,8.4847497900,µg/m3,2018-06-01 18:00:00 +01:00,2018-06-01 19:00:00 +01:00,1,1
AT,AT.0008.20.AQ,NET.09,STA.09.AKC,,SPO.09.AKC.5066.6001.1,SPP.09.AKC.5066.6001.1.11325,SAM.09.AKC.5066.6001.1,PM2.5,http://dd.eionet.europa.eu/vocabulary/aq/pollutant/6001,hour,7.7371001200,µg/m3,2018-06-01 19:00:00 +01:00,2018-06-01 20:00:00 +01:00,1,1
AT,AT.0008.20.AQ,NET.09,STA.09.AKC,,SPO.09.AKC.5066.6001.1,SPP.09.AKC.5066.6001.1.11325,SAM.09.AKC.5066.6001.1,PM2.5,http://dd.eionet.europa.eu/vocabulary/aq/pollutant/6001,hour,7.9914999000,µg/m3,2018-06-01 20:00:00 +01:00,2018-06-01 21:00:00 +01:00,1,1
AT,AT.0008.20.AQ,NET.09,STA.09.AKC,,SPO.09.AKC.5066.6001.1,SPP.09.AKC.5066.6001.1.11325,SAM.09.AKC.5066.6001.1,PM2.5,http://dd.eionet.europa.eu/vocabulary/aq/pollutant/6001,hour,8.9316005700,µg/m3,2018-06-01 21:00:00 +01:00,2018-06-01 22:00:00 +01:00,1,1
AT,AT.0008.20.AQ,NET.09,STA.09.AKC,,SPO.09.AKC.5066.6001.1,SPP.09.AKC.5066.6001.1.11325,SAM.09.AKC.5066.6001.1,PM2.5,http://dd.eionet.europa.eu/vocabulary/aq/pollutant/6001,hour,11.1210002800,µg/m3,2018-06-02 00:00:00 +01:00,2018-06-02 01:00:00 +01:00,1,1
AT,AT.0008.20.AQ,NET.09,STA.09.AKC,,SPO.09.AKC.5066.6001.1,SPP.09.AKC.5066.6001.1.11325,SAM.09.AKC.5066.6001.1,PM2.5,http://dd.eionet.europa.eu/vocabulary/aq/pollutant/6001,hour,10.5429992600,µg/m3,2018-06-02 01:00:00 +01:00,2018-06-02 02:00:00 +01:00,1,1
AT,AT.0008.20.AQ,NET.09,STA.09.AKC,,SPO.09.AKC.5066.6001.1,SPP.09.AKC.5066.6001.1.11325,SAM.09.AKC.5066.6001.1,PM2.5,http://dd.eionet.europa.eu/vocabulary/aq/pollutant/6001,hour,10.1730995100,µg/m3,2018-06-02 02:00:00 +01:00,2018-06-02 03:00:00 +01:00,1,1
AT,AT.0008.20.AQ,NET.09,STA.09.AKC,,SPO.09.AKC.5066.6001.1,SPP.09.AKC.5066.6001.1.11325,SAM.09.AKC.5066.6001.1,PM2.5,http://dd.eionet.europa.eu/vocabulary/aq/pollutant/6001,hour,8.9106006600,µg/m3,2018-06-02 03:00:00 +01:00,2018-06-02 04:00:00 +01:00,1,1
AT,AT.0008.20.AQ,NET.09,STA.09.AKC,,SPO.09.AKC.5066.6001.1,SPP.09.AKC.5066.6001.1.11325,SAM.09.AKC.5066.6001.1,PM2.5,http://dd.eionet.europa.eu/vocabulary/aq/pollutant/6001,hour,4.8001999800,µg/m3,2018-06-02 06:00:00 +01:00,2018-06-02 07:00:00 +01:00,1,1
AT,AT.0008.20.AQ,NET.09,STA.09.AKC,,SPO.09.AKC.5066.6001.1,SPP.09.AKC.5066.6001.1.11325,SAM.09.AKC.5066.6001.1,PM2.5,http://dd.eionet.europa.eu/vocabulary/aq/pollutant/6001,hour,4.8613500500,µg/m3,2018-06-02 09:00:00 +01:00,2018-06-02 10:00:00 +01:00,1,1
AT,AT.0008.20.AQ,NET.09,STA.09.AKC,,SPO.09.AKC.5066.6001.1,SPP.09.AKC.5066.6001.1.11325,SAM.09.AKC.5066.6001.1,PM2.5,http://dd.eionet.europa.eu/vocabulary/aq/pollutant/6001,hour,5.1035995400,µg/m3,2018-06-02 10:00:00 +01:00,2018-06-02 11:00:00 +01:00,1,1
AT,AT.0008.20.AQ,NET.09,STA.09.AKC,,SPO.09.AKC.5066.6001.1,SPP.09.AKC.5066.6001.1.11325,SAM.09.AKC.5066.6001.1,PM2.5,http://dd.eionet.europa.eu/vocabulary/aq/pollutant/6001,hour,4.2911500900,µg/m3,2018-06-02 11:00:00 +01:00,2018-06-02 12:00:00 +01:00,1,1
AT,AT.0008.20.AQ,NET.09,STA.09.AKC,,SPO.09.AKC.5066.6001.1,SPP.09.AKC.5066.6001.1.11325,SAM.09.AKC.5066.6001.1,PM2.5,http://dd.eionet.europa.eu/vocabulary/aq/pollutant/6001,hour,5.8343501000,µg/m3,2018-06-02 12:00:00 +01:00,2018-06-02 13:00:00 +01:00,1,1
AT,AT.0008.20.AQ,NET.09,STA.09.AKC,,SPO.09.AKC.5066.6001.1,SPP.09.AKC.5066.6001.1.11325,SAM.09.AKC.5066.6001.1,PM2.5,http://dd.eionet.europa.eu/vocabulary/aq/pollutant/6001,hour,7.2927999400,µg/m3,2018-06-02 13:00:00 +01:00,2018-06-02 14:00:00 +01:00,1,1
AT,AT.0008.20.AQ,NET.09,STA.09.AKC,,SPO.09.AKC.5066.6001.1,SPP.09.AKC.5066.6001.1.11325,SAM.09.AKC.5066.6001.1,PM2.5,http://dd.eionet.europa.eu/vocabulary/aq/pollutant/6001,hour,6.4063000600,µg/m3,2018-06-02 16:00:00 +01:00,2018-06-02 17:00:00 +01:00,1,1
AT,AT.0008.20.AQ,NET.09,STA.09.AKC,,SPO.09.AKC.5066.6001.1,SPP.09.AKC.5066.6001.1.11325,SAM.09.AKC.5066.6001.1,PM2.5,http://dd.eionet.europa.eu/vocabulary/aq/pollutant/6001,hour,5.9773001600,µg/m3,2018-06-02 17:00:00 +01:00,2018-06-02 18:00:00 +01:00,1,1
AT,AT.0008.20.AQ,NET.09,STA.09.AKC,,SPO.09.AKC.5066.6001.1,SPP.09.AKC.5066.6001.1.11325,SAM.09.AKC.5066.6001.1,PM2.5,http://dd.eionet.europa.eu/vocabulary/aq/pollutant/6001,hour,5.5830001800,µg/m3,2018-06-02 18:00:00 +01:00,2018-06-02 19:00:00 +01:00,1,1
AT,AT.0008.20.AQ,NET.09,STA.09.AKC,,SPO.09.AKC.5066.6001.1,SPP.09.AKC.5066.6001.1.11325,SAM.09.AKC.5066.6001.1,PM2.5,http://dd.eionet.europa.eu/vocabulary/aq/pollutant/6001,hour,5.1176500300,µg/m3,2018-06-02 20:00:00 +01:00,2018-06-02 21:00:00 +01:00,1,1
AT,AT.0008.20.AQ,NET.09,STA.09.AKC,,SPO.09.AKC.5066.6001.1,SPP.09.AKC.5066.6001.1.11325,SAM.09.AKC.5066.6001.1,PM2.5,http://dd.eionet.europa.eu/vocabulary/aq/pollutant/6001,hour,3.6595499500,µg/m3,2018-06-02 21:00:00 +01:00,2018-06-02 22:00:00 +01:00,1,1
AT,AT.0008.20.AQ,NET.09,STA.09.AKC,,SPO.09.AKC.5066.6001.1,SPP.09.AKC.5066.6001.1.11325,SAM.09.AKC.5066.6001.1,PM2.5,http://dd.eionet.europa.eu/vocabulary/aq/pollutant/6001,hour,4.0810003200,µg/m3,2018-06-02 23:00:00 +01:00,2018-06-03 00:00:00 +01:00,1,1
AT,AT.0008.20.AQ,NET.09,STA.09.AKC,,SPO.09.AKC.5066.6001.1,SPP.09.AKC.5066.6001.1.11325,SAM.09.AKC.5066.6001.1,PM2.5,http://dd.eionet.europa.eu/vocabulary/aq/pollutant/6001,hour,4.2607498100,µg/m3,2018-06-03 00:00:00 +01:00,2018-06-03 01:00:00 +01:00,1,1
AT,AT.0008.20.AQ,NET.09,STA.09.AKC,,SPO.09.AKC.5066.6001.1,SPP.09.AKC.5066.6001.1.11325,SAM.09.AKC.5066.6001.1,PM2.5,http://dd.eionet.europa.eu/vocabulary/aq/pollutant/6001,hour,4.4015998800,µg/m3,2018-06-03 01:00:00 +01:00,2018-06-03 02:00:00 +01:00,1,1
AT,AT.0008.20.AQ,NET.09,STA.09.AKC,,SPO.09.AKC.5066.6001.1,SPP.09.AKC.5066.6001.1.11325,SAM.09.AKC.5066.6001.1,PM2.5,http://dd.eionet.europa.eu/vocabulary/aq/pollutant/6001,hour,4.0742998100,µg/m3,2018-06-03 02:00:00 +01:00,2018-06-03 03:00:00 +01:00,1,1
AT,AT.0008.20.AQ,NET.09,STA.09.AKC,,SPO.09.AKC.5066.6001.1,SPP.09.AKC.5066.6001.1.11325,SAM.09.AKC.5066.6001.1,PM2.5,http://dd.eionet.europa.eu/vocabulary/aq/pollutant/6001,hour,4.4237999900,µg/m3,2018-06-03 03:00:00 +01:00,2018-06-03 04:00:00 +01:00,1,1
AT,AT.0008.20.AQ,NET.09,STA.09.AKC,,SPO.09.AKC.5066.6001.1,SPP.09.AKC.5066.6001.1.11325,SAM.09.AKC.5066.6001.1,PM2.5,http://dd.eionet.europa.eu/vocabulary/aq/pollutant/6001,hour,6.0670499800,µg/m3,2018-06-03 05:00:00 +01:00,2018-06-03 06:00:00 +01:00,1,1
AT,AT.0008.20.AQ,NET.09,STA.09.AKC,,SPO.09.AKC.5066.6001.1,SPP.09.AKC.5066.6001.1.11325,SAM.09.AKC.5066.6001.1,PM2.5,http://dd.eionet.europa.eu/vocabulary/aq/pollutant/6001,hour,7.3169498400,µg/m3,2018-06-03 06:00:00 +01:00,2018-06-03 07:00:00 +01:00,1,1
AT,AT.0008.20.AQ,NET.09,STA.09.AKC,,SPO.09.AKC.5066.6001.1,SPP.09.AKC.5066.6001.1.11325,SAM.09.AKC.5066.6001.1,PM2.5,http://dd.eionet.europa.eu/vocabulary/aq/pollutant/6001,hour,6.4671001400,µg/m3,2018-06-03 08:00:00 +01:00,2018-06-03 09:00:00 +01:00,1,1
AT,AT.0008.20.AQ,NET.09,STA.09.AKC,,SPO.09.AKC.5066.6001.1,SPP.09.AKC.5066.6001.1.11325,SAM.09.AKC.5066.6001.1,PM2.5,http://dd.eionet.europa.eu/vocabulary/aq/pollutant/6001,hour,5.8987998900,µg/m3,2018-06-03 10:00:00 +01:00,2018-06-03 11:00:00 +01:00,1,1
AT,AT.0008.20.AQ,NET.09,STA.09.AKC,,SPO.09.AKC.5066.6001.1,SPP.09.AKC.5066.6001.1.11325,SAM.09.AKC.5066.6001.1,PM2.5,http://dd.eionet.europa.eu/vocabulary/aq/pollutant/6001,hour,5.3522500900,µg/m3,2018-06-03 16:00:00 +01:00,2018-06-03 17:00:00 +01:00,1,1
AT,AT.0008.20.AQ,NET.09,STA.09.AKC,,SPO.09.AKC.5066.6001.1,SPP.09.AKC.5066.6001.1.11325,SAM.09.AKC.5066.6001.1,PM2.5,http://dd.eionet.europa.eu/vocabulary/aq/pollutant/6001,hour,5.9590501700,µg/m3,2018-06-03 17:00:00 +01:00,2018-06-03 18:00:00 +01:00,1,1
AT,AT.0008.20.AQ,NET.09,STA.09.AKC,,SPO.09.AKC.5066.6001.1,SPP.09.AKC.5066.6001.1.11325,SAM.09.AKC.5066.6001.1,PM2.5,http://dd.eionet.europa.eu/vocabulary/aq/pollutant/6001,hour,6.0222501700,µg/m3,2018-06-03 20:00:00 +01:00,2018-06-03 21:00:00 +01:00,1,1
AT,AT.0008.20.AQ,NET.09,STA.09.AKC,,SPO.09.AKC.5066.6001.1,SPP.09.AKC.5066.6001.1.11325,SAM.09.AKC.5066.6001.1,PM2.5,http://dd.eionet.europa.eu/vocabulary/aq/pollutant/6001,hour,8.0330505300,µg/m3,2018-06-03 22:00:00 +01:00,2018-06-03 23:00:00 +01:00,1,1
AT,AT.0008.20.AQ,NET.09,STA.09.AKC,,SPO.09.AKC.5066.6001.1,SPP.09.AKC.5066.6001.1.11325,SAM.09.AKC.5066.6001.1,PM2.5,http://dd.eionet.europa.eu/vocabulary/aq/pollutant/6001,hour,7.9707994400,µg/m3,2018-06-03 23:00:00 +01:00,2018-06-04 00:00:00 +01:00,1,1
AT,AT.0008.20.AQ,NET.09,STA.09.AKC,,SPO.09.AKC.5066.6001.1,SPP.09.AKC.5066.6001.1.11325,SAM.09.AKC.5066.6001.1,PM2.5,http://dd.eionet.europa.eu/vocabulary/aq/pollutant/6001,hour,8.5347499800,µg/m3,2018-06-04 00:00:00 +01:00,2018-06-04 01:00:00 +01:00,1,1
AT,AT.0008.20.AQ,NET.09,STA.09.AKC,,SPO.09.AKC.5066.6001.1,SPP.09.AKC.5066.6001.1.11325,SAM.09.AKC.5066.6001.1,PM2.5,http://dd.eionet.europa.eu/vocabulary/aq/pollutant/6001,hour,9.3485498400,µg/m3,2018-06-04 01:00:00 +01:00,2018-06-04 02:00:00 +01:00,1,1
AT,AT.0008.20.AQ,NET.09,STA.09.AKC,,SPO.09.AKC.5066.6001.1,SPP.09.AKC.5066.6001.1.11325,SAM.09.AKC.5066.6001.1,PM2.5,http://dd.eionet.europa.eu/vocabulary/aq/pollutant/6001,hour,10.0569000200,µg/m3,2018-06-04 03:00:00 +01:00,2018-06-04 04:00:00 +01:00,1,1
AT,AT.0008.20.AQ,NET.09,STA.09.AKC,,SPO.09.AKC.5066.6001.1,SPP.09.AKC.5066.6001.1.11325,SAM.09.AKC.5066.6001.1,PM2.5,http://dd.eionet.europa.eu/vocabulary/aq/pollutant/6001,hour,10.9479999500,µg/m3,2018-06-04 04:00:00 +01:00,2018-06-04 05:00:00 +01:00,1,1
AT,AT.0008.20.AQ,NET.09,STA.09.AKC,,SPO.09.AKC.5066.6001.1,SPP.09.AKC.5066.6001.1.11325,SAM.09.AKC.5066.6001.1,PM2.5,http://dd.eionet.europa.eu/vocabulary/aq/pollutant/6001,hour,11.5174999200,µg/m3,2018-06-04 05:00:00 +01:00,2018-06-04 06:00:00 +01:00,1,1
AT,AT.0008.20.AQ,NET.09,STA.09.AKC,,SPO.09.AKC.5066.6001.1,SPP.09.AKC.5066.6001.1.11325,SAM.09.AKC.5066.6001.1,PM2.5,http://dd.eionet.europa.eu/vocabulary/aq/pollutant/6001,hour,10.9324998800,µg/m3,2018-06-04 08:00:00 +01:00,2018-06-04 09:00:00 +01:00,1,1
AT,AT.0008.20.AQ,NET.09,STA.09.AKC,,SPO.09.AKC.5066.6001.1,SPP.09.AKC.5066.6001.1.11325,SAM.09.AKC.5066.6001.1,PM2.5,http://dd.eionet.europa.eu/vocabulary/aq/pollutant/6001,hour,9.0151500700,µg/m3,2018-06-04 09:00:00 +01:00,2018-06-04 10:00:00 +01:00,1,1
AT,AT.0008.20.AQ,NET.09,STA.09.AKC,,SPO.09.AKC.5066.6001.1,SPP.09.AKC.5066.6001.1.11325,SAM.09.AKC.5066.6001.1,PM2.5,http://dd.eionet.europa.eu/vocabulary/aq/pollutant/6001,hour,7.8817996900,µg/m3,2018-06-04 15:00:00 +01:00,2018-06-04 16:00:00 +01:00,1,1
AT,AT.0008.20.AQ,NET.09,STA.09.AKC,,SPO.09.AKC.5066.6001.1,SPP.09.AKC.5066.6001.1.11325,SAM.09.AKC.5066.6001.1,PM2.5,http://dd.eionet.europa.eu/vocabulary/aq/pollutant/6001,hour,6.8466000500,µg/m3,2018-06-04 18:00:00 +01:00,2018-06-04 19:00:00 +01:00,1,1
AT,AT.0008.20.AQ,NET.09,STA.09.AKC,,SPO.09.AKC.5066.6001.1,SPP.09.AKC.5066.6001.1.11325,SAM.09.AKC.5066.6001.1,PM2.5,http://dd.eionet.europa.eu/vocabulary/aq/pollutant/6001,hour,7.7145500100,µg/m3,2018-06-04 19:00:00 +01:00,2018-06-04 20:00:00 +01:00,1,1
AT,AT.0008.20.AQ,NET.09,STA.09.AKC,,SPO.09.AKC.5066.6001.1,SPP.09.AKC.5066.6001.1.11325,SAM.09.AKC.5066.6001.1,PM2.5,http://dd.eionet.europa.eu/vocabulary/aq/pollutant/6001,hour,9.2728500300,µg/m3,2018-06-04 20:00:00 +01:00,2018-06-04 21:00:00 +01:00,1,1
AT,AT.0008.20.AQ,NET.09,STA.09.AKC,,SPO.09.AKC.5066.6001.1,SPP.09.AKC.5066.6001.1.11325,SAM.09.AKC.5066.6001.1,PM2.5,http://dd.eionet.europa.eu/vocabulary/aq/pollutant/6001,hour,10.0186004600,µg/m3,2018-06-04 21:00:00 +01:00,2018-06-04 22:00:00 +01:00,1,1
AT,AT.0008.20.AQ,NET.09,STA.09.AKC,,SPO.09.AKC.5066.6001.1,SPP.09.AKC.5066.6001.1.11325,SAM.09.AKC.5066.6001.1,PM2.5,http://dd.eionet.europa.eu/vocabulary/aq/pollutant/6001,hour,10.9344997400,µg/m3,2018-06-04 22:00:00 +01:00,2018-06-04 23:00:00 +01:00,1,1
AT,AT.0008.20.AQ,NET.09,STA.09.AKC,,SPO.09.AKC.5066.6001.1,SPP.09.AKC.5066.6001.1.11325,SAM.09.AKC.5066.6001.1,PM2.5,http://dd.eionet.europa.eu/vocabulary/aq/pollutant/6001,hour,11.6604995700,µg/m3,2018-06-04 23:00:00 +01:00,2018-06-05 00:00:00 +01:00,1,1
AT,AT.0008.20.AQ,NET.09,STA.09.AKC,,SPO.09.AKC.5066.6001.1,SPP.09.AKC.5066.6001.1.11325,SAM.09.AKC.5066.6001.1,PM2.5,http://dd.eionet.europa.eu/vocabulary/aq/pollutant/6001,hour,10.7875003800,µg/m3,2018-06-05 01:00:00 +01:00,2018-06-05 02:00:00 +01:00,1,1
AT,AT.0008.20.AQ,NET.09,STA.09.AKC,,SPO.09.AKC.5066.6001.1,SPP.09.AKC.5066.6001.1.11325,SAM.09.AKC.5066.6001.1,PM2.5,http://dd.eionet.europa.eu/vocabulary/aq/pollutant/6001,hour,10.8945007300,µg/m3,2018-06-05 03:00:00 +01:00,2018-06-05 04:00:00 +01:00,1,1
AT,AT.0008.20.AQ,NET.09,STA.09.AKC,,SPO.09.AKC.5066.6001.1,SPP.09.AKC.5066.6001.1.11325,SAM.09.AKC.5066.6001.1,PM2.5,http://dd.eionet.europa.eu/vocabulary/aq/pollutant/6001,hour,13.4180002200,µg/m3,2018-06-05 05:00:00 +01:00,2018-06-05 06:00:00 +01:00,1,1
AT,AT.0008.20.AQ,NET.09,STA.09.AKC,,SPO.09.AKC.5066.6001.1,SPP.09.AKC.5066.6001.1.11325,SAM.09.AKC.5066.6001.1,PM2.5,http://dd.eionet.europa.eu/vocabulary/aq/pollutant/6001,hour,11.9475002200,µg/m3,2018-06-05 06:00:00 +01:00,2018-06-05 07:00:00 +01:00,1,1
AT,AT.0008.20.AQ,NET.09,STA.09.AKC,,SPO.09.AKC.5066.6001.1,SPP.09.AKC.5066.6001.1.11325,SAM.09.AKC.5066.6001.1,PM2.5,http://dd.eionet.europa.eu/vocabulary/aq/pollutant/6001,hour,11.1545000000,µg/m3,2018-06-05 07:00:00 +01:00,2018-06-05 08:00:00 +01:00,1,1
AT,AT.0008.20.AQ,NET.09,STA.09.AKC,,SPO.09.AKC.5066.6001.1,SPP.09.AKC.5066.6001.1.11325,SAM.09.AKC.5066.6001.1,PM2.5,http://dd.eionet.europa.eu/vocabulary/aq/pollutant/6001,hour,10.2014999300,µg/m3,2018-06-05 08:00:00 +01:00,2018-06-05 09:00:00 +01:00,1,1
AT,AT.0008.20.AQ,NET.09,STA.09.AKC,,SPO.09.AKC.5066.6001.1,SPP.09.AKC.5066.6001.1.11325,SAM.09.AKC.5066.6001.1,PM2.5,http://dd.eionet.europa.eu/vocabulary/aq/pollutant/6001,hour,10.2170000000,µg/m3,2018-06-05 09:00:00 +01:00,2018-06-05 10:00:00 +01:00,1,1
AT,AT.0008.20.AQ,NET.09,STA.09.AKC,,SPO.09.AKC.5066.6001.1,SPP.09.AKC.5066.6001.1.11325,SAM.09.AKC.5066.6001.1,PM2.5,http://dd.eionet.europa.eu/vocabulary/aq/pollutant/6001,hour,8.0752000800,µg/m3,2018-06-05 11:00:00 +01:00,2018-06-05 12:00:00 +01:00,1,1
AT,AT.0008.20.AQ,NET.09,STA.09.AKC,,SPO.09.AKC.5066.6001.1,SPP.09.AKC.5066.6001.1.11325,SAM.09.AKC.5066.6001.1,PM2.5,http://dd.eionet.europa.eu/vocabulary/aq/pollutant/6001,hour,9.1587505300,µg/m3,2018-06-05 18:00:00 +01:00,2018-06-05 19:00:00 +01:00,1,1
AT,AT.0008.20.AQ,NET.09,STA.09.AKC,,SPO.09.AKC.5066.6001.1,SPP.09.AKC.5066.6001.1.11325,SAM.09.AKC.5066.6001.1,PM2.5,http://dd.eionet.europa.eu/vocabulary/aq/pollutant/6001,hour,10.1995000800,µg/m3,2018-06-05 19:00:00 +01:00,2018-06-05 20:00:00 +01:00,1,1
AT,AT.0008.20.AQ,NET.09,STA.09.AKC,,SPO.09.AKC.5066.6001.1,SPP.09.AKC.5066.6001.1.11325,SAM.09.AKC.5066.6001.1,PM2.5,http://dd.eionet.europa.eu/vocabulary/aq/pollutant/6001,hour,10.8330001800,µg/m3,2018-06-05 21:00:00 +01:00,2018-06-05 22:00:00 +01:00,1,1
AT,AT.0008.20.AQ,NET.09,STA.09.AKC,,SPO.09.AKC.5066.6001.1,SPP.09.AKC.5066.6001.1.11325,SAM.09.AKC.5066.6001.1,PM2.5,http://dd.eionet.europa.eu/vocabulary/aq/pollutant/6001,hour,11.4729995700,µg/m3,2018-06-05 22:00:00 +01:00,2018-06-05 23:00:00 +01:00,1,1
AT,AT.0008.20.AQ,NET.09,STA.09.AKC,,SPO.09.AKC.5066.6001.1,SPP.09.AKC.5066.6001.1.11325,SAM.09.AKC.5066.6001.1,PM2.5,http://dd.eionet.europa.eu/vocabulary/aq/pollutant/6001,hour,10.8110008200,µg/m3,2018-06-05 23:00:00 +01:00,2018-06-06 00:00:00 +01:00,1,1
AT,AT.0008.20.AQ,NET.09,STA.09.AKC,,SPO.09.AKC.5066.6001.1,SPP.09.AKC.5066.6001.1.11325,SAM.09.AKC.5066.6001.1,PM2.5,http://dd.eionet.europa.eu/vocabulary/aq/pollutant/6001,hour,10.7035007400,µg/m3,2018-06-06 00:00:00 +01:00,2018-06-06 01:00:00 +01:00,1,1
AT,AT.0008.20.AQ,NET.09,STA.09.AKC,,SPO.09.AKC.5066.6001.1,SPP.09.AKC.5066.6001.1.11325,SAM.09.AKC.5066.6001.1,PM2.5,http://dd.eionet.europa.eu/vocabulary/aq/pollutant/6001,hour,10.8575000700,µg/m3,2018-06-06 01:00:00 +01:00,2018-06-06 02:00:00 +01:00,1,1
AT,AT.0008.20.AQ,NET.09,STA.09.AKC,,SPO.09.AKC.5066.6001.1,SPP.09.AKC.5066.6001.1.11325,SAM.09.AKC.5066.6001.1,PM2.5,http://dd.eionet.europa.eu/vocabulary/aq/pollutant/6001,hour,11.5515003200,µg/m3,2018-06-06 02:00:00 +01:00,2018-06-06 03:00:00 +01:00,1,1
AT,AT.0008.20.AQ,NET.09,STA.09.AKC,,SPO.09.AKC.5066.6001.1,SPP.09.AKC.5066.6001.1.11325,SAM.09.AKC.5066.6001.1,PM2.5,http://dd.eionet.europa.eu/vocabulary/aq/pollutant/6001,hour,12.5459995200,µg/m3,2018-06-06 03:00:00 +01:00,2018-06-06 04:00:00 +01:00,1,1
AT,AT.0008.20.AQ,NET.09,STA.09.AKC,,SPO.09.AKC.5066.6001.1,SPP.09.AKC.5066.6001.1.11325,SAM.09.AKC.5066.6001.1,PM2.5,http://dd.eionet.europa.eu/vocabulary/aq/pollutant/6001,hour,14.2034997900,µg/m3,2018-06-06 04:00:00 +01:00,2018-06-06 05:00:00 +01:00,1,1
AT,AT.0008.20.AQ,NET.09,STA.09.AKC,,SPO.09.AKC.5066.6001.1,SPP.09.AKC.5066.6001.1.11325,SAM.09.AKC.5066.6001.1,PM2.5,http://dd.eionet.europa.eu/vocabulary/aq/pollutant/6001,hour,14.5704994200,µg/m3,2018-06-06 05:00:00 +01:00,2018-06-06 06:00:00 +01:00,1,1
AT,AT.0008.20.AQ,NET.09,STA.09.AKC,,SPO.09.AKC.5066.6001.1,SPP.09.AKC.5066.6001.1.11325,SAM.09.AKC.5066.6001.1,PM2.5,http://dd.eionet.europa.eu/vocabulary/aq/pollutant/6001,hour,14.4055004100,µg/m3,2018-06-06 06:00:00 +01:00,2018-06-06 07:00:00 +01:00,1,1
AT,AT.0008.20.AQ,NET.09,STA.09.AKC,,SPO.09.AKC.5066.6001.1,SPP.09.AKC.5066.6001.1.11325,SAM.09.AKC.5066.6001.1,PM2.5,http://dd.eionet.europa.eu/vocabulary/aq/pollutant/6001,hour,14.3325004500,µg/m3,2018-06-06 07:00:00 +01:00,2018-06-06 08:00:00 +01:00,1,1
AT,AT.0008.20.AQ,NET.09,STA.09.AKC,,SPO.09.AKC.5066.6001.1,SPP.09.AKC.5066.6001.1.11325,SAM.09.AKC.5066.6001.1,PM2.5,http://dd.eionet.europa.eu/vocabulary/aq/pollutant/6001,hour,14.9680004100,µg/m3,2018-06-06 09:00:00 +01:00,2018-06-06 10:00:00 +01:00,1,1
AT,AT.0008.20.AQ,NET.09,STA.09.AKC,,SPO.09.AKC.5066.6001.1,SPP.09.AKC.5066.6001.1.11325,SAM.09.AKC.5066.6001.1,PM2.5,http://dd.eionet.europa.eu/vocabulary/aq/pollutant/6001,hour,14.9615001600,µg/m3,2018-06-06 10:00:00 +01:00,2018-06-06 11:00:00 +01:00,1,1
AT,AT.0008.20.AQ,NET.09,STA.09.AKC,,SPO.09.AKC.5066.6001.1,SPP.09.AKC.5066.6001.1.11325,SAM.09.AKC.5066.6001.1,PM2.5,http://dd.eionet.europa.eu/vocabulary/aq/pollutant/6001,hour,13.9014997400,µg/m3,2018-06-06 11:00:00 +01:00,2018-06-06 12:00:00 +01:00,1,1
AT,AT.0008.20.AQ,NET.09,STA.09.AKC,,SPO.09.AKC.5066.6001.1,SPP.09.AKC.5066.6001.1.11325,SAM.09.AKC.5066.6001.1,PM2.5,http://dd.eionet.europa.eu/vocabulary/aq/pollutant/6001,hour,12.7019996600,µg/m3,2018-06-06 13:00:00 +01:00,2018-06-06 14:00:00 +01:00,1,1
AT,AT.0008.20.AQ,NET.09,STA.09.AKC,,SPO.09.AKC.5066.6001.1,SPP.09.AKC.5066.6001.1.11325,SAM.09.AKC.5066.6001.1,PM2.5,http://dd.eionet.europa.eu/vocabulary/aq/pollutant/6001,hour,11.2294998100,µg/m3,2018-06-06 15:00:00 +01:00,2018-06-06 16:00:00 +01:00,1,1
AT,AT.0008.20.AQ,NET.09,STA.09.AKC,,SPO.09.AKC.5066.6001.1,SPP.09.AKC.5066.6001.1.11325,SAM.09.AKC.5066.6001.1,PM2.5,http://dd.eionet.europa.eu/vocabulary/aq/pollutant/6001,hour,8.5612001400,µg/m3,2018-06-06 16:00:00 +01:00,2018-06-06 17:00:00 +01:00,1,1
AT,AT.0008.20.AQ,NET.09,STA.09.AKC,,SPO.09.AKC.5066.6001.1,SPP.09.AKC.5066.6001.1.11325,SAM.09.AKC.5066.6001.1,PM2.5,http://dd.eionet.europa.eu/vocabulary/aq/pollutant/6001,hour,6.2230501100,µg/m3,2018-06-06 21:00:00 +01:00,2018-06-06 22:00:00 +01:00,1,1
AT,AT.0008.20.AQ,NET.09,STA.09.AKC,,SPO.09.AKC.5066.6001.1,SPP.09.AKC.5066.6001.1.11325,SAM.09.AKC.5066.6001.1,PM2.5,http://dd.eionet.europa.eu/vocabulary/aq/pollutant/6001,hour,7.9336500100,µg/m3,2018-06-06 22:00:00 +01:00,2018-06-06 23:00:00 +01:00,1,1
AT,AT.0008.20.AQ,NET.09,STA.09.AKC,,SPO.09.AKC.5066.6001.1,SPP.09.AKC.5066.6001.1.11325,SAM.09.AKC.5066.6001.1,PM2.5,http://dd.eionet.europa.eu/vocabulary/aq/pollutant/6001,hour,11.4429998300,µg/m3,2018-06-07 00:00:00 +01:00,2018-06-07 01:00:00 +01:00,1,1
AT,AT.0008.20.AQ,NET.09,STA.09.AKC,,SPO.09.AKC.5066.6001.1,SPP.09.AKC.5066.6001.1.11325,SAM.09.AKC.5066.6001.1,PM2.5,http://dd.eionet.europa.eu/vocabulary/aq/pollutant/6001,hour,13.8110008200,µg/m3,2018-06-07 01:00:00 +01:00,2018-06-07 02:00:00 +01:00,1,1
AT,AT.0008.20.AQ,NET.09,STA.09.AKC,,SPO.09.AKC.5066.6001.1,SPP.09.AKC.5066.6001.1.11325,SAM.09.AKC.5066.6001.1,PM2.5,http://dd.eionet.europa.eu/vocabulary/aq/pollutant/6001,hour,15.4689998600,µg/m3,2018-06-07 02:00:00 +01:00,2018-06-07 03:00:00 +01:00,1,1
AT,AT.0008.20.AQ,NET.09,STA.09.AKC,,SPO.09.AKC.5066.6001.1,SPP.09.AKC.5066.6001.1.11325,SAM.09.AKC.5066.6001.1,PM2.5,http://dd.eionet.europa.eu/vocabulary/aq/pollutant/6001,hour,14.7159996000,µg/m3,2018-06-07 03:00:00 +01:00,2018-06-07 04:00:00 +01:00,1,1
AT,AT.0008.20.AQ,NET.09,STA.09.AKC,,SPO.09.AKC.5066.6001.1,SPP.09.AKC.5066.6001.1.11325,SAM.09.AKC.5066.6001.1,PM2.5,http://dd.eionet.europa.eu/vocabulary/aq/pollutant/6001,hour,14.3164997100,µg/m3,2018-06-07 04:00:00 +01:00,2018-06-07 05:00:00 +01:00,1,1
AT,AT.0008.20.AQ,NET.09,STA.09.AKC,,SPO.09.AKC.5066.6001.1,SPP.09.AKC.5066.6001.1.11325,SAM.09.AKC.5066.6001.1,PM2.5,http://dd.eionet.europa.eu/vocabulary/aq/pollutant/6001,hour,12.7915000900,µg/m3,2018-06-07 05:00:00 +01:00,2018-06-07 06:00:00 +01:00,1,1
AT,AT.0008.20.AQ,NET.09,STA.09.AKC,,SPO.09.AKC.5066.6001.1,SPP.09.AKC.5066.6001.1.11325,SAM.09.AKC.5066.6001.1,PM2.5,http://dd.eionet.europa.eu/vocabulary/aq/pollutant/6001,hour,11.5454998000,µg/m3,2018-06-07 07:00:00 +01:00,2018-06-07 08:00:00 +01:00,1,1
AT,AT.0008.20.AQ,NET.09,STA.09.AKC,,SPO.09.AKC.5066.6001.1,SPP.09.AKC.5066.6001.1.11325,SAM.09.AKC.5066.6001.1,PM2.5,http://dd.eionet.europa.eu/vocabulary/aq/pollutant/6001,hour,13.0574998800,µg/m3,2018-06-07 08:00:00 +01:00,2018-06-07 09:00:00 +01:00,1,1
AT,AT.0008.20.AQ,NET.09,STA.09.AKC,,SPO.09.AKC.5066.6001.1,SPP.09.AKC.5066.6001.1.11325,SAM.09.AKC.5066.6001.1,PM2.5,http://dd.eionet.europa.eu/vocabulary/aq/pollutant/6001,hour,14.2145004200,µg/m3,2018-06-07 09:00:00 +01:00,2018-06-07 10:00:00 +01:00,1,1
AT,AT.0008.20.AQ,NET.09,STA.09.AKC,,SPO.09.AKC.5066.6001.1,SPP.09.AKC.5066.6001.1.11325,SAM.09.AKC.5066.6001.1,PM2.5,http://dd.eionet.europa.eu/vocabulary/aq/pollutant/6001,hour,13.6964998200,µg/m3,2018-06-07 11:00:00 +01:00,2018-06-07 12:00:00 +01:00,1,1
AT,AT.0008.20.AQ,NET.09,STA.09.AKC,,SPO.09.AKC.5066.6001.1,SPP.09.AKC.5066.6001.1.11325,SAM.09.AKC.5066.6001.1,PM2.5,http://dd.eionet.europa.eu/vocabulary/aq/pollutant/6001,hour,10.9444999600,µg/m3,2018-06-07 12:00:00 +01:00,2018-06-07 13:00:00 +01:00,1,1
AT,AT.0008.20.AQ,NET.09,STA.09.AKC,,SPO.09.AKC.5066.6001.1,SPP.09.AKC.5066.6001.1.11325,SAM.09.AKC.5066.6001.1,PM2.5,http://dd.eionet.europa.eu/vocabulary/aq/pollutant/6001,hour,10.1183490700,µg/m3,2018-06-07 14:00:00 +01:00,2018-06-07 15:00:00 +01:00,1,1
AT,AT.0008.20.AQ,NET.09,STA.09.AKC,,SPO.09.AKC.5066.6001.1,SPP.09.AKC.5066.6001.1.11325,SAM.09.AKC.5066.6001.1,PM2.5,http://dd.eionet.europa.eu/vocabulary/aq/pollutant/6001,hour,9.4120998300,µg/m3,2018-06-07 16:00:00 +01:00,2018-06-07 17:00:00 +01:00,1,1
AT,AT.0008.20.AQ,NET.09,STA.09.AKC,,SPO.09.AKC.5066.6001.1,SPP.09.AKC.5066.6001.1.11325,SAM.09.AKC.5066.6001.1,PM2.5,http://dd.eionet.europa.eu/vocabulary/aq/pollutant/6001,hour,8.7933006200,µg/m3,2018-06-07 17:00:00 +01:00,2018-06-07 18:00:00 +01:00,1,1
AT,AT.0008.20.AQ,NET.09,STA.09.AKC,,SPO.09.AKC.5066.6001.1,SPP.09.AKC.5066.6001.1.11325,SAM.09.AKC.5066.6001.1,PM2.5,http://dd.eionet.europa.eu/vocabulary/aq/pollutant/6001,hour,7.9906001000,µg/m3,2018-06-07 19:00:00 +01:00,2018-06-07 20:00:00 +01:00,1,1
AT,AT.0008.20.AQ,NET.09,STA.09.AKC,,SPO.09.AKC.5066.6001.1,SPP.09.AKC.5066.6001.1.11325,SAM.09.AKC.5066.6001.1,PM2.5,http://dd.eionet.europa.eu/vocabulary/aq/pollutant/6001,hour,8.2273502300,µg/m3,2018-06-07 20:00:00 +01:00,2018-06-07 21:00:00 +01:00,1,1
AT,AT.0008.20.AQ,NET.09,STA.09.AKC,,SPO.09.AKC.5066.6001.1,SPP.09.AKC.5066.6001.1.11325,SAM.09.AKC.5066.6001.1,PM2.5,http://dd.eionet.europa.eu/vocabulary/aq/pollutant/6001,hour,8.7017002100,µg/m3,2018-06-07 21:00:00 +01:00,2018-06-07 22:00:00 +01:00,1,1
AT,AT.0008.20.AQ,NET.09,STA.09.AKC,,SPO.09.AKC.5066.6001.1,SPP.09.AKC.5066.6001.1.11325,SAM.09.AKC.5066.6001.1,PM2.5,http://dd.eionet.europa.eu/vocabulary/aq/pollutant/6001,hour,9.2026004700,µg/m3,2018-06-07 23:00:00 +01:00,2018-06-08 00:00:00 +01:00,1,1
AT,AT.0008.20.AQ,NET.09,STA.09.AKC,,SPO.09.AKC.5066.6001.1,SPP.09.AKC.5066.6001.1.11325,SAM.09.AKC.5066.6001.1,PM2.5,http://dd.eionet.europa.eu/vocabulary/aq/pollutant/6001,hour,9.1759500500,µg/m3,2018-06-08 00:00:00 +01:00,2018-06-08 01:00:00 +01:00,1,1
AT,AT.0008.20.AQ,NET.09,STA.09.AKC,,SPO.09.AKC.5066.6001.1,SPP.09.AKC.5066.6001.1.11325,SAM.09.AKC.5066.6001.1,PM2.5,http://dd.eionet.europa.eu/vocabulary/aq/pollutant/6001,hour,5.6844501400,µg/m3,2018-06-08 02:00:00 +01:00,2018-06-08 03:00:00 +01:00,1,1
AT,AT.0008.20.AQ,NET.09,STA.09.AKC,,SPO.09.AKC.5066.6001.1,SPP.09.AKC.5066.6001.1.11325,SAM.09.AKC.5066.6001.1,PM2.5,http://dd.eionet.europa.eu/vocabulary/aq/pollutant/6001,hour,6.8575000700,µg/m3,2018-06-08 03:00:00 +01:00,2018-06-08 04:00:00 +01:00,1,1
AT,AT.0008.20.AQ,NET.09,STA.09.AKC,,SPO.09.AKC.5066.6001.1,SPP.09.AKC.5066.6001.1.11325,SAM.09.AKC.5066.6001.1,PM2.5,http://dd.eionet.europa.eu/vocabulary/aq/pollutant/6001,hour,10.3565502100,µg/m3,2018-06-08 05:00:00 +01:00,2018-06-08 06:00:00 +01:00,1,1
AT,AT.0008.20.AQ,NET.09,STA.09.AKC,,SPO.09.AKC.5066.6001.1,SPP.09.AKC.5066.6001.1.11325,SAM.09.AKC.5066.6001.1,PM2.5,http://dd.eionet.europa.eu/vocabulary/aq/pollutant/6001,hour,12.9799995400,µg/m3,2018-06-08 06:00:00 +01:00,2018-06-08 07:00:00 +01:00,1,1
AT,AT.0008.20.AQ,NET.09,STA.09.AKC,,SPO.09.AKC.5066.6001.1,SPP.09.AKC.5066.6001.1.11325,SAM.09.AKC.5066.6001.1,PM2.5,http://dd.eionet.europa.eu/vocabulary/aq/pollutant/6001,hour,13.5119991300,µg/m3,2018-06-08 07:00:00 +01:00,2018-06-08 08:00:00 +01:00,1,1
AT,AT.0008.20.AQ,NET.09,STA.09.AKC,,SPO.09.AKC.5066.6001.1,SPP.09.AKC.5066.6001.1.11325,SAM.09.AKC.5066.6001.1,PM2.5,http://dd.eionet.europa.eu/vocabulary/aq/pollutant/6001,hour,13.2829999900,µg/m3,2018-06-08 08:00:00 +01:00,2018-06-08 09:00:00 +01:00,1,1
AT,AT.0008.20.AQ,NET.09,STA.09.AKC,,SPO.09.AKC.5066.6001.1,SPP.09.AKC.5066.6001.1.11325,SAM.09.AKC.5066.6001.1,PM2.5,http://dd.eionet.europa.eu/vocabulary/aq/pollutant/6001,hour,12.5914993200,µg/m3,2018-06-08 09:00:00 +01:00,2018-06-08 10:00:00 +01:00,1,1
AT,AT.0008.20.AQ,NET.09,STA.09.AKC,,SPO.09.AKC.5066.6001.1,SPP.09.AKC.5066.6001.1.11325,SAM.09.AKC.5066.6001.1,PM2.5,http://dd.eionet.europa.eu/vocabulary/aq/pollutant/6001,hour,11.4720001200,µg/m3,2018-06-08 10:00:00 +01:00,2018-06-08 11:00:00 +01:00,1,1
AT,AT.0008.20.AQ,NET.09,STA.09.AKC,,SPO.09.AKC.5066.6001.1,SPP.09.AKC.5066.6001.1.11325,SAM.09.AKC.5066.6001.1,PM2.5,http://dd.eionet.europa.eu/vocabulary/aq/pollutant/6001,hour,11.1105003300,µg/m3,2018-06-08 11:00:00 +01:00,2018-06-08 12:00:00 +01:00,1,1
AT,AT.0008.20.AQ,NET.09,STA.09.AKC,,SPO.09.AKC.5066.6001.1,SPP.09.AKC.5066.6001.1.11325,SAM.09.AKC.5066.6001.1,PM2.5,http://dd.eionet.europa.eu/vocabulary/aq/pollutant/6001,hour,9.7392997700,µg/m3,2018-06-08 16:00:00 +01:00,2018-06-08 17:00:00 +01:00,1,1
AT,AT.0008.20.AQ,NET.09,STA.09.AKC,,SPO.09.AKC.5066.6001.1,SPP.09.AKC.5066.6001.1.11325,SAM.09.AKC.5066.6001.1,PM2.5,http://dd.eionet.europa.eu/vocabulary/aq/pollutant/6001,hour,9.8110504100,µg/m3,2018-06-08 17:00:00 +01:00,2018-06-08 18:00:00 +01:00,1,1
AT,AT.0008.20.AQ,NET.09,STA.09.AKC,,SPO.09.AKC.5066.6001.1,SPP.09.AKC.5066.6001.1.11325,SAM.09.AKC.5066.6001.1,PM2.5,http://dd.eionet.europa.eu/vocabulary/aq/pollutant/6001,hour,8.8143501200,µg/m3,2018-06-08 19:00:00 +01:00,2018-06-08 20:00:00 +01:00,1,1
AT,AT.0008.20.AQ,NET.09,STA.09.AKC,,SPO.09.AKC.5066.6001.1,SPP.09.AKC.5066.6001.1.11325,SAM.09.AKC.5066.6001.1,PM2.5,http://dd.eionet.europa.eu/vocabulary/aq/pollutant/6001,hour,12.0039997100,µg/m3,2018-06-08 21:00:00 +01:00,2018-06-08 22:00:00 +01:00,1,1
AT,AT.0008.20.AQ,NET.09,STA.09.AKC,,SPO.09.AKC.5066.6001.1,SPP.09.AKC.5066.6001.1.11325,SAM.09.AKC.5066.6001.1,PM2.5,http://dd.eionet.europa.eu/vocabulary/aq/pollutant/6001,hour,12.7709999000,µg/m3,2018-06-08 22:00:00 +01:00,2018-06-08 23:00:00 +01:00,1,1
AT,AT.0008.20.AQ,NET.09,STA.09.AKC,,SPO.09.AKC.5066.6001.1,SPP.09.AKC.5066.6001.1.11325,SAM.09.AKC.5066.6001.1,PM2.5,http://dd.eionet.europa.eu/vocabulary/aq/pollutant/6001,hour,13.2255001000,µg/m3,2018-06-08 23:00:00 +01:00,2018-06-09 00:00:00 +01:00,1,1
AT,AT.0008.20.AQ,NET.09,STA.09.AKC,,SPO.09.AKC.5066.6001.1,SPP.09.AKC.5066.6001.1.11325,SAM.09.AKC.5066.6001.1,PM2.5,http://dd.eionet.europa.eu/vocabulary/aq/pollutant/6001,hour,6.1684999400,µg/m3,2018-06-09 01:00:00 +01:00,2018-06-09 02:00:00 +01:00,1,1
AT,AT.0008.20.AQ,NET.09,STA.09.AKC,,SPO.09.AKC.5066.6001.1,SPP.09.AKC.5066.6001.1.11325,SAM.09.AKC.5066.6001.1,PM2.5,http://dd.eionet.europa.eu/vocabulary/aq/pollutant/6001,hour,6.0257997500,µg/m3,2018-06-09 03:00:00 +01:00,2018-06-09 04:00:00 +01:00,1,1
AT,AT.0008.20.AQ,NET.09,STA.09.AKC,,SPO.09.AKC.5066.6001.1,SPP.09.AKC.5066.6001.1.11325,SAM.09.AKC.5066.6001.1,PM2.5,http://dd.eionet.europa.eu/vocabulary/aq/pollutant/6001,hour,5.8773999200,µg/m3,2018-06-09 05:00:00 +01:00,2018-06-09 06:00:00 +01:00,1,1
AT,AT.0008.20.AQ,NET.09,STA.09.AKC,,SPO.09.AKC.5066.6001.1,SPP.09.AKC.5066.6001.1.11325,SAM.09.AKC.5066.6001.1,PM2.5,http://dd.eionet.europa.eu/vocabulary/aq/pollutant/6001,hour,6.1314496900,µg/m3,2018-06-09 07:00:00 +01:00,2018-06-09 08:00:00 +01:00,1,1
AT,AT.0008.20.AQ,NET.09,STA.09.AKC,,SPO.09.AKC.5066.6001.1,SPP.09.AKC.5066.6001.1.11325,SAM.09.AKC.5066.6001.1,PM2.5,http://dd.eionet.europa.eu/vocabulary/aq/pollutant/6001,hour,6.5799498500,µg/m3,2018-06-09 11:00:00 +01:00,2018-06-09 12:00:00 +01:00,1,1
AT,AT.0008.20.AQ,NET.09,STA.09.AKC,,SPO.09.AKC.5066.6001.1,SPP.09.AKC.5066.6001.1.11325,SAM.09.AKC.5066.6001.1,PM2.5,http://dd.eionet.europa.eu/vocabulary/aq/pollutant/6001,hour,7.0803999900,µg/m3,2018-06-09 12:00:00 +01:00,2018-06-09 13:00:00 +01:00,1,1
AT,AT.0008.20.AQ,NET.09,STA.09.AKC,,SPO.09.AKC.5066.6001.1,SPP.09.AKC.5066.6001.1.11325,SAM.09.AKC.5066.6001.1,PM2.5,http://dd.eionet.europa.eu/vocabulary/aq/pollutant/6001,hour,7.5227003000,µg/m3,2018-06-09 14:00:00 +01:00,2018-06-09 15:00:00 +01:00,1,1
AT,AT.0008.20.AQ,NET.09,STA.09.AKC,,SPO.09.AKC.5066.6001.1,SPP.09.AKC.5066.6001.1.11325,SAM.09.AKC.5066.6001.1,PM2.5,http://dd.eionet.europa.eu/vocabulary/aq/pollutant/6001,hour,5.9640502900,µg/m3,2018-06-09 17:00:00 +01:00,2018-06-09 18:00:00 +01:00,1,1
AT,AT.0008.20.AQ,NET.09,STA.09.AKC,,SPO.09.AKC.5066.6001.1,SPP.09.AKC.5066.6001.1.11325,SAM.09.AKC.5066.6001.1,PM2.5,http://dd.eionet.europa.eu/vocabulary/aq/pollutant/6001,hour,7.6078000000,µg/m3,2018-06-09 19:00:00 +01:00,2018-06-09 20:00:00 +01:00,1,1
AT,AT.0008.20.AQ,NET.09,STA.09.AKC,,SPO.09.AKC.5066.6001.1,SPP.09.AKC.5066.6001.1.11325,SAM.09.AKC.5066.6001.1,PM2.5,http://dd.eionet.europa.eu/vocabulary/aq/pollutant/6001,hour,7.7696504500,µg/m3,2018-06-09 20:00:00 +01:00,2018-06-09 21:00:00 +01:00,1,1
AT,AT.0008.20.AQ,NET.09,STA.09.AKC,,SPO.09.AKC.5066.6001.1,SPP.09.AKC.5066.6001.1.11325,SAM.09.AKC.5066.6001.1,PM2.5,http://dd.eionet.europa.eu/vocabulary/aq/pollutant/6001,hour,8.5365505200,µg/m3,2018-06-09 22:00:00 +01:00,2018-06-09 23:00:00 +01:00,1,1
AT,AT.0008.20.AQ,NET.09,STA.09.AKC,,SPO.09.AKC.5066.6001.1,SPP.09.AKC.5066.6001.1.11325,SAM.09.AKC.5066.6001.1,PM2.5,http://dd.eionet.europa.eu/vocabulary/aq/pollutant/6001,hour,11.2639999300,µg/m3,2018-06-09 23:00:00 +01:00,2018-06-10 00:00:00 +01:00,1,1
AT,AT.0008.20.AQ,NET.09,STA.09.AKC,,SPO.09.AKC.5066.6001.1,SPP.09.AKC.5066.6001.1.11325,SAM.09.AKC.5066.6001.1,PM2.5,http://dd.eionet.europa.eu/vocabulary/aq/pollutant/6001,hour,12.1210002800,µg/m3,2018-06-10 01:00:00 +01:00,2018-06-10 02:00:00 +01:00,1,1
AT,AT.0008.20.AQ,NET.09,STA.09.AKC,,SPO.09.AKC.5066.6001.1,SPP.09.AKC.5066.6001.1.11325,SAM.09.AKC.5066.6001.1,PM2.5,http://dd.eionet.europa.eu/vocabulary/aq/pollutant/6001,hour,10.5686492900,µg/m3,2018-06-10 02:00:00 +01:00,2018-06-10 03:00:00 +01:00,1,1
AT,AT.0008.20.AQ,NET.09,STA.09.AKC,,SPO.09.AKC.5066.6001.1,SPP.09.AKC.5066.6001.1.11325,SAM.09.AKC.5066.6001.1,PM2.5,http://dd.eionet.europa.eu/vocabulary/aq/pollutant/6001,hour,10.1824998800,µg/m3,2018-06-10 03:00:00 +01:00,2018-06-10 04:00:00 +01:00,1,1
AT,AT.0008.20.AQ,NET.09,STA.09.AKC,,SPO.09.AKC.5066.6001.1,SPP.09.AKC.5066.6001.1.11325,SAM.09.AKC.5066.6001.1,PM2.5,http://dd.eionet.europa.eu/vocabulary/aq/pollutant/6001,hour,10.1851005500,µg/m3,2018-06-10 04:00:00 +01:00,2018-06-10 05:00:00 +01:00,1,1
AT,AT.0008.20.AQ,NET.09,STA.09.AKC,,SPO.09.AKC.5066.6001.1,SPP.09.AKC.5066.6001.1.11325,SAM.09.AKC.5066.6001.1,PM2.5,http://dd.eionet.europa.eu/vocabulary/aq/pollutant/6001,hour,10.6935005100,µg/m3,2018-06-10 05:00:00 +01:00,2018-06-10 06:00:00 +01:00,1,1
AT,AT.0008.20.AQ,NET.09,STA.09.AKC,,SPO.09.AKC.5066.6001.1,SPP.09.AKC.5066.6001.1.11325,SAM.09.AKC.5066.6001.1,PM2.5,http://dd.eionet.europa.eu/vocabulary/aq/pollutant/6001,hour,10.1993503500,µg/m3,2018-06-10 06:00:00 +01:00,2018-06-10 07:00:00 +01:00,1,1
AT,AT.0008.20.AQ,NET.09,STA.09.AKC,,SPO.09.AKC.5066.6001.1,SPP.09.AKC.5066.6001.1.11325,SAM.09.AKC.5066.6001.1,PM2.5,http://dd.eionet.europa.eu/vocabulary/aq/pollutant/6001,hour,10.4040002800,µg/m3,2018-06-10 07:00:00 +01:00,2018-06-10 08:00:00 +01:00,1,1
AT,AT.0008.20.AQ,NET.09,STA.09.AKC,,SPO.09.AKC.5066.6001.1,SPP.09.AKC.5066.6001.1.11325,SAM.09.AKC.5066.6001.1,PM2.5,http://dd.eionet.europa.eu/vocabulary/aq/pollutant/6001,hour,7.9972000100,µg/m3,2018-06-10 10:00:00 +01:00,2018-06-10 11:00:00 +01:00,1,1
AT,AT.0008.20.AQ,NET.09,STA.09.AKC,,SPO.09.AKC.5066.6001.1,SPP.09.AKC.5066.6001.1.11325,SAM.09.AKC.5066.6001.1,PM2.5,http://dd.eionet.europa.eu/vocabulary/aq/pollutant/6001,hour,6.9173002200,µg/m3,2018-06-10 11:00:00 +01:00,2018-06-10 12:00:00 +01:00,1,1
AT,AT.0008.20.AQ,NET.09,STA.09.AKC,,SPO.09.AKC.5066.6001.1,SPP.09.AKC.5066.6001.1.11325,SAM.09.AKC.5066.6001.1,PM2.5,http://dd.eionet.europa.eu/vocabulary/aq/pollutant/6001,hour,8.5650501200,µg/m3,2018-06-10 12:00:00 +01:00,2018-06-10 13:00:00 +01:00,1,1
AT,AT.0008.20.AQ,NET.09,STA.09.AKC,,SPO.09.AKC.5066.6001.1,SPP.09.AKC.5066.6001.1.11325,SAM.09.AKC.5066.6001.1,PM2.5,http://dd.eionet.europa.eu/vocabulary/aq/pollutant/6001,hour,8.3024997700,µg/m3,2018-06-10 13:00:00 +01:00,2018-06-10 14:00:00 +01:00,1,1
AT,AT.0008.20.AQ,NET.09,STA.09.AKC,,SPO.09.AKC.5066.6001.1,SPP.09.AKC.5066.6001.1.11325,SAM.09.AKC.5066.6001.1,PM2.5,http://dd.eionet.europa.eu/vocabulary/aq/pollutant/6001,hour,8.3144998500,µg/m3,2018-06-10 15:00:00 +01:00,2018-06-10 16:00:00 +01:00,1,1
AT,AT.0008.20.AQ,NET.09,STA.09.AKC,,SPO.09.AKC.5066.6001.1,SPP.09.AKC.5066.6001.1.11325,SAM.09.AKC.5066.6001.1,PM2.5,http://dd.eionet.europa.eu/vocabulary/aq/pollutant/6001,hour,8.7434005700,µg/m3,2018-06-10 19:00:00 +01:00,2018-06-10 20:00:00 +01:00,1,1
AT,AT.0008.20.AQ,NET.09,STA.09.AKC,,SPO.09.AKC.5066.6001.1,SPP.09.AKC.5066.6001.1.11325,SAM.09.AKC.5066.6001.1,PM2.5,http://dd.eionet.europa.eu/vocabulary/aq/pollutant/6001,hour,9.3272495200,µg/m3,2018-06-10 20:00:00 +01:00,2018-06-10 21:00:00 +01:00,1,1
AT,AT.0008.20.AQ,NET.09,STA.09.AKC,,SPO.09.AKC.5066.6001.1,SPP.09.AKC.5066.6001.1.11325,SAM.09.AKC.5066.6001.1,PM2.5,http://dd.eionet.europa.eu/vocabulary/aq/pollutant/6001,hour,11.4074993100,µg/m3,2018-06-10 21:00:00 +01:00,2018-06-10 22:00:00 +01:00,1,1
AT,AT.0008.20.AQ,NET.09,STA.09.AKC,,SPO.09.AKC.5066.6001.1,SPP.09.AKC.5066.6001.1.11325,SAM.09.AKC.5066.6001.1,PM2.5,http://dd.eionet.europa.eu/vocabulary/aq/pollutant/6001,hour,12.8705005600,µg/m3,2018-06-11 01:00:00 +01:00,2018-06-11 02:00:00 +01:00,1,1
AT,AT.0008.20.AQ,NET.09,STA.09.AKC,,SPO.09.AKC.5066.6001.1,SPP.09.AKC.5066.6001.1.11325,SAM.09.AKC.5066.6001.1,PM2.5,http://dd.eionet.europa.eu/vocabulary/aq/pollutant/6001,hour,11.2304992600,µg/m3,2018-06-11 03:00:00 +01:00,2018-06-11 04:00:00 +01:00,1,1
AT,AT.0008.20.AQ,NET.09,STA.09.AKC,,SPO.09.AKC.5066.6001.1,SPP.09.AKC.5066.6001.1.11325,SAM.09.AKC.5066.6001.1,PM2.5,http://dd.eionet.europa.eu/vocabulary/aq/pollutant/6001,hour,11.4615001600,µg/m3,2018-06-11 04:00:00 +01:00,2018-06-11 05:00:00 +01:00,1,1
AT,AT.0008.20.AQ,NET.09,STA.09.AKC,,SPO.09.AKC.5066.6001.1,SPP.09.AKC.5066.6001.1.11325,SAM.09.AKC.5066.6001.1,PM2.5,http://dd.eionet.europa.eu/vocabulary/aq/pollutant/6001,hour,11.6650009100,µg/m3,2018-06-11 05:00:00 +01:00,2018-06-11 06:00:00 +01:00,1,1
AT,AT.0008.20.AQ,NET.09,STA.09.AKC,,SPO.09.AKC.5066.6001.1,SPP.09.AKC.5066.6001.1.11325,SAM.09.AKC.5066.6001.1,PM2.5,http://dd.eionet.europa.eu/vocabulary/aq/pollutant/6001,hour,11.0209999000,µg/m3,2018-06-11 06:00:00 +01:00,2018-06-11 07:00:00 +01:00,1,1
AT,AT.0008.20.AQ,NET.09,STA.09.AKC,,SPO.09.AKC.5066.6001.1,SPP.09.AKC.5066.6001.1.11325,SAM.09.AKC.5066.6001.1,PM2.5,http://dd.eionet.europa.eu/vocabulary/aq/pollutant/6001,hour,10.7069997700,µg/m3,2018-06-11 08:00:00 +01:00,2018-06-11 09:00:00 +01:00,1,1
AT,AT.0008.20.AQ,NET.09,STA.09.AKC,,SPO.09.AKC.5066.6001.1,SPP.09.AKC.5066.6001.1.11325,SAM.09.AKC.5066.6001.1,PM2.5,http://dd.eionet.europa.eu/vocabulary/aq/pollutant/6001,hour,10.6329994200,µg/m3,2018-06-11 09:00:00 +01:00,2018-06-11 10:00:00 +01:00,1,1
AT,AT.0008.20.AQ,NET.09,STA.09.AKC,,SPO.09.AKC.5066.6001.1,SPP.09.AKC.5066.6001.1.11325,SAM.09.AKC.5066.6001.1,PM2.5,http://dd.eionet.europa.eu/vocabulary/aq/pollutant/6001,hour,10.0523500400,µg/m3,2018-06-11 10:00:00 +01:00,2018-06-11 11:00:00 +01:00,1,1
AT,AT.0008.20.AQ,NET.09,STA.09.AKC,,SPO.09.AKC.5066.6001.1,SPP.09.AKC.5066.6001.1.11325,SAM.09.AKC.5066.6001.1,PM2.5,http://dd.eionet.europa.eu/vocabulary/aq/pollutant/6001,hour,10.3435001300,µg/m3,2018-06-11 11:00:00 +01:00,2018-06-11 12:00:00 +01:00,1,1
AT,AT.0008.20.AQ,NET.09,STA.09.AKC,,SPO.09.AKC.5066.6001.1,SPP.09.AKC.5066.6001.1.11325,SAM.09.AKC.5066.6001.1,PM2.5,http://dd.eionet.europa.eu/vocabulary/aq/pollutant/6001,hour,9.2911500900,µg/m3,2018-06-11 12:00:00 +01:00,2018-06-11 13:00:00 +01:00,1,1
AT,AT.0008.20.AQ,NET.09,STA.09.AKC,,SPO.09.AKC.5066.6001.1,SPP.09.AKC.5066.6001.1.11325,SAM.09.AKC.5066.6001.1,PM2.5,http://dd.eionet.europa.eu/vocabulary/aq/pollutant/6001,hour,7.5405006400,µg/m3,2018-06-11 14:00:00 +01:00,2018-06-11 15:00:00 +01:00,1,1
AT,AT.0008.20.AQ,NET.09,STA.09.AKC,,SPO.09.AKC.5066.6001.1,SPP.09.AKC.5066.6001.1.11325,SAM.09.AKC.5066.6001.1,PM2.5,http://dd.eionet.europa.eu/vocabulary/aq/pollutant/6001,hour,9.1164999000,µg/m3,2018-06-11 16:00:00 +01:00,2018-06-11 17:00:00 +01:00,1,1
AT,AT.0008.20.AQ,NET.09,STA.09.AKC,,SPO.09.AKC.5066.6001.1,SPP.09.AKC.5066.6001.1.11325,SAM.09.AKC.5066.6001.1,PM2.5,http://dd.eionet.europa.eu/vocabulary/aq/pollutant/6001,hour,9.5904998700,µg/m3,2018-06-11 18:00:00 +01:00,2018-06-11 19:00:00 +01:00,1,1
AT,AT.0008.20.AQ,NET.09,STA.09.AKC,,SPO.09.AKC.5066.6001.1,SPP.09.AKC.5066.6001.1.11325,SAM.09.AKC.5066.6001.1,PM2.5,http://dd.eionet.europa.eu/vocabulary/aq/pollutant/6001,hour,9.1902999800,µg/m3,2018-06-11 19:00:00 +01:00,2018-06-11 20:00:00 +01:00,1,1
AT,AT.0008.20.AQ,NET.09,STA.09.AKC,,SPO.09.AKC.5066.6001.1,SPP.09.AKC.5066.6001.1.11325,SAM.09.AKC.5066.6001.1,PM2.5,http://dd.eionet.europa.eu/vocabulary/aq/pollutant/6001,hour,8.4393005300,µg/m3,2018-06-11 23:00:00 +01:00,2018-06-12 00:00:00 +01:00,1,1
AT,AT.0008.20.AQ,NET.09,STA.09.AKC,,SPO.09.AKC.5066.6001.1,SPP.09.AKC.5066.6001.1.11325,SAM.09.AKC.5066.6001.1,PM2.5,http://dd.eionet.europa.eu/vocabulary/aq/pollutant/6001,hour,8.7250995600,µg/m3,2018-06-12 00:00:00 +01:00,2018-06-12 01:00:00 +01:00,1,1
AT,AT.0008.20.AQ,NET.09,STA.09.AKC,,SPO.09.AKC.5066.6001.1,SPP.09.AKC.5066.6001.1.11325,SAM.09.AKC.5066.6001.1,PM2.5,http://dd.eionet.europa.eu/vocabulary/aq/pollutant/6001,hour,10.0117502200,µg/m3,2018-06-12 01:00:00 +01:00,2018-06-12 02:00:00 +01:00,1,1
AT,AT.0008.20.AQ,NET.09,STA.09.AKC,,SPO.09.AKC.5066.6001.1,SPP.09.AKC.5066.6001.1.11325,SAM.09.AKC.5066.6001.1,PM2.5,http://dd.eionet.europa.eu/vocabulary/aq/pollutant/6001,hour,10.0780000600,µg/m3,2018-06-12 02:00:00 +01:00,2018-06-12 03:00:00 +01:00,1,1
AT,AT.0008.20.AQ,NET.09,STA.09.AKC,,SPO.09.AKC.5066.6001.1,SPP.09.AKC.5066.6001.1.11325,SAM.09.AKC.5066.6001.1,PM2.5,http://dd.eionet.europa.eu/vocabulary/aq/pollutant/6001,hour,7.8074998800,µg/m3,2018-06-12 04:00:00 +01:00,2018-06-12 05:00:00 +01:00,1,1
AT,AT.0008.20.AQ,NET.09,STA.09.AKC,,SPO.09.AKC.5066.6001.1,SPP.09.AKC.5066.6001.1.11325,SAM.09.AKC.5066.6001.1,PM2.5,http://dd.eionet.europa.eu/vocabulary/aq/pollutant/6001,hour,7.1048498100,µg/m3,2018-06-12 06:00:00 +01:00,2018-06-12 07:00:00 +01:00,1,1
AT,AT.0008.20.AQ,NET.09,STA.09.AKC,,SPO.09.AKC.5066.6001.1,SPP.09.AKC.5066.6001.1.11325,SAM.09.AKC.5066.6001.1,PM2.5,http://dd.eionet.europa.eu/vocabulary/aq/pollutant/6001,hour,6.3613996500,µg/m3,2018-06-12 07:00:00 +01:00,2018-06-12 08:00:00 +01:00,1,1
AT,AT.0008.20.AQ,NET.09,STA.09.AKC,,SPO.09.AKC.5066.6001.1,SPP.09.AKC.5066.6001.1.11325,SAM.09.AKC.5066.6001.1,PM2.5,http://dd.eionet.europa.eu/vocabulary/aq/pollutant/6001,hour,5.5658001900,µg/m3,2018-06-12 08:00:00 +01:00,2018-06-12 09:00:00 +01:00,1,1
AT,AT.0008.20.AQ,NET.09,STA.09.AKC,,SPO.09.AKC.5066.6001.1,SPP.09.AKC.5066.6001.1.11325,SAM.09.AKC.5066.6001.1,PM2.5,http://dd.eionet.europa.eu/vocabulary/aq/pollutant/6001,hour,5.1591997100,µg/m3,2018-06-12 09:00:00 +01:00,2018-06-12 10:00:00 +01:00,1,1
AT,AT.0008.20.AQ,NET.09,STA.09.AKC,,SPO.09.AKC.5066.6001.1,SPP.09.AKC.5066.6001.1.11325,SAM.09.AKC.5066.6001.1,PM2.5,http://dd.eionet.europa.eu/vocabulary/aq/pollutant/6001,hour,3.7679500500,µg/m3,2018-06-12 10:00:00 +01:00,2018-06-12 11:00:00 +01:00,1,1
AT,AT.0008.20.AQ,NET.09,STA.09.AKC,,SPO.09.AKC.5066.6001.1,SPP.09.AKC.5066.6001.1.11325,SAM.09.AKC.5066.6001.1,PM2.5,http://dd.eionet.europa.eu/vocabulary/aq/pollutant/6001,hour,3.3753499900,µg/m3,2018-06-12 11:00:00 +01:00,2018-06-12 12:00:00 +01:00,1,1
AT,AT.0008.20.AQ,NET.09,STA.09.AKC,,SPO.09.AKC.5066.6001.1,SPP.09.AKC.5066.6001.1.11325,SAM.09.AKC.5066.6001.1,PM2.5,http://dd.eionet.europa.eu/vocabulary/aq/pollutant/6001,hour,4.2287502200,µg/m3,2018-06-12 14:00:00 +01:00,2018-06-12 15:00:00 +01:00,1,1
AT,AT.0008.20.AQ,NET.09,STA.09.AKC,,SPO.09.AKC.5066.6001.1,SPP.09.AKC.5066.6001.1.11325,SAM.09.AKC.5066.6001.1,PM2.5,http://dd.eionet.europa.eu/vocabulary/aq/pollutant/6001,hour,5.3521499600,µg/m3,2018-06-12 15:00:00 +01:00,2018-06-12 16:00:00 +01:00,1,1
AT,AT.0008.20.AQ,NET.09,STA.09.AKC,,SPO.09.AKC.5066.6001.1,SPP.09.AKC.5066.6001.1.11325,SAM.09.AKC.5066.6001.1,PM2.5,http://dd.eionet.europa.eu/vocabulary/aq/pollutant/6001,hour,7.6910500500,µg/m3,2018-06-12 16:00:00 +01:00,2018-06-12 17:00:00 +01:00,1,1
AT,AT.0008.20.AQ,NET.09,STA.09.AKC,,SPO.09.AKC.5066.6001.1,SPP.09.AKC.5066.6001.1.11325,SAM.09.AKC.5066.6001.1,PM2.5,http://dd.eionet.europa.eu/vocabulary/aq/pollutant/6001,hour,7.7395000400,µg/m3,2018-06-12 18:00:00 +01:00,2018-06-12 19:00:00 +01:00,1,1
AT,AT.0008.20.AQ,NET.09,STA.09.AKC,,SPO.09.AKC.5066.6001.1,SPP.09.AKC.5066.6001.1.11325,SAM.09.AKC.5066.6001.1,PM2.5,http://dd.eionet.europa.eu/vocabulary/aq/pollutant/6001,hour,8.2230501100,µg/m3,2018-06-12 19:00:00 +01:00,2018-06-12 20:00:00 +01:00,1,1
AT,AT.0008.20.AQ,NET.09,STA.09.AKC,,SPO.09.AKC.5066.6001.1,SPP.09.AKC.5066.6001.1.11325,SAM.09.AKC.5066.6001.1,PM2.5,http://dd.eionet.europa.eu/vocabulary/aq/pollutant/6001,hour,6.9113497700,µg/m3,2018-06-12 22:00:00 +01:00,2018-06-12 23:00:00 +01:00,1,1
AT,AT.0008.20.AQ,NET.09,STA.09.AKC,,SPO.09.AKC.5066.6001.1,SPP.09.AKC.5066.6001.1.11325,SAM.09.AKC.5066.6001.1,PM2.5,http://dd.eionet.europa.eu/vocabulary/aq/pollutant/6001,hour,8.7061004600,µg/m3,2018-06-12 23:00:00 +01:00,2018-06-13 00:00:00 +01:00,1,1
AT,AT.0008.20.AQ,NET.09,STA.09.AKC,,SPO.09.AKC.5066.6001.1,SPP.09.AKC.5066.6001.1.11325,SAM.09.AKC.5066.6001.1,PM2.5,http://dd.eionet.europa.eu/vocabulary/aq/pollutant/6001,hour,8.7102003000,µg/m3,2018-06-13 00:00:00 +01:00,2018-06-13 01:00:00 +01:00,1,1
AT,AT.0008.20.AQ,NET.09,STA.09.AKC,,SPO.09.AKC.5066.6001.1,SPP.09.AKC.5066.6001.1.11325,SAM.09.AKC.5066.6001.1,PM2.5,http://dd.eionet.europa.eu/vocabulary/aq/pollutant/6001,hour,7.6619997000,µg/m3,2018-06-13 03:00:00 +01:00,2018-06-13 04:00:00 +01:00,1,1
AT,AT.0008.20.AQ,NET.09,STA.09.AKC,,SPO.09.AKC.5066.6001.1,SPP.09.AKC.5066.6001.1.11325,SAM.09.AKC.5066.6001.1,PM2.5,http://dd.eionet.europa.eu/vocabulary/aq/pollutant/6001,hour,18.8514995500,µg/m3,2018-06-13 07:00:00 +01:00,2018-06-13 08:00:00 +01:00,1,1
AT,AT.0008.20.AQ,NET.09,STA.09.AKC,,SPO.09.AKC.5066.6001.1,SPP.09.AKC.5066.6001.1.11325,SAM.09.AKC.5066.6001.1,PM2.5,http://dd.eionet.europa.eu/vocabulary/aq/pollutant/6001,hour,18.6334991400,µg/m3,2018-06-13 08:00:00 +01:00,2018-06-13 09:00:00 +01:00,1,1
AT,AT.0008.20.AQ,NET.09,STA.09.AKC,,SPO.09.AKC.5066.6001.1,SPP.09.AKC.5066.6001.1.11325,SAM.09.AKC.5066.6001.1,PM2.5,http://dd.eionet.europa.eu/vocabulary/aq/pollutant/6001,hour,21.0380001000,µg/m3,2018-06-13 10:00:00 +01:00,2018-06-13 11:00:00 +01:00,1,1
AT,AT.0008.20.AQ,NET.09,STA.09.AKC,,SPO.09.AKC.5066.6001.1,SPP.09.AKC.5066.6001.1.11325,SAM.09.AKC.5066.6001.1,PM2.5,http://dd.eionet.europa.eu/vocabulary/aq/pollutant/6001,hour,15.8225002200,µg/m3,2018-06-13 13:00:00 +01:00,2018-06-13 14:00:00 +01:00,1,1
AT,AT.0008.20.AQ,NET.09,STA.09.AKC,,SPO.09.AKC.5066.6001.1,SPP.09.AKC.5066.6001.1.11325,SAM.09.AKC.5066.6001.1,PM2.5,http://dd.eionet.europa.eu/vocabulary/aq/pollutant/6001,hour,14.6525001500,µg/m3,2018-06-13 14:00:00 +01:00,2018-06-13 15:00:00 +01:00,1,1
AT,AT.0008.20.AQ,NET.09,STA.09.AKC,,SPO.09.AKC.5066.6001.1,SPP.09.AKC.5066.6001.1.11325,SAM.09.AKC.5066.6001.1,PM2.5,http://dd.eionet.europa.eu/vocabulary/aq/pollutant/6001,hour,12.7255001000,µg/m3,2018-06-13 15:00:00 +01:00,2018-06-13 16:00:00 +01:00,1,1
AT,AT.0008.20.AQ,NET.09,STA.09.AKC,,SPO.09.AKC.5066.6001.1,SPP.09.AKC.5066.6001.1.11325,SAM.09.AKC.5066.6001.1,PM2.5,http://dd.eionet.europa.eu/vocabulary/aq/pollutant/6001,hour,10.3089504200,µg/m3,2018-06-13 17:00:00 +01:00,2018-06-13 18:00:00 +01:00,1,1
AT,AT.0008.20.AQ,NET.09,STA.09.AKC,,SPO.09.AKC.5066.6001.1,SPP.09.AKC.5066.6001.1.11325,SAM.09.AKC.5066.6001.1,PM2.5,http://dd.eionet.europa.eu/vocabulary/aq/pollutant/6001,hour,8.4753494200,µg/m3,2018-06-13 19:00:00 +01:00,2018-06-13 20:00:00 +01:00,1,1
AT,AT.0008.20.AQ,NET.09,STA.09.AKC,,SPO.09.AKC.5066.6001.1,SPP.09.AKC.5066.6001.1.11325,SAM.09.AKC.5066.6001.1,PM2.5,http://dd.eionet.europa.eu/vocabulary/aq/pollutant/6001,hour,13.0714998200,µg/m3,2018-06-13 20:00:00 +01:00,2018-06-13 21:00:00 +01:00,1,1
AT,AT.0008.20.AQ,NET.09,STA.09.AKC,,SPO.09.AKC.5066.6001.1,SPP.09.AKC.5066.6001.1.11325,SAM.09.AKC.5066.6001.1,PM2.5,http://dd.eionet.europa.eu/vocabulary/aq/pollutant/6001,hour,13.0615005400,µg/m3,2018-06-13 21:00:00 +01:00,2018-06-13 22:00:00 +01:00,1,1
AT,AT.0008.20.AQ,NET.09,STA.09.AKC,,SPO.09.AKC.5066.6001.1,SPP.09.AKC.5066.6001.1.11325,SAM.09.AKC.5066.6001.1,PM2.5,http://dd.eionet.europa.eu/vocabulary/aq/pollutant/6001,hour,11.3260002100,µg/m3,2018-06-13 22:00:00 +01:00,2018-06-13 23:00:00 +01:00,1,1
AT,AT.0008.20.AQ,NET.09,STA.09.AKC,,SPO.09.AKC.5066.6001.1,SPP.09.AKC.5066.6001.1.11325,SAM.09.AKC.5066.6001.1,PM2.5,http://dd.eionet.europa.eu/vocabulary/aq/pollutant/6001,hour,8.9656496000,µg/m3,2018-06-13 23:00:00 +01:00,2018-06-14 00:00:00 +01:00,1,1
AT,AT.0008.20.AQ,NET.09,STA.09.AKC,,SPO.09.AKC.5066.6001.1,SPP.09.AKC.5066.6001.1.11325,SAM.09.AKC.5066.6001.1,PM2.5,http://dd.eionet.europa.eu/vocabulary/aq/pollutant/6001,hour,9.6864500000,µg/m3,2018-06-14 00:00:00 +01:00,2018-06-14 01:00:00 +01:00,1,1
AT,AT.0008.20.AQ,NET.09,STA.09.AKC,,SPO.09.AKC.5066.6001.1,SPP.09.AKC.5066.6001.1.11325,SAM.09.AKC.5066.6001.1,PM2.5,http://dd.eionet.europa.eu/vocabulary/aq/pollutant/6001,hour,6.4432001100,µg/m3,2018-06-14 05:00:00 +01:00,2018-06-14 06:00:00 +01:00,1,1
AT,AT.0008.20.AQ,NET.09,STA.09.AKC,,SPO.09.AKC.5066.6001.1,SPP.09.AKC.5066.6001.1.11325,SAM.09.AKC.5066.6001.1,PM2.5,http://dd.eionet.europa.eu/vocabulary/aq/pollutant/6001,hour,7.0677499700,µg/m3,2018-06-14 07:00:00 +01:00,2018-06-14 08:00:00 +01:00,1,1
AT,AT.0008.20.AQ,NET.09,STA.09.AKC,,SPO.09.AKC.5066.6001.1,SPP.09.AKC.5066.6001.1.11325,SAM.09.AKC.5066.6001.1,PM2.5,http://dd.eionet.europa.eu/vocabulary/aq/pollutant/6001,hour,8.4223499200,µg/m3,2018-06-14 08:00:00 +01:00,2018-06-14 09:00:00 +01:00,1,1
AT,AT.0008.20.AQ,NET.09,STA.09.AKC,,SPO.09.AKC.5066.6001.1,SPP.09.AKC.5066.6001.1.11325,SAM.09.AKC.5066.6001.1,PM2.5,http://dd.eionet.europa.eu/vocabulary/aq/pollutant/6001,hour,8.9575996300,µg/m3,2018-06-14 12:00:00 +01:00,2018-06-14 13:00:00 +01:00,1,1
AT,AT.0008.20.AQ,NET.09,STA.09.AKC,,SPO.09.AKC.5066.6001.1,SPP.09.AKC.5066.6001.1.11325,SAM.09.AKC.5066.6001.1,PM2.5,http://dd.eionet.europa.eu/vocabulary/aq/pollutant/6001,hour,9.0927505400,µg/m3,2018-06-14 13:00:00 +01:00,2018-06-14 14:00:00 +01:00,1,1
AT,AT.0008.20.AQ,NET.09,STA.09.AKC,,SPO.09.AKC.5066.6001.1,SPP.09.AKC.5066.6001.1.11325,SAM.09.AKC.5066.6001.1,PM2.5,http://dd.eionet.europa.eu/vocabulary/aq/pollutant/6001,hour,9.9270992200,µg/m3,2018-06-14 14:00:00 +01:00,2018-06-14 15:00:00 +01:00,1,1
AT,AT.0008.20.AQ,NET.09,STA.09.AKC,,SPO.09.AKC.5066.6001.1,SPP.09.AKC.5066.6001.1.11325,SAM.09.AKC.5066.6001.1,PM2.5,http://dd.eionet.europa.eu/vocabulary/aq/pollutant/6001,hour,9.6954002300,µg/m3,2018-06-14 15:00:00 +01:00,2018-06-14 16:00:00 +01:00,1,1
AT,AT.0008.20.AQ,NET.09,STA.09.AKC,,SPO.09.AKC.5066.6001.1,SPP.09.AKC.5066.6001.1.11325,SAM.09.AKC.5066.6001.1,PM2.5,http://dd.eionet.europa.eu/vocabulary/aq/pollutant/6001,hour,9.3231506300,µg/m3,2018-06-14 16:00:00 +01:00,2018-06-14 17:00:00 +01:00,1,1
AT,AT.0008.20.AQ,NET.09,STA.09.AKC,,SPO.09.AKC.5066.6001.1,SPP.09.AKC.5066.6001.1.11325,SAM.09.AKC.5066.6001.1,PM2.5,http://dd.eionet.europa.eu/vocabulary/aq/pollutant/6001,hour,9.0152997900,µg/m3,2018-06-14 17:00:00 +01:00,2018-06-14 18:00:00 +01:00,1,1
AT,AT.0008.20.AQ,NET.09,STA.09.AKC,,SPO.09.AKC.5066.6001.1,SPP.09.AKC.5066.6001.1.11325,SAM.09.AKC.5066.6001.1,PM2.5,http://dd.eionet.europa.eu/vocabulary/aq/pollutant/6001,hour,10.0110492700,µg/m3,2018-06-14 18:00:00 +01:00,2018-06-14 19:00:00 +01:00,1,1
AT,AT.0008.20.AQ,NET.09,STA.09.AKC,,SPO.09.AKC.5066.6001.1,SPP.09.AKC.5066.6001.1.11325,SAM.09.AKC.5066.6001.1,PM2.5,http://dd.eionet.europa.eu/vocabulary/aq/pollutant/6001,hour,11.0820007300,µg/m3,2018-06-14 19:00:00 +01:00,2018-06-14 20:00:00 +01:00,1,1
AT,AT.0008.20.AQ,NET.09,STA.09.AKC,,SPO.09.AKC.5066.6001.1,SPP.09.AKC.5066.6001.1.11325,SAM.09.AKC.5066.6001.1,PM2.5,http://dd.eionet.europa.eu/vocabulary/aq/pollutant/6001,hour,12.1014995500,µg/m3,2018-06-14 21:00:00 +01:00,2018-06-14 22:00:00 +01:00,1,1
AT,AT.0008.20.AQ,NET.09,STA.09.AKC,,SPO.09.AKC.5066.6001.1,SPP.09.AKC.5066.6001.1.11325,SAM.09.AKC.5066.6001.1,PM2.5,http://dd.eionet.europa.eu/vocabulary/aq/pollutant/6001,hour,11.9495000800,µg/m3,2018-06-14 22:00:00 +01:00,2018-06-14 23:00:00 +01:00,1,1
AT,AT.0008.20.AQ,NET.09,STA.09.AKC,,SPO.09.AKC.5066.6001.1,SPP.09.AKC.5066.6001.1.11325,SAM.09.AKC.5066.6001.1,PM2.5,http://dd.eionet.europa.eu/vocabulary/aq/pollutant/6001,hour,11.3234996700,µg/m3,2018-06-14 23:00:00 +01:00,2018-06-15 00:00:00 +01:00,1,1
AT,AT.0008.20.AQ,NET.09,STA.09.AKC,,SPO.09.AKC.5066.6001.1,SPP.09.AKC.5066.6001.1.11325,SAM.09.AKC.5066.6001.1,PM2.5,http://dd.eionet.europa.eu/vocabulary/aq/pollutant/6001,hour,11.0319995800,µg/m3,2018-06-15 00:00:00 +01:00,2018-06-15 01:00:00 +01:00,1,1
AT,AT.0008.20.AQ,NET.09,STA.09.AKC,,SPO.09.AKC.5066.6001.1,SPP.09.AKC.5066.6001.1.11325,SAM.09.AKC.5066.6001.1,PM2.5,http://dd.eionet.europa.eu/vocabulary/aq/pollutant/6001,hour,10.5989999700,µg/m3,2018-06-15 02:00:00 +01:00,2018-06-15 03:00:00 +01:00,1,1
AT,AT.0008.20.AQ,NET.09,STA.09.AKC,,SPO.09.AKC.5066.6001.1,SPP.09.AKC.5066.6001.1.11325,SAM.09.AKC.5066.6001.1,PM2.5,http://dd.eionet.europa.eu/vocabulary/aq/pollutant/6001,hour,10.3159999800,µg/m3,2018-06-15 03:00:00 +01:00,2018-06-15 04:00:00 +01:00,1,1
AT,AT.0008.20.AQ,NET.09,STA.09.AKC,,SPO.09.AKC.5066.6001.1,SPP.09.AKC.5066.6001.1.11325,SAM.09.AKC.5066.6001.1,PM2.5,http://dd.eionet.europa.eu/vocabulary/aq/pollutant/6001,hour,10.1555004100,µg/m3,2018-06-15 04:00:00 +01:00,2018-06-15 05:00:00 +01:00,1,1
AT,AT.0008.20.AQ,NET.09,STA.09.AKC,,SPO.09.AKC.5066.6001.1,SPP.09.AKC.5066.6001.1.11325,SAM.09.AKC.5066.6001.1,PM2.5,http://dd.eionet.europa.eu/vocabulary/aq/pollutant/6001,hour,10.5190000500,µg/m3,2018-06-15 05:00:00 +01:00,2018-06-15 06:00:00 +01:00,1,1
AT,AT.0008.20.AQ,NET.09,STA.09.AKC,,SPO.09.AKC.5066.6001.1,SPP.09.AKC.5066.6001.1.11325,SAM.09.AKC.5066.6001.1,PM2.5,http://dd.eionet.europa.eu/vocabulary/aq/pollutant/6001,hour,10.5825004500,µg/m3,2018-06-15 06:00:00 +01:00,2018-06-15 07:00:00 +01:00,1,1
AT,AT.0008.20.AQ,NET.09,STA.09.AKC,,SPO.09.AKC.5066.6001.1,SPP.09.AKC.5066.6001.1.11325,SAM.09.AKC.5066.6001.1,PM2.5,http://dd.eionet.europa.eu/vocabulary/aq/pollutant/6001,hour,10.4652996000,µg/m3,2018-06-15 09:00:00 +01:00,2018-06-15 10:00:00 +01:00,1,1
AT,AT.0008.20.AQ,NET.09,STA.09.AKC,,SPO.09.AKC.5066.6001.1,SPP.09.AKC.5066.6001.1.11325,SAM.09.AKC.5066.6001.1,PM2.5,http://dd.eionet.europa.eu/vocabulary/aq/pollutant/6001,hour,9.0664997100,µg/m3,2018-06-15 10:00:00 +01:00,2018-06-15 11:00:00 +01:00,1,1
AT,AT.0008.20.AQ,NET.09,STA.09.AKC,,SPO.09.AKC.5066.6001.1,SPP.09.AKC.5066.6001.1.11325,SAM.09.AKC.5066.6001.1,PM2.5,http://dd.eionet.europa.eu/vocabulary/aq/pollutant/6001,hour,8.1456003100,µg/m3,2018-06-15 11:00:00 +01:00,2018-06-15 12:00:00 +01:00,1,1
AT,AT.0008.20.AQ,NET.09,STA.09.AKC,,SPO.09.AKC.5066.6001.1,SPP.09.AKC.5066.6001.1.11325,SAM.09.AKC.5066.6001.1,PM2.5,http://dd.eionet.europa.eu/vocabulary/aq/pollutant/6001,hour,7.4727497100,µg/m3,2018-06-15 12:00:00 +01:00,2018-06-15 13:00:00 +01:00,1,1
AT,AT.0008.20.AQ,NET.09,STA.09.AKC,,SPO.09.AKC.5066.6001.1,SPP.09.AKC.5066.6001.1.11325,SAM.09.AKC.5066.6001.1,PM2.5,http://dd.eionet.europa.eu/vocabulary/aq/pollutant/6001,hour,7.5130500700,µg/m3,2018-06-15 16:00:00 +01:00,2018-06-15 17:00:00 +01:00,1,1
AT,AT.0008.20.AQ,NET.09,STA.09.AKC,,SPO.09.AKC.5066.6001.1,SPP.09.AKC.5066.6001.1.11325,SAM.09.AKC.5066.6001.1,PM2.5,http://dd.eionet.europa.eu/vocabulary/aq/pollutant/6001,hour,7.8100500100,µg/m3,2018-06-15 17:00:00 +01:00,2018-06-15 18:00:00 +01:00,1,1
AT,AT.0008.20.AQ,NET.09,STA.09.AKC,,SPO.09.AKC.5066.6001.1,SPP.09.AKC.5066.6001.1.11325,SAM.09.AKC.5066.6001.1,PM2.5,http://dd.eionet.europa.eu/vocabulary/aq/pollutant/6001,hour,8.5368003800,µg/m3,2018-06-15 19:00:00 +01:00,2018-06-15 20:00:00 +01:00,1,1
AT,AT.0008.20.AQ,NET.09,STA.09.AKC,,SPO.09.AKC.5066.6001.1,SPP.09.AKC.5066.6001.1.11325,SAM.09.AKC.5066.6001.1,PM2.5,http://dd.eionet.europa.eu/vocabulary/aq/pollutant/6001,hour,8.9090499800,µg/m3,2018-06-15 20:00:00 +01:00,2018-06-15 21:00:00 +01:00,1,1
AT,AT.0008.20.AQ,NET.09,STA.09.AKC,,SPO.09.AKC.5066.6001.1,SPP.09.AKC.5066.6001.1.11325,SAM.09.AKC.5066.6001.1,PM2.5,http://dd.eionet.europa.eu/vocabulary/aq/pollutant/6001,hour,8.8594503400,µg/m3,2018-06-15 21:00:00 +01:00,2018-06-15 22:00:00 +01:00,1,1
AT,AT.0008.20.AQ,NET.09,STA.09.AKC,,SPO.09.AKC.5066.6001.1,SPP.09.AKC.5066.6001.1.11325,SAM.09.AKC.5066.6001.1,PM2.5,http://dd.eionet.europa.eu/vocabulary/aq/pollutant/6001,hour,9.1997499400,µg/m3,2018-06-15 22:00:00 +01:00,2018-06-15 23:00:00 +01:00,1,1
AT,AT.0008.20.AQ,NET.09,STA.09.AKC,,SPO.09.AKC.5066.6001.1,SPP.09.AKC.5066.6001.1.11325,SAM.09.AKC.5066.6001.1,PM2.5,http://dd.eionet.europa.eu/vocabulary/aq/pollutant/6001,hour,9.8540992700,µg/m3,2018-06-16 00:00:00 +01:00,2018-06-16 01:00:00 +01:00,1,1
AT,AT.0008.20.AQ,NET.09,STA.09.AKC,,SPO.09.AKC.5066.6001.1,SPP.09.AKC.5066.6001.1.11325,SAM.09.AKC.5066.6001.1,PM2.5,http://dd.eionet.europa.eu/vocabulary/aq/pollutant/6001,hour,10.1735000600,µg/m3,2018-06-16 04:00:00 +01:00,2018-06-16 05:00:00 +01:00,1,1
AT,AT.0008.20.AQ,NET.09,STA.09.AKC,,SPO.09.AKC.5066.6001.1,SPP.09.AKC.5066.6001.1.11325,SAM.09.AKC.5066.6001.1,PM2.5,http://dd.eionet.europa.eu/vocabulary/aq/pollutant/6001,hour,9.3941001800,µg/m3,2018-06-16 06:00:00 +01:00,2018-06-16 07:00:00 +01:00,1,1
AT,AT.0008.20.AQ,NET.09,STA.09.AKC,,SPO.09.AKC.5066.6001.1,SPP.09.AKC.5066.6001.1.11325,SAM.09.AKC.5066.6001.1,PM2.5,http://dd.eionet.europa.eu/vocabulary/aq/pollutant/6001,hour,9.1989498100,µg/m3,2018-06-16 07:00:00 +01:00,2018-06-16 08:00:00 +01:00,1,1
AT,AT.0008.20.AQ,NET.09,STA.09.AKC,,SPO.09.AKC.5066.6001.1,SPP.09.AKC.5066.6001.1.11325,SAM.09.AKC.5066.6001.1,PM2.5,http://dd.eionet.europa.eu/vocabulary/aq/pollutant/6001,hour,8.7972497900,µg/m3,2018-06-16 08:00:00 +01:00,2018-06-16 09:00:00 +01:00,1,1
AT,AT.0008.20.AQ,NET.09,STA.09.AKC,,SPO.09.AKC.5066.6001.1,SPP.09.AKC.5066.6001.1.11325,SAM.09.AKC.5066.6001.1,PM2.5,http://dd.eionet.europa.eu/vocabulary/aq/pollutant/6001,hour,8.0263500200,µg/m3,2018-06-16 09:00:00 +01:00,2018-06-16 10:00:00 +01:00,1,1
AT,AT.0008.20.AQ,NET.09,STA.09.AKC,,SPO.09.AKC.5066.6001.1,SPP.09.AKC.5066.6001.1.11325,SAM.09.AKC.5066.6001.1,PM2.5,http://dd.eionet.europa.eu/vocabulary/aq/pollutant/6001,hour,6.9188995300,µg/m3,2018-06-16 10:00:00 +01:00,2018-06-16 11:00:00 +01:00,1,1
AT,AT.0008.20.AQ,NET.09,STA.09.AKC,,SPO.09.AKC.5066.6001.1,SPP.09.AKC.5066.6001.1.11325,SAM.09.AKC.5066.6001.1,PM2.5,http://dd.eionet.europa.eu/vocabulary/aq/pollutant/6001,hour,6.0938000600,µg/m3,2018-06-16 12:00:00 +01:00,2018-06-16 13:00:00 +01:00,1,1
AT,AT.0008.20.AQ,NET.09,STA.09.AKC,,SPO.09.AKC.5066.6001.1,SPP.09.AKC.5066.6001.1.11325,SAM.09.AKC.5066.6001.1,PM2.5,http://dd.eionet.europa.eu/vocabulary/aq/pollutant/6001,hour,6.8588500000,µg/m3,2018-06-16 13:00:00 +01:00,2018-06-16 14:00:00 +01:00,1,1
AT,AT.0008.20.AQ,NET.09,STA.09.AKC,,SPO.09.AKC.5066.6001.1,SPP.09.AKC.5066.6001.1.11325,SAM.09.AKC.5066.6001.1,PM2.5,http://dd.eionet.europa.eu/vocabulary/aq/pollutant/6001,hour,6.9480500200,µg/m3,2018-06-16 15:00:00 +01:00,2018-06-16 16:00:00 +01:00,1,1
AT,AT.0008.20.AQ,NET.09,STA.09.AKC,,SPO.09.AKC.5066.6001.1,SPP.09.AKC.5066.6001.1.11325,SAM.09.AKC.5066.6001.1,PM2.5,http://dd.eionet.europa.eu/vocabulary/aq/pollutant/6001,hour,6.9853000600,µg/m3,2018-06-16 16:00:00 +01:00,2018-06-16 17:00:00 +01:00,1,1
AT,AT.0008.20.AQ,NET.09,STA.09.AKC,,SPO.09.AKC.5066.6001.1,SPP.09.AKC.5066.6001.1.11325,SAM.09.AKC.5066.6001.1,PM2.5,http://dd.eionet.europa.eu/vocabulary/aq/pollutant/6001,hour,8.5360002500,µg/m3,2018-06-16 18:00:00 +01:00,2018-06-16 19:00:00 +01:00,1,1
AT,AT.0008.20.AQ,NET.09,STA.09.AKC,,SPO.09.AKC.5066.6001.1,SPP.09.AKC.5066.6001.1.11325,SAM.09.AKC.5066.6001.1,PM2.5,http://dd.eionet.europa.eu/vocabulary/aq/pollutant/6001,hour,7.8703002900,µg/m3,2018-06-16 19:00:00 +01:00,2018-06-16 20:00:00 +01:00,1,1
AT,AT.0008.20.AQ,NET.09,STA.09.AKC,,SPO.09.AKC.5066.6001.1,SPP.09.AKC.5066.6001.1.11325,SAM.09.AKC.5066.6001.1,PM2.5,http://dd.eionet.europa.eu/vocabulary/aq/pollutant/6001,hour,7.8800001100,µg/m3,2018-06-16 20:00:00 +01:00,2018-06-16 21:00:00 +01:00,1,1
AT,AT.0008.20.AQ,NET.09,STA.09.AKC,,SPO.09.AKC.5066.6001.1,SPP.09.AKC.5066.6001.1.11325,SAM.09.AKC.5066.6001.1,PM2.5,http://dd.eionet.europa.eu/vocabulary/aq/pollutant/6001,hour,8.5517501800,µg/m3,2018-06-16 22:00:00 +01:00,2018-06-16 23:00:00 +01:00,1,1
AT,AT.0008.20.AQ,NET.09,STA.09.AKC,,SPO.09.AKC.5066.6001.1,SPP.09.AKC.5066.6001.1.11325,SAM.09.AKC.5066.6001.1,PM2.5,http://dd.eionet.europa.eu/vocabulary/aq/pollutant/6001,hour,9.3030500400,µg/m3,2018-06-17 00:00:00 +01:00,2018-06-17 01:00:00 +01:00,1,1
AT,AT.0008.20.AQ,NET.09,STA.09.AKC,,SPO.09.AKC.5066.6001.1,SPP.09.AKC.5066.6001.1.11325,SAM.09.AKC.5066.6001.1,PM2.5,http://dd.eionet.europa.eu/vocabulary/aq/pollutant/6001,hour,11.1210002800,µg/m3,2018-06-17 03:00:00 +01:00,2018-06-17 04:00:00 +01:00,1,1
AT,AT.0008.20.AQ,NET.09,STA.09.AKC,,SPO.09.AKC.5066.6001.1,SPP.09.AKC.5066.6001.1.11325,SAM.09.AKC.5066.6001.1,PM2.5,http://dd.eionet.europa.eu/vocabulary/aq/pollutant/6001,hour,11.5430002200,µg/m3,2018-06-17 04:00:00 +01:00,2018-06-17 05:00:00 +01:00,1,1
AT,AT.0008.20.AQ,NET.09,STA.09.AKC,,SPO.09.AKC.5066.6001.1,SPP.09.AKC.5066.6001.1.11325,SAM.09.AKC.5066.6001.1,PM2.5,http://dd.eionet.europa.eu/vocabulary/aq/pollutant/6001,hour,11.2965002000,µg/m3,2018-06-17 05:00:00 +01:00,2018-06-17 06:00:00 +01:00,1,1
AT,AT.0008.20.AQ,NET.09,STA.09.AKC,,SPO.09.AKC.5066.6001.1,SPP.09.AKC.5066.6001.1.11325,SAM.09.AKC.5066.6001.1,PM2.5,http://dd.eionet.europa.eu/vocabulary/aq/pollutant/6001,hour,10.9670000000,µg/m3,2018-06-17 06:00:00 +01:00,2018-06-17 07:00:00 +01:00,1,1
AT,AT.0008.20.AQ,NET.09,STA.09.AKC,,SPO.09.AKC.5066.6001.1,SPP.09.AKC.5066.6001.1.11325,SAM.09.AKC.5066.6001.1,PM2.5,http://dd.eionet.europa.eu/vocabulary/aq/pollutant/6001,hour,8.8542003600,µg/m3,2018-06-17 09:00:00 +01:00,2018-06-17 10:00:00 +01:00,1,1
AT,AT.0008.20.AQ,NET.09,STA.09.AKC,,SPO.09.AKC.5066.6001.1,SPP.09.AKC.5066.6001.1.11325,SAM.09.AKC.5066.6001.1,PM2.5,http://dd.eionet.europa.eu/vocabulary/aq/pollutant/6001,hour,7.7623500800,µg/m3,2018-06-17 10:00:00 +01:00,2018-06-17 11:00:00 +01:00,1,1
AT,AT.0008.20.AQ,NET.09,STA.09.AKC,,SPO.09.AKC.5066.6001.1,SPP.09.AKC.5066.6001.1.11325,SAM.09.AKC.5066.6001.1,PM2.5,http://dd.eionet.europa.eu/vocabulary/aq/pollutant/6001,hour,6.6669998100,µg/m3,2018-06-17 13:00:00 +01:00,2018-06-17 14:00:00 +01:00,1,1
AT,AT.0008.20.AQ,NET.09,STA.09.AKC,,SPO.09.AKC.5066.6001.1,SPP.09.AKC.5066.6001.1.11325,SAM.09.AKC.5066.6001.1,PM2.5,http://dd.eionet.europa.eu/vocabulary/aq/pollutant/6001,hour,8.7520503900,µg/m3,2018-06-17 15:00:00 +01:00,2018-06-17 16:00:00 +01:00,1,1
AT,AT.0008.20.AQ,NET.09,STA.09.AKC,,SPO.09.AKC.5066.6001.1,SPP.09.AKC.5066.6001.1.11325,SAM.09.AKC.5066.6001.1,PM2.5,http://dd.eionet.europa.eu/vocabulary/aq/pollutant/6001,hour,9.8270502000,µg/m3,2018-06-17 17:00:00 +01:00,2018-06-17 18:00:00 +01:00,1,1
AT,AT.0008.20.AQ,NET.09,STA.09.AKC,,SPO.09.AKC.5066.6001.1,SPP.09.AKC.5066.6001.1.11325,SAM.09.AKC.5066.6001.1,PM2.5,http://dd.eionet.europa.eu/vocabulary/aq/pollutant/6001,hour,9.3887996600,µg/m3,2018-06-17 18:00:00 +01:00,2018-06-17 19:00:00 +01:00,1,1
AT,AT.0008.20.AQ,NET.09,STA.09.AKC,,SPO.09.AKC.5066.6001.1,SPP.09.AKC.5066.6001.1.11325,SAM.09.AKC.5066.6001.1,PM2.5,http://dd.eionet.europa.eu/vocabulary/aq/pollutant/6001,hour,9.1829500100,µg/m3,2018-06-17 20:00:00 +01:00,2018-06-17 21:00:00 +01:00,1,1
AT,AT.0008.20.AQ,NET.09,STA.09.AKC,,SPO.09.AKC.5066.6001.1,SPP.09.AKC.5066.6001.1.11325,SAM.09.AKC.5066.6001.1,PM2.5,http://dd.eionet.europa.eu/vocabulary/aq/pollutant/6001,hour,9.9586496300,µg/m3,2018-06-17 21:00:00 +01:00,2018-06-17 22:00:00 +01:00,1,1
AT,AT.0008.20.AQ,NET.09,STA.09.AKC,,SPO.09.AKC.5066.6001.1,SPP.09.AKC.5066.6001.1.11325,SAM.09.AKC.5066.6001.1,PM2.5,http://dd.eionet.europa.eu/vocabulary/aq/pollutant/6001,hour,10.6035003600,µg/m3,2018-06-17 22:00:00 +01:00,2018-06-17 23:00:00 +01:00,1,1
AT,AT.0008.20.AQ,NET.09,STA.09.AKC,,SPO.09.AKC.5066.6001.1,SPP.09.AKC.5066.6001.1.11325,SAM.09.AKC.5066.6001.1,PM2.5,http://dd.eionet.europa.eu/vocabulary/aq/pollutant/6001,hour,9.8537006300,µg/m3,2018-06-18 00:00:00 +01:00,2018-06-18 01:00:00 +01:00,1,1
AT,AT.0008.20.AQ,NET.09,STA.09.AKC,,SPO.09.AKC.5066.6001.1,SPP.09.AKC.5066.6001.1.11325,SAM.09.AKC.5066.6001.1,PM2.5,http://dd.eionet.europa.eu/vocabulary/aq/pollutant/6001,hour,8.4349002800,µg/m3,2018-06-18 02:00:00 +01:00,2018-06-18 03:00:00 +01:00,1,1
AT,AT.0008.20.AQ,NET.09,STA.09.AKC,,SPO.09.AKC.5066.6001.1,SPP.09.AKC.5066.6001.1.11325,SAM.09.AKC.5066.6001.1,PM2.5,http://dd.eionet.europa.eu/vocabulary/aq/pollutant/6001,hour,8.1422996500,µg/m3,2018-06-18 03:00:00 +01:00,2018-06-18 04:00:00 +01:00,1,1
AT,AT.0008.20.AQ,NET.09,STA.09.AKC,,SPO.09.AKC.5066.6001.1,SPP.09.AKC.5066.6001.1.11325,SAM.09.AKC.5066.6001.1,PM2.5,http://dd.eionet.europa.eu/vocabulary/aq/pollutant/6001,hour,8.3280506100,µg/m3,2018-06-18 04:00:00 +01:00,2018-06-18 05:00:00 +01:00,1,1
AT,AT.0008.20.AQ,NET.09,STA.09.AKC,,SPO.09.AKC.5066.6001.1,SPP.09.AKC.5066.6001.1.11325,SAM.09.AKC.5066.6001.1,PM2.5,http://dd.eionet.europa.eu/vocabulary/aq/pollutant/6001,hour,9.4006500200,µg/m3,2018-06-18 05:00:00 +01:00,2018-06-18 06:00:00 +01:00,1,1
AT,AT.0008.20.AQ,NET.09,STA.09.AKC,,SPO.09.AKC.5066.6001.1,SPP.09.AKC.5066.6001.1.11325,SAM.09.AKC.5066.6001.1,PM2.5,http://dd.eionet.europa.eu/vocabulary/aq/pollutant/6001,hour,8.9365005400,µg/m3,2018-06-18 07:00:00 +01:00,2018-06-18 08:00:00 +01:00,1,1
AT,AT.0008.20.AQ,NET.09,STA.09.AKC,,SPO.09.AKC.5066.6001.1,SPP.09.AKC.5066.6001.1.11325,SAM.09.AKC.5066.6001.1,PM2.5,http://dd.eionet.europa.eu/vocabulary/aq/pollutant/6001,hour,6.8990998200,µg/m3,2018-06-18 10:00:00 +01:00,2018-06-18 11:00:00 +01:00,1,1
AT,AT.0008.20.AQ,NET.09,STA.09.AKC,,SPO.09.AKC.5066.6001.1,SPP.09.AKC.5066.6001.1.11325,SAM.09.AKC.5066.6001.1,PM2.5,http://dd.eionet.europa.eu/vocabulary/aq/pollutant/6001,hour,5.1993999400,µg/m3,2018-06-18 12:00:00 +01:00,2018-06-18 13:00:00 +01:00,1,1
AT,AT.0008.20.AQ,NET.09,STA.09.AKC,,SPO.09.AKC.5066.6001.1,SPP.09.AKC.5066.6001.1.11325,SAM.09.AKC.5066.6001.1,PM2.5,http://dd.eionet.europa.eu/vocabulary/aq/pollutant/6001,hour,4.8930501900,µg/m3,2018-06-18 13:00:00 +01:00,2018-06-18 14:00:00 +01:00,1,1
AT,AT.0008.20.AQ,NET.09,STA.09.AKC,,SPO.09.AKC.5066.6001.1,SPP.09.AKC.5066.6001.1.11325,SAM.09.AKC.5066.6001.1,PM2.5,http://dd.eionet.europa.eu/vocabulary/aq/pollutant/6001,hour,3.7718501000,µg/m3,2018-06-18 15:00:00 +01:00,2018-06-18 16:00:00 +01:00,1,1
AT,AT.0008.20.AQ,NET.09,STA.09.AKC,,SPO.09.AKC.5066.6001.1,SPP.09.AKC.5066.6001.1.11325,SAM.09.AKC.5066.6001.1,PM2.5,http://dd.eionet.europa.eu/vocabulary/aq/pollutant/6001,hour,4.0566501600,µg/m3,2018-06-18 16:00:00 +01:00,2018-06-18 17:00:00 +01:00,1,1
AT,AT.0008.20.AQ,NET.09,STA.09.AKC,,SPO.09.AKC.5066.6001.1,SPP.09.AKC.5066.6001.1.11325,SAM.09.AKC.5066.6001.1,PM2.5,http://dd.eionet.europa.eu/vocabulary/aq/pollutant/6001,hour,5.3358497600,µg/m3,2018-06-18 19:00:00 +01:00,2018-06-18 20:00:00 +01:00,1,1
AT,AT.0008.20.AQ,NET.09,STA.09.AKC,,SPO.09.AKC.5066.6001.1,SPP.09.AKC.5066.6001.1.11325,SAM.09.AKC.5066.6001.1,PM2.5,http://dd.eionet.europa.eu/vocabulary/aq/pollutant/6001,hour,5.5924501400,µg/m3,2018-06-18 23:00:00 +01:00,2018-06-19 00:00:00 +01:00,1,1
AT,AT.0008.20.AQ,NET.09,STA.09.AKC,,SPO.09.AKC.5066.6001.1,SPP.09.AKC.5066.6001.1.11325,SAM.09.AKC.5066.6001.1,PM2.5,http://dd.eionet.europa.eu/vocabulary/aq/pollutant/6001,hour,6.1674499500,µg/m3,2018-06-19 01:00:00 +01:00,2018-06-19 02:00:00 +01:00,1,1
AT,AT.0008.20.AQ,NET.09,STA.09.AKC,,SPO.09.AKC.5066.6001.1,SPP.09.AKC.5066.6001.1.11325,SAM.09.AKC.5066.6001.1,PM2.5,http://dd.eionet.europa.eu/vocabulary/aq/pollutant/6001,hour,6.4101500500,µg/m3,2018-06-19 02:00:00 +01:00,2018-06-19 03:00:00 +01:00,1,1
AT,AT.0008.20.AQ,NET.09,STA.09.AKC,,SPO.09.AKC.5066.6001.1,SPP.09.AKC.5066.6001.1.11325,SAM.09.AKC.5066.6001.1,PM2.5,http://dd.eionet.europa.eu/vocabulary/aq/pollutant/6001,hour,6.0367002400,µg/m3,2018-06-19 06:00:00 +01:00,2018-06-19 07:00:00 +01:00,1,1
AT,AT.0008.20.AQ,NET.09,STA.09.AKC,,SPO.09.AKC.5066.6001.1,SPP.09.AKC.5066.6001.1.11325,SAM.09.AKC.5066.6001.1,PM2.5,http://dd.eionet.europa.eu/vocabulary/aq/pollutant/6001,hour,6.1180000300,µg/m3,2018-06-19 07:00:00 +01:00,2018-06-19 08:00:00 +01:00,1,1
AT,AT.0008.20.AQ,NET.09,STA.09.AKC,,SPO.09.AKC.5066.6001.1,SPP.09.AKC.5066.6001.1.11325,SAM.09.AKC.5066.6001.1,PM2.5,http://dd.eionet.europa.eu/vocabulary/aq/pollutant/6001,hour,6.1514997400,µg/m3,2018-06-19 09:00:00 +01:00,2018-06-19 10:00:00 +01:00,1,1
AT,AT.0008.20.AQ,NET.09,STA.09.AKC,,SPO.09.AKC.5066.6001.1,SPP.09.AKC.5066.6001.1.11325,SAM.09.AKC.5066.6001.1,PM2.5,http://dd.eionet.europa.eu/vocabulary/aq/pollutant/6001,hour,4.4219999300,µg/m3,2018-06-19 12:00:00 +01:00,2018-06-19 13:00:00 +01:00,1,1
AT,AT.0008.20.AQ,NET.09,STA.09.AKC,,SPO.09.AKC.5066.6001.1,SPP.09.AKC.5066.6001.1.11325,SAM.09.AKC.5066.6001.1,PM2.5,http://dd.eionet.europa.eu/vocabulary/aq/pollutant/6001,hour,4.4210000000,µg/m3,2018-06-19 13:00:00 +01:00,2018-06-19 14:00:00 +01:00,1,1
AT,AT.0008.20.AQ,NET.09,STA.09.AKC,,SPO.09.AKC.5066.6001.1,SPP.09.AKC.5066.6001.1.11325,SAM.09.AKC.5066.6001.1,PM2.5,http://dd.eionet.europa.eu/vocabulary/aq/pollutant/6001,hour,3.4407501200,µg/m3,2018-06-19 16:00:00 +01:00,2018-06-19 17:00:00 +01:00,1,1
AT,AT.0008.20.AQ,NET.09,STA.09.AKC,,SPO.09.AKC.5066.6001.1,SPP.09.AKC.5066.6001.1.11325,SAM.09.AKC.5066.6001.1,PM2.5,http://dd.eionet.europa.eu/vocabulary/aq/pollutant/6001,hour,3.3222999500,µg/m3,2018-06-19 17:00:00 +01:00,2018-06-19 18:00:00 +01:00,1,1
AT,AT.0008.20.AQ,NET.09,STA.09.AKC,,SPO.09.AKC.5066.6001.1,SPP.09.AKC.5066.6001.1.11325,SAM.09.AKC.5066.6001.1,PM2.5,http://dd.eionet.europa.eu/vocabulary/aq/pollutant/6001,hour,3.4854998500,µg/m3,2018-06-19 19:00:00 +01:00,2018-06-19 20:00:00 +01:00,1,1
AT,AT.0008.20.AQ,NET.09,STA.09.AKC,,SPO.09.AKC.5066.6001.1,SPP.09.AKC.5066.6001.1.11325,SAM.09.AKC.5066.6001.1,PM2.5,http://dd.eionet.europa.eu/vocabulary/aq/pollutant/6001,hour,4.1696500700,µg/m3,2018-06-19 21:00:00 +01:00,2018-06-19 22:00:00 +01:00,1,1
AT,AT.0008.20.AQ,NET.09,STA.09.AKC,,SPO.09.AKC.5066.6001.1,SPP.09.AKC.5066.6001.1.11325,SAM.09.AKC.5066.6001.1,PM2.5,http://dd.eionet.europa.eu/vocabulary/aq/pollutant/6001,hour,5.1079502100,µg/m3,2018-06-20 01:00:00 +01:00,2018-06-20 02:00:00 +01:00,1,1
AT,AT.0008.20.AQ,NET.09,STA.09.AKC,,SPO.09.AKC.5066.6001.1,SPP.09.AKC.5066.6001.1.11325,SAM.09.AKC.5066.6001.1,PM2.5,http://dd.eionet.europa.eu/vocabulary/aq/pollutant/6001,hour,5.5759496600,µg/m3,2018-06-20 02:00:00 +01:00,2018-06-20 03:00:00 +01:00,1,1
AT,AT.0008.20.AQ,NET.09,STA.09.AKC,,SPO.09.AKC.5066.6001.1,SPP.09.AKC.5066.6001.1.11325,SAM.09.AKC.5066.6001.1,PM2.5,http://dd.eionet.europa.eu/vocabulary/aq/pollutant/6001,hour,6.5236001000,µg/m3,2018-06-20 04:00:00 +01:00,2018-06-20 05:00:00 +01:00,1,1
AT,AT.0008.20.AQ,NET.09,STA.09.AKC,,SPO.09.AKC.5066.6001.1,SPP.09.AKC.5066.6001.1.11325,SAM.09.AKC.5066.6001.1,PM2.5,http://dd.eionet.europa.eu/vocabulary/aq/pollutant/6001,hour,7.1477003000,µg/m3,2018-06-20 05:00:00 +01:00,2018-06-20 06:00:00 +01:00,1,1
AT,AT.0008.20.AQ,NET.09,STA.09.AKC,,SPO.09.AKC.5066.6001.1,SPP.09.AKC.5066.6001.1.11325,SAM.09.AKC.5066.6001.1,PM2.5,http://dd.eionet.europa.eu/vocabulary/aq/pollutant/6001,hour,6.6781501700,µg/m3,2018-06-20 07:00:00 +01:00,2018-06-20 08:00:00 +01:00,1,1
AT,AT.0008.20.AQ,NET.09,STA.09.AKC,,SPO.09.AKC.5066.6001.1,SPP.09.AKC.5066.6001.1.11325,SAM.09.AKC.5066.6001.1,PM2.5,http://dd.eionet.europa.eu/vocabulary/aq/pollutant/6001,hour,6.7625999400,µg/m3,2018-06-20 08:00:00 +01:00,2018-06-20 09:00:00 +01:00,1,1
AT,AT.0008.20.AQ,NET.09,STA.09.AKC,,SPO.09.AKC.5066.6001.1,SPP.09.AKC.5066.6001.1.11325,SAM.09.AKC.5066.6001.1,PM2.5,http://dd.eionet.europa.eu/vocabulary/aq/pollutant/6001,hour,7.0373497000,µg/m3,2018-06-20 10:00:00 +01:00,2018-06-20 11:00:00 +01:00,1,1
AT,AT.0008.20.AQ,NET.09,STA.09.AKC,,SPO.09.AKC.5066.6001.1,SPP.09.AKC.5066.6001.1.11325,SAM.09.AKC.5066.6001.1,PM2.5,http://dd.eionet.europa.eu/vocabulary/aq/pollutant/6001,hour,6.6419000600,µg/m3,2018-06-20 12:00:00 +01:00,2018-06-20 13:00:00 +01:00,1,1
AT,AT.0008.20.AQ,NET.09,STA.09.AKC,,SPO.09.AKC.5066.6001.1,SPP.09.AKC.5066.6001.1.11325,SAM.09.AKC.5066.6001.1,PM2.5,http://dd.eionet.europa.eu/vocabulary/aq/pollutant/6001,hour,6.4822502100,µg/m3,2018-06-20 13:00:00 +01:00,2018-06-20 14:00:00 +01:00,1,1
AT,AT.0008.20.AQ,NET.09,STA.09.AKC,,SPO.09.AKC.5066.6001.1,SPP.09.AKC.5066.6001.1.11325,SAM.09.AKC.5066.6001.1,PM2.5,http://dd.eionet.europa.eu/vocabulary/aq/pollutant/6001,hour,6.7194499900,µg/m3,2018-06-20 14:00:00 +01:00,2018-06-20 15:00:00 +01:00,1,1
AT,AT.0008.20.AQ,NET.09,STA.09.AKC,,SPO.09.AKC.5066.6001.1,SPP.09.AKC.5066.6001.1.11325,SAM.09.AKC.5066.6001.1,PM2.5,http://dd.eionet.europa.eu/vocabulary/aq/pollutant/6001,hour,6.6807498900,µg/m3,2018-06-20 16:00:00 +01:00,2018-06-20 17:00:00 +01:00,1,1
AT,AT.0008.20.AQ,NET.09,STA.09.AKC,,SPO.09.AKC.5066.6001.1,SPP.09.AKC.5066.6001.1.11325,SAM.09.AKC.5066.6001.1,PM2.5,http://dd.eionet.europa.eu/vocabulary/aq/pollutant/6001,hour,5.7213497100,µg/m3,2018-06-20 19:00:00 +01:00,2018-06-20 20:00:00 +01:00,1,1
AT,AT.0008.20.AQ,NET.09,STA.09.AKC,,SPO.09.AKC.5066.6001.1,SPP.09.AKC.5066.6001.1.11325,SAM.09.AKC.5066.6001.1,PM2.5,http://dd.eionet.europa.eu/vocabulary/aq/pollutant/6001,hour,7.3452501200,µg/m3,2018-06-20 22:00:00 +01:00,2018-06-20 23:00:00 +01:00,1,1
AT,AT.0008.20.AQ,NET.09,STA.09.AKC,,SPO.09.AKC.5066.6001.1,SPP.09.AKC.5066.6001.1.11325,SAM.09.AKC.5066.6001.1,PM2.5,http://dd.eionet.europa.eu/vocabulary/aq/pollutant/6001,hour,9.1701498000,µg/m3,2018-06-21 00:00:00 +01:00,2018-06-21 01:00:00 +01:00,1,1
AT,AT.0008.20.AQ,NET.09,STA.09.AKC,,SPO.09.AKC.5066.6001.1,SPP.09.AKC.5066.6001.1.11325,SAM.09.AKC.5066.6001.1,PM2.5,http://dd.eionet.europa.eu/vocabulary/aq/pollutant/6001,hour,10.0938997200,µg/m3,2018-06-21 01:00:00 +01:00,2018-06-21 02:00:00 +01:00,1,1
AT,AT.0008.20.AQ,NET.09,STA.09.AKC,,SPO.09.AKC.5066.6001.1,SPP.09.AKC.5066.6001.1.11325,SAM.09.AKC.5066.6001.1,PM2.5,http://dd.eionet.europa.eu/vocabulary/aq/pollutant/6001,hour,10.6170005700,µg/m3,2018-06-21 02:00:00 +01:00,2018-06-21 03:00:00 +01:00,1,1
AT,AT.0008.20.AQ,NET.09,STA.09.AKC,,SPO.09.AKC.5066.6001.1,SPP.09.AKC.5066.6001.1.11325,SAM.09.AKC.5066.6001.1,PM2.5,http://dd.eionet.europa.eu/vocabulary/aq/pollutant/6001,hour,11.0345001200,µg/m3,2018-06-21 03:00:00 +01:00,2018-06-21 04:00:00 +01:00,1,1
AT,AT.0008.20.AQ,NET.09,STA.09.AKC,,SPO.09.AKC.5066.6001.1,SPP.09.AKC.5066.6001.1.11325,SAM.09.AKC.5066.6001.1,PM2.5,http://dd.eionet.europa.eu/vocabulary/aq/pollutant/6001,hour,11.9125003800,µg/m3,2018-06-21 04:00:00 +01:00,2018-06-21 05:00:00 +01:00,1,1
AT,AT.0008.20.AQ,NET.09,STA.09.AKC,,SPO.09.AKC.5066.6001.1,SPP.09.AKC.5066.6001.1.11325,SAM.09.AKC.5066.6001.1,PM2.5,http://dd.eionet.europa.eu/vocabulary/aq/pollutant/6001,hour,12.2325000700,µg/m3,2018-06-21 05:00:00 +01:00,2018-06-21 06:00:00 +01:00,1,1
AT,AT.0008.20.AQ,NET.09,STA.09.AKC,,SPO.09.AKC.5066.6001.1,SPP.09.AKC.5066.6001.1.11325,SAM.09.AKC.5066.6001.1,PM2.5,http://dd.eionet.europa.eu/vocabulary/aq/pollutant/6001,hour,10.0559997500,µg/m3,2018-06-21 07:00:00 +01:00,2018-06-21 08:00:00 +01:00,1,1
AT,AT.0008.20.AQ,NET.09,STA.09.AKC,,SPO.09.AKC.5066.6001.1,SPP.09.AKC.5066.6001.1.11325,SAM.09.AKC.5066.6001.1,PM2.5,http://dd.eionet.europa.eu/vocabulary/aq/pollutant/6001,hour,9.4125499700,µg/m3,2018-06-21 08:00:00 +01:00,2018-06-21 09:00:00 +01:00,1,1
AT,AT.0008.20.AQ,NET.09,STA.09.AKC,,SPO.09.AKC.5066.6001.1,SPP.09.AKC.5066.6001.1.11325,SAM.09.AKC.5066.6001.1,PM2.5,http://dd.eionet.europa.eu/vocabulary/aq/pollutant/6001,hour,8.1105003300,µg/m3,2018-06-21 09:00:00 +01:00,2018-06-21 10:00:00 +01:00,1,1
AT,AT.0008.20.AQ,NET.09,STA.09.AKC,,SPO.09.AKC.5066.6001.1,SPP.09.AKC.5066.6001.1.11325,SAM.09.AKC.5066.6001.1,PM2.5,http://dd.eionet.europa.eu/vocabulary/aq/pollutant/6001,hour,7.6645498200,µg/m3,2018-06-21 10:00:00 +01:00,2018-06-21 11:00:00 +01:00,1,1
AT,AT.0008.20.AQ,NET.09,STA.09.AKC,,SPO.09.AKC.5066.6001.1,SPP.09.AKC.5066.6001.1.11325,SAM.09.AKC.5066.6001.1,PM2.5,http://dd.eionet.europa.eu/vocabulary/aq/pollutant/6001,hour,5.0153503400,µg/m3,2018-06-21 13:00:00 +01:00,2018-06-21 14:00:00 +01:00,1,1
AT,AT.0008.20.AQ,NET.09,STA.09.AKC,,SPO.09.AKC.5066.6001.1,SPP.09.AKC.5066.6001.1.11325,SAM.09.AKC.5066.6001.1,PM2.5,http://dd.eionet.europa.eu/vocabulary/aq/pollutant/6001,hour,5.5623002000,µg/m3,2018-06-21 15:00:00 +01:00,2018-06-21 16:00:00 +01:00,1,1
AT,AT.0008.20.AQ,NET.09,STA.09.AKC,,SPO.09.AKC.5066.6001.1,SPP.09.AKC.5066.6001.1.11325,SAM.09.AKC.5066.6001.1,PM2.5,http://dd.eionet.europa.eu/vocabulary/aq/pollutant/6001,hour,5.0492496400,µg/m3,2018-06-21 18:00:00 +01:00,2018-06-21 19:00:00 +01:00,1,1
AT,AT.0008.20.AQ,NET.09,STA.09.AKC,,SPO.09.AKC.5066.6001.1,SPP.09.AKC.5066.6001.1.11325,SAM.09.AKC.5066.6001.1,PM2.5,http://dd.eionet.europa.eu/vocabulary/aq/pollutant/6001,hour,7.5494995100,µg/m3,2018-06-21 20:00:00 +01:00,2018-06-21 21:00:00 +01:00,1,1
AT,AT.0008.20.AQ,NET.09,STA.09.AKC,,SPO.09.AKC.5066.6001.1,SPP.09.AKC.5066.6001.1.11325,SAM.09.AKC.5066.6001.1,PM2.5,http://dd.eionet.europa.eu/vocabulary/aq/pollutant/6001,hour,9.4966497400,µg/m3,2018-06-21 21:00:00 +01:00,2018-06-21 22:00:00 +01:00,1,1
AT,AT.0008.20.AQ,NET.09,STA.09.AKC,,SPO.09.AKC.5066.6001.1,SPP.09.AKC.5066.6001.1.11325,SAM.09.AKC.5066.6001.1,PM2.5,http://dd.eionet.europa.eu/vocabulary/aq/pollutant/6001,hour,6.6593499100,µg/m3,2018-06-21 22:00:00 +01:00,2018-06-21 23:00:00 +01:00,1,1
AT,AT.0008.20.AQ,NET.09,STA.09.AKC,,SPO.09.AKC.5066.6001.1,SPP.09.AKC.5066.6001.1.11325,SAM.09.AKC.5066.6001.1,PM2.5,http://dd.eionet.europa.eu/vocabulary/aq/pollutant/6001,hour,4.8981504400,µg/m3,2018-06-22 00:00:00 +01:00,2018-06-22 01:00:00 +01:00,1,1
AT,AT.0008.20.AQ,NET.09,STA.09.AKC,,SPO.09.AKC.5066.6001.1,SPP.09.AKC.5066.6001.1.11325,SAM.09.AKC.5066.6001.1,PM2.5,http://dd.eionet.europa.eu/vocabulary/aq/pollutant/6001,hour,4.5573997400,µg/m3,2018-06-22 03:00:00 +01:00,2018-06-22 04:00:00 +01:00,1,1
AT,AT.0008.20.AQ,NET.09,STA.09.AKC,,SPO.09.AKC.5066.6001.1,SPP.09.AKC.5066.6001.1.11325,SAM.09.AKC.5066.6001.1,PM2.5,http://dd.eionet.europa.eu/vocabulary/aq/pollutant/6001,hour,4.8106999300,µg/m3,2018-06-22 04:00:00 +01:00,2018-06-22 05:00:00 +01:00,1,1
AT,AT.0008.20.AQ,NET.09,STA.09.AKC,,SPO.09.AKC.5066.6001.1,SPP.09.AKC.5066.6001.1.11325,SAM.09.AKC.5066.6001.1,PM2.5,http://dd.eionet.europa.eu/vocabulary/aq/pollutant/6001,hour,3.3628501800,µg/m3,2018-06-22 07:00:00 +01:00,2018-06-22 08:00:00 +01:00,1,1
AT,AT.0008.20.AQ,NET.09,STA.09.AKC,,SPO.09.AKC.5066.6001.1,SPP.09.AKC.5066.6001.1.11325,SAM.09.AKC.5066.6001.1,PM2.5,http://dd.eionet.europa.eu/vocabulary/aq/pollutant/6001,hour,4.6313500400,µg/m3,2018-06-22 09:00:00 +01:00,2018-06-22 10:00:00 +01:00,1,1
AT,AT.0008.20.AQ,NET.09,STA.09.AKC,,SPO.09.AKC.5066.6001.1,SPP.09.AKC.5066.6001.1.11325,SAM.09.AKC.5066.6001.1,PM2.5,http://dd.eionet.europa.eu/vocabulary/aq/pollutant/6001,hour,5.0282001400,µg/m3,2018-06-22 10:00:00 +01:00,2018-06-22 11:00:00 +01:00,1,1
AT,AT.0008.20.AQ,NET.09,STA.09.AKC,,SPO.09.AKC.5066.6001.1,SPP.09.AKC.5066.6001.1.11325,SAM.09.AKC.5066.6001.1,PM2.5,http://dd.eionet.europa.eu/vocabulary/aq/pollutant/6001,hour,4.3687000200,µg/m3,2018-06-22 13:00:00 +01:00,2018-06-22 14:00:00 +01:00,1,1
AT,AT.0008.20.AQ,NET.09,STA.09.AKC,,SPO.09.AKC.5066.6001.1,SPP.09.AKC.5066.6001.1.11325,SAM.09.AKC.5066.6001.1,PM2.5,http://dd.eionet.europa.eu/vocabulary/aq/pollutant/6001,hour,3.9751000400,µg/m3,2018-06-22 16:00:00 +01:00,2018-06-22 17:00:00 +01:00,1,1
AT,AT.0008.20.AQ,NET.09,STA.09.AKC,,SPO.09.AKC.5066.6001.1,SPP.09.AKC.5066.6001.1.11325,SAM.09.AKC.5066.6001.1,PM2.5,http://dd.eionet.europa.eu/vocabulary/aq/pollutant/6001,hour,3.7946000000,µg/m3,2018-06-22 17:00:00 +01:00,2018-06-22 18:00:00 +01:00,1,1
AT,AT.0008.20.AQ,NET.09,STA.09.AKC,,SPO.09.AKC.5066.6001.1,SPP.09.AKC.5066.6001.1.11325,SAM.09.AKC.5066.6001.1,PM2.5,http://dd.eionet.europa.eu/vocabulary/aq/pollutant/6001,hour,2.4194500400,µg/m3,2018-06-22 19:00:00 +01:00,2018-06-22 20:00:00 +01:00,1,1
AT,AT.0008.20.AQ,NET.09,STA.09.AKC,,SPO.09.AKC.5066.6001.1,SPP.09.AKC.5066.6001.1.11325,SAM.09.AKC.5066.6001.1,PM2.5,http://dd.eionet.europa.eu/vocabulary/aq/pollutant/6001,hour,1.9988999300,µg/m3,2018-06-22 20:00:00 +01:00,2018-06-22 21:00:00 +01:00,1,1
AT,AT.0008.20.AQ,NET.09,STA.09.AKC,,SPO.09.AKC.5066.6001.1,SPP.09.AKC.5066.6001.1.11325,SAM.09.AKC.5066.6001.1,PM2.5,http://dd.eionet.europa.eu/vocabulary/aq/pollutant/6001,hour,3.0829000400,µg/m3,2018-06-22 22:00:00 +01:00,2018-06-22 23:00:00 +01:00,1,1
AT,AT.0008.20.AQ,NET.09,STA.09.AKC,,SPO.09.AKC.5066.6001.1,SPP.09.AKC.5066.6001.1.11325,SAM.09.AKC.5066.6001.1,PM2.5,http://dd.eionet.europa.eu/vocabulary/aq/pollutant/6001,hour,3.1145501100,µg/m3,2018-06-22 23:00:00 +01:00,2018-06-23 00:00:00 +01:00,1,1
AT,AT.0008.20.AQ,NET.09,STA.09.AKC,,SPO.09.AKC.5066.6001.1,SPP.09.AKC.5066.6001.1.11325,SAM.09.AKC.5066.6001.1,PM2.5,http://dd.eionet.europa.eu/vocabulary/aq/pollutant/6001,hour,3.0230998900,µg/m3,2018-06-23 00:00:00 +01:00,2018-06-23 01:00:00 +01:00,1,1
AT,AT.0008.20.AQ,NET.09,STA.09.AKC,,SPO.09.AKC.5066.6001.1,SPP.09.AKC.5066.6001.1.11325,SAM.09.AKC.5066.6001.1,PM2.5,http://dd.eionet.europa.eu/vocabulary/aq/pollutant/6001,hour,3.5653500500,µg/m3,2018-06-23 02:00:00 +01:00,2018-06-23 03:00:00 +01:00,1,1
AT,AT.0008.20.AQ,NET.09,STA.09.AKC,,SPO.09.AKC.5066.6001.1,SPP.09.AKC.5066.6001.1.11325,SAM.09.AKC.5066.6001.1,PM2.5,http://dd.eionet.europa.eu/vocabulary/aq/pollutant/6001,hour,3.2774000100,µg/m3,2018-06-23 03:00:00 +01:00,2018-06-23 04:00:00 +01:00,1,1
AT,AT.0008.20.AQ,NET.09,STA.09.AKC,,SPO.09.AKC.5066.6001.1,SPP.09.AKC.5066.6001.1.11325,SAM.09.AKC.5066.6001.1,PM2.5,http://dd.eionet.europa.eu/vocabulary/aq/pollutant/6001,hour,3.3959999000,µg/m3,2018-06-23 04:00:00 +01:00,2018-06-23 05:00:00 +01:00,1,1
AT,AT.0008.20.AQ,NET.09,STA.09.AKC,,SPO.09.AKC.5066.6001.1,SPP.09.AKC.5066.6001.1.11325,SAM.09.AKC.5066.6001.1,PM2.5,http://dd.eionet.europa.eu/vocabulary/aq/pollutant/6001,hour,4.3266496600,µg/m3,2018-06-23 05:00:00 +01:00,2018-06-23 06:00:00 +01:00,1,1
AT,AT.0008.20.AQ,NET.09,STA.09.AKC,,SPO.09.AKC.5066.6001.1,SPP.09.AKC.5066.6001.1.11325,SAM.09.AKC.5066.6001.1,PM2.5,http://dd.eionet.europa.eu/vocabulary/aq/pollutant/6001,hour,4.9651498700,µg/m3,2018-06-23 06:00:00 +01:00,2018-06-23 07:00:00 +01:00,1,1
AT,AT.0008.20.AQ,NET.09,STA.09.AKC,,SPO.09.AKC.5066.6001.1,SPP.09.AKC.5066.6001.1.11325,SAM.09.AKC.5066.6001.1,PM2.5,http://dd.eionet.europa.eu/vocabulary/aq/pollutant/6001,hour,5.5508499100,µg/m3,2018-06-23 07:00:00 +01:00,2018-06-23 08:00:00 +01:00,1,1
AT,AT.0008.20.AQ,NET.09,STA.09.AKC,,SPO.09.AKC.5066.6001.1,SPP.09.AKC.5066.6001.1.11325,SAM.09.AKC.5066.6001.1,PM2.5,http://dd.eionet.europa.eu/vocabulary/aq/pollutant/6001,hour,5.4329996100,µg/m3,2018-06-23 08:00:00 +01:00,2018-06-23 09:00:00 +01:00,1,1
AT,AT.0008.20.AQ,NET.09,STA.09.AKC,,SPO.09.AKC.5066.6001.1,SPP.09.AKC.5066.6001.1.11325,SAM.09.AKC.5066.6001.1,PM2.5,http://dd.eionet.europa.eu/vocabulary/aq/pollutant/6001,hour,5.8151998500,µg/m3,2018-06-23 09:00:00 +01:00,2018-06-23 10:00:00 +01:00,1,1
AT,AT.0008.20.AQ,NET.09,STA.09.AKC,,SPO.09.AKC.5066.6001.1,SPP.09.AKC.5066.6001.1.11325,SAM.09.AKC.5066.6001.1,PM2.5,http://dd.eionet.europa.eu/vocabulary/aq/pollutant/6001,hour,6.4164500200,µg/m3,2018-06-23 10:00:00 +01:00,2018-06-23 11:00:00 +01:00,1,1
AT,AT.0008.20.AQ,NET.09,STA.09.AKC,,SPO.09.AKC.5066.6001.1,SPP.09.AKC.5066.6001.1.11325,SAM.09.AKC.5066.6001.1,PM2.5,http://dd.eionet.europa.eu/vocabulary/aq/pollutant/6001,hour,6.0775003400,µg/m3,2018-06-23 12:00:00 +01:00,2018-06-23 13:00:00 +01:00,1,1
AT,AT.0008.20.AQ,NET.09,STA.09.AKC,,SPO.09.AKC.5066.6001.1,SPP.09.AKC.5066.6001.1.11325,SAM.09.AKC.5066.6001.1,PM2.5,http://dd.eionet.europa.eu/vocabulary/aq/pollutant/6001,hour,5.6457500400,µg/m3,2018-06-23 13:00:00 +01:00,2018-06-23 14:00:00 +01:00,1,1
AT,AT.0008.20.AQ,NET.09,STA.09.AKC,,SPO.09.AKC.5066.6001.1,SPP.09.AKC.5066.6001.1.11325,SAM.09.AKC.5066.6001.1,PM2.5,http://dd.eionet.europa.eu/vocabulary/aq/pollutant/6001,hour,4.6761999100,µg/m3,2018-06-23 14:00:00 +01:00,2018-06-23 15:00:00 +01:00,1,1
AT,AT.0008.20.AQ,NET.09,STA.09.AKC,,SPO.09.AKC.5066.6001.1,SPP.09.AKC.5066.6001.1.11325,SAM.09.AKC.5066.6001.1,PM2.5,http://dd.eionet.europa.eu/vocabulary/aq/pollutant/6001,hour,3.3543999100,µg/m3,2018-06-23 19:00:00 +01:00,2018-06-23 20:00:00 +01:00,1,1
AT,AT.0008.20.AQ,NET.09,STA.09.AKC,,SPO.09.AKC.5066.6001.1,SPP.09.AKC.5066.6001.1.11325,SAM.09.AKC.5066.6001.1,PM2.5,http://dd.eionet.europa.eu/vocabulary/aq/pollutant/6001,hour,3.3133001300,µg/m3,2018-06-23 20:00:00 +01:00,2018-06-23 21:00:00 +01:00,1,1
AT,AT.0008.20.AQ,NET.09,STA.09.AKC,,SPO.09.AKC.5066.6001.1,SPP.09.AKC.5066.6001.1.11325,SAM.09.AKC.5066.6001.1,PM2.5,http://dd.eionet.europa.eu/vocabulary/aq/pollutant/6001,hour,3.8095002100,µg/m3,2018-06-23 21:00:00 +01:00,2018-06-23 22:00:00 +01:00,1,1
AT,AT.0008.20.AQ,NET.09,STA.09.AKC,,SPO.09.AKC.5066.6001.1,SPP.09.AKC.5066.6001.1.11325,SAM.09.AKC.5066.6001.1,PM2.5,http://dd.eionet.europa.eu/vocabulary/aq/pollutant/6001,hour,3.9036998700,µg/m3,2018-06-23 23:00:00 +01:00,2018-06-24 00:00:00 +01:00,1,1
AT,AT.0008.20.AQ,NET.09,STA.09.AKC,,SPO.09.AKC.5066.6001.1,SPP.09.AKC.5066.6001.1.11325,SAM.09.AKC.5066.6001.1,PM2.5,http://dd.eionet.europa.eu/vocabulary/aq/pollutant/6001,hour,3.6421999900,µg/m3,2018-06-24 00:00:00 +01:00,2018-06-24 01:00:00 +01:00,1,1
AT,AT.0008.20.AQ,NET.09,STA.09.AKC,,SPO.09.AKC.5066.6001.1,SPP.09.AKC.5066.6001.1.11325,SAM.09.AKC.5066.6001.1,PM2.5,http://dd.eionet.europa.eu/vocabulary/aq/pollutant/6001,hour,3.8351500000,µg/m3,2018-06-24 01:00:00 +01:00,2018-06-24 02:00:00 +01:00,1,1
AT,AT.0008.20.AQ,NET.09,STA.09.AKC,,SPO.09.AKC.5066.6001.1,SPP.09.AKC.5066.6001.1.11325,SAM.09.AKC.5066.6001.1,PM2.5,http://dd.eionet.europa.eu/vocabulary/aq/pollutant/6001,hour,4.1547999300,µg/m3,2018-06-24 02:00:00 +01:00,2018-06-24 03:00:00 +01:00,1,1
AT,AT.0008.20.AQ,NET.09,STA.09.AKC,,SPO.09.AKC.5066.6001.1,SPP.09.AKC.5066.6001.1.11325,SAM.09.AKC.5066.6001.1,PM2.5,http://dd.eionet.europa.eu/vocabulary/aq/pollutant/6001,hour,4.9727497100,µg/m3,2018-06-24 03:00:00 +01:00,2018-06-24 04:00:00 +01:00,1,1
AT,AT.0008.20.AQ,NET.09,STA.09.AKC,,SPO.09.AKC.5066.6001.1,SPP.09.AKC.5066.6001.1.11325,SAM.09.AKC.5066.6001.1,PM2.5,http://dd.eionet.europa.eu/vocabulary/aq/pollutant/6001,hour,5.4372997200,µg/m3,2018-06-24 04:00:00 +01:00,2018-06-24 05:00:00 +01:00,1,1
AT,AT.0008.20.AQ,NET.09,STA.09.AKC,,SPO.09.AKC.5066.6001.1,SPP.09.AKC.5066.6001.1.11325,SAM.09.AKC.5066.6001.1,PM2.5,http://dd.eionet.europa.eu/vocabulary/aq/pollutant/6001,hour,5.5949001300,µg/m3,2018-06-24 05:00:00 +01:00,2018-06-24 06:00:00 +01:00,1,1
AT,AT.0008.20.AQ,NET.09,STA.09.AKC,,SPO.09.AKC.5066.6001.1,SPP.09.AKC.5066.6001.1.11325,SAM.09.AKC.5066.6001.1,PM2.5,http://dd.eionet.europa.eu/vocabulary/aq/pollutant/6001,hour,5.9319500900,µg/m3,2018-06-24 06:00:00 +01:00,2018-06-24 07:00:00 +01:00,1,1
AT,AT.0008.20.AQ,NET.09,STA.09.AKC,,SPO.09.AKC.5066.6001.1,SPP.09.AKC.5066.6001.1.11325,SAM.09.AKC.5066.6001.1,PM2.5,http://dd.eionet.europa.eu/vocabulary/aq/pollutant/6001,hour,5.7802500700,µg/m3,2018-06-24 07:00:00 +01:00,2018-06-24 08:00:00 +01:00,1,1
AT,AT.0008.20.AQ,NET.09,STA.09.AKC,,SPO.09.AKC.5066.6001.1,SPP.09.AKC.5066.6001.1.11325,SAM.09.AKC.5066.6001.1,PM2.5,http://dd.eionet.europa.eu/vocabulary/aq/pollutant/6001,hour,6.0327501200,µg/m3,2018-06-24 08:00:00 +01:00,2018-06-24 09:00:00 +01:00,1,1
AT,AT.0008.20.AQ,NET.09,STA.09.AKC,,SPO.09.AKC.5066.6001.1,SPP.09.AKC.5066.6001.1.11325,SAM.09.AKC.5066.6001.1,PM2.5,http://dd.eionet.europa.eu/vocabulary/aq/pollutant/6001,hour,6.3772497100,µg/m3,2018-06-24 09:00:00 +01:00,2018-06-24 10:00:00 +01:00,1,1
AT,AT.0008.20.AQ,NET.09,STA.09.AKC,,SPO.09.AKC.5066.6001.1,SPP.09.AKC.5066.6001.1.11325,SAM.09.AKC.5066.6001.1,PM2.5,http://dd.eionet.europa.eu/vocabulary/aq/pollutant/6001,hour,6.0969500500,µg/m3,2018-06-24 10:00:00 +01:00,2018-06-24 11:00:00 +01:00,1,1
AT,AT.0008.20.AQ,NET.09,STA.09.AKC,,SPO.09.AKC.5066.6001.1,SPP.09.AKC.5066.6001.1.11325,SAM.09.AKC.5066.6001.1,PM2.5,http://dd.eionet.europa.eu/vocabulary/aq/pollutant/6001,hour,3.9711000900,µg/m3,2018-06-24 12:00:00 +01:00,2018-06-24 13:00:00 +01:00,1,1
AT,AT.0008.20.AQ,NET.09,STA.09.AKC,,SPO.09.AKC.5066.6001.1,SPP.09.AKC.5066.6001.1.11325,SAM.09.AKC.5066.6001.1,PM2.5,http://dd.eionet.europa.eu/vocabulary/aq/pollutant/6001,hour,2.9391498500,µg/m3,2018-06-24 13:00:00 +01:00,2018-06-24 14:00:00 +01:00,1,1
AT,AT.0008.20.AQ,NET.09,STA.09.AKC,,SPO.09.AKC.5066.6001.1,SPP.09.AKC.5066.6001.1.11325,SAM.09.AKC.5066.6001.1,PM2.5,http://dd.eionet.europa.eu/vocabulary/aq/pollutant/6001,hour,3.2305002200,µg/m3,2018-06-24 14:00:00 +01:00,2018-06-24 15:00:00 +01:00,1,1
AT,AT.0008.20.AQ,NET.09,STA.09.AKC,,SPO.09.AKC.5066.6001.1,SPP.09.AKC.5066.6001.1.11325,SAM.09.AKC.5066.6001.1,PM2.5,http://dd.eionet.europa.eu/vocabulary/aq/pollutant/6001,hour,3.5877499500,µg/m3,2018-06-24 15:00:00 +01:00,2018-06-24 16:00:00 +01:00,1,1
AT,AT.0008.20.AQ,NET.09,STA.09.AKC,,SPO.09.AKC.5066.6001.1,SPP.09.AKC.5066.6001.1.11325,SAM.09.AKC.5066.6001.1,PM2.5,http://dd.eionet.europa.eu/vocabulary/aq/pollutant/6001,hour,3.4439499300,µg/m3,2018-06-24 17:00:00 +01:00,2018-06-24 18:00:00 +01:00,1,1
AT,AT.0008.20.AQ,NET.09,STA.09.AKC,,SPO.09.AKC.5066.6001.1,SPP.09.AKC.5066.6001.1.11325,SAM.09.AKC.5066.6001.1,PM2.5,http://dd.eionet.europa.eu/vocabulary/aq/pollutant/6001,hour,4.5590000100,µg/m3,2018-06-24 21:00:00 +01:00,2018-06-24 22:00:00 +01:00,1,1
AT,AT.0008.20.AQ,NET.09,STA.09.AKC,,SPO.09.AKC.5066.6001.1,SPP.09.AKC.5066.6001.1.11325,SAM.09.AKC.5066.6001.1,PM2.5,http://dd.eionet.europa.eu/vocabulary/aq/pollutant/6001,hour,5.7247500400,µg/m3,2018-06-24 22:00:00 +01:00,2018-06-24 23:00:00 +01:00,1,1
AT,AT.0008.20.AQ,NET.09,STA.09.AKC,,SPO.09.AKC.5066.6001.1,SPP.09.AKC.5066.6001.1.11325,SAM.09.AKC.5066.6001.1,PM2.5,http://dd.eionet.europa.eu/vocabulary/aq/pollutant/6001,hour,5.7718501000,µg/m3,2018-06-24 23:00:00 +01:00,2018-06-25 00:00:00 +01:00,1,1
AT,AT.0008.20.AQ,NET.09,STA.09.AKC,,SPO.09.AKC.5066.6001.1,SPP.09.AKC.5066.6001.1.11325,SAM.09.AKC.5066.6001.1,PM2.5,http://dd.eionet.europa.eu/vocabulary/aq/pollutant/6001,hour,5.0350999800,µg/m3,2018-06-25 00:00:00 +01:00,2018-06-25 01:00:00 +01:00,1,1
AT,AT.0008.20.AQ,NET.09,STA.09.AKC,,SPO.09.AKC.5066.6001.1,SPP.09.AKC.5066.6001.1.11325,SAM.09.AKC.5066.6001.1,PM2.5,http://dd.eionet.europa.eu/vocabulary/aq/pollutant/6001,hour,3.3908500600,µg/m3,2018-06-25 01:00:00 +01:00,2018-06-25 02:00:00 +01:00,1,1
AT,AT.0008.20.AQ,NET.09,STA.09.AKC,,SPO.09.AKC.5066.6001.1,SPP.09.AKC.5066.6001.1.11325,SAM.09.AKC.5066.6001.1,PM2.5,http://dd.eionet.europa.eu/vocabulary/aq/pollutant/6001,hour,4.1154999700,µg/m3,2018-06-25 05:00:00 +01:00,2018-06-25 06:00:00 +01:00,1,1
AT,AT.0008.20.AQ,NET.09,STA.09.AKC,,SPO.09.AKC.5066.6001.1,SPP.09.AKC.5066.6001.1.11325,SAM.09.AKC.5066.6001.1,PM2.5,http://dd.eionet.europa.eu/vocabulary/aq/pollutant/6001,hour,5.1134500500,µg/m3,2018-06-25 06:00:00 +01:00,2018-06-25 07:00:00 +01:00,1,1
AT,AT.0008.20.AQ,NET.09,STA.09.AKC,,SPO.09.AKC.5066.6001.1,SPP.09.AKC.5066.6001.1.11325,SAM.09.AKC.5066.6001.1,PM2.5,http://dd.eionet.europa.eu/vocabulary/aq/pollutant/6001,hour,6.5331497100,µg/m3,2018-06-25 07:00:00 +01:00,2018-06-25 08:00:00 +01:00,1,1
AT,AT.0008.20.AQ,NET.09,STA.09.AKC,,SPO.09.AKC.5066.6001.1,SPP.09.AKC.5066.6001.1.11325,SAM.09.AKC.5066.6001.1,PM2.5,http://dd.eionet.europa.eu/vocabulary/aq/pollutant/6001,hour,7.2832002600,µg/m3,2018-06-25 09:00:00 +01:00,2018-06-25 10:00:00 +01:00,1,1
AT,AT.0008.20.AQ,NET.09,STA.09.AKC,,SPO.09.AKC.5066.6001.1,SPP.09.AKC.5066.6001.1.11325,SAM.09.AKC.5066.6001.1,PM2.5,http://dd.eionet.europa.eu/vocabulary/aq/pollutant/6001,hour,5.2173995900,µg/m3,2018-06-25 16:00:00 +01:00,2018-06-25 17:00:00 +01:00,1,1
AT,AT.0008.20.AQ,NET.09,STA.09.AKC,,SPO.09.AKC.5066.6001.1,SPP.09.AKC.5066.6001.1.11325,SAM.09.AKC.5066.6001.1,PM2.5,http://dd.eionet.europa.eu/vocabulary/aq/pollutant/6001,hour,4.6721000600,µg/m3,2018-06-25 22:00:00 +01:00,2018-06-25 23:00:00 +01:00,1,1
AT,AT.0008.20.AQ,NET.09,STA.09.AKC,,SPO.09.AKC.5066.6001.1,SPP.09.AKC.5066.6001.1.11325,SAM.09.AKC.5066.6001.1,PM2.5,http://dd.eionet.europa.eu/vocabulary/aq/pollutant/6001,hour,4.2653999300,µg/m3,2018-06-26 00:00:00 +01:00,2018-06-26 01:00:00 +01:00,1,1
AT,AT.0008.20.AQ,NET.09,STA.09.AKC,,SPO.09.AKC.5066.6001.1,SPP.09.AKC.5066.6001.1.11325,SAM.09.AKC.5066.6001.1,PM2.5,http://dd.eionet.europa.eu/vocabulary/aq/pollutant/6001,hour,4.6323499600,µg/m3,2018-06-26 01:00:00 +01:00,2018-06-26 02:00:00 +01:00,1,1
AT,AT.0008.20.AQ,NET.09,STA.09.AKC,,SPO.09.AKC.5066.6001.1,SPP.09.AKC.5066.6001.1.11325,SAM.09.AKC.5066.6001.1,PM2.5,http://dd.eionet.europa.eu/vocabulary/aq/pollutant/6001,hour,5.3227500900,µg/m3,2018-06-26 03:00:00 +01:00,2018-06-26 04:00:00 +01:00,1,1
AT,AT.0008.20.AQ,NET.09,STA.09.AKC,,SPO.09.AKC.5066.6001.1,SPP.09.AKC.5066.6001.1.11325,SAM.09.AKC.5066.6001.1,PM2.5,http://dd.eionet.europa.eu/vocabulary/aq/pollutant/6001,hour,5.3418502800,µg/m3,2018-06-26 04:00:00 +01:00,2018-06-26 05:00:00 +01:00,1,1
AT,AT.0008.20.AQ,NET.09,STA.09.AKC,,SPO.09.AKC.5066.6001.1,SPP.09.AKC.5066.6001.1.11325,SAM.09.AKC.5066.6001.1,PM2.5,http://dd.eionet.europa.eu/vocabulary/aq/pollutant/6001,hour,5.4217000000,µg/m3,2018-06-26 05:00:00 +01:00,2018-06-26 06:00:00 +01:00,1,1
AT,AT.0008.20.AQ,NET.09,STA.09.AKC,,SPO.09.AKC.5066.6001.1,SPP.09.AKC.5066.6001.1.11325,SAM.09.AKC.5066.6001.1,PM2.5,http://dd.eionet.europa.eu/vocabulary/aq/pollutant/6001,hour,5.8857998800,µg/m3,2018-06-26 06:00:00 +01:00,2018-06-26 07:00:00 +01:00,1,1
AT,AT.0008.20.AQ,NET.09,STA.09.AKC,,SPO.09.AKC.5066.6001.1,SPP.09.AKC.5066.6001.1.11325,SAM.09.AKC.5066.6001.1,PM2.5,http://dd.eionet.europa.eu/vocabulary/aq/pollutant/6001,hour,9.7949504800,µg/m3,2018-06-26 11:00:00 +01:00,2018-06-26 12:00:00 +01:00,1,1
AT,AT.0008.20.AQ,NET.09,STA.09.AKC,,SPO.09.AKC.5066.6001.1,SPP.09.AKC.5066.6001.1.11325,SAM.09.AKC.5066.6001.1,PM2.5,http://dd.eionet.europa.eu/vocabulary/aq/pollutant/6001,hour,6.6676998100,µg/m3,2018-06-26 13:00:00 +01:00,2018-06-26 14:00:00 +01:00,1,1
AT,AT.0008.20.AQ,NET.09,STA.09.AKC,,SPO.09.AKC.5066.6001.1,SPP.09.AKC.5066.6001.1.11325,SAM.09.AKC.5066.6001.1,PM2.5,http://dd.eionet.europa.eu/vocabulary/aq/pollutant/6001,hour,5.5073499600,µg/m3,2018-06-26 16:00:00 +01:00,2018-06-26 17:00:00 +01:00,1,1
AT,AT.0008.20.AQ,NET.09,STA.09.AKC,,SPO.09.AKC.5066.6001.1,SPP.09.AKC.5066.6001.1.11325,SAM.09.AKC.5066.6001.1,PM2.5,http://dd.eionet.europa.eu/vocabulary/aq/pollutant/6001,hour,5.9566497800,µg/m3,2018-06-26 17:00:00 +01:00,2018-06-26 18:00:00 +01:00,1,1
AT,AT.0008.20.AQ,NET.09,STA.09.AKC,,SPO.09.AKC.5066.6001.1,SPP.09.AKC.5066.6001.1.11325,SAM.09.AKC.5066.6001.1,PM2.5,http://dd.eionet.europa.eu/vocabulary/aq/pollutant/6001,hour,5.2250003800,µg/m3,2018-06-26 18:00:00 +01:00,2018-06-26 19:00:00 +01:00,1,1
AT,AT.0008.20.AQ,NET.09,STA.09.AKC,,SPO.09.AKC.5066.6001.1,SPP.09.AKC.5066.6001.1.11325,SAM.09.AKC.5066.6001.1,PM2.5,http://dd.eionet.europa.eu/vocabulary/aq/pollutant/6001,hour,6.7380499800,µg/m3,2018-06-27 00:00:00 +01:00,2018-06-27 01:00:00 +01:00,1,1
AT,AT.0008.20.AQ,NET.09,STA.09.AKC,,SPO.09.AKC.5066.6001.1,SPP.09.AKC.5066.6001.1.11325,SAM.09.AKC.5066.6001.1,PM2.5,http://dd.eionet.europa.eu/vocabulary/aq/pollutant/6001,hour,6.5220999700,µg/m3,2018-06-27 01:00:00 +01:00,2018-06-27 02:00:00 +01:00,1,1
AT,AT.0008.20.AQ,NET.09,STA.09.AKC,,SPO.09.AKC.5066.6001.1,SPP.09.AKC.5066.6001.1.11325,SAM.09.AKC.5066.6001.1,PM2.5,http://dd.eionet.europa.eu/vocabulary/aq/pollutant/6001,hour,6.0642499900,µg/m3,2018-06-27 04:00:00 +01:00,2018-06-27 05:00:00 +01:00,1,1
AT,AT.0008.20.AQ,NET.09,STA.09.AKC,,SPO.09.AKC.5066.6001.1,SPP.09.AKC.5066.6001.1.11325,SAM.09.AKC.5066.6001.1,PM2.5,http://dd.eionet.europa.eu/vocabulary/aq/pollutant/6001,hour,6.3516998200,µg/m3,2018-06-27 05:00:00 +01:00,2018-06-27 06:00:00 +01:00,1,1
AT,AT.0008.20.AQ,NET.09,STA.09.AKC,,SPO.09.AKC.5066.6001.1,SPP.09.AKC.5066.6001.1.11325,SAM.09.AKC.5066.6001.1,PM2.5,http://dd.eionet.europa.eu/vocabulary/aq/pollutant/6001,hour,7.3039503000,µg/m3,2018-06-27 06:00:00 +01:00,2018-06-27 07:00:00 +01:00,1,1
AT,AT.0008.20.AQ,NET.09,STA.09.AKC,,SPO.09.AKC.5066.6001.1,SPP.09.AKC.5066.6001.1.11325,SAM.09.AKC.5066.6001.1,PM2.5,http://dd.eionet.europa.eu/vocabulary/aq/pollutant/6001,hour,10.4869995100,µg/m3,2018-06-27 08:00:00 +01:00,2018-06-27 09:00:00 +01:00,1,1
AT,AT.0008.20.AQ,NET.09,STA.09.AKC,,SPO.09.AKC.5066.6001.1,SPP.09.AKC.5066.6001.1.11325,SAM.09.AKC.5066.6001.1,PM2.5,http://dd.eionet.europa.eu/vocabulary/aq/pollutant/6001,hour,10.9814996700,µg/m3,2018-06-27 09:00:00 +01:00,2018-06-27 10:00:00 +01:00,1,1
AT,AT.0008.20.AQ,NET.09,STA.09.AKC,,SPO.09.AKC.5066.6001.1,SPP.09.AKC.5066.6001.1.11325,SAM.09.AKC.5066.6001.1,PM2.5,http://dd.eionet.europa.eu/vocabulary/aq/pollutant/6001,hour,8.0346498400,µg/m3,2018-06-27 12:00:00 +01:00,2018-06-27 13:00:00 +01:00,1,1
AT,AT.0008.20.AQ,NET.09,STA.09.AKC,,SPO.09.AKC.5066.6001.1,SPP.09.AKC.5066.6001.1.11325,SAM.09.AKC.5066.6001.1,PM2.5,http://dd.eionet.europa.eu/vocabulary/aq/pollutant/6001,hour,7.6867499300,µg/m3,2018-06-27 14:00:00 +01:00,2018-06-27 15:00:00 +01:00,1,1
AT,AT.0008.20.AQ,NET.09,STA.09.AKC,,SPO.09.AKC.5066.6001.1,SPP.09.AKC.5066.6001.1.11325,SAM.09.AKC.5066.6001.1,PM2.5,http://dd.eionet.europa.eu/vocabulary/aq/pollutant/6001,hour,8.4484996700,µg/m3,2018-06-27 15:00:00 +01:00,2018-06-27 16:00:00 +01:00,1,1
AT,AT.0008.20.AQ,NET.09,STA.09.AKC,,SPO.09.AKC.5066.6001.1,SPP.09.AKC.5066.6001.1.11325,SAM.09.AKC.5066.6001.1,PM2.5,http://dd.eionet.europa.eu/vocabulary/aq/pollutant/6001,hour,6.3163003900,µg/m3,2018-06-27 16:00:00 +01:00,2018-06-27 17:00:00 +01:00,1,1
AT,AT.0008.20.AQ,NET.09,STA.09.AKC,,SPO.09.AKC.5066.6001.1,SPP.09.AKC.5066.6001.1.11325,SAM.09.AKC.5066.6001.1,PM2.5,http://dd.eionet.europa.eu/vocabulary/aq/pollutant/6001,hour,8.3280000600,µg/m3,2018-06-27 17:00:00 +01:00,2018-06-27 18:00:00 +01:00,1,1
AT,AT.0008.20.AQ,NET.09,STA.09.AKC,,SPO.09.AKC.5066.6001.1,SPP.09.AKC.5066.6001.1.11325,SAM.09.AKC.5066.6001.1,PM2.5,http://dd.eionet.europa.eu/vocabulary/aq/pollutant/6001,hour,11.2934999400,µg/m3,2018-06-27 18:00:00 +01:00,2018-06-27 19:00:00 +01:00,1,1
AT,AT.0008.20.AQ,NET.09,STA.09.AKC,,SPO.09.AKC.5066.6001.1,SPP.09.AKC.5066.6001.1.11325,SAM.09.AKC.5066.6001.1,PM2.5,http://dd.eionet.europa.eu/vocabulary/aq/pollutant/6001,hour,10.6599502500,µg/m3,2018-06-27 19:00:00 +01:00,2018-06-27 20:00:00 +01:00,1,1
AT,AT.0008.20.AQ,NET.09,STA.09.AKC,,SPO.09.AKC.5066.6001.1,SPP.09.AKC.5066.6001.1.11325,SAM.09.AKC.5066.6001.1,PM2.5,http://dd.eionet.europa.eu/vocabulary/aq/pollutant/6001,hour,11.5135002100,µg/m3,2018-06-27 20:00:00 +01:00,2018-06-27 21:00:00 +01:00,1,1
AT,AT.0008.20.AQ,NET.09,STA.09.AKC,,SPO.09.AKC.5066.6001.1,SPP.09.AKC.5066.6001.1.11325,SAM.09.AKC.5066.6001.1,PM2.5,http://dd.eionet.europa.eu/vocabulary/aq/pollutant/6001,hour,10.3097496000,µg/m3,2018-06-27 21:00:00 +01:00,2018-06-27 22:00:00 +01:00,1,1
AT,AT.0008.20.AQ,NET.09,STA.09.AKC,,SPO.09.AKC.5066.6001.1,SPP.09.AKC.5066.6001.1.11325,SAM.09.AKC.5066.6001.1,PM2.5,http://dd.eionet.europa.eu/vocabulary/aq/pollutant/6001,hour,7.5297999300,µg/m3,2018-06-28 02:00:00 +01:00,2018-06-28 03:00:00 +01:00,1,1
AT,AT.0008.20.AQ,NET.09,STA.09.AKC,,SPO.09.AKC.5066.6001.1,SPP.09.AKC.5066.6001.1.11325,SAM.09.AKC.5066.6001.1,PM2.5,http://dd.eionet.europa.eu/vocabulary/aq/pollutant/6001,hour,8.6574497200,µg/m3,2018-06-28 03:00:00 +01:00,2018-06-28 04:00:00 +01:00,1,1
AT,AT.0008.20.AQ,NET.09,STA.09.AKC,,SPO.09.AKC.5066.6001.1,SPP.09.AKC.5066.6001.1.11325,SAM.09.AKC.5066.6001.1,PM2.5,http://dd.eionet.europa.eu/vocabulary/aq/pollutant/6001,hour,7.9904999700,µg/m3,2018-06-28 05:00:00 +01:00,2018-06-28 06:00:00 +01:00,1,1
AT,AT.0008.20.AQ,NET.09,STA.09.AKC,,SPO.09.AKC.5066.6001.1,SPP.09.AKC.5066.6001.1.11325,SAM.09.AKC.5066.6001.1,PM2.5,http://dd.eionet.europa.eu/vocabulary/aq/pollutant/6001,hour,9.5203495000,µg/m3,2018-06-28 08:00:00 +01:00,2018-06-28 09:00:00 +01:00,1,1
AT,AT.0008.20.AQ,NET.09,STA.09.AKC,,SPO.09.AKC.5066.6001.1,SPP.09.AKC.5066.6001.1.11325,SAM.09.AKC.5066.6001.1,PM2.5,http://dd.eionet.europa.eu/vocabulary/aq/pollutant/6001,hour,10.0977001100,µg/m3,2018-06-28 09:00:00 +01:00,2018-06-28 10:00:00 +01:00,1,1
AT,AT.0008.20.AQ,NET.09,STA.09.AKC,,SPO.09.AKC.5066.6001.1,SPP.09.AKC.5066.6001.1.11325,SAM.09.AKC.5066.6001.1,PM2.5,http://dd.eionet.europa.eu/vocabulary/aq/pollutant/6001,hour,7.7592000900,µg/m3,2018-06-28 12:00:00 +01:00,2018-06-28 13:00:00 +01:00,1,1
AT,AT.0008.20.AQ,NET.09,STA.09.AKC,,SPO.09.AKC.5066.6001.1,SPP.09.AKC.5066.6001.1.11325,SAM.09.AKC.5066.6001.1,PM2.5,http://dd.eionet.europa.eu/vocabulary/aq/pollutant/6001,hour,7.3172998400,µg/m3,2018-06-28 13:00:00 +01:00,2018-06-28 14:00:00 +01:00,1,1
AT,AT.0008.20.AQ,NET.09,STA.09.AKC,,SPO.09.AKC.5066.6001.1,SPP.09.AKC.5066.6001.1.11325,SAM.09.AKC.5066.6001.1,PM2.5,http://dd.eionet.europa.eu/vocabulary/aq/pollutant/6001,hour,7.8874001500,µg/m3,2018-06-28 16:00:00 +01:00,2018-06-28 17:00:00 +01:00,1,1
AT,AT.0008.20.AQ,NET.09,STA.09.AKC,,SPO.09.AKC.5066.6001.1,SPP.09.AKC.5066.6001.1.11325,SAM.09.AKC.5066.6001.1,PM2.5,http://dd.eionet.europa.eu/vocabulary/aq/pollutant/6001,hour,9.7392997700,µg/m3,2018-06-28 17:00:00 +01:00,2018-06-28 18:00:00 +01:00,1,1
AT,AT.0008.20.AQ,NET.09,STA.09.AKC,,SPO.09.AKC.5066.6001.1,SPP.09.AKC.5066.6001.1.11325,SAM.09.AKC.5066.6001.1,PM2.5,http://dd.eionet.europa.eu/vocabulary/aq/pollutant/6001,hour,15.3969993500,µg/m3,2018-06-28 19:00:00 +01:00,2018-06-28 20:00:00 +01:00,1,1
AT,AT.0008.20.AQ,NET.09,STA.09.AKC,,SPO.09.AKC.5066.6001.1,SPP.09.AKC.5066.6001.1.11325,SAM.09.AKC.5066.6001.1,PM2.5,http://dd.eionet.europa.eu/vocabulary/aq/pollutant/6001,hour,14.3320007300,µg/m3,2018-06-28 20:00:00 +01:00,2018-06-28 21:00:00 +01:00,1,1
AT,AT.0008.20.AQ,NET.09,STA.09.AKC,,SPO.09.AKC.5066.6001.1,SPP.09.AKC.5066.6001.1.11325,SAM.09.AKC.5066.6001.1,PM2.5,http://dd.eionet.europa.eu/vocabulary/aq/pollutant/6001,hour,13.0745000800,µg/m3,2018-06-28 21:00:00 +01:00,2018-06-28 22:00:00 +01:00,1,1
AT,AT.0008.20.AQ,NET.09,STA.09.AKC,,SPO.09.AKC.5066.6001.1,SPP.09.AKC.5066.6001.1.11325,SAM.09.AKC.5066.6001.1,PM2.5,http://dd.eionet.europa.eu/vocabulary/aq/pollutant/6001,hour,10.8900003400,µg/m3,2018-06-28 22:00:00 +01:00,2018-06-28 23:00:00 +01:00,1,1
AT,AT.0008.20.AQ,NET.09,STA.09.AKC,,SPO.09.AKC.5066.6001.1,SPP.09.AKC.5066.6001.1.11325,SAM.09.AKC.5066.6001.1,PM2.5,http://dd.eionet.europa.eu/vocabulary/aq/pollutant/6001,hour,11.1299991600,µg/m3,2018-06-29 00:00:00 +01:00,2018-06-29 01:00:00 +01:00,1,1
AT,AT.0008.20.AQ,NET.09,STA.09.AKC,,SPO.09.AKC.5066.6001.1,SPP.09.AKC.5066.6001.1.11325,SAM.09.AKC.5066.6001.1,PM2.5,http://dd.eionet.europa.eu/vocabulary/aq/pollutant/6001,hour,12.7725000300,µg/m3,2018-06-29 01:00:00 +01:00,2018-06-29 02:00:00 +01:00,1,1
AT,AT.0008.20.AQ,NET.09,STA.09.AKC,,SPO.09.AKC.5066.6001.1,SPP.09.AKC.5066.6001.1.11325,SAM.09.AKC.5066.6001.1,PM2.5,http://dd.eionet.europa.eu/vocabulary/aq/pollutant/6001,hour,13.9584999000,µg/m3,2018-06-29 02:00:00 +01:00,2018-06-29 03:00:00 +01:00,1,1
AT,AT.0008.20.AQ,NET.09,STA.09.AKC,,SPO.09.AKC.5066.6001.1,SPP.09.AKC.5066.6001.1.11325,SAM.09.AKC.5066.6001.1,PM2.5,http://dd.eionet.europa.eu/vocabulary/aq/pollutant/6001,hour,14.7845001200,µg/m3,2018-06-29 03:00:00 +01:00,2018-06-29 04:00:00 +01:00,1,1
AT,AT.0008.20.AQ,NET.09,STA.09.AKC,,SPO.09.AKC.5066.6001.1,SPP.09.AKC.5066.6001.1.11325,SAM.09.AKC.5066.6001.1,PM2.5,http://dd.eionet.europa.eu/vocabulary/aq/pollutant/6001,hour,14.9120006500,µg/m3,2018-06-29 06:00:00 +01:00,2018-06-29 07:00:00 +01:00,1,1
AT,AT.0008.20.AQ,NET.09,STA.09.AKC,,SPO.09.AKC.5066.6001.1,SPP.09.AKC.5066.6001.1.11325,SAM.09.AKC.5066.6001.1,PM2.5,http://dd.eionet.europa.eu/vocabulary/aq/pollutant/6001,hour,14.6065006200,µg/m3,2018-06-29 07:00:00 +01:00,2018-06-29 08:00:00 +01:00,1,1
AT,AT.0008.20.AQ,NET.09,STA.09.AKC,,SPO.09.AKC.5066.6001.1,SPP.09.AKC.5066.6001.1.11325,SAM.09.AKC.5066.6001.1,PM2.5,http://dd.eionet.europa.eu/vocabulary/aq/pollutant/6001,hour,13.8255004800,µg/m3,2018-06-29 08:00:00 +01:00,2018-06-29 09:00:00 +01:00,1,1
AT,AT.0008.20.AQ,NET.09,STA.09.AKC,,SPO.09.AKC.5066.6001.1,SPP.09.AKC.5066.6001.1.11325,SAM.09.AKC.5066.6001.1,PM2.5,http://dd.eionet.europa.eu/vocabulary/aq/pollutant/6001,hour,13.0069999600,µg/m3,2018-06-29 09:00:00 +01:00,2018-06-29 10:00:00 +01:00,1,1
AT,AT.0008.20.AQ,NET.09,STA.09.AKC,,SPO.09.AKC.5066.6001.1,SPP.09.AKC.5066.6001.1.11325,SAM.09.AKC.5066.6001.1,PM2.5,http://dd.eionet.europa.eu/vocabulary/aq/pollutant/6001,hour,13.6529998700,µg/m3,2018-06-29 10:00:00 +01:00,2018-06-29 11:00:00 +01:00,1,1
AT,AT.0008.20.AQ,NET.09,STA.09.AKC,,SPO.09.AKC.5066.6001.1,SPP.09.AKC.5066.6001.1.11325,SAM.09.AKC.5066.6001.1,PM2.5,http://dd.eionet.europa.eu/vocabulary/aq/pollutant/6001,hour,14.0920000000,µg/m3,2018-06-29 11:00:00 +01:00,2018-06-29 12:00:00 +01:00,1,1
AT,AT.0008.20.AQ,NET.09,STA.09.AKC,,SPO.09.AKC.5066.6001.1,SPP.09.AKC.5066.6001.1.11325,SAM.09.AKC.5066.6001.1,PM2.5,http://dd.eionet.europa.eu/vocabulary/aq/pollutant/6001,hour,12.2705001800,µg/m3,2018-06-29 12:00:00 +01:00,2018-06-29 13:00:00 +01:00,1,1
AT,AT.0008.20.AQ,NET.09,STA.09.AKC,,SPO.09.AKC.5066.6001.1,SPP.09.AKC.5066.6001.1.11325,SAM.09.AKC.5066.6001.1,PM2.5,http://dd.eionet.europa.eu/vocabulary/aq/pollutant/6001,hour,10.7574996900,µg/m3,2018-06-29 14:00:00 +01:00,2018-06-29 15:00:00 +01:00,1,1
AT,AT.0008.20.AQ,NET.09,STA.09.AKC,,SPO.09.AKC.5066.6001.1,SPP.09.AKC.5066.6001.1.11325,SAM.09.AKC.5066.6001.1,PM2.5,http://dd.eionet.europa.eu/vocabulary/aq/pollutant/6001,hour,10.1028003600,µg/m3,2018-06-29 15:00:00 +01:00,2018-06-29 16:00:00 +01:00,1,1
AT,AT.0008.20.AQ,NET.09,STA.09.AKC,,SPO.09.AKC.5066.6001.1,SPP.09.AKC.5066.6001.1.11325,SAM.09.AKC.5066.6001.1,PM2.5,http://dd.eionet.europa.eu/vocabulary/aq/pollutant/6001,hour,10.7705001800,µg/m3,2018-06-29 17:00:00 +01:00,2018-06-29 18:00:00 +01:00,1,1
AT,AT.0008.20.AQ,NET.09,STA.09.AKC,,SPO.09.AKC.5066.6001.1,SPP.09.AKC.5066.6001.1.11325,SAM.09.AKC.5066.6001.1,PM2.5,http://dd.eionet.europa.eu/vocabulary/aq/pollutant/6001,hour,10.4704999900,µg/m3,2018-06-29 19:00:00 +01:00,2018-06-29 20:00:00 +01:00,1,1
AT,AT.0008.20.AQ,NET.09,STA.09.AKC,,SPO.09.AKC.5066.6001.1,SPP.09.AKC.5066.6001.1.11325,SAM.09.AKC.5066.6001.1,PM2.5,http://dd.eionet.europa.eu/vocabulary/aq/pollutant/6001,hour,10.5380001000,µg/m3,2018-06-29 20:00:00 +01:00,2018-06-29 21:00:00 +01:00,1,1
AT,AT.0008.20.AQ,NET.09,STA.09.AKC,,SPO.09.AKC.5066.6001.1,SPP.09.AKC.5066.6001.1.11325,SAM.09.AKC.5066.6001.1,PM2.5,http://dd.eionet.europa.eu/vocabulary/aq/pollutant/6001,hour,10.7889995500,µg/m3,2018-06-29 21:00:00 +01:00,2018-06-29 22:00:00 +01:00,1,1
AT,AT.0008.20.AQ,NET.09,STA.09.AKC,,SPO.09.AKC.5066.6001.1,SPP.09.AKC.5066.6001.1.11325,SAM.09.AKC.5066.6001.1,PM2.5,http://dd.eionet.europa.eu/vocabulary/aq/pollutant/6001,hour,10.9764995500,µg/m3,2018-06-29 22:00:00 +01:00,2018-06-29 23:00:00 +01:00,1,1
AT,AT.0008.20.AQ,NET.09,STA.09.AKC,,SPO.09.AKC.5066.6001.1,SPP.09.AKC.5066.6001.1.11325,SAM.09.AKC.5066.6001.1,PM2.5,http://dd.eionet.europa.eu/vocabulary/aq/pollutant/6001,hour,10.6090002000,µg/m3,2018-06-29 23:00:00 +01:00,2018-06-30 00:00:00 +01:00,1,1
AT,AT.0008.20.AQ,NET.09,STA.09.AKC,,SPO.09.AKC.5066.6001.1,SPP.09.AKC.5066.6001.1.11325,SAM.09.AKC.5066.6001.1,PM2.5,http://dd.eionet.europa.eu/vocabulary/aq/pollutant/6001,hour,11.1674995400,µg/m3,2018-06-30 00:00:00 +01:00,2018-06-30 01:00:00 +01:00,1,1
AT,AT.0008.20.AQ,NET.09,STA.09.AKC,,SPO.09.AKC.5066.6001.1,SPP.09.AKC.5066.6001.1.11325,SAM.09.AKC.5066.6001.1,PM2.5,http://dd.eionet.europa.eu/vocabulary/aq/pollutant/6001,hour,12.3610000600,µg/m3,2018-06-30 02:00:00 +01:00,2018-06-30 03:00:00 +01:00,1,1
AT,AT.0008.20.AQ,NET.09,STA.09.AKC,,SPO.09.AKC.5066.6001.1,SPP.09.AKC.5066.6001.1.11325,SAM.09.AKC.5066.6001.1,PM2.5,http://dd.eionet.europa.eu/vocabulary/aq/pollutant/6001,hour,12.9640007000,µg/m3,2018-06-30 03:00:00 +01:00,2018-06-30 04:00:00 +01:00,1,1
AT,AT.0008.20.AQ,NET.09,STA.09.AKC,,SPO.09.AKC.5066.6001.1,SPP.09.AKC.5066.6001.1.11325,SAM.09.AKC.5066.6001.1,PM2.5,http://dd.eionet.europa.eu/vocabulary/aq/pollutant/6001,hour,12.0319995800,µg/m3,2018-06-30 05:00:00 +01:00,2018-06-30 06:00:00 +01:00,1,1
AT,AT.0008.20.AQ,NET.09,STA.09.AKC,,SPO.09.AKC.5066.6001.1,SPP.09.AKC.5066.6001.1.11325,SAM.09.AKC.5066.6001.1,PM2.5,http://dd.eionet.europa.eu/vocabulary/aq/pollutant/6001,hour,11.6990003500,µg/m3,2018-06-30 07:00:00 +01:00,2018-06-30 08:00:00 +01:00,1,1
AT,AT.0008.20.AQ,NET.09,STA.09.AKC,,SPO.09.AKC.5066.6001.1,SPP.09.AKC.5066.6001.1.11325,SAM.09.AKC.5066.6001.1,PM2.5,http://dd.eionet.europa.eu/vocabulary/aq/pollutant/6001,hour,12.1975002200,µg/m3,2018-06-30 08:00:00 +01:00,2018-06-30 09:00:00 +01:00,1,1
AT,AT.0008.20.AQ,NET.09,STA.09.AKC,,SPO.09.AKC.5066.6001.1,SPP.09.AKC.5066.6001.1.11325,SAM.09.AKC.5066.6001.1,PM2.5,http://dd.eionet.europa.eu/vocabulary/aq/pollutant/6001,hour,11.4654998700,µg/m3,2018-06-30 09:00:00 +01:00,2018-06-30 10:00:00 +01:00,1,1
AT,AT.0008.20.AQ,NET.09,STA.09.AKC,,SPO.09.AKC.5066.6001.1,SPP.09.AKC.5066.6001.1.11325,SAM.09.AKC.5066.6001.1,PM2.5,http://dd.eionet.europa.eu/vocabulary/aq/pollutant/6001,hour,6.7383499100,µg/m3,2018-06-30 11:00:00 +01:00,2018-06-30 12:00:00 +01:00,1,1
AT,AT.0008.20.AQ,NET.09,STA.09.AKC,,SPO.09.AKC.5066.6001.1,SPP.09.AKC.5066.6001.1.11325,SAM.09.AKC.5066.6001.1,PM2.5,http://dd.eionet.europa.eu/vocabulary/aq/pollutant/6001,hour,4.5204000400,µg/m3,2018-06-30 12:00:00 +01:00,2018-06-30 13:00:00 +01:00,1,1
AT,AT.0008.20.AQ,NET.09,STA.09.AKC,,SPO.09.AKC.5066.6001.1,SPP.09.AKC.5066.6001.1.11325,SAM.09.AKC.5066.6001.1,PM2.5,http://dd.eionet.europa.eu/vocabulary/aq/pollutant/6001,hour,2.7190499300,µg/m3,2018-06-30 13:00:00 +01:00,2018-06-30 14:00:00 +01:00,1,1
AT,AT.0008.20.AQ,NET.09,STA.09.AKC,,SPO.09.AKC.5066.6001.1,SPP.09.AKC.5066.6001.1.11325,SAM.09.AKC.5066.6001.1,PM2.5,http://dd.eionet.europa.eu/vocabulary/aq/pollutant/6001,hour,2.2156500800,µg/m3,2018-06-30 14:00:00 +01:00,2018-06-30 15:00:00 +01:00,1,1
AT,AT.0008.20.AQ,NET.09,STA.09.AKC,,SPO.09.AKC.5066.6001.1,SPP.09.AKC.5066.6001.1.11325,SAM.09.AKC.5066.6001.1,PM2.5,http://dd.eionet.europa.eu/vocabulary/aq/pollutant/6001,hour,2.3427500700,µg/m3,2018-06-30 16:00:00 +01:00,2018-06-30 17:00:00 +01:00,1,1
AT,AT.0008.20.AQ,NET.09,STA.09.AKC,,SPO.09.AKC.5066.6001.1,SPP.09.AKC.5066.6001.1.11325,SAM.09.AKC.5066.6001.1,PM2.5,http://dd.eionet.europa.eu/vocabulary/aq/pollutant/6001,hour,2.5598001400,µg/m3,2018-06-30 18:00:00 +01:00,2018-06-30 19:00:00 +01:00,1,1
AT,AT.0008.20.AQ,NET.09,STA.09.AKC,,SPO.09.AKC.5066.6001.1,SPP.09.AKC.5066.6001.1.11325,SAM.09.AKC.5066.6001.1,PM2.5,http://dd.eionet.europa.eu/vocabulary/aq/pollutant/6001,hour,2.6904501900,µg/m3,2018-06-30 19:00:00 +01:00,2018-06-30 20:00:00 +01:00,1,1
AT,AT.0008.20.AQ,NET.09,STA.09.AKC,,SPO.09.AKC.5066.6001.1,SPP.09.AKC.5066.6001.1.11325,SAM.09.AKC.5066.6001.1,PM2.5,http://dd.eionet.europa.eu/vocabulary/aq/pollutant/6001,hour,2.7905499900,µg/m3,2018-06-30 20:00:00 +01:00,2018-06-30 21:00:00 +01:00,1,1
AT,AT.0008.20.AQ,NET.09,STA.09.AKC,,SPO.09.AKC.5066.6001.1,SPP.09.AKC.5066.6001.1.11325,SAM.09.AKC.5066.6001.1,PM2.5,http://dd.eionet.europa.eu/vocabulary/aq/pollutant/6001,hour,2.7500000000,µg/m3,2018-06-30 21:00:00 +01:00,2018-06-30 22:00:00 +01:00,1,1
AT,AT.0008.20.AQ,NET.09,STA.09.AKC,,SPO.09.AKC.5066.6001.1,SPP.09.AKC.5066.6001.1.11325,SAM.09.AKC.5066.6001.1,PM2.5,http://dd.eionet.europa.eu/vocabulary/aq/pollutant/6001,hour,2.8291499600,µg/m3,2018-06-30 22:00:00 +01:00,2018-06-30 23:00:00 +01:00,1,1
AT,AT.0008.20.AQ,NET.09,STA.09.AKC,,SPO.09.AKC.5066.6001.1,SPP.09.AKC.5066.6001.1.11325,SAM.09.AKC.5066.6001.1,PM2.5,http://dd.eionet.europa.eu/vocabulary/aq/pollutant/6001,hour,2.9000999900,µg/m3,2018-06-30 23:00:00 +01:00,2018-07-01 00:00:00 +01:00,1,1
AT,AT.0008.20.AQ,NET.09,STA.09.AKC,,SPO.09.AKC.5066.6001.1,SPP.09.AKC.5066.6001.1.11325,SAM.09.AKC.5066.6001.1,PM2.5,http://dd.eionet.europa.eu/vocabulary/aq/pollutant/6001,hour,3.0534000300,µg/m3,2018-07-01 00:00:00 +01:00,2018-07-01 01:00:00 +01:00,1,1
AT,AT.0008.20.AQ,NET.09,STA.09.AKC,,SPO.09.AKC.5066.6001.1,SPP.09.AKC.5066.6001.1.11325,SAM.09.AKC.5066.6001.1,PM2.5,http://dd.eionet.europa.eu/vocabulary/aq/pollutant/6001,hour,3.2881000000,µg/m3,2018-07-01 02:00:00 +01:00,2018-07-01 03:00:00 +01:00,1,1
AT,AT.0008.20.AQ,NET.09,STA.09.AKC,,SPO.09.AKC.5066.6001.1,SPP.09.AKC.5066.6001.1.11325,SAM.09.AKC.5066.6001.1,PM2.5,http://dd.eionet.europa.eu/vocabulary/aq/pollutant/6001,hour,3.9305500900,µg/m3,2018-07-01 03:00:00 +01:00,2018-07-01 04:00:00 +01:00,1,1
AT,AT.0008.20.AQ,NET.09,STA.09.AKC,,SPO.09.AKC.5066.6001.1,SPP.09.AKC.5066.6001.1.11325,SAM.09.AKC.5066.6001.1,PM2.5,http://dd.eionet.europa.eu/vocabulary/aq/pollutant/6001,hour,3.3072500200,µg/m3,2018-07-01 04:00:00 +01:00,2018-07-01 05:00:00 +01:00,1,1
AT,AT.0008.20.AQ,NET.09,STA.09.AKC,,SPO.09.AKC.5066.6001.1,SPP.09.AKC.5066.6001.1.11325,SAM.09.AKC.5066.6001.1,PM2.5,http://dd.eionet.europa.eu/vocabulary/aq/pollutant/6001,hour,3.4387998500,µg/m3,2018-07-01 05:00:00 +01:00,2018-07-01 06:00:00 +01:00,1,1
AT,AT.0008.20.AQ,NET.09,STA.09.AKC,,SPO.09.AKC.5066.6001.1,SPP.09.AKC.5066.6001.1.11325,SAM.09.AKC.5066.6001.1,PM2.5,http://dd.eionet.europa.eu/vocabulary/aq/pollutant/6001,hour,3.9292998300,µg/m3,2018-07-01 09:00:00 +01:00,2018-07-01 10:00:00 +01:00,1,1
AT,AT.0008.20.AQ,NET.09,STA.09.AKC,,SPO.09.AKC.5066.6001.1,SPP.09.AKC.5066.6001.1.11325,SAM.09.AKC.5066.6001.1,PM2.5,http://dd.eionet.europa.eu/vocabulary/aq/pollutant/6001,hour,3.4349498700,µg/m3,2018-07-01 11:00:00 +01:00,2018-07-01 12:00:00 +01:00,1,1
AT,AT.0008.20.AQ,NET.09,STA.09.AKC,,SPO.09.AKC.5066.6001.1,SPP.09.AKC.5066.6001.1.11325,SAM.09.AKC.5066.6001.1,PM2.5,http://dd.eionet.europa.eu/vocabulary/aq/pollutant/6001,hour,3.4074499600,µg/m3,2018-07-01 12:00:00 +01:00,2018-07-01 13:00:00 +01:00,1,1
AT,AT.0008.20.AQ,NET.09,STA.09.AKC,,SPO.09.AKC.5066.6001.1,SPP.09.AKC.5066.6001.1.11325,SAM.09.AKC.5066.6001.1,PM2.5,http://dd.eionet.europa.eu/vocabulary/aq/pollutant/6001,hour,3.1942000300,µg/m3,2018-07-01 13:00:00 +01:00,2018-07-01 14:00:00 +01:00,1,1
AT,AT.0008.20.AQ,NET.09,STA.09.AKC,,SPO.09.AKC.5066.6001.1,SPP.09.AKC.5066.6001.1.11325,SAM.09.AKC.5066.6001.1,PM2.5,http://dd.eionet.europa.eu/vocabulary/aq/pollutant/6001,hour,2.2456998800,µg/m3,2018-07-01 16:00:00 +01:00,2018-07-01 17:00:00 +01:00,1,1
AT,AT.0008.20.AQ,NET.09,STA.09.AKC,,SPO.09.AKC.5066.6001.1,SPP.09.AKC.5066.6001.1.11325,SAM.09.AKC.5066.6001.1,PM2.5,http://dd.eionet.europa.eu/vocabulary/aq/pollutant/6001,hour,2.0274000100,µg/m3,2018-07-01 17:00:00 +01:00,2018-07-01 18:00:00 +01:00,1,1
AT,AT.0008.20.AQ,NET.09,STA.09.AKC,,SPO.09.AKC.5066.6001.1,SPP.09.AKC.5066.6001.1.11325,SAM.09.AKC.5066.6001.1,PM2.5,http://dd.eionet.europa.eu/vocabulary/aq/pollutant/6001,hour,2.2003998700,µg/m3,2018-07-01 18:00:00 +01:00,2018-07-01 19:00:00 +01:00,1,1
AT,AT.0008.20.AQ,NET.09,STA.09.AKC,,SPO.09.AKC.5066.6001.1,SPP.09.AKC.5066.6001.1.11325,SAM.09.AKC.5066.6001.1,PM2.5,http://dd.eionet.europa.eu/vocabulary/aq/pollutant/6001,hour,2.1728000600,µg/m3,2018-07-01 19:00:00 +01:00,2018-07-01 20:00:00 +01:00,1,1
AT,AT.0008.20.AQ,NET.09,STA.09.AKC,,SPO.09.AKC.5066.6001.1,SPP.09.AKC.5066.6001.1.11325,SAM.09.AKC.5066.6001.1,PM2.5,http://dd.eionet.europa.eu/vocabulary/aq/pollutant/6001,hour,2.6062998700,µg/m3,2018-07-01 20:00:00 +01:00,2018-07-01 21:00:00 +01:00,1,1
AT,AT.0008.20.AQ,NET.09,STA.09.AKC,,SPO.09.AKC.5066.6001.1,SPP.09.AKC.5066.6001.1.11325,SAM.09.AKC.5066.6001.1,PM2.5,http://dd.eionet.europa.eu/vocabulary/aq/pollutant/6001,hour,3.2607498100,µg/m3,2018-07-01 21:00:00 +01:00,2018-07-01 22:00:00 +01:00,1,1
AT,AT.0008.20.AQ,NET.09,STA.09.AKC,,SPO.09.AKC.5066.6001.1,SPP.09.AKC.5066.6001.1.11325,SAM.09.AKC.5066.6001.1,PM2.5,http://dd.eionet.europa.eu/vocabulary/aq/pollutant/6001,hour,2.8411998700,µg/m3,2018-07-01 22:00:00 +01:00,2018-07-01 23:00:00 +01:00,1,1
AT,AT.0008.20.AQ,NET.09,STA.09.AKC,,SPO.09.AKC.5066.6001.1,SPP.09.AKC.5066.6001.1.11325,SAM.09.AKC.5066.6001.1,PM2.5,http://dd.eionet.europa.eu/vocabulary/aq/pollutant/6001,hour,3.0936000300,µg/m3,2018-07-02 00:00:00 +01:00,2018-07-02 01:00:00 +01:00,1,1
AT,AT.0008.20.AQ,NET.09,STA.09.AKC,,SPO.09.AKC.5066.6001.1,SPP.09.AKC.5066.6001.1.11325,SAM.09.AKC.5066.6001.1,PM2.5,http://dd.eionet.europa.eu/vocabulary/aq/pollutant/6001,hour,3.1193499500,µg/m3,2018-07-02 03:00:00 +01:00,2018-07-02 04:00:00 +01:00,1,1
AT,AT.0008.20.AQ,NET.09,STA.09.AKC,,SPO.09.AKC.5066.6001.1,SPP.09.AKC.5066.6001.1.11325,SAM.09.AKC.5066.6001.1,PM2.5,http://dd.eionet.europa.eu/vocabulary/aq/pollutant/6001,hour,5.0677499700,µg/m3,2018-07-02 05:00:00 +01:00,2018-07-02 06:00:00 +01:00,1,1
AT,AT.0008.20.AQ,NET.09,STA.09.AKC,,SPO.09.AKC.5066.6001.1,SPP.09.AKC.5066.6001.1.11325,SAM.09.AKC.5066.6001.1,PM2.5,http://dd.eionet.europa.eu/vocabulary/aq/pollutant/6001,hour,7.3235502200,µg/m3,2018-07-02 06:00:00 +01:00,2018-07-02 07:00:00 +01:00,1,1
AT,AT.0008.20.AQ,NET.09,STA.09.AKC,,SPO.09.AKC.5066.6001.1,SPP.09.AKC.5066.6001.1.11325,SAM.09.AKC.5066.6001.1,PM2.5,http://dd.eionet.europa.eu/vocabulary/aq/pollutant/6001,hour,5.0236997600,µg/m3,2018-07-02 08:00:00 +01:00,2018-07-02 09:00:00 +01:00,1,1
AT,AT.0008.20.AQ,NET.09,STA.09.AKC,,SPO.09.AKC.5066.6001.1,SPP.09.AKC.5066.6001.1.11325,SAM.09.AKC.5066.6001.1,PM2.5,http://dd.eionet.europa.eu/vocabulary/aq/pollutant/6001,hour,4.1768999100,µg/m3,2018-07-02 09:00:00 +01:00,2018-07-02 10:00:00 +01:00,1,1
AT,AT.0008.20.AQ,NET.09,STA.09.AKC,,SPO.09.AKC.5066.6001.1,SPP.09.AKC.5066.6001.1.11325,SAM.09.AKC.5066.6001.1,PM2.5,http://dd.eionet.europa.eu/vocabulary/aq/pollutant/6001,hour,2.8942999800,µg/m3,2018-07-02 11:00:00 +01:00,2018-07-02 12:00:00 +01:00,1,1
AT,AT.0008.20.AQ,NET.09,STA.09.AKC,,SPO.09.AKC.5066.6001.1,SPP.09.AKC.5066.6001.1.11325,SAM.09.AKC.5066.6001.1,PM2.5,http://dd.eionet.europa.eu/vocabulary/aq/pollutant/6001,hour,3.3510999600,µg/m3,2018-07-02 12:00:00 +01:00,2018-07-02 13:00:00 +01:00,1,1
AT,AT.0008.20.AQ,NET.09,STA.09.AKC,,SPO.09.AKC.5066.6001.1,SPP.09.AKC.5066.6001.1.11325,SAM.09.AKC.5066.6001.1,PM2.5,http://dd.eionet.europa.eu/vocabulary/aq/pollutant/6001,hour,3.5465998600,µg/m3,2018-07-02 14:00:00 +01:00,2018-07-02 15:00:00 +01:00,1,1
AT,AT.0008.20.AQ,NET.09,STA.09.AKC,,SPO.09.AKC.5066.6001.1,SPP.09.AKC.5066.6001.1.11325,SAM.09.AKC.5066.6001.1,PM2.5,http://dd.eionet.europa.eu/vocabulary/aq/pollutant/6001,hour,3.4698500600,µg/m3,2018-07-02 15:00:00 +01:00,2018-07-02 16:00:00 +01:00,1,1
AT,AT.0008.20.AQ,NET.09,STA.09.AKC,,SPO.09.AKC.5066.6001.1,SPP.09.AKC.5066.6001.1.11325,SAM.09.AKC.5066.6001.1,PM2.5,http://dd.eionet.europa.eu/vocabulary/aq/pollutant/6001,hour,3.8684999900,µg/m3,2018-07-02 17:00:00 +01:00,2018-07-02 18:00:00 +01:00,1,1
AT,AT.0008.20.AQ,NET.09,STA.09.AKC,,SPO.09.AKC.5066.6001.1,SPP.09.AKC.5066.6001.1.11325,SAM.09.AKC.5066.6001.1,PM2.5,http://dd.eionet.europa.eu/vocabulary/aq/pollutant/6001,hour,3.9086000900,µg/m3,2018-07-02 18:00:00 +01:00,2018-07-02 19:00:00 +01:00,1,1
AT,AT.0008.20.AQ,NET.09,STA.09.AKC,,SPO.09.AKC.5066.6001.1,SPP.09.AKC.5066.6001.1.11325,SAM.09.AKC.5066.6001.1,PM2.5,http://dd.eionet.europa.eu/vocabulary/aq/pollutant/6001,hour,4.4649000100,µg/m3,2018-07-02 19:00:00 +01:00,2018-07-02 20:00:00 +01:00,1,1
AT,AT.0008.20.AQ,NET.09,STA.09.AKC,,SPO.09.AKC.5066.6001.1,SPP.09.AKC.5066.6001.1.11325,SAM.09.AKC.5066.6001.1,PM2.5,http://dd.eionet.europa.eu/vocabulary/aq/pollutant/6001,hour,5.7966499300,µg/m3,2018-07-02 22:00:00 +01:00,2018-07-02 23:00:00 +01:00,1,1
AT,AT.0008.20.AQ,NET.09,STA.09.AKC,,SPO.09.AKC.5066.6001.1,SPP.09.AKC.5066.6001.1.11325,SAM.09.AKC.5066.6001.1,PM2.5,http://dd.eionet.europa.eu/vocabulary/aq/pollutant/6001,hour,4.9777998900,µg/m3,2018-07-02 23:00:00 +01:00,2018-07-03 00:00:00 +01:00,1,1
AT,AT.0008.20.AQ,NET.09,STA.09.AKC,,SPO.09.AKC.5066.6001.1,SPP.09.AKC.5066.6001.1.11325,SAM.09.AKC.5066.6001.1,PM2.5,http://dd.eionet.europa.eu/vocabulary/aq/pollutant/6001,hour,5.3945999100,µg/m3,2018-07-03 02:00:00 +01:00,2018-07-03 03:00:00 +01:00,1,1
AT,AT.0008.20.AQ,NET.09,STA.09.AKC,,SPO.09.AKC.5066.6001.1,SPP.09.AKC.5066.6001.1.11325,SAM.09.AKC.5066.6001.1,PM2.5,http://dd.eionet.europa.eu/vocabulary/aq/pollutant/6001,hour,7.4381999900,µg/m3,2018-07-03 05:00:00 +01:00,2018-07-03 06:00:00 +01:00,1,1
AT,AT.0008.20.AQ,NET.09,STA.09.AKC,,SPO.09.AKC.5066.6001.1,SPP.09.AKC.5066.6001.1.11325,SAM.09.AKC.5066.6001.1,PM2.5,http://dd.eionet.europa.eu/vocabulary/aq/pollutant/6001,hour,7.2994999800,µg/m3,2018-07-03 06:00:00 +01:00,2018-07-03 07:00:00 +01:00,1,1
AT,AT.0008.20.AQ,NET.09,STA.09.AKC,,SPO.09.AKC.5066.6001.1,SPP.09.AKC.5066.6001.1.11325,SAM.09.AKC.5066.6001.1,PM2.5,http://dd.eionet.europa.eu/vocabulary/aq/pollutant/6001,hour,6.3693499500,µg/m3,2018-07-03 07:00:00 +01:00,2018-07-03 08:00:00 +01:00,1,1
AT,AT.0008.20.AQ,NET.09,STA.09.AKC,,SPO.09.AKC.5066.6001.1,SPP.09.AKC.5066.6001.1.11325,SAM.09.AKC.5066.6001.1,PM2.5,http://dd.eionet.europa.eu/vocabulary/aq/pollutant/6001,hour,7.0448503400,µg/m3,2018-07-03 08:00:00 +01:00,2018-07-03 09:00:00 +01:00,1,1
AT,AT.0008.20.AQ,NET.09,STA.09.AKC,,SPO.09.AKC.5066.6001.1,SPP.09.AKC.5066.6001.1.11325,SAM.09.AKC.5066.6001.1,PM2.5,http://dd.eionet.europa.eu/vocabulary/aq/pollutant/6001,hour,4.4819002100,µg/m3,2018-07-03 10:00:00 +01:00,2018-07-03 11:00:00 +01:00,1,1
AT,AT.0008.20.AQ,NET.09,STA.09.AKC,,SPO.09.AKC.5066.6001.1,SPP.09.AKC.5066.6001.1.11325,SAM.09.AKC.5066.6001.1,PM2.5,http://dd.eionet.europa.eu/vocabulary/aq/pollutant/6001,hour,4.6807498900,µg/m3,2018-07-03 11:00:00 +01:00,2018-07-03 12:00:00 +01:00,1,1
AT,AT.0008.20.AQ,NET.09,STA.09.AKC,,SPO.09.AKC.5066.6001.1,SPP.09.AKC.5066.6001.1.11325,SAM.09.AKC.5066.6001.1,PM2.5,http://dd.eionet.europa.eu/vocabulary/aq/pollutant/6001,hour,4.9829998000,µg/m3,2018-07-03 12:00:00 +01:00,2018-07-03 13:00:00 +01:00,1,1
AT,AT.0008.20.AQ,NET.09,STA.09.AKC,,SPO.09.AKC.5066.6001.1,SPP.09.AKC.5066.6001.1.11325,SAM.09.AKC.5066.6001.1,PM2.5,http://dd.eionet.europa.eu/vocabulary/aq/pollutant/6001,hour,4.5982999800,µg/m3,2018-07-03 13:00:00 +01:00,2018-07-03 14:00:00 +01:00,1,1
AT,AT.0008.20.AQ,NET.09,STA.09.AKC,,SPO.09.AKC.5066.6001.1,SPP.09.AKC.5066.6001.1.11325,SAM.09.AKC.5066.6001.1,PM2.5,http://dd.eionet.europa.eu/vocabulary/aq/pollutant/6001,hour,3.5893499800,µg/m3,2018-07-03 16:00:00 +01:00,2018-07-03 17:00:00 +01:00,1,1
AT,AT.0008.20.AQ,NET.09,STA.09.AKC,,SPO.09.AKC.5066.6001.1,SPP.09.AKC.5066.6001.1.11325,SAM.09.AKC.5066.6001.1,PM2.5,http://dd.eionet.europa.eu/vocabulary/aq/pollutant/6001,hour,3.1852998700,µg/m3,2018-07-03 17:00:00 +01:00,2018-07-03 18:00:00 +01:00,1,1
AT,AT.0008.20.AQ,NET.09,STA.09.AKC,,SPO.09.AKC.5066.6001.1,SPP.09.AKC.5066.6001.1.11325,SAM.09.AKC.5066.6001.1,PM2.5,http://dd.eionet.europa.eu/vocabulary/aq/pollutant/6001,hour,3.2500000000,µg/m3,2018-07-03 18:00:00 +01:00,2018-07-03 19:00:00 +01:00,1,1
AT,AT.0008.20.AQ,NET.09,STA.09.AKC,,SPO.09.AKC.5066.6001.1,SPP.09.AKC.5066.6001.1.11325,SAM.09.AKC.5066.6001.1,PM2.5,http://dd.eionet.europa.eu/vocabulary/aq/pollutant/6001,hour,4.1546001400,µg/m3,2018-07-03 19:00:00 +01:00,2018-07-03 20:00:00 +01:00,1,1
AT,AT.0008.20.AQ,NET.09,STA.09.AKC,,SPO.09.AKC.5066.6001.1,SPP.09.AKC.5066.6001.1.11325,SAM.09.AKC.5066.6001.1,PM2.5,http://dd.eionet.europa.eu/vocabulary/aq/pollutant/6001,hour,5.0677499700,µg/m3,2018-07-03 20:00:00 +01:00,2018-07-03 21:00:00 +01:00,1,1
AT,AT.0008.20.AQ,NET.09,STA.09.AKC,,SPO.09.AKC.5066.6001.1,SPP.09.AKC.5066.6001.1.11325,SAM.09.AKC.5066.6001.1,PM2.5,http://dd.eionet.europa.eu/vocabulary/aq/pollutant/6001,hour,5.9844503400,µg/m3,2018-07-03 21:00:00 +01:00,2018-07-03 22:00:00 +01:00,1,1
AT,AT.0008.20.AQ,NET.09,STA.09.AKC,,SPO.09.AKC.5066.6001.1,SPP.09.AKC.5066.6001.1.11325,SAM.09.AKC.5066.6001.1,PM2.5,http://dd.eionet.europa.eu/vocabulary/aq/pollutant/6001,hour,6.1328501700,µg/m3,2018-07-03 22:00:00 +01:00,2018-07-03 23:00:00 +01:00,1,1
AT,AT.0008.20.AQ,NET.09,STA.09.AKC,,SPO.09.AKC.5066.6001.1,SPP.09.AKC.5066.6001.1.11325,SAM.09.AKC.5066.6001.1,PM2.5,http://dd.eionet.europa.eu/vocabulary/aq/pollutant/6001,hour,5.8564500800,µg/m3,2018-07-03 23:00:00 +01:00,2018-07-04 00:00:00 +01:00,1,1
AT,AT.0008.20.AQ,NET.09,STA.09.AKC,,SPO.09.AKC.5066.6001.1,SPP.09.AKC.5066.6001.1.11325,SAM.09.AKC.5066.6001.1,PM2.5,http://dd.eionet.europa.eu/vocabulary/aq/pollutant/6001,hour,8.0167999200,µg/m3,2018-07-04 02:00:00 +01:00,2018-07-04 03:00:00 +01:00,1,1
AT,AT.0008.20.AQ,NET.09,STA.09.AKC,,SPO.09.AKC.5066.6001.1,SPP.09.AKC.5066.6001.1.11325,SAM.09.AKC.5066.6001.1,PM2.5,http://dd.eionet.europa.eu/vocabulary/aq/pollutant/6001,hour,8.9579000400,µg/m3,2018-07-04 03:00:00 +01:00,2018-07-04 04:00:00 +01:00,1,1
AT,AT.0008.20.AQ,NET.09,STA.09.AKC,,SPO.09.AKC.5066.6001.1,SPP.09.AKC.5066.6001.1.11325,SAM.09.AKC.5066.6001.1,PM2.5,http://dd.eionet.europa.eu/vocabulary/aq/pollutant/6001,hour,9.6788501700,µg/m3,2018-07-04 04:00:00 +01:00,2018-07-04 05:00:00 +01:00,1,1
AT,AT.0008.20.AQ,NET.09,STA.09.AKC,,SPO.09.AKC.5066.6001.1,SPP.09.AKC.5066.6001.1.11325,SAM.09.AKC.5066.6001.1,PM2.5,http://dd.eionet.europa.eu/vocabulary/aq/pollutant/6001,hour,11.9559993700,µg/m3,2018-07-04 05:00:00 +01:00,2018-07-04 06:00:00 +01:00,1,1
AT,AT.0008.20.AQ,NET.09,STA.09.AKC,,SPO.09.AKC.5066.6001.1,SPP.09.AKC.5066.6001.1.11325,SAM.09.AKC.5066.6001.1,PM2.5,http://dd.eionet.europa.eu/vocabulary/aq/pollutant/6001,hour,10.8775005300,µg/m3,2018-07-04 06:00:00 +01:00,2018-07-04 07:00:00 +01:00,1,1
AT,AT.0008.20.AQ,NET.09,STA.09.AKC,,SPO.09.AKC.5066.6001.1,SPP.09.AKC.5066.6001.1.11325,SAM.09.AKC.5066.6001.1,PM2.5,http://dd.eionet.europa.eu/vocabulary/aq/pollutant/6001,hour,10.6844997400,µg/m3,2018-07-04 07:00:00 +01:00,2018-07-04 08:00:00 +01:00,1,1
AT,AT.0008.20.AQ,NET.09,STA.09.AKC,,SPO.09.AKC.5066.6001.1,SPP.09.AKC.5066.6001.1.11325,SAM.09.AKC.5066.6001.1,PM2.5,http://dd.eionet.europa.eu/vocabulary/aq/pollutant/6001,hour,8.4860496500,µg/m3,2018-07-04 08:00:00 +01:00,2018-07-04 09:00:00 +01:00,1,1
AT,AT.0008.20.AQ,NET.09,STA.09.AKC,,SPO.09.AKC.5066.6001.1,SPP.09.AKC.5066.6001.1.11325,SAM.09.AKC.5066.6001.1,PM2.5,http://dd.eionet.europa.eu/vocabulary/aq/pollutant/6001,hour,3.6976499500,µg/m3,2018-07-04 10:00:00 +01:00,2018-07-04 11:00:00 +01:00,1,1
AT,AT.0008.20.AQ,NET.09,STA.09.AKC,,SPO.09.AKC.5066.6001.1,SPP.09.AKC.5066.6001.1.11325,SAM.09.AKC.5066.6001.1,PM2.5,http://dd.eionet.europa.eu/vocabulary/aq/pollutant/6001,hour,3.7973001000,µg/m3,2018-07-04 11:00:00 +01:00,2018-07-04 12:00:00 +01:00,1,1
AT,AT.0008.20.AQ,NET.09,STA.09.AKC,,SPO.09.AKC.5066.6001.1,SPP.09.AKC.5066.6001.1.11325,SAM.09.AKC.5066.6001.1,PM2.5,http://dd.eionet.europa.eu/vocabulary/aq/pollutant/6001,hour,3.8420000000,µg/m3,2018-07-04 12:00:00 +01:00,2018-07-04 13:00:00 +01:00,1,1
AT,AT.0008.20.AQ,NET.09,STA.09.AKC,,SPO.09.AKC.5066.6001.1,SPP.09.AKC.5066.6001.1.11325,SAM.09.AKC.5066.6001.1,PM2.5,http://dd.eionet.europa.eu/vocabulary/aq/pollutant/6001,hour,5.0610499300,µg/m3,2018-07-04 15:00:00 +01:00,2018-07-04 16:00:00 +01:00,1,1
AT,AT.0008.20.AQ,NET.09,STA.09.AKC,,SPO.09.AKC.5066.6001.1,SPP.09.AKC.5066.6001.1.11325,SAM.09.AKC.5066.6001.1,PM2.5,http://dd.eionet.europa.eu/vocabulary/aq/pollutant/6001,hour,4.7527499100,µg/m3,2018-07-04 16:00:00 +01:00,2018-07-04 17:00:00 +01:00,1,1
AT,AT.0008.20.AQ,NET.09,STA.09.AKC,,SPO.09.AKC.5066.6001.1,SPP.09.AKC.5066.6001.1.11325,SAM.09.AKC.5066.6001.1,PM2.5,http://dd.eionet.europa.eu/vocabulary/aq/pollutant/6001,hour,5.2152500100,µg/m3,2018-07-04 17:00:00 +01:00,2018-07-04 18:00:00 +01:00,1,1
AT,AT.0008.20.AQ,NET.09,STA.09.AKC,,SPO.09.AKC.5066.6001.1,SPP.09.AKC.5066.6001.1.11325,SAM.09.AKC.5066.6001.1,PM2.5,http://dd.eionet.europa.eu/vocabulary/aq/pollutant/6001,hour,6.2225503900,µg/m3,2018-07-04 19:00:00 +01:00,2018-07-04 20:00:00 +01:00,1,1
AT,AT.0008.20.AQ,NET.09,STA.09.AKC,,SPO.09.AKC.5066.6001.1,SPP.09.AKC.5066.6001.1.11325,SAM.09.AKC.5066.6001.1,PM2.5,http://dd.eionet.europa.eu/vocabulary/aq/pollutant/6001,hour,6.1337499600,µg/m3,2018-07-04 20:00:00 +01:00,2018-07-04 21:00:00 +01:00,1,1
AT,AT.0008.20.AQ,NET.09,STA.09.AKC,,SPO.09.AKC.5066.6001.1,SPP.09.AKC.5066.6001.1.11325,SAM.09.AKC.5066.6001.1,PM2.5,http://dd.eionet.europa.eu/vocabulary/aq/pollutant/6001,hour,6.1925001100,µg/m3,2018-07-04 21:00:00 +01:00,2018-07-04 22:00:00 +01:00,1,1
AT,AT.0008.20.AQ,NET.09,STA.09.AKC,,SPO.09.AKC.5066.6001.1,SPP.09.AKC.5066.6001.1.11325,SAM.09.AKC.5066.6001.1,PM2.5,http://dd.eionet.europa.eu/vocabulary/aq/pollutant/6001,hour,6.7687997800,µg/m3,2018-07-04 23:00:00 +01:00,2018-07-05 00:00:00 +01:00,1,1
AT,AT.0008.20.AQ,NET.09,STA.09.AKC,,SPO.09.AKC.5066.6001.1,SPP.09.AKC.5066.6001.1.11325,SAM.09.AKC.5066.6001.1,PM2.5,http://dd.eionet.europa.eu/vocabulary/aq/pollutant/6001,hour,7.8820500300,µg/m3,2018-07-05 01:00:00 +01:00,2018-07-05 02:00:00 +01:00,1,1
AT,AT.0008.20.AQ,NET.09,STA.09.AKC,,SPO.09.AKC.5066.6001.1,SPP.09.AKC.5066.6001.1.11325,SAM.09.AKC.5066.6001.1,PM2.5,http://dd.eionet.europa.eu/vocabulary/aq/pollutant/6001,hour,6.8484001100,µg/m3,2018-07-05 05:00:00 +01:00,2018-07-05 06:00:00 +01:00,1,1
AT,AT.0008.20.AQ,NET.09,STA.09.AKC,,SPO.09.AKC.5066.6001.1,SPP.09.AKC.5066.6001.1.11325,SAM.09.AKC.5066.6001.1,PM2.5,http://dd.eionet.europa.eu/vocabulary/aq/pollutant/6001,hour,6.4166498100,µg/m3,2018-07-05 07:00:00 +01:00,2018-07-05 08:00:00 +01:00,1,1
AT,AT.0008.20.AQ,NET.09,STA.09.AKC,,SPO.09.AKC.5066.6001.1,SPP.09.AKC.5066.6001.1.11325,SAM.09.AKC.5066.6001.1,PM2.5,http://dd.eionet.europa.eu/vocabulary/aq/pollutant/6001,hour,6.6493501600,µg/m3,2018-07-05 09:00:00 +01:00,2018-07-05 10:00:00 +01:00,1,1
AT,AT.0008.20.AQ,NET.09,STA.09.AKC,,SPO.09.AKC.5066.6001.1,SPP.09.AKC.5066.6001.1.11325,SAM.09.AKC.5066.6001.1,PM2.5,http://dd.eionet.europa.eu/vocabulary/aq/pollutant/6001,hour,5.8021998400,µg/m3,2018-07-05 12:00:00 +01:00,2018-07-05 13:00:00 +01:00,1,1
AT,AT.0008.20.AQ,NET.09,STA.09.AKC,,SPO.09.AKC.5066.6001.1,SPP.09.AKC.5066.6001.1.11325,SAM.09.AKC.5066.6001.1,PM2.5,http://dd.eionet.europa.eu/vocabulary/aq/pollutant/6001,hour,6.8934998500,µg/m3,2018-07-05 14:00:00 +01:00,2018-07-05 15:00:00 +01:00,1,1
AT,AT.0008.20.AQ,NET.09,STA.09.AKC,,SPO.09.AKC.5066.6001.1,SPP.09.AKC.5066.6001.1.11325,SAM.09.AKC.5066.6001.1,PM2.5,http://dd.eionet.europa.eu/vocabulary/aq/pollutant/6001,hour,6.0542497600,µg/m3,2018-07-05 15:00:00 +01:00,2018-07-05 16:00:00 +01:00,1,1
AT,AT.0008.20.AQ,NET.09,STA.09.AKC,,SPO.09.AKC.5066.6001.1,SPP.09.AKC.5066.6001.1.11325,SAM.09.AKC.5066.6001.1,PM2.5,http://dd.eionet.europa.eu/vocabulary/aq/pollutant/6001,hour,,µg/m3,2018-07-05 17:00:00 +01:00,2018-07-05 18:00:00 +01:00,-1,1
AT,AT.0008.20.AQ,NET.09,STA.09.AKC,,SPO.09.AKC.5066.6001.1,SPP.09.AKC.5066.6001.1.11325,SAM.09.AKC.5066.6001.1,PM2.5,http://dd.eionet.europa.eu/vocabulary/aq/pollutant/6001,hour,8.7622499400,µg/m3,2018-07-05 18:00:00 +01:00,2018-07-05 19:00:00 +01:00,1,1
AT,AT.0008.20.AQ,NET.09,STA.09.AKC,,SPO.09.AKC.5066.6001.1,SPP.09.AKC.5066.6001.1.11325,SAM.09.AKC.5066.6001.1,PM2.5,http://dd.eionet.europa.eu/vocabulary/aq/pollutant/6001,hour,8.2315006200,µg/m3,2018-07-05 21:00:00 +01:00,2018-07-05 22:00:00 +01:00,1,1
AT,AT.0008.20.AQ,NET.09,STA.09.AKC,,SPO.09.AKC.5066.6001.1,SPP.09.AKC.5066.6001.1.11325,SAM.09.AKC.5066.6001.1,PM2.5,http://dd.eionet.europa.eu/vocabulary/aq/pollutant/6001,hour,7.9842000000,µg/m3,2018-07-05 23:00:00 +01:00,2018-07-06 00:00:00 +01:00,1,1
AT,AT.0008.20.AQ,NET.09,STA.09.AKC,,SPO.09.AKC.5066.6001.1,SPP.09.AKC.5066.6001.1.11325,SAM.09.AKC.5066.6001.1,PM2.5,http://dd.eionet.europa.eu/vocabulary/aq/pollutant/6001,hour,6.2667498500,µg/m3,2018-07-06 00:00:00 +01:00,2018-07-06 01:00:00 +01:00,1,1
AT,AT.0008.20.AQ,NET.09,STA.09.AKC,,SPO.09.AKC.5066.6001.1,SPP.09.AKC.5066.6001.1.11325,SAM.09.AKC.5066.6001.1,PM2.5,http://dd.eionet.europa.eu/vocabulary/aq/pollutant/6001,hour,5.7175998600,µg/m3,2018-07-06 01:00:00 +01:00,2018-07-06 02:00:00 +01:00,1,1
AT,AT.0008.20.AQ,NET.09,STA.09.AKC,,SPO.09.AKC.5066.6001.1,SPP.09.AKC.5066.6001.1.11325,SAM.09.AKC.5066.6001.1,PM2.5,http://dd.eionet.europa.eu/vocabulary/aq/pollutant/6001,hour,5.2105998900,µg/m3,2018-07-06 02:00:00 +01:00,2018-07-06 03:00:00 +01:00,1,1
AT,AT.0008.20.AQ,NET.09,STA.09.AKC,,SPO.09.AKC.5066.6001.1,SPP.09.AKC.5066.6001.1.11325,SAM.09.AKC.5066.6001.1,PM2.5,http://dd.eionet.europa.eu/vocabulary/aq/pollutant/6001,hour,5.2069997700,µg/m3,2018-07-06 04:00:00 +01:00,2018-07-06 05:00:00 +01:00,1,1
AT,AT.0008.20.AQ,NET.09,STA.09.AKC,,SPO.09.AKC.5066.6001.1,SPP.09.AKC.5066.6001.1.11325,SAM.09.AKC.5066.6001.1,PM2.5,http://dd.eionet.europa.eu/vocabulary/aq/pollutant/6001,hour,5.1669502200,µg/m3,2018-07-06 06:00:00 +01:00,2018-07-06 07:00:00 +01:00,1,1
AT,AT.0008.20.AQ,NET.09,STA.09.AKC,,SPO.09.AKC.5066.6001.1,SPP.09.AKC.5066.6001.1.11325,SAM.09.AKC.5066.6001.1,PM2.5,http://dd.eionet.europa.eu/vocabulary/aq/pollutant/6001,hour,5.9793996800,µg/m3,2018-07-06 08:00:00 +01:00,2018-07-06 09:00:00 +01:00,1,1
AT,AT.0008.20.AQ,NET.09,STA.09.AKC,,SPO.09.AKC.5066.6001.1,SPP.09.AKC.5066.6001.1.11325,SAM.09.AKC.5066.6001.1,PM2.5,http://dd.eionet.europa.eu/vocabulary/aq/pollutant/6001,hour,6.7545499800,µg/m3,2018-07-06 09:00:00 +01:00,2018-07-06 10:00:00 +01:00,1,1
AT,AT.0008.20.AQ,NET.09,STA.09.AKC,,SPO.09.AKC.5066.6001.1,SPP.09.AKC.5066.6001.1.11325,SAM.09.AKC.5066.6001.1,PM2.5,http://dd.eionet.europa.eu/vocabulary/aq/pollutant/6001,hour,9.2288494100,µg/m3,2018-07-06 11:00:00 +01:00,2018-07-06 12:00:00 +01:00,1,1
AT,AT.0008.20.AQ,NET.09,STA.09.AKC,,SPO.09.AKC.5066.6001.1,SPP.09.AKC.5066.6001.1.11325,SAM.09.AKC.5066.6001.1,PM2.5,http://dd.eionet.europa.eu/vocabulary/aq/pollutant/6001,hour,10.3094997400,µg/m3,2018-07-06 12:00:00 +01:00,2018-07-06 13:00:00 +01:00,1,1
AT,AT.0008.20.AQ,NET.09,STA.09.AKC,,SPO.09.AKC.5066.6001.1,SPP.09.AKC.5066.6001.1.11325,SAM.09.AKC.5066.6001.1,PM2.5,http://dd.eionet.europa.eu/vocabulary/aq/pollutant/6001,hour,7.5986995600,µg/m3,2018-07-06 14:00:00 +01:00,2018-07-06 15:00:00 +01:00,1,1
AT,AT.0008.20.AQ,NET.09,STA.09.AKC,,SPO.09.AKC.5066.6001.1,SPP.09.AKC.5066.6001.1.11325,SAM.09.AKC.5066.6001.1,PM2.5,http://dd.eionet.europa.eu/vocabulary/aq/pollutant/6001,hour,6.6407499300,µg/m3,2018-07-06 17:00:00 +01:00,2018-07-06 18:00:00 +01:00,1,1
AT,AT.0008.20.AQ,NET.09,STA.09.AKC,,SPO.09.AKC.5066.6001.1,SPP.09.AKC.5066.6001.1.11325,SAM.09.AKC.5066.6001.1,PM2.5,http://dd.eionet.europa.eu/vocabulary/aq/pollutant/6001,hour,5.8399000100,µg/m3,2018-07-06 18:00:00 +01:00,2018-07-06 19:00:00 +01:00,1,1
AT,AT.0008.20.AQ,NET.09,STA.09.AKC,,SPO.09.AKC.5066.6001.1,SPP.09.AKC.5066.6001.1.11325,SAM.09.AKC.5066.6001.1,PM2.5,http://dd.eionet.europa.eu/vocabulary/aq/pollutant/6001,hour,9.7586002300,µg/m3,2018-07-06 20:00:00 +01:00,2018-07-06 21:00:00 +01:00,1,1
AT,AT.0008.20.AQ,NET.09,STA.09.AKC,,SPO.09.AKC.5066.6001.1,SPP.09.AKC.5066.6001.1.11325,SAM.09.AKC.5066.6001.1,PM2.5,http://dd.eionet.europa.eu/vocabulary/aq/pollutant/6001,hour,8.9439001000,µg/m3,2018-07-06 21:00:00 +01:00,2018-07-06 22:00:00 +01:00,1,1
AT,AT.0008.20.AQ,NET.09,STA.09.AKC,,SPO.09.AKC.5066.6001.1,SPP.09.AKC.5066.6001.1.11325,SAM.09.AKC.5066.6001.1,PM2.5,http://dd.eionet.europa.eu/vocabulary/aq/pollutant/6001,hour,8.5811004600,µg/m3,2018-07-06 23:00:00 +01:00,2018-07-07 00:00:00 +01:00,1,1
AT,AT.0008.20.AQ,NET.09,STA.09.AKC,,SPO.09.AKC.5066.6001.1,SPP.09.AKC.5066.6001.1.11325,SAM.09.AKC.5066.6001.1,PM2.5,http://dd.eionet.europa.eu/vocabulary/aq/pollutant/6001,hour,9.1809005700,µg/m3,2018-07-07 01:00:00 +01:00,2018-07-07 02:00:00 +01:00,1,1
AT,AT.0008.20.AQ,NET.09,STA.09.AKC,,SPO.09.AKC.5066.6001.1,SPP.09.AKC.5066.6001.1.11325,SAM.09.AKC.5066.6001.1,PM2.5,http://dd.eionet.europa.eu/vocabulary/aq/pollutant/6001,hour,8.1405000600,µg/m3,2018-07-07 04:00:00 +01:00,2018-07-07 05:00:00 +01:00,1,1
AT,AT.0008.20.AQ,NET.09,STA.09.AKC,,SPO.09.AKC.5066.6001.1,SPP.09.AKC.5066.6001.1.11325,SAM.09.AKC.5066.6001.1,PM2.5,http://dd.eionet.europa.eu/vocabulary/aq/pollutant/6001,hour,8.5497999100,µg/m3,2018-07-07 05:00:00 +01:00,2018-07-07 06:00:00 +01:00,1,1
AT,AT.0008.20.AQ,NET.09,STA.09.AKC,,SPO.09.AKC.5066.6001.1,SPP.09.AKC.5066.6001.1.11325,SAM.09.AKC.5066.6001.1,PM2.5,http://dd.eionet.europa.eu/vocabulary/aq/pollutant/6001,hour,8.4976997300,µg/m3,2018-07-07 07:00:00 +01:00,2018-07-07 08:00:00 +01:00,1,1
AT,AT.0008.20.AQ,NET.09,STA.09.AKC,,SPO.09.AKC.5066.6001.1,SPP.09.AKC.5066.6001.1.11325,SAM.09.AKC.5066.6001.1,PM2.5,http://dd.eionet.europa.eu/vocabulary/aq/pollutant/6001,hour,7.9583497000,µg/m3,2018-07-07 08:00:00 +01:00,2018-07-07 09:00:00 +01:00,1,1
AT,AT.0008.20.AQ,NET.09,STA.09.AKC,,SPO.09.AKC.5066.6001.1,SPP.09.AKC.5066.6001.1.11325,SAM.09.AKC.5066.6001.1,PM2.5,http://dd.eionet.europa.eu/vocabulary/aq/pollutant/6001,hour,5.2175998600,µg/m3,2018-07-07 11:00:00 +01:00,2018-07-07 12:00:00 +01:00,1,1
AT,AT.0008.20.AQ,NET.09,STA.09.AKC,,SPO.09.AKC.5066.6001.1,SPP.09.AKC.5066.6001.1.11325,SAM.09.AKC.5066.6001.1,PM2.5,http://dd.eionet.europa.eu/vocabulary/aq/pollutant/6001,hour,5.6282000500,µg/m3,2018-07-07 12:00:00 +01:00,2018-07-07 13:00:00 +01:00,1,1
AT,AT.0008.20.AQ,NET.09,STA.09.AKC,,SPO.09.AKC.5066.6001.1,SPP.09.AKC.5066.6001.1.11325,SAM.09.AKC.5066.6001.1,PM2.5,http://dd.eionet.europa.eu/vocabulary/aq/pollutant/6001,hour,4.8003997800,µg/m3,2018-07-07 15:00:00 +01:00,2018-07-07 16:00:00 +01:00,1,1
AT,AT.0008.20.AQ,NET.09,STA.09.AKC,,SPO.09.AKC.5066.6001.1,SPP.09.AKC.5066.6001.1.11325,SAM.09.AKC.5066.6001.1,PM2.5,http://dd.eionet.europa.eu/vocabulary/aq/pollutant/6001,hour,4.9618501600,µg/m3,2018-07-07 16:00:00 +01:00,2018-07-07 17:00:00 +01:00,1,1
AT,AT.0008.20.AQ,NET.09,STA.09.AKC,,SPO.09.AKC.5066.6001.1,SPP.09.AKC.5066.6001.1.11325,SAM.09.AKC.5066.6001.1,PM2.5,http://dd.eionet.europa.eu/vocabulary/aq/pollutant/6001,hour,4.3650503100,µg/m3,2018-07-07 17:00:00 +01:00,2018-07-07 18:00:00 +01:00,1,1
AT,AT.0008.20.AQ,NET.09,STA.09.AKC,,SPO.09.AKC.5066.6001.1,SPP.09.AKC.5066.6001.1.11325,SAM.09.AKC.5066.6001.1,PM2.5,http://dd.eionet.europa.eu/vocabulary/aq/pollutant/6001,hour,4.3066501600,µg/m3,2018-07-07 18:00:00 +01:00,2018-07-07 19:00:00 +01:00,1,1
AT,AT.0008.20.AQ,NET.09,STA.09.AKC,,SPO.09.AKC.5066.6001.1,SPP.09.AKC.5066.6001.1.11325,SAM.09.AKC.5066.6001.1,PM2.5,http://dd.eionet.europa.eu/vocabulary/aq/pollutant/6001,hour,3.7855999400,µg/m3,2018-07-07 20:00:00 +01:00,2018-07-07 21:00:00 +01:00,1,1
AT,AT.0008.20.AQ,NET.09,STA.09.AKC,,SPO.09.AKC.5066.6001.1,SPP.09.AKC.5066.6001.1.11325,SAM.09.AKC.5066.6001.1,PM2.5,http://dd.eionet.europa.eu/vocabulary/aq/pollutant/6001,hour,3.2301499800,µg/m3,2018-07-07 23:00:00 +01:00,2018-07-08 00:00:00 +01:00,1,1
AT,AT.0008.20.AQ,NET.09,STA.09.AKC,,SPO.09.AKC.5066.6001.1,SPP.09.AKC.5066.6001.1.11325,SAM.09.AKC.5066.6001.1,PM2.5,http://dd.eionet.europa.eu/vocabulary/aq/pollutant/6001,hour,3.8565001400,µg/m3,2018-07-08 04:00:00 +01:00,2018-07-08 05:00:00 +01:00,1,1
AT,AT.0008.20.AQ,NET.09,STA.09.AKC,,SPO.09.AKC.5066.6001.1,SPP.09.AKC.5066.6001.1.11325,SAM.09.AKC.5066.6001.1,PM2.5,http://dd.eionet.europa.eu/vocabulary/aq/pollutant/6001,hour,4.6831502900,µg/m3,2018-07-08 05:00:00 +01:00,2018-07-08 06:00:00 +01:00,1,1
AT,AT.0008.20.AQ,NET.09,STA.09.AKC,,SPO.09.AKC.5066.6001.1,SPP.09.AKC.5066.6001.1.11325,SAM.09.AKC.5066.6001.1,PM2.5,http://dd.eionet.europa.eu/vocabulary/aq/pollutant/6001,hour,4.8569002100,µg/m3,2018-07-08 06:00:00 +01:00,2018-07-08 07:00:00 +01:00,1,1
AT,AT.0008.20.AQ,NET.09,STA.09.AKC,,SPO.09.AKC.5066.6001.1,SPP.09.AKC.5066.6001.1.11325,SAM.09.AKC.5066.6001.1,PM2.5,http://dd.eionet.europa.eu/vocabulary/aq/pollutant/6001,hour,4.4363498600,µg/m3,2018-07-08 07:00:00 +01:00,2018-07-08 08:00:00 +01:00,1,1
AT,AT.0008.20.AQ,NET.09,STA.09.AKC,,SPO.09.AKC.5066.6001.1,SPP.09.AKC.5066.6001.1.11325,SAM.09.AKC.5066.6001.1,PM2.5,http://dd.eionet.europa.eu/vocabulary/aq/pollutant/6001,hour,5.0468997900,µg/m3,2018-07-08 08:00:00 +01:00,2018-07-08 09:00:00 +01:00,1,1
AT,AT.0008.20.AQ,NET.09,STA.09.AKC,,SPO.09.AKC.5066.6001.1,SPP.09.AKC.5066.6001.1.11325,SAM.09.AKC.5066.6001.1,PM2.5,http://dd.eionet.europa.eu/vocabulary/aq/pollutant/6001,hour,5.9139499600,µg/m3,2018-07-08 09:00:00 +01:00,2018-07-08 10:00:00 +01:00,1,1
AT,AT.0008.20.AQ,NET.09,STA.09.AKC,,SPO.09.AKC.5066.6001.1,SPP.09.AKC.5066.6001.1.11325,SAM.09.AKC.5066.6001.1,PM2.5,http://dd.eionet.europa.eu/vocabulary/aq/pollutant/6001,hour,6.2527499100,µg/m3,2018-07-08 11:00:00 +01:00,2018-07-08 12:00:00 +01:00,1,1
AT,AT.0008.20.AQ,NET.09,STA.09.AKC,,SPO.09.AKC.5066.6001.1,SPP.09.AKC.5066.6001.1.11325,SAM.09.AKC.5066.6001.1,PM2.5,http://dd.eionet.europa.eu/vocabulary/aq/pollutant/6001,hour,6.7376003200,µg/m3,2018-07-08 12:00:00 +01:00,2018-07-08 13:00:00 +01:00,1,1
AT,AT.0008.20.AQ,NET.09,STA.09.AKC,,SPO.09.AKC.5066.6001.1,SPP.09.AKC.5066.6001.1.11325,SAM.09.AKC.5066.6001.1,PM2.5,http://dd.eionet.europa.eu/vocabulary/aq/pollutant/6001,hour,5.5939998600,µg/m3,2018-07-08 13:00:00 +01:00,2018-07-08 14:00:00 +01:00,1,1
AT,AT.0008.20.AQ,NET.09,STA.09.AKC,,SPO.09.AKC.5066.6001.1,SPP.09.AKC.5066.6001.1.11325,SAM.09.AKC.5066.6001.1,PM2.5,http://dd.eionet.europa.eu/vocabulary/aq/pollutant/6001,hour,5.2791996000,µg/m3,2018-07-08 15:00:00 +01:00,2018-07-08 16:00:00 +01:00,1,1
AT,AT.0008.20.AQ,NET.09,STA.09.AKC,,SPO.09.AKC.5066.6001.1,SPP.09.AKC.5066.6001.1.11325,SAM.09.AKC.5066.6001.1,PM2.5,http://dd.eionet.europa.eu/vocabulary/aq/pollutant/6001,hour,5.3782000500,µg/m3,2018-07-08 16:00:00 +01:00,2018-07-08 17:00:00 +01:00,1,1
AT,AT.0008.20.AQ,NET.09,STA.09.AKC,,SPO.09.AKC.5066.6001.1,SPP.09.AKC.5066.6001.1.11325,SAM.09.AKC.5066.6001.1,PM2.5,http://dd.eionet.europa.eu/vocabulary/aq/pollutant/6001,hour,6.2828502600,µg/m3,2018-07-08 20:00:00 +01:00,2018-07-08 21:00:00 +01:00,1,1
AT,AT.0008.20.AQ,NET.09,STA.09.AKC,,SPO.09.AKC.5066.6001.1,SPP.09.AKC.5066.6001.1.11325,SAM.09.AKC.5066.6001.1,PM2.5,http://dd.eionet.europa.eu/vocabulary/aq/pollutant/6001,hour,6.7272500900,µg/m3,2018-07-09 02:00:00 +01:00,2018-07-09 03:00:00 +01:00,1,1
AT,AT.0008.20.AQ,NET.09,STA.09.AKC,,SPO.09.AKC.5066.6001.1,SPP.09.AKC.5066.6001.1.11325,SAM.09.AKC.5066.6001.1,PM2.5,http://dd.eionet.europa.eu/vocabulary/aq/pollutant/6001,hour,7.4648504200,µg/m3,2018-07-09 03:00:00 +01:00,2018-07-09 04:00:00 +01:00,1,1
AT,AT.0008.20.AQ,NET.09,STA.09.AKC,,SPO.09.AKC.5066.6001.1,SPP.09.AKC.5066.6001.1.11325,SAM.09.AKC.5066.6001.1,PM2.5,http://dd.eionet.europa.eu/vocabulary/aq/pollutant/6001,hour,7.8165998400,µg/m3,2018-07-09 05:00:00 +01:00,2018-07-09 06:00:00 +01:00,1,1
AT,AT.0008.20.AQ,NET.09,STA.09.AKC,,SPO.09.AKC.5066.6001.1,SPP.09.AKC.5066.6001.1.11325,SAM.09.AKC.5066.6001.1,PM2.5,http://dd.eionet.europa.eu/vocabulary/aq/pollutant/6001,hour,7.8671998900,µg/m3,2018-07-09 06:00:00 +01:00,2018-07-09 07:00:00 +01:00,1,1
AT,AT.0008.20.AQ,NET.09,STA.09.AKC,,SPO.09.AKC.5066.6001.1,SPP.09.AKC.5066.6001.1.11325,SAM.09.AKC.5066.6001.1,PM2.5,http://dd.eionet.europa.eu/vocabulary/aq/pollutant/6001,hour,8.0501499100,µg/m3,2018-07-09 07:00:00 +01:00,2018-07-09 08:00:00 +01:00,1,1
AT,AT.0008.20.AQ,NET.09,STA.09.AKC,,SPO.09.AKC.5066.6001.1,SPP.09.AKC.5066.6001.1.11325,SAM.09.AKC.5066.6001.1,PM2.5,http://dd.eionet.europa.eu/vocabulary/aq/pollutant/6001,hour,8.0976505200,µg/m3,2018-07-09 08:00:00 +01:00,2018-07-09 09:00:00 +01:00,1,1
AT,AT.0008.20.AQ,NET.09,STA.09.AKC,,SPO.09.AKC.5066.6001.1,SPP.09.AKC.5066.6001.1.11325,SAM.09.AKC.5066.6001.1,PM2.5,http://dd.eionet.europa.eu/vocabulary/aq/pollutant/6001,hour,8.3648500400,µg/m3,2018-07-09 09:00:00 +01:00,2018-07-09 10:00:00 +01:00,1,1
AT,AT.0008.20.AQ,NET.09,STA.09.AKC,,SPO.09.AKC.5066.6001.1,SPP.09.AKC.5066.6001.1.11325,SAM.09.AKC.5066.6001.1,PM2.5,http://dd.eionet.europa.eu/vocabulary/aq/pollutant/6001,hour,7.3603000600,µg/m3,2018-07-09 12:00:00 +01:00,2018-07-09 13:00:00 +01:00,1,1
AT,AT.0008.20.AQ,NET.09,STA.09.AKC,,SPO.09.AKC.5066.6001.1,SPP.09.AKC.5066.6001.1.11325,SAM.09.AKC.5066.6001.1,PM2.5,http://dd.eionet.europa.eu/vocabulary/aq/pollutant/6001,hour,7.5844998300,µg/m3,2018-07-09 15:00:00 +01:00,2018-07-09 16:00:00 +01:00,1,1
AT,AT.0008.20.AQ,NET.09,STA.09.AKC,,SPO.09.AKC.5066.6001.1,SPP.09.AKC.5066.6001.1.11325,SAM.09.AKC.5066.6001.1,PM2.5,http://dd.eionet.europa.eu/vocabulary/aq/pollutant/6001,hour,7.1758499100,µg/m3,2018-07-09 19:00:00 +01:00,2018-07-09 20:00:00 +01:00,1,1
AT,AT.0008.20.AQ,NET.09,STA.09.AKC,,SPO.09.AKC.5066.6001.1,SPP.09.AKC.5066.6001.1.11325,SAM.09.AKC.5066.6001.1,PM2.5,http://dd.eionet.europa.eu/vocabulary/aq/pollutant/6001,hour,7.7290000900,µg/m3,2018-07-09 20:00:00 +01:00,2018-07-09 21:00:00 +01:00,1,1
AT,AT.0008.20.AQ,NET.09,STA.09.AKC,,SPO.09.AKC.5066.6001.1,SPP.09.AKC.5066.6001.1.11325,SAM.09.AKC.5066.6001.1,PM2.5,http://dd.eionet.europa.eu/vocabulary/aq/pollutant/6001,hour,7.9746499000,µg/m3,2018-07-09 22:00:00 +01:00,2018-07-09 23:00:00 +01:00,1,1
AT,AT.0008.20.AQ,NET.09,STA.09.AKC,,SPO.09.AKC.5066.6001.1,SPP.09.AKC.5066.6001.1.11325,SAM.09.AKC.5066.6001.1,PM2.5,http://dd.eionet.europa.eu/vocabulary/aq/pollutant/6001,hour,7.5140500000,µg/m3,2018-07-09 23:00:00 +01:00,2018-07-10 00:00:00 +01:00,1,1
AT,AT.0008.20.AQ,NET.09,STA.09.AKC,,SPO.09.AKC.5066.6001.1,SPP.09.AKC.5066.6001.1.11325,SAM.09.AKC.5066.6001.1,PM2.5,http://dd.eionet.europa.eu/vocabulary/aq/pollutant/6001,hour,7.2939500800,µg/m3,2018-07-10 00:00:00 +01:00,2018-07-10 01:00:00 +01:00,1,1
AT,AT.0008.20.AQ,NET.09,STA.09.AKC,,SPO.09.AKC.5066.6001.1,SPP.09.AKC.5066.6001.1.11325,SAM.09.AKC.5066.6001.1,PM2.5,http://dd.eionet.europa.eu/vocabulary/aq/pollutant/6001,hour,7.2299003600,µg/m3,2018-07-10 01:00:00 +01:00,2018-07-10 02:00:00 +01:00,1,1
AT,AT.0008.20.AQ,NET.09,STA.09.AKC,,SPO.09.AKC.5066.6001.1,SPP.09.AKC.5066.6001.1.11325,SAM.09.AKC.5066.6001.1,PM2.5,http://dd.eionet.europa.eu/vocabulary/aq/pollutant/6001,hour,6.9662499400,µg/m3,2018-07-10 02:00:00 +01:00,2018-07-10 03:00:00 +01:00,1,1
AT,AT.0008.20.AQ,NET.09,STA.09.AKC,,SPO.09.AKC.5066.6001.1,SPP.09.AKC.5066.6001.1.11325,SAM.09.AKC.5066.6001.1,PM2.5,http://dd.eionet.europa.eu/vocabulary/aq/pollutant/6001,hour,7.2370996400,µg/m3,2018-07-10 03:00:00 +01:00,2018-07-10 04:00:00 +01:00,1,1
AT,AT.0008.20.AQ,NET.09,STA.09.AKC,,SPO.09.AKC.5066.6001.1,SPP.09.AKC.5066.6001.1.11325,SAM.09.AKC.5066.6001.1,PM2.5,http://dd.eionet.europa.eu/vocabulary/aq/pollutant/6001,hour,8.0406999500,µg/m3,2018-07-10 04:00:00 +01:00,2018-07-10 05:00:00 +01:00,1,1
AT,AT.0008.20.AQ,NET.09,STA.09.AKC,,SPO.09.AKC.5066.6001.1,SPP.09.AKC.5066.6001.1.11325,SAM.09.AKC.5066.6001.1,PM2.5,http://dd.eionet.europa.eu/vocabulary/aq/pollutant/6001,hour,8.1105499200,µg/m3,2018-07-10 05:00:00 +01:00,2018-07-10 06:00:00 +01:00,1,1
AT,AT.0008.20.AQ,NET.09,STA.09.AKC,,SPO.09.AKC.5066.6001.1,SPP.09.AKC.5066.6001.1.11325,SAM.09.AKC.5066.6001.1,PM2.5,http://dd.eionet.europa.eu/vocabulary/aq/pollutant/6001,hour,9.0283508300,µg/m3,2018-07-10 06:00:00 +01:00,2018-07-10 07:00:00 +01:00,1,1
AT,AT.0008.20.AQ,NET.09,STA.09.AKC,,SPO.09.AKC.5066.6001.1,SPP.09.AKC.5066.6001.1.11325,SAM.09.AKC.5066.6001.1,PM2.5,http://dd.eionet.europa.eu/vocabulary/aq/pollutant/6001,hour,8.9316005700,µg/m3,2018-07-10 08:00:00 +01:00,2018-07-10 09:00:00 +01:00,1,1
AT,AT.0008.20.AQ,NET.09,STA.09.AKC,,SPO.09.AKC.5066.6001.1,SPP.09.AKC.5066.6001.1.11325,SAM.09.AKC.5066.6001.1,PM2.5,http://dd.eionet.europa.eu/vocabulary/aq/pollutant/6001,hour,9.6986999500,µg/m3,2018-07-10 11:00:00 +01:00,2018-07-10 12:00:00 +01:00,1,1
AT,AT.0008.20.AQ,NET.09,STA.09.AKC,,SPO.09.AKC.5066.6001.1,SPP.09.AKC.5066.6001.1.11325,SAM.09.AKC.5066.6001.1,PM2.5,http://dd.eionet.europa.eu/vocabulary/aq/pollutant/6001,hour,11.6140003200,µg/m3,2018-07-10 12:00:00 +01:00,2018-07-10 13:00:00 +01:00,1,1
AT,AT.0008.20.AQ,NET.09,STA.09.AKC,,SPO.09.AKC.5066.6001.1,SPP.09.AKC.5066.6001.1.11325,SAM.09.AKC.5066.6001.1,PM2.5,http://dd.eionet.europa.eu/vocabulary/aq/pollutant/6001,hour,10.4666996000,µg/m3,2018-07-10 14:00:00 +01:00,2018-07-10 15:00:00 +01:00,1,1
AT,AT.0008.20.AQ,NET.09,STA.09.AKC,,SPO.09.AKC.5066.6001.1,SPP.09.AKC.5066.6001.1.11325,SAM.09.AKC.5066.6001.1,PM2.5,http://dd.eionet.europa.eu/vocabulary/aq/pollutant/6001,hour,6.1732501900,µg/m3,2018-07-10 16:00:00 +01:00,2018-07-10 17:00:00 +01:00,1,1
AT,AT.0008.20.AQ,NET.09,STA.09.AKC,,SPO.09.AKC.5066.6001.1,SPP.09.AKC.5066.6001.1.11325,SAM.09.AKC.5066.6001.1,PM2.5,http://dd.eionet.europa.eu/vocabulary/aq/pollutant/6001,hour,7.1943998300,µg/m3,2018-07-10 17:00:00 +01:00,2018-07-10 18:00:00 +01:00,1,1
AT,AT.0008.20.AQ,NET.09,STA.09.AKC,,SPO.09.AKC.5066.6001.1,SPP.09.AKC.5066.6001.1.11325,SAM.09.AKC.5066.6001.1,PM2.5,http://dd.eionet.europa.eu/vocabulary/aq/pollutant/6001,hour,7.0219497600,µg/m3,2018-07-10 18:00:00 +01:00,2018-07-10 19:00:00 +01:00,1,1
AT,AT.0008.20.AQ,NET.09,STA.09.AKC,,SPO.09.AKC.5066.6001.1,SPP.09.AKC.5066.6001.1.11325,SAM.09.AKC.5066.6001.1,PM2.5,http://dd.eionet.europa.eu/vocabulary/aq/pollutant/6001,hour,8.3551502200,µg/m3,2018-07-10 19:00:00 +01:00,2018-07-10 20:00:00 +01:00,1,1
AT,AT.0008.20.AQ,NET.09,STA.09.AKC,,SPO.09.AKC.5066.6001.1,SPP.09.AKC.5066.6001.1.11325,SAM.09.AKC.5066.6001.1,PM2.5,http://dd.eionet.europa.eu/vocabulary/aq/pollutant/6001,hour,8.0401496800,µg/m3,2018-07-10 20:00:00 +01:00,2018-07-10 21:00:00 +01:00,1,1
AT,AT.0008.20.AQ,NET.09,STA.09.AKC,,SPO.09.AKC.5066.6001.1,SPP.09.AKC.5066.6001.1.11325,SAM.09.AKC.5066.6001.1,PM2.5,http://dd.eionet.europa.eu/vocabulary/aq/pollutant/6001,hour,6.8639998400,µg/m3,2018-07-10 21:00:00 +01:00,2018-07-10 22:00:00 +01:00,1,1
AT,AT.0008.20.AQ,NET.09,STA.09.AKC,,SPO.09.AKC.5066.6001.1,SPP.09.AKC.5066.6001.1.11325,SAM.09.AKC.5066.6001.1,PM2.5,http://dd.eionet.europa.eu/vocabulary/aq/pollutant/6001,hour,7.7945995300,µg/m3,2018-07-10 22:00:00 +01:00,2018-07-10 23:00:00 +01:00,1,1
AT,AT.0008.20.AQ,NET.09,STA.09.AKC,,SPO.09.AKC.5066.6001.1,SPP.09.AKC.5066.6001.1.11325,SAM.09.AKC.5066.6001.1,PM2.5,http://dd.eionet.europa.eu/vocabulary/aq/pollutant/6001,hour,7.4589500400,µg/m3,2018-07-10 23:00:00 +01:00,2018-07-11 00:00:00 +01:00,1,1
AT,AT.0008.20.AQ,NET.09,STA.09.AKC,,SPO.09.AKC.5066.6001.1,SPP.09.AKC.5066.6001.1.11325,SAM.09.AKC.5066.6001.1,PM2.5,http://dd.eionet.europa.eu/vocabulary/aq/pollutant/6001,hour,10.2649002000,µg/m3,2018-07-11 01:00:00 +01:00,2018-07-11 02:00:00 +01:00,1,1
AT,AT.0008.20.AQ,NET.09,STA.09.AKC,,SPO.09.AKC.5066.6001.1,SPP.09.AKC.5066.6001.1.11325,SAM.09.AKC.5066.6001.1,PM2.5,http://dd.eionet.europa.eu/vocabulary/aq/pollutant/6001,hour,7.8269000000,µg/m3,2018-07-11 03:00:00 +01:00,2018-07-11 04:00:00 +01:00,1,1
AT,AT.0008.20.AQ,NET.09,STA.09.AKC,,SPO.09.AKC.5066.6001.1,SPP.09.AKC.5066.6001.1.11325,SAM.09.AKC.5066.6001.1,PM2.5,http://dd.eionet.europa.eu/vocabulary/aq/pollutant/6001,hour,7.1046500200,µg/m3,2018-07-11 04:00:00 +01:00,2018-07-11 05:00:00 +01:00,1,1
AT,AT.0008.20.AQ,NET.09,STA.09.AKC,,SPO.09.AKC.5066.6001.1,SPP.09.AKC.5066.6001.1.11325,SAM.09.AKC.5066.6001.1,PM2.5,http://dd.eionet.europa.eu/vocabulary/aq/pollutant/6001,hour,7.1235504100,µg/m3,2018-07-11 05:00:00 +01:00,2018-07-11 06:00:00 +01:00,1,1
AT,AT.0008.20.AQ,NET.09,STA.09.AKC,,SPO.09.AKC.5066.6001.1,SPP.09.AKC.5066.6001.1.11325,SAM.09.AKC.5066.6001.1,PM2.5,http://dd.eionet.europa.eu/vocabulary/aq/pollutant/6001,hour,10.4847002000,µg/m3,2018-07-11 06:00:00 +01:00,2018-07-11 07:00:00 +01:00,1,1
AT,AT.0008.20.AQ,NET.09,STA.09.AKC,,SPO.09.AKC.5066.6001.1,SPP.09.AKC.5066.6001.1.11325,SAM.09.AKC.5066.6001.1,PM2.5,http://dd.eionet.europa.eu/vocabulary/aq/pollutant/6001,hour,12.1490001600,µg/m3,2018-07-11 07:00:00 +01:00,2018-07-11 08:00:00 +01:00,1,1
AT,AT.0008.20.AQ,NET.09,STA.09.AKC,,SPO.09.AKC.5066.6001.1,SPP.09.AKC.5066.6001.1.11325,SAM.09.AKC.5066.6001.1,PM2.5,http://dd.eionet.europa.eu/vocabulary/aq/pollutant/6001,hour,9.5716495500,µg/m3,2018-07-11 08:00:00 +01:00,2018-07-11 09:00:00 +01:00,1,1
AT,AT.0008.20.AQ,NET.09,STA.09.AKC,,SPO.09.AKC.5066.6001.1,SPP.09.AKC.5066.6001.1.11325,SAM.09.AKC.5066.6001.1,PM2.5,http://dd.eionet.europa.eu/vocabulary/aq/pollutant/6001,hour,8.8024997700,µg/m3,2018-07-11 09:00:00 +01:00,2018-07-11 10:00:00 +01:00,1,1
AT,AT.0008.20.AQ,NET.09,STA.09.AKC,,SPO.09.AKC.5066.6001.1,SPP.09.AKC.5066.6001.1.11325,SAM.09.AKC.5066.6001.1,PM2.5,http://dd.eionet.europa.eu/vocabulary/aq/pollutant/6001,hour,7.2340497900,µg/m3,2018-07-11 10:00:00 +01:00,2018-07-11 11:00:00 +01:00,1,1
AT,AT.0008.20.AQ,NET.09,STA.09.AKC,,SPO.09.AKC.5066.6001.1,SPP.09.AKC.5066.6001.1.11325,SAM.09.AKC.5066.6001.1,PM2.5,http://dd.eionet.europa.eu/vocabulary/aq/pollutant/6001,hour,6.7151498700,µg/m3,2018-07-11 11:00:00 +01:00,2018-07-11 12:00:00 +01:00,1,1
AT,AT.0008.20.AQ,NET.09,STA.09.AKC,,SPO.09.AKC.5066.6001.1,SPP.09.AKC.5066.6001.1.11325,SAM.09.AKC.5066.6001.1,PM2.5,http://dd.eionet.europa.eu/vocabulary/aq/pollutant/6001,hour,6.2761001500,µg/m3,2018-07-11 12:00:00 +01:00,2018-07-11 13:00:00 +01:00,1,1
AT,AT.0008.20.AQ,NET.09,STA.09.AKC,,SPO.09.AKC.5066.6001.1,SPP.09.AKC.5066.6001.1.11325,SAM.09.AKC.5066.6001.1,PM2.5,http://dd.eionet.europa.eu/vocabulary/aq/pollutant/6001,hour,7.6208000100,µg/m3,2018-07-11 13:00:00 +01:00,2018-07-11 14:00:00 +01:00,1,1
AT,AT.0008.20.AQ,NET.09,STA.09.AKC,,SPO.09.AKC.5066.6001.1,SPP.09.AKC.5066.6001.1.11325,SAM.09.AKC.5066.6001.1,PM2.5,http://dd.eionet.europa.eu/vocabulary/aq/pollutant/6001,hour,7.8397998800,µg/m3,2018-07-11 14:00:00 +01:00,2018-07-11 15:00:00 +01:00,1,1
AT,AT.0008.20.AQ,NET.09,STA.09.AKC,,SPO.09.AKC.5066.6001.1,SPP.09.AKC.5066.6001.1.11325,SAM.09.AKC.5066.6001.1,PM2.5,http://dd.eionet.europa.eu/vocabulary/aq/pollutant/6001,hour,7.0260500900,µg/m3,2018-07-11 15:00:00 +01:00,2018-07-11 16:00:00 +01:00,1,1
AT,AT.0008.20.AQ,NET.09,STA.09.AKC,,SPO.09.AKC.5066.6001.1,SPP.09.AKC.5066.6001.1.11325,SAM.09.AKC.5066.6001.1,PM2.5,http://dd.eionet.europa.eu/vocabulary/aq/pollutant/6001,hour,4.9958000100,µg/m3,2018-07-11 18:00:00 +01:00,2018-07-11 19:00:00 +01:00,1,1
AT,AT.0008.20.AQ,NET.09,STA.09.AKC,,SPO.09.AKC.5066.6001.1,SPP.09.AKC.5066.6001.1.11325,SAM.09.AKC.5066.6001.1,PM2.5,http://dd.eionet.europa.eu/vocabulary/aq/pollutant/6001,hour,6.8307499800,µg/m3,2018-07-11 20:00:00 +01:00,2018-07-11 21:00:00 +01:00,1,1
AT,AT.0008.20.AQ,NET.09,STA.09.AKC,,SPO.09.AKC.5066.6001.1,SPP.09.AKC.5066.6001.1.11325,SAM.09.AKC.5066.6001.1,PM2.5,http://dd.eionet.europa.eu/vocabulary/aq/pollutant/6001,hour,6.0482501900,µg/m3,2018-07-11 22:00:00 +01:00,2018-07-11 23:00:00 +01:00,1,1
AT,AT.0008.20.AQ,NET.09,STA.09.AKC,,SPO.09.AKC.5066.6001.1,SPP.09.AKC.5066.6001.1.11325,SAM.09.AKC.5066.6001.1,PM2.5,http://dd.eionet.europa.eu/vocabulary/aq/pollutant/6001,hour,5.4164500200,µg/m3,2018-07-12 00:00:00 +01:00,2018-07-12 01:00:00 +01:00,1,1
AT,AT.0008.20.AQ,NET.09,STA.09.AKC,,SPO.09.AKC.5066.6001.1,SPP.09.AKC.5066.6001.1.11325,SAM.09.AKC.5066.6001.1,PM2.5,http://dd.eionet.europa.eu/vocabulary/aq/pollutant/6001,hour,7.6262502600,µg/m3,2018-07-12 03:00:00 +01:00,2018-07-12 04:00:00 +01:00,1,1
AT,AT.0008.20.AQ,NET.09,STA.09.AKC,,SPO.09.AKC.5066.6001.1,SPP.09.AKC.5066.6001.1.11325,SAM.09.AKC.5066.6001.1,PM2.5,http://dd.eionet.europa.eu/vocabulary/aq/pollutant/6001,hour,8.1252002700,µg/m3,2018-07-12 04:00:00 +01:00,2018-07-12 05:00:00 +01:00,1,1
AT,AT.0008.20.AQ,NET.09,STA.09.AKC,,SPO.09.AKC.5066.6001.1,SPP.09.AKC.5066.6001.1.11325,SAM.09.AKC.5066.6001.1,PM2.5,http://dd.eionet.europa.eu/vocabulary/aq/pollutant/6001,hour,8.6333503700,µg/m3,2018-07-12 05:00:00 +01:00,2018-07-12 06:00:00 +01:00,1,1
AT,AT.0008.20.AQ,NET.09,STA.09.AKC,,SPO.09.AKC.5066.6001.1,SPP.09.AKC.5066.6001.1.11325,SAM.09.AKC.5066.6001.1,PM2.5,http://dd.eionet.europa.eu/vocabulary/aq/pollutant/6001,hour,7.7613496700,µg/m3,2018-07-12 07:00:00 +01:00,2018-07-12 08:00:00 +01:00,1,1
AT,AT.0008.20.AQ,NET.09,STA.09.AKC,,SPO.09.AKC.5066.6001.1,SPP.09.AKC.5066.6001.1.11325,SAM.09.AKC.5066.6001.1,PM2.5,http://dd.eionet.europa.eu/vocabulary/aq/pollutant/6001,hour,8.3008003200,µg/m3,2018-07-12 10:00:00 +01:00,2018-07-12 11:00:00 +01:00,1,1
AT,AT.0008.20.AQ,NET.09,STA.09.AKC,,SPO.09.AKC.5066.6001.1,SPP.09.AKC.5066.6001.1.11325,SAM.09.AKC.5066.6001.1,PM2.5,http://dd.eionet.europa.eu/vocabulary/aq/pollutant/6001,hour,7.2513499200,µg/m3,2018-07-12 11:00:00 +01:00,2018-07-12 12:00:00 +01:00,1,1
AT,AT.0008.20.AQ,NET.09,STA.09.AKC,,SPO.09.AKC.5066.6001.1,SPP.09.AKC.5066.6001.1.11325,SAM.09.AKC.5066.6001.1,PM2.5,http://dd.eionet.europa.eu/vocabulary/aq/pollutant/6001,hour,6.6587495800,µg/m3,2018-07-12 12:00:00 +01:00,2018-07-12 13:00:00 +01:00,1,1
AT,AT.0008.20.AQ,NET.09,STA.09.AKC,,SPO.09.AKC.5066.6001.1,SPP.09.AKC.5066.6001.1.11325,SAM.09.AKC.5066.6001.1,PM2.5,http://dd.eionet.europa.eu/vocabulary/aq/pollutant/6001,hour,6.8232002200,µg/m3,2018-07-12 13:00:00 +01:00,2018-07-12 14:00:00 +01:00,1,1
AT,AT.0008.20.AQ,NET.09,STA.09.AKC,,SPO.09.AKC.5066.6001.1,SPP.09.AKC.5066.6001.1.11325,SAM.09.AKC.5066.6001.1,PM2.5,http://dd.eionet.europa.eu/vocabulary/aq/pollutant/6001,hour,5.9549503300,µg/m3,2018-07-12 14:00:00 +01:00,2018-07-12 15:00:00 +01:00,1,1
AT,AT.0008.20.AQ,NET.09,STA.09.AKC,,SPO.09.AKC.5066.6001.1,SPP.09.AKC.5066.6001.1.11325,SAM.09.AKC.5066.6001.1,PM2.5,http://dd.eionet.europa.eu/vocabulary/aq/pollutant/6001,hour,3.9446997600,µg/m3,2018-07-12 18:00:00 +01:00,2018-07-12 19:00:00 +01:00,1,1
AT,AT.0008.20.AQ,NET.09,STA.09.AKC,,SPO.09.AKC.5066.6001.1,SPP.09.AKC.5066.6001.1.11325,SAM.09.AKC.5066.6001.1,PM2.5,http://dd.eionet.europa.eu/vocabulary/aq/pollutant/6001,hour,4.3263502100,µg/m3,2018-07-12 19:00:00 +01:00,2018-07-12 20:00:00 +01:00,1,1
AT,AT.0008.20.AQ,NET.09,STA.09.AKC,,SPO.09.AKC.5066.6001.1,SPP.09.AKC.5066.6001.1.11325,SAM.09.AKC.5066.6001.1,PM2.5,http://dd.eionet.europa.eu/vocabulary/aq/pollutant/6001,hour,5.2495002700,µg/m3,2018-07-12 20:00:00 +01:00,2018-07-12 21:00:00 +01:00,1,1
AT,AT.0008.20.AQ,NET.09,STA.09.AKC,,SPO.09.AKC.5066.6001.1,SPP.09.AKC.5066.6001.1.11325,SAM.09.AKC.5066.6001.1,PM2.5,http://dd.eionet.europa.eu/vocabulary/aq/pollutant/6001,hour,6.0583500800,µg/m3,2018-07-12 21:00:00 +01:00,2018-07-12 22:00:00 +01:00,1,1
AT,AT.0008.20.AQ,NET.09,STA.09.AKC,,SPO.09.AKC.5066.6001.1,SPP.09.AKC.5066.6001.1.11325,SAM.09.AKC.5066.6001.1,PM2.5,http://dd.eionet.europa.eu/vocabulary/aq/pollutant/6001,hour,6.5538997600,µg/m3,2018-07-13 00:00:00 +01:00,2018-07-13 01:00:00 +01:00,1,1
AT,AT.0008.20.AQ,NET.09,STA.09.AKC,,SPO.09.AKC.5066.6001.1,SPP.09.AKC.5066.6001.1.11325,SAM.09.AKC.5066.6001.1,PM2.5,http://dd.eionet.europa.eu/vocabulary/aq/pollutant/6001,hour,5.8619999800,µg/m3,2018-07-13 01:00:00 +01:00,2018-07-13 02:00:00 +01:00,1,1
AT,AT.0008.20.AQ,NET.09,STA.09.AKC,,SPO.09.AKC.5066.6001.1,SPP.09.AKC.5066.6001.1.11325,SAM.09.AKC.5066.6001.1,PM2.5,http://dd.eionet.europa.eu/vocabulary/aq/pollutant/6001,hour,6.7577500300,µg/m3,2018-07-13 03:00:00 +01:00,2018-07-13 04:00:00 +01:00,1,1
AT,AT.0008.20.AQ,NET.09,STA.09.AKC,,SPO.09.AKC.5066.6001.1,SPP.09.AKC.5066.6001.1.11325,SAM.09.AKC.5066.6001.1,PM2.5,http://dd.eionet.europa.eu/vocabulary/aq/pollutant/6001,hour,6.1108498500,µg/m3,2018-07-13 04:00:00 +01:00,2018-07-13 05:00:00 +01:00,1,1
AT,AT.0008.20.AQ,NET.09,STA.09.AKC,,SPO.09.AKC.5066.6001.1,SPP.09.AKC.5066.6001.1.11325,SAM.09.AKC.5066.6001.1,PM2.5,http://dd.eionet.europa.eu/vocabulary/aq/pollutant/6001,hour,5.9545001900,µg/m3,2018-07-13 05:00:00 +01:00,2018-07-13 06:00:00 +01:00,1,1
AT,AT.0008.20.AQ,NET.09,STA.09.AKC,,SPO.09.AKC.5066.6001.1,SPP.09.AKC.5066.6001.1.11325,SAM.09.AKC.5066.6001.1,PM2.5,http://dd.eionet.europa.eu/vocabulary/aq/pollutant/6001,hour,5.8011999100,µg/m3,2018-07-13 06:00:00 +01:00,2018-07-13 07:00:00 +01:00,1,1
AT,AT.0008.20.AQ,NET.09,STA.09.AKC,,SPO.09.AKC.5066.6001.1,SPP.09.AKC.5066.6001.1.11325,SAM.09.AKC.5066.6001.1,PM2.5,http://dd.eionet.europa.eu/vocabulary/aq/pollutant/6001,hour,5.5299997300,µg/m3,2018-07-13 07:00:00 +01:00,2018-07-13 08:00:00 +01:00,1,1
AT,AT.0008.20.AQ,NET.09,STA.09.AKC,,SPO.09.AKC.5066.6001.1,SPP.09.AKC.5066.6001.1.11325,SAM.09.AKC.5066.6001.1,PM2.5,http://dd.eionet.europa.eu/vocabulary/aq/pollutant/6001,hour,5.8190999000,µg/m3,2018-07-13 08:00:00 +01:00,2018-07-13 09:00:00 +01:00,1,1
AT,AT.0008.20.AQ,NET.09,STA.09.AKC,,SPO.09.AKC.5066.6001.1,SPP.09.AKC.5066.6001.1.11325,SAM.09.AKC.5066.6001.1,PM2.5,http://dd.eionet.europa.eu/vocabulary/aq/pollutant/6001,hour,5.9202003400,µg/m3,2018-07-13 11:00:00 +01:00,2018-07-13 12:00:00 +01:00,1,1
AT,AT.0008.20.AQ,NET.09,STA.09.AKC,,SPO.09.AKC.5066.6001.1,SPP.09.AKC.5066.6001.1.11325,SAM.09.AKC.5066.6001.1,PM2.5,http://dd.eionet.europa.eu/vocabulary/aq/pollutant/6001,hour,5.8815002400,µg/m3,2018-07-13 12:00:00 +01:00,2018-07-13 13:00:00 +01:00,1,1
AT,AT.0008.20.AQ,NET.09,STA.09.AKC,,SPO.09.AKC.5066.6001.1,SPP.09.AKC.5066.6001.1.11325,SAM.09.AKC.5066.6001.1,PM2.5,http://dd.eionet.europa.eu/vocabulary/aq/pollutant/6001,hour,6.0381002400,µg/m3,2018-07-13 13:00:00 +01:00,2018-07-13 14:00:00 +01:00,1,1
AT,AT.0008.20.AQ,NET.09,STA.09.AKC,,SPO.09.AKC.5066.6001.1,SPP.09.AKC.5066.6001.1.11325,SAM.09.AKC.5066.6001.1,PM2.5,http://dd.eionet.europa.eu/vocabulary/aq/pollutant/6001,hour,6.5336499200,µg/m3,2018-07-13 16:00:00 +01:00,2018-07-13 17:00:00 +01:00,1,1
AT,AT.0008.20.AQ,NET.09,STA.09.AKC,,SPO.09.AKC.5066.6001.1,SPP.09.AKC.5066.6001.1.11325,SAM.09.AKC.5066.6001.1,PM2.5,http://dd.eionet.europa.eu/vocabulary/aq/pollutant/6001,hour,10.9265995000,µg/m3,2018-07-13 17:00:00 +01:00,2018-07-13 18:00:00 +01:00,1,1
AT,AT.0008.20.AQ,NET.09,STA.09.AKC,,SPO.09.AKC.5066.6001.1,SPP.09.AKC.5066.6001.1.11325,SAM.09.AKC.5066.6001.1,PM2.5,http://dd.eionet.europa.eu/vocabulary/aq/pollutant/6001,hour,6.4295001000,µg/m3,2018-07-13 18:00:00 +01:00,2018-07-13 19:00:00 +01:00,1,1
AT,AT.0008.20.AQ,NET.09,STA.09.AKC,,SPO.09.AKC.5066.6001.1,SPP.09.AKC.5066.6001.1.11325,SAM.09.AKC.5066.6001.1,PM2.5,http://dd.eionet.europa.eu/vocabulary/aq/pollutant/6001,hour,5.1909503900,µg/m3,2018-07-13 20:00:00 +01:00,2018-07-13 21:00:00 +01:00,1,1
AT,AT.0008.20.AQ,NET.09,STA.09.AKC,,SPO.09.AKC.5066.6001.1,SPP.09.AKC.5066.6001.1.11325,SAM.09.AKC.5066.6001.1,PM2.5,http://dd.eionet.europa.eu/vocabulary/aq/pollutant/6001,hour,5.7165002800,µg/m3,2018-07-13 21:00:00 +01:00,2018-07-13 22:00:00 +01:00,1,1
AT,AT.0008.20.AQ,NET.09,STA.09.AKC,,SPO.09.AKC.5066.6001.1,SPP.09.AKC.5066.6001.1.11325,SAM.09.AKC.5066.6001.1,PM2.5,http://dd.eionet.europa.eu/vocabulary/aq/pollutant/6001,hour,6.4760999600,µg/m3,2018-07-13 23:00:00 +01:00,2018-07-14 00:00:00 +01:00,1,1
AT,AT.0008.20.AQ,NET.09,STA.09.AKC,,SPO.09.AKC.5066.6001.1,SPP.09.AKC.5066.6001.1.11325,SAM.09.AKC.5066.6001.1,PM2.5,http://dd.eionet.europa.eu/vocabulary/aq/pollutant/6001,hour,6.1083498000,µg/m3,2018-07-14 00:00:00 +01:00,2018-07-14 01:00:00 +01:00,1,1
AT,AT.0008.20.AQ,NET.09,STA.09.AKC,,SPO.09.AKC.5066.6001.1,SPP.09.AKC.5066.6001.1.11325,SAM.09.AKC.5066.6001.1,PM2.5,http://dd.eionet.europa.eu/vocabulary/aq/pollutant/6001,hour,7.2603502200,µg/m3,2018-07-14 02:00:00 +01:00,2018-07-14 03:00:00 +01:00,1,1
AT,AT.0008.20.AQ,NET.09,STA.09.AKC,,SPO.09.AKC.5066.6001.1,SPP.09.AKC.5066.6001.1.11325,SAM.09.AKC.5066.6001.1,PM2.5,http://dd.eionet.europa.eu/vocabulary/aq/pollutant/6001,hour,8.0424003600,µg/m3,2018-07-14 03:00:00 +01:00,2018-07-14 04:00:00 +01:00,1,1
AT,AT.0008.20.AQ,NET.09,STA.09.AKC,,SPO.09.AKC.5066.6001.1,SPP.09.AKC.5066.6001.1.11325,SAM.09.AKC.5066.6001.1,PM2.5,http://dd.eionet.europa.eu/vocabulary/aq/pollutant/6001,hour,8.1697502100,µg/m3,2018-07-14 04:00:00 +01:00,2018-07-14 05:00:00 +01:00,1,1
AT,AT.0008.20.AQ,NET.09,STA.09.AKC,,SPO.09.AKC.5066.6001.1,SPP.09.AKC.5066.6001.1.11325,SAM.09.AKC.5066.6001.1,PM2.5,http://dd.eionet.europa.eu/vocabulary/aq/pollutant/6001,hour,6.8591003400,µg/m3,2018-07-14 07:00:00 +01:00,2018-07-14 08:00:00 +01:00,1,1
AT,AT.0008.20.AQ,NET.09,STA.09.AKC,,SPO.09.AKC.5066.6001.1,SPP.09.AKC.5066.6001.1.11325,SAM.09.AKC.5066.6001.1,PM2.5,http://dd.eionet.europa.eu/vocabulary/aq/pollutant/6001,hour,6.8409996000,µg/m3,2018-07-14 09:00:00 +01:00,2018-07-14 10:00:00 +01:00,1,1
AT,AT.0008.20.AQ,NET.09,STA.09.AKC,,SPO.09.AKC.5066.6001.1,SPP.09.AKC.5066.6001.1.11325,SAM.09.AKC.5066.6001.1,PM2.5,http://dd.eionet.europa.eu/vocabulary/aq/pollutant/6001,hour,6.8546500200,µg/m3,2018-07-14 10:00:00 +01:00,2018-07-14 11:00:00 +01:00,1,1
AT,AT.0008.20.AQ,NET.09,STA.09.AKC,,SPO.09.AKC.5066.6001.1,SPP.09.AKC.5066.6001.1.11325,SAM.09.AKC.5066.6001.1,PM2.5,http://dd.eionet.europa.eu/vocabulary/aq/pollutant/6001,hour,5.6471996300,µg/m3,2018-07-14 13:00:00 +01:00,2018-07-14 14:00:00 +01:00,1,1
AT,AT.0008.20.AQ,NET.09,STA.09.AKC,,SPO.09.AKC.5066.6001.1,SPP.09.AKC.5066.6001.1.11325,SAM.09.AKC.5066.6001.1,PM2.5,http://dd.eionet.europa.eu/vocabulary/aq/pollutant/6001,hour,5.7064499800,µg/m3,2018-07-14 15:00:00 +01:00,2018-07-14 16:00:00 +01:00,1,1
AT,AT.0008.20.AQ,NET.09,STA.09.AKC,,SPO.09.AKC.5066.6001.1,SPP.09.AKC.5066.6001.1.11325,SAM.09.AKC.5066.6001.1,PM2.5,http://dd.eionet.europa.eu/vocabulary/aq/pollutant/6001,hour,5.1223001400,µg/m3,2018-07-14 16:00:00 +01:00,2018-07-14 17:00:00 +01:00,1,1
AT,AT.0008.20.AQ,NET.09,STA.09.AKC,,SPO.09.AKC.5066.6001.1,SPP.09.AKC.5066.6001.1.11325,SAM.09.AKC.5066.6001.1,PM2.5,http://dd.eionet.europa.eu/vocabulary/aq/pollutant/6001,hour,5.9659500100,µg/m3,2018-07-14 19:00:00 +01:00,2018-07-14 20:00:00 +01:00,1,1
AT,AT.0008.20.AQ,NET.09,STA.09.AKC,,SPO.09.AKC.5066.6001.1,SPP.09.AKC.5066.6001.1.11325,SAM.09.AKC.5066.6001.1,PM2.5,http://dd.eionet.europa.eu/vocabulary/aq/pollutant/6001,hour,6.3628997800,µg/m3,2018-07-14 20:00:00 +01:00,2018-07-14 21:00:00 +01:00,1,1
AT,AT.0008.20.AQ,NET.09,STA.09.AKC,,SPO.09.AKC.5066.6001.1,SPP.09.AKC.5066.6001.1.11325,SAM.09.AKC.5066.6001.1,PM2.5,http://dd.eionet.europa.eu/vocabulary/aq/pollutant/6001,hour,6.8780002500,µg/m3,2018-07-14 22:00:00 +01:00,2018-07-14 23:00:00 +01:00,1,1
AT,AT.0008.20.AQ,NET.09,STA.09.AKC,,SPO.09.AKC.5066.6001.1,SPP.09.AKC.5066.6001.1.11325,SAM.09.AKC.5066.6001.1,PM2.5,http://dd.eionet.europa.eu/vocabulary/aq/pollutant/6001,hour,6.5065002400,µg/m3,2018-07-14 23:00:00 +01:00,2018-07-15 00:00:00 +01:00,1,1
AT,AT.0008.20.AQ,NET.09,STA.09.AKC,,SPO.09.AKC.5066.6001.1,SPP.09.AKC.5066.6001.1.11325,SAM.09.AKC.5066.6001.1,PM2.5,http://dd.eionet.europa.eu/vocabulary/aq/pollutant/6001,hour,6.6845998700,µg/m3,2018-07-15 01:00:00 +01:00,2018-07-15 02:00:00 +01:00,1,1
AT,AT.0008.20.AQ,NET.09,STA.09.AKC,,SPO.09.AKC.5066.6001.1,SPP.09.AKC.5066.6001.1.11325,SAM.09.AKC.5066.6001.1,PM2.5,http://dd.eionet.europa.eu/vocabulary/aq/pollutant/6001,hour,8.9115505200,µg/m3,2018-07-15 03:00:00 +01:00,2018-07-15 04:00:00 +01:00,1,1
AT,AT.0008.20.AQ,NET.09,STA.09.AKC,,SPO.09.AKC.5066.6001.1,SPP.09.AKC.5066.6001.1.11325,SAM.09.AKC.5066.6001.1,PM2.5,http://dd.eionet.europa.eu/vocabulary/aq/pollutant/6001,hour,9.0321006700,µg/m3,2018-07-15 05:00:00 +01:00,2018-07-15 06:00:00 +01:00,1,1
AT,AT.0008.20.AQ,NET.09,STA.09.AKC,,SPO.09.AKC.5066.6001.1,SPP.09.AKC.5066.6001.1.11325,SAM.09.AKC.5066.6001.1,PM2.5,http://dd.eionet.europa.eu/vocabulary/aq/pollutant/6001,hour,7.8179497700,µg/m3,2018-07-15 07:00:00 +01:00,2018-07-15 08:00:00 +01:00,1,1
AT,AT.0008.20.AQ,NET.09,STA.09.AKC,,SPO.09.AKC.5066.6001.1,SPP.09.AKC.5066.6001.1.11325,SAM.09.AKC.5066.6001.1,PM2.5,http://dd.eionet.europa.eu/vocabulary/aq/pollutant/6001,hour,7.8352499000,µg/m3,2018-07-15 08:00:00 +01:00,2018-07-15 09:00:00 +01:00,1,1
AT,AT.0008.20.AQ,NET.09,STA.09.AKC,,SPO.09.AKC.5066.6001.1,SPP.09.AKC.5066.6001.1.11325,SAM.09.AKC.5066.6001.1,PM2.5,http://dd.eionet.europa.eu/vocabulary/aq/pollutant/6001,hour,6.9133000300,µg/m3,2018-07-15 10:00:00 +01:00,2018-07-15 11:00:00 +01:00,1,1
AT,AT.0008.20.AQ,NET.09,STA.09.AKC,,SPO.09.AKC.5066.6001.1,SPP.09.AKC.5066.6001.1.11325,SAM.09.AKC.5066.6001.1,PM2.5,http://dd.eionet.europa.eu/vocabulary/aq/pollutant/6001,hour,5.7690501200,µg/m3,2018-07-15 11:00:00 +01:00,2018-07-15 12:00:00 +01:00,1,1
AT,AT.0008.20.AQ,NET.09,STA.09.AKC,,SPO.09.AKC.5066.6001.1,SPP.09.AKC.5066.6001.1.11325,SAM.09.AKC.5066.6001.1,PM2.5,http://dd.eionet.europa.eu/vocabulary/aq/pollutant/6001,hour,5.4761500300,µg/m3,2018-07-15 12:00:00 +01:00,2018-07-15 13:00:00 +01:00,1,1
AT,AT.0008.20.AQ,NET.09,STA.09.AKC,,SPO.09.AKC.5066.6001.1,SPP.09.AKC.5066.6001.1.11325,SAM.09.AKC.5066.6001.1,PM2.5,http://dd.eionet.europa.eu/vocabulary/aq/pollutant/6001,hour,5.3424501400,µg/m3,2018-07-15 14:00:00 +01:00,2018-07-15 15:00:00 +01:00,1,1
AT,AT.0008.20.AQ,NET.09,STA.09.AKC,,SPO.09.AKC.5066.6001.1,SPP.09.AKC.5066.6001.1.11325,SAM.09.AKC.5066.6001.1,PM2.5,http://dd.eionet.europa.eu/vocabulary/aq/pollutant/6001,hour,5.2818498600,µg/m3,2018-07-15 15:00:00 +01:00,2018-07-15 16:00:00 +01:00,1,1
AT,AT.0008.20.AQ,NET.09,STA.09.AKC,,SPO.09.AKC.5066.6001.1,SPP.09.AKC.5066.6001.1.11325,SAM.09.AKC.5066.6001.1,PM2.5,http://dd.eionet.europa.eu/vocabulary/aq/pollutant/6001,hour,5.0297999300,µg/m3,2018-07-15 16:00:00 +01:00,2018-07-15 17:00:00 +01:00,1,1
AT,AT.0008.20.AQ,NET.09,STA.09.AKC,,SPO.09.AKC.5066.6001.1,SPP.09.AKC.5066.6001.1.11325,SAM.09.AKC.5066.6001.1,PM2.5,http://dd.eionet.europa.eu/vocabulary/aq/pollutant/6001,hour,5.0191497800,µg/m3,2018-07-15 17:00:00 +01:00,2018-07-15 18:00:00 +01:00,1,1
AT,AT.0008.20.AQ,NET.09,STA.09.AKC,,SPO.09.AKC.5066.6001.1,SPP.09.AKC.5066.6001.1.11325,SAM.09.AKC.5066.6001.1,PM2.5,http://dd.eionet.europa.eu/vocabulary/aq/pollutant/6001,hour,7.0598998000,µg/m3,2018-07-15 20:00:00 +01:00,2018-07-15 21:00:00 +01:00,1,1
AT,AT.0008.20.AQ,NET.09,STA.09.AKC,,SPO.09.AKC.5066.6001.1,SPP.09.AKC.5066.6001.1.11325,SAM.09.AKC.5066.6001.1,PM2.5,http://dd.eionet.europa.eu/vocabulary/aq/pollutant/6001,hour,7.4765000300,µg/m3,2018-07-15 21:00:00 +01:00,2018-07-15 22:00:00 +01:00,1,1
AT,AT.0008.20.AQ,NET.09,STA.09.AKC,,SPO.09.AKC.5066.6001.1,SPP.09.AKC.5066.6001.1.11325,SAM.09.AKC.5066.6001.1,PM2.5,http://dd.eionet.europa.eu/vocabulary/aq/pollutant/6001,hour,8.0442504800,µg/m3,2018-07-15 22:00:00 +01:00,2018-07-15 23:00:00 +01:00,1,1
AT,AT.0008.20.AQ,NET.09,STA.09.AKC,,SPO.09.AKC.5066.6001.1,SPP.09.AKC.5066.6001.1.11325,SAM.09.AKC.5066.6001.1,PM2.5,http://dd.eionet.europa.eu/vocabulary/aq/pollutant/6001,hour,8.5531501700,µg/m3,2018-07-15 23:00:00 +01:00,2018-07-16 00:00:00 +01:00,1,1
AT,AT.0008.20.AQ,NET.09,STA.09.AKC,,SPO.09.AKC.5066.6001.1,SPP.09.AKC.5066.6001.1.11325,SAM.09.AKC.5066.6001.1,PM2.5,http://dd.eionet.europa.eu/vocabulary/aq/pollutant/6001,hour,7.3505496900,µg/m3,2018-07-16 01:00:00 +01:00,2018-07-16 02:00:00 +01:00,1,1
AT,AT.0008.20.AQ,NET.09,STA.09.AKC,,SPO.09.AKC.5066.6001.1,SPP.09.AKC.5066.6001.1.11325,SAM.09.AKC.5066.6001.1,PM2.5,http://dd.eionet.europa.eu/vocabulary/aq/pollutant/6001,hour,7.5762500700,µg/m3,2018-07-16 04:00:00 +01:00,2018-07-16 05:00:00 +01:00,1,1
AT,AT.0008.20.AQ,NET.09,STA.09.AKC,,SPO.09.AKC.5066.6001.1,SPP.09.AKC.5066.6001.1.11325,SAM.09.AKC.5066.6001.1,PM2.5,http://dd.eionet.europa.eu/vocabulary/aq/pollutant/6001,hour,8.3387508300,µg/m3,2018-07-16 05:00:00 +01:00,2018-07-16 06:00:00 +01:00,1,1
AT,AT.0008.20.AQ,NET.09,STA.09.AKC,,SPO.09.AKC.5066.6001.1,SPP.09.AKC.5066.6001.1.11325,SAM.09.AKC.5066.6001.1,PM2.5,http://dd.eionet.europa.eu/vocabulary/aq/pollutant/6001,hour,7.8737001400,µg/m3,2018-07-16 06:00:00 +01:00,2018-07-16 07:00:00 +01:00,1,1
AT,AT.0008.20.AQ,NET.09,STA.09.AKC,,SPO.09.AKC.5066.6001.1,SPP.09.AKC.5066.6001.1.11325,SAM.09.AKC.5066.6001.1,PM2.5,http://dd.eionet.europa.eu/vocabulary/aq/pollutant/6001,hour,7.5690498300,µg/m3,2018-07-16 07:00:00 +01:00,2018-07-16 08:00:00 +01:00,1,1
AT,AT.0008.20.AQ,NET.09,STA.09.AKC,,SPO.09.AKC.5066.6001.1,SPP.09.AKC.5066.6001.1.11325,SAM.09.AKC.5066.6001.1,PM2.5,http://dd.eionet.europa.eu/vocabulary/aq/pollutant/6001,hour,7.3912000600,µg/m3,2018-07-16 08:00:00 +01:00,2018-07-16 09:00:00 +01:00,1,1
AT,AT.0008.20.AQ,NET.09,STA.09.AKC,,SPO.09.AKC.5066.6001.1,SPP.09.AKC.5066.6001.1.11325,SAM.09.AKC.5066.6001.1,PM2.5,http://dd.eionet.europa.eu/vocabulary/aq/pollutant/6001,hour,9.3747501300,µg/m3,2018-07-16 16:00:00 +01:00,2018-07-16 17:00:00 +01:00,1,1
AT,AT.0008.20.AQ,NET.09,STA.09.AKC,,SPO.09.AKC.5066.6001.1,SPP.09.AKC.5066.6001.1.11325,SAM.09.AKC.5066.6001.1,PM2.5,http://dd.eionet.europa.eu/vocabulary/aq/pollutant/6001,hour,6.7767500800,µg/m3,2018-07-16 17:00:00 +01:00,2018-07-16 18:00:00 +01:00,1,1
AT,AT.0008.20.AQ,NET.09,STA.09.AKC,,SPO.09.AKC.5066.6001.1,SPP.09.AKC.5066.6001.1.11325,SAM.09.AKC.5066.6001.1,PM2.5,http://dd.eionet.europa.eu/vocabulary/aq/pollutant/6001,hour,6.0017499900,µg/m3,2018-07-16 19:00:00 +01:00,2018-07-16 20:00:00 +01:00,1,1
AT,AT.0008.20.AQ,NET.09,STA.09.AKC,,SPO.09.AKC.5066.6001.1,SPP.09.AKC.5066.6001.1.11325,SAM.09.AKC.5066.6001.1,PM2.5,http://dd.eionet.europa.eu/vocabulary/aq/pollutant/6001,hour,6.3517503700,µg/m3,2018-07-16 20:00:00 +01:00,2018-07-16 21:00:00 +01:00,1,1
AT,AT.0008.20.AQ,NET.09,STA.09.AKC,,SPO.09.AKC.5066.6001.1,SPP.09.AKC.5066.6001.1.11325,SAM.09.AKC.5066.6001.1,PM2.5,http://dd.eionet.europa.eu/vocabulary/aq/pollutant/6001,hour,5.9254503200,µg/m3,2018-07-16 21:00:00 +01:00,2018-07-16 22:00:00 +01:00,1,1
AT,AT.0008.20.AQ,NET.09,STA.09.AKC,,SPO.09.AKC.5066.6001.1,SPP.09.AKC.5066.6001.1.11325,SAM.09.AKC.5066.6001.1,PM2.5,http://dd.eionet.europa.eu/vocabulary/aq/pollutant/6001,hour,6.7264003700,µg/m3,2018-07-16 23:00:00 +01:00,2018-07-17 00:00:00 +01:00,1,1
AT,AT.0008.20.AQ,NET.09,STA.09.AKC,,SPO.09.AKC.5066.6001.1,SPP.09.AKC.5066.6001.1.11325,SAM.09.AKC.5066.6001.1,PM2.5,http://dd.eionet.europa.eu/vocabulary/aq/pollutant/6001,hour,7.3235502200,µg/m3,2018-07-17 00:00:00 +01:00,2018-07-17 01:00:00 +01:00,1,1
AT,AT.0008.20.AQ,NET.09,STA.09.AKC,,SPO.09.AKC.5066.6001.1,SPP.09.AKC.5066.6001.1.11325,SAM.09.AKC.5066.6001.1,PM2.5,http://dd.eionet.europa.eu/vocabulary/aq/pollutant/6001,hour,7.3894996600,µg/m3,2018-07-17 01:00:00 +01:00,2018-07-17 02:00:00 +01:00,1,1
AT,AT.0008.20.AQ,NET.09,STA.09.AKC,,SPO.09.AKC.5066.6001.1,SPP.09.AKC.5066.6001.1.11325,SAM.09.AKC.5066.6001.1,PM2.5,http://dd.eionet.europa.eu/vocabulary/aq/pollutant/6001,hour,8.9395503900,µg/m3,2018-07-17 03:00:00 +01:00,2018-07-17 04:00:00 +01:00,1,1
AT,AT.0008.20.AQ,NET.09,STA.09.AKC,,SPO.09.AKC.5066.6001.1,SPP.09.AKC.5066.6001.1.11325,SAM.09.AKC.5066.6001.1,PM2.5,http://dd.eionet.europa.eu/vocabulary/aq/pollutant/6001,hour,9.0119495300,µg/m3,2018-07-17 06:00:00 +01:00,2018-07-17 07:00:00 +01:00,1,1
AT,AT.0008.20.AQ,NET.09,STA.09.AKC,,SPO.09.AKC.5066.6001.1,SPP.09.AKC.5066.6001.1.11325,SAM.09.AKC.5066.6001.1,PM2.5,http://dd.eionet.europa.eu/vocabulary/aq/pollutant/6001,hour,8.7898502300,µg/m3,2018-07-17 07:00:00 +01:00,2018-07-17 08:00:00 +01:00,1,1
AT,AT.0008.20.AQ,NET.09,STA.09.AKC,,SPO.09.AKC.5066.6001.1,SPP.09.AKC.5066.6001.1.11325,SAM.09.AKC.5066.6001.1,PM2.5,http://dd.eionet.europa.eu/vocabulary/aq/pollutant/6001,hour,8.4443492800,µg/m3,2018-07-17 08:00:00 +01:00,2018-07-17 09:00:00 +01:00,1,1
AT,AT.0008.20.AQ,NET.09,STA.09.AKC,,SPO.09.AKC.5066.6001.1,SPP.09.AKC.5066.6001.1.11325,SAM.09.AKC.5066.6001.1,PM2.5,http://dd.eionet.europa.eu/vocabulary/aq/pollutant/6001,hour,8.6849498700,µg/m3,2018-07-17 09:00:00 +01:00,2018-07-17 10:00:00 +01:00,1,1
AT,AT.0008.20.AQ,NET.09,STA.09.AKC,,SPO.09.AKC.5066.6001.1,SPP.09.AKC.5066.6001.1.11325,SAM.09.AKC.5066.6001.1,PM2.5,http://dd.eionet.europa.eu/vocabulary/aq/pollutant/6001,hour,7.9331998800,µg/m3,2018-07-17 11:00:00 +01:00,2018-07-17 12:00:00 +01:00,1,1
AT,AT.0008.20.AQ,NET.09,STA.09.AKC,,SPO.09.AKC.5066.6001.1,SPP.09.AKC.5066.6001.1.11325,SAM.09.AKC.5066.6001.1,PM2.5,http://dd.eionet.europa.eu/vocabulary/aq/pollutant/6001,hour,8.4512500700,µg/m3,2018-07-17 12:00:00 +01:00,2018-07-17 13:00:00 +01:00,1,1
AT,AT.0008.20.AQ,NET.09,STA.09.AKC,,SPO.09.AKC.5066.6001.1,SPP.09.AKC.5066.6001.1.11325,SAM.09.AKC.5066.6001.1,PM2.5,http://dd.eionet.europa.eu/vocabulary/aq/pollutant/6001,hour,8.1782999000,µg/m3,2018-07-17 13:00:00 +01:00,2018-07-17 14:00:00 +01:00,1,1
AT,AT.0008.20.AQ,NET.09,STA.09.AKC,,SPO.09.AKC.5066.6001.1,SPP.09.AKC.5066.6001.1.11325,SAM.09.AKC.5066.6001.1,PM2.5,http://dd.eionet.europa.eu/vocabulary/aq/pollutant/6001,hour,9.8225002200,µg/m3,2018-07-17 14:00:00 +01:00,2018-07-17 15:00:00 +01:00,1,1
AT,AT.0008.20.AQ,NET.09,STA.09.AKC,,SPO.09.AKC.5066.6001.1,SPP.09.AKC.5066.6001.1.11325,SAM.09.AKC.5066.6001.1,PM2.5,http://dd.eionet.europa.eu/vocabulary/aq/pollutant/6001,hour,7.9939002900,µg/m3,2018-07-17 16:00:00 +01:00,2018-07-17 17:00:00 +01:00,1,1
AT,AT.0008.20.AQ,NET.09,STA.09.AKC,,SPO.09.AKC.5066.6001.1,SPP.09.AKC.5066.6001.1.11325,SAM.09.AKC.5066.6001.1,PM2.5,http://dd.eionet.europa.eu/vocabulary/aq/pollutant/6001,hour,8.7573499600,µg/m3,2018-07-17 22:00:00 +01:00,2018-07-17 23:00:00 +01:00,1,1
AT,AT.0008.20.AQ,NET.09,STA.09.AKC,,SPO.09.AKC.5066.6001.1,SPP.09.AKC.5066.6001.1.11325,SAM.09.AKC.5066.6001.1,PM2.5,http://dd.eionet.europa.eu/vocabulary/aq/pollutant/6001,hour,9.2185993100,µg/m3,2018-07-17 23:00:00 +01:00,2018-07-18 00:00:00 +01:00,1,1
AT,AT.0008.20.AQ,NET.09,STA.09.AKC,,SPO.09.AKC.5066.6001.1,SPP.09.AKC.5066.6001.1.11325,SAM.09.AKC.5066.6001.1,PM2.5,http://dd.eionet.europa.eu/vocabulary/aq/pollutant/6001,hour,6.6364498100,µg/m3,2018-07-18 00:00:00 +01:00,2018-07-18 01:00:00 +01:00,1,1
AT,AT.0008.20.AQ,NET.09,STA.09.AKC,,SPO.09.AKC.5066.6001.1,SPP.09.AKC.5066.6001.1.11325,SAM.09.AKC.5066.6001.1,PM2.5,http://dd.eionet.europa.eu/vocabulary/aq/pollutant/6001,hour,6.1187000200,µg/m3,2018-07-18 01:00:00 +01:00,2018-07-18 02:00:00 +01:00,1,1
AT,AT.0008.20.AQ,NET.09,STA.09.AKC,,SPO.09.AKC.5066.6001.1,SPP.09.AKC.5066.6001.1.11325,SAM.09.AKC.5066.6001.1,PM2.5,http://dd.eionet.europa.eu/vocabulary/aq/pollutant/6001,hour,6.1036500900,µg/m3,2018-07-18 02:00:00 +01:00,2018-07-18 03:00:00 +01:00,1,1
AT,AT.0008.20.AQ,NET.09,STA.09.AKC,,SPO.09.AKC.5066.6001.1,SPP.09.AKC.5066.6001.1.11325,SAM.09.AKC.5066.6001.1,PM2.5,http://dd.eionet.europa.eu/vocabulary/aq/pollutant/6001,hour,6.4580998400,µg/m3,2018-07-18 03:00:00 +01:00,2018-07-18 04:00:00 +01:00,1,1
AT,AT.0008.20.AQ,NET.09,STA.09.AKC,,SPO.09.AKC.5066.6001.1,SPP.09.AKC.5066.6001.1.11325,SAM.09.AKC.5066.6001.1,PM2.5,http://dd.eionet.europa.eu/vocabulary/aq/pollutant/6001,hour,6.6397500000,µg/m3,2018-07-18 05:00:00 +01:00,2018-07-18 06:00:00 +01:00,1,1
AT,AT.0008.20.AQ,NET.09,STA.09.AKC,,SPO.09.AKC.5066.6001.1,SPP.09.AKC.5066.6001.1.11325,SAM.09.AKC.5066.6001.1,PM2.5,http://dd.eionet.europa.eu/vocabulary/aq/pollutant/6001,hour,6.9690999900,µg/m3,2018-07-18 06:00:00 +01:00,2018-07-18 07:00:00 +01:00,1,1
AT,AT.0008.20.AQ,NET.09,STA.09.AKC,,SPO.09.AKC.5066.6001.1,SPP.09.AKC.5066.6001.1.11325,SAM.09.AKC.5066.6001.1,PM2.5,http://dd.eionet.europa.eu/vocabulary/aq/pollutant/6001,hour,6.8899497900,µg/m3,2018-07-18 07:00:00 +01:00,2018-07-18 08:00:00 +01:00,1,1
AT,AT.0008.20.AQ,NET.09,STA.09.AKC,,SPO.09.AKC.5066.6001.1,SPP.09.AKC.5066.6001.1.11325,SAM.09.AKC.5066.6001.1,PM2.5,http://dd.eionet.europa.eu/vocabulary/aq/pollutant/6001,hour,7.1997499400,µg/m3,2018-07-18 11:00:00 +01:00,2018-07-18 12:00:00 +01:00,1,1
AT,AT.0008.20.AQ,NET.09,STA.09.AKC,,SPO.09.AKC.5066.6001.1,SPP.09.AKC.5066.6001.1.11325,SAM.09.AKC.5066.6001.1,PM2.5,http://dd.eionet.europa.eu/vocabulary/aq/pollutant/6001,hour,7.6843500100,µg/m3,2018-07-18 12:00:00 +01:00,2018-07-18 13:00:00 +01:00,1,1
AT,AT.0008.20.AQ,NET.09,STA.09.AKC,,SPO.09.AKC.5066.6001.1,SPP.09.AKC.5066.6001.1.11325,SAM.09.AKC.5066.6001.1,PM2.5,http://dd.eionet.europa.eu/vocabulary/aq/pollutant/6001,hour,8.3338499000,µg/m3,2018-07-18 13:00:00 +01:00,2018-07-18 14:00:00 +01:00,1,1
AT,AT.0008.20.AQ,NET.09,STA.09.AKC,,SPO.09.AKC.5066.6001.1,SPP.09.AKC.5066.6001.1.11325,SAM.09.AKC.5066.6001.1,PM2.5,http://dd.eionet.europa.eu/vocabulary/aq/pollutant/6001,hour,10.2771492000,µg/m3,2018-07-18 16:00:00 +01:00,2018-07-18 17:00:00 +01:00,1,1
AT,AT.0008.20.AQ,NET.09,STA.09.AKC,,SPO.09.AKC.5066.6001.1,SPP.09.AKC.5066.6001.1.11325,SAM.09.AKC.5066.6001.1,PM2.5,http://dd.eionet.europa.eu/vocabulary/aq/pollutant/6001,hour,9.7667503300,µg/m3,2018-07-18 17:00:00 +01:00,2018-07-18 18:00:00 +01:00,1,1
AT,AT.0008.20.AQ,NET.09,STA.09.AKC,,SPO.09.AKC.5066.6001.1,SPP.09.AKC.5066.6001.1.11325,SAM.09.AKC.5066.6001.1,PM2.5,http://dd.eionet.europa.eu/vocabulary/aq/pollutant/6001,hour,8.3374004300,µg/m3,2018-07-18 18:00:00 +01:00,2018-07-18 19:00:00 +01:00,1,1
AT,AT.0008.20.AQ,NET.09,STA.09.AKC,,SPO.09.AKC.5066.6001.1,SPP.09.AKC.5066.6001.1.11325,SAM.09.AKC.5066.6001.1,PM2.5,http://dd.eionet.europa.eu/vocabulary/aq/pollutant/6001,hour,8.5330505300,µg/m3,2018-07-18 19:00:00 +01:00,2018-07-18 20:00:00 +01:00,1,1
AT,AT.0008.20.AQ,NET.09,STA.09.AKC,,SPO.09.AKC.5066.6001.1,SPP.09.AKC.5066.6001.1.11325,SAM.09.AKC.5066.6001.1,PM2.5,http://dd.eionet.europa.eu/vocabulary/aq/pollutant/6001,hour,8.2980995100,µg/m3,2018-07-18 21:00:00 +01:00,2018-07-18 22:00:00 +01:00,1,1
AT,AT.0008.20.AQ,NET.09,STA.09.AKC,,SPO.09.AKC.5066.6001.1,SPP.09.AKC.5066.6001.1.11325,SAM.09.AKC.5066.6001.1,PM2.5,http://dd.eionet.europa.eu/vocabulary/aq/pollutant/6001,hour,8.5726499500,µg/m3,2018-07-18 22:00:00 +01:00,2018-07-18 23:00:00 +01:00,1,1
AT,AT.0008.20.AQ,NET.09,STA.09.AKC,,SPO.09.AKC.5066.6001.1,SPP.09.AKC.5066.6001.1.11325,SAM.09.AKC.5066.6001.1,PM2.5,http://dd.eionet.europa.eu/vocabulary/aq/pollutant/6001,hour,7.9281997600,µg/m3,2018-07-18 23:00:00 +01:00,2018-07-19 00:00:00 +01:00,1,1
AT,AT.0008.20.AQ,NET.09,STA.09.AKC,,SPO.09.AKC.5066.6001.1,SPP.09.AKC.5066.6001.1.11325,SAM.09.AKC.5066.6001.1,PM2.5,http://dd.eionet.europa.eu/vocabulary/aq/pollutant/6001,hour,8.4216995200,µg/m3,2018-07-19 00:00:00 +01:00,2018-07-19 01:00:00 +01:00,1,1
AT,AT.0008.20.AQ,NET.09,STA.09.AKC,,SPO.09.AKC.5066.6001.1,SPP.09.AKC.5066.6001.1.11325,SAM.09.AKC.5066.6001.1,PM2.5,http://dd.eionet.europa.eu/vocabulary/aq/pollutant/6001,hour,8.6783504400,µg/m3,2018-07-19 02:00:00 +01:00,2018-07-19 03:00:00 +01:00,1,1
AT,AT.0008.20.AQ,NET.09,STA.09.AKC,,SPO.09.AKC.5066.6001.1,SPP.09.AKC.5066.6001.1.11325,SAM.09.AKC.5066.6001.1,PM2.5,http://dd.eionet.europa.eu/vocabulary/aq/pollutant/6001,hour,7.9514503400,µg/m3,2018-07-19 04:00:00 +01:00,2018-07-19 05:00:00 +01:00,1,1
AT,AT.0008.20.AQ,NET.09,STA.09.AKC,,SPO.09.AKC.5066.6001.1,SPP.09.AKC.5066.6001.1.11325,SAM.09.AKC.5066.6001.1,PM2.5,http://dd.eionet.europa.eu/vocabulary/aq/pollutant/6001,hour,8.2113494800,µg/m3,2018-07-19 06:00:00 +01:00,2018-07-19 07:00:00 +01:00,1,1
AT,AT.0008.20.AQ,NET.09,STA.09.AKC,,SPO.09.AKC.5066.6001.1,SPP.09.AKC.5066.6001.1.11325,SAM.09.AKC.5066.6001.1,PM2.5,http://dd.eionet.europa.eu/vocabulary/aq/pollutant/6001,hour,8.5493497800,µg/m3,2018-07-19 07:00:00 +01:00,2018-07-19 08:00:00 +01:00,1,1
AT,AT.0008.20.AQ,NET.09,STA.09.AKC,,SPO.09.AKC.5066.6001.1,SPP.09.AKC.5066.6001.1.11325,SAM.09.AKC.5066.6001.1,PM2.5,http://dd.eionet.europa.eu/vocabulary/aq/pollutant/6001,hour,9.3814001000,µg/m3,2018-07-19 09:00:00 +01:00,2018-07-19 10:00:00 +01:00,1,1
AT,AT.0008.20.AQ,NET.09,STA.09.AKC,,SPO.09.AKC.5066.6001.1,SPP.09.AKC.5066.6001.1.11325,SAM.09.AKC.5066.6001.1,PM2.5,http://dd.eionet.europa.eu/vocabulary/aq/pollutant/6001,hour,7.8561997400,µg/m3,2018-07-19 11:00:00 +01:00,2018-07-19 12:00:00 +01:00,1,1
AT,AT.0008.20.AQ,NET.09,STA.09.AKC,,SPO.09.AKC.5066.6001.1,SPP.09.AKC.5066.6001.1.11325,SAM.09.AKC.5066.6001.1,PM2.5,http://dd.eionet.europa.eu/vocabulary/aq/pollutant/6001,hour,7.5407500200,µg/m3,2018-07-19 12:00:00 +01:00,2018-07-19 13:00:00 +01:00,1,1
AT,AT.0008.20.AQ,NET.09,STA.09.AKC,,SPO.09.AKC.5066.6001.1,SPP.09.AKC.5066.6001.1.11325,SAM.09.AKC.5066.6001.1,PM2.5,http://dd.eionet.europa.eu/vocabulary/aq/pollutant/6001,hour,6.9295997600,µg/m3,2018-07-19 13:00:00 +01:00,2018-07-19 14:00:00 +01:00,1,1
AT,AT.0008.20.AQ,NET.09,STA.09.AKC,,SPO.09.AKC.5066.6001.1,SPP.09.AKC.5066.6001.1.11325,SAM.09.AKC.5066.6001.1,PM2.5,http://dd.eionet.europa.eu/vocabulary/aq/pollutant/6001,hour,5.9183998100,µg/m3,2018-07-19 15:00:00 +01:00,2018-07-19 16:00:00 +01:00,1,1
AT,AT.0008.20.AQ,NET.09,STA.09.AKC,,SPO.09.AKC.5066.6001.1,SPP.09.AKC.5066.6001.1.11325,SAM.09.AKC.5066.6001.1,PM2.5,http://dd.eionet.europa.eu/vocabulary/aq/pollutant/6001,hour,5.7670998500,µg/m3,2018-07-19 16:00:00 +01:00,2018-07-19 17:00:00 +01:00,1,1
AT,AT.0008.20.AQ,NET.09,STA.09.AKC,,SPO.09.AKC.5066.6001.1,SPP.09.AKC.5066.6001.1.11325,SAM.09.AKC.5066.6001.1,PM2.5,http://dd.eionet.europa.eu/vocabulary/aq/pollutant/6001,hour,5.5479001900,µg/m3,2018-07-19 19:00:00 +01:00,2018-07-19 20:00:00 +01:00,1,1
AT,AT.0008.20.AQ,NET.09,STA.09.AKC,,SPO.09.AKC.5066.6001.1,SPP.09.AKC.5066.6001.1.11325,SAM.09.AKC.5066.6001.1,PM2.5,http://dd.eionet.europa.eu/vocabulary/aq/pollutant/6001,hour,6.1617999000,µg/m3,2018-07-19 20:00:00 +01:00,2018-07-19 21:00:00 +01:00,1,1
AT,AT.0008.20.AQ,NET.09,STA.09.AKC,,SPO.09.AKC.5066.6001.1,SPP.09.AKC.5066.6001.1.11325,SAM.09.AKC.5066.6001.1,PM2.5,http://dd.eionet.europa.eu/vocabulary/aq/pollutant/6001,hour,7.0100002200,µg/m3,2018-07-19 21:00:00 +01:00,2018-07-19 22:00:00 +01:00,1,1
AT,AT.0008.20.AQ,NET.09,STA.09.AKC,,SPO.09.AKC.5066.6001.1,SPP.09.AKC.5066.6001.1.11325,SAM.09.AKC.5066.6001.1,PM2.5,http://dd.eionet.europa.eu/vocabulary/aq/pollutant/6001,hour,8.3041000300,µg/m3,2018-07-19 22:00:00 +01:00,2018-07-19 23:00:00 +01:00,1,1
AT,AT.0008.20.AQ,NET.09,STA.09.AKC,,SPO.09.AKC.5066.6001.1,SPP.09.AKC.5066.6001.1.11325,SAM.09.AKC.5066.6001.1,PM2.5,http://dd.eionet.europa.eu/vocabulary/aq/pollutant/6001,hour,9.0172996500,µg/m3,2018-07-19 23:00:00 +01:00,2018-07-20 00:00:00 +01:00,1,1
AT,AT.0008.20.AQ,NET.09,STA.09.AKC,,SPO.09.AKC.5066.6001.1,SPP.09.AKC.5066.6001.1.11325,SAM.09.AKC.5066.6001.1,PM2.5,http://dd.eionet.europa.eu/vocabulary/aq/pollutant/6001,hour,9.8469505300,µg/m3,2018-07-20 03:00:00 +01:00,2018-07-20 04:00:00 +01:00,1,1
AT,AT.0008.20.AQ,NET.09,STA.09.AKC,,SPO.09.AKC.5066.6001.1,SPP.09.AKC.5066.6001.1.11325,SAM.09.AKC.5066.6001.1,PM2.5,http://dd.eionet.europa.eu/vocabulary/aq/pollutant/6001,hour,9.3933000500,µg/m3,2018-07-20 04:00:00 +01:00,2018-07-20 05:00:00 +01:00,1,1
AT,AT.0008.20.AQ,NET.09,STA.09.AKC,,SPO.09.AKC.5066.6001.1,SPP.09.AKC.5066.6001.1.11325,SAM.09.AKC.5066.6001.1,PM2.5,http://dd.eionet.europa.eu/vocabulary/aq/pollutant/6001,hour,8.6102504700,µg/m3,2018-07-20 07:00:00 +01:00,2018-07-20 08:00:00 +01:00,1,1
AT,AT.0008.20.AQ,NET.09,STA.09.AKC,,SPO.09.AKC.5066.6001.1,SPP.09.AKC.5066.6001.1.11325,SAM.09.AKC.5066.6001.1,PM2.5,http://dd.eionet.europa.eu/vocabulary/aq/pollutant/6001,hour,8.7558498300,µg/m3,2018-07-20 08:00:00 +01:00,2018-07-20 09:00:00 +01:00,1,1
AT,AT.0008.20.AQ,NET.09,STA.09.AKC,,SPO.09.AKC.5066.6001.1,SPP.09.AKC.5066.6001.1.11325,SAM.09.AKC.5066.6001.1,PM2.5,http://dd.eionet.europa.eu/vocabulary/aq/pollutant/6001,hour,9.0701503700,µg/m3,2018-07-20 10:00:00 +01:00,2018-07-20 11:00:00 +01:00,1,1
AT,AT.0008.20.AQ,NET.09,STA.09.AKC,,SPO.09.AKC.5066.6001.1,SPP.09.AKC.5066.6001.1.11325,SAM.09.AKC.5066.6001.1,PM2.5,http://dd.eionet.europa.eu/vocabulary/aq/pollutant/6001,hour,9.6044502200,µg/m3,2018-07-20 12:00:00 +01:00,2018-07-20 13:00:00 +01:00,1,1
AT,AT.0008.20.AQ,NET.09,STA.09.AKC,,SPO.09.AKC.5066.6001.1,SPP.09.AKC.5066.6001.1.11325,SAM.09.AKC.5066.6001.1,PM2.5,http://dd.eionet.europa.eu/vocabulary/aq/pollutant/6001,hour,8.4281501700,µg/m3,2018-07-20 14:00:00 +01:00,2018-07-20 15:00:00 +01:00,1,1
AT,AT.0008.20.AQ,NET.09,STA.09.AKC,,SPO.09.AKC.5066.6001.1,SPP.09.AKC.5066.6001.1.11325,SAM.09.AKC.5066.6001.1,PM2.5,http://dd.eionet.europa.eu/vocabulary/aq/pollutant/6001,hour,8.4638996100,µg/m3,2018-07-20 15:00:00 +01:00,2018-07-20 16:00:00 +01:00,1,1
AT,AT.0008.20.AQ,NET.09,STA.09.AKC,,SPO.09.AKC.5066.6001.1,SPP.09.AKC.5066.6001.1.11325,SAM.09.AKC.5066.6001.1,PM2.5,http://dd.eionet.europa.eu/vocabulary/aq/pollutant/6001,hour,8.1227493200,µg/m3,2018-07-20 17:00:00 +01:00,2018-07-20 18:00:00 +01:00,1,1
AT,AT.0008.20.AQ,NET.09,STA.09.AKC,,SPO.09.AKC.5066.6001.1,SPP.09.AKC.5066.6001.1.11325,SAM.09.AKC.5066.6001.1,PM2.5,http://dd.eionet.europa.eu/vocabulary/aq/pollutant/6001,hour,11.1359996700,µg/m3,2018-07-20 22:00:00 +01:00,2018-07-20 23:00:00 +01:00,1,1
AT,AT.0008.20.AQ,NET.09,STA.09.AKC,,SPO.09.AKC.5066.6001.1,SPP.09.AKC.5066.6001.1.11325,SAM.09.AKC.5066.6001.1,PM2.5,http://dd.eionet.europa.eu/vocabulary/aq/pollutant/6001,hour,12.8274993800,µg/m3,2018-07-20 23:00:00 +01:00,2018-07-21 00:00:00 +01:00,1,1
AT,AT.0008.20.AQ,NET.09,STA.09.AKC,,SPO.09.AKC.5066.6001.1,SPP.09.AKC.5066.6001.1.11325,SAM.09.AKC.5066.6001.1,PM2.5,http://dd.eionet.europa.eu/vocabulary/aq/pollutant/6001,hour,13.2539997100,µg/m3,2018-07-21 00:00:00 +01:00,2018-07-21 01:00:00 +01:00,1,1
AT,AT.0008.20.AQ,NET.09,STA.09.AKC,,SPO.09.AKC.5066.6001.1,SPP.09.AKC.5066.6001.1.11325,SAM.09.AKC.5066.6001.1,PM2.5,http://dd.eionet.europa.eu/vocabulary/aq/pollutant/6001,hour,13.7910003600,µg/m3,2018-07-21 01:00:00 +01:00,2018-07-21 02:00:00 +01:00,1,1
AT,AT.0008.20.AQ,NET.09,STA.09.AKC,,SPO.09.AKC.5066.6001.1,SPP.09.AKC.5066.6001.1.11325,SAM.09.AKC.5066.6001.1,PM2.5,http://dd.eionet.europa.eu/vocabulary/aq/pollutant/6001,hour,15.4925003000,µg/m3,2018-07-21 03:00:00 +01:00,2018-07-21 04:00:00 +01:00,1,1
AT,AT.0008.20.AQ,NET.09,STA.09.AKC,,SPO.09.AKC.5066.6001.1,SPP.09.AKC.5066.6001.1.11325,SAM.09.AKC.5066.6001.1,PM2.5,http://dd.eionet.europa.eu/vocabulary/aq/pollutant/6001,hour,15.8955001800,µg/m3,2018-07-21 05:00:00 +01:00,2018-07-21 06:00:00 +01:00,1,1
AT,AT.0008.20.AQ,NET.09,STA.09.AKC,,SPO.09.AKC.5066.6001.1,SPP.09.AKC.5066.6001.1.11325,SAM.09.AKC.5066.6001.1,PM2.5,http://dd.eionet.europa.eu/vocabulary/aq/pollutant/6001,hour,15.2204999900,µg/m3,2018-07-21 06:00:00 +01:00,2018-07-21 07:00:00 +01:00,1,1
AT,AT.0008.20.AQ,NET.09,STA.09.AKC,,SPO.09.AKC.5066.6001.1,SPP.09.AKC.5066.6001.1.11325,SAM.09.AKC.5066.6001.1,PM2.5,http://dd.eionet.europa.eu/vocabulary/aq/pollutant/6001,hour,11.4309997500,µg/m3,2018-07-21 08:00:00 +01:00,2018-07-21 09:00:00 +01:00,1,1
AT,AT.0008.20.AQ,NET.09,STA.09.AKC,,SPO.09.AKC.5066.6001.1,SPP.09.AKC.5066.6001.1.11325,SAM.09.AKC.5066.6001.1,PM2.5,http://dd.eionet.europa.eu/vocabulary/aq/pollutant/6001,hour,8.8770503900,µg/m3,2018-07-21 11:00:00 +01:00,2018-07-21 12:00:00 +01:00,1,1
AT,AT.0008.20.AQ,NET.09,STA.09.AKC,,SPO.09.AKC.5066.6001.1,SPP.09.AKC.5066.6001.1.11325,SAM.09.AKC.5066.6001.1,PM2.5,http://dd.eionet.europa.eu/vocabulary/aq/pollutant/6001,hour,8.3284997900,µg/m3,2018-07-21 12:00:00 +01:00,2018-07-21 13:00:00 +01:00,1,1
AT,AT.0008.20.AQ,NET.09,STA.09.AKC,,SPO.09.AKC.5066.6001.1,SPP.09.AKC.5066.6001.1.11325,SAM.09.AKC.5066.6001.1,PM2.5,http://dd.eionet.europa.eu/vocabulary/aq/pollutant/6001,hour,6.6920499800,µg/m3,2018-07-21 13:00:00 +01:00,2018-07-21 14:00:00 +01:00,1,1
AT,AT.0008.20.AQ,NET.09,STA.09.AKC,,SPO.09.AKC.5066.6001.1,SPP.09.AKC.5066.6001.1.11325,SAM.09.AKC.5066.6001.1,PM2.5,http://dd.eionet.europa.eu/vocabulary/aq/pollutant/6001,hour,6.4279999700,µg/m3,2018-07-21 14:00:00 +01:00,2018-07-21 15:00:00 +01:00,1,1
AT,AT.0008.20.AQ,NET.09,STA.09.AKC,,SPO.09.AKC.5066.6001.1,SPP.09.AKC.5066.6001.1.11325,SAM.09.AKC.5066.6001.1,PM2.5,http://dd.eionet.europa.eu/vocabulary/aq/pollutant/6001,hour,8.6801500300,µg/m3,2018-07-21 16:00:00 +01:00,2018-07-21 17:00:00 +01:00,1,1
AT,AT.0008.20.AQ,NET.09,STA.09.AKC,,SPO.09.AKC.5066.6001.1,SPP.09.AKC.5066.6001.1.11325,SAM.09.AKC.5066.6001.1,PM2.5,http://dd.eionet.europa.eu/vocabulary/aq/pollutant/6001,hour,10.4607505700,µg/m3,2018-07-21 17:00:00 +01:00,2018-07-21 18:00:00 +01:00,1,1
AT,AT.0008.20.AQ,NET.09,STA.09.AKC,,SPO.09.AKC.5066.6001.1,SPP.09.AKC.5066.6001.1.11325,SAM.09.AKC.5066.6001.1,PM2.5,http://dd.eionet.europa.eu/vocabulary/aq/pollutant/6001,hour,15.4160003600,µg/m3,2018-07-21 18:00:00 +01:00,2018-07-21 19:00:00 +01:00,1,1
AT,AT.0008.20.AQ,NET.09,STA.09.AKC,,SPO.09.AKC.5066.6001.1,SPP.09.AKC.5066.6001.1.11325,SAM.09.AKC.5066.6001.1,PM2.5,http://dd.eionet.europa.eu/vocabulary/aq/pollutant/6001,hour,16.3680000300,µg/m3,2018-07-21 19:00:00 +01:00,2018-07-21 20:00:00 +01:00,1,1
AT,AT.0008.20.AQ,NET.09,STA.09.AKC,,SPO.09.AKC.5066.6001.1,SPP.09.AKC.5066.6001.1.11325,SAM.09.AKC.5066.6001.1,PM2.5,http://dd.eionet.europa.eu/vocabulary/aq/pollutant/6001,hour,13.8940000500,µg/m3,2018-07-21 20:00:00 +01:00,2018-07-21 21:00:00 +01:00,1,1
AT,AT.0008.20.AQ,NET.09,STA.09.AKC,,SPO.09.AKC.5066.6001.1,SPP.09.AKC.5066.6001.1.11325,SAM.09.AKC.5066.6001.1,PM2.5,http://dd.eionet.europa.eu/vocabulary/aq/pollutant/6001,hour,14.3109998700,µg/m3,2018-07-21 22:00:00 +01:00,2018-07-21 23:00:00 +01:00,1,1
AT,AT.0008.20.AQ,NET.09,STA.09.AKC,,SPO.09.AKC.5066.6001.1,SPP.09.AKC.5066.6001.1.11325,SAM.09.AKC.5066.6001.1,PM2.5,http://dd.eionet.europa.eu/vocabulary/aq/pollutant/6001,hour,12.2915000900,µg/m3,2018-07-21 23:00:00 +01:00,2018-07-22 00:00:00 +01:00,1,1
AT,AT.0008.20.AQ,NET.09,STA.09.AKC,,SPO.09.AKC.5066.6001.1,SPP.09.AKC.5066.6001.1.11325,SAM.09.AKC.5066.6001.1,PM2.5,http://dd.eionet.europa.eu/vocabulary/aq/pollutant/6001,hour,11.7469997400,µg/m3,2018-07-22 01:00:00 +01:00,2018-07-22 02:00:00 +01:00,1,1
AT,AT.0008.20.AQ,NET.09,STA.09.AKC,,SPO.09.AKC.5066.6001.1,SPP.09.AKC.5066.6001.1.11325,SAM.09.AKC.5066.6001.1,PM2.5,http://dd.eionet.europa.eu/vocabulary/aq/pollutant/6001,hour,7.9005002900,µg/m3,2018-07-22 03:00:00 +01:00,2018-07-22 04:00:00 +01:00,1,1
AT,AT.0008.20.AQ,NET.09,STA.09.AKC,,SPO.09.AKC.5066.6001.1,SPP.09.AKC.5066.6001.1.11325,SAM.09.AKC.5066.6001.1,PM2.5,http://dd.eionet.europa.eu/vocabulary/aq/pollutant/6001,hour,9.3411998700,µg/m3,2018-07-22 04:00:00 +01:00,2018-07-22 05:00:00 +01:00,1,1
AT,AT.0008.20.AQ,NET.09,STA.09.AKC,,SPO.09.AKC.5066.6001.1,SPP.09.AKC.5066.6001.1.11325,SAM.09.AKC.5066.6001.1,PM2.5,http://dd.eionet.europa.eu/vocabulary/aq/pollutant/6001,hour,7.6888999900,µg/m3,2018-07-22 05:00:00 +01:00,2018-07-22 06:00:00 +01:00,1,1
AT,AT.0008.20.AQ,NET.09,STA.09.AKC,,SPO.09.AKC.5066.6001.1,SPP.09.AKC.5066.6001.1.11325,SAM.09.AKC.5066.6001.1,PM2.5,http://dd.eionet.europa.eu/vocabulary/aq/pollutant/6001,hour,4.4641499500,µg/m3,2018-07-22 10:00:00 +01:00,2018-07-22 11:00:00 +01:00,1,1
AT,AT.0008.20.AQ,NET.09,STA.09.AKC,,SPO.09.AKC.5066.6001.1,SPP.09.AKC.5066.6001.1.11325,SAM.09.AKC.5066.6001.1,PM2.5,http://dd.eionet.europa.eu/vocabulary/aq/pollutant/6001,hour,3.3463001200,µg/m3,2018-07-22 11:00:00 +01:00,2018-07-22 12:00:00 +01:00,1,1
AT,AT.0008.20.AQ,NET.09,STA.09.AKC,,SPO.09.AKC.5066.6001.1,SPP.09.AKC.5066.6001.1.11325,SAM.09.AKC.5066.6001.1,PM2.5,http://dd.eionet.europa.eu/vocabulary/aq/pollutant/6001,hour,3.6965498900,µg/m3,2018-07-22 12:00:00 +01:00,2018-07-22 13:00:00 +01:00,1,1
AT,AT.0008.20.AQ,NET.09,STA.09.AKC,,SPO.09.AKC.5066.6001.1,SPP.09.AKC.5066.6001.1.11325,SAM.09.AKC.5066.6001.1,PM2.5,http://dd.eionet.europa.eu/vocabulary/aq/pollutant/6001,hour,4.6039500200,µg/m3,2018-07-22 13:00:00 +01:00,2018-07-22 14:00:00 +01:00,1,1
AT,AT.0008.20.AQ,NET.09,STA.09.AKC,,SPO.09.AKC.5066.6001.1,SPP.09.AKC.5066.6001.1.11325,SAM.09.AKC.5066.6001.1,PM2.5,http://dd.eionet.europa.eu/vocabulary/aq/pollutant/6001,hour,15.8044996200,µg/m3,2018-07-22 15:00:00 +01:00,2018-07-22 16:00:00 +01:00,1,1
AT,AT.0008.20.AQ,NET.09,STA.09.AKC,,SPO.09.AKC.5066.6001.1,SPP.09.AKC.5066.6001.1.11325,SAM.09.AKC.5066.6001.1,PM2.5,http://dd.eionet.europa.eu/vocabulary/aq/pollutant/6001,hour,14.6995000800,µg/m3,2018-07-22 16:00:00 +01:00,2018-07-22 17:00:00 +01:00,1,1
AT,AT.0008.20.AQ,NET.09,STA.09.AKC,,SPO.09.AKC.5066.6001.1,SPP.09.AKC.5066.6001.1.11325,SAM.09.AKC.5066.6001.1,PM2.5,http://dd.eionet.europa.eu/vocabulary/aq/pollutant/6001,hour,14.6765003200,µg/m3,2018-07-22 17:00:00 +01:00,2018-07-22 18:00:00 +01:00,1,1
AT,AT.0008.20.AQ,NET.09,STA.09.AKC,,SPO.09.AKC.5066.6001.1,SPP.09.AKC.5066.6001.1.11325,SAM.09.AKC.5066.6001.1,PM2.5,http://dd.eionet.europa.eu/vocabulary/aq/pollutant/6001,hour,15.1684999400,µg/m3,2018-07-22 18:00:00 +01:00,2018-07-22 19:00:00 +01:00,1,1
AT,AT.0008.20.AQ,NET.09,STA.09.AKC,,SPO.09.AKC.5066.6001.1,SPP.09.AKC.5066.6001.1.11325,SAM.09.AKC.5066.6001.1,PM2.5,http://dd.eionet.europa.eu/vocabulary/aq/pollutant/6001,hour,15.2934999400,µg/m3,2018-07-22 19:00:00 +01:00,2018-07-22 20:00:00 +01:00,1,1
AT,AT.0008.20.AQ,NET.09,STA.09.AKC,,SPO.09.AKC.5066.6001.1,SPP.09.AKC.5066.6001.1.11325,SAM.09.AKC.5066.6001.1,PM2.5,http://dd.eionet.europa.eu/vocabulary/aq/pollutant/6001,hour,14.8495006500,µg/m3,2018-07-22 20:00:00 +01:00,2018-07-22 21:00:00 +01:00,1,1
AT,AT.0008.20.AQ,NET.09,STA.09.AKC,,SPO.09.AKC.5066.6001.1,SPP.09.AKC.5066.6001.1.11325,SAM.09.AKC.5066.6001.1,PM2.5,http://dd.eionet.europa.eu/vocabulary/aq/pollutant/6001,hour,15.7079992200,µg/m3,2018-07-22 21:00:00 +01:00,2018-07-22 22:00:00 +01:00,1,1
AT,AT.0008.20.AQ,NET.09,STA.09.AKC,,SPO.09.AKC.5066.6001.1,SPP.09.AKC.5066.6001.1.11325,SAM.09.AKC.5066.6001.1,PM2.5,http://dd.eionet.europa.eu/vocabulary/aq/pollutant/6001,hour,14.8334999000,µg/m3,2018-07-22 22:00:00 +01:00,2018-07-22 23:00:00 +01:00,1,1
AT,AT.0008.20.AQ,NET.09,STA.09.AKC,,SPO.09.AKC.5066.6001.1,SPP.09.AKC.5066.6001.1.11325,SAM.09.AKC.5066.6001.1,PM2.5,http://dd.eionet.europa.eu/vocabulary/aq/pollutant/6001,hour,13.8355007100,µg/m3,2018-07-22 23:00:00 +01:00,2018-07-23 00:00:00 +01:00,1,1
AT,AT.0008.20.AQ,NET.09,STA.09.AKC,,SPO.09.AKC.5066.6001.1,SPP.09.AKC.5066.6001.1.11325,SAM.09.AKC.5066.6001.1,PM2.5,http://dd.eionet.europa.eu/vocabulary/aq/pollutant/6001,hour,11.7880001000,µg/m3,2018-07-23 00:00:00 +01:00,2018-07-23 01:00:00 +01:00,1,1
AT,AT.0008.20.AQ,NET.09,STA.09.AKC,,SPO.09.AKC.5066.6001.1,SPP.09.AKC.5066.6001.1.11325,SAM.09.AKC.5066.6001.1,PM2.5,http://dd.eionet.europa.eu/vocabulary/aq/pollutant/6001,hour,13.2170000000,µg/m3,2018-07-23 02:00:00 +01:00,2018-07-23 03:00:00 +01:00,1,1
AT,AT.0008.20.AQ,NET.09,STA.09.AKC,,SPO.09.AKC.5066.6001.1,SPP.09.AKC.5066.6001.1.11325,SAM.09.AKC.5066.6001.1,PM2.5,http://dd.eionet.europa.eu/vocabulary/aq/pollutant/6001,hour,14.5475006100,µg/m3,2018-07-23 04:00:00 +01:00,2018-07-23 05:00:00 +01:00,1,1
AT,AT.0008.20.AQ,NET.09,STA.09.AKC,,SPO.09.AKC.5066.6001.1,SPP.09.AKC.5066.6001.1.11325,SAM.09.AKC.5066.6001.1,PM2.5,http://dd.eionet.europa.eu/vocabulary/aq/pollutant/6001,hour,13.3505001000,µg/m3,2018-07-23 05:00:00 +01:00,2018-07-23 06:00:00 +01:00,1,1
AT,AT.0008.20.AQ,NET.09,STA.09.AKC,,SPO.09.AKC.5066.6001.1,SPP.09.AKC.5066.6001.1.11325,SAM.09.AKC.5066.6001.1,PM2.5,http://dd.eionet.europa.eu/vocabulary/aq/pollutant/6001,hour,13.5319995800,µg/m3,2018-07-23 06:00:00 +01:00,2018-07-23 07:00:00 +01:00,1,1
AT,AT.0008.20.AQ,NET.09,STA.09.AKC,,SPO.09.AKC.5066.6001.1,SPP.09.AKC.5066.6001.1.11325,SAM.09.AKC.5066.6001.1,PM2.5,http://dd.eionet.europa.eu/vocabulary/aq/pollutant/6001,hour,13.7069997700,µg/m3,2018-07-23 07:00:00 +01:00,2018-07-23 08:00:00 +01:00,1,1
AT,AT.0008.20.AQ,NET.09,STA.09.AKC,,SPO.09.AKC.5066.6001.1,SPP.09.AKC.5066.6001.1.11325,SAM.09.AKC.5066.6001.1,PM2.5,http://dd.eionet.europa.eu/vocabulary/aq/pollutant/6001,hour,13.9720001200,µg/m3,2018-07-23 08:00:00 +01:00,2018-07-23 09:00:00 +01:00,1,1
AT,AT.0008.20.AQ,NET.09,STA.09.AKC,,SPO.09.AKC.5066.6001.1,SPP.09.AKC.5066.6001.1.11325,SAM.09.AKC.5066.6001.1,PM2.5,http://dd.eionet.europa.eu/vocabulary/aq/pollutant/6001,hour,14.3999996100,µg/m3,2018-07-23 09:00:00 +01:00,2018-07-23 10:00:00 +01:00,1,1
AT,AT.0008.20.AQ,NET.09,STA.09.AKC,,SPO.09.AKC.5066.6001.1,SPP.09.AKC.5066.6001.1.11325,SAM.09.AKC.5066.6001.1,PM2.5,http://dd.eionet.europa.eu/vocabulary/aq/pollutant/6001,hour,14.9340000100,µg/m3,2018-07-23 10:00:00 +01:00,2018-07-23 11:00:00 +01:00,1,1
AT,AT.0008.20.AQ,NET.09,STA.09.AKC,,SPO.09.AKC.5066.6001.1,SPP.09.AKC.5066.6001.1.11325,SAM.09.AKC.5066.6001.1,PM2.5,http://dd.eionet.europa.eu/vocabulary/aq/pollutant/6001,hour,13.9559993700,µg/m3,2018-07-23 11:00:00 +01:00,2018-07-23 12:00:00 +01:00,1,1
AT,AT.0008.20.AQ,NET.09,STA.09.AKC,,SPO.09.AKC.5066.6001.1,SPP.09.AKC.5066.6001.1.11325,SAM.09.AKC.5066.6001.1,PM2.5,http://dd.eionet.europa.eu/vocabulary/aq/pollutant/6001,hour,10.9615001600,µg/m3,2018-07-23 12:00:00 +01:00,2018-07-23 13:00:00 +01:00,1,1
AT,AT.0008.20.AQ,NET.09,STA.09.AKC,,SPO.09.AKC.5066.6001.1,SPP.09.AKC.5066.6001.1.11325,SAM.09.AKC.5066.6001.1,PM2.5,http://dd.eionet.europa.eu/vocabulary/aq/pollutant/6001,hour,10.0428009000,µg/m3,2018-07-23 13:00:00 +01:00,2018-07-23 14:00:00 +01:00,1,1
AT,AT.0008.20.AQ,NET.09,STA.09.AKC,,SPO.09.AKC.5066.6001.1,SPP.09.AKC.5066.6001.1.11325,SAM.09.AKC.5066.6001.1,PM2.5,http://dd.eionet.europa.eu/vocabulary/aq/pollutant/6001,hour,8.2769002900,µg/m3,2018-07-23 16:00:00 +01:00,2018-07-23 17:00:00 +01:00,1,1
AT,AT.0008.20.AQ,NET.09,STA.09.AKC,,SPO.09.AKC.5066.6001.1,SPP.09.AKC.5066.6001.1.11325,SAM.09.AKC.5066.6001.1,PM2.5,http://dd.eionet.europa.eu/vocabulary/aq/pollutant/6001,hour,10.0214500400,µg/m3,2018-07-23 20:00:00 +01:00,2018-07-23 21:00:00 +01:00,1,1
AT,AT.0008.20.AQ,NET.09,STA.09.AKC,,SPO.09.AKC.5066.6001.1,SPP.09.AKC.5066.6001.1.11325,SAM.09.AKC.5066.6001.1,PM2.5,http://dd.eionet.europa.eu/vocabulary/aq/pollutant/6001,hour,11.4429998300,µg/m3,2018-07-23 22:00:00 +01:00,2018-07-23 23:00:00 +01:00,1,1
AT,AT.0008.20.AQ,NET.09,STA.09.AKC,,SPO.09.AKC.5066.6001.1,SPP.09.AKC.5066.6001.1.11325,SAM.09.AKC.5066.6001.1,PM2.5,http://dd.eionet.europa.eu/vocabulary/aq/pollutant/6001,hour,12.0659999800,µg/m3,2018-07-23 23:00:00 +01:00,2018-07-24 00:00:00 +01:00,1,1
AT,AT.0008.20.AQ,NET.09,STA.09.AKC,,SPO.09.AKC.5066.6001.1,SPP.09.AKC.5066.6001.1.11325,SAM.09.AKC.5066.6001.1,PM2.5,http://dd.eionet.europa.eu/vocabulary/aq/pollutant/6001,hour,13.1994991300,µg/m3,2018-07-24 00:00:00 +01:00,2018-07-24 01:00:00 +01:00,1,1
AT,AT.0008.20.AQ,NET.09,STA.09.AKC,,SPO.09.AKC.5066.6001.1,SPP.09.AKC.5066.6001.1.11325,SAM.09.AKC.5066.6001.1,PM2.5,http://dd.eionet.europa.eu/vocabulary/aq/pollutant/6001,hour,14.0720005000,µg/m3,2018-07-24 02:00:00 +01:00,2018-07-24 03:00:00 +01:00,1,1
AT,AT.0008.20.AQ,NET.09,STA.09.AKC,,SPO.09.AKC.5066.6001.1,SPP.09.AKC.5066.6001.1.11325,SAM.09.AKC.5066.6001.1,PM2.5,http://dd.eionet.europa.eu/vocabulary/aq/pollutant/6001,hour,13.3889999300,µg/m3,2018-07-24 03:00:00 +01:00,2018-07-24 04:00:00 +01:00,1,1
AT,AT.0008.20.AQ,NET.09,STA.09.AKC,,SPO.09.AKC.5066.6001.1,SPP.09.AKC.5066.6001.1.11325,SAM.09.AKC.5066.6001.1,PM2.5,http://dd.eionet.europa.eu/vocabulary/aq/pollutant/6001,hour,12.7210006700,µg/m3,2018-07-24 04:00:00 +01:00,2018-07-24 05:00:00 +01:00,1,1
AT,AT.0008.20.AQ,NET.09,STA.09.AKC,,SPO.09.AKC.5066.6001.1,SPP.09.AKC.5066.6001.1.11325,SAM.09.AKC.5066.6001.1,PM2.5,http://dd.eionet.europa.eu/vocabulary/aq/pollutant/6001,hour,12.6159992200,µg/m3,2018-07-24 05:00:00 +01:00,2018-07-24 06:00:00 +01:00,1,1
AT,AT.0008.20.AQ,NET.09,STA.09.AKC,,SPO.09.AKC.5066.6001.1,SPP.09.AKC.5066.6001.1.11325,SAM.09.AKC.5066.6001.1,PM2.5,http://dd.eionet.europa.eu/vocabulary/aq/pollutant/6001,hour,12.0500001900,µg/m3,2018-07-24 06:00:00 +01:00,2018-07-24 07:00:00 +01:00,1,1
AT,AT.0008.20.AQ,NET.09,STA.09.AKC,,SPO.09.AKC.5066.6001.1,SPP.09.AKC.5066.6001.1.11325,SAM.09.AKC.5066.6001.1,PM2.5,http://dd.eionet.europa.eu/vocabulary/aq/pollutant/6001,hour,11.5085000900,µg/m3,2018-07-24 08:00:00 +01:00,2018-07-24 09:00:00 +01:00,1,1
AT,AT.0008.20.AQ,NET.09,STA.09.AKC,,SPO.09.AKC.5066.6001.1,SPP.09.AKC.5066.6001.1.11325,SAM.09.AKC.5066.6001.1,PM2.5,http://dd.eionet.europa.eu/vocabulary/aq/pollutant/6001,hour,11.2175006800,µg/m3,2018-07-24 09:00:00 +01:00,2018-07-24 10:00:00 +01:00,1,1
AT,AT.0008.20.AQ,NET.09,STA.09.AKC,,SPO.09.AKC.5066.6001.1,SPP.09.AKC.5066.6001.1.11325,SAM.09.AKC.5066.6001.1,PM2.5,http://dd.eionet.europa.eu/vocabulary/aq/pollutant/6001,hour,11.1534996000,µg/m3,2018-07-24 10:00:00 +01:00,2018-07-24 11:00:00 +01:00,1,1
AT,AT.0008.20.AQ,NET.09,STA.09.AKC,,SPO.09.AKC.5066.6001.1,SPP.09.AKC.5066.6001.1.11325,SAM.09.AKC.5066.6001.1,PM2.5,http://dd.eionet.europa.eu/vocabulary/aq/pollutant/6001,hour,9.7956504800,µg/m3,2018-07-24 11:00:00 +01:00,2018-07-24 12:00:00 +01:00,1,1
AT,AT.0008.20.AQ,NET.09,STA.09.AKC,,SPO.09.AKC.5066.6001.1,SPP.09.AKC.5066.6001.1.11325,SAM.09.AKC.5066.6001.1,PM2.5,http://dd.eionet.europa.eu/vocabulary/aq/pollutant/6001,hour,7.1052999400,µg/m3,2018-07-24 13:00:00 +01:00,2018-07-24 14:00:00 +01:00,1,1
AT,AT.0008.20.AQ,NET.09,STA.09.AKC,,SPO.09.AKC.5066.6001.1,SPP.09.AKC.5066.6001.1.11325,SAM.09.AKC.5066.6001.1,PM2.5,http://dd.eionet.europa.eu/vocabulary/aq/pollutant/6001,hour,5.8604001900,µg/m3,2018-07-24 14:00:00 +01:00,2018-07-24 15:00:00 +01:00,1,1
AT,AT.0008.20.AQ,NET.09,STA.09.AKC,,SPO.09.AKC.5066.6001.1,SPP.09.AKC.5066.6001.1.11325,SAM.09.AKC.5066.6001.1,PM2.5,http://dd.eionet.europa.eu/vocabulary/aq/pollutant/6001,hour,5.2231998400,µg/m3,2018-07-24 15:00:00 +01:00,2018-07-24 16:00:00 +01:00,1,1
AT,AT.0008.20.AQ,NET.09,STA.09.AKC,,SPO.09.AKC.5066.6001.1,SPP.09.AKC.5066.6001.1.11325,SAM.09.AKC.5066.6001.1,PM2.5,http://dd.eionet.europa.eu/vocabulary/aq/pollutant/6001,hour,9.8322000500,µg/m3,2018-07-24 22:00:00 +01:00,2018-07-24 23:00:00 +01:00,1,1
AT,AT.0008.20.AQ,NET.09,STA.09.AKC,,SPO.09.AKC.5066.6001.1,SPP.09.AKC.5066.6001.1.11325,SAM.09.AKC.5066.6001.1,PM2.5,http://dd.eionet.europa.eu/vocabulary/aq/pollutant/6001,hour,10.6730003300,µg/m3,2018-07-24 23:00:00 +01:00,2018-07-25 00:00:00 +01:00,1,1
AT,AT.0008.20.AQ,NET.09,STA.09.AKC,,SPO.09.AKC.5066.6001.1,SPP.09.AKC.5066.6001.1.11325,SAM.09.AKC.5066.6001.1,PM2.5,http://dd.eionet.europa.eu/vocabulary/aq/pollutant/6001,hour,8.1569995800,µg/m3,2018-07-25 02:00:00 +01:00,2018-07-25 03:00:00 +01:00,1,1
AT,AT.0008.20.AQ,NET.09,STA.09.AKC,,SPO.09.AKC.5066.6001.1,SPP.09.AKC.5066.6001.1.11325,SAM.09.AKC.5066.6001.1,PM2.5,http://dd.eionet.europa.eu/vocabulary/aq/pollutant/6001,hour,9.5269498800,µg/m3,2018-07-25 04:00:00 +01:00,2018-07-25 05:00:00 +01:00,1,1
AT,AT.0008.20.AQ,NET.09,STA.09.AKC,,SPO.09.AKC.5066.6001.1,SPP.09.AKC.5066.6001.1.11325,SAM.09.AKC.5066.6001.1,PM2.5,http://dd.eionet.europa.eu/vocabulary/aq/pollutant/6001,hour,6.5023002600,µg/m3,2018-07-25 09:00:00 +01:00,2018-07-25 10:00:00 +01:00,1,1
AT,AT.0008.20.AQ,NET.09,STA.09.AKC,,SPO.09.AKC.5066.6001.1,SPP.09.AKC.5066.6001.1.11325,SAM.09.AKC.5066.6001.1,PM2.5,http://dd.eionet.europa.eu/vocabulary/aq/pollutant/6001,hour,,µg/m3,2018-07-25 10:00:00 +01:00,2018-07-25 11:00:00 +01:00,-1,1
AT,AT.0008.20.AQ,NET.09,STA.09.AKC,,SPO.09.AKC.5066.6001.1,SPP.09.AKC.5066.6001.1.11325,SAM.09.AKC.5066.6001.1,PM2.5,http://dd.eionet.europa.eu/vocabulary/aq/pollutant/6001,hour,6.6544499300,µg/m3,2018-07-25 12:00:00 +01:00,2018-07-25 13:00:00 +01:00,1,1
AT,AT.0008.20.AQ,NET.09,STA.09.AKC,,SPO.09.AKC.5066.6001.1,SPP.09.AKC.5066.6001.1.11325,SAM.09.AKC.5066.6001.1,PM2.5,http://dd.eionet.europa.eu/vocabulary/aq/pollutant/6001,hour,5.1996498100,µg/m3,2018-07-25 14:00:00 +01:00,2018-07-25 15:00:00 +01:00,1,1
AT,AT.0008.20.AQ,NET.09,STA.09.AKC,,SPO.09.AKC.5066.6001.1,SPP.09.AKC.5066.6001.1.11325,SAM.09.AKC.5066.6001.1,PM2.5,http://dd.eionet.europa.eu/vocabulary/aq/pollutant/6001,hour,5.4299497600,µg/m3,2018-07-25 15:00:00 +01:00,2018-07-25 16:00:00 +01:00,1,1
AT,AT.0008.20.AQ,NET.09,STA.09.AKC,,SPO.09.AKC.5066.6001.1,SPP.09.AKC.5066.6001.1.11325,SAM.09.AKC.5066.6001.1,PM2.5,http://dd.eionet.europa.eu/vocabulary/aq/pollutant/6001,hour,5.5025997100,µg/m3,2018-07-25 16:00:00 +01:00,2018-07-25 17:00:00 +01:00,1,1
AT,AT.0008.20.AQ,NET.09,STA.09.AKC,,SPO.09.AKC.5066.6001.1,SPP.09.AKC.5066.6001.1.11325,SAM.09.AKC.5066.6001.1,PM2.5,http://dd.eionet.europa.eu/vocabulary/aq/pollutant/6001,hour,4.3646998400,µg/m3,2018-07-25 18:00:00 +01:00,2018-07-25 19:00:00 +01:00,1,1
AT,AT.0008.20.AQ,NET.09,STA.09.AKC,,SPO.09.AKC.5066.6001.1,SPP.09.AKC.5066.6001.1.11325,SAM.09.AKC.5066.6001.1,PM2.5,http://dd.eionet.europa.eu/vocabulary/aq/pollutant/6001,hour,3.2294499800,µg/m3,2018-07-25 20:00:00 +01:00,2018-07-25 21:00:00 +01:00,1,1
AT,AT.0008.20.AQ,NET.09,STA.09.AKC,,SPO.09.AKC.5066.6001.1,SPP.09.AKC.5066.6001.1.11325,SAM.09.AKC.5066.6001.1,PM2.5,http://dd.eionet.europa.eu/vocabulary/aq/pollutant/6001,hour,3.2618999400,µg/m3,2018-07-25 21:00:00 +01:00,2018-07-25 22:00:00 +01:00,1,1
AT,AT.0008.20.AQ,NET.09,STA.09.AKC,,SPO.09.AKC.5066.6001.1,SPP.09.AKC.5066.6001.1.11325,SAM.09.AKC.5066.6001.1,PM2.5,http://dd.eionet.europa.eu/vocabulary/aq/pollutant/6001,hour,2.8470501900,µg/m3,2018-07-25 22:00:00 +01:00,2018-07-25 23:00:00 +01:00,1,1
AT,AT.0008.20.AQ,NET.09,STA.09.AKC,,SPO.09.AKC.5066.6001.1,SPP.09.AKC.5066.6001.1.11325,SAM.09.AKC.5066.6001.1,PM2.5,http://dd.eionet.europa.eu/vocabulary/aq/pollutant/6001,hour,3.7251999300,µg/m3,2018-07-26 00:00:00 +01:00,2018-07-26 01:00:00 +01:00,1,1
AT,AT.0008.20.AQ,NET.09,STA.09.AKC,,SPO.09.AKC.5066.6001.1,SPP.09.AKC.5066.6001.1.11325,SAM.09.AKC.5066.6001.1,PM2.5,http://dd.eionet.europa.eu/vocabulary/aq/pollutant/6001,hour,4.5257501600,µg/m3,2018-07-26 01:00:00 +01:00,2018-07-26 02:00:00 +01:00,1,1
AT,AT.0008.20.AQ,NET.09,STA.09.AKC,,SPO.09.AKC.5066.6001.1,SPP.09.AKC.5066.6001.1.11325,SAM.09.AKC.5066.6001.1,PM2.5,http://dd.eionet.europa.eu/vocabulary/aq/pollutant/6001,hour,6.1952500300,µg/m3,2018-07-26 04:00:00 +01:00,2018-07-26 05:00:00 +01:00,1,1
AT,AT.0008.20.AQ,NET.09,STA.09.AKC,,SPO.09.AKC.5066.6001.1,SPP.09.AKC.5066.6001.1.11325,SAM.09.AKC.5066.6001.1,PM2.5,http://dd.eionet.europa.eu/vocabulary/aq/pollutant/6001,hour,6.7307500800,µg/m3,2018-07-26 05:00:00 +01:00,2018-07-26 06:00:00 +01:00,1,1
AT,AT.0008.20.AQ,NET.09,STA.09.AKC,,SPO.09.AKC.5066.6001.1,SPP.09.AKC.5066.6001.1.11325,SAM.09.AKC.5066.6001.1,PM2.5,http://dd.eionet.europa.eu/vocabulary/aq/pollutant/6001,hour,6.8190498300,µg/m3,2018-07-26 06:00:00 +01:00,2018-07-26 07:00:00 +01:00,1,1
AT,AT.0008.20.AQ,NET.09,STA.09.AKC,,SPO.09.AKC.5066.6001.1,SPP.09.AKC.5066.6001.1.11325,SAM.09.AKC.5066.6001.1,PM2.5,http://dd.eionet.europa.eu/vocabulary/aq/pollutant/6001,hour,8.1098003300,µg/m3,2018-07-26 07:00:00 +01:00,2018-07-26 08:00:00 +01:00,1,1
AT,AT.0008.20.AQ,NET.09,STA.09.AKC,,SPO.09.AKC.5066.6001.1,SPP.09.AKC.5066.6001.1.11325,SAM.09.AKC.5066.6001.1,PM2.5,http://dd.eionet.europa.eu/vocabulary/aq/pollutant/6001,hour,8.7147006900,µg/m3,2018-07-26 08:00:00 +01:00,2018-07-26 09:00:00 +01:00,1,1
AT,AT.0008.20.AQ,NET.09,STA.09.AKC,,SPO.09.AKC.5066.6001.1,SPP.09.AKC.5066.6001.1.11325,SAM.09.AKC.5066.6001.1,PM2.5,http://dd.eionet.europa.eu/vocabulary/aq/pollutant/6001,hour,8.3538999500,µg/m3,2018-07-26 09:00:00 +01:00,2018-07-26 10:00:00 +01:00,1,1
AT,AT.0008.20.AQ,NET.09,STA.09.AKC,,SPO.09.AKC.5066.6001.1,SPP.09.AKC.5066.6001.1.11325,SAM.09.AKC.5066.6001.1,PM2.5,http://dd.eionet.europa.eu/vocabulary/aq/pollutant/6001,hour,7.9273996300,µg/m3,2018-07-26 10:00:00 +01:00,2018-07-26 11:00:00 +01:00,1,1
AT,AT.0008.20.AQ,NET.09,STA.09.AKC,,SPO.09.AKC.5066.6001.1,SPP.09.AKC.5066.6001.1.11325,SAM.09.AKC.5066.6001.1,PM2.5,http://dd.eionet.europa.eu/vocabulary/aq/pollutant/6001,hour,7.6256999900,µg/m3,2018-07-26 11:00:00 +01:00,2018-07-26 12:00:00 +01:00,1,1
AT,AT.0008.20.AQ,NET.09,STA.09.AKC,,SPO.09.AKC.5066.6001.1,SPP.09.AKC.5066.6001.1.11325,SAM.09.AKC.5066.6001.1,PM2.5,http://dd.eionet.europa.eu/vocabulary/aq/pollutant/6001,hour,7.2344999300,µg/m3,2018-07-26 12:00:00 +01:00,2018-07-26 13:00:00 +01:00,1,1
AT,AT.0008.20.AQ,NET.09,STA.09.AKC,,SPO.09.AKC.5066.6001.1,SPP.09.AKC.5066.6001.1.11325,SAM.09.AKC.5066.6001.1,PM2.5,http://dd.eionet.europa.eu/vocabulary/aq/pollutant/6001,hour,7.3626999800,µg/m3,2018-07-26 13:00:00 +01:00,2018-07-26 14:00:00 +01:00,1,1
AT,AT.0008.20.AQ,NET.09,STA.09.AKC,,SPO.09.AKC.5066.6001.1,SPP.09.AKC.5066.6001.1.11325,SAM.09.AKC.5066.6001.1,PM2.5,http://dd.eionet.europa.eu/vocabulary/aq/pollutant/6001,hour,7.4735498400,µg/m3,2018-07-26 15:00:00 +01:00,2018-07-26 16:00:00 +01:00,1,1
AT,AT.0008.20.AQ,NET.09,STA.09.AKC,,SPO.09.AKC.5066.6001.1,SPP.09.AKC.5066.6001.1.11325,SAM.09.AKC.5066.6001.1,PM2.5,http://dd.eionet.europa.eu/vocabulary/aq/pollutant/6001,hour,6.4772500900,µg/m3,2018-07-26 16:00:00 +01:00,2018-07-26 17:00:00 +01:00,1,1
AT,AT.0008.20.AQ,NET.09,STA.09.AKC,,SPO.09.AKC.5066.6001.1,SPP.09.AKC.5066.6001.1.11325,SAM.09.AKC.5066.6001.1,PM2.5,http://dd.eionet.europa.eu/vocabulary/aq/pollutant/6001,hour,9.0221004400,µg/m3,2018-07-26 18:00:00 +01:00,2018-07-26 19:00:00 +01:00,1,1
AT,AT.0008.20.AQ,NET.09,STA.09.AKC,,SPO.09.AKC.5066.6001.1,SPP.09.AKC.5066.6001.1.11325,SAM.09.AKC.5066.6001.1,PM2.5,http://dd.eionet.europa.eu/vocabulary/aq/pollutant/6001,hour,10.4556999200,µg/m3,2018-07-27 03:00:00 +01:00,2018-07-27 04:00:00 +01:00,1,1
AT,AT.0008.20.AQ,NET.09,STA.09.AKC,,SPO.09.AKC.5066.6001.1,SPP.09.AKC.5066.6001.1.11325,SAM.09.AKC.5066.6001.1,PM2.5,http://dd.eionet.europa.eu/vocabulary/aq/pollutant/6001,hour,11.0970001200,µg/m3,2018-07-27 05:00:00 +01:00,2018-07-27 06:00:00 +01:00,1,1
AT,AT.0008.20.AQ,NET.09,STA.09.AKC,,SPO.09.AKC.5066.6001.1,SPP.09.AKC.5066.6001.1.11325,SAM.09.AKC.5066.6001.1,PM2.5,http://dd.eionet.europa.eu/vocabulary/aq/pollutant/6001,hour,11.4694995800,µg/m3,2018-07-27 07:00:00 +01:00,2018-07-27 08:00:00 +01:00,1,1
AT,AT.0008.20.AQ,NET.09,STA.09.AKC,,SPO.09.AKC.5066.6001.1,SPP.09.AKC.5066.6001.1.11325,SAM.09.AKC.5066.6001.1,PM2.5,http://dd.eionet.europa.eu/vocabulary/aq/pollutant/6001,hour,11.6774997700,µg/m3,2018-07-27 08:00:00 +01:00,2018-07-27 09:00:00 +01:00,1,1
AT,AT.0008.20.AQ,NET.09,STA.09.AKC,,SPO.09.AKC.5066.6001.1,SPP.09.AKC.5066.6001.1.11325,SAM.09.AKC.5066.6001.1,PM2.5,http://dd.eionet.europa.eu/vocabulary/aq/pollutant/6001,hour,11.0289993200,µg/m3,2018-07-27 09:00:00 +01:00,2018-07-27 10:00:00 +01:00,1,1
AT,AT.0008.20.AQ,NET.09,STA.09.AKC,,SPO.09.AKC.5066.6001.1,SPP.09.AKC.5066.6001.1.11325,SAM.09.AKC.5066.6001.1,PM2.5,http://dd.eionet.europa.eu/vocabulary/aq/pollutant/6001,hour,9.9326000200,µg/m3,2018-07-27 11:00:00 +01:00,2018-07-27 12:00:00 +01:00,1,1
AT,AT.0008.20.AQ,NET.09,STA.09.AKC,,SPO.09.AKC.5066.6001.1,SPP.09.AKC.5066.6001.1.11325,SAM.09.AKC.5066.6001.1,PM2.5,http://dd.eionet.europa.eu/vocabulary/aq/pollutant/6001,hour,8.9639997400,µg/m3,2018-07-27 12:00:00 +01:00,2018-07-27 13:00:00 +01:00,1,1
AT,AT.0008.20.AQ,NET.09,STA.09.AKC,,SPO.09.AKC.5066.6001.1,SPP.09.AKC.5066.6001.1.11325,SAM.09.AKC.5066.6001.1,PM2.5,http://dd.eionet.europa.eu/vocabulary/aq/pollutant/6001,hour,6.4672999300,µg/m3,2018-07-27 16:00:00 +01:00,2018-07-27 17:00:00 +01:00,1,1
AT,AT.0008.20.AQ,NET.09,STA.09.AKC,,SPO.09.AKC.5066.6001.1,SPP.09.AKC.5066.6001.1.11325,SAM.09.AKC.5066.6001.1,PM2.5,http://dd.eionet.europa.eu/vocabulary/aq/pollutant/6001,hour,6.1540002800,µg/m3,2018-07-27 17:00:00 +01:00,2018-07-27 18:00:00 +01:00,1,1
AT,AT.0008.20.AQ,NET.09,STA.09.AKC,,SPO.09.AKC.5066.6001.1,SPP.09.AKC.5066.6001.1.11325,SAM.09.AKC.5066.6001.1,PM2.5,http://dd.eionet.europa.eu/vocabulary/aq/pollutant/6001,hour,6.0823497700,µg/m3,2018-07-27 18:00:00 +01:00,2018-07-27 19:00:00 +01:00,1,1
AT,AT.0008.20.AQ,NET.09,STA.09.AKC,,SPO.09.AKC.5066.6001.1,SPP.09.AKC.5066.6001.1.11325,SAM.09.AKC.5066.6001.1,PM2.5,http://dd.eionet.europa.eu/vocabulary/aq/pollutant/6001,hour,6.7023496600,µg/m3,2018-07-27 19:00:00 +01:00,2018-07-27 20:00:00 +01:00,1,1
AT,AT.0008.20.AQ,NET.09,STA.09.AKC,,SPO.09.AKC.5066.6001.1,SPP.09.AKC.5066.6001.1.11325,SAM.09.AKC.5066.6001.1,PM2.5,http://dd.eionet.europa.eu/vocabulary/aq/pollutant/6001,hour,7.0668001100,µg/m3,2018-07-27 20:00:00 +01:00,2018-07-27 21:00:00 +01:00,1,1
AT,AT.0008.20.AQ,NET.09,STA.09.AKC,,SPO.09.AKC.5066.6001.1,SPP.09.AKC.5066.6001.1.11325,SAM.09.AKC.5066.6001.1,PM2.5,http://dd.eionet.europa.eu/vocabulary/aq/pollutant/6001,hour,6.9362497300,µg/m3,2018-07-28 01:00:00 +01:00,2018-07-28 02:00:00 +01:00,1,1
AT,AT.0008.20.AQ,NET.09,STA.09.AKC,,SPO.09.AKC.5066.6001.1,SPP.09.AKC.5066.6001.1.11325,SAM.09.AKC.5066.6001.1,PM2.5,http://dd.eionet.europa.eu/vocabulary/aq/pollutant/6001,hour,6.7299499500,µg/m3,2018-07-28 02:00:00 +01:00,2018-07-28 03:00:00 +01:00,1,1
AT,AT.0008.20.AQ,NET.09,STA.09.AKC,,SPO.09.AKC.5066.6001.1,SPP.09.AKC.5066.6001.1.11325,SAM.09.AKC.5066.6001.1,PM2.5,http://dd.eionet.europa.eu/vocabulary/aq/pollutant/6001,hour,8.7702503200,µg/m3,2018-07-28 04:00:00 +01:00,2018-07-28 05:00:00 +01:00,1,1
AT,AT.0008.20.AQ,NET.09,STA.09.AKC,,SPO.09.AKC.5066.6001.1,SPP.09.AKC.5066.6001.1.11325,SAM.09.AKC.5066.6001.1,PM2.5,http://dd.eionet.europa.eu/vocabulary/aq/pollutant/6001,hour,8.2045497800,µg/m3,2018-07-28 06:00:00 +01:00,2018-07-28 07:00:00 +01:00,1,1
AT,AT.0008.20.AQ,NET.09,STA.09.AKC,,SPO.09.AKC.5066.6001.1,SPP.09.AKC.5066.6001.1.11325,SAM.09.AKC.5066.6001.1,PM2.5,http://dd.eionet.europa.eu/vocabulary/aq/pollutant/6001,hour,7.9035496700,µg/m3,2018-07-28 07:00:00 +01:00,2018-07-28 08:00:00 +01:00,1,1
AT,AT.0008.20.AQ,NET.09,STA.09.AKC,,SPO.09.AKC.5066.6001.1,SPP.09.AKC.5066.6001.1.11325,SAM.09.AKC.5066.6001.1,PM2.5,http://dd.eionet.europa.eu/vocabulary/aq/pollutant/6001,hour,9.0960502600,µg/m3,2018-07-28 11:00:00 +01:00,2018-07-28 12:00:00 +01:00,1,1
AT,AT.0008.20.AQ,NET.09,STA.09.AKC,,SPO.09.AKC.5066.6001.1,SPP.09.AKC.5066.6001.1.11325,SAM.09.AKC.5066.6001.1,PM2.5,http://dd.eionet.europa.eu/vocabulary/aq/pollutant/6001,hour,8.2903499600,µg/m3,2018-07-28 13:00:00 +01:00,2018-07-28 14:00:00 +01:00,1,1
AT,AT.0008.20.AQ,NET.09,STA.09.AKC,,SPO.09.AKC.5066.6001.1,SPP.09.AKC.5066.6001.1.11325,SAM.09.AKC.5066.6001.1,PM2.5,http://dd.eionet.europa.eu/vocabulary/aq/pollutant/6001,hour,7.9537000600,µg/m3,2018-07-28 14:00:00 +01:00,2018-07-28 15:00:00 +01:00,1,1
AT,AT.0008.20.AQ,NET.09,STA.09.AKC,,SPO.09.AKC.5066.6001.1,SPP.09.AKC.5066.6001.1.11325,SAM.09.AKC.5066.6001.1,PM2.5,http://dd.eionet.europa.eu/vocabulary/aq/pollutant/6001,hour,6.5195999100,µg/m3,2018-07-28 15:00:00 +01:00,2018-07-28 16:00:00 +01:00,1,1
AT,AT.0008.20.AQ,NET.09,STA.09.AKC,,SPO.09.AKC.5066.6001.1,SPP.09.AKC.5066.6001.1.11325,SAM.09.AKC.5066.6001.1,PM2.5,http://dd.eionet.europa.eu/vocabulary/aq/pollutant/6001,hour,7.1987500100,µg/m3,2018-07-28 18:00:00 +01:00,2018-07-28 19:00:00 +01:00,1,1
AT,AT.0008.20.AQ,NET.09,STA.09.AKC,,SPO.09.AKC.5066.6001.1,SPP.09.AKC.5066.6001.1.11325,SAM.09.AKC.5066.6001.1,PM2.5,http://dd.eionet.europa.eu/vocabulary/aq/pollutant/6001,hour,9.4814500800,µg/m3,2018-07-28 20:00:00 +01:00,2018-07-28 21:00:00 +01:00,1,1
AT,AT.0008.20.AQ,NET.09,STA.09.AKC,,SPO.09.AKC.5066.6001.1,SPP.09.AKC.5066.6001.1.11325,SAM.09.AKC.5066.6001.1,PM2.5,http://dd.eionet.europa.eu/vocabulary/aq/pollutant/6001,hour,10.3789997100,µg/m3,2018-07-28 21:00:00 +01:00,2018-07-28 22:00:00 +01:00,1,1
AT,AT.0008.20.AQ,NET.09,STA.09.AKC,,SPO.09.AKC.5066.6001.1,SPP.09.AKC.5066.6001.1.11325,SAM.09.AKC.5066.6001.1,PM2.5,http://dd.eionet.europa.eu/vocabulary/aq/pollutant/6001,hour,8.2915992700,µg/m3,2018-07-28 23:00:00 +01:00,2018-07-29 00:00:00 +01:00,1,1
AT,AT.0008.20.AQ,NET.09,STA.09.AKC,,SPO.09.AKC.5066.6001.1,SPP.09.AKC.5066.6001.1.11325,SAM.09.AKC.5066.6001.1,PM2.5,http://dd.eionet.europa.eu/vocabulary/aq/pollutant/6001,hour,8.3887500700,µg/m3,2018-07-29 00:00:00 +01:00,2018-07-29 01:00:00 +01:00,1,1
AT,AT.0008.20.AQ,NET.09,STA.09.AKC,,SPO.09.AKC.5066.6001.1,SPP.09.AKC.5066.6001.1.11325,SAM.09.AKC.5066.6001.1,PM2.5,http://dd.eionet.europa.eu/vocabulary/aq/pollutant/6001,hour,8.8881492600,µg/m3,2018-07-29 01:00:00 +01:00,2018-07-29 02:00:00 +01:00,1,1
AT,AT.0008.20.AQ,NET.09,STA.09.AKC,,SPO.09.AKC.5066.6001.1,SPP.09.AKC.5066.6001.1.11325,SAM.09.AKC.5066.6001.1,PM2.5,http://dd.eionet.europa.eu/vocabulary/aq/pollutant/6001,hour,8.1018495500,µg/m3,2018-07-29 03:00:00 +01:00,2018-07-29 04:00:00 +01:00,1,1
AT,AT.0008.20.AQ,NET.09,STA.09.AKC,,SPO.09.AKC.5066.6001.1,SPP.09.AKC.5066.6001.1.11325,SAM.09.AKC.5066.6001.1,PM2.5,http://dd.eionet.europa.eu/vocabulary/aq/pollutant/6001,hour,7.7665500600,µg/m3,2018-07-29 04:00:00 +01:00,2018-07-29 05:00:00 +01:00,1,1
AT,AT.0008.20.AQ,NET.09,STA.09.AKC,,SPO.09.AKC.5066.6001.1,SPP.09.AKC.5066.6001.1.11325,SAM.09.AKC.5066.6001.1,PM2.5,http://dd.eionet.europa.eu/vocabulary/aq/pollutant/6001,hour,7.7727003000,µg/m3,2018-07-29 05:00:00 +01:00,2018-07-29 06:00:00 +01:00,1,1
AT,AT.0008.20.AQ,NET.09,STA.09.AKC,,SPO.09.AKC.5066.6001.1,SPP.09.AKC.5066.6001.1.11325,SAM.09.AKC.5066.6001.1,PM2.5,http://dd.eionet.europa.eu/vocabulary/aq/pollutant/6001,hour,8.0293006800,µg/m3,2018-07-29 07:00:00 +01:00,2018-07-29 08:00:00 +01:00,1,1
AT,AT.0008.20.AQ,NET.09,STA.09.AKC,,SPO.09.AKC.5066.6001.1,SPP.09.AKC.5066.6001.1.11325,SAM.09.AKC.5066.6001.1,PM2.5,http://dd.eionet.europa.eu/vocabulary/aq/pollutant/6001,hour,8.1209001500,µg/m3,2018-07-29 08:00:00 +01:00,2018-07-29 09:00:00 +01:00,1,1
AT,AT.0008.20.AQ,NET.09,STA.09.AKC,,SPO.09.AKC.5066.6001.1,SPP.09.AKC.5066.6001.1.11325,SAM.09.AKC.5066.6001.1,PM2.5,http://dd.eionet.europa.eu/vocabulary/aq/pollutant/6001,hour,9.2940502100,µg/m3,2018-07-29 10:00:00 +01:00,2018-07-29 11:00:00 +01:00,1,1
AT,AT.0008.20.AQ,NET.09,STA.09.AKC,,SPO.09.AKC.5066.6001.1,SPP.09.AKC.5066.6001.1.11325,SAM.09.AKC.5066.6001.1,PM2.5,http://dd.eionet.europa.eu/vocabulary/aq/pollutant/6001,hour,9.5154495200,µg/m3,2018-07-29 11:00:00 +01:00,2018-07-29 12:00:00 +01:00,1,1
AT,AT.0008.20.AQ,NET.09,STA.09.AKC,,SPO.09.AKC.5066.6001.1,SPP.09.AKC.5066.6001.1.11325,SAM.09.AKC.5066.6001.1,PM2.5,http://dd.eionet.europa.eu/vocabulary/aq/pollutant/6001,hour,7.5869998900,µg/m3,2018-07-29 14:00:00 +01:00,2018-07-29 15:00:00 +01:00,1,1
AT,AT.0008.20.AQ,NET.09,STA.09.AKC,,SPO.09.AKC.5066.6001.1,SPP.09.AKC.5066.6001.1.11325,SAM.09.AKC.5066.6001.1,PM2.5,http://dd.eionet.europa.eu/vocabulary/aq/pollutant/6001,hour,7.7708005900,µg/m3,2018-07-29 16:00:00 +01:00,2018-07-29 17:00:00 +01:00,1,1
AT,AT.0008.20.AQ,NET.09,STA.09.AKC,,SPO.09.AKC.5066.6001.1,SPP.09.AKC.5066.6001.1.11325,SAM.09.AKC.5066.6001.1,PM2.5,http://dd.eionet.europa.eu/vocabulary/aq/pollutant/6001,hour,8.2994499200,µg/m3,2018-07-29 17:00:00 +01:00,2018-07-29 18:00:00 +01:00,1,1
AT,AT.0008.20.AQ,NET.09,STA.09.AKC,,SPO.09.AKC.5066.6001.1,SPP.09.AKC.5066.6001.1.11325,SAM.09.AKC.5066.6001.1,PM2.5,http://dd.eionet.europa.eu/vocabulary/aq/pollutant/6001,hour,9.8323993600,µg/m3,2018-07-29 19:00:00 +01:00,2018-07-29 20:00:00 +01:00,1,1
AT,AT.0008.20.AQ,NET.09,STA.09.AKC,,SPO.09.AKC.5066.6001.1,SPP.09.AKC.5066.6001.1.11325,SAM.09.AKC.5066.6001.1,PM2.5,http://dd.eionet.europa.eu/vocabulary/aq/pollutant/6001,hour,9.4342498700,µg/m3,2018-07-29 20:00:00 +01:00,2018-07-29 21:00:00 +01:00,1,1
AT,AT.0008.20.AQ,NET.09,STA.09.AKC,,SPO.09.AKC.5066.6001.1,SPP.09.AKC.5066.6001.1.11325,SAM.09.AKC.5066.6001.1,PM2.5,http://dd.eionet.europa.eu/vocabulary/aq/pollutant/6001,hour,10.2229995700,µg/m3,2018-07-29 21:00:00 +01:00,2018-07-29 22:00:00 +01:00,1,1
AT,AT.0008.20.AQ,NET.09,STA.09.AKC,,SPO.09.AKC.5066.6001.1,SPP.09.AKC.5066.6001.1.11325,SAM.09.AKC.5066.6001.1,PM2.5,http://dd.eionet.europa.eu/vocabulary/aq/pollutant/6001,hour,11.0299997300,µg/m3,2018-07-29 22:00:00 +01:00,2018-07-29 23:00:00 +01:00,1,1
AT,AT.0008.20.AQ,NET.09,STA.09.AKC,,SPO.09.AKC.5066.6001.1,SPP.09.AKC.5066.6001.1.11325,SAM.09.AKC.5066.6001.1,PM2.5,http://dd.eionet.europa.eu/vocabulary/aq/pollutant/6001,hour,10.2161502800,µg/m3,2018-07-29 23:00:00 +01:00,2018-07-30 00:00:00 +01:00,1,1
AT,AT.0008.20.AQ,NET.09,STA.09.AKC,,SPO.09.AKC.5066.6001.1,SPP.09.AKC.5066.6001.1.11325,SAM.09.AKC.5066.6001.1,PM2.5,http://dd.eionet.europa.eu/vocabulary/aq/pollutant/6001,hour,10.1799001600,µg/m3,2018-07-30 00:00:00 +01:00,2018-07-30 01:00:00 +01:00,1,1
AT,AT.0008.20.AQ,NET.09,STA.09.AKC,,SPO.09.AKC.5066.6001.1,SPP.09.AKC.5066.6001.1.11325,SAM.09.AKC.5066.6001.1,PM2.5,http://dd.eionet.europa.eu/vocabulary/aq/pollutant/6001,hour,10.8654994900,µg/m3,2018-07-30 01:00:00 +01:00,2018-07-30 02:00:00 +01:00,1,1
AT,AT.0008.20.AQ,NET.09,STA.09.AKC,,SPO.09.AKC.5066.6001.1,SPP.09.AKC.5066.6001.1.11325,SAM.09.AKC.5066.6001.1,PM2.5,http://dd.eionet.europa.eu/vocabulary/aq/pollutant/6001,hour,11.4004993400,µg/m3,2018-07-30 02:00:00 +01:00,2018-07-30 03:00:00 +01:00,1,1
AT,AT.0008.20.AQ,NET.09,STA.09.AKC,,SPO.09.AKC.5066.6001.1,SPP.09.AKC.5066.6001.1.11325,SAM.09.AKC.5066.6001.1,PM2.5,http://dd.eionet.europa.eu/vocabulary/aq/pollutant/6001,hour,11.7959995200,µg/m3,2018-07-30 03:00:00 +01:00,2018-07-30 04:00:00 +01:00,1,1
AT,AT.0008.20.AQ,NET.09,STA.09.AKC,,SPO.09.AKC.5066.6001.1,SPP.09.AKC.5066.6001.1.11325,SAM.09.AKC.5066.6001.1,PM2.5,http://dd.eionet.europa.eu/vocabulary/aq/pollutant/6001,hour,11.4514999300,µg/m3,2018-07-30 05:00:00 +01:00,2018-07-30 06:00:00 +01:00,1,1
AT,AT.0008.20.AQ,NET.09,STA.09.AKC,,SPO.09.AKC.5066.6001.1,SPP.09.AKC.5066.6001.1.11325,SAM.09.AKC.5066.6001.1,PM2.5,http://dd.eionet.europa.eu/vocabulary/aq/pollutant/6001,hour,9.1422996500,µg/m3,2018-07-30 06:00:00 +01:00,2018-07-30 07:00:00 +01:00,1,1
AT,AT.0008.20.AQ,NET.09,STA.09.AKC,,SPO.09.AKC.5066.6001.1,SPP.09.AKC.5066.6001.1.11325,SAM.09.AKC.5066.6001.1,PM2.5,http://dd.eionet.europa.eu/vocabulary/aq/pollutant/6001,hour,9.8157501200,µg/m3,2018-07-30 09:00:00 +01:00,2018-07-30 10:00:00 +01:00,1,1
AT,AT.0008.20.AQ,NET.09,STA.09.AKC,,SPO.09.AKC.5066.6001.1,SPP.09.AKC.5066.6001.1.11325,SAM.09.AKC.5066.6001.1,PM2.5,http://dd.eionet.europa.eu/vocabulary/aq/pollutant/6001,hour,8.9668998700,µg/m3,2018-07-30 11:00:00 +01:00,2018-07-30 12:00:00 +01:00,1,1
AT,AT.0008.20.AQ,NET.09,STA.09.AKC,,SPO.09.AKC.5066.6001.1,SPP.09.AKC.5066.6001.1.11325,SAM.09.AKC.5066.6001.1,PM2.5,http://dd.eionet.europa.eu/vocabulary/aq/pollutant/6001,hour,7.1010999600,µg/m3,2018-07-30 12:00:00 +01:00,2018-07-30 13:00:00 +01:00,1,1
AT,AT.0008.20.AQ,NET.09,STA.09.AKC,,SPO.09.AKC.5066.6001.1,SPP.09.AKC.5066.6001.1.11325,SAM.09.AKC.5066.6001.1,PM2.5,http://dd.eionet.europa.eu/vocabulary/aq/pollutant/6001,hour,6.0570001600,µg/m3,2018-07-30 13:00:00 +01:00,2018-07-30 14:00:00 +01:00,1,1
AT,AT.0008.20.AQ,NET.09,STA.09.AKC,,SPO.09.AKC.5066.6001.1,SPP.09.AKC.5066.6001.1.11325,SAM.09.AKC.5066.6001.1,PM2.5,http://dd.eionet.europa.eu/vocabulary/aq/pollutant/6001,hour,6.0362501100,µg/m3,2018-07-30 14:00:00 +01:00,2018-07-30 15:00:00 +01:00,1,1
AT,AT.0008.20.AQ,NET.09,STA.09.AKC,,SPO.09.AKC.5066.6001.1,SPP.09.AKC.5066.6001.1.11325,SAM.09.AKC.5066.6001.1,PM2.5,http://dd.eionet.europa.eu/vocabulary/aq/pollutant/6001,hour,6.8115000700,µg/m3,2018-07-30 15:00:00 +01:00,2018-07-30 16:00:00 +01:00,1,1
AT,AT.0008.20.AQ,NET.09,STA.09.AKC,,SPO.09.AKC.5066.6001.1,SPP.09.AKC.5066.6001.1.11325,SAM.09.AKC.5066.6001.1,PM2.5,http://dd.eionet.europa.eu/vocabulary/aq/pollutant/6001,hour,7.7379999100,µg/m3,2018-07-30 16:00:00 +01:00,2018-07-30 17:00:00 +01:00,1,1
AT,AT.0008.20.AQ,NET.09,STA.09.AKC,,SPO.09.AKC.5066.6001.1,SPP.09.AKC.5066.6001.1.11325,SAM.09.AKC.5066.6001.1,PM2.5,http://dd.eionet.europa.eu/vocabulary/aq/pollutant/6001,hour,9.0628499900,µg/m3,2018-07-30 18:00:00 +01:00,2018-07-30 19:00:00 +01:00,1,1
AT,AT.0008.20.AQ,NET.09,STA.09.AKC,,SPO.09.AKC.5066.6001.1,SPP.09.AKC.5066.6001.1.11325,SAM.09.AKC.5066.6001.1,PM2.5,http://dd.eionet.europa.eu/vocabulary/aq/pollutant/6001,hour,8.9078502600,µg/m3,2018-07-30 19:00:00 +01:00,2018-07-30 20:00:00 +01:00,1,1
AT,AT.0008.20.AQ,NET.09,STA.09.AKC,,SPO.09.AKC.5066.6001.1,SPP.09.AKC.5066.6001.1.11325,SAM.09.AKC.5066.6001.1,PM2.5,http://dd.eionet.europa.eu/vocabulary/aq/pollutant/6001,hour,8.9037494600,µg/m3,2018-07-30 20:00:00 +01:00,2018-07-30 21:00:00 +01:00,1,1
AT,AT.0008.20.AQ,NET.09,STA.09.AKC,,SPO.09.AKC.5066.6001.1,SPP.09.AKC.5066.6001.1.11325,SAM.09.AKC.5066.6001.1,PM2.5,http://dd.eionet.europa.eu/vocabulary/aq/pollutant/6001,hour,8.9446496900,µg/m3,2018-07-30 21:00:00 +01:00,2018-07-30 22:00:00 +01:00,1,1
AT,AT.0008.20.AQ,NET.09,STA.09.AKC,,SPO.09.AKC.5066.6001.1,SPP.09.AKC.5066.6001.1.11325,SAM.09.AKC.5066.6001.1,PM2.5,http://dd.eionet.europa.eu/vocabulary/aq/pollutant/6001,hour,10.3950004500,µg/m3,2018-07-31 00:00:00 +01:00,2018-07-31 01:00:00 +01:00,1,1
AT,AT.0008.20.AQ,NET.09,STA.09.AKC,,SPO.09.AKC.5066.6001.1,SPP.09.AKC.5066.6001.1.11325,SAM.09.AKC.5066.6001.1,PM2.5,http://dd.eionet.europa.eu/vocabulary/aq/pollutant/6001,hour,11.0780000600,µg/m3,2018-07-31 02:00:00 +01:00,2018-07-31 03:00:00 +01:00,1,1
AT,AT.0008.20.AQ,NET.09,STA.09.AKC,,SPO.09.AKC.5066.6001.1,SPP.09.AKC.5066.6001.1.11325,SAM.09.AKC.5066.6001.1,PM2.5,http://dd.eionet.europa.eu/vocabulary/aq/pollutant/6001,hour,12.6219997400,µg/m3,2018-07-31 03:00:00 +01:00,2018-07-31 04:00:00 +01:00,1,1
AT,AT.0008.20.AQ,NET.09,STA.09.AKC,,SPO.09.AKC.5066.6001.1,SPP.09.AKC.5066.6001.1.11325,SAM.09.AKC.5066.6001.1,PM2.5,http://dd.eionet.europa.eu/vocabulary/aq/pollutant/6001,hour,13.0935001300,µg/m3,2018-07-31 06:00:00 +01:00,2018-07-31 07:00:00 +01:00,1,1
AT,AT.0008.20.AQ,NET.09,STA.09.AKC,,SPO.09.AKC.5066.6001.1,SPP.09.AKC.5066.6001.1.11325,SAM.09.AKC.5066.6001.1,PM2.5,http://dd.eionet.europa.eu/vocabulary/aq/pollutant/6001,hour,14.9904994900,µg/m3,2018-07-31 07:00:00 +01:00,2018-07-31 08:00:00 +01:00,1,1
AT,AT.0008.20.AQ,NET.09,STA.09.AKC,,SPO.09.AKC.5066.6001.1,SPP.09.AKC.5066.6001.1.11325,SAM.09.AKC.5066.6001.1,PM2.5,http://dd.eionet.europa.eu/vocabulary/aq/pollutant/6001,hour,11.6830005600,µg/m3,2018-07-31 08:00:00 +01:00,2018-07-31 09:00:00 +01:00,1,1
AT,AT.0008.20.AQ,NET.09,STA.09.AKC,,SPO.09.AKC.5066.6001.1,SPP.09.AKC.5066.6001.1.11325,SAM.09.AKC.5066.6001.1,PM2.5,http://dd.eionet.europa.eu/vocabulary/aq/pollutant/6001,hour,11.5659999800,µg/m3,2018-07-31 09:00:00 +01:00,2018-07-31 10:00:00 +01:00,1,1
AT,AT.0008.20.AQ,NET.09,STA.09.AKC,,SPO.09.AKC.5066.6001.1,SPP.09.AKC.5066.6001.1.11325,SAM.09.AKC.5066.6001.1,PM2.5,http://dd.eionet.europa.eu/vocabulary/aq/pollutant/6001,hour,11.9635000200,µg/m3,2018-07-31 10:00:00 +01:00,2018-07-31 11:00:00 +01:00,1,1
AT,AT.0008.20.AQ,NET.09,STA.09.AKC,,SPO.09.AKC.5066.6001.1,SPP.09.AKC.5066.6001.1.11325,SAM.09.AKC.5066.6001.1,PM2.5,http://dd.eionet.europa.eu/vocabulary/aq/pollutant/6001,hour,10.4680995900,µg/m3,2018-07-31 11:00:00 +01:00,2018-07-31 12:00:00 +01:00,1,1
AT,AT.0008.20.AQ,NET.09,STA.09.AKC,,SPO.09.AKC.5066.6001.1,SPP.09.AKC.5066.6001.1.11325,SAM.09.AKC.5066.6001.1,PM2.5,http://dd.eionet.europa.eu/vocabulary/aq/pollutant/6001,hour,8.7630996700,µg/m3,2018-07-31 13:00:00 +01:00,2018-07-31 14:00:00 +01:00,1,1
AT,AT.0008.20.AQ,NET.09,STA.09.AKC,,SPO.09.AKC.5066.6001.1,SPP.09.AKC.5066.6001.1.11325,SAM.09.AKC.5066.6001.1,PM2.5,http://dd.eionet.europa.eu/vocabulary/aq/pollutant/6001,hour,9.1287994300,µg/m3,2018-07-31 14:00:00 +01:00,2018-07-31 15:00:00 +01:00,1,1
AT,AT.0008.20.AQ,NET.09,STA.09.AKC,,SPO.09.AKC.5066.6001.1,SPP.09.AKC.5066.6001.1.11325,SAM.09.AKC.5066.6001.1,PM2.5,http://dd.eionet.europa.eu/vocabulary/aq/pollutant/6001,hour,9.2858505200,µg/m3,2018-07-31 20:00:00 +01:00,2018-07-31 21:00:00 +01:00,1,1
AT,AT.0008.20.AQ,NET.09,STA.09.AKC,,SPO.09.AKC.5066.6001.1,SPP.09.AKC.5066.6001.1.11325,SAM.09.AKC.5066.6001.1,PM2.5,http://dd.eionet.europa.eu/vocabulary/aq/pollutant/6001,hour,10.5295000000,µg/m3,2018-07-31 22:00:00 +01:00,2018-07-31 23:00:00 +01:00,1,1
AT,AT.0008.20.AQ,NET.09,STA.09.AKC,,SPO.09.AKC.5066.6001.1,SPP.09.AKC.5066.6001.1.11325,SAM.09.AKC.5066.6001.1,PM2.5,http://dd.eionet.europa.eu/vocabulary/aq/pollutant/6001,hour,11.1569995800,µg/m3,2018-07-31 23:00:00 +01:00,2018-08-01 00:00:00 +01:00,1,1
AT,AT.0008.20.AQ,NET.09,STA.09.AKC,,SPO.09.AKC.5066.6001.1,SPP.09.AKC.5066.6001.1.11325,SAM.09.AKC.5066.6001.1,PM2.5,http://dd.eionet.europa.eu/vocabulary/aq/pollutant/6001,hour,10.8309993700,µg/m3,2018-08-01 00:00:00 +01:00,2018-08-01 01:00:00 +01:00,1,1
AT,AT.0008.20.AQ,NET.09,STA.09.AKC,,SPO.09.AKC.5066.6001.1,SPP.09.AKC.5066.6001.1.11325,SAM.09.AKC.5066.6001.1,PM2.5,http://dd.eionet.europa.eu/vocabulary/aq/pollutant/6001,hour,11.5900001500,µg/m3,2018-08-01 02:00:00 +01:00,2018-08-01 03:00:00 +01:00,1,1
AT,AT.0008.20.AQ,NET.09,STA.09.AKC,,SPO.09.AKC.5066.6001.1,SPP.09.AKC.5066.6001.1.11325,SAM.09.AKC.5066.6001.1,PM2.5,http://dd.eionet.europa.eu/vocabulary/aq/pollutant/6001,hour,12.5769996600,µg/m3,2018-08-01 03:00:00 +01:00,2018-08-01 04:00:00 +01:00,1,1
AT,AT.0008.20.AQ,NET.09,STA.09.AKC,,SPO.09.AKC.5066.6001.1,SPP.09.AKC.5066.6001.1.11325,SAM.09.AKC.5066.6001.1,PM2.5,http://dd.eionet.europa.eu/vocabulary/aq/pollutant/6001,hour,12.6989994000,µg/m3,2018-08-01 04:00:00 +01:00,2018-08-01 05:00:00 +01:00,1,1
AT,AT.0008.20.AQ,NET.09,STA.09.AKC,,SPO.09.AKC.5066.6001.1,SPP.09.AKC.5066.6001.1.11325,SAM.09.AKC.5066.6001.1,PM2.5,http://dd.eionet.europa.eu/vocabulary/aq/pollutant/6001,hour,12.9204998000,µg/m3,2018-08-01 05:00:00 +01:00,2018-08-01 06:00:00 +01:00,1,1
AT,AT.0008.20.AQ,NET.09,STA.09.AKC,,SPO.09.AKC.5066.6001.1,SPP.09.AKC.5066.6001.1.11325,SAM.09.AKC.5066.6001.1,PM2.5,http://dd.eionet.europa.eu/vocabulary/aq/pollutant/6001,hour,12.2919998100,µg/m3,2018-08-01 06:00:00 +01:00,2018-08-01 07:00:00 +01:00,1,1
AT,AT.0008.20.AQ,NET.09,STA.09.AKC,,SPO.09.AKC.5066.6001.1,SPP.09.AKC.5066.6001.1.11325,SAM.09.AKC.5066.6001.1,PM2.5,http://dd.eionet.europa.eu/vocabulary/aq/pollutant/6001,hour,11.8934993700,µg/m3,2018-08-01 07:00:00 +01:00,2018-08-01 08:00:00 +01:00,1,1
AT,AT.0008.20.AQ,NET.09,STA.09.AKC,,SPO.09.AKC.5066.6001.1,SPP.09.AKC.5066.6001.1.11325,SAM.09.AKC.5066.6001.1,PM2.5,http://dd.eionet.europa.eu/vocabulary/aq/pollutant/6001,hour,11.4745006500,µg/m3,2018-08-01 08:00:00 +01:00,2018-08-01 09:00:00 +01:00,1,1
AT,AT.0008.20.AQ,NET.09,STA.09.AKC,,SPO.09.AKC.5066.6001.1,SPP.09.AKC.5066.6001.1.11325,SAM.09.AKC.5066.6001.1,PM2.5,http://dd.eionet.europa.eu/vocabulary/aq/pollutant/6001,hour,11.2560005100,µg/m3,2018-08-01 09:00:00 +01:00,2018-08-01 10:00:00 +01:00,1,1
AT,AT.0008.20.AQ,NET.09,STA.09.AKC,,SPO.09.AKC.5066.6001.1,SPP.09.AKC.5066.6001.1.11325,SAM.09.AKC.5066.6001.1,PM2.5,http://dd.eionet.europa.eu/vocabulary/aq/pollutant/6001,hour,11.1184997500,µg/m3,2018-08-01 10:00:00 +01:00,2018-08-01 11:00:00 +01:00,1,1
AT,AT.0008.20.AQ,NET.09,STA.09.AKC,,SPO.09.AKC.5066.6001.1,SPP.09.AKC.5066.6001.1.11325,SAM.09.AKC.5066.6001.1,PM2.5,http://dd.eionet.europa.eu/vocabulary/aq/pollutant/6001,hour,12.5879993400,µg/m3,2018-08-01 12:00:00 +01:00,2018-08-01 13:00:00 +01:00,1,1
AT,AT.0008.20.AQ,NET.09,STA.09.AKC,,SPO.09.AKC.5066.6001.1,SPP.09.AKC.5066.6001.1.11325,SAM.09.AKC.5066.6001.1,PM2.5,http://dd.eionet.europa.eu/vocabulary/aq/pollutant/6001,hour,12.0739994000,µg/m3,2018-08-01 13:00:00 +01:00,2018-08-01 14:00:00 +01:00,1,1
AT,AT.0008.20.AQ,NET.09,STA.09.AKC,,SPO.09.AKC.5066.6001.1,SPP.09.AKC.5066.6001.1.11325,SAM.09.AKC.5066.6001.1,PM2.5,http://dd.eionet.europa.eu/vocabulary/aq/pollutant/6001,hour,11.5165004700,µg/m3,2018-08-01 14:00:00 +01:00,2018-08-01 15:00:00 +01:00,1,1
AT,AT.0008.20.AQ,NET.09,STA.09.AKC,,SPO.09.AKC.5066.6001.1,SPP.09.AKC.5066.6001.1.11325,SAM.09.AKC.5066.6001.1,PM2.5,http://dd.eionet.europa.eu/vocabulary/aq/pollutant/6001,hour,10.8875007600,µg/m3,2018-08-01 15:00:00 +01:00,2018-08-01 16:00:00 +01:00,1,1
AT,AT.0008.20.AQ,NET.09,STA.09.AKC,,SPO.09.AKC.5066.6001.1,SPP.09.AKC.5066.6001.1.11325,SAM.09.AKC.5066.6001.1,PM2.5,http://dd.eionet.europa.eu/vocabulary/aq/pollutant/6001,hour,11.8454999900,µg/m3,2018-08-01 16:00:00 +01:00,2018-08-01 17:00:00 +01:00,1,1
AT,AT.0008.20.AQ,NET.09,STA.09.AKC,,SPO.09.AKC.5066.6001.1,SPP.09.AKC.5066.6001.1.11325,SAM.09.AKC.5066.6001.1,PM2.5,http://dd.eionet.europa.eu/vocabulary/aq/pollutant/6001,hour,10.1273498500,µg/m3,2018-08-01 17:00:00 +01:00,2018-08-01 18:00:00 +01:00,1,1
AT,AT.0008.20.AQ,NET.09,STA.09.AKC,,SPO.09.AKC.5066.6001.1,SPP.09.AKC.5066.6001.1.11325,SAM.09.AKC.5066.6001.1,PM2.5,http://dd.eionet.europa.eu/vocabulary/aq/pollutant/6001,hour,8.8824005100,µg/m3,2018-08-01 18:00:00 +01:00,2018-08-01 19:00:00 +01:00,1,1
AT,AT.0008.20.AQ,NET.09,STA.09.AKC,,SPO.09.AKC.5066.6001.1,SPP.09.AKC.5066.6001.1.11325,SAM.09.AKC.5066.6001.1,PM2.5,http://dd.eionet.europa.eu/vocabulary/aq/pollutant/6001,hour,8.6707496600,µg/m3,2018-08-01 20:00:00 +01:00,2018-08-01 21:00:00 +01:00,1,1
AT,AT.0008.20.AQ,NET.09,STA.09.AKC,,SPO.09.AKC.5066.6001.1,SPP.09.AKC.5066.6001.1.11325,SAM.09.AKC.5066.6001.1,PM2.5,http://dd.eionet.europa.eu/vocabulary/aq/pollutant/6001,hour,8.5391502300,µg/m3,2018-08-01 21:00:00 +01:00,2018-08-01 22:00:00 +01:00,1,1
AT,AT.0008.20.AQ,NET.09,STA.09.AKC,,SPO.09.AKC.5066.6001.1,SPP.09.AKC.5066.6001.1.11325,SAM.09.AKC.5066.6001.1,PM2.5,http://dd.eionet.europa.eu/vocabulary/aq/pollutant/6001,hour,7.9951496100,µg/m3,2018-08-01 22:00:00 +01:00,2018-08-01 23:00:00 +01:00,1,1
AT,AT.0008.20.AQ,NET.09,STA.09.AKC,,SPO.09.AKC.5066.6001.1,SPP.09.AKC.5066.6001.1.11325,SAM.09.AKC.5066.6001.1,PM2.5,http://dd.eionet.europa.eu/vocabulary/aq/pollutant/6001,hour,8.7441005700,µg/m3,2018-08-01 23:00:00 +01:00,2018-08-02 00:00:00 +01:00,1,1
AT,AT.0008.20.AQ,NET.09,STA.09.AKC,,SPO.09.AKC.5066.6001.1,SPP.09.AKC.5066.6001.1.11325,SAM.09.AKC.5066.6001.1,PM2.5,http://dd.eionet.europa.eu/vocabulary/aq/pollutant/6001,hour,10.3494997000,µg/m3,2018-08-02 01:00:00 +01:00,2018-08-02 02:00:00 +01:00,1,1
AT,AT.0008.20.AQ,NET.09,STA.09.AKC,,SPO.09.AKC.5066.6001.1,SPP.09.AKC.5066.6001.1.11325,SAM.09.AKC.5066.6001.1,PM2.5,http://dd.eionet.europa.eu/vocabulary/aq/pollutant/6001,hour,10.1199998800,µg/m3,2018-08-02 02:00:00 +01:00,2018-08-02 03:00:00 +01:00,1,1
AT,AT.0008.20.AQ,NET.09,STA.09.AKC,,SPO.09.AKC.5066.6001.1,SPP.09.AKC.5066.6001.1.11325,SAM.09.AKC.5066.6001.1,PM2.5,http://dd.eionet.europa.eu/vocabulary/aq/pollutant/6001,hour,11.6829996100,µg/m3,2018-08-02 03:00:00 +01:00,2018-08-02 04:00:00 +01:00,1,1
AT,AT.0008.20.AQ,NET.09,STA.09.AKC,,SPO.09.AKC.5066.6001.1,SPP.09.AKC.5066.6001.1.11325,SAM.09.AKC.5066.6001.1,PM2.5,http://dd.eionet.europa.eu/vocabulary/aq/pollutant/6001,hour,12.7334995200,µg/m3,2018-08-02 04:00:00 +01:00,2018-08-02 05:00:00 +01:00,1,1
AT,AT.0008.20.AQ,NET.09,STA.09.AKC,,SPO.09.AKC.5066.6001.1,SPP.09.AKC.5066.6001.1.11325,SAM.09.AKC.5066.6001.1,PM2.5,http://dd.eionet.europa.eu/vocabulary/aq/pollutant/6001,hour,11.4659996000,µg/m3,2018-08-02 05:00:00 +01:00,2018-08-02 06:00:00 +01:00,1,1
AT,AT.0008.20.AQ,NET.09,STA.09.AKC,,SPO.09.AKC.5066.6001.1,SPP.09.AKC.5066.6001.1.11325,SAM.09.AKC.5066.6001.1,PM2.5,http://dd.eionet.europa.eu/vocabulary/aq/pollutant/6001,hour,12.0599994600,µg/m3,2018-08-02 06:00:00 +01:00,2018-08-02 07:00:00 +01:00,1,1
AT,AT.0008.20.AQ,NET.09,STA.09.AKC,,SPO.09.AKC.5066.6001.1,SPP.09.AKC.5066.6001.1.11325,SAM.09.AKC.5066.6001.1,PM2.5,http://dd.eionet.europa.eu/vocabulary/aq/pollutant/6001,hour,9.5937500000,µg/m3,2018-08-02 08:00:00 +01:00,2018-08-02 09:00:00 +01:00,1,1
AT,AT.0008.20.AQ,NET.09,STA.09.AKC,,SPO.09.AKC.5066.6001.1,SPP.09.AKC.5066.6001.1.11325,SAM.09.AKC.5066.6001.1,PM2.5,http://dd.eionet.europa.eu/vocabulary/aq/pollutant/6001,hour,8.7770004200,µg/m3,2018-08-02 09:00:00 +01:00,2018-08-02 10:00:00 +01:00,1,1
AT,AT.0008.20.AQ,NET.09,STA.09.AKC,,SPO.09.AKC.5066.6001.1,SPP.09.AKC.5066.6001.1.11325,SAM.09.AKC.5066.6001.1,PM2.5,http://dd.eionet.europa.eu/vocabulary/aq/pollutant/6001,hour,10.5200004500,µg/m3,2018-08-02 11:00:00 +01:00,2018-08-02 12:00:00 +01:00,1,1
AT,AT.0008.20.AQ,NET.09,STA.09.AKC,,SPO.09.AKC.5066.6001.1,SPP.09.AKC.5066.6001.1.11325,SAM.09.AKC.5066.6001.1,PM2.5,http://dd.eionet.europa.eu/vocabulary/aq/pollutant/6001,hour,10.5325002600,µg/m3,2018-08-02 12:00:00 +01:00,2018-08-02 13:00:00 +01:00,1,1
AT,AT.0008.20.AQ,NET.09,STA.09.AKC,,SPO.09.AKC.5066.6001.1,SPP.09.AKC.5066.6001.1.11325,SAM.09.AKC.5066.6001.1,PM2.5,http://dd.eionet.europa.eu/vocabulary/aq/pollutant/6001,hour,10.2924995400,µg/m3,2018-08-02 13:00:00 +01:00,2018-08-02 14:00:00 +01:00,1,1
AT,AT.0008.20.AQ,NET.09,STA.09.AKC,,SPO.09.AKC.5066.6001.1,SPP.09.AKC.5066.6001.1.11325,SAM.09.AKC.5066.6001.1,PM2.5,http://dd.eionet.europa.eu/vocabulary/aq/pollutant/6001,hour,10.4979991900,µg/m3,2018-08-02 14:00:00 +01:00,2018-08-02 15:00:00 +01:00,1,1
AT,AT.0008.20.AQ,NET.09,STA.09.AKC,,SPO.09.AKC.5066.6001.1,SPP.09.AKC.5066.6001.1.11325,SAM.09.AKC.5066.6001.1,PM2.5,http://dd.eionet.europa.eu/vocabulary/aq/pollutant/6001,hour,9.1739997800,µg/m3,2018-08-02 15:00:00 +01:00,2018-08-02 16:00:00 +01:00,1,1
AT,AT.0008.20.AQ,NET.09,STA.09.AKC,,SPO.09.AKC.5066.6001.1,SPP.09.AKC.5066.6001.1.11325,SAM.09.AKC.5066.6001.1,PM2.5,http://dd.eionet.europa.eu/vocabulary/aq/pollutant/6001,hour,8.5830497700,µg/m3,2018-08-02 16:00:00 +01:00,2018-08-02 17:00:00 +01:00,1,1
AT,AT.0008.20.AQ,NET.09,STA.09.AKC,,SPO.09.AKC.5066.6001.1,SPP.09.AKC.5066.6001.1.11325,SAM.09.AKC.5066.6001.1,PM2.5,http://dd.eionet.europa.eu/vocabulary/aq/pollutant/6001,hour,9.5068502400,µg/m3,2018-08-02 17:00:00 +01:00,2018-08-02 18:00:00 +01:00,1,1
AT,AT.0008.20.AQ,NET.09,STA.09.AKC,,SPO.09.AKC.5066.6001.1,SPP.09.AKC.5066.6001.1.11325,SAM.09.AKC.5066.6001.1,PM2.5,http://dd.eionet.europa.eu/vocabulary/aq/pollutant/6001,hour,9.9530506100,µg/m3,2018-08-02 18:00:00 +01:00,2018-08-02 19:00:00 +01:00,1,1
AT,AT.0008.20.AQ,NET.09,STA.09.AKC,,SPO.09.AKC.5066.6001.1,SPP.09.AKC.5066.6001.1.11325,SAM.09.AKC.5066.6001.1,PM2.5,http://dd.eionet.europa.eu/vocabulary/aq/pollutant/6001,hour,10.6539993200,µg/m3,2018-08-02 19:00:00 +01:00,2018-08-02 20:00:00 +01:00,1,1
AT,AT.0008.20.AQ,NET.09,STA.09.AKC,,SPO.09.AKC.5066.6001.1,SPP.09.AKC.5066.6001.1.11325,SAM.09.AKC.5066.6001.1,PM2.5,http://dd.eionet.europa.eu/vocabulary/aq/pollutant/6001,hour,11.2350006100,µg/m3,2018-08-02 20:00:00 +01:00,2018-08-02 21:00:00 +01:00,1,1
AT,AT.0008.20.AQ,NET.09,STA.09.AKC,,SPO.09.AKC.5066.6001.1,SPP.09.AKC.5066.6001.1.11325,SAM.09.AKC.5066.6001.1,PM2.5,http://dd.eionet.europa.eu/vocabulary/aq/pollutant/6001,hour,12.3120002700,µg/m3,2018-08-02 21:00:00 +01:00,2018-08-02 22:00:00 +01:00,1,1
AT,AT.0008.20.AQ,NET.09,STA.09.AKC,,SPO.09.AKC.5066.6001.1,SPP.09.AKC.5066.6001.1.11325,SAM.09.AKC.5066.6001.1,PM2.5,http://dd.eionet.europa.eu/vocabulary/aq/pollutant/6001,hour,11.9235000600,µg/m3,2018-08-02 22:00:00 +01:00,2018-08-02 23:00:00 +01:00,1,1
AT,AT.0008.20.AQ,NET.09,STA.09.AKC,,SPO.09.AKC.5066.6001.1,SPP.09.AKC.5066.6001.1.11325,SAM.09.AKC.5066.6001.1,PM2.5,http://dd.eionet.europa.eu/vocabulary/aq/pollutant/6001,hour,11.8080005600,µg/m3,2018-08-03 00:00:00 +01:00,2018-08-03 01:00:00 +01:00,1,1
AT,AT.0008.20.AQ,NET.09,STA.09.AKC,,SPO.09.AKC.5066.6001.1,SPP.09.AKC.5066.6001.1.11325,SAM.09.AKC.5066.6001.1,PM2.5,http://dd.eionet.europa.eu/vocabulary/aq/pollutant/6001,hour,11.8090000100,µg/m3,2018-08-03 02:00:00 +01:00,2018-08-03 03:00:00 +01:00,1,1
AT,AT.0008.20.AQ,NET.09,STA.09.AKC,,SPO.09.AKC.5066.6001.1,SPP.09.AKC.5066.6001.1.11325,SAM.09.AKC.5066.6001.1,PM2.5,http://dd.eionet.europa.eu/vocabulary/aq/pollutant/6001,hour,11.5820007300,µg/m3,2018-08-03 03:00:00 +01:00,2018-08-03 04:00:00 +01:00,1,1
AT,AT.0008.20.AQ,NET.09,STA.09.AKC,,SPO.09.AKC.5066.6001.1,SPP.09.AKC.5066.6001.1.11325,SAM.09.AKC.5066.6001.1,PM2.5,http://dd.eionet.europa.eu/vocabulary/aq/pollutant/6001,hour,11.9984998700,µg/m3,2018-08-03 04:00:00 +01:00,2018-08-03 05:00:00 +01:00,1,1
AT,AT.0008.20.AQ,NET.09,STA.09.AKC,,SPO.09.AKC.5066.6001.1,SPP.09.AKC.5066.6001.1.11325,SAM.09.AKC.5066.6001.1,PM2.5,http://dd.eionet.europa.eu/vocabulary/aq/pollutant/6001,hour,13.0410003600,µg/m3,2018-08-03 05:00:00 +01:00,2018-08-03 06:00:00 +01:00,1,1
AT,AT.0008.20.AQ,NET.09,STA.09.AKC,,SPO.09.AKC.5066.6001.1,SPP.09.AKC.5066.6001.1.11325,SAM.09.AKC.5066.6001.1,PM2.5,http://dd.eionet.europa.eu/vocabulary/aq/pollutant/6001,hour,13.1505002900,µg/m3,2018-08-03 06:00:00 +01:00,2018-08-03 07:00:00 +01:00,1,1
AT,AT.0008.20.AQ,NET.09,STA.09.AKC,,SPO.09.AKC.5066.6001.1,SPP.09.AKC.5066.6001.1.11325,SAM.09.AKC.5066.6001.1,PM2.5,http://dd.eionet.europa.eu/vocabulary/aq/pollutant/6001,hour,13.1084995200,µg/m3,2018-08-03 07:00:00 +01:00,2018-08-03 08:00:00 +01:00,1,1
AT,AT.0008.20.AQ,NET.09,STA.09.AKC,,SPO.09.AKC.5066.6001.1,SPP.09.AKC.5066.6001.1.11325,SAM.09.AKC.5066.6001.1,PM2.5,http://dd.eionet.europa.eu/vocabulary/aq/pollutant/6001,hour,12.0244998900,µg/m3,2018-08-03 08:00:00 +01:00,2018-08-03 09:00:00 +01:00,1,1
AT,AT.0008.20.AQ,NET.09,STA.09.AKC,,SPO.09.AKC.5066.6001.1,SPP.09.AKC.5066.6001.1.11325,SAM.09.AKC.5066.6001.1,PM2.5,http://dd.eionet.europa.eu/vocabulary/aq/pollutant/6001,hour,11.6870002700,µg/m3,2018-08-03 09:00:00 +01:00,2018-08-03 10:00:00 +01:00,1,1
AT,AT.0008.20.AQ,NET.09,STA.09.AKC,,SPO.09.AKC.5066.6001.1,SPP.09.AKC.5066.6001.1.11325,SAM.09.AKC.5066.6001.1,PM2.5,http://dd.eionet.europa.eu/vocabulary/aq/pollutant/6001,hour,13.5260000200,µg/m3,2018-08-03 10:00:00 +01:00,2018-08-03 11:00:00 +01:00,1,1
AT,AT.0008.20.AQ,NET.09,STA.09.AKC,,SPO.09.AKC.5066.6001.1,SPP.09.AKC.5066.6001.1.11325,SAM.09.AKC.5066.6001.1,PM2.5,http://dd.eionet.europa.eu/vocabulary/aq/pollutant/6001,hour,12.0319995800,µg/m3,2018-08-03 11:00:00 +01:00,2018-08-03 12:00:00 +01:00,1,1
AT,AT.0008.20.AQ,NET.09,STA.09.AKC,,SPO.09.AKC.5066.6001.1,SPP.09.AKC.5066.6001.1.11325,SAM.09.AKC.5066.6001.1,PM2.5,http://dd.eionet.europa.eu/vocabulary/aq/pollutant/6001,hour,9.8940505900,µg/m3,2018-08-03 12:00:00 +01:00,2018-08-03 13:00:00 +01:00,1,1
AT,AT.0008.20.AQ,NET.09,STA.09.AKC,,SPO.09.AKC.5066.6001.1,SPP.09.AKC.5066.6001.1.11325,SAM.09.AKC.5066.6001.1,PM2.5,http://dd.eionet.europa.eu/vocabulary/aq/pollutant/6001,hour,7.2869501100,µg/m3,2018-08-03 13:00:00 +01:00,2018-08-03 14:00:00 +01:00,1,1
AT,AT.0008.20.AQ,NET.09,STA.09.AKC,,SPO.09.AKC.5066.6001.1,SPP.09.AKC.5066.6001.1.11325,SAM.09.AKC.5066.6001.1,PM2.5,http://dd.eionet.europa.eu/vocabulary/aq/pollutant/6001,hour,6.0889000800,µg/m3,2018-08-03 14:00:00 +01:00,2018-08-03 15:00:00 +01:00,1,1
AT,AT.0008.20.AQ,NET.09,STA.09.AKC,,SPO.09.AKC.5066.6001.1,SPP.09.AKC.5066.6001.1.11325,SAM.09.AKC.5066.6001.1,PM2.5,http://dd.eionet.europa.eu/vocabulary/aq/pollutant/6001,hour,6.5141496600,µg/m3,2018-08-03 16:00:00 +01:00,2018-08-03 17:00:00 +01:00,1,1
AT,AT.0008.20.AQ,NET.09,STA.09.AKC,,SPO.09.AKC.5066.6001.1,SPP.09.AKC.5066.6001.1.11325,SAM.09.AKC.5066.6001.1,PM2.5,http://dd.eionet.europa.eu/vocabulary/aq/pollutant/6001,hour,6.6526498700,µg/m3,2018-08-03 17:00:00 +01:00,2018-08-03 18:00:00 +01:00,1,1
AT,AT.0008.20.AQ,NET.09,STA.09.AKC,,SPO.09.AKC.5066.6001.1,SPP.09.AKC.5066.6001.1.11325,SAM.09.AKC.5066.6001.1,PM2.5,http://dd.eionet.europa.eu/vocabulary/aq/pollutant/6001,hour,10.3225002200,µg/m3,2018-08-03 19:00:00 +01:00,2018-08-03 20:00:00 +01:00,1,1
AT,AT.0008.20.AQ,NET.09,STA.09.AKC,,SPO.09.AKC.5066.6001.1,SPP.09.AKC.5066.6001.1.11325,SAM.09.AKC.5066.6001.1,PM2.5,http://dd.eionet.europa.eu/vocabulary/aq/pollutant/6001,hour,11.3099994600,µg/m3,2018-08-03 21:00:00 +01:00,2018-08-03 22:00:00 +01:00,1,1
AT,AT.0008.20.AQ,NET.09,STA.09.AKC,,SPO.09.AKC.5066.6001.1,SPP.09.AKC.5066.6001.1.11325,SAM.09.AKC.5066.6001.1,PM2.5,http://dd.eionet.europa.eu/vocabulary/aq/pollutant/6001,hour,12.6389999300,µg/m3,2018-08-03 22:00:00 +01:00,2018-08-03 23:00:00 +01:00,1,1
AT,AT.0008.20.AQ,NET.09,STA.09.AKC,,SPO.09.AKC.5066.6001.1,SPP.09.AKC.5066.6001.1.11325,SAM.09.AKC.5066.6001.1,PM2.5,http://dd.eionet.europa.eu/vocabulary/aq/pollutant/6001,hour,13.3924999200,µg/m3,2018-08-03 23:00:00 +01:00,2018-08-04 00:00:00 +01:00,1,1
AT,AT.0008.20.AQ,NET.09,STA.09.AKC,,SPO.09.AKC.5066.6001.1,SPP.09.AKC.5066.6001.1.11325,SAM.09.AKC.5066.6001.1,PM2.5,http://dd.eionet.europa.eu/vocabulary/aq/pollutant/6001,hour,13.3594999300,µg/m3,2018-08-04 00:00:00 +01:00,2018-08-04 01:00:00 +01:00,1,1
AT,AT.0008.20.AQ,NET.09,STA.09.AKC,,SPO.09.AKC.5066.6001.1,SPP.09.AKC.5066.6001.1.11325,SAM.09.AKC.5066.6001.1,PM2.5,http://dd.eionet.europa.eu/vocabulary/aq/pollutant/6001,hour,13.4095001200,µg/m3,2018-08-04 01:00:00 +01:00,2018-08-04 02:00:00 +01:00,1,1
AT,AT.0008.20.AQ,NET.09,STA.09.AKC,,SPO.09.AKC.5066.6001.1,SPP.09.AKC.5066.6001.1.11325,SAM.09.AKC.5066.6001.1,PM2.5,http://dd.eionet.europa.eu/vocabulary/aq/pollutant/6001,hour,13.4040002800,µg/m3,2018-08-04 02:00:00 +01:00,2018-08-04 03:00:00 +01:00,1,1
AT,AT.0008.20.AQ,NET.09,STA.09.AKC,,SPO.09.AKC.5066.6001.1,SPP.09.AKC.5066.6001.1.11325,SAM.09.AKC.5066.6001.1,PM2.5,http://dd.eionet.europa.eu/vocabulary/aq/pollutant/6001,hour,13.7204999900,µg/m3,2018-08-04 03:00:00 +01:00,2018-08-04 04:00:00 +01:00,1,1
AT,AT.0008.20.AQ,NET.09,STA.09.AKC,,SPO.09.AKC.5066.6001.1,SPP.09.AKC.5066.6001.1.11325,SAM.09.AKC.5066.6001.1,PM2.5,http://dd.eionet.europa.eu/vocabulary/aq/pollutant/6001,hour,13.4910001700,µg/m3,2018-08-04 04:00:00 +01:00,2018-08-04 05:00:00 +01:00,1,1
AT,AT.0008.20.AQ,NET.09,STA.09.AKC,,SPO.09.AKC.5066.6001.1,SPP.09.AKC.5066.6001.1.11325,SAM.09.AKC.5066.6001.1,PM2.5,http://dd.eionet.europa.eu/vocabulary/aq/pollutant/6001,hour,13.5830001800,µg/m3,2018-08-04 05:00:00 +01:00,2018-08-04 06:00:00 +01:00,1,1
AT,AT.0008.20.AQ,NET.09,STA.09.AKC,,SPO.09.AKC.5066.6001.1,SPP.09.AKC.5066.6001.1.11325,SAM.09.AKC.5066.6001.1,PM2.5,http://dd.eionet.europa.eu/vocabulary/aq/pollutant/6001,hour,12.5734996700,µg/m3,2018-08-04 06:00:00 +01:00,2018-08-04 07:00:00 +01:00,1,1
AT,AT.0008.20.AQ,NET.09,STA.09.AKC,,SPO.09.AKC.5066.6001.1,SPP.09.AKC.5066.6001.1.11325,SAM.09.AKC.5066.6001.1,PM2.5,http://dd.eionet.europa.eu/vocabulary/aq/pollutant/6001,hour,12.0594997400,µg/m3,2018-08-04 07:00:00 +01:00,2018-08-04 08:00:00 +01:00,1,1
AT,AT.0008.20.AQ,NET.09,STA.09.AKC,,SPO.09.AKC.5066.6001.1,SPP.09.AKC.5066.6001.1.11325,SAM.09.AKC.5066.6001.1,PM2.5,http://dd.eionet.europa.eu/vocabulary/aq/pollutant/6001,hour,12.1110000600,µg/m3,2018-08-04 08:00:00 +01:00,2018-08-04 09:00:00 +01:00,1,1
AT,AT.0008.20.AQ,NET.09,STA.09.AKC,,SPO.09.AKC.5066.6001.1,SPP.09.AKC.5066.6001.1.11325,SAM.09.AKC.5066.6001.1,PM2.5,http://dd.eionet.europa.eu/vocabulary/aq/pollutant/6001,hour,13.7519998500,µg/m3,2018-08-04 09:00:00 +01:00,2018-08-04 10:00:00 +01:00,1,1
AT,AT.0008.20.AQ,NET.09,STA.09.AKC,,SPO.09.AKC.5066.6001.1,SPP.09.AKC.5066.6001.1.11325,SAM.09.AKC.5066.6001.1,PM2.5,http://dd.eionet.europa.eu/vocabulary/aq/pollutant/6001,hour,11.8355007100,µg/m3,2018-08-04 10:00:00 +01:00,2018-08-04 11:00:00 +01:00,1,1
AT,AT.0008.20.AQ,NET.09,STA.09.AKC,,SPO.09.AKC.5066.6001.1,SPP.09.AKC.5066.6001.1.11325,SAM.09.AKC.5066.6001.1,PM2.5,http://dd.eionet.europa.eu/vocabulary/aq/pollutant/6001,hour,9.7978000600,µg/m3,2018-08-04 11:00:00 +01:00,2018-08-04 12:00:00 +01:00,1,1
AT,AT.0008.20.AQ,NET.09,STA.09.AKC,,SPO.09.AKC.5066.6001.1,SPP.09.AKC.5066.6001.1.11325,SAM.09.AKC.5066.6001.1,PM2.5,http://dd.eionet.europa.eu/vocabulary/aq/pollutant/6001,hour,7.2692499100,µg/m3,2018-08-04 15:00:00 +01:00,2018-08-04 16:00:00 +01:00,1,1
AT,AT.0008.20.AQ,NET.09,STA.09.AKC,,SPO.09.AKC.5066.6001.1,SPP.09.AKC.5066.6001.1.11325,SAM.09.AKC.5066.6001.1,PM2.5,http://dd.eionet.europa.eu/vocabulary/aq/pollutant/6001,hour,7.2135496100,µg/m3,2018-08-04 16:00:00 +01:00,2018-08-04 17:00:00 +01:00,1,1
AT,AT.0008.20.AQ,NET.09,STA.09.AKC,,SPO.09.AKC.5066.6001.1,SPP.09.AKC.5066.6001.1.11325,SAM.09.AKC.5066.6001.1,PM2.5,http://dd.eionet.europa.eu/vocabulary/aq/pollutant/6001,hour,6.8390998800,µg/m3,2018-08-04 17:00:00 +01:00,2018-08-04 18:00:00 +01:00,1,1
AT,AT.0008.20.AQ,NET.09,STA.09.AKC,,SPO.09.AKC.5066.6001.1,SPP.09.AKC.5066.6001.1.11325,SAM.09.AKC.5066.6001.1,PM2.5,http://dd.eionet.europa.eu/vocabulary/aq/pollutant/6001,hour,7.6697497300,µg/m3,2018-08-04 19:00:00 +01:00,2018-08-04 20:00:00 +01:00,1,1
AT,AT.0008.20.AQ,NET.09,STA.09.AKC,,SPO.09.AKC.5066.6001.1,SPP.09.AKC.5066.6001.1.11325,SAM.09.AKC.5066.6001.1,PM2.5,http://dd.eionet.europa.eu/vocabulary/aq/pollutant/6001,hour,11.8094997400,µg/m3,2018-08-04 22:00:00 +01:00,2018-08-04 23:00:00 +01:00,1,1
AT,AT.0008.20.AQ,NET.09,STA.09.AKC,,SPO.09.AKC.5066.6001.1,SPP.09.AKC.5066.6001.1.11325,SAM.09.AKC.5066.6001.1,PM2.5,http://dd.eionet.europa.eu/vocabulary/aq/pollutant/6001,hour,10.8104991900,µg/m3,2018-08-04 23:00:00 +01:00,2018-08-05 00:00:00 +01:00,1,1
AT,AT.0008.20.AQ,NET.09,STA.09.AKC,,SPO.09.AKC.5066.6001.1,SPP.09.AKC.5066.6001.1.11325,SAM.09.AKC.5066.6001.1,PM2.5,http://dd.eionet.europa.eu/vocabulary/aq/pollutant/6001,hour,11.1765003200,µg/m3,2018-08-05 00:00:00 +01:00,2018-08-05 01:00:00 +01:00,1,1
AT,AT.0008.20.AQ,NET.09,STA.09.AKC,,SPO.09.AKC.5066.6001.1,SPP.09.AKC.5066.6001.1.11325,SAM.09.AKC.5066.6001.1,PM2.5,http://dd.eionet.europa.eu/vocabulary/aq/pollutant/6001,hour,11.3649997700,µg/m3,2018-08-05 01:00:00 +01:00,2018-08-05 02:00:00 +01:00,1,1
AT,AT.0008.20.AQ,NET.09,STA.09.AKC,,SPO.09.AKC.5066.6001.1,SPP.09.AKC.5066.6001.1.11325,SAM.09.AKC.5066.6001.1,PM2.5,http://dd.eionet.europa.eu/vocabulary/aq/pollutant/6001,hour,11.8589992500,µg/m3,2018-08-05 02:00:00 +01:00,2018-08-05 03:00:00 +01:00,1,1
AT,AT.0008.20.AQ,NET.09,STA.09.AKC,,SPO.09.AKC.5066.6001.1,SPP.09.AKC.5066.6001.1.11325,SAM.09.AKC.5066.6001.1,PM2.5,http://dd.eionet.europa.eu/vocabulary/aq/pollutant/6001,hour,12.3854999500,µg/m3,2018-08-05 03:00:00 +01:00,2018-08-05 04:00:00 +01:00,1,1
AT,AT.0008.20.AQ,NET.09,STA.09.AKC,,SPO.09.AKC.5066.6001.1,SPP.09.AKC.5066.6001.1.11325,SAM.09.AKC.5066.6001.1,PM2.5,http://dd.eionet.europa.eu/vocabulary/aq/pollutant/6001,hour,12.3215007700,µg/m3,2018-08-05 04:00:00 +01:00,2018-08-05 05:00:00 +01:00,1,1
AT,AT.0008.20.AQ,NET.09,STA.09.AKC,,SPO.09.AKC.5066.6001.1,SPP.09.AKC.5066.6001.1.11325,SAM.09.AKC.5066.6001.1,PM2.5,http://dd.eionet.europa.eu/vocabulary/aq/pollutant/6001,hour,11.3854999500,µg/m3,2018-08-05 05:00:00 +01:00,2018-08-05 06:00:00 +01:00,1,1
AT,AT.0008.20.AQ,NET.09,STA.09.AKC,,SPO.09.AKC.5066.6001.1,SPP.09.AKC.5066.6001.1.11325,SAM.09.AKC.5066.6001.1,PM2.5,http://dd.eionet.europa.eu/vocabulary/aq/pollutant/6001,hour,10.5209999000,µg/m3,2018-08-05 06:00:00 +01:00,2018-08-05 07:00:00 +01:00,1,1
AT,AT.0008.20.AQ,NET.09,STA.09.AKC,,SPO.09.AKC.5066.6001.1,SPP.09.AKC.5066.6001.1.11325,SAM.09.AKC.5066.6001.1,PM2.5,http://dd.eionet.europa.eu/vocabulary/aq/pollutant/6001,hour,10.8754997200,µg/m3,2018-08-05 07:00:00 +01:00,2018-08-05 08:00:00 +01:00,1,1
AT,AT.0008.20.AQ,NET.09,STA.09.AKC,,SPO.09.AKC.5066.6001.1,SPP.09.AKC.5066.6001.1.11325,SAM.09.AKC.5066.6001.1,PM2.5,http://dd.eionet.europa.eu/vocabulary/aq/pollutant/6001,hour,11.0970001200,µg/m3,2018-08-05 08:00:00 +01:00,2018-08-05 09:00:00 +01:00,1,1
AT,AT.0008.20.AQ,NET.09,STA.09.AKC,,SPO.09.AKC.5066.6001.1,SPP.09.AKC.5066.6001.1.11325,SAM.09.AKC.5066.6001.1,PM2.5,http://dd.eionet.europa.eu/vocabulary/aq/pollutant/6001,hour,10.7500000000,µg/m3,2018-08-05 09:00:00 +01:00,2018-08-05 10:00:00 +01:00,1,1
AT,AT.0008.20.AQ,NET.09,STA.09.AKC,,SPO.09.AKC.5066.6001.1,SPP.09.AKC.5066.6001.1.11325,SAM.09.AKC.5066.6001.1,PM2.5,http://dd.eionet.europa.eu/vocabulary/aq/pollutant/6001,hour,10.8159999800,µg/m3,2018-08-05 10:00:00 +01:00,2018-08-05 11:00:00 +01:00,1,1
AT,AT.0008.20.AQ,NET.09,STA.09.AKC,,SPO.09.AKC.5066.6001.1,SPP.09.AKC.5066.6001.1.11325,SAM.09.AKC.5066.6001.1,PM2.5,http://dd.eionet.europa.eu/vocabulary/aq/pollutant/6001,hour,10.9344997400,µg/m3,2018-08-05 11:00:00 +01:00,2018-08-05 12:00:00 +01:00,1,1
AT,AT.0008.20.AQ,NET.09,STA.09.AKC,,SPO.09.AKC.5066.6001.1,SPP.09.AKC.5066.6001.1.11325,SAM.09.AKC.5066.6001.1,PM2.5,http://dd.eionet.europa.eu/vocabulary/aq/pollutant/6001,hour,11.0034999800,µg/m3,2018-08-05 12:00:00 +01:00,2018-08-05 13:00:00 +01:00,1,1
AT,AT.0008.20.AQ,NET.09,STA.09.AKC,,SPO.09.AKC.5066.6001.1,SPP.09.AKC.5066.6001.1.11325,SAM.09.AKC.5066.6001.1,PM2.5,http://dd.eionet.europa.eu/vocabulary/aq/pollutant/6001,hour,13.2014999300,µg/m3,2018-08-05 13:00:00 +01:00,2018-08-05 14:00:00 +01:00,1,1
AT,AT.0008.20.AQ,NET.09,STA.09.AKC,,SPO.09.AKC.5066.6001.1,SPP.09.AKC.5066.6001.1.11325,SAM.09.AKC.5066.6001.1,PM2.5,http://dd.eionet.europa.eu/vocabulary/aq/pollutant/6001,hour,10.9794998100,µg/m3,2018-08-05 14:00:00 +01:00,2018-08-05 15:00:00 +01:00,1,1
AT,AT.0008.20.AQ,NET.09,STA.09.AKC,,SPO.09.AKC.5066.6001.1,SPP.09.AKC.5066.6001.1.11325,SAM.09.AKC.5066.6001.1,PM2.5,http://dd.eionet.europa.eu/vocabulary/aq/pollutant/6001,hour,11.0454998000,µg/m3,2018-08-05 16:00:00 +01:00,2018-08-05 17:00:00 +01:00,1,1
AT,AT.0008.20.AQ,NET.09,STA.09.AKC,,SPO.09.AKC.5066.6001.1,SPP.09.AKC.5066.6001.1.11325,SAM.09.AKC.5066.6001.1,PM2.5,http://dd.eionet.europa.eu/vocabulary/aq/pollutant/6001,hour,10.7140007000,µg/m3,2018-08-05 17:00:00 +01:00,2018-08-05 18:00:00 +01:00,1,1
AT,AT.0008.20.AQ,NET.09,STA.09.AKC,,SPO.09.AKC.5066.6001.1,SPP.09.AKC.5066.6001.1.11325,SAM.09.AKC.5066.6001.1,PM2.5,http://dd.eionet.europa.eu/vocabulary/aq/pollutant/6001,hour,10.6105003300,µg/m3,2018-08-05 18:00:00 +01:00,2018-08-05 19:00:00 +01:00,1,1
AT,AT.0008.20.AQ,NET.09,STA.09.AKC,,SPO.09.AKC.5066.6001.1,SPP.09.AKC.5066.6001.1.11325,SAM.09.AKC.5066.6001.1,PM2.5,http://dd.eionet.europa.eu/vocabulary/aq/pollutant/6001,hour,10.0301494500,µg/m3,2018-08-05 19:00:00 +01:00,2018-08-05 20:00:00 +01:00,1,1
AT,AT.0008.20.AQ,NET.09,STA.09.AKC,,SPO.09.AKC.5066.6001.1,SPP.09.AKC.5066.6001.1.11325,SAM.09.AKC.5066.6001.1,PM2.5,http://dd.eionet.europa.eu/vocabulary/aq/pollutant/6001,hour,11.8904991100,µg/m3,2018-08-05 20:00:00 +01:00,2018-08-05 21:00:00 +01:00,1,1
AT,AT.0008.20.AQ,NET.09,STA.09.AKC,,SPO.09.AKC.5066.6001.1,SPP.09.AKC.5066.6001.1.11325,SAM.09.AKC.5066.6001.1,PM2.5,http://dd.eionet.europa.eu/vocabulary/aq/pollutant/6001,hour,12.1514997400,µg/m3,2018-08-05 21:00:00 +01:00,2018-08-05 22:00:00 +01:00,1,1
AT,AT.0008.20.AQ,NET.09,STA.09.AKC,,SPO.09.AKC.5066.6001.1,SPP.09.AKC.5066.6001.1.11325,SAM.09.AKC.5066.6001.1,PM2.5,http://dd.eionet.europa.eu/vocabulary/aq/pollutant/6001,hour,12.0954999900,µg/m3,2018-08-05 22:00:00 +01:00,2018-08-05 23:00:00 +01:00,1,1
AT,AT.0008.20.AQ,NET.09,STA.09.AKC,,SPO.09.AKC.5066.6001.1,SPP.09.AKC.5066.6001.1.11325,SAM.09.AKC.5066.6001.1,PM2.5,http://dd.eionet.europa.eu/vocabulary/aq/pollutant/6001,hour,12.1555004100,µg/m3,2018-08-05 23:00:00 +01:00,2018-08-06 00:00:00 +01:00,1,1
AT,AT.0008.20.AQ,NET.09,STA.09.AKC,,SPO.09.AKC.5066.6001.1,SPP.09.AKC.5066.6001.1.11325,SAM.09.AKC.5066.6001.1,PM2.5,http://dd.eionet.europa.eu/vocabulary/aq/pollutant/6001,hour,11.2690000500,µg/m3,2018-08-06 00:00:00 +01:00,2018-08-06 01:00:00 +01:00,1,1
AT,AT.0008.20.AQ,NET.09,STA.09.AKC,,SPO.09.AKC.5066.6001.1,SPP.09.AKC.5066.6001.1.11325,SAM.09.AKC.5066.6001.1,PM2.5,http://dd.eionet.europa.eu/vocabulary/aq/pollutant/6001,hour,10.3845005000,µg/m3,2018-08-06 01:00:00 +01:00,2018-08-06 02:00:00 +01:00,1,1
AT,AT.0008.20.AQ,NET.09,STA.09.AKC,,SPO.09.AKC.5066.6001.1,SPP.09.AKC.5066.6001.1.11325,SAM.09.AKC.5066.6001.1,PM2.5,http://dd.eionet.europa.eu/vocabulary/aq/pollutant/6001,hour,10.6889991700,µg/m3,2018-08-06 02:00:00 +01:00,2018-08-06 03:00:00 +01:00,1,1
AT,AT.0008.20.AQ,NET.09,STA.09.AKC,,SPO.09.AKC.5066.6001.1,SPP.09.AKC.5066.6001.1.11325,SAM.09.AKC.5066.6001.1,PM2.5,http://dd.eionet.europa.eu/vocabulary/aq/pollutant/6001,hour,11.0480003300,µg/m3,2018-08-06 03:00:00 +01:00,2018-08-06 04:00:00 +01:00,1,1
AT,AT.0008.20.AQ,NET.09,STA.09.AKC,,SPO.09.AKC.5066.6001.1,SPP.09.AKC.5066.6001.1.11325,SAM.09.AKC.5066.6001.1,PM2.5,http://dd.eionet.europa.eu/vocabulary/aq/pollutant/6001,hour,11.5139999300,µg/m3,2018-08-06 04:00:00 +01:00,2018-08-06 05:00:00 +01:00,1,1
AT,AT.0008.20.AQ,NET.09,STA.09.AKC,,SPO.09.AKC.5066.6001.1,SPP.09.AKC.5066.6001.1.11325,SAM.09.AKC.5066.6001.1,PM2.5,http://dd.eionet.europa.eu/vocabulary/aq/pollutant/6001,hour,11.5634994500,µg/m3,2018-08-06 05:00:00 +01:00,2018-08-06 06:00:00 +01:00,1,1
AT,AT.0008.20.AQ,NET.09,STA.09.AKC,,SPO.09.AKC.5066.6001.1,SPP.09.AKC.5066.6001.1.11325,SAM.09.AKC.5066.6001.1,PM2.5,http://dd.eionet.europa.eu/vocabulary/aq/pollutant/6001,hour,10.3649997700,µg/m3,2018-08-06 06:00:00 +01:00,2018-08-06 07:00:00 +01:00,1,1
AT,AT.0008.20.AQ,NET.09,STA.09.AKC,,SPO.09.AKC.5066.6001.1,SPP.09.AKC.5066.6001.1.11325,SAM.09.AKC.5066.6001.1,PM2.5,http://dd.eionet.europa.eu/vocabulary/aq/pollutant/6001,hour,6.8848500200,µg/m3,2018-08-06 08:00:00 +01:00,2018-08-06 09:00:00 +01:00,1,1
AT,AT.0008.20.AQ,NET.09,STA.09.AKC,,SPO.09.AKC.5066.6001.1,SPP.09.AKC.5066.6001.1.11325,SAM.09.AKC.5066.6001.1,PM2.5,http://dd.eionet.europa.eu/vocabulary/aq/pollutant/6001,hour,7.2974500600,µg/m3,2018-08-06 10:00:00 +01:00,2018-08-06 11:00:00 +01:00,1,1
AT,AT.0008.20.AQ,NET.09,STA.09.AKC,,SPO.09.AKC.5066.6001.1,SPP.09.AKC.5066.6001.1.11325,SAM.09.AKC.5066.6001.1,PM2.5,http://dd.eionet.europa.eu/vocabulary/aq/pollutant/6001,hour,7.2568998300,µg/m3,2018-08-06 11:00:00 +01:00,2018-08-06 12:00:00 +01:00,1,1
AT,AT.0008.20.AQ,NET.09,STA.09.AKC,,SPO.09.AKC.5066.6001.1,SPP.09.AKC.5066.6001.1.11325,SAM.09.AKC.5066.6001.1,PM2.5,http://dd.eionet.europa.eu/vocabulary/aq/pollutant/6001,hour,7.1686501500,µg/m3,2018-08-06 12:00:00 +01:00,2018-08-06 13:00:00 +01:00,1,1
AT,AT.0008.20.AQ,NET.09,STA.09.AKC,,SPO.09.AKC.5066.6001.1,SPP.09.AKC.5066.6001.1.11325,SAM.09.AKC.5066.6001.1,PM2.5,http://dd.eionet.europa.eu/vocabulary/aq/pollutant/6001,hour,7.1766500400,µg/m3,2018-08-06 13:00:00 +01:00,2018-08-06 14:00:00 +01:00,1,1
AT,AT.0008.20.AQ,NET.09,STA.09.AKC,,SPO.09.AKC.5066.6001.1,SPP.09.AKC.5066.6001.1.11325,SAM.09.AKC.5066.6001.1,PM2.5,http://dd.eionet.europa.eu/vocabulary/aq/pollutant/6001,hour,6.8722000100,µg/m3,2018-08-06 14:00:00 +01:00,2018-08-06 15:00:00 +01:00,1,1
AT,AT.0008.20.AQ,NET.09,STA.09.AKC,,SPO.09.AKC.5066.6001.1,SPP.09.AKC.5066.6001.1.11325,SAM.09.AKC.5066.6001.1,PM2.5,http://dd.eionet.europa.eu/vocabulary/aq/pollutant/6001,hour,6.3071002900,µg/m3,2018-08-06 16:00:00 +01:00,2018-08-06 17:00:00 +01:00,1,1
AT,AT.0008.20.AQ,NET.09,STA.09.AKC,,SPO.09.AKC.5066.6001.1,SPP.09.AKC.5066.6001.1.11325,SAM.09.AKC.5066.6001.1,PM2.5,http://dd.eionet.europa.eu/vocabulary/aq/pollutant/6001,hour,8.5791501900,µg/m3,2018-08-06 23:00:00 +01:00,2018-08-07 00:00:00 +01:00,1,1
AT,AT.0008.20.AQ,NET.09,STA.09.AKC,,SPO.09.AKC.5066.6001.1,SPP.09.AKC.5066.6001.1.11325,SAM.09.AKC.5066.6001.1,PM2.5,http://dd.eionet.europa.eu/vocabulary/aq/pollutant/6001,hour,8.2228002500,µg/m3,2018-08-07 00:00:00 +01:00,2018-08-07 01:00:00 +01:00,1,1
AT,AT.0008.20.AQ,NET.09,STA.09.AKC,,SPO.09.AKC.5066.6001.1,SPP.09.AKC.5066.6001.1.11325,SAM.09.AKC.5066.6001.1,PM2.5,http://dd.eionet.europa.eu/vocabulary/aq/pollutant/6001,hour,7.7446002900,µg/m3,2018-08-07 03:00:00 +01:00,2018-08-07 04:00:00 +01:00,1,1
AT,AT.0008.20.AQ,NET.09,STA.09.AKC,,SPO.09.AKC.5066.6001.1,SPP.09.AKC.5066.6001.1.11325,SAM.09.AKC.5066.6001.1,PM2.5,http://dd.eionet.europa.eu/vocabulary/aq/pollutant/6001,hour,8.1214504200,µg/m3,2018-08-07 04:00:00 +01:00,2018-08-07 05:00:00 +01:00,1,1
AT,AT.0008.20.AQ,NET.09,STA.09.AKC,,SPO.09.AKC.5066.6001.1,SPP.09.AKC.5066.6001.1.11325,SAM.09.AKC.5066.6001.1,PM2.5,http://dd.eionet.europa.eu/vocabulary/aq/pollutant/6001,hour,8.5687999700,µg/m3,2018-08-07 05:00:00 +01:00,2018-08-07 06:00:00 +01:00,1,1
AT,AT.0008.20.AQ,NET.09,STA.09.AKC,,SPO.09.AKC.5066.6001.1,SPP.09.AKC.5066.6001.1.11325,SAM.09.AKC.5066.6001.1,PM2.5,http://dd.eionet.europa.eu/vocabulary/aq/pollutant/6001,hour,9.5671005200,µg/m3,2018-08-07 07:00:00 +01:00,2018-08-07 08:00:00 +01:00,1,1
AT,AT.0008.20.AQ,NET.09,STA.09.AKC,,SPO.09.AKC.5066.6001.1,SPP.09.AKC.5066.6001.1.11325,SAM.09.AKC.5066.6001.1,PM2.5,http://dd.eionet.europa.eu/vocabulary/aq/pollutant/6001,hour,10.5053501100,µg/m3,2018-08-07 08:00:00 +01:00,2018-08-07 09:00:00 +01:00,1,1
AT,AT.0008.20.AQ,NET.09,STA.09.AKC,,SPO.09.AKC.5066.6001.1,SPP.09.AKC.5066.6001.1.11325,SAM.09.AKC.5066.6001.1,PM2.5,http://dd.eionet.europa.eu/vocabulary/aq/pollutant/6001,hour,11.2929992600,µg/m3,2018-08-07 09:00:00 +01:00,2018-08-07 10:00:00 +01:00,1,1
AT,AT.0008.20.AQ,NET.09,STA.09.AKC,,SPO.09.AKC.5066.6001.1,SPP.09.AKC.5066.6001.1.11325,SAM.09.AKC.5066.6001.1,PM2.5,http://dd.eionet.europa.eu/vocabulary/aq/pollutant/6001,hour,11.1709995200,µg/m3,2018-08-07 10:00:00 +01:00,2018-08-07 11:00:00 +01:00,1,1
AT,AT.0008.20.AQ,NET.09,STA.09.AKC,,SPO.09.AKC.5066.6001.1,SPP.09.AKC.5066.6001.1.11325,SAM.09.AKC.5066.6001.1,PM2.5,http://dd.eionet.europa.eu/vocabulary/aq/pollutant/6001,hour,11.9799995400,µg/m3,2018-08-07 11:00:00 +01:00,2018-08-07 12:00:00 +01:00,1,1
AT,AT.0008.20.AQ,NET.09,STA.09.AKC,,SPO.09.AKC.5066.6001.1,SPP.09.AKC.5066.6001.1.11325,SAM.09.AKC.5066.6001.1,PM2.5,http://dd.eionet.europa.eu/vocabulary/aq/pollutant/6001,hour,11.7930002200,µg/m3,2018-08-07 12:00:00 +01:00,2018-08-07 13:00:00 +01:00,1,1
AT,AT.0008.20.AQ,NET.09,STA.09.AKC,,SPO.09.AKC.5066.6001.1,SPP.09.AKC.5066.6001.1.11325,SAM.09.AKC.5066.6001.1,PM2.5,http://dd.eionet.europa.eu/vocabulary/aq/pollutant/6001,hour,12.9519996600,µg/m3,2018-08-07 15:00:00 +01:00,2018-08-07 16:00:00 +01:00,1,1
AT,AT.0008.20.AQ,NET.09,STA.09.AKC,,SPO.09.AKC.5066.6001.1,SPP.09.AKC.5066.6001.1.11325,SAM.09.AKC.5066.6001.1,PM2.5,http://dd.eionet.europa.eu/vocabulary/aq/pollutant/6001,hour,9.8367004300,µg/m3,2018-08-07 19:00:00 +01:00,2018-08-07 20:00:00 +01:00,1,1
AT,AT.0008.20.AQ,NET.09,STA.09.AKC,,SPO.09.AKC.5066.6001.1,SPP.09.AKC.5066.6001.1.11325,SAM.09.AKC.5066.6001.1,PM2.5,http://dd.eionet.europa.eu/vocabulary/aq/pollutant/6001,hour,5.6353502200,µg/m3,2018-08-07 20:00:00 +01:00,2018-08-07 21:00:00 +01:00,1,1
AT,AT.0008.20.AQ,NET.09,STA.09.AKC,,SPO.09.AKC.5066.6001.1,SPP.09.AKC.5066.6001.1.11325,SAM.09.AKC.5066.6001.1,PM2.5,http://dd.eionet.europa.eu/vocabulary/aq/pollutant/6001,hour,6.2505998600,µg/m3,2018-08-07 22:00:00 +01:00,2018-08-07 23:00:00 +01:00,1,1
AT,AT.0008.20.AQ,NET.09,STA.09.AKC,,SPO.09.AKC.5066.6001.1,SPP.09.AKC.5066.6001.1.11325,SAM.09.AKC.5066.6001.1,PM2.5,http://dd.eionet.europa.eu/vocabulary/aq/pollutant/6001,hour,7.4521503400,µg/m3,2018-08-08 01:00:00 +01:00,2018-08-08 02:00:00 +01:00,1,1
AT,AT.0008.20.AQ,NET.09,STA.09.AKC,,SPO.09.AKC.5066.6001.1,SPP.09.AKC.5066.6001.1.11325,SAM.09.AKC.5066.6001.1,PM2.5,http://dd.eionet.europa.eu/vocabulary/aq/pollutant/6001,hour,9.7253494200,µg/m3,2018-08-08 05:00:00 +01:00,2018-08-08 06:00:00 +01:00,1,1
AT,AT.0008.20.AQ,NET.09,STA.09.AKC,,SPO.09.AKC.5066.6001.1,SPP.09.AKC.5066.6001.1.11325,SAM.09.AKC.5066.6001.1,PM2.5,http://dd.eionet.europa.eu/vocabulary/aq/pollutant/6001,hour,10.2418003000,µg/m3,2018-08-08 06:00:00 +01:00,2018-08-08 07:00:00 +01:00,1,1
AT,AT.0008.20.AQ,NET.09,STA.09.AKC,,SPO.09.AKC.5066.6001.1,SPP.09.AKC.5066.6001.1.11325,SAM.09.AKC.5066.6001.1,PM2.5,http://dd.eionet.europa.eu/vocabulary/aq/pollutant/6001,hour,11.2495002700,µg/m3,2018-08-08 08:00:00 +01:00,2018-08-08 09:00:00 +01:00,1,1
AT,AT.0008.20.AQ,NET.09,STA.09.AKC,,SPO.09.AKC.5066.6001.1,SPP.09.AKC.5066.6001.1.11325,SAM.09.AKC.5066.6001.1,PM2.5,http://dd.eionet.europa.eu/vocabulary/aq/pollutant/6001,hour,12.1595001200,µg/m3,2018-08-08 09:00:00 +01:00,2018-08-08 10:00:00 +01:00,1,1
AT,AT.0008.20.AQ,NET.09,STA.09.AKC,,SPO.09.AKC.5066.6001.1,SPP.09.AKC.5066.6001.1.11325,SAM.09.AKC.5066.6001.1,PM2.5,http://dd.eionet.europa.eu/vocabulary/aq/pollutant/6001,hour,13.3734998700,µg/m3,2018-08-08 10:00:00 +01:00,2018-08-08 11:00:00 +01:00,1,1
AT,AT.0008.20.AQ,NET.09,STA.09.AKC,,SPO.09.AKC.5066.6001.1,SPP.09.AKC.5066.6001.1.11325,SAM.09.AKC.5066.6001.1,PM2.5,http://dd.eionet.europa.eu/vocabulary/aq/pollutant/6001,hour,11.6774997700,µg/m3,2018-08-08 12:00:00 +01:00,2018-08-08 13:00:00 +01:00,1,1
AT,AT.0008.20.AQ,NET.09,STA.09.AKC,,SPO.09.AKC.5066.6001.1,SPP.09.AKC.5066.6001.1.11325,SAM.09.AKC.5066.6001.1,PM2.5,http://dd.eionet.europa.eu/vocabulary/aq/pollutant/6001,hour,11.2649993800,µg/m3,2018-08-08 14:00:00 +01:00,2018-08-08 15:00:00 +01:00,1,1
AT,AT.0008.20.AQ,NET.09,STA.09.AKC,,SPO.09.AKC.5066.6001.1,SPP.09.AKC.5066.6001.1.11325,SAM.09.AKC.5066.6001.1,PM2.5,http://dd.eionet.europa.eu/vocabulary/aq/pollutant/6001,hour,11.2674999200,µg/m3,2018-08-08 15:00:00 +01:00,2018-08-08 16:00:00 +01:00,1,1
AT,AT.0008.20.AQ,NET.09,STA.09.AKC,,SPO.09.AKC.5066.6001.1,SPP.09.AKC.5066.6001.1.11325,SAM.09.AKC.5066.6001.1,PM2.5,http://dd.eionet.europa.eu/vocabulary/aq/pollutant/6001,hour,10.3894004800,µg/m3,2018-08-08 17:00:00 +01:00,2018-08-08 18:00:00 +01:00,1,1
AT,AT.0008.20.AQ,NET.09,STA.09.AKC,,SPO.09.AKC.5066.6001.1,SPP.09.AKC.5066.6001.1.11325,SAM.09.AKC.5066.6001.1,PM2.5,http://dd.eionet.europa.eu/vocabulary/aq/pollutant/6001,hour,10.4944992000,µg/m3,2018-08-08 18:00:00 +01:00,2018-08-08 19:00:00 +01:00,1,1
AT,AT.0008.20.AQ,NET.09,STA.09.AKC,,SPO.09.AKC.5066.6001.1,SPP.09.AKC.5066.6001.1.11325,SAM.09.AKC.5066.6001.1,PM2.5,http://dd.eionet.europa.eu/vocabulary/aq/pollutant/6001,hour,8.9286003100,µg/m3,2018-08-08 20:00:00 +01:00,2018-08-08 21:00:00 +01:00,1,1
AT,AT.0008.20.AQ,NET.09,STA.09.AKC,,SPO.09.AKC.5066.6001.1,SPP.09.AKC.5066.6001.1.11325,SAM.09.AKC.5066.6001.1,PM2.5,http://dd.eionet.europa.eu/vocabulary/aq/pollutant/6001,hour,10.3803501100,µg/m3,2018-08-08 22:00:00 +01:00,2018-08-08 23:00:00 +01:00,1,1
AT,AT.0008.20.AQ,NET.09,STA.09.AKC,,SPO.09.AKC.5066.6001.1,SPP.09.AKC.5066.6001.1.11325,SAM.09.AKC.5066.6001.1,PM2.5,http://dd.eionet.europa.eu/vocabulary/aq/pollutant/6001,hour,11.4615001600,µg/m3,2018-08-09 00:00:00 +01:00,2018-08-09 01:00:00 +01:00,1,1
AT,AT.0008.20.AQ,NET.09,STA.09.AKC,,SPO.09.AKC.5066.6001.1,SPP.09.AKC.5066.6001.1.11325,SAM.09.AKC.5066.6001.1,PM2.5,http://dd.eionet.europa.eu/vocabulary/aq/pollutant/6001,hour,10.6635494200,µg/m3,2018-08-09 01:00:00 +01:00,2018-08-09 02:00:00 +01:00,1,1
AT,AT.0008.20.AQ,NET.09,STA.09.AKC,,SPO.09.AKC.5066.6001.1,SPP.09.AKC.5066.6001.1.11325,SAM.09.AKC.5066.6001.1,PM2.5,http://dd.eionet.europa.eu/vocabulary/aq/pollutant/6001,hour,6.8749504000,µg/m3,2018-08-09 04:00:00 +01:00,2018-08-09 05:00:00 +01:00,1,1
AT,AT.0008.20.AQ,NET.09,STA.09.AKC,,SPO.09.AKC.5066.6001.1,SPP.09.AKC.5066.6001.1.11325,SAM.09.AKC.5066.6001.1,PM2.5,http://dd.eionet.europa.eu/vocabulary/aq/pollutant/6001,hour,8.4706497100,µg/m3,2018-08-09 05:00:00 +01:00,2018-08-09 06:00:00 +01:00,1,1
AT,AT.0008.20.AQ,NET.09,STA.09.AKC,,SPO.09.AKC.5066.6001.1,SPP.09.AKC.5066.6001.1.11325,SAM.09.AKC.5066.6001.1,PM2.5,http://dd.eionet.europa.eu/vocabulary/aq/pollutant/6001,hour,9.1303005200,µg/m3,2018-08-09 06:00:00 +01:00,2018-08-09 07:00:00 +01:00,1,1
AT,AT.0008.20.AQ,NET.09,STA.09.AKC,,SPO.09.AKC.5066.6001.1,SPP.09.AKC.5066.6001.1.11325,SAM.09.AKC.5066.6001.1,PM2.5,http://dd.eionet.europa.eu/vocabulary/aq/pollutant/6001,hour,7.9328498800,µg/m3,2018-08-09 07:00:00 +01:00,2018-08-09 08:00:00 +01:00,1,1
AT,AT.0008.20.AQ,NET.09,STA.09.AKC,,SPO.09.AKC.5066.6001.1,SPP.09.AKC.5066.6001.1.11325,SAM.09.AKC.5066.6001.1,PM2.5,http://dd.eionet.europa.eu/vocabulary/aq/pollutant/6001,hour,10.4834499300,µg/m3,2018-08-09 09:00:00 +01:00,2018-08-09 10:00:00 +01:00,1,1
AT,AT.0008.20.AQ,NET.09,STA.09.AKC,,SPO.09.AKC.5066.6001.1,SPP.09.AKC.5066.6001.1.11325,SAM.09.AKC.5066.6001.1,PM2.5,http://dd.eionet.europa.eu/vocabulary/aq/pollutant/6001,hour,16.9664993200,µg/m3,2018-08-09 10:00:00 +01:00,2018-08-09 11:00:00 +01:00,1,1
AT,AT.0008.20.AQ,NET.09,STA.09.AKC,,SPO.09.AKC.5066.6001.1,SPP.09.AKC.5066.6001.1.11325,SAM.09.AKC.5066.6001.1,PM2.5,http://dd.eionet.europa.eu/vocabulary/aq/pollutant/6001,hour,15.2635002100,µg/m3,2018-08-09 12:00:00 +01:00,2018-08-09 13:00:00 +01:00,1,1
AT,AT.0008.20.AQ,NET.09,STA.09.AKC,,SPO.09.AKC.5066.6001.1,SPP.09.AKC.5066.6001.1.11325,SAM.09.AKC.5066.6001.1,PM2.5,http://dd.eionet.europa.eu/vocabulary/aq/pollutant/6001,hour,12.4239997800,µg/m3,2018-08-09 13:00:00 +01:00,2018-08-09 14:00:00 +01:00,1,1
AT,AT.0008.20.AQ,NET.09,STA.09.AKC,,SPO.09.AKC.5066.6001.1,SPP.09.AKC.5066.6001.1.11325,SAM.09.AKC.5066.6001.1,PM2.5,http://dd.eionet.europa.eu/vocabulary/aq/pollutant/6001,hour,10.8870000800,µg/m3,2018-08-09 16:00:00 +01:00,2018-08-09 17:00:00 +01:00,1,1
AT,AT.0008.20.AQ,NET.09,STA.09.AKC,,SPO.09.AKC.5066.6001.1,SPP.09.AKC.5066.6001.1.11325,SAM.09.AKC.5066.6001.1,PM2.5,http://dd.eionet.europa.eu/vocabulary/aq/pollutant/6001,hour,12.5799999200,µg/m3,2018-08-09 17:00:00 +01:00,2018-08-09 18:00:00 +01:00,1,1
AT,AT.0008.20.AQ,NET.09,STA.09.AKC,,SPO.09.AKC.5066.6001.1,SPP.09.AKC.5066.6001.1.11325,SAM.09.AKC.5066.6001.1,PM2.5,http://dd.eionet.europa.eu/vocabulary/aq/pollutant/6001,hour,14.3309993700,µg/m3,2018-08-09 18:00:00 +01:00,2018-08-09 19:00:00 +01:00,1,1
AT,AT.0008.20.AQ,NET.09,STA.09.AKC,,SPO.09.AKC.5066.6001.1,SPP.09.AKC.5066.6001.1.11325,SAM.09.AKC.5066.6001.1,PM2.5,http://dd.eionet.europa.eu/vocabulary/aq/pollutant/6001,hour,14.2534999800,µg/m3,2018-08-09 19:00:00 +01:00,2018-08-09 20:00:00 +01:00,1,1
AT,AT.0008.20.AQ,NET.09,STA.09.AKC,,SPO.09.AKC.5066.6001.1,SPP.09.AKC.5066.6001.1.11325,SAM.09.AKC.5066.6001.1,PM2.5,http://dd.eionet.europa.eu/vocabulary/aq/pollutant/6001,hour,15.2580003700,µg/m3,2018-08-09 22:00:00 +01:00,2018-08-09 23:00:00 +01:00,1,1
AT,AT.0008.20.AQ,NET.09,STA.09.AKC,,SPO.09.AKC.5066.6001.1,SPP.09.AKC.5066.6001.1.11325,SAM.09.AKC.5066.6001.1,PM2.5,http://dd.eionet.europa.eu/vocabulary/aq/pollutant/6001,hour,14.0429992600,µg/m3,2018-08-10 00:00:00 +01:00,2018-08-10 01:00:00 +01:00,1,1
AT,AT.0008.20.AQ,NET.09,STA.09.AKC,,SPO.09.AKC.5066.6001.1,SPP.09.AKC.5066.6001.1.11325,SAM.09.AKC.5066.6001.1,PM2.5,http://dd.eionet.europa.eu/vocabulary/aq/pollutant/6001,hour,5.7167997300,µg/m3,2018-08-10 04:00:00 +01:00,2018-08-10 05:00:00 +01:00,1,1
AT,AT.0008.20.AQ,NET.09,STA.09.AKC,,SPO.09.AKC.5066.6001.1,SPP.09.AKC.5066.6001.1.11325,SAM.09.AKC.5066.6001.1,PM2.5,http://dd.eionet.europa.eu/vocabulary/aq/pollutant/6001,hour,6.3023996300,µg/m3,2018-08-10 06:00:00 +01:00,2018-08-10 07:00:00 +01:00,1,1
AT,AT.0008.20.AQ,NET.09,STA.09.AKC,,SPO.09.AKC.5066.6001.1,SPP.09.AKC.5066.6001.1.11325,SAM.09.AKC.5066.6001.1,PM2.5,http://dd.eionet.europa.eu/vocabulary/aq/pollutant/6001,hour,6.5181503200,µg/m3,2018-08-10 07:00:00 +01:00,2018-08-10 08:00:00 +01:00,1,1
AT,AT.0008.20.AQ,NET.09,STA.09.AKC,,SPO.09.AKC.5066.6001.1,SPP.09.AKC.5066.6001.1.11325,SAM.09.AKC.5066.6001.1,PM2.5,http://dd.eionet.europa.eu/vocabulary/aq/pollutant/6001,hour,6.3461499200,µg/m3,2018-08-10 08:00:00 +01:00,2018-08-10 09:00:00 +01:00,1,1
AT,AT.0008.20.AQ,NET.09,STA.09.AKC,,SPO.09.AKC.5066.6001.1,SPP.09.AKC.5066.6001.1.11325,SAM.09.AKC.5066.6001.1,PM2.5,http://dd.eionet.europa.eu/vocabulary/aq/pollutant/6001,hour,5.0963497100,µg/m3,2018-08-10 12:00:00 +01:00,2018-08-10 13:00:00 +01:00,1,1
AT,AT.0008.20.AQ,NET.09,STA.09.AKC,,SPO.09.AKC.5066.6001.1,SPP.09.AKC.5066.6001.1.11325,SAM.09.AKC.5066.6001.1,PM2.5,http://dd.eionet.europa.eu/vocabulary/aq/pollutant/6001,hour,4.9794502200,µg/m3,2018-08-10 13:00:00 +01:00,2018-08-10 14:00:00 +01:00,1,1
AT,AT.0008.20.AQ,NET.09,STA.09.AKC,,SPO.09.AKC.5066.6001.1,SPP.09.AKC.5066.6001.1.11325,SAM.09.AKC.5066.6001.1,PM2.5,http://dd.eionet.europa.eu/vocabulary/aq/pollutant/6001,hour,4.9293498900,µg/m3,2018-08-10 14:00:00 +01:00,2018-08-10 15:00:00 +01:00,1,1
AT,AT.0008.20.AQ,NET.09,STA.09.AKC,,SPO.09.AKC.5066.6001.1,SPP.09.AKC.5066.6001.1.11325,SAM.09.AKC.5066.6001.1,PM2.5,http://dd.eionet.europa.eu/vocabulary/aq/pollutant/6001,hour,4.5852003000,µg/m3,2018-08-10 15:00:00 +01:00,2018-08-10 16:00:00 +01:00,1,1
AT,AT.0008.20.AQ,NET.09,STA.09.AKC,,SPO.09.AKC.5066.6001.1,SPP.09.AKC.5066.6001.1.11325,SAM.09.AKC.5066.6001.1,PM2.5,http://dd.eionet.europa.eu/vocabulary/aq/pollutant/6001,hour,6.4198503400,µg/m3,2018-08-10 16:00:00 +01:00,2018-08-10 17:00:00 +01:00,1,1
AT,AT.0008.20.AQ,NET.09,STA.09.AKC,,SPO.09.AKC.5066.6001.1,SPP.09.AKC.5066.6001.1.11325,SAM.09.AKC.5066.6001.1,PM2.5,http://dd.eionet.europa.eu/vocabulary/aq/pollutant/6001,hour,3.2131500200,µg/m3,2018-08-10 18:00:00 +01:00,2018-08-10 19:00:00 +01:00,1,1
AT,AT.0008.20.AQ,NET.09,STA.09.AKC,,SPO.09.AKC.5066.6001.1,SPP.09.AKC.5066.6001.1.11325,SAM.09.AKC.5066.6001.1,PM2.5,http://dd.eionet.europa.eu/vocabulary/aq/pollutant/6001,hour,2.9627499500,µg/m3,2018-08-10 19:00:00 +01:00,2018-08-10 20:00:00 +01:00,1,1
AT,AT.0008.20.AQ,NET.09,STA.09.AKC,,SPO.09.AKC.5066.6001.1,SPP.09.AKC.5066.6001.1.11325,SAM.09.AKC.5066.6001.1,PM2.5,http://dd.eionet.europa.eu/vocabulary/aq/pollutant/6001,hour,3.4478998100,µg/m3,2018-08-10 20:00:00 +01:00,2018-08-10 21:00:00 +01:00,1,1
AT,AT.0008.20.AQ,NET.09,STA.09.AKC,,SPO.09.AKC.5066.6001.1,SPP.09.AKC.5066.6001.1.11325,SAM.09.AKC.5066.6001.1,PM2.5,http://dd.eionet.europa.eu/vocabulary/aq/pollutant/6001,hour,3.8466000500,µg/m3,2018-08-10 23:00:00 +01:00,2018-08-11 00:00:00 +01:00,1,1
AT,AT.0008.20.AQ,NET.09,STA.09.AKC,,SPO.09.AKC.5066.6001.1,SPP.09.AKC.5066.6001.1.11325,SAM.09.AKC.5066.6001.1,PM2.5,http://dd.eionet.europa.eu/vocabulary/aq/pollutant/6001,hour,4.1138000400,µg/m3,2018-08-11 00:00:00 +01:00,2018-08-11 01:00:00 +01:00,1,1
AT,AT.0008.20.AQ,NET.09,STA.09.AKC,,SPO.09.AKC.5066.6001.1,SPP.09.AKC.5066.6001.1.11325,SAM.09.AKC.5066.6001.1,PM2.5,http://dd.eionet.europa.eu/vocabulary/aq/pollutant/6001,hour,4.4988999300,µg/m3,2018-08-11 01:00:00 +01:00,2018-08-11 02:00:00 +01:00,1,1
AT,AT.0008.20.AQ,NET.09,STA.09.AKC,,SPO.09.AKC.5066.6001.1,SPP.09.AKC.5066.6001.1.11325,SAM.09.AKC.5066.6001.1,PM2.5,http://dd.eionet.europa.eu/vocabulary/aq/pollutant/6001,hour,6.0550498900,µg/m3,2018-08-11 03:00:00 +01:00,2018-08-11 04:00:00 +01:00,1,1
AT,AT.0008.20.AQ,NET.09,STA.09.AKC,,SPO.09.AKC.5066.6001.1,SPP.09.AKC.5066.6001.1.11325,SAM.09.AKC.5066.6001.1,PM2.5,http://dd.eionet.europa.eu/vocabulary/aq/pollutant/6001,hour,5.4697999900,µg/m3,2018-08-11 04:00:00 +01:00,2018-08-11 05:00:00 +01:00,1,1
AT,AT.0008.20.AQ,NET.09,STA.09.AKC,,SPO.09.AKC.5066.6001.1,SPP.09.AKC.5066.6001.1.11325,SAM.09.AKC.5066.6001.1,PM2.5,http://dd.eionet.europa.eu/vocabulary/aq/pollutant/6001,hour,6.5187997800,µg/m3,2018-08-11 06:00:00 +01:00,2018-08-11 07:00:00 +01:00,1,1
AT,AT.0008.20.AQ,NET.09,STA.09.AKC,,SPO.09.AKC.5066.6001.1,SPP.09.AKC.5066.6001.1.11325,SAM.09.AKC.5066.6001.1,PM2.5,http://dd.eionet.europa.eu/vocabulary/aq/pollutant/6001,hour,4.0030999100,µg/m3,2018-08-11 12:00:00 +01:00,2018-08-11 13:00:00 +01:00,1,1
AT,AT.0008.20.AQ,NET.09,STA.09.AKC,,SPO.09.AKC.5066.6001.1,SPP.09.AKC.5066.6001.1.11325,SAM.09.AKC.5066.6001.1,PM2.5,http://dd.eionet.europa.eu/vocabulary/aq/pollutant/6001,hour,3.8228499800,µg/m3,2018-08-11 14:00:00 +01:00,2018-08-11 15:00:00 +01:00,1,1
AT,AT.0008.20.AQ,NET.09,STA.09.AKC,,SPO.09.AKC.5066.6001.1,SPP.09.AKC.5066.6001.1.11325,SAM.09.AKC.5066.6001.1,PM2.5,http://dd.eionet.europa.eu/vocabulary/aq/pollutant/6001,hour,3.4930000300,µg/m3,2018-08-11 15:00:00 +01:00,2018-08-11 16:00:00 +01:00,1,1
AT,AT.0008.20.AQ,NET.09,STA.09.AKC,,SPO.09.AKC.5066.6001.1,SPP.09.AKC.5066.6001.1.11325,SAM.09.AKC.5066.6001.1,PM2.5,http://dd.eionet.europa.eu/vocabulary/aq/pollutant/6001,hour,2.7464499400,µg/m3,2018-08-11 17:00:00 +01:00,2018-08-11 18:00:00 +01:00,1,1
AT,AT.0008.20.AQ,NET.09,STA.09.AKC,,SPO.09.AKC.5066.6001.1,SPP.09.AKC.5066.6001.1.11325,SAM.09.AKC.5066.6001.1,PM2.5,http://dd.eionet.europa.eu/vocabulary/aq/pollutant/6001,hour,3.0011000600,µg/m3,2018-08-11 18:00:00 +01:00,2018-08-11 19:00:00 +01:00,1,1
AT,AT.0008.20.AQ,NET.09,STA.09.AKC,,SPO.09.AKC.5066.6001.1,SPP.09.AKC.5066.6001.1.11325,SAM.09.AKC.5066.6001.1,PM2.5,http://dd.eionet.europa.eu/vocabulary/aq/pollutant/6001,hour,3.1995499100,µg/m3,2018-08-11 19:00:00 +01:00,2018-08-11 20:00:00 +01:00,1,1
AT,AT.0008.20.AQ,NET.09,STA.09.AKC,,SPO.09.AKC.5066.6001.1,SPP.09.AKC.5066.6001.1.11325,SAM.09.AKC.5066.6001.1,PM2.5,http://dd.eionet.europa.eu/vocabulary/aq/pollutant/6001,hour,3.1854000000,µg/m3,2018-08-11 20:00:00 +01:00,2018-08-11 21:00:00 +01:00,1,1
AT,AT.0008.20.AQ,NET.09,STA.09.AKC,,SPO.09.AKC.5066.6001.1,SPP.09.AKC.5066.6001.1.11325,SAM.09.AKC.5066.6001.1,PM2.5,http://dd.eionet.europa.eu/vocabulary/aq/pollutant/6001,hour,4.0017499900,µg/m3,2018-08-11 23:00:00 +01:00,2018-08-12 00:00:00 +01:00,1,1
AT,AT.0008.20.AQ,NET.09,STA.09.AKC,,SPO.09.AKC.5066.6001.1,SPP.09.AKC.5066.6001.1.11325,SAM.09.AKC.5066.6001.1,PM2.5,http://dd.eionet.europa.eu/vocabulary/aq/pollutant/6001,hour,4.0504999100,µg/m3,2018-08-12 00:00:00 +01:00,2018-08-12 01:00:00 +01:00,1,1
AT,AT.0008.20.AQ,NET.09,STA.09.AKC,,SPO.09.AKC.5066.6001.1,SPP.09.AKC.5066.6001.1.11325,SAM.09.AKC.5066.6001.1,PM2.5,http://dd.eionet.europa.eu/vocabulary/aq/pollutant/6001,hour,4.1091499300,µg/m3,2018-08-12 01:00:00 +01:00,2018-08-12 02:00:00 +01:00,1,1
AT,AT.0008.20.AQ,NET.09,STA.09.AKC,,SPO.09.AKC.5066.6001.1,SPP.09.AKC.5066.6001.1.11325,SAM.09.AKC.5066.6001.1,PM2.5,http://dd.eionet.europa.eu/vocabulary/aq/pollutant/6001,hour,4.3150501200,µg/m3,2018-08-12 02:00:00 +01:00,2018-08-12 03:00:00 +01:00,1,1
AT,AT.0008.20.AQ,NET.09,STA.09.AKC,,SPO.09.AKC.5066.6001.1,SPP.09.AKC.5066.6001.1.11325,SAM.09.AKC.5066.6001.1,PM2.5,http://dd.eionet.europa.eu/vocabulary/aq/pollutant/6001,hour,4.9099998400,µg/m3,2018-08-12 03:00:00 +01:00,2018-08-12 04:00:00 +01:00,1,1
AT,AT.0008.20.AQ,NET.09,STA.09.AKC,,SPO.09.AKC.5066.6001.1,SPP.09.AKC.5066.6001.1.11325,SAM.09.AKC.5066.6001.1,PM2.5,http://dd.eionet.europa.eu/vocabulary/aq/pollutant/6001,hour,4.3888502100,µg/m3,2018-08-12 04:00:00 +01:00,2018-08-12 05:00:00 +01:00,1,1
AT,AT.0008.20.AQ,NET.09,STA.09.AKC,,SPO.09.AKC.5066.6001.1,SPP.09.AKC.5066.6001.1.11325,SAM.09.AKC.5066.6001.1,PM2.5,http://dd.eionet.europa.eu/vocabulary/aq/pollutant/6001,hour,3.9567499100,µg/m3,2018-08-12 06:00:00 +01:00,2018-08-12 07:00:00 +01:00,1,1
AT,AT.0008.20.AQ,NET.09,STA.09.AKC,,SPO.09.AKC.5066.6001.1,SPP.09.AKC.5066.6001.1.11325,SAM.09.AKC.5066.6001.1,PM2.5,http://dd.eionet.europa.eu/vocabulary/aq/pollutant/6001,hour,4.2558002400,µg/m3,2018-08-12 07:00:00 +01:00,2018-08-12 08:00:00 +01:00,1,1
AT,AT.0008.20.AQ,NET.09,STA.09.AKC,,SPO.09.AKC.5066.6001.1,SPP.09.AKC.5066.6001.1.11325,SAM.09.AKC.5066.6001.1,PM2.5,http://dd.eionet.europa.eu/vocabulary/aq/pollutant/6001,hour,3.0978999100,µg/m3,2018-08-12 11:00:00 +01:00,2018-08-12 12:00:00 +01:00,1,1
AT,AT.0008.20.AQ,NET.09,STA.09.AKC,,SPO.09.AKC.5066.6001.1,SPP.09.AKC.5066.6001.1.11325,SAM.09.AKC.5066.6001.1,PM2.5,http://dd.eionet.europa.eu/vocabulary/aq/pollutant/6001,hour,2.9075999200,µg/m3,2018-08-12 13:00:00 +01:00,2018-08-12 14:00:00 +01:00,1,1
AT,AT.0008.20.AQ,NET.09,STA.09.AKC,,SPO.09.AKC.5066.6001.1,SPP.09.AKC.5066.6001.1.11325,SAM.09.AKC.5066.6001.1,PM2.5,http://dd.eionet.europa.eu/vocabulary/aq/pollutant/6001,hour,2.9236998500,µg/m3,2018-08-12 14:00:00 +01:00,2018-08-12 15:00:00 +01:00,1,1
AT,AT.0008.20.AQ,NET.09,STA.09.AKC,,SPO.09.AKC.5066.6001.1,SPP.09.AKC.5066.6001.1.11325,SAM.09.AKC.5066.6001.1,PM2.5,http://dd.eionet.europa.eu/vocabulary/aq/pollutant/6001,hour,4.7035999200,µg/m3,2018-08-12 19:00:00 +01:00,2018-08-12 20:00:00 +01:00,1,1
AT,AT.0008.20.AQ,NET.09,STA.09.AKC,,SPO.09.AKC.5066.6001.1,SPP.09.AKC.5066.6001.1.11325,SAM.09.AKC.5066.6001.1,PM2.5,http://dd.eionet.europa.eu/vocabulary/aq/pollutant/6001,hour,4.9615998200,µg/m3,2018-08-12 20:00:00 +01:00,2018-08-12 21:00:00 +01:00,1,1
AT,AT.0008.20.AQ,NET.09,STA.09.AKC,,SPO.09.AKC.5066.6001.1,SPP.09.AKC.5066.6001.1.11325,SAM.09.AKC.5066.6001.1,PM2.5,http://dd.eionet.europa.eu/vocabulary/aq/pollutant/6001,hour,5.3141999200,µg/m3,2018-08-12 21:00:00 +01:00,2018-08-12 22:00:00 +01:00,1,1
AT,AT.0008.20.AQ,NET.09,STA.09.AKC,,SPO.09.AKC.5066.6001.1,SPP.09.AKC.5066.6001.1.11325,SAM.09.AKC.5066.6001.1,PM2.5,http://dd.eionet.europa.eu/vocabulary/aq/pollutant/6001,hour,5.9629998200,µg/m3,2018-08-12 23:00:00 +01:00,2018-08-13 00:00:00 +01:00,1,1
AT,AT.0008.20.AQ,NET.09,STA.09.AKC,,SPO.09.AKC.5066.6001.1,SPP.09.AKC.5066.6001.1.11325,SAM.09.AKC.5066.6001.1,PM2.5,http://dd.eionet.europa.eu/vocabulary/aq/pollutant/6001,hour,6.6779003100,µg/m3,2018-08-13 00:00:00 +01:00,2018-08-13 01:00:00 +01:00,1,1
AT,AT.0008.20.AQ,NET.09,STA.09.AKC,,SPO.09.AKC.5066.6001.1,SPP.09.AKC.5066.6001.1.11325,SAM.09.AKC.5066.6001.1,PM2.5,http://dd.eionet.europa.eu/vocabulary/aq/pollutant/6001,hour,8.4652500100,µg/m3,2018-08-13 02:00:00 +01:00,2018-08-13 03:00:00 +01:00,1,1
AT,AT.0008.20.AQ,NET.09,STA.09.AKC,,SPO.09.AKC.5066.6001.1,SPP.09.AKC.5066.6001.1.11325,SAM.09.AKC.5066.6001.1,PM2.5,http://dd.eionet.europa.eu/vocabulary/aq/pollutant/6001,hour,9.0722007700,µg/m3,2018-08-13 03:00:00 +01:00,2018-08-13 04:00:00 +01:00,1,1
AT,AT.0008.20.AQ,NET.09,STA.09.AKC,,SPO.09.AKC.5066.6001.1,SPP.09.AKC.5066.6001.1.11325,SAM.09.AKC.5066.6001.1,PM2.5,http://dd.eionet.europa.eu/vocabulary/aq/pollutant/6001,hour,8.3221502300,µg/m3,2018-08-13 04:00:00 +01:00,2018-08-13 05:00:00 +01:00,1,1
AT,AT.0008.20.AQ,NET.09,STA.09.AKC,,SPO.09.AKC.5066.6001.1,SPP.09.AKC.5066.6001.1.11325,SAM.09.AKC.5066.6001.1,PM2.5,http://dd.eionet.europa.eu/vocabulary/aq/pollutant/6001,hour,8.7855501100,µg/m3,2018-08-13 05:00:00 +01:00,2018-08-13 06:00:00 +01:00,1,1
AT,AT.0008.20.AQ,NET.09,STA.09.AKC,,SPO.09.AKC.5066.6001.1,SPP.09.AKC.5066.6001.1.11325,SAM.09.AKC.5066.6001.1,PM2.5,http://dd.eionet.europa.eu/vocabulary/aq/pollutant/6001,hour,8.7441005700,µg/m3,2018-08-13 06:00:00 +01:00,2018-08-13 07:00:00 +01:00,1,1
AT,AT.0008.20.AQ,NET.09,STA.09.AKC,,SPO.09.AKC.5066.6001.1,SPP.09.AKC.5066.6001.1.11325,SAM.09.AKC.5066.6001.1,PM2.5,http://dd.eionet.europa.eu/vocabulary/aq/pollutant/6001,hour,9.5699005100,µg/m3,2018-08-13 08:00:00 +01:00,2018-08-13 09:00:00 +01:00,1,1
AT,AT.0008.20.AQ,NET.09,STA.09.AKC,,SPO.09.AKC.5066.6001.1,SPP.09.AKC.5066.6001.1.11325,SAM.09.AKC.5066.6001.1,PM2.5,http://dd.eionet.europa.eu/vocabulary/aq/pollutant/6001,hour,5.8035497600,µg/m3,2018-08-13 15:00:00 +01:00,2018-08-13 16:00:00 +01:00,1,1
AT,AT.0008.20.AQ,NET.09,STA.09.AKC,,SPO.09.AKC.5066.6001.1,SPP.09.AKC.5066.6001.1.11325,SAM.09.AKC.5066.6001.1,PM2.5,http://dd.eionet.europa.eu/vocabulary/aq/pollutant/6001,hour,7.6086001300,µg/m3,2018-08-13 18:00:00 +01:00,2018-08-13 19:00:00 +01:00,1,1
AT,AT.0008.20.AQ,NET.09,STA.09.AKC,,SPO.09.AKC.5066.6001.1,SPP.09.AKC.5066.6001.1.11325,SAM.09.AKC.5066.6001.1,PM2.5,http://dd.eionet.europa.eu/vocabulary/aq/pollutant/6001,hour,8.8453502600,µg/m3,2018-08-13 20:00:00 +01:00,2018-08-13 21:00:00 +01:00,1,1
AT,AT.0008.20.AQ,NET.09,STA.09.AKC,,SPO.09.AKC.5066.6001.1,SPP.09.AKC.5066.6001.1.11325,SAM.09.AKC.5066.6001.1,PM2.5,http://dd.eionet.europa.eu/vocabulary/aq/pollutant/6001,hour,8.2652997900,µg/m3,2018-08-13 21:00:00 +01:00,2018-08-13 22:00:00 +01:00,1,1
AT,AT.0008.20.AQ,NET.09,STA.09.AKC,,SPO.09.AKC.5066.6001.1,SPP.09.AKC.5066.6001.1.11325,SAM.09.AKC.5066.6001.1,PM2.5,http://dd.eionet.europa.eu/vocabulary/aq/pollutant/6001,hour,4.6110496500,µg/m3,2018-08-13 23:00:00 +01:00,2018-08-14 00:00:00 +01:00,1,1
AT,AT.0008.20.AQ,NET.09,STA.09.AKC,,SPO.09.AKC.5066.6001.1,SPP.09.AKC.5066.6001.1.11325,SAM.09.AKC.5066.6001.1,PM2.5,http://dd.eionet.europa.eu/vocabulary/aq/pollutant/6001,hour,3.4178500100,µg/m3,2018-08-14 01:00:00 +01:00,2018-08-14 02:00:00 +01:00,1,1
AT,AT.0008.20.AQ,NET.09,STA.09.AKC,,SPO.09.AKC.5066.6001.1,SPP.09.AKC.5066.6001.1.11325,SAM.09.AKC.5066.6001.1,PM2.5,http://dd.eionet.europa.eu/vocabulary/aq/pollutant/6001,hour,3.6419501300,µg/m3,2018-08-14 02:00:00 +01:00,2018-08-14 03:00:00 +01:00,1,1
AT,AT.0008.20.AQ,NET.09,STA.09.AKC,,SPO.09.AKC.5066.6001.1,SPP.09.AKC.5066.6001.1.11325,SAM.09.AKC.5066.6001.1,PM2.5,http://dd.eionet.europa.eu/vocabulary/aq/pollutant/6001,hour,3.8116500300,µg/m3,2018-08-14 03:00:00 +01:00,2018-08-14 04:00:00 +01:00,1,1
AT,AT.0008.20.AQ,NET.09,STA.09.AKC,,SPO.09.AKC.5066.6001.1,SPP.09.AKC.5066.6001.1.11325,SAM.09.AKC.5066.6001.1,PM2.5,http://dd.eionet.europa.eu/vocabulary/aq/pollutant/6001,hour,3.7460498800,µg/m3,2018-08-14 04:00:00 +01:00,2018-08-14 05:00:00 +01:00,1,1
AT,AT.0008.20.AQ,NET.09,STA.09.AKC,,SPO.09.AKC.5066.6001.1,SPP.09.AKC.5066.6001.1.11325,SAM.09.AKC.5066.6001.1,PM2.5,http://dd.eionet.europa.eu/vocabulary/aq/pollutant/6001,hour,4.0671501100,µg/m3,2018-08-14 05:00:00 +01:00,2018-08-14 06:00:00 +01:00,1,1
AT,AT.0008.20.AQ,NET.09,STA.09.AKC,,SPO.09.AKC.5066.6001.1,SPP.09.AKC.5066.6001.1.11325,SAM.09.AKC.5066.6001.1,PM2.5,http://dd.eionet.europa.eu/vocabulary/aq/pollutant/6001,hour,4.0876498200,µg/m3,2018-08-14 06:00:00 +01:00,2018-08-14 07:00:00 +01:00,1,1
AT,AT.0008.20.AQ,NET.09,STA.09.AKC,,SPO.09.AKC.5066.6001.1,SPP.09.AKC.5066.6001.1.11325,SAM.09.AKC.5066.6001.1,PM2.5,http://dd.eionet.europa.eu/vocabulary/aq/pollutant/6001,hour,4.2316498700,µg/m3,2018-08-14 08:00:00 +01:00,2018-08-14 09:00:00 +01:00,1,1
AT,AT.0008.20.AQ,NET.09,STA.09.AKC,,SPO.09.AKC.5066.6001.1,SPP.09.AKC.5066.6001.1.11325,SAM.09.AKC.5066.6001.1,PM2.5,http://dd.eionet.europa.eu/vocabulary/aq/pollutant/6001,hour,5.3227500900,µg/m3,2018-08-14 09:00:00 +01:00,2018-08-14 10:00:00 +01:00,1,1
AT,AT.0008.20.AQ,NET.09,STA.09.AKC,,SPO.09.AKC.5066.6001.1,SPP.09.AKC.5066.6001.1.11325,SAM.09.AKC.5066.6001.1,PM2.5,http://dd.eionet.europa.eu/vocabulary/aq/pollutant/6001,hour,6.2206497100,µg/m3,2018-08-14 10:00:00 +01:00,2018-08-14 11:00:00 +01:00,1,1
AT,AT.0008.20.AQ,NET.09,STA.09.AKC,,SPO.09.AKC.5066.6001.1,SPP.09.AKC.5066.6001.1.11325,SAM.09.AKC.5066.6001.1,PM2.5,http://dd.eionet.europa.eu/vocabulary/aq/pollutant/6001,hour,6.7059001900,µg/m3,2018-08-14 11:00:00 +01:00,2018-08-14 12:00:00 +01:00,1,1
AT,AT.0008.20.AQ,NET.09,STA.09.AKC,,SPO.09.AKC.5066.6001.1,SPP.09.AKC.5066.6001.1.11325,SAM.09.AKC.5066.6001.1,PM2.5,http://dd.eionet.europa.eu/vocabulary/aq/pollutant/6001,hour,7.3207998200,µg/m3,2018-08-14 12:00:00 +01:00,2018-08-14 13:00:00 +01:00,1,1
AT,AT.0008.20.AQ,NET.09,STA.09.AKC,,SPO.09.AKC.5066.6001.1,SPP.09.AKC.5066.6001.1.11325,SAM.09.AKC.5066.6001.1,PM2.5,http://dd.eionet.europa.eu/vocabulary/aq/pollutant/6001,hour,6.7686996400,µg/m3,2018-08-14 14:00:00 +01:00,2018-08-14 15:00:00 +01:00,1,1
AT,AT.0008.20.AQ,NET.09,STA.09.AKC,,SPO.09.AKC.5066.6001.1,SPP.09.AKC.5066.6001.1.11325,SAM.09.AKC.5066.6001.1,PM2.5,http://dd.eionet.europa.eu/vocabulary/aq/pollutant/6001,hour,4.4072999900,µg/m3,2018-08-14 18:00:00 +01:00,2018-08-14 19:00:00 +01:00,1,1
AT,AT.0008.20.AQ,NET.09,STA.09.AKC,,SPO.09.AKC.5066.6001.1,SPP.09.AKC.5066.6001.1.11325,SAM.09.AKC.5066.6001.1,PM2.5,http://dd.eionet.europa.eu/vocabulary/aq/pollutant/6001,hour,4.0065498300,µg/m3,2018-08-14 19:00:00 +01:00,2018-08-14 20:00:00 +01:00,1,1
AT,AT.0008.20.AQ,NET.09,STA.09.AKC,,SPO.09.AKC.5066.6001.1,SPP.09.AKC.5066.6001.1.11325,SAM.09.AKC.5066.6001.1,PM2.5,http://dd.eionet.europa.eu/vocabulary/aq/pollutant/6001,hour,3.3800499400,µg/m3,2018-08-14 21:00:00 +01:00,2018-08-14 22:00:00 +01:00,1,1
AT,AT.0008.20.AQ,NET.09,STA.09.AKC,,SPO.09.AKC.5066.6001.1,SPP.09.AKC.5066.6001.1.11325,SAM.09.AKC.5066.6001.1,PM2.5,http://dd.eionet.europa.eu/vocabulary/aq/pollutant/6001,hour,3.2298998800,µg/m3,2018-08-14 22:00:00 +01:00,2018-08-14 23:00:00 +01:00,1,1
AT,AT.0008.20.AQ,NET.09,STA.09.AKC,,SPO.09.AKC.5066.6001.1,SPP.09.AKC.5066.6001.1.11325,SAM.09.AKC.5066.6001.1,PM2.5,http://dd.eionet.europa.eu/vocabulary/aq/pollutant/6001,hour,3.2285499500,µg/m3,2018-08-14 23:00:00 +01:00,2018-08-15 00:00:00 +01:00,1,1
AT,AT.0008.20.AQ,NET.09,STA.09.AKC,,SPO.09.AKC.5066.6001.1,SPP.09.AKC.5066.6001.1.11325,SAM.09.AKC.5066.6001.1,PM2.5,http://dd.eionet.europa.eu/vocabulary/aq/pollutant/6001,hour,3.1279997800,µg/m3,2018-08-15 00:00:00 +01:00,2018-08-15 01:00:00 +01:00,1,1
AT,AT.0008.20.AQ,NET.09,STA.09.AKC,,SPO.09.AKC.5066.6001.1,SPP.09.AKC.5066.6001.1.11325,SAM.09.AKC.5066.6001.1,PM2.5,http://dd.eionet.europa.eu/vocabulary/aq/pollutant/6001,hour,3.1894001900,µg/m3,2018-08-15 01:00:00 +01:00,2018-08-15 02:00:00 +01:00,1,1
AT,AT.0008.20.AQ,NET.09,STA.09.AKC,,SPO.09.AKC.5066.6001.1,SPP.09.AKC.5066.6001.1.11325,SAM.09.AKC.5066.6001.1,PM2.5,http://dd.eionet.europa.eu/vocabulary/aq/pollutant/6001,hour,3.9546999900,µg/m3,2018-08-15 03:00:00 +01:00,2018-08-15 04:00:00 +01:00,1,1
AT,AT.0008.20.AQ,NET.09,STA.09.AKC,,SPO.09.AKC.5066.6001.1,SPP.09.AKC.5066.6001.1.11325,SAM.09.AKC.5066.6001.1,PM2.5,http://dd.eionet.europa.eu/vocabulary/aq/pollutant/6001,hour,4.0526499700,µg/m3,2018-08-15 04:00:00 +01:00,2018-08-15 05:00:00 +01:00,1,1
AT,AT.0008.20.AQ,NET.09,STA.09.AKC,,SPO.09.AKC.5066.6001.1,SPP.09.AKC.5066.6001.1.11325,SAM.09.AKC.5066.6001.1,PM2.5,http://dd.eionet.europa.eu/vocabulary/aq/pollutant/6001,hour,4.1325998300,µg/m3,2018-08-15 05:00:00 +01:00,2018-08-15 06:00:00 +01:00,1,1
AT,AT.0008.20.AQ,NET.09,STA.09.AKC,,SPO.09.AKC.5066.6001.1,SPP.09.AKC.5066.6001.1.11325,SAM.09.AKC.5066.6001.1,PM2.5,http://dd.eionet.europa.eu/vocabulary/aq/pollutant/6001,hour,4.3587999300,µg/m3,2018-08-15 06:00:00 +01:00,2018-08-15 07:00:00 +01:00,1,1
AT,AT.0008.20.AQ,NET.09,STA.09.AKC,,SPO.09.AKC.5066.6001.1,SPP.09.AKC.5066.6001.1.11325,SAM.09.AKC.5066.6001.1,PM2.5,http://dd.eionet.europa.eu/vocabulary/aq/pollutant/6001,hour,4.4433999000,µg/m3,2018-08-15 07:00:00 +01:00,2018-08-15 08:00:00 +01:00,1,1
AT,AT.0008.20.AQ,NET.09,STA.09.AKC,,SPO.09.AKC.5066.6001.1,SPP.09.AKC.5066.6001.1.11325,SAM.09.AKC.5066.6001.1,PM2.5,http://dd.eionet.europa.eu/vocabulary/aq/pollutant/6001,hour,4.4934501600,µg/m3,2018-08-15 08:00:00 +01:00,2018-08-15 09:00:00 +01:00,1,1
AT,AT.0008.20.AQ,NET.09,STA.09.AKC,,SPO.09.AKC.5066.6001.1,SPP.09.AKC.5066.6001.1.11325,SAM.09.AKC.5066.6001.1,PM2.5,http://dd.eionet.europa.eu/vocabulary/aq/pollutant/6001,hour,5.7565498300,µg/m3,2018-08-15 11:00:00 +01:00,2018-08-15 12:00:00 +01:00,1,1
AT,AT.0008.20.AQ,NET.09,STA.09.AKC,,SPO.09.AKC.5066.6001.1,SPP.09.AKC.5066.6001.1.11325,SAM.09.AKC.5066.6001.1,PM2.5,http://dd.eionet.europa.eu/vocabulary/aq/pollutant/6001,hour,5.3027000400,µg/m3,2018-08-15 12:00:00 +01:00,2018-08-15 13:00:00 +01:00,1,1
AT,AT.0008.20.AQ,NET.09,STA.09.AKC,,SPO.09.AKC.5066.6001.1,SPP.09.AKC.5066.6001.1.11325,SAM.09.AKC.5066.6001.1,PM2.5,http://dd.eionet.europa.eu/vocabulary/aq/pollutant/6001,hour,4.5443000700,µg/m3,2018-08-15 13:00:00 +01:00,2018-08-15 14:00:00 +01:00,1,1
AT,AT.0008.20.AQ,NET.09,STA.09.AKC,,SPO.09.AKC.5066.6001.1,SPP.09.AKC.5066.6001.1.11325,SAM.09.AKC.5066.6001.1,PM2.5,http://dd.eionet.europa.eu/vocabulary/aq/pollutant/6001,hour,3.6664500200,µg/m3,2018-08-15 14:00:00 +01:00,2018-08-15 15:00:00 +01:00,1,1
AT,AT.0008.20.AQ,NET.09,STA.09.AKC,,SPO.09.AKC.5066.6001.1,SPP.09.AKC.5066.6001.1.11325,SAM.09.AKC.5066.6001.1,PM2.5,http://dd.eionet.europa.eu/vocabulary/aq/pollutant/6001,hour,3.3892498000,µg/m3,2018-08-15 15:00:00 +01:00,2018-08-15 16:00:00 +01:00,1,1
AT,AT.0008.20.AQ,NET.09,STA.09.AKC,,SPO.09.AKC.5066.6001.1,SPP.09.AKC.5066.6001.1.11325,SAM.09.AKC.5066.6001.1,PM2.5,http://dd.eionet.europa.eu/vocabulary/aq/pollutant/6001,hour,3.2691998400,µg/m3,2018-08-15 17:00:00 +01:00,2018-08-15 18:00:00 +01:00,1,1
AT,AT.0008.20.AQ,NET.09,STA.09.AKC,,SPO.09.AKC.5066.6001.1,SPP.09.AKC.5066.6001.1.11325,SAM.09.AKC.5066.6001.1,PM2.5,http://dd.eionet.europa.eu/vocabulary/aq/pollutant/6001,hour,4.4429502400,µg/m3,2018-08-15 19:00:00 +01:00,2018-08-15 20:00:00 +01:00,1,1
AT,AT.0008.20.AQ,NET.09,STA.09.AKC,,SPO.09.AKC.5066.6001.1,SPP.09.AKC.5066.6001.1.11325,SAM.09.AKC.5066.6001.1,PM2.5,http://dd.eionet.europa.eu/vocabulary/aq/pollutant/6001,hour,4.9235496500,µg/m3,2018-08-15 20:00:00 +01:00,2018-08-15 21:00:00 +01:00,1,1
AT,AT.0008.20.AQ,NET.09,STA.09.AKC,,SPO.09.AKC.5066.6001.1,SPP.09.AKC.5066.6001.1.11325,SAM.09.AKC.5066.6001.1,PM2.5,http://dd.eionet.europa.eu/vocabulary/aq/pollutant/6001,hour,4.2121000200,µg/m3,2018-08-15 22:00:00 +01:00,2018-08-15 23:00:00 +01:00,1,1
AT,AT.0008.20.AQ,NET.09,STA.09.AKC,,SPO.09.AKC.5066.6001.1,SPP.09.AKC.5066.6001.1.11325,SAM.09.AKC.5066.6001.1,PM2.5,http://dd.eionet.europa.eu/vocabulary/aq/pollutant/6001,hour,4.1315002400,µg/m3,2018-08-15 23:00:00 +01:00,2018-08-16 00:00:00 +01:00,1,1
AT,AT.0008.20.AQ,NET.09,STA.09.AKC,,SPO.09.AKC.5066.6001.1,SPP.09.AKC.5066.6001.1.11325,SAM.09.AKC.5066.6001.1,PM2.5,http://dd.eionet.europa.eu/vocabulary/aq/pollutant/6001,hour,4.6788001000,µg/m3,2018-08-16 02:00:00 +01:00,2018-08-16 03:00:00 +01:00,1,1
AT,AT.0008.20.AQ,NET.09,STA.09.AKC,,SPO.09.AKC.5066.6001.1,SPP.09.AKC.5066.6001.1.11325,SAM.09.AKC.5066.6001.1,PM2.5,http://dd.eionet.europa.eu/vocabulary/aq/pollutant/6001,hour,5.3520498200,µg/m3,2018-08-16 03:00:00 +01:00,2018-08-16 04:00:00 +01:00,1,1
AT,AT.0008.20.AQ,NET.09,STA.09.AKC,,SPO.09.AKC.5066.6001.1,SPP.09.AKC.5066.6001.1.11325,SAM.09.AKC.5066.6001.1,PM2.5,http://dd.eionet.europa.eu/vocabulary/aq/pollutant/6001,hour,6.1271500500,µg/m3,2018-08-16 05:00:00 +01:00,2018-08-16 06:00:00 +01:00,1,1
AT,AT.0008.20.AQ,NET.09,STA.09.AKC,,SPO.09.AKC.5066.6001.1,SPP.09.AKC.5066.6001.1.11325,SAM.09.AKC.5066.6001.1,PM2.5,http://dd.eionet.europa.eu/vocabulary/aq/pollutant/6001,hour,6.2895498200,µg/m3,2018-08-16 07:00:00 +01:00,2018-08-16 08:00:00 +01:00,1,1
AT,AT.0008.20.AQ,NET.09,STA.09.AKC,,SPO.09.AKC.5066.6001.1,SPP.09.AKC.5066.6001.1.11325,SAM.09.AKC.5066.6001.1,PM2.5,http://dd.eionet.europa.eu/vocabulary/aq/pollutant/6001,hour,6.7385001100,µg/m3,2018-08-16 08:00:00 +01:00,2018-08-16 09:00:00 +01:00,1,1
AT,AT.0008.20.AQ,NET.09,STA.09.AKC,,SPO.09.AKC.5066.6001.1,SPP.09.AKC.5066.6001.1.11325,SAM.09.AKC.5066.6001.1,PM2.5,http://dd.eionet.europa.eu/vocabulary/aq/pollutant/6001,hour,5.7662000600,µg/m3,2018-08-16 09:00:00 +01:00,2018-08-16 10:00:00 +01:00,1,1
AT,AT.0008.20.AQ,NET.09,STA.09.AKC,,SPO.09.AKC.5066.6001.1,SPP.09.AKC.5066.6001.1.11325,SAM.09.AKC.5066.6001.1,PM2.5,http://dd.eionet.europa.eu/vocabulary/aq/pollutant/6001,hour,6.0810999800,µg/m3,2018-08-16 10:00:00 +01:00,2018-08-16 11:00:00 +01:00,1,1
AT,AT.0008.20.AQ,NET.09,STA.09.AKC,,SPO.09.AKC.5066.6001.1,SPP.09.AKC.5066.6001.1.11325,SAM.09.AKC.5066.6001.1,PM2.5,http://dd.eionet.europa.eu/vocabulary/aq/pollutant/6001,hour,4.5651998500,µg/m3,2018-08-16 13:00:00 +01:00,2018-08-16 14:00:00 +01:00,1,1
AT,AT.0008.20.AQ,NET.09,STA.09.AKC,,SPO.09.AKC.5066.6001.1,SPP.09.AKC.5066.6001.1.11325,SAM.09.AKC.5066.6001.1,PM2.5,http://dd.eionet.europa.eu/vocabulary/aq/pollutant/6001,hour,4.1141500400,µg/m3,2018-08-16 15:00:00 +01:00,2018-08-16 16:00:00 +01:00,1,1
AT,AT.0008.20.AQ,NET.09,STA.09.AKC,,SPO.09.AKC.5066.6001.1,SPP.09.AKC.5066.6001.1.11325,SAM.09.AKC.5066.6001.1,PM2.5,http://dd.eionet.europa.eu/vocabulary/aq/pollutant/6001,hour,3.8466000500,µg/m3,2018-08-16 16:00:00 +01:00,2018-08-16 17:00:00 +01:00,1,1
AT,AT.0008.20.AQ,NET.09,STA.09.AKC,,SPO.09.AKC.5066.6001.1,SPP.09.AKC.5066.6001.1.11325,SAM.09.AKC.5066.6001.1,PM2.5,http://dd.eionet.europa.eu/vocabulary/aq/pollutant/6001,hour,4.1400003400,µg/m3,2018-08-16 18:00:00 +01:00,2018-08-16 19:00:00 +01:00,1,1
AT,AT.0008.20.AQ,NET.09,STA.09.AKC,,SPO.09.AKC.5066.6001.1,SPP.09.AKC.5066.6001.1.11325,SAM.09.AKC.5066.6001.1,PM2.5,http://dd.eionet.europa.eu/vocabulary/aq/pollutant/6001,hour,5.4844999300,µg/m3,2018-08-16 19:00:00 +01:00,2018-08-16 20:00:00 +01:00,1,1
AT,AT.0008.20.AQ,NET.09,STA.09.AKC,,SPO.09.AKC.5066.6001.1,SPP.09.AKC.5066.6001.1.11325,SAM.09.AKC.5066.6001.1,PM2.5,http://dd.eionet.europa.eu/vocabulary/aq/pollutant/6001,hour,6.1565504000,µg/m3,2018-08-16 23:00:00 +01:00,2018-08-17 00:00:00 +01:00,1,1
AT,AT.0008.20.AQ,NET.09,STA.09.AKC,,SPO.09.AKC.5066.6001.1,SPP.09.AKC.5066.6001.1.11325,SAM.09.AKC.5066.6001.1,PM2.5,http://dd.eionet.europa.eu/vocabulary/aq/pollutant/6001,hour,6.2716503100,µg/m3,2018-08-17 01:00:00 +01:00,2018-08-17 02:00:00 +01:00,1,1
AT,AT.0008.20.AQ,NET.09,STA.09.AKC,,SPO.09.AKC.5066.6001.1,SPP.09.AKC.5066.6001.1.11325,SAM.09.AKC.5066.6001.1,PM2.5,http://dd.eionet.europa.eu/vocabulary/aq/pollutant/6001,hour,8.3216495500,µg/m3,2018-08-17 03:00:00 +01:00,2018-08-17 04:00:00 +01:00,1,1
AT,AT.0008.20.AQ,NET.09,STA.09.AKC,,SPO.09.AKC.5066.6001.1,SPP.09.AKC.5066.6001.1.11325,SAM.09.AKC.5066.6001.1,PM2.5,http://dd.eionet.europa.eu/vocabulary/aq/pollutant/6001,hour,10.7625007600,µg/m3,2018-08-17 05:00:00 +01:00,2018-08-17 06:00:00 +01:00,1,1
AT,AT.0008.20.AQ,NET.09,STA.09.AKC,,SPO.09.AKC.5066.6001.1,SPP.09.AKC.5066.6001.1.11325,SAM.09.AKC.5066.6001.1,PM2.5,http://dd.eionet.europa.eu/vocabulary/aq/pollutant/6001,hour,11.5174999200,µg/m3,2018-08-17 06:00:00 +01:00,2018-08-17 07:00:00 +01:00,1,1
AT,AT.0008.20.AQ,NET.09,STA.09.AKC,,SPO.09.AKC.5066.6001.1,SPP.09.AKC.5066.6001.1.11325,SAM.09.AKC.5066.6001.1,PM2.5,http://dd.eionet.europa.eu/vocabulary/aq/pollutant/6001,hour,9.1954498200,µg/m3,2018-08-17 09:00:00 +01:00,2018-08-17 10:00:00 +01:00,1,1
AT,AT.0008.20.AQ,NET.09,STA.09.AKC,,SPO.09.AKC.5066.6001.1,SPP.09.AKC.5066.6001.1.11325,SAM.09.AKC.5066.6001.1,PM2.5,http://dd.eionet.europa.eu/vocabulary/aq/pollutant/6001,hour,4.3444499900,µg/m3,2018-08-17 18:00:00 +01:00,2018-08-17 19:00:00 +01:00,1,1
AT,AT.0008.20.AQ,NET.09,STA.09.AKC,,SPO.09.AKC.5066.6001.1,SPP.09.AKC.5066.6001.1.11325,SAM.09.AKC.5066.6001.1,PM2.5,http://dd.eionet.europa.eu/vocabulary/aq/pollutant/6001,hour,5.0577497400,µg/m3,2018-08-17 19:00:00 +01:00,2018-08-17 20:00:00 +01:00,1,1
AT,AT.0008.20.AQ,NET.09,STA.09.AKC,,SPO.09.AKC.5066.6001.1,SPP.09.AKC.5066.6001.1.11325,SAM.09.AKC.5066.6001.1,PM2.5,http://dd.eionet.europa.eu/vocabulary/aq/pollutant/6001,hour,9.9222002000,µg/m3,2018-08-17 20:00:00 +01:00,2018-08-17 21:00:00 +01:00,1,1
AT,AT.0008.20.AQ,NET.09,STA.09.AKC,,SPO.09.AKC.5066.6001.1,SPP.09.AKC.5066.6001.1.11325,SAM.09.AKC.5066.6001.1,PM2.5,http://dd.eionet.europa.eu/vocabulary/aq/pollutant/6001,hour,7.4204998000,µg/m3,2018-08-17 21:00:00 +01:00,2018-08-17 22:00:00 +01:00,1,1
AT,AT.0008.20.AQ,NET.09,STA.09.AKC,,SPO.09.AKC.5066.6001.1,SPP.09.AKC.5066.6001.1.11325,SAM.09.AKC.5066.6001.1,PM2.5,http://dd.eionet.europa.eu/vocabulary/aq/pollutant/6001,hour,6.9567003200,µg/m3,2018-08-17 23:00:00 +01:00,2018-08-18 00:00:00 +01:00,1,1
AT,AT.0008.20.AQ,NET.09,STA.09.AKC,,SPO.09.AKC.5066.6001.1,SPP.09.AKC.5066.6001.1.11325,SAM.09.AKC.5066.6001.1,PM2.5,http://dd.eionet.europa.eu/vocabulary/aq/pollutant/6001,hour,8.5158500600,µg/m3,2018-08-18 01:00:00 +01:00,2018-08-18 02:00:00 +01:00,1,1
AT,AT.0008.20.AQ,NET.09,STA.09.AKC,,SPO.09.AKC.5066.6001.1,SPP.09.AKC.5066.6001.1.11325,SAM.09.AKC.5066.6001.1,PM2.5,http://dd.eionet.europa.eu/vocabulary/aq/pollutant/6001,hour,8.5378494200,µg/m3,2018-08-18 02:00:00 +01:00,2018-08-18 03:00:00 +01:00,1,1
AT,AT.0008.20.AQ,NET.09,STA.09.AKC,,SPO.09.AKC.5066.6001.1,SPP.09.AKC.5066.6001.1.11325,SAM.09.AKC.5066.6001.1,PM2.5,http://dd.eionet.europa.eu/vocabulary/aq/pollutant/6001,hour,8.6328001000,µg/m3,2018-08-18 04:00:00 +01:00,2018-08-18 05:00:00 +01:00,1,1
AT,AT.0008.20.AQ,NET.09,STA.09.AKC,,SPO.09.AKC.5066.6001.1,SPP.09.AKC.5066.6001.1.11325,SAM.09.AKC.5066.6001.1,PM2.5,http://dd.eionet.europa.eu/vocabulary/aq/pollutant/6001,hour,9.1550998600,µg/m3,2018-08-18 05:00:00 +01:00,2018-08-18 06:00:00 +01:00,1,1
AT,AT.0008.20.AQ,NET.09,STA.09.AKC,,SPO.09.AKC.5066.6001.1,SPP.09.AKC.5066.6001.1.11325,SAM.09.AKC.5066.6001.1,PM2.5,http://dd.eionet.europa.eu/vocabulary/aq/pollutant/6001,hour,9.3145503900,µg/m3,2018-08-18 06:00:00 +01:00,2018-08-18 07:00:00 +01:00,1,1
AT,AT.0008.20.AQ,NET.09,STA.09.AKC,,SPO.09.AKC.5066.6001.1,SPP.09.AKC.5066.6001.1.11325,SAM.09.AKC.5066.6001.1,PM2.5,http://dd.eionet.europa.eu/vocabulary/aq/pollutant/6001,hour,7.1503000200,µg/m3,2018-08-18 09:00:00 +01:00,2018-08-18 10:00:00 +01:00,1,1
AT,AT.0008.20.AQ,NET.09,STA.09.AKC,,SPO.09.AKC.5066.6001.1,SPP.09.AKC.5066.6001.1.11325,SAM.09.AKC.5066.6001.1,PM2.5,http://dd.eionet.europa.eu/vocabulary/aq/pollutant/6001,hour,6.6268997100,µg/m3,2018-08-18 10:00:00 +01:00,2018-08-18 11:00:00 +01:00,1,1
AT,AT.0008.20.AQ,NET.09,STA.09.AKC,,SPO.09.AKC.5066.6001.1,SPP.09.AKC.5066.6001.1.11325,SAM.09.AKC.5066.6001.1,PM2.5,http://dd.eionet.europa.eu/vocabulary/aq/pollutant/6001,hour,5.3112497300,µg/m3,2018-08-18 12:00:00 +01:00,2018-08-18 13:00:00 +01:00,1,1
AT,AT.0008.20.AQ,NET.09,STA.09.AKC,,SPO.09.AKC.5066.6001.1,SPP.09.AKC.5066.6001.1.11325,SAM.09.AKC.5066.6001.1,PM2.5,http://dd.eionet.europa.eu/vocabulary/aq/pollutant/6001,hour,4.7449998800,µg/m3,2018-08-18 16:00:00 +01:00,2018-08-18 17:00:00 +01:00,1,1
AT,AT.0008.20.AQ,NET.09,STA.09.AKC,,SPO.09.AKC.5066.6001.1,SPP.09.AKC.5066.6001.1.11325,SAM.09.AKC.5066.6001.1,PM2.5,http://dd.eionet.europa.eu/vocabulary/aq/pollutant/6001,hour,4.9254999100,µg/m3,2018-08-18 17:00:00 +01:00,2018-08-18 18:00:00 +01:00,1,1
AT,AT.0008.20.AQ,NET.09,STA.09.AKC,,SPO.09.AKC.5066.6001.1,SPP.09.AKC.5066.6001.1.11325,SAM.09.AKC.5066.6001.1,PM2.5,http://dd.eionet.europa.eu/vocabulary/aq/pollutant/6001,hour,4.9334497400,µg/m3,2018-08-18 18:00:00 +01:00,2018-08-18 19:00:00 +01:00,1,1
AT,AT.0008.20.AQ,NET.09,STA.09.AKC,,SPO.09.AKC.5066.6001.1,SPP.09.AKC.5066.6001.1.11325,SAM.09.AKC.5066.6001.1,PM2.5,http://dd.eionet.europa.eu/vocabulary/aq/pollutant/6001,hour,6.8093500100,µg/m3,2018-08-18 19:00:00 +01:00,2018-08-18 20:00:00 +01:00,1,1
AT,AT.0008.20.AQ,NET.09,STA.09.AKC,,SPO.09.AKC.5066.6001.1,SPP.09.AKC.5066.6001.1.11325,SAM.09.AKC.5066.6001.1,PM2.5,http://dd.eionet.europa.eu/vocabulary/aq/pollutant/6001,hour,7.1511497400,µg/m3,2018-08-18 20:00:00 +01:00,2018-08-18 21:00:00 +01:00,1,1
AT,AT.0008.20.AQ,NET.09,STA.09.AKC,,SPO.09.AKC.5066.6001.1,SPP.09.AKC.5066.6001.1.11325,SAM.09.AKC.5066.6001.1,PM2.5,http://dd.eionet.europa.eu/vocabulary/aq/pollutant/6001,hour,7.0220003100,µg/m3,2018-08-18 21:00:00 +01:00,2018-08-18 22:00:00 +01:00,1,1
AT,AT.0008.20.AQ,NET.09,STA.09.AKC,,SPO.09.AKC.5066.6001.1,SPP.09.AKC.5066.6001.1.11325,SAM.09.AKC.5066.6001.1,PM2.5,http://dd.eionet.europa.eu/vocabulary/aq/pollutant/6001,hour,8.3262996600,µg/m3,2018-08-18 23:00:00 +01:00,2018-08-19 00:00:00 +01:00,1,1
AT,AT.0008.20.AQ,NET.09,STA.09.AKC,,SPO.09.AKC.5066.6001.1,SPP.09.AKC.5066.6001.1.11325,SAM.09.AKC.5066.6001.1,PM2.5,http://dd.eionet.europa.eu/vocabulary/aq/pollutant/6001,hour,8.4266500400,µg/m3,2018-08-19 03:00:00 +01:00,2018-08-19 04:00:00 +01:00,1,1
AT,AT.0008.20.AQ,NET.09,STA.09.AKC,,SPO.09.AKC.5066.6001.1,SPP.09.AKC.5066.6001.1.11325,SAM.09.AKC.5066.6001.1,PM2.5,http://dd.eionet.europa.eu/vocabulary/aq/pollutant/6001,hour,9.4809999400,µg/m3,2018-08-19 04:00:00 +01:00,2018-08-19 05:00:00 +01:00,1,1
AT,AT.0008.20.AQ,NET.09,STA.09.AKC,,SPO.09.AKC.5066.6001.1,SPP.09.AKC.5066.6001.1.11325,SAM.09.AKC.5066.6001.1,PM2.5,http://dd.eionet.europa.eu/vocabulary/aq/pollutant/6001,hour,9.4601001700,µg/m3,2018-08-19 05:00:00 +01:00,2018-08-19 06:00:00 +01:00,1,1
AT,AT.0008.20.AQ,NET.09,STA.09.AKC,,SPO.09.AKC.5066.6001.1,SPP.09.AKC.5066.6001.1.11325,SAM.09.AKC.5066.6001.1,PM2.5,http://dd.eionet.europa.eu/vocabulary/aq/pollutant/6001,hour,9.7273998200,µg/m3,2018-08-19 06:00:00 +01:00,2018-08-19 07:00:00 +01:00,1,1
AT,AT.0008.20.AQ,NET.09,STA.09.AKC,,SPO.09.AKC.5066.6001.1,SPP.09.AKC.5066.6001.1.11325,SAM.09.AKC.5066.6001.1,PM2.5,http://dd.eionet.europa.eu/vocabulary/aq/pollutant/6001,hour,8.5264501500,µg/m3,2018-08-19 08:00:00 +01:00,2018-08-19 09:00:00 +01:00,1,1
AT,AT.0008.20.AQ,NET.09,STA.09.AKC,,SPO.09.AKC.5066.6001.1,SPP.09.AKC.5066.6001.1.11325,SAM.09.AKC.5066.6001.1,PM2.5,http://dd.eionet.europa.eu/vocabulary/aq/pollutant/6001,hour,8.7372493700,µg/m3,2018-08-19 10:00:00 +01:00,2018-08-19 11:00:00 +01:00,1,1
AT,AT.0008.20.AQ,NET.09,STA.09.AKC,,SPO.09.AKC.5066.6001.1,SPP.09.AKC.5066.6001.1.11325,SAM.09.AKC.5066.6001.1,PM2.5,http://dd.eionet.europa.eu/vocabulary/aq/pollutant/6001,hour,7.8661003100,µg/m3,2018-08-19 11:00:00 +01:00,2018-08-19 12:00:00 +01:00,1,1
AT,AT.0008.20.AQ,NET.09,STA.09.AKC,,SPO.09.AKC.5066.6001.1,SPP.09.AKC.5066.6001.1.11325,SAM.09.AKC.5066.6001.1,PM2.5,http://dd.eionet.europa.eu/vocabulary/aq/pollutant/6001,hour,5.3572502100,µg/m3,2018-08-19 14:00:00 +01:00,2018-08-19 15:00:00 +01:00,1,1
AT,AT.0008.20.AQ,NET.09,STA.09.AKC,,SPO.09.AKC.5066.6001.1,SPP.09.AKC.5066.6001.1.11325,SAM.09.AKC.5066.6001.1,PM2.5,http://dd.eionet.europa.eu/vocabulary/aq/pollutant/6001,hour,5.0921001400,µg/m3,2018-08-19 15:00:00 +01:00,2018-08-19 16:00:00 +01:00,1,1
AT,AT.0008.20.AQ,NET.09,STA.09.AKC,,SPO.09.AKC.5066.6001.1,SPP.09.AKC.5066.6001.1.11325,SAM.09.AKC.5066.6001.1,PM2.5,http://dd.eionet.europa.eu/vocabulary/aq/pollutant/6001,hour,5.5174498500,µg/m3,2018-08-19 18:00:00 +01:00,2018-08-19 19:00:00 +01:00,1,1
AT,AT.0008.20.AQ,NET.09,STA.09.AKC,,SPO.09.AKC.5066.6001.1,SPP.09.AKC.5066.6001.1.11325,SAM.09.AKC.5066.6001.1,PM2.5,http://dd.eionet.europa.eu/vocabulary/aq/pollutant/6001,hour,7.7560000400,µg/m3,2018-08-19 19:00:00 +01:00,2018-08-19 20:00:00 +01:00,1,1
AT,AT.0008.20.AQ,NET.09,STA.09.AKC,,SPO.09.AKC.5066.6001.1,SPP.09.AKC.5066.6001.1.11325,SAM.09.AKC.5066.6001.1,PM2.5,http://dd.eionet.europa.eu/vocabulary/aq/pollutant/6001,hour,8.5986003800,µg/m3,2018-08-19 20:00:00 +01:00,2018-08-19 21:00:00 +01:00,1,1
AT,AT.0008.20.AQ,NET.09,STA.09.AKC,,SPO.09.AKC.5066.6001.1,SPP.09.AKC.5066.6001.1.11325,SAM.09.AKC.5066.6001.1,PM2.5,http://dd.eionet.europa.eu/vocabulary/aq/pollutant/6001,hour,8.7926006300,µg/m3,2018-08-19 21:00:00 +01:00,2018-08-19 22:00:00 +01:00,1,1
AT,AT.0008.20.AQ,NET.09,STA.09.AKC,,SPO.09.AKC.5066.6001.1,SPP.09.AKC.5066.6001.1.11325,SAM.09.AKC.5066.6001.1,PM2.5,http://dd.eionet.europa.eu/vocabulary/aq/pollutant/6001,hour,10.1394996600,µg/m3,2018-08-19 23:00:00 +01:00,2018-08-20 00:00:00 +01:00,1,1
AT,AT.0008.20.AQ,NET.09,STA.09.AKC,,SPO.09.AKC.5066.6001.1,SPP.09.AKC.5066.6001.1.11325,SAM.09.AKC.5066.6001.1,PM2.5,http://dd.eionet.europa.eu/vocabulary/aq/pollutant/6001,hour,10.1929998300,µg/m3,2018-08-20 00:00:00 +01:00,2018-08-20 01:00:00 +01:00,1,1
AT,AT.0008.20.AQ,NET.09,STA.09.AKC,,SPO.09.AKC.5066.6001.1,SPP.09.AKC.5066.6001.1.11325,SAM.09.AKC.5066.6001.1,PM2.5,http://dd.eionet.europa.eu/vocabulary/aq/pollutant/6001,hour,9.6138496300,µg/m3,2018-08-20 01:00:00 +01:00,2018-08-20 02:00:00 +01:00,1,1
AT,AT.0008.20.AQ,NET.09,STA.09.AKC,,SPO.09.AKC.5066.6001.1,SPP.09.AKC.5066.6001.1.11325,SAM.09.AKC.5066.6001.1,PM2.5,http://dd.eionet.europa.eu/vocabulary/aq/pollutant/6001,hour,9.8168001100,µg/m3,2018-08-20 02:00:00 +01:00,2018-08-20 03:00:00 +01:00,1,1
AT,AT.0008.20.AQ,NET.09,STA.09.AKC,,SPO.09.AKC.5066.6001.1,SPP.09.AKC.5066.6001.1.11325,SAM.09.AKC.5066.6001.1,PM2.5,http://dd.eionet.europa.eu/vocabulary/aq/pollutant/6001,hour,10.2255001000,µg/m3,2018-08-20 03:00:00 +01:00,2018-08-20 04:00:00 +01:00,1,1
AT,AT.0008.20.AQ,NET.09,STA.09.AKC,,SPO.09.AKC.5066.6001.1,SPP.09.AKC.5066.6001.1.11325,SAM.09.AKC.5066.6001.1,PM2.5,http://dd.eionet.europa.eu/vocabulary/aq/pollutant/6001,hour,10.9405002500,µg/m3,2018-08-20 04:00:00 +01:00,2018-08-20 05:00:00 +01:00,1,1
AT,AT.0008.20.AQ,NET.09,STA.09.AKC,,SPO.09.AKC.5066.6001.1,SPP.09.AKC.5066.6001.1.11325,SAM.09.AKC.5066.6001.1,PM2.5,http://dd.eionet.europa.eu/vocabulary/aq/pollutant/6001,hour,12.2674999200,µg/m3,2018-08-20 05:00:00 +01:00,2018-08-20 06:00:00 +01:00,1,1
AT,AT.0008.20.AQ,NET.09,STA.09.AKC,,SPO.09.AKC.5066.6001.1,SPP.09.AKC.5066.6001.1.11325,SAM.09.AKC.5066.6001.1,PM2.5,http://dd.eionet.europa.eu/vocabulary/aq/pollutant/6001,hour,12.0370006500,µg/m3,2018-08-20 06:00:00 +01:00,2018-08-20 07:00:00 +01:00,1,1
AT,AT.0008.20.AQ,NET.09,STA.09.AKC,,SPO.09.AKC.5066.6001.1,SPP.09.AKC.5066.6001.1.11325,SAM.09.AKC.5066.6001.1,PM2.5,http://dd.eionet.europa.eu/vocabulary/aq/pollutant/6001,hour,12.9300003000,µg/m3,2018-08-20 07:00:00 +01:00,2018-08-20 08:00:00 +01:00,1,1
AT,AT.0008.20.AQ,NET.09,STA.09.AKC,,SPO.09.AKC.5066.6001.1,SPP.09.AKC.5066.6001.1.11325,SAM.09.AKC.5066.6001.1,PM2.5,http://dd.eionet.europa.eu/vocabulary/aq/pollutant/6001,hour,8.8348503100,µg/m3,2018-08-20 08:00:00 +01:00,2018-08-20 09:00:00 +01:00,1,1
AT,AT.0008.20.AQ,NET.09,STA.09.AKC,,SPO.09.AKC.5066.6001.1,SPP.09.AKC.5066.6001.1.11325,SAM.09.AKC.5066.6001.1,PM2.5,http://dd.eionet.europa.eu/vocabulary/aq/pollutant/6001,hour,7.7828502600,µg/m3,2018-08-20 09:00:00 +01:00,2018-08-20 10:00:00 +01:00,1,1
AT,AT.0008.20.AQ,NET.09,STA.09.AKC,,SPO.09.AKC.5066.6001.1,SPP.09.AKC.5066.6001.1.11325,SAM.09.AKC.5066.6001.1,PM2.5,http://dd.eionet.europa.eu/vocabulary/aq/pollutant/6001,hour,7.5290002800,µg/m3,2018-08-20 10:00:00 +01:00,2018-08-20 11:00:00 +01:00,1,1
AT,AT.0008.20.AQ,NET.09,STA.09.AKC,,SPO.09.AKC.5066.6001.1,SPP.09.AKC.5066.6001.1.11325,SAM.09.AKC.5066.6001.1,PM2.5,http://dd.eionet.europa.eu/vocabulary/aq/pollutant/6001,hour,6.3648500400,µg/m3,2018-08-20 12:00:00 +01:00,2018-08-20 13:00:00 +01:00,1,1
AT,AT.0008.20.AQ,NET.09,STA.09.AKC,,SPO.09.AKC.5066.6001.1,SPP.09.AKC.5066.6001.1.11325,SAM.09.AKC.5066.6001.1,PM2.5,http://dd.eionet.europa.eu/vocabulary/aq/pollutant/6001,hour,5.8952999100,µg/m3,2018-08-20 13:00:00 +01:00,2018-08-20 14:00:00 +01:00,1,1
AT,AT.0008.20.AQ,NET.09,STA.09.AKC,,SPO.09.AKC.5066.6001.1,SPP.09.AKC.5066.6001.1.11325,SAM.09.AKC.5066.6001.1,PM2.5,http://dd.eionet.europa.eu/vocabulary/aq/pollutant/6001,hour,6.9657001400,µg/m3,2018-08-20 15:00:00 +01:00,2018-08-20 16:00:00 +01:00,1,1
AT,AT.0008.20.AQ,NET.09,STA.09.AKC,,SPO.09.AKC.5066.6001.1,SPP.09.AKC.5066.6001.1.11325,SAM.09.AKC.5066.6001.1,PM2.5,http://dd.eionet.europa.eu/vocabulary/aq/pollutant/6001,hour,7.5431499400,µg/m3,2018-08-20 16:00:00 +01:00,2018-08-20 17:00:00 +01:00,1,1
AT,AT.0008.20.AQ,NET.09,STA.09.AKC,,SPO.09.AKC.5066.6001.1,SPP.09.AKC.5066.6001.1.11325,SAM.09.AKC.5066.6001.1,PM2.5,http://dd.eionet.europa.eu/vocabulary/aq/pollutant/6001,hour,7.8401498700,µg/m3,2018-08-20 17:00:00 +01:00,2018-08-20 18:00:00 +01:00,1,1
AT,AT.0008.20.AQ,NET.09,STA.09.AKC,,SPO.09.AKC.5066.6001.1,SPP.09.AKC.5066.6001.1.11325,SAM.09.AKC.5066.6001.1,PM2.5,http://dd.eionet.europa.eu/vocabulary/aq/pollutant/6001,hour,6.5781497900,µg/m3,2018-08-20 18:00:00 +01:00,2018-08-20 19:00:00 +01:00,1,1
AT,AT.0008.20.AQ,NET.09,STA.09.AKC,,SPO.09.AKC.5066.6001.1,SPP.09.AKC.5066.6001.1.11325,SAM.09.AKC.5066.6001.1,PM2.5,http://dd.eionet.europa.eu/vocabulary/aq/pollutant/6001,hour,6.5413498800,µg/m3,2018-08-20 19:00:00 +01:00,2018-08-20 20:00:00 +01:00,1,1
AT,AT.0008.20.AQ,NET.09,STA.09.AKC,,SPO.09.AKC.5066.6001.1,SPP.09.AKC.5066.6001.1.11325,SAM.09.AKC.5066.6001.1,PM2.5,http://dd.eionet.europa.eu/vocabulary/aq/pollutant/6001,hour,6.8561501500,µg/m3,2018-08-20 20:00:00 +01:00,2018-08-20 21:00:00 +01:00,1,1
AT,AT.0008.20.AQ,NET.09,STA.09.AKC,,SPO.09.AKC.5066.6001.1,SPP.09.AKC.5066.6001.1.11325,SAM.09.AKC.5066.6001.1,PM2.5,http://dd.eionet.europa.eu/vocabulary/aq/pollutant/6001,hour,7.6123499800,µg/m3,2018-08-20 23:00:00 +01:00,2018-08-21 00:00:00 +01:00,1,1
AT,AT.0008.20.AQ,NET.09,STA.09.AKC,,SPO.09.AKC.5066.6001.1,SPP.09.AKC.5066.6001.1.11325,SAM.09.AKC.5066.6001.1,PM2.5,http://dd.eionet.europa.eu/vocabulary/aq/pollutant/6001,hour,8.0172500600,µg/m3,2018-08-21 00:00:00 +01:00,2018-08-21 01:00:00 +01:00,1,1
AT,AT.0008.20.AQ,NET.09,STA.09.AKC,,SPO.09.AKC.5066.6001.1,SPP.09.AKC.5066.6001.1.11325,SAM.09.AKC.5066.6001.1,PM2.5,http://dd.eionet.europa.eu/vocabulary/aq/pollutant/6001,hour,9.7607498100,µg/m3,2018-08-21 01:00:00 +01:00,2018-08-21 02:00:00 +01:00,1,1
AT,AT.0008.20.AQ,NET.09,STA.09.AKC,,SPO.09.AKC.5066.6001.1,SPP.09.AKC.5066.6001.1.11325,SAM.09.AKC.5066.6001.1,PM2.5,http://dd.eionet.europa.eu/vocabulary/aq/pollutant/6001,hour,10.3404998700,µg/m3,2018-08-21 02:00:00 +01:00,2018-08-21 03:00:00 +01:00,1,1
AT,AT.0008.20.AQ,NET.09,STA.09.AKC,,SPO.09.AKC.5066.6001.1,SPP.09.AKC.5066.6001.1.11325,SAM.09.AKC.5066.6001.1,PM2.5,http://dd.eionet.europa.eu/vocabulary/aq/pollutant/6001,hour,10.6289997100,µg/m3,2018-08-21 03:00:00 +01:00,2018-08-21 04:00:00 +01:00,1,1
AT,AT.0008.20.AQ,NET.09,STA.09.AKC,,SPO.09.AKC.5066.6001.1,SPP.09.AKC.5066.6001.1.11325,SAM.09.AKC.5066.6001.1,PM2.5,http://dd.eionet.europa.eu/vocabulary/aq/pollutant/6001,hour,10.4860000600,µg/m3,2018-08-21 04:00:00 +01:00,2018-08-21 05:00:00 +01:00,1,1
AT,AT.0008.20.AQ,NET.09,STA.09.AKC,,SPO.09.AKC.5066.6001.1,SPP.09.AKC.5066.6001.1.11325,SAM.09.AKC.5066.6001.1,PM2.5,http://dd.eionet.europa.eu/vocabulary/aq/pollutant/6001,hour,9.4519004800,µg/m3,2018-08-21 05:00:00 +01:00,2018-08-21 06:00:00 +01:00,1,1
AT,AT.0008.20.AQ,NET.09,STA.09.AKC,,SPO.09.AKC.5066.6001.1,SPP.09.AKC.5066.6001.1.11325,SAM.09.AKC.5066.6001.1,PM2.5,http://dd.eionet.europa.eu/vocabulary/aq/pollutant/6001,hour,8.5223503100,µg/m3,2018-08-21 06:00:00 +01:00,2018-08-21 07:00:00 +01:00,1,1
AT,AT.0008.20.AQ,NET.09,STA.09.AKC,,SPO.09.AKC.5066.6001.1,SPP.09.AKC.5066.6001.1.11325,SAM.09.AKC.5066.6001.1,PM2.5,http://dd.eionet.europa.eu/vocabulary/aq/pollutant/6001,hour,7.7453999500,µg/m3,2018-08-21 07:00:00 +01:00,2018-08-21 08:00:00 +01:00,1,1
AT,AT.0008.20.AQ,NET.09,STA.09.AKC,,SPO.09.AKC.5066.6001.1,SPP.09.AKC.5066.6001.1.11325,SAM.09.AKC.5066.6001.1,PM2.5,http://dd.eionet.europa.eu/vocabulary/aq/pollutant/6001,hour,8.4006004300,µg/m3,2018-08-21 08:00:00 +01:00,2018-08-21 09:00:00 +01:00,1,1
AT,AT.0008.20.AQ,NET.09,STA.09.AKC,,SPO.09.AKC.5066.6001.1,SPP.09.AKC.5066.6001.1.11325,SAM.09.AKC.5066.6001.1,PM2.5,http://dd.eionet.europa.eu/vocabulary/aq/pollutant/6001,hour,7.8892002100,µg/m3,2018-08-21 09:00:00 +01:00,2018-08-21 10:00:00 +01:00,1,1
AT,AT.0008.20.AQ,NET.09,STA.09.AKC,,SPO.09.AKC.5066.6001.1,SPP.09.AKC.5066.6001.1.11325,SAM.09.AKC.5066.6001.1,PM2.5,http://dd.eionet.europa.eu/vocabulary/aq/pollutant/6001,hour,7.0255002900,µg/m3,2018-08-21 10:00:00 +01:00,2018-08-21 11:00:00 +01:00,1,1
AT,AT.0008.20.AQ,NET.09,STA.09.AKC,,SPO.09.AKC.5066.6001.1,SPP.09.AKC.5066.6001.1.11325,SAM.09.AKC.5066.6001.1,PM2.5,http://dd.eionet.europa.eu/vocabulary/aq/pollutant/6001,hour,6.5103998100,µg/m3,2018-08-21 13:00:00 +01:00,2018-08-21 14:00:00 +01:00,1,1
AT,AT.0008.20.AQ,NET.09,STA.09.AKC,,SPO.09.AKC.5066.6001.1,SPP.09.AKC.5066.6001.1.11325,SAM.09.AKC.5066.6001.1,PM2.5,http://dd.eionet.europa.eu/vocabulary/aq/pollutant/6001,hour,6.0690498300,µg/m3,2018-08-21 14:00:00 +01:00,2018-08-21 15:00:00 +01:00,1,1
AT,AT.0008.20.AQ,NET.09,STA.09.AKC,,SPO.09.AKC.5066.6001.1,SPP.09.AKC.5066.6001.1.11325,SAM.09.AKC.5066.6001.1,PM2.5,http://dd.eionet.europa.eu/vocabulary/aq/pollutant/6001,hour,5.5809497800,µg/m3,2018-08-21 15:00:00 +01:00,2018-08-21 16:00:00 +01:00,1,1
AT,AT.0008.20.AQ,NET.09,STA.09.AKC,,SPO.09.AKC.5066.6001.1,SPP.09.AKC.5066.6001.1.11325,SAM.09.AKC.5066.6001.1,PM2.5,http://dd.eionet.europa.eu/vocabulary/aq/pollutant/6001,hour,5.8143997100,µg/m3,2018-08-21 18:00:00 +01:00,2018-08-21 19:00:00 +01:00,1,1
AT,AT.0008.20.AQ,NET.09,STA.09.AKC,,SPO.09.AKC.5066.6001.1,SPP.09.AKC.5066.6001.1.11325,SAM.09.AKC.5066.6001.1,PM2.5,http://dd.eionet.europa.eu/vocabulary/aq/pollutant/6001,hour,6.0194001100,µg/m3,2018-08-21 20:00:00 +01:00,2018-08-21 21:00:00 +01:00,1,1
AT,AT.0008.20.AQ,NET.09,STA.09.AKC,,SPO.09.AKC.5066.6001.1,SPP.09.AKC.5066.6001.1.11325,SAM.09.AKC.5066.6001.1,PM2.5,http://dd.eionet.europa.eu/vocabulary/aq/pollutant/6001,hour,5.9247498500,µg/m3,2018-08-21 21:00:00 +01:00,2018-08-21 22:00:00 +01:00,1,1
AT,AT.0008.20.AQ,NET.09,STA.09.AKC,,SPO.09.AKC.5066.6001.1,SPP.09.AKC.5066.6001.1.11325,SAM.09.AKC.5066.6001.1,PM2.5,http://dd.eionet.europa.eu/vocabulary/aq/pollutant/6001,hour,6.4690504000,µg/m3,2018-08-21 23:00:00 +01:00,2018-08-22 00:00:00 +01:00,1,1
AT,AT.0008.20.AQ,NET.09,STA.09.AKC,,SPO.09.AKC.5066.6001.1,SPP.09.AKC.5066.6001.1.11325,SAM.09.AKC.5066.6001.1,PM2.5,http://dd.eionet.europa.eu/vocabulary/aq/pollutant/6001,hour,6.8177499700,µg/m3,2018-08-22 00:00:00 +01:00,2018-08-22 01:00:00 +01:00,1,1
AT,AT.0008.20.AQ,NET.09,STA.09.AKC,,SPO.09.AKC.5066.6001.1,SPP.09.AKC.5066.6001.1.11325,SAM.09.AKC.5066.6001.1,PM2.5,http://dd.eionet.europa.eu/vocabulary/aq/pollutant/6001,hour,7.0622997200,µg/m3,2018-08-22 01:00:00 +01:00,2018-08-22 02:00:00 +01:00,1,1
AT,AT.0008.20.AQ,NET.09,STA.09.AKC,,SPO.09.AKC.5066.6001.1,SPP.09.AKC.5066.6001.1.11325,SAM.09.AKC.5066.6001.1,PM2.5,http://dd.eionet.europa.eu/vocabulary/aq/pollutant/6001,hour,6.6345000200,µg/m3,2018-08-22 02:00:00 +01:00,2018-08-22 03:00:00 +01:00,1,1
AT,AT.0008.20.AQ,NET.09,STA.09.AKC,,SPO.09.AKC.5066.6001.1,SPP.09.AKC.5066.6001.1.11325,SAM.09.AKC.5066.6001.1,PM2.5,http://dd.eionet.europa.eu/vocabulary/aq/pollutant/6001,hour,6.6442003200,µg/m3,2018-08-22 03:00:00 +01:00,2018-08-22 04:00:00 +01:00,1,1
AT,AT.0008.20.AQ,NET.09,STA.09.AKC,,SPO.09.AKC.5066.6001.1,SPP.09.AKC.5066.6001.1.11325,SAM.09.AKC.5066.6001.1,PM2.5,http://dd.eionet.europa.eu/vocabulary/aq/pollutant/6001,hour,8.4814500800,µg/m3,2018-08-22 07:00:00 +01:00,2018-08-22 08:00:00 +01:00,1,1
AT,AT.0008.20.AQ,NET.09,STA.09.AKC,,SPO.09.AKC.5066.6001.1,SPP.09.AKC.5066.6001.1.11325,SAM.09.AKC.5066.6001.1,PM2.5,http://dd.eionet.europa.eu/vocabulary/aq/pollutant/6001,hour,8.4712505300,µg/m3,2018-08-22 10:00:00 +01:00,2018-08-22 11:00:00 +01:00,1,1
AT,AT.0008.20.AQ,NET.09,STA.09.AKC,,SPO.09.AKC.5066.6001.1,SPP.09.AKC.5066.6001.1.11325,SAM.09.AKC.5066.6001.1,PM2.5,http://dd.eionet.europa.eu/vocabulary/aq/pollutant/6001,hour,7.4217000000,µg/m3,2018-08-22 12:00:00 +01:00,2018-08-22 13:00:00 +01:00,1,1
AT,AT.0008.20.AQ,NET.09,STA.09.AKC,,SPO.09.AKC.5066.6001.1,SPP.09.AKC.5066.6001.1.11325,SAM.09.AKC.5066.6001.1,PM2.5,http://dd.eionet.europa.eu/vocabulary/aq/pollutant/6001,hour,6.3663997600,µg/m3,2018-08-22 16:00:00 +01:00,2018-08-22 17:00:00 +01:00,1,1
AT,AT.0008.20.AQ,NET.09,STA.09.AKC,,SPO.09.AKC.5066.6001.1,SPP.09.AKC.5066.6001.1.11325,SAM.09.AKC.5066.6001.1,PM2.5,http://dd.eionet.europa.eu/vocabulary/aq/pollutant/6001,hour,6.4836997900,µg/m3,2018-08-22 17:00:00 +01:00,2018-08-22 18:00:00 +01:00,1,1
AT,AT.0008.20.AQ,NET.09,STA.09.AKC,,SPO.09.AKC.5066.6001.1,SPP.09.AKC.5066.6001.1.11325,SAM.09.AKC.5066.6001.1,PM2.5,http://dd.eionet.europa.eu/vocabulary/aq/pollutant/6001,hour,6.7625498700,µg/m3,2018-08-22 18:00:00 +01:00,2018-08-22 19:00:00 +01:00,1,1
AT,AT.0008.20.AQ,NET.09,STA.09.AKC,,SPO.09.AKC.5066.6001.1,SPP.09.AKC.5066.6001.1.11325,SAM.09.AKC.5066.6001.1,PM2.5,http://dd.eionet.europa.eu/vocabulary/aq/pollutant/6001,hour,8.7338504700,µg/m3,2018-08-22 21:00:00 +01:00,2018-08-22 22:00:00 +01:00,1,1
AT,AT.0008.20.AQ,NET.09,STA.09.AKC,,SPO.09.AKC.5066.6001.1,SPP.09.AKC.5066.6001.1.11325,SAM.09.AKC.5066.6001.1,PM2.5,http://dd.eionet.europa.eu/vocabulary/aq/pollutant/6001,hour,8.7077503200,µg/m3,2018-08-22 22:00:00 +01:00,2018-08-22 23:00:00 +01:00,1,1
AT,AT.0008.20.AQ,NET.09,STA.09.AKC,,SPO.09.AKC.5066.6001.1,SPP.09.AKC.5066.6001.1.11325,SAM.09.AKC.5066.6001.1,PM2.5,http://dd.eionet.europa.eu/vocabulary/aq/pollutant/6001,hour,12.0275001500,µg/m3,2018-08-23 02:00:00 +01:00,2018-08-23 03:00:00 +01:00,1,1
AT,AT.0008.20.AQ,NET.09,STA.09.AKC,,SPO.09.AKC.5066.6001.1,SPP.09.AKC.5066.6001.1.11325,SAM.09.AKC.5066.6001.1,PM2.5,http://dd.eionet.europa.eu/vocabulary/aq/pollutant/6001,hour,12.5679998300,µg/m3,2018-08-23 03:00:00 +01:00,2018-08-23 04:00:00 +01:00,1,1
AT,AT.0008.20.AQ,NET.09,STA.09.AKC,,SPO.09.AKC.5066.6001.1,SPP.09.AKC.5066.6001.1.11325,SAM.09.AKC.5066.6001.1,PM2.5,http://dd.eionet.europa.eu/vocabulary/aq/pollutant/6001,hour,13.9875001900,µg/m3,2018-08-23 04:00:00 +01:00,2018-08-23 05:00:00 +01:00,1,1
AT,AT.0008.20.AQ,NET.09,STA.09.AKC,,SPO.09.AKC.5066.6001.1,SPP.09.AKC.5066.6001.1.11325,SAM.09.AKC.5066.6001.1,PM2.5,http://dd.eionet.europa.eu/vocabulary/aq/pollutant/6001,hour,14.6415004700,µg/m3,2018-08-23 05:00:00 +01:00,2018-08-23 06:00:00 +01:00,1,1
AT,AT.0008.20.AQ,NET.09,STA.09.AKC,,SPO.09.AKC.5066.6001.1,SPP.09.AKC.5066.6001.1.11325,SAM.09.AKC.5066.6001.1,PM2.5,http://dd.eionet.europa.eu/vocabulary/aq/pollutant/6001,hour,12.3500003800,µg/m3,2018-08-23 08:00:00 +01:00,2018-08-23 09:00:00 +01:00,1,1
AT,AT.0008.20.AQ,NET.09,STA.09.AKC,,SPO.09.AKC.5066.6001.1,SPP.09.AKC.5066.6001.1.11325,SAM.09.AKC.5066.6001.1,PM2.5,http://dd.eionet.europa.eu/vocabulary/aq/pollutant/6001,hour,11.5634994500,µg/m3,2018-08-23 09:00:00 +01:00,2018-08-23 10:00:00 +01:00,1,1
AT,AT.0008.20.AQ,NET.09,STA.09.AKC,,SPO.09.AKC.5066.6001.1,SPP.09.AKC.5066.6001.1.11325,SAM.09.AKC.5066.6001.1,PM2.5,http://dd.eionet.europa.eu/vocabulary/aq/pollutant/6001,hour,10.6574993100,µg/m3,2018-08-23 10:00:00 +01:00,2018-08-23 11:00:00 +01:00,1,1
AT,AT.0008.20.AQ,NET.09,STA.09.AKC,,SPO.09.AKC.5066.6001.1,SPP.09.AKC.5066.6001.1.11325,SAM.09.AKC.5066.6001.1,PM2.5,http://dd.eionet.europa.eu/vocabulary/aq/pollutant/6001,hour,9.7032499300,µg/m3,2018-08-23 11:00:00 +01:00,2018-08-23 12:00:00 +01:00,1,1
AT,AT.0008.20.AQ,NET.09,STA.09.AKC,,SPO.09.AKC.5066.6001.1,SPP.09.AKC.5066.6001.1.11325,SAM.09.AKC.5066.6001.1,PM2.5,http://dd.eionet.europa.eu/vocabulary/aq/pollutant/6001,hour,8.5785999200,µg/m3,2018-08-23 13:00:00 +01:00,2018-08-23 14:00:00 +01:00,1,1
AT,AT.0008.20.AQ,NET.09,STA.09.AKC,,SPO.09.AKC.5066.6001.1,SPP.09.AKC.5066.6001.1.11325,SAM.09.AKC.5066.6001.1,PM2.5,http://dd.eionet.europa.eu/vocabulary/aq/pollutant/6001,hour,7.5666999800,µg/m3,2018-08-23 15:00:00 +01:00,2018-08-23 16:00:00 +01:00,1,1
AT,AT.0008.20.AQ,NET.09,STA.09.AKC,,SPO.09.AKC.5066.6001.1,SPP.09.AKC.5066.6001.1.11325,SAM.09.AKC.5066.6001.1,PM2.5,http://dd.eionet.europa.eu/vocabulary/aq/pollutant/6001,hour,8.6995506200,µg/m3,2018-08-23 19:00:00 +01:00,2018-08-23 20:00:00 +01:00,1,1
AT,AT.0008.20.AQ,NET.09,STA.09.AKC,,SPO.09.AKC.5066.6001.1,SPP.09.AKC.5066.6001.1.11325,SAM.09.AKC.5066.6001.1,PM2.5,http://dd.eionet.europa.eu/vocabulary/aq/pollutant/6001,hour,9.8089504200,µg/m3,2018-08-23 20:00:00 +01:00,2018-08-23 21:00:00 +01:00,1,1
AT,AT.0008.20.AQ,NET.09,STA.09.AKC,,SPO.09.AKC.5066.6001.1,SPP.09.AKC.5066.6001.1.11325,SAM.09.AKC.5066.6001.1,PM2.5,http://dd.eionet.europa.eu/vocabulary/aq/pollutant/6001,hour,10.5404996800,µg/m3,2018-08-23 21:00:00 +01:00,2018-08-23 22:00:00 +01:00,1,1
AT,AT.0008.20.AQ,NET.09,STA.09.AKC,,SPO.09.AKC.5066.6001.1,SPP.09.AKC.5066.6001.1.11325,SAM.09.AKC.5066.6001.1,PM2.5,http://dd.eionet.europa.eu/vocabulary/aq/pollutant/6001,hour,10.4400005300,µg/m3,2018-08-23 22:00:00 +01:00,2018-08-23 23:00:00 +01:00,1,1
AT,AT.0008.20.AQ,NET.09,STA.09.AKC,,SPO.09.AKC.5066.6001.1,SPP.09.AKC.5066.6001.1.11325,SAM.09.AKC.5066.6001.1,PM2.5,http://dd.eionet.europa.eu/vocabulary/aq/pollutant/6001,hour,11.0295000000,µg/m3,2018-08-23 23:00:00 +01:00,2018-08-24 00:00:00 +01:00,1,1
AT,AT.0008.20.AQ,NET.09,STA.09.AKC,,SPO.09.AKC.5066.6001.1,SPP.09.AKC.5066.6001.1.11325,SAM.09.AKC.5066.6001.1,PM2.5,http://dd.eionet.europa.eu/vocabulary/aq/pollutant/6001,hour,10.0424003600,µg/m3,2018-08-24 00:00:00 +01:00,2018-08-24 01:00:00 +01:00,1,1
AT,AT.0008.20.AQ,NET.09,STA.09.AKC,,SPO.09.AKC.5066.6001.1,SPP.09.AKC.5066.6001.1.11325,SAM.09.AKC.5066.6001.1,PM2.5,http://dd.eionet.europa.eu/vocabulary/aq/pollutant/6001,hour,7.6581497100,µg/m3,2018-08-24 01:00:00 +01:00,2018-08-24 02:00:00 +01:00,1,1
AT,AT.0008.20.AQ,NET.09,STA.09.AKC,,SPO.09.AKC.5066.6001.1,SPP.09.AKC.5066.6001.1.11325,SAM.09.AKC.5066.6001.1,PM2.5,http://dd.eionet.europa.eu/vocabulary/aq/pollutant/6001,hour,5.9742999000,µg/m3,2018-08-24 02:00:00 +01:00,2018-08-24 03:00:00 +01:00,1,1
AT,AT.0008.20.AQ,NET.09,STA.09.AKC,,SPO.09.AKC.5066.6001.1,SPP.09.AKC.5066.6001.1.11325,SAM.09.AKC.5066.6001.1,PM2.5,http://dd.eionet.europa.eu/vocabulary/aq/pollutant/6001,hour,5.5079498200,µg/m3,2018-08-24 04:00:00 +01:00,2018-08-24 05:00:00 +01:00,1,1
AT,AT.0008.20.AQ,NET.09,STA.09.AKC,,SPO.09.AKC.5066.6001.1,SPP.09.AKC.5066.6001.1.11325,SAM.09.AKC.5066.6001.1,PM2.5,http://dd.eionet.europa.eu/vocabulary/aq/pollutant/6001,hour,6.0832996300,µg/m3,2018-08-24 05:00:00 +01:00,2018-08-24 06:00:00 +01:00,1,1
AT,AT.0008.20.AQ,NET.09,STA.09.AKC,,SPO.09.AKC.5066.6001.1,SPP.09.AKC.5066.6001.1.11325,SAM.09.AKC.5066.6001.1,PM2.5,http://dd.eionet.europa.eu/vocabulary/aq/pollutant/6001,hour,5.8920001900,µg/m3,2018-08-24 06:00:00 +01:00,2018-08-24 07:00:00 +01:00,1,1
AT,AT.0008.20.AQ,NET.09,STA.09.AKC,,SPO.09.AKC.5066.6001.1,SPP.09.AKC.5066.6001.1.11325,SAM.09.AKC.5066.6001.1,PM2.5,http://dd.eionet.europa.eu/vocabulary/aq/pollutant/6001,hour,4.2465000100,µg/m3,2018-08-24 07:00:00 +01:00,2018-08-24 08:00:00 +01:00,1,1
AT,AT.0008.20.AQ,NET.09,STA.09.AKC,,SPO.09.AKC.5066.6001.1,SPP.09.AKC.5066.6001.1.11325,SAM.09.AKC.5066.6001.1,PM2.5,http://dd.eionet.europa.eu/vocabulary/aq/pollutant/6001,hour,5.2565002400,µg/m3,2018-08-24 11:00:00 +01:00,2018-08-24 12:00:00 +01:00,1,1
AT,AT.0008.20.AQ,NET.09,STA.09.AKC,,SPO.09.AKC.5066.6001.1,SPP.09.AKC.5066.6001.1.11325,SAM.09.AKC.5066.6001.1,PM2.5,http://dd.eionet.europa.eu/vocabulary/aq/pollutant/6001,hour,5.5482501900,µg/m3,2018-08-24 12:00:00 +01:00,2018-08-24 13:00:00 +01:00,1,1
AT,AT.0008.20.AQ,NET.09,STA.09.AKC,,SPO.09.AKC.5066.6001.1,SPP.09.AKC.5066.6001.1.11325,SAM.09.AKC.5066.6001.1,PM2.5,http://dd.eionet.europa.eu/vocabulary/aq/pollutant/6001,hour,6.6981496800,µg/m3,2018-08-24 14:00:00 +01:00,2018-08-24 15:00:00 +01:00,1,1
AT,AT.0008.20.AQ,NET.09,STA.09.AKC,,SPO.09.AKC.5066.6001.1,SPP.09.AKC.5066.6001.1.11325,SAM.09.AKC.5066.6001.1,PM2.5,http://dd.eionet.europa.eu/vocabulary/aq/pollutant/6001,hour,5.6161003100,µg/m3,2018-08-24 15:00:00 +01:00,2018-08-24 16:00:00 +01:00,1,1
AT,AT.0008.20.AQ,NET.09,STA.09.AKC,,SPO.09.AKC.5066.6001.1,SPP.09.AKC.5066.6001.1.11325,SAM.09.AKC.5066.6001.1,PM2.5,http://dd.eionet.europa.eu/vocabulary/aq/pollutant/6001,hour,8.8642997700,µg/m3,2018-08-24 18:00:00 +01:00,2018-08-24 19:00:00 +01:00,1,1
AT,AT.0008.20.AQ,NET.09,STA.09.AKC,,SPO.09.AKC.5066.6001.1,SPP.09.AKC.5066.6001.1.11325,SAM.09.AKC.5066.6001.1,PM2.5,http://dd.eionet.europa.eu/vocabulary/aq/pollutant/6001,hour,5.5694499000,µg/m3,2018-08-24 20:00:00 +01:00,2018-08-24 21:00:00 +01:00,1,1
AT,AT.0008.20.AQ,NET.09,STA.09.AKC,,SPO.09.AKC.5066.6001.1,SPP.09.AKC.5066.6001.1.11325,SAM.09.AKC.5066.6001.1,PM2.5,http://dd.eionet.europa.eu/vocabulary/aq/pollutant/6001,hour,7.1670498800,µg/m3,2018-08-25 00:00:00 +01:00,2018-08-25 01:00:00 +01:00,1,1
AT,AT.0008.20.AQ,NET.09,STA.09.AKC,,SPO.09.AKC.5066.6001.1,SPP.09.AKC.5066.6001.1.11325,SAM.09.AKC.5066.6001.1,PM2.5,http://dd.eionet.europa.eu/vocabulary/aq/pollutant/6001,hour,5.8674497600,µg/m3,2018-08-25 01:00:00 +01:00,2018-08-25 02:00:00 +01:00,1,1
AT,AT.0008.20.AQ,NET.09,STA.09.AKC,,SPO.09.AKC.5066.6001.1,SPP.09.AKC.5066.6001.1.11325,SAM.09.AKC.5066.6001.1,PM2.5,http://dd.eionet.europa.eu/vocabulary/aq/pollutant/6001,hour,12.3290004700,µg/m3,2018-08-25 04:00:00 +01:00,2018-08-25 05:00:00 +01:00,1,1
AT,AT.0008.20.AQ,NET.09,STA.09.AKC,,SPO.09.AKC.5066.6001.1,SPP.09.AKC.5066.6001.1.11325,SAM.09.AKC.5066.6001.1,PM2.5,http://dd.eionet.europa.eu/vocabulary/aq/pollutant/6001,hour,12.9169998100,µg/m3,2018-08-25 05:00:00 +01:00,2018-08-25 06:00:00 +01:00,1,1
AT,AT.0008.20.AQ,NET.09,STA.09.AKC,,SPO.09.AKC.5066.6001.1,SPP.09.AKC.5066.6001.1.11325,SAM.09.AKC.5066.6001.1,PM2.5,http://dd.eionet.europa.eu/vocabulary/aq/pollutant/6001,hour,11.7719993500,µg/m3,2018-08-25 06:00:00 +01:00,2018-08-25 07:00:00 +01:00,1,1
AT,AT.0008.20.AQ,NET.09,STA.09.AKC,,SPO.09.AKC.5066.6001.1,SPP.09.AKC.5066.6001.1.11325,SAM.09.AKC.5066.6001.1,PM2.5,http://dd.eionet.europa.eu/vocabulary/aq/pollutant/6001,hour,11.2860002500,µg/m3,2018-08-25 07:00:00 +01:00,2018-08-25 08:00:00 +01:00,1,1
AT,AT.0008.20.AQ,NET.09,STA.09.AKC,,SPO.09.AKC.5066.6001.1,SPP.09.AKC.5066.6001.1.11325,SAM.09.AKC.5066.6001.1,PM2.5,http://dd.eionet.europa.eu/vocabulary/aq/pollutant/6001,hour,11.3194999600,µg/m3,2018-08-25 08:00:00 +01:00,2018-08-25 09:00:00 +01:00,1,1
AT,AT.0008.20.AQ,NET.09,STA.09.AKC,,SPO.09.AKC.5066.6001.1,SPP.09.AKC.5066.6001.1.11325,SAM.09.AKC.5066.6001.1,PM2.5,http://dd.eionet.europa.eu/vocabulary/aq/pollutant/6001,hour,10.7019996600,µg/m3,2018-08-25 11:00:00 +01:00,2018-08-25 12:00:00 +01:00,1,1
AT,AT.0008.20.AQ,NET.09,STA.09.AKC,,SPO.09.AKC.5066.6001.1,SPP.09.AKC.5066.6001.1.11325,SAM.09.AKC.5066.6001.1,PM2.5,http://dd.eionet.europa.eu/vocabulary/aq/pollutant/6001,hour,11.3389997400,µg/m3,2018-08-25 12:00:00 +01:00,2018-08-25 13:00:00 +01:00,1,1
AT,AT.0008.20.AQ,NET.09,STA.09.AKC,,SPO.09.AKC.5066.6001.1,SPP.09.AKC.5066.6001.1.11325,SAM.09.AKC.5066.6001.1,PM2.5,http://dd.eionet.europa.eu/vocabulary/aq/pollutant/6001,hour,7.7102999600,µg/m3,2018-08-25 14:00:00 +01:00,2018-08-25 15:00:00 +01:00,1,1
AT,AT.0008.20.AQ,NET.09,STA.09.AKC,,SPO.09.AKC.5066.6001.1,SPP.09.AKC.5066.6001.1.11325,SAM.09.AKC.5066.6001.1,PM2.5,http://dd.eionet.europa.eu/vocabulary/aq/pollutant/6001,hour,9.7479496000,µg/m3,2018-08-25 16:00:00 +01:00,2018-08-25 17:00:00 +01:00,1,1
AT,AT.0008.20.AQ,NET.09,STA.09.AKC,,SPO.09.AKC.5066.6001.1,SPP.09.AKC.5066.6001.1.11325,SAM.09.AKC.5066.6001.1,PM2.5,http://dd.eionet.europa.eu/vocabulary/aq/pollutant/6001,hour,8.8796005200,µg/m3,2018-08-25 18:00:00 +01:00,2018-08-25 19:00:00 +01:00,1,1
AT,AT.0008.20.AQ,NET.09,STA.09.AKC,,SPO.09.AKC.5066.6001.1,SPP.09.AKC.5066.6001.1.11325,SAM.09.AKC.5066.6001.1,PM2.5,http://dd.eionet.europa.eu/vocabulary/aq/pollutant/6001,hour,8.8129997200,µg/m3,2018-08-25 19:00:00 +01:00,2018-08-25 20:00:00 +01:00,1,1
AT,AT.0008.20.AQ,NET.09,STA.09.AKC,,SPO.09.AKC.5066.6001.1,SPP.09.AKC.5066.6001.1.11325,SAM.09.AKC.5066.6001.1,PM2.5,http://dd.eionet.europa.eu/vocabulary/aq/pollutant/6001,hour,8.4474000900,µg/m3,2018-08-25 20:00:00 +01:00,2018-08-25 21:00:00 +01:00,1,1
AT,AT.0008.20.AQ,NET.09,STA.09.AKC,,SPO.09.AKC.5066.6001.1,SPP.09.AKC.5066.6001.1.11325,SAM.09.AKC.5066.6001.1,PM2.5,http://dd.eionet.europa.eu/vocabulary/aq/pollutant/6001,hour,8.6669006300,µg/m3,2018-08-25 21:00:00 +01:00,2018-08-25 22:00:00 +01:00,1,1
AT,AT.0008.20.AQ,NET.09,STA.09.AKC,,SPO.09.AKC.5066.6001.1,SPP.09.AKC.5066.6001.1.11325,SAM.09.AKC.5066.6001.1,PM2.5,http://dd.eionet.europa.eu/vocabulary/aq/pollutant/6001,hour,8.1339502300,µg/m3,2018-08-25 22:00:00 +01:00,2018-08-25 23:00:00 +01:00,1,1
AT,AT.0008.20.AQ,NET.09,STA.09.AKC,,SPO.09.AKC.5066.6001.1,SPP.09.AKC.5066.6001.1.11325,SAM.09.AKC.5066.6001.1,PM2.5,http://dd.eionet.europa.eu/vocabulary/aq/pollutant/6001,hour,6.5174498500,µg/m3,2018-08-25 23:00:00 +01:00,2018-08-26 00:00:00 +01:00,1,1
AT,AT.0008.20.AQ,NET.09,STA.09.AKC,,SPO.09.AKC.5066.6001.1,SPP.09.AKC.5066.6001.1.11325,SAM.09.AKC.5066.6001.1,PM2.5,http://dd.eionet.europa.eu/vocabulary/aq/pollutant/6001,hour,3.4559497800,µg/m3,2018-08-26 01:00:00 +01:00,2018-08-26 02:00:00 +01:00,1,1
AT,AT.0008.20.AQ,NET.09,STA.09.AKC,,SPO.09.AKC.5066.6001.1,SPP.09.AKC.5066.6001.1.11325,SAM.09.AKC.5066.6001.1,PM2.5,http://dd.eionet.europa.eu/vocabulary/aq/pollutant/6001,hour,2.8903999300,µg/m3,2018-08-26 02:00:00 +01:00,2018-08-26 03:00:00 +01:00,1,1
AT,AT.0008.20.AQ,NET.09,STA.09.AKC,,SPO.09.AKC.5066.6001.1,SPP.09.AKC.5066.6001.1.11325,SAM.09.AKC.5066.6001.1,PM2.5,http://dd.eionet.europa.eu/vocabulary/aq/pollutant/6001,hour,3.5135002100,µg/m3,2018-08-26 05:00:00 +01:00,2018-08-26 06:00:00 +01:00,1,1
AT,AT.0008.20.AQ,NET.09,STA.09.AKC,,SPO.09.AKC.5066.6001.1,SPP.09.AKC.5066.6001.1.11325,SAM.09.AKC.5066.6001.1,PM2.5,http://dd.eionet.europa.eu/vocabulary/aq/pollutant/6001,hour,4.5753002100,µg/m3,2018-08-26 08:00:00 +01:00,2018-08-26 09:00:00 +01:00,1,1
AT,AT.0008.20.AQ,NET.09,STA.09.AKC,,SPO.09.AKC.5066.6001.1,SPP.09.AKC.5066.6001.1.11325,SAM.09.AKC.5066.6001.1,PM2.5,http://dd.eionet.europa.eu/vocabulary/aq/pollutant/6001,hour,5.7637996600,µg/m3,2018-08-26 09:00:00 +01:00,2018-08-26 10:00:00 +01:00,1,1
AT,AT.0008.20.AQ,NET.09,STA.09.AKC,,SPO.09.AKC.5066.6001.1,SPP.09.AKC.5066.6001.1.11325,SAM.09.AKC.5066.6001.1,PM2.5,http://dd.eionet.europa.eu/vocabulary/aq/pollutant/6001,hour,5.6118001900,µg/m3,2018-08-26 10:00:00 +01:00,2018-08-26 11:00:00 +01:00,1,1
AT,AT.0008.20.AQ,NET.09,STA.09.AKC,,SPO.09.AKC.5066.6001.1,SPP.09.AKC.5066.6001.1.11325,SAM.09.AKC.5066.6001.1,PM2.5,http://dd.eionet.europa.eu/vocabulary/aq/pollutant/6001,hour,4.8114995900,µg/m3,2018-08-26 11:00:00 +01:00,2018-08-26 12:00:00 +01:00,1,1
AT,AT.0008.20.AQ,NET.09,STA.09.AKC,,SPO.09.AKC.5066.6001.1,SPP.09.AKC.5066.6001.1.11325,SAM.09.AKC.5066.6001.1,PM2.5,http://dd.eionet.europa.eu/vocabulary/aq/pollutant/6001,hour,4.4797496700,µg/m3,2018-08-26 12:00:00 +01:00,2018-08-26 13:00:00 +01:00,1,1
AT,AT.0008.20.AQ,NET.09,STA.09.AKC,,SPO.09.AKC.5066.6001.1,SPP.09.AKC.5066.6001.1.11325,SAM.09.AKC.5066.6001.1,PM2.5,http://dd.eionet.europa.eu/vocabulary/aq/pollutant/6001,hour,4.6623001000,µg/m3,2018-08-26 13:00:00 +01:00,2018-08-26 14:00:00 +01:00,1,1
AT,AT.0008.20.AQ,NET.09,STA.09.AKC,,SPO.09.AKC.5066.6001.1,SPP.09.AKC.5066.6001.1.11325,SAM.09.AKC.5066.6001.1,PM2.5,http://dd.eionet.europa.eu/vocabulary/aq/pollutant/6001,hour,4.7283496800,µg/m3,2018-08-26 14:00:00 +01:00,2018-08-26 15:00:00 +01:00,1,1
AT,AT.0008.20.AQ,NET.09,STA.09.AKC,,SPO.09.AKC.5066.6001.1,SPP.09.AKC.5066.6001.1.11325,SAM.09.AKC.5066.6001.1,PM2.5,http://dd.eionet.europa.eu/vocabulary/aq/pollutant/6001,hour,5.2734498900,µg/m3,2018-08-26 15:00:00 +01:00,2018-08-26 16:00:00 +01:00,1,1
AT,AT.0008.20.AQ,NET.09,STA.09.AKC,,SPO.09.AKC.5066.6001.1,SPP.09.AKC.5066.6001.1.11325,SAM.09.AKC.5066.6001.1,PM2.5,http://dd.eionet.europa.eu/vocabulary/aq/pollutant/6001,hour,5.1383500000,µg/m3,2018-08-26 16:00:00 +01:00,2018-08-26 17:00:00 +01:00,1,1
AT,AT.0008.20.AQ,NET.09,STA.09.AKC,,SPO.09.AKC.5066.6001.1,SPP.09.AKC.5066.6001.1.11325,SAM.09.AKC.5066.6001.1,PM2.5,http://dd.eionet.europa.eu/vocabulary/aq/pollutant/6001,hour,4.1886501300,µg/m3,2018-08-26 18:00:00 +01:00,2018-08-26 19:00:00 +01:00,1,1
AT,AT.0008.20.AQ,NET.09,STA.09.AKC,,SPO.09.AKC.5066.6001.1,SPP.09.AKC.5066.6001.1.11325,SAM.09.AKC.5066.6001.1,PM2.5,http://dd.eionet.europa.eu/vocabulary/aq/pollutant/6001,hour,4.3180499000,µg/m3,2018-08-26 22:00:00 +01:00,2018-08-26 23:00:00 +01:00,1,1
AT,AT.0008.20.AQ,NET.09,STA.09.AKC,,SPO.09.AKC.5066.6001.1,SPP.09.AKC.5066.6001.1.11325,SAM.09.AKC.5066.6001.1,PM2.5,http://dd.eionet.europa.eu/vocabulary/aq/pollutant/6001,hour,4.4228000600,µg/m3,2018-08-27 00:00:00 +01:00,2018-08-27 01:00:00 +01:00,1,1
AT,AT.0008.20.AQ,NET.09,STA.09.AKC,,SPO.09.AKC.5066.6001.1,SPP.09.AKC.5066.6001.1.11325,SAM.09.AKC.5066.6001.1,PM2.5,http://dd.eionet.europa.eu/vocabulary/aq/pollutant/6001,hour,4.4713001200,µg/m3,2018-08-27 01:00:00 +01:00,2018-08-27 02:00:00 +01:00,1,1
AT,AT.0008.20.AQ,NET.09,STA.09.AKC,,SPO.09.AKC.5066.6001.1,SPP.09.AKC.5066.6001.1.11325,SAM.09.AKC.5066.6001.1,PM2.5,http://dd.eionet.europa.eu/vocabulary/aq/pollutant/6001,hour,5.3660497600,µg/m3,2018-08-27 03:00:00 +01:00,2018-08-27 04:00:00 +01:00,1,1
AT,AT.0008.20.AQ,NET.09,STA.09.AKC,,SPO.09.AKC.5066.6001.1,SPP.09.AKC.5066.6001.1.11325,SAM.09.AKC.5066.6001.1,PM2.5,http://dd.eionet.europa.eu/vocabulary/aq/pollutant/6001,hour,6.1086997900,µg/m3,2018-08-27 04:00:00 +01:00,2018-08-27 05:00:00 +01:00,1,1
AT,AT.0008.20.AQ,NET.09,STA.09.AKC,,SPO.09.AKC.5066.6001.1,SPP.09.AKC.5066.6001.1.11325,SAM.09.AKC.5066.6001.1,PM2.5,http://dd.eionet.europa.eu/vocabulary/aq/pollutant/6001,hour,6.3852000200,µg/m3,2018-08-27 06:00:00 +01:00,2018-08-27 07:00:00 +01:00,1,1
AT,AT.0008.20.AQ,NET.09,STA.09.AKC,,SPO.09.AKC.5066.6001.1,SPP.09.AKC.5066.6001.1.11325,SAM.09.AKC.5066.6001.1,PM2.5,http://dd.eionet.europa.eu/vocabulary/aq/pollutant/6001,hour,5.5127000800,µg/m3,2018-08-27 09:00:00 +01:00,2018-08-27 10:00:00 +01:00,1,1
AT,AT.0008.20.AQ,NET.09,STA.09.AKC,,SPO.09.AKC.5066.6001.1,SPP.09.AKC.5066.6001.1.11325,SAM.09.AKC.5066.6001.1,PM2.5,http://dd.eionet.europa.eu/vocabulary/aq/pollutant/6001,hour,4.2991499900,µg/m3,2018-08-27 10:00:00 +01:00,2018-08-27 11:00:00 +01:00,1,1
AT,AT.0008.20.AQ,NET.09,STA.09.AKC,,SPO.09.AKC.5066.6001.1,SPP.09.AKC.5066.6001.1.11325,SAM.09.AKC.5066.6001.1,PM2.5,http://dd.eionet.europa.eu/vocabulary/aq/pollutant/6001,hour,3.5393500300,µg/m3,2018-08-27 11:00:00 +01:00,2018-08-27 12:00:00 +01:00,1,1
AT,AT.0008.20.AQ,NET.09,STA.09.AKC,,SPO.09.AKC.5066.6001.1,SPP.09.AKC.5066.6001.1.11325,SAM.09.AKC.5066.6001.1,PM2.5,http://dd.eionet.europa.eu/vocabulary/aq/pollutant/6001,hour,3.3461999800,µg/m3,2018-08-27 13:00:00 +01:00,2018-08-27 14:00:00 +01:00,1,1
AT,AT.0008.20.AQ,NET.09,STA.09.AKC,,SPO.09.AKC.5066.6001.1,SPP.09.AKC.5066.6001.1.11325,SAM.09.AKC.5066.6001.1,PM2.5,http://dd.eionet.europa.eu/vocabulary/aq/pollutant/6001,hour,2.9732999800,µg/m3,2018-08-27 16:00:00 +01:00,2018-08-27 17:00:00 +01:00,1,1
AT,AT.0008.20.AQ,NET.09,STA.09.AKC,,SPO.09.AKC.5066.6001.1,SPP.09.AKC.5066.6001.1.11325,SAM.09.AKC.5066.6001.1,PM2.5,http://dd.eionet.europa.eu/vocabulary/aq/pollutant/6001,hour,3.8337500000,µg/m3,2018-08-27 18:00:00 +01:00,2018-08-27 19:00:00 +01:00,1,1
AT,AT.0008.20.AQ,NET.09,STA.09.AKC,,SPO.09.AKC.5066.6001.1,SPP.09.AKC.5066.6001.1.11325,SAM.09.AKC.5066.6001.1,PM2.5,http://dd.eionet.europa.eu/vocabulary/aq/pollutant/6001,hour,5.4913997600,µg/m3,2018-08-27 22:00:00 +01:00,2018-08-27 23:00:00 +01:00,1,1
AT,AT.0008.20.AQ,NET.09,STA.09.AKC,,SPO.09.AKC.5066.6001.1,SPP.09.AKC.5066.6001.1.11325,SAM.09.AKC.5066.6001.1,PM2.5,http://dd.eionet.europa.eu/vocabulary/aq/pollutant/6001,hour,6.3105001400,µg/m3,2018-08-27 23:00:00 +01:00,2018-08-28 00:00:00 +01:00,1,1
AT,AT.0008.20.AQ,NET.09,STA.09.AKC,,SPO.09.AKC.5066.6001.1,SPP.09.AKC.5066.6001.1.11325,SAM.09.AKC.5066.6001.1,PM2.5,http://dd.eionet.europa.eu/vocabulary/aq/pollutant/6001,hour,6.7328000000,µg/m3,2018-08-28 00:00:00 +01:00,2018-08-28 01:00:00 +01:00,1,1
AT,AT.0008.20.AQ,NET.09,STA.09.AKC,,SPO.09.AKC.5066.6001.1,SPP.09.AKC.5066.6001.1.11325,SAM.09.AKC.5066.6001.1,PM2.5,http://dd.eionet.europa.eu/vocabulary/aq/pollutant/6001,hour,5.7256002400,µg/m3,2018-08-28 01:00:00 +01:00,2018-08-28 02:00:00 +01:00,1,1
AT,AT.0008.20.AQ,NET.09,STA.09.AKC,,SPO.09.AKC.5066.6001.1,SPP.09.AKC.5066.6001.1.11325,SAM.09.AKC.5066.6001.1,PM2.5,http://dd.eionet.europa.eu/vocabulary/aq/pollutant/6001,hour,5.9002499500,µg/m3,2018-08-28 03:00:00 +01:00,2018-08-28 04:00:00 +01:00,1,1
AT,AT.0008.20.AQ,NET.09,STA.09.AKC,,SPO.09.AKC.5066.6001.1,SPP.09.AKC.5066.6001.1.11325,SAM.09.AKC.5066.6001.1,PM2.5,http://dd.eionet.europa.eu/vocabulary/aq/pollutant/6001,hour,6.0538997600,µg/m3,2018-08-28 04:00:00 +01:00,2018-08-28 05:00:00 +01:00,1,1
AT,AT.0008.20.AQ,NET.09,STA.09.AKC,,SPO.09.AKC.5066.6001.1,SPP.09.AKC.5066.6001.1.11325,SAM.09.AKC.5066.6001.1,PM2.5,http://dd.eionet.europa.eu/vocabulary/aq/pollutant/6001,hour,6.7906498900,µg/m3,2018-08-28 05:00:00 +01:00,2018-08-28 06:00:00 +01:00,1,1
AT,AT.0008.20.AQ,NET.09,STA.09.AKC,,SPO.09.AKC.5066.6001.1,SPP.09.AKC.5066.6001.1.11325,SAM.09.AKC.5066.6001.1,PM2.5,http://dd.eionet.europa.eu/vocabulary/aq/pollutant/6001,hour,8.5927000000,µg/m3,2018-08-28 06:00:00 +01:00,2018-08-28 07:00:00 +01:00,1,1
AT,AT.0008.20.AQ,NET.09,STA.09.AKC,,SPO.09.AKC.5066.6001.1,SPP.09.AKC.5066.6001.1.11325,SAM.09.AKC.5066.6001.1,PM2.5,http://dd.eionet.europa.eu/vocabulary/aq/pollutant/6001,hour,7.2393002500,µg/m3,2018-08-28 07:00:00 +01:00,2018-08-28 08:00:00 +01:00,1,1
AT,AT.0008.20.AQ,NET.09,STA.09.AKC,,SPO.09.AKC.5066.6001.1,SPP.09.AKC.5066.6001.1.11325,SAM.09.AKC.5066.6001.1,PM2.5,http://dd.eionet.europa.eu/vocabulary/aq/pollutant/6001,hour,5.2683496400,µg/m3,2018-08-28 08:00:00 +01:00,2018-08-28 09:00:00 +01:00,1,1
AT,AT.0008.20.AQ,NET.09,STA.09.AKC,,SPO.09.AKC.5066.6001.1,SPP.09.AKC.5066.6001.1.11325,SAM.09.AKC.5066.6001.1,PM2.5,http://dd.eionet.europa.eu/vocabulary/aq/pollutant/6001,hour,5.0844497600,µg/m3,2018-08-28 09:00:00 +01:00,2018-08-28 10:00:00 +01:00,1,1
AT,AT.0008.20.AQ,NET.09,STA.09.AKC,,SPO.09.AKC.5066.6001.1,SPP.09.AKC.5066.6001.1.11325,SAM.09.AKC.5066.6001.1,PM2.5,http://dd.eionet.europa.eu/vocabulary/aq/pollutant/6001,hour,5.7279500900,µg/m3,2018-08-28 13:00:00 +01:00,2018-08-28 14:00:00 +01:00,1,1
AT,AT.0008.20.AQ,NET.09,STA.09.AKC,,SPO.09.AKC.5066.6001.1,SPP.09.AKC.5066.6001.1.11325,SAM.09.AKC.5066.6001.1,PM2.5,http://dd.eionet.europa.eu/vocabulary/aq/pollutant/6001,hour,5.0520000400,µg/m3,2018-08-28 14:00:00 +01:00,2018-08-28 15:00:00 +01:00,1,1
AT,AT.0008.20.AQ,NET.09,STA.09.AKC,,SPO.09.AKC.5066.6001.1,SPP.09.AKC.5066.6001.1.11325,SAM.09.AKC.5066.6001.1,PM2.5,http://dd.eionet.europa.eu/vocabulary/aq/pollutant/6001,hour,4.7734498900,µg/m3,2018-08-28 15:00:00 +01:00,2018-08-28 16:00:00 +01:00,1,1
AT,AT.0008.20.AQ,NET.09,STA.09.AKC,,SPO.09.AKC.5066.6001.1,SPP.09.AKC.5066.6001.1.11325,SAM.09.AKC.5066.6001.1,PM2.5,http://dd.eionet.europa.eu/vocabulary/aq/pollutant/6001,hour,4.6768999100,µg/m3,2018-08-28 16:00:00 +01:00,2018-08-28 17:00:00 +01:00,1,1
AT,AT.0008.20.AQ,NET.09,STA.09.AKC,,SPO.09.AKC.5066.6001.1,SPP.09.AKC.5066.6001.1.11325,SAM.09.AKC.5066.6001.1,PM2.5,http://dd.eionet.europa.eu/vocabulary/aq/pollutant/6001,hour,5.6714501300,µg/m3,2018-08-28 18:00:00 +01:00,2018-08-28 19:00:00 +01:00,1,1
AT,AT.0008.20.AQ,NET.09,STA.09.AKC,,SPO.09.AKC.5066.6001.1,SPP.09.AKC.5066.6001.1.11325,SAM.09.AKC.5066.6001.1,PM2.5,http://dd.eionet.europa.eu/vocabulary/aq/pollutant/6001,hour,8.6498498900,µg/m3,2018-08-28 21:00:00 +01:00,2018-08-28 22:00:00 +01:00,1,1
AT,AT.0008.20.AQ,NET.09,STA.09.AKC,,SPO.09.AKC.5066.6001.1,SPP.09.AKC.5066.6001.1.11325,SAM.09.AKC.5066.6001.1,PM2.5,http://dd.eionet.europa.eu/vocabulary/aq/pollutant/6001,hour,8.2609996700,µg/m3,2018-08-28 23:00:00 +01:00,2018-08-29 00:00:00 +01:00,1,1
AT,AT.0008.20.AQ,NET.09,STA.09.AKC,,SPO.09.AKC.5066.6001.1,SPP.09.AKC.5066.6001.1.11325,SAM.09.AKC.5066.6001.1,PM2.5,http://dd.eionet.europa.eu/vocabulary/aq/pollutant/6001,hour,8.0429000800,µg/m3,2018-08-29 00:00:00 +01:00,2018-08-29 01:00:00 +01:00,1,1
AT,AT.0008.20.AQ,NET.09,STA.09.AKC,,SPO.09.AKC.5066.6001.1,SPP.09.AKC.5066.6001.1.11325,SAM.09.AKC.5066.6001.1,PM2.5,http://dd.eionet.europa.eu/vocabulary/aq/pollutant/6001,hour,8.3985500300,µg/m3,2018-08-29 01:00:00 +01:00,2018-08-29 02:00:00 +01:00,1,1
AT,AT.0008.20.AQ,NET.09,STA.09.AKC,,SPO.09.AKC.5066.6001.1,SPP.09.AKC.5066.6001.1.11325,SAM.09.AKC.5066.6001.1,PM2.5,http://dd.eionet.europa.eu/vocabulary/aq/pollutant/6001,hour,9.1636505100,µg/m3,2018-08-29 03:00:00 +01:00,2018-08-29 04:00:00 +01:00,1,1
AT,AT.0008.20.AQ,NET.09,STA.09.AKC,,SPO.09.AKC.5066.6001.1,SPP.09.AKC.5066.6001.1.11325,SAM.09.AKC.5066.6001.1,PM2.5,http://dd.eionet.europa.eu/vocabulary/aq/pollutant/6001,hour,11.4519996600,µg/m3,2018-08-29 05:00:00 +01:00,2018-08-29 06:00:00 +01:00,1,1
AT,AT.0008.20.AQ,NET.09,STA.09.AKC,,SPO.09.AKC.5066.6001.1,SPP.09.AKC.5066.6001.1.11325,SAM.09.AKC.5066.6001.1,PM2.5,http://dd.eionet.europa.eu/vocabulary/aq/pollutant/6001,hour,13.1070003500,µg/m3,2018-08-29 06:00:00 +01:00,2018-08-29 07:00:00 +01:00,1,1
AT,AT.0008.20.AQ,NET.09,STA.09.AKC,,SPO.09.AKC.5066.6001.1,SPP.09.AKC.5066.6001.1.11325,SAM.09.AKC.5066.6001.1,PM2.5,http://dd.eionet.europa.eu/vocabulary/aq/pollutant/6001,hour,13.2414999000,µg/m3,2018-08-29 07:00:00 +01:00,2018-08-29 08:00:00 +01:00,1,1
AT,AT.0008.20.AQ,NET.09,STA.09.AKC,,SPO.09.AKC.5066.6001.1,SPP.09.AKC.5066.6001.1.11325,SAM.09.AKC.5066.6001.1,PM2.5,http://dd.eionet.europa.eu/vocabulary/aq/pollutant/6001,hour,12.7719993500,µg/m3,2018-08-29 08:00:00 +01:00,2018-08-29 09:00:00 +01:00,1,1
AT,AT.0008.20.AQ,NET.09,STA.09.AKC,,SPO.09.AKC.5066.6001.1,SPP.09.AKC.5066.6001.1.11325,SAM.09.AKC.5066.6001.1,PM2.5,http://dd.eionet.europa.eu/vocabulary/aq/pollutant/6001,hour,10.9772500900,µg/m3,2018-08-29 09:00:00 +01:00,2018-08-29 10:00:00 +01:00,1,1
AT,AT.0008.20.AQ,NET.09,STA.09.AKC,,SPO.09.AKC.5066.6001.1,SPP.09.AKC.5066.6001.1.11325,SAM.09.AKC.5066.6001.1,PM2.5,http://dd.eionet.europa.eu/vocabulary/aq/pollutant/6001,hour,7.4401502600,µg/m3,2018-08-29 10:00:00 +01:00,2018-08-29 11:00:00 +01:00,1,1
AT,AT.0008.20.AQ,NET.09,STA.09.AKC,,SPO.09.AKC.5066.6001.1,SPP.09.AKC.5066.6001.1.11325,SAM.09.AKC.5066.6001.1,PM2.5,http://dd.eionet.europa.eu/vocabulary/aq/pollutant/6001,hour,6.3086500100,µg/m3,2018-08-29 12:00:00 +01:00,2018-08-29 13:00:00 +01:00,1,1
AT,AT.0008.20.AQ,NET.09,STA.09.AKC,,SPO.09.AKC.5066.6001.1,SPP.09.AKC.5066.6001.1.11325,SAM.09.AKC.5066.6001.1,PM2.5,http://dd.eionet.europa.eu/vocabulary/aq/pollutant/6001,hour,5.8438000600,µg/m3,2018-08-29 13:00:00 +01:00,2018-08-29 14:00:00 +01:00,1,1
AT,AT.0008.20.AQ,NET.09,STA.09.AKC,,SPO.09.AKC.5066.6001.1,SPP.09.AKC.5066.6001.1.11325,SAM.09.AKC.5066.6001.1,PM2.5,http://dd.eionet.europa.eu/vocabulary/aq/pollutant/6001,hour,6.3698501500,µg/m3,2018-08-29 17:00:00 +01:00,2018-08-29 18:00:00 +01:00,1,1
AT,AT.0008.20.AQ,NET.09,STA.09.AKC,,SPO.09.AKC.5066.6001.1,SPP.09.AKC.5066.6001.1.11325,SAM.09.AKC.5066.6001.1,PM2.5,http://dd.eionet.europa.eu/vocabulary/aq/pollutant/6001,hour,7.0430498100,µg/m3,2018-08-29 18:00:00 +01:00,2018-08-29 19:00:00 +01:00,1,1
AT,AT.0008.20.AQ,NET.09,STA.09.AKC,,SPO.09.AKC.5066.6001.1,SPP.09.AKC.5066.6001.1.11325,SAM.09.AKC.5066.6001.1,PM2.5,http://dd.eionet.europa.eu/vocabulary/aq/pollutant/6001,hour,7.2789998000,µg/m3,2018-08-29 20:00:00 +01:00,2018-08-29 21:00:00 +01:00,1,1
AT,AT.0008.20.AQ,NET.09,STA.09.AKC,,SPO.09.AKC.5066.6001.1,SPP.09.AKC.5066.6001.1.11325,SAM.09.AKC.5066.6001.1,PM2.5,http://dd.eionet.europa.eu/vocabulary/aq/pollutant/6001,hour,7.6022500900,µg/m3,2018-08-29 21:00:00 +01:00,2018-08-29 22:00:00 +01:00,1,1
AT,AT.0008.20.AQ,NET.09,STA.09.AKC,,SPO.09.AKC.5066.6001.1,SPP.09.AKC.5066.6001.1.11325,SAM.09.AKC.5066.6001.1,PM2.5,http://dd.eionet.europa.eu/vocabulary/aq/pollutant/6001,hour,7.6684999400,µg/m3,2018-08-29 22:00:00 +01:00,2018-08-29 23:00:00 +01:00,1,1
AT,AT.0008.20.AQ,NET.09,STA.09.AKC,,SPO.09.AKC.5066.6001.1,SPP.09.AKC.5066.6001.1.11325,SAM.09.AKC.5066.6001.1,PM2.5,http://dd.eionet.europa.eu/vocabulary/aq/pollutant/6001,hour,7.7114505700,µg/m3,2018-08-29 23:00:00 +01:00,2018-08-30 00:00:00 +01:00,1,1
AT,AT.0008.20.AQ,NET.09,STA.09.AKC,,SPO.09.AKC.5066.6001.1,SPP.09.AKC.5066.6001.1.11325,SAM.09.AKC.5066.6001.1,PM2.5,http://dd.eionet.europa.eu/vocabulary/aq/pollutant/6001,hour,8.4471502300,µg/m3,2018-08-30 01:00:00 +01:00,2018-08-30 02:00:00 +01:00,1,1
AT,AT.0008.20.AQ,NET.09,STA.09.AKC,,SPO.09.AKC.5066.6001.1,SPP.09.AKC.5066.6001.1.11325,SAM.09.AKC.5066.6001.1,PM2.5,http://dd.eionet.europa.eu/vocabulary/aq/pollutant/6001,hour,4.1705498600,µg/m3,2018-08-30 07:00:00 +01:00,2018-08-30 08:00:00 +01:00,1,1
AT,AT.0008.20.AQ,NET.09,STA.09.AKC,,SPO.09.AKC.5066.6001.1,SPP.09.AKC.5066.6001.1.11325,SAM.09.AKC.5066.6001.1,PM2.5,http://dd.eionet.europa.eu/vocabulary/aq/pollutant/6001,hour,3.8611998500,µg/m3,2018-08-30 08:00:00 +01:00,2018-08-30 09:00:00 +01:00,1,1
AT,AT.0008.20.AQ,NET.09,STA.09.AKC,,SPO.09.AKC.5066.6001.1,SPP.09.AKC.5066.6001.1.11325,SAM.09.AKC.5066.6001.1,PM2.5,http://dd.eionet.europa.eu/vocabulary/aq/pollutant/6001,hour,3.7079000400,µg/m3,2018-08-30 09:00:00 +01:00,2018-08-30 10:00:00 +01:00,1,1
AT,AT.0008.20.AQ,NET.09,STA.09.AKC,,SPO.09.AKC.5066.6001.1,SPP.09.AKC.5066.6001.1.11325,SAM.09.AKC.5066.6001.1,PM2.5,http://dd.eionet.europa.eu/vocabulary/aq/pollutant/6001,hour,3.2145500100,µg/m3,2018-08-30 10:00:00 +01:00,2018-08-30 11:00:00 +01:00,1,1
AT,AT.0008.20.AQ,NET.09,STA.09.AKC,,SPO.09.AKC.5066.6001.1,SPP.09.AKC.5066.6001.1.11325,SAM.09.AKC.5066.6001.1,PM2.5,http://dd.eionet.europa.eu/vocabulary/aq/pollutant/6001,hour,3.1459999000,µg/m3,2018-08-30 11:00:00 +01:00,2018-08-30 12:00:00 +01:00,1,1
AT,AT.0008.20.AQ,NET.09,STA.09.AKC,,SPO.09.AKC.5066.6001.1,SPP.09.AKC.5066.6001.1.11325,SAM.09.AKC.5066.6001.1,PM2.5,http://dd.eionet.europa.eu/vocabulary/aq/pollutant/6001,hour,4.7511501300,µg/m3,2018-08-30 14:00:00 +01:00,2018-08-30 15:00:00 +01:00,1,1
AT,AT.0008.20.AQ,NET.09,STA.09.AKC,,SPO.09.AKC.5066.6001.1,SPP.09.AKC.5066.6001.1.11325,SAM.09.AKC.5066.6001.1,PM2.5,http://dd.eionet.europa.eu/vocabulary/aq/pollutant/6001,hour,7.2111001000,µg/m3,2018-08-30 18:00:00 +01:00,2018-08-30 19:00:00 +01:00,1,1
AT,AT.0008.20.AQ,NET.09,STA.09.AKC,,SPO.09.AKC.5066.6001.1,SPP.09.AKC.5066.6001.1.11325,SAM.09.AKC.5066.6001.1,PM2.5,http://dd.eionet.europa.eu/vocabulary/aq/pollutant/6001,hour,6.3664503000,µg/m3,2018-08-30 21:00:00 +01:00,2018-08-30 22:00:00 +01:00,1,1
AT,AT.0008.20.AQ,NET.09,STA.09.AKC,,SPO.09.AKC.5066.6001.1,SPP.09.AKC.5066.6001.1.11325,SAM.09.AKC.5066.6001.1,PM2.5,http://dd.eionet.europa.eu/vocabulary/aq/pollutant/6001,hour,6.8148999200,µg/m3,2018-08-30 22:00:00 +01:00,2018-08-30 23:00:00 +01:00,1,1
AT,AT.0008.20.AQ,NET.09,STA.09.AKC,,SPO.09.AKC.5066.6001.1,SPP.09.AKC.5066.6001.1.11325,SAM.09.AKC.5066.6001.1,PM2.5,http://dd.eionet.europa.eu/vocabulary/aq/pollutant/6001,hour,6.8696002900,µg/m3,2018-08-30 23:00:00 +01:00,2018-08-31 00:00:00 +01:00,1,1
AT,AT.0008.20.AQ,NET.09,STA.09.AKC,,SPO.09.AKC.5066.6001.1,SPP.09.AKC.5066.6001.1.11325,SAM.09.AKC.5066.6001.1,PM2.5,http://dd.eionet.europa.eu/vocabulary/aq/pollutant/6001,hour,7.6575999200,µg/m3,2018-08-31 03:00:00 +01:00,2018-08-31 04:00:00 +01:00,1,1
AT,AT.0008.20.AQ,NET.09,STA.09.AKC,,SPO.09.AKC.5066.6001.1,SPP.09.AKC.5066.6001.1.11325,SAM.09.AKC.5066.6001.1,PM2.5,http://dd.eionet.europa.eu/vocabulary/aq/pollutant/6001,hour,8.8880996700,µg/m3,2018-08-31 05:00:00 +01:00,2018-08-31 06:00:00 +01:00,1,1
AT,AT.0008.20.AQ,NET.09,STA.09.AKC,,SPO.09.AKC.5066.6001.1,SPP.09.AKC.5066.6001.1.11325,SAM.09.AKC.5066.6001.1,PM2.5,http://dd.eionet.europa.eu/vocabulary/aq/pollutant/6001,hour,8.8850002200,µg/m3,2018-08-31 06:00:00 +01:00,2018-08-31 07:00:00 +01:00,1,1
AT,AT.0008.20.AQ,NET.09,STA.09.AKC,,SPO.09.AKC.5066.6001.1,SPP.09.AKC.5066.6001.1.11325,SAM.09.AKC.5066.6001.1,PM2.5,http://dd.eionet.europa.eu/vocabulary/aq/pollutant/6001,hour,7.7607498100,µg/m3,2018-08-31 08:00:00 +01:00,2018-08-31 09:00:00 +01:00,1,1
AT,AT.0008.20.AQ,NET.09,STA.09.AKC,,SPO.09.AKC.5066.6001.1,SPP.09.AKC.5066.6001.1.11325,SAM.09.AKC.5066.6001.1,PM2.5,http://dd.eionet.europa.eu/vocabulary/aq/pollutant/6001,hour,9.5990505200,µg/m3,2018-08-31 11:00:00 +01:00,2018-08-31 12:00:00 +01:00,1,1
AT,AT.0008.20.AQ,NET.09,STA.09.AKC,,SPO.09.AKC.5066.6001.1,SPP.09.AKC.5066.6001.1.11325,SAM.09.AKC.5066.6001.1,PM2.5,http://dd.eionet.europa.eu/vocabulary/aq/pollutant/6001,hour,7.7686495700,µg/m3,2018-08-31 14:00:00 +01:00,2018-08-31 15:00:00 +01:00,1,1
AT,AT.0008.20.AQ,NET.09,STA.09.AKC,,SPO.09.AKC.5066.6001.1,SPP.09.AKC.5066.6001.1.11325,SAM.09.AKC.5066.6001.1,PM2.5,http://dd.eionet.europa.eu/vocabulary/aq/pollutant/6001,hour,7.6726999200,µg/m3,2018-08-31 17:00:00 +01:00,2018-08-31 18:00:00 +01:00,1,1
AT,AT.0008.20.AQ,NET.09,STA.09.AKC,,SPO.09.AKC.5066.6001.1,SPP.09.AKC.5066.6001.1.11325,SAM.09.AKC.5066.6001.1,PM2.5,http://dd.eionet.europa.eu/vocabulary/aq/pollutant/6001,hour,10.7046499200,µg/m3,2018-08-31 19:00:00 +01:00,2018-08-31 20:00:00 +01:00,1,1
AT,AT.0008.20.AQ,NET.09,STA.09.AKC,,SPO.09.AKC.5066.6001.1,SPP.09.AKC.5066.6001.1.11325,SAM.09.AKC.5066.6001.1,PM2.5,http://dd.eionet.europa.eu/vocabulary/aq/pollutant/6001,hour,11.7369995100,µg/m3,2018-08-31 20:00:00 +01:00,2018-08-31 21:00:00 +01:00,1,1
AT,AT.0008.20.AQ,NET.09,STA.09.AKC,,SPO.09.AKC.5066.6001.1,SPP.09.AKC.5066.6001.1.11325,SAM.09.AKC.5066.6001.1,PM2.5,http://dd.eionet.europa.eu/vocabulary/aq/pollutant/6001,hour,11.8069992000,µg/m3,2018-08-31 21:00:00 +01:00,2018-08-31 22:00:00 +01:00,1,1
AT,AT.0008.20.AQ,NET.09,STA.09.AKC,,SPO.09.AKC.5066.6001.1,SPP.09.AKC.5066.6001.1.11325,SAM.09.AKC.5066.6001.1,PM2.5,http://dd.eionet.europa.eu/vocabulary/aq/pollutant/6001,hour,11.7159996000,µg/m3,2018-08-31 22:00:00 +01:00,2018-08-31 23:00:00 +01:00,1,1
AT,AT.0008.20.AQ,NET.09,STA.09.AKC,,SPO.09.AKC.5066.6001.1,SPP.09.AKC.5066.6001.1.11325,SAM.09.AKC.5066.6001.1,PM2.5,http://dd.eionet.europa.eu/vocabulary/aq/pollutant/6001,hour,11.6049995400,µg/m3,2018-08-31 23:00:00 +01:00,2018-09-01 00:00:00 +01:00,1,1
AT,AT.0008.20.AQ,NET.09,STA.09.AKC,,SPO.09.AKC.5066.6001.1,SPP.09.AKC.5066.6001.1.11325,SAM.09.AKC.5066.6001.1,PM2.5,http://dd.eionet.europa.eu/vocabulary/aq/pollutant/6001,hour,11.4605007100,µg/m3,2018-09-01 00:00:00 +01:00,2018-09-01 01:00:00 +01:00,1,1
AT,AT.0008.20.AQ,NET.09,STA.09.AKC,,SPO.09.AKC.5066.6001.1,SPP.09.AKC.5066.6001.1.11325,SAM.09.AKC.5066.6001.1,PM2.5,http://dd.eionet.europa.eu/vocabulary/aq/pollutant/6001,hour,12.2784996000,µg/m3,2018-09-01 01:00:00 +01:00,2018-09-01 02:00:00 +01:00,1,1
AT,AT.0008.20.AQ,NET.09,STA.09.AKC,,SPO.09.AKC.5066.6001.1,SPP.09.AKC.5066.6001.1.11325,SAM.09.AKC.5066.6001.1,PM2.5,http://dd.eionet.europa.eu/vocabulary/aq/pollutant/6001,hour,13.1620006500,µg/m3,2018-09-01 02:00:00 +01:00,2018-09-01 03:00:00 +01:00,1,1
AT,AT.0008.20.AQ,NET.09,STA.09.AKC,,SPO.09.AKC.5066.6001.1,SPP.09.AKC.5066.6001.1.11325,SAM.09.AKC.5066.6001.1,PM2.5,http://dd.eionet.europa.eu/vocabulary/aq/pollutant/6001,hour,13.0200004500,µg/m3,2018-09-01 03:00:00 +01:00,2018-09-01 04:00:00 +01:00,1,1
AT,AT.0008.20.AQ,NET.09,STA.09.AKC,,SPO.09.AKC.5066.6001.1,SPP.09.AKC.5066.6001.1.11325,SAM.09.AKC.5066.6001.1,PM2.5,http://dd.eionet.europa.eu/vocabulary/aq/pollutant/6001,hour,14.1604995700,µg/m3,2018-09-01 04:00:00 +01:00,2018-09-01 05:00:00 +01:00,1,1
AT,AT.0008.20.AQ,NET.09,STA.09.AKC,,SPO.09.AKC.5066.6001.1,SPP.09.AKC.5066.6001.1.11325,SAM.09.AKC.5066.6001.1,PM2.5,http://dd.eionet.europa.eu/vocabulary/aq/pollutant/6001,hour,12.5764999300,µg/m3,2018-09-01 05:00:00 +01:00,2018-09-01 06:00:00 +01:00,1,1
AT,AT.0008.20.AQ,NET.09,STA.09.AKC,,SPO.09.AKC.5066.6001.1,SPP.09.AKC.5066.6001.1.11325,SAM.09.AKC.5066.6001.1,PM2.5,http://dd.eionet.europa.eu/vocabulary/aq/pollutant/6001,hour,13.2364997800,µg/m3,2018-09-01 06:00:00 +01:00,2018-09-01 07:00:00 +01:00,1,1
AT,AT.0008.20.AQ,NET.09,STA.09.AKC,,SPO.09.AKC.5066.6001.1,SPP.09.AKC.5066.6001.1.11325,SAM.09.AKC.5066.6001.1,PM2.5,http://dd.eionet.europa.eu/vocabulary/aq/pollutant/6001,hour,9.4560499100,µg/m3,2018-09-01 07:00:00 +01:00,2018-09-01 08:00:00 +01:00,1,1
AT,AT.0008.20.AQ,NET.09,STA.09.AKC,,SPO.09.AKC.5066.6001.1,SPP.09.AKC.5066.6001.1.11325,SAM.09.AKC.5066.6001.1,PM2.5,http://dd.eionet.europa.eu/vocabulary/aq/pollutant/6001,hour,7.3785500500,µg/m3,2018-09-01 08:00:00 +01:00,2018-09-01 09:00:00 +01:00,1,1
AT,AT.0008.20.AQ,NET.09,STA.09.AKC,,SPO.09.AKC.5066.6001.1,SPP.09.AKC.5066.6001.1.11325,SAM.09.AKC.5066.6001.1,PM2.5,http://dd.eionet.europa.eu/vocabulary/aq/pollutant/6001,hour,8.1329002300,µg/m3,2018-09-01 09:00:00 +01:00,2018-09-01 10:00:00 +01:00,1,1
AT,AT.0008.20.AQ,NET.09,STA.09.AKC,,SPO.09.AKC.5066.6001.1,SPP.09.AKC.5066.6001.1.11325,SAM.09.AKC.5066.6001.1,PM2.5,http://dd.eionet.europa.eu/vocabulary/aq/pollutant/6001,hour,8.8381004300,µg/m3,2018-09-01 10:00:00 +01:00,2018-09-01 11:00:00 +01:00,1,1
AT,AT.0008.20.AQ,NET.09,STA.09.AKC,,SPO.09.AKC.5066.6001.1,SPP.09.AKC.5066.6001.1.11325,SAM.09.AKC.5066.6001.1,PM2.5,http://dd.eionet.europa.eu/vocabulary/aq/pollutant/6001,hour,8.5256500200,µg/m3,2018-09-01 11:00:00 +01:00,2018-09-01 12:00:00 +01:00,1,1
AT,AT.0008.20.AQ,NET.09,STA.09.AKC,,SPO.09.AKC.5066.6001.1,SPP.09.AKC.5066.6001.1.11325,SAM.09.AKC.5066.6001.1,PM2.5,http://dd.eionet.europa.eu/vocabulary/aq/pollutant/6001,hour,13.1210002800,µg/m3,2018-09-01 12:00:00 +01:00,2018-09-01 13:00:00 +01:00,1,1
AT,AT.0008.20.AQ,NET.09,STA.09.AKC,,SPO.09.AKC.5066.6001.1,SPP.09.AKC.5066.6001.1.11325,SAM.09.AKC.5066.6001.1,PM2.5,http://dd.eionet.europa.eu/vocabulary/aq/pollutant/6001,hour,14.1170005700,µg/m3,2018-09-01 13:00:00 +01:00,2018-09-01 14:00:00 +01:00,1,1
AT,AT.0008.20.AQ,NET.09,STA.09.AKC,,SPO.09.AKC.5066.6001.1,SPP.09.AKC.5066.6001.1.11325,SAM.09.AKC.5066.6001.1,PM2.5,http://dd.eionet.europa.eu/vocabulary/aq/pollutant/6001,hour,6.2886500300,µg/m3,2018-09-01 14:00:00 +01:00,2018-09-01 15:00:00 +01:00,1,1
AT,AT.0008.20.AQ,NET.09,STA.09.AKC,,SPO.09.AKC.5066.6001.1,SPP.09.AKC.5066.6001.1.11325,SAM.09.AKC.5066.6001.1,PM2.5,http://dd.eionet.europa.eu/vocabulary/aq/pollutant/6001,hour,6.7788000100,µg/m3,2018-09-01 15:00:00 +01:00,2018-09-01 16:00:00 +01:00,1,1
AT,AT.0008.20.AQ,NET.09,STA.09.AKC,,SPO.09.AKC.5066.6001.1,SPP.09.AKC.5066.6001.1.11325,SAM.09.AKC.5066.6001.1,PM2.5,http://dd.eionet.europa.eu/vocabulary/aq/pollutant/6001,hour,7.5164499200,µg/m3,2018-09-01 17:00:00 +01:00,2018-09-01 18:00:00 +01:00,1,1
AT,AT.0008.20.AQ,NET.09,STA.09.AKC,,SPO.09.AKC.5066.6001.1,SPP.09.AKC.5066.6001.1.11325,SAM.09.AKC.5066.6001.1,PM2.5,http://dd.eionet.europa.eu/vocabulary/aq/pollutant/6001,hour,12.7299995400,µg/m3,2018-09-01 18:00:00 +01:00,2018-09-01 19:00:00 +01:00,1,1
AT,AT.0008.20.AQ,NET.09,STA.09.AKC,,SPO.09.AKC.5066.6001.1,SPP.09.AKC.5066.6001.1.11325,SAM.09.AKC.5066.6001.1,PM2.5,http://dd.eionet.europa.eu/vocabulary/aq/pollutant/6001,hour,7.2838001200,µg/m3,2018-09-01 20:00:00 +01:00,2018-09-01 21:00:00 +01:00,1,1
AT,AT.0008.20.AQ,NET.09,STA.09.AKC,,SPO.09.AKC.5066.6001.1,SPP.09.AKC.5066.6001.1.11325,SAM.09.AKC.5066.6001.1,PM2.5,http://dd.eionet.europa.eu/vocabulary/aq/pollutant/6001,hour,6.5250501600,µg/m3,2018-09-01 21:00:00 +01:00,2018-09-01 22:00:00 +01:00,1,1
AT,AT.0008.20.AQ,NET.09,STA.09.AKC,,SPO.09.AKC.5066.6001.1,SPP.09.AKC.5066.6001.1.11325,SAM.09.AKC.5066.6001.1,PM2.5,http://dd.eionet.europa.eu/vocabulary/aq/pollutant/6001,hour,7.2052001900,µg/m3,2018-09-01 22:00:00 +01:00,2018-09-01 23:00:00 +01:00,1,1
AT,AT.0008.20.AQ,NET.09,STA.09.AKC,,SPO.09.AKC.5066.6001.1,SPP.09.AKC.5066.6001.1.11325,SAM.09.AKC.5066.6001.1,PM2.5,http://dd.eionet.europa.eu/vocabulary/aq/pollutant/6001,hour,4.9014997400,µg/m3,2018-09-01 23:00:00 +01:00,2018-09-02 00:00:00 +01:00,1,1
AT,AT.0008.20.AQ,NET.09,STA.09.AKC,,SPO.09.AKC.5066.6001.1,SPP.09.AKC.5066.6001.1.11325,SAM.09.AKC.5066.6001.1,PM2.5,http://dd.eionet.europa.eu/vocabulary/aq/pollutant/6001,hour,2.5124998000,µg/m3,2018-09-02 01:00:00 +01:00,2018-09-02 02:00:00 +01:00,1,1
AT,AT.0008.20.AQ,NET.09,STA.09.AKC,,SPO.09.AKC.5066.6001.1,SPP.09.AKC.5066.6001.1.11325,SAM.09.AKC.5066.6001.1,PM2.5,http://dd.eionet.europa.eu/vocabulary/aq/pollutant/6001,hour,1.3803499900,µg/m3,2018-09-02 04:00:00 +01:00,2018-09-02 05:00:00 +01:00,1,1
AT,AT.0008.20.AQ,NET.09,STA.09.AKC,,SPO.09.AKC.5066.6001.1,SPP.09.AKC.5066.6001.1.11325,SAM.09.AKC.5066.6001.1,PM2.5,http://dd.eionet.europa.eu/vocabulary/aq/pollutant/6001,hour,1.6831998800,µg/m3,2018-09-02 05:00:00 +01:00,2018-09-02 06:00:00 +01:00,1,1
AT,AT.0008.20.AQ,NET.09,STA.09.AKC,,SPO.09.AKC.5066.6001.1,SPP.09.AKC.5066.6001.1.11325,SAM.09.AKC.5066.6001.1,PM2.5,http://dd.eionet.europa.eu/vocabulary/aq/pollutant/6001,hour,1.9751000400,µg/m3,2018-09-02 06:00:00 +01:00,2018-09-02 07:00:00 +01:00,1,1
AT,AT.0008.20.AQ,NET.09,STA.09.AKC,,SPO.09.AKC.5066.6001.1,SPP.09.AKC.5066.6001.1.11325,SAM.09.AKC.5066.6001.1,PM2.5,http://dd.eionet.europa.eu/vocabulary/aq/pollutant/6001,hour,2.2465000100,µg/m3,2018-09-02 07:00:00 +01:00,2018-09-02 08:00:00 +01:00,1,1
AT,AT.0008.20.AQ,NET.09,STA.09.AKC,,SPO.09.AKC.5066.6001.1,SPP.09.AKC.5066.6001.1.11325,SAM.09.AKC.5066.6001.1,PM2.5,http://dd.eionet.europa.eu/vocabulary/aq/pollutant/6001,hour,2.4634499500,µg/m3,2018-09-02 08:00:00 +01:00,2018-09-02 09:00:00 +01:00,1,1
AT,AT.0008.20.AQ,NET.09,STA.09.AKC,,SPO.09.AKC.5066.6001.1,SPP.09.AKC.5066.6001.1.11325,SAM.09.AKC.5066.6001.1,PM2.5,http://dd.eionet.europa.eu/vocabulary/aq/pollutant/6001,hour,2.9020500100,µg/m3,2018-09-02 09:00:00 +01:00,2018-09-02 10:00:00 +01:00,1,1
AT,AT.0008.20.AQ,NET.09,STA.09.AKC,,SPO.09.AKC.5066.6001.1,SPP.09.AKC.5066.6001.1.11325,SAM.09.AKC.5066.6001.1,PM2.5,http://dd.eionet.europa.eu/vocabulary/aq/pollutant/6001,hour,3.6231498700,µg/m3,2018-09-02 10:00:00 +01:00,2018-09-02 11:00:00 +01:00,1,1
AT,AT.0008.20.AQ,NET.09,STA.09.AKC,,SPO.09.AKC.5066.6001.1,SPP.09.AKC.5066.6001.1.11325,SAM.09.AKC.5066.6001.1,PM2.5,http://dd.eionet.europa.eu/vocabulary/aq/pollutant/6001,hour,4.5458002000,µg/m3,2018-09-02 12:00:00 +01:00,2018-09-02 13:00:00 +01:00,1,1
AT,AT.0008.20.AQ,NET.09,STA.09.AKC,,SPO.09.AKC.5066.6001.1,SPP.09.AKC.5066.6001.1.11325,SAM.09.AKC.5066.6001.1,PM2.5,http://dd.eionet.europa.eu/vocabulary/aq/pollutant/6001,hour,6.1132497700,µg/m3,2018-09-02 13:00:00 +01:00,2018-09-02 14:00:00 +01:00,1,1
AT,AT.0008.20.AQ,NET.09,STA.09.AKC,,SPO.09.AKC.5066.6001.1,SPP.09.AKC.5066.6001.1.11325,SAM.09.AKC.5066.6001.1,PM2.5,http://dd.eionet.europa.eu/vocabulary/aq/pollutant/6001,hour,6.5135998700,µg/m3,2018-09-02 14:00:00 +01:00,2018-09-02 15:00:00 +01:00,1,1
AT,AT.0008.20.AQ,NET.09,STA.09.AKC,,SPO.09.AKC.5066.6001.1,SPP.09.AKC.5066.6001.1.11325,SAM.09.AKC.5066.6001.1,PM2.5,http://dd.eionet.europa.eu/vocabulary/aq/pollutant/6001,hour,8.7906494100,µg/m3,2018-09-02 15:00:00 +01:00,2018-09-02 16:00:00 +01:00,1,1
AT,AT.0008.20.AQ,NET.09,STA.09.AKC,,SPO.09.AKC.5066.6001.1,SPP.09.AKC.5066.6001.1.11325,SAM.09.AKC.5066.6001.1,PM2.5,http://dd.eionet.europa.eu/vocabulary/aq/pollutant/6001,hour,8.8501501000,µg/m3,2018-09-02 16:00:00 +01:00,2018-09-02 17:00:00 +01:00,1,1
AT,AT.0008.20.AQ,NET.09,STA.09.AKC,,SPO.09.AKC.5066.6001.1,SPP.09.AKC.5066.6001.1.11325,SAM.09.AKC.5066.6001.1,PM2.5,http://dd.eionet.europa.eu/vocabulary/aq/pollutant/6001,hour,11.0380001000,µg/m3,2018-09-02 18:00:00 +01:00,2018-09-02 19:00:00 +01:00,1,1
AT,AT.0008.20.AQ,NET.09,STA.09.AKC,,SPO.09.AKC.5066.6001.1,SPP.09.AKC.5066.6001.1.11325,SAM.09.AKC.5066.6001.1,PM2.5,http://dd.eionet.europa.eu/vocabulary/aq/pollutant/6001,hour,13.2880001000,µg/m3,2018-09-02 19:00:00 +01:00,2018-09-02 20:00:00 +01:00,1,1
AT,AT.0008.20.AQ,NET.09,STA.09.AKC,,SPO.09.AKC.5066.6001.1,SPP.09.AKC.5066.6001.1.11325,SAM.09.AKC.5066.6001.1,PM2.5,http://dd.eionet.europa.eu/vocabulary/aq/pollutant/6001,hour,12.0970001200,µg/m3,2018-09-02 20:00:00 +01:00,2018-09-02 21:00:00 +01:00,1,1
AT,AT.0008.20.AQ,NET.09,STA.09.AKC,,SPO.09.AKC.5066.6001.1,SPP.09.AKC.5066.6001.1.11325,SAM.09.AKC.5066.6001.1,PM2.5,http://dd.eionet.europa.eu/vocabulary/aq/pollutant/6001,hour,10.5034999800,µg/m3,2018-09-02 21:00:00 +01:00,2018-09-02 22:00:00 +01:00,1,1
AT,AT.0008.20.AQ,NET.09,STA.09.AKC,,SPO.09.AKC.5066.6001.1,SPP.09.AKC.5066.6001.1.11325,SAM.09.AKC.5066.6001.1,PM2.5,http://dd.eionet.europa.eu/vocabulary/aq/pollutant/6001,hour,10.4029998700,µg/m3,2018-09-02 22:00:00 +01:00,2018-09-02 23:00:00 +01:00,1,1
AT,AT.0008.20.AQ,NET.09,STA.09.AKC,,SPO.09.AKC.5066.6001.1,SPP.09.AKC.5066.6001.1.11325,SAM.09.AKC.5066.6001.1,PM2.5,http://dd.eionet.europa.eu/vocabulary/aq/pollutant/6001,hour,9.3945007300,µg/m3,2018-09-02 23:00:00 +01:00,2018-09-03 00:00:00 +01:00,1,1
AT,AT.0008.20.AQ,NET.09,STA.09.AKC,,SPO.09.AKC.5066.6001.1,SPP.09.AKC.5066.6001.1.11325,SAM.09.AKC.5066.6001.1,PM2.5,http://dd.eionet.europa.eu/vocabulary/aq/pollutant/6001,hour,5.5938000600,µg/m3,2018-09-03 02:00:00 +01:00,2018-09-03 03:00:00 +01:00,1,1
AT,AT.0008.20.AQ,NET.09,STA.09.AKC,,SPO.09.AKC.5066.6001.1,SPP.09.AKC.5066.6001.1.11325,SAM.09.AKC.5066.6001.1,PM2.5,http://dd.eionet.europa.eu/vocabulary/aq/pollutant/6001,hour,7.3637504500,µg/m3,2018-09-03 03:00:00 +01:00,2018-09-03 04:00:00 +01:00,1,1
AT,AT.0008.20.AQ,NET.09,STA.09.AKC,,SPO.09.AKC.5066.6001.1,SPP.09.AKC.5066.6001.1.11325,SAM.09.AKC.5066.6001.1,PM2.5,http://dd.eionet.europa.eu/vocabulary/aq/pollutant/6001,hour,8.6600494300,µg/m3,2018-09-03 04:00:00 +01:00,2018-09-03 05:00:00 +01:00,1,1
AT,AT.0008.20.AQ,NET.09,STA.09.AKC,,SPO.09.AKC.5066.6001.1,SPP.09.AKC.5066.6001.1.11325,SAM.09.AKC.5066.6001.1,PM2.5,http://dd.eionet.europa.eu/vocabulary/aq/pollutant/6001,hour,9.2257003700,µg/m3,2018-09-03 05:00:00 +01:00,2018-09-03 06:00:00 +01:00,1,1
AT,AT.0008.20.AQ,NET.09,STA.09.AKC,,SPO.09.AKC.5066.6001.1,SPP.09.AKC.5066.6001.1.11325,SAM.09.AKC.5066.6001.1,PM2.5,http://dd.eionet.europa.eu/vocabulary/aq/pollutant/6001,hour,7.8653001700,µg/m3,2018-09-03 06:00:00 +01:00,2018-09-03 07:00:00 +01:00,1,1
AT,AT.0008.20.AQ,NET.09,STA.09.AKC,,SPO.09.AKC.5066.6001.1,SPP.09.AKC.5066.6001.1.11325,SAM.09.AKC.5066.6001.1,PM2.5,http://dd.eionet.europa.eu/vocabulary/aq/pollutant/6001,hour,9.1374502100,µg/m3,2018-09-03 07:00:00 +01:00,2018-09-03 08:00:00 +01:00,1,1
AT,AT.0008.20.AQ,NET.09,STA.09.AKC,,SPO.09.AKC.5066.6001.1,SPP.09.AKC.5066.6001.1.11325,SAM.09.AKC.5066.6001.1,PM2.5,http://dd.eionet.europa.eu/vocabulary/aq/pollutant/6001,hour,10.2005004800,µg/m3,2018-09-03 08:00:00 +01:00,2018-09-03 09:00:00 +01:00,1,1
AT,AT.0008.20.AQ,NET.09,STA.09.AKC,,SPO.09.AKC.5066.6001.1,SPP.09.AKC.5066.6001.1.11325,SAM.09.AKC.5066.6001.1,PM2.5,http://dd.eionet.europa.eu/vocabulary/aq/pollutant/6001,hour,8.8155498500,µg/m3,2018-09-03 10:00:00 +01:00,2018-09-03 11:00:00 +01:00,1,1
AT,AT.0008.20.AQ,NET.09,STA.09.AKC,,SPO.09.AKC.5066.6001.1,SPP.09.AKC.5066.6001.1.11325,SAM.09.AKC.5066.6001.1,PM2.5,http://dd.eionet.europa.eu/vocabulary/aq/pollutant/6001,hour,8.3190498300,µg/m3,2018-09-03 11:00:00 +01:00,2018-09-03 12:00:00 +01:00,1,1
AT,AT.0008.20.AQ,NET.09,STA.09.AKC,,SPO.09.AKC.5066.6001.1,SPP.09.AKC.5066.6001.1.11325,SAM.09.AKC.5066.6001.1,PM2.5,http://dd.eionet.europa.eu/vocabulary/aq/pollutant/6001,hour,8.8307495100,µg/m3,2018-09-03 13:00:00 +01:00,2018-09-03 14:00:00 +01:00,1,1
AT,AT.0008.20.AQ,NET.09,STA.09.AKC,,SPO.09.AKC.5066.6001.1,SPP.09.AKC.5066.6001.1.11325,SAM.09.AKC.5066.6001.1,PM2.5,http://dd.eionet.europa.eu/vocabulary/aq/pollutant/6001,hour,5.6826496100,µg/m3,2018-09-03 18:00:00 +01:00,2018-09-03 19:00:00 +01:00,1,1
AT,AT.0008.20.AQ,NET.09,STA.09.AKC,,SPO.09.AKC.5066.6001.1,SPP.09.AKC.5066.6001.1.11325,SAM.09.AKC.5066.6001.1,PM2.5,http://dd.eionet.europa.eu/vocabulary/aq/pollutant/6001,hour,5.5072498300,µg/m3,2018-09-03 19:00:00 +01:00,2018-09-03 20:00:00 +01:00,1,1
AT,AT.0008.20.AQ,NET.09,STA.09.AKC,,SPO.09.AKC.5066.6001.1,SPP.09.AKC.5066.6001.1.11325,SAM.09.AKC.5066.6001.1,PM2.5,http://dd.eionet.europa.eu/vocabulary/aq/pollutant/6001,hour,7.0456500000,µg/m3,2018-09-03 21:00:00 +01:00,2018-09-03 22:00:00 +01:00,1,1
AT,AT.0008.20.AQ,NET.09,STA.09.AKC,,SPO.09.AKC.5066.6001.1,SPP.09.AKC.5066.6001.1.11325,SAM.09.AKC.5066.6001.1,PM2.5,http://dd.eionet.europa.eu/vocabulary/aq/pollutant/6001,hour,6.4203000000,µg/m3,2018-09-03 23:00:00 +01:00,2018-09-04 00:00:00 +01:00,1,1
AT,AT.0008.20.AQ,NET.09,STA.09.AKC,,SPO.09.AKC.5066.6001.1,SPP.09.AKC.5066.6001.1.11325,SAM.09.AKC.5066.6001.1,PM2.5,http://dd.eionet.europa.eu/vocabulary/aq/pollutant/6001,hour,7.1573495800,µg/m3,2018-09-04 00:00:00 +01:00,2018-09-04 01:00:00 +01:00,1,1
AT,AT.0008.20.AQ,NET.09,STA.09.AKC,,SPO.09.AKC.5066.6001.1,SPP.09.AKC.5066.6001.1.11325,SAM.09.AKC.5066.6001.1,PM2.5,http://dd.eionet.europa.eu/vocabulary/aq/pollutant/6001,hour,9.3330001800,µg/m3,2018-09-04 01:00:00 +01:00,2018-09-04 02:00:00 +01:00,1,1
AT,AT.0008.20.AQ,NET.09,STA.09.AKC,,SPO.09.AKC.5066.6001.1,SPP.09.AKC.5066.6001.1.11325,SAM.09.AKC.5066.6001.1,PM2.5,http://dd.eionet.europa.eu/vocabulary/aq/pollutant/6001,hour,8.7874002400,µg/m3,2018-09-04 04:00:00 +01:00,2018-09-04 05:00:00 +01:00,1,1
AT,AT.0008.20.AQ,NET.09,STA.09.AKC,,SPO.09.AKC.5066.6001.1,SPP.09.AKC.5066.6001.1.11325,SAM.09.AKC.5066.6001.1,PM2.5,http://dd.eionet.europa.eu/vocabulary/aq/pollutant/6001,hour,9.4682998600,µg/m3,2018-09-04 05:00:00 +01:00,2018-09-04 06:00:00 +01:00,1,1
AT,AT.0008.20.AQ,NET.09,STA.09.AKC,,SPO.09.AKC.5066.6001.1,SPP.09.AKC.5066.6001.1.11325,SAM.09.AKC.5066.6001.1,PM2.5,http://dd.eionet.europa.eu/vocabulary/aq/pollutant/6001,hour,10.1149997700,µg/m3,2018-09-04 06:00:00 +01:00,2018-09-04 07:00:00 +01:00,1,1
AT,AT.0008.20.AQ,NET.09,STA.09.AKC,,SPO.09.AKC.5066.6001.1,SPP.09.AKC.5066.6001.1.11325,SAM.09.AKC.5066.6001.1,PM2.5,http://dd.eionet.europa.eu/vocabulary/aq/pollutant/6001,hour,10.0572500200,µg/m3,2018-09-04 07:00:00 +01:00,2018-09-04 08:00:00 +01:00,1,1
AT,AT.0008.20.AQ,NET.09,STA.09.AKC,,SPO.09.AKC.5066.6001.1,SPP.09.AKC.5066.6001.1.11325,SAM.09.AKC.5066.6001.1,PM2.5,http://dd.eionet.europa.eu/vocabulary/aq/pollutant/6001,hour,7.7286500900,µg/m3,2018-09-04 08:00:00 +01:00,2018-09-04 09:00:00 +01:00,1,1
AT,AT.0008.20.AQ,NET.09,STA.09.AKC,,SPO.09.AKC.5066.6001.1,SPP.09.AKC.5066.6001.1.11325,SAM.09.AKC.5066.6001.1,PM2.5,http://dd.eionet.europa.eu/vocabulary/aq/pollutant/6001,hour,7.8336496300,µg/m3,2018-09-04 09:00:00 +01:00,2018-09-04 10:00:00 +01:00,1,1
AT,AT.0008.20.AQ,NET.09,STA.09.AKC,,SPO.09.AKC.5066.6001.1,SPP.09.AKC.5066.6001.1.11325,SAM.09.AKC.5066.6001.1,PM2.5,http://dd.eionet.europa.eu/vocabulary/aq/pollutant/6001,hour,8.5587005600,µg/m3,2018-09-04 10:00:00 +01:00,2018-09-04 11:00:00 +01:00,1,1
AT,AT.0008.20.AQ,NET.09,STA.09.AKC,,SPO.09.AKC.5066.6001.1,SPP.09.AKC.5066.6001.1.11325,SAM.09.AKC.5066.6001.1,PM2.5,http://dd.eionet.europa.eu/vocabulary/aq/pollutant/6001,hour,8.4520502000,µg/m3,2018-09-04 11:00:00 +01:00,2018-09-04 12:00:00 +01:00,1,1
AT,AT.0008.20.AQ,NET.09,STA.09.AKC,,SPO.09.AKC.5066.6001.1,SPP.09.AKC.5066.6001.1.11325,SAM.09.AKC.5066.6001.1,PM2.5,http://dd.eionet.europa.eu/vocabulary/aq/pollutant/6001,hour,9.5704002300,µg/m3,2018-09-04 12:00:00 +01:00,2018-09-04 13:00:00 +01:00,1,1
AT,AT.0008.20.AQ,NET.09,STA.09.AKC,,SPO.09.AKC.5066.6001.1,SPP.09.AKC.5066.6001.1.11325,SAM.09.AKC.5066.6001.1,PM2.5,http://dd.eionet.europa.eu/vocabulary/aq/pollutant/6001,hour,10.8069992000,µg/m3,2018-09-04 13:00:00 +01:00,2018-09-04 14:00:00 +01:00,1,1
AT,AT.0008.20.AQ,NET.09,STA.09.AKC,,SPO.09.AKC.5066.6001.1,SPP.09.AKC.5066.6001.1.11325,SAM.09.AKC.5066.6001.1,PM2.5,http://dd.eionet.europa.eu/vocabulary/aq/pollutant/6001,hour,10.9265003200,µg/m3,2018-09-04 14:00:00 +01:00,2018-09-04 15:00:00 +01:00,1,1
AT,AT.0008.20.AQ,NET.09,STA.09.AKC,,SPO.09.AKC.5066.6001.1,SPP.09.AKC.5066.6001.1.11325,SAM.09.AKC.5066.6001.1,PM2.5,http://dd.eionet.europa.eu/vocabulary/aq/pollutant/6001,hour,10.8269996600,µg/m3,2018-09-04 15:00:00 +01:00,2018-09-04 16:00:00 +01:00,1,1
AT,AT.0008.20.AQ,NET.09,STA.09.AKC,,SPO.09.AKC.5066.6001.1,SPP.09.AKC.5066.6001.1.11325,SAM.09.AKC.5066.6001.1,PM2.5,http://dd.eionet.europa.eu/vocabulary/aq/pollutant/6001,hour,9.2977504700,µg/m3,2018-09-04 16:00:00 +01:00,2018-09-04 17:00:00 +01:00,1,1
AT,AT.0008.20.AQ,NET.09,STA.09.AKC,,SPO.09.AKC.5066.6001.1,SPP.09.AKC.5066.6001.1.11325,SAM.09.AKC.5066.6001.1,PM2.5,http://dd.eionet.europa.eu/vocabulary/aq/pollutant/6001,hour,11.1170005700,µg/m3,2018-09-04 19:00:00 +01:00,2018-09-04 20:00:00 +01:00,1,1
AT,AT.0008.20.AQ,NET.09,STA.09.AKC,,SPO.09.AKC.5066.6001.1,SPP.09.AKC.5066.6001.1.11325,SAM.09.AKC.5066.6001.1,PM2.5,http://dd.eionet.europa.eu/vocabulary/aq/pollutant/6001,hour,11.0165004700,µg/m3,2018-09-04 20:00:00 +01:00,2018-09-04 21:00:00 +01:00,1,1
AT,AT.0008.20.AQ,NET.09,STA.09.AKC,,SPO.09.AKC.5066.6001.1,SPP.09.AKC.5066.6001.1.11325,SAM.09.AKC.5066.6001.1,PM2.5,http://dd.eionet.europa.eu/vocabulary/aq/pollutant/6001,hour,13.2994995100,µg/m3,2018-09-04 22:00:00 +01:00,2018-09-04 23:00:00 +01:00,1,1
AT,AT.0008.20.AQ,NET.09,STA.09.AKC,,SPO.09.AKC.5066.6001.1,SPP.09.AKC.5066.6001.1.11325,SAM.09.AKC.5066.6001.1,PM2.5,http://dd.eionet.europa.eu/vocabulary/aq/pollutant/6001,hour,14.5954999900,µg/m3,2018-09-05 00:00:00 +01:00,2018-09-05 01:00:00 +01:00,1,1
AT,AT.0008.20.AQ,NET.09,STA.09.AKC,,SPO.09.AKC.5066.6001.1,SPP.09.AKC.5066.6001.1.11325,SAM.09.AKC.5066.6001.1,PM2.5,http://dd.eionet.europa.eu/vocabulary/aq/pollutant/6001,hour,13.2749996100,µg/m3,2018-09-05 01:00:00 +01:00,2018-09-05 02:00:00 +01:00,1,1
AT,AT.0008.20.AQ,NET.09,STA.09.AKC,,SPO.09.AKC.5066.6001.1,SPP.09.AKC.5066.6001.1.11325,SAM.09.AKC.5066.6001.1,PM2.5,http://dd.eionet.europa.eu/vocabulary/aq/pollutant/6001,hour,12.9365005400,µg/m3,2018-09-05 04:00:00 +01:00,2018-09-05 05:00:00 +01:00,1,1
AT,AT.0008.20.AQ,NET.09,STA.09.AKC,,SPO.09.AKC.5066.6001.1,SPP.09.AKC.5066.6001.1.11325,SAM.09.AKC.5066.6001.1,PM2.5,http://dd.eionet.europa.eu/vocabulary/aq/pollutant/6001,hour,13.9235000600,µg/m3,2018-09-05 05:00:00 +01:00,2018-09-05 06:00:00 +01:00,1,1
AT,AT.0008.20.AQ,NET.09,STA.09.AKC,,SPO.09.AKC.5066.6001.1,SPP.09.AKC.5066.6001.1.11325,SAM.09.AKC.5066.6001.1,PM2.5,http://dd.eionet.europa.eu/vocabulary/aq/pollutant/6001,hour,14.1245002700,µg/m3,2018-09-05 06:00:00 +01:00,2018-09-05 07:00:00 +01:00,1,1
AT,AT.0008.20.AQ,NET.09,STA.09.AKC,,SPO.09.AKC.5066.6001.1,SPP.09.AKC.5066.6001.1.11325,SAM.09.AKC.5066.6001.1,PM2.5,http://dd.eionet.europa.eu/vocabulary/aq/pollutant/6001,hour,13.9029998700,µg/m3,2018-09-05 07:00:00 +01:00,2018-09-05 08:00:00 +01:00,1,1
AT,AT.0008.20.AQ,NET.09,STA.09.AKC,,SPO.09.AKC.5066.6001.1,SPP.09.AKC.5066.6001.1.11325,SAM.09.AKC.5066.6001.1,PM2.5,http://dd.eionet.europa.eu/vocabulary/aq/pollutant/6001,hour,12.6335000900,µg/m3,2018-09-05 08:00:00 +01:00,2018-09-05 09:00:00 +01:00,1,1
AT,AT.0008.20.AQ,NET.09,STA.09.AKC,,SPO.09.AKC.5066.6001.1,SPP.09.AKC.5066.6001.1.11325,SAM.09.AKC.5066.6001.1,PM2.5,http://dd.eionet.europa.eu/vocabulary/aq/pollutant/6001,hour,11.4160003600,µg/m3,2018-09-05 09:00:00 +01:00,2018-09-05 10:00:00 +01:00,1,1
AT,AT.0008.20.AQ,NET.09,STA.09.AKC,,SPO.09.AKC.5066.6001.1,SPP.09.AKC.5066.6001.1.11325,SAM.09.AKC.5066.6001.1,PM2.5,http://dd.eionet.europa.eu/vocabulary/aq/pollutant/6001,hour,10.5130004800,µg/m3,2018-09-05 10:00:00 +01:00,2018-09-05 11:00:00 +01:00,1,1
AT,AT.0008.20.AQ,NET.09,STA.09.AKC,,SPO.09.AKC.5066.6001.1,SPP.09.AKC.5066.6001.1.11325,SAM.09.AKC.5066.6001.1,PM2.5,http://dd.eionet.europa.eu/vocabulary/aq/pollutant/6001,hour,10.1339998200,µg/m3,2018-09-05 11:00:00 +01:00,2018-09-05 12:00:00 +01:00,1,1
AT,AT.0008.20.AQ,NET.09,STA.09.AKC,,SPO.09.AKC.5066.6001.1,SPP.09.AKC.5066.6001.1.11325,SAM.09.AKC.5066.6001.1,PM2.5,http://dd.eionet.europa.eu/vocabulary/aq/pollutant/6001,hour,8.5599002800,µg/m3,2018-09-05 12:00:00 +01:00,2018-09-05 13:00:00 +01:00,1,1
AT,AT.0008.20.AQ,NET.09,STA.09.AKC,,SPO.09.AKC.5066.6001.1,SPP.09.AKC.5066.6001.1.11325,SAM.09.AKC.5066.6001.1,PM2.5,http://dd.eionet.europa.eu/vocabulary/aq/pollutant/6001,hour,7.9403500500,µg/m3,2018-09-05 15:00:00 +01:00,2018-09-05 16:00:00 +01:00,1,1
AT,AT.0008.20.AQ,NET.09,STA.09.AKC,,SPO.09.AKC.5066.6001.1,SPP.09.AKC.5066.6001.1.11325,SAM.09.AKC.5066.6001.1,PM2.5,http://dd.eionet.europa.eu/vocabulary/aq/pollutant/6001,hour,8.9385995800,µg/m3,2018-09-05 17:00:00 +01:00,2018-09-05 18:00:00 +01:00,1,1
AT,AT.0008.20.AQ,NET.09,STA.09.AKC,,SPO.09.AKC.5066.6001.1,SPP.09.AKC.5066.6001.1.11325,SAM.09.AKC.5066.6001.1,PM2.5,http://dd.eionet.europa.eu/vocabulary/aq/pollutant/6001,hour,10.8444995800,µg/m3,2018-09-05 18:00:00 +01:00,2018-09-05 19:00:00 +01:00,1,1
AT,AT.0008.20.AQ,NET.09,STA.09.AKC,,SPO.09.AKC.5066.6001.1,SPP.09.AKC.5066.6001.1.11325,SAM.09.AKC.5066.6001.1,PM2.5,http://dd.eionet.europa.eu/vocabulary/aq/pollutant/6001,hour,11.4524993800,µg/m3,2018-09-05 19:00:00 +01:00,2018-09-05 20:00:00 +01:00,1,1
AT,AT.0008.20.AQ,NET.09,STA.09.AKC,,SPO.09.AKC.5066.6001.1,SPP.09.AKC.5066.6001.1.11325,SAM.09.AKC.5066.6001.1,PM2.5,http://dd.eionet.europa.eu/vocabulary/aq/pollutant/6001,hour,12.4375000000,µg/m3,2018-09-05 20:00:00 +01:00,2018-09-05 21:00:00 +01:00,1,1
AT,AT.0008.20.AQ,NET.09,STA.09.AKC,,SPO.09.AKC.5066.6001.1,SPP.09.AKC.5066.6001.1.11325,SAM.09.AKC.5066.6001.1,PM2.5,http://dd.eionet.europa.eu/vocabulary/aq/pollutant/6001,hour,14.3750000000,µg/m3,2018-09-05 21:00:00 +01:00,2018-09-05 22:00:00 +01:00,1,1
AT,AT.0008.20.AQ,NET.09,STA.09.AKC,,SPO.09.AKC.5066.6001.1,SPP.09.AKC.5066.6001.1.11325,SAM.09.AKC.5066.6001.1,PM2.5,http://dd.eionet.europa.eu/vocabulary/aq/pollutant/6001,hour,14.2974996500,µg/m3,2018-09-05 23:00:00 +01:00,2018-09-06 00:00:00 +01:00,1,1
AT,AT.0008.20.AQ,NET.09,STA.09.AKC,,SPO.09.AKC.5066.6001.1,SPP.09.AKC.5066.6001.1.11325,SAM.09.AKC.5066.6001.1,PM2.5,http://dd.eionet.europa.eu/vocabulary/aq/pollutant/6001,hour,13.7404994900,µg/m3,2018-09-06 00:00:00 +01:00,2018-09-06 01:00:00 +01:00,1,1
AT,AT.0008.20.AQ,NET.09,STA.09.AKC,,SPO.09.AKC.5066.6001.1,SPP.09.AKC.5066.6001.1.11325,SAM.09.AKC.5066.6001.1,PM2.5,http://dd.eionet.europa.eu/vocabulary/aq/pollutant/6001,hour,13.3990001600,µg/m3,2018-09-06 01:00:00 +01:00,2018-09-06 02:00:00 +01:00,1,1
AT,AT.0008.20.AQ,NET.09,STA.09.AKC,,SPO.09.AKC.5066.6001.1,SPP.09.AKC.5066.6001.1.11325,SAM.09.AKC.5066.6001.1,PM2.5,http://dd.eionet.europa.eu/vocabulary/aq/pollutant/6001,hour,13.4050006800,µg/m3,2018-09-06 02:00:00 +01:00,2018-09-06 03:00:00 +01:00,1,1
AT,AT.0008.20.AQ,NET.09,STA.09.AKC,,SPO.09.AKC.5066.6001.1,SPP.09.AKC.5066.6001.1.11325,SAM.09.AKC.5066.6001.1,PM2.5,http://dd.eionet.europa.eu/vocabulary/aq/pollutant/6001,hour,14.0114994000,µg/m3,2018-09-06 03:00:00 +01:00,2018-09-06 04:00:00 +01:00,1,1
AT,AT.0008.20.AQ,NET.09,STA.09.AKC,,SPO.09.AKC.5066.6001.1,SPP.09.AKC.5066.6001.1.11325,SAM.09.AKC.5066.6001.1,PM2.5,http://dd.eionet.europa.eu/vocabulary/aq/pollutant/6001,hour,15.4575004500,µg/m3,2018-09-06 04:00:00 +01:00,2018-09-06 05:00:00 +01:00,1,1
AT,AT.0008.20.AQ,NET.09,STA.09.AKC,,SPO.09.AKC.5066.6001.1,SPP.09.AKC.5066.6001.1.11325,SAM.09.AKC.5066.6001.1,PM2.5,http://dd.eionet.europa.eu/vocabulary/aq/pollutant/6001,hour,16.1559982300,µg/m3,2018-09-06 05:00:00 +01:00,2018-09-06 06:00:00 +01:00,1,1
AT,AT.0008.20.AQ,NET.09,STA.09.AKC,,SPO.09.AKC.5066.6001.1,SPP.09.AKC.5066.6001.1.11325,SAM.09.AKC.5066.6001.1,PM2.5,http://dd.eionet.europa.eu/vocabulary/aq/pollutant/6001,hour,16.8074989300,µg/m3,2018-09-06 06:00:00 +01:00,2018-09-06 07:00:00 +01:00,1,1
AT,AT.0008.20.AQ,NET.09,STA.09.AKC,,SPO.09.AKC.5066.6001.1,SPP.09.AKC.5066.6001.1.11325,SAM.09.AKC.5066.6001.1,PM2.5,http://dd.eionet.europa.eu/vocabulary/aq/pollutant/6001,hour,15.7369995100,µg/m3,2018-09-06 07:00:00 +01:00,2018-09-06 08:00:00 +01:00,1,1
AT,AT.0008.20.AQ,NET.09,STA.09.AKC,,SPO.09.AKC.5066.6001.1,SPP.09.AKC.5066.6001.1.11325,SAM.09.AKC.5066.6001.1,PM2.5,http://dd.eionet.europa.eu/vocabulary/aq/pollutant/6001,hour,12.8739995900,µg/m3,2018-09-06 09:00:00 +01:00,2018-09-06 10:00:00 +01:00,1,1
AT,AT.0008.20.AQ,NET.09,STA.09.AKC,,SPO.09.AKC.5066.6001.1,SPP.09.AKC.5066.6001.1.11325,SAM.09.AKC.5066.6001.1,PM2.5,http://dd.eionet.europa.eu/vocabulary/aq/pollutant/6001,hour,10.2933998100,µg/m3,2018-09-06 10:00:00 +01:00,2018-09-06 11:00:00 +01:00,1,1
AT,AT.0008.20.AQ,NET.09,STA.09.AKC,,SPO.09.AKC.5066.6001.1,SPP.09.AKC.5066.6001.1.11325,SAM.09.AKC.5066.6001.1,PM2.5,http://dd.eionet.europa.eu/vocabulary/aq/pollutant/6001,hour,9.8510494200,µg/m3,2018-09-06 12:00:00 +01:00,2018-09-06 13:00:00 +01:00,1,1
AT,AT.0008.20.AQ,NET.09,STA.09.AKC,,SPO.09.AKC.5066.6001.1,SPP.09.AKC.5066.6001.1.11325,SAM.09.AKC.5066.6001.1,PM2.5,http://dd.eionet.europa.eu/vocabulary/aq/pollutant/6001,hour,9.1894998500,µg/m3,2018-09-06 16:00:00 +01:00,2018-09-06 17:00:00 +01:00,1,1
AT,AT.0008.20.AQ,NET.09,STA.09.AKC,,SPO.09.AKC.5066.6001.1,SPP.09.AKC.5066.6001.1.11325,SAM.09.AKC.5066.6001.1,PM2.5,http://dd.eionet.europa.eu/vocabulary/aq/pollutant/6001,hour,9.0086994100,µg/m3,2018-09-06 17:00:00 +01:00,2018-09-06 18:00:00 +01:00,1,1
AT,AT.0008.20.AQ,NET.09,STA.09.AKC,,SPO.09.AKC.5066.6001.1,SPP.09.AKC.5066.6001.1.11325,SAM.09.AKC.5066.6001.1,PM2.5,http://dd.eionet.europa.eu/vocabulary/aq/pollutant/6001,hour,11.3784999800,µg/m3,2018-09-06 18:00:00 +01:00,2018-09-06 19:00:00 +01:00,1,1
AT,AT.0008.20.AQ,NET.09,STA.09.AKC,,SPO.09.AKC.5066.6001.1,SPP.09.AKC.5066.6001.1.11325,SAM.09.AKC.5066.6001.1,PM2.5,http://dd.eionet.europa.eu/vocabulary/aq/pollutant/6001,hour,13.4340000100,µg/m3,2018-09-06 19:00:00 +01:00,2018-09-06 20:00:00 +01:00,1,1
AT,AT.0008.20.AQ,NET.09,STA.09.AKC,,SPO.09.AKC.5066.6001.1,SPP.09.AKC.5066.6001.1.11325,SAM.09.AKC.5066.6001.1,PM2.5,http://dd.eionet.europa.eu/vocabulary/aq/pollutant/6001,hour,13.6199998800,µg/m3,2018-09-06 20:00:00 +01:00,2018-09-06 21:00:00 +01:00,1,1
AT,AT.0008.20.AQ,NET.09,STA.09.AKC,,SPO.09.AKC.5066.6001.1,SPP.09.AKC.5066.6001.1.11325,SAM.09.AKC.5066.6001.1,PM2.5,http://dd.eionet.europa.eu/vocabulary/aq/pollutant/6001,hour,14.1175003000,µg/m3,2018-09-06 21:00:00 +01:00,2018-09-06 22:00:00 +01:00,1,1
AT,AT.0008.20.AQ,NET.09,STA.09.AKC,,SPO.09.AKC.5066.6001.1,SPP.09.AKC.5066.6001.1.11325,SAM.09.AKC.5066.6001.1,PM2.5,http://dd.eionet.europa.eu/vocabulary/aq/pollutant/6001,hour,15.1480007100,µg/m3,2018-09-06 22:00:00 +01:00,2018-09-06 23:00:00 +01:00,1,1
AT,AT.0008.20.AQ,NET.09,STA.09.AKC,,SPO.09.AKC.5066.6001.1,SPP.09.AKC.5066.6001.1.11325,SAM.09.AKC.5066.6001.1,PM2.5,http://dd.eionet.europa.eu/vocabulary/aq/pollutant/6001,hour,14.4120006500,µg/m3,2018-09-07 01:00:00 +01:00,2018-09-07 02:00:00 +01:00,1,1
AT,AT.0008.20.AQ,NET.09,STA.09.AKC,,SPO.09.AKC.5066.6001.1,SPP.09.AKC.5066.6001.1.11325,SAM.09.AKC.5066.6001.1,PM2.5,http://dd.eionet.europa.eu/vocabulary/aq/pollutant/6001,hour,14.1595001200,µg/m3,2018-09-07 02:00:00 +01:00,2018-09-07 03:00:00 +01:00,1,1
AT,AT.0008.20.AQ,NET.09,STA.09.AKC,,SPO.09.AKC.5066.6001.1,SPP.09.AKC.5066.6001.1.11325,SAM.09.AKC.5066.6001.1,PM2.5,http://dd.eionet.europa.eu/vocabulary/aq/pollutant/6001,hour,13.8204994200,µg/m3,2018-09-07 03:00:00 +01:00,2018-09-07 04:00:00 +01:00,1,1
AT,AT.0008.20.AQ,NET.09,STA.09.AKC,,SPO.09.AKC.5066.6001.1,SPP.09.AKC.5066.6001.1.11325,SAM.09.AKC.5066.6001.1,PM2.5,http://dd.eionet.europa.eu/vocabulary/aq/pollutant/6001,hour,14.9399995800,µg/m3,2018-09-07 04:00:00 +01:00,2018-09-07 05:00:00 +01:00,1,1
AT,AT.0008.20.AQ,NET.09,STA.09.AKC,,SPO.09.AKC.5066.6001.1,SPP.09.AKC.5066.6001.1.11325,SAM.09.AKC.5066.6001.1,PM2.5,http://dd.eionet.europa.eu/vocabulary/aq/pollutant/6001,hour,15.2985000600,µg/m3,2018-09-07 05:00:00 +01:00,2018-09-07 06:00:00 +01:00,1,1
AT,AT.0008.20.AQ,NET.09,STA.09.AKC,,SPO.09.AKC.5066.6001.1,SPP.09.AKC.5066.6001.1.11325,SAM.09.AKC.5066.6001.1,PM2.5,http://dd.eionet.europa.eu/vocabulary/aq/pollutant/6001,hour,18.1805000300,µg/m3,2018-09-07 06:00:00 +01:00,2018-09-07 07:00:00 +01:00,1,1
AT,AT.0008.20.AQ,NET.09,STA.09.AKC,,SPO.09.AKC.5066.6001.1,SPP.09.AKC.5066.6001.1.11325,SAM.09.AKC.5066.6001.1,PM2.5,http://dd.eionet.europa.eu/vocabulary/aq/pollutant/6001,hour,17.2239990200,µg/m3,2018-09-07 07:00:00 +01:00,2018-09-07 08:00:00 +01:00,1,1
AT,AT.0008.20.AQ,NET.09,STA.09.AKC,,SPO.09.AKC.5066.6001.1,SPP.09.AKC.5066.6001.1.11325,SAM.09.AKC.5066.6001.1,PM2.5,http://dd.eionet.europa.eu/vocabulary/aq/pollutant/6001,hour,14.5380001000,µg/m3,2018-09-07 08:00:00 +01:00,2018-09-07 09:00:00 +01:00,1,1
AT,AT.0008.20.AQ,NET.09,STA.09.AKC,,SPO.09.AKC.5066.6001.1,SPP.09.AKC.5066.6001.1.11325,SAM.09.AKC.5066.6001.1,PM2.5,http://dd.eionet.europa.eu/vocabulary/aq/pollutant/6001,hour,11.8850002200,µg/m3,2018-09-07 12:00:00 +01:00,2018-09-07 13:00:00 +01:00,1,1
AT,AT.0008.20.AQ,NET.09,STA.09.AKC,,SPO.09.AKC.5066.6001.1,SPP.09.AKC.5066.6001.1.11325,SAM.09.AKC.5066.6001.1,PM2.5,http://dd.eionet.europa.eu/vocabulary/aq/pollutant/6001,hour,10.9534997900,µg/m3,2018-09-07 15:00:00 +01:00,2018-09-07 16:00:00 +01:00,1,1
AT,AT.0008.20.AQ,NET.09,STA.09.AKC,,SPO.09.AKC.5066.6001.1,SPP.09.AKC.5066.6001.1.11325,SAM.09.AKC.5066.6001.1,PM2.5,http://dd.eionet.europa.eu/vocabulary/aq/pollutant/6001,hour,11.6795005700,µg/m3,2018-09-07 16:00:00 +01:00,2018-09-07 17:00:00 +01:00,1,1
AT,AT.0008.20.AQ,NET.09,STA.09.AKC,,SPO.09.AKC.5066.6001.1,SPP.09.AKC.5066.6001.1.11325,SAM.09.AKC.5066.6001.1,PM2.5,http://dd.eionet.europa.eu/vocabulary/aq/pollutant/6001,hour,11.0104999500,µg/m3,2018-09-07 17:00:00 +01:00,2018-09-07 18:00:00 +01:00,1,1
AT,AT.0008.20.AQ,NET.09,STA.09.AKC,,SPO.09.AKC.5066.6001.1,SPP.09.AKC.5066.6001.1.11325,SAM.09.AKC.5066.6001.1,PM2.5,http://dd.eionet.europa.eu/vocabulary/aq/pollutant/6001,hour,11.4330005600,µg/m3,2018-09-07 18:00:00 +01:00,2018-09-07 19:00:00 +01:00,1,1
AT,AT.0008.20.AQ,NET.09,STA.09.AKC,,SPO.09.AKC.5066.6001.1,SPP.09.AKC.5066.6001.1.11325,SAM.09.AKC.5066.6001.1,PM2.5,http://dd.eionet.europa.eu/vocabulary/aq/pollutant/6001,hour,10.2954998000,µg/m3,2018-09-07 20:00:00 +01:00,2018-09-07 21:00:00 +01:00,1,1
AT,AT.0008.20.AQ,NET.09,STA.09.AKC,,SPO.09.AKC.5066.6001.1,SPP.09.AKC.5066.6001.1.11325,SAM.09.AKC.5066.6001.1,PM2.5,http://dd.eionet.europa.eu/vocabulary/aq/pollutant/6001,hour,9.7901496800,µg/m3,2018-09-07 23:00:00 +01:00,2018-09-08 00:00:00 +01:00,1,1
AT,AT.0008.20.AQ,NET.09,STA.09.AKC,,SPO.09.AKC.5066.6001.1,SPP.09.AKC.5066.6001.1.11325,SAM.09.AKC.5066.6001.1,PM2.5,http://dd.eionet.europa.eu/vocabulary/aq/pollutant/6001,hour,11.1979999500,µg/m3,2018-09-08 00:00:00 +01:00,2018-09-08 01:00:00 +01:00,1,1
AT,AT.0008.20.AQ,NET.09,STA.09.AKC,,SPO.09.AKC.5066.6001.1,SPP.09.AKC.5066.6001.1.11325,SAM.09.AKC.5066.6001.1,PM2.5,http://dd.eionet.europa.eu/vocabulary/aq/pollutant/6001,hour,11.4184999400,µg/m3,2018-09-08 02:00:00 +01:00,2018-09-08 03:00:00 +01:00,1,1
AT,AT.0008.20.AQ,NET.09,STA.09.AKC,,SPO.09.AKC.5066.6001.1,SPP.09.AKC.5066.6001.1.11325,SAM.09.AKC.5066.6001.1,PM2.5,http://dd.eionet.europa.eu/vocabulary/aq/pollutant/6001,hour,11.5844993500,µg/m3,2018-09-08 03:00:00 +01:00,2018-09-08 04:00:00 +01:00,1,1
AT,AT.0008.20.AQ,NET.09,STA.09.AKC,,SPO.09.AKC.5066.6001.1,SPP.09.AKC.5066.6001.1.11325,SAM.09.AKC.5066.6001.1,PM2.5,http://dd.eionet.europa.eu/vocabulary/aq/pollutant/6001,hour,12.1269998500,µg/m3,2018-09-08 04:00:00 +01:00,2018-09-08 05:00:00 +01:00,1,1
AT,AT.0008.20.AQ,NET.09,STA.09.AKC,,SPO.09.AKC.5066.6001.1,SPP.09.AKC.5066.6001.1.11325,SAM.09.AKC.5066.6001.1,PM2.5,http://dd.eionet.europa.eu/vocabulary/aq/pollutant/6001,hour,11.7145004200,µg/m3,2018-09-08 05:00:00 +01:00,2018-09-08 06:00:00 +01:00,1,1
AT,AT.0008.20.AQ,NET.09,STA.09.AKC,,SPO.09.AKC.5066.6001.1,SPP.09.AKC.5066.6001.1.11325,SAM.09.AKC.5066.6001.1,PM2.5,http://dd.eionet.europa.eu/vocabulary/aq/pollutant/6001,hour,8.7225999800,µg/m3,2018-09-08 07:00:00 +01:00,2018-09-08 08:00:00 +01:00,1,1
AT,AT.0008.20.AQ,NET.09,STA.09.AKC,,SPO.09.AKC.5066.6001.1,SPP.09.AKC.5066.6001.1.11325,SAM.09.AKC.5066.6001.1,PM2.5,http://dd.eionet.europa.eu/vocabulary/aq/pollutant/6001,hour,8.6314001000,µg/m3,2018-09-08 08:00:00 +01:00,2018-09-08 09:00:00 +01:00,1,1
AT,AT.0008.20.AQ,NET.09,STA.09.AKC,,SPO.09.AKC.5066.6001.1,SPP.09.AKC.5066.6001.1.11325,SAM.09.AKC.5066.6001.1,PM2.5,http://dd.eionet.europa.eu/vocabulary/aq/pollutant/6001,hour,4.5561499500,µg/m3,2018-09-08 13:00:00 +01:00,2018-09-08 14:00:00 +01:00,1,1
AT,AT.0008.20.AQ,NET.09,STA.09.AKC,,SPO.09.AKC.5066.6001.1,SPP.09.AKC.5066.6001.1.11325,SAM.09.AKC.5066.6001.1,PM2.5,http://dd.eionet.europa.eu/vocabulary/aq/pollutant/6001,hour,4.1914997100,µg/m3,2018-09-08 14:00:00 +01:00,2018-09-08 15:00:00 +01:00,1,1
AT,AT.0008.20.AQ,NET.09,STA.09.AKC,,SPO.09.AKC.5066.6001.1,SPP.09.AKC.5066.6001.1.11325,SAM.09.AKC.5066.6001.1,PM2.5,http://dd.eionet.europa.eu/vocabulary/aq/pollutant/6001,hour,4.4033498700,µg/m3,2018-09-08 15:00:00 +01:00,2018-09-08 16:00:00 +01:00,1,1
AT,AT.0008.20.AQ,NET.09,STA.09.AKC,,SPO.09.AKC.5066.6001.1,SPP.09.AKC.5066.6001.1.11325,SAM.09.AKC.5066.6001.1,PM2.5,http://dd.eionet.europa.eu/vocabulary/aq/pollutant/6001,hour,4.5416998800,µg/m3,2018-09-08 16:00:00 +01:00,2018-09-08 17:00:00 +01:00,1,1
AT,AT.0008.20.AQ,NET.09,STA.09.AKC,,SPO.09.AKC.5066.6001.1,SPP.09.AKC.5066.6001.1.11325,SAM.09.AKC.5066.6001.1,PM2.5,http://dd.eionet.europa.eu/vocabulary/aq/pollutant/6001,hour,4.5959997100,µg/m3,2018-09-08 17:00:00 +01:00,2018-09-08 18:00:00 +01:00,1,1
AT,AT.0008.20.AQ,NET.09,STA.09.AKC,,SPO.09.AKC.5066.6001.1,SPP.09.AKC.5066.6001.1.11325,SAM.09.AKC.5066.6001.1,PM2.5,http://dd.eionet.europa.eu/vocabulary/aq/pollutant/6001,hour,6.2761001500,µg/m3,2018-09-08 18:00:00 +01:00,2018-09-08 19:00:00 +01:00,1,1
AT,AT.0008.20.AQ,NET.09,STA.09.AKC,,SPO.09.AKC.5066.6001.1,SPP.09.AKC.5066.6001.1.11325,SAM.09.AKC.5066.6001.1,PM2.5,http://dd.eionet.europa.eu/vocabulary/aq/pollutant/6001,hour,6.8733501400,µg/m3,2018-09-08 23:00:00 +01:00,2018-09-09 00:00:00 +01:00,1,1
AT,AT.0008.20.AQ,NET.09,STA.09.AKC,,SPO.09.AKC.5066.6001.1,SPP.09.AKC.5066.6001.1.11325,SAM.09.AKC.5066.6001.1,PM2.5,http://dd.eionet.europa.eu/vocabulary/aq/pollutant/6001,hour,6.1198501500,µg/m3,2018-09-09 00:00:00 +01:00,2018-09-09 01:00:00 +01:00,1,1
AT,AT.0008.20.AQ,NET.09,STA.09.AKC,,SPO.09.AKC.5066.6001.1,SPP.09.AKC.5066.6001.1.11325,SAM.09.AKC.5066.6001.1,PM2.5,http://dd.eionet.europa.eu/vocabulary/aq/pollutant/6001,hour,6.5998001000,µg/m3,2018-09-09 01:00:00 +01:00,2018-09-09 02:00:00 +01:00,1,1
AT,AT.0008.20.AQ,NET.09,STA.09.AKC,,SPO.09.AKC.5066.6001.1,SPP.09.AKC.5066.6001.1.11325,SAM.09.AKC.5066.6001.1,PM2.5,http://dd.eionet.europa.eu/vocabulary/aq/pollutant/6001,hour,6.6916999800,µg/m3,2018-09-09 02:00:00 +01:00,2018-09-09 03:00:00 +01:00,1,1
AT,AT.0008.20.AQ,NET.09,STA.09.AKC,,SPO.09.AKC.5066.6001.1,SPP.09.AKC.5066.6001.1.11325,SAM.09.AKC.5066.6001.1,PM2.5,http://dd.eionet.europa.eu/vocabulary/aq/pollutant/6001,hour,6.9440498300,µg/m3,2018-09-09 03:00:00 +01:00,2018-09-09 04:00:00 +01:00,1,1
AT,AT.0008.20.AQ,NET.09,STA.09.AKC,,SPO.09.AKC.5066.6001.1,SPP.09.AKC.5066.6001.1.11325,SAM.09.AKC.5066.6001.1,PM2.5,http://dd.eionet.europa.eu/vocabulary/aq/pollutant/6001,hour,8.4944496100,µg/m3,2018-09-09 06:00:00 +01:00,2018-09-09 07:00:00 +01:00,1,1
AT,AT.0008.20.AQ,NET.09,STA.09.AKC,,SPO.09.AKC.5066.6001.1,SPP.09.AKC.5066.6001.1.11325,SAM.09.AKC.5066.6001.1,PM2.5,http://dd.eionet.europa.eu/vocabulary/aq/pollutant/6001,hour,9.0144500700,µg/m3,2018-09-09 07:00:00 +01:00,2018-09-09 08:00:00 +01:00,1,1
AT,AT.0008.20.AQ,NET.09,STA.09.AKC,,SPO.09.AKC.5066.6001.1,SPP.09.AKC.5066.6001.1.11325,SAM.09.AKC.5066.6001.1,PM2.5,http://dd.eionet.europa.eu/vocabulary/aq/pollutant/6001,hour,6.2758502900,µg/m3,2018-09-09 11:00:00 +01:00,2018-09-09 12:00:00 +01:00,1,1
AT,AT.0008.20.AQ,NET.09,STA.09.AKC,,SPO.09.AKC.5066.6001.1,SPP.09.AKC.5066.6001.1.11325,SAM.09.AKC.5066.6001.1,PM2.5,http://dd.eionet.europa.eu/vocabulary/aq/pollutant/6001,hour,5.4720497100,µg/m3,2018-09-09 12:00:00 +01:00,2018-09-09 13:00:00 +01:00,1,1
AT,AT.0008.20.AQ,NET.09,STA.09.AKC,,SPO.09.AKC.5066.6001.1,SPP.09.AKC.5066.6001.1.11325,SAM.09.AKC.5066.6001.1,PM2.5,http://dd.eionet.europa.eu/vocabulary/aq/pollutant/6001,hour,4.5798501900,µg/m3,2018-09-09 15:00:00 +01:00,2018-09-09 16:00:00 +01:00,1,1
AT,AT.0008.20.AQ,NET.09,STA.09.AKC,,SPO.09.AKC.5066.6001.1,SPP.09.AKC.5066.6001.1.11325,SAM.09.AKC.5066.6001.1,PM2.5,http://dd.eionet.europa.eu/vocabulary/aq/pollutant/6001,hour,8.2412004400,µg/m3,2018-09-09 18:00:00 +01:00,2018-09-09 19:00:00 +01:00,1,1
AT,AT.0008.20.AQ,NET.09,STA.09.AKC,,SPO.09.AKC.5066.6001.1,SPP.09.AKC.5066.6001.1.11325,SAM.09.AKC.5066.6001.1,PM2.5,http://dd.eionet.europa.eu/vocabulary/aq/pollutant/6001,hour,9.8486499700,µg/m3,2018-09-09 20:00:00 +01:00,2018-09-09 21:00:00 +01:00,1,1
AT,AT.0008.20.AQ,NET.09,STA.09.AKC,,SPO.09.AKC.5066.6001.1,SPP.09.AKC.5066.6001.1.11325,SAM.09.AKC.5066.6001.1,PM2.5,http://dd.eionet.europa.eu/vocabulary/aq/pollutant/6001,hour,8.1552505400,µg/m3,2018-09-09 22:00:00 +01:00,2018-09-09 23:00:00 +01:00,1,1
AT,AT.0008.20.AQ,NET.09,STA.09.AKC,,SPO.09.AKC.5066.6001.1,SPP.09.AKC.5066.6001.1.11325,SAM.09.AKC.5066.6001.1,PM2.5,http://dd.eionet.europa.eu/vocabulary/aq/pollutant/6001,hour,8.0866003000,µg/m3,2018-09-09 23:00:00 +01:00,2018-09-10 00:00:00 +01:00,1,1
AT,AT.0008.20.AQ,NET.09,STA.09.AKC,,SPO.09.AKC.5066.6001.1,SPP.09.AKC.5066.6001.1.11325,SAM.09.AKC.5066.6001.1,PM2.5,http://dd.eionet.europa.eu/vocabulary/aq/pollutant/6001,hour,8.4248504600,µg/m3,2018-09-10 00:00:00 +01:00,2018-09-10 01:00:00 +01:00,1,1
AT,AT.0008.20.AQ,NET.09,STA.09.AKC,,SPO.09.AKC.5066.6001.1,SPP.09.AKC.5066.6001.1.11325,SAM.09.AKC.5066.6001.1,PM2.5,http://dd.eionet.europa.eu/vocabulary/aq/pollutant/6001,hour,8.5836505800,µg/m3,2018-09-10 01:00:00 +01:00,2018-09-10 02:00:00 +01:00,1,1
AT,AT.0008.20.AQ,NET.09,STA.09.AKC,,SPO.09.AKC.5066.6001.1,SPP.09.AKC.5066.6001.1.11325,SAM.09.AKC.5066.6001.1,PM2.5,http://dd.eionet.europa.eu/vocabulary/aq/pollutant/6001,hour,8.4863500500,µg/m3,2018-09-10 02:00:00 +01:00,2018-09-10 03:00:00 +01:00,1,1
AT,AT.0008.20.AQ,NET.09,STA.09.AKC,,SPO.09.AKC.5066.6001.1,SPP.09.AKC.5066.6001.1.11325,SAM.09.AKC.5066.6001.1,PM2.5,http://dd.eionet.europa.eu/vocabulary/aq/pollutant/6001,hour,9.3547000800,µg/m3,2018-09-10 03:00:00 +01:00,2018-09-10 04:00:00 +01:00,1,1
AT,AT.0008.20.AQ,NET.09,STA.09.AKC,,SPO.09.AKC.5066.6001.1,SPP.09.AKC.5066.6001.1.11325,SAM.09.AKC.5066.6001.1,PM2.5,http://dd.eionet.europa.eu/vocabulary/aq/pollutant/6001,hour,10.2065000500,µg/m3,2018-09-10 05:00:00 +01:00,2018-09-10 06:00:00 +01:00,1,1
AT,AT.0008.20.AQ,NET.09,STA.09.AKC,,SPO.09.AKC.5066.6001.1,SPP.09.AKC.5066.6001.1.11325,SAM.09.AKC.5066.6001.1,PM2.5,http://dd.eionet.europa.eu/vocabulary/aq/pollutant/6001,hour,7.9926500300,µg/m3,2018-09-10 07:00:00 +01:00,2018-09-10 08:00:00 +01:00,1,1
AT,AT.0008.20.AQ,NET.09,STA.09.AKC,,SPO.09.AKC.5066.6001.1,SPP.09.AKC.5066.6001.1.11325,SAM.09.AKC.5066.6001.1,PM2.5,http://dd.eionet.europa.eu/vocabulary/aq/pollutant/6001,hour,7.7867002400,µg/m3,2018-09-10 08:00:00 +01:00,2018-09-10 09:00:00 +01:00,1,1
AT,AT.0008.20.AQ,NET.09,STA.09.AKC,,SPO.09.AKC.5066.6001.1,SPP.09.AKC.5066.6001.1.11325,SAM.09.AKC.5066.6001.1,PM2.5,http://dd.eionet.europa.eu/vocabulary/aq/pollutant/6001,hour,7.2169499300,µg/m3,2018-09-10 10:00:00 +01:00,2018-09-10 11:00:00 +01:00,1,1
AT,AT.0008.20.AQ,NET.09,STA.09.AKC,,SPO.09.AKC.5066.6001.1,SPP.09.AKC.5066.6001.1.11325,SAM.09.AKC.5066.6001.1,PM2.5,http://dd.eionet.europa.eu/vocabulary/aq/pollutant/6001,hour,5.7593998900,µg/m3,2018-09-10 11:00:00 +01:00,2018-09-10 12:00:00 +01:00,1,1
AT,AT.0008.20.AQ,NET.09,STA.09.AKC,,SPO.09.AKC.5066.6001.1,SPP.09.AKC.5066.6001.1.11325,SAM.09.AKC.5066.6001.1,PM2.5,http://dd.eionet.europa.eu/vocabulary/aq/pollutant/6001,hour,5.2210502600,µg/m3,2018-09-10 13:00:00 +01:00,2018-09-10 14:00:00 +01:00,1,1
AT,AT.0008.20.AQ,NET.09,STA.09.AKC,,SPO.09.AKC.5066.6001.1,SPP.09.AKC.5066.6001.1.11325,SAM.09.AKC.5066.6001.1,PM2.5,http://dd.eionet.europa.eu/vocabulary/aq/pollutant/6001,hour,5.0904998700,µg/m3,2018-09-10 14:00:00 +01:00,2018-09-10 15:00:00 +01:00,1,1
AT,AT.0008.20.AQ,NET.09,STA.09.AKC,,SPO.09.AKC.5066.6001.1,SPP.09.AKC.5066.6001.1.11325,SAM.09.AKC.5066.6001.1,PM2.5,http://dd.eionet.europa.eu/vocabulary/aq/pollutant/6001,hour,5.7401499700,µg/m3,2018-09-10 17:00:00 +01:00,2018-09-10 18:00:00 +01:00,1,1
AT,AT.0008.20.AQ,NET.09,STA.09.AKC,,SPO.09.AKC.5066.6001.1,SPP.09.AKC.5066.6001.1.11325,SAM.09.AKC.5066.6001.1,PM2.5,http://dd.eionet.europa.eu/vocabulary/aq/pollutant/6001,hour,6.5428500100,µg/m3,2018-09-10 18:00:00 +01:00,2018-09-10 19:00:00 +01:00,1,1
AT,AT.0008.20.AQ,NET.09,STA.09.AKC,,SPO.09.AKC.5066.6001.1,SPP.09.AKC.5066.6001.1.11325,SAM.09.AKC.5066.6001.1,PM2.5,http://dd.eionet.europa.eu/vocabulary/aq/pollutant/6001,hour,6.4266500400,µg/m3,2018-09-10 19:00:00 +01:00,2018-09-10 20:00:00 +01:00,1,1
AT,AT.0008.20.AQ,NET.09,STA.09.AKC,,SPO.09.AKC.5066.6001.1,SPP.09.AKC.5066.6001.1.11325,SAM.09.AKC.5066.6001.1,PM2.5,http://dd.eionet.europa.eu/vocabulary/aq/pollutant/6001,hour,6.6326999600,µg/m3,2018-09-11 00:00:00 +01:00,2018-09-11 01:00:00 +01:00,1,1
AT,AT.0008.20.AQ,NET.09,STA.09.AKC,,SPO.09.AKC.5066.6001.1,SPP.09.AKC.5066.6001.1.11325,SAM.09.AKC.5066.6001.1,PM2.5,http://dd.eionet.europa.eu/vocabulary/aq/pollutant/6001,hour,7.6581497100,µg/m3,2018-09-11 04:00:00 +01:00,2018-09-11 05:00:00 +01:00,1,1
AT,AT.0008.20.AQ,NET.09,STA.09.AKC,,SPO.09.AKC.5066.6001.1,SPP.09.AKC.5066.6001.1.11325,SAM.09.AKC.5066.6001.1,PM2.5,http://dd.eionet.europa.eu/vocabulary/aq/pollutant/6001,hour,7.5750498700,µg/m3,2018-09-11 06:00:00 +01:00,2018-09-11 07:00:00 +01:00,1,1
AT,AT.0008.20.AQ,NET.09,STA.09.AKC,,SPO.09.AKC.5066.6001.1,SPP.09.AKC.5066.6001.1.11325,SAM.09.AKC.5066.6001.1,PM2.5,http://dd.eionet.europa.eu/vocabulary/aq/pollutant/6001,hour,7.4405002500,µg/m3,2018-09-11 07:00:00 +01:00,2018-09-11 08:00:00 +01:00,1,1
AT,AT.0008.20.AQ,NET.09,STA.09.AKC,,SPO.09.AKC.5066.6001.1,SPP.09.AKC.5066.6001.1.11325,SAM.09.AKC.5066.6001.1,PM2.5,http://dd.eionet.europa.eu/vocabulary/aq/pollutant/6001,hour,7.2613496700,µg/m3,2018-09-11 08:00:00 +01:00,2018-09-11 09:00:00 +01:00,1,1
AT,AT.0008.20.AQ,NET.09,STA.09.AKC,,SPO.09.AKC.5066.6001.1,SPP.09.AKC.5066.6001.1.11325,SAM.09.AKC.5066.6001.1,PM2.5,http://dd.eionet.europa.eu/vocabulary/aq/pollutant/6001,hour,6.9075002600,µg/m3,2018-09-11 09:00:00 +01:00,2018-09-11 10:00:00 +01:00,1,1
AT,AT.0008.20.AQ,NET.09,STA.09.AKC,,SPO.09.AKC.5066.6001.1,SPP.09.AKC.5066.6001.1.11325,SAM.09.AKC.5066.6001.1,PM2.5,http://dd.eionet.europa.eu/vocabulary/aq/pollutant/6001,hour,5.7992501200,µg/m3,2018-09-11 10:00:00 +01:00,2018-09-11 11:00:00 +01:00,1,1
AT,AT.0008.20.AQ,NET.09,STA.09.AKC,,SPO.09.AKC.5066.6001.1,SPP.09.AKC.5066.6001.1.11325,SAM.09.AKC.5066.6001.1,PM2.5,http://dd.eionet.europa.eu/vocabulary/aq/pollutant/6001,hour,6.1801500300,µg/m3,2018-09-11 12:00:00 +01:00,2018-09-11 13:00:00 +01:00,1,1
AT,AT.0008.20.AQ,NET.09,STA.09.AKC,,SPO.09.AKC.5066.6001.1,SPP.09.AKC.5066.6001.1.11325,SAM.09.AKC.5066.6001.1,PM2.5,http://dd.eionet.europa.eu/vocabulary/aq/pollutant/6001,hour,6.1726999200,µg/m3,2018-09-11 14:00:00 +01:00,2018-09-11 15:00:00 +01:00,1,1
AT,AT.0008.20.AQ,NET.09,STA.09.AKC,,SPO.09.AKC.5066.6001.1,SPP.09.AKC.5066.6001.1.11325,SAM.09.AKC.5066.6001.1,PM2.5,http://dd.eionet.europa.eu/vocabulary/aq/pollutant/6001,hour,7.4751000400,µg/m3,2018-09-11 16:00:00 +01:00,2018-09-11 17:00:00 +01:00,1,1
AT,AT.0008.20.AQ,NET.09,STA.09.AKC,,SPO.09.AKC.5066.6001.1,SPP.09.AKC.5066.6001.1.11325,SAM.09.AKC.5066.6001.1,PM2.5,http://dd.eionet.europa.eu/vocabulary/aq/pollutant/6001,hour,7.0283498700,µg/m3,2018-09-11 19:00:00 +01:00,2018-09-11 20:00:00 +01:00,1,1
AT,AT.0008.20.AQ,NET.09,STA.09.AKC,,SPO.09.AKC.5066.6001.1,SPP.09.AKC.5066.6001.1.11325,SAM.09.AKC.5066.6001.1,PM2.5,http://dd.eionet.europa.eu/vocabulary/aq/pollutant/6001,hour,7.4492001500,µg/m3,2018-09-11 21:00:00 +01:00,2018-09-11 22:00:00 +01:00,1,1
AT,AT.0008.20.AQ,NET.09,STA.09.AKC,,SPO.09.AKC.5066.6001.1,SPP.09.AKC.5066.6001.1.11325,SAM.09.AKC.5066.6001.1,PM2.5,http://dd.eionet.europa.eu/vocabulary/aq/pollutant/6001,hour,7.3648500400,µg/m3,2018-09-11 22:00:00 +01:00,2018-09-11 23:00:00 +01:00,1,1
AT,AT.0008.20.AQ,NET.09,STA.09.AKC,,SPO.09.AKC.5066.6001.1,SPP.09.AKC.5066.6001.1.11325,SAM.09.AKC.5066.6001.1,PM2.5,http://dd.eionet.europa.eu/vocabulary/aq/pollutant/6001,hour,9.5837497700,µg/m3,2018-09-11 23:00:00 +01:00,2018-09-12 00:00:00 +01:00,1,1
AT,AT.0008.20.AQ,NET.09,STA.09.AKC,,SPO.09.AKC.5066.6001.1,SPP.09.AKC.5066.6001.1.11325,SAM.09.AKC.5066.6001.1,PM2.5,http://dd.eionet.europa.eu/vocabulary/aq/pollutant/6001,hour,11.8514995500,µg/m3,2018-09-12 00:00:00 +01:00,2018-09-12 01:00:00 +01:00,1,1
AT,AT.0008.20.AQ,NET.09,STA.09.AKC,,SPO.09.AKC.5066.6001.1,SPP.09.AKC.5066.6001.1.11325,SAM.09.AKC.5066.6001.1,PM2.5,http://dd.eionet.europa.eu/vocabulary/aq/pollutant/6001,hour,9.9191503500,µg/m3,2018-09-12 01:00:00 +01:00,2018-09-12 02:00:00 +01:00,1,1
AT,AT.0008.20.AQ,NET.09,STA.09.AKC,,SPO.09.AKC.5066.6001.1,SPP.09.AKC.5066.6001.1.11325,SAM.09.AKC.5066.6001.1,PM2.5,http://dd.eionet.europa.eu/vocabulary/aq/pollutant/6001,hour,10.1929998300,µg/m3,2018-09-12 03:00:00 +01:00,2018-09-12 04:00:00 +01:00,1,1
AT,AT.0008.20.AQ,NET.09,STA.09.AKC,,SPO.09.AKC.5066.6001.1,SPP.09.AKC.5066.6001.1.11325,SAM.09.AKC.5066.6001.1,PM2.5,http://dd.eionet.europa.eu/vocabulary/aq/pollutant/6001,hour,11.1499996100,µg/m3,2018-09-12 04:00:00 +01:00,2018-09-12 05:00:00 +01:00,1,1
AT,AT.0008.20.AQ,NET.09,STA.09.AKC,,SPO.09.AKC.5066.6001.1,SPP.09.AKC.5066.6001.1.11325,SAM.09.AKC.5066.6001.1,PM2.5,http://dd.eionet.europa.eu/vocabulary/aq/pollutant/6001,hour,12.6134996400,µg/m3,2018-09-12 05:00:00 +01:00,2018-09-12 06:00:00 +01:00,1,1
AT,AT.0008.20.AQ,NET.09,STA.09.AKC,,SPO.09.AKC.5066.6001.1,SPP.09.AKC.5066.6001.1.11325,SAM.09.AKC.5066.6001.1,PM2.5,http://dd.eionet.europa.eu/vocabulary/aq/pollutant/6001,hour,12.9890003200,µg/m3,2018-09-12 06:00:00 +01:00,2018-09-12 07:00:00 +01:00,1,1
AT,AT.0008.20.AQ,NET.09,STA.09.AKC,,SPO.09.AKC.5066.6001.1,SPP.09.AKC.5066.6001.1.11325,SAM.09.AKC.5066.6001.1,PM2.5,http://dd.eionet.europa.eu/vocabulary/aq/pollutant/6001,hour,18.1319999600,µg/m3,2018-09-12 07:00:00 +01:00,2018-09-12 08:00:00 +01:00,1,1
AT,AT.0008.20.AQ,NET.09,STA.09.AKC,,SPO.09.AKC.5066.6001.1,SPP.09.AKC.5066.6001.1.11325,SAM.09.AKC.5066.6001.1,PM2.5,http://dd.eionet.europa.eu/vocabulary/aq/pollutant/6001,hour,13.8570003500,µg/m3,2018-09-12 09:00:00 +01:00,2018-09-12 10:00:00 +01:00,1,1
AT,AT.0008.20.AQ,NET.09,STA.09.AKC,,SPO.09.AKC.5066.6001.1,SPP.09.AKC.5066.6001.1.11325,SAM.09.AKC.5066.6001.1,PM2.5,http://dd.eionet.europa.eu/vocabulary/aq/pollutant/6001,hour,7.6294498400,µg/m3,2018-09-12 11:00:00 +01:00,2018-09-12 12:00:00 +01:00,1,1
AT,AT.0008.20.AQ,NET.09,STA.09.AKC,,SPO.09.AKC.5066.6001.1,SPP.09.AKC.5066.6001.1.11325,SAM.09.AKC.5066.6001.1,PM2.5,http://dd.eionet.europa.eu/vocabulary/aq/pollutant/6001,hour,6.1112999900,µg/m3,2018-09-12 13:00:00 +01:00,2018-09-12 14:00:00 +01:00,1,1
AT,AT.0008.20.AQ,NET.09,STA.09.AKC,,SPO.09.AKC.5066.6001.1,SPP.09.AKC.5066.6001.1.11325,SAM.09.AKC.5066.6001.1,PM2.5,http://dd.eionet.europa.eu/vocabulary/aq/pollutant/6001,hour,6.0710000900,µg/m3,2018-09-12 15:00:00 +01:00,2018-09-12 16:00:00 +01:00,1,1
AT,AT.0008.20.AQ,NET.09,STA.09.AKC,,SPO.09.AKC.5066.6001.1,SPP.09.AKC.5066.6001.1.11325,SAM.09.AKC.5066.6001.1,PM2.5,http://dd.eionet.europa.eu/vocabulary/aq/pollutant/6001,hour,6.1922001800,µg/m3,2018-09-12 16:00:00 +01:00,2018-09-12 17:00:00 +01:00,1,1
AT,AT.0008.20.AQ,NET.09,STA.09.AKC,,SPO.09.AKC.5066.6001.1,SPP.09.AKC.5066.6001.1.11325,SAM.09.AKC.5066.6001.1,PM2.5,http://dd.eionet.europa.eu/vocabulary/aq/pollutant/6001,hour,6.5614995900,µg/m3,2018-09-12 18:00:00 +01:00,2018-09-12 19:00:00 +01:00,1,1
AT,AT.0008.20.AQ,NET.09,STA.09.AKC,,SPO.09.AKC.5066.6001.1,SPP.09.AKC.5066.6001.1.11325,SAM.09.AKC.5066.6001.1,PM2.5,http://dd.eionet.europa.eu/vocabulary/aq/pollutant/6001,hour,10.3967504500,µg/m3,2018-09-12 19:00:00 +01:00,2018-09-12 20:00:00 +01:00,1,1
AT,AT.0008.20.AQ,NET.09,STA.09.AKC,,SPO.09.AKC.5066.6001.1,SPP.09.AKC.5066.6001.1.11325,SAM.09.AKC.5066.6001.1,PM2.5,http://dd.eionet.europa.eu/vocabulary/aq/pollutant/6001,hour,12.1549997300,µg/m3,2018-09-12 20:00:00 +01:00,2018-09-12 21:00:00 +01:00,1,1
AT,AT.0008.20.AQ,NET.09,STA.09.AKC,,SPO.09.AKC.5066.6001.1,SPP.09.AKC.5066.6001.1.11325,SAM.09.AKC.5066.6001.1,PM2.5,http://dd.eionet.europa.eu/vocabulary/aq/pollutant/6001,hour,11.0225000300,µg/m3,2018-09-12 22:00:00 +01:00,2018-09-12 23:00:00 +01:00,1,1
AT,AT.0008.20.AQ,NET.09,STA.09.AKC,,SPO.09.AKC.5066.6001.1,SPP.09.AKC.5066.6001.1.11325,SAM.09.AKC.5066.6001.1,PM2.5,http://dd.eionet.europa.eu/vocabulary/aq/pollutant/6001,hour,17.8470001200,µg/m3,2018-09-13 01:00:00 +01:00,2018-09-13 02:00:00 +01:00,1,1
AT,AT.0008.20.AQ,NET.09,STA.09.AKC,,SPO.09.AKC.5066.6001.1,SPP.09.AKC.5066.6001.1.11325,SAM.09.AKC.5066.6001.1,PM2.5,http://dd.eionet.europa.eu/vocabulary/aq/pollutant/6001,hour,14.6014995500,µg/m3,2018-09-13 02:00:00 +01:00,2018-09-13 03:00:00 +01:00,1,1
AT,AT.0008.20.AQ,NET.09,STA.09.AKC,,SPO.09.AKC.5066.6001.1,SPP.09.AKC.5066.6001.1.11325,SAM.09.AKC.5066.6001.1,PM2.5,http://dd.eionet.europa.eu/vocabulary/aq/pollutant/6001,hour,15.4265003200,µg/m3,2018-09-13 03:00:00 +01:00,2018-09-13 04:00:00 +01:00,1,1
AT,AT.0008.20.AQ,NET.09,STA.09.AKC,,SPO.09.AKC.5066.6001.1,SPP.09.AKC.5066.6001.1.11325,SAM.09.AKC.5066.6001.1,PM2.5,http://dd.eionet.europa.eu/vocabulary/aq/pollutant/6001,hour,14.4559993700,µg/m3,2018-09-13 04:00:00 +01:00,2018-09-13 05:00:00 +01:00,1,1
AT,AT.0008.20.AQ,NET.09,STA.09.AKC,,SPO.09.AKC.5066.6001.1,SPP.09.AKC.5066.6001.1.11325,SAM.09.AKC.5066.6001.1,PM2.5,http://dd.eionet.europa.eu/vocabulary/aq/pollutant/6001,hour,15.2690000500,µg/m3,2018-09-13 05:00:00 +01:00,2018-09-13 06:00:00 +01:00,1,1
AT,AT.0008.20.AQ,NET.09,STA.09.AKC,,SPO.09.AKC.5066.6001.1,SPP.09.AKC.5066.6001.1.11325,SAM.09.AKC.5066.6001.1,PM2.5,http://dd.eionet.europa.eu/vocabulary/aq/pollutant/6001,hour,18.7894992800,µg/m3,2018-09-13 07:00:00 +01:00,2018-09-13 08:00:00 +01:00,1,1
AT,AT.0008.20.AQ,NET.09,STA.09.AKC,,SPO.09.AKC.5066.6001.1,SPP.09.AKC.5066.6001.1.11325,SAM.09.AKC.5066.6001.1,PM2.5,http://dd.eionet.europa.eu/vocabulary/aq/pollutant/6001,hour,17.8245010300,µg/m3,2018-09-13 08:00:00 +01:00,2018-09-13 09:00:00 +01:00,1,1
AT,AT.0008.20.AQ,NET.09,STA.09.AKC,,SPO.09.AKC.5066.6001.1,SPP.09.AKC.5066.6001.1.11325,SAM.09.AKC.5066.6001.1,PM2.5,http://dd.eionet.europa.eu/vocabulary/aq/pollutant/6001,hour,16.8229999500,µg/m3,2018-09-13 09:00:00 +01:00,2018-09-13 10:00:00 +01:00,1,1
AT,AT.0008.20.AQ,NET.09,STA.09.AKC,,SPO.09.AKC.5066.6001.1,SPP.09.AKC.5066.6001.1.11325,SAM.09.AKC.5066.6001.1,PM2.5,http://dd.eionet.europa.eu/vocabulary/aq/pollutant/6001,hour,18.9589996300,µg/m3,2018-09-13 10:00:00 +01:00,2018-09-13 11:00:00 +01:00,1,1
AT,AT.0008.20.AQ,NET.09,STA.09.AKC,,SPO.09.AKC.5066.6001.1,SPP.09.AKC.5066.6001.1.11325,SAM.09.AKC.5066.6001.1,PM2.5,http://dd.eionet.europa.eu/vocabulary/aq/pollutant/6001,hour,17.1329994200,µg/m3,2018-09-13 11:00:00 +01:00,2018-09-13 12:00:00 +01:00,1,1
AT,AT.0008.20.AQ,NET.09,STA.09.AKC,,SPO.09.AKC.5066.6001.1,SPP.09.AKC.5066.6001.1.11325,SAM.09.AKC.5066.6001.1,PM2.5,http://dd.eionet.europa.eu/vocabulary/aq/pollutant/6001,hour,12.3229999500,µg/m3,2018-09-13 13:00:00 +01:00,2018-09-13 14:00:00 +01:00,1,1
AT,AT.0008.20.AQ,NET.09,STA.09.AKC,,SPO.09.AKC.5066.6001.1,SPP.09.AKC.5066.6001.1.11325,SAM.09.AKC.5066.6001.1,PM2.5,http://dd.eionet.europa.eu/vocabulary/aq/pollutant/6001,hour,11.0410003600,µg/m3,2018-09-13 15:00:00 +01:00,2018-09-13 16:00:00 +01:00,1,1
AT,AT.0008.20.AQ,NET.09,STA.09.AKC,,SPO.09.AKC.5066.6001.1,SPP.09.AKC.5066.6001.1.11325,SAM.09.AKC.5066.6001.1,PM2.5,http://dd.eionet.europa.eu/vocabulary/aq/pollutant/6001,hour,10.2279996800,µg/m3,2018-09-13 16:00:00 +01:00,2018-09-13 17:00:00 +01:00,1,1
AT,AT.0008.20.AQ,NET.09,STA.09.AKC,,SPO.09.AKC.5066.6001.1,SPP.09.AKC.5066.6001.1.11325,SAM.09.AKC.5066.6001.1,PM2.5,http://dd.eionet.europa.eu/vocabulary/aq/pollutant/6001,hour,9.8071994700,µg/m3,2018-09-13 17:00:00 +01:00,2018-09-13 18:00:00 +01:00,1,1
AT,AT.0008.20.AQ,NET.09,STA.09.AKC,,SPO.09.AKC.5066.6001.1,SPP.09.AKC.5066.6001.1.11325,SAM.09.AKC.5066.6001.1,PM2.5,http://dd.eionet.europa.eu/vocabulary/aq/pollutant/6001,hour,11.2395496300,µg/m3,2018-09-13 19:00:00 +01:00,2018-09-13 20:00:00 +01:00,1,1
AT,AT.0008.20.AQ,NET.09,STA.09.AKC,,SPO.09.AKC.5066.6001.1,SPP.09.AKC.5066.6001.1.11325,SAM.09.AKC.5066.6001.1,PM2.5,http://dd.eionet.europa.eu/vocabulary/aq/pollutant/6001,hour,14.8874998000,µg/m3,2018-09-13 20:00:00 +01:00,2018-09-13 21:00:00 +01:00,1,1
AT,AT.0008.20.AQ,NET.09,STA.09.AKC,,SPO.09.AKC.5066.6001.1,SPP.09.AKC.5066.6001.1.11325,SAM.09.AKC.5066.6001.1,PM2.5,http://dd.eionet.europa.eu/vocabulary/aq/pollutant/6001,hour,13.9020004200,µg/m3,2018-09-13 21:00:00 +01:00,2018-09-13 22:00:00 +01:00,1,1
AT,AT.0008.20.AQ,NET.09,STA.09.AKC,,SPO.09.AKC.5066.6001.1,SPP.09.AKC.5066.6001.1.11325,SAM.09.AKC.5066.6001.1,PM2.5,http://dd.eionet.europa.eu/vocabulary/aq/pollutant/6001,hour,14.3400001500,µg/m3,2018-09-13 22:00:00 +01:00,2018-09-13 23:00:00 +01:00,1,1
AT,AT.0008.20.AQ,NET.09,STA.09.AKC,,SPO.09.AKC.5066.6001.1,SPP.09.AKC.5066.6001.1.11325,SAM.09.AKC.5066.6001.1,PM2.5,http://dd.eionet.europa.eu/vocabulary/aq/pollutant/6001,hour,12.7255001000,µg/m3,2018-09-13 23:00:00 +01:00,2018-09-14 00:00:00 +01:00,1,1
AT,AT.0008.20.AQ,NET.09,STA.09.AKC,,SPO.09.AKC.5066.6001.1,SPP.09.AKC.5066.6001.1.11325,SAM.09.AKC.5066.6001.1,PM2.5,http://dd.eionet.europa.eu/vocabulary/aq/pollutant/6001,hour,10.0662002500,µg/m3,2018-09-14 01:00:00 +01:00,2018-09-14 02:00:00 +01:00,1,1
AT,AT.0008.20.AQ,NET.09,STA.09.AKC,,SPO.09.AKC.5066.6001.1,SPP.09.AKC.5066.6001.1.11325,SAM.09.AKC.5066.6001.1,PM2.5,http://dd.eionet.europa.eu/vocabulary/aq/pollutant/6001,hour,11.2690000500,µg/m3,2018-09-14 03:00:00 +01:00,2018-09-14 04:00:00 +01:00,1,1
AT,AT.0008.20.AQ,NET.09,STA.09.AKC,,SPO.09.AKC.5066.6001.1,SPP.09.AKC.5066.6001.1.11325,SAM.09.AKC.5066.6001.1,PM2.5,http://dd.eionet.europa.eu/vocabulary/aq/pollutant/6001,hour,12.7290000900,µg/m3,2018-09-14 04:00:00 +01:00,2018-09-14 05:00:00 +01:00,1,1
AT,AT.0008.20.AQ,NET.09,STA.09.AKC,,SPO.09.AKC.5066.6001.1,SPP.09.AKC.5066.6001.1.11325,SAM.09.AKC.5066.6001.1,PM2.5,http://dd.eionet.europa.eu/vocabulary/aq/pollutant/6001,hour,14.1289997100,µg/m3,2018-09-14 05:00:00 +01:00,2018-09-14 06:00:00 +01:00,1,1
AT,AT.0008.20.AQ,NET.09,STA.09.AKC,,SPO.09.AKC.5066.6001.1,SPP.09.AKC.5066.6001.1.11325,SAM.09.AKC.5066.6001.1,PM2.5,http://dd.eionet.europa.eu/vocabulary/aq/pollutant/6001,hour,14.4029998700,µg/m3,2018-09-14 06:00:00 +01:00,2018-09-14 07:00:00 +01:00,1,1
AT,AT.0008.20.AQ,NET.09,STA.09.AKC,,SPO.09.AKC.5066.6001.1,SPP.09.AKC.5066.6001.1.11325,SAM.09.AKC.5066.6001.1,PM2.5,http://dd.eionet.europa.eu/vocabulary/aq/pollutant/6001,hour,13.6779994900,µg/m3,2018-09-14 07:00:00 +01:00,2018-09-14 08:00:00 +01:00,1,1
AT,AT.0008.20.AQ,NET.09,STA.09.AKC,,SPO.09.AKC.5066.6001.1,SPP.09.AKC.5066.6001.1.11325,SAM.09.AKC.5066.6001.1,PM2.5,http://dd.eionet.europa.eu/vocabulary/aq/pollutant/6001,hour,15.5979995700,µg/m3,2018-09-14 08:00:00 +01:00,2018-09-14 09:00:00 +01:00,1,1
AT,AT.0008.20.AQ,NET.09,STA.09.AKC,,SPO.09.AKC.5066.6001.1,SPP.09.AKC.5066.6001.1.11325,SAM.09.AKC.5066.6001.1,PM2.5,http://dd.eionet.europa.eu/vocabulary/aq/pollutant/6001,hour,15.0419998100,µg/m3,2018-09-14 09:00:00 +01:00,2018-09-14 10:00:00 +01:00,1,1
AT,AT.0008.20.AQ,NET.09,STA.09.AKC,,SPO.09.AKC.5066.6001.1,SPP.09.AKC.5066.6001.1.11325,SAM.09.AKC.5066.6001.1,PM2.5,http://dd.eionet.europa.eu/vocabulary/aq/pollutant/6001,hour,13.7709999000,µg/m3,2018-09-14 10:00:00 +01:00,2018-09-14 11:00:00 +01:00,1,1
AT,AT.0008.20.AQ,NET.09,STA.09.AKC,,SPO.09.AKC.5066.6001.1,SPP.09.AKC.5066.6001.1.11325,SAM.09.AKC.5066.6001.1,PM2.5,http://dd.eionet.europa.eu/vocabulary/aq/pollutant/6001,hour,9.8769493100,µg/m3,2018-09-14 12:00:00 +01:00,2018-09-14 13:00:00 +01:00,1,1
AT,AT.0008.20.AQ,NET.09,STA.09.AKC,,SPO.09.AKC.5066.6001.1,SPP.09.AKC.5066.6001.1.11325,SAM.09.AKC.5066.6001.1,PM2.5,http://dd.eionet.europa.eu/vocabulary/aq/pollutant/6001,hour,8.5427503500,µg/m3,2018-09-14 14:00:00 +01:00,2018-09-14 15:00:00 +01:00,1,1
AT,AT.0008.20.AQ,NET.09,STA.09.AKC,,SPO.09.AKC.5066.6001.1,SPP.09.AKC.5066.6001.1.11325,SAM.09.AKC.5066.6001.1,PM2.5,http://dd.eionet.europa.eu/vocabulary/aq/pollutant/6001,hour,10.8859996700,µg/m3,2018-09-14 15:00:00 +01:00,2018-09-14 16:00:00 +01:00,1,1
AT,AT.0008.20.AQ,NET.09,STA.09.AKC,,SPO.09.AKC.5066.6001.1,SPP.09.AKC.5066.6001.1.11325,SAM.09.AKC.5066.6001.1,PM2.5,http://dd.eionet.europa.eu/vocabulary/aq/pollutant/6001,hour,7.9397001200,µg/m3,2018-09-14 16:00:00 +01:00,2018-09-14 17:00:00 +01:00,1,1
AT,AT.0008.20.AQ,NET.09,STA.09.AKC,,SPO.09.AKC.5066.6001.1,SPP.09.AKC.5066.6001.1.11325,SAM.09.AKC.5066.6001.1,PM2.5,http://dd.eionet.europa.eu/vocabulary/aq/pollutant/6001,hour,5.2755002900,µg/m3,2018-09-14 17:00:00 +01:00,2018-09-14 18:00:00 +01:00,1,1
AT,AT.0008.20.AQ,NET.09,STA.09.AKC,,SPO.09.AKC.5066.6001.1,SPP.09.AKC.5066.6001.1.11325,SAM.09.AKC.5066.6001.1,PM2.5,http://dd.eionet.europa.eu/vocabulary/aq/pollutant/6001,hour,4.7399501800,µg/m3,2018-09-14 19:00:00 +01:00,2018-09-14 20:00:00 +01:00,1,1
AT,AT.0008.20.AQ,NET.09,STA.09.AKC,,SPO.09.AKC.5066.6001.1,SPP.09.AKC.5066.6001.1.11325,SAM.09.AKC.5066.6001.1,PM2.5,http://dd.eionet.europa.eu/vocabulary/aq/pollutant/6001,hour,5.8270502000,µg/m3,2018-09-14 21:00:00 +01:00,2018-09-14 22:00:00 +01:00,1,1
AT,AT.0008.20.AQ,NET.09,STA.09.AKC,,SPO.09.AKC.5066.6001.1,SPP.09.AKC.5066.6001.1.11325,SAM.09.AKC.5066.6001.1,PM2.5,http://dd.eionet.europa.eu/vocabulary/aq/pollutant/6001,hour,6.4445500300,µg/m3,2018-09-14 22:00:00 +01:00,2018-09-14 23:00:00 +01:00,1,1
AT,AT.0008.20.AQ,NET.09,STA.09.AKC,,SPO.09.AKC.5066.6001.1,SPP.09.AKC.5066.6001.1.11325,SAM.09.AKC.5066.6001.1,PM2.5,http://dd.eionet.europa.eu/vocabulary/aq/pollutant/6001,hour,11.6774997700,µg/m3,2018-09-15 00:00:00 +01:00,2018-09-15 01:00:00 +01:00,1,1
AT,AT.0008.20.AQ,NET.09,STA.09.AKC,,SPO.09.AKC.5066.6001.1,SPP.09.AKC.5066.6001.1.11325,SAM.09.AKC.5066.6001.1,PM2.5,http://dd.eionet.europa.eu/vocabulary/aq/pollutant/6001,hour,12.4805002200,µg/m3,2018-09-15 01:00:00 +01:00,2018-09-15 02:00:00 +01:00,1,1
AT,AT.0008.20.AQ,NET.09,STA.09.AKC,,SPO.09.AKC.5066.6001.1,SPP.09.AKC.5066.6001.1.11325,SAM.09.AKC.5066.6001.1,PM2.5,http://dd.eionet.europa.eu/vocabulary/aq/pollutant/6001,hour,12.6695003500,µg/m3,2018-09-15 02:00:00 +01:00,2018-09-15 03:00:00 +01:00,1,1
AT,AT.0008.20.AQ,NET.09,STA.09.AKC,,SPO.09.AKC.5066.6001.1,SPP.09.AKC.5066.6001.1.11325,SAM.09.AKC.5066.6001.1,PM2.5,http://dd.eionet.europa.eu/vocabulary/aq/pollutant/6001,hour,12.3234996700,µg/m3,2018-09-15 04:00:00 +01:00,2018-09-15 05:00:00 +01:00,1,1
AT,AT.0008.20.AQ,NET.09,STA.09.AKC,,SPO.09.AKC.5066.6001.1,SPP.09.AKC.5066.6001.1.11325,SAM.09.AKC.5066.6001.1,PM2.5,http://dd.eionet.europa.eu/vocabulary/aq/pollutant/6001,hour,12.0850000300,µg/m3,2018-09-15 05:00:00 +01:00,2018-09-15 06:00:00 +01:00,1,1
AT,AT.0008.20.AQ,NET.09,STA.09.AKC,,SPO.09.AKC.5066.6001.1,SPP.09.AKC.5066.6001.1.11325,SAM.09.AKC.5066.6001.1,PM2.5,http://dd.eionet.europa.eu/vocabulary/aq/pollutant/6001,hour,12.9120006500,µg/m3,2018-09-15 06:00:00 +01:00,2018-09-15 07:00:00 +01:00,1,1
AT,AT.0008.20.AQ,NET.09,STA.09.AKC,,SPO.09.AKC.5066.6001.1,SPP.09.AKC.5066.6001.1.11325,SAM.09.AKC.5066.6001.1,PM2.5,http://dd.eionet.europa.eu/vocabulary/aq/pollutant/6001,hour,9.7515506700,µg/m3,2018-09-15 08:00:00 +01:00,2018-09-15 09:00:00 +01:00,1,1
AT,AT.0008.20.AQ,NET.09,STA.09.AKC,,SPO.09.AKC.5066.6001.1,SPP.09.AKC.5066.6001.1.11325,SAM.09.AKC.5066.6001.1,PM2.5,http://dd.eionet.europa.eu/vocabulary/aq/pollutant/6001,hour,6.3068499500,µg/m3,2018-09-15 10:00:00 +01:00,2018-09-15 11:00:00 +01:00,1,1
AT,AT.0008.20.AQ,NET.09,STA.09.AKC,,SPO.09.AKC.5066.6001.1,SPP.09.AKC.5066.6001.1.11325,SAM.09.AKC.5066.6001.1,PM2.5,http://dd.eionet.europa.eu/vocabulary/aq/pollutant/6001,hour,6.0609498000,µg/m3,2018-09-15 13:00:00 +01:00,2018-09-15 14:00:00 +01:00,1,1
AT,AT.0008.20.AQ,NET.09,STA.09.AKC,,SPO.09.AKC.5066.6001.1,SPP.09.AKC.5066.6001.1.11325,SAM.09.AKC.5066.6001.1,PM2.5,http://dd.eionet.europa.eu/vocabulary/aq/pollutant/6001,hour,6.2497997200,µg/m3,2018-09-15 14:00:00 +01:00,2018-09-15 15:00:00 +01:00,1,1
AT,AT.0008.20.AQ,NET.09,STA.09.AKC,,SPO.09.AKC.5066.6001.1,SPP.09.AKC.5066.6001.1.11325,SAM.09.AKC.5066.6001.1,PM2.5,http://dd.eionet.europa.eu/vocabulary/aq/pollutant/6001,hour,7.5735502200,µg/m3,2018-09-15 15:00:00 +01:00,2018-09-15 16:00:00 +01:00,1,1
AT,AT.0008.20.AQ,NET.09,STA.09.AKC,,SPO.09.AKC.5066.6001.1,SPP.09.AKC.5066.6001.1.11325,SAM.09.AKC.5066.6001.1,PM2.5,http://dd.eionet.europa.eu/vocabulary/aq/pollutant/6001,hour,8.5597000100,µg/m3,2018-09-15 18:00:00 +01:00,2018-09-15 19:00:00 +01:00,1,1
AT,AT.0008.20.AQ,NET.09,STA.09.AKC,,SPO.09.AKC.5066.6001.1,SPP.09.AKC.5066.6001.1.11325,SAM.09.AKC.5066.6001.1,PM2.5,http://dd.eionet.europa.eu/vocabulary/aq/pollutant/6001,hour,8.5317993100,µg/m3,2018-09-15 20:00:00 +01:00,2018-09-15 21:00:00 +01:00,1,1
AT,AT.0008.20.AQ,NET.09,STA.09.AKC,,SPO.09.AKC.5066.6001.1,SPP.09.AKC.5066.6001.1.11325,SAM.09.AKC.5066.6001.1,PM2.5,http://dd.eionet.europa.eu/vocabulary/aq/pollutant/6001,hour,8.2644500700,µg/m3,2018-09-15 21:00:00 +01:00,2018-09-15 22:00:00 +01:00,1,1
AT,AT.0008.20.AQ,NET.09,STA.09.AKC,,SPO.09.AKC.5066.6001.1,SPP.09.AKC.5066.6001.1.11325,SAM.09.AKC.5066.6001.1,PM2.5,http://dd.eionet.europa.eu/vocabulary/aq/pollutant/6001,hour,9.1394500700,µg/m3,2018-09-16 00:00:00 +01:00,2018-09-16 01:00:00 +01:00,1,1
AT,AT.0008.20.AQ,NET.09,STA.09.AKC,,SPO.09.AKC.5066.6001.1,SPP.09.AKC.5066.6001.1.11325,SAM.09.AKC.5066.6001.1,PM2.5,http://dd.eionet.europa.eu/vocabulary/aq/pollutant/6001,hour,10.0920505500,µg/m3,2018-09-16 01:00:00 +01:00,2018-09-16 02:00:00 +01:00,1,1
AT,AT.0008.20.AQ,NET.09,STA.09.AKC,,SPO.09.AKC.5066.6001.1,SPP.09.AKC.5066.6001.1.11325,SAM.09.AKC.5066.6001.1,PM2.5,http://dd.eionet.europa.eu/vocabulary/aq/pollutant/6001,hour,10.9344997400,µg/m3,2018-09-16 02:00:00 +01:00,2018-09-16 03:00:00 +01:00,1,1
AT,AT.0008.20.AQ,NET.09,STA.09.AKC,,SPO.09.AKC.5066.6001.1,SPP.09.AKC.5066.6001.1.11325,SAM.09.AKC.5066.6001.1,PM2.5,http://dd.eionet.europa.eu/vocabulary/aq/pollutant/6001,hour,12.6455001800,µg/m3,2018-09-16 03:00:00 +01:00,2018-09-16 04:00:00 +01:00,1,1
AT,AT.0008.20.AQ,NET.09,STA.09.AKC,,SPO.09.AKC.5066.6001.1,SPP.09.AKC.5066.6001.1.11325,SAM.09.AKC.5066.6001.1,PM2.5,http://dd.eionet.europa.eu/vocabulary/aq/pollutant/6001,hour,13.3255004800,µg/m3,2018-09-16 05:00:00 +01:00,2018-09-16 06:00:00 +01:00,1,1
AT,AT.0008.20.AQ,NET.09,STA.09.AKC,,SPO.09.AKC.5066.6001.1,SPP.09.AKC.5066.6001.1.11325,SAM.09.AKC.5066.6001.1,PM2.5,http://dd.eionet.europa.eu/vocabulary/aq/pollutant/6001,hour,13.6889991700,µg/m3,2018-09-16 06:00:00 +01:00,2018-09-16 07:00:00 +01:00,1,1
AT,AT.0008.20.AQ,NET.09,STA.09.AKC,,SPO.09.AKC.5066.6001.1,SPP.09.AKC.5066.6001.1.11325,SAM.09.AKC.5066.6001.1,PM2.5,http://dd.eionet.europa.eu/vocabulary/aq/pollutant/6001,hour,15.5515003200,µg/m3,2018-09-16 07:00:00 +01:00,2018-09-16 08:00:00 +01:00,1,1
AT,AT.0008.20.AQ,NET.09,STA.09.AKC,,SPO.09.AKC.5066.6001.1,SPP.09.AKC.5066.6001.1.11325,SAM.09.AKC.5066.6001.1,PM2.5,http://dd.eionet.europa.eu/vocabulary/aq/pollutant/6001,hour,13.1800003000,µg/m3,2018-09-16 11:00:00 +01:00,2018-09-16 12:00:00 +01:00,1,1
AT,AT.0008.20.AQ,NET.09,STA.09.AKC,,SPO.09.AKC.5066.6001.1,SPP.09.AKC.5066.6001.1.11325,SAM.09.AKC.5066.6001.1,PM2.5,http://dd.eionet.europa.eu/vocabulary/aq/pollutant/6001,hour,11.0954999900,µg/m3,2018-09-16 12:00:00 +01:00,2018-09-16 13:00:00 +01:00,1,1
AT,AT.0008.20.AQ,NET.09,STA.09.AKC,,SPO.09.AKC.5066.6001.1,SPP.09.AKC.5066.6001.1.11325,SAM.09.AKC.5066.6001.1,PM2.5,http://dd.eionet.europa.eu/vocabulary/aq/pollutant/6001,hour,11.0380001000,µg/m3,2018-09-16 13:00:00 +01:00,2018-09-16 14:00:00 +01:00,1,1
AT,AT.0008.20.AQ,NET.09,STA.09.AKC,,SPO.09.AKC.5066.6001.1,SPP.09.AKC.5066.6001.1.11325,SAM.09.AKC.5066.6001.1,PM2.5,http://dd.eionet.europa.eu/vocabulary/aq/pollutant/6001,hour,9.1981506300,µg/m3,2018-09-16 15:00:00 +01:00,2018-09-16 16:00:00 +01:00,1,1
AT,AT.0008.20.AQ,NET.09,STA.09.AKC,,SPO.09.AKC.5066.6001.1,SPP.09.AKC.5066.6001.1.11325,SAM.09.AKC.5066.6001.1,PM2.5,http://dd.eionet.europa.eu/vocabulary/aq/pollutant/6001,hour,9.1415004700,µg/m3,2018-09-16 16:00:00 +01:00,2018-09-16 17:00:00 +01:00,1,1
AT,AT.0008.20.AQ,NET.09,STA.09.AKC,,SPO.09.AKC.5066.6001.1,SPP.09.AKC.5066.6001.1.11325,SAM.09.AKC.5066.6001.1,PM2.5,http://dd.eionet.europa.eu/vocabulary/aq/pollutant/6001,hour,10.4365005400,µg/m3,2018-09-16 18:00:00 +01:00,2018-09-16 19:00:00 +01:00,1,1
AT,AT.0008.20.AQ,NET.09,STA.09.AKC,,SPO.09.AKC.5066.6001.1,SPP.09.AKC.5066.6001.1.11325,SAM.09.AKC.5066.6001.1,PM2.5,http://dd.eionet.europa.eu/vocabulary/aq/pollutant/6001,hour,10.9685001300,µg/m3,2018-09-16 19:00:00 +01:00,2018-09-16 20:00:00 +01:00,1,1
AT,AT.0008.20.AQ,NET.09,STA.09.AKC,,SPO.09.AKC.5066.6001.1,SPP.09.AKC.5066.6001.1.11325,SAM.09.AKC.5066.6001.1,PM2.5,http://dd.eionet.europa.eu/vocabulary/aq/pollutant/6001,hour,11.6235008200,µg/m3,2018-09-16 20:00:00 +01:00,2018-09-16 21:00:00 +01:00,1,1
AT,AT.0008.20.AQ,NET.09,STA.09.AKC,,SPO.09.AKC.5066.6001.1,SPP.09.AKC.5066.6001.1.11325,SAM.09.AKC.5066.6001.1,PM2.5,http://dd.eionet.europa.eu/vocabulary/aq/pollutant/6001,hour,11.8975000300,µg/m3,2018-09-16 21:00:00 +01:00,2018-09-16 22:00:00 +01:00,1,1
AT,AT.0008.20.AQ,NET.09,STA.09.AKC,,SPO.09.AKC.5066.6001.1,SPP.09.AKC.5066.6001.1.11325,SAM.09.AKC.5066.6001.1,PM2.5,http://dd.eionet.europa.eu/vocabulary/aq/pollutant/6001,hour,13.6954994200,µg/m3,2018-09-16 22:00:00 +01:00,2018-09-16 23:00:00 +01:00,1,1
AT,AT.0008.20.AQ,NET.09,STA.09.AKC,,SPO.09.AKC.5066.6001.1,SPP.09.AKC.5066.6001.1.11325,SAM.09.AKC.5066.6001.1,PM2.5,http://dd.eionet.europa.eu/vocabulary/aq/pollutant/6001,hour,13.6350002200,µg/m3,2018-09-16 23:00:00 +01:00,2018-09-17 00:00:00 +01:00,1,1
AT,AT.0008.20.AQ,NET.09,STA.09.AKC,,SPO.09.AKC.5066.6001.1,SPP.09.AKC.5066.6001.1.11325,SAM.09.AKC.5066.6001.1,PM2.5,http://dd.eionet.europa.eu/vocabulary/aq/pollutant/6001,hour,11.6835002800,µg/m3,2018-09-17 01:00:00 +01:00,2018-09-17 02:00:00 +01:00,1,1
AT,AT.0008.20.AQ,NET.09,STA.09.AKC,,SPO.09.AKC.5066.6001.1,SPP.09.AKC.5066.6001.1.11325,SAM.09.AKC.5066.6001.1,PM2.5,http://dd.eionet.europa.eu/vocabulary/aq/pollutant/6001,hour,11.1800003000,µg/m3,2018-09-17 02:00:00 +01:00,2018-09-17 03:00:00 +01:00,1,1
AT,AT.0008.20.AQ,NET.09,STA.09.AKC,,SPO.09.AKC.5066.6001.1,SPP.09.AKC.5066.6001.1.11325,SAM.09.AKC.5066.6001.1,PM2.5,http://dd.eionet.europa.eu/vocabulary/aq/pollutant/6001,hour,12.4519996600,µg/m3,2018-09-17 03:00:00 +01:00,2018-09-17 04:00:00 +01:00,1,1
AT,AT.0008.20.AQ,NET.09,STA.09.AKC,,SPO.09.AKC.5066.6001.1,SPP.09.AKC.5066.6001.1.11325,SAM.09.AKC.5066.6001.1,PM2.5,http://dd.eionet.europa.eu/vocabulary/aq/pollutant/6001,hour,14.8390007000,µg/m3,2018-09-17 04:00:00 +01:00,2018-09-17 05:00:00 +01:00,1,1
AT,AT.0008.20.AQ,NET.09,STA.09.AKC,,SPO.09.AKC.5066.6001.1,SPP.09.AKC.5066.6001.1.11325,SAM.09.AKC.5066.6001.1,PM2.5,http://dd.eionet.europa.eu/vocabulary/aq/pollutant/6001,hour,15.5445003500,µg/m3,2018-09-17 05:00:00 +01:00,2018-09-17 06:00:00 +01:00,1,1
AT,AT.0008.20.AQ,NET.09,STA.09.AKC,,SPO.09.AKC.5066.6001.1,SPP.09.AKC.5066.6001.1.11325,SAM.09.AKC.5066.6001.1,PM2.5,http://dd.eionet.europa.eu/vocabulary/aq/pollutant/6001,hour,16.3835010500,µg/m3,2018-09-17 06:00:00 +01:00,2018-09-17 07:00:00 +01:00,1,1
AT,AT.0008.20.AQ,NET.09,STA.09.AKC,,SPO.09.AKC.5066.6001.1,SPP.09.AKC.5066.6001.1.11325,SAM.09.AKC.5066.6001.1,PM2.5,http://dd.eionet.europa.eu/vocabulary/aq/pollutant/6001,hour,17.9424991600,µg/m3,2018-09-17 07:00:00 +01:00,2018-09-17 08:00:00 +01:00,1,1
AT,AT.0008.20.AQ,NET.09,STA.09.AKC,,SPO.09.AKC.5066.6001.1,SPP.09.AKC.5066.6001.1.11325,SAM.09.AKC.5066.6001.1,PM2.5,http://dd.eionet.europa.eu/vocabulary/aq/pollutant/6001,hour,15.1935005100,µg/m3,2018-09-17 08:00:00 +01:00,2018-09-17 09:00:00 +01:00,1,1
AT,AT.0008.20.AQ,NET.09,STA.09.AKC,,SPO.09.AKC.5066.6001.1,SPP.09.AKC.5066.6001.1.11325,SAM.09.AKC.5066.6001.1,PM2.5,http://dd.eionet.europa.eu/vocabulary/aq/pollutant/6001,hour,12.4850006100,µg/m3,2018-09-17 09:00:00 +01:00,2018-09-17 10:00:00 +01:00,1,1
AT,AT.0008.20.AQ,NET.09,STA.09.AKC,,SPO.09.AKC.5066.6001.1,SPP.09.AKC.5066.6001.1.11325,SAM.09.AKC.5066.6001.1,PM2.5,http://dd.eionet.europa.eu/vocabulary/aq/pollutant/6001,hour,12.8824996900,µg/m3,2018-09-17 10:00:00 +01:00,2018-09-17 11:00:00 +01:00,1,1
AT,AT.0008.20.AQ,NET.09,STA.09.AKC,,SPO.09.AKC.5066.6001.1,SPP.09.AKC.5066.6001.1.11325,SAM.09.AKC.5066.6001.1,PM2.5,http://dd.eionet.europa.eu/vocabulary/aq/pollutant/6001,hour,12.5144996600,µg/m3,2018-09-17 12:00:00 +01:00,2018-09-17 13:00:00 +01:00,1,1
AT,AT.0008.20.AQ,NET.09,STA.09.AKC,,SPO.09.AKC.5066.6001.1,SPP.09.AKC.5066.6001.1.11325,SAM.09.AKC.5066.6001.1,PM2.5,http://dd.eionet.europa.eu/vocabulary/aq/pollutant/6001,hour,12.5694999600,µg/m3,2018-09-17 13:00:00 +01:00,2018-09-17 14:00:00 +01:00,1,1
AT,AT.0008.20.AQ,NET.09,STA.09.AKC,,SPO.09.AKC.5066.6001.1,SPP.09.AKC.5066.6001.1.11325,SAM.09.AKC.5066.6001.1,PM2.5,http://dd.eionet.europa.eu/vocabulary/aq/pollutant/6001,hour,11.4960002800,µg/m3,2018-09-17 14:00:00 +01:00,2018-09-17 15:00:00 +01:00,1,1
AT,AT.0008.20.AQ,NET.09,STA.09.AKC,,SPO.09.AKC.5066.6001.1,SPP.09.AKC.5066.6001.1.11325,SAM.09.AKC.5066.6001.1,PM2.5,http://dd.eionet.europa.eu/vocabulary/aq/pollutant/6001,hour,10.5580005600,µg/m3,2018-09-17 15:00:00 +01:00,2018-09-17 16:00:00 +01:00,1,1
AT,AT.0008.20.AQ,NET.09,STA.09.AKC,,SPO.09.AKC.5066.6001.1,SPP.09.AKC.5066.6001.1.11325,SAM.09.AKC.5066.6001.1,PM2.5,http://dd.eionet.europa.eu/vocabulary/aq/pollutant/6001,hour,8.4244003200,µg/m3,2018-09-17 20:00:00 +01:00,2018-09-17 21:00:00 +01:00,1,1
AT,AT.0008.20.AQ,NET.09,STA.09.AKC,,SPO.09.AKC.5066.6001.1,SPP.09.AKC.5066.6001.1.11325,SAM.09.AKC.5066.6001.1,PM2.5,http://dd.eionet.europa.eu/vocabulary/aq/pollutant/6001,hour,8.5986499700,µg/m3,2018-09-17 21:00:00 +01:00,2018-09-17 22:00:00 +01:00,1,1
AT,AT.0008.20.AQ,NET.09,STA.09.AKC,,SPO.09.AKC.5066.6001.1,SPP.09.AKC.5066.6001.1.11325,SAM.09.AKC.5066.6001.1,PM2.5,http://dd.eionet.europa.eu/vocabulary/aq/pollutant/6001,hour,9.0218000400,µg/m3,2018-09-17 22:00:00 +01:00,2018-09-17 23:00:00 +01:00,1,1
AT,AT.0008.20.AQ,NET.09,STA.09.AKC,,SPO.09.AKC.5066.6001.1,SPP.09.AKC.5066.6001.1.11325,SAM.09.AKC.5066.6001.1,PM2.5,http://dd.eionet.europa.eu/vocabulary/aq/pollutant/6001,hour,9.8203001000,µg/m3,2018-09-18 01:00:00 +01:00,2018-09-18 02:00:00 +01:00,1,1
AT,AT.0008.20.AQ,NET.09,STA.09.AKC,,SPO.09.AKC.5066.6001.1,SPP.09.AKC.5066.6001.1.11325,SAM.09.AKC.5066.6001.1,PM2.5,http://dd.eionet.europa.eu/vocabulary/aq/pollutant/6001,hour,12.0244998900,µg/m3,2018-09-18 02:00:00 +01:00,2018-09-18 03:00:00 +01:00,1,1
AT,AT.0008.20.AQ,NET.09,STA.09.AKC,,SPO.09.AKC.5066.6001.1,SPP.09.AKC.5066.6001.1.11325,SAM.09.AKC.5066.6001.1,PM2.5,http://dd.eionet.europa.eu/vocabulary/aq/pollutant/6001,hour,11.5750007600,µg/m3,2018-09-18 03:00:00 +01:00,2018-09-18 04:00:00 +01:00,1,1
AT,AT.0008.20.AQ,NET.09,STA.09.AKC,,SPO.09.AKC.5066.6001.1,SPP.09.AKC.5066.6001.1.11325,SAM.09.AKC.5066.6001.1,PM2.5,http://dd.eionet.europa.eu/vocabulary/aq/pollutant/6001,hour,11.6350002200,µg/m3,2018-09-18 04:00:00 +01:00,2018-09-18 05:00:00 +01:00,1,1
AT,AT.0008.20.AQ,NET.09,STA.09.AKC,,SPO.09.AKC.5066.6001.1,SPP.09.AKC.5066.6001.1.11325,SAM.09.AKC.5066.6001.1,PM2.5,http://dd.eionet.europa.eu/vocabulary/aq/pollutant/6001,hour,12.1984996700,µg/m3,2018-09-18 06:00:00 +01:00,2018-09-18 07:00:00 +01:00,1,1
AT,AT.0008.20.AQ,NET.09,STA.09.AKC,,SPO.09.AKC.5066.6001.1,SPP.09.AKC.5066.6001.1.11325,SAM.09.AKC.5066.6001.1,PM2.5,http://dd.eionet.europa.eu/vocabulary/aq/pollutant/6001,hour,7.9204502100,µg/m3,2018-09-18 11:00:00 +01:00,2018-09-18 12:00:00 +01:00,1,1
AT,AT.0008.20.AQ,NET.09,STA.09.AKC,,SPO.09.AKC.5066.6001.1,SPP.09.AKC.5066.6001.1.11325,SAM.09.AKC.5066.6001.1,PM2.5,http://dd.eionet.europa.eu/vocabulary/aq/pollutant/6001,hour,7.5114498100,µg/m3,2018-09-18 13:00:00 +01:00,2018-09-18 14:00:00 +01:00,1,1
AT,AT.0008.20.AQ,NET.09,STA.09.AKC,,SPO.09.AKC.5066.6001.1,SPP.09.AKC.5066.6001.1.11325,SAM.09.AKC.5066.6001.1,PM2.5,http://dd.eionet.europa.eu/vocabulary/aq/pollutant/6001,hour,7.8045001000,µg/m3,2018-09-18 14:00:00 +01:00,2018-09-18 15:00:00 +01:00,1,1
AT,AT.0008.20.AQ,NET.09,STA.09.AKC,,SPO.09.AKC.5066.6001.1,SPP.09.AKC.5066.6001.1.11325,SAM.09.AKC.5066.6001.1,PM2.5,http://dd.eionet.europa.eu/vocabulary/aq/pollutant/6001,hour,7.6454000400,µg/m3,2018-09-18 15:00:00 +01:00,2018-09-18 16:00:00 +01:00,1,1
AT,AT.0008.20.AQ,NET.09,STA.09.AKC,,SPO.09.AKC.5066.6001.1,SPP.09.AKC.5066.6001.1.11325,SAM.09.AKC.5066.6001.1,PM2.5,http://dd.eionet.europa.eu/vocabulary/aq/pollutant/6001,hour,7.6161003100,µg/m3,2018-09-18 16:00:00 +01:00,2018-09-18 17:00:00 +01:00,1,1
AT,AT.0008.20.AQ,NET.09,STA.09.AKC,,SPO.09.AKC.5066.6001.1,SPP.09.AKC.5066.6001.1.11325,SAM.09.AKC.5066.6001.1,PM2.5,http://dd.eionet.europa.eu/vocabulary/aq/pollutant/6001,hour,8.4369506800,µg/m3,2018-09-18 18:00:00 +01:00,2018-09-18 19:00:00 +01:00,1,1
AT,AT.0008.20.AQ,NET.09,STA.09.AKC,,SPO.09.AKC.5066.6001.1,SPP.09.AKC.5066.6001.1.11325,SAM.09.AKC.5066.6001.1,PM2.5,http://dd.eionet.europa.eu/vocabulary/aq/pollutant/6001,hour,9.2473001400,µg/m3,2018-09-18 20:00:00 +01:00,2018-09-18 21:00:00 +01:00,1,1
AT,AT.0008.20.AQ,NET.09,STA.09.AKC,,SPO.09.AKC.5066.6001.1,SPP.09.AKC.5066.6001.1.11325,SAM.09.AKC.5066.6001.1,PM2.5,http://dd.eionet.europa.eu/vocabulary/aq/pollutant/6001,hour,9.5605497300,µg/m3,2018-09-18 21:00:00 +01:00,2018-09-18 22:00:00 +01:00,1,1
AT,AT.0008.20.AQ,NET.09,STA.09.AKC,,SPO.09.AKC.5066.6001.1,SPP.09.AKC.5066.6001.1.11325,SAM.09.AKC.5066.6001.1,PM2.5,http://dd.eionet.europa.eu/vocabulary/aq/pollutant/6001,hour,12.2049999200,µg/m3,2018-09-19 00:00:00 +01:00,2018-09-19 01:00:00 +01:00,1,1
AT,AT.0008.20.AQ,NET.09,STA.09.AKC,,SPO.09.AKC.5066.6001.1,SPP.09.AKC.5066.6001.1.11325,SAM.09.AKC.5066.6001.1,PM2.5,http://dd.eionet.europa.eu/vocabulary/aq/pollutant/6001,hour,13.2770004200,µg/m3,2018-09-19 01:00:00 +01:00,2018-09-19 02:00:00 +01:00,1,1
AT,AT.0008.20.AQ,NET.09,STA.09.AKC,,SPO.09.AKC.5066.6001.1,SPP.09.AKC.5066.6001.1.11325,SAM.09.AKC.5066.6001.1,PM2.5,http://dd.eionet.europa.eu/vocabulary/aq/pollutant/6001,hour,12.7985000600,µg/m3,2018-09-19 02:00:00 +01:00,2018-09-19 03:00:00 +01:00,1,1
AT,AT.0008.20.AQ,NET.09,STA.09.AKC,,SPO.09.AKC.5066.6001.1,SPP.09.AKC.5066.6001.1.11325,SAM.09.AKC.5066.6001.1,PM2.5,http://dd.eionet.europa.eu/vocabulary/aq/pollutant/6001,hour,13.2600002200,µg/m3,2018-09-19 03:00:00 +01:00,2018-09-19 04:00:00 +01:00,1,1
AT,AT.0008.20.AQ,NET.09,STA.09.AKC,,SPO.09.AKC.5066.6001.1,SPP.09.AKC.5066.6001.1.11325,SAM.09.AKC.5066.6001.1,PM2.5,http://dd.eionet.europa.eu/vocabulary/aq/pollutant/6001,hour,14.2934999400,µg/m3,2018-09-19 04:00:00 +01:00,2018-09-19 05:00:00 +01:00,1,1
AT,AT.0008.20.AQ,NET.09,STA.09.AKC,,SPO.09.AKC.5066.6001.1,SPP.09.AKC.5066.6001.1.11325,SAM.09.AKC.5066.6001.1,PM2.5,http://dd.eionet.europa.eu/vocabulary/aq/pollutant/6001,hour,16.1030006400,µg/m3,2018-09-19 06:00:00 +01:00,2018-09-19 07:00:00 +01:00,1,1
AT,AT.0008.20.AQ,NET.09,STA.09.AKC,,SPO.09.AKC.5066.6001.1,SPP.09.AKC.5066.6001.1.11325,SAM.09.AKC.5066.6001.1,PM2.5,http://dd.eionet.europa.eu/vocabulary/aq/pollutant/6001,hour,18.5165004700,µg/m3,2018-09-19 07:00:00 +01:00,2018-09-19 08:00:00 +01:00,1,1
AT,AT.0008.20.AQ,NET.09,STA.09.AKC,,SPO.09.AKC.5066.6001.1,SPP.09.AKC.5066.6001.1.11325,SAM.09.AKC.5066.6001.1,PM2.5,http://dd.eionet.europa.eu/vocabulary/aq/pollutant/6001,hour,8.7885999600,µg/m3,2018-09-19 09:00:00 +01:00,2018-09-19 10:00:00 +01:00,1,1
AT,AT.0008.20.AQ,NET.09,STA.09.AKC,,SPO.09.AKC.5066.6001.1,SPP.09.AKC.5066.6001.1.11325,SAM.09.AKC.5066.6001.1,PM2.5,http://dd.eionet.europa.eu/vocabulary/aq/pollutant/6001,hour,6.1014003700,µg/m3,2018-09-19 11:00:00 +01:00,2018-09-19 12:00:00 +01:00,1,1
AT,AT.0008.20.AQ,NET.09,STA.09.AKC,,SPO.09.AKC.5066.6001.1,SPP.09.AKC.5066.6001.1.11325,SAM.09.AKC.5066.6001.1,PM2.5,http://dd.eionet.europa.eu/vocabulary/aq/pollutant/6001,hour,6.5984001100,µg/m3,2018-09-19 12:00:00 +01:00,2018-09-19 13:00:00 +01:00,1,1
AT,AT.0008.20.AQ,NET.09,STA.09.AKC,,SPO.09.AKC.5066.6001.1,SPP.09.AKC.5066.6001.1.11325,SAM.09.AKC.5066.6001.1,PM2.5,http://dd.eionet.europa.eu/vocabulary/aq/pollutant/6001,hour,8.5368499700,µg/m3,2018-09-19 14:00:00 +01:00,2018-09-19 15:00:00 +01:00,1,1
AT,AT.0008.20.AQ,NET.09,STA.09.AKC,,SPO.09.AKC.5066.6001.1,SPP.09.AKC.5066.6001.1.11325,SAM.09.AKC.5066.6001.1,PM2.5,http://dd.eionet.europa.eu/vocabulary/aq/pollutant/6001,hour,7.4505500700,µg/m3,2018-09-19 15:00:00 +01:00,2018-09-19 16:00:00 +01:00,1,1
AT,AT.0008.20.AQ,NET.09,STA.09.AKC,,SPO.09.AKC.5066.6001.1,SPP.09.AKC.5066.6001.1.11325,SAM.09.AKC.5066.6001.1,PM2.5,http://dd.eionet.europa.eu/vocabulary/aq/pollutant/6001,hour,5.8719501400,µg/m3,2018-09-19 17:00:00 +01:00,2018-09-19 18:00:00 +01:00,1,1
AT,AT.0008.20.AQ,NET.09,STA.09.AKC,,SPO.09.AKC.5066.6001.1,SPP.09.AKC.5066.6001.1.11325,SAM.09.AKC.5066.6001.1,PM2.5,http://dd.eionet.europa.eu/vocabulary/aq/pollutant/6001,hour,6.1203002900,µg/m3,2018-09-19 20:00:00 +01:00,2018-09-19 21:00:00 +01:00,1,1
AT,AT.0008.20.AQ,NET.09,STA.09.AKC,,SPO.09.AKC.5066.6001.1,SPP.09.AKC.5066.6001.1.11325,SAM.09.AKC.5066.6001.1,PM2.5,http://dd.eionet.europa.eu/vocabulary/aq/pollutant/6001,hour,6.9134502400,µg/m3,2018-09-19 21:00:00 +01:00,2018-09-19 22:00:00 +01:00,1,1
AT,AT.0008.20.AQ,NET.09,STA.09.AKC,,SPO.09.AKC.5066.6001.1,SPP.09.AKC.5066.6001.1.11325,SAM.09.AKC.5066.6001.1,PM2.5,http://dd.eionet.europa.eu/vocabulary/aq/pollutant/6001,hour,10.6000003800,µg/m3,2018-09-19 23:00:00 +01:00,2018-09-20 00:00:00 +01:00,1,1
AT,AT.0008.20.AQ,NET.09,STA.09.AKC,,SPO.09.AKC.5066.6001.1,SPP.09.AKC.5066.6001.1.11325,SAM.09.AKC.5066.6001.1,PM2.5,http://dd.eionet.europa.eu/vocabulary/aq/pollutant/6001,hour,9.5335006700,µg/m3,2018-09-20 02:00:00 +01:00,2018-09-20 03:00:00 +01:00,1,1
AT,AT.0008.20.AQ,NET.09,STA.09.AKC,,SPO.09.AKC.5066.6001.1,SPP.09.AKC.5066.6001.1.11325,SAM.09.AKC.5066.6001.1,PM2.5,http://dd.eionet.europa.eu/vocabulary/aq/pollutant/6001,hour,9.7036495200,µg/m3,2018-09-20 03:00:00 +01:00,2018-09-20 04:00:00 +01:00,1,1
AT,AT.0008.20.AQ,NET.09,STA.09.AKC,,SPO.09.AKC.5066.6001.1,SPP.09.AKC.5066.6001.1.11325,SAM.09.AKC.5066.6001.1,PM2.5,http://dd.eionet.europa.eu/vocabulary/aq/pollutant/6001,hour,11.9184999400,µg/m3,2018-09-20 05:00:00 +01:00,2018-09-20 06:00:00 +01:00,1,1
AT,AT.0008.20.AQ,NET.09,STA.09.AKC,,SPO.09.AKC.5066.6001.1,SPP.09.AKC.5066.6001.1.11325,SAM.09.AKC.5066.6001.1,PM2.5,http://dd.eionet.europa.eu/vocabulary/aq/pollutant/6001,hour,13.6064996700,µg/m3,2018-09-20 06:00:00 +01:00,2018-09-20 07:00:00 +01:00,1,1
AT,AT.0008.20.AQ,NET.09,STA.09.AKC,,SPO.09.AKC.5066.6001.1,SPP.09.AKC.5066.6001.1.11325,SAM.09.AKC.5066.6001.1,PM2.5,http://dd.eionet.europa.eu/vocabulary/aq/pollutant/6001,hour,14.6199998800,µg/m3,2018-09-20 07:00:00 +01:00,2018-09-20 08:00:00 +01:00,1,1
AT,AT.0008.20.AQ,NET.09,STA.09.AKC,,SPO.09.AKC.5066.6001.1,SPP.09.AKC.5066.6001.1.11325,SAM.09.AKC.5066.6001.1,PM2.5,http://dd.eionet.europa.eu/vocabulary/aq/pollutant/6001,hour,14.1424999200,µg/m3,2018-09-20 08:00:00 +01:00,2018-09-20 09:00:00 +01:00,1,1
AT,AT.0008.20.AQ,NET.09,STA.09.AKC,,SPO.09.AKC.5066.6001.1,SPP.09.AKC.5066.6001.1.11325,SAM.09.AKC.5066.6001.1,PM2.5,http://dd.eionet.europa.eu/vocabulary/aq/pollutant/6001,hour,13.3699998800,µg/m3,2018-09-20 09:00:00 +01:00,2018-09-20 10:00:00 +01:00,1,1
AT,AT.0008.20.AQ,NET.09,STA.09.AKC,,SPO.09.AKC.5066.6001.1,SPP.09.AKC.5066.6001.1.11325,SAM.09.AKC.5066.6001.1,PM2.5,http://dd.eionet.europa.eu/vocabulary/aq/pollutant/6001,hour,10.0732994000,µg/m3,2018-09-20 13:00:00 +01:00,2018-09-20 14:00:00 +01:00,1,1
AT,AT.0008.20.AQ,NET.09,STA.09.AKC,,SPO.09.AKC.5066.6001.1,SPP.09.AKC.5066.6001.1.11325,SAM.09.AKC.5066.6001.1,PM2.5,http://dd.eionet.europa.eu/vocabulary/aq/pollutant/6001,hour,9.9428501100,µg/m3,2018-09-20 14:00:00 +01:00,2018-09-20 15:00:00 +01:00,1,1
AT,AT.0008.20.AQ,NET.09,STA.09.AKC,,SPO.09.AKC.5066.6001.1,SPP.09.AKC.5066.6001.1.11325,SAM.09.AKC.5066.6001.1,PM2.5,http://dd.eionet.europa.eu/vocabulary/aq/pollutant/6001,hour,10.0027999800,µg/m3,2018-09-20 16:00:00 +01:00,2018-09-20 17:00:00 +01:00,1,1
AT,AT.0008.20.AQ,NET.09,STA.09.AKC,,SPO.09.AKC.5066.6001.1,SPP.09.AKC.5066.6001.1.11325,SAM.09.AKC.5066.6001.1,PM2.5,http://dd.eionet.europa.eu/vocabulary/aq/pollutant/6001,hour,10.7314996700,µg/m3,2018-09-20 17:00:00 +01:00,2018-09-20 18:00:00 +01:00,1,1
AT,AT.0008.20.AQ,NET.09,STA.09.AKC,,SPO.09.AKC.5066.6001.1,SPP.09.AKC.5066.6001.1.11325,SAM.09.AKC.5066.6001.1,PM2.5,http://dd.eionet.europa.eu/vocabulary/aq/pollutant/6001,hour,11.1914997100,µg/m3,2018-09-20 18:00:00 +01:00,2018-09-20 19:00:00 +01:00,1,1
AT,AT.0008.20.AQ,NET.09,STA.09.AKC,,SPO.09.AKC.5066.6001.1,SPP.09.AKC.5066.6001.1.11325,SAM.09.AKC.5066.6001.1,PM2.5,http://dd.eionet.europa.eu/vocabulary/aq/pollutant/6001,hour,12.5079994200,µg/m3,2018-09-20 19:00:00 +01:00,2018-09-20 20:00:00 +01:00,1,1
AT,AT.0008.20.AQ,NET.09,STA.09.AKC,,SPO.09.AKC.5066.6001.1,SPP.09.AKC.5066.6001.1.11325,SAM.09.AKC.5066.6001.1,PM2.5,http://dd.eionet.europa.eu/vocabulary/aq/pollutant/6001,hour,15.3684997500,µg/m3,2018-09-20 20:00:00 +01:00,2018-09-20 21:00:00 +01:00,1,1
AT,AT.0008.20.AQ,NET.09,STA.09.AKC,,SPO.09.AKC.5066.6001.1,SPP.09.AKC.5066.6001.1.11325,SAM.09.AKC.5066.6001.1,PM2.5,http://dd.eionet.europa.eu/vocabulary/aq/pollutant/6001,hour,15.2264995500,µg/m3,2018-09-20 22:00:00 +01:00,2018-09-20 23:00:00 +01:00,1,1
AT,AT.0008.20.AQ,NET.09,STA.09.AKC,,SPO.09.AKC.5066.6001.1,SPP.09.AKC.5066.6001.1.11325,SAM.09.AKC.5066.6001.1,PM2.5,http://dd.eionet.europa.eu/vocabulary/aq/pollutant/6001,hour,15.8179998300,µg/m3,2018-09-20 23:00:00 +01:00,2018-09-21 00:00:00 +01:00,1,1
AT,AT.0008.20.AQ,NET.09,STA.09.AKC,,SPO.09.AKC.5066.6001.1,SPP.09.AKC.5066.6001.1.11325,SAM.09.AKC.5066.6001.1,PM2.5,http://dd.eionet.europa.eu/vocabulary/aq/pollutant/6001,hour,17.5550003000,µg/m3,2018-09-21 01:00:00 +01:00,2018-09-21 02:00:00 +01:00,1,1
AT,AT.0008.20.AQ,NET.09,STA.09.AKC,,SPO.09.AKC.5066.6001.1,SPP.09.AKC.5066.6001.1.11325,SAM.09.AKC.5066.6001.1,PM2.5,http://dd.eionet.europa.eu/vocabulary/aq/pollutant/6001,hour,20.3819999600,µg/m3,2018-09-21 03:00:00 +01:00,2018-09-21 04:00:00 +01:00,1,1
AT,AT.0008.20.AQ,NET.09,STA.09.AKC,,SPO.09.AKC.5066.6001.1,SPP.09.AKC.5066.6001.1.11325,SAM.09.AKC.5066.6001.1,PM2.5,http://dd.eionet.europa.eu/vocabulary/aq/pollutant/6001,hour,20.0944995800,µg/m3,2018-09-21 04:00:00 +01:00,2018-09-21 05:00:00 +01:00,1,1
AT,AT.0008.20.AQ,NET.09,STA.09.AKC,,SPO.09.AKC.5066.6001.1,SPP.09.AKC.5066.6001.1.11325,SAM.09.AKC.5066.6001.1,PM2.5,http://dd.eionet.europa.eu/vocabulary/aq/pollutant/6001,hour,19.2950000700,µg/m3,2018-09-21 06:00:00 +01:00,2018-09-21 07:00:00 +01:00,1,1
AT,AT.0008.20.AQ,NET.09,STA.09.AKC,,SPO.09.AKC.5066.6001.1,SPP.09.AKC.5066.6001.1.11325,SAM.09.AKC.5066.6001.1,PM2.5,http://dd.eionet.europa.eu/vocabulary/aq/pollutant/6001,hour,21.8055000300,µg/m3,2018-09-21 07:00:00 +01:00,2018-09-21 08:00:00 +01:00,1,1
AT,AT.0008.20.AQ,NET.09,STA.09.AKC,,SPO.09.AKC.5066.6001.1,SPP.09.AKC.5066.6001.1.11325,SAM.09.AKC.5066.6001.1,PM2.5,http://dd.eionet.europa.eu/vocabulary/aq/pollutant/6001,hour,20.8920001900,µg/m3,2018-09-21 08:00:00 +01:00,2018-09-21 09:00:00 +01:00,1,1
AT,AT.0008.20.AQ,NET.09,STA.09.AKC,,SPO.09.AKC.5066.6001.1,SPP.09.AKC.5066.6001.1.11325,SAM.09.AKC.5066.6001.1,PM2.5,http://dd.eionet.europa.eu/vocabulary/aq/pollutant/6001,hour,16.0594997400,µg/m3,2018-09-21 09:00:00 +01:00,2018-09-21 10:00:00 +01:00,1,1
AT,AT.0008.20.AQ,NET.09,STA.09.AKC,,SPO.09.AKC.5066.6001.1,SPP.09.AKC.5066.6001.1.11325,SAM.09.AKC.5066.6001.1,PM2.5,http://dd.eionet.europa.eu/vocabulary/aq/pollutant/6001,hour,12.3889999300,µg/m3,2018-09-21 10:00:00 +01:00,2018-09-21 11:00:00 +01:00,1,1
AT,AT.0008.20.AQ,NET.09,STA.09.AKC,,SPO.09.AKC.5066.6001.1,SPP.09.AKC.5066.6001.1.11325,SAM.09.AKC.5066.6001.1,PM2.5,http://dd.eionet.europa.eu/vocabulary/aq/pollutant/6001,hour,10.7185001300,µg/m3,2018-09-21 11:00:00 +01:00,2018-09-21 12:00:00 +01:00,1,1
AT,AT.0008.20.AQ,NET.09,STA.09.AKC,,SPO.09.AKC.5066.6001.1,SPP.09.AKC.5066.6001.1.11325,SAM.09.AKC.5066.6001.1,PM2.5,http://dd.eionet.europa.eu/vocabulary/aq/pollutant/6001,hour,10.2795000000,µg/m3,2018-09-21 12:00:00 +01:00,2018-09-21 13:00:00 +01:00,1,1
AT,AT.0008.20.AQ,NET.09,STA.09.AKC,,SPO.09.AKC.5066.6001.1,SPP.09.AKC.5066.6001.1.11325,SAM.09.AKC.5066.6001.1,PM2.5,http://dd.eionet.europa.eu/vocabulary/aq/pollutant/6001,hour,10.0874996100,µg/m3,2018-09-21 13:00:00 +01:00,2018-09-21 14:00:00 +01:00,1,1
AT,AT.0008.20.AQ,NET.09,STA.09.AKC,,SPO.09.AKC.5066.6001.1,SPP.09.AKC.5066.6001.1.11325,SAM.09.AKC.5066.6001.1,PM2.5,http://dd.eionet.europa.eu/vocabulary/aq/pollutant/6001,hour,9.7331504800,µg/m3,2018-09-21 14:00:00 +01:00,2018-09-21 15:00:00 +01:00,1,1
AT,AT.0008.20.AQ,NET.09,STA.09.AKC,,SPO.09.AKC.5066.6001.1,SPP.09.AKC.5066.6001.1.11325,SAM.09.AKC.5066.6001.1,PM2.5,http://dd.eionet.europa.eu/vocabulary/aq/pollutant/6001,hour,10.1494998900,µg/m3,2018-09-21 17:00:00 +01:00,2018-09-21 18:00:00 +01:00,1,1
AT,AT.0008.20.AQ,NET.09,STA.09.AKC,,SPO.09.AKC.5066.6001.1,SPP.09.AKC.5066.6001.1.11325,SAM.09.AKC.5066.6001.1,PM2.5,http://dd.eionet.europa.eu/vocabulary/aq/pollutant/6001,hour,11.4225006100,µg/m3,2018-09-21 18:00:00 +01:00,2018-09-21 19:00:00 +01:00,1,1
AT,AT.0008.20.AQ,NET.09,STA.09.AKC,,SPO.09.AKC.5066.6001.1,SPP.09.AKC.5066.6001.1.11325,SAM.09.AKC.5066.6001.1,PM2.5,http://dd.eionet.europa.eu/vocabulary/aq/pollutant/6001,hour,11.8900003400,µg/m3,2018-09-21 19:00:00 +01:00,2018-09-21 20:00:00 +01:00,1,1
AT,AT.0008.20.AQ,NET.09,STA.09.AKC,,SPO.09.AKC.5066.6001.1,SPP.09.AKC.5066.6001.1.11325,SAM.09.AKC.5066.6001.1,PM2.5,http://dd.eionet.europa.eu/vocabulary/aq/pollutant/6001,hour,16.6894989000,µg/m3,2018-09-21 20:00:00 +01:00,2018-09-21 21:00:00 +01:00,1,1
AT,AT.0008.20.AQ,NET.09,STA.09.AKC,,SPO.09.AKC.5066.6001.1,SPP.09.AKC.5066.6001.1.11325,SAM.09.AKC.5066.6001.1,PM2.5,http://dd.eionet.europa.eu/vocabulary/aq/pollutant/6001,hour,16.8735008200,µg/m3,2018-09-21 21:00:00 +01:00,2018-09-21 22:00:00 +01:00,1,1
AT,AT.0008.20.AQ,NET.09,STA.09.AKC,,SPO.09.AKC.5066.6001.1,SPP.09.AKC.5066.6001.1.11325,SAM.09.AKC.5066.6001.1,PM2.5,http://dd.eionet.europa.eu/vocabulary/aq/pollutant/6001,hour,16.1534996000,µg/m3,2018-09-21 22:00:00 +01:00,2018-09-21 23:00:00 +01:00,1,1
AT,AT.0008.20.AQ,NET.09,STA.09.AKC,,SPO.09.AKC.5066.6001.1,SPP.09.AKC.5066.6001.1.11325,SAM.09.AKC.5066.6001.1,PM2.5,http://dd.eionet.europa.eu/vocabulary/aq/pollutant/6001,hour,8.2340993800,µg/m3,2018-09-22 00:00:00 +01:00,2018-09-22 01:00:00 +01:00,1,1
AT,AT.0008.20.AQ,NET.09,STA.09.AKC,,SPO.09.AKC.5066.6001.1,SPP.09.AKC.5066.6001.1.11325,SAM.09.AKC.5066.6001.1,PM2.5,http://dd.eionet.europa.eu/vocabulary/aq/pollutant/6001,hour,8.1907997100,µg/m3,2018-09-22 01:00:00 +01:00,2018-09-22 02:00:00 +01:00,1,1
AT,AT.0008.20.AQ,NET.09,STA.09.AKC,,SPO.09.AKC.5066.6001.1,SPP.09.AKC.5066.6001.1.11325,SAM.09.AKC.5066.6001.1,PM2.5,http://dd.eionet.europa.eu/vocabulary/aq/pollutant/6001,hour,2.3444499900,µg/m3,2018-09-22 02:00:00 +01:00,2018-09-22 03:00:00 +01:00,1,1
AT,AT.0008.20.AQ,NET.09,STA.09.AKC,,SPO.09.AKC.5066.6001.1,SPP.09.AKC.5066.6001.1.11325,SAM.09.AKC.5066.6001.1,PM2.5,http://dd.eionet.europa.eu/vocabulary/aq/pollutant/6001,hour,2.3363499600,µg/m3,2018-09-22 03:00:00 +01:00,2018-09-22 04:00:00 +01:00,1,1
AT,AT.0008.20.AQ,NET.09,STA.09.AKC,,SPO.09.AKC.5066.6001.1,SPP.09.AKC.5066.6001.1.11325,SAM.09.AKC.5066.6001.1,PM2.5,http://dd.eionet.europa.eu/vocabulary/aq/pollutant/6001,hour,2.7627499100,µg/m3,2018-09-22 05:00:00 +01:00,2018-09-22 06:00:00 +01:00,1,1
AT,AT.0008.20.AQ,NET.09,STA.09.AKC,,SPO.09.AKC.5066.6001.1,SPP.09.AKC.5066.6001.1.11325,SAM.09.AKC.5066.6001.1,PM2.5,http://dd.eionet.europa.eu/vocabulary/aq/pollutant/6001,hour,3.4678001400,µg/m3,2018-09-22 06:00:00 +01:00,2018-09-22 07:00:00 +01:00,1,1
AT,AT.0008.20.AQ,NET.09,STA.09.AKC,,SPO.09.AKC.5066.6001.1,SPP.09.AKC.5066.6001.1.11325,SAM.09.AKC.5066.6001.1,PM2.5,http://dd.eionet.europa.eu/vocabulary/aq/pollutant/6001,hour,4.9689998600,µg/m3,2018-09-22 08:00:00 +01:00,2018-09-22 09:00:00 +01:00,1,1
AT,AT.0008.20.AQ,NET.09,STA.09.AKC,,SPO.09.AKC.5066.6001.1,SPP.09.AKC.5066.6001.1.11325,SAM.09.AKC.5066.6001.1,PM2.5,http://dd.eionet.europa.eu/vocabulary/aq/pollutant/6001,hour,5.4558501200,µg/m3,2018-09-22 09:00:00 +01:00,2018-09-22 10:00:00 +01:00,1,1
AT,AT.0008.20.AQ,NET.09,STA.09.AKC,,SPO.09.AKC.5066.6001.1,SPP.09.AKC.5066.6001.1.11325,SAM.09.AKC.5066.6001.1,PM2.5,http://dd.eionet.europa.eu/vocabulary/aq/pollutant/6001,hour,6.0663499800,µg/m3,2018-09-22 10:00:00 +01:00,2018-09-22 11:00:00 +01:00,1,1
AT,AT.0008.20.AQ,NET.09,STA.09.AKC,,SPO.09.AKC.5066.6001.1,SPP.09.AKC.5066.6001.1.11325,SAM.09.AKC.5066.6001.1,PM2.5,http://dd.eionet.europa.eu/vocabulary/aq/pollutant/6001,hour,4.4953498800,µg/m3,2018-09-22 11:00:00 +01:00,2018-09-22 12:00:00 +01:00,1,1
AT,AT.0008.20.AQ,NET.09,STA.09.AKC,,SPO.09.AKC.5066.6001.1,SPP.09.AKC.5066.6001.1.11325,SAM.09.AKC.5066.6001.1,PM2.5,http://dd.eionet.europa.eu/vocabulary/aq/pollutant/6001,hour,4.3768997100,µg/m3,2018-09-22 13:00:00 +01:00,2018-09-22 14:00:00 +01:00,1,1
AT,AT.0008.20.AQ,NET.09,STA.09.AKC,,SPO.09.AKC.5066.6001.1,SPP.09.AKC.5066.6001.1.11325,SAM.09.AKC.5066.6001.1,PM2.5,http://dd.eionet.europa.eu/vocabulary/aq/pollutant/6001,hour,4.9103498400,µg/m3,2018-09-22 16:00:00 +01:00,2018-09-22 17:00:00 +01:00,1,1
AT,AT.0008.20.AQ,NET.09,STA.09.AKC,,SPO.09.AKC.5066.6001.1,SPP.09.AKC.5066.6001.1.11325,SAM.09.AKC.5066.6001.1,PM2.5,http://dd.eionet.europa.eu/vocabulary/aq/pollutant/6001,hour,5.1584997100,µg/m3,2018-09-22 17:00:00 +01:00,2018-09-22 18:00:00 +01:00,1,1
AT,AT.0008.20.AQ,NET.09,STA.09.AKC,,SPO.09.AKC.5066.6001.1,SPP.09.AKC.5066.6001.1.11325,SAM.09.AKC.5066.6001.1,PM2.5,http://dd.eionet.europa.eu/vocabulary/aq/pollutant/6001,hour,5.5511999100,µg/m3,2018-09-22 19:00:00 +01:00,2018-09-22 20:00:00 +01:00,1,1
AT,AT.0008.20.AQ,NET.09,STA.09.AKC,,SPO.09.AKC.5066.6001.1,SPP.09.AKC.5066.6001.1.11325,SAM.09.AKC.5066.6001.1,PM2.5,http://dd.eionet.europa.eu/vocabulary/aq/pollutant/6001,hour,6.0041503900,µg/m3,2018-09-22 20:00:00 +01:00,2018-09-22 21:00:00 +01:00,1,1
AT,AT.0008.20.AQ,NET.09,STA.09.AKC,,SPO.09.AKC.5066.6001.1,SPP.09.AKC.5066.6001.1.11325,SAM.09.AKC.5066.6001.1,PM2.5,http://dd.eionet.europa.eu/vocabulary/aq/pollutant/6001,hour,5.5137500700,µg/m3,2018-09-22 21:00:00 +01:00,2018-09-22 22:00:00 +01:00,1,1
AT,AT.0008.20.AQ,NET.09,STA.09.AKC,,SPO.09.AKC.5066.6001.1,SPP.09.AKC.5066.6001.1.11325,SAM.09.AKC.5066.6001.1,PM2.5,http://dd.eionet.europa.eu/vocabulary/aq/pollutant/6001,hour,4.7060499100,µg/m3,2018-09-22 23:00:00 +01:00,2018-09-23 00:00:00 +01:00,1,1
AT,AT.0008.20.AQ,NET.09,STA.09.AKC,,SPO.09.AKC.5066.6001.1,SPP.09.AKC.5066.6001.1.11325,SAM.09.AKC.5066.6001.1,PM2.5,http://dd.eionet.europa.eu/vocabulary/aq/pollutant/6001,hour,4.2862501100,µg/m3,2018-09-23 00:00:00 +01:00,2018-09-23 01:00:00 +01:00,1,1
AT,AT.0008.20.AQ,NET.09,STA.09.AKC,,SPO.09.AKC.5066.6001.1,SPP.09.AKC.5066.6001.1.11325,SAM.09.AKC.5066.6001.1,PM2.5,http://dd.eionet.europa.eu/vocabulary/aq/pollutant/6001,hour,3.8317501500,µg/m3,2018-09-23 01:00:00 +01:00,2018-09-23 02:00:00 +01:00,1,1
AT,AT.0008.20.AQ,NET.09,STA.09.AKC,,SPO.09.AKC.5066.6001.1,SPP.09.AKC.5066.6001.1.11325,SAM.09.AKC.5066.6001.1,PM2.5,http://dd.eionet.europa.eu/vocabulary/aq/pollutant/6001,hour,3.3150999500,µg/m3,2018-09-23 02:00:00 +01:00,2018-09-23 03:00:00 +01:00,1,1
AT,AT.0008.20.AQ,NET.09,STA.09.AKC,,SPO.09.AKC.5066.6001.1,SPP.09.AKC.5066.6001.1.11325,SAM.09.AKC.5066.6001.1,PM2.5,http://dd.eionet.europa.eu/vocabulary/aq/pollutant/6001,hour,3.4154500900,µg/m3,2018-09-23 03:00:00 +01:00,2018-09-23 04:00:00 +01:00,1,1
AT,AT.0008.20.AQ,NET.09,STA.09.AKC,,SPO.09.AKC.5066.6001.1,SPP.09.AKC.5066.6001.1.11325,SAM.09.AKC.5066.6001.1,PM2.5,http://dd.eionet.europa.eu/vocabulary/aq/pollutant/6001,hour,3.8389999800,µg/m3,2018-09-23 04:00:00 +01:00,2018-09-23 05:00:00 +01:00,1,1
AT,AT.0008.20.AQ,NET.09,STA.09.AKC,,SPO.09.AKC.5066.6001.1,SPP.09.AKC.5066.6001.1.11325,SAM.09.AKC.5066.6001.1,PM2.5,http://dd.eionet.europa.eu/vocabulary/aq/pollutant/6001,hour,3.3731999300,µg/m3,2018-09-23 05:00:00 +01:00,2018-09-23 06:00:00 +01:00,1,1
AT,AT.0008.20.AQ,NET.09,STA.09.AKC,,SPO.09.AKC.5066.6001.1,SPP.09.AKC.5066.6001.1.11325,SAM.09.AKC.5066.6001.1,PM2.5,http://dd.eionet.europa.eu/vocabulary/aq/pollutant/6001,hour,3.1947000000,µg/m3,2018-09-23 06:00:00 +01:00,2018-09-23 07:00:00 +01:00,1,1
AT,AT.0008.20.AQ,NET.09,STA.09.AKC,,SPO.09.AKC.5066.6001.1,SPP.09.AKC.5066.6001.1.11325,SAM.09.AKC.5066.6001.1,PM2.5,http://dd.eionet.europa.eu/vocabulary/aq/pollutant/6001,hour,2.8245000800,µg/m3,2018-09-23 08:00:00 +01:00,2018-09-23 09:00:00 +01:00,1,1
AT,AT.0008.20.AQ,NET.09,STA.09.AKC,,SPO.09.AKC.5066.6001.1,SPP.09.AKC.5066.6001.1.11325,SAM.09.AKC.5066.6001.1,PM2.5,http://dd.eionet.europa.eu/vocabulary/aq/pollutant/6001,hour,3.8573000400,µg/m3,2018-09-23 10:00:00 +01:00,2018-09-23 11:00:00 +01:00,1,1
AT,AT.0008.20.AQ,NET.09,STA.09.AKC,,SPO.09.AKC.5066.6001.1,SPP.09.AKC.5066.6001.1.11325,SAM.09.AKC.5066.6001.1,PM2.5,http://dd.eionet.europa.eu/vocabulary/aq/pollutant/6001,hour,3.8468499100,µg/m3,2018-09-23 12:00:00 +01:00,2018-09-23 13:00:00 +01:00,1,1
AT,AT.0008.20.AQ,NET.09,STA.09.AKC,,SPO.09.AKC.5066.6001.1,SPP.09.AKC.5066.6001.1.11325,SAM.09.AKC.5066.6001.1,PM2.5,http://dd.eionet.europa.eu/vocabulary/aq/pollutant/6001,hour,5.5689496900,µg/m3,2018-09-23 17:00:00 +01:00,2018-09-23 18:00:00 +01:00,1,1
AT,AT.0008.20.AQ,NET.09,STA.09.AKC,,SPO.09.AKC.5066.6001.1,SPP.09.AKC.5066.6001.1.11325,SAM.09.AKC.5066.6001.1,PM2.5,http://dd.eionet.europa.eu/vocabulary/aq/pollutant/6001,hour,5.9355001400,µg/m3,2018-09-23 18:00:00 +01:00,2018-09-23 19:00:00 +01:00,1,1
AT,AT.0008.20.AQ,NET.09,STA.09.AKC,,SPO.09.AKC.5066.6001.1,SPP.09.AKC.5066.6001.1.11325,SAM.09.AKC.5066.6001.1,PM2.5,http://dd.eionet.europa.eu/vocabulary/aq/pollutant/6001,hour,7.6038498800,µg/m3,2018-09-23 20:00:00 +01:00,2018-09-23 21:00:00 +01:00,1,1
AT,AT.0008.20.AQ,NET.09,STA.09.AKC,,SPO.09.AKC.5066.6001.1,SPP.09.AKC.5066.6001.1.11325,SAM.09.AKC.5066.6001.1,PM2.5,http://dd.eionet.europa.eu/vocabulary/aq/pollutant/6001,hour,8.9534997900,µg/m3,2018-09-23 21:00:00 +01:00,2018-09-23 22:00:00 +01:00,1,1
AT,AT.0008.20.AQ,NET.09,STA.09.AKC,,SPO.09.AKC.5066.6001.1,SPP.09.AKC.5066.6001.1.11325,SAM.09.AKC.5066.6001.1,PM2.5,http://dd.eionet.europa.eu/vocabulary/aq/pollutant/6001,hour,3.6261501300,µg/m3,2018-09-23 22:00:00 +01:00,2018-09-23 23:00:00 +01:00,1,1
AT,AT.0008.20.AQ,NET.09,STA.09.AKC,,SPO.09.AKC.5066.6001.1,SPP.09.AKC.5066.6001.1.11325,SAM.09.AKC.5066.6001.1,PM2.5,http://dd.eionet.europa.eu/vocabulary/aq/pollutant/6001,hour,2.0182499800,µg/m3,2018-09-23 23:00:00 +01:00,2018-09-24 00:00:00 +01:00,1,1
AT,AT.0008.20.AQ,NET.09,STA.09.AKC,,SPO.09.AKC.5066.6001.1,SPP.09.AKC.5066.6001.1.11325,SAM.09.AKC.5066.6001.1,PM2.5,http://dd.eionet.europa.eu/vocabulary/aq/pollutant/6001,hour,1.1294999100,µg/m3,2018-09-24 02:00:00 +01:00,2018-09-24 03:00:00 +01:00,1,1
AT,AT.0008.20.AQ,NET.09,STA.09.AKC,,SPO.09.AKC.5066.6001.1,SPP.09.AKC.5066.6001.1.11325,SAM.09.AKC.5066.6001.1,PM2.5,http://dd.eionet.europa.eu/vocabulary/aq/pollutant/6001,hour,1.3371000200,µg/m3,2018-09-24 04:00:00 +01:00,2018-09-24 05:00:00 +01:00,1,1
AT,AT.0008.20.AQ,NET.09,STA.09.AKC,,SPO.09.AKC.5066.6001.1,SPP.09.AKC.5066.6001.1.11325,SAM.09.AKC.5066.6001.1,PM2.5,http://dd.eionet.europa.eu/vocabulary/aq/pollutant/6001,hour,1.4979000000,µg/m3,2018-09-24 05:00:00 +01:00,2018-09-24 06:00:00 +01:00,1,1
AT,AT.0008.20.AQ,NET.09,STA.09.AKC,,SPO.09.AKC.5066.6001.1,SPP.09.AKC.5066.6001.1.11325,SAM.09.AKC.5066.6001.1,PM2.5,http://dd.eionet.europa.eu/vocabulary/aq/pollutant/6001,hour,1.9149500100,µg/m3,2018-09-24 06:00:00 +01:00,2018-09-24 07:00:00 +01:00,1,1
AT,AT.0008.20.AQ,NET.09,STA.09.AKC,,SPO.09.AKC.5066.6001.1,SPP.09.AKC.5066.6001.1.11325,SAM.09.AKC.5066.6001.1,PM2.5,http://dd.eionet.europa.eu/vocabulary/aq/pollutant/6001,hour,2.4904499000,µg/m3,2018-09-24 07:00:00 +01:00,2018-09-24 08:00:00 +01:00,1,1
AT,AT.0008.20.AQ,NET.09,STA.09.AKC,,SPO.09.AKC.5066.6001.1,SPP.09.AKC.5066.6001.1.11325,SAM.09.AKC.5066.6001.1,PM2.5,http://dd.eionet.europa.eu/vocabulary/aq/pollutant/6001,hour,2.3857998800,µg/m3,2018-09-24 10:00:00 +01:00,2018-09-24 11:00:00 +01:00,1,1
AT,AT.0008.20.AQ,NET.09,STA.09.AKC,,SPO.09.AKC.5066.6001.1,SPP.09.AKC.5066.6001.1.11325,SAM.09.AKC.5066.6001.1,PM2.5,http://dd.eionet.europa.eu/vocabulary/aq/pollutant/6001,hour,2.4584000100,µg/m3,2018-09-24 11:00:00 +01:00,2018-09-24 12:00:00 +01:00,1,1
AT,AT.0008.20.AQ,NET.09,STA.09.AKC,,SPO.09.AKC.5066.6001.1,SPP.09.AKC.5066.6001.1.11325,SAM.09.AKC.5066.6001.1,PM2.5,http://dd.eionet.europa.eu/vocabulary/aq/pollutant/6001,hour,2.0812499500,µg/m3,2018-09-24 14:00:00 +01:00,2018-09-24 15:00:00 +01:00,1,1
AT,AT.0008.20.AQ,NET.09,STA.09.AKC,,SPO.09.AKC.5066.6001.1,SPP.09.AKC.5066.6001.1.11325,SAM.09.AKC.5066.6001.1,PM2.5,http://dd.eionet.europa.eu/vocabulary/aq/pollutant/6001,hour,2.1844000800,µg/m3,2018-09-24 16:00:00 +01:00,2018-09-24 17:00:00 +01:00,1,1
AT,AT.0008.20.AQ,NET.09,STA.09.AKC,,SPO.09.AKC.5066.6001.1,SPP.09.AKC.5066.6001.1.11325,SAM.09.AKC.5066.6001.1,PM2.5,http://dd.eionet.europa.eu/vocabulary/aq/pollutant/6001,hour,2.1258997900,µg/m3,2018-09-24 17:00:00 +01:00,2018-09-24 18:00:00 +01:00,1,1
AT,AT.0008.20.AQ,NET.09,STA.09.AKC,,SPO.09.AKC.5066.6001.1,SPP.09.AKC.5066.6001.1.11325,SAM.09.AKC.5066.6001.1,PM2.5,http://dd.eionet.europa.eu/vocabulary/aq/pollutant/6001,hour,2.5740499400,µg/m3,2018-09-24 20:00:00 +01:00,2018-09-24 21:00:00 +01:00,1,1
AT,AT.0008.20.AQ,NET.09,STA.09.AKC,,SPO.09.AKC.5066.6001.1,SPP.09.AKC.5066.6001.1.11325,SAM.09.AKC.5066.6001.1,PM2.5,http://dd.eionet.europa.eu/vocabulary/aq/pollutant/6001,hour,2.6030998200,µg/m3,2018-09-24 21:00:00 +01:00,2018-09-24 22:00:00 +01:00,1,1
AT,AT.0008.20.AQ,NET.09,STA.09.AKC,,SPO.09.AKC.5066.6001.1,SPP.09.AKC.5066.6001.1.11325,SAM.09.AKC.5066.6001.1,PM2.5,http://dd.eionet.europa.eu/vocabulary/aq/pollutant/6001,hour,2.0740499400,µg/m3,2018-09-24 23:00:00 +01:00,2018-09-25 00:00:00 +01:00,1,1
AT,AT.0008.20.AQ,NET.09,STA.09.AKC,,SPO.09.AKC.5066.6001.1,SPP.09.AKC.5066.6001.1.11325,SAM.09.AKC.5066.6001.1,PM2.5,http://dd.eionet.europa.eu/vocabulary/aq/pollutant/6001,hour,2.4858999200,µg/m3,2018-09-25 00:00:00 +01:00,2018-09-25 01:00:00 +01:00,1,1
AT,AT.0008.20.AQ,NET.09,STA.09.AKC,,SPO.09.AKC.5066.6001.1,SPP.09.AKC.5066.6001.1.11325,SAM.09.AKC.5066.6001.1,PM2.5,http://dd.eionet.europa.eu/vocabulary/aq/pollutant/6001,hour,2.3118500700,µg/m3,2018-09-25 02:00:00 +01:00,2018-09-25 03:00:00 +01:00,1,1
AT,AT.0008.20.AQ,NET.09,STA.09.AKC,,SPO.09.AKC.5066.6001.1,SPP.09.AKC.5066.6001.1.11325,SAM.09.AKC.5066.6001.1,PM2.5,http://dd.eionet.europa.eu/vocabulary/aq/pollutant/6001,hour,3.1621499000,µg/m3,2018-09-25 05:00:00 +01:00,2018-09-25 06:00:00 +01:00,1,1
AT,AT.0008.20.AQ,NET.09,STA.09.AKC,,SPO.09.AKC.5066.6001.1,SPP.09.AKC.5066.6001.1.11325,SAM.09.AKC.5066.6001.1,PM2.5,http://dd.eionet.europa.eu/vocabulary/aq/pollutant/6001,hour,3.6475501000,µg/m3,2018-09-25 07:00:00 +01:00,2018-09-25 08:00:00 +01:00,1,1
AT,AT.0008.20.AQ,NET.09,STA.09.AKC,,SPO.09.AKC.5066.6001.1,SPP.09.AKC.5066.6001.1.11325,SAM.09.AKC.5066.6001.1,PM2.5,http://dd.eionet.europa.eu/vocabulary/aq/pollutant/6001,hour,4.0914998000,µg/m3,2018-09-25 08:00:00 +01:00,2018-09-25 09:00:00 +01:00,1,1
AT,AT.0008.20.AQ,NET.09,STA.09.AKC,,SPO.09.AKC.5066.6001.1,SPP.09.AKC.5066.6001.1.11325,SAM.09.AKC.5066.6001.1,PM2.5,http://dd.eionet.europa.eu/vocabulary/aq/pollutant/6001,hour,5.4681997200,µg/m3,2018-09-25 11:00:00 +01:00,2018-09-25 12:00:00 +01:00,1,1
AT,AT.0008.20.AQ,NET.09,STA.09.AKC,,SPO.09.AKC.5066.6001.1,SPP.09.AKC.5066.6001.1.11325,SAM.09.AKC.5066.6001.1,PM2.5,http://dd.eionet.europa.eu/vocabulary/aq/pollutant/6001,hour,4.9519000000,µg/m3,2018-09-25 12:00:00 +01:00,2018-09-25 13:00:00 +01:00,1,1
AT,AT.0008.20.AQ,NET.09,STA.09.AKC,,SPO.09.AKC.5066.6001.1,SPP.09.AKC.5066.6001.1.11325,SAM.09.AKC.5066.6001.1,PM2.5,http://dd.eionet.europa.eu/vocabulary/aq/pollutant/6001,hour,5.0284500100,µg/m3,2018-09-25 13:00:00 +01:00,2018-09-25 14:00:00 +01:00,1,1
AT,AT.0008.20.AQ,NET.09,STA.09.AKC,,SPO.09.AKC.5066.6001.1,SPP.09.AKC.5066.6001.1.11325,SAM.09.AKC.5066.6001.1,PM2.5,http://dd.eionet.europa.eu/vocabulary/aq/pollutant/6001,hour,4.7940502100,µg/m3,2018-09-25 14:00:00 +01:00,2018-09-25 15:00:00 +01:00,1,1
AT,AT.0008.20.AQ,NET.09,STA.09.AKC,,SPO.09.AKC.5066.6001.1,SPP.09.AKC.5066.6001.1.11325,SAM.09.AKC.5066.6001.1,PM2.5,http://dd.eionet.europa.eu/vocabulary/aq/pollutant/6001,hour,4.9926500300,µg/m3,2018-09-25 15:00:00 +01:00,2018-09-25 16:00:00 +01:00,1,1
AT,AT.0008.20.AQ,NET.09,STA.09.AKC,,SPO.09.AKC.5066.6001.1,SPP.09.AKC.5066.6001.1.11325,SAM.09.AKC.5066.6001.1,PM2.5,http://dd.eionet.europa.eu/vocabulary/aq/pollutant/6001,hour,5.0524501800,µg/m3,2018-09-25 16:00:00 +01:00,2018-09-25 17:00:00 +01:00,1,1
AT,AT.0008.20.AQ,NET.09,STA.09.AKC,,SPO.09.AKC.5066.6001.1,SPP.09.AKC.5066.6001.1.11325,SAM.09.AKC.5066.6001.1,PM2.5,http://dd.eionet.europa.eu/vocabulary/aq/pollutant/6001,hour,5.4545998500,µg/m3,2018-09-25 18:00:00 +01:00,2018-09-25 19:00:00 +01:00,1,1
AT,AT.0008.20.AQ,NET.09,STA.09.AKC,,SPO.09.AKC.5066.6001.1,SPP.09.AKC.5066.6001.1.11325,SAM.09.AKC.5066.6001.1,PM2.5,http://dd.eionet.europa.eu/vocabulary/aq/pollutant/6001,hour,5.7549495600,µg/m3,2018-09-25 20:00:00 +01:00,2018-09-25 21:00:00 +01:00,1,1
AT,AT.0008.20.AQ,NET.09,STA.09.AKC,,SPO.09.AKC.5066.6001.1,SPP.09.AKC.5066.6001.1.11325,SAM.09.AKC.5066.6001.1,PM2.5,http://dd.eionet.europa.eu/vocabulary/aq/pollutant/6001,hour,5.7768497400,µg/m3,2018-09-25 21:00:00 +01:00,2018-09-25 22:00:00 +01:00,1,1
AT,AT.0008.20.AQ,NET.09,STA.09.AKC,,SPO.09.AKC.5066.6001.1,SPP.09.AKC.5066.6001.1.11325,SAM.09.AKC.5066.6001.1,PM2.5,http://dd.eionet.europa.eu/vocabulary/aq/pollutant/6001,hour,5.5725002200,µg/m3,2018-09-26 00:00:00 +01:00,2018-09-26 01:00:00 +01:00,1,1
AT,AT.0008.20.AQ,NET.09,STA.09.AKC,,SPO.09.AKC.5066.6001.1,SPP.09.AKC.5066.6001.1.11325,SAM.09.AKC.5066.6001.1,PM2.5,http://dd.eionet.europa.eu/vocabulary/aq/pollutant/6001,hour,5.4310498200,µg/m3,2018-09-26 01:00:00 +01:00,2018-09-26 02:00:00 +01:00,1,1
AT,AT.0008.20.AQ,NET.09,STA.09.AKC,,SPO.09.AKC.5066.6001.1,SPP.09.AKC.5066.6001.1.11325,SAM.09.AKC.5066.6001.1,PM2.5,http://dd.eionet.europa.eu/vocabulary/aq/pollutant/6001,hour,5.5087499600,µg/m3,2018-09-26 02:00:00 +01:00,2018-09-26 03:00:00 +01:00,1,1
AT,AT.0008.20.AQ,NET.09,STA.09.AKC,,SPO.09.AKC.5066.6001.1,SPP.09.AKC.5066.6001.1.11325,SAM.09.AKC.5066.6001.1,PM2.5,http://dd.eionet.europa.eu/vocabulary/aq/pollutant/6001,hour,5.6646499600,µg/m3,2018-09-26 03:00:00 +01:00,2018-09-26 04:00:00 +01:00,1,1
AT,AT.0008.20.AQ,NET.09,STA.09.AKC,,SPO.09.AKC.5066.6001.1,SPP.09.AKC.5066.6001.1.11325,SAM.09.AKC.5066.6001.1,PM2.5,http://dd.eionet.europa.eu/vocabulary/aq/pollutant/6001,hour,6.6315498300,µg/m3,2018-09-26 04:00:00 +01:00,2018-09-26 05:00:00 +01:00,1,1
AT,AT.0008.20.AQ,NET.09,STA.09.AKC,,SPO.09.AKC.5066.6001.1,SPP.09.AKC.5066.6001.1.11325,SAM.09.AKC.5066.6001.1,PM2.5,http://dd.eionet.europa.eu/vocabulary/aq/pollutant/6001,hour,7.1738996500,µg/m3,2018-09-26 05:00:00 +01:00,2018-09-26 06:00:00 +01:00,1,1
AT,AT.0008.20.AQ,NET.09,STA.09.AKC,,SPO.09.AKC.5066.6001.1,SPP.09.AKC.5066.6001.1.11325,SAM.09.AKC.5066.6001.1,PM2.5,http://dd.eionet.europa.eu/vocabulary/aq/pollutant/6001,hour,8.9238004600,µg/m3,2018-09-26 06:00:00 +01:00,2018-09-26 07:00:00 +01:00,1,1
AT,AT.0008.20.AQ,NET.09,STA.09.AKC,,SPO.09.AKC.5066.6001.1,SPP.09.AKC.5066.6001.1.11325,SAM.09.AKC.5066.6001.1,PM2.5,http://dd.eionet.europa.eu/vocabulary/aq/pollutant/6001,hour,9.5698499600,µg/m3,2018-09-26 07:00:00 +01:00,2018-09-26 08:00:00 +01:00,1,1
AT,AT.0008.20.AQ,NET.09,STA.09.AKC,,SPO.09.AKC.5066.6001.1,SPP.09.AKC.5066.6001.1.11325,SAM.09.AKC.5066.6001.1,PM2.5,http://dd.eionet.europa.eu/vocabulary/aq/pollutant/6001,hour,4.2111997600,µg/m3,2018-09-26 11:00:00 +01:00,2018-09-26 12:00:00 +01:00,1,1
AT,AT.0008.20.AQ,NET.09,STA.09.AKC,,SPO.09.AKC.5066.6001.1,SPP.09.AKC.5066.6001.1.11325,SAM.09.AKC.5066.6001.1,PM2.5,http://dd.eionet.europa.eu/vocabulary/aq/pollutant/6001,hour,4.5212001800,µg/m3,2018-09-26 12:00:00 +01:00,2018-09-26 13:00:00 +01:00,1,1
AT,AT.0008.20.AQ,NET.09,STA.09.AKC,,SPO.09.AKC.5066.6001.1,SPP.09.AKC.5066.6001.1.11325,SAM.09.AKC.5066.6001.1,PM2.5,http://dd.eionet.europa.eu/vocabulary/aq/pollutant/6001,hour,3.7427499200,µg/m3,2018-09-26 15:00:00 +01:00,2018-09-26 16:00:00 +01:00,1,1
AT,AT.0008.20.AQ,NET.09,STA.09.AKC,,SPO.09.AKC.5066.6001.1,SPP.09.AKC.5066.6001.1.11325,SAM.09.AKC.5066.6001.1,PM2.5,http://dd.eionet.europa.eu/vocabulary/aq/pollutant/6001,hour,3.7088999700,µg/m3,2018-09-26 16:00:00 +01:00,2018-09-26 17:00:00 +01:00,1,1
AT,AT.0008.20.AQ,NET.09,STA.09.AKC,,SPO.09.AKC.5066.6001.1,SPP.09.AKC.5066.6001.1.11325,SAM.09.AKC.5066.6001.1,PM2.5,http://dd.eionet.europa.eu/vocabulary/aq/pollutant/6001,hour,4.4838500000,µg/m3,2018-09-26 18:00:00 +01:00,2018-09-26 19:00:00 +01:00,1,1
AT,AT.0008.20.AQ,NET.09,STA.09.AKC,,SPO.09.AKC.5066.6001.1,SPP.09.AKC.5066.6001.1.11325,SAM.09.AKC.5066.6001.1,PM2.5,http://dd.eionet.europa.eu/vocabulary/aq/pollutant/6001,hour,6.6870498600,µg/m3,2018-09-26 21:00:00 +01:00,2018-09-26 22:00:00 +01:00,1,1
AT,AT.0008.20.AQ,NET.09,STA.09.AKC,,SPO.09.AKC.5066.6001.1,SPP.09.AKC.5066.6001.1.11325,SAM.09.AKC.5066.6001.1,PM2.5,http://dd.eionet.europa.eu/vocabulary/aq/pollutant/6001,hour,7.9368500700,µg/m3,2018-09-26 23:00:00 +01:00,2018-09-27 00:00:00 +01:00,1,1
AT,AT.0008.20.AQ,NET.09,STA.09.AKC,,SPO.09.AKC.5066.6001.1,SPP.09.AKC.5066.6001.1.11325,SAM.09.AKC.5066.6001.1,PM2.5,http://dd.eionet.europa.eu/vocabulary/aq/pollutant/6001,hour,7.9154500900,µg/m3,2018-09-27 00:00:00 +01:00,2018-09-27 01:00:00 +01:00,1,1
AT,AT.0008.20.AQ,NET.09,STA.09.AKC,,SPO.09.AKC.5066.6001.1,SPP.09.AKC.5066.6001.1.11325,SAM.09.AKC.5066.6001.1,PM2.5,http://dd.eionet.europa.eu/vocabulary/aq/pollutant/6001,hour,7.4360504100,µg/m3,2018-09-27 01:00:00 +01:00,2018-09-27 02:00:00 +01:00,1,1
AT,AT.0008.20.AQ,NET.09,STA.09.AKC,,SPO.09.AKC.5066.6001.1,SPP.09.AKC.5066.6001.1.11325,SAM.09.AKC.5066.6001.1,PM2.5,http://dd.eionet.europa.eu/vocabulary/aq/pollutant/6001,hour,8.7949504800,µg/m3,2018-09-27 04:00:00 +01:00,2018-09-27 05:00:00 +01:00,1,1
AT,AT.0008.20.AQ,NET.09,STA.09.AKC,,SPO.09.AKC.5066.6001.1,SPP.09.AKC.5066.6001.1.11325,SAM.09.AKC.5066.6001.1,PM2.5,http://dd.eionet.europa.eu/vocabulary/aq/pollutant/6001,hour,10.5855007100,µg/m3,2018-09-27 05:00:00 +01:00,2018-09-27 06:00:00 +01:00,1,1
AT,AT.0008.20.AQ,NET.09,STA.09.AKC,,SPO.09.AKC.5066.6001.1,SPP.09.AKC.5066.6001.1.11325,SAM.09.AKC.5066.6001.1,PM2.5,http://dd.eionet.europa.eu/vocabulary/aq/pollutant/6001,hour,13.1210002800,µg/m3,2018-09-27 06:00:00 +01:00,2018-09-27 07:00:00 +01:00,1,1
AT,AT.0008.20.AQ,NET.09,STA.09.AKC,,SPO.09.AKC.5066.6001.1,SPP.09.AKC.5066.6001.1.11325,SAM.09.AKC.5066.6001.1,PM2.5,http://dd.eionet.europa.eu/vocabulary/aq/pollutant/6001,hour,15.3784999800,µg/m3,2018-09-27 07:00:00 +01:00,2018-09-27 08:00:00 +01:00,1,1
AT,AT.0008.20.AQ,NET.09,STA.09.AKC,,SPO.09.AKC.5066.6001.1,SPP.09.AKC.5066.6001.1.11325,SAM.09.AKC.5066.6001.1,PM2.5,http://dd.eionet.europa.eu/vocabulary/aq/pollutant/6001,hour,17.7460002800,µg/m3,2018-09-27 09:00:00 +01:00,2018-09-27 10:00:00 +01:00,1,1
AT,AT.0008.20.AQ,NET.09,STA.09.AKC,,SPO.09.AKC.5066.6001.1,SPP.09.AKC.5066.6001.1.11325,SAM.09.AKC.5066.6001.1,PM2.5,http://dd.eionet.europa.eu/vocabulary/aq/pollutant/6001,hour,14.6519994700,µg/m3,2018-09-27 10:00:00 +01:00,2018-09-27 11:00:00 +01:00,1,1
AT,AT.0008.20.AQ,NET.09,STA.09.AKC,,SPO.09.AKC.5066.6001.1,SPP.09.AKC.5066.6001.1.11325,SAM.09.AKC.5066.6001.1,PM2.5,http://dd.eionet.europa.eu/vocabulary/aq/pollutant/6001,hour,6.1534500100,µg/m3,2018-09-27 11:00:00 +01:00,2018-09-27 12:00:00 +01:00,1,1
AT,AT.0008.20.AQ,NET.09,STA.09.AKC,,SPO.09.AKC.5066.6001.1,SPP.09.AKC.5066.6001.1.11325,SAM.09.AKC.5066.6001.1,PM2.5,http://dd.eionet.europa.eu/vocabulary/aq/pollutant/6001,hour,5.3099999400,µg/m3,2018-09-27 12:00:00 +01:00,2018-09-27 13:00:00 +01:00,1,1
AT,AT.0008.20.AQ,NET.09,STA.09.AKC,,SPO.09.AKC.5066.6001.1,SPP.09.AKC.5066.6001.1.11325,SAM.09.AKC.5066.6001.1,PM2.5,http://dd.eionet.europa.eu/vocabulary/aq/pollutant/6001,hour,4.2897500900,µg/m3,2018-09-27 13:00:00 +01:00,2018-09-27 14:00:00 +01:00,1,1
AT,AT.0008.20.AQ,NET.09,STA.09.AKC,,SPO.09.AKC.5066.6001.1,SPP.09.AKC.5066.6001.1.11325,SAM.09.AKC.5066.6001.1,PM2.5,http://dd.eionet.europa.eu/vocabulary/aq/pollutant/6001,hour,3.9633498100,µg/m3,2018-09-27 14:00:00 +01:00,2018-09-27 15:00:00 +01:00,1,1
AT,AT.0008.20.AQ,NET.09,STA.09.AKC,,SPO.09.AKC.5066.6001.1,SPP.09.AKC.5066.6001.1.11325,SAM.09.AKC.5066.6001.1,PM2.5,http://dd.eionet.europa.eu/vocabulary/aq/pollutant/6001,hour,3.8819499000,µg/m3,2018-09-27 15:00:00 +01:00,2018-09-27 16:00:00 +01:00,1,1
AT,AT.0008.20.AQ,NET.09,STA.09.AKC,,SPO.09.AKC.5066.6001.1,SPP.09.AKC.5066.6001.1.11325,SAM.09.AKC.5066.6001.1,PM2.5,http://dd.eionet.europa.eu/vocabulary/aq/pollutant/6001,hour,5.2827501200,µg/m3,2018-09-27 16:00:00 +01:00,2018-09-27 17:00:00 +01:00,1,1
AT,AT.0008.20.AQ,NET.09,STA.09.AKC,,SPO.09.AKC.5066.6001.1,SPP.09.AKC.5066.6001.1.11325,SAM.09.AKC.5066.6001.1,PM2.5,http://dd.eionet.europa.eu/vocabulary/aq/pollutant/6001,hour,6.9221000600,µg/m3,2018-09-27 17:00:00 +01:00,2018-09-27 18:00:00 +01:00,1,1
AT,AT.0008.20.AQ,NET.09,STA.09.AKC,,SPO.09.AKC.5066.6001.1,SPP.09.AKC.5066.6001.1.11325,SAM.09.AKC.5066.6001.1,PM2.5,http://dd.eionet.europa.eu/vocabulary/aq/pollutant/6001,hour,9.0529003100,µg/m3,2018-09-27 19:00:00 +01:00,2018-09-27 20:00:00 +01:00,1,1
AT,AT.0008.20.AQ,NET.09,STA.09.AKC,,SPO.09.AKC.5066.6001.1,SPP.09.AKC.5066.6001.1.11325,SAM.09.AKC.5066.6001.1,PM2.5,http://dd.eionet.europa.eu/vocabulary/aq/pollutant/6001,hour,11.5664997100,µg/m3,2018-09-27 20:00:00 +01:00,2018-09-27 21:00:00 +01:00,1,1
AT,AT.0008.20.AQ,NET.09,STA.09.AKC,,SPO.09.AKC.5066.6001.1,SPP.09.AKC.5066.6001.1.11325,SAM.09.AKC.5066.6001.1,PM2.5,http://dd.eionet.europa.eu/vocabulary/aq/pollutant/6001,hour,10.4370002700,µg/m3,2018-09-27 21:00:00 +01:00,2018-09-27 22:00:00 +01:00,1,1
AT,AT.0008.20.AQ,NET.09,STA.09.AKC,,SPO.09.AKC.5066.6001.1,SPP.09.AKC.5066.6001.1.11325,SAM.09.AKC.5066.6001.1,PM2.5,http://dd.eionet.europa.eu/vocabulary/aq/pollutant/6001,hour,9.1013498300,µg/m3,2018-09-27 22:00:00 +01:00,2018-09-27 23:00:00 +01:00,1,1
AT,AT.0008.20.AQ,NET.09,STA.09.AKC,,SPO.09.AKC.5066.6001.1,SPP.09.AKC.5066.6001.1.11325,SAM.09.AKC.5066.6001.1,PM2.5,http://dd.eionet.europa.eu/vocabulary/aq/pollutant/6001,hour,9.0664997100,µg/m3,2018-09-28 00:00:00 +01:00,2018-09-28 01:00:00 +01:00,1,1
AT,AT.0008.20.AQ,NET.09,STA.09.AKC,,SPO.09.AKC.5066.6001.1,SPP.09.AKC.5066.6001.1.11325,SAM.09.AKC.5066.6001.1,PM2.5,http://dd.eionet.europa.eu/vocabulary/aq/pollutant/6001,hour,14.4764995500,µg/m3,2018-09-28 06:00:00 +01:00,2018-09-28 07:00:00 +01:00,1,1
AT,AT.0008.20.AQ,NET.09,STA.09.AKC,,SPO.09.AKC.5066.6001.1,SPP.09.AKC.5066.6001.1.11325,SAM.09.AKC.5066.6001.1,PM2.5,http://dd.eionet.europa.eu/vocabulary/aq/pollutant/6001,hour,14.7635002100,µg/m3,2018-09-28 07:00:00 +01:00,2018-09-28 08:00:00 +01:00,1,1
AT,AT.0008.20.AQ,NET.09,STA.09.AKC,,SPO.09.AKC.5066.6001.1,SPP.09.AKC.5066.6001.1.11325,SAM.09.AKC.5066.6001.1,PM2.5,http://dd.eionet.europa.eu/vocabulary/aq/pollutant/6001,hour,13.4720001200,µg/m3,2018-09-28 08:00:00 +01:00,2018-09-28 09:00:00 +01:00,1,1
AT,AT.0008.20.AQ,NET.09,STA.09.AKC,,SPO.09.AKC.5066.6001.1,SPP.09.AKC.5066.6001.1.11325,SAM.09.AKC.5066.6001.1,PM2.5,http://dd.eionet.europa.eu/vocabulary/aq/pollutant/6001,hour,12.4890003200,µg/m3,2018-09-28 09:00:00 +01:00,2018-09-28 10:00:00 +01:00,1,1
AT,AT.0008.20.AQ,NET.09,STA.09.AKC,,SPO.09.AKC.5066.6001.1,SPP.09.AKC.5066.6001.1.11325,SAM.09.AKC.5066.6001.1,PM2.5,http://dd.eionet.europa.eu/vocabulary/aq/pollutant/6001,hour,9.9289999000,µg/m3,2018-09-28 10:00:00 +01:00,2018-09-28 11:00:00 +01:00,1,1
AT,AT.0008.20.AQ,NET.09,STA.09.AKC,,SPO.09.AKC.5066.6001.1,SPP.09.AKC.5066.6001.1.11325,SAM.09.AKC.5066.6001.1,PM2.5,http://dd.eionet.europa.eu/vocabulary/aq/pollutant/6001,hour,7.9364004100,µg/m3,2018-09-28 11:00:00 +01:00,2018-09-28 12:00:00 +01:00,1,1
AT,AT.0008.20.AQ,NET.09,STA.09.AKC,,SPO.09.AKC.5066.6001.1,SPP.09.AKC.5066.6001.1.11325,SAM.09.AKC.5066.6001.1,PM2.5,http://dd.eionet.europa.eu/vocabulary/aq/pollutant/6001,hour,6.2917003600,µg/m3,2018-09-28 13:00:00 +01:00,2018-09-28 14:00:00 +01:00,1,1
AT,AT.0008.20.AQ,NET.09,STA.09.AKC,,SPO.09.AKC.5066.6001.1,SPP.09.AKC.5066.6001.1.11325,SAM.09.AKC.5066.6001.1,PM2.5,http://dd.eionet.europa.eu/vocabulary/aq/pollutant/6001,hour,8.5698499600,µg/m3,2018-09-28 14:00:00 +01:00,2018-09-28 15:00:00 +01:00,1,1
AT,AT.0008.20.AQ,NET.09,STA.09.AKC,,SPO.09.AKC.5066.6001.1,SPP.09.AKC.5066.6001.1.11325,SAM.09.AKC.5066.6001.1,PM2.5,http://dd.eionet.europa.eu/vocabulary/aq/pollutant/6001,hour,7.5653495700,µg/m3,2018-09-28 16:00:00 +01:00,2018-09-28 17:00:00 +01:00,1,1
AT,AT.0008.20.AQ,NET.09,STA.09.AKC,,SPO.09.AKC.5066.6001.1,SPP.09.AKC.5066.6001.1.11325,SAM.09.AKC.5066.6001.1,PM2.5,http://dd.eionet.europa.eu/vocabulary/aq/pollutant/6001,hour,8.6753501800,µg/m3,2018-09-28 18:00:00 +01:00,2018-09-28 19:00:00 +01:00,1,1
AT,AT.0008.20.AQ,NET.09,STA.09.AKC,,SPO.09.AKC.5066.6001.1,SPP.09.AKC.5066.6001.1.11325,SAM.09.AKC.5066.6001.1,PM2.5,http://dd.eionet.europa.eu/vocabulary/aq/pollutant/6001,hour,10.0983505200,µg/m3,2018-09-28 19:00:00 +01:00,2018-09-28 20:00:00 +01:00,1,1
AT,AT.0008.20.AQ,NET.09,STA.09.AKC,,SPO.09.AKC.5066.6001.1,SPP.09.AKC.5066.6001.1.11325,SAM.09.AKC.5066.6001.1,PM2.5,http://dd.eionet.europa.eu/vocabulary/aq/pollutant/6001,hour,12.5445003500,µg/m3,2018-09-28 20:00:00 +01:00,2018-09-28 21:00:00 +01:00,1,1
AT,AT.0008.20.AQ,NET.09,STA.09.AKC,,SPO.09.AKC.5066.6001.1,SPP.09.AKC.5066.6001.1.11325,SAM.09.AKC.5066.6001.1,PM2.5,http://dd.eionet.europa.eu/vocabulary/aq/pollutant/6001,hour,8.8346500300,µg/m3,2018-09-28 22:00:00 +01:00,2018-09-28 23:00:00 +01:00,1,1
AT,AT.0008.20.AQ,NET.09,STA.09.AKC,,SPO.09.AKC.5066.6001.1,SPP.09.AKC.5066.6001.1.11325,SAM.09.AKC.5066.6001.1,PM2.5,http://dd.eionet.europa.eu/vocabulary/aq/pollutant/6001,hour,6.7545499800,µg/m3,2018-09-28 23:00:00 +01:00,2018-09-29 00:00:00 +01:00,1,1
AT,AT.0008.20.AQ,NET.09,STA.09.AKC,,SPO.09.AKC.5066.6001.1,SPP.09.AKC.5066.6001.1.11325,SAM.09.AKC.5066.6001.1,PM2.5,http://dd.eionet.europa.eu/vocabulary/aq/pollutant/6001,hour,4.6189002900,µg/m3,2018-09-29 03:00:00 +01:00,2018-09-29 04:00:00 +01:00,1,1
AT,AT.0008.20.AQ,NET.09,STA.09.AKC,,SPO.09.AKC.5066.6001.1,SPP.09.AKC.5066.6001.1.11325,SAM.09.AKC.5066.6001.1,PM2.5,http://dd.eionet.europa.eu/vocabulary/aq/pollutant/6001,hour,5.3899497900,µg/m3,2018-09-29 05:00:00 +01:00,2018-09-29 06:00:00 +01:00,1,1
AT,AT.0008.20.AQ,NET.09,STA.09.AKC,,SPO.09.AKC.5066.6001.1,SPP.09.AKC.5066.6001.1.11325,SAM.09.AKC.5066.6001.1,PM2.5,http://dd.eionet.europa.eu/vocabulary/aq/pollutant/6001,hour,5.0797500600,µg/m3,2018-09-29 06:00:00 +01:00,2018-09-29 07:00:00 +01:00,1,1
AT,AT.0008.20.AQ,NET.09,STA.09.AKC,,SPO.09.AKC.5066.6001.1,SPP.09.AKC.5066.6001.1.11325,SAM.09.AKC.5066.6001.1,PM2.5,http://dd.eionet.europa.eu/vocabulary/aq/pollutant/6001,hour,3.7041499600,µg/m3,2018-09-29 09:00:00 +01:00,2018-09-29 10:00:00 +01:00,1,1
AT,AT.0008.20.AQ,NET.09,STA.09.AKC,,SPO.09.AKC.5066.6001.1,SPP.09.AKC.5066.6001.1.11325,SAM.09.AKC.5066.6001.1,PM2.5,http://dd.eionet.europa.eu/vocabulary/aq/pollutant/6001,hour,3.3150999500,µg/m3,2018-09-29 10:00:00 +01:00,2018-09-29 11:00:00 +01:00,1,1
AT,AT.0008.20.AQ,NET.09,STA.09.AKC,,SPO.09.AKC.5066.6001.1,SPP.09.AKC.5066.6001.1.11325,SAM.09.AKC.5066.6001.1,PM2.5,http://dd.eionet.europa.eu/vocabulary/aq/pollutant/6001,hour,3.5741000100,µg/m3,2018-09-29 11:00:00 +01:00,2018-09-29 12:00:00 +01:00,1,1
AT,AT.0008.20.AQ,NET.09,STA.09.AKC,,SPO.09.AKC.5066.6001.1,SPP.09.AKC.5066.6001.1.11325,SAM.09.AKC.5066.6001.1,PM2.5,http://dd.eionet.europa.eu/vocabulary/aq/pollutant/6001,hour,3.3231999800,µg/m3,2018-09-29 12:00:00 +01:00,2018-09-29 13:00:00 +01:00,1,1
AT,AT.0008.20.AQ,NET.09,STA.09.AKC,,SPO.09.AKC.5066.6001.1,SPP.09.AKC.5066.6001.1.11325,SAM.09.AKC.5066.6001.1,PM2.5,http://dd.eionet.europa.eu/vocabulary/aq/pollutant/6001,hour,2.9186501500,µg/m3,2018-09-29 13:00:00 +01:00,2018-09-29 14:00:00 +01:00,1,1
AT,AT.0008.20.AQ,NET.09,STA.09.AKC,,SPO.09.AKC.5066.6001.1,SPP.09.AKC.5066.6001.1.11325,SAM.09.AKC.5066.6001.1,PM2.5,http://dd.eionet.europa.eu/vocabulary/aq/pollutant/6001,hour,3.0397000300,µg/m3,2018-09-29 15:00:00 +01:00,2018-09-29 16:00:00 +01:00,1,1
AT,AT.0008.20.AQ,NET.09,STA.09.AKC,,SPO.09.AKC.5066.6001.1,SPP.09.AKC.5066.6001.1.11325,SAM.09.AKC.5066.6001.1,PM2.5,http://dd.eionet.europa.eu/vocabulary/aq/pollutant/6001,hour,7.1240997300,µg/m3,2018-09-29 19:00:00 +01:00,2018-09-29 20:00:00 +01:00,1,1
AT,AT.0008.20.AQ,NET.09,STA.09.AKC,,SPO.09.AKC.5066.6001.1,SPP.09.AKC.5066.6001.1.11325,SAM.09.AKC.5066.6001.1,PM2.5,http://dd.eionet.europa.eu/vocabulary/aq/pollutant/6001,hour,6.5426998100,µg/m3,2018-09-29 20:00:00 +01:00,2018-09-29 21:00:00 +01:00,1,1
AT,AT.0008.20.AQ,NET.09,STA.09.AKC,,SPO.09.AKC.5066.6001.1,SPP.09.AKC.5066.6001.1.11325,SAM.09.AKC.5066.6001.1,PM2.5,http://dd.eionet.europa.eu/vocabulary/aq/pollutant/6001,hour,6.6164999000,µg/m3,2018-09-29 21:00:00 +01:00,2018-09-29 22:00:00 +01:00,1,1
AT,AT.0008.20.AQ,NET.09,STA.09.AKC,,SPO.09.AKC.5066.6001.1,SPP.09.AKC.5066.6001.1.11325,SAM.09.AKC.5066.6001.1,PM2.5,http://dd.eionet.europa.eu/vocabulary/aq/pollutant/6001,hour,6.3125500600,µg/m3,2018-09-29 22:00:00 +01:00,2018-09-29 23:00:00 +01:00,1,1
AT,AT.0008.20.AQ,NET.09,STA.09.AKC,,SPO.09.AKC.5066.6001.1,SPP.09.AKC.5066.6001.1.11325,SAM.09.AKC.5066.6001.1,PM2.5,http://dd.eionet.europa.eu/vocabulary/aq/pollutant/6001,hour,6.2744998900,µg/m3,2018-09-29 23:00:00 +01:00,2018-09-30 00:00:00 +01:00,1,1
AT,AT.0008.20.AQ,NET.09,STA.09.AKC,,SPO.09.AKC.5066.6001.1,SPP.09.AKC.5066.6001.1.11325,SAM.09.AKC.5066.6001.1,PM2.5,http://dd.eionet.europa.eu/vocabulary/aq/pollutant/6001,hour,5.5115499400,µg/m3,2018-09-30 01:00:00 +01:00,2018-09-30 02:00:00 +01:00,1,1
AT,AT.0008.20.AQ,NET.09,STA.09.AKC,,SPO.09.AKC.5066.6001.1,SPP.09.AKC.5066.6001.1.11325,SAM.09.AKC.5066.6001.1,PM2.5,http://dd.eionet.europa.eu/vocabulary/aq/pollutant/6001,hour,5.6154003100,µg/m3,2018-09-30 02:00:00 +01:00,2018-09-30 03:00:00 +01:00,1,1
AT,AT.0008.20.AQ,NET.09,STA.09.AKC,,SPO.09.AKC.5066.6001.1,SPP.09.AKC.5066.6001.1.11325,SAM.09.AKC.5066.6001.1,PM2.5,http://dd.eionet.europa.eu/vocabulary/aq/pollutant/6001,hour,6.7010002100,µg/m3,2018-09-30 03:00:00 +01:00,2018-09-30 04:00:00 +01:00,1,1
AT,AT.0008.20.AQ,NET.09,STA.09.AKC,,SPO.09.AKC.5066.6001.1,SPP.09.AKC.5066.6001.1.11325,SAM.09.AKC.5066.6001.1,PM2.5,http://dd.eionet.europa.eu/vocabulary/aq/pollutant/6001,hour,6.3352499000,µg/m3,2018-09-30 04:00:00 +01:00,2018-09-30 05:00:00 +01:00,1,1
AT,AT.0008.20.AQ,NET.09,STA.09.AKC,,SPO.09.AKC.5066.6001.1,SPP.09.AKC.5066.6001.1.11325,SAM.09.AKC.5066.6001.1,PM2.5,http://dd.eionet.europa.eu/vocabulary/aq/pollutant/6001,hour,7.5271997400,µg/m3,2018-09-30 06:00:00 +01:00,2018-09-30 07:00:00 +01:00,1,1
AT,AT.0008.20.AQ,NET.09,STA.09.AKC,,SPO.09.AKC.5066.6001.1,SPP.09.AKC.5066.6001.1.11325,SAM.09.AKC.5066.6001.1,PM2.5,http://dd.eionet.europa.eu/vocabulary/aq/pollutant/6001,hour,8.8260002100,µg/m3,2018-09-30 07:00:00 +01:00,2018-09-30 08:00:00 +01:00,1,1
AT,AT.0008.20.AQ,NET.09,STA.09.AKC,,SPO.09.AKC.5066.6001.1,SPP.09.AKC.5066.6001.1.11325,SAM.09.AKC.5066.6001.1,PM2.5,http://dd.eionet.europa.eu/vocabulary/aq/pollutant/6001,hour,5.1623001000,µg/m3,2018-09-30 11:00:00 +01:00,2018-09-30 12:00:00 +01:00,1,1
AT,AT.0008.20.AQ,NET.09,STA.09.AKC,,SPO.09.AKC.5066.6001.1,SPP.09.AKC.5066.6001.1.11325,SAM.09.AKC.5066.6001.1,PM2.5,http://dd.eionet.europa.eu/vocabulary/aq/pollutant/6001,hour,5.1712503400,µg/m3,2018-09-30 12:00:00 +01:00,2018-09-30 13:00:00 +01:00,1,1
AT,AT.0008.20.AQ,NET.09,STA.09.AKC,,SPO.09.AKC.5066.6001.1,SPP.09.AKC.5066.6001.1.11325,SAM.09.AKC.5066.6001.1,PM2.5,http://dd.eionet.europa.eu/vocabulary/aq/pollutant/6001,hour,5.3317499100,µg/m3,2018-09-30 14:00:00 +01:00,2018-09-30 15:00:00 +01:00,1,1
AT,AT.0008.20.AQ,NET.09,STA.09.AKC,,SPO.09.AKC.5066.6001.1,SPP.09.AKC.5066.6001.1.11325,SAM.09.AKC.5066.6001.1,PM2.5,http://dd.eionet.europa.eu/vocabulary/aq/pollutant/6001,hour,5.2710499700,µg/m3,2018-09-30 15:00:00 +01:00,2018-09-30 16:00:00 +01:00,1,1
AT,AT.0008.20.AQ,NET.09,STA.09.AKC,,SPO.09.AKC.5066.6001.1,SPP.09.AKC.5066.6001.1.11325,SAM.09.AKC.5066.6001.1,PM2.5,http://dd.eionet.europa.eu/vocabulary/aq/pollutant/6001,hour,7.3945999100,µg/m3,2018-09-30 21:00:00 +01:00,2018-09-30 22:00:00 +01:00,1,1
AT,AT.0008.20.AQ,NET.09,STA.09.AKC,,SPO.09.AKC.5066.6001.1,SPP.09.AKC.5066.6001.1.11325,SAM.09.AKC.5066.6001.1,PM2.5,http://dd.eionet.europa.eu/vocabulary/aq/pollutant/6001,hour,7.6479997600,µg/m3,2018-09-30 22:00:00 +01:00,2018-09-30 23:00:00 +01:00,1,1
AT,AT.0008.20.AQ,NET.09,STA.09.AKC,,SPO.09.AKC.5066.6001.1,SPP.09.AKC.5066.6001.1.11325,SAM.09.AKC.5066.6001.1,PM2.5,http://dd.eionet.europa.eu/vocabulary/aq/pollutant/6001,hour,7.7656497900,µg/m3,2018-09-30 23:00:00 +01:00,2018-10-01 00:00:00 +01:00,1,1
AT,AT.0008.20.AQ,NET.09,STA.09.AKC,,SPO.09.AKC.5066.6001.1,SPP.09.AKC.5066.6001.1.11325,SAM.09.AKC.5066.6001.1,PM2.5,http://dd.eionet.europa.eu/vocabulary/aq/pollutant/6001,hour,7.3173999700,µg/m3,2018-10-01 00:00:00 +01:00,2018-10-01 01:00:00 +01:00,1,1
AT,AT.0008.20.AQ,NET.09,STA.09.AKC,,SPO.09.AKC.5066.6001.1,SPP.09.AKC.5066.6001.1.11325,SAM.09.AKC.5066.6001.1,PM2.5,http://dd.eionet.europa.eu/vocabulary/aq/pollutant/6001,hour,7.9301004400,µg/m3,2018-10-01 03:00:00 +01:00,2018-10-01 04:00:00 +01:00,1,1
AT,AT.0008.20.AQ,NET.09,STA.09.AKC,,SPO.09.AKC.5066.6001.1,SPP.09.AKC.5066.6001.1.11325,SAM.09.AKC.5066.6001.1,PM2.5,http://dd.eionet.europa.eu/vocabulary/aq/pollutant/6001,hour,9.0718498200,µg/m3,2018-10-01 05:00:00 +01:00,2018-10-01 06:00:00 +01:00,1,1
AT,AT.0008.20.AQ,NET.09,STA.09.AKC,,SPO.09.AKC.5066.6001.1,SPP.09.AKC.5066.6001.1.11325,SAM.09.AKC.5066.6001.1,PM2.5,http://dd.eionet.europa.eu/vocabulary/aq/pollutant/6001,hour,10.3159999800,µg/m3,2018-10-01 06:00:00 +01:00,2018-10-01 07:00:00 +01:00,1,1
AT,AT.0008.20.AQ,NET.09,STA.09.AKC,,SPO.09.AKC.5066.6001.1,SPP.09.AKC.5066.6001.1.11325,SAM.09.AKC.5066.6001.1,PM2.5,http://dd.eionet.europa.eu/vocabulary/aq/pollutant/6001,hour,11.0714998200,µg/m3,2018-10-01 07:00:00 +01:00,2018-10-01 08:00:00 +01:00,1,1
AT,AT.0008.20.AQ,NET.09,STA.09.AKC,,SPO.09.AKC.5066.6001.1,SPP.09.AKC.5066.6001.1.11325,SAM.09.AKC.5066.6001.1,PM2.5,http://dd.eionet.europa.eu/vocabulary/aq/pollutant/6001,hour,12.3999996100,µg/m3,2018-10-01 11:00:00 +01:00,2018-10-01 12:00:00 +01:00,1,1
AT,AT.0008.20.AQ,NET.09,STA.09.AKC,,SPO.09.AKC.5066.6001.1,SPP.09.AKC.5066.6001.1.11325,SAM.09.AKC.5066.6001.1,PM2.5,http://dd.eionet.europa.eu/vocabulary/aq/pollutant/6001,hour,14.2805004100,µg/m3,2018-10-01 14:00:00 +01:00,2018-10-01 15:00:00 +01:00,1,1
AT,AT.0008.20.AQ,NET.09,STA.09.AKC,,SPO.09.AKC.5066.6001.1,SPP.09.AKC.5066.6001.1.11325,SAM.09.AKC.5066.6001.1,PM2.5,http://dd.eionet.europa.eu/vocabulary/aq/pollutant/6001,hour,15.0259990600,µg/m3,2018-10-01 15:00:00 +01:00,2018-10-01 16:00:00 +01:00,1,1
AT,AT.0008.20.AQ,NET.09,STA.09.AKC,,SPO.09.AKC.5066.6001.1,SPP.09.AKC.5066.6001.1.11325,SAM.09.AKC.5066.6001.1,PM2.5,http://dd.eionet.europa.eu/vocabulary/aq/pollutant/6001,hour,21.7869987400,µg/m3,2018-10-01 19:00:00 +01:00,2018-10-01 20:00:00 +01:00,1,1
AT,AT.0008.20.AQ,NET.09,STA.09.AKC,,SPO.09.AKC.5066.6001.1,SPP.09.AKC.5066.6001.1.11325,SAM.09.AKC.5066.6001.1,PM2.5,http://dd.eionet.europa.eu/vocabulary/aq/pollutant/6001,hour,19.1710014300,µg/m3,2018-10-01 20:00:00 +01:00,2018-10-01 21:00:00 +01:00,1,1
AT,AT.0008.20.AQ,NET.09,STA.09.AKC,,SPO.09.AKC.5066.6001.1,SPP.09.AKC.5066.6001.1.11325,SAM.09.AKC.5066.6001.1,PM2.5,http://dd.eionet.europa.eu/vocabulary/aq/pollutant/6001,hour,16.2689990900,µg/m3,2018-10-01 21:00:00 +01:00,2018-10-01 22:00:00 +01:00,1,1
AT,AT.0008.20.AQ,NET.09,STA.09.AKC,,SPO.09.AKC.5066.6001.1,SPP.09.AKC.5066.6001.1.11325,SAM.09.AKC.5066.6001.1,PM2.5,http://dd.eionet.europa.eu/vocabulary/aq/pollutant/6001,hour,15.0135002100,µg/m3,2018-10-01 23:00:00 +01:00,2018-10-02 00:00:00 +01:00,1,1
AT,AT.0008.20.AQ,NET.09,STA.09.AKC,,SPO.09.AKC.5066.6001.1,SPP.09.AKC.5066.6001.1.11325,SAM.09.AKC.5066.6001.1,PM2.5,http://dd.eionet.europa.eu/vocabulary/aq/pollutant/6001,hour,12.7644996600,µg/m3,2018-10-02 01:00:00 +01:00,2018-10-02 02:00:00 +01:00,1,1
AT,AT.0008.20.AQ,NET.09,STA.09.AKC,,SPO.09.AKC.5066.6001.1,SPP.09.AKC.5066.6001.1.11325,SAM.09.AKC.5066.6001.1,PM2.5,http://dd.eionet.europa.eu/vocabulary/aq/pollutant/6001,hour,10.8045005700,µg/m3,2018-10-02 02:00:00 +01:00,2018-10-02 03:00:00 +01:00,1,1
AT,AT.0008.20.AQ,NET.09,STA.09.AKC,,SPO.09.AKC.5066.6001.1,SPP.09.AKC.5066.6001.1.11325,SAM.09.AKC.5066.6001.1,PM2.5,http://dd.eionet.europa.eu/vocabulary/aq/pollutant/6001,hour,7.4388999900,µg/m3,2018-10-02 03:00:00 +01:00,2018-10-02 04:00:00 +01:00,1,1
AT,AT.0008.20.AQ,NET.09,STA.09.AKC,,SPO.09.AKC.5066.6001.1,SPP.09.AKC.5066.6001.1.11325,SAM.09.AKC.5066.6001.1,PM2.5,http://dd.eionet.europa.eu/vocabulary/aq/pollutant/6001,hour,6.9106001800,µg/m3,2018-10-02 04:00:00 +01:00,2018-10-02 05:00:00 +01:00,1,1
AT,AT.0008.20.AQ,NET.09,STA.09.AKC,,SPO.09.AKC.5066.6001.1,SPP.09.AKC.5066.6001.1.11325,SAM.09.AKC.5066.6001.1,PM2.5,http://dd.eionet.europa.eu/vocabulary/aq/pollutant/6001,hour,6.6582002600,µg/m3,2018-10-02 06:00:00 +01:00,2018-10-02 07:00:00 +01:00,1,1
AT,AT.0008.20.AQ,NET.09,STA.09.AKC,,SPO.09.AKC.5066.6001.1,SPP.09.AKC.5066.6001.1.11325,SAM.09.AKC.5066.6001.1,PM2.5,http://dd.eionet.europa.eu/vocabulary/aq/pollutant/6001,hour,4.7183504100,µg/m3,2018-10-02 10:00:00 +01:00,2018-10-02 11:00:00 +01:00,1,1
AT,AT.0008.20.AQ,NET.09,STA.09.AKC,,SPO.09.AKC.5066.6001.1,SPP.09.AKC.5066.6001.1.11325,SAM.09.AKC.5066.6001.1,PM2.5,http://dd.eionet.europa.eu/vocabulary/aq/pollutant/6001,hour,3.4565501200,µg/m3,2018-10-02 12:00:00 +01:00,2018-10-02 13:00:00 +01:00,1,1
AT,AT.0008.20.AQ,NET.09,STA.09.AKC,,SPO.09.AKC.5066.6001.1,SPP.09.AKC.5066.6001.1.11325,SAM.09.AKC.5066.6001.1,PM2.5,http://dd.eionet.europa.eu/vocabulary/aq/pollutant/6001,hour,3.7305002200,µg/m3,2018-10-02 13:00:00 +01:00,2018-10-02 14:00:00 +01:00,1,1
AT,AT.0008.20.AQ,NET.09,STA.09.AKC,,SPO.09.AKC.5066.6001.1,SPP.09.AKC.5066.6001.1.11325,SAM.09.AKC.5066.6001.1,PM2.5,http://dd.eionet.europa.eu/vocabulary/aq/pollutant/6001,hour,5.6901502600,µg/m3,2018-10-02 14:00:00 +01:00,2018-10-02 15:00:00 +01:00,1,1
AT,AT.0008.20.AQ,NET.09,STA.09.AKC,,SPO.09.AKC.5066.6001.1,SPP.09.AKC.5066.6001.1.11325,SAM.09.AKC.5066.6001.1,PM2.5,http://dd.eionet.europa.eu/vocabulary/aq/pollutant/6001,hour,6.0392999600,µg/m3,2018-10-02 15:00:00 +01:00,2018-10-02 16:00:00 +01:00,1,1
AT,AT.0008.20.AQ,NET.09,STA.09.AKC,,SPO.09.AKC.5066.6001.1,SPP.09.AKC.5066.6001.1.11325,SAM.09.AKC.5066.6001.1,PM2.5,http://dd.eionet.europa.eu/vocabulary/aq/pollutant/6001,hour,7.6543502800,µg/m3,2018-10-02 17:00:00 +01:00,2018-10-02 18:00:00 +01:00,1,1
AT,AT.0008.20.AQ,NET.09,STA.09.AKC,,SPO.09.AKC.5066.6001.1,SPP.09.AKC.5066.6001.1.11325,SAM.09.AKC.5066.6001.1,PM2.5,http://dd.eionet.europa.eu/vocabulary/aq/pollutant/6001,hour,7.4769506400,µg/m3,2018-10-02 21:00:00 +01:00,2018-10-02 22:00:00 +01:00,1,1
AT,AT.0008.20.AQ,NET.09,STA.09.AKC,,SPO.09.AKC.5066.6001.1,SPP.09.AKC.5066.6001.1.11325,SAM.09.AKC.5066.6001.1,PM2.5,http://dd.eionet.europa.eu/vocabulary/aq/pollutant/6001,hour,4.6981496800,µg/m3,2018-10-02 23:00:00 +01:00,2018-10-03 00:00:00 +01:00,1,1
AT,AT.0008.20.AQ,NET.09,STA.09.AKC,,SPO.09.AKC.5066.6001.1,SPP.09.AKC.5066.6001.1.11325,SAM.09.AKC.5066.6001.1,PM2.5,http://dd.eionet.europa.eu/vocabulary/aq/pollutant/6001,hour,5.0657000500,µg/m3,2018-10-03 00:00:00 +01:00,2018-10-03 01:00:00 +01:00,1,1
AT,AT.0008.20.AQ,NET.09,STA.09.AKC,,SPO.09.AKC.5066.6001.1,SPP.09.AKC.5066.6001.1.11325,SAM.09.AKC.5066.6001.1,PM2.5,http://dd.eionet.europa.eu/vocabulary/aq/pollutant/6001,hour,6.9341502100,µg/m3,2018-10-03 03:00:00 +01:00,2018-10-03 04:00:00 +01:00,1,1
AT,AT.0008.20.AQ,NET.09,STA.09.AKC,,SPO.09.AKC.5066.6001.1,SPP.09.AKC.5066.6001.1.11325,SAM.09.AKC.5066.6001.1,PM2.5,http://dd.eionet.europa.eu/vocabulary/aq/pollutant/6001,hour,7.3853998100,µg/m3,2018-10-03 04:00:00 +01:00,2018-10-03 05:00:00 +01:00,1,1
AT,AT.0008.20.AQ,NET.09,STA.09.AKC,,SPO.09.AKC.5066.6001.1,SPP.09.AKC.5066.6001.1.11325,SAM.09.AKC.5066.6001.1,PM2.5,http://dd.eionet.europa.eu/vocabulary/aq/pollutant/6001,hour,8.8157005300,µg/m3,2018-10-03 05:00:00 +01:00,2018-10-03 06:00:00 +01:00,1,1
AT,AT.0008.20.AQ,NET.09,STA.09.AKC,,SPO.09.AKC.5066.6001.1,SPP.09.AKC.5066.6001.1.11325,SAM.09.AKC.5066.6001.1,PM2.5,http://dd.eionet.europa.eu/vocabulary/aq/pollutant/6001,hour,8.7006492600,µg/m3,2018-10-03 06:00:00 +01:00,2018-10-03 07:00:00 +01:00,1,1
AT,AT.0008.20.AQ,NET.09,STA.09.AKC,,SPO.09.AKC.5066.6001.1,SPP.09.AKC.5066.6001.1.11325,SAM.09.AKC.5066.6001.1,PM2.5,http://dd.eionet.europa.eu/vocabulary/aq/pollutant/6001,hour,7.9663000100,µg/m3,2018-10-03 10:00:00 +01:00,2018-10-03 11:00:00 +01:00,1,1
AT,AT.0008.20.AQ,NET.09,STA.09.AKC,,SPO.09.AKC.5066.6001.1,SPP.09.AKC.5066.6001.1.11325,SAM.09.AKC.5066.6001.1,PM2.5,http://dd.eionet.europa.eu/vocabulary/aq/pollutant/6001,hour,6.4520998000,µg/m3,2018-10-03 11:00:00 +01:00,2018-10-03 12:00:00 +01:00,1,1
AT,AT.0008.20.AQ,NET.09,STA.09.AKC,,SPO.09.AKC.5066.6001.1,SPP.09.AKC.5066.6001.1.11325,SAM.09.AKC.5066.6001.1,PM2.5,http://dd.eionet.europa.eu/vocabulary/aq/pollutant/6001,hour,6.7574996900,µg/m3,2018-10-03 12:00:00 +01:00,2018-10-03 13:00:00 +01:00,1,1
AT,AT.0008.20.AQ,NET.09,STA.09.AKC,,SPO.09.AKC.5066.6001.1,SPP.09.AKC.5066.6001.1.11325,SAM.09.AKC.5066.6001.1,PM2.5,http://dd.eionet.europa.eu/vocabulary/aq/pollutant/6001,hour,4.6329498200,µg/m3,2018-10-03 13:00:00 +01:00,2018-10-03 14:00:00 +01:00,1,1
AT,AT.0008.20.AQ,NET.09,STA.09.AKC,,SPO.09.AKC.5066.6001.1,SPP.09.AKC.5066.6001.1.11325,SAM.09.AKC.5066.6001.1,PM2.5,http://dd.eionet.europa.eu/vocabulary/aq/pollutant/6001,hour,3.7909500500,µg/m3,2018-10-03 15:00:00 +01:00,2018-10-03 16:00:00 +01:00,1,1
AT,AT.0008.20.AQ,NET.09,STA.09.AKC,,SPO.09.AKC.5066.6001.1,SPP.09.AKC.5066.6001.1.11325,SAM.09.AKC.5066.6001.1,PM2.5,http://dd.eionet.europa.eu/vocabulary/aq/pollutant/6001,hour,7.9730501100,µg/m3,2018-10-03 19:00:00 +01:00,2018-10-03 20:00:00 +01:00,1,1
AT,AT.0008.20.AQ,NET.09,STA.09.AKC,,SPO.09.AKC.5066.6001.1,SPP.09.AKC.5066.6001.1.11325,SAM.09.AKC.5066.6001.1,PM2.5,http://dd.eionet.europa.eu/vocabulary/aq/pollutant/6001,hour,8.0187997800,µg/m3,2018-10-03 21:00:00 +01:00,2018-10-03 22:00:00 +01:00,1,1
AT,AT.0008.20.AQ,NET.09,STA.09.AKC,,SPO.09.AKC.5066.6001.1,SPP.09.AKC.5066.6001.1.11325,SAM.09.AKC.5066.6001.1,PM2.5,http://dd.eionet.europa.eu/vocabulary/aq/pollutant/6001,hour,6.8344001700,µg/m3,2018-10-03 23:00:00 +01:00,2018-10-04 00:00:00 +01:00,1,1
AT,AT.0008.20.AQ,NET.09,STA.09.AKC,,SPO.09.AKC.5066.6001.1,SPP.09.AKC.5066.6001.1.11325,SAM.09.AKC.5066.6001.1,PM2.5,http://dd.eionet.europa.eu/vocabulary/aq/pollutant/6001,hour,7.0505499800,µg/m3,2018-10-04 02:00:00 +01:00,2018-10-04 03:00:00 +01:00,1,1
AT,AT.0008.20.AQ,NET.09,STA.09.AKC,,SPO.09.AKC.5066.6001.1,SPP.09.AKC.5066.6001.1.11325,SAM.09.AKC.5066.6001.1,PM2.5,http://dd.eionet.europa.eu/vocabulary/aq/pollutant/6001,hour,7.8793001100,µg/m3,2018-10-04 03:00:00 +01:00,2018-10-04 04:00:00 +01:00,1,1
AT,AT.0008.20.AQ,NET.09,STA.09.AKC,,SPO.09.AKC.5066.6001.1,SPP.09.AKC.5066.6001.1.11325,SAM.09.AKC.5066.6001.1,PM2.5,http://dd.eionet.europa.eu/vocabulary/aq/pollutant/6001,hour,7.7739000300,µg/m3,2018-10-04 04:00:00 +01:00,2018-10-04 05:00:00 +01:00,1,1
AT,AT.0008.20.AQ,NET.09,STA.09.AKC,,SPO.09.AKC.5066.6001.1,SPP.09.AKC.5066.6001.1.11325,SAM.09.AKC.5066.6001.1,PM2.5,http://dd.eionet.europa.eu/vocabulary/aq/pollutant/6001,hour,8.7342996500,µg/m3,2018-10-04 05:00:00 +01:00,2018-10-04 06:00:00 +01:00,1,1
AT,AT.0008.20.AQ,NET.09,STA.09.AKC,,SPO.09.AKC.5066.6001.1,SPP.09.AKC.5066.6001.1.11325,SAM.09.AKC.5066.6001.1,PM2.5,http://dd.eionet.europa.eu/vocabulary/aq/pollutant/6001,hour,11.5174999200,µg/m3,2018-10-04 06:00:00 +01:00,2018-10-04 07:00:00 +01:00,1,1
AT,AT.0008.20.AQ,NET.09,STA.09.AKC,,SPO.09.AKC.5066.6001.1,SPP.09.AKC.5066.6001.1.11325,SAM.09.AKC.5066.6001.1,PM2.5,http://dd.eionet.europa.eu/vocabulary/aq/pollutant/6001,hour,13.4195003500,µg/m3,2018-10-04 07:00:00 +01:00,2018-10-04 08:00:00 +01:00,1,1
AT,AT.0008.20.AQ,NET.09,STA.09.AKC,,SPO.09.AKC.5066.6001.1,SPP.09.AKC.5066.6001.1.11325,SAM.09.AKC.5066.6001.1,PM2.5,http://dd.eionet.europa.eu/vocabulary/aq/pollutant/6001,hour,8.5247001600,µg/m3,2018-10-04 12:00:00 +01:00,2018-10-04 13:00:00 +01:00,1,1
AT,AT.0008.20.AQ,NET.09,STA.09.AKC,,SPO.09.AKC.5066.6001.1,SPP.09.AKC.5066.6001.1.11325,SAM.09.AKC.5066.6001.1,PM2.5,http://dd.eionet.europa.eu/vocabulary/aq/pollutant/6001,hour,10.0837993600,µg/m3,2018-10-04 13:00:00 +01:00,2018-10-04 14:00:00 +01:00,1,1
AT,AT.0008.20.AQ,NET.09,STA.09.AKC,,SPO.09.AKC.5066.6001.1,SPP.09.AKC.5066.6001.1.11325,SAM.09.AKC.5066.6001.1,PM2.5,http://dd.eionet.europa.eu/vocabulary/aq/pollutant/6001,hour,10.5535001700,µg/m3,2018-10-04 14:00:00 +01:00,2018-10-04 15:00:00 +01:00,1,1
AT,AT.0008.20.AQ,NET.09,STA.09.AKC,,SPO.09.AKC.5066.6001.1,SPP.09.AKC.5066.6001.1.11325,SAM.09.AKC.5066.6001.1,PM2.5,http://dd.eionet.europa.eu/vocabulary/aq/pollutant/6001,hour,10.4685497200,µg/m3,2018-10-04 15:00:00 +01:00,2018-10-04 16:00:00 +01:00,1,1
AT,AT.0008.20.AQ,NET.09,STA.09.AKC,,SPO.09.AKC.5066.6001.1,SPP.09.AKC.5066.6001.1.11325,SAM.09.AKC.5066.6001.1,PM2.5,http://dd.eionet.europa.eu/vocabulary/aq/pollutant/6001,hour,14.0729999500,µg/m3,2018-10-04 19:00:00 +01:00,2018-10-04 20:00:00 +01:00,1,1
AT,AT.0008.20.AQ,NET.09,STA.09.AKC,,SPO.09.AKC.5066.6001.1,SPP.09.AKC.5066.6001.1.11325,SAM.09.AKC.5066.6001.1,PM2.5,http://dd.eionet.europa.eu/vocabulary/aq/pollutant/6001,hour,13.3835000900,µg/m3,2018-10-04 20:00:00 +01:00,2018-10-04 21:00:00 +01:00,1,1
AT,AT.0008.20.AQ,NET.09,STA.09.AKC,,SPO.09.AKC.5066.6001.1,SPP.09.AKC.5066.6001.1.11325,SAM.09.AKC.5066.6001.1,PM2.5,http://dd.eionet.europa.eu/vocabulary/aq/pollutant/6001,hour,13.7854995700,µg/m3,2018-10-04 21:00:00 +01:00,2018-10-04 22:00:00 +01:00,1,1
AT,AT.0008.20.AQ,NET.09,STA.09.AKC,,SPO.09.AKC.5066.6001.1,SPP.09.AKC.5066.6001.1.11325,SAM.09.AKC.5066.6001.1,PM2.5,http://dd.eionet.europa.eu/vocabulary/aq/pollutant/6001,hour,9.4920501700,µg/m3,2018-10-04 22:00:00 +01:00,2018-10-04 23:00:00 +01:00,1,1
AT,AT.0008.20.AQ,NET.09,STA.09.AKC,,SPO.09.AKC.5066.6001.1,SPP.09.AKC.5066.6001.1.11325,SAM.09.AKC.5066.6001.1,PM2.5,http://dd.eionet.europa.eu/vocabulary/aq/pollutant/6001,hour,9.8676500300,µg/m3,2018-10-04 23:00:00 +01:00,2018-10-05 00:00:00 +01:00,1,1
AT,AT.0008.20.AQ,NET.09,STA.09.AKC,,SPO.09.AKC.5066.6001.1,SPP.09.AKC.5066.6001.1.11325,SAM.09.AKC.5066.6001.1,PM2.5,http://dd.eionet.europa.eu/vocabulary/aq/pollutant/6001,hour,10.7965002000,µg/m3,2018-10-05 00:00:00 +01:00,2018-10-05 01:00:00 +01:00,1,1
AT,AT.0008.20.AQ,NET.09,STA.09.AKC,,SPO.09.AKC.5066.6001.1,SPP.09.AKC.5066.6001.1.11325,SAM.09.AKC.5066.6001.1,PM2.5,http://dd.eionet.europa.eu/vocabulary/aq/pollutant/6001,hour,11.8865003500,µg/m3,2018-10-05 01:00:00 +01:00,2018-10-05 02:00:00 +01:00,1,1
AT,AT.0008.20.AQ,NET.09,STA.09.AKC,,SPO.09.AKC.5066.6001.1,SPP.09.AKC.5066.6001.1.11325,SAM.09.AKC.5066.6001.1,PM2.5,http://dd.eionet.europa.eu/vocabulary/aq/pollutant/6001,hour,10.9925003000,µg/m3,2018-10-05 02:00:00 +01:00,2018-10-05 03:00:00 +01:00,1,1
AT,AT.0008.20.AQ,NET.09,STA.09.AKC,,SPO.09.AKC.5066.6001.1,SPP.09.AKC.5066.6001.1.11325,SAM.09.AKC.5066.6001.1,PM2.5,http://dd.eionet.europa.eu/vocabulary/aq/pollutant/6001,hour,10.8320007300,µg/m3,2018-10-05 03:00:00 +01:00,2018-10-05 04:00:00 +01:00,1,1
AT,AT.0008.20.AQ,NET.09,STA.09.AKC,,SPO.09.AKC.5066.6001.1,SPP.09.AKC.5066.6001.1.11325,SAM.09.AKC.5066.6001.1,PM2.5,http://dd.eionet.europa.eu/vocabulary/aq/pollutant/6001,hour,12.1585006700,µg/m3,2018-10-05 05:00:00 +01:00,2018-10-05 06:00:00 +01:00,1,1
AT,AT.0008.20.AQ,NET.09,STA.09.AKC,,SPO.09.AKC.5066.6001.1,SPP.09.AKC.5066.6001.1.11325,SAM.09.AKC.5066.6001.1,PM2.5,http://dd.eionet.europa.eu/vocabulary/aq/pollutant/6001,hour,13.7539997100,µg/m3,2018-10-05 06:00:00 +01:00,2018-10-05 07:00:00 +01:00,1,1
AT,AT.0008.20.AQ,NET.09,STA.09.AKC,,SPO.09.AKC.5066.6001.1,SPP.09.AKC.5066.6001.1.11325,SAM.09.AKC.5066.6001.1,PM2.5,http://dd.eionet.europa.eu/vocabulary/aq/pollutant/6001,hour,14.5054998300,µg/m3,2018-10-05 08:00:00 +01:00,2018-10-05 09:00:00 +01:00,1,1
AT,AT.0008.20.AQ,NET.09,STA.09.AKC,,SPO.09.AKC.5066.6001.1,SPP.09.AKC.5066.6001.1.11325,SAM.09.AKC.5066.6001.1,PM2.5,http://dd.eionet.europa.eu/vocabulary/aq/pollutant/6001,hour,14.2790002800,µg/m3,2018-10-05 09:00:00 +01:00,2018-10-05 10:00:00 +01:00,1,1
AT,AT.0008.20.AQ,NET.09,STA.09.AKC,,SPO.09.AKC.5066.6001.1,SPP.09.AKC.5066.6001.1.11325,SAM.09.AKC.5066.6001.1,PM2.5,http://dd.eionet.europa.eu/vocabulary/aq/pollutant/6001,hour,12.0869998900,µg/m3,2018-10-05 10:00:00 +01:00,2018-10-05 11:00:00 +01:00,1,1
AT,AT.0008.20.AQ,NET.09,STA.09.AKC,,SPO.09.AKC.5066.6001.1,SPP.09.AKC.5066.6001.1.11325,SAM.09.AKC.5066.6001.1,PM2.5,http://dd.eionet.europa.eu/vocabulary/aq/pollutant/6001,hour,9.6786003100,µg/m3,2018-10-05 13:00:00 +01:00,2018-10-05 14:00:00 +01:00,1,1
AT,AT.0008.20.AQ,NET.09,STA.09.AKC,,SPO.09.AKC.5066.6001.1,SPP.09.AKC.5066.6001.1.11325,SAM.09.AKC.5066.6001.1,PM2.5,http://dd.eionet.europa.eu/vocabulary/aq/pollutant/6001,hour,10.6119995100,µg/m3,2018-10-05 15:00:00 +01:00,2018-10-05 16:00:00 +01:00,1,1
AT,AT.0008.20.AQ,NET.09,STA.09.AKC,,SPO.09.AKC.5066.6001.1,SPP.09.AKC.5066.6001.1.11325,SAM.09.AKC.5066.6001.1,PM2.5,http://dd.eionet.europa.eu/vocabulary/aq/pollutant/6001,hour,11.3479995700,µg/m3,2018-10-05 18:00:00 +01:00,2018-10-05 19:00:00 +01:00,1,1
AT,AT.0008.20.AQ,NET.09,STA.09.AKC,,SPO.09.AKC.5066.6001.1,SPP.09.AKC.5066.6001.1.11325,SAM.09.AKC.5066.6001.1,PM2.5,http://dd.eionet.europa.eu/vocabulary/aq/pollutant/6001,hour,10.9605007100,µg/m3,2018-10-05 19:00:00 +01:00,2018-10-05 20:00:00 +01:00,1,1
AT,AT.0008.20.AQ,NET.09,STA.09.AKC,,SPO.09.AKC.5066.6001.1,SPP.09.AKC.5066.6001.1.11325,SAM.09.AKC.5066.6001.1,PM2.5,http://dd.eionet.europa.eu/vocabulary/aq/pollutant/6001,hour,10.5979995700,µg/m3,2018-10-05 20:00:00 +01:00,2018-10-05 21:00:00 +01:00,1,1
AT,AT.0008.20.AQ,NET.09,STA.09.AKC,,SPO.09.AKC.5066.6001.1,SPP.09.AKC.5066.6001.1.11325,SAM.09.AKC.5066.6001.1,PM2.5,http://dd.eionet.europa.eu/vocabulary/aq/pollutant/6001,hour,11.1415004700,µg/m3,2018-10-05 21:00:00 +01:00,2018-10-05 22:00:00 +01:00,1,1
AT,AT.0008.20.AQ,NET.09,STA.09.AKC,,SPO.09.AKC.5066.6001.1,SPP.09.AKC.5066.6001.1.11325,SAM.09.AKC.5066.6001.1,PM2.5,http://dd.eionet.europa.eu/vocabulary/aq/pollutant/6001,hour,11.4969997400,µg/m3,2018-10-05 23:00:00 +01:00,2018-10-06 00:00:00 +01:00,1,1
AT,AT.0008.20.AQ,NET.09,STA.09.AKC,,SPO.09.AKC.5066.6001.1,SPP.09.AKC.5066.6001.1.11325,SAM.09.AKC.5066.6001.1,PM2.5,http://dd.eionet.europa.eu/vocabulary/aq/pollutant/6001,hour,11.3285007400,µg/m3,2018-10-06 00:00:00 +01:00,2018-10-06 01:00:00 +01:00,1,1
AT,AT.0008.20.AQ,NET.09,STA.09.AKC,,SPO.09.AKC.5066.6001.1,SPP.09.AKC.5066.6001.1.11325,SAM.09.AKC.5066.6001.1,PM2.5,http://dd.eionet.europa.eu/vocabulary/aq/pollutant/6001,hour,12.2399997700,µg/m3,2018-10-06 01:00:00 +01:00,2018-10-06 02:00:00 +01:00,1,1
AT,AT.0008.20.AQ,NET.09,STA.09.AKC,,SPO.09.AKC.5066.6001.1,SPP.09.AKC.5066.6001.1.11325,SAM.09.AKC.5066.6001.1,PM2.5,http://dd.eionet.europa.eu/vocabulary/aq/pollutant/6001,hour,13.5310001300,µg/m3,2018-10-06 02:00:00 +01:00,2018-10-06 03:00:00 +01:00,1,1
AT,AT.0008.20.AQ,NET.09,STA.09.AKC,,SPO.09.AKC.5066.6001.1,SPP.09.AKC.5066.6001.1.11325,SAM.09.AKC.5066.6001.1,PM2.5,http://dd.eionet.europa.eu/vocabulary/aq/pollutant/6001,hour,15.5734996700,µg/m3,2018-10-06 03:00:00 +01:00,2018-10-06 04:00:00 +01:00,1,1
AT,AT.0008.20.AQ,NET.09,STA.09.AKC,,SPO.09.AKC.5066.6001.1,SPP.09.AKC.5066.6001.1.11325,SAM.09.AKC.5066.6001.1,PM2.5,http://dd.eionet.europa.eu/vocabulary/aq/pollutant/6001,hour,17.6375007600,µg/m3,2018-10-06 05:00:00 +01:00,2018-10-06 06:00:00 +01:00,1,1
AT,AT.0008.20.AQ,NET.09,STA.09.AKC,,SPO.09.AKC.5066.6001.1,SPP.09.AKC.5066.6001.1.11325,SAM.09.AKC.5066.6001.1,PM2.5,http://dd.eionet.europa.eu/vocabulary/aq/pollutant/6001,hour,19.4589996300,µg/m3,2018-10-06 06:00:00 +01:00,2018-10-06 07:00:00 +01:00,1,1
AT,AT.0008.20.AQ,NET.09,STA.09.AKC,,SPO.09.AKC.5066.6001.1,SPP.09.AKC.5066.6001.1.11325,SAM.09.AKC.5066.6001.1,PM2.5,http://dd.eionet.europa.eu/vocabulary/aq/pollutant/6001,hour,21.6059989900,µg/m3,2018-10-06 07:00:00 +01:00,2018-10-06 08:00:00 +01:00,1,1
AT,AT.0008.20.AQ,NET.09,STA.09.AKC,,SPO.09.AKC.5066.6001.1,SPP.09.AKC.5066.6001.1.11325,SAM.09.AKC.5066.6001.1,PM2.5,http://dd.eionet.europa.eu/vocabulary/aq/pollutant/6001,hour,23.8875007600,µg/m3,2018-10-06 08:00:00 +01:00,2018-10-06 09:00:00 +01:00,1,1
AT,AT.0008.20.AQ,NET.09,STA.09.AKC,,SPO.09.AKC.5066.6001.1,SPP.09.AKC.5066.6001.1.11325,SAM.09.AKC.5066.6001.1,PM2.5,http://dd.eionet.europa.eu/vocabulary/aq/pollutant/6001,hour,21.7975006100,µg/m3,2018-10-06 09:00:00 +01:00,2018-10-06 10:00:00 +01:00,1,1
AT,AT.0008.20.AQ,NET.09,STA.09.AKC,,SPO.09.AKC.5066.6001.1,SPP.09.AKC.5066.6001.1.11325,SAM.09.AKC.5066.6001.1,PM2.5,http://dd.eionet.europa.eu/vocabulary/aq/pollutant/6001,hour,18.3904991100,µg/m3,2018-10-06 10:00:00 +01:00,2018-10-06 11:00:00 +01:00,1,1
AT,AT.0008.20.AQ,NET.09,STA.09.AKC,,SPO.09.AKC.5066.6001.1,SPP.09.AKC.5066.6001.1.11325,SAM.09.AKC.5066.6001.1,PM2.5,http://dd.eionet.europa.eu/vocabulary/aq/pollutant/6001,hour,13.8544998100,µg/m3,2018-10-06 12:00:00 +01:00,2018-10-06 13:00:00 +01:00,1,1
AT,AT.0008.20.AQ,NET.09,STA.09.AKC,,SPO.09.AKC.5066.6001.1,SPP.09.AKC.5066.6001.1.11325,SAM.09.AKC.5066.6001.1,PM2.5,http://dd.eionet.europa.eu/vocabulary/aq/pollutant/6001,hour,10.3235502200,µg/m3,2018-10-06 14:00:00 +01:00,2018-10-06 15:00:00 +01:00,1,1
AT,AT.0008.20.AQ,NET.09,STA.09.AKC,,SPO.09.AKC.5066.6001.1,SPP.09.AKC.5066.6001.1.11325,SAM.09.AKC.5066.6001.1,PM2.5,http://dd.eionet.europa.eu/vocabulary/aq/pollutant/6001,hour,10.2825002600,µg/m3,2018-10-06 15:00:00 +01:00,2018-10-06 16:00:00 +01:00,1,1
AT,AT.0008.20.AQ,NET.09,STA.09.AKC,,SPO.09.AKC.5066.6001.1,SPP.09.AKC.5066.6001.1.11325,SAM.09.AKC.5066.6001.1,PM2.5,http://dd.eionet.europa.eu/vocabulary/aq/pollutant/6001,hour,10.3727998700,µg/m3,2018-10-06 16:00:00 +01:00,2018-10-06 17:00:00 +01:00,1,1
AT,AT.0008.20.AQ,NET.09,STA.09.AKC,,SPO.09.AKC.5066.6001.1,SPP.09.AKC.5066.6001.1.11325,SAM.09.AKC.5066.6001.1,PM2.5,http://dd.eionet.europa.eu/vocabulary/aq/pollutant/6001,hour,12.6614999700,µg/m3,2018-10-06 17:00:00 +01:00,2018-10-06 18:00:00 +01:00,1,1
AT,AT.0008.20.AQ,NET.09,STA.09.AKC,,SPO.09.AKC.5066.6001.1,SPP.09.AKC.5066.6001.1.11325,SAM.09.AKC.5066.6001.1,PM2.5,http://dd.eionet.europa.eu/vocabulary/aq/pollutant/6001,hour,14.5625000000,µg/m3,2018-10-06 20:00:00 +01:00,2018-10-06 21:00:00 +01:00,1,1
AT,AT.0008.20.AQ,NET.09,STA.09.AKC,,SPO.09.AKC.5066.6001.1,SPP.09.AKC.5066.6001.1.11325,SAM.09.AKC.5066.6001.1,PM2.5,http://dd.eionet.europa.eu/vocabulary/aq/pollutant/6001,hour,11.6884994500,µg/m3,2018-10-06 21:00:00 +01:00,2018-10-06 22:00:00 +01:00,1,1
AT,AT.0008.20.AQ,NET.09,STA.09.AKC,,SPO.09.AKC.5066.6001.1,SPP.09.AKC.5066.6001.1.11325,SAM.09.AKC.5066.6001.1,PM2.5,http://dd.eionet.europa.eu/vocabulary/aq/pollutant/6001,hour,12.0505008600,µg/m3,2018-10-06 22:00:00 +01:00,2018-10-06 23:00:00 +01:00,1,1
AT,AT.0008.20.AQ,NET.09,STA.09.AKC,,SPO.09.AKC.5066.6001.1,SPP.09.AKC.5066.6001.1.11325,SAM.09.AKC.5066.6001.1,PM2.5,http://dd.eionet.europa.eu/vocabulary/aq/pollutant/6001,hour,12.1005001000,µg/m3,2018-10-06 23:00:00 +01:00,2018-10-07 00:00:00 +01:00,1,1
AT,AT.0008.20.AQ,NET.09,STA.09.AKC,,SPO.09.AKC.5066.6001.1,SPP.09.AKC.5066.6001.1.11325,SAM.09.AKC.5066.6001.1,PM2.5,http://dd.eionet.europa.eu/vocabulary/aq/pollutant/6001,hour,13.0545005700,µg/m3,2018-10-07 00:00:00 +01:00,2018-10-07 01:00:00 +01:00,1,1
AT,AT.0008.20.AQ,NET.09,STA.09.AKC,,SPO.09.AKC.5066.6001.1,SPP.09.AKC.5066.6001.1.11325,SAM.09.AKC.5066.6001.1,PM2.5,http://dd.eionet.europa.eu/vocabulary/aq/pollutant/6001,hour,13.2950000700,µg/m3,2018-10-07 01:00:00 +01:00,2018-10-07 02:00:00 +01:00,1,1
AT,AT.0008.20.AQ,NET.09,STA.09.AKC,,SPO.09.AKC.5066.6001.1,SPP.09.AKC.5066.6001.1.11325,SAM.09.AKC.5066.6001.1,PM2.5,http://dd.eionet.europa.eu/vocabulary/aq/pollutant/6001,hour,12.9495000800,µg/m3,2018-10-07 02:00:00 +01:00,2018-10-07 03:00:00 +01:00,1,1
AT,AT.0008.20.AQ,NET.09,STA.09.AKC,,SPO.09.AKC.5066.6001.1,SPP.09.AKC.5066.6001.1.11325,SAM.09.AKC.5066.6001.1,PM2.5,http://dd.eionet.europa.eu/vocabulary/aq/pollutant/6001,hour,12.8485002500,µg/m3,2018-10-07 03:00:00 +01:00,2018-10-07 04:00:00 +01:00,1,1
AT,AT.0008.20.AQ,NET.09,STA.09.AKC,,SPO.09.AKC.5066.6001.1,SPP.09.AKC.5066.6001.1.11325,SAM.09.AKC.5066.6001.1,PM2.5,http://dd.eionet.europa.eu/vocabulary/aq/pollutant/6001,hour,14.2235002500,µg/m3,2018-10-07 04:00:00 +01:00,2018-10-07 05:00:00 +01:00,1,1
AT,AT.0008.20.AQ,NET.09,STA.09.AKC,,SPO.09.AKC.5066.6001.1,SPP.09.AKC.5066.6001.1.11325,SAM.09.AKC.5066.6001.1,PM2.5,http://dd.eionet.europa.eu/vocabulary/aq/pollutant/6001,hour,15.6595001200,µg/m3,2018-10-07 05:00:00 +01:00,2018-10-07 06:00:00 +01:00,1,1
AT,AT.0008.20.AQ,NET.09,STA.09.AKC,,SPO.09.AKC.5066.6001.1,SPP.09.AKC.5066.6001.1.11325,SAM.09.AKC.5066.6001.1,PM2.5,http://dd.eionet.europa.eu/vocabulary/aq/pollutant/6001,hour,25.2744998900,µg/m3,2018-10-07 07:00:00 +01:00,2018-10-07 08:00:00 +01:00,1,1
AT,AT.0008.20.AQ,NET.09,STA.09.AKC,,SPO.09.AKC.5066.6001.1,SPP.09.AKC.5066.6001.1.11325,SAM.09.AKC.5066.6001.1,PM2.5,http://dd.eionet.europa.eu/vocabulary/aq/pollutant/6001,hour,25.4575004500,µg/m3,2018-10-07 08:00:00 +01:00,2018-10-07 09:00:00 +01:00,1,1
AT,AT.0008.20.AQ,NET.09,STA.09.AKC,,SPO.09.AKC.5066.6001.1,SPP.09.AKC.5066.6001.1.11325,SAM.09.AKC.5066.6001.1,PM2.5,http://dd.eionet.europa.eu/vocabulary/aq/pollutant/6001,hour,25.3810005100,µg/m3,2018-10-07 09:00:00 +01:00,2018-10-07 10:00:00 +01:00,1,1
AT,AT.0008.20.AQ,NET.09,STA.09.AKC,,SPO.09.AKC.5066.6001.1,SPP.09.AKC.5066.6001.1.11325,SAM.09.AKC.5066.6001.1,PM2.5,http://dd.eionet.europa.eu/vocabulary/aq/pollutant/6001,hour,23.6905002500,µg/m3,2018-10-07 10:00:00 +01:00,2018-10-07 11:00:00 +01:00,1,1
AT,AT.0008.20.AQ,NET.09,STA.09.AKC,,SPO.09.AKC.5066.6001.1,SPP.09.AKC.5066.6001.1.11325,SAM.09.AKC.5066.6001.1,PM2.5,http://dd.eionet.europa.eu/vocabulary/aq/pollutant/6001,hour,18.4050006800,µg/m3,2018-10-07 11:00:00 +01:00,2018-10-07 12:00:00 +01:00,1,1
AT,AT.0008.20.AQ,NET.09,STA.09.AKC,,SPO.09.AKC.5066.6001.1,SPP.09.AKC.5066.6001.1.11325,SAM.09.AKC.5066.6001.1,PM2.5,http://dd.eionet.europa.eu/vocabulary/aq/pollutant/6001,hour,6.1531000100,µg/m3,2018-10-07 13:00:00 +01:00,2018-10-07 14:00:00 +01:00,1,1
AT,AT.0008.20.AQ,NET.09,STA.09.AKC,,SPO.09.AKC.5066.6001.1,SPP.09.AKC.5066.6001.1.11325,SAM.09.AKC.5066.6001.1,PM2.5,http://dd.eionet.europa.eu/vocabulary/aq/pollutant/6001,hour,6.2000498700,µg/m3,2018-10-07 15:00:00 +01:00,2018-10-07 16:00:00 +01:00,1,1
AT,AT.0008.20.AQ,NET.09,STA.09.AKC,,SPO.09.AKC.5066.6001.1,SPP.09.AKC.5066.6001.1.11325,SAM.09.AKC.5066.6001.1,PM2.5,http://dd.eionet.europa.eu/vocabulary/aq/pollutant/6001,hour,6.9089002600,µg/m3,2018-10-07 17:00:00 +01:00,2018-10-07 18:00:00 +01:00,1,1
AT,AT.0008.20.AQ,NET.09,STA.09.AKC,,SPO.09.AKC.5066.6001.1,SPP.09.AKC.5066.6001.1.11325,SAM.09.AKC.5066.6001.1,PM2.5,http://dd.eionet.europa.eu/vocabulary/aq/pollutant/6001,hour,11.2409992200,µg/m3,2018-10-07 22:00:00 +01:00,2018-10-07 23:00:00 +01:00,1,1
AT,AT.0008.20.AQ,NET.09,STA.09.AKC,,SPO.09.AKC.5066.6001.1,SPP.09.AKC.5066.6001.1.11325,SAM.09.AKC.5066.6001.1,PM2.5,http://dd.eionet.europa.eu/vocabulary/aq/pollutant/6001,hour,15.5614995900,µg/m3,2018-10-07 23:00:00 +01:00,2018-10-08 00:00:00 +01:00,1,1
AT,AT.0008.20.AQ,NET.09,STA.09.AKC,,SPO.09.AKC.5066.6001.1,SPP.09.AKC.5066.6001.1.11325,SAM.09.AKC.5066.6001.1,PM2.5,http://dd.eionet.europa.eu/vocabulary/aq/pollutant/6001,hour,30.1180000300,µg/m3,2018-10-08 01:00:00 +01:00,2018-10-08 02:00:00 +01:00,1,1
AT,AT.0008.20.AQ,NET.09,STA.09.AKC,,SPO.09.AKC.5066.6001.1,SPP.09.AKC.5066.6001.1.11325,SAM.09.AKC.5066.6001.1,PM2.5,http://dd.eionet.europa.eu/vocabulary/aq/pollutant/6001,hour,15.3959999000,µg/m3,2018-10-08 04:00:00 +01:00,2018-10-08 05:00:00 +01:00,1,1
AT,AT.0008.20.AQ,NET.09,STA.09.AKC,,SPO.09.AKC.5066.6001.1,SPP.09.AKC.5066.6001.1.11325,SAM.09.AKC.5066.6001.1,PM2.5,http://dd.eionet.europa.eu/vocabulary/aq/pollutant/6001,hour,12.2740001600,µg/m3,2018-10-08 05:00:00 +01:00,2018-10-08 06:00:00 +01:00,1,1
AT,AT.0008.20.AQ,NET.09,STA.09.AKC,,SPO.09.AKC.5066.6001.1,SPP.09.AKC.5066.6001.1.11325,SAM.09.AKC.5066.6001.1,PM2.5,http://dd.eionet.europa.eu/vocabulary/aq/pollutant/6001,hour,11.6840000100,µg/m3,2018-10-08 06:00:00 +01:00,2018-10-08 07:00:00 +01:00,1,1
AT,AT.0008.20.AQ,NET.09,STA.09.AKC,,SPO.09.AKC.5066.6001.1,SPP.09.AKC.5066.6001.1.11325,SAM.09.AKC.5066.6001.1,PM2.5,http://dd.eionet.europa.eu/vocabulary/aq/pollutant/6001,hour,10.8015003200,µg/m3,2018-10-08 07:00:00 +01:00,2018-10-08 08:00:00 +01:00,1,1
AT,AT.0008.20.AQ,NET.09,STA.09.AKC,,SPO.09.AKC.5066.6001.1,SPP.09.AKC.5066.6001.1.11325,SAM.09.AKC.5066.6001.1,PM2.5,http://dd.eionet.europa.eu/vocabulary/aq/pollutant/6001,hour,11.9965000100,µg/m3,2018-10-08 09:00:00 +01:00,2018-10-08 10:00:00 +01:00,1,1
AT,AT.0008.20.AQ,NET.09,STA.09.AKC,,SPO.09.AKC.5066.6001.1,SPP.09.AKC.5066.6001.1.11325,SAM.09.AKC.5066.6001.1,PM2.5,http://dd.eionet.europa.eu/vocabulary/aq/pollutant/6001,hour,12.8670005700,µg/m3,2018-10-08 10:00:00 +01:00,2018-10-08 11:00:00 +01:00,1,1
AT,AT.0008.20.AQ,NET.09,STA.09.AKC,,SPO.09.AKC.5066.6001.1,SPP.09.AKC.5066.6001.1.11325,SAM.09.AKC.5066.6001.1,PM2.5,http://dd.eionet.europa.eu/vocabulary/aq/pollutant/6001,hour,12.9984998700,µg/m3,2018-10-08 11:00:00 +01:00,2018-10-08 12:00:00 +01:00,1,1
AT,AT.0008.20.AQ,NET.09,STA.09.AKC,,SPO.09.AKC.5066.6001.1,SPP.09.AKC.5066.6001.1.11325,SAM.09.AKC.5066.6001.1,PM2.5,http://dd.eionet.europa.eu/vocabulary/aq/pollutant/6001,hour,15.5120000800,µg/m3,2018-10-08 13:00:00 +01:00,2018-10-08 14:00:00 +01:00,1,1
AT,AT.0008.20.AQ,NET.09,STA.09.AKC,,SPO.09.AKC.5066.6001.1,SPP.09.AKC.5066.6001.1.11325,SAM.09.AKC.5066.6001.1,PM2.5,http://dd.eionet.europa.eu/vocabulary/aq/pollutant/6001,hour,15.9025001500,µg/m3,2018-10-08 14:00:00 +01:00,2018-10-08 15:00:00 +01:00,1,1
AT,AT.0008.20.AQ,NET.09,STA.09.AKC,,SPO.09.AKC.5066.6001.1,SPP.09.AKC.5066.6001.1.11325,SAM.09.AKC.5066.6001.1,PM2.5,http://dd.eionet.europa.eu/vocabulary/aq/pollutant/6001,hour,16.2329998000,µg/m3,2018-10-08 15:00:00 +01:00,2018-10-08 16:00:00 +01:00,1,1
AT,AT.0008.20.AQ,NET.09,STA.09.AKC,,SPO.09.AKC.5066.6001.1,SPP.09.AKC.5066.6001.1.11325,SAM.09.AKC.5066.6001.1,PM2.5,http://dd.eionet.europa.eu/vocabulary/aq/pollutant/6001,hour,16.9790000900,µg/m3,2018-10-08 16:00:00 +01:00,2018-10-08 17:00:00 +01:00,1,1
AT,AT.0008.20.AQ,NET.09,STA.09.AKC,,SPO.09.AKC.5066.6001.1,SPP.09.AKC.5066.6001.1.11325,SAM.09.AKC.5066.6001.1,PM2.5,http://dd.eionet.europa.eu/vocabulary/aq/pollutant/6001,hour,23.3624992300,µg/m3,2018-10-08 19:00:00 +01:00,2018-10-08 20:00:00 +01:00,1,1
AT,AT.0008.20.AQ,NET.09,STA.09.AKC,,SPO.09.AKC.5066.6001.1,SPP.09.AKC.5066.6001.1.11325,SAM.09.AKC.5066.6001.1,PM2.5,http://dd.eionet.europa.eu/vocabulary/aq/pollutant/6001,hour,22.9689998600,µg/m3,2018-10-08 20:00:00 +01:00,2018-10-08 21:00:00 +01:00,1,1
AT,AT.0008.20.AQ,NET.09,STA.09.AKC,,SPO.09.AKC.5066.6001.1,SPP.09.AKC.5066.6001.1.11325,SAM.09.AKC.5066.6001.1,PM2.5,http://dd.eionet.europa.eu/vocabulary/aq/pollutant/6001,hour,23.1030006400,µg/m3,2018-10-08 22:00:00 +01:00,2018-10-08 23:00:00 +01:00,1,1
AT,AT.0008.20.AQ,NET.09,STA.09.AKC,,SPO.09.AKC.5066.6001.1,SPP.09.AKC.5066.6001.1.11325,SAM.09.AKC.5066.6001.1,PM2.5,http://dd.eionet.europa.eu/vocabulary/aq/pollutant/6001,hour,21.5475006100,µg/m3,2018-10-08 23:00:00 +01:00,2018-10-09 00:00:00 +01:00,1,1
AT,AT.0008.20.AQ,NET.09,STA.09.AKC,,SPO.09.AKC.5066.6001.1,SPP.09.AKC.5066.6001.1.11325,SAM.09.AKC.5066.6001.1,PM2.5,http://dd.eionet.europa.eu/vocabulary/aq/pollutant/6001,hour,20.7255001000,µg/m3,2018-10-09 00:00:00 +01:00,2018-10-09 01:00:00 +01:00,1,1
AT,AT.0008.20.AQ,NET.09,STA.09.AKC,,SPO.09.AKC.5066.6001.1,SPP.09.AKC.5066.6001.1.11325,SAM.09.AKC.5066.6001.1,PM2.5,http://dd.eionet.europa.eu/vocabulary/aq/pollutant/6001,hour,19.9099998400,µg/m3,2018-10-09 03:00:00 +01:00,2018-10-09 04:00:00 +01:00,1,1
AT,AT.0008.20.AQ,NET.09,STA.09.AKC,,SPO.09.AKC.5066.6001.1,SPP.09.AKC.5066.6001.1.11325,SAM.09.AKC.5066.6001.1,PM2.5,http://dd.eionet.europa.eu/vocabulary/aq/pollutant/6001,hour,19.8600006100,µg/m3,2018-10-09 04:00:00 +01:00,2018-10-09 05:00:00 +01:00,1,1
AT,AT.0008.20.AQ,NET.09,STA.09.AKC,,SPO.09.AKC.5066.6001.1,SPP.09.AKC.5066.6001.1.11325,SAM.09.AKC.5066.6001.1,PM2.5,http://dd.eionet.europa.eu/vocabulary/aq/pollutant/6001,hour,21.9910011200,µg/m3,2018-10-09 05:00:00 +01:00,2018-10-09 06:00:00 +01:00,1,1
AT,AT.0008.20.AQ,NET.09,STA.09.AKC,,SPO.09.AKC.5066.6001.1,SPP.09.AKC.5066.6001.1.11325,SAM.09.AKC.5066.6001.1,PM2.5,http://dd.eionet.europa.eu/vocabulary/aq/pollutant/6001,hour,25.4225006100,µg/m3,2018-10-09 06:00:00 +01:00,2018-10-09 07:00:00 +01:00,1,1
AT,AT.0008.20.AQ,NET.09,STA.09.AKC,,SPO.09.AKC.5066.6001.1,SPP.09.AKC.5066.6001.1.11325,SAM.09.AKC.5066.6001.1,PM2.5,http://dd.eionet.europa.eu/vocabulary/aq/pollutant/6001,hour,29.4490013100,µg/m3,2018-10-09 08:00:00 +01:00,2018-10-09 09:00:00 +01:00,1,1
AT,AT.0008.20.AQ,NET.09,STA.09.AKC,,SPO.09.AKC.5066.6001.1,SPP.09.AKC.5066.6001.1.11325,SAM.09.AKC.5066.6001.1,PM2.5,http://dd.eionet.europa.eu/vocabulary/aq/pollutant/6001,hour,31.3115005400,µg/m3,2018-10-09 09:00:00 +01:00,2018-10-09 10:00:00 +01:00,1,1
AT,AT.0008.20.AQ,NET.09,STA.09.AKC,,SPO.09.AKC.5066.6001.1,SPP.09.AKC.5066.6001.1.11325,SAM.09.AKC.5066.6001.1,PM2.5,http://dd.eionet.europa.eu/vocabulary/aq/pollutant/6001,hour,33.4710006700,µg/m3,2018-10-09 10:00:00 +01:00,2018-10-09 11:00:00 +01:00,1,1
AT,AT.0008.20.AQ,NET.09,STA.09.AKC,,SPO.09.AKC.5066.6001.1,SPP.09.AKC.5066.6001.1.11325,SAM.09.AKC.5066.6001.1,PM2.5,http://dd.eionet.europa.eu/vocabulary/aq/pollutant/6001,hour,32.1299972500,µg/m3,2018-10-09 12:00:00 +01:00,2018-10-09 13:00:00 +01:00,1,1
AT,AT.0008.20.AQ,NET.09,STA.09.AKC,,SPO.09.AKC.5066.6001.1,SPP.09.AKC.5066.6001.1.11325,SAM.09.AKC.5066.6001.1,PM2.5,http://dd.eionet.europa.eu/vocabulary/aq/pollutant/6001,hour,21.4285011200,µg/m3,2018-10-09 16:00:00 +01:00,2018-10-09 17:00:00 +01:00,1,1
AT,AT.0008.20.AQ,NET.09,STA.09.AKC,,SPO.09.AKC.5066.6001.1,SPP.09.AKC.5066.6001.1.11325,SAM.09.AKC.5066.6001.1,PM2.5,http://dd.eionet.europa.eu/vocabulary/aq/pollutant/6001,hour,24.0854988000,µg/m3,2018-10-09 17:00:00 +01:00,2018-10-09 18:00:00 +01:00,1,1
AT,AT.0008.20.AQ,NET.09,STA.09.AKC,,SPO.09.AKC.5066.6001.1,SPP.09.AKC.5066.6001.1.11325,SAM.09.AKC.5066.6001.1,PM2.5,http://dd.eionet.europa.eu/vocabulary/aq/pollutant/6001,hour,26.4020004200,µg/m3,2018-10-09 18:00:00 +01:00,2018-10-09 19:00:00 +01:00,1,1
AT,AT.0008.20.AQ,NET.09,STA.09.AKC,,SPO.09.AKC.5066.6001.1,SPP.09.AKC.5066.6001.1.11325,SAM.09.AKC.5066.6001.1,PM2.5,http://dd.eionet.europa.eu/vocabulary/aq/pollutant/6001,hour,28.2029991100,µg/m3,2018-10-09 19:00:00 +01:00,2018-10-09 20:00:00 +01:00,1,1
AT,AT.0008.20.AQ,NET.09,STA.09.AKC,,SPO.09.AKC.5066.6001.1,SPP.09.AKC.5066.6001.1.11325,SAM.09.AKC.5066.6001.1,PM2.5,http://dd.eionet.europa.eu/vocabulary/aq/pollutant/6001,hour,30.7239990200,µg/m3,2018-10-09 20:00:00 +01:00,2018-10-09 21:00:00 +01:00,1,1
AT,AT.0008.20.AQ,NET.09,STA.09.AKC,,SPO.09.AKC.5066.6001.1,SPP.09.AKC.5066.6001.1.11325,SAM.09.AKC.5066.6001.1,PM2.5,http://dd.eionet.europa.eu/vocabulary/aq/pollutant/6001,hour,33.9714965800,µg/m3,2018-10-09 22:00:00 +01:00,2018-10-09 23:00:00 +01:00,1,1
AT,AT.0008.20.AQ,NET.09,STA.09.AKC,,SPO.09.AKC.5066.6001.1,SPP.09.AKC.5066.6001.1.11325,SAM.09.AKC.5066.6001.1,PM2.5,http://dd.eionet.europa.eu/vocabulary/aq/pollutant/6001,hour,33.6944999600,µg/m3,2018-10-10 00:00:00 +01:00,2018-10-10 01:00:00 +01:00,1,1
AT,AT.0008.20.AQ,NET.09,STA.09.AKC,,SPO.09.AKC.5066.6001.1,SPP.09.AKC.5066.6001.1.11325,SAM.09.AKC.5066.6001.1,PM2.5,http://dd.eionet.europa.eu/vocabulary/aq/pollutant/6001,hour,33.0224990800,µg/m3,2018-10-10 01:00:00 +01:00,2018-10-10 02:00:00 +01:00,1,1
AT,AT.0008.20.AQ,NET.09,STA.09.AKC,,SPO.09.AKC.5066.6001.1,SPP.09.AKC.5066.6001.1.11325,SAM.09.AKC.5066.6001.1,PM2.5,http://dd.eionet.europa.eu/vocabulary/aq/pollutant/6001,hour,32.9680023100,µg/m3,2018-10-10 02:00:00 +01:00,2018-10-10 03:00:00 +01:00,1,1
AT,AT.0008.20.AQ,NET.09,STA.09.AKC,,SPO.09.AKC.5066.6001.1,SPP.09.AKC.5066.6001.1.11325,SAM.09.AKC.5066.6001.1,PM2.5,http://dd.eionet.europa.eu/vocabulary/aq/pollutant/6001,hour,33.7604980400,µg/m3,2018-10-10 03:00:00 +01:00,2018-10-10 04:00:00 +01:00,1,1
AT,AT.0008.20.AQ,NET.09,STA.09.AKC,,SPO.09.AKC.5066.6001.1,SPP.09.AKC.5066.6001.1.11325,SAM.09.AKC.5066.6001.1,PM2.5,http://dd.eionet.europa.eu/vocabulary/aq/pollutant/6001,hour,38.4140014600,µg/m3,2018-10-10 05:00:00 +01:00,2018-10-10 06:00:00 +01:00,1,1
AT,AT.0008.20.AQ,NET.09,STA.09.AKC,,SPO.09.AKC.5066.6001.1,SPP.09.AKC.5066.6001.1.11325,SAM.09.AKC.5066.6001.1,PM2.5,http://dd.eionet.europa.eu/vocabulary/aq/pollutant/6001,hour,35.0445022500,µg/m3,2018-10-10 10:00:00 +01:00,2018-10-10 11:00:00 +01:00,1,1
AT,AT.0008.20.AQ,NET.09,STA.09.AKC,,SPO.09.AKC.5066.6001.1,SPP.09.AKC.5066.6001.1.11325,SAM.09.AKC.5066.6001.1,PM2.5,http://dd.eionet.europa.eu/vocabulary/aq/pollutant/6001,hour,17.2084999000,µg/m3,2018-10-10 12:00:00 +01:00,2018-10-10 13:00:00 +01:00,1,1
AT,AT.0008.20.AQ,NET.09,STA.09.AKC,,SPO.09.AKC.5066.6001.1,SPP.09.AKC.5066.6001.1.11325,SAM.09.AKC.5066.6001.1,PM2.5,http://dd.eionet.europa.eu/vocabulary/aq/pollutant/6001,hour,17.8055000300,µg/m3,2018-10-10 13:00:00 +01:00,2018-10-10 14:00:00 +01:00,1,1
AT,AT.0008.20.AQ,NET.09,STA.09.AKC,,SPO.09.AKC.5066.6001.1,SPP.09.AKC.5066.6001.1.11325,SAM.09.AKC.5066.6001.1,PM2.5,http://dd.eionet.europa.eu/vocabulary/aq/pollutant/6001,hour,17.3750000000,µg/m3,2018-10-10 14:00:00 +01:00,2018-10-10 15:00:00 +01:00,1,1
AT,AT.0008.20.AQ,NET.09,STA.09.AKC,,SPO.09.AKC.5066.6001.1,SPP.09.AKC.5066.6001.1.11325,SAM.09.AKC.5066.6001.1,PM2.5,http://dd.eionet.europa.eu/vocabulary/aq/pollutant/6001,hour,16.3074989300,µg/m3,2018-10-10 15:00:00 +01:00,2018-10-10 16:00:00 +01:00,1,1
AT,AT.0008.20.AQ,NET.09,STA.09.AKC,,SPO.09.AKC.5066.6001.1,SPP.09.AKC.5066.6001.1.11325,SAM.09.AKC.5066.6001.1,PM2.5,http://dd.eionet.europa.eu/vocabulary/aq/pollutant/6001,hour,18.6700000700,µg/m3,2018-10-10 16:00:00 +01:00,2018-10-10 17:00:00 +01:00,1,1
AT,AT.0008.20.AQ,NET.09,STA.09.AKC,,SPO.09.AKC.5066.6001.1,SPP.09.AKC.5066.6001.1.11325,SAM.09.AKC.5066.6001.1,PM2.5,http://dd.eionet.europa.eu/vocabulary/aq/pollutant/6001,hour,26.0230007100,µg/m3,2018-10-10 18:00:00 +01:00,2018-10-10 19:00:00 +01:00,1,1
AT,AT.0008.20.AQ,NET.09,STA.09.AKC,,SPO.09.AKC.5066.6001.1,SPP.09.AKC.5066.6001.1.11325,SAM.09.AKC.5066.6001.1,PM2.5,http://dd.eionet.europa.eu/vocabulary/aq/pollutant/6001,hour,26.4720001200,µg/m3,2018-10-10 20:00:00 +01:00,2018-10-10 21:00:00 +01:00,1,1
AT,AT.0008.20.AQ,NET.09,STA.09.AKC,,SPO.09.AKC.5066.6001.1,SPP.09.AKC.5066.6001.1.11325,SAM.09.AKC.5066.6001.1,PM2.5,http://dd.eionet.europa.eu/vocabulary/aq/pollutant/6001,hour,27.5319995800,µg/m3,2018-10-10 21:00:00 +01:00,2018-10-10 22:00:00 +01:00,1,1
AT,AT.0008.20.AQ,NET.09,STA.09.AKC,,SPO.09.AKC.5066.6001.1,SPP.09.AKC.5066.6001.1.11325,SAM.09.AKC.5066.6001.1,PM2.5,http://dd.eionet.europa.eu/vocabulary/aq/pollutant/6001,hour,28.2905006400,µg/m3,2018-10-10 22:00:00 +01:00,2018-10-10 23:00:00 +01:00,1,1
AT,AT.0008.20.AQ,NET.09,STA.09.AKC,,SPO.09.AKC.5066.6001.1,SPP.09.AKC.5066.6001.1.11325,SAM.09.AKC.5066.6001.1,PM2.5,http://dd.eionet.europa.eu/vocabulary/aq/pollutant/6001,hour,28.8190002400,µg/m3,2018-10-11 00:00:00 +01:00,2018-10-11 01:00:00 +01:00,1,1
AT,AT.0008.20.AQ,NET.09,STA.09.AKC,,SPO.09.AKC.5066.6001.1,SPP.09.AKC.5066.6001.1.11325,SAM.09.AKC.5066.6001.1,PM2.5,http://dd.eionet.europa.eu/vocabulary/aq/pollutant/6001,hour,30.9165000900,µg/m3,2018-10-11 02:00:00 +01:00,2018-10-11 03:00:00 +01:00,1,1
AT,AT.0008.20.AQ,NET.09,STA.09.AKC,,SPO.09.AKC.5066.6001.1,SPP.09.AKC.5066.6001.1.11325,SAM.09.AKC.5066.6001.1,PM2.5,http://dd.eionet.europa.eu/vocabulary/aq/pollutant/6001,hour,33.7050018300,µg/m3,2018-10-11 04:00:00 +01:00,2018-10-11 05:00:00 +01:00,1,1
AT,AT.0008.20.AQ,NET.09,STA.09.AKC,,SPO.09.AKC.5066.6001.1,SPP.09.AKC.5066.6001.1.11325,SAM.09.AKC.5066.6001.1,PM2.5,http://dd.eionet.europa.eu/vocabulary/aq/pollutant/6001,hour,30.8680000300,µg/m3,2018-10-11 10:00:00 +01:00,2018-10-11 11:00:00 +01:00,1,1
AT,AT.0008.20.AQ,NET.09,STA.09.AKC,,SPO.09.AKC.5066.6001.1,SPP.09.AKC.5066.6001.1.11325,SAM.09.AKC.5066.6001.1,PM2.5,http://dd.eionet.europa.eu/vocabulary/aq/pollutant/6001,hour,19.0450000700,µg/m3,2018-10-11 16:00:00 +01:00,2018-10-11 17:00:00 +01:00,1,1
AT,AT.0008.20.AQ,NET.09,STA.09.AKC,,SPO.09.AKC.5066.6001.1,SPP.09.AKC.5066.6001.1.11325,SAM.09.AKC.5066.6001.1,PM2.5,http://dd.eionet.europa.eu/vocabulary/aq/pollutant/6001,hour,18.7159996000,µg/m3,2018-10-11 17:00:00 +01:00,2018-10-11 18:00:00 +01:00,1,1
AT,AT.0008.20.AQ,NET.09,STA.09.AKC,,SPO.09.AKC.5066.6001.1,SPP.09.AKC.5066.6001.1.11325,SAM.09.AKC.5066.6001.1,PM2.5,http://dd.eionet.europa.eu/vocabulary/aq/pollutant/6001,hour,19.2034988400,µg/m3,2018-10-11 18:00:00 +01:00,2018-10-11 19:00:00 +01:00,1,1
AT,AT.0008.20.AQ,NET.09,STA.09.AKC,,SPO.09.AKC.5066.6001.1,SPP.09.AKC.5066.6001.1.11325,SAM.09.AKC.5066.6001.1,PM2.5,http://dd.eionet.europa.eu/vocabulary/aq/pollutant/6001,hour,20.2719993500,µg/m3,2018-10-11 19:00:00 +01:00,2018-10-11 20:00:00 +01:00,1,1
AT,AT.0008.20.AQ,NET.09,STA.09.AKC,,SPO.09.AKC.5066.6001.1,SPP.09.AKC.5066.6001.1.11325,SAM.09.AKC.5066.6001.1,PM2.5,http://dd.eionet.europa.eu/vocabulary/aq/pollutant/6001,hour,22.0585002800,µg/m3,2018-10-11 20:00:00 +01:00,2018-10-11 21:00:00 +01:00,1,1
AT,AT.0008.20.AQ,NET.09,STA.09.AKC,,SPO.09.AKC.5066.6001.1,SPP.09.AKC.5066.6001.1.11325,SAM.09.AKC.5066.6001.1,PM2.5,http://dd.eionet.europa.eu/vocabulary/aq/pollutant/6001,hour,25.9290008500,µg/m3,2018-10-12 01:00:00 +01:00,2018-10-12 02:00:00 +01:00,1,1
AT,AT.0008.20.AQ,NET.09,STA.09.AKC,,SPO.09.AKC.5066.6001.1,SPP.09.AKC.5066.6001.1.11325,SAM.09.AKC.5066.6001.1,PM2.5,http://dd.eionet.europa.eu/vocabulary/aq/pollutant/6001,hour,27.0079994200,µg/m3,2018-10-12 03:00:00 +01:00,2018-10-12 04:00:00 +01:00,1,1
AT,AT.0008.20.AQ,NET.09,STA.09.AKC,,SPO.09.AKC.5066.6001.1,SPP.09.AKC.5066.6001.1.11325,SAM.09.AKC.5066.6001.1,PM2.5,http://dd.eionet.europa.eu/vocabulary/aq/pollutant/6001,hour,29.7294998100,µg/m3,2018-10-12 06:00:00 +01:00,2018-10-12 07:00:00 +01:00,1,1
AT,AT.0008.20.AQ,NET.09,STA.09.AKC,,SPO.09.AKC.5066.6001.1,SPP.09.AKC.5066.6001.1.11325,SAM.09.AKC.5066.6001.1,PM2.5,http://dd.eionet.europa.eu/vocabulary/aq/pollutant/6001,hour,33.9770011900,µg/m3,2018-10-12 09:00:00 +01:00,2018-10-12 10:00:00 +01:00,1,1
AT,AT.0008.20.AQ,NET.09,STA.09.AKC,,SPO.09.AKC.5066.6001.1,SPP.09.AKC.5066.6001.1.11325,SAM.09.AKC.5066.6001.1,PM2.5,http://dd.eionet.europa.eu/vocabulary/aq/pollutant/6001,hour,25.0834999000,µg/m3,2018-10-12 10:00:00 +01:00,2018-10-12 11:00:00 +01:00,1,1
AT,AT.0008.20.AQ,NET.09,STA.09.AKC,,SPO.09.AKC.5066.6001.1,SPP.09.AKC.5066.6001.1.11325,SAM.09.AKC.5066.6001.1,PM2.5,http://dd.eionet.europa.eu/vocabulary/aq/pollutant/6001,hour,19.2924995400,µg/m3,2018-10-12 11:00:00 +01:00,2018-10-12 12:00:00 +01:00,1,1
AT,AT.0008.20.AQ,NET.09,STA.09.AKC,,SPO.09.AKC.5066.6001.1,SPP.09.AKC.5066.6001.1.11325,SAM.09.AKC.5066.6001.1,PM2.5,http://dd.eionet.europa.eu/vocabulary/aq/pollutant/6001,hour,18.7684993700,µg/m3,2018-10-12 12:00:00 +01:00,2018-10-12 13:00:00 +01:00,1,1
AT,AT.0008.20.AQ,NET.09,STA.09.AKC,,SPO.09.AKC.5066.6001.1,SPP.09.AKC.5066.6001.1.11325,SAM.09.AKC.5066.6001.1,PM2.5,http://dd.eionet.europa.eu/vocabulary/aq/pollutant/6001,hour,15.9414997100,µg/m3,2018-10-12 14:00:00 +01:00,2018-10-12 15:00:00 +01:00,1,1
AT,AT.0008.20.AQ,NET.09,STA.09.AKC,,SPO.09.AKC.5066.6001.1,SPP.09.AKC.5066.6001.1.11325,SAM.09.AKC.5066.6001.1,PM2.5,http://dd.eionet.europa.eu/vocabulary/aq/pollutant/6001,hour,15.5209999000,µg/m3,2018-10-12 15:00:00 +01:00,2018-10-12 16:00:00 +01:00,1,1
AT,AT.0008.20.AQ,NET.09,STA.09.AKC,,SPO.09.AKC.5066.6001.1,SPP.09.AKC.5066.6001.1.11325,SAM.09.AKC.5066.6001.1,PM2.5,http://dd.eionet.europa.eu/vocabulary/aq/pollutant/6001,hour,16.0115013100,µg/m3,2018-10-12 16:00:00 +01:00,2018-10-12 17:00:00 +01:00,1,1
AT,AT.0008.20.AQ,NET.09,STA.09.AKC,,SPO.09.AKC.5066.6001.1,SPP.09.AKC.5066.6001.1.11325,SAM.09.AKC.5066.6001.1,PM2.5,http://dd.eionet.europa.eu/vocabulary/aq/pollutant/6001,hour,18.4744987400,µg/m3,2018-10-12 17:00:00 +01:00,2018-10-12 18:00:00 +01:00,1,1
AT,AT.0008.20.AQ,NET.09,STA.09.AKC,,SPO.09.AKC.5066.6001.1,SPP.09.AKC.5066.6001.1.11325,SAM.09.AKC.5066.6001.1,PM2.5,http://dd.eionet.europa.eu/vocabulary/aq/pollutant/6001,hour,21.2590007700,µg/m3,2018-10-12 18:00:00 +01:00,2018-10-12 19:00:00 +01:00,1,1
AT,AT.0008.20.AQ,NET.09,STA.09.AKC,,SPO.09.AKC.5066.6001.1,SPP.09.AKC.5066.6001.1.11325,SAM.09.AKC.5066.6001.1,PM2.5,http://dd.eionet.europa.eu/vocabulary/aq/pollutant/6001,hour,23.2400016700,µg/m3,2018-10-12 19:00:00 +01:00,2018-10-12 20:00:00 +01:00,1,1
AT,AT.0008.20.AQ,NET.09,STA.09.AKC,,SPO.09.AKC.5066.6001.1,SPP.09.AKC.5066.6001.1.11325,SAM.09.AKC.5066.6001.1,PM2.5,http://dd.eionet.europa.eu/vocabulary/aq/pollutant/6001,hour,23.4135017300,µg/m3,2018-10-12 20:00:00 +01:00,2018-10-12 21:00:00 +01:00,1,1
AT,AT.0008.20.AQ,NET.09,STA.09.AKC,,SPO.09.AKC.5066.6001.1,SPP.09.AKC.5066.6001.1.11325,SAM.09.AKC.5066.6001.1,PM2.5,http://dd.eionet.europa.eu/vocabulary/aq/pollutant/6001,hour,25.6614990200,µg/m3,2018-10-12 21:00:00 +01:00,2018-10-12 22:00:00 +01:00,1,1
AT,AT.0008.20.AQ,NET.09,STA.09.AKC,,SPO.09.AKC.5066.6001.1,SPP.09.AKC.5066.6001.1.11325,SAM.09.AKC.5066.6001.1,PM2.5,http://dd.eionet.europa.eu/vocabulary/aq/pollutant/6001,hour,26.8514995500,µg/m3,2018-10-12 23:00:00 +01:00,2018-10-13 00:00:00 +01:00,1,1
AT,AT.0008.20.AQ,NET.09,STA.09.AKC,,SPO.09.AKC.5066.6001.1,SPP.09.AKC.5066.6001.1.11325,SAM.09.AKC.5066.6001.1,PM2.5,http://dd.eionet.europa.eu/vocabulary/aq/pollutant/6001,hour,27.3535003600,µg/m3,2018-10-13 00:00:00 +01:00,2018-10-13 01:00:00 +01:00,1,1
AT,AT.0008.20.AQ,NET.09,STA.09.AKC,,SPO.09.AKC.5066.6001.1,SPP.09.AKC.5066.6001.1.11325,SAM.09.AKC.5066.6001.1,PM2.5,http://dd.eionet.europa.eu/vocabulary/aq/pollutant/6001,hour,27.0380001000,µg/m3,2018-10-13 02:00:00 +01:00,2018-10-13 03:00:00 +01:00,1,1
AT,AT.0008.20.AQ,NET.09,STA.09.AKC,,SPO.09.AKC.5066.6001.1,SPP.09.AKC.5066.6001.1.11325,SAM.09.AKC.5066.6001.1,PM2.5,http://dd.eionet.europa.eu/vocabulary/aq/pollutant/6001,hour,27.8129997200,µg/m3,2018-10-13 03:00:00 +01:00,2018-10-13 04:00:00 +01:00,1,1
AT,AT.0008.20.AQ,NET.09,STA.09.AKC,,SPO.09.AKC.5066.6001.1,SPP.09.AKC.5066.6001.1.11325,SAM.09.AKC.5066.6001.1,PM2.5,http://dd.eionet.europa.eu/vocabulary/aq/pollutant/6001,hour,28.2239990200,µg/m3,2018-10-13 04:00:00 +01:00,2018-10-13 05:00:00 +01:00,1,1
AT,AT.0008.20.AQ,NET.09,STA.09.AKC,,SPO.09.AKC.5066.6001.1,SPP.09.AKC.5066.6001.1.11325,SAM.09.AKC.5066.6001.1,PM2.5,http://dd.eionet.europa.eu/vocabulary/aq/pollutant/6001,hour,31.9425010600,µg/m3,2018-10-13 06:00:00 +01:00,2018-10-13 07:00:00 +01:00,1,1
AT,AT.0008.20.AQ,NET.09,STA.09.AKC,,SPO.09.AKC.5066.6001.1,SPP.09.AKC.5066.6001.1.11325,SAM.09.AKC.5066.6001.1,PM2.5,http://dd.eionet.europa.eu/vocabulary/aq/pollutant/6001,hour,33.5385017300,µg/m3,2018-10-13 07:00:00 +01:00,2018-10-13 08:00:00 +01:00,1,1
AT,AT.0008.20.AQ,NET.09,STA.09.AKC,,SPO.09.AKC.5066.6001.1,SPP.09.AKC.5066.6001.1.11325,SAM.09.AKC.5066.6001.1,PM2.5,http://dd.eionet.europa.eu/vocabulary/aq/pollutant/6001,hour,33.4235000600,µg/m3,2018-10-13 08:00:00 +01:00,2018-10-13 09:00:00 +01:00,1,1
AT,AT.0008.20.AQ,NET.09,STA.09.AKC,,SPO.09.AKC.5066.6001.1,SPP.09.AKC.5066.6001.1.11325,SAM.09.AKC.5066.6001.1,PM2.5,http://dd.eionet.europa.eu/vocabulary/aq/pollutant/6001,hour,30.4900016700,µg/m3,2018-10-13 10:00:00 +01:00,2018-10-13 11:00:00 +01:00,1,1
AT,AT.0008.20.AQ,NET.09,STA.09.AKC,,SPO.09.AKC.5066.6001.1,SPP.09.AKC.5066.6001.1.11325,SAM.09.AKC.5066.6001.1,PM2.5,http://dd.eionet.europa.eu/vocabulary/aq/pollutant/6001,hour,26.2070007300,µg/m3,2018-10-13 11:00:00 +01:00,2018-10-13 12:00:00 +01:00,1,1
AT,AT.0008.20.AQ,NET.09,STA.09.AKC,,SPO.09.AKC.5066.6001.1,SPP.09.AKC.5066.6001.1.11325,SAM.09.AKC.5066.6001.1,PM2.5,http://dd.eionet.europa.eu/vocabulary/aq/pollutant/6001,hour,23.7945003500,µg/m3,2018-10-13 12:00:00 +01:00,2018-10-13 13:00:00 +01:00,1,1
AT,AT.0008.20.AQ,NET.09,STA.09.AKC,,SPO.09.AKC.5066.6001.1,SPP.09.AKC.5066.6001.1.11325,SAM.09.AKC.5066.6001.1,PM2.5,http://dd.eionet.europa.eu/vocabulary/aq/pollutant/6001,hour,23.4319992000,µg/m3,2018-10-13 13:00:00 +01:00,2018-10-13 14:00:00 +01:00,1,1
AT,AT.0008.20.AQ,NET.09,STA.09.AKC,,SPO.09.AKC.5066.6001.1,SPP.09.AKC.5066.6001.1.11325,SAM.09.AKC.5066.6001.1,PM2.5,http://dd.eionet.europa.eu/vocabulary/aq/pollutant/6001,hour,21.4064998600,µg/m3,2018-10-13 14:00:00 +01:00,2018-10-13 15:00:00 +01:00,1,1
AT,AT.0008.20.AQ,NET.09,STA.09.AKC,,SPO.09.AKC.5066.6001.1,SPP.09.AKC.5066.6001.1.11325,SAM.09.AKC.5066.6001.1,PM2.5,http://dd.eionet.europa.eu/vocabulary/aq/pollutant/6001,hour,16.5424995400,µg/m3,2018-10-13 15:00:00 +01:00,2018-10-13 16:00:00 +01:00,1,1
AT,AT.0008.20.AQ,NET.09,STA.09.AKC,,SPO.09.AKC.5066.6001.1,SPP.09.AKC.5066.6001.1.11325,SAM.09.AKC.5066.6001.1,PM2.5,http://dd.eionet.europa.eu/vocabulary/aq/pollutant/6001,hour,16.7299995400,µg/m3,2018-10-13 16:00:00 +01:00,2018-10-13 17:00:00 +01:00,1,1
AT,AT.0008.20.AQ,NET.09,STA.09.AKC,,SPO.09.AKC.5066.6001.1,SPP.09.AKC.5066.6001.1.11325,SAM.09.AKC.5066.6001.1,PM2.5,http://dd.eionet.europa.eu/vocabulary/aq/pollutant/6001,hour,18.0974998400,µg/m3,2018-10-13 17:00:00 +01:00,2018-10-13 18:00:00 +01:00,1,1
AT,AT.0008.20.AQ,NET.09,STA.09.AKC,,SPO.09.AKC.5066.6001.1,SPP.09.AKC.5066.6001.1.11325,SAM.09.AKC.5066.6001.1,PM2.5,http://dd.eionet.europa.eu/vocabulary/aq/pollutant/6001,hour,18.7695007300,µg/m3,2018-10-13 18:00:00 +01:00,2018-10-13 19:00:00 +01:00,1,1
AT,AT.0008.20.AQ,NET.09,STA.09.AKC,,SPO.09.AKC.5066.6001.1,SPP.09.AKC.5066.6001.1.11325,SAM.09.AKC.5066.6001.1,PM2.5,http://dd.eionet.europa.eu/vocabulary/aq/pollutant/6001,hour,21.6329994200,µg/m3,2018-10-13 21:00:00 +01:00,2018-10-13 22:00:00 +01:00,1,1
AT,AT.0008.20.AQ,NET.09,STA.09.AKC,,SPO.09.AKC.5066.6001.1,SPP.09.AKC.5066.6001.1.11325,SAM.09.AKC.5066.6001.1,PM2.5,http://dd.eionet.europa.eu/vocabulary/aq/pollutant/6001,hour,24.3129997200,µg/m3,2018-10-13 22:00:00 +01:00,2018-10-13 23:00:00 +01:00,1,1
AT,AT.0008.20.AQ,NET.09,STA.09.AKC,,SPO.09.AKC.5066.6001.1,SPP.09.AKC.5066.6001.1.11325,SAM.09.AKC.5066.6001.1,PM2.5,http://dd.eionet.europa.eu/vocabulary/aq/pollutant/6001,hour,23.7680015500,µg/m3,2018-10-13 23:00:00 +01:00,2018-10-14 00:00:00 +01:00,1,1
AT,AT.0008.20.AQ,NET.09,STA.09.AKC,,SPO.09.AKC.5066.6001.1,SPP.09.AKC.5066.6001.1.11325,SAM.09.AKC.5066.6001.1,PM2.5,http://dd.eionet.europa.eu/vocabulary/aq/pollutant/6001,hour,23.4015007000,µg/m3,2018-10-14 00:00:00 +01:00,2018-10-14 01:00:00 +01:00,1,1
AT,AT.0008.20.AQ,NET.09,STA.09.AKC,,SPO.09.AKC.5066.6001.1,SPP.09.AKC.5066.6001.1.11325,SAM.09.AKC.5066.6001.1,PM2.5,http://dd.eionet.europa.eu/vocabulary/aq/pollutant/6001,hour,22.3264999300,µg/m3,2018-10-14 02:00:00 +01:00,2018-10-14 03:00:00 +01:00,1,1
AT,AT.0008.20.AQ,NET.09,STA.09.AKC,,SPO.09.AKC.5066.6001.1,SPP.09.AKC.5066.6001.1.11325,SAM.09.AKC.5066.6001.1,PM2.5,http://dd.eionet.europa.eu/vocabulary/aq/pollutant/6001,hour,23.4075012200,µg/m3,2018-10-14 03:00:00 +01:00,2018-10-14 04:00:00 +01:00,1,1
AT,AT.0008.20.AQ,NET.09,STA.09.AKC,,SPO.09.AKC.5066.6001.1,SPP.09.AKC.5066.6001.1.11325,SAM.09.AKC.5066.6001.1,PM2.5,http://dd.eionet.europa.eu/vocabulary/aq/pollutant/6001,hour,23.9799995400,µg/m3,2018-10-14 04:00:00 +01:00,2018-10-14 05:00:00 +01:00,1,1
AT,AT.0008.20.AQ,NET.09,STA.09.AKC,,SPO.09.AKC.5066.6001.1,SPP.09.AKC.5066.6001.1.11325,SAM.09.AKC.5066.6001.1,PM2.5,http://dd.eionet.europa.eu/vocabulary/aq/pollutant/6001,hour,25.5869998900,µg/m3,2018-10-14 05:00:00 +01:00,2018-10-14 06:00:00 +01:00,1,1
AT,AT.0008.20.AQ,NET.09,STA.09.AKC,,SPO.09.AKC.5066.6001.1,SPP.09.AKC.5066.6001.1.11325,SAM.09.AKC.5066.6001.1,PM2.5,http://dd.eionet.europa.eu/vocabulary/aq/pollutant/6001,hour,26.0499992300,µg/m3,2018-10-14 06:00:00 +01:00,2018-10-14 07:00:00 +01:00,1,1
AT,AT.0008.20.AQ,NET.09,STA.09.AKC,,SPO.09.AKC.5066.6001.1,SPP.09.AKC.5066.6001.1.11325,SAM.09.AKC.5066.6001.1,PM2.5,http://dd.eionet.europa.eu/vocabulary/aq/pollutant/6001,hour,27.4944992000,µg/m3,2018-10-14 07:00:00 +01:00,2018-10-14 08:00:00 +01:00,1,1
AT,AT.0008.20.AQ,NET.09,STA.09.AKC,,SPO.09.AKC.5066.6001.1,SPP.09.AKC.5066.6001.1.11325,SAM.09.AKC.5066.6001.1,PM2.5,http://dd.eionet.europa.eu/vocabulary/aq/pollutant/6001,hour,26.8740005400,µg/m3,2018-10-14 08:00:00 +01:00,2018-10-14 09:00:00 +01:00,1,1
AT,AT.0008.20.AQ,NET.09,STA.09.AKC,,SPO.09.AKC.5066.6001.1,SPP.09.AKC.5066.6001.1.11325,SAM.09.AKC.5066.6001.1,PM2.5,http://dd.eionet.europa.eu/vocabulary/aq/pollutant/6001,hour,25.6879997200,µg/m3,2018-10-14 09:00:00 +01:00,2018-10-14 10:00:00 +01:00,1,1
AT,AT.0008.20.AQ,NET.09,STA.09.AKC,,SPO.09.AKC.5066.6001.1,SPP.09.AKC.5066.6001.1.11325,SAM.09.AKC.5066.6001.1,PM2.5,http://dd.eionet.europa.eu/vocabulary/aq/pollutant/6001,hour,24.6154994900,µg/m3,2018-10-14 10:00:00 +01:00,2018-10-14 11:00:00 +01:00,1,1
AT,AT.0008.20.AQ,NET.09,STA.09.AKC,,SPO.09.AKC.5066.6001.1,SPP.09.AKC.5066.6001.1.11325,SAM.09.AKC.5066.6001.1,PM2.5,http://dd.eionet.europa.eu/vocabulary/aq/pollutant/6001,hour,20.0739994000,µg/m3,2018-10-14 11:00:00 +01:00,2018-10-14 12:00:00 +01:00,1,1
AT,AT.0008.20.AQ,NET.09,STA.09.AKC,,SPO.09.AKC.5066.6001.1,SPP.09.AKC.5066.6001.1.11325,SAM.09.AKC.5066.6001.1,PM2.5,http://dd.eionet.europa.eu/vocabulary/aq/pollutant/6001,hour,13.1954994200,µg/m3,2018-10-14 12:00:00 +01:00,2018-10-14 13:00:00 +01:00,1,1
AT,AT.0008.20.AQ,NET.09,STA.09.AKC,,SPO.09.AKC.5066.6001.1,SPP.09.AKC.5066.6001.1.11325,SAM.09.AKC.5066.6001.1,PM2.5,http://dd.eionet.europa.eu/vocabulary/aq/pollutant/6001,hour,11.1935005100,µg/m3,2018-10-14 13:00:00 +01:00,2018-10-14 14:00:00 +01:00,1,1
AT,AT.0008.20.AQ,NET.09,STA.09.AKC,,SPO.09.AKC.5066.6001.1,SPP.09.AKC.5066.6001.1.11325,SAM.09.AKC.5066.6001.1,PM2.5,http://dd.eionet.europa.eu/vocabulary/aq/pollutant/6001,hour,11.6995000800,µg/m3,2018-10-14 14:00:00 +01:00,2018-10-14 15:00:00 +01:00,1,1
AT,AT.0008.20.AQ,NET.09,STA.09.AKC,,SPO.09.AKC.5066.6001.1,SPP.09.AKC.5066.6001.1.11325,SAM.09.AKC.5066.6001.1,PM2.5,http://dd.eionet.europa.eu/vocabulary/aq/pollutant/6001,hour,11.6159992200,µg/m3,2018-10-14 15:00:00 +01:00,2018-10-14 16:00:00 +01:00,1,1
AT,AT.0008.20.AQ,NET.09,STA.09.AKC,,SPO.09.AKC.5066.6001.1,SPP.09.AKC.5066.6001.1.11325,SAM.09.AKC.5066.6001.1,PM2.5,http://dd.eionet.europa.eu/vocabulary/aq/pollutant/6001,hour,11.8115005400,µg/m3,2018-10-14 16:00:00 +01:00,2018-10-14 17:00:00 +01:00,1,1
AT,AT.0008.20.AQ,NET.09,STA.09.AKC,,SPO.09.AKC.5066.6001.1,SPP.09.AKC.5066.6001.1.11325,SAM.09.AKC.5066.6001.1,PM2.5,http://dd.eionet.europa.eu/vocabulary/aq/pollutant/6001,hour,13.0489997800,µg/m3,2018-10-14 18:00:00 +01:00,2018-10-14 19:00:00 +01:00,1,1
AT,AT.0008.20.AQ,NET.09,STA.09.AKC,,SPO.09.AKC.5066.6001.1,SPP.09.AKC.5066.6001.1.11325,SAM.09.AKC.5066.6001.1,PM2.5,http://dd.eionet.europa.eu/vocabulary/aq/pollutant/6001,hour,12.7910003600,µg/m3,2018-10-14 19:00:00 +01:00,2018-10-14 20:00:00 +01:00,1,1
AT,AT.0008.20.AQ,NET.09,STA.09.AKC,,SPO.09.AKC.5066.6001.1,SPP.09.AKC.5066.6001.1.11325,SAM.09.AKC.5066.6001.1,PM2.5,http://dd.eionet.europa.eu/vocabulary/aq/pollutant/6001,hour,16.1040000900,µg/m3,2018-10-14 21:00:00 +01:00,2018-10-14 22:00:00 +01:00,1,1
AT,AT.0008.20.AQ,NET.09,STA.09.AKC,,SPO.09.AKC.5066.6001.1,SPP.09.AKC.5066.6001.1.11325,SAM.09.AKC.5066.6001.1,PM2.5,http://dd.eionet.europa.eu/vocabulary/aq/pollutant/6001,hour,17.3750000000,µg/m3,2018-10-14 22:00:00 +01:00,2018-10-14 23:00:00 +01:00,1,1
AT,AT.0008.20.AQ,NET.09,STA.09.AKC,,SPO.09.AKC.5066.6001.1,SPP.09.AKC.5066.6001.1.11325,SAM.09.AKC.5066.6001.1,PM2.5,http://dd.eionet.europa.eu/vocabulary/aq/pollutant/6001,hour,17.9039993200,µg/m3,2018-10-15 00:00:00 +01:00,2018-10-15 01:00:00 +01:00,1,1
AT,AT.0008.20.AQ,NET.09,STA.09.AKC,,SPO.09.AKC.5066.6001.1,SPP.09.AKC.5066.6001.1.11325,SAM.09.AKC.5066.6001.1,PM2.5,http://dd.eionet.europa.eu/vocabulary/aq/pollutant/6001,hour,17.1515007000,µg/m3,2018-10-15 01:00:00 +01:00,2018-10-15 02:00:00 +01:00,1,1
AT,AT.0008.20.AQ,NET.09,STA.09.AKC,,SPO.09.AKC.5066.6001.1,SPP.09.AKC.5066.6001.1.11325,SAM.09.AKC.5066.6001.1,PM2.5,http://dd.eionet.europa.eu/vocabulary/aq/pollutant/6001,hour,17.2900009100,µg/m3,2018-10-15 02:00:00 +01:00,2018-10-15 03:00:00 +01:00,1,1
AT,AT.0008.20.AQ,NET.09,STA.09.AKC,,SPO.09.AKC.5066.6001.1,SPP.09.AKC.5066.6001.1.11325,SAM.09.AKC.5066.6001.1,PM2.5,http://dd.eionet.europa.eu/vocabulary/aq/pollutant/6001,hour,19.0074996900,µg/m3,2018-10-15 03:00:00 +01:00,2018-10-15 04:00:00 +01:00,1,1
AT,AT.0008.20.AQ,NET.09,STA.09.AKC,,SPO.09.AKC.5066.6001.1,SPP.09.AKC.5066.6001.1.11325,SAM.09.AKC.5066.6001.1,PM2.5,http://dd.eionet.europa.eu/vocabulary/aq/pollutant/6001,hour,20.6650009100,µg/m3,2018-10-15 05:00:00 +01:00,2018-10-15 06:00:00 +01:00,1,1
AT,AT.0008.20.AQ,NET.09,STA.09.AKC,,SPO.09.AKC.5066.6001.1,SPP.09.AKC.5066.6001.1.11325,SAM.09.AKC.5066.6001.1,PM2.5,http://dd.eionet.europa.eu/vocabulary/aq/pollutant/6001,hour,23.7239990200,µg/m3,2018-10-15 07:00:00 +01:00,2018-10-15 08:00:00 +01:00,1,1
AT,AT.0008.20.AQ,NET.09,STA.09.AKC,,SPO.09.AKC.5066.6001.1,SPP.09.AKC.5066.6001.1.11325,SAM.09.AKC.5066.6001.1,PM2.5,http://dd.eionet.europa.eu/vocabulary/aq/pollutant/6001,hour,19.1040000900,µg/m3,2018-10-15 10:00:00 +01:00,2018-10-15 11:00:00 +01:00,1,1
AT,AT.0008.20.AQ,NET.09,STA.09.AKC,,SPO.09.AKC.5066.6001.1,SPP.09.AKC.5066.6001.1.11325,SAM.09.AKC.5066.6001.1,PM2.5,http://dd.eionet.europa.eu/vocabulary/aq/pollutant/6001,hour,18.5909996000,µg/m3,2018-10-15 11:00:00 +01:00,2018-10-15 12:00:00 +01:00,1,1
AT,AT.0008.20.AQ,NET.09,STA.09.AKC,,SPO.09.AKC.5066.6001.1,SPP.09.AKC.5066.6001.1.11325,SAM.09.AKC.5066.6001.1,PM2.5,http://dd.eionet.europa.eu/vocabulary/aq/pollutant/6001,hour,17.1559982300,µg/m3,2018-10-15 13:00:00 +01:00,2018-10-15 14:00:00 +01:00,1,1
AT,AT.0008.20.AQ,NET.09,STA.09.AKC,,SPO.09.AKC.5066.6001.1,SPP.09.AKC.5066.6001.1.11325,SAM.09.AKC.5066.6001.1,PM2.5,http://dd.eionet.europa.eu/vocabulary/aq/pollutant/6001,hour,18.3735008200,µg/m3,2018-10-15 15:00:00 +01:00,2018-10-15 16:00:00 +01:00,1,1
AT,AT.0008.20.AQ,NET.09,STA.09.AKC,,SPO.09.AKC.5066.6001.1,SPP.09.AKC.5066.6001.1.11325,SAM.09.AKC.5066.6001.1,PM2.5,http://dd.eionet.europa.eu/vocabulary/aq/pollutant/6001,hour,19.4925003000,µg/m3,2018-10-15 17:00:00 +01:00,2018-10-15 18:00:00 +01:00,1,1
AT,AT.0008.20.AQ,NET.09,STA.09.AKC,,SPO.09.AKC.5066.6001.1,SPP.09.AKC.5066.6001.1.11325,SAM.09.AKC.5066.6001.1,PM2.5,http://dd.eionet.europa.eu/vocabulary/aq/pollutant/6001,hour,19.8055000300,µg/m3,2018-10-15 18:00:00 +01:00,2018-10-15 19:00:00 +01:00,1,1
AT,AT.0008.20.AQ,NET.09,STA.09.AKC,,SPO.09.AKC.5066.6001.1,SPP.09.AKC.5066.6001.1.11325,SAM.09.AKC.5066.6001.1,PM2.5,http://dd.eionet.europa.eu/vocabulary/aq/pollutant/6001,hour,20.5839996300,µg/m3,2018-10-15 20:00:00 +01:00,2018-10-15 21:00:00 +01:00,1,1
AT,AT.0008.20.AQ,NET.09,STA.09.AKC,,SPO.09.AKC.5066.6001.1,SPP.09.AKC.5066.6001.1.11325,SAM.09.AKC.5066.6001.1,PM2.5,http://dd.eionet.europa.eu/vocabulary/aq/pollutant/6001,hour,19.0909996000,µg/m3,2018-10-15 21:00:00 +01:00,2018-10-15 22:00:00 +01:00,1,1
AT,AT.0008.20.AQ,NET.09,STA.09.AKC,,SPO.09.AKC.5066.6001.1,SPP.09.AKC.5066.6001.1.11325,SAM.09.AKC.5066.6001.1,PM2.5,http://dd.eionet.europa.eu/vocabulary/aq/pollutant/6001,hour,19.7070007300,µg/m3,2018-10-15 22:00:00 +01:00,2018-10-15 23:00:00 +01:00,1,1
AT,AT.0008.20.AQ,NET.09,STA.09.AKC,,SPO.09.AKC.5066.6001.1,SPP.09.AKC.5066.6001.1.11325,SAM.09.AKC.5066.6001.1,PM2.5,http://dd.eionet.europa.eu/vocabulary/aq/pollutant/6001,hour,19.6329994200,µg/m3,2018-10-15 23:00:00 +01:00,2018-10-16 00:00:00 +01:00,1,1
AT,AT.0008.20.AQ,NET.09,STA.09.AKC,,SPO.09.AKC.5066.6001.1,SPP.09.AKC.5066.6001.1.11325,SAM.09.AKC.5066.6001.1,PM2.5,http://dd.eionet.europa.eu/vocabulary/aq/pollutant/6001,hour,27.1650009100,µg/m3,2018-10-16 06:00:00 +01:00,2018-10-16 07:00:00 +01:00,1,1
AT,AT.0008.20.AQ,NET.09,STA.09.AKC,,SPO.09.AKC.5066.6001.1,SPP.09.AKC.5066.6001.1.11325,SAM.09.AKC.5066.6001.1,PM2.5,http://dd.eionet.europa.eu/vocabulary/aq/pollutant/6001,hour,30.6315002400,µg/m3,2018-10-16 07:00:00 +01:00,2018-10-16 08:00:00 +01:00,1,1
AT,AT.0008.20.AQ,NET.09,STA.09.AKC,,SPO.09.AKC.5066.6001.1,SPP.09.AKC.5066.6001.1.11325,SAM.09.AKC.5066.6001.1,PM2.5,http://dd.eionet.europa.eu/vocabulary/aq/pollutant/6001,hour,32.4085006700,µg/m3,2018-10-16 09:00:00 +01:00,2018-10-16 10:00:00 +01:00,1,1
AT,AT.0008.20.AQ,NET.09,STA.09.AKC,,SPO.09.AKC.5066.6001.1,SPP.09.AKC.5066.6001.1.11325,SAM.09.AKC.5066.6001.1,PM2.5,http://dd.eionet.europa.eu/vocabulary/aq/pollutant/6001,hour,29.9405002500,µg/m3,2018-10-16 11:00:00 +01:00,2018-10-16 12:00:00 +01:00,1,1
AT,AT.0008.20.AQ,NET.09,STA.09.AKC,,SPO.09.AKC.5066.6001.1,SPP.09.AKC.5066.6001.1.11325,SAM.09.AKC.5066.6001.1,PM2.5,http://dd.eionet.europa.eu/vocabulary/aq/pollutant/6001,hour,27.2045001900,µg/m3,2018-10-16 12:00:00 +01:00,2018-10-16 13:00:00 +01:00,1,1
AT,AT.0008.20.AQ,NET.09,STA.09.AKC,,SPO.09.AKC.5066.6001.1,SPP.09.AKC.5066.6001.1.11325,SAM.09.AKC.5066.6001.1,PM2.5,http://dd.eionet.europa.eu/vocabulary/aq/pollutant/6001,hour,23.8784999800,µg/m3,2018-10-16 14:00:00 +01:00,2018-10-16 15:00:00 +01:00,1,1
AT,AT.0008.20.AQ,NET.09,STA.09.AKC,,SPO.09.AKC.5066.6001.1,SPP.09.AKC.5066.6001.1.11325,SAM.09.AKC.5066.6001.1,PM2.5,http://dd.eionet.europa.eu/vocabulary/aq/pollutant/6001,hour,26.0415000900,µg/m3,2018-10-16 18:00:00 +01:00,2018-10-16 19:00:00 +01:00,1,1
AT,AT.0008.20.AQ,NET.09,STA.09.AKC,,SPO.09.AKC.5066.6001.1,SPP.09.AKC.5066.6001.1.11325,SAM.09.AKC.5066.6001.1,PM2.5,http://dd.eionet.europa.eu/vocabulary/aq/pollutant/6001,hour,29.3815002400,µg/m3,2018-10-16 19:00:00 +01:00,2018-10-16 20:00:00 +01:00,1,1
AT,AT.0008.20.AQ,NET.09,STA.09.AKC,,SPO.09.AKC.5066.6001.1,SPP.09.AKC.5066.6001.1.11325,SAM.09.AKC.5066.6001.1,PM2.5,http://dd.eionet.europa.eu/vocabulary/aq/pollutant/6001,hour,31.4775009100,µg/m3,2018-10-16 20:00:00 +01:00,2018-10-16 21:00:00 +01:00,1,1
AT,AT.0008.20.AQ,NET.09,STA.09.AKC,,SPO.09.AKC.5066.6001.1,SPP.09.AKC.5066.6001.1.11325,SAM.09.AKC.5066.6001.1,PM2.5,http://dd.eionet.europa.eu/vocabulary/aq/pollutant/6001,hour,40.4319992000,µg/m3,2018-10-17 01:00:00 +01:00,2018-10-17 02:00:00 +01:00,1,1
AT,AT.0008.20.AQ,NET.09,STA.09.AKC,,SPO.09.AKC.5066.6001.1,SPP.09.AKC.5066.6001.1.11325,SAM.09.AKC.5066.6001.1,PM2.5,http://dd.eionet.europa.eu/vocabulary/aq/pollutant/6001,hour,45.9274978600,µg/m3,2018-10-17 04:00:00 +01:00,2018-10-17 05:00:00 +01:00,1,1
AT,AT.0008.20.AQ,NET.09,STA.09.AKC,,SPO.09.AKC.5066.6001.1,SPP.09.AKC.5066.6001.1.11325,SAM.09.AKC.5066.6001.1,PM2.5,http://dd.eionet.europa.eu/vocabulary/aq/pollutant/6001,hour,47.9345016400,µg/m3,2018-10-17 05:00:00 +01:00,2018-10-17 06:00:00 +01:00,1,1
AT,AT.0008.20.AQ,NET.09,STA.09.AKC,,SPO.09.AKC.5066.6001.1,SPP.09.AKC.5066.6001.1.11325,SAM.09.AKC.5066.6001.1,PM2.5,http://dd.eionet.europa.eu/vocabulary/aq/pollutant/6001,hour,50.4075012200,µg/m3,2018-10-17 06:00:00 +01:00,2018-10-17 07:00:00 +01:00,1,1
AT,AT.0008.20.AQ,NET.09,STA.09.AKC,,SPO.09.AKC.5066.6001.1,SPP.09.AKC.5066.6001.1.11325,SAM.09.AKC.5066.6001.1,PM2.5,http://dd.eionet.europa.eu/vocabulary/aq/pollutant/6001,hour,50.7239990200,µg/m3,2018-10-17 07:00:00 +01:00,2018-10-17 08:00:00 +01:00,1,1
AT,AT.0008.20.AQ,NET.09,STA.09.AKC,,SPO.09.AKC.5066.6001.1,SPP.09.AKC.5066.6001.1.11325,SAM.09.AKC.5066.6001.1,PM2.5,http://dd.eionet.europa.eu/vocabulary/aq/pollutant/6001,hour,52.2890014600,µg/m3,2018-10-17 11:00:00 +01:00,2018-10-17 12:00:00 +01:00,1,1
AT,AT.0008.20.AQ,NET.09,STA.09.AKC,,SPO.09.AKC.5066.6001.1,SPP.09.AKC.5066.6001.1.11325,SAM.09.AKC.5066.6001.1,PM2.5,http://dd.eionet.europa.eu/vocabulary/aq/pollutant/6001,hour,47.5745010300,µg/m3,2018-10-17 12:00:00 +01:00,2018-10-17 13:00:00 +01:00,1,1
AT,AT.0008.20.AQ,NET.09,STA.09.AKC,,SPO.09.AKC.5066.6001.1,SPP.09.AKC.5066.6001.1.11325,SAM.09.AKC.5066.6001.1,PM2.5,http://dd.eionet.europa.eu/vocabulary/aq/pollutant/6001,hour,46.2675018300,µg/m3,2018-10-17 14:00:00 +01:00,2018-10-17 15:00:00 +01:00,1,1
AT,AT.0008.20.AQ,NET.09,STA.09.AKC,,SPO.09.AKC.5066.6001.1,SPP.09.AKC.5066.6001.1.11325,SAM.09.AKC.5066.6001.1,PM2.5,http://dd.eionet.europa.eu/vocabulary/aq/pollutant/6001,hour,45.5485000600,µg/m3,2018-10-17 15:00:00 +01:00,2018-10-17 16:00:00 +01:00,1,1
AT,AT.0008.20.AQ,NET.09,STA.09.AKC,,SPO.09.AKC.5066.6001.1,SPP.09.AKC.5066.6001.1.11325,SAM.09.AKC.5066.6001.1,PM2.5,http://dd.eionet.europa.eu/vocabulary/aq/pollutant/6001,hour,36.3190002400,µg/m3,2018-10-17 17:00:00 +01:00,2018-10-17 18:00:00 +01:00,1,1
AT,AT.0008.20.AQ,NET.09,STA.09.AKC,,SPO.09.AKC.5066.6001.1,SPP.09.AKC.5066.6001.1.11325,SAM.09.AKC.5066.6001.1,PM2.5,http://dd.eionet.europa.eu/vocabulary/aq/pollutant/6001,hour,43.2099990800,µg/m3,2018-10-17 18:00:00 +01:00,2018-10-17 19:00:00 +01:00,1,1
AT,AT.0008.20.AQ,NET.09,STA.09.AKC,,SPO.09.AKC.5066.6001.1,SPP.09.AKC.5066.6001.1.11325,SAM.09.AKC.5066.6001.1,PM2.5,http://dd.eionet.europa.eu/vocabulary/aq/pollutant/6001,hour,41.6354980400,µg/m3,2018-10-17 19:00:00 +01:00,2018-10-17 20:00:00 +01:00,1,1
AT,AT.0008.20.AQ,NET.09,STA.09.AKC,,SPO.09.AKC.5066.6001.1,SPP.09.AKC.5066.6001.1.11325,SAM.09.AKC.5066.6001.1,PM2.5,http://dd.eionet.europa.eu/vocabulary/aq/pollutant/6001,hour,38.8544998100,µg/m3,2018-10-17 21:00:00 +01:00,2018-10-17 22:00:00 +01:00,1,1
AT,AT.0008.20.AQ,NET.09,STA.09.AKC,,SPO.09.AKC.5066.6001.1,SPP.09.AKC.5066.6001.1.11325,SAM.09.AKC.5066.6001.1,PM2.5,http://dd.eionet.europa.eu/vocabulary/aq/pollutant/6001,hour,39.8810005100,µg/m3,2018-10-17 22:00:00 +01:00,2018-10-17 23:00:00 +01:00,1,1
AT,AT.0008.20.AQ,NET.09,STA.09.AKC,,SPO.09.AKC.5066.6001.1,SPP.09.AKC.5066.6001.1.11325,SAM.09.AKC.5066.6001.1,PM2.5,http://dd.eionet.europa.eu/vocabulary/aq/pollutant/6001,hour,44.6495018000,µg/m3,2018-10-18 00:00:00 +01:00,2018-10-18 01:00:00 +01:00,1,1
AT,AT.0008.20.AQ,NET.09,STA.09.AKC,,SPO.09.AKC.5066.6001.1,SPP.09.AKC.5066.6001.1.11325,SAM.09.AKC.5066.6001.1,PM2.5,http://dd.eionet.europa.eu/vocabulary/aq/pollutant/6001,hour,45.5219993500,µg/m3,2018-10-18 01:00:00 +01:00,2018-10-18 02:00:00 +01:00,1,1
AT,AT.0008.20.AQ,NET.09,STA.09.AKC,,SPO.09.AKC.5066.6001.1,SPP.09.AKC.5066.6001.1.11325,SAM.09.AKC.5066.6001.1,PM2.5,http://dd.eionet.europa.eu/vocabulary/aq/pollutant/6001,hour,47.0849990800,µg/m3,2018-10-18 03:00:00 +01:00,2018-10-18 04:00:00 +01:00,1,1
AT,AT.0008.20.AQ,NET.09,STA.09.AKC,,SPO.09.AKC.5066.6001.1,SPP.09.AKC.5066.6001.1.11325,SAM.09.AKC.5066.6001.1,PM2.5,http://dd.eionet.europa.eu/vocabulary/aq/pollutant/6001,hour,47.9114990200,µg/m3,2018-10-18 04:00:00 +01:00,2018-10-18 05:00:00 +01:00,1,1
AT,AT.0008.20.AQ,NET.09,STA.09.AKC,,SPO.09.AKC.5066.6001.1,SPP.09.AKC.5066.6001.1.11325,SAM.09.AKC.5066.6001.1,PM2.5,http://dd.eionet.europa.eu/vocabulary/aq/pollutant/6001,hour,48.5834999000,µg/m3,2018-10-18 06:00:00 +01:00,2018-10-18 07:00:00 +01:00,1,1
AT,AT.0008.20.AQ,NET.09,STA.09.AKC,,SPO.09.AKC.5066.6001.1,SPP.09.AKC.5066.6001.1.11325,SAM.09.AKC.5066.6001.1,PM2.5,http://dd.eionet.europa.eu/vocabulary/aq/pollutant/6001,hour,52.1324996900,µg/m3,2018-10-18 09:00:00 +01:00,2018-10-18 10:00:00 +01:00,1,1
AT,AT.0008.20.AQ,NET.09,STA.09.AKC,,SPO.09.AKC.5066.6001.1,SPP.09.AKC.5066.6001.1.11325,SAM.09.AKC.5066.6001.1,PM2.5,http://dd.eionet.europa.eu/vocabulary/aq/pollutant/6001,hour,52.1520004200,µg/m3,2018-10-18 11:00:00 +01:00,2018-10-18 12:00:00 +01:00,1,1
AT,AT.0008.20.AQ,NET.09,STA.09.AKC,,SPO.09.AKC.5066.6001.1,SPP.09.AKC.5066.6001.1.11325,SAM.09.AKC.5066.6001.1,PM2.5,http://dd.eionet.europa.eu/vocabulary/aq/pollutant/6001,hour,51.5699996900,µg/m3,2018-10-18 12:00:00 +01:00,2018-10-18 13:00:00 +01:00,1,1
AT,AT.0008.20.AQ,NET.09,STA.09.AKC,,SPO.09.AKC.5066.6001.1,SPP.09.AKC.5066.6001.1.11325,SAM.09.AKC.5066.6001.1,PM2.5,http://dd.eionet.europa.eu/vocabulary/aq/pollutant/6001,hour,50.3969993500,µg/m3,2018-10-18 13:00:00 +01:00,2018-10-18 14:00:00 +01:00,1,1
AT,AT.0008.20.AQ,NET.09,STA.09.AKC,,SPO.09.AKC.5066.6001.1,SPP.09.AKC.5066.6001.1.11325,SAM.09.AKC.5066.6001.1,PM2.5,http://dd.eionet.europa.eu/vocabulary/aq/pollutant/6001,hour,48.3614997800,µg/m3,2018-10-18 14:00:00 +01:00,2018-10-18 15:00:00 +01:00,1,1
AT,AT.0008.20.AQ,NET.09,STA.09.AKC,,SPO.09.AKC.5066.6001.1,SPP.09.AKC.5066.6001.1.11325,SAM.09.AKC.5066.6001.1,PM2.5,http://dd.eionet.europa.eu/vocabulary/aq/pollutant/6001,hour,46.5595016400,µg/m3,2018-10-18 15:00:00 +01:00,2018-10-18 16:00:00 +01:00,1,1
AT,AT.0008.20.AQ,NET.09,STA.09.AKC,,SPO.09.AKC.5066.6001.1,SPP.09.AKC.5066.6001.1.11325,SAM.09.AKC.5066.6001.1,PM2.5,http://dd.eionet.europa.eu/vocabulary/aq/pollutant/6001,hour,45.5629997200,µg/m3,2018-10-18 16:00:00 +01:00,2018-10-18 17:00:00 +01:00,1,1
AT,AT.0008.20.AQ,NET.09,STA.09.AKC,,SPO.09.AKC.5066.6001.1,SPP.09.AKC.5066.6001.1.11325,SAM.09.AKC.5066.6001.1,PM2.5,http://dd.eionet.europa.eu/vocabulary/aq/pollutant/6001,hour,45.7989997800,µg/m3,2018-10-18 17:00:00 +01:00,2018-10-18 18:00:00 +01:00,1,1
AT,AT.0008.20.AQ,NET.09,STA.09.AKC,,SPO.09.AKC.5066.6001.1,SPP.09.AKC.5066.6001.1.11325,SAM.09.AKC.5066.6001.1,PM2.5,http://dd.eionet.europa.eu/vocabulary/aq/pollutant/6001,hour,40.2470016400,µg/m3,2018-10-18 18:00:00 +01:00,2018-10-18 19:00:00 +01:00,1,1
AT,AT.0008.20.AQ,NET.09,STA.09.AKC,,SPO.09.AKC.5066.6001.1,SPP.09.AKC.5066.6001.1.11325,SAM.09.AKC.5066.6001.1,PM2.5,http://dd.eionet.europa.eu/vocabulary/aq/pollutant/6001,hour,43.7425003000,µg/m3,2018-10-19 00:00:00 +01:00,2018-10-19 01:00:00 +01:00,1,1
AT,AT.0008.20.AQ,NET.09,STA.09.AKC,,SPO.09.AKC.5066.6001.1,SPP.09.AKC.5066.6001.1.11325,SAM.09.AKC.5066.6001.1,PM2.5,http://dd.eionet.europa.eu/vocabulary/aq/pollutant/6001,hour,49.7150001500,µg/m3,2018-10-19 06:00:00 +01:00,2018-10-19 07:00:00 +01:00,1,1
AT,AT.0008.20.AQ,NET.09,STA.09.AKC,,SPO.09.AKC.5066.6001.1,SPP.09.AKC.5066.6001.1.11325,SAM.09.AKC.5066.6001.1,PM2.5,http://dd.eionet.europa.eu/vocabulary/aq/pollutant/6001,hour,46.9015007000,µg/m3,2018-10-19 10:00:00 +01:00,2018-10-19 11:00:00 +01:00,1,1
AT,AT.0008.20.AQ,NET.09,STA.09.AKC,,SPO.09.AKC.5066.6001.1,SPP.09.AKC.5066.6001.1.11325,SAM.09.AKC.5066.6001.1,PM2.5,http://dd.eionet.europa.eu/vocabulary/aq/pollutant/6001,hour,49.4794998100,µg/m3,2018-10-19 11:00:00 +01:00,2018-10-19 12:00:00 +01:00,1,1
AT,AT.0008.20.AQ,NET.09,STA.09.AKC,,SPO.09.AKC.5066.6001.1,SPP.09.AKC.5066.6001.1.11325,SAM.09.AKC.5066.6001.1,PM2.5,http://dd.eionet.europa.eu/vocabulary/aq/pollutant/6001,hour,50.5960006700,µg/m3,2018-10-19 12:00:00 +01:00,2018-10-19 13:00:00 +01:00,1,1
AT,AT.0008.20.AQ,NET.09,STA.09.AKC,,SPO.09.AKC.5066.6001.1,SPP.09.AKC.5066.6001.1.11325,SAM.09.AKC.5066.6001.1,PM2.5,http://dd.eionet.europa.eu/vocabulary/aq/pollutant/6001,hour,47.1230010900,µg/m3,2018-10-19 13:00:00 +01:00,2018-10-19 14:00:00 +01:00,1,1
AT,AT.0008.20.AQ,NET.09,STA.09.AKC,,SPO.09.AKC.5066.6001.1,SPP.09.AKC.5066.6001.1.11325,SAM.09.AKC.5066.6001.1,PM2.5,http://dd.eionet.europa.eu/vocabulary/aq/pollutant/6001,hour,43.2444992000,µg/m3,2018-10-19 14:00:00 +01:00,2018-10-19 15:00:00 +01:00,1,1
AT,AT.0008.20.AQ,NET.09,STA.09.AKC,,SPO.09.AKC.5066.6001.1,SPP.09.AKC.5066.6001.1.11325,SAM.09.AKC.5066.6001.1,PM2.5,http://dd.eionet.europa.eu/vocabulary/aq/pollutant/6001,hour,42.7915000900,µg/m3,2018-10-19 18:00:00 +01:00,2018-10-19 19:00:00 +01:00,1,1
AT,AT.0008.20.AQ,NET.09,STA.09.AKC,,SPO.09.AKC.5066.6001.1,SPP.09.AKC.5066.6001.1.11325,SAM.09.AKC.5066.6001.1,PM2.5,http://dd.eionet.europa.eu/vocabulary/aq/pollutant/6001,hour,48.4114990200,µg/m3,2018-10-19 21:00:00 +01:00,2018-10-19 22:00:00 +01:00,1,1
AT,AT.0008.20.AQ,NET.09,STA.09.AKC,,SPO.09.AKC.5066.6001.1,SPP.09.AKC.5066.6001.1.11325,SAM.09.AKC.5066.6001.1,PM2.5,http://dd.eionet.europa.eu/vocabulary/aq/pollutant/6001,hour,50.8100013700,µg/m3,2018-10-19 22:00:00 +01:00,2018-10-19 23:00:00 +01:00,1,1
AT,AT.0008.20.AQ,NET.09,STA.09.AKC,,SPO.09.AKC.5066.6001.1,SPP.09.AKC.5066.6001.1.11325,SAM.09.AKC.5066.6001.1,PM2.5,http://dd.eionet.europa.eu/vocabulary/aq/pollutant/6001,hour,53.4329986500,µg/m3,2018-10-19 23:00:00 +01:00,2018-10-20 00:00:00 +01:00,1,1
AT,AT.0008.20.AQ,NET.09,STA.09.AKC,,SPO.09.AKC.5066.6001.1,SPP.09.AKC.5066.6001.1.11325,SAM.09.AKC.5066.6001.1,PM2.5,http://dd.eionet.europa.eu/vocabulary/aq/pollutant/6001,hour,54.4629974300,µg/m3,2018-10-20 00:00:00 +01:00,2018-10-20 01:00:00 +01:00,1,1
AT,AT.0008.20.AQ,NET.09,STA.09.AKC,,SPO.09.AKC.5066.6001.1,SPP.09.AKC.5066.6001.1.11325,SAM.09.AKC.5066.6001.1,PM2.5,http://dd.eionet.europa.eu/vocabulary/aq/pollutant/6001,hour,55.3605003300,µg/m3,2018-10-20 04:00:00 +01:00,2018-10-20 05:00:00 +01:00,1,1
AT,AT.0008.20.AQ,NET.09,STA.09.AKC,,SPO.09.AKC.5066.6001.1,SPP.09.AKC.5066.6001.1.11325,SAM.09.AKC.5066.6001.1,PM2.5,http://dd.eionet.europa.eu/vocabulary/aq/pollutant/6001,hour,55.8775024400,µg/m3,2018-10-20 07:00:00 +01:00,2018-10-20 08:00:00 +01:00,1,1
AT,AT.0008.20.AQ,NET.09,STA.09.AKC,,SPO.09.AKC.5066.6001.1,SPP.09.AKC.5066.6001.1.11325,SAM.09.AKC.5066.6001.1,PM2.5,http://dd.eionet.europa.eu/vocabulary/aq/pollutant/6001,hour,53.8810005100,µg/m3,2018-10-20 08:00:00 +01:00,2018-10-20 09:00:00 +01:00,1,1
AT,AT.0008.20.AQ,NET.09,STA.09.AKC,,SPO.09.AKC.5066.6001.1,SPP.09.AKC.5066.6001.1.11325,SAM.09.AKC.5066.6001.1,PM2.5,http://dd.eionet.europa.eu/vocabulary/aq/pollutant/6001,hour,52.8310012800,µg/m3,2018-10-20 10:00:00 +01:00,2018-10-20 11:00:00 +01:00,1,1
AT,AT.0008.20.AQ,NET.09,STA.09.AKC,,SPO.09.AKC.5066.6001.1,SPP.09.AKC.5066.6001.1.11325,SAM.09.AKC.5066.6001.1,PM2.5,http://dd.eionet.europa.eu/vocabulary/aq/pollutant/6001,hour,43.6474990800,µg/m3,2018-10-20 12:00:00 +01:00,2018-10-20 13:00:00 +01:00,1,1
AT,AT.0008.20.AQ,NET.09,STA.09.AKC,,SPO.09.AKC.5066.6001.1,SPP.09.AKC.5066.6001.1.11325,SAM.09.AKC.5066.6001.1,PM2.5,http://dd.eionet.europa.eu/vocabulary/aq/pollutant/6001,hour,43.6375007600,µg/m3,2018-10-20 13:00:00 +01:00,2018-10-20 14:00:00 +01:00,1,1
AT,AT.0008.20.AQ,NET.09,STA.09.AKC,,SPO.09.AKC.5066.6001.1,SPP.09.AKC.5066.6001.1.11325,SAM.09.AKC.5066.6001.1,PM2.5,http://dd.eionet.europa.eu/vocabulary/aq/pollutant/6001,hour,46.1425018300,µg/m3,2018-10-20 14:00:00 +01:00,2018-10-20 15:00:00 +01:00,1,1
AT,AT.0008.20.AQ,NET.09,STA.09.AKC,,SPO.09.AKC.5066.6001.1,SPP.09.AKC.5066.6001.1.11325,SAM.09.AKC.5066.6001.1,PM2.5,http://dd.eionet.europa.eu/vocabulary/aq/pollutant/6001,hour,46.6324996900,µg/m3,2018-10-20 16:00:00 +01:00,2018-10-20 17:00:00 +01:00,1,1
AT,AT.0008.20.AQ,NET.09,STA.09.AKC,,SPO.09.AKC.5066.6001.1,SPP.09.AKC.5066.6001.1.11325,SAM.09.AKC.5066.6001.1,PM2.5,http://dd.eionet.europa.eu/vocabulary/aq/pollutant/6001,hour,22.9584999000,µg/m3,2018-10-20 18:00:00 +01:00,2018-10-20 19:00:00 +01:00,1,1
AT,AT.0008.20.AQ,NET.09,STA.09.AKC,,SPO.09.AKC.5066.6001.1,SPP.09.AKC.5066.6001.1.11325,SAM.09.AKC.5066.6001.1,PM2.5,http://dd.eionet.europa.eu/vocabulary/aq/pollutant/6001,hour,20.3390007000,µg/m3,2018-10-20 19:00:00 +01:00,2018-10-20 20:00:00 +01:00,1,1
AT,AT.0008.20.AQ,NET.09,STA.09.AKC,,SPO.09.AKC.5066.6001.1,SPP.09.AKC.5066.6001.1.11325,SAM.09.AKC.5066.6001.1,PM2.5,http://dd.eionet.europa.eu/vocabulary/aq/pollutant/6001,hour,15.0360002500,µg/m3,2018-10-20 20:00:00 +01:00,2018-10-20 21:00:00 +01:00,1,1
AT,AT.0008.20.AQ,NET.09,STA.09.AKC,,SPO.09.AKC.5066.6001.1,SPP.09.AKC.5066.6001.1.11325,SAM.09.AKC.5066.6001.1,PM2.5,http://dd.eionet.europa.eu/vocabulary/aq/pollutant/6001,hour,12.2180004100,µg/m3,2018-10-20 21:00:00 +01:00,2018-10-20 22:00:00 +01:00,1,1
AT,AT.0008.20.AQ,NET.09,STA.09.AKC,,SPO.09.AKC.5066.6001.1,SPP.09.AKC.5066.6001.1.11325,SAM.09.AKC.5066.6001.1,PM2.5,http://dd.eionet.europa.eu/vocabulary/aq/pollutant/6001,hour,10.9025001500,µg/m3,2018-10-20 22:00:00 +01:00,2018-10-20 23:00:00 +01:00,1,1
AT,AT.0008.20.AQ,NET.09,STA.09.AKC,,SPO.09.AKC.5066.6001.1,SPP.09.AKC.5066.6001.1.11325,SAM.09.AKC.5066.6001.1,PM2.5,http://dd.eionet.europa.eu/vocabulary/aq/pollutant/6001,hour,9.8188495600,µg/m3,2018-10-20 23:00:00 +01:00,2018-10-21 00:00:00 +01:00,1,1
AT,AT.0008.20.AQ,NET.09,STA.09.AKC,,SPO.09.AKC.5066.6001.1,SPP.09.AKC.5066.6001.1.11325,SAM.09.AKC.5066.6001.1,PM2.5,http://dd.eionet.europa.eu/vocabulary/aq/pollutant/6001,hour,8.6463003100,µg/m3,2018-10-21 00:00:00 +01:00,2018-10-21 01:00:00 +01:00,1,1
AT,AT.0008.20.AQ,NET.09,STA.09.AKC,,SPO.09.AKC.5066.6001.1,SPP.09.AKC.5066.6001.1.11325,SAM.09.AKC.5066.6001.1,PM2.5,http://dd.eionet.europa.eu/vocabulary/aq/pollutant/6001,hour,6.9191498700,µg/m3,2018-10-21 01:00:00 +01:00,2018-10-21 02:00:00 +01:00,1,1
AT,AT.0008.20.AQ,NET.09,STA.09.AKC,,SPO.09.AKC.5066.6001.1,SPP.09.AKC.5066.6001.1.11325,SAM.09.AKC.5066.6001.1,PM2.5,http://dd.eionet.europa.eu/vocabulary/aq/pollutant/6001,hour,5.2424497600,µg/m3,2018-10-21 02:00:00 +01:00,2018-10-21 03:00:00 +01:00,1,1
AT,AT.0008.20.AQ,NET.09,STA.09.AKC,,SPO.09.AKC.5066.6001.1,SPP.09.AKC.5066.6001.1.11325,SAM.09.AKC.5066.6001.1,PM2.5,http://dd.eionet.europa.eu/vocabulary/aq/pollutant/6001,hour,5.9737501100,µg/m3,2018-10-21 05:00:00 +01:00,2018-10-21 06:00:00 +01:00,1,1
AT,AT.0008.20.AQ,NET.09,STA.09.AKC,,SPO.09.AKC.5066.6001.1,SPP.09.AKC.5066.6001.1.11325,SAM.09.AKC.5066.6001.1,PM2.5,http://dd.eionet.europa.eu/vocabulary/aq/pollutant/6001,hour,7.7814998600,µg/m3,2018-10-21 06:00:00 +01:00,2018-10-21 07:00:00 +01:00,1,1
AT,AT.0008.20.AQ,NET.09,STA.09.AKC,,SPO.09.AKC.5066.6001.1,SPP.09.AKC.5066.6001.1.11325,SAM.09.AKC.5066.6001.1,PM2.5,http://dd.eionet.europa.eu/vocabulary/aq/pollutant/6001,hour,9.8973503100,µg/m3,2018-10-21 07:00:00 +01:00,2018-10-21 08:00:00 +01:00,1,1
AT,AT.0008.20.AQ,NET.09,STA.09.AKC,,SPO.09.AKC.5066.6001.1,SPP.09.AKC.5066.6001.1.11325,SAM.09.AKC.5066.6001.1,PM2.5,http://dd.eionet.europa.eu/vocabulary/aq/pollutant/6001,hour,11.8269996600,µg/m3,2018-10-21 09:00:00 +01:00,2018-10-21 10:00:00 +01:00,1,1
AT,AT.0008.20.AQ,NET.09,STA.09.AKC,,SPO.09.AKC.5066.6001.1,SPP.09.AKC.5066.6001.1.11325,SAM.09.AKC.5066.6001.1,PM2.5,http://dd.eionet.europa.eu/vocabulary/aq/pollutant/6001,hour,11.9710006700,µg/m3,2018-10-21 10:00:00 +01:00,2018-10-21 11:00:00 +01:00,1,1
AT,AT.0008.20.AQ,NET.09,STA.09.AKC,,SPO.09.AKC.5066.6001.1,SPP.09.AKC.5066.6001.1.11325,SAM.09.AKC.5066.6001.1,PM2.5,http://dd.eionet.europa.eu/vocabulary/aq/pollutant/6001,hour,5.5326499900,µg/m3,2018-10-21 13:00:00 +01:00,2018-10-21 14:00:00 +01:00,1,1
AT,AT.0008.20.AQ,NET.09,STA.09.AKC,,SPO.09.AKC.5066.6001.1,SPP.09.AKC.5066.6001.1.11325,SAM.09.AKC.5066.6001.1,PM2.5,http://dd.eionet.europa.eu/vocabulary/aq/pollutant/6001,hour,13.0844993500,µg/m3,2018-10-21 17:00:00 +01:00,2018-10-21 18:00:00 +01:00,1,1
AT,AT.0008.20.AQ,NET.09,STA.09.AKC,,SPO.09.AKC.5066.6001.1,SPP.09.AKC.5066.6001.1.11325,SAM.09.AKC.5066.6001.1,PM2.5,http://dd.eionet.europa.eu/vocabulary/aq/pollutant/6001,hour,16.7150001500,µg/m3,2018-10-21 18:00:00 +01:00,2018-10-21 19:00:00 +01:00,1,1
AT,AT.0008.20.AQ,NET.09,STA.09.AKC,,SPO.09.AKC.5066.6001.1,SPP.09.AKC.5066.6001.1.11325,SAM.09.AKC.5066.6001.1,PM2.5,http://dd.eionet.europa.eu/vocabulary/aq/pollutant/6001,hour,17.4869995100,µg/m3,2018-10-21 19:00:00 +01:00,2018-10-21 20:00:00 +01:00,1,1
AT,AT.0008.20.AQ,NET.09,STA.09.AKC,,SPO.09.AKC.5066.6001.1,SPP.09.AKC.5066.6001.1.11325,SAM.09.AKC.5066.6001.1,PM2.5,http://dd.eionet.europa.eu/vocabulary/aq/pollutant/6001,hour,17.3829994200,µg/m3,2018-10-21 20:00:00 +01:00,2018-10-21 21:00:00 +01:00,1,1
AT,AT.0008.20.AQ,NET.09,STA.09.AKC,,SPO.09.AKC.5066.6001.1,SPP.09.AKC.5066.6001.1.11325,SAM.09.AKC.5066.6001.1,PM2.5,http://dd.eionet.europa.eu/vocabulary/aq/pollutant/6001,hour,18.5569992000,µg/m3,2018-10-21 22:00:00 +01:00,2018-10-21 23:00:00 +01:00,1,1
AT,AT.0008.20.AQ,NET.09,STA.09.AKC,,SPO.09.AKC.5066.6001.1,SPP.09.AKC.5066.6001.1.11325,SAM.09.AKC.5066.6001.1,PM2.5,http://dd.eionet.europa.eu/vocabulary/aq/pollutant/6001,hour,19.7399997700,µg/m3,2018-10-22 00:00:00 +01:00,2018-10-22 01:00:00 +01:00,1,1
AT,AT.0008.20.AQ,NET.09,STA.09.AKC,,SPO.09.AKC.5066.6001.1,SPP.09.AKC.5066.6001.1.11325,SAM.09.AKC.5066.6001.1,PM2.5,http://dd.eionet.europa.eu/vocabulary/aq/pollutant/6001,hour,17.7299995400,µg/m3,2018-10-22 02:00:00 +01:00,2018-10-22 03:00:00 +01:00,1,1
AT,AT.0008.20.AQ,NET.09,STA.09.AKC,,SPO.09.AKC.5066.6001.1,SPP.09.AKC.5066.6001.1.11325,SAM.09.AKC.5066.6001.1,PM2.5,http://dd.eionet.europa.eu/vocabulary/aq/pollutant/6001,hour,17.8359985300,µg/m3,2018-10-22 04:00:00 +01:00,2018-10-22 05:00:00 +01:00,1,1
AT,AT.0008.20.AQ,NET.09,STA.09.AKC,,SPO.09.AKC.5066.6001.1,SPP.09.AKC.5066.6001.1.11325,SAM.09.AKC.5066.6001.1,PM2.5,http://dd.eionet.europa.eu/vocabulary/aq/pollutant/6001,hour,17.7994995100,µg/m3,2018-10-22 05:00:00 +01:00,2018-10-22 06:00:00 +01:00,1,1
AT,AT.0008.20.AQ,NET.09,STA.09.AKC,,SPO.09.AKC.5066.6001.1,SPP.09.AKC.5066.6001.1.11325,SAM.09.AKC.5066.6001.1,PM2.5,http://dd.eionet.europa.eu/vocabulary/aq/pollutant/6001,hour,19.0559997500,µg/m3,2018-10-22 06:00:00 +01:00,2018-10-22 07:00:00 +01:00,1,1
AT,AT.0008.20.AQ,NET.09,STA.09.AKC,,SPO.09.AKC.5066.6001.1,SPP.09.AKC.5066.6001.1.11325,SAM.09.AKC.5066.6001.1,PM2.5,http://dd.eionet.europa.eu/vocabulary/aq/pollutant/6001,hour,19.1205005600,µg/m3,2018-10-22 08:00:00 +01:00,2018-10-22 09:00:00 +01:00,1,1
AT,AT.0008.20.AQ,NET.09,STA.09.AKC,,SPO.09.AKC.5066.6001.1,SPP.09.AKC.5066.6001.1.11325,SAM.09.AKC.5066.6001.1,PM2.5,http://dd.eionet.europa.eu/vocabulary/aq/pollutant/6001,hour,15.4530000600,µg/m3,2018-10-22 11:00:00 +01:00,2018-10-22 12:00:00 +01:00,1,1
AT,AT.0008.20.AQ,NET.09,STA.09.AKC,,SPO.09.AKC.5066.6001.1,SPP.09.AKC.5066.6001.1.11325,SAM.09.AKC.5066.6001.1,PM2.5,http://dd.eionet.europa.eu/vocabulary/aq/pollutant/6001,hour,15.7449998800,µg/m3,2018-10-22 12:00:00 +01:00,2018-10-22 13:00:00 +01:00,1,1
AT,AT.0008.20.AQ,NET.09,STA.09.AKC,,SPO.09.AKC.5066.6001.1,SPP.09.AKC.5066.6001.1.11325,SAM.09.AKC.5066.6001.1,PM2.5,http://dd.eionet.europa.eu/vocabulary/aq/pollutant/6001,hour,14.0295000000,µg/m3,2018-10-22 14:00:00 +01:00,2018-10-22 15:00:00 +01:00,1,1
AT,AT.0008.20.AQ,NET.09,STA.09.AKC,,SPO.09.AKC.5066.6001.1,SPP.09.AKC.5066.6001.1.11325,SAM.09.AKC.5066.6001.1,PM2.5,http://dd.eionet.europa.eu/vocabulary/aq/pollutant/6001,hour,13.5004997200,µg/m3,2018-10-22 15:00:00 +01:00,2018-10-22 16:00:00 +01:00,1,1
AT,AT.0008.20.AQ,NET.09,STA.09.AKC,,SPO.09.AKC.5066.6001.1,SPP.09.AKC.5066.6001.1.11325,SAM.09.AKC.5066.6001.1,PM2.5,http://dd.eionet.europa.eu/vocabulary/aq/pollutant/6001,hour,13.2539997100,µg/m3,2018-10-22 16:00:00 +01:00,2018-10-22 17:00:00 +01:00,1,1
AT,AT.0008.20.AQ,NET.09,STA.09.AKC,,SPO.09.AKC.5066.6001.1,SPP.09.AKC.5066.6001.1.11325,SAM.09.AKC.5066.6001.1,PM2.5,http://dd.eionet.europa.eu/vocabulary/aq/pollutant/6001,hour,13.7135000200,µg/m3,2018-10-22 18:00:00 +01:00,2018-10-22 19:00:00 +01:00,1,1
AT,AT.0008.20.AQ,NET.09,STA.09.AKC,,SPO.09.AKC.5066.6001.1,SPP.09.AKC.5066.6001.1.11325,SAM.09.AKC.5066.6001.1,PM2.5,http://dd.eionet.europa.eu/vocabulary/aq/pollutant/6001,hour,10.7135000200,µg/m3,2018-10-22 19:00:00 +01:00,2018-10-22 20:00:00 +01:00,1,1
AT,AT.0008.20.AQ,NET.09,STA.09.AKC,,SPO.09.AKC.5066.6001.1,SPP.09.AKC.5066.6001.1.11325,SAM.09.AKC.5066.6001.1,PM2.5,http://dd.eionet.europa.eu/vocabulary/aq/pollutant/6001,hour,11.2369995100,µg/m3,2018-10-22 20:00:00 +01:00,2018-10-22 21:00:00 +01:00,1,1
AT,AT.0008.20.AQ,NET.09,STA.09.AKC,,SPO.09.AKC.5066.6001.1,SPP.09.AKC.5066.6001.1.11325,SAM.09.AKC.5066.6001.1,PM2.5,http://dd.eionet.europa.eu/vocabulary/aq/pollutant/6001,hour,12.0659999800,µg/m3,2018-10-22 21:00:00 +01:00,2018-10-22 22:00:00 +01:00,1,1
AT,AT.0008.20.AQ,NET.09,STA.09.AKC,,SPO.09.AKC.5066.6001.1,SPP.09.AKC.5066.6001.1.11325,SAM.09.AKC.5066.6001.1,PM2.5,http://dd.eionet.europa.eu/vocabulary/aq/pollutant/6001,hour,11.8710002800,µg/m3,2018-10-22 22:00:00 +01:00,2018-10-22 23:00:00 +01:00,1,1
AT,AT.0008.20.AQ,NET.09,STA.09.AKC,,SPO.09.AKC.5066.6001.1,SPP.09.AKC.5066.6001.1.11325,SAM.09.AKC.5066.6001.1,PM2.5,http://dd.eionet.europa.eu/vocabulary/aq/pollutant/6001,hour,15.4344997400,µg/m3,2018-10-22 23:00:00 +01:00,2018-10-23 00:00:00 +01:00,1,1
AT,AT.0008.20.AQ,NET.09,STA.09.AKC,,SPO.09.AKC.5066.6001.1,SPP.09.AKC.5066.6001.1.11325,SAM.09.AKC.5066.6001.1,PM2.5,http://dd.eionet.europa.eu/vocabulary/aq/pollutant/6001,hour,17.4080009400,µg/m3,2018-10-23 00:00:00 +01:00,2018-10-23 01:00:00 +01:00,1,1
AT,AT.0008.20.AQ,NET.09,STA.09.AKC,,SPO.09.AKC.5066.6001.1,SPP.09.AKC.5066.6001.1.11325,SAM.09.AKC.5066.6001.1,PM2.5,http://dd.eionet.europa.eu/vocabulary/aq/pollutant/6001,hour,19.6420001900,µg/m3,2018-10-23 01:00:00 +01:00,2018-10-23 02:00:00 +01:00,1,1
AT,AT.0008.20.AQ,NET.09,STA.09.AKC,,SPO.09.AKC.5066.6001.1,SPP.09.AKC.5066.6001.1.11325,SAM.09.AKC.5066.6001.1,PM2.5,http://dd.eionet.europa.eu/vocabulary/aq/pollutant/6001,hour,18.8305015500,µg/m3,2018-10-23 03:00:00 +01:00,2018-10-23 04:00:00 +01:00,1,1
AT,AT.0008.20.AQ,NET.09,STA.09.AKC,,SPO.09.AKC.5066.6001.1,SPP.09.AKC.5066.6001.1.11325,SAM.09.AKC.5066.6001.1,PM2.5,http://dd.eionet.europa.eu/vocabulary/aq/pollutant/6001,hour,12.8505001000,µg/m3,2018-10-23 04:00:00 +01:00,2018-10-23 05:00:00 +01:00,1,1
AT,AT.0008.20.AQ,NET.09,STA.09.AKC,,SPO.09.AKC.5066.6001.1,SPP.09.AKC.5066.6001.1.11325,SAM.09.AKC.5066.6001.1,PM2.5,http://dd.eionet.europa.eu/vocabulary/aq/pollutant/6001,hour,8.2855501100,µg/m3,2018-10-23 06:00:00 +01:00,2018-10-23 07:00:00 +01:00,1,1
AT,AT.0008.20.AQ,NET.09,STA.09.AKC,,SPO.09.AKC.5066.6001.1,SPP.09.AKC.5066.6001.1.11325,SAM.09.AKC.5066.6001.1,PM2.5,http://dd.eionet.europa.eu/vocabulary/aq/pollutant/6001,hour,9.1255493100,µg/m3,2018-10-23 07:00:00 +01:00,2018-10-23 08:00:00 +01:00,1,1
AT,AT.0008.20.AQ,NET.09,STA.09.AKC,,SPO.09.AKC.5066.6001.1,SPP.09.AKC.5066.6001.1.11325,SAM.09.AKC.5066.6001.1,PM2.5,http://dd.eionet.europa.eu/vocabulary/aq/pollutant/6001,hour,7.5887999500,µg/m3,2018-10-23 08:00:00 +01:00,2018-10-23 09:00:00 +01:00,1,1
AT,AT.0008.20.AQ,NET.09,STA.09.AKC,,SPO.09.AKC.5066.6001.1,SPP.09.AKC.5066.6001.1.11325,SAM.09.AKC.5066.6001.1,PM2.5,http://dd.eionet.europa.eu/vocabulary/aq/pollutant/6001,hour,13.2910003600,µg/m3,2018-10-23 09:00:00 +01:00,2018-10-23 10:00:00 +01:00,1,1
AT,AT.0008.20.AQ,NET.09,STA.09.AKC,,SPO.09.AKC.5066.6001.1,SPP.09.AKC.5066.6001.1.11325,SAM.09.AKC.5066.6001.1,PM2.5,http://dd.eionet.europa.eu/vocabulary/aq/pollutant/6001,hour,14.8385000200,µg/m3,2018-10-23 11:00:00 +01:00,2018-10-23 12:00:00 +01:00,1,1
AT,AT.0008.20.AQ,NET.09,STA.09.AKC,,SPO.09.AKC.5066.6001.1,SPP.09.AKC.5066.6001.1.11325,SAM.09.AKC.5066.6001.1,PM2.5,http://dd.eionet.europa.eu/vocabulary/aq/pollutant/6001,hour,14.7965002000,µg/m3,2018-10-23 12:00:00 +01:00,2018-10-23 13:00:00 +01:00,1,1
AT,AT.0008.20.AQ,NET.09,STA.09.AKC,,SPO.09.AKC.5066.6001.1,SPP.09.AKC.5066.6001.1.11325,SAM.09.AKC.5066.6001.1,PM2.5,http://dd.eionet.europa.eu/vocabulary/aq/pollutant/6001,hour,12.9995002700,µg/m3,2018-10-23 13:00:00 +01:00,2018-10-23 14:00:00 +01:00,1,1
AT,AT.0008.20.AQ,NET.09,STA.09.AKC,,SPO.09.AKC.5066.6001.1,SPP.09.AKC.5066.6001.1.11325,SAM.09.AKC.5066.6001.1,PM2.5,http://dd.eionet.europa.eu/vocabulary/aq/pollutant/6001,hour,12.5375003800,µg/m3,2018-10-23 14:00:00 +01:00,2018-10-23 15:00:00 +01:00,1,1
AT,AT.0008.20.AQ,NET.09,STA.09.AKC,,SPO.09.AKC.5066.6001.1,SPP.09.AKC.5066.6001.1.11325,SAM.09.AKC.5066.6001.1,PM2.5,http://dd.eionet.europa.eu/vocabulary/aq/pollutant/6001,hour,11.7910003600,µg/m3,2018-10-23 15:00:00 +01:00,2018-10-23 16:00:00 +01:00,1,1
AT,AT.0008.20.AQ,NET.09,STA.09.AKC,,SPO.09.AKC.5066.6001.1,SPP.09.AKC.5066.6001.1.11325,SAM.09.AKC.5066.6001.1,PM2.5,http://dd.eionet.europa.eu/vocabulary/aq/pollutant/6001,hour,11.7165002800,µg/m3,2018-10-23 18:00:00 +01:00,2018-10-23 19:00:00 +01:00,1,1
AT,AT.0008.20.AQ,NET.09,STA.09.AKC,,SPO.09.AKC.5066.6001.1,SPP.09.AKC.5066.6001.1.11325,SAM.09.AKC.5066.6001.1,PM2.5,http://dd.eionet.europa.eu/vocabulary/aq/pollutant/6001,hour,9.4248504600,µg/m3,2018-10-23 19:00:00 +01:00,2018-10-23 20:00:00 +01:00,1,1
AT,AT.0008.20.AQ,NET.09,STA.09.AKC,,SPO.09.AKC.5066.6001.1,SPP.09.AKC.5066.6001.1.11325,SAM.09.AKC.5066.6001.1,PM2.5,http://dd.eionet.europa.eu/vocabulary/aq/pollutant/6001,hour,9.7278499600,µg/m3,2018-10-23 20:00:00 +01:00,2018-10-23 21:00:00 +01:00,1,1
AT,AT.0008.20.AQ,NET.09,STA.09.AKC,,SPO.09.AKC.5066.6001.1,SPP.09.AKC.5066.6001.1.11325,SAM.09.AKC.5066.6001.1,PM2.5,http://dd.eionet.europa.eu/vocabulary/aq/pollutant/6001,hour,5.2729997600,µg/m3,2018-10-23 23:00:00 +01:00,2018-10-24 00:00:00 +01:00,1,1
AT,AT.0008.20.AQ,NET.09,STA.09.AKC,,SPO.09.AKC.5066.6001.1,SPP.09.AKC.5066.6001.1.11325,SAM.09.AKC.5066.6001.1,PM2.5,http://dd.eionet.europa.eu/vocabulary/aq/pollutant/6001,hour,6.9074997900,µg/m3,2018-10-24 01:00:00 +01:00,2018-10-24 02:00:00 +01:00,1,1
AT,AT.0008.20.AQ,NET.09,STA.09.AKC,,SPO.09.AKC.5066.6001.1,SPP.09.AKC.5066.6001.1.11325,SAM.09.AKC.5066.6001.1,PM2.5,http://dd.eionet.europa.eu/vocabulary/aq/pollutant/6001,hour,8.2593498200,µg/m3,2018-10-24 04:00:00 +01:00,2018-10-24 05:00:00 +01:00,1,1
AT,AT.0008.20.AQ,NET.09,STA.09.AKC,,SPO.09.AKC.5066.6001.1,SPP.09.AKC.5066.6001.1.11325,SAM.09.AKC.5066.6001.1,PM2.5,http://dd.eionet.europa.eu/vocabulary/aq/pollutant/6001,hour,5.4770498200,µg/m3,2018-10-24 06:00:00 +01:00,2018-10-24 07:00:00 +01:00,1,1
AT,AT.0008.20.AQ,NET.09,STA.09.AKC,,SPO.09.AKC.5066.6001.1,SPP.09.AKC.5066.6001.1.11325,SAM.09.AKC.5066.6001.1,PM2.5,http://dd.eionet.europa.eu/vocabulary/aq/pollutant/6001,hour,1.8641500400,µg/m3,2018-10-24 11:00:00 +01:00,2018-10-24 12:00:00 +01:00,1,1
AT,AT.0008.20.AQ,NET.09,STA.09.AKC,,SPO.09.AKC.5066.6001.1,SPP.09.AKC.5066.6001.1.11325,SAM.09.AKC.5066.6001.1,PM2.5,http://dd.eionet.europa.eu/vocabulary/aq/pollutant/6001,hour,2.4906001000,µg/m3,2018-10-24 12:00:00 +01:00,2018-10-24 13:00:00 +01:00,1,1
AT,AT.0008.20.AQ,NET.09,STA.09.AKC,,SPO.09.AKC.5066.6001.1,SPP.09.AKC.5066.6001.1.11325,SAM.09.AKC.5066.6001.1,PM2.5,http://dd.eionet.europa.eu/vocabulary/aq/pollutant/6001,hour,2.5822000500,µg/m3,2018-10-24 13:00:00 +01:00,2018-10-24 14:00:00 +01:00,1,1
AT,AT.0008.20.AQ,NET.09,STA.09.AKC,,SPO.09.AKC.5066.6001.1,SPP.09.AKC.5066.6001.1.11325,SAM.09.AKC.5066.6001.1,PM2.5,http://dd.eionet.europa.eu/vocabulary/aq/pollutant/6001,hour,3.9233999200,µg/m3,2018-10-24 15:00:00 +01:00,2018-10-24 16:00:00 +01:00,1,1
AT,AT.0008.20.AQ,NET.09,STA.09.AKC,,SPO.09.AKC.5066.6001.1,SPP.09.AKC.5066.6001.1.11325,SAM.09.AKC.5066.6001.1,PM2.5,http://dd.eionet.europa.eu/vocabulary/aq/pollutant/6001,hour,4.6476497600,µg/m3,2018-10-24 18:00:00 +01:00,2018-10-24 19:00:00 +01:00,1,1
AT,AT.0008.20.AQ,NET.09,STA.09.AKC,,SPO.09.AKC.5066.6001.1,SPP.09.AKC.5066.6001.1.11325,SAM.09.AKC.5066.6001.1,PM2.5,http://dd.eionet.europa.eu/vocabulary/aq/pollutant/6001,hour,4.6788997600,µg/m3,2018-10-24 19:00:00 +01:00,2018-10-24 20:00:00 +01:00,1,1
AT,AT.0008.20.AQ,NET.09,STA.09.AKC,,SPO.09.AKC.5066.6001.1,SPP.09.AKC.5066.6001.1.11325,SAM.09.AKC.5066.6001.1,PM2.5,http://dd.eionet.europa.eu/vocabulary/aq/pollutant/6001,hour,6.0428500100,µg/m3,2018-10-24 21:00:00 +01:00,2018-10-24 22:00:00 +01:00,1,1
AT,AT.0008.20.AQ,NET.09,STA.09.AKC,,SPO.09.AKC.5066.6001.1,SPP.09.AKC.5066.6001.1.11325,SAM.09.AKC.5066.6001.1,PM2.5,http://dd.eionet.europa.eu/vocabulary/aq/pollutant/6001,hour,5.9019498800,µg/m3,2018-10-24 22:00:00 +01:00,2018-10-24 23:00:00 +01:00,1,1
AT,AT.0008.20.AQ,NET.09,STA.09.AKC,,SPO.09.AKC.5066.6001.1,SPP.09.AKC.5066.6001.1.11325,SAM.09.AKC.5066.6001.1,PM2.5,http://dd.eionet.europa.eu/vocabulary/aq/pollutant/6001,hour,5.0011501300,µg/m3,2018-10-25 00:00:00 +01:00,2018-10-25 01:00:00 +01:00,1,1
AT,AT.0008.20.AQ,NET.09,STA.09.AKC,,SPO.09.AKC.5066.6001.1,SPP.09.AKC.5066.6001.1.11325,SAM.09.AKC.5066.6001.1,PM2.5,http://dd.eionet.europa.eu/vocabulary/aq/pollutant/6001,hour,4.1694002100,µg/m3,2018-10-25 01:00:00 +01:00,2018-10-25 02:00:00 +01:00,1,1
AT,AT.0008.20.AQ,NET.09,STA.09.AKC,,SPO.09.AKC.5066.6001.1,SPP.09.AKC.5066.6001.1.11325,SAM.09.AKC.5066.6001.1,PM2.5,http://dd.eionet.europa.eu/vocabulary/aq/pollutant/6001,hour,2.8501999300,µg/m3,2018-10-25 02:00:00 +01:00,2018-10-25 03:00:00 +01:00,1,1
AT,AT.0008.20.AQ,NET.09,STA.09.AKC,,SPO.09.AKC.5066.6001.1,SPP.09.AKC.5066.6001.1.11325,SAM.09.AKC.5066.6001.1,PM2.5,http://dd.eionet.europa.eu/vocabulary/aq/pollutant/6001,hour,2.4955501500,µg/m3,2018-10-25 03:00:00 +01:00,2018-10-25 04:00:00 +01:00,1,1
AT,AT.0008.20.AQ,NET.09,STA.09.AKC,,SPO.09.AKC.5066.6001.1,SPP.09.AKC.5066.6001.1.11325,SAM.09.AKC.5066.6001.1,PM2.5,http://dd.eionet.europa.eu/vocabulary/aq/pollutant/6001,hour,2.7603499800,µg/m3,2018-10-25 04:00:00 +01:00,2018-10-25 05:00:00 +01:00,1,1
AT,AT.0008.20.AQ,NET.09,STA.09.AKC,,SPO.09.AKC.5066.6001.1,SPP.09.AKC.5066.6001.1.11325,SAM.09.AKC.5066.6001.1,PM2.5,http://dd.eionet.europa.eu/vocabulary/aq/pollutant/6001,hour,5.3128499900,µg/m3,2018-10-25 05:00:00 +01:00,2018-10-25 06:00:00 +01:00,1,1
AT,AT.0008.20.AQ,NET.09,STA.09.AKC,,SPO.09.AKC.5066.6001.1,SPP.09.AKC.5066.6001.1.11325,SAM.09.AKC.5066.6001.1,PM2.5,http://dd.eionet.europa.eu/vocabulary/aq/pollutant/6001,hour,5.5446000000,µg/m3,2018-10-25 06:00:00 +01:00,2018-10-25 07:00:00 +01:00,1,1
AT,AT.0008.20.AQ,NET.09,STA.09.AKC,,SPO.09.AKC.5066.6001.1,SPP.09.AKC.5066.6001.1.11325,SAM.09.AKC.5066.6001.1,PM2.5,http://dd.eionet.europa.eu/vocabulary/aq/pollutant/6001,hour,8.4522495200,µg/m3,2018-10-25 08:00:00 +01:00,2018-10-25 09:00:00 +01:00,1,1
AT,AT.0008.20.AQ,NET.09,STA.09.AKC,,SPO.09.AKC.5066.6001.1,SPP.09.AKC.5066.6001.1.11325,SAM.09.AKC.5066.6001.1,PM2.5,http://dd.eionet.europa.eu/vocabulary/aq/pollutant/6001,hour,5.4699001300,µg/m3,2018-10-25 10:00:00 +01:00,2018-10-25 11:00:00 +01:00,1,1
AT,AT.0008.20.AQ,NET.09,STA.09.AKC,,SPO.09.AKC.5066.6001.1,SPP.09.AKC.5066.6001.1.11325,SAM.09.AKC.5066.6001.1,PM2.5,http://dd.eionet.europa.eu/vocabulary/aq/pollutant/6001,hour,5.7219500500,µg/m3,2018-10-25 11:00:00 +01:00,2018-10-25 12:00:00 +01:00,1,1
AT,AT.0008.20.AQ,NET.09,STA.09.AKC,,SPO.09.AKC.5066.6001.1,SPP.09.AKC.5066.6001.1.11325,SAM.09.AKC.5066.6001.1,PM2.5,http://dd.eionet.europa.eu/vocabulary/aq/pollutant/6001,hour,4.9660501400,µg/m3,2018-10-25 12:00:00 +01:00,2018-10-25 13:00:00 +01:00,1,1
AT,AT.0008.20.AQ,NET.09,STA.09.AKC,,SPO.09.AKC.5066.6001.1,SPP.09.AKC.5066.6001.1.11325,SAM.09.AKC.5066.6001.1,PM2.5,http://dd.eionet.europa.eu/vocabulary/aq/pollutant/6001,hour,3.5557498900,µg/m3,2018-10-25 16:00:00 +01:00,2018-10-25 17:00:00 +01:00,1,1
AT,AT.0008.20.AQ,NET.09,STA.09.AKC,,SPO.09.AKC.5066.6001.1,SPP.09.AKC.5066.6001.1.11325,SAM.09.AKC.5066.6001.1,PM2.5,http://dd.eionet.europa.eu/vocabulary/aq/pollutant/6001,hour,2.9473500200,µg/m3,2018-10-25 17:00:00 +01:00,2018-10-25 18:00:00 +01:00,1,1
AT,AT.0008.20.AQ,NET.09,STA.09.AKC,,SPO.09.AKC.5066.6001.1,SPP.09.AKC.5066.6001.1.11325,SAM.09.AKC.5066.6001.1,PM2.5,http://dd.eionet.europa.eu/vocabulary/aq/pollutant/6001,hour,4.5063500400,µg/m3,2018-10-25 23:00:00 +01:00,2018-10-26 00:00:00 +01:00,1,1
AT,AT.0008.20.AQ,NET.09,STA.09.AKC,,SPO.09.AKC.5066.6001.1,SPP.09.AKC.5066.6001.1.11325,SAM.09.AKC.5066.6001.1,PM2.5,http://dd.eionet.europa.eu/vocabulary/aq/pollutant/6001,hour,5.8515000300,µg/m3,2018-10-26 00:00:00 +01:00,2018-10-26 01:00:00 +01:00,1,1
AT,AT.0008.20.AQ,NET.09,STA.09.AKC,,SPO.09.AKC.5066.6001.1,SPP.09.AKC.5066.6001.1.11325,SAM.09.AKC.5066.6001.1,PM2.5,http://dd.eionet.europa.eu/vocabulary/aq/pollutant/6001,hour,6.3348503100,µg/m3,2018-10-26 01:00:00 +01:00,2018-10-26 02:00:00 +01:00,1,1
AT,AT.0008.20.AQ,NET.09,STA.09.AKC,,SPO.09.AKC.5066.6001.1,SPP.09.AKC.5066.6001.1.11325,SAM.09.AKC.5066.6001.1,PM2.5,http://dd.eionet.europa.eu/vocabulary/aq/pollutant/6001,hour,7.1283502500,µg/m3,2018-10-26 02:00:00 +01:00,2018-10-26 03:00:00 +01:00,1,1
AT,AT.0008.20.AQ,NET.09,STA.09.AKC,,SPO.09.AKC.5066.6001.1,SPP.09.AKC.5066.6001.1.11325,SAM.09.AKC.5066.6001.1,PM2.5,http://dd.eionet.europa.eu/vocabulary/aq/pollutant/6001,hour,7.3568000700,µg/m3,2018-10-26 03:00:00 +01:00,2018-10-26 04:00:00 +01:00,1,1
AT,AT.0008.20.AQ,NET.09,STA.09.AKC,,SPO.09.AKC.5066.6001.1,SPP.09.AKC.5066.6001.1.11325,SAM.09.AKC.5066.6001.1,PM2.5,http://dd.eionet.europa.eu/vocabulary/aq/pollutant/6001,hour,9.6847496000,µg/m3,2018-10-26 06:00:00 +01:00,2018-10-26 07:00:00 +01:00,1,1
AT,AT.0008.20.AQ,NET.09,STA.09.AKC,,SPO.09.AKC.5066.6001.1,SPP.09.AKC.5066.6001.1.11325,SAM.09.AKC.5066.6001.1,PM2.5,http://dd.eionet.europa.eu/vocabulary/aq/pollutant/6001,hour,10.6434993700,µg/m3,2018-10-26 07:00:00 +01:00,2018-10-26 08:00:00 +01:00,1,1
AT,AT.0008.20.AQ,NET.09,STA.09.AKC,,SPO.09.AKC.5066.6001.1,SPP.09.AKC.5066.6001.1.11325,SAM.09.AKC.5066.6001.1,PM2.5,http://dd.eionet.europa.eu/vocabulary/aq/pollutant/6001,hour,11.0790004700,µg/m3,2018-10-26 08:00:00 +01:00,2018-10-26 09:00:00 +01:00,1,1
AT,AT.0008.20.AQ,NET.09,STA.09.AKC,,SPO.09.AKC.5066.6001.1,SPP.09.AKC.5066.6001.1.11325,SAM.09.AKC.5066.6001.1,PM2.5,http://dd.eionet.europa.eu/vocabulary/aq/pollutant/6001,hour,10.5430002200,µg/m3,2018-10-26 10:00:00 +01:00,2018-10-26 11:00:00 +01:00,1,1
AT,AT.0008.20.AQ,NET.09,STA.09.AKC,,SPO.09.AKC.5066.6001.1,SPP.09.AKC.5066.6001.1.11325,SAM.09.AKC.5066.6001.1,PM2.5,http://dd.eionet.europa.eu/vocabulary/aq/pollutant/6001,hour,9.0935497200,µg/m3,2018-10-26 11:00:00 +01:00,2018-10-26 12:00:00 +01:00,1,1
AT,AT.0008.20.AQ,NET.09,STA.09.AKC,,SPO.09.AKC.5066.6001.1,SPP.09.AKC.5066.6001.1.11325,SAM.09.AKC.5066.6001.1,PM2.5,http://dd.eionet.europa.eu/vocabulary/aq/pollutant/6001,hour,9.4133491500,µg/m3,2018-10-26 12:00:00 +01:00,2018-10-26 13:00:00 +01:00,1,1
AT,AT.0008.20.AQ,NET.09,STA.09.AKC,,SPO.09.AKC.5066.6001.1,SPP.09.AKC.5066.6001.1.11325,SAM.09.AKC.5066.6001.1,PM2.5,http://dd.eionet.europa.eu/vocabulary/aq/pollutant/6001,hour,10.1234998700,µg/m3,2018-10-26 15:00:00 +01:00,2018-10-26 16:00:00 +01:00,1,1
AT,AT.0008.20.AQ,NET.09,STA.09.AKC,,SPO.09.AKC.5066.6001.1,SPP.09.AKC.5066.6001.1.11325,SAM.09.AKC.5066.6001.1,PM2.5,http://dd.eionet.europa.eu/vocabulary/aq/pollutant/6001,hour,11.1684999400,µg/m3,2018-10-26 17:00:00 +01:00,2018-10-26 18:00:00 +01:00,1,1
AT,AT.0008.20.AQ,NET.09,STA.09.AKC,,SPO.09.AKC.5066.6001.1,SPP.09.AKC.5066.6001.1.11325,SAM.09.AKC.5066.6001.1,PM2.5,http://dd.eionet.europa.eu/vocabulary/aq/pollutant/6001,hour,12.6234998700,µg/m3,2018-10-26 18:00:00 +01:00,2018-10-26 19:00:00 +01:00,1,1
AT,AT.0008.20.AQ,NET.09,STA.09.AKC,,SPO.09.AKC.5066.6001.1,SPP.09.AKC.5066.6001.1.11325,SAM.09.AKC.5066.6001.1,PM2.5,http://dd.eionet.europa.eu/vocabulary/aq/pollutant/6001,hour,16.4780006400,µg/m3,2018-10-26 20:00:00 +01:00,2018-10-26 21:00:00 +01:00,1,1
AT,AT.0008.20.AQ,NET.09,STA.09.AKC,,SPO.09.AKC.5066.6001.1,SPP.09.AKC.5066.6001.1.11325,SAM.09.AKC.5066.6001.1,PM2.5,http://dd.eionet.europa.eu/vocabulary/aq/pollutant/6001,hour,17.0929985000,µg/m3,2018-10-26 21:00:00 +01:00,2018-10-26 22:00:00 +01:00,1,1
AT,AT.0008.20.AQ,NET.09,STA.09.AKC,,SPO.09.AKC.5066.6001.1,SPP.09.AKC.5066.6001.1.11325,SAM.09.AKC.5066.6001.1,PM2.5,http://dd.eionet.europa.eu/vocabulary/aq/pollutant/6001,hour,17.6409988400,µg/m3,2018-10-26 22:00:00 +01:00,2018-10-26 23:00:00 +01:00,1,1
AT,AT.0008.20.AQ,NET.09,STA.09.AKC,,SPO.09.AKC.5066.6001.1,SPP.09.AKC.5066.6001.1.11325,SAM.09.AKC.5066.6001.1,PM2.5,http://dd.eionet.europa.eu/vocabulary/aq/pollutant/6001,hour,16.3885002100,µg/m3,2018-10-26 23:00:00 +01:00,2018-10-27 00:00:00 +01:00,1,1
AT,AT.0008.20.AQ,NET.09,STA.09.AKC,,SPO.09.AKC.5066.6001.1,SPP.09.AKC.5066.6001.1.11325,SAM.09.AKC.5066.6001.1,PM2.5,http://dd.eionet.europa.eu/vocabulary/aq/pollutant/6001,hour,17.5209999000,µg/m3,2018-10-27 01:00:00 +01:00,2018-10-27 02:00:00 +01:00,1,1
AT,AT.0008.20.AQ,NET.09,STA.09.AKC,,SPO.09.AKC.5066.6001.1,SPP.09.AKC.5066.6001.1.11325,SAM.09.AKC.5066.6001.1,PM2.5,http://dd.eionet.europa.eu/vocabulary/aq/pollutant/6001,hour,16.4375000000,µg/m3,2018-10-27 02:00:00 +01:00,2018-10-27 03:00:00 +01:00,1,1
AT,AT.0008.20.AQ,NET.09,STA.09.AKC,,SPO.09.AKC.5066.6001.1,SPP.09.AKC.5066.6001.1.11325,SAM.09.AKC.5066.6001.1,PM2.5,http://dd.eionet.europa.eu/vocabulary/aq/pollutant/6001,hour,14.7239999700,µg/m3,2018-10-27 04:00:00 +01:00,2018-10-27 05:00:00 +01:00,1,1
AT,AT.0008.20.AQ,NET.09,STA.09.AKC,,SPO.09.AKC.5066.6001.1,SPP.09.AKC.5066.6001.1.11325,SAM.09.AKC.5066.6001.1,PM2.5,http://dd.eionet.europa.eu/vocabulary/aq/pollutant/6001,hour,18.2765007000,µg/m3,2018-10-27 09:00:00 +01:00,2018-10-27 10:00:00 +01:00,1,1
AT,AT.0008.20.AQ,NET.09,STA.09.AKC,,SPO.09.AKC.5066.6001.1,SPP.09.AKC.5066.6001.1.11325,SAM.09.AKC.5066.6001.1,PM2.5,http://dd.eionet.europa.eu/vocabulary/aq/pollutant/6001,hour,17.3514995500,µg/m3,2018-10-27 10:00:00 +01:00,2018-10-27 11:00:00 +01:00,1,1
AT,AT.0008.20.AQ,NET.09,STA.09.AKC,,SPO.09.AKC.5066.6001.1,SPP.09.AKC.5066.6001.1.11325,SAM.09.AKC.5066.6001.1,PM2.5,http://dd.eionet.europa.eu/vocabulary/aq/pollutant/6001,hour,17.7924995400,µg/m3,2018-10-27 11:00:00 +01:00,2018-10-27 12:00:00 +01:00,1,1
AT,AT.0008.20.AQ,NET.09,STA.09.AKC,,SPO.09.AKC.5066.6001.1,SPP.09.AKC.5066.6001.1.11325,SAM.09.AKC.5066.6001.1,PM2.5,http://dd.eionet.europa.eu/vocabulary/aq/pollutant/6001,hour,17.1575012200,µg/m3,2018-10-27 12:00:00 +01:00,2018-10-27 13:00:00 +01:00,1,1
AT,AT.0008.20.AQ,NET.09,STA.09.AKC,,SPO.09.AKC.5066.6001.1,SPP.09.AKC.5066.6001.1.11325,SAM.09.AKC.5066.6001.1,PM2.5,http://dd.eionet.europa.eu/vocabulary/aq/pollutant/6001,hour,16.2524986200,µg/m3,2018-10-27 14:00:00 +01:00,2018-10-27 15:00:00 +01:00,1,1
AT,AT.0008.20.AQ,NET.09,STA.09.AKC,,SPO.09.AKC.5066.6001.1,SPP.09.AKC.5066.6001.1.11325,SAM.09.AKC.5066.6001.1,PM2.5,http://dd.eionet.europa.eu/vocabulary/aq/pollutant/6001,hour,14.9845008800,µg/m3,2018-10-27 15:00:00 +01:00,2018-10-27 16:00:00 +01:00,1,1
AT,AT.0008.20.AQ,NET.09,STA.09.AKC,,SPO.09.AKC.5066.6001.1,SPP.09.AKC.5066.6001.1.11325,SAM.09.AKC.5066.6001.1,PM2.5,http://dd.eionet.europa.eu/vocabulary/aq/pollutant/6001,hour,12.4969997400,µg/m3,2018-10-27 16:00:00 +01:00,2018-10-27 17:00:00 +01:00,1,1
AT,AT.0008.20.AQ,NET.09,STA.09.AKC,,SPO.09.AKC.5066.6001.1,SPP.09.AKC.5066.6001.1.11325,SAM.09.AKC.5066.6001.1,PM2.5,http://dd.eionet.europa.eu/vocabulary/aq/pollutant/6001,hour,12.2639999300,µg/m3,2018-10-27 17:00:00 +01:00,2018-10-27 18:00:00 +01:00,1,1
AT,AT.0008.20.AQ,NET.09,STA.09.AKC,,SPO.09.AKC.5066.6001.1,SPP.09.AKC.5066.6001.1.11325,SAM.09.AKC.5066.6001.1,PM2.5,http://dd.eionet.europa.eu/vocabulary/aq/pollutant/6001,hour,13.2480001400,µg/m3,2018-10-27 18:00:00 +01:00,2018-10-27 19:00:00 +01:00,1,1
AT,AT.0008.20.AQ,NET.09,STA.09.AKC,,SPO.09.AKC.5066.6001.1,SPP.09.AKC.5066.6001.1.11325,SAM.09.AKC.5066.6001.1,PM2.5,http://dd.eionet.europa.eu/vocabulary/aq/pollutant/6001,hour,8.8611001900,µg/m3,2018-10-27 19:00:00 +01:00,2018-10-27 20:00:00 +01:00,1,1
AT,AT.0008.20.AQ,NET.09,STA.09.AKC,,SPO.09.AKC.5066.6001.1,SPP.09.AKC.5066.6001.1.11325,SAM.09.AKC.5066.6001.1,PM2.5,http://dd.eionet.europa.eu/vocabulary/aq/pollutant/6001,hour,8.6539993200,µg/m3,2018-10-27 20:00:00 +01:00,2018-10-27 21:00:00 +01:00,1,1
AT,AT.0008.20.AQ,NET.09,STA.09.AKC,,SPO.09.AKC.5066.6001.1,SPP.09.AKC.5066.6001.1.11325,SAM.09.AKC.5066.6001.1,PM2.5,http://dd.eionet.europa.eu/vocabulary/aq/pollutant/6001,hour,6.8548002200,µg/m3,2018-10-27 22:00:00 +01:00,2018-10-27 23:00:00 +01:00,1,1
AT,AT.0008.20.AQ,NET.09,STA.09.AKC,,SPO.09.AKC.5066.6001.1,SPP.09.AKC.5066.6001.1.11325,SAM.09.AKC.5066.6001.1,PM2.5,http://dd.eionet.europa.eu/vocabulary/aq/pollutant/6001,hour,9.0212497700,µg/m3,2018-10-28 00:00:00 +01:00,2018-10-28 01:00:00 +01:00,1,1
AT,AT.0008.20.AQ,NET.09,STA.09.AKC,,SPO.09.AKC.5066.6001.1,SPP.09.AKC.5066.6001.1.11325,SAM.09.AKC.5066.6001.1,PM2.5,http://dd.eionet.europa.eu/vocabulary/aq/pollutant/6001,hour,12.3549995400,µg/m3,2018-10-28 01:00:00 +01:00,2018-10-28 02:00:00 +01:00,1,1
AT,AT.0008.20.AQ,NET.09,STA.09.AKC,,SPO.09.AKC.5066.6001.1,SPP.09.AKC.5066.6001.1.11325,SAM.09.AKC.5066.6001.1,PM2.5,http://dd.eionet.europa.eu/vocabulary/aq/pollutant/6001,hour,14.7744998900,µg/m3,2018-10-28 02:00:00 +01:00,2018-10-28 03:00:00 +01:00,1,1
AT,AT.0008.20.AQ,NET.09,STA.09.AKC,,SPO.09.AKC.5066.6001.1,SPP.09.AKC.5066.6001.1.11325,SAM.09.AKC.5066.6001.1,PM2.5,http://dd.eionet.europa.eu/vocabulary/aq/pollutant/6001,hour,15.8600006100,µg/m3,2018-10-28 03:00:00 +01:00,2018-10-28 04:00:00 +01:00,1,1
AT,AT.0008.20.AQ,NET.09,STA.09.AKC,,SPO.09.AKC.5066.6001.1,SPP.09.AKC.5066.6001.1.11325,SAM.09.AKC.5066.6001.1,PM2.5,http://dd.eionet.europa.eu/vocabulary/aq/pollutant/6001,hour,15.3619995100,µg/m3,2018-10-28 04:00:00 +01:00,2018-10-28 05:00:00 +01:00,1,1
AT,AT.0008.20.AQ,NET.09,STA.09.AKC,,SPO.09.AKC.5066.6001.1,SPP.09.AKC.5066.6001.1.11325,SAM.09.AKC.5066.6001.1,PM2.5,http://dd.eionet.europa.eu/vocabulary/aq/pollutant/6001,hour,16.4185009000,µg/m3,2018-10-28 06:00:00 +01:00,2018-10-28 07:00:00 +01:00,1,1
AT,AT.0008.20.AQ,NET.09,STA.09.AKC,,SPO.09.AKC.5066.6001.1,SPP.09.AKC.5066.6001.1.11325,SAM.09.AKC.5066.6001.1,PM2.5,http://dd.eionet.europa.eu/vocabulary/aq/pollutant/6001,hour,21.0499992300,µg/m3,2018-10-28 09:00:00 +01:00,2018-10-28 10:00:00 +01:00,1,1
AT,AT.0008.20.AQ,NET.09,STA.09.AKC,,SPO.09.AKC.5066.6001.1,SPP.09.AKC.5066.6001.1.11325,SAM.09.AKC.5066.6001.1,PM2.5,http://dd.eionet.europa.eu/vocabulary/aq/pollutant/6001,hour,15.7749996100,µg/m3,2018-10-28 11:00:00 +01:00,2018-10-28 12:00:00 +01:00,1,1
AT,AT.0008.20.AQ,NET.09,STA.09.AKC,,SPO.09.AKC.5066.6001.1,SPP.09.AKC.5066.6001.1.11325,SAM.09.AKC.5066.6001.1,PM2.5,http://dd.eionet.europa.eu/vocabulary/aq/pollutant/6001,hour,16.0499992300,µg/m3,2018-10-28 12:00:00 +01:00,2018-10-28 13:00:00 +01:00,1,1
AT,AT.0008.20.AQ,NET.09,STA.09.AKC,,SPO.09.AKC.5066.6001.1,SPP.09.AKC.5066.6001.1.11325,SAM.09.AKC.5066.6001.1,PM2.5,http://dd.eionet.europa.eu/vocabulary/aq/pollutant/6001,hour,17.7869987400,µg/m3,2018-10-28 13:00:00 +01:00,2018-10-28 14:00:00 +01:00,1,1
AT,AT.0008.20.AQ,NET.09,STA.09.AKC,,SPO.09.AKC.5066.6001.1,SPP.09.AKC.5066.6001.1.11325,SAM.09.AKC.5066.6001.1,PM2.5,http://dd.eionet.europa.eu/vocabulary/aq/pollutant/6001,hour,16.0559997500,µg/m3,2018-10-28 14:00:00 +01:00,2018-10-28 15:00:00 +01:00,1,1
AT,AT.0008.20.AQ,NET.09,STA.09.AKC,,SPO.09.AKC.5066.6001.1,SPP.09.AKC.5066.6001.1.11325,SAM.09.AKC.5066.6001.1,PM2.5,http://dd.eionet.europa.eu/vocabulary/aq/pollutant/6001,hour,10.3074998800,µg/m3,2018-10-28 16:00:00 +01:00,2018-10-28 17:00:00 +01:00,1,1
AT,AT.0008.20.AQ,NET.09,STA.09.AKC,,SPO.09.AKC.5066.6001.1,SPP.09.AKC.5066.6001.1.11325,SAM.09.AKC.5066.6001.1,PM2.5,http://dd.eionet.europa.eu/vocabulary/aq/pollutant/6001,hour,13.7019996600,µg/m3,2018-10-28 17:00:00 +01:00,2018-10-28 18:00:00 +01:00,1,1
AT,AT.0008.20.AQ,NET.09,STA.09.AKC,,SPO.09.AKC.5066.6001.1,SPP.09.AKC.5066.6001.1.11325,SAM.09.AKC.5066.6001.1,PM2.5,http://dd.eionet.europa.eu/vocabulary/aq/pollutant/6001,hour,17.2825012200,µg/m3,2018-10-28 20:00:00 +01:00,2018-10-28 21:00:00 +01:00,1,1
AT,AT.0008.20.AQ,NET.09,STA.09.AKC,,SPO.09.AKC.5066.6001.1,SPP.09.AKC.5066.6001.1.11325,SAM.09.AKC.5066.6001.1,PM2.5,http://dd.eionet.europa.eu/vocabulary/aq/pollutant/6001,hour,14.0739994000,µg/m3,2018-10-28 21:00:00 +01:00,2018-10-28 22:00:00 +01:00,1,1
AT,AT.0008.20.AQ,NET.09,STA.09.AKC,,SPO.09.AKC.5066.6001.1,SPP.09.AKC.5066.6001.1.11325,SAM.09.AKC.5066.6001.1,PM2.5,http://dd.eionet.europa.eu/vocabulary/aq/pollutant/6001,hour,13.5615005400,µg/m3,2018-10-28 22:00:00 +01:00,2018-10-28 23:00:00 +01:00,1,1
AT,AT.0008.20.AQ,NET.09,STA.09.AKC,,SPO.09.AKC.5066.6001.1,SPP.09.AKC.5066.6001.1.11325,SAM.09.AKC.5066.6001.1,PM2.5,http://dd.eionet.europa.eu/vocabulary/aq/pollutant/6001,hour,17.8920001900,µg/m3,2018-10-28 23:00:00 +01:00,2018-10-29 00:00:00 +01:00,1,1
AT,AT.0008.20.AQ,NET.09,STA.09.AKC,,SPO.09.AKC.5066.6001.1,SPP.09.AKC.5066.6001.1.11325,SAM.09.AKC.5066.6001.1,PM2.5,http://dd.eionet.europa.eu/vocabulary/aq/pollutant/6001,hour,19.0265007000,µg/m3,2018-10-29 00:00:00 +01:00,2018-10-29 01:00:00 +01:00,1,1
AT,AT.0008.20.AQ,NET.09,STA.09.AKC,,SPO.09.AKC.5066.6001.1,SPP.09.AKC.5066.6001.1.11325,SAM.09.AKC.5066.6001.1,PM2.5,http://dd.eionet.europa.eu/vocabulary/aq/pollutant/6001,hour,15.0244998900,µg/m3,2018-10-29 03:00:00 +01:00,2018-10-29 04:00:00 +01:00,1,1
AT,AT.0008.20.AQ,NET.09,STA.09.AKC,,SPO.09.AKC.5066.6001.1,SPP.09.AKC.5066.6001.1.11325,SAM.09.AKC.5066.6001.1,PM2.5,http://dd.eionet.europa.eu/vocabulary/aq/pollutant/6001,hour,13.7034997900,µg/m3,2018-10-29 04:00:00 +01:00,2018-10-29 05:00:00 +01:00,1,1
AT,AT.0008.20.AQ,NET.09,STA.09.AKC,,SPO.09.AKC.5066.6001.1,SPP.09.AKC.5066.6001.1.11325,SAM.09.AKC.5066.6001.1,PM2.5,http://dd.eionet.europa.eu/vocabulary/aq/pollutant/6001,hour,11.3264999300,µg/m3,2018-10-29 05:00:00 +01:00,2018-10-29 06:00:00 +01:00,1,1
AT,AT.0008.20.AQ,NET.09,STA.09.AKC,,SPO.09.AKC.5066.6001.1,SPP.09.AKC.5066.6001.1.11325,SAM.09.AKC.5066.6001.1,PM2.5,http://dd.eionet.europa.eu/vocabulary/aq/pollutant/6001,hour,12.7915000900,µg/m3,2018-10-29 06:00:00 +01:00,2018-10-29 07:00:00 +01:00,1,1
AT,AT.0008.20.AQ,NET.09,STA.09.AKC,,SPO.09.AKC.5066.6001.1,SPP.09.AKC.5066.6001.1.11325,SAM.09.AKC.5066.6001.1,PM2.5,http://dd.eionet.europa.eu/vocabulary/aq/pollutant/6001,hour,13.8164997100,µg/m3,2018-10-29 07:00:00 +01:00,2018-10-29 08:00:00 +01:00,1,1
AT,AT.0008.20.AQ,NET.09,STA.09.AKC,,SPO.09.AKC.5066.6001.1,SPP.09.AKC.5066.6001.1.11325,SAM.09.AKC.5066.6001.1,PM2.5,http://dd.eionet.europa.eu/vocabulary/aq/pollutant/6001,hour,16.6744995100,µg/m3,2018-10-29 08:00:00 +01:00,2018-10-29 09:00:00 +01:00,1,1
AT,AT.0008.20.AQ,NET.09,STA.09.AKC,,SPO.09.AKC.5066.6001.1,SPP.09.AKC.5066.6001.1.11325,SAM.09.AKC.5066.6001.1,PM2.5,http://dd.eionet.europa.eu/vocabulary/aq/pollutant/6001,hour,17.9780006400,µg/m3,2018-10-29 09:00:00 +01:00,2018-10-29 10:00:00 +01:00,1,1
AT,AT.0008.20.AQ,NET.09,STA.09.AKC,,SPO.09.AKC.5066.6001.1,SPP.09.AKC.5066.6001.1.11325,SAM.09.AKC.5066.6001.1,PM2.5,http://dd.eionet.europa.eu/vocabulary/aq/pollutant/6001,hour,19.1079998000,µg/m3,2018-10-29 10:00:00 +01:00,2018-10-29 11:00:00 +01:00,1,1
AT,AT.0008.20.AQ,NET.09,STA.09.AKC,,SPO.09.AKC.5066.6001.1,SPP.09.AKC.5066.6001.1.11325,SAM.09.AKC.5066.6001.1,PM2.5,http://dd.eionet.europa.eu/vocabulary/aq/pollutant/6001,hour,8.7948999400,µg/m3,2018-10-29 11:00:00 +01:00,2018-10-29 12:00:00 +01:00,1,1
AT,AT.0008.20.AQ,NET.09,STA.09.AKC,,SPO.09.AKC.5066.6001.1,SPP.09.AKC.5066.6001.1.11325,SAM.09.AKC.5066.6001.1,PM2.5,http://dd.eionet.europa.eu/vocabulary/aq/pollutant/6001,hour,6.6975002200,µg/m3,2018-10-29 12:00:00 +01:00,2018-10-29 13:00:00 +01:00,1,1
AT,AT.0008.20.AQ,NET.09,STA.09.AKC,,SPO.09.AKC.5066.6001.1,SPP.09.AKC.5066.6001.1.11325,SAM.09.AKC.5066.6001.1,PM2.5,http://dd.eionet.europa.eu/vocabulary/aq/pollutant/6001,hour,6.8187503800,µg/m3,2018-10-29 14:00:00 +01:00,2018-10-29 15:00:00 +01:00,1,1
AT,AT.0008.20.AQ,NET.09,STA.09.AKC,,SPO.09.AKC.5066.6001.1,SPP.09.AKC.5066.6001.1.11325,SAM.09.AKC.5066.6001.1,PM2.5,http://dd.eionet.europa.eu/vocabulary/aq/pollutant/6001,hour,6.2695999100,µg/m3,2018-10-29 15:00:00 +01:00,2018-10-29 16:00:00 +01:00,1,1
AT,AT.0008.20.AQ,NET.09,STA.09.AKC,,SPO.09.AKC.5066.6001.1,SPP.09.AKC.5066.6001.1.11325,SAM.09.AKC.5066.6001.1,PM2.5,http://dd.eionet.europa.eu/vocabulary/aq/pollutant/6001,hour,7.0239000300,µg/m3,2018-10-29 19:00:00 +01:00,2018-10-29 20:00:00 +01:00,1,1
AT,AT.0008.20.AQ,NET.09,STA.09.AKC,,SPO.09.AKC.5066.6001.1,SPP.09.AKC.5066.6001.1.11325,SAM.09.AKC.5066.6001.1,PM2.5,http://dd.eionet.europa.eu/vocabulary/aq/pollutant/6001,hour,7.9906001000,µg/m3,2018-10-29 21:00:00 +01:00,2018-10-29 22:00:00 +01:00,1,1
AT,AT.0008.20.AQ,NET.09,STA.09.AKC,,SPO.09.AKC.5066.6001.1,SPP.09.AKC.5066.6001.1.11325,SAM.09.AKC.5066.6001.1,PM2.5,http://dd.eionet.europa.eu/vocabulary/aq/pollutant/6001,hour,8.8914508800,µg/m3,2018-10-29 23:00:00 +01:00,2018-10-30 00:00:00 +01:00,1,1
AT,AT.0008.20.AQ,NET.09,STA.09.AKC,,SPO.09.AKC.5066.6001.1,SPP.09.AKC.5066.6001.1.11325,SAM.09.AKC.5066.6001.1,PM2.5,http://dd.eionet.europa.eu/vocabulary/aq/pollutant/6001,hour,8.8447999900,µg/m3,2018-10-30 01:00:00 +01:00,2018-10-30 02:00:00 +01:00,1,1
AT,AT.0008.20.AQ,NET.09,STA.09.AKC,,SPO.09.AKC.5066.6001.1,SPP.09.AKC.5066.6001.1.11325,SAM.09.AKC.5066.6001.1,PM2.5,http://dd.eionet.europa.eu/vocabulary/aq/pollutant/6001,hour,6.4617500300,µg/m3,2018-10-30 04:00:00 +01:00,2018-10-30 05:00:00 +01:00,1,1
AT,AT.0008.20.AQ,NET.09,STA.09.AKC,,SPO.09.AKC.5066.6001.1,SPP.09.AKC.5066.6001.1.11325,SAM.09.AKC.5066.6001.1,PM2.5,http://dd.eionet.europa.eu/vocabulary/aq/pollutant/6001,hour,5.7765998800,µg/m3,2018-10-30 07:00:00 +01:00,2018-10-30 08:00:00 +01:00,1,1
AT,AT.0008.20.AQ,NET.09,STA.09.AKC,,SPO.09.AKC.5066.6001.1,SPP.09.AKC.5066.6001.1.11325,SAM.09.AKC.5066.6001.1,PM2.5,http://dd.eionet.europa.eu/vocabulary/aq/pollutant/6001,hour,6.1552500700,µg/m3,2018-10-30 08:00:00 +01:00,2018-10-30 09:00:00 +01:00,1,1
AT,AT.0008.20.AQ,NET.09,STA.09.AKC,,SPO.09.AKC.5066.6001.1,SPP.09.AKC.5066.6001.1.11325,SAM.09.AKC.5066.6001.1,PM2.5,http://dd.eionet.europa.eu/vocabulary/aq/pollutant/6001,hour,2.9517998600,µg/m3,2018-10-30 12:00:00 +01:00,2018-10-30 13:00:00 +01:00,1,1
AT,AT.0008.20.AQ,NET.09,STA.09.AKC,,SPO.09.AKC.5066.6001.1,SPP.09.AKC.5066.6001.1.11325,SAM.09.AKC.5066.6001.1,PM2.5,http://dd.eionet.europa.eu/vocabulary/aq/pollutant/6001,hour,2.8367500300,µg/m3,2018-10-30 15:00:00 +01:00,2018-10-30 16:00:00 +01:00,1,1
AT,AT.0008.20.AQ,NET.09,STA.09.AKC,,SPO.09.AKC.5066.6001.1,SPP.09.AKC.5066.6001.1.11325,SAM.09.AKC.5066.6001.1,PM2.5,http://dd.eionet.europa.eu/vocabulary/aq/pollutant/6001,hour,2.7366499900,µg/m3,2018-10-30 16:00:00 +01:00,2018-10-30 17:00:00 +01:00,1,1
AT,AT.0008.20.AQ,NET.09,STA.09.AKC,,SPO.09.AKC.5066.6001.1,SPP.09.AKC.5066.6001.1.11325,SAM.09.AKC.5066.6001.1,PM2.5,http://dd.eionet.europa.eu/vocabulary/aq/pollutant/6001,hour,2.8622000200,µg/m3,2018-10-30 19:00:00 +01:00,2018-10-30 20:00:00 +01:00,1,1
AT,AT.0008.20.AQ,NET.09,STA.09.AKC,,SPO.09.AKC.5066.6001.1,SPP.09.AKC.5066.6001.1.11325,SAM.09.AKC.5066.6001.1,PM2.5,http://dd.eionet.europa.eu/vocabulary/aq/pollutant/6001,hour,3.8827500300,µg/m3,2018-10-30 21:00:00 +01:00,2018-10-30 22:00:00 +01:00,1,1
AT,AT.0008.20.AQ,NET.09,STA.09.AKC,,SPO.09.AKC.5066.6001.1,SPP.09.AKC.5066.6001.1.11325,SAM.09.AKC.5066.6001.1,PM2.5,http://dd.eionet.europa.eu/vocabulary/aq/pollutant/6001,hour,3.3510999600,µg/m3,2018-10-30 23:00:00 +01:00,2018-10-31 00:00:00 +01:00,1,1
AT,AT.0008.20.AQ,NET.09,STA.09.AKC,,SPO.09.AKC.5066.6001.1,SPP.09.AKC.5066.6001.1.11325,SAM.09.AKC.5066.6001.1,PM2.5,http://dd.eionet.europa.eu/vocabulary/aq/pollutant/6001,hour,3.2639999300,µg/m3,2018-10-31 03:00:00 +01:00,2018-10-31 04:00:00 +01:00,1,1
AT,AT.0008.20.AQ,NET.09,STA.09.AKC,,SPO.09.AKC.5066.6001.1,SPP.09.AKC.5066.6001.1.11325,SAM.09.AKC.5066.6001.1,PM2.5,http://dd.eionet.europa.eu/vocabulary/aq/pollutant/6001,hour,3.4370000300,µg/m3,2018-10-31 04:00:00 +01:00,2018-10-31 05:00:00 +01:00,1,1
AT,AT.0008.20.AQ,NET.09,STA.09.AKC,,SPO.09.AKC.5066.6001.1,SPP.09.AKC.5066.6001.1.11325,SAM.09.AKC.5066.6001.1,PM2.5,http://dd.eionet.europa.eu/vocabulary/aq/pollutant/6001,hour,5.2497000600,µg/m3,2018-10-31 05:00:00 +01:00,2018-10-31 06:00:00 +01:00,1,1
AT,AT.0008.20.AQ,NET.09,STA.09.AKC,,SPO.09.AKC.5066.6001.1,SPP.09.AKC.5066.6001.1.11325,SAM.09.AKC.5066.6001.1,PM2.5,http://dd.eionet.europa.eu/vocabulary/aq/pollutant/6001,hour,5.8599500600,µg/m3,2018-10-31 06:00:00 +01:00,2018-10-31 07:00:00 +01:00,1,1
AT,AT.0008.20.AQ,NET.09,STA.09.AKC,,SPO.09.AKC.5066.6001.1,SPP.09.AKC.5066.6001.1.11325,SAM.09.AKC.5066.6001.1,PM2.5,http://dd.eionet.europa.eu/vocabulary/aq/pollutant/6001,hour,13.8365001600,µg/m3,2018-10-31 07:00:00 +01:00,2018-10-31 08:00:00 +01:00,1,1
AT,AT.0008.20.AQ,NET.09,STA.09.AKC,,SPO.09.AKC.5066.6001.1,SPP.09.AKC.5066.6001.1.11325,SAM.09.AKC.5066.6001.1,PM2.5,http://dd.eionet.europa.eu/vocabulary/aq/pollutant/6001,hour,11.9335002800,µg/m3,2018-10-31 08:00:00 +01:00,2018-10-31 09:00:00 +01:00,1,1
AT,AT.0008.20.AQ,NET.09,STA.09.AKC,,SPO.09.AKC.5066.6001.1,SPP.09.AKC.5066.6001.1.11325,SAM.09.AKC.5066.6001.1,PM2.5,http://dd.eionet.europa.eu/vocabulary/aq/pollutant/6001,hour,9.1632995600,µg/m3,2018-10-31 09:00:00 +01:00,2018-10-31 10:00:00 +01:00,1,1
AT,AT.0008.20.AQ,NET.09,STA.09.AKC,,SPO.09.AKC.5066.6001.1,SPP.09.AKC.5066.6001.1.11325,SAM.09.AKC.5066.6001.1,PM2.5,http://dd.eionet.europa.eu/vocabulary/aq/pollutant/6001,hour,8.9771003700,µg/m3,2018-10-31 10:00:00 +01:00,2018-10-31 11:00:00 +01:00,1,1
AT,AT.0008.20.AQ,NET.09,STA.09.AKC,,SPO.09.AKC.5066.6001.1,SPP.09.AKC.5066.6001.1.11325,SAM.09.AKC.5066.6001.1,PM2.5,http://dd.eionet.europa.eu/vocabulary/aq/pollutant/6001,hour,7.7128000200,µg/m3,2018-10-31 12:00:00 +01:00,2018-10-31 13:00:00 +01:00,1,1
AT,AT.0008.20.AQ,NET.09,STA.09.AKC,,SPO.09.AKC.5066.6001.1,SPP.09.AKC.5066.6001.1.11325,SAM.09.AKC.5066.6001.1,PM2.5,http://dd.eionet.europa.eu/vocabulary/aq/pollutant/6001,hour,5.5319499900,µg/m3,2018-10-31 13:00:00 +01:00,2018-10-31 14:00:00 +01:00,1,1
AT,AT.0008.20.AQ,NET.09,STA.09.AKC,,SPO.09.AKC.5066.6001.1,SPP.09.AKC.5066.6001.1.11325,SAM.09.AKC.5066.6001.1,PM2.5,http://dd.eionet.europa.eu/vocabulary/aq/pollutant/6001,hour,3.6363999800,µg/m3,2018-10-31 14:00:00 +01:00,2018-10-31 15:00:00 +01:00,1,1
AT,AT.0008.20.AQ,NET.09,STA.09.AKC,,SPO.09.AKC.5066.6001.1,SPP.09.AKC.5066.6001.1.11325,SAM.09.AKC.5066.6001.1,PM2.5,http://dd.eionet.europa.eu/vocabulary/aq/pollutant/6001,hour,3.0923500000,µg/m3,2018-10-31 15:00:00 +01:00,2018-10-31 16:00:00 +01:00,1,1
AT,AT.0008.20.AQ,NET.09,STA.09.AKC,,SPO.09.AKC.5066.6001.1,SPP.09.AKC.5066.6001.1.11325,SAM.09.AKC.5066.6001.1,PM2.5,http://dd.eionet.europa.eu/vocabulary/aq/pollutant/6001,hour,3.6399002000,µg/m3,2018-10-31 16:00:00 +01:00,2018-10-31 17:00:00 +01:00,1,1
AT,AT.0008.20.AQ,NET.09,STA.09.AKC,,SPO.09.AKC.5066.6001.1,SPP.09.AKC.5066.6001.1.11325,SAM.09.AKC.5066.6001.1,PM2.5,http://dd.eionet.europa.eu/vocabulary/aq/pollutant/6001,hour,3.6639499600,µg/m3,2018-10-31 17:00:00 +01:00,2018-10-31 18:00:00 +01:00,1,1
AT,AT.0008.20.AQ,NET.09,STA.09.AKC,,SPO.09.AKC.5066.6001.1,SPP.09.AKC.5066.6001.1.11325,SAM.09.AKC.5066.6001.1,PM2.5,http://dd.eionet.europa.eu/vocabulary/aq/pollutant/6001,hour,3.9036998700,µg/m3,2018-10-31 18:00:00 +01:00,2018-10-31 19:00:00 +01:00,1,1
AT,AT.0008.20.AQ,NET.09,STA.09.AKC,,SPO.09.AKC.5066.6001.1,SPP.09.AKC.5066.6001.1.11325,SAM.09.AKC.5066.6001.1,PM2.5,http://dd.eionet.europa.eu/vocabulary/aq/pollutant/6001,hour,4.2108497600,µg/m3,2018-10-31 19:00:00 +01:00,2018-10-31 20:00:00 +01:00,1,1
AT,AT.0008.20.AQ,NET.09,STA.09.AKC,,SPO.09.AKC.5066.6001.1,SPP.09.AKC.5066.6001.1.11325,SAM.09.AKC.5066.6001.1,PM2.5,http://dd.eionet.europa.eu/vocabulary/aq/pollutant/6001,hour,4.2446002900,µg/m3,2018-10-31 20:00:00 +01:00,2018-10-31 21:00:00 +01:00,1,1
AT,AT.0008.20.AQ,NET.09,STA.09.AKC,,SPO.09.AKC.5066.6001.1,SPP.09.AKC.5066.6001.1.11325,SAM.09.AKC.5066.6001.1,PM2.5,http://dd.eionet.europa.eu/vocabulary/aq/pollutant/6001,hour,4.4089002600,µg/m3,2018-10-31 21:00:00 +01:00,2018-10-31 22:00:00 +01:00,1,1
AT,AT.0008.20.AQ,NET.09,STA.09.AKC,,SPO.09.AKC.5066.6001.1,SPP.09.AKC.5066.6001.1.11325,SAM.09.AKC.5066.6001.1,PM2.5,http://dd.eionet.europa.eu/vocabulary/aq/pollutant/6001,hour,4.7291498100,µg/m3,2018-10-31 22:00:00 +01:00,2018-10-31 23:00:00 +01:00,1,1
AT,AT.0008.20.AQ,NET.09,STA.09.AKC,,SPO.09.AKC.5066.6001.1,SPP.09.AKC.5066.6001.1.11325,SAM.09.AKC.5066.6001.1,PM2.5,http://dd.eionet.europa.eu/vocabulary/aq/pollutant/6001,hour,4.7746000200,µg/m3,2018-11-01 00:00:00 +01:00,2018-11-01 01:00:00 +01:00,1,1
AT,AT.0008.20.AQ,NET.09,STA.09.AKC,,SPO.09.AKC.5066.6001.1,SPP.09.AKC.5066.6001.1.11325,SAM.09.AKC.5066.6001.1,PM2.5,http://dd.eionet.europa.eu/vocabulary/aq/pollutant/6001,hour,5.0493001900,µg/m3,2018-11-01 01:00:00 +01:00,2018-11-01 02:00:00 +01:00,1,1
AT,AT.0008.20.AQ,NET.09,STA.09.AKC,,SPO.09.AKC.5066.6001.1,SPP.09.AKC.5066.6001.1.11325,SAM.09.AKC.5066.6001.1,PM2.5,http://dd.eionet.europa.eu/vocabulary/aq/pollutant/6001,hour,5.7850999800,µg/m3,2018-11-01 03:00:00 +01:00,2018-11-01 04:00:00 +01:00,1,1
AT,AT.0008.20.AQ,NET.09,STA.09.AKC,,SPO.09.AKC.5066.6001.1,SPP.09.AKC.5066.6001.1.11325,SAM.09.AKC.5066.6001.1,PM2.5,http://dd.eionet.europa.eu/vocabulary/aq/pollutant/6001,hour,6.4233498500,µg/m3,2018-11-01 07:00:00 +01:00,2018-11-01 08:00:00 +01:00,1,1
AT,AT.0008.20.AQ,NET.09,STA.09.AKC,,SPO.09.AKC.5066.6001.1,SPP.09.AKC.5066.6001.1.11325,SAM.09.AKC.5066.6001.1,PM2.5,http://dd.eionet.europa.eu/vocabulary/aq/pollutant/6001,hour,5.7229499800,µg/m3,2018-11-01 08:00:00 +01:00,2018-11-01 09:00:00 +01:00,1,1
AT,AT.0008.20.AQ,NET.09,STA.09.AKC,,SPO.09.AKC.5066.6001.1,SPP.09.AKC.5066.6001.1.11325,SAM.09.AKC.5066.6001.1,PM2.5,http://dd.eionet.europa.eu/vocabulary/aq/pollutant/6001,hour,6.0767002100,µg/m3,2018-11-01 11:00:00 +01:00,2018-11-01 12:00:00 +01:00,1,1
AT,AT.0008.20.AQ,NET.09,STA.09.AKC,,SPO.09.AKC.5066.6001.1,SPP.09.AKC.5066.6001.1.11325,SAM.09.AKC.5066.6001.1,PM2.5,http://dd.eionet.europa.eu/vocabulary/aq/pollutant/6001,hour,8.0065498300,µg/m3,2018-11-01 12:00:00 +01:00,2018-11-01 13:00:00 +01:00,1,1
AT,AT.0008.20.AQ,NET.09,STA.09.AKC,,SPO.09.AKC.5066.6001.1,SPP.09.AKC.5066.6001.1.11325,SAM.09.AKC.5066.6001.1,PM2.5,http://dd.eionet.europa.eu/vocabulary/aq/pollutant/6001,hour,8.7956504800,µg/m3,2018-11-01 13:00:00 +01:00,2018-11-01 14:00:00 +01:00,1,1
AT,AT.0008.20.AQ,NET.09,STA.09.AKC,,SPO.09.AKC.5066.6001.1,SPP.09.AKC.5066.6001.1.11325,SAM.09.AKC.5066.6001.1,PM2.5,http://dd.eionet.europa.eu/vocabulary/aq/pollutant/6001,hour,10.5500001900,µg/m3,2018-11-01 14:00:00 +01:00,2018-11-01 15:00:00 +01:00,1,1
AT,AT.0008.20.AQ,NET.09,STA.09.AKC,,SPO.09.AKC.5066.6001.1,SPP.09.AKC.5066.6001.1.11325,SAM.09.AKC.5066.6001.1,PM2.5,http://dd.eionet.europa.eu/vocabulary/aq/pollutant/6001,hour,11.8500003800,µg/m3,2018-11-01 15:00:00 +01:00,2018-11-01 16:00:00 +01:00,1,1
AT,AT.0008.20.AQ,NET.09,STA.09.AKC,,SPO.09.AKC.5066.6001.1,SPP.09.AKC.5066.6001.1.11325,SAM.09.AKC.5066.6001.1,PM2.5,http://dd.eionet.europa.eu/vocabulary/aq/pollutant/6001,hour,13.0469999300,µg/m3,2018-11-01 17:00:00 +01:00,2018-11-01 18:00:00 +01:00,1,1
AT,AT.0008.20.AQ,NET.09,STA.09.AKC,,SPO.09.AKC.5066.6001.1,SPP.09.AKC.5066.6001.1.11325,SAM.09.AKC.5066.6001.1,PM2.5,http://dd.eionet.europa.eu/vocabulary/aq/pollutant/6001,hour,14.3330001800,µg/m3,2018-11-01 19:00:00 +01:00,2018-11-01 20:00:00 +01:00,1,1
AT,AT.0008.20.AQ,NET.09,STA.09.AKC,,SPO.09.AKC.5066.6001.1,SPP.09.AKC.5066.6001.1.11325,SAM.09.AKC.5066.6001.1,PM2.5,http://dd.eionet.europa.eu/vocabulary/aq/pollutant/6001,hour,14.4680004100,µg/m3,2018-11-01 20:00:00 +01:00,2018-11-01 21:00:00 +01:00,1,1
AT,AT.0008.20.AQ,NET.09,STA.09.AKC,,SPO.09.AKC.5066.6001.1,SPP.09.AKC.5066.6001.1.11325,SAM.09.AKC.5066.6001.1,PM2.5,http://dd.eionet.europa.eu/vocabulary/aq/pollutant/6001,hour,12.8874998000,µg/m3,2018-11-01 21:00:00 +01:00,2018-11-01 22:00:00 +01:00,1,1
AT,AT.0008.20.AQ,NET.09,STA.09.AKC,,SPO.09.AKC.5066.6001.1,SPP.09.AKC.5066.6001.1.11325,SAM.09.AKC.5066.6001.1,PM2.5,http://dd.eionet.europa.eu/vocabulary/aq/pollutant/6001,hour,9.1951999600,µg/m3,2018-11-01 22:00:00 +01:00,2018-11-01 23:00:00 +01:00,1,1
AT,AT.0008.20.AQ,NET.09,STA.09.AKC,,SPO.09.AKC.5066.6001.1,SPP.09.AKC.5066.6001.1.11325,SAM.09.AKC.5066.6001.1,PM2.5,http://dd.eionet.europa.eu/vocabulary/aq/pollutant/6001,hour,6.5799498500,µg/m3,2018-11-02 00:00:00 +01:00,2018-11-02 01:00:00 +01:00,1,1
AT,AT.0008.20.AQ,NET.09,STA.09.AKC,,SPO.09.AKC.5066.6001.1,SPP.09.AKC.5066.6001.1.11325,SAM.09.AKC.5066.6001.1,PM2.5,http://dd.eionet.europa.eu/vocabulary/aq/pollutant/6001,hour,8.3664999000,µg/m3,2018-11-02 01:00:00 +01:00,2018-11-02 02:00:00 +01:00,1,1
AT,AT.0008.20.AQ,NET.09,STA.09.AKC,,SPO.09.AKC.5066.6001.1,SPP.09.AKC.5066.6001.1.11325,SAM.09.AKC.5066.6001.1,PM2.5,http://dd.eionet.europa.eu/vocabulary/aq/pollutant/6001,hour,9.4588499000,µg/m3,2018-11-02 02:00:00 +01:00,2018-11-02 03:00:00 +01:00,1,1
AT,AT.0008.20.AQ,NET.09,STA.09.AKC,,SPO.09.AKC.5066.6001.1,SPP.09.AKC.5066.6001.1.11325,SAM.09.AKC.5066.6001.1,PM2.5,http://dd.eionet.europa.eu/vocabulary/aq/pollutant/6001,hour,7.9230499200,µg/m3,2018-11-02 03:00:00 +01:00,2018-11-02 04:00:00 +01:00,1,1
AT,AT.0008.20.AQ,NET.09,STA.09.AKC,,SPO.09.AKC.5066.6001.1,SPP.09.AKC.5066.6001.1.11325,SAM.09.AKC.5066.6001.1,PM2.5,http://dd.eionet.europa.eu/vocabulary/aq/pollutant/6001,hour,9.1038494100,µg/m3,2018-11-02 06:00:00 +01:00,2018-11-02 07:00:00 +01:00,1,1
AT,AT.0008.20.AQ,NET.09,STA.09.AKC,,SPO.09.AKC.5066.6001.1,SPP.09.AKC.5066.6001.1.11325,SAM.09.AKC.5066.6001.1,PM2.5,http://dd.eionet.europa.eu/vocabulary/aq/pollutant/6001,hour,10.8740005400,µg/m3,2018-11-02 07:00:00 +01:00,2018-11-02 08:00:00 +01:00,1,1
AT,AT.0008.20.AQ,NET.09,STA.09.AKC,,SPO.09.AKC.5066.6001.1,SPP.09.AKC.5066.6001.1.11325,SAM.09.AKC.5066.6001.1,PM2.5,http://dd.eionet.europa.eu/vocabulary/aq/pollutant/6001,hour,11.9890003200,µg/m3,2018-11-02 08:00:00 +01:00,2018-11-02 09:00:00 +01:00,1,1
AT,AT.0008.20.AQ,NET.09,STA.09.AKC,,SPO.09.AKC.5066.6001.1,SPP.09.AKC.5066.6001.1.11325,SAM.09.AKC.5066.6001.1,PM2.5,http://dd.eionet.europa.eu/vocabulary/aq/pollutant/6001,hour,12.6005001000,µg/m3,2018-11-02 09:00:00 +01:00,2018-11-02 10:00:00 +01:00,1,1
AT,AT.0008.20.AQ,NET.09,STA.09.AKC,,SPO.09.AKC.5066.6001.1,SPP.09.AKC.5066.6001.1.11325,SAM.09.AKC.5066.6001.1,PM2.5,http://dd.eionet.europa.eu/vocabulary/aq/pollutant/6001,hour,12.5915002800,µg/m3,2018-11-02 10:00:00 +01:00,2018-11-02 11:00:00 +01:00,1,1
AT,AT.0008.20.AQ,NET.09,STA.09.AKC,,SPO.09.AKC.5066.6001.1,SPP.09.AKC.5066.6001.1.11325,SAM.09.AKC.5066.6001.1,PM2.5,http://dd.eionet.europa.eu/vocabulary/aq/pollutant/6001,hour,12.0609998700,µg/m3,2018-11-02 11:00:00 +01:00,2018-11-02 12:00:00 +01:00,1,1
AT,AT.0008.20.AQ,NET.09,STA.09.AKC,,SPO.09.AKC.5066.6001.1,SPP.09.AKC.5066.6001.1.11325,SAM.09.AKC.5066.6001.1,PM2.5,http://dd.eionet.europa.eu/vocabulary/aq/pollutant/6001,hour,11.6345005000,µg/m3,2018-11-02 12:00:00 +01:00,2018-11-02 13:00:00 +01:00,1,1
AT,AT.0008.20.AQ,NET.09,STA.09.AKC,,SPO.09.AKC.5066.6001.1,SPP.09.AKC.5066.6001.1.11325,SAM.09.AKC.5066.6001.1,PM2.5,http://dd.eionet.europa.eu/vocabulary/aq/pollutant/6001,hour,10.2024993800,µg/m3,2018-11-02 13:00:00 +01:00,2018-11-02 14:00:00 +01:00,1,1
AT,AT.0008.20.AQ,NET.09,STA.09.AKC,,SPO.09.AKC.5066.6001.1,SPP.09.AKC.5066.6001.1.11325,SAM.09.AKC.5066.6001.1,PM2.5,http://dd.eionet.europa.eu/vocabulary/aq/pollutant/6001,hour,10.3759994500,µg/m3,2018-11-02 14:00:00 +01:00,2018-11-02 15:00:00 +01:00,1,1
AT,AT.0008.20.AQ,NET.09,STA.09.AKC,,SPO.09.AKC.5066.6001.1,SPP.09.AKC.5066.6001.1.11325,SAM.09.AKC.5066.6001.1,PM2.5,http://dd.eionet.europa.eu/vocabulary/aq/pollutant/6001,hour,11.4225006100,µg/m3,2018-11-02 15:00:00 +01:00,2018-11-02 16:00:00 +01:00,1,1
AT,AT.0008.20.AQ,NET.09,STA.09.AKC,,SPO.09.AKC.5066.6001.1,SPP.09.AKC.5066.6001.1.11325,SAM.09.AKC.5066.6001.1,PM2.5,http://dd.eionet.europa.eu/vocabulary/aq/pollutant/6001,hour,10.6954994200,µg/m3,2018-11-02 16:00:00 +01:00,2018-11-02 17:00:00 +01:00,1,1
AT,AT.0008.20.AQ,NET.09,STA.09.AKC,,SPO.09.AKC.5066.6001.1,SPP.09.AKC.5066.6001.1.11325,SAM.09.AKC.5066.6001.1,PM2.5,http://dd.eionet.europa.eu/vocabulary/aq/pollutant/6001,hour,9.7102499000,µg/m3,2018-11-02 17:00:00 +01:00,2018-11-02 18:00:00 +01:00,1,1
AT,AT.0008.20.AQ,NET.09,STA.09.AKC,,SPO.09.AKC.5066.6001.1,SPP.09.AKC.5066.6001.1.11325,SAM.09.AKC.5066.6001.1,PM2.5,http://dd.eionet.europa.eu/vocabulary/aq/pollutant/6001,hour,12.3559999400,µg/m3,2018-11-02 18:00:00 +01:00,2018-11-02 19:00:00 +01:00,1,1
AT,AT.0008.20.AQ,NET.09,STA.09.AKC,,SPO.09.AKC.5066.6001.1,SPP.09.AKC.5066.6001.1.11325,SAM.09.AKC.5066.6001.1,PM2.5,http://dd.eionet.europa.eu/vocabulary/aq/pollutant/6001,hour,16.1994991300,µg/m3,2018-11-02 19:00:00 +01:00,2018-11-02 20:00:00 +01:00,1,1
AT,AT.0008.20.AQ,NET.09,STA.09.AKC,,SPO.09.AKC.5066.6001.1,SPP.09.AKC.5066.6001.1.11325,SAM.09.AKC.5066.6001.1,PM2.5,http://dd.eionet.europa.eu/vocabulary/aq/pollutant/6001,hour,16.6515007000,µg/m3,2018-11-02 20:00:00 +01:00,2018-11-02 21:00:00 +01:00,1,1
AT,AT.0008.20.AQ,NET.09,STA.09.AKC,,SPO.09.AKC.5066.6001.1,SPP.09.AKC.5066.6001.1.11325,SAM.09.AKC.5066.6001.1,PM2.5,http://dd.eionet.europa.eu/vocabulary/aq/pollutant/6001,hour,18.6525001500,µg/m3,2018-11-02 21:00:00 +01:00,2018-11-02 22:00:00 +01:00,1,1
AT,AT.0008.20.AQ,NET.09,STA.09.AKC,,SPO.09.AKC.5066.6001.1,SPP.09.AKC.5066.6001.1.11325,SAM.09.AKC.5066.6001.1,PM2.5,http://dd.eionet.europa.eu/vocabulary/aq/pollutant/6001,hour,21.4775009100,µg/m3,2018-11-02 22:00:00 +01:00,2018-11-02 23:00:00 +01:00,1,1
AT,AT.0008.20.AQ,NET.09,STA.09.AKC,,SPO.09.AKC.5066.6001.1,SPP.09.AKC.5066.6001.1.11325,SAM.09.AKC.5066.6001.1,PM2.5,http://dd.eionet.europa.eu/vocabulary/aq/pollutant/6001,hour,24.3769989000,µg/m3,2018-11-02 23:00:00 +01:00,2018-11-03 00:00:00 +01:00,1,1
AT,AT.0008.20.AQ,NET.09,STA.09.AKC,,SPO.09.AKC.5066.6001.1,SPP.09.AKC.5066.6001.1.11325,SAM.09.AKC.5066.6001.1,PM2.5,http://dd.eionet.europa.eu/vocabulary/aq/pollutant/6001,hour,20.8149986200,µg/m3,2018-11-03 00:00:00 +01:00,2018-11-03 01:00:00 +01:00,1,1
AT,AT.0008.20.AQ,NET.09,STA.09.AKC,,SPO.09.AKC.5066.6001.1,SPP.09.AKC.5066.6001.1.11325,SAM.09.AKC.5066.6001.1,PM2.5,http://dd.eionet.europa.eu/vocabulary/aq/pollutant/6001,hour,17.6450004500,µg/m3,2018-11-03 02:00:00 +01:00,2018-11-03 03:00:00 +01:00,1,1
AT,AT.0008.20.AQ,NET.09,STA.09.AKC,,SPO.09.AKC.5066.6001.1,SPP.09.AKC.5066.6001.1.11325,SAM.09.AKC.5066.6001.1,PM2.5,http://dd.eionet.europa.eu/vocabulary/aq/pollutant/6001,hour,16.6905002500,µg/m3,2018-11-03 03:00:00 +01:00,2018-11-03 04:00:00 +01:00,1,1
AT,AT.0008.20.AQ,NET.09,STA.09.AKC,,SPO.09.AKC.5066.6001.1,SPP.09.AKC.5066.6001.1.11325,SAM.09.AKC.5066.6001.1,PM2.5,http://dd.eionet.europa.eu/vocabulary/aq/pollutant/6001,hour,13.8199996900,µg/m3,2018-11-03 04:00:00 +01:00,2018-11-03 05:00:00 +01:00,1,1
AT,AT.0008.20.AQ,NET.09,STA.09.AKC,,SPO.09.AKC.5066.6001.1,SPP.09.AKC.5066.6001.1.11325,SAM.09.AKC.5066.6001.1,PM2.5,http://dd.eionet.europa.eu/vocabulary/aq/pollutant/6001,hour,10.1458492200,µg/m3,2018-11-03 05:00:00 +01:00,2018-11-03 06:00:00 +01:00,1,1
AT,AT.0008.20.AQ,NET.09,STA.09.AKC,,SPO.09.AKC.5066.6001.1,SPP.09.AKC.5066.6001.1.11325,SAM.09.AKC.5066.6001.1,PM2.5,http://dd.eionet.europa.eu/vocabulary/aq/pollutant/6001,hour,7.8373999500,µg/m3,2018-11-03 06:00:00 +01:00,2018-11-03 07:00:00 +01:00,1,1
AT,AT.0008.20.AQ,NET.09,STA.09.AKC,,SPO.09.AKC.5066.6001.1,SPP.09.AKC.5066.6001.1.11325,SAM.09.AKC.5066.6001.1,PM2.5,http://dd.eionet.europa.eu/vocabulary/aq/pollutant/6001,hour,11.0219993500,µg/m3,2018-11-03 07:00:00 +01:00,2018-11-03 08:00:00 +01:00,1,1
AT,AT.0008.20.AQ,NET.09,STA.09.AKC,,SPO.09.AKC.5066.6001.1,SPP.09.AKC.5066.6001.1.11325,SAM.09.AKC.5066.6001.1,PM2.5,http://dd.eionet.europa.eu/vocabulary/aq/pollutant/6001,hour,10.0628499900,µg/m3,2018-11-03 11:00:00 +01:00,2018-11-03 12:00:00 +01:00,1,1
AT,AT.0008.20.AQ,NET.09,STA.09.AKC,,SPO.09.AKC.5066.6001.1,SPP.09.AKC.5066.6001.1.11325,SAM.09.AKC.5066.6001.1,PM2.5,http://dd.eionet.europa.eu/vocabulary/aq/pollutant/6001,hour,14.1350002200,µg/m3,2018-11-03 12:00:00 +01:00,2018-11-03 13:00:00 +01:00,1,1
AT,AT.0008.20.AQ,NET.09,STA.09.AKC,,SPO.09.AKC.5066.6001.1,SPP.09.AKC.5066.6001.1.11325,SAM.09.AKC.5066.6001.1,PM2.5,http://dd.eionet.europa.eu/vocabulary/aq/pollutant/6001,hour,12.1504993400,µg/m3,2018-11-03 13:00:00 +01:00,2018-11-03 14:00:00 +01:00,1,1
AT,AT.0008.20.AQ,NET.09,STA.09.AKC,,SPO.09.AKC.5066.6001.1,SPP.09.AKC.5066.6001.1.11325,SAM.09.AKC.5066.6001.1,PM2.5,http://dd.eionet.europa.eu/vocabulary/aq/pollutant/6001,hour,12.6785001700,µg/m3,2018-11-03 14:00:00 +01:00,2018-11-03 15:00:00 +01:00,1,1
AT,AT.0008.20.AQ,NET.09,STA.09.AKC,,SPO.09.AKC.5066.6001.1,SPP.09.AKC.5066.6001.1.11325,SAM.09.AKC.5066.6001.1,PM2.5,http://dd.eionet.europa.eu/vocabulary/aq/pollutant/6001,hour,14.6875000000,µg/m3,2018-11-03 15:00:00 +01:00,2018-11-03 16:00:00 +01:00,1,1
AT,AT.0008.20.AQ,NET.09,STA.09.AKC,,SPO.09.AKC.5066.6001.1,SPP.09.AKC.5066.6001.1.11325,SAM.09.AKC.5066.6001.1,PM2.5,http://dd.eionet.europa.eu/vocabulary/aq/pollutant/6001,hour,14.2775001500,µg/m3,2018-11-03 16:00:00 +01:00,2018-11-03 17:00:00 +01:00,1,1
AT,AT.0008.20.AQ,NET.09,STA.09.AKC,,SPO.09.AKC.5066.6001.1,SPP.09.AKC.5066.6001.1.11325,SAM.09.AKC.5066.6001.1,PM2.5,http://dd.eionet.europa.eu/vocabulary/aq/pollutant/6001,hour,17.1184997500,µg/m3,2018-11-03 18:00:00 +01:00,2018-11-03 19:00:00 +01:00,1,1
AT,AT.0008.20.AQ,NET.09,STA.09.AKC,,SPO.09.AKC.5066.6001.1,SPP.09.AKC.5066.6001.1.11325,SAM.09.AKC.5066.6001.1,PM2.5,http://dd.eionet.europa.eu/vocabulary/aq/pollutant/6001,hour,17.0939998600,µg/m3,2018-11-03 19:00:00 +01:00,2018-11-03 20:00:00 +01:00,1,1
AT,AT.0008.20.AQ,NET.09,STA.09.AKC,,SPO.09.AKC.5066.6001.1,SPP.09.AKC.5066.6001.1.11325,SAM.09.AKC.5066.6001.1,PM2.5,http://dd.eionet.europa.eu/vocabulary/aq/pollutant/6001,hour,16.7460002800,µg/m3,2018-11-03 20:00:00 +01:00,2018-11-03 21:00:00 +01:00,1,1
AT,AT.0008.20.AQ,NET.09,STA.09.AKC,,SPO.09.AKC.5066.6001.1,SPP.09.AKC.5066.6001.1.11325,SAM.09.AKC.5066.6001.1,PM2.5,http://dd.eionet.europa.eu/vocabulary/aq/pollutant/6001,hour,25.3295001900,µg/m3,2018-11-03 23:00:00 +01:00,2018-11-04 00:00:00 +01:00,1,1
AT,AT.0008.20.AQ,NET.09,STA.09.AKC,,SPO.09.AKC.5066.6001.1,SPP.09.AKC.5066.6001.1.11325,SAM.09.AKC.5066.6001.1,PM2.5,http://dd.eionet.europa.eu/vocabulary/aq/pollutant/6001,hour,26.6819992000,µg/m3,2018-11-04 01:00:00 +01:00,2018-11-04 02:00:00 +01:00,1,1
AT,AT.0008.20.AQ,NET.09,STA.09.AKC,,SPO.09.AKC.5066.6001.1,SPP.09.AKC.5066.6001.1.11325,SAM.09.AKC.5066.6001.1,PM2.5,http://dd.eionet.europa.eu/vocabulary/aq/pollutant/6001,hour,31.9064998600,µg/m3,2018-11-04 03:00:00 +01:00,2018-11-04 04:00:00 +01:00,1,1
AT,AT.0008.20.AQ,NET.09,STA.09.AKC,,SPO.09.AKC.5066.6001.1,SPP.09.AKC.5066.6001.1.11325,SAM.09.AKC.5066.6001.1,PM2.5,http://dd.eionet.europa.eu/vocabulary/aq/pollutant/6001,hour,31.5525016700,µg/m3,2018-11-04 04:00:00 +01:00,2018-11-04 05:00:00 +01:00,1,1
AT,AT.0008.20.AQ,NET.09,STA.09.AKC,,SPO.09.AKC.5066.6001.1,SPP.09.AKC.5066.6001.1.11325,SAM.09.AKC.5066.6001.1,PM2.5,http://dd.eionet.europa.eu/vocabulary/aq/pollutant/6001,hour,30.3665008500,µg/m3,2018-11-04 05:00:00 +01:00,2018-11-04 06:00:00 +01:00,1,1
AT,AT.0008.20.AQ,NET.09,STA.09.AKC,,SPO.09.AKC.5066.6001.1,SPP.09.AKC.5066.6001.1.11325,SAM.09.AKC.5066.6001.1,PM2.5,http://dd.eionet.europa.eu/vocabulary/aq/pollutant/6001,hour,29.2684993700,µg/m3,2018-11-04 06:00:00 +01:00,2018-11-04 07:00:00 +01:00,1,1
AT,AT.0008.20.AQ,NET.09,STA.09.AKC,,SPO.09.AKC.5066.6001.1,SPP.09.AKC.5066.6001.1.11325,SAM.09.AKC.5066.6001.1,PM2.5,http://dd.eionet.europa.eu/vocabulary/aq/pollutant/6001,hour,30.2140007000,µg/m3,2018-11-04 08:00:00 +01:00,2018-11-04 09:00:00 +01:00,1,1
AT,AT.0008.20.AQ,NET.09,STA.09.AKC,,SPO.09.AKC.5066.6001.1,SPP.09.AKC.5066.6001.1.11325,SAM.09.AKC.5066.6001.1,PM2.5,http://dd.eionet.europa.eu/vocabulary/aq/pollutant/6001,hour,31.5410003600,µg/m3,2018-11-04 09:00:00 +01:00,2018-11-04 10:00:00 +01:00,1,1
AT,AT.0008.20.AQ,NET.09,STA.09.AKC,,SPO.09.AKC.5066.6001.1,SPP.09.AKC.5066.6001.1.11325,SAM.09.AKC.5066.6001.1,PM2.5,http://dd.eionet.europa.eu/vocabulary/aq/pollutant/6001,hour,25.8624992300,µg/m3,2018-11-04 11:00:00 +01:00,2018-11-04 12:00:00 +01:00,1,1
AT,AT.0008.20.AQ,NET.09,STA.09.AKC,,SPO.09.AKC.5066.6001.1,SPP.09.AKC.5066.6001.1.11325,SAM.09.AKC.5066.6001.1,PM2.5,http://dd.eionet.europa.eu/vocabulary/aq/pollutant/6001,hour,28.7415008500,µg/m3,2018-11-04 12:00:00 +01:00,2018-11-04 13:00:00 +01:00,1,1
AT,AT.0008.20.AQ,NET.09,STA.09.AKC,,SPO.09.AKC.5066.6001.1,SPP.09.AKC.5066.6001.1.11325,SAM.09.AKC.5066.6001.1,PM2.5,http://dd.eionet.europa.eu/vocabulary/aq/pollutant/6001,hour,30.8380012500,µg/m3,2018-11-04 13:00:00 +01:00,2018-11-04 14:00:00 +01:00,1,1
AT,AT.0008.20.AQ,NET.09,STA.09.AKC,,SPO.09.AKC.5066.6001.1,SPP.09.AKC.5066.6001.1.11325,SAM.09.AKC.5066.6001.1,PM2.5,http://dd.eionet.europa.eu/vocabulary/aq/pollutant/6001,hour,35.1545028600,µg/m3,2018-11-04 15:00:00 +01:00,2018-11-04 16:00:00 +01:00,1,1
AT,AT.0008.20.AQ,NET.09,STA.09.AKC,,SPO.09.AKC.5066.6001.1,SPP.09.AKC.5066.6001.1.11325,SAM.09.AKC.5066.6001.1,PM2.5,http://dd.eionet.europa.eu/vocabulary/aq/pollutant/6001,hour,36.3635025000,µg/m3,2018-11-04 17:00:00 +01:00,2018-11-04 18:00:00 +01:00,1,1
AT,AT.0008.20.AQ,NET.09,STA.09.AKC,,SPO.09.AKC.5066.6001.1,SPP.09.AKC.5066.6001.1.11325,SAM.09.AKC.5066.6001.1,PM2.5,http://dd.eionet.europa.eu/vocabulary/aq/pollutant/6001,hour,31.5180015500,µg/m3,2018-11-04 19:00:00 +01:00,2018-11-04 20:00:00 +01:00,1,1
AT,AT.0008.20.AQ,NET.09,STA.09.AKC,,SPO.09.AKC.5066.6001.1,SPP.09.AKC.5066.6001.1.11325,SAM.09.AKC.5066.6001.1,PM2.5,http://dd.eionet.europa.eu/vocabulary/aq/pollutant/6001,hour,30.6840019200,µg/m3,2018-11-04 20:00:00 +01:00,2018-11-04 21:00:00 +01:00,1,1
AT,AT.0008.20.AQ,NET.09,STA.09.AKC,,SPO.09.AKC.5066.6001.1,SPP.09.AKC.5066.6001.1.11325,SAM.09.AKC.5066.6001.1,PM2.5,http://dd.eionet.europa.eu/vocabulary/aq/pollutant/6001,hour,30.2880001000,µg/m3,2018-11-04 22:00:00 +01:00,2018-11-04 23:00:00 +01:00,1,1
AT,AT.0008.20.AQ,NET.09,STA.09.AKC,,SPO.09.AKC.5066.6001.1,SPP.09.AKC.5066.6001.1.11325,SAM.09.AKC.5066.6001.1,PM2.5,http://dd.eionet.europa.eu/vocabulary/aq/pollutant/6001,hour,32.5319976800,µg/m3,2018-11-04 23:00:00 +01:00,2018-11-05 00:00:00 +01:00,1,1
AT,AT.0008.20.AQ,NET.09,STA.09.AKC,,SPO.09.AKC.5066.6001.1,SPP.09.AKC.5066.6001.1.11325,SAM.09.AKC.5066.6001.1,PM2.5,http://dd.eionet.europa.eu/vocabulary/aq/pollutant/6001,hour,34.8649978600,µg/m3,2018-11-05 00:00:00 +01:00,2018-11-05 01:00:00 +01:00,1,1
AT,AT.0008.20.AQ,NET.09,STA.09.AKC,,SPO.09.AKC.5066.6001.1,SPP.09.AKC.5066.6001.1.11325,SAM.09.AKC.5066.6001.1,PM2.5,http://dd.eionet.europa.eu/vocabulary/aq/pollutant/6001,hour,36.1845016400,µg/m3,2018-11-05 01:00:00 +01:00,2018-11-05 02:00:00 +01:00,1,1
AT,AT.0008.20.AQ,NET.09,STA.09.AKC,,SPO.09.AKC.5066.6001.1,SPP.09.AKC.5066.6001.1.11325,SAM.09.AKC.5066.6001.1,PM2.5,http://dd.eionet.europa.eu/vocabulary/aq/pollutant/6001,hour,36.8185005100,µg/m3,2018-11-05 02:00:00 +01:00,2018-11-05 03:00:00 +01:00,1,1
AT,AT.0008.20.AQ,NET.09,STA.09.AKC,,SPO.09.AKC.5066.6001.1,SPP.09.AKC.5066.6001.1.11325,SAM.09.AKC.5066.6001.1,PM2.5,http://dd.eionet.europa.eu/vocabulary/aq/pollutant/6001,hour,35.0629997200,µg/m3,2018-11-05 03:00:00 +01:00,2018-11-05 04:00:00 +01:00,1,1
AT,AT.0008.20.AQ,NET.09,STA.09.AKC,,SPO.09.AKC.5066.6001.1,SPP.09.AKC.5066.6001.1.11325,SAM.09.AKC.5066.6001.1,PM2.5,http://dd.eionet.europa.eu/vocabulary/aq/pollutant/6001,hour,28.0219993500,µg/m3,2018-11-05 05:00:00 +01:00,2018-11-05 06:00:00 +01:00,1,1
AT,AT.0008.20.AQ,NET.09,STA.09.AKC,,SPO.09.AKC.5066.6001.1,SPP.09.AKC.5066.6001.1.11325,SAM.09.AKC.5066.6001.1,PM2.5,http://dd.eionet.europa.eu/vocabulary/aq/pollutant/6001,hour,31.3344993500,µg/m3,2018-11-05 06:00:00 +01:00,2018-11-05 07:00:00 +01:00,1,1
AT,AT.0008.20.AQ,NET.09,STA.09.AKC,,SPO.09.AKC.5066.6001.1,SPP.09.AKC.5066.6001.1.11325,SAM.09.AKC.5066.6001.1,PM2.5,http://dd.eionet.europa.eu/vocabulary/aq/pollutant/6001,hour,33.4345016400,µg/m3,2018-11-05 07:00:00 +01:00,2018-11-05 08:00:00 +01:00,1,1
AT,AT.0008.20.AQ,NET.09,STA.09.AKC,,SPO.09.AKC.5066.6001.1,SPP.09.AKC.5066.6001.1.11325,SAM.09.AKC.5066.6001.1,PM2.5,http://dd.eionet.europa.eu/vocabulary/aq/pollutant/6001,hour,36.5230026200,µg/m3,2018-11-05 12:00:00 +01:00,2018-11-05 13:00:00 +01:00,1,1
AT,AT.0008.20.AQ,NET.09,STA.09.AKC,,SPO.09.AKC.5066.6001.1,SPP.09.AKC.5066.6001.1.11325,SAM.09.AKC.5066.6001.1,PM2.5,http://dd.eionet.europa.eu/vocabulary/aq/pollutant/6001,hour,36.6829986500,µg/m3,2018-11-05 13:00:00 +01:00,2018-11-05 14:00:00 +01:00,1,1
AT,AT.0008.20.AQ,NET.09,STA.09.AKC,,SPO.09.AKC.5066.6001.1,SPP.09.AKC.5066.6001.1.11325,SAM.09.AKC.5066.6001.1,PM2.5,http://dd.eionet.europa.eu/vocabulary/aq/pollutant/6001,hour,34.4629974300,µg/m3,2018-11-05 14:00:00 +01:00,2018-11-05 15:00:00 +01:00,1,1
AT,AT.0008.20.AQ,NET.09,STA.09.AKC,,SPO.09.AKC.5066.6001.1,SPP.09.AKC.5066.6001.1.11325,SAM.09.AKC.5066.6001.1,PM2.5,http://dd.eionet.europa.eu/vocabulary/aq/pollutant/6001,hour,29.4459991400,µg/m3,2018-11-05 15:00:00 +01:00,2018-11-05 16:00:00 +01:00,1,1
AT,AT.0008.20.AQ,NET.09,STA.09.AKC,,SPO.09.AKC.5066.6001.1,SPP.09.AKC.5066.6001.1.11325,SAM.09.AKC.5066.6001.1,PM2.5,http://dd.eionet.europa.eu/vocabulary/aq/pollutant/6001,hour,28.1505012500,µg/m3,2018-11-05 16:00:00 +01:00,2018-11-05 17:00:00 +01:00,1,1
AT,AT.0008.20.AQ,NET.09,STA.09.AKC,,SPO.09.AKC.5066.6001.1,SPP.09.AKC.5066.6001.1.11325,SAM.09.AKC.5066.6001.1,PM2.5,http://dd.eionet.europa.eu/vocabulary/aq/pollutant/6001,hour,27.0550003000,µg/m3,2018-11-05 17:00:00 +01:00,2018-11-05 18:00:00 +01:00,1,1
AT,AT.0008.20.AQ,NET.09,STA.09.AKC,,SPO.09.AKC.5066.6001.1,SPP.09.AKC.5066.6001.1.11325,SAM.09.AKC.5066.6001.1,PM2.5,http://dd.eionet.europa.eu/vocabulary/aq/pollutant/6001,hour,27.2900009100,µg/m3,2018-11-05 18:00:00 +01:00,2018-11-05 19:00:00 +01:00,1,1
AT,AT.0008.20.AQ,NET.09,STA.09.AKC,,SPO.09.AKC.5066.6001.1,SPP.09.AKC.5066.6001.1.11325,SAM.09.AKC.5066.6001.1,PM2.5,http://dd.eionet.europa.eu/vocabulary/aq/pollutant/6001,hour,30.3035011200,µg/m3,2018-11-05 20:00:00 +01:00,2018-11-05 21:00:00 +01:00,1,1
AT,AT.0008.20.AQ,NET.09,STA.09.AKC,,SPO.09.AKC.5066.6001.1,SPP.09.AKC.5066.6001.1.11325,SAM.09.AKC.5066.6001.1,PM2.5,http://dd.eionet.europa.eu/vocabulary/aq/pollutant/6001,hour,29.4785003600,µg/m3,2018-11-05 22:00:00 +01:00,2018-11-05 23:00:00 +01:00,1,1
AT,AT.0008.20.AQ,NET.09,STA.09.AKC,,SPO.09.AKC.5066.6001.1,SPP.09.AKC.5066.6001.1.11325,SAM.09.AKC.5066.6001.1,PM2.5,http://dd.eionet.europa.eu/vocabulary/aq/pollutant/6001,hour,29.4700012200,µg/m3,2018-11-05 23:00:00 +01:00,2018-11-06 00:00:00 +01:00,1,1
AT,AT.0008.20.AQ,NET.09,STA.09.AKC,,SPO.09.AKC.5066.6001.1,SPP.09.AKC.5066.6001.1.11325,SAM.09.AKC.5066.6001.1,PM2.5,http://dd.eionet.europa.eu/vocabulary/aq/pollutant/6001,hour,29.6614990200,µg/m3,2018-11-06 00:00:00 +01:00,2018-11-06 01:00:00 +01:00,1,1
AT,AT.0008.20.AQ,NET.09,STA.09.AKC,,SPO.09.AKC.5066.6001.1,SPP.09.AKC.5066.6001.1.11325,SAM.09.AKC.5066.6001.1,PM2.5,http://dd.eionet.europa.eu/vocabulary/aq/pollutant/6001,hour,30.4630012500,µg/m3,2018-11-06 01:00:00 +01:00,2018-11-06 02:00:00 +01:00,1,1
AT,AT.0008.20.AQ,NET.09,STA.09.AKC,,SPO.09.AKC.5066.6001.1,SPP.09.AKC.5066.6001.1.11325,SAM.09.AKC.5066.6001.1,PM2.5,http://dd.eionet.europa.eu/vocabulary/aq/pollutant/6001,hour,30.4099998400,µg/m3,2018-11-06 02:00:00 +01:00,2018-11-06 03:00:00 +01:00,1,1
AT,AT.0008.20.AQ,NET.09,STA.09.AKC,,SPO.09.AKC.5066.6001.1,SPP.09.AKC.5066.6001.1.11325,SAM.09.AKC.5066.6001.1,PM2.5,http://dd.eionet.europa.eu/vocabulary/aq/pollutant/6001,hour,29.6959991400,µg/m3,2018-11-06 03:00:00 +01:00,2018-11-06 04:00:00 +01:00,1,1
AT,AT.0008.20.AQ,NET.09,STA.09.AKC,,SPO.09.AKC.5066.6001.1,SPP.09.AKC.5066.6001.1.11325,SAM.09.AKC.5066.6001.1,PM2.5,http://dd.eionet.europa.eu/vocabulary/aq/pollutant/6001,hour,27.4619998900,µg/m3,2018-11-06 04:00:00 +01:00,2018-11-06 05:00:00 +01:00,1,1
AT,AT.0008.20.AQ,NET.09,STA.09.AKC,,SPO.09.AKC.5066.6001.1,SPP.09.AKC.5066.6001.1.11325,SAM.09.AKC.5066.6001.1,PM2.5,http://dd.eionet.europa.eu/vocabulary/aq/pollutant/6001,hour,25.8920001900,µg/m3,2018-11-06 05:00:00 +01:00,2018-11-06 06:00:00 +01:00,1,1
AT,AT.0008.20.AQ,NET.09,STA.09.AKC,,SPO.09.AKC.5066.6001.1,SPP.09.AKC.5066.6001.1.11325,SAM.09.AKC.5066.6001.1,PM2.5,http://dd.eionet.europa.eu/vocabulary/aq/pollutant/6001,hour,25.6210002800,µg/m3,2018-11-06 06:00:00 +01:00,2018-11-06 07:00:00 +01:00,1,1
AT,AT.0008.20.AQ,NET.09,STA.09.AKC,,SPO.09.AKC.5066.6001.1,SPP.09.AKC.5066.6001.1.11325,SAM.09.AKC.5066.6001.1,PM2.5,http://dd.eionet.europa.eu/vocabulary/aq/pollutant/6001,hour,30.5939998600,µg/m3,2018-11-06 07:00:00 +01:00,2018-11-06 08:00:00 +01:00,1,1
AT,AT.0008.20.AQ,NET.09,STA.09.AKC,,SPO.09.AKC.5066.6001.1,SPP.09.AKC.5066.6001.1.11325,SAM.09.AKC.5066.6001.1,PM2.5,http://dd.eionet.europa.eu/vocabulary/aq/pollutant/6001,hour,32.6425018300,µg/m3,2018-11-06 08:00:00 +01:00,2018-11-06 09:00:00 +01:00,1,1
AT,AT.0008.20.AQ,NET.09,STA.09.AKC,,SPO.09.AKC.5066.6001.1,SPP.09.AKC.5066.6001.1.11325,SAM.09.AKC.5066.6001.1,PM2.5,http://dd.eionet.europa.eu/vocabulary/aq/pollutant/6001,hour,32.1990013100,µg/m3,2018-11-06 09:00:00 +01:00,2018-11-06 10:00:00 +01:00,1,1
AT,AT.0008.20.AQ,NET.09,STA.09.AKC,,SPO.09.AKC.5066.6001.1,SPP.09.AKC.5066.6001.1.11325,SAM.09.AKC.5066.6001.1,PM2.5,http://dd.eionet.europa.eu/vocabulary/aq/pollutant/6001,hour,37.2154998700,µg/m3,2018-11-06 11:00:00 +01:00,2018-11-06 12:00:00 +01:00,1,1
AT,AT.0008.20.AQ,NET.09,STA.09.AKC,,SPO.09.AKC.5066.6001.1,SPP.09.AKC.5066.6001.1.11325,SAM.09.AKC.5066.6001.1,PM2.5,http://dd.eionet.europa.eu/vocabulary/aq/pollutant/6001,hour,35.5729980400,µg/m3,2018-11-06 13:00:00 +01:00,2018-11-06 14:00:00 +01:00,1,1
AT,AT.0008.20.AQ,NET.09,STA.09.AKC,,SPO.09.AKC.5066.6001.1,SPP.09.AKC.5066.6001.1.11325,SAM.09.AKC.5066.6001.1,PM2.5,http://dd.eionet.europa.eu/vocabulary/aq/pollutant/6001,hour,31.9840011500,µg/m3,2018-11-06 15:00:00 +01:00,2018-11-06 16:00:00 +01:00,1,1
AT,AT.0008.20.AQ,NET.09,STA.09.AKC,,SPO.09.AKC.5066.6001.1,SPP.09.AKC.5066.6001.1.11325,SAM.09.AKC.5066.6001.1,PM2.5,http://dd.eionet.europa.eu/vocabulary/aq/pollutant/6001,hour,30.9990005400,µg/m3,2018-11-06 17:00:00 +01:00,2018-11-06 18:00:00 +01:00,1,1
AT,AT.0008.20.AQ,NET.09,STA.09.AKC,,SPO.09.AKC.5066.6001.1,SPP.09.AKC.5066.6001.1.11325,SAM.09.AKC.5066.6001.1,PM2.5,http://dd.eionet.europa.eu/vocabulary/aq/pollutant/6001,hour,26.6935005100,µg/m3,2018-11-06 21:00:00 +01:00,2018-11-06 22:00:00 +01:00,1,1
AT,AT.0008.20.AQ,NET.09,STA.09.AKC,,SPO.09.AKC.5066.6001.1,SPP.09.AKC.5066.6001.1.11325,SAM.09.AKC.5066.6001.1,PM2.5,http://dd.eionet.europa.eu/vocabulary/aq/pollutant/6001,hour,28.2635002100,µg/m3,2018-11-06 23:00:00 +01:00,2018-11-07 00:00:00 +01:00,1,1
AT,AT.0008.20.AQ,NET.09,STA.09.AKC,,SPO.09.AKC.5066.6001.1,SPP.09.AKC.5066.6001.1.11325,SAM.09.AKC.5066.6001.1,PM2.5,http://dd.eionet.europa.eu/vocabulary/aq/pollutant/6001,hour,29.2205009400,µg/m3,2018-11-07 00:00:00 +01:00,2018-11-07 01:00:00 +01:00,1,1
AT,AT.0008.20.AQ,NET.09,STA.09.AKC,,SPO.09.AKC.5066.6001.1,SPP.09.AKC.5066.6001.1.11325,SAM.09.AKC.5066.6001.1,PM2.5,http://dd.eionet.europa.eu/vocabulary/aq/pollutant/6001,hour,29.1944999600,µg/m3,2018-11-07 05:00:00 +01:00,2018-11-07 06:00:00 +01:00,1,1
AT,AT.0008.20.AQ,NET.09,STA.09.AKC,,SPO.09.AKC.5066.6001.1,SPP.09.AKC.5066.6001.1.11325,SAM.09.AKC.5066.6001.1,PM2.5,http://dd.eionet.europa.eu/vocabulary/aq/pollutant/6001,hour,30.1199989300,µg/m3,2018-11-07 06:00:00 +01:00,2018-11-07 07:00:00 +01:00,1,1
AT,AT.0008.20.AQ,NET.09,STA.09.AKC,,SPO.09.AKC.5066.6001.1,SPP.09.AKC.5066.6001.1.11325,SAM.09.AKC.5066.6001.1,PM2.5,http://dd.eionet.europa.eu/vocabulary/aq/pollutant/6001,hour,31.1764984100,µg/m3,2018-11-07 07:00:00 +01:00,2018-11-07 08:00:00 +01:00,1,1
AT,AT.0008.20.AQ,NET.09,STA.09.AKC,,SPO.09.AKC.5066.6001.1,SPP.09.AKC.5066.6001.1.11325,SAM.09.AKC.5066.6001.1,PM2.5,http://dd.eionet.europa.eu/vocabulary/aq/pollutant/6001,hour,32.3390007000,µg/m3,2018-11-07 08:00:00 +01:00,2018-11-07 09:00:00 +01:00,1,1
AT,AT.0008.20.AQ,NET.09,STA.09.AKC,,SPO.09.AKC.5066.6001.1,SPP.09.AKC.5066.6001.1.11325,SAM.09.AKC.5066.6001.1,PM2.5,http://dd.eionet.europa.eu/vocabulary/aq/pollutant/6001,hour,33.5634994500,µg/m3,2018-11-07 11:00:00 +01:00,2018-11-07 12:00:00 +01:00,1,1
AT,AT.0008.20.AQ,NET.09,STA.09.AKC,,SPO.09.AKC.5066.6001.1,SPP.09.AKC.5066.6001.1.11325,SAM.09.AKC.5066.6001.1,PM2.5,http://dd.eionet.europa.eu/vocabulary/aq/pollutant/6001,hour,32.1949996900,µg/m3,2018-11-07 13:00:00 +01:00,2018-11-07 14:00:00 +01:00,1,1
AT,AT.0008.20.AQ,NET.09,STA.09.AKC,,SPO.09.AKC.5066.6001.1,SPP.09.AKC.5066.6001.1.11325,SAM.09.AKC.5066.6001.1,PM2.5,http://dd.eionet.europa.eu/vocabulary/aq/pollutant/6001,hour,32.3069992000,µg/m3,2018-11-07 17:00:00 +01:00,2018-11-07 18:00:00 +01:00,1,1
AT,AT.0008.20.AQ,NET.09,STA.09.AKC,,SPO.09.AKC.5066.6001.1,SPP.09.AKC.5066.6001.1.11325,SAM.09.AKC.5066.6001.1,PM2.5,http://dd.eionet.europa.eu/vocabulary/aq/pollutant/6001,hour,33.0609970000,µg/m3,2018-11-07 19:00:00 +01:00,2018-11-07 20:00:00 +01:00,1,1
AT,AT.0008.20.AQ,NET.09,STA.09.AKC,,SPO.09.AKC.5066.6001.1,SPP.09.AKC.5066.6001.1.11325,SAM.09.AKC.5066.6001.1,PM2.5,http://dd.eionet.europa.eu/vocabulary/aq/pollutant/6001,hour,33.1855010900,µg/m3,2018-11-07 20:00:00 +01:00,2018-11-07 21:00:00 +01:00,1,1
AT,AT.0008.20.AQ,NET.09,STA.09.AKC,,SPO.09.AKC.5066.6001.1,SPP.09.AKC.5066.6001.1.11325,SAM.09.AKC.5066.6001.1,PM2.5,http://dd.eionet.europa.eu/vocabulary/aq/pollutant/6001,hour,33.1949996900,µg/m3,2018-11-07 22:00:00 +01:00,2018-11-07 23:00:00 +01:00,1,1
AT,AT.0008.20.AQ,NET.09,STA.09.AKC,,SPO.09.AKC.5066.6001.1,SPP.09.AKC.5066.6001.1.11325,SAM.09.AKC.5066.6001.1,PM2.5,http://dd.eionet.europa.eu/vocabulary/aq/pollutant/6001,hour,31.3115005400,µg/m3,2018-11-08 00:00:00 +01:00,2018-11-08 01:00:00 +01:00,1,1
AT,AT.0008.20.AQ,NET.09,STA.09.AKC,,SPO.09.AKC.5066.6001.1,SPP.09.AKC.5066.6001.1.11325,SAM.09.AKC.5066.6001.1,PM2.5,http://dd.eionet.europa.eu/vocabulary/aq/pollutant/6001,hour,31.1040000900,µg/m3,2018-11-08 02:00:00 +01:00,2018-11-08 03:00:00 +01:00,1,1
AT,AT.0008.20.AQ,NET.09,STA.09.AKC,,SPO.09.AKC.5066.6001.1,SPP.09.AKC.5066.6001.1.11325,SAM.09.AKC.5066.6001.1,PM2.5,http://dd.eionet.europa.eu/vocabulary/aq/pollutant/6001,hour,31.7279987300,µg/m3,2018-11-08 04:00:00 +01:00,2018-11-08 05:00:00 +01:00,1,1
AT,AT.0008.20.AQ,NET.09,STA.09.AKC,,SPO.09.AKC.5066.6001.1,SPP.09.AKC.5066.6001.1.11325,SAM.09.AKC.5066.6001.1,PM2.5,http://dd.eionet.europa.eu/vocabulary/aq/pollutant/6001,hour,31.6674995400,µg/m3,2018-11-08 05:00:00 +01:00,2018-11-08 06:00:00 +01:00,1,1
AT,AT.0008.20.AQ,NET.09,STA.09.AKC,,SPO.09.AKC.5066.6001.1,SPP.09.AKC.5066.6001.1.11325,SAM.09.AKC.5066.6001.1,PM2.5,http://dd.eionet.europa.eu/vocabulary/aq/pollutant/6001,hour,37.8219985900,µg/m3,2018-11-08 08:00:00 +01:00,2018-11-08 09:00:00 +01:00,1,1
AT,AT.0008.20.AQ,NET.09,STA.09.AKC,,SPO.09.AKC.5066.6001.1,SPP.09.AKC.5066.6001.1.11325,SAM.09.AKC.5066.6001.1,PM2.5,http://dd.eionet.europa.eu/vocabulary/aq/pollutant/6001,hour,28.8525009100,µg/m3,2018-11-08 10:00:00 +01:00,2018-11-08 11:00:00 +01:00,1,1
AT,AT.0008.20.AQ,NET.09,STA.09.AKC,,SPO.09.AKC.5066.6001.1,SPP.09.AKC.5066.6001.1.11325,SAM.09.AKC.5066.6001.1,PM2.5,http://dd.eionet.europa.eu/vocabulary/aq/pollutant/6001,hour,27.1354999500,µg/m3,2018-11-08 11:00:00 +01:00,2018-11-08 12:00:00 +01:00,1,1
AT,AT.0008.20.AQ,NET.09,STA.09.AKC,,SPO.09.AKC.5066.6001.1,SPP.09.AKC.5066.6001.1.11325,SAM.09.AKC.5066.6001.1,PM2.5,http://dd.eionet.europa.eu/vocabulary/aq/pollutant/6001,hour,25.7665004700,µg/m3,2018-11-08 12:00:00 +01:00,2018-11-08 13:00:00 +01:00,1,1
AT,AT.0008.20.AQ,NET.09,STA.09.AKC,,SPO.09.AKC.5066.6001.1,SPP.09.AKC.5066.6001.1.11325,SAM.09.AKC.5066.6001.1,PM2.5,http://dd.eionet.europa.eu/vocabulary/aq/pollutant/6001,hour,24.0704994200,µg/m3,2018-11-08 13:00:00 +01:00,2018-11-08 14:00:00 +01:00,1,1
AT,AT.0008.20.AQ,NET.09,STA.09.AKC,,SPO.09.AKC.5066.6001.1,SPP.09.AKC.5066.6001.1.11325,SAM.09.AKC.5066.6001.1,PM2.5,http://dd.eionet.europa.eu/vocabulary/aq/pollutant/6001,hour,23.0805015500,µg/m3,2018-11-08 14:00:00 +01:00,2018-11-08 15:00:00 +01:00,1,1
AT,AT.0008.20.AQ,NET.09,STA.09.AKC,,SPO.09.AKC.5066.6001.1,SPP.09.AKC.5066.6001.1.11325,SAM.09.AKC.5066.6001.1,PM2.5,http://dd.eionet.europa.eu/vocabulary/aq/pollutant/6001,hour,21.0499992300,µg/m3,2018-11-08 15:00:00 +01:00,2018-11-08 16:00:00 +01:00,1,1
AT,AT.0008.20.AQ,NET.09,STA.09.AKC,,SPO.09.AKC.5066.6001.1,SPP.09.AKC.5066.6001.1.11325,SAM.09.AKC.5066.6001.1,PM2.5,http://dd.eionet.europa.eu/vocabulary/aq/pollutant/6001,hour,20.9575004500,µg/m3,2018-11-08 17:00:00 +01:00,2018-11-08 18:00:00 +01:00,1,1
AT,AT.0008.20.AQ,NET.09,STA.09.AKC,,SPO.09.AKC.5066.6001.1,SPP.09.AKC.5066.6001.1.11325,SAM.09.AKC.5066.6001.1,PM2.5,http://dd.eionet.europa.eu/vocabulary/aq/pollutant/6001,hour,23.3705005600,µg/m3,2018-11-08 18:00:00 +01:00,2018-11-08 19:00:00 +01:00,1,1
AT,AT.0008.20.AQ,NET.09,STA.09.AKC,,SPO.09.AKC.5066.6001.1,SPP.09.AKC.5066.6001.1.11325,SAM.09.AKC.5066.6001.1,PM2.5,http://dd.eionet.europa.eu/vocabulary/aq/pollutant/6001,hour,25.6785011200,µg/m3,2018-11-08 19:00:00 +01:00,2018-11-08 20:00:00 +01:00,1,1
AT,AT.0008.20.AQ,NET.09,STA.09.AKC,,SPO.09.AKC.5066.6001.1,SPP.09.AKC.5066.6001.1.11325,SAM.09.AKC.5066.6001.1,PM2.5,http://dd.eionet.europa.eu/vocabulary/aq/pollutant/6001,hour,26.7285003600,µg/m3,2018-11-08 20:00:00 +01:00,2018-11-08 21:00:00 +01:00,1,1
AT,AT.0008.20.AQ,NET.09,STA.09.AKC,,SPO.09.AKC.5066.6001.1,SPP.09.AKC.5066.6001.1.11325,SAM.09.AKC.5066.6001.1,PM2.5,http://dd.eionet.europa.eu/vocabulary/aq/pollutant/6001,hour,28.1995010300,µg/m3,2018-11-08 21:00:00 +01:00,2018-11-08 22:00:00 +01:00,1,1
AT,AT.0008.20.AQ,NET.09,STA.09.AKC,,SPO.09.AKC.5066.6001.1,SPP.09.AKC.5066.6001.1.11325,SAM.09.AKC.5066.6001.1,PM2.5,http://dd.eionet.europa.eu/vocabulary/aq/pollutant/6001,hour,30.1895008000,µg/m3,2018-11-08 23:00:00 +01:00,2018-11-09 00:00:00 +01:00,1,1
AT,AT.0008.20.AQ,NET.09,STA.09.AKC,,SPO.09.AKC.5066.6001.1,SPP.09.AKC.5066.6001.1.11325,SAM.09.AKC.5066.6001.1,PM2.5,http://dd.eionet.europa.eu/vocabulary/aq/pollutant/6001,hour,30.4650001500,µg/m3,2018-11-09 01:00:00 +01:00,2018-11-09 02:00:00 +01:00,1,1
AT,AT.0008.20.AQ,NET.09,STA.09.AKC,,SPO.09.AKC.5066.6001.1,SPP.09.AKC.5066.6001.1.11325,SAM.09.AKC.5066.6001.1,PM2.5,http://dd.eionet.europa.eu/vocabulary/aq/pollutant/6001,hour,29.1329994200,µg/m3,2018-11-09 03:00:00 +01:00,2018-11-09 04:00:00 +01:00,1,1
AT,AT.0008.20.AQ,NET.09,STA.09.AKC,,SPO.09.AKC.5066.6001.1,SPP.09.AKC.5066.6001.1.11325,SAM.09.AKC.5066.6001.1,PM2.5,http://dd.eionet.europa.eu/vocabulary/aq/pollutant/6001,hour,30.1075000700,µg/m3,2018-11-09 04:00:00 +01:00,2018-11-09 05:00:00 +01:00,1,1
AT,AT.0008.20.AQ,NET.09,STA.09.AKC,,SPO.09.AKC.5066.6001.1,SPP.09.AKC.5066.6001.1.11325,SAM.09.AKC.5066.6001.1,PM2.5,http://dd.eionet.europa.eu/vocabulary/aq/pollutant/6001,hour,29.8540000900,µg/m3,2018-11-09 05:00:00 +01:00,2018-11-09 06:00:00 +01:00,1,1
AT,AT.0008.20.AQ,NET.09,STA.09.AKC,,SPO.09.AKC.5066.6001.1,SPP.09.AKC.5066.6001.1.11325,SAM.09.AKC.5066.6001.1,PM2.5,http://dd.eionet.europa.eu/vocabulary/aq/pollutant/6001,hour,33.1330032300,µg/m3,2018-11-09 07:00:00 +01:00,2018-11-09 08:00:00 +01:00,1,1
AT,AT.0008.20.AQ,NET.09,STA.09.AKC,,SPO.09.AKC.5066.6001.1,SPP.09.AKC.5066.6001.1.11325,SAM.09.AKC.5066.6001.1,PM2.5,http://dd.eionet.europa.eu/vocabulary/aq/pollutant/6001,hour,32.0535011200,µg/m3,2018-11-09 08:00:00 +01:00,2018-11-09 09:00:00 +01:00,1,1
AT,AT.0008.20.AQ,NET.09,STA.09.AKC,,SPO.09.AKC.5066.6001.1,SPP.09.AKC.5066.6001.1.11325,SAM.09.AKC.5066.6001.1,PM2.5,http://dd.eionet.europa.eu/vocabulary/aq/pollutant/6001,hour,29.6015014600,µg/m3,2018-11-09 11:00:00 +01:00,2018-11-09 12:00:00 +01:00,1,1
AT,AT.0008.20.AQ,NET.09,STA.09.AKC,,SPO.09.AKC.5066.6001.1,SPP.09.AKC.5066.6001.1.11325,SAM.09.AKC.5066.6001.1,PM2.5,http://dd.eionet.europa.eu/vocabulary/aq/pollutant/6001,hour,29.8115005400,µg/m3,2018-11-09 12:00:00 +01:00,2018-11-09 13:00:00 +01:00,1,1
AT,AT.0008.20.AQ,NET.09,STA.09.AKC,,SPO.09.AKC.5066.6001.1,SPP.09.AKC.5066.6001.1.11325,SAM.09.AKC.5066.6001.1,PM2.5,http://dd.eionet.europa.eu/vocabulary/aq/pollutant/6001,hour,31.5659999800,µg/m3,2018-11-09 13:00:00 +01:00,2018-11-09 14:00:00 +01:00,1,1
AT,AT.0008.20.AQ,NET.09,STA.09.AKC,,SPO.09.AKC.5066.6001.1,SPP.09.AKC.5066.6001.1.11325,SAM.09.AKC.5066.6001.1,PM2.5,http://dd.eionet.europa.eu/vocabulary/aq/pollutant/6001,hour,27.2550010600,µg/m3,2018-11-09 14:00:00 +01:00,2018-11-09 15:00:00 +01:00,1,1
AT,AT.0008.20.AQ,NET.09,STA.09.AKC,,SPO.09.AKC.5066.6001.1,SPP.09.AKC.5066.6001.1.11325,SAM.09.AKC.5066.6001.1,PM2.5,http://dd.eionet.europa.eu/vocabulary/aq/pollutant/6001,hour,34.4885025000,µg/m3,2018-11-09 15:00:00 +01:00,2018-11-09 16:00:00 +01:00,1,1
AT,AT.0008.20.AQ,NET.09,STA.09.AKC,,SPO.09.AKC.5066.6001.1,SPP.09.AKC.5066.6001.1.11325,SAM.09.AKC.5066.6001.1,PM2.5,http://dd.eionet.europa.eu/vocabulary/aq/pollutant/6001,hour,37.1135025000,µg/m3,2018-11-09 16:00:00 +01:00,2018-11-09 17:00:00 +01:00,1,1
AT,AT.0008.20.AQ,NET.09,STA.09.AKC,,SPO.09.AKC.5066.6001.1,SPP.09.AKC.5066.6001.1.11325,SAM.09.AKC.5066.6001.1,PM2.5,http://dd.eionet.europa.eu/vocabulary/aq/pollutant/6001,hour,37.1515007000,µg/m3,2018-11-09 17:00:00 +01:00,2018-11-09 18:00:00 +01:00,1,1
AT,AT.0008.20.AQ,NET.09,STA.09.AKC,,SPO.09.AKC.5066.6001.1,SPP.09.AKC.5066.6001.1.11325,SAM.09.AKC.5066.6001.1,PM2.5,http://dd.eionet.europa.eu/vocabulary/aq/pollutant/6001,hour,34.8379974300,µg/m3,2018-11-09 18:00:00 +01:00,2018-11-09 19:00:00 +01:00,1,1
AT,AT.0008.20.AQ,NET.09,STA.09.AKC,,SPO.09.AKC.5066.6001.1,SPP.09.AKC.5066.6001.1.11325,SAM.09.AKC.5066.6001.1,PM2.5,http://dd.eionet.europa.eu/vocabulary/aq/pollutant/6001,hour,36.3844985900,µg/m3,2018-11-09 20:00:00 +01:00,2018-11-09 21:00:00 +01:00,1,1
AT,AT.0008.20.AQ,NET.09,STA.09.AKC,,SPO.09.AKC.5066.6001.1,SPP.09.AKC.5066.6001.1.11325,SAM.09.AKC.5066.6001.1,PM2.5,http://dd.eionet.europa.eu/vocabulary/aq/pollutant/6001,hour,34.4449996900,µg/m3,2018-11-09 21:00:00 +01:00,2018-11-09 22:00:00 +01:00,1,1
AT,AT.0008.20.AQ,NET.09,STA.09.AKC,,SPO.09.AKC.5066.6001.1,SPP.09.AKC.5066.6001.1.11325,SAM.09.AKC.5066.6001.1,PM2.5,http://dd.eionet.europa.eu/vocabulary/aq/pollutant/6001,hour,34.3914985600,µg/m3,2018-11-09 22:00:00 +01:00,2018-11-09 23:00:00 +01:00,1,1
AT,AT.0008.20.AQ,NET.09,STA.09.AKC,,SPO.09.AKC.5066.6001.1,SPP.09.AKC.5066.6001.1.11325,SAM.09.AKC.5066.6001.1,PM2.5,http://dd.eionet.europa.eu/vocabulary/aq/pollutant/6001,hour,41.2504997200,µg/m3,2018-11-10 01:00:00 +01:00,2018-11-10 02:00:00 +01:00,1,1
AT,AT.0008.20.AQ,NET.09,STA.09.AKC,,SPO.09.AKC.5066.6001.1,SPP.09.AKC.5066.6001.1.11325,SAM.09.AKC.5066.6001.1,PM2.5,http://dd.eionet.europa.eu/vocabulary/aq/pollutant/6001,hour,35.5569992000,µg/m3,2018-11-10 03:00:00 +01:00,2018-11-10 04:00:00 +01:00,1,1
AT,AT.0008.20.AQ,NET.09,STA.09.AKC,,SPO.09.AKC.5066.6001.1,SPP.09.AKC.5066.6001.1.11325,SAM.09.AKC.5066.6001.1,PM2.5,http://dd.eionet.europa.eu/vocabulary/aq/pollutant/6001,hour,34.7819976800,µg/m3,2018-11-10 04:00:00 +01:00,2018-11-10 05:00:00 +01:00,1,1
AT,AT.0008.20.AQ,NET.09,STA.09.AKC,,SPO.09.AKC.5066.6001.1,SPP.09.AKC.5066.6001.1.11325,SAM.09.AKC.5066.6001.1,PM2.5,http://dd.eionet.europa.eu/vocabulary/aq/pollutant/6001,hour,37.8540000900,µg/m3,2018-11-10 05:00:00 +01:00,2018-11-10 06:00:00 +01:00,1,1
AT,AT.0008.20.AQ,NET.09,STA.09.AKC,,SPO.09.AKC.5066.6001.1,SPP.09.AKC.5066.6001.1.11325,SAM.09.AKC.5066.6001.1,PM2.5,http://dd.eionet.europa.eu/vocabulary/aq/pollutant/6001,hour,32.1170005700,µg/m3,2018-11-10 07:00:00 +01:00,2018-11-10 08:00:00 +01:00,1,1
AT,AT.0008.20.AQ,NET.09,STA.09.AKC,,SPO.09.AKC.5066.6001.1,SPP.09.AKC.5066.6001.1.11325,SAM.09.AKC.5066.6001.1,PM2.5,http://dd.eionet.europa.eu/vocabulary/aq/pollutant/6001,hour,31.8110008200,µg/m3,2018-11-10 09:00:00 +01:00,2018-11-10 10:00:00 +01:00,1,1
AT,AT.0008.20.AQ,NET.09,STA.09.AKC,,SPO.09.AKC.5066.6001.1,SPP.09.AKC.5066.6001.1.11325,SAM.09.AKC.5066.6001.1,PM2.5,http://dd.eionet.europa.eu/vocabulary/aq/pollutant/6001,hour,22.9194984400,µg/m3,2018-11-10 12:00:00 +01:00,2018-11-10 13:00:00 +01:00,1,1
AT,AT.0008.20.AQ,NET.09,STA.09.AKC,,SPO.09.AKC.5066.6001.1,SPP.09.AKC.5066.6001.1.11325,SAM.09.AKC.5066.6001.1,PM2.5,http://dd.eionet.europa.eu/vocabulary/aq/pollutant/6001,hour,18.1069984400,µg/m3,2018-11-10 14:00:00 +01:00,2018-11-10 15:00:00 +01:00,1,1
AT,AT.0008.20.AQ,NET.09,STA.09.AKC,,SPO.09.AKC.5066.6001.1,SPP.09.AKC.5066.6001.1.11325,SAM.09.AKC.5066.6001.1,PM2.5,http://dd.eionet.europa.eu/vocabulary/aq/pollutant/6001,hour,20.6800003000,µg/m3,2018-11-10 15:00:00 +01:00,2018-11-10 16:00:00 +01:00,1,1
AT,AT.0008.20.AQ,NET.09,STA.09.AKC,,SPO.09.AKC.5066.6001.1,SPP.09.AKC.5066.6001.1.11325,SAM.09.AKC.5066.6001.1,PM2.5,http://dd.eionet.europa.eu/vocabulary/aq/pollutant/6001,hour,24.6835002800,µg/m3,2018-11-10 17:00:00 +01:00,2018-11-10 18:00:00 +01:00,1,1
AT,AT.0008.20.AQ,NET.09,STA.09.AKC,,SPO.09.AKC.5066.6001.1,SPP.09.AKC.5066.6001.1.11325,SAM.09.AKC.5066.6001.1,PM2.5,http://dd.eionet.europa.eu/vocabulary/aq/pollutant/6001,hour,26.7900009100,µg/m3,2018-11-10 18:00:00 +01:00,2018-11-10 19:00:00 +01:00,1,1
AT,AT.0008.20.AQ,NET.09,STA.09.AKC,,SPO.09.AKC.5066.6001.1,SPP.09.AKC.5066.6001.1.11325,SAM.09.AKC.5066.6001.1,PM2.5,http://dd.eionet.europa.eu/vocabulary/aq/pollutant/6001,hour,27.0974998400,µg/m3,2018-11-10 19:00:00 +01:00,2018-11-10 20:00:00 +01:00,1,1
AT,AT.0008.20.AQ,NET.09,STA.09.AKC,,SPO.09.AKC.5066.6001.1,SPP.09.AKC.5066.6001.1.11325,SAM.09.AKC.5066.6001.1,PM2.5,http://dd.eionet.europa.eu/vocabulary/aq/pollutant/6001,hour,27.3649997700,µg/m3,2018-11-10 21:00:00 +01:00,2018-11-10 22:00:00 +01:00,1,1
AT,AT.0008.20.AQ,NET.09,STA.09.AKC,,SPO.09.AKC.5066.6001.1,SPP.09.AKC.5066.6001.1.11325,SAM.09.AKC.5066.6001.1,PM2.5,http://dd.eionet.europa.eu/vocabulary/aq/pollutant/6001,hour,27.8144989000,µg/m3,2018-11-10 22:00:00 +01:00,2018-11-10 23:00:00 +01:00,1,1
AT,AT.0008.20.AQ,NET.09,STA.09.AKC,,SPO.09.AKC.5066.6001.1,SPP.09.AKC.5066.6001.1.11325,SAM.09.AKC.5066.6001.1,PM2.5,http://dd.eionet.europa.eu/vocabulary/aq/pollutant/6001,hour,29.4160003600,µg/m3,2018-11-10 23:00:00 +01:00,2018-11-11 00:00:00 +01:00,1,1
AT,AT.0008.20.AQ,NET.09,STA.09.AKC,,SPO.09.AKC.5066.6001.1,SPP.09.AKC.5066.6001.1.11325,SAM.09.AKC.5066.6001.1,PM2.5,http://dd.eionet.europa.eu/vocabulary/aq/pollutant/6001,hour,28.1830005600,µg/m3,2018-11-11 01:00:00 +01:00,2018-11-11 02:00:00 +01:00,1,1
AT,AT.0008.20.AQ,NET.09,STA.09.AKC,,SPO.09.AKC.5066.6001.1,SPP.09.AKC.5066.6001.1.11325,SAM.09.AKC.5066.6001.1,PM2.5,http://dd.eionet.europa.eu/vocabulary/aq/pollutant/6001,hour,30.1599998400,µg/m3,2018-11-11 04:00:00 +01:00,2018-11-11 05:00:00 +01:00,1,1
AT,AT.0008.20.AQ,NET.09,STA.09.AKC,,SPO.09.AKC.5066.6001.1,SPP.09.AKC.5066.6001.1.11325,SAM.09.AKC.5066.6001.1,PM2.5,http://dd.eionet.europa.eu/vocabulary/aq/pollutant/6001,hour,35.6094970700,µg/m3,2018-11-11 06:00:00 +01:00,2018-11-11 07:00:00 +01:00,1,1
AT,AT.0008.20.AQ,NET.09,STA.09.AKC,,SPO.09.AKC.5066.6001.1,SPP.09.AKC.5066.6001.1.11325,SAM.09.AKC.5066.6001.1,PM2.5,http://dd.eionet.europa.eu/vocabulary/aq/pollutant/6001,hour,25.2455005600,µg/m3,2018-11-11 08:00:00 +01:00,2018-11-11 09:00:00 +01:00,1,1
AT,AT.0008.20.AQ,NET.09,STA.09.AKC,,SPO.09.AKC.5066.6001.1,SPP.09.AKC.5066.6001.1.11325,SAM.09.AKC.5066.6001.1,PM2.5,http://dd.eionet.europa.eu/vocabulary/aq/pollutant/6001,hour,30.4449996900,µg/m3,2018-11-11 09:00:00 +01:00,2018-11-11 10:00:00 +01:00,1,1
AT,AT.0008.20.AQ,NET.09,STA.09.AKC,,SPO.09.AKC.5066.6001.1,SPP.09.AKC.5066.6001.1.11325,SAM.09.AKC.5066.6001.1,PM2.5,http://dd.eionet.europa.eu/vocabulary/aq/pollutant/6001,hour,27.8470001200,µg/m3,2018-11-11 12:00:00 +01:00,2018-11-11 13:00:00 +01:00,1,1
AT,AT.0008.20.AQ,NET.09,STA.09.AKC,,SPO.09.AKC.5066.6001.1,SPP.09.AKC.5066.6001.1.11325,SAM.09.AKC.5066.6001.1,PM2.5,http://dd.eionet.europa.eu/vocabulary/aq/pollutant/6001,hour,24.4785003600,µg/m3,2018-11-11 14:00:00 +01:00,2018-11-11 15:00:00 +01:00,1,1
AT,AT.0008.20.AQ,NET.09,STA.09.AKC,,SPO.09.AKC.5066.6001.1,SPP.09.AKC.5066.6001.1.11325,SAM.09.AKC.5066.6001.1,PM2.5,http://dd.eionet.europa.eu/vocabulary/aq/pollutant/6001,hour,24.0270004200,µg/m3,2018-11-11 15:00:00 +01:00,2018-11-11 16:00:00 +01:00,1,1
AT,AT.0008.20.AQ,NET.09,STA.09.AKC,,SPO.09.AKC.5066.6001.1,SPP.09.AKC.5066.6001.1.11325,SAM.09.AKC.5066.6001.1,PM2.5,http://dd.eionet.europa.eu/vocabulary/aq/pollutant/6001,hour,22.0834999000,µg/m3,2018-11-11 16:00:00 +01:00,2018-11-11 17:00:00 +01:00,1,1
AT,AT.0008.20.AQ,NET.09,STA.09.AKC,,SPO.09.AKC.5066.6001.1,SPP.09.AKC.5066.6001.1.11325,SAM.09.AKC.5066.6001.1,PM2.5,http://dd.eionet.europa.eu/vocabulary/aq/pollutant/6001,hour,23.4510002100,µg/m3,2018-11-11 17:00:00 +01:00,2018-11-11 18:00:00 +01:00,1,1
AT,AT.0008.20.AQ,NET.09,STA.09.AKC,,SPO.09.AKC.5066.6001.1,SPP.09.AKC.5066.6001.1.11325,SAM.09.AKC.5066.6001.1,PM2.5,http://dd.eionet.europa.eu/vocabulary/aq/pollutant/6001,hour,23.5760002100,µg/m3,2018-11-11 18:00:00 +01:00,2018-11-11 19:00:00 +01:00,1,1
AT,AT.0008.20.AQ,NET.09,STA.09.AKC,,SPO.09.AKC.5066.6001.1,SPP.09.AKC.5066.6001.1.11325,SAM.09.AKC.5066.6001.1,PM2.5,http://dd.eionet.europa.eu/vocabulary/aq/pollutant/6001,hour,28.4730014800,µg/m3,2018-11-11 19:00:00 +01:00,2018-11-11 20:00:00 +01:00,1,1
AT,AT.0008.20.AQ,NET.09,STA.09.AKC,,SPO.09.AKC.5066.6001.1,SPP.09.AKC.5066.6001.1.11325,SAM.09.AKC.5066.6001.1,PM2.5,http://dd.eionet.europa.eu/vocabulary/aq/pollutant/6001,hour,30.4570007300,µg/m3,2018-11-11 22:00:00 +01:00,2018-11-11 23:00:00 +01:00,1,1
AT,AT.0008.20.AQ,NET.09,STA.09.AKC,,SPO.09.AKC.5066.6001.1,SPP.09.AKC.5066.6001.1.11325,SAM.09.AKC.5066.6001.1,PM2.5,http://dd.eionet.europa.eu/vocabulary/aq/pollutant/6001,hour,30.2975006100,µg/m3,2018-11-11 23:00:00 +01:00,2018-11-12 00:00:00 +01:00,1,1
AT,AT.0008.20.AQ,NET.09,STA.09.AKC,,SPO.09.AKC.5066.6001.1,SPP.09.AKC.5066.6001.1.11325,SAM.09.AKC.5066.6001.1,PM2.5,http://dd.eionet.europa.eu/vocabulary/aq/pollutant/6001,hour,29.7299995400,µg/m3,2018-11-12 00:00:00 +01:00,2018-11-12 01:00:00 +01:00,1,1
AT,AT.0008.20.AQ,NET.09,STA.09.AKC,,SPO.09.AKC.5066.6001.1,SPP.09.AKC.5066.6001.1.11325,SAM.09.AKC.5066.6001.1,PM2.5,http://dd.eionet.europa.eu/vocabulary/aq/pollutant/6001,hour,28.9444999600,µg/m3,2018-11-12 01:00:00 +01:00,2018-11-12 02:00:00 +01:00,1,1
AT,AT.0008.20.AQ,NET.09,STA.09.AKC,,SPO.09.AKC.5066.6001.1,SPP.09.AKC.5066.6001.1.11325,SAM.09.AKC.5066.6001.1,PM2.5,http://dd.eionet.europa.eu/vocabulary/aq/pollutant/6001,hour,30.1760005900,µg/m3,2018-11-12 03:00:00 +01:00,2018-11-12 04:00:00 +01:00,1,1
AT,AT.0008.20.AQ,NET.09,STA.09.AKC,,SPO.09.AKC.5066.6001.1,SPP.09.AKC.5066.6001.1.11325,SAM.09.AKC.5066.6001.1,PM2.5,http://dd.eionet.europa.eu/vocabulary/aq/pollutant/6001,hour,34.5510025000,µg/m3,2018-11-12 04:00:00 +01:00,2018-11-12 05:00:00 +01:00,1,1
AT,AT.0008.20.AQ,NET.09,STA.09.AKC,,SPO.09.AKC.5066.6001.1,SPP.09.AKC.5066.6001.1.11325,SAM.09.AKC.5066.6001.1,PM2.5,http://dd.eionet.europa.eu/vocabulary/aq/pollutant/6001,hour,40.7459983800,µg/m3,2018-11-12 05:00:00 +01:00,2018-11-12 06:00:00 +01:00,1,1
AT,AT.0008.20.AQ,NET.09,STA.09.AKC,,SPO.09.AKC.5066.6001.1,SPP.09.AKC.5066.6001.1.11325,SAM.09.AKC.5066.6001.1,PM2.5,http://dd.eionet.europa.eu/vocabulary/aq/pollutant/6001,hour,43.7724990800,µg/m3,2018-11-12 06:00:00 +01:00,2018-11-12 07:00:00 +01:00,1,1
AT,AT.0008.20.AQ,NET.09,STA.09.AKC,,SPO.09.AKC.5066.6001.1,SPP.09.AKC.5066.6001.1.11325,SAM.09.AKC.5066.6001.1,PM2.5,http://dd.eionet.europa.eu/vocabulary/aq/pollutant/6001,hour,47.2350006100,µg/m3,2018-11-12 07:00:00 +01:00,2018-11-12 08:00:00 +01:00,1,1
AT,AT.0008.20.AQ,NET.09,STA.09.AKC,,SPO.09.AKC.5066.6001.1,SPP.09.AKC.5066.6001.1.11325,SAM.09.AKC.5066.6001.1,PM2.5,http://dd.eionet.europa.eu/vocabulary/aq/pollutant/6001,hour,46.8215026800,µg/m3,2018-11-12 08:00:00 +01:00,2018-11-12 09:00:00 +01:00,1,1
AT,AT.0008.20.AQ,NET.09,STA.09.AKC,,SPO.09.AKC.5066.6001.1,SPP.09.AKC.5066.6001.1.11325,SAM.09.AKC.5066.6001.1,PM2.5,http://dd.eionet.europa.eu/vocabulary/aq/pollutant/6001,hour,37.7980003300,µg/m3,2018-11-12 09:00:00 +01:00,2018-11-12 10:00:00 +01:00,1,1
AT,AT.0008.20.AQ,NET.09,STA.09.AKC,,SPO.09.AKC.5066.6001.1,SPP.09.AKC.5066.6001.1.11325,SAM.09.AKC.5066.6001.1,PM2.5,http://dd.eionet.europa.eu/vocabulary/aq/pollutant/6001,hour,29.8164978000,µg/m3,2018-11-12 10:00:00 +01:00,2018-11-12 11:00:00 +01:00,1,1
AT,AT.0008.20.AQ,NET.09,STA.09.AKC,,SPO.09.AKC.5066.6001.1,SPP.09.AKC.5066.6001.1.11325,SAM.09.AKC.5066.6001.1,PM2.5,http://dd.eionet.europa.eu/vocabulary/aq/pollutant/6001,hour,28.0094985900,µg/m3,2018-11-12 11:00:00 +01:00,2018-11-12 12:00:00 +01:00,1,1
AT,AT.0008.20.AQ,NET.09,STA.09.AKC,,SPO.09.AKC.5066.6001.1,SPP.09.AKC.5066.6001.1.11325,SAM.09.AKC.5066.6001.1,PM2.5,http://dd.eionet.europa.eu/vocabulary/aq/pollutant/6001,hour,22.3834991400,µg/m3,2018-11-12 12:00:00 +01:00,2018-11-12 13:00:00 +01:00,1,1
AT,AT.0008.20.AQ,NET.09,STA.09.AKC,,SPO.09.AKC.5066.6001.1,SPP.09.AKC.5066.6001.1.11325,SAM.09.AKC.5066.6001.1,PM2.5,http://dd.eionet.europa.eu/vocabulary/aq/pollutant/6001,hour,25.3455009400,µg/m3,2018-11-12 13:00:00 +01:00,2018-11-12 14:00:00 +01:00,1,1
AT,AT.0008.20.AQ,NET.09,STA.09.AKC,,SPO.09.AKC.5066.6001.1,SPP.09.AKC.5066.6001.1.11325,SAM.09.AKC.5066.6001.1,PM2.5,http://dd.eionet.europa.eu/vocabulary/aq/pollutant/6001,hour,24.0419998100,µg/m3,2018-11-12 14:00:00 +01:00,2018-11-12 15:00:00 +01:00,1,1
AT,AT.0008.20.AQ,NET.09,STA.09.AKC,,SPO.09.AKC.5066.6001.1,SPP.09.AKC.5066.6001.1.11325,SAM.09.AKC.5066.6001.1,PM2.5,http://dd.eionet.europa.eu/vocabulary/aq/pollutant/6001,hour,24.4514999300,µg/m3,2018-11-12 15:00:00 +01:00,2018-11-12 16:00:00 +01:00,1,1
AT,AT.0008.20.AQ,NET.09,STA.09.AKC,,SPO.09.AKC.5066.6001.1,SPP.09.AKC.5066.6001.1.11325,SAM.09.AKC.5066.6001.1,PM2.5,http://dd.eionet.europa.eu/vocabulary/aq/pollutant/6001,hour,22.0594997400,µg/m3,2018-11-12 17:00:00 +01:00,2018-11-12 18:00:00 +01:00,1,1
AT,AT.0008.20.AQ,NET.09,STA.09.AKC,,SPO.09.AKC.5066.6001.1,SPP.09.AKC.5066.6001.1.11325,SAM.09.AKC.5066.6001.1,PM2.5,http://dd.eionet.europa.eu/vocabulary/aq/pollutant/6001,hour,22.1199989300,µg/m3,2018-11-12 18:00:00 +01:00,2018-11-12 19:00:00 +01:00,1,1
AT,AT.0008.20.AQ,NET.09,STA.09.AKC,,SPO.09.AKC.5066.6001.1,SPP.09.AKC.5066.6001.1.11325,SAM.09.AKC.5066.6001.1,PM2.5,http://dd.eionet.europa.eu/vocabulary/aq/pollutant/6001,hour,22.8600006100,µg/m3,2018-11-12 19:00:00 +01:00,2018-11-12 20:00:00 +01:00,1,1
AT,AT.0008.20.AQ,NET.09,STA.09.AKC,,SPO.09.AKC.5066.6001.1,SPP.09.AKC.5066.6001.1.11325,SAM.09.AKC.5066.6001.1,PM2.5,http://dd.eionet.europa.eu/vocabulary/aq/pollutant/6001,hour,23.7950000700,µg/m3,2018-11-12 20:00:00 +01:00,2018-11-12 21:00:00 +01:00,1,1
AT,AT.0008.20.AQ,NET.09,STA.09.AKC,,SPO.09.AKC.5066.6001.1,SPP.09.AKC.5066.6001.1.11325,SAM.09.AKC.5066.6001.1,PM2.5,http://dd.eionet.europa.eu/vocabulary/aq/pollutant/6001,hour,22.0525016700,µg/m3,2018-11-12 21:00:00 +01:00,2018-11-12 22:00:00 +01:00,1,1
AT,AT.0008.20.AQ,NET.09,STA.09.AKC,,SPO.09.AKC.5066.6001.1,SPP.09.AKC.5066.6001.1.11325,SAM.09.AKC.5066.6001.1,PM2.5,http://dd.eionet.europa.eu/vocabulary/aq/pollutant/6001,hour,18.6450004500,µg/m3,2018-11-12 22:00:00 +01:00,2018-11-12 23:00:00 +01:00,1,1
AT,AT.0008.20.AQ,NET.09,STA.09.AKC,,SPO.09.AKC.5066.6001.1,SPP.09.AKC.5066.6001.1.11325,SAM.09.AKC.5066.6001.1,PM2.5,http://dd.eionet.europa.eu/vocabulary/aq/pollutant/6001,hour,20.6194992000,µg/m3,2018-11-12 23:00:00 +01:00,2018-11-13 00:00:00 +01:00,1,1
AT,AT.0008.20.AQ,NET.09,STA.09.AKC,,SPO.09.AKC.5066.6001.1,SPP.09.AKC.5066.6001.1.11325,SAM.09.AKC.5066.6001.1,PM2.5,http://dd.eionet.europa.eu/vocabulary/aq/pollutant/6001,hour,19.4174995400,µg/m3,2018-11-13 00:00:00 +01:00,2018-11-13 01:00:00 +01:00,1,1
AT,AT.0008.20.AQ,NET.09,STA.09.AKC,,SPO.09.AKC.5066.6001.1,SPP.09.AKC.5066.6001.1.11325,SAM.09.AKC.5066.6001.1,PM2.5,http://dd.eionet.europa.eu/vocabulary/aq/pollutant/6001,hour,18.4724998400,µg/m3,2018-11-13 01:00:00 +01:00,2018-11-13 02:00:00 +01:00,1,1
AT,AT.0008.20.AQ,NET.09,STA.09.AKC,,SPO.09.AKC.5066.6001.1,SPP.09.AKC.5066.6001.1.11325,SAM.09.AKC.5066.6001.1,PM2.5,http://dd.eionet.europa.eu/vocabulary/aq/pollutant/6001,hour,19.6905002500,µg/m3,2018-11-13 02:00:00 +01:00,2018-11-13 03:00:00 +01:00,1,1
AT,AT.0008.20.AQ,NET.09,STA.09.AKC,,SPO.09.AKC.5066.6001.1,SPP.09.AKC.5066.6001.1.11325,SAM.09.AKC.5066.6001.1,PM2.5,http://dd.eionet.europa.eu/vocabulary/aq/pollutant/6001,hour,17.8865013100,µg/m3,2018-11-13 04:00:00 +01:00,2018-11-13 05:00:00 +01:00,1,1
AT,AT.0008.20.AQ,NET.09,STA.09.AKC,,SPO.09.AKC.5066.6001.1,SPP.09.AKC.5066.6001.1.11325,SAM.09.AKC.5066.6001.1,PM2.5,http://dd.eionet.europa.eu/vocabulary/aq/pollutant/6001,hour,18.6044998100,µg/m3,2018-11-13 09:00:00 +01:00,2018-11-13 10:00:00 +01:00,1,1
AT,AT.0008.20.AQ,NET.09,STA.09.AKC,,SPO.09.AKC.5066.6001.1,SPP.09.AKC.5066.6001.1.11325,SAM.09.AKC.5066.6001.1,PM2.5,http://dd.eionet.europa.eu/vocabulary/aq/pollutant/6001,hour,12.9340000100,µg/m3,2018-11-13 11:00:00 +01:00,2018-11-13 12:00:00 +01:00,1,1
AT,AT.0008.20.AQ,NET.09,STA.09.AKC,,SPO.09.AKC.5066.6001.1,SPP.09.AKC.5066.6001.1.11325,SAM.09.AKC.5066.6001.1,PM2.5,http://dd.eionet.europa.eu/vocabulary/aq/pollutant/6001,hour,9.2139997400,µg/m3,2018-11-13 12:00:00 +01:00,2018-11-13 13:00:00 +01:00,1,1
AT,AT.0008.20.AQ,NET.09,STA.09.AKC,,SPO.09.AKC.5066.6001.1,SPP.09.AKC.5066.6001.1.11325,SAM.09.AKC.5066.6001.1,PM2.5,http://dd.eionet.europa.eu/vocabulary/aq/pollutant/6001,hour,11.4259996400,µg/m3,2018-11-13 13:00:00 +01:00,2018-11-13 14:00:00 +01:00,1,1
AT,AT.0008.20.AQ,NET.09,STA.09.AKC,,SPO.09.AKC.5066.6001.1,SPP.09.AKC.5066.6001.1.11325,SAM.09.AKC.5066.6001.1,PM2.5,http://dd.eionet.europa.eu/vocabulary/aq/pollutant/6001,hour,12.0114994000,µg/m3,2018-11-13 14:00:00 +01:00,2018-11-13 15:00:00 +01:00,1,1
AT,AT.0008.20.AQ,NET.09,STA.09.AKC,,SPO.09.AKC.5066.6001.1,SPP.09.AKC.5066.6001.1.11325,SAM.09.AKC.5066.6001.1,PM2.5,http://dd.eionet.europa.eu/vocabulary/aq/pollutant/6001,hour,13.5039997100,µg/m3,2018-11-13 16:00:00 +01:00,2018-11-13 17:00:00 +01:00,1,1
AT,AT.0008.20.AQ,NET.09,STA.09.AKC,,SPO.09.AKC.5066.6001.1,SPP.09.AKC.5066.6001.1.11325,SAM.09.AKC.5066.6001.1,PM2.5,http://dd.eionet.europa.eu/vocabulary/aq/pollutant/6001,hour,13.3500003800,µg/m3,2018-11-13 17:00:00 +01:00,2018-11-13 18:00:00 +01:00,1,1
AT,AT.0008.20.AQ,NET.09,STA.09.AKC,,SPO.09.AKC.5066.6001.1,SPP.09.AKC.5066.6001.1.11325,SAM.09.AKC.5066.6001.1,PM2.5,http://dd.eionet.europa.eu/vocabulary/aq/pollutant/6001,hour,12.2579994200,µg/m3,2018-11-13 18:00:00 +01:00,2018-11-13 19:00:00 +01:00,1,1
AT,AT.0008.20.AQ,NET.09,STA.09.AKC,,SPO.09.AKC.5066.6001.1,SPP.09.AKC.5066.6001.1.11325,SAM.09.AKC.5066.6001.1,PM2.5,http://dd.eionet.europa.eu/vocabulary/aq/pollutant/6001,hour,9.2444000200,µg/m3,2018-11-13 19:00:00 +01:00,2018-11-13 20:00:00 +01:00,1,1
AT,AT.0008.20.AQ,NET.09,STA.09.AKC,,SPO.09.AKC.5066.6001.1,SPP.09.AKC.5066.6001.1.11325,SAM.09.AKC.5066.6001.1,PM2.5,http://dd.eionet.europa.eu/vocabulary/aq/pollutant/6001,hour,10.2311496700,µg/m3,2018-11-13 21:00:00 +01:00,2018-11-13 22:00:00 +01:00,1,1
AT,AT.0008.20.AQ,NET.09,STA.09.AKC,,SPO.09.AKC.5066.6001.1,SPP.09.AKC.5066.6001.1.11325,SAM.09.AKC.5066.6001.1,PM2.5,http://dd.eionet.europa.eu/vocabulary/aq/pollutant/6001,hour,9.8824005100,µg/m3,2018-11-13 22:00:00 +01:00,2018-11-13 23:00:00 +01:00,1,1
AT,AT.0008.20.AQ,NET.09,STA.09.AKC,,SPO.09.AKC.5066.6001.1,SPP.09.AKC.5066.6001.1.11325,SAM.09.AKC.5066.6001.1,PM2.5,http://dd.eionet.europa.eu/vocabulary/aq/pollutant/6001,hour,10.6329994200,µg/m3,2018-11-13 23:00:00 +01:00,2018-11-14 00:00:00 +01:00,1,1
AT,AT.0008.20.AQ,NET.09,STA.09.AKC,,SPO.09.AKC.5066.6001.1,SPP.09.AKC.5066.6001.1.11325,SAM.09.AKC.5066.6001.1,PM2.5,http://dd.eionet.europa.eu/vocabulary/aq/pollutant/6001,hour,11.8454999900,µg/m3,2018-11-14 00:00:00 +01:00,2018-11-14 01:00:00 +01:00,1,1
AT,AT.0008.20.AQ,NET.09,STA.09.AKC,,SPO.09.AKC.5066.6001.1,SPP.09.AKC.5066.6001.1.11325,SAM.09.AKC.5066.6001.1,PM2.5,http://dd.eionet.europa.eu/vocabulary/aq/pollutant/6001,hour,10.2072496400,µg/m3,2018-11-14 01:00:00 +01:00,2018-11-14 02:00:00 +01:00,1,1
AT,AT.0008.20.AQ,NET.09,STA.09.AKC,,SPO.09.AKC.5066.6001.1,SPP.09.AKC.5066.6001.1.11325,SAM.09.AKC.5066.6001.1,PM2.5,http://dd.eionet.europa.eu/vocabulary/aq/pollutant/6001,hour,6.7721996300,µg/m3,2018-11-14 03:00:00 +01:00,2018-11-14 04:00:00 +01:00,1,1
AT,AT.0008.20.AQ,NET.09,STA.09.AKC,,SPO.09.AKC.5066.6001.1,SPP.09.AKC.5066.6001.1.11325,SAM.09.AKC.5066.6001.1,PM2.5,http://dd.eionet.europa.eu/vocabulary/aq/pollutant/6001,hour,7.6127004600,µg/m3,2018-11-14 08:00:00 +01:00,2018-11-14 09:00:00 +01:00,1,1
AT,AT.0008.20.AQ,NET.09,STA.09.AKC,,SPO.09.AKC.5066.6001.1,SPP.09.AKC.5066.6001.1.11325,SAM.09.AKC.5066.6001.1,PM2.5,http://dd.eionet.europa.eu/vocabulary/aq/pollutant/6001,hour,6.7156000100,µg/m3,2018-11-14 10:00:00 +01:00,2018-11-14 11:00:00 +01:00,1,1
AT,AT.0008.20.AQ,NET.09,STA.09.AKC,,SPO.09.AKC.5066.6001.1,SPP.09.AKC.5066.6001.1.11325,SAM.09.AKC.5066.6001.1,PM2.5,http://dd.eionet.europa.eu/vocabulary/aq/pollutant/6001,hour,7.6166501000,µg/m3,2018-11-14 11:00:00 +01:00,2018-11-14 12:00:00 +01:00,1,1
AT,AT.0008.20.AQ,NET.09,STA.09.AKC,,SPO.09.AKC.5066.6001.1,SPP.09.AKC.5066.6001.1.11325,SAM.09.AKC.5066.6001.1,PM2.5,http://dd.eionet.europa.eu/vocabulary/aq/pollutant/6001,hour,7.2332496600,µg/m3,2018-11-14 13:00:00 +01:00,2018-11-14 14:00:00 +01:00,1,1
AT,AT.0008.20.AQ,NET.09,STA.09.AKC,,SPO.09.AKC.5066.6001.1,SPP.09.AKC.5066.6001.1.11325,SAM.09.AKC.5066.6001.1,PM2.5,http://dd.eionet.europa.eu/vocabulary/aq/pollutant/6001,hour,6.3498001000,µg/m3,2018-11-14 14:00:00 +01:00,2018-11-14 15:00:00 +01:00,1,1
AT,AT.0008.20.AQ,NET.09,STA.09.AKC,,SPO.09.AKC.5066.6001.1,SPP.09.AKC.5066.6001.1.11325,SAM.09.AKC.5066.6001.1,PM2.5,http://dd.eionet.europa.eu/vocabulary/aq/pollutant/6001,hour,12.4801998100,µg/m3,2018-11-14 17:00:00 +01:00,2018-11-14 18:00:00 +01:00,1,1
AT,AT.0008.20.AQ,NET.09,STA.09.AKC,,SPO.09.AKC.5066.6001.1,SPP.09.AKC.5066.6001.1.11325,SAM.09.AKC.5066.6001.1,PM2.5,http://dd.eionet.europa.eu/vocabulary/aq/pollutant/6001,hour,11.6564998600,µg/m3,2018-11-14 18:00:00 +01:00,2018-11-14 19:00:00 +01:00,1,1
AT,AT.0008.20.AQ,NET.09,STA.09.AKC,,SPO.09.AKC.5066.6001.1,SPP.09.AKC.5066.6001.1.11325,SAM.09.AKC.5066.6001.1,PM2.5,http://dd.eionet.europa.eu/vocabulary/aq/pollutant/6001,hour,13.3415002800,µg/m3,2018-11-14 19:00:00 +01:00,2018-11-14 20:00:00 +01:00,1,1
AT,AT.0008.20.AQ,NET.09,STA.09.AKC,,SPO.09.AKC.5066.6001.1,SPP.09.AKC.5066.6001.1.11325,SAM.09.AKC.5066.6001.1,PM2.5,http://dd.eionet.europa.eu/vocabulary/aq/pollutant/6001,hour,12.8430004100,µg/m3,2018-11-14 20:00:00 +01:00,2018-11-14 21:00:00 +01:00,1,1
AT,AT.0008.20.AQ,NET.09,STA.09.AKC,,SPO.09.AKC.5066.6001.1,SPP.09.AKC.5066.6001.1.11325,SAM.09.AKC.5066.6001.1,PM2.5,http://dd.eionet.europa.eu/vocabulary/aq/pollutant/6001,hour,13.3369998900,µg/m3,2018-11-14 21:00:00 +01:00,2018-11-14 22:00:00 +01:00,1,1
AT,AT.0008.20.AQ,NET.09,STA.09.AKC,,SPO.09.AKC.5066.6001.1,SPP.09.AKC.5066.6001.1.11325,SAM.09.AKC.5066.6001.1,PM2.5,http://dd.eionet.europa.eu/vocabulary/aq/pollutant/6001,hour,18.1274986200,µg/m3,2018-11-14 22:00:00 +01:00,2018-11-14 23:00:00 +01:00,1,1
AT,AT.0008.20.AQ,NET.09,STA.09.AKC,,SPO.09.AKC.5066.6001.1,SPP.09.AKC.5066.6001.1.11325,SAM.09.AKC.5066.6001.1,PM2.5,http://dd.eionet.europa.eu/vocabulary/aq/pollutant/6001,hour,13.9575004500,µg/m3,2018-11-14 23:00:00 +01:00,2018-11-15 00:00:00 +01:00,1,1
AT,AT.0008.20.AQ,NET.09,STA.09.AKC,,SPO.09.AKC.5066.6001.1,SPP.09.AKC.5066.6001.1.11325,SAM.09.AKC.5066.6001.1,PM2.5,http://dd.eionet.europa.eu/vocabulary/aq/pollutant/6001,hour,14.2480001400,µg/m3,2018-11-15 01:00:00 +01:00,2018-11-15 02:00:00 +01:00,1,1
AT,AT.0008.20.AQ,NET.09,STA.09.AKC,,SPO.09.AKC.5066.6001.1,SPP.09.AKC.5066.6001.1.11325,SAM.09.AKC.5066.6001.1,PM2.5,http://dd.eionet.europa.eu/vocabulary/aq/pollutant/6001,hour,13.9844999300,µg/m3,2018-11-15 02:00:00 +01:00,2018-11-15 03:00:00 +01:00,1,1
AT,AT.0008.20.AQ,NET.09,STA.09.AKC,,SPO.09.AKC.5066.6001.1,SPP.09.AKC.5066.6001.1.11325,SAM.09.AKC.5066.6001.1,PM2.5,http://dd.eionet.europa.eu/vocabulary/aq/pollutant/6001,hour,12.7994995100,µg/m3,2018-11-15 03:00:00 +01:00,2018-11-15 04:00:00 +01:00,1,1
AT,AT.0008.20.AQ,NET.09,STA.09.AKC,,SPO.09.AKC.5066.6001.1,SPP.09.AKC.5066.6001.1.11325,SAM.09.AKC.5066.6001.1,PM2.5,http://dd.eionet.europa.eu/vocabulary/aq/pollutant/6001,hour,13.3229999500,µg/m3,2018-11-15 04:00:00 +01:00,2018-11-15 05:00:00 +01:00,1,1
AT,AT.0008.20.AQ,NET.09,STA.09.AKC,,SPO.09.AKC.5066.6001.1,SPP.09.AKC.5066.6001.1.11325,SAM.09.AKC.5066.6001.1,PM2.5,http://dd.eionet.europa.eu/vocabulary/aq/pollutant/6001,hour,18.2415008500,µg/m3,2018-11-15 07:00:00 +01:00,2018-11-15 08:00:00 +01:00,1,1
AT,AT.0008.20.AQ,NET.09,STA.09.AKC,,SPO.09.AKC.5066.6001.1,SPP.09.AKC.5066.6001.1.11325,SAM.09.AKC.5066.6001.1,PM2.5,http://dd.eionet.europa.eu/vocabulary/aq/pollutant/6001,hour,20.1490001600,µg/m3,2018-11-15 09:00:00 +01:00,2018-11-15 10:00:00 +01:00,1,1
AT,AT.0008.20.AQ,NET.09,STA.09.AKC,,SPO.09.AKC.5066.6001.1,SPP.09.AKC.5066.6001.1.11325,SAM.09.AKC.5066.6001.1,PM2.5,http://dd.eionet.europa.eu/vocabulary/aq/pollutant/6001,hour,20.0944995800,µg/m3,2018-11-15 10:00:00 +01:00,2018-11-15 11:00:00 +01:00,1,1
AT,AT.0008.20.AQ,NET.09,STA.09.AKC,,SPO.09.AKC.5066.6001.1,SPP.09.AKC.5066.6001.1.11325,SAM.09.AKC.5066.6001.1,PM2.5,http://dd.eionet.europa.eu/vocabulary/aq/pollutant/6001,hour,15.0489997800,µg/m3,2018-11-15 13:00:00 +01:00,2018-11-15 14:00:00 +01:00,1,1
AT,AT.0008.20.AQ,NET.09,STA.09.AKC,,SPO.09.AKC.5066.6001.1,SPP.09.AKC.5066.6001.1.11325,SAM.09.AKC.5066.6001.1,PM2.5,http://dd.eionet.europa.eu/vocabulary/aq/pollutant/6001,hour,13.1900005300,µg/m3,2018-11-15 15:00:00 +01:00,2018-11-15 16:00:00 +01:00,1,1
AT,AT.0008.20.AQ,NET.09,STA.09.AKC,,SPO.09.AKC.5066.6001.1,SPP.09.AKC.5066.6001.1.11325,SAM.09.AKC.5066.6001.1,PM2.5,http://dd.eionet.europa.eu/vocabulary/aq/pollutant/6001,hour,19.3979988000,µg/m3,2018-11-15 18:00:00 +01:00,2018-11-15 19:00:00 +01:00,1,1
AT,AT.0008.20.AQ,NET.09,STA.09.AKC,,SPO.09.AKC.5066.6001.1,SPP.09.AKC.5066.6001.1.11325,SAM.09.AKC.5066.6001.1,PM2.5,http://dd.eionet.europa.eu/vocabulary/aq/pollutant/6001,hour,21.4435005100,µg/m3,2018-11-15 19:00:00 +01:00,2018-11-15 20:00:00 +01:00,1,1
AT,AT.0008.20.AQ,NET.09,STA.09.AKC,,SPO.09.AKC.5066.6001.1,SPP.09.AKC.5066.6001.1.11325,SAM.09.AKC.5066.6001.1,PM2.5,http://dd.eionet.europa.eu/vocabulary/aq/pollutant/6001,hour,22.3810005100,µg/m3,2018-11-15 22:00:00 +01:00,2018-11-15 23:00:00 +01:00,1,1
AT,AT.0008.20.AQ,NET.09,STA.09.AKC,,SPO.09.AKC.5066.6001.1,SPP.09.AKC.5066.6001.1.11325,SAM.09.AKC.5066.6001.1,PM2.5,http://dd.eionet.europa.eu/vocabulary/aq/pollutant/6001,hour,20.0745010300,µg/m3,2018-11-15 23:00:00 +01:00,2018-11-16 00:00:00 +01:00,1,1
AT,AT.0008.20.AQ,NET.09,STA.09.AKC,,SPO.09.AKC.5066.6001.1,SPP.09.AKC.5066.6001.1.11325,SAM.09.AKC.5066.6001.1,PM2.5,http://dd.eionet.europa.eu/vocabulary/aq/pollutant/6001,hour,20.1835002800,µg/m3,2018-11-16 00:00:00 +01:00,2018-11-16 01:00:00 +01:00,1,1
AT,AT.0008.20.AQ,NET.09,STA.09.AKC,,SPO.09.AKC.5066.6001.1,SPP.09.AKC.5066.6001.1.11325,SAM.09.AKC.5066.6001.1,PM2.5,http://dd.eionet.europa.eu/vocabulary/aq/pollutant/6001,hour,18.5659999800,µg/m3,2018-11-16 01:00:00 +01:00,2018-11-16 02:00:00 +01:00,1,1
AT,AT.0008.20.AQ,NET.09,STA.09.AKC,,SPO.09.AKC.5066.6001.1,SPP.09.AKC.5066.6001.1.11325,SAM.09.AKC.5066.6001.1,PM2.5,http://dd.eionet.europa.eu/vocabulary/aq/pollutant/6001,hour,17.0649986200,µg/m3,2018-11-16 02:00:00 +01:00,2018-11-16 03:00:00 +01:00,1,1
AT,AT.0008.20.AQ,NET.09,STA.09.AKC,,SPO.09.AKC.5066.6001.1,SPP.09.AKC.5066.6001.1.11325,SAM.09.AKC.5066.6001.1,PM2.5,http://dd.eionet.europa.eu/vocabulary/aq/pollutant/6001,hour,17.2355003300,µg/m3,2018-11-16 03:00:00 +01:00,2018-11-16 04:00:00 +01:00,1,1
AT,AT.0008.20.AQ,NET.09,STA.09.AKC,,SPO.09.AKC.5066.6001.1,SPP.09.AKC.5066.6001.1.11325,SAM.09.AKC.5066.6001.1,PM2.5,http://dd.eionet.europa.eu/vocabulary/aq/pollutant/6001,hour,15.7875003800,µg/m3,2018-11-16 05:00:00 +01:00,2018-11-16 06:00:00 +01:00,1,1
AT,AT.0008.20.AQ,NET.09,STA.09.AKC,,SPO.09.AKC.5066.6001.1,SPP.09.AKC.5066.6001.1.11325,SAM.09.AKC.5066.6001.1,PM2.5,http://dd.eionet.europa.eu/vocabulary/aq/pollutant/6001,hour,17.1165008500,µg/m3,2018-11-16 06:00:00 +01:00,2018-11-16 07:00:00 +01:00,1,1
AT,AT.0008.20.AQ,NET.09,STA.09.AKC,,SPO.09.AKC.5066.6001.1,SPP.09.AKC.5066.6001.1.11325,SAM.09.AKC.5066.6001.1,PM2.5,http://dd.eionet.europa.eu/vocabulary/aq/pollutant/6001,hour,20.9469985900,µg/m3,2018-11-16 07:00:00 +01:00,2018-11-16 08:00:00 +01:00,1,1
AT,AT.0008.20.AQ,NET.09,STA.09.AKC,,SPO.09.AKC.5066.6001.1,SPP.09.AKC.5066.6001.1.11325,SAM.09.AKC.5066.6001.1,PM2.5,http://dd.eionet.europa.eu/vocabulary/aq/pollutant/6001,hour,20.7569999600,µg/m3,2018-11-16 08:00:00 +01:00,2018-11-16 09:00:00 +01:00,1,1
AT,AT.0008.20.AQ,NET.09,STA.09.AKC,,SPO.09.AKC.5066.6001.1,SPP.09.AKC.5066.6001.1.11325,SAM.09.AKC.5066.6001.1,PM2.5,http://dd.eionet.europa.eu/vocabulary/aq/pollutant/6001,hour,23.6329994200,µg/m3,2018-11-16 11:00:00 +01:00,2018-11-16 12:00:00 +01:00,1,1
AT,AT.0008.20.AQ,NET.09,STA.09.AKC,,SPO.09.AKC.5066.6001.1,SPP.09.AKC.5066.6001.1.11325,SAM.09.AKC.5066.6001.1,PM2.5,http://dd.eionet.europa.eu/vocabulary/aq/pollutant/6001,hour,22.6879997200,µg/m3,2018-11-16 12:00:00 +01:00,2018-11-16 13:00:00 +01:00,1,1
AT,AT.0008.20.AQ,NET.09,STA.09.AKC,,SPO.09.AKC.5066.6001.1,SPP.09.AKC.5066.6001.1.11325,SAM.09.AKC.5066.6001.1,PM2.5,http://dd.eionet.europa.eu/vocabulary/aq/pollutant/6001,hour,17.5690002400,µg/m3,2018-11-16 13:00:00 +01:00,2018-11-16 14:00:00 +01:00,1,1
AT,AT.0008.20.AQ,NET.09,STA.09.AKC,,SPO.09.AKC.5066.6001.1,SPP.09.AKC.5066.6001.1.11325,SAM.09.AKC.5066.6001.1,PM2.5,http://dd.eionet.europa.eu/vocabulary/aq/pollutant/6001,hour,15.0569992000,µg/m3,2018-11-16 15:00:00 +01:00,2018-11-16 16:00:00 +01:00,1,1
AT,AT.0008.20.AQ,NET.09,STA.09.AKC,,SPO.09.AKC.5066.6001.1,SPP.09.AKC.5066.6001.1.11325,SAM.09.AKC.5066.6001.1,PM2.5,http://dd.eionet.europa.eu/vocabulary/aq/pollutant/6001,hour,17.5004997200,µg/m3,2018-11-16 16:00:00 +01:00,2018-11-16 17:00:00 +01:00,1,1
AT,AT.0008.20.AQ,NET.09,STA.09.AKC,,SPO.09.AKC.5066.6001.1,SPP.09.AKC.5066.6001.1.11325,SAM.09.AKC.5066.6001.1,PM2.5,http://dd.eionet.europa.eu/vocabulary/aq/pollutant/6001,hour,20.7200012200,µg/m3,2018-11-16 17:00:00 +01:00,2018-11-16 18:00:00 +01:00,1,1
AT,AT.0008.20.AQ,NET.09,STA.09.AKC,,SPO.09.AKC.5066.6001.1,SPP.09.AKC.5066.6001.1.11325,SAM.09.AKC.5066.6001.1,PM2.5,http://dd.eionet.europa.eu/vocabulary/aq/pollutant/6001,hour,21.8980007100,µg/m3,2018-11-16 18:00:00 +01:00,2018-11-16 19:00:00 +01:00,1,1
AT,AT.0008.20.AQ,NET.09,STA.09.AKC,,SPO.09.AKC.5066.6001.1,SPP.09.AKC.5066.6001.1.11325,SAM.09.AKC.5066.6001.1,PM2.5,http://dd.eionet.europa.eu/vocabulary/aq/pollutant/6001,hour,23.2244987400,µg/m3,2018-11-16 19:00:00 +01:00,2018-11-16 20:00:00 +01:00,1,1
AT,AT.0008.20.AQ,NET.09,STA.09.AKC,,SPO.09.AKC.5066.6001.1,SPP.09.AKC.5066.6001.1.11325,SAM.09.AKC.5066.6001.1,PM2.5,http://dd.eionet.europa.eu/vocabulary/aq/pollutant/6001,hour,25.8074989300,µg/m3,2018-11-16 20:00:00 +01:00,2018-11-16 21:00:00 +01:00,1,1
AT,AT.0008.20.AQ,NET.09,STA.09.AKC,,SPO.09.AKC.5066.6001.1,SPP.09.AKC.5066.6001.1.11325,SAM.09.AKC.5066.6001.1,PM2.5,http://dd.eionet.europa.eu/vocabulary/aq/pollutant/6001,hour,26.1075000700,µg/m3,2018-11-16 21:00:00 +01:00,2018-11-16 22:00:00 +01:00,1,1
AT,AT.0008.20.AQ,NET.09,STA.09.AKC,,SPO.09.AKC.5066.6001.1,SPP.09.AKC.5066.6001.1.11325,SAM.09.AKC.5066.6001.1,PM2.5,http://dd.eionet.europa.eu/vocabulary/aq/pollutant/6001,hour,26.3735008200,µg/m3,2018-11-16 22:00:00 +01:00,2018-11-16 23:00:00 +01:00,1,1
AT,AT.0008.20.AQ,NET.09,STA.09.AKC,,SPO.09.AKC.5066.6001.1,SPP.09.AKC.5066.6001.1.11325,SAM.09.AKC.5066.6001.1,PM2.5,http://dd.eionet.europa.eu/vocabulary/aq/pollutant/6001,hour,23.9904994900,µg/m3,2018-11-17 00:00:00 +01:00,2018-11-17 01:00:00 +01:00,1,1
AT,AT.0008.20.AQ,NET.09,STA.09.AKC,,SPO.09.AKC.5066.6001.1,SPP.09.AKC.5066.6001.1.11325,SAM.09.AKC.5066.6001.1,PM2.5,http://dd.eionet.europa.eu/vocabulary/aq/pollutant/6001,hour,23.4750003800,µg/m3,2018-11-17 01:00:00 +01:00,2018-11-17 02:00:00 +01:00,1,1
AT,AT.0008.20.AQ,NET.09,STA.09.AKC,,SPO.09.AKC.5066.6001.1,SPP.09.AKC.5066.6001.1.11325,SAM.09.AKC.5066.6001.1,PM2.5,http://dd.eionet.europa.eu/vocabulary/aq/pollutant/6001,hour,24.2545013400,µg/m3,2018-11-17 02:00:00 +01:00,2018-11-17 03:00:00 +01:00,1,1
AT,AT.0008.20.AQ,NET.09,STA.09.AKC,,SPO.09.AKC.5066.6001.1,SPP.09.AKC.5066.6001.1.11325,SAM.09.AKC.5066.6001.1,PM2.5,http://dd.eionet.europa.eu/vocabulary/aq/pollutant/6001,hour,24.7264995500,µg/m3,2018-11-17 03:00:00 +01:00,2018-11-17 04:00:00 +01:00,1,1
AT,AT.0008.20.AQ,NET.09,STA.09.AKC,,SPO.09.AKC.5066.6001.1,SPP.09.AKC.5066.6001.1.11325,SAM.09.AKC.5066.6001.1,PM2.5,http://dd.eionet.europa.eu/vocabulary/aq/pollutant/6001,hour,23.5045013400,µg/m3,2018-11-17 04:00:00 +01:00,2018-11-17 05:00:00 +01:00,1,1
AT,AT.0008.20.AQ,NET.09,STA.09.AKC,,SPO.09.AKC.5066.6001.1,SPP.09.AKC.5066.6001.1.11325,SAM.09.AKC.5066.6001.1,PM2.5,http://dd.eionet.europa.eu/vocabulary/aq/pollutant/6001,hour,22.6700000700,µg/m3,2018-11-17 05:00:00 +01:00,2018-11-17 06:00:00 +01:00,1,1
AT,AT.0008.20.AQ,NET.09,STA.09.AKC,,SPO.09.AKC.5066.6001.1,SPP.09.AKC.5066.6001.1.11325,SAM.09.AKC.5066.6001.1,PM2.5,http://dd.eionet.europa.eu/vocabulary/aq/pollutant/6001,hour,24.4514999300,µg/m3,2018-11-17 06:00:00 +01:00,2018-11-17 07:00:00 +01:00,1,1
AT,AT.0008.20.AQ,NET.09,STA.09.AKC,,SPO.09.AKC.5066.6001.1,SPP.09.AKC.5066.6001.1.11325,SAM.09.AKC.5066.6001.1,PM2.5,http://dd.eionet.europa.eu/vocabulary/aq/pollutant/6001,hour,26.4365005400,µg/m3,2018-11-17 07:00:00 +01:00,2018-11-17 08:00:00 +01:00,1,1
AT,AT.0008.20.AQ,NET.09,STA.09.AKC,,SPO.09.AKC.5066.6001.1,SPP.09.AKC.5066.6001.1.11325,SAM.09.AKC.5066.6001.1,PM2.5,http://dd.eionet.europa.eu/vocabulary/aq/pollutant/6001,hour,25.1165008500,µg/m3,2018-11-17 08:00:00 +01:00,2018-11-17 09:00:00 +01:00,1,1
AT,AT.0008.20.AQ,NET.09,STA.09.AKC,,SPO.09.AKC.5066.6001.1,SPP.09.AKC.5066.6001.1.11325,SAM.09.AKC.5066.6001.1,PM2.5,http://dd.eionet.europa.eu/vocabulary/aq/pollutant/6001,hour,24.2654991100,µg/m3,2018-11-17 09:00:00 +01:00,2018-11-17 10:00:00 +01:00,1,1
AT,AT.0008.20.AQ,NET.09,STA.09.AKC,,SPO.09.AKC.5066.6001.1,SPP.09.AKC.5066.6001.1.11325,SAM.09.AKC.5066.6001.1,PM2.5,http://dd.eionet.europa.eu/vocabulary/aq/pollutant/6001,hour,25.0114994000,µg/m3,2018-11-17 10:00:00 +01:00,2018-11-17 11:00:00 +01:00,1,1
AT,AT.0008.20.AQ,NET.09,STA.09.AKC,,SPO.09.AKC.5066.6001.1,SPP.09.AKC.5066.6001.1.11325,SAM.09.AKC.5066.6001.1,PM2.5,http://dd.eionet.europa.eu/vocabulary/aq/pollutant/6001,hour,24.2944984400,µg/m3,2018-11-17 11:00:00 +01:00,2018-11-17 12:00:00 +01:00,1,1
AT,AT.0008.20.AQ,NET.09,STA.09.AKC,,SPO.09.AKC.5066.6001.1,SPP.09.AKC.5066.6001.1.11325,SAM.09.AKC.5066.6001.1,PM2.5,http://dd.eionet.europa.eu/vocabulary/aq/pollutant/6001,hour,18.7994995100,µg/m3,2018-11-17 12:00:00 +01:00,2018-11-17 13:00:00 +01:00,1,1
AT,AT.0008.20.AQ,NET.09,STA.09.AKC,,SPO.09.AKC.5066.6001.1,SPP.09.AKC.5066.6001.1.11325,SAM.09.AKC.5066.6001.1,PM2.5,http://dd.eionet.europa.eu/vocabulary/aq/pollutant/6001,hour,17.4739990200,µg/m3,2018-11-17 13:00:00 +01:00,2018-11-17 14:00:00 +01:00,1,1
AT,AT.0008.20.AQ,NET.09,STA.09.AKC,,SPO.09.AKC.5066.6001.1,SPP.09.AKC.5066.6001.1.11325,SAM.09.AKC.5066.6001.1,PM2.5,http://dd.eionet.europa.eu/vocabulary/aq/pollutant/6001,hour,17.4459991400,µg/m3,2018-11-17 14:00:00 +01:00,2018-11-17 15:00:00 +01:00,1,1
AT,AT.0008.20.AQ,NET.09,STA.09.AKC,,SPO.09.AKC.5066.6001.1,SPP.09.AKC.5066.6001.1.11325,SAM.09.AKC.5066.6001.1,PM2.5,http://dd.eionet.europa.eu/vocabulary/aq/pollutant/6001,hour,17.9545001900,µg/m3,2018-11-17 15:00:00 +01:00,2018-11-17 16:00:00 +01:00,1,1
AT,AT.0008.20.AQ,NET.09,STA.09.AKC,,SPO.09.AKC.5066.6001.1,SPP.09.AKC.5066.6001.1.11325,SAM.09.AKC.5066.6001.1,PM2.5,http://dd.eionet.europa.eu/vocabulary/aq/pollutant/6001,hour,19.0200004500,µg/m3,2018-11-17 16:00:00 +01:00,2018-11-17 17:00:00 +01:00,1,1
AT,AT.0008.20.AQ,NET.09,STA.09.AKC,,SPO.09.AKC.5066.6001.1,SPP.09.AKC.5066.6001.1.11325,SAM.09.AKC.5066.6001.1,PM2.5,http://dd.eionet.europa.eu/vocabulary/aq/pollutant/6001,hour,22.0535011200,µg/m3,2018-11-17 17:00:00 +01:00,2018-11-17 18:00:00 +01:00,1,1
AT,AT.0008.20.AQ,NET.09,STA.09.AKC,,SPO.09.AKC.5066.6001.1,SPP.09.AKC.5066.6001.1.11325,SAM.09.AKC.5066.6001.1,PM2.5,http://dd.eionet.europa.eu/vocabulary/aq/pollutant/6001,hour,26.7789993200,µg/m3,2018-11-17 19:00:00 +01:00,2018-11-17 20:00:00 +01:00,1,1
AT,AT.0008.20.AQ,NET.09,STA.09.AKC,,SPO.09.AKC.5066.6001.1,SPP.09.AKC.5066.6001.1.11325,SAM.09.AKC.5066.6001.1,PM2.5,http://dd.eionet.europa.eu/vocabulary/aq/pollutant/6001,hour,30.2250003800,µg/m3,2018-11-17 20:00:00 +01:00,2018-11-17 21:00:00 +01:00,1,1
AT,AT.0008.20.AQ,NET.09,STA.09.AKC,,SPO.09.AKC.5066.6001.1,SPP.09.AKC.5066.6001.1.11325,SAM.09.AKC.5066.6001.1,PM2.5,http://dd.eionet.europa.eu/vocabulary/aq/pollutant/6001,hour,26.9744987400,µg/m3,2018-11-17 23:00:00 +01:00,2018-11-18 00:00:00 +01:00,1,1
AT,AT.0008.20.AQ,NET.09,STA.09.AKC,,SPO.09.AKC.5066.6001.1,SPP.09.AKC.5066.6001.1.11325,SAM.09.AKC.5066.6001.1,PM2.5,http://dd.eionet.europa.eu/vocabulary/aq/pollutant/6001,hour,24.9790000900,µg/m3,2018-11-18 00:00:00 +01:00,2018-11-18 01:00:00 +01:00,1,1
AT,AT.0008.20.AQ,NET.09,STA.09.AKC,,SPO.09.AKC.5066.6001.1,SPP.09.AKC.5066.6001.1.11325,SAM.09.AKC.5066.6001.1,PM2.5,http://dd.eionet.europa.eu/vocabulary/aq/pollutant/6001,hour,25.2320003500,µg/m3,2018-11-18 02:00:00 +01:00,2018-11-18 03:00:00 +01:00,1,1
AT,AT.0008.20.AQ,NET.09,STA.09.AKC,,SPO.09.AKC.5066.6001.1,SPP.09.AKC.5066.6001.1.11325,SAM.09.AKC.5066.6001.1,PM2.5,http://dd.eionet.europa.eu/vocabulary/aq/pollutant/6001,hour,25.8769989000,µg/m3,2018-11-18 03:00:00 +01:00,2018-11-18 04:00:00 +01:00,1,1
AT,AT.0008.20.AQ,NET.09,STA.09.AKC,,SPO.09.AKC.5066.6001.1,SPP.09.AKC.5066.6001.1.11325,SAM.09.AKC.5066.6001.1,PM2.5,http://dd.eionet.europa.eu/vocabulary/aq/pollutant/6001,hour,26.0745010300,µg/m3,2018-11-18 04:00:00 +01:00,2018-11-18 05:00:00 +01:00,1,1
AT,AT.0008.20.AQ,NET.09,STA.09.AKC,,SPO.09.AKC.5066.6001.1,SPP.09.AKC.5066.6001.1.11325,SAM.09.AKC.5066.6001.1,PM2.5,http://dd.eionet.europa.eu/vocabulary/aq/pollutant/6001,hour,27.1079998000,µg/m3,2018-11-18 05:00:00 +01:00,2018-11-18 06:00:00 +01:00,1,1
AT,AT.0008.20.AQ,NET.09,STA.09.AKC,,SPO.09.AKC.5066.6001.1,SPP.09.AKC.5066.6001.1.11325,SAM.09.AKC.5066.6001.1,PM2.5,http://dd.eionet.europa.eu/vocabulary/aq/pollutant/6001,hour,27.2244987400,µg/m3,2018-11-18 06:00:00 +01:00,2018-11-18 07:00:00 +01:00,1,1
AT,AT.0008.20.AQ,NET.09,STA.09.AKC,,SPO.09.AKC.5066.6001.1,SPP.09.AKC.5066.6001.1.11325,SAM.09.AKC.5066.6001.1,PM2.5,http://dd.eionet.europa.eu/vocabulary/aq/pollutant/6001,hour,28.4829998000,µg/m3,2018-11-18 07:00:00 +01:00,2018-11-18 08:00:00 +01:00,1,1
AT,AT.0008.20.AQ,NET.09,STA.09.AKC,,SPO.09.AKC.5066.6001.1,SPP.09.AKC.5066.6001.1.11325,SAM.09.AKC.5066.6001.1,PM2.5,http://dd.eionet.europa.eu/vocabulary/aq/pollutant/6001,hour,32.7125015200,µg/m3,2018-11-18 08:00:00 +01:00,2018-11-18 09:00:00 +01:00,1,1
AT,AT.0008.20.AQ,NET.09,STA.09.AKC,,SPO.09.AKC.5066.6001.1,SPP.09.AKC.5066.6001.1.11325,SAM.09.AKC.5066.6001.1,PM2.5,http://dd.eionet.europa.eu/vocabulary/aq/pollutant/6001,hour,34.7244987400,µg/m3,2018-11-18 09:00:00 +01:00,2018-11-18 10:00:00 +01:00,1,1
AT,AT.0008.20.AQ,NET.09,STA.09.AKC,,SPO.09.AKC.5066.6001.1,SPP.09.AKC.5066.6001.1.11325,SAM.09.AKC.5066.6001.1,PM2.5,http://dd.eionet.europa.eu/vocabulary/aq/pollutant/6001,hour,37.7099990800,µg/m3,2018-11-18 12:00:00 +01:00,2018-11-18 13:00:00 +01:00,1,1
AT,AT.0008.20.AQ,NET.09,STA.09.AKC,,SPO.09.AKC.5066.6001.1,SPP.09.AKC.5066.6001.1.11325,SAM.09.AKC.5066.6001.1,PM2.5,http://dd.eionet.europa.eu/vocabulary/aq/pollutant/6001,hour,37.6669998100,µg/m3,2018-11-18 13:00:00 +01:00,2018-11-18 14:00:00 +01:00,1,1
AT,AT.0008.20.AQ,NET.09,STA.09.AKC,,SPO.09.AKC.5066.6001.1,SPP.09.AKC.5066.6001.1.11325,SAM.09.AKC.5066.6001.1,PM2.5,http://dd.eionet.europa.eu/vocabulary/aq/pollutant/6001,hour,37.6859970000,µg/m3,2018-11-18 16:00:00 +01:00,2018-11-18 17:00:00 +01:00,1,1
AT,AT.0008.20.AQ,NET.09,STA.09.AKC,,SPO.09.AKC.5066.6001.1,SPP.09.AKC.5066.6001.1.11325,SAM.09.AKC.5066.6001.1,PM2.5,http://dd.eionet.europa.eu/vocabulary/aq/pollutant/6001,hour,29.9855003300,µg/m3,2018-11-18 17:00:00 +01:00,2018-11-18 18:00:00 +01:00,1,1
AT,AT.0008.20.AQ,NET.09,STA.09.AKC,,SPO.09.AKC.5066.6001.1,SPP.09.AKC.5066.6001.1.11325,SAM.09.AKC.5066.6001.1,PM2.5,http://dd.eionet.europa.eu/vocabulary/aq/pollutant/6001,hour,22.0065002400,µg/m3,2018-11-18 18:00:00 +01:00,2018-11-18 19:00:00 +01:00,1,1
AT,AT.0008.20.AQ,NET.09,STA.09.AKC,,SPO.09.AKC.5066.6001.1,SPP.09.AKC.5066.6001.1.11325,SAM.09.AKC.5066.6001.1,PM2.5,http://dd.eionet.europa.eu/vocabulary/aq/pollutant/6001,hour,25.8680000300,µg/m3,2018-11-18 19:00:00 +01:00,2018-11-18 20:00:00 +01:00,1,1
AT,AT.0008.20.AQ,NET.09,STA.09.AKC,,SPO.09.AKC.5066.6001.1,SPP.09.AKC.5066.6001.1.11325,SAM.09.AKC.5066.6001.1,PM2.5,http://dd.eionet.europa.eu/vocabulary/aq/pollutant/6001,hour,26.7755012500,µg/m3,2018-11-18 20:00:00 +01:00,2018-11-18 21:00:00 +01:00,1,1
AT,AT.0008.20.AQ,NET.09,STA.09.AKC,,SPO.09.AKC.5066.6001.1,SPP.09.AKC.5066.6001.1.11325,SAM.09.AKC.5066.6001.1,PM2.5,http://dd.eionet.europa.eu/vocabulary/aq/pollutant/6001,hour,29.2434997500,µg/m3,2018-11-18 22:00:00 +01:00,2018-11-18 23:00:00 +01:00,1,1
AT,AT.0008.20.AQ,NET.09,STA.09.AKC,,SPO.09.AKC.5066.6001.1,SPP.09.AKC.5066.6001.1.11325,SAM.09.AKC.5066.6001.1,PM2.5,http://dd.eionet.europa.eu/vocabulary/aq/pollutant/6001,hour,51.9264984100,µg/m3,2018-11-19 01:00:00 +01:00,2018-11-19 02:00:00 +01:00,1,1
AT,AT.0008.20.AQ,NET.09,STA.09.AKC,,SPO.09.AKC.5066.6001.1,SPP.09.AKC.5066.6001.1.11325,SAM.09.AKC.5066.6001.1,PM2.5,http://dd.eionet.europa.eu/vocabulary/aq/pollutant/6001,hour,43.7140007000,µg/m3,2018-11-19 02:00:00 +01:00,2018-11-19 03:00:00 +01:00,1,1
AT,AT.0008.20.AQ,NET.09,STA.09.AKC,,SPO.09.AKC.5066.6001.1,SPP.09.AKC.5066.6001.1.11325,SAM.09.AKC.5066.6001.1,PM2.5,http://dd.eionet.europa.eu/vocabulary/aq/pollutant/6001,hour,40.2334976100,µg/m3,2018-11-19 03:00:00 +01:00,2018-11-19 04:00:00 +01:00,1,1
AT,AT.0008.20.AQ,NET.09,STA.09.AKC,,SPO.09.AKC.5066.6001.1,SPP.09.AKC.5066.6001.1.11325,SAM.09.AKC.5066.6001.1,PM2.5,http://dd.eionet.europa.eu/vocabulary/aq/pollutant/6001,hour,42.3990020700,µg/m3,2018-11-19 06:00:00 +01:00,2018-11-19 07:00:00 +01:00,1,1
AT,AT.0008.20.AQ,NET.09,STA.09.AKC,,SPO.09.AKC.5066.6001.1,SPP.09.AKC.5066.6001.1.11325,SAM.09.AKC.5066.6001.1,PM2.5,http://dd.eionet.europa.eu/vocabulary/aq/pollutant/6001,hour,42.8559989900,µg/m3,2018-11-19 08:00:00 +01:00,2018-11-19 09:00:00 +01:00,1,1
AT,AT.0008.20.AQ,NET.09,STA.09.AKC,,SPO.09.AKC.5066.6001.1,SPP.09.AKC.5066.6001.1.11325,SAM.09.AKC.5066.6001.1,PM2.5,http://dd.eionet.europa.eu/vocabulary/aq/pollutant/6001,hour,43.5404968200,µg/m3,2018-11-19 09:00:00 +01:00,2018-11-19 10:00:00 +01:00,1,1
AT,AT.0008.20.AQ,NET.09,STA.09.AKC,,SPO.09.AKC.5066.6001.1,SPP.09.AKC.5066.6001.1.11325,SAM.09.AKC.5066.6001.1,PM2.5,http://dd.eionet.europa.eu/vocabulary/aq/pollutant/6001,hour,50.6819992000,µg/m3,2018-11-19 10:00:00 +01:00,2018-11-19 11:00:00 +01:00,1,1
AT,AT.0008.20.AQ,NET.09,STA.09.AKC,,SPO.09.AKC.5066.6001.1,SPP.09.AKC.5066.6001.1.11325,SAM.09.AKC.5066.6001.1,PM2.5,http://dd.eionet.europa.eu/vocabulary/aq/pollutant/6001,hour,54.2959976100,µg/m3,2018-11-19 11:00:00 +01:00,2018-11-19 12:00:00 +01:00,1,1
AT,AT.0008.20.AQ,NET.09,STA.09.AKC,,SPO.09.AKC.5066.6001.1,SPP.09.AKC.5066.6001.1.11325,SAM.09.AKC.5066.6001.1,PM2.5,http://dd.eionet.europa.eu/vocabulary/aq/pollutant/6001,hour,54.9145011900,µg/m3,2018-11-19 13:00:00 +01:00,2018-11-19 14:00:00 +01:00,1,1
AT,AT.0008.20.AQ,NET.09,STA.09.AKC,,SPO.09.AKC.5066.6001.1,SPP.09.AKC.5066.6001.1.11325,SAM.09.AKC.5066.6001.1,PM2.5,http://dd.eionet.europa.eu/vocabulary/aq/pollutant/6001,hour,51.8544998100,µg/m3,2018-11-19 14:00:00 +01:00,2018-11-19 15:00:00 +01:00,1,1
AT,AT.0008.20.AQ,NET.09,STA.09.AKC,,SPO.09.AKC.5066.6001.1,SPP.09.AKC.5066.6001.1.11325,SAM.09.AKC.5066.6001.1,PM2.5,http://dd.eionet.europa.eu/vocabulary/aq/pollutant/6001,hour,48.2145004200,µg/m3,2018-11-19 15:00:00 +01:00,2018-11-19 16:00:00 +01:00,1,1
AT,AT.0008.20.AQ,NET.09,STA.09.AKC,,SPO.09.AKC.5066.6001.1,SPP.09.AKC.5066.6001.1.11325,SAM.09.AKC.5066.6001.1,PM2.5,http://dd.eionet.europa.eu/vocabulary/aq/pollutant/6001,hour,47.3520011900,µg/m3,2018-11-19 16:00:00 +01:00,2018-11-19 17:00:00 +01:00,1,1
AT,AT.0008.20.AQ,NET.09,STA.09.AKC,,SPO.09.AKC.5066.6001.1,SPP.09.AKC.5066.6001.1.11325,SAM.09.AKC.5066.6001.1,PM2.5,http://dd.eionet.europa.eu/vocabulary/aq/pollutant/6001,hour,24.7999992300,µg/m3,2018-11-19 22:00:00 +01:00,2018-11-19 23:00:00 +01:00,1,1
AT,AT.0008.20.AQ,NET.09,STA.09.AKC,,SPO.09.AKC.5066.6001.1,SPP.09.AKC.5066.6001.1.11325,SAM.09.AKC.5066.6001.1,PM2.5,http://dd.eionet.europa.eu/vocabulary/aq/pollutant/6001,hour,20.7425003000,µg/m3,2018-11-19 23:00:00 +01:00,2018-11-20 00:00:00 +01:00,1,1
AT,AT.0008.20.AQ,NET.09,STA.09.AKC,,SPO.09.AKC.5066.6001.1,SPP.09.AKC.5066.6001.1.11325,SAM.09.AKC.5066.6001.1,PM2.5,http://dd.eionet.europa.eu/vocabulary/aq/pollutant/6001,hour,21.6085014300,µg/m3,2018-11-20 00:00:00 +01:00,2018-11-20 01:00:00 +01:00,1,1
AT,AT.0008.20.AQ,NET.09,STA.09.AKC,,SPO.09.AKC.5066.6001.1,SPP.09.AKC.5066.6001.1.11325,SAM.09.AKC.5066.6001.1,PM2.5,http://dd.eionet.europa.eu/vocabulary/aq/pollutant/6001,hour,19.5750007600,µg/m3,2018-11-20 03:00:00 +01:00,2018-11-20 04:00:00 +01:00,1,1
AT,AT.0008.20.AQ,NET.09,STA.09.AKC,,SPO.09.AKC.5066.6001.1,SPP.09.AKC.5066.6001.1.11325,SAM.09.AKC.5066.6001.1,PM2.5,http://dd.eionet.europa.eu/vocabulary/aq/pollutant/6001,hour,19.1599998400,µg/m3,2018-11-20 08:00:00 +01:00,2018-11-20 09:00:00 +01:00,1,1
AT,AT.0008.20.AQ,NET.09,STA.09.AKC,,SPO.09.AKC.5066.6001.1,SPP.09.AKC.5066.6001.1.11325,SAM.09.AKC.5066.6001.1,PM2.5,http://dd.eionet.europa.eu/vocabulary/aq/pollutant/6001,hour,15.7764997400,µg/m3,2018-11-20 09:00:00 +01:00,2018-11-20 10:00:00 +01:00,1,1
AT,AT.0008.20.AQ,NET.09,STA.09.AKC,,SPO.09.AKC.5066.6001.1,SPP.09.AKC.5066.6001.1.11325,SAM.09.AKC.5066.6001.1,PM2.5,http://dd.eionet.europa.eu/vocabulary/aq/pollutant/6001,hour,13.6995000800,µg/m3,2018-11-20 10:00:00 +01:00,2018-11-20 11:00:00 +01:00,1,1
AT,AT.0008.20.AQ,NET.09,STA.09.AKC,,SPO.09.AKC.5066.6001.1,SPP.09.AKC.5066.6001.1.11325,SAM.09.AKC.5066.6001.1,PM2.5,http://dd.eionet.europa.eu/vocabulary/aq/pollutant/6001,hour,14.6100006100,µg/m3,2018-11-20 11:00:00 +01:00,2018-11-20 12:00:00 +01:00,1,1
AT,AT.0008.20.AQ,NET.09,STA.09.AKC,,SPO.09.AKC.5066.6001.1,SPP.09.AKC.5066.6001.1.11325,SAM.09.AKC.5066.6001.1,PM2.5,http://dd.eionet.europa.eu/vocabulary/aq/pollutant/6001,hour,13.4629993400,µg/m3,2018-11-20 13:00:00 +01:00,2018-11-20 14:00:00 +01:00,1,1
AT,AT.0008.20.AQ,NET.09,STA.09.AKC,,SPO.09.AKC.5066.6001.1,SPP.09.AKC.5066.6001.1.11325,SAM.09.AKC.5066.6001.1,PM2.5,http://dd.eionet.europa.eu/vocabulary/aq/pollutant/6001,hour,14.0254993400,µg/m3,2018-11-20 14:00:00 +01:00,2018-11-20 15:00:00 +01:00,1,1
AT,AT.0008.20.AQ,NET.09,STA.09.AKC,,SPO.09.AKC.5066.6001.1,SPP.09.AKC.5066.6001.1.11325,SAM.09.AKC.5066.6001.1,PM2.5,http://dd.eionet.europa.eu/vocabulary/aq/pollutant/6001,hour,13.4060001300,µg/m3,2018-11-20 15:00:00 +01:00,2018-11-20 16:00:00 +01:00,1,1
AT,AT.0008.20.AQ,NET.09,STA.09.AKC,,SPO.09.AKC.5066.6001.1,SPP.09.AKC.5066.6001.1.11325,SAM.09.AKC.5066.6001.1,PM2.5,http://dd.eionet.europa.eu/vocabulary/aq/pollutant/6001,hour,13.4549999200,µg/m3,2018-11-20 16:00:00 +01:00,2018-11-20 17:00:00 +01:00,1,1
AT,AT.0008.20.AQ,NET.09,STA.09.AKC,,SPO.09.AKC.5066.6001.1,SPP.09.AKC.5066.6001.1.11325,SAM.09.AKC.5066.6001.1,PM2.5,http://dd.eionet.europa.eu/vocabulary/aq/pollutant/6001,hour,13.8395004200,µg/m3,2018-11-20 17:00:00 +01:00,2018-11-20 18:00:00 +01:00,1,1
AT,AT.0008.20.AQ,NET.09,STA.09.AKC,,SPO.09.AKC.5066.6001.1,SPP.09.AKC.5066.6001.1.11325,SAM.09.AKC.5066.6001.1,PM2.5,http://dd.eionet.europa.eu/vocabulary/aq/pollutant/6001,hour,13.6620006500,µg/m3,2018-11-20 18:00:00 +01:00,2018-11-20 19:00:00 +01:00,1,1
AT,AT.0008.20.AQ,NET.09,STA.09.AKC,,SPO.09.AKC.5066.6001.1,SPP.09.AKC.5066.6001.1.11325,SAM.09.AKC.5066.6001.1,PM2.5,http://dd.eionet.europa.eu/vocabulary/aq/pollutant/6001,hour,12.2270002300,µg/m3,2018-11-20 19:00:00 +01:00,2018-11-20 20:00:00 +01:00,1,1
AT,AT.0008.20.AQ,NET.09,STA.09.AKC,,SPO.09.AKC.5066.6001.1,SPP.09.AKC.5066.6001.1.11325,SAM.09.AKC.5066.6001.1,PM2.5,http://dd.eionet.europa.eu/vocabulary/aq/pollutant/6001,hour,11.6134996400,µg/m3,2018-11-20 20:00:00 +01:00,2018-11-20 21:00:00 +01:00,1,1
AT,AT.0008.20.AQ,NET.09,STA.09.AKC,,SPO.09.AKC.5066.6001.1,SPP.09.AKC.5066.6001.1.11325,SAM.09.AKC.5066.6001.1,PM2.5,http://dd.eionet.europa.eu/vocabulary/aq/pollutant/6001,hour,12.6819992000,µg/m3,2018-11-20 21:00:00 +01:00,2018-11-20 22:00:00 +01:00,1,1
AT,AT.0008.20.AQ,NET.09,STA.09.AKC,,SPO.09.AKC.5066.6001.1,SPP.09.AKC.5066.6001.1.11325,SAM.09.AKC.5066.6001.1,PM2.5,http://dd.eionet.europa.eu/vocabulary/aq/pollutant/6001,hour,13.7399997700,µg/m3,2018-11-20 22:00:00 +01:00,2018-11-20 23:00:00 +01:00,1,1
AT,AT.0008.20.AQ,NET.09,STA.09.AKC,,SPO.09.AKC.5066.6001.1,SPP.09.AKC.5066.6001.1.11325,SAM.09.AKC.5066.6001.1,PM2.5,http://dd.eionet.europa.eu/vocabulary/aq/pollutant/6001,hour,14.3824996900,µg/m3,2018-11-20 23:00:00 +01:00,2018-11-21 00:00:00 +01:00,1,1
AT,AT.0008.20.AQ,NET.09,STA.09.AKC,,SPO.09.AKC.5066.6001.1,SPP.09.AKC.5066.6001.1.11325,SAM.09.AKC.5066.6001.1,PM2.5,http://dd.eionet.europa.eu/vocabulary/aq/pollutant/6001,hour,15.2775001500,µg/m3,2018-11-21 00:00:00 +01:00,2018-11-21 01:00:00 +01:00,1,1
AT,AT.0008.20.AQ,NET.09,STA.09.AKC,,SPO.09.AKC.5066.6001.1,SPP.09.AKC.5066.6001.1.11325,SAM.09.AKC.5066.6001.1,PM2.5,http://dd.eionet.europa.eu/vocabulary/aq/pollutant/6001,hour,14.0710000900,µg/m3,2018-11-21 01:00:00 +01:00,2018-11-21 02:00:00 +01:00,1,1
AT,AT.0008.20.AQ,NET.09,STA.09.AKC,,SPO.09.AKC.5066.6001.1,SPP.09.AKC.5066.6001.1.11325,SAM.09.AKC.5066.6001.1,PM2.5,http://dd.eionet.europa.eu/vocabulary/aq/pollutant/6001,hour,15.8395004200,µg/m3,2018-11-21 02:00:00 +01:00,2018-11-21 03:00:00 +01:00,1,1
AT,AT.0008.20.AQ,NET.09,STA.09.AKC,,SPO.09.AKC.5066.6001.1,SPP.09.AKC.5066.6001.1.11325,SAM.09.AKC.5066.6001.1,PM2.5,http://dd.eionet.europa.eu/vocabulary/aq/pollutant/6001,hour,15.9349994600,µg/m3,2018-11-21 03:00:00 +01:00,2018-11-21 04:00:00 +01:00,1,1
AT,AT.0008.20.AQ,NET.09,STA.09.AKC,,SPO.09.AKC.5066.6001.1,SPP.09.AKC.5066.6001.1.11325,SAM.09.AKC.5066.6001.1,PM2.5,http://dd.eionet.europa.eu/vocabulary/aq/pollutant/6001,hour,14.8325004500,µg/m3,2018-11-21 05:00:00 +01:00,2018-11-21 06:00:00 +01:00,1,1
AT,AT.0008.20.AQ,NET.09,STA.09.AKC,,SPO.09.AKC.5066.6001.1,SPP.09.AKC.5066.6001.1.11325,SAM.09.AKC.5066.6001.1,PM2.5,http://dd.eionet.europa.eu/vocabulary/aq/pollutant/6001,hour,15.5109996700,µg/m3,2018-11-21 06:00:00 +01:00,2018-11-21 07:00:00 +01:00,1,1
AT,AT.0008.20.AQ,NET.09,STA.09.AKC,,SPO.09.AKC.5066.6001.1,SPP.09.AKC.5066.6001.1.11325,SAM.09.AKC.5066.6001.1,PM2.5,http://dd.eionet.europa.eu/vocabulary/aq/pollutant/6001,hour,14.7220001200,µg/m3,2018-11-21 07:00:00 +01:00,2018-11-21 08:00:00 +01:00,1,1
AT,AT.0008.20.AQ,NET.09,STA.09.AKC,,SPO.09.AKC.5066.6001.1,SPP.09.AKC.5066.6001.1.11325,SAM.09.AKC.5066.6001.1,PM2.5,http://dd.eionet.europa.eu/vocabulary/aq/pollutant/6001,hour,14.3594999300,µg/m3,2018-11-21 09:00:00 +01:00,2018-11-21 10:00:00 +01:00,1,1
AT,AT.0008.20.AQ,NET.09,STA.09.AKC,,SPO.09.AKC.5066.6001.1,SPP.09.AKC.5066.6001.1.11325,SAM.09.AKC.5066.6001.1,PM2.5,http://dd.eionet.europa.eu/vocabulary/aq/pollutant/6001,hour,13.5000000000,µg/m3,2018-11-21 10:00:00 +01:00,2018-11-21 11:00:00 +01:00,1,1
AT,AT.0008.20.AQ,NET.09,STA.09.AKC,,SPO.09.AKC.5066.6001.1,SPP.09.AKC.5066.6001.1.11325,SAM.09.AKC.5066.6001.1,PM2.5,http://dd.eionet.europa.eu/vocabulary/aq/pollutant/6001,hour,14.6739997800,µg/m3,2018-11-21 11:00:00 +01:00,2018-11-21 12:00:00 +01:00,1,1
AT,AT.0008.20.AQ,NET.09,STA.09.AKC,,SPO.09.AKC.5066.6001.1,SPP.09.AKC.5066.6001.1.11325,SAM.09.AKC.5066.6001.1,PM2.5,http://dd.eionet.europa.eu/vocabulary/aq/pollutant/6001,hour,15.5604991900,µg/m3,2018-11-21 12:00:00 +01:00,2018-11-21 13:00:00 +01:00,1,1
AT,AT.0008.20.AQ,NET.09,STA.09.AKC,,SPO.09.AKC.5066.6001.1,SPP.09.AKC.5066.6001.1.11325,SAM.09.AKC.5066.6001.1,PM2.5,http://dd.eionet.europa.eu/vocabulary/aq/pollutant/6001,hour,15.7959995200,µg/m3,2018-11-21 13:00:00 +01:00,2018-11-21 14:00:00 +01:00,1,1
AT,AT.0008.20.AQ,NET.09,STA.09.AKC,,SPO.09.AKC.5066.6001.1,SPP.09.AKC.5066.6001.1.11325,SAM.09.AKC.5066.6001.1,PM2.5,http://dd.eionet.europa.eu/vocabulary/aq/pollutant/6001,hour,16.4165000900,µg/m3,2018-11-21 14:00:00 +01:00,2018-11-21 15:00:00 +01:00,1,1
AT,AT.0008.20.AQ,NET.09,STA.09.AKC,,SPO.09.AKC.5066.6001.1,SPP.09.AKC.5066.6001.1.11325,SAM.09.AKC.5066.6001.1,PM2.5,http://dd.eionet.europa.eu/vocabulary/aq/pollutant/6001,hour,21.0974998400,µg/m3,2018-11-21 17:00:00 +01:00,2018-11-21 18:00:00 +01:00,1,1
AT,AT.0008.20.AQ,NET.09,STA.09.AKC,,SPO.09.AKC.5066.6001.1,SPP.09.AKC.5066.6001.1.11325,SAM.09.AKC.5066.6001.1,PM2.5,http://dd.eionet.europa.eu/vocabulary/aq/pollutant/6001,hour,20.9885005900,µg/m3,2018-11-21 18:00:00 +01:00,2018-11-21 19:00:00 +01:00,1,1
AT,AT.0008.20.AQ,NET.09,STA.09.AKC,,SPO.09.AKC.5066.6001.1,SPP.09.AKC.5066.6001.1.11325,SAM.09.AKC.5066.6001.1,PM2.5,http://dd.eionet.europa.eu/vocabulary/aq/pollutant/6001,hour,23.8149986200,µg/m3,2018-11-21 19:00:00 +01:00,2018-11-21 20:00:00 +01:00,1,1
AT,AT.0008.20.AQ,NET.09,STA.09.AKC,,SPO.09.AKC.5066.6001.1,SPP.09.AKC.5066.6001.1.11325,SAM.09.AKC.5066.6001.1,PM2.5,http://dd.eionet.europa.eu/vocabulary/aq/pollutant/6001,hour,36.2830009400,µg/m3,2018-11-22 00:00:00 +01:00,2018-11-22 01:00:00 +01:00,1,1
AT,AT.0008.20.AQ,NET.09,STA.09.AKC,,SPO.09.AKC.5066.6001.1,SPP.09.AKC.5066.6001.1.11325,SAM.09.AKC.5066.6001.1,PM2.5,http://dd.eionet.europa.eu/vocabulary/aq/pollutant/6001,hour,36.7115020700,µg/m3,2018-11-22 02:00:00 +01:00,2018-11-22 03:00:00 +01:00,1,1
AT,AT.0008.20.AQ,NET.09,STA.09.AKC,,SPO.09.AKC.5066.6001.1,SPP.09.AKC.5066.6001.1.11325,SAM.09.AKC.5066.6001.1,PM2.5,http://dd.eionet.europa.eu/vocabulary/aq/pollutant/6001,hour,35.0244979800,µg/m3,2018-11-22 03:00:00 +01:00,2018-11-22 04:00:00 +01:00,1,1
AT,AT.0008.20.AQ,NET.09,STA.09.AKC,,SPO.09.AKC.5066.6001.1,SPP.09.AKC.5066.6001.1.11325,SAM.09.AKC.5066.6001.1,PM2.5,http://dd.eionet.europa.eu/vocabulary/aq/pollutant/6001,hour,31.8290004700,µg/m3,2018-11-22 05:00:00 +01:00,2018-11-22 06:00:00 +01:00,1,1
AT,AT.0008.20.AQ,NET.09,STA.09.AKC,,SPO.09.AKC.5066.6001.1,SPP.09.AKC.5066.6001.1.11325,SAM.09.AKC.5066.6001.1,PM2.5,http://dd.eionet.europa.eu/vocabulary/aq/pollutant/6001,hour,29.3750000000,µg/m3,2018-11-22 06:00:00 +01:00,2018-11-22 07:00:00 +01:00,1,1
AT,AT.0008.20.AQ,NET.09,STA.09.AKC,,SPO.09.AKC.5066.6001.1,SPP.09.AKC.5066.6001.1.11325,SAM.09.AKC.5066.6001.1,PM2.5,http://dd.eionet.europa.eu/vocabulary/aq/pollutant/6001,hour,31.1790008500,µg/m3,2018-11-22 09:00:00 +01:00,2018-11-22 10:00:00 +01:00,1,1
AT,AT.0008.20.AQ,NET.09,STA.09.AKC,,SPO.09.AKC.5066.6001.1,SPP.09.AKC.5066.6001.1.11325,SAM.09.AKC.5066.6001.1,PM2.5,http://dd.eionet.europa.eu/vocabulary/aq/pollutant/6001,hour,27.4684982300,µg/m3,2018-11-22 10:00:00 +01:00,2018-11-22 11:00:00 +01:00,1,1
AT,AT.0008.20.AQ,NET.09,STA.09.AKC,,SPO.09.AKC.5066.6001.1,SPP.09.AKC.5066.6001.1.11325,SAM.09.AKC.5066.6001.1,PM2.5,http://dd.eionet.europa.eu/vocabulary/aq/pollutant/6001,hour,26.3369998900,µg/m3,2018-11-22 11:00:00 +01:00,2018-11-22 12:00:00 +01:00,1,1
AT,AT.0008.20.AQ,NET.09,STA.09.AKC,,SPO.09.AKC.5066.6001.1,SPP.09.AKC.5066.6001.1.11325,SAM.09.AKC.5066.6001.1,PM2.5,http://dd.eionet.europa.eu/vocabulary/aq/pollutant/6001,hour,25.9120006500,µg/m3,2018-11-22 12:00:00 +01:00,2018-11-22 13:00:00 +01:00,1,1
AT,AT.0008.20.AQ,NET.09,STA.09.AKC,,SPO.09.AKC.5066.6001.1,SPP.09.AKC.5066.6001.1.11325,SAM.09.AKC.5066.6001.1,PM2.5,http://dd.eionet.europa.eu/vocabulary/aq/pollutant/6001,hour,25.9619998900,µg/m3,2018-11-22 13:00:00 +01:00,2018-11-22 14:00:00 +01:00,1,1
AT,AT.0008.20.AQ,NET.09,STA.09.AKC,,SPO.09.AKC.5066.6001.1,SPP.09.AKC.5066.6001.1.11325,SAM.09.AKC.5066.6001.1,PM2.5,http://dd.eionet.europa.eu/vocabulary/aq/pollutant/6001,hour,29.1450004500,µg/m3,2018-11-22 14:00:00 +01:00,2018-11-22 15:00:00 +01:00,1,1
AT,AT.0008.20.AQ,NET.09,STA.09.AKC,,SPO.09.AKC.5066.6001.1,SPP.09.AKC.5066.6001.1.11325,SAM.09.AKC.5066.6001.1,PM2.5,http://dd.eionet.europa.eu/vocabulary/aq/pollutant/6001,hour,28.5375003800,µg/m3,2018-11-22 15:00:00 +01:00,2018-11-22 16:00:00 +01:00,1,1
AT,AT.0008.20.AQ,NET.09,STA.09.AKC,,SPO.09.AKC.5066.6001.1,SPP.09.AKC.5066.6001.1.11325,SAM.09.AKC.5066.6001.1,PM2.5,http://dd.eionet.europa.eu/vocabulary/aq/pollutant/6001,hour,31.2265014600,µg/m3,2018-11-22 17:00:00 +01:00,2018-11-22 18:00:00 +01:00,1,1
AT,AT.0008.20.AQ,NET.09,STA.09.AKC,,SPO.09.AKC.5066.6001.1,SPP.09.AKC.5066.6001.1.11325,SAM.09.AKC.5066.6001.1,PM2.5,http://dd.eionet.europa.eu/vocabulary/aq/pollutant/6001,hour,27.3474998400,µg/m3,2018-11-22 18:00:00 +01:00,2018-11-22 19:00:00 +01:00,1,1
AT,AT.0008.20.AQ,NET.09,STA.09.AKC,,SPO.09.AKC.5066.6001.1,SPP.09.AKC.5066.6001.1.11325,SAM.09.AKC.5066.6001.1,PM2.5,http://dd.eionet.europa.eu/vocabulary/aq/pollutant/6001,hour,20.7329998000,µg/m3,2018-11-22 21:00:00 +01:00,2018-11-22 22:00:00 +01:00,1,1
AT,AT.0008.20.AQ,NET.09,STA.09.AKC,,SPO.09.AKC.5066.6001.1,SPP.09.AKC.5066.6001.1.11325,SAM.09.AKC.5066.6001.1,PM2.5,http://dd.eionet.europa.eu/vocabulary/aq/pollutant/6001,hour,13.2065000500,µg/m3,2018-11-22 22:00:00 +01:00,2018-11-22 23:00:00 +01:00,1,1
AT,AT.0008.20.AQ,NET.09,STA.09.AKC,,SPO.09.AKC.5066.6001.1,SPP.09.AKC.5066.6001.1.11325,SAM.09.AKC.5066.6001.1,PM2.5,http://dd.eionet.europa.eu/vocabulary/aq/pollutant/6001,hour,11.9200000700,µg/m3,2018-11-22 23:00:00 +01:00,2018-11-23 00:00:00 +01:00,1,1
AT,AT.0008.20.AQ,NET.09,STA.09.AKC,,SPO.09.AKC.5066.6001.1,SPP.09.AKC.5066.6001.1.11325,SAM.09.AKC.5066.6001.1,PM2.5,http://dd.eionet.europa.eu/vocabulary/aq/pollutant/6001,hour,15.5970001200,µg/m3,2018-11-23 01:00:00 +01:00,2018-11-23 02:00:00 +01:00,1,1
AT,AT.0008.20.AQ,NET.09,STA.09.AKC,,SPO.09.AKC.5066.6001.1,SPP.09.AKC.5066.6001.1.11325,SAM.09.AKC.5066.6001.1,PM2.5,http://dd.eionet.europa.eu/vocabulary/aq/pollutant/6001,hour,17.7000007600,µg/m3,2018-11-23 02:00:00 +01:00,2018-11-23 03:00:00 +01:00,1,1
AT,AT.0008.20.AQ,NET.09,STA.09.AKC,,SPO.09.AKC.5066.6001.1,SPP.09.AKC.5066.6001.1.11325,SAM.09.AKC.5066.6001.1,PM2.5,http://dd.eionet.europa.eu/vocabulary/aq/pollutant/6001,hour,17.9944992000,µg/m3,2018-11-23 03:00:00 +01:00,2018-11-23 04:00:00 +01:00,1,1
AT,AT.0008.20.AQ,NET.09,STA.09.AKC,,SPO.09.AKC.5066.6001.1,SPP.09.AKC.5066.6001.1.11325,SAM.09.AKC.5066.6001.1,PM2.5,http://dd.eionet.europa.eu/vocabulary/aq/pollutant/6001,hour,20.4500007600,µg/m3,2018-11-23 05:00:00 +01:00,2018-11-23 06:00:00 +01:00,1,1
AT,AT.0008.20.AQ,NET.09,STA.09.AKC,,SPO.09.AKC.5066.6001.1,SPP.09.AKC.5066.6001.1.11325,SAM.09.AKC.5066.6001.1,PM2.5,http://dd.eionet.europa.eu/vocabulary/aq/pollutant/6001,hour,21.8234996700,µg/m3,2018-11-23 06:00:00 +01:00,2018-11-23 07:00:00 +01:00,1,1
AT,AT.0008.20.AQ,NET.09,STA.09.AKC,,SPO.09.AKC.5066.6001.1,SPP.09.AKC.5066.6001.1.11325,SAM.09.AKC.5066.6001.1,PM2.5,http://dd.eionet.europa.eu/vocabulary/aq/pollutant/6001,hour,23.5480003300,µg/m3,2018-11-23 07:00:00 +01:00,2018-11-23 08:00:00 +01:00,1,1
AT,AT.0008.20.AQ,NET.09,STA.09.AKC,,SPO.09.AKC.5066.6001.1,SPP.09.AKC.5066.6001.1.11325,SAM.09.AKC.5066.6001.1,PM2.5,http://dd.eionet.europa.eu/vocabulary/aq/pollutant/6001,hour,25.6520004200,µg/m3,2018-11-23 09:00:00 +01:00,2018-11-23 10:00:00 +01:00,1,1
AT,AT.0008.20.AQ,NET.09,STA.09.AKC,,SPO.09.AKC.5066.6001.1,SPP.09.AKC.5066.6001.1.11325,SAM.09.AKC.5066.6001.1,PM2.5,http://dd.eionet.europa.eu/vocabulary/aq/pollutant/6001,hour,25.4099998400,µg/m3,2018-11-23 10:00:00 +01:00,2018-11-23 11:00:00 +01:00,1,1
AT,AT.0008.20.AQ,NET.09,STA.09.AKC,,SPO.09.AKC.5066.6001.1,SPP.09.AKC.5066.6001.1.11325,SAM.09.AKC.5066.6001.1,PM2.5,http://dd.eionet.europa.eu/vocabulary/aq/pollutant/6001,hour,25.0444984400,µg/m3,2018-11-23 11:00:00 +01:00,2018-11-23 12:00:00 +01:00,1,1
AT,AT.0008.20.AQ,NET.09,STA.09.AKC,,SPO.09.AKC.5066.6001.1,SPP.09.AKC.5066.6001.1.11325,SAM.09.AKC.5066.6001.1,PM2.5,http://dd.eionet.europa.eu/vocabulary/aq/pollutant/6001,hour,21.1184997500,µg/m3,2018-11-23 13:00:00 +01:00,2018-11-23 14:00:00 +01:00,1,1
AT,AT.0008.20.AQ,NET.09,STA.09.AKC,,SPO.09.AKC.5066.6001.1,SPP.09.AKC.5066.6001.1.11325,SAM.09.AKC.5066.6001.1,PM2.5,http://dd.eionet.europa.eu/vocabulary/aq/pollutant/6001,hour,18.8344993500,µg/m3,2018-11-23 14:00:00 +01:00,2018-11-23 15:00:00 +01:00,1,1
AT,AT.0008.20.AQ,NET.09,STA.09.AKC,,SPO.09.AKC.5066.6001.1,SPP.09.AKC.5066.6001.1.11325,SAM.09.AKC.5066.6001.1,PM2.5,http://dd.eionet.europa.eu/vocabulary/aq/pollutant/6001,hour,16.5535011200,µg/m3,2018-11-23 15:00:00 +01:00,2018-11-23 16:00:00 +01:00,1,1
AT,AT.0008.20.AQ,NET.09,STA.09.AKC,,SPO.09.AKC.5066.6001.1,SPP.09.AKC.5066.6001.1.11325,SAM.09.AKC.5066.6001.1,PM2.5,http://dd.eionet.europa.eu/vocabulary/aq/pollutant/6001,hour,19.7164993200,µg/m3,2018-11-23 18:00:00 +01:00,2018-11-23 19:00:00 +01:00,1,1
AT,AT.0008.20.AQ,NET.09,STA.09.AKC,,SPO.09.AKC.5066.6001.1,SPP.09.AKC.5066.6001.1.11325,SAM.09.AKC.5066.6001.1,PM2.5,http://dd.eionet.europa.eu/vocabulary/aq/pollutant/6001,hour,19.6064987100,µg/m3,2018-11-23 19:00:00 +01:00,2018-11-23 20:00:00 +01:00,1,1
AT,AT.0008.20.AQ,NET.09,STA.09.AKC,,SPO.09.AKC.5066.6001.1,SPP.09.AKC.5066.6001.1.11325,SAM.09.AKC.5066.6001.1,PM2.5,http://dd.eionet.europa.eu/vocabulary/aq/pollutant/6001,hour,20.2200012200,µg/m3,2018-11-23 20:00:00 +01:00,2018-11-23 21:00:00 +01:00,1,1
AT,AT.0008.20.AQ,NET.09,STA.09.AKC,,SPO.09.AKC.5066.6001.1,SPP.09.AKC.5066.6001.1.11325,SAM.09.AKC.5066.6001.1,PM2.5,http://dd.eionet.europa.eu/vocabulary/aq/pollutant/6001,hour,17.8575000700,µg/m3,2018-11-23 21:00:00 +01:00,2018-11-23 22:00:00 +01:00,1,1
AT,AT.0008.20.AQ,NET.09,STA.09.AKC,,SPO.09.AKC.5066.6001.1,SPP.09.AKC.5066.6001.1.11325,SAM.09.AKC.5066.6001.1,PM2.5,http://dd.eionet.europa.eu/vocabulary/aq/pollutant/6001,hour,16.5729999500,µg/m3,2018-11-23 22:00:00 +01:00,2018-11-23 23:00:00 +01:00,1,1
AT,AT.0008.20.AQ,NET.09,STA.09.AKC,,SPO.09.AKC.5066.6001.1,SPP.09.AKC.5066.6001.1.11325,SAM.09.AKC.5066.6001.1,PM2.5,http://dd.eionet.europa.eu/vocabulary/aq/pollutant/6001,hour,17.1035003600,µg/m3,2018-11-24 04:00:00 +01:00,2018-11-24 05:00:00 +01:00,1,1
AT,AT.0008.20.AQ,NET.09,STA.09.AKC,,SPO.09.AKC.5066.6001.1,SPP.09.AKC.5066.6001.1.11325,SAM.09.AKC.5066.6001.1,PM2.5,http://dd.eionet.europa.eu/vocabulary/aq/pollutant/6001,hour,16.3250007600,µg/m3,2018-11-24 06:00:00 +01:00,2018-11-24 07:00:00 +01:00,1,1
AT,AT.0008.20.AQ,NET.09,STA.09.AKC,,SPO.09.AKC.5066.6001.1,SPP.09.AKC.5066.6001.1.11325,SAM.09.AKC.5066.6001.1,PM2.5,http://dd.eionet.europa.eu/vocabulary/aq/pollutant/6001,hour,16.2659988400,µg/m3,2018-11-24 07:00:00 +01:00,2018-11-24 08:00:00 +01:00,1,1
AT,AT.0008.20.AQ,NET.09,STA.09.AKC,,SPO.09.AKC.5066.6001.1,SPP.09.AKC.5066.6001.1.11325,SAM.09.AKC.5066.6001.1,PM2.5,http://dd.eionet.europa.eu/vocabulary/aq/pollutant/6001,hour,15.7355003300,µg/m3,2018-11-24 09:00:00 +01:00,2018-11-24 10:00:00 +01:00,1,1
AT,AT.0008.20.AQ,NET.09,STA.09.AKC,,SPO.09.AKC.5066.6001.1,SPP.09.AKC.5066.6001.1.11325,SAM.09.AKC.5066.6001.1,PM2.5,http://dd.eionet.europa.eu/vocabulary/aq/pollutant/6001,hour,16.7950000700,µg/m3,2018-11-24 10:00:00 +01:00,2018-11-24 11:00:00 +01:00,1,1
AT,AT.0008.20.AQ,NET.09,STA.09.AKC,,SPO.09.AKC.5066.6001.1,SPP.09.AKC.5066.6001.1.11325,SAM.09.AKC.5066.6001.1,PM2.5,http://dd.eionet.europa.eu/vocabulary/aq/pollutant/6001,hour,15.4355001400,µg/m3,2018-11-24 11:00:00 +01:00,2018-11-24 12:00:00 +01:00,1,1
AT,AT.0008.20.AQ,NET.09,STA.09.AKC,,SPO.09.AKC.5066.6001.1,SPP.09.AKC.5066.6001.1.11325,SAM.09.AKC.5066.6001.1,PM2.5,http://dd.eionet.europa.eu/vocabulary/aq/pollutant/6001,hour,16.5974998400,µg/m3,2018-11-24 12:00:00 +01:00,2018-11-24 13:00:00 +01:00,1,1
AT,AT.0008.20.AQ,NET.09,STA.09.AKC,,SPO.09.AKC.5066.6001.1,SPP.09.AKC.5066.6001.1.11325,SAM.09.AKC.5066.6001.1,PM2.5,http://dd.eionet.europa.eu/vocabulary/aq/pollutant/6001,hour,18.9594993500,µg/m3,2018-11-24 13:00:00 +01:00,2018-11-24 14:00:00 +01:00,1,1
AT,AT.0008.20.AQ,NET.09,STA.09.AKC,,SPO.09.AKC.5066.6001.1,SPP.09.AKC.5066.6001.1.11325,SAM.09.AKC.5066.6001.1,PM2.5,http://dd.eionet.europa.eu/vocabulary/aq/pollutant/6001,hour,16.1660003600,µg/m3,2018-11-24 14:00:00 +01:00,2018-11-24 15:00:00 +01:00,1,1
AT,AT.0008.20.AQ,NET.09,STA.09.AKC,,SPO.09.AKC.5066.6001.1,SPP.09.AKC.5066.6001.1.11325,SAM.09.AKC.5066.6001.1,PM2.5,http://dd.eionet.europa.eu/vocabulary/aq/pollutant/6001,hour,16.6834983800,µg/m3,2018-11-24 15:00:00 +01:00,2018-11-24 16:00:00 +01:00,1,1
AT,AT.0008.20.AQ,NET.09,STA.09.AKC,,SPO.09.AKC.5066.6001.1,SPP.09.AKC.5066.6001.1.11325,SAM.09.AKC.5066.6001.1,PM2.5,http://dd.eionet.europa.eu/vocabulary/aq/pollutant/6001,hour,21.3395004200,µg/m3,2018-11-24 19:00:00 +01:00,2018-11-24 20:00:00 +01:00,1,1
AT,AT.0008.20.AQ,NET.09,STA.09.AKC,,SPO.09.AKC.5066.6001.1,SPP.09.AKC.5066.6001.1.11325,SAM.09.AKC.5066.6001.1,PM2.5,http://dd.eionet.europa.eu/vocabulary/aq/pollutant/6001,hour,21.1684989900,µg/m3,2018-11-24 20:00:00 +01:00,2018-11-24 21:00:00 +01:00,1,1
AT,AT.0008.20.AQ,NET.09,STA.09.AKC,,SPO.09.AKC.5066.6001.1,SPP.09.AKC.5066.6001.1.11325,SAM.09.AKC.5066.6001.1,PM2.5,http://dd.eionet.europa.eu/vocabulary/aq/pollutant/6001,hour,27.1014995500,µg/m3,2018-11-24 23:00:00 +01:00,2018-11-25 00:00:00 +01:00,1,1
AT,AT.0008.20.AQ,NET.09,STA.09.AKC,,SPO.09.AKC.5066.6001.1,SPP.09.AKC.5066.6001.1.11325,SAM.09.AKC.5066.6001.1,PM2.5,http://dd.eionet.europa.eu/vocabulary/aq/pollutant/6001,hour,27.1969985900,µg/m3,2018-11-25 00:00:00 +01:00,2018-11-25 01:00:00 +01:00,1,1
AT,AT.0008.20.AQ,NET.09,STA.09.AKC,,SPO.09.AKC.5066.6001.1,SPP.09.AKC.5066.6001.1.11325,SAM.09.AKC.5066.6001.1,PM2.5,http://dd.eionet.europa.eu/vocabulary/aq/pollutant/6001,hour,24.2609996700,µg/m3,2018-11-25 02:00:00 +01:00,2018-11-25 03:00:00 +01:00,1,1
AT,AT.0008.20.AQ,NET.09,STA.09.AKC,,SPO.09.AKC.5066.6001.1,SPP.09.AKC.5066.6001.1.11325,SAM.09.AKC.5066.6001.1,PM2.5,http://dd.eionet.europa.eu/vocabulary/aq/pollutant/6001,hour,20.2294998100,µg/m3,2018-11-25 03:00:00 +01:00,2018-11-25 04:00:00 +01:00,1,1
AT,AT.0008.20.AQ,NET.09,STA.09.AKC,,SPO.09.AKC.5066.6001.1,SPP.09.AKC.5066.6001.1.11325,SAM.09.AKC.5066.6001.1,PM2.5,http://dd.eionet.europa.eu/vocabulary/aq/pollutant/6001,hour,19.3969993500,µg/m3,2018-11-25 04:00:00 +01:00,2018-11-25 05:00:00 +01:00,1,1
AT,AT.0008.20.AQ,NET.09,STA.09.AKC,,SPO.09.AKC.5066.6001.1,SPP.09.AKC.5066.6001.1.11325,SAM.09.AKC.5066.6001.1,PM2.5,http://dd.eionet.europa.eu/vocabulary/aq/pollutant/6001,hour,20.0750007600,µg/m3,2018-11-25 05:00:00 +01:00,2018-11-25 06:00:00 +01:00,1,1
AT,AT.0008.20.AQ,NET.09,STA.09.AKC,,SPO.09.AKC.5066.6001.1,SPP.09.AKC.5066.6001.1.11325,SAM.09.AKC.5066.6001.1,PM2.5,http://dd.eionet.europa.eu/vocabulary/aq/pollutant/6001,hour,21.6669998100,µg/m3,2018-11-25 06:00:00 +01:00,2018-11-25 07:00:00 +01:00,1,1
AT,AT.0008.20.AQ,NET.09,STA.09.AKC,,SPO.09.AKC.5066.6001.1,SPP.09.AKC.5066.6001.1.11325,SAM.09.AKC.5066.6001.1,PM2.5,http://dd.eionet.europa.eu/vocabulary/aq/pollutant/6001,hour,24.2665004700,µg/m3,2018-11-25 08:00:00 +01:00,2018-11-25 09:00:00 +01:00,1,1
AT,AT.0008.20.AQ,NET.09,STA.09.AKC,,SPO.09.AKC.5066.6001.1,SPP.09.AKC.5066.6001.1.11325,SAM.09.AKC.5066.6001.1,PM2.5,http://dd.eionet.europa.eu/vocabulary/aq/pollutant/6001,hour,17.0839996300,µg/m3,2018-11-25 10:00:00 +01:00,2018-11-25 11:00:00 +01:00,1,1
AT,AT.0008.20.AQ,NET.09,STA.09.AKC,,SPO.09.AKC.5066.6001.1,SPP.09.AKC.5066.6001.1.11325,SAM.09.AKC.5066.6001.1,PM2.5,http://dd.eionet.europa.eu/vocabulary/aq/pollutant/6001,hour,20.1894989000,µg/m3,2018-11-25 12:00:00 +01:00,2018-11-25 13:00:00 +01:00,1,1
AT,AT.0008.20.AQ,NET.09,STA.09.AKC,,SPO.09.AKC.5066.6001.1,SPP.09.AKC.5066.6001.1.11325,SAM.09.AKC.5066.6001.1,PM2.5,http://dd.eionet.europa.eu/vocabulary/aq/pollutant/6001,hour,22.5939998600,µg/m3,2018-11-25 13:00:00 +01:00,2018-11-25 14:00:00 +01:00,1,1
AT,AT.0008.20.AQ,NET.09,STA.09.AKC,,SPO.09.AKC.5066.6001.1,SPP.09.AKC.5066.6001.1.11325,SAM.09.AKC.5066.6001.1,PM2.5,http://dd.eionet.europa.eu/vocabulary/aq/pollutant/6001,hour,21.4099998400,µg/m3,2018-11-25 14:00:00 +01:00,2018-11-25 15:00:00 +01:00,1,1
AT,AT.0008.20.AQ,NET.09,STA.09.AKC,,SPO.09.AKC.5066.6001.1,SPP.09.AKC.5066.6001.1.11325,SAM.09.AKC.5066.6001.1,PM2.5,http://dd.eionet.europa.eu/vocabulary/aq/pollutant/6001,hour,19.9360008200,µg/m3,2018-11-25 15:00:00 +01:00,2018-11-25 16:00:00 +01:00,1,1
AT,AT.0008.20.AQ,NET.09,STA.09.AKC,,SPO.09.AKC.5066.6001.1,SPP.09.AKC.5066.6001.1.11325,SAM.09.AKC.5066.6001.1,PM2.5,http://dd.eionet.europa.eu/vocabulary/aq/pollutant/6001,hour,20.2264995500,µg/m3,2018-11-25 18:00:00 +01:00,2018-11-25 19:00:00 +01:00,1,1
AT,AT.0008.20.AQ,NET.09,STA.09.AKC,,SPO.09.AKC.5066.6001.1,SPP.09.AKC.5066.6001.1.11325,SAM.09.AKC.5066.6001.1,PM2.5,http://dd.eionet.europa.eu/vocabulary/aq/pollutant/6001,hour,16.8320007300,µg/m3,2018-11-25 19:00:00 +01:00,2018-11-25 20:00:00 +01:00,1,1
AT,AT.0008.20.AQ,NET.09,STA.09.AKC,,SPO.09.AKC.5066.6001.1,SPP.09.AKC.5066.6001.1.11325,SAM.09.AKC.5066.6001.1,PM2.5,http://dd.eionet.europa.eu/vocabulary/aq/pollutant/6001,hour,16.6480007100,µg/m3,2018-11-25 20:00:00 +01:00,2018-11-25 21:00:00 +01:00,1,1
AT,AT.0008.20.AQ,NET.09,STA.09.AKC,,SPO.09.AKC.5066.6001.1,SPP.09.AKC.5066.6001.1.11325,SAM.09.AKC.5066.6001.1,PM2.5,http://dd.eionet.europa.eu/vocabulary/aq/pollutant/6001,hour,14.9785003600,µg/m3,2018-11-25 21:00:00 +01:00,2018-11-25 22:00:00 +01:00,1,1
AT,AT.0008.20.AQ,NET.09,STA.09.AKC,,SPO.09.AKC.5066.6001.1,SPP.09.AKC.5066.6001.1.11325,SAM.09.AKC.5066.6001.1,PM2.5,http://dd.eionet.europa.eu/vocabulary/aq/pollutant/6001,hour,15.6385002100,µg/m3,2018-11-26 01:00:00 +01:00,2018-11-26 02:00:00 +01:00,1,1
AT,AT.0008.20.AQ,NET.09,STA.09.AKC,,SPO.09.AKC.5066.6001.1,SPP.09.AKC.5066.6001.1.11325,SAM.09.AKC.5066.6001.1,PM2.5,http://dd.eionet.europa.eu/vocabulary/aq/pollutant/6001,hour,24.8694992000,µg/m3,2018-11-26 02:00:00 +01:00,2018-11-26 03:00:00 +01:00,1,1
AT,AT.0008.20.AQ,NET.09,STA.09.AKC,,SPO.09.AKC.5066.6001.1,SPP.09.AKC.5066.6001.1.11325,SAM.09.AKC.5066.6001.1,PM2.5,http://dd.eionet.europa.eu/vocabulary/aq/pollutant/6001,hour,30.7924995400,µg/m3,2018-11-26 03:00:00 +01:00,2018-11-26 04:00:00 +01:00,1,1
AT,AT.0008.20.AQ,NET.09,STA.09.AKC,,SPO.09.AKC.5066.6001.1,SPP.09.AKC.5066.6001.1.11325,SAM.09.AKC.5066.6001.1,PM2.5,http://dd.eionet.europa.eu/vocabulary/aq/pollutant/6001,hour,31.7400016700,µg/m3,2018-11-26 04:00:00 +01:00,2018-11-26 05:00:00 +01:00,1,1
AT,AT.0008.20.AQ,NET.09,STA.09.AKC,,SPO.09.AKC.5066.6001.1,SPP.09.AKC.5066.6001.1.11325,SAM.09.AKC.5066.6001.1,PM2.5,http://dd.eionet.europa.eu/vocabulary/aq/pollutant/6001,hour,32.5325012200,µg/m3,2018-11-26 05:00:00 +01:00,2018-11-26 06:00:00 +01:00,1,1
AT,AT.0008.20.AQ,NET.09,STA.09.AKC,,SPO.09.AKC.5066.6001.1,SPP.09.AKC.5066.6001.1.11325,SAM.09.AKC.5066.6001.1,PM2.5,http://dd.eionet.europa.eu/vocabulary/aq/pollutant/6001,hour,17.7519989000,µg/m3,2018-11-26 11:00:00 +01:00,2018-11-26 12:00:00 +01:00,1,1
AT,AT.0008.20.AQ,NET.09,STA.09.AKC,,SPO.09.AKC.5066.6001.1,SPP.09.AKC.5066.6001.1.11325,SAM.09.AKC.5066.6001.1,PM2.5,http://dd.eionet.europa.eu/vocabulary/aq/pollutant/6001,hour,16.7275009100,µg/m3,2018-11-26 14:00:00 +01:00,2018-11-26 15:00:00 +01:00,1,1
AT,AT.0008.20.AQ,NET.09,STA.09.AKC,,SPO.09.AKC.5066.6001.1,SPP.09.AKC.5066.6001.1.11325,SAM.09.AKC.5066.6001.1,PM2.5,http://dd.eionet.europa.eu/vocabulary/aq/pollutant/6001,hour,18.9679985000,µg/m3,2018-11-26 15:00:00 +01:00,2018-11-26 16:00:00 +01:00,1,1
AT,AT.0008.20.AQ,NET.09,STA.09.AKC,,SPO.09.AKC.5066.6001.1,SPP.09.AKC.5066.6001.1.11325,SAM.09.AKC.5066.6001.1,PM2.5,http://dd.eionet.europa.eu/vocabulary/aq/pollutant/6001,hour,20.2205009400,µg/m3,2018-11-26 16:00:00 +01:00,2018-11-26 17:00:00 +01:00,1,1
AT,AT.0008.20.AQ,NET.09,STA.09.AKC,,SPO.09.AKC.5066.6001.1,SPP.09.AKC.5066.6001.1.11325,SAM.09.AKC.5066.6001.1,PM2.5,http://dd.eionet.europa.eu/vocabulary/aq/pollutant/6001,hour,20.5944995800,µg/m3,2018-11-26 17:00:00 +01:00,2018-11-26 18:00:00 +01:00,1,1
AT,AT.0008.20.AQ,NET.09,STA.09.AKC,,SPO.09.AKC.5066.6001.1,SPP.09.AKC.5066.6001.1.11325,SAM.09.AKC.5066.6001.1,PM2.5,http://dd.eionet.europa.eu/vocabulary/aq/pollutant/6001,hour,20.1315002400,µg/m3,2018-11-26 19:00:00 +01:00,2018-11-26 20:00:00 +01:00,1,1
AT,AT.0008.20.AQ,NET.09,STA.09.AKC,,SPO.09.AKC.5066.6001.1,SPP.09.AKC.5066.6001.1.11325,SAM.09.AKC.5066.6001.1,PM2.5,http://dd.eionet.europa.eu/vocabulary/aq/pollutant/6001,hour,21.5699996900,µg/m3,2018-11-26 20:00:00 +01:00,2018-11-26 21:00:00 +01:00,1,1
AT,AT.0008.20.AQ,NET.09,STA.09.AKC,,SPO.09.AKC.5066.6001.1,SPP.09.AKC.5066.6001.1.11325,SAM.09.AKC.5066.6001.1,PM2.5,http://dd.eionet.europa.eu/vocabulary/aq/pollutant/6001,hour,15.5615005400,µg/m3,2018-11-27 00:00:00 +01:00,2018-11-27 01:00:00 +01:00,1,1
AT,AT.0008.20.AQ,NET.09,STA.09.AKC,,SPO.09.AKC.5066.6001.1,SPP.09.AKC.5066.6001.1.11325,SAM.09.AKC.5066.6001.1,PM2.5,http://dd.eionet.europa.eu/vocabulary/aq/pollutant/6001,hour,14.9729995700,µg/m3,2018-11-27 01:00:00 +01:00,2018-11-27 02:00:00 +01:00,1,1
AT,AT.0008.20.AQ,NET.09,STA.09.AKC,,SPO.09.AKC.5066.6001.1,SPP.09.AKC.5066.6001.1.11325,SAM.09.AKC.5066.6001.1,PM2.5,http://dd.eionet.europa.eu/vocabulary/aq/pollutant/6001,hour,14.4449996900,µg/m3,2018-11-27 02:00:00 +01:00,2018-11-27 03:00:00 +01:00,1,1
AT,AT.0008.20.AQ,NET.09,STA.09.AKC,,SPO.09.AKC.5066.6001.1,SPP.09.AKC.5066.6001.1.11325,SAM.09.AKC.5066.6001.1,PM2.5,http://dd.eionet.europa.eu/vocabulary/aq/pollutant/6001,hour,14.9744997000,µg/m3,2018-11-27 03:00:00 +01:00,2018-11-27 04:00:00 +01:00,1,1
AT,AT.0008.20.AQ,NET.09,STA.09.AKC,,SPO.09.AKC.5066.6001.1,SPP.09.AKC.5066.6001.1.11325,SAM.09.AKC.5066.6001.1,PM2.5,http://dd.eionet.europa.eu/vocabulary/aq/pollutant/6001,hour,13.8344993500,µg/m3,2018-11-27 04:00:00 +01:00,2018-11-27 05:00:00 +01:00,1,1
AT,AT.0008.20.AQ,NET.09,STA.09.AKC,,SPO.09.AKC.5066.6001.1,SPP.09.AKC.5066.6001.1.11325,SAM.09.AKC.5066.6001.1,PM2.5,http://dd.eionet.europa.eu/vocabulary/aq/pollutant/6001,hour,14.0699996900,µg/m3,2018-11-27 05:00:00 +01:00,2018-11-27 06:00:00 +01:00,1,1
AT,AT.0008.20.AQ,NET.09,STA.09.AKC,,SPO.09.AKC.5066.6001.1,SPP.09.AKC.5066.6001.1.11325,SAM.09.AKC.5066.6001.1,PM2.5,http://dd.eionet.europa.eu/vocabulary/aq/pollutant/6001,hour,15.2290000900,µg/m3,2018-11-27 06:00:00 +01:00,2018-11-27 07:00:00 +01:00,1,1
AT,AT.0008.20.AQ,NET.09,STA.09.AKC,,SPO.09.AKC.5066.6001.1,SPP.09.AKC.5066.6001.1.11325,SAM.09.AKC.5066.6001.1,PM2.5,http://dd.eionet.europa.eu/vocabulary/aq/pollutant/6001,hour,14.7819995800,µg/m3,2018-11-27 07:00:00 +01:00,2018-11-27 08:00:00 +01:00,1,1
AT,AT.0008.20.AQ,NET.09,STA.09.AKC,,SPO.09.AKC.5066.6001.1,SPP.09.AKC.5066.6001.1.11325,SAM.09.AKC.5066.6001.1,PM2.5,http://dd.eionet.europa.eu/vocabulary/aq/pollutant/6001,hour,15.0205001800,µg/m3,2018-11-27 08:00:00 +01:00,2018-11-27 09:00:00 +01:00,1,1
AT,AT.0008.20.AQ,NET.09,STA.09.AKC,,SPO.09.AKC.5066.6001.1,SPP.09.AKC.5066.6001.1.11325,SAM.09.AKC.5066.6001.1,PM2.5,http://dd.eionet.europa.eu/vocabulary/aq/pollutant/6001,hour,15.3850002200,µg/m3,2018-11-27 09:00:00 +01:00,2018-11-27 10:00:00 +01:00,1,1
AT,AT.0008.20.AQ,NET.09,STA.09.AKC,,SPO.09.AKC.5066.6001.1,SPP.09.AKC.5066.6001.1.11325,SAM.09.AKC.5066.6001.1,PM2.5,http://dd.eionet.europa.eu/vocabulary/aq/pollutant/6001,hour,17.5434989900,µg/m3,2018-11-27 10:00:00 +01:00,2018-11-27 11:00:00 +01:00,1,1
AT,AT.0008.20.AQ,NET.09,STA.09.AKC,,SPO.09.AKC.5066.6001.1,SPP.09.AKC.5066.6001.1.11325,SAM.09.AKC.5066.6001.1,PM2.5,http://dd.eionet.europa.eu/vocabulary/aq/pollutant/6001,hour,18.0995006500,µg/m3,2018-11-27 11:00:00 +01:00,2018-11-27 12:00:00 +01:00,1,1
AT,AT.0008.20.AQ,NET.09,STA.09.AKC,,SPO.09.AKC.5066.6001.1,SPP.09.AKC.5066.6001.1.11325,SAM.09.AKC.5066.6001.1,PM2.5,http://dd.eionet.europa.eu/vocabulary/aq/pollutant/6001,hour,19.5625000000,µg/m3,2018-11-27 13:00:00 +01:00,2018-11-27 14:00:00 +01:00,1,1
AT,AT.0008.20.AQ,NET.09,STA.09.AKC,,SPO.09.AKC.5066.6001.1,SPP.09.AKC.5066.6001.1.11325,SAM.09.AKC.5066.6001.1,PM2.5,http://dd.eionet.europa.eu/vocabulary/aq/pollutant/6001,hour,21.3540000900,µg/m3,2018-11-27 14:00:00 +01:00,2018-11-27 15:00:00 +01:00,1,1
AT,AT.0008.20.AQ,NET.09,STA.09.AKC,,SPO.09.AKC.5066.6001.1,SPP.09.AKC.5066.6001.1.11325,SAM.09.AKC.5066.6001.1,PM2.5,http://dd.eionet.europa.eu/vocabulary/aq/pollutant/6001,hour,25.2584991400,µg/m3,2018-11-27 18:00:00 +01:00,2018-11-27 19:00:00 +01:00,1,1
AT,AT.0008.20.AQ,NET.09,STA.09.AKC,,SPO.09.AKC.5066.6001.1,SPP.09.AKC.5066.6001.1.11325,SAM.09.AKC.5066.6001.1,PM2.5,http://dd.eionet.europa.eu/vocabulary/aq/pollutant/6001,hour,21.6269989000,µg/m3,2018-11-27 20:00:00 +01:00,2018-11-27 21:00:00 +01:00,1,1
AT,AT.0008.20.AQ,NET.09,STA.09.AKC,,SPO.09.AKC.5066.6001.1,SPP.09.AKC.5066.6001.1.11325,SAM.09.AKC.5066.6001.1,PM2.5,http://dd.eionet.europa.eu/vocabulary/aq/pollutant/6001,hour,24.5200004500,µg/m3,2018-11-27 21:00:00 +01:00,2018-11-27 22:00:00 +01:00,1,1
AT,AT.0008.20.AQ,NET.09,STA.09.AKC,,SPO.09.AKC.5066.6001.1,SPP.09.AKC.5066.6001.1.11325,SAM.09.AKC.5066.6001.1,PM2.5,http://dd.eionet.europa.eu/vocabulary/aq/pollutant/6001,hour,22.3590011500,µg/m3,2018-11-27 22:00:00 +01:00,2018-11-27 23:00:00 +01:00,1,1
AT,AT.0008.20.AQ,NET.09,STA.09.AKC,,SPO.09.AKC.5066.6001.1,SPP.09.AKC.5066.6001.1.11325,SAM.09.AKC.5066.6001.1,PM2.5,http://dd.eionet.europa.eu/vocabulary/aq/pollutant/6001,hour,15.1979999500,µg/m3,2018-11-27 23:00:00 +01:00,2018-11-28 00:00:00 +01:00,1,1
AT,AT.0008.20.AQ,NET.09,STA.09.AKC,,SPO.09.AKC.5066.6001.1,SPP.09.AKC.5066.6001.1.11325,SAM.09.AKC.5066.6001.1,PM2.5,http://dd.eionet.europa.eu/vocabulary/aq/pollutant/6001,hour,15.0585002800,µg/m3,2018-11-28 00:00:00 +01:00,2018-11-28 01:00:00 +01:00,1,1
AT,AT.0008.20.AQ,NET.09,STA.09.AKC,,SPO.09.AKC.5066.6001.1,SPP.09.AKC.5066.6001.1.11325,SAM.09.AKC.5066.6001.1,PM2.5,http://dd.eionet.europa.eu/vocabulary/aq/pollutant/6001,hour,16.4379997200,µg/m3,2018-11-28 03:00:00 +01:00,2018-11-28 04:00:00 +01:00,1,1
AT,AT.0008.20.AQ,NET.09,STA.09.AKC,,SPO.09.AKC.5066.6001.1,SPP.09.AKC.5066.6001.1.11325,SAM.09.AKC.5066.6001.1,PM2.5,http://dd.eionet.europa.eu/vocabulary/aq/pollutant/6001,hour,15.0165004700,µg/m3,2018-11-28 05:00:00 +01:00,2018-11-28 06:00:00 +01:00,1,1
AT,AT.0008.20.AQ,NET.09,STA.09.AKC,,SPO.09.AKC.5066.6001.1,SPP.09.AKC.5066.6001.1.11325,SAM.09.AKC.5066.6001.1,PM2.5,http://dd.eionet.europa.eu/vocabulary/aq/pollutant/6001,hour,14.9069995800,µg/m3,2018-11-28 06:00:00 +01:00,2018-11-28 07:00:00 +01:00,1,1
AT,AT.0008.20.AQ,NET.09,STA.09.AKC,,SPO.09.AKC.5066.6001.1,SPP.09.AKC.5066.6001.1.11325,SAM.09.AKC.5066.6001.1,PM2.5,http://dd.eionet.europa.eu/vocabulary/aq/pollutant/6001,hour,15.2250003800,µg/m3,2018-11-28 07:00:00 +01:00,2018-11-28 08:00:00 +01:00,1,1
AT,AT.0008.20.AQ,NET.09,STA.09.AKC,,SPO.09.AKC.5066.6001.1,SPP.09.AKC.5066.6001.1.11325,SAM.09.AKC.5066.6001.1,PM2.5,http://dd.eionet.europa.eu/vocabulary/aq/pollutant/6001,hour,15.7294998100,µg/m3,2018-11-28 08:00:00 +01:00,2018-11-28 09:00:00 +01:00,1,1
AT,AT.0008.20.AQ,NET.09,STA.09.AKC,,SPO.09.AKC.5066.6001.1,SPP.09.AKC.5066.6001.1.11325,SAM.09.AKC.5066.6001.1,PM2.5,http://dd.eionet.europa.eu/vocabulary/aq/pollutant/6001,hour,15.4409999800,µg/m3,2018-11-28 09:00:00 +01:00,2018-11-28 10:00:00 +01:00,1,1
AT,AT.0008.20.AQ,NET.09,STA.09.AKC,,SPO.09.AKC.5066.6001.1,SPP.09.AKC.5066.6001.1.11325,SAM.09.AKC.5066.6001.1,PM2.5,http://dd.eionet.europa.eu/vocabulary/aq/pollutant/6001,hour,14.3570003500,µg/m3,2018-11-28 10:00:00 +01:00,2018-11-28 11:00:00 +01:00,1,1
AT,AT.0008.20.AQ,NET.09,STA.09.AKC,,SPO.09.AKC.5066.6001.1,SPP.09.AKC.5066.6001.1.11325,SAM.09.AKC.5066.6001.1,PM2.5,http://dd.eionet.europa.eu/vocabulary/aq/pollutant/6001,hour,12.9990005400,µg/m3,2018-11-28 12:00:00 +01:00,2018-11-28 13:00:00 +01:00,1,1
AT,AT.0008.20.AQ,NET.09,STA.09.AKC,,SPO.09.AKC.5066.6001.1,SPP.09.AKC.5066.6001.1.11325,SAM.09.AKC.5066.6001.1,PM2.5,http://dd.eionet.europa.eu/vocabulary/aq/pollutant/6001,hour,12.8819999600,µg/m3,2018-11-28 13:00:00 +01:00,2018-11-28 14:00:00 +01:00,1,1
AT,AT.0008.20.AQ,NET.09,STA.09.AKC,,SPO.09.AKC.5066.6001.1,SPP.09.AKC.5066.6001.1.11325,SAM.09.AKC.5066.6001.1,PM2.5,http://dd.eionet.europa.eu/vocabulary/aq/pollutant/6001,hour,13.6865005400,µg/m3,2018-11-28 14:00:00 +01:00,2018-11-28 15:00:00 +01:00,1,1
AT,AT.0008.20.AQ,NET.09,STA.09.AKC,,SPO.09.AKC.5066.6001.1,SPP.09.AKC.5066.6001.1.11325,SAM.09.AKC.5066.6001.1,PM2.5,http://dd.eionet.europa.eu/vocabulary/aq/pollutant/6001,hour,14.2465000100,µg/m3,2018-11-28 15:00:00 +01:00,2018-11-28 16:00:00 +01:00,1,1
AT,AT.0008.20.AQ,NET.09,STA.09.AKC,,SPO.09.AKC.5066.6001.1,SPP.09.AKC.5066.6001.1.11325,SAM.09.AKC.5066.6001.1,PM2.5,http://dd.eionet.europa.eu/vocabulary/aq/pollutant/6001,hour,15.3854999500,µg/m3,2018-11-28 16:00:00 +01:00,2018-11-28 17:00:00 +01:00,1,1
AT,AT.0008.20.AQ,NET.09,STA.09.AKC,,SPO.09.AKC.5066.6001.1,SPP.09.AKC.5066.6001.1.11325,SAM.09.AKC.5066.6001.1,PM2.5,http://dd.eionet.europa.eu/vocabulary/aq/pollutant/6001,hour,33.0039978000,µg/m3,2018-11-28 18:00:00 +01:00,2018-11-28 19:00:00 +01:00,1,1
AT,AT.0008.20.AQ,NET.09,STA.09.AKC,,SPO.09.AKC.5066.6001.1,SPP.09.AKC.5066.6001.1.11325,SAM.09.AKC.5066.6001.1,PM2.5,http://dd.eionet.europa.eu/vocabulary/aq/pollutant/6001,hour,33.7050018300,µg/m3,2018-11-28 19:00:00 +01:00,2018-11-28 20:00:00 +01:00,1,1
AT,AT.0008.20.AQ,NET.09,STA.09.AKC,,SPO.09.AKC.5066.6001.1,SPP.09.AKC.5066.6001.1.11325,SAM.09.AKC.5066.6001.1,PM2.5,http://dd.eionet.europa.eu/vocabulary/aq/pollutant/6001,hour,31.9309997500,µg/m3,2018-11-28 21:00:00 +01:00,2018-11-28 22:00:00 +01:00,1,1
AT,AT.0008.20.AQ,NET.09,STA.09.AKC,,SPO.09.AKC.5066.6001.1,SPP.09.AKC.5066.6001.1.11325,SAM.09.AKC.5066.6001.1,PM2.5,http://dd.eionet.europa.eu/vocabulary/aq/pollutant/6001,hour,33.7959976100,µg/m3,2018-11-28 22:00:00 +01:00,2018-11-28 23:00:00 +01:00,1,1
AT,AT.0008.20.AQ,NET.09,STA.09.AKC,,SPO.09.AKC.5066.6001.1,SPP.09.AKC.5066.6001.1.11325,SAM.09.AKC.5066.6001.1,PM2.5,http://dd.eionet.europa.eu/vocabulary/aq/pollutant/6001,hour,34.4520034700,µg/m3,2018-11-28 23:00:00 +01:00,2018-11-29 00:00:00 +01:00,1,1
AT,AT.0008.20.AQ,NET.09,STA.09.AKC,,SPO.09.AKC.5066.6001.1,SPP.09.AKC.5066.6001.1.11325,SAM.09.AKC.5066.6001.1,PM2.5,http://dd.eionet.europa.eu/vocabulary/aq/pollutant/6001,hour,31.2385005900,µg/m3,2018-11-29 02:00:00 +01:00,2018-11-29 03:00:00 +01:00,1,1
AT,AT.0008.20.AQ,NET.09,STA.09.AKC,,SPO.09.AKC.5066.6001.1,SPP.09.AKC.5066.6001.1.11325,SAM.09.AKC.5066.6001.1,PM2.5,http://dd.eionet.europa.eu/vocabulary/aq/pollutant/6001,hour,32.0755004800,µg/m3,2018-11-29 03:00:00 +01:00,2018-11-29 04:00:00 +01:00,1,1
AT,AT.0008.20.AQ,NET.09,STA.09.AKC,,SPO.09.AKC.5066.6001.1,SPP.09.AKC.5066.6001.1.11325,SAM.09.AKC.5066.6001.1,PM2.5,http://dd.eionet.europa.eu/vocabulary/aq/pollutant/6001,hour,33.2819976800,µg/m3,2018-11-29 05:00:00 +01:00,2018-11-29 06:00:00 +01:00,1,1
AT,AT.0008.20.AQ,NET.09,STA.09.AKC,,SPO.09.AKC.5066.6001.1,SPP.09.AKC.5066.6001.1.11325,SAM.09.AKC.5066.6001.1,PM2.5,http://dd.eionet.europa.eu/vocabulary/aq/pollutant/6001,hour,24.1630001000,µg/m3,2018-11-29 06:00:00 +01:00,2018-11-29 07:00:00 +01:00,1,1
AT,AT.0008.20.AQ,NET.09,STA.09.AKC,,SPO.09.AKC.5066.6001.1,SPP.09.AKC.5066.6001.1.11325,SAM.09.AKC.5066.6001.1,PM2.5,http://dd.eionet.europa.eu/vocabulary/aq/pollutant/6001,hour,28.3395004200,µg/m3,2018-11-29 07:00:00 +01:00,2018-11-29 08:00:00 +01:00,1,1
AT,AT.0008.20.AQ,NET.09,STA.09.AKC,,SPO.09.AKC.5066.6001.1,SPP.09.AKC.5066.6001.1.11325,SAM.09.AKC.5066.6001.1,PM2.5,http://dd.eionet.europa.eu/vocabulary/aq/pollutant/6001,hour,37.3895034700,µg/m3,2018-11-29 09:00:00 +01:00,2018-11-29 10:00:00 +01:00,1,1
AT,AT.0008.20.AQ,NET.09,STA.09.AKC,,SPO.09.AKC.5066.6001.1,SPP.09.AKC.5066.6001.1.11325,SAM.09.AKC.5066.6001.1,PM2.5,http://dd.eionet.europa.eu/vocabulary/aq/pollutant/6001,hour,33.3284988400,µg/m3,2018-11-29 10:00:00 +01:00,2018-11-29 11:00:00 +01:00,1,1
AT,AT.0008.20.AQ,NET.09,STA.09.AKC,,SPO.09.AKC.5066.6001.1,SPP.09.AKC.5066.6001.1.11325,SAM.09.AKC.5066.6001.1,PM2.5,http://dd.eionet.europa.eu/vocabulary/aq/pollutant/6001,hour,17.5065002400,µg/m3,2018-11-29 12:00:00 +01:00,2018-11-29 13:00:00 +01:00,1,1
AT,AT.0008.20.AQ,NET.09,STA.09.AKC,,SPO.09.AKC.5066.6001.1,SPP.09.AKC.5066.6001.1.11325,SAM.09.AKC.5066.6001.1,PM2.5,http://dd.eionet.europa.eu/vocabulary/aq/pollutant/6001,hour,19.2975006100,µg/m3,2018-11-29 13:00:00 +01:00,2018-11-29 14:00:00 +01:00,1,1
AT,AT.0008.20.AQ,NET.09,STA.09.AKC,,SPO.09.AKC.5066.6001.1,SPP.09.AKC.5066.6001.1.11325,SAM.09.AKC.5066.6001.1,PM2.5,http://dd.eionet.europa.eu/vocabulary/aq/pollutant/6001,hour,19.4650001500,µg/m3,2018-11-29 14:00:00 +01:00,2018-11-29 15:00:00 +01:00,1,1
AT,AT.0008.20.AQ,NET.09,STA.09.AKC,,SPO.09.AKC.5066.6001.1,SPP.09.AKC.5066.6001.1.11325,SAM.09.AKC.5066.6001.1,PM2.5,http://dd.eionet.europa.eu/vocabulary/aq/pollutant/6001,hour,19.0265007000,µg/m3,2018-11-29 15:00:00 +01:00,2018-11-29 16:00:00 +01:00,1,1
AT,AT.0008.20.AQ,NET.09,STA.09.AKC,,SPO.09.AKC.5066.6001.1,SPP.09.AKC.5066.6001.1.11325,SAM.09.AKC.5066.6001.1,PM2.5,http://dd.eionet.europa.eu/vocabulary/aq/pollutant/6001,hour,18.7789993200,µg/m3,2018-11-29 16:00:00 +01:00,2018-11-29 17:00:00 +01:00,1,1
AT,AT.0008.20.AQ,NET.09,STA.09.AKC,,SPO.09.AKC.5066.6001.1,SPP.09.AKC.5066.6001.1.11325,SAM.09.AKC.5066.6001.1,PM2.5,http://dd.eionet.europa.eu/vocabulary/aq/pollutant/6001,hour,17.9969997400,µg/m3,2018-11-29 18:00:00 +01:00,2018-11-29 19:00:00 +01:00,1,1
AT,AT.0008.20.AQ,NET.09,STA.09.AKC,,SPO.09.AKC.5066.6001.1,SPP.09.AKC.5066.6001.1.11325,SAM.09.AKC.5066.6001.1,PM2.5,http://dd.eionet.europa.eu/vocabulary/aq/pollutant/6001,hour,21.1715011500,µg/m3,2018-11-29 19:00:00 +01:00,2018-11-29 20:00:00 +01:00,1,1
AT,AT.0008.20.AQ,NET.09,STA.09.AKC,,SPO.09.AKC.5066.6001.1,SPP.09.AKC.5066.6001.1.11325,SAM.09.AKC.5066.6001.1,PM2.5,http://dd.eionet.europa.eu/vocabulary/aq/pollutant/6001,hour,21.9619998900,µg/m3,2018-11-29 20:00:00 +01:00,2018-11-29 21:00:00 +01:00,1,1
AT,AT.0008.20.AQ,NET.09,STA.09.AKC,,SPO.09.AKC.5066.6001.1,SPP.09.AKC.5066.6001.1.11325,SAM.09.AKC.5066.6001.1,PM2.5,http://dd.eionet.europa.eu/vocabulary/aq/pollutant/6001,hour,22.9944992000,µg/m3,2018-11-29 22:00:00 +01:00,2018-11-29 23:00:00 +01:00,1,1
AT,AT.0008.20.AQ,NET.09,STA.09.AKC,,SPO.09.AKC.5066.6001.1,SPP.09.AKC.5066.6001.1.11325,SAM.09.AKC.5066.6001.1,PM2.5,http://dd.eionet.europa.eu/vocabulary/aq/pollutant/6001,hour,22.1064987100,µg/m3,2018-11-29 23:00:00 +01:00,2018-11-30 00:00:00 +01:00,1,1
AT,AT.0008.20.AQ,NET.09,STA.09.AKC,,SPO.09.AKC.5066.6001.1,SPP.09.AKC.5066.6001.1.11325,SAM.09.AKC.5066.6001.1,PM2.5,http://dd.eionet.europa.eu/vocabulary/aq/pollutant/6001,hour,19.6409988400,µg/m3,2018-11-30 02:00:00 +01:00,2018-11-30 03:00:00 +01:00,1,1
AT,AT.0008.20.AQ,NET.09,STA.09.AKC,,SPO.09.AKC.5066.6001.1,SPP.09.AKC.5066.6001.1.11325,SAM.09.AKC.5066.6001.1,PM2.5,http://dd.eionet.europa.eu/vocabulary/aq/pollutant/6001,hour,20.7254981900,µg/m3,2018-11-30 03:00:00 +01:00,2018-11-30 04:00:00 +01:00,1,1
AT,AT.0008.20.AQ,NET.09,STA.09.AKC,,SPO.09.AKC.5066.6001.1,SPP.09.AKC.5066.6001.1.11325,SAM.09.AKC.5066.6001.1,PM2.5,http://dd.eionet.europa.eu/vocabulary/aq/pollutant/6001,hour,20.6809997500,µg/m3,2018-11-30 04:00:00 +01:00,2018-11-30 05:00:00 +01:00,1,1
AT,AT.0008.20.AQ,NET.09,STA.09.AKC,,SPO.09.AKC.5066.6001.1,SPP.09.AKC.5066.6001.1.11325,SAM.09.AKC.5066.6001.1,PM2.5,http://dd.eionet.europa.eu/vocabulary/aq/pollutant/6001,hour,23.8694992000,µg/m3,2018-11-30 07:00:00 +01:00,2018-11-30 08:00:00 +01:00,1,1
AT,AT.0008.20.AQ,NET.09,STA.09.AKC,,SPO.09.AKC.5066.6001.1,SPP.09.AKC.5066.6001.1.11325,SAM.09.AKC.5066.6001.1,PM2.5,http://dd.eionet.europa.eu/vocabulary/aq/pollutant/6001,hour,22.5084991400,µg/m3,2018-11-30 08:00:00 +01:00,2018-11-30 09:00:00 +01:00,1,1
AT,AT.0008.20.AQ,NET.09,STA.09.AKC,,SPO.09.AKC.5066.6001.1,SPP.09.AKC.5066.6001.1.11325,SAM.09.AKC.5066.6001.1,PM2.5,http://dd.eionet.europa.eu/vocabulary/aq/pollutant/6001,hour,18.2164993200,µg/m3,2018-11-30 09:00:00 +01:00,2018-11-30 10:00:00 +01:00,1,1
AT,AT.0008.20.AQ,NET.09,STA.09.AKC,,SPO.09.AKC.5066.6001.1,SPP.09.AKC.5066.6001.1.11325,SAM.09.AKC.5066.6001.1,PM2.5,http://dd.eionet.europa.eu/vocabulary/aq/pollutant/6001,hour,14.0319995800,µg/m3,2018-11-30 10:00:00 +01:00,2018-11-30 11:00:00 +01:00,1,1
AT,AT.0008.20.AQ,NET.09,STA.09.AKC,,SPO.09.AKC.5066.6001.1,SPP.09.AKC.5066.6001.1.11325,SAM.09.AKC.5066.6001.1,PM2.5,http://dd.eionet.europa.eu/vocabulary/aq/pollutant/6001,hour,10.3961000400,µg/m3,2018-11-30 11:00:00 +01:00,2018-11-30 12:00:00 +01:00,1,1
AT,AT.0008.20.AQ,NET.09,STA.09.AKC,,SPO.09.AKC.5066.6001.1,SPP.09.AKC.5066.6001.1.11325,SAM.09.AKC.5066.6001.1,PM2.5,http://dd.eionet.europa.eu/vocabulary/aq/pollutant/6001,hour,9.8368997500,µg/m3,2018-11-30 13:00:00 +01:00,2018-11-30 14:00:00 +01:00,1,1
AT,AT.0008.20.AQ,NET.09,STA.09.AKC,,SPO.09.AKC.5066.6001.1,SPP.09.AKC.5066.6001.1.11325,SAM.09.AKC.5066.6001.1,PM2.5,http://dd.eionet.europa.eu/vocabulary/aq/pollutant/6001,hour,10.8924999200,µg/m3,2018-11-30 15:00:00 +01:00,2018-11-30 16:00:00 +01:00,1,1
AT,AT.0008.20.AQ,NET.09,STA.09.AKC,,SPO.09.AKC.5066.6001.1,SPP.09.AKC.5066.6001.1.11325,SAM.09.AKC.5066.6001.1,PM2.5,http://dd.eionet.europa.eu/vocabulary/aq/pollutant/6001,hour,11.2444992000,µg/m3,2018-11-30 16:00:00 +01:00,2018-11-30 17:00:00 +01:00,1,1
AT,AT.0008.20.AQ,NET.09,STA.09.AKC,,SPO.09.AKC.5066.6001.1,SPP.09.AKC.5066.6001.1.11325,SAM.09.AKC.5066.6001.1,PM2.5,http://dd.eionet.europa.eu/vocabulary/aq/pollutant/6001,hour,12.0300006800,µg/m3,2018-11-30 17:00:00 +01:00,2018-11-30 18:00:00 +01:00,1,1
AT,AT.0008.20.AQ,NET.09,STA.09.AKC,,SPO.09.AKC.5066.6001.1,SPP.09.AKC.5066.6001.1.11325,SAM.09.AKC.5066.6001.1,PM2.5,http://dd.eionet.europa.eu/vocabulary/aq/pollutant/6001,hour,13.5120000800,µg/m3,2018-11-30 19:00:00 +01:00,2018-11-30 20:00:00 +01:00,1,1
AT,AT.0008.20.AQ,NET.09,STA.09.AKC,,SPO.09.AKC.5066.6001.1,SPP.09.AKC.5066.6001.1.11325,SAM.09.AKC.5066.6001.1,PM2.5,http://dd.eionet.europa.eu/vocabulary/aq/pollutant/6001,hour,15.0939998600,µg/m3,2018-11-30 20:00:00 +01:00,2018-11-30 21:00:00 +01:00,1,1
AT,AT.0008.20.AQ,NET.09,STA.09.AKC,,SPO.09.AKC.5066.6001.1,SPP.09.AKC.5066.6001.1.11325,SAM.09.AKC.5066.6001.1,PM2.5,http://dd.eionet.europa.eu/vocabulary/aq/pollutant/6001,hour,17.2954998000,µg/m3,2018-11-30 21:00:00 +01:00,2018-11-30 22:00:00 +01:00,1,1
AT,AT.0008.20.AQ,NET.09,STA.09.AKC,,SPO.09.AKC.5066.6001.1,SPP.09.AKC.5066.6001.1.11325,SAM.09.AKC.5066.6001.1,PM2.5,http://dd.eionet.europa.eu/vocabulary/aq/pollutant/6001,hour,20.7905006400,µg/m3,2018-11-30 22:00:00 +01:00,2018-11-30 23:00:00 +01:00,1,1
AT,AT.0008.20.AQ,NET.09,STA.09.AKC,,SPO.09.AKC.5066.6001.1,SPP.09.AKC.5066.6001.1.11325,SAM.09.AKC.5066.6001.1,PM2.5,http://dd.eionet.europa.eu/vocabulary/aq/pollutant/6001,hour,23.2014999300,µg/m3,2018-11-30 23:00:00 +01:00,2018-12-01 00:00:00 +01:00,1,1
AT,AT.0008.20.AQ,NET.09,STA.09.AKC,,SPO.09.AKC.5066.6001.1,SPP.09.AKC.5066.6001.1.11325,SAM.09.AKC.5066.6001.1,PM2.5,http://dd.eionet.europa.eu/vocabulary/aq/pollutant/6001,hour,23.8780002500,µg/m3,2018-12-01 01:00:00 +01:00,2018-12-01 02:00:00 +01:00,1,1
AT,AT.0008.20.AQ,NET.09,STA.09.AKC,,SPO.09.AKC.5066.6001.1,SPP.09.AKC.5066.6001.1.11325,SAM.09.AKC.5066.6001.1,PM2.5,http://dd.eionet.europa.eu/vocabulary/aq/pollutant/6001,hour,21.0820007300,µg/m3,2018-12-01 03:00:00 +01:00,2018-12-01 04:00:00 +01:00,1,1
AT,AT.0008.20.AQ,NET.09,STA.09.AKC,,SPO.09.AKC.5066.6001.1,SPP.09.AKC.5066.6001.1.11325,SAM.09.AKC.5066.6001.1,PM2.5,http://dd.eionet.europa.eu/vocabulary/aq/pollutant/6001,hour,23.6344985900,µg/m3,2018-12-01 04:00:00 +01:00,2018-12-01 05:00:00 +01:00,1,1
AT,AT.0008.20.AQ,NET.09,STA.09.AKC,,SPO.09.AKC.5066.6001.1,SPP.09.AKC.5066.6001.1.11325,SAM.09.AKC.5066.6001.1,PM2.5,http://dd.eionet.europa.eu/vocabulary/aq/pollutant/6001,hour,23.2569999600,µg/m3,2018-12-01 05:00:00 +01:00,2018-12-01 06:00:00 +01:00,1,1
AT,AT.0008.20.AQ,NET.09,STA.09.AKC,,SPO.09.AKC.5066.6001.1,SPP.09.AKC.5066.6001.1.11325,SAM.09.AKC.5066.6001.1,PM2.5,http://dd.eionet.europa.eu/vocabulary/aq/pollutant/6001,hour,23.7765007000,µg/m3,2018-12-01 06:00:00 +01:00,2018-12-01 07:00:00 +01:00,1,1
AT,AT.0008.20.AQ,NET.09,STA.09.AKC,,SPO.09.AKC.5066.6001.1,SPP.09.AKC.5066.6001.1.11325,SAM.09.AKC.5066.6001.1,PM2.5,http://dd.eionet.europa.eu/vocabulary/aq/pollutant/6001,hour,24.1354999500,µg/m3,2018-12-01 07:00:00 +01:00,2018-12-01 08:00:00 +01:00,1,1
AT,AT.0008.20.AQ,NET.09,STA.09.AKC,,SPO.09.AKC.5066.6001.1,SPP.09.AKC.5066.6001.1.11325,SAM.09.AKC.5066.6001.1,PM2.5,http://dd.eionet.europa.eu/vocabulary/aq/pollutant/6001,hour,32.0739974900,µg/m3,2018-12-01 11:00:00 +01:00,2018-12-01 12:00:00 +01:00,1,1
AT,AT.0008.20.AQ,NET.09,STA.09.AKC,,SPO.09.AKC.5066.6001.1,SPP.09.AKC.5066.6001.1.11325,SAM.09.AKC.5066.6001.1,PM2.5,http://dd.eionet.europa.eu/vocabulary/aq/pollutant/6001,hour,31.3904991100,µg/m3,2018-12-01 13:00:00 +01:00,2018-12-01 14:00:00 +01:00,1,1
AT,AT.0008.20.AQ,NET.09,STA.09.AKC,,SPO.09.AKC.5066.6001.1,SPP.09.AKC.5066.6001.1.11325,SAM.09.AKC.5066.6001.1,PM2.5,http://dd.eionet.europa.eu/vocabulary/aq/pollutant/6001,hour,32.2574996900,µg/m3,2018-12-01 14:00:00 +01:00,2018-12-01 15:00:00 +01:00,1,1
AT,AT.0008.20.AQ,NET.09,STA.09.AKC,,SPO.09.AKC.5066.6001.1,SPP.09.AKC.5066.6001.1.11325,SAM.09.AKC.5066.6001.1,PM2.5,http://dd.eionet.europa.eu/vocabulary/aq/pollutant/6001,hour,33.9455032300,µg/m3,2018-12-01 15:00:00 +01:00,2018-12-01 16:00:00 +01:00,1,1
AT,AT.0008.20.AQ,NET.09,STA.09.AKC,,SPO.09.AKC.5066.6001.1,SPP.09.AKC.5066.6001.1.11325,SAM.09.AKC.5066.6001.1,PM2.5,http://dd.eionet.europa.eu/vocabulary/aq/pollutant/6001,hour,34.7239990200,µg/m3,2018-12-01 16:00:00 +01:00,2018-12-01 17:00:00 +01:00,1,1
AT,AT.0008.20.AQ,NET.09,STA.09.AKC,,SPO.09.AKC.5066.6001.1,SPP.09.AKC.5066.6001.1.11325,SAM.09.AKC.5066.6001.1,PM2.5,http://dd.eionet.europa.eu/vocabulary/aq/pollutant/6001,hour,35.0879974300,µg/m3,2018-12-01 17:00:00 +01:00,2018-12-01 18:00:00 +01:00,1,1
AT,AT.0008.20.AQ,NET.09,STA.09.AKC,,SPO.09.AKC.5066.6001.1,SPP.09.AKC.5066.6001.1.11325,SAM.09.AKC.5066.6001.1,PM2.5,http://dd.eionet.europa.eu/vocabulary/aq/pollutant/6001,hour,34.6049995400,µg/m3,2018-12-01 18:00:00 +01:00,2018-12-01 19:00:00 +01:00,1,1
AT,AT.0008.20.AQ,NET.09,STA.09.AKC,,SPO.09.AKC.5066.6001.1,SPP.09.AKC.5066.6001.1.11325,SAM.09.AKC.5066.6001.1,PM2.5,http://dd.eionet.europa.eu/vocabulary/aq/pollutant/6001,hour,36.6585006700,µg/m3,2018-12-01 20:00:00 +01:00,2018-12-01 21:00:00 +01:00,1,1
AT,AT.0008.20.AQ,NET.09,STA.09.AKC,,SPO.09.AKC.5066.6001.1,SPP.09.AKC.5066.6001.1.11325,SAM.09.AKC.5066.6001.1,PM2.5,http://dd.eionet.europa.eu/vocabulary/aq/pollutant/6001,hour,40.4629974300,µg/m3,2018-12-01 21:00:00 +01:00,2018-12-01 22:00:00 +01:00,1,1
AT,AT.0008.20.AQ,NET.09,STA.09.AKC,,SPO.09.AKC.5066.6001.1,SPP.09.AKC.5066.6001.1.11325,SAM.09.AKC.5066.6001.1,PM2.5,http://dd.eionet.europa.eu/vocabulary/aq/pollutant/6001,hour,43.3959999000,µg/m3,2018-12-01 22:00:00 +01:00,2018-12-01 23:00:00 +01:00,1,1
AT,AT.0008.20.AQ,NET.09,STA.09.AKC,,SPO.09.AKC.5066.6001.1,SPP.09.AKC.5066.6001.1.11325,SAM.09.AKC.5066.6001.1,PM2.5,http://dd.eionet.europa.eu/vocabulary/aq/pollutant/6001,hour,46.7614974900,µg/m3,2018-12-02 01:00:00 +01:00,2018-12-02 02:00:00 +01:00,1,1
AT,AT.0008.20.AQ,NET.09,STA.09.AKC,,SPO.09.AKC.5066.6001.1,SPP.09.AKC.5066.6001.1.11325,SAM.09.AKC.5066.6001.1,PM2.5,http://dd.eionet.europa.eu/vocabulary/aq/pollutant/6001,hour,45.9235000600,µg/m3,2018-12-02 05:00:00 +01:00,2018-12-02 06:00:00 +01:00,1,1
AT,AT.0008.20.AQ,NET.09,STA.09.AKC,,SPO.09.AKC.5066.6001.1,SPP.09.AKC.5066.6001.1.11325,SAM.09.AKC.5066.6001.1,PM2.5,http://dd.eionet.europa.eu/vocabulary/aq/pollutant/6001,hour,48.4830017000,µg/m3,2018-12-02 09:00:00 +01:00,2018-12-02 10:00:00 +01:00,1,1
AT,AT.0008.20.AQ,NET.09,STA.09.AKC,,SPO.09.AKC.5066.6001.1,SPP.09.AKC.5066.6001.1.11325,SAM.09.AKC.5066.6001.1,PM2.5,http://dd.eionet.europa.eu/vocabulary/aq/pollutant/6001,hour,46.2399978600,µg/m3,2018-12-02 10:00:00 +01:00,2018-12-02 11:00:00 +01:00,1,1
AT,AT.0008.20.AQ,NET.09,STA.09.AKC,,SPO.09.AKC.5066.6001.1,SPP.09.AKC.5066.6001.1.11325,SAM.09.AKC.5066.6001.1,PM2.5,http://dd.eionet.europa.eu/vocabulary/aq/pollutant/6001,hour,55.3610000600,µg/m3,2018-12-02 13:00:00 +01:00,2018-12-02 14:00:00 +01:00,1,1
AT,AT.0008.20.AQ,NET.09,STA.09.AKC,,SPO.09.AKC.5066.6001.1,SPP.09.AKC.5066.6001.1.11325,SAM.09.AKC.5066.6001.1,PM2.5,http://dd.eionet.europa.eu/vocabulary/aq/pollutant/6001,hour,58.4534988400,µg/m3,2018-12-02 14:00:00 +01:00,2018-12-02 15:00:00 +01:00,1,1
AT,AT.0008.20.AQ,NET.09,STA.09.AKC,,SPO.09.AKC.5066.6001.1,SPP.09.AKC.5066.6001.1.11325,SAM.09.AKC.5066.6001.1,PM2.5,http://dd.eionet.europa.eu/vocabulary/aq/pollutant/6001,hour,55.8694992000,µg/m3,2018-12-02 16:00:00 +01:00,2018-12-02 17:00:00 +01:00,1,1
AT,AT.0008.20.AQ,NET.09,STA.09.AKC,,SPO.09.AKC.5066.6001.1,SPP.09.AKC.5066.6001.1.11325,SAM.09.AKC.5066.6001.1,PM2.5,http://dd.eionet.europa.eu/vocabulary/aq/pollutant/6001,hour,52.6529998700,µg/m3,2018-12-02 17:00:00 +01:00,2018-12-02 18:00:00 +01:00,1,1
AT,AT.0008.20.AQ,NET.09,STA.09.AKC,,SPO.09.AKC.5066.6001.1,SPP.09.AKC.5066.6001.1.11325,SAM.09.AKC.5066.6001.1,PM2.5,http://dd.eionet.europa.eu/vocabulary/aq/pollutant/6001,hour,47.7270011900,µg/m3,2018-12-02 18:00:00 +01:00,2018-12-02 19:00:00 +01:00,1,1
AT,AT.0008.20.AQ,NET.09,STA.09.AKC,,SPO.09.AKC.5066.6001.1,SPP.09.AKC.5066.6001.1.11325,SAM.09.AKC.5066.6001.1,PM2.5,http://dd.eionet.europa.eu/vocabulary/aq/pollutant/6001,hour,45.4794998100,µg/m3,2018-12-02 20:00:00 +01:00,2018-12-02 21:00:00 +01:00,1,1
AT,AT.0008.20.AQ,NET.09,STA.09.AKC,,SPO.09.AKC.5066.6001.1,SPP.09.AKC.5066.6001.1.11325,SAM.09.AKC.5066.6001.1,PM2.5,http://dd.eionet.europa.eu/vocabulary/aq/pollutant/6001,hour,58.9414978000,µg/m3,2018-12-02 21:00:00 +01:00,2018-12-02 22:00:00 +01:00,1,1
AT,AT.0008.20.AQ,NET.09,STA.09.AKC,,SPO.09.AKC.5066.6001.1,SPP.09.AKC.5066.6001.1.11325,SAM.09.AKC.5066.6001.1,PM2.5,http://dd.eionet.europa.eu/vocabulary/aq/pollutant/6001,hour,54.2929992600,µg/m3,2018-12-02 22:00:00 +01:00,2018-12-02 23:00:00 +01:00,1,1
AT,AT.0008.20.AQ,NET.09,STA.09.AKC,,SPO.09.AKC.5066.6001.1,SPP.09.AKC.5066.6001.1.11325,SAM.09.AKC.5066.6001.1,PM2.5,http://dd.eionet.europa.eu/vocabulary/aq/pollutant/6001,hour,50.9599990800,µg/m3,2018-12-02 23:00:00 +01:00,2018-12-03 00:00:00 +01:00,1,1
AT,AT.0008.20.AQ,NET.09,STA.09.AKC,,SPO.09.AKC.5066.6001.1,SPP.09.AKC.5066.6001.1.11325,SAM.09.AKC.5066.6001.1,PM2.5,http://dd.eionet.europa.eu/vocabulary/aq/pollutant/6001,hour,50.0805015500,µg/m3,2018-12-03 00:00:00 +01:00,2018-12-03 01:00:00 +01:00,1,1
AT,AT.0008.20.AQ,NET.09,STA.09.AKC,,SPO.09.AKC.5066.6001.1,SPP.09.AKC.5066.6001.1.11325,SAM.09.AKC.5066.6001.1,PM2.5,http://dd.eionet.europa.eu/vocabulary/aq/pollutant/6001,hour,52.2959976100,µg/m3,2018-12-03 01:00:00 +01:00,2018-12-03 02:00:00 +01:00,1,1
AT,AT.0008.20.AQ,NET.09,STA.09.AKC,,SPO.09.AKC.5066.6001.1,SPP.09.AKC.5066.6001.1.11325,SAM.09.AKC.5066.6001.1,PM2.5,http://dd.eionet.europa.eu/vocabulary/aq/pollutant/6001,hour,53.5650024400,µg/m3,2018-12-03 02:00:00 +01:00,2018-12-03 03:00:00 +01:00,1,1
AT,AT.0008.20.AQ,NET.09,STA.09.AKC,,SPO.09.AKC.5066.6001.1,SPP.09.AKC.5066.6001.1.11325,SAM.09.AKC.5066.6001.1,PM2.5,http://dd.eionet.europa.eu/vocabulary/aq/pollutant/6001,hour,44.4069976800,µg/m3,2018-12-03 04:00:00 +01:00,2018-12-03 05:00:00 +01:00,1,1
AT,AT.0008.20.AQ,NET.09,STA.09.AKC,,SPO.09.AKC.5066.6001.1,SPP.09.AKC.5066.6001.1.11325,SAM.09.AKC.5066.6001.1,PM2.5,http://dd.eionet.europa.eu/vocabulary/aq/pollutant/6001,hour,43.2105026200,µg/m3,2018-12-03 05:00:00 +01:00,2018-12-03 06:00:00 +01:00,1,1
AT,AT.0008.20.AQ,NET.09,STA.09.AKC,,SPO.09.AKC.5066.6001.1,SPP.09.AKC.5066.6001.1.11325,SAM.09.AKC.5066.6001.1,PM2.5,http://dd.eionet.europa.eu/vocabulary/aq/pollutant/6001,hour,43.8324966400,µg/m3,2018-12-03 06:00:00 +01:00,2018-12-03 07:00:00 +01:00,1,1
AT,AT.0008.20.AQ,NET.09,STA.09.AKC,,SPO.09.AKC.5066.6001.1,SPP.09.AKC.5066.6001.1.11325,SAM.09.AKC.5066.6001.1,PM2.5,http://dd.eionet.europa.eu/vocabulary/aq/pollutant/6001,hour,43.5040016100,µg/m3,2018-12-03 07:00:00 +01:00,2018-12-03 08:00:00 +01:00,1,1
AT,AT.0008.20.AQ,NET.09,STA.09.AKC,,SPO.09.AKC.5066.6001.1,SPP.09.AKC.5066.6001.1.11325,SAM.09.AKC.5066.6001.1,PM2.5,http://dd.eionet.europa.eu/vocabulary/aq/pollutant/6001,hour,45.0004997200,µg/m3,2018-12-03 12:00:00 +01:00,2018-12-03 13:00:00 +01:00,1,1
AT,AT.0008.20.AQ,NET.09,STA.09.AKC,,SPO.09.AKC.5066.6001.1,SPP.09.AKC.5066.6001.1.11325,SAM.09.AKC.5066.6001.1,PM2.5,http://dd.eionet.europa.eu/vocabulary/aq/pollutant/6001,hour,44.5834999000,µg/m3,2018-12-03 13:00:00 +01:00,2018-12-03 14:00:00 +01:00,1,1
AT,AT.0008.20.AQ,NET.09,STA.09.AKC,,SPO.09.AKC.5066.6001.1,SPP.09.AKC.5066.6001.1.11325,SAM.09.AKC.5066.6001.1,PM2.5,http://dd.eionet.europa.eu/vocabulary/aq/pollutant/6001,hour,43.1125030500,µg/m3,2018-12-03 15:00:00 +01:00,2018-12-03 16:00:00 +01:00,1,1
AT,AT.0008.20.AQ,NET.09,STA.09.AKC,,SPO.09.AKC.5066.6001.1,SPP.09.AKC.5066.6001.1.11325,SAM.09.AKC.5066.6001.1,PM2.5,http://dd.eionet.europa.eu/vocabulary/aq/pollutant/6001,hour,46.1425018300,µg/m3,2018-12-03 16:00:00 +01:00,2018-12-03 17:00:00 +01:00,1,1
AT,AT.0008.20.AQ,NET.09,STA.09.AKC,,SPO.09.AKC.5066.6001.1,SPP.09.AKC.5066.6001.1.11325,SAM.09.AKC.5066.6001.1,PM2.5,http://dd.eionet.europa.eu/vocabulary/aq/pollutant/6001,hour,49.9400024400,µg/m3,2018-12-03 17:00:00 +01:00,2018-12-03 18:00:00 +01:00,1,1
AT,AT.0008.20.AQ,NET.09,STA.09.AKC,,SPO.09.AKC.5066.6001.1,SPP.09.AKC.5066.6001.1.11325,SAM.09.AKC.5066.6001.1,PM2.5,http://dd.eionet.europa.eu/vocabulary/aq/pollutant/6001,hour,50.4615020700,µg/m3,2018-12-03 20:00:00 +01:00,2018-12-03 21:00:00 +01:00,1,1
AT,AT.0008.20.AQ,NET.09,STA.09.AKC,,SPO.09.AKC.5066.6001.1,SPP.09.AKC.5066.6001.1.11325,SAM.09.AKC.5066.6001.1,PM2.5,http://dd.eionet.europa.eu/vocabulary/aq/pollutant/6001,hour,50.6705017000,µg/m3,2018-12-03 21:00:00 +01:00,2018-12-03 22:00:00 +01:00,1,1
AT,AT.0008.20.AQ,NET.09,STA.09.AKC,,SPO.09.AKC.5066.6001.1,SPP.09.AKC.5066.6001.1.11325,SAM.09.AKC.5066.6001.1,PM2.5,http://dd.eionet.europa.eu/vocabulary/aq/pollutant/6001,hour,51.1125030500,µg/m3,2018-12-03 22:00:00 +01:00,2018-12-03 23:00:00 +01:00,1,1
AT,AT.0008.20.AQ,NET.09,STA.09.AKC,,SPO.09.AKC.5066.6001.1,SPP.09.AKC.5066.6001.1.11325,SAM.09.AKC.5066.6001.1,PM2.5,http://dd.eionet.europa.eu/vocabulary/aq/pollutant/6001,hour,52.9555015500,µg/m3,2018-12-03 23:00:00 +01:00,2018-12-04 00:00:00 +01:00,1,1
AT,AT.0008.20.AQ,NET.09,STA.09.AKC,,SPO.09.AKC.5066.6001.1,SPP.09.AKC.5066.6001.1.11325,SAM.09.AKC.5066.6001.1,PM2.5,http://dd.eionet.europa.eu/vocabulary/aq/pollutant/6001,hour,42.8109970000,µg/m3,2018-12-04 01:00:00 +01:00,2018-12-04 02:00:00 +01:00,1,1
AT,AT.0008.20.AQ,NET.09,STA.09.AKC,,SPO.09.AKC.5066.6001.1,SPP.09.AKC.5066.6001.1.11325,SAM.09.AKC.5066.6001.1,PM2.5,http://dd.eionet.europa.eu/vocabulary/aq/pollutant/6001,hour,4.8453497800,µg/m3,2018-12-04 03:00:00 +01:00,2018-12-04 04:00:00 +01:00,1,1
AT,AT.0008.20.AQ,NET.09,STA.09.AKC,,SPO.09.AKC.5066.6001.1,SPP.09.AKC.5066.6001.1.11325,SAM.09.AKC.5066.6001.1,PM2.5,http://dd.eionet.europa.eu/vocabulary/aq/pollutant/6001,hour,1.1947500700,µg/m3,2018-12-04 04:00:00 +01:00,2018-12-04 05:00:00 +01:00,1,1
AT,AT.0008.20.AQ,NET.09,STA.09.AKC,,SPO.09.AKC.5066.6001.1,SPP.09.AKC.5066.6001.1.11325,SAM.09.AKC.5066.6001.1,PM2.5,http://dd.eionet.europa.eu/vocabulary/aq/pollutant/6001,hour,1.7256499500,µg/m3,2018-12-04 06:00:00 +01:00,2018-12-04 07:00:00 +01:00,1,1
AT,AT.0008.20.AQ,NET.09,STA.09.AKC,,SPO.09.AKC.5066.6001.1,SPP.09.AKC.5066.6001.1.11325,SAM.09.AKC.5066.6001.1,PM2.5,http://dd.eionet.europa.eu/vocabulary/aq/pollutant/6001,hour,3.1198999800,µg/m3,2018-12-04 10:00:00 +01:00,2018-12-04 11:00:00 +01:00,1,1
AT,AT.0008.20.AQ,NET.09,STA.09.AKC,,SPO.09.AKC.5066.6001.1,SPP.09.AKC.5066.6001.1.11325,SAM.09.AKC.5066.6001.1,PM2.5,http://dd.eionet.europa.eu/vocabulary/aq/pollutant/6001,hour,2.8398499400,µg/m3,2018-12-04 11:00:00 +01:00,2018-12-04 12:00:00 +01:00,1,1
AT,AT.0008.20.AQ,NET.09,STA.09.AKC,,SPO.09.AKC.5066.6001.1,SPP.09.AKC.5066.6001.1.11325,SAM.09.AKC.5066.6001.1,PM2.5,http://dd.eionet.europa.eu/vocabulary/aq/pollutant/6001,hour,3.2716999000,µg/m3,2018-12-04 12:00:00 +01:00,2018-12-04 13:00:00 +01:00,1,1
AT,AT.0008.20.AQ,NET.09,STA.09.AKC,,SPO.09.AKC.5066.6001.1,SPP.09.AKC.5066.6001.1.11325,SAM.09.AKC.5066.6001.1,PM2.5,http://dd.eionet.europa.eu/vocabulary/aq/pollutant/6001,hour,3.4895999400,µg/m3,2018-12-04 14:00:00 +01:00,2018-12-04 15:00:00 +01:00,1,1
AT,AT.0008.20.AQ,NET.09,STA.09.AKC,,SPO.09.AKC.5066.6001.1,SPP.09.AKC.5066.6001.1.11325,SAM.09.AKC.5066.6001.1,PM2.5,http://dd.eionet.europa.eu/vocabulary/aq/pollutant/6001,hour,4.0755500700,µg/m3,2018-12-04 15:00:00 +01:00,2018-12-04 16:00:00 +01:00,1,1
AT,AT.0008.20.AQ,NET.09,STA.09.AKC,,SPO.09.AKC.5066.6001.1,SPP.09.AKC.5066.6001.1.11325,SAM.09.AKC.5066.6001.1,PM2.5,http://dd.eionet.europa.eu/vocabulary/aq/pollutant/6001,hour,6.0745501500,µg/m3,2018-12-04 17:00:00 +01:00,2018-12-04 18:00:00 +01:00,1,1
AT,AT.0008.20.AQ,NET.09,STA.09.AKC,,SPO.09.AKC.5066.6001.1,SPP.09.AKC.5066.6001.1.11325,SAM.09.AKC.5066.6001.1,PM2.5,http://dd.eionet.europa.eu/vocabulary/aq/pollutant/6001,hour,4.7002000800,µg/m3,2018-12-04 21:00:00 +01:00,2018-12-04 22:00:00 +01:00,1,1
AT,AT.0008.20.AQ,NET.09,STA.09.AKC,,SPO.09.AKC.5066.6001.1,SPP.09.AKC.5066.6001.1.11325,SAM.09.AKC.5066.6001.1,PM2.5,http://dd.eionet.europa.eu/vocabulary/aq/pollutant/6001,hour,5.0241498900,µg/m3,2018-12-04 22:00:00 +01:00,2018-12-04 23:00:00 +01:00,1,1
AT,AT.0008.20.AQ,NET.09,STA.09.AKC,,SPO.09.AKC.5066.6001.1,SPP.09.AKC.5066.6001.1.11325,SAM.09.AKC.5066.6001.1,PM2.5,http://dd.eionet.europa.eu/vocabulary/aq/pollutant/6001,hour,5.4841499300,µg/m3,2018-12-05 00:00:00 +01:00,2018-12-05 01:00:00 +01:00,1,1
AT,AT.0008.20.AQ,NET.09,STA.09.AKC,,SPO.09.AKC.5066.6001.1,SPP.09.AKC.5066.6001.1.11325,SAM.09.AKC.5066.6001.1,PM2.5,http://dd.eionet.europa.eu/vocabulary/aq/pollutant/6001,hour,5.9196500700,µg/m3,2018-12-05 01:00:00 +01:00,2018-12-05 02:00:00 +01:00,1,1
AT,AT.0008.20.AQ,NET.09,STA.09.AKC,,SPO.09.AKC.5066.6001.1,SPP.09.AKC.5066.6001.1.11325,SAM.09.AKC.5066.6001.1,PM2.5,http://dd.eionet.europa.eu/vocabulary/aq/pollutant/6001,hour,6.1739501900,µg/m3,2018-12-05 05:00:00 +01:00,2018-12-05 06:00:00 +01:00,1,1
AT,AT.0008.20.AQ,NET.09,STA.09.AKC,,SPO.09.AKC.5066.6001.1,SPP.09.AKC.5066.6001.1.11325,SAM.09.AKC.5066.6001.1,PM2.5,http://dd.eionet.europa.eu/vocabulary/aq/pollutant/6001,hour,7.1536498000,µg/m3,2018-12-05 06:00:00 +01:00,2018-12-05 07:00:00 +01:00,1,1
AT,AT.0008.20.AQ,NET.09,STA.09.AKC,,SPO.09.AKC.5066.6001.1,SPP.09.AKC.5066.6001.1.11325,SAM.09.AKC.5066.6001.1,PM2.5,http://dd.eionet.europa.eu/vocabulary/aq/pollutant/6001,hour,9.1616001100,µg/m3,2018-12-05 07:00:00 +01:00,2018-12-05 08:00:00 +01:00,1,1
AT,AT.0008.20.AQ,NET.09,STA.09.AKC,,SPO.09.AKC.5066.6001.1,SPP.09.AKC.5066.6001.1.11325,SAM.09.AKC.5066.6001.1,PM2.5,http://dd.eionet.europa.eu/vocabulary/aq/pollutant/6001,hour,9.1603498400,µg/m3,2018-12-05 08:00:00 +01:00,2018-12-05 09:00:00 +01:00,1,1
AT,AT.0008.20.AQ,NET.09,STA.09.AKC,,SPO.09.AKC.5066.6001.1,SPP.09.AKC.5066.6001.1.11325,SAM.09.AKC.5066.6001.1,PM2.5,http://dd.eionet.europa.eu/vocabulary/aq/pollutant/6001,hour,7.7057499800,µg/m3,2018-12-05 09:00:00 +01:00,2018-12-05 10:00:00 +01:00,1,1
AT,AT.0008.20.AQ,NET.09,STA.09.AKC,,SPO.09.AKC.5066.6001.1,SPP.09.AKC.5066.6001.1.11325,SAM.09.AKC.5066.6001.1,PM2.5,http://dd.eionet.europa.eu/vocabulary/aq/pollutant/6001,hour,6.8016500400,µg/m3,2018-12-05 10:00:00 +01:00,2018-12-05 11:00:00 +01:00,1,1
AT,AT.0008.20.AQ,NET.09,STA.09.AKC,,SPO.09.AKC.5066.6001.1,SPP.09.AKC.5066.6001.1.11325,SAM.09.AKC.5066.6001.1,PM2.5,http://dd.eionet.europa.eu/vocabulary/aq/pollutant/6001,hour,4.7111997600,µg/m3,2018-12-05 13:00:00 +01:00,2018-12-05 14:00:00 +01:00,1,1
AT,AT.0008.20.AQ,NET.09,STA.09.AKC,,SPO.09.AKC.5066.6001.1,SPP.09.AKC.5066.6001.1.11325,SAM.09.AKC.5066.6001.1,PM2.5,http://dd.eionet.europa.eu/vocabulary/aq/pollutant/6001,hour,4.3027496300,µg/m3,2018-12-05 14:00:00 +01:00,2018-12-05 15:00:00 +01:00,1,1
AT,AT.0008.20.AQ,NET.09,STA.09.AKC,,SPO.09.AKC.5066.6001.1,SPP.09.AKC.5066.6001.1.11325,SAM.09.AKC.5066.6001.1,PM2.5,http://dd.eionet.europa.eu/vocabulary/aq/pollutant/6001,hour,5.8389997400,µg/m3,2018-12-05 15:00:00 +01:00,2018-12-05 16:00:00 +01:00,1,1
AT,AT.0008.20.AQ,NET.09,STA.09.AKC,,SPO.09.AKC.5066.6001.1,SPP.09.AKC.5066.6001.1.11325,SAM.09.AKC.5066.6001.1,PM2.5,http://dd.eionet.europa.eu/vocabulary/aq/pollutant/6001,hour,7.9510998700,µg/m3,2018-12-05 16:00:00 +01:00,2018-12-05 17:00:00 +01:00,1,1
AT,AT.0008.20.AQ,NET.09,STA.09.AKC,,SPO.09.AKC.5066.6001.1,SPP.09.AKC.5066.6001.1.11325,SAM.09.AKC.5066.6001.1,PM2.5,http://dd.eionet.europa.eu/vocabulary/aq/pollutant/6001,hour,14.9855003300,µg/m3,2018-12-05 17:00:00 +01:00,2018-12-05 18:00:00 +01:00,1,1
AT,AT.0008.20.AQ,NET.09,STA.09.AKC,,SPO.09.AKC.5066.6001.1,SPP.09.AKC.5066.6001.1.11325,SAM.09.AKC.5066.6001.1,PM2.5,http://dd.eionet.europa.eu/vocabulary/aq/pollutant/6001,hour,14.6614999700,µg/m3,2018-12-05 18:00:00 +01:00,2018-12-05 19:00:00 +01:00,1,1
AT,AT.0008.20.AQ,NET.09,STA.09.AKC,,SPO.09.AKC.5066.6001.1,SPP.09.AKC.5066.6001.1.11325,SAM.09.AKC.5066.6001.1,PM2.5,http://dd.eionet.europa.eu/vocabulary/aq/pollutant/6001,hour,20.7625007600,µg/m3,2018-12-05 20:00:00 +01:00,2018-12-05 21:00:00 +01:00,1,1
AT,AT.0008.20.AQ,NET.09,STA.09.AKC,,SPO.09.AKC.5066.6001.1,SPP.09.AKC.5066.6001.1.11325,SAM.09.AKC.5066.6001.1,PM2.5,http://dd.eionet.europa.eu/vocabulary/aq/pollutant/6001,hour,25.6359996700,µg/m3,2018-12-05 22:00:00 +01:00,2018-12-05 23:00:00 +01:00,1,1
AT,AT.0008.20.AQ,NET.09,STA.09.AKC,,SPO.09.AKC.5066.6001.1,SPP.09.AKC.5066.6001.1.11325,SAM.09.AKC.5066.6001.1,PM2.5,http://dd.eionet.europa.eu/vocabulary/aq/pollutant/6001,hour,21.5094985900,µg/m3,2018-12-05 23:00:00 +01:00,2018-12-06 00:00:00 +01:00,1,1
AT,AT.0008.20.AQ,NET.09,STA.09.AKC,,SPO.09.AKC.5066.6001.1,SPP.09.AKC.5066.6001.1.11325,SAM.09.AKC.5066.6001.1,PM2.5,http://dd.eionet.europa.eu/vocabulary/aq/pollutant/6001,hour,15.6125001900,µg/m3,2018-12-06 00:00:00 +01:00,2018-12-06 01:00:00 +01:00,1,1
AT,AT.0008.20.AQ,NET.09,STA.09.AKC,,SPO.09.AKC.5066.6001.1,SPP.09.AKC.5066.6001.1.11325,SAM.09.AKC.5066.6001.1,PM2.5,http://dd.eionet.europa.eu/vocabulary/aq/pollutant/6001,hour,10.2711505800,µg/m3,2018-12-06 01:00:00 +01:00,2018-12-06 02:00:00 +01:00,1,1
AT,AT.0008.20.AQ,NET.09,STA.09.AKC,,SPO.09.AKC.5066.6001.1,SPP.09.AKC.5066.6001.1.11325,SAM.09.AKC.5066.6001.1,PM2.5,http://dd.eionet.europa.eu/vocabulary/aq/pollutant/6001,hour,9.4694995800,µg/m3,2018-12-06 02:00:00 +01:00,2018-12-06 03:00:00 +01:00,1,1
AT,AT.0008.20.AQ,NET.09,STA.09.AKC,,SPO.09.AKC.5066.6001.1,SPP.09.AKC.5066.6001.1.11325,SAM.09.AKC.5066.6001.1,PM2.5,http://dd.eionet.europa.eu/vocabulary/aq/pollutant/6001,hour,9.7852497100,µg/m3,2018-12-06 03:00:00 +01:00,2018-12-06 04:00:00 +01:00,1,1
AT,AT.0008.20.AQ,NET.09,STA.09.AKC,,SPO.09.AKC.5066.6001.1,SPP.09.AKC.5066.6001.1.11325,SAM.09.AKC.5066.6001.1,PM2.5,http://dd.eionet.europa.eu/vocabulary/aq/pollutant/6001,hour,9.0321006700,µg/m3,2018-12-06 04:00:00 +01:00,2018-12-06 05:00:00 +01:00,1,1
AT,AT.0008.20.AQ,NET.09,STA.09.AKC,,SPO.09.AKC.5066.6001.1,SPP.09.AKC.5066.6001.1.11325,SAM.09.AKC.5066.6001.1,PM2.5,http://dd.eionet.europa.eu/vocabulary/aq/pollutant/6001,hour,10.2139997400,µg/m3,2018-12-06 05:00:00 +01:00,2018-12-06 06:00:00 +01:00,1,1
AT,AT.0008.20.AQ,NET.09,STA.09.AKC,,SPO.09.AKC.5066.6001.1,SPP.09.AKC.5066.6001.1.11325,SAM.09.AKC.5066.6001.1,PM2.5,http://dd.eionet.europa.eu/vocabulary/aq/pollutant/6001,hour,11.3390007000,µg/m3,2018-12-06 06:00:00 +01:00,2018-12-06 07:00:00 +01:00,1,1
AT,AT.0008.20.AQ,NET.09,STA.09.AKC,,SPO.09.AKC.5066.6001.1,SPP.09.AKC.5066.6001.1.11325,SAM.09.AKC.5066.6001.1,PM2.5,http://dd.eionet.europa.eu/vocabulary/aq/pollutant/6001,hour,12.6610002500,µg/m3,2018-12-06 08:00:00 +01:00,2018-12-06 09:00:00 +01:00,1,1
AT,AT.0008.20.AQ,NET.09,STA.09.AKC,,SPO.09.AKC.5066.6001.1,SPP.09.AKC.5066.6001.1.11325,SAM.09.AKC.5066.6001.1,PM2.5,http://dd.eionet.europa.eu/vocabulary/aq/pollutant/6001,hour,13.4219999300,µg/m3,2018-12-06 09:00:00 +01:00,2018-12-06 10:00:00 +01:00,1,1
AT,AT.0008.20.AQ,NET.09,STA.09.AKC,,SPO.09.AKC.5066.6001.1,SPP.09.AKC.5066.6001.1.11325,SAM.09.AKC.5066.6001.1,PM2.5,http://dd.eionet.europa.eu/vocabulary/aq/pollutant/6001,hour,11.9829998000,µg/m3,2018-12-06 10:00:00 +01:00,2018-12-06 11:00:00 +01:00,1,1
AT,AT.0008.20.AQ,NET.09,STA.09.AKC,,SPO.09.AKC.5066.6001.1,SPP.09.AKC.5066.6001.1.11325,SAM.09.AKC.5066.6001.1,PM2.5,http://dd.eionet.europa.eu/vocabulary/aq/pollutant/6001,hour,12.4429998300,µg/m3,2018-12-06 11:00:00 +01:00,2018-12-06 12:00:00 +01:00,1,1
AT,AT.0008.20.AQ,NET.09,STA.09.AKC,,SPO.09.AKC.5066.6001.1,SPP.09.AKC.5066.6001.1.11325,SAM.09.AKC.5066.6001.1,PM2.5,http://dd.eionet.europa.eu/vocabulary/aq/pollutant/6001,hour,12.7364997800,µg/m3,2018-12-06 12:00:00 +01:00,2018-12-06 13:00:00 +01:00,1,1
AT,AT.0008.20.AQ,NET.09,STA.09.AKC,,SPO.09.AKC.5066.6001.1,SPP.09.AKC.5066.6001.1.11325,SAM.09.AKC.5066.6001.1,PM2.5,http://dd.eionet.europa.eu/vocabulary/aq/pollutant/6001,hour,13.3085002800,µg/m3,2018-12-06 13:00:00 +01:00,2018-12-06 14:00:00 +01:00,1,1
AT,AT.0008.20.AQ,NET.09,STA.09.AKC,,SPO.09.AKC.5066.6001.1,SPP.09.AKC.5066.6001.1.11325,SAM.09.AKC.5066.6001.1,PM2.5,http://dd.eionet.europa.eu/vocabulary/aq/pollutant/6001,hour,13.4575004500,µg/m3,2018-12-06 15:00:00 +01:00,2018-12-06 16:00:00 +01:00,1,1
AT,AT.0008.20.AQ,NET.09,STA.09.AKC,,SPO.09.AKC.5066.6001.1,SPP.09.AKC.5066.6001.1.11325,SAM.09.AKC.5066.6001.1,PM2.5,http://dd.eionet.europa.eu/vocabulary/aq/pollutant/6001,hour,15.5150003400,µg/m3,2018-12-06 16:00:00 +01:00,2018-12-06 17:00:00 +01:00,1,1
AT,AT.0008.20.AQ,NET.09,STA.09.AKC,,SPO.09.AKC.5066.6001.1,SPP.09.AKC.5066.6001.1.11325,SAM.09.AKC.5066.6001.1,PM2.5,http://dd.eionet.europa.eu/vocabulary/aq/pollutant/6001,hour,15.7519989000,µg/m3,2018-12-06 17:00:00 +01:00,2018-12-06 18:00:00 +01:00,1,1
AT,AT.0008.20.AQ,NET.09,STA.09.AKC,,SPO.09.AKC.5066.6001.1,SPP.09.AKC.5066.6001.1.11325,SAM.09.AKC.5066.6001.1,PM2.5,http://dd.eionet.europa.eu/vocabulary/aq/pollutant/6001,hour,17.0410003600,µg/m3,2018-12-06 18:00:00 +01:00,2018-12-06 19:00:00 +01:00,1,1
AT,AT.0008.20.AQ,NET.09,STA.09.AKC,,SPO.09.AKC.5066.6001.1,SPP.09.AKC.5066.6001.1.11325,SAM.09.AKC.5066.6001.1,PM2.5,http://dd.eionet.europa.eu/vocabulary/aq/pollutant/6001,hour,17.6710014300,µg/m3,2018-12-06 19:00:00 +01:00,2018-12-06 20:00:00 +01:00,1,1
AT,AT.0008.20.AQ,NET.09,STA.09.AKC,,SPO.09.AKC.5066.6001.1,SPP.09.AKC.5066.6001.1.11325,SAM.09.AKC.5066.6001.1,PM2.5,http://dd.eionet.europa.eu/vocabulary/aq/pollutant/6001,hour,19.3344993500,µg/m3,2018-12-06 20:00:00 +01:00,2018-12-06 21:00:00 +01:00,1,1
AT,AT.0008.20.AQ,NET.09,STA.09.AKC,,SPO.09.AKC.5066.6001.1,SPP.09.AKC.5066.6001.1.11325,SAM.09.AKC.5066.6001.1,PM2.5,http://dd.eionet.europa.eu/vocabulary/aq/pollutant/6001,hour,19.9080009400,µg/m3,2018-12-06 23:00:00 +01:00,2018-12-07 00:00:00 +01:00,1,1
AT,AT.0008.20.AQ,NET.09,STA.09.AKC,,SPO.09.AKC.5066.6001.1,SPP.09.AKC.5066.6001.1.11325,SAM.09.AKC.5066.6001.1,PM2.5,http://dd.eionet.europa.eu/vocabulary/aq/pollutant/6001,hour,22.0084991400,µg/m3,2018-12-07 01:00:00 +01:00,2018-12-07 02:00:00 +01:00,1,1
AT,AT.0008.20.AQ,NET.09,STA.09.AKC,,SPO.09.AKC.5066.6001.1,SPP.09.AKC.5066.6001.1.11325,SAM.09.AKC.5066.6001.1,PM2.5,http://dd.eionet.europa.eu/vocabulary/aq/pollutant/6001,hour,21.5314998600,µg/m3,2018-12-07 02:00:00 +01:00,2018-12-07 03:00:00 +01:00,1,1
AT,AT.0008.20.AQ,NET.09,STA.09.AKC,,SPO.09.AKC.5066.6001.1,SPP.09.AKC.5066.6001.1.11325,SAM.09.AKC.5066.6001.1,PM2.5,http://dd.eionet.europa.eu/vocabulary/aq/pollutant/6001,hour,22.5209999000,µg/m3,2018-12-07 03:00:00 +01:00,2018-12-07 04:00:00 +01:00,1,1
AT,AT.0008.20.AQ,NET.09,STA.09.AKC,,SPO.09.AKC.5066.6001.1,SPP.09.AKC.5066.6001.1.11325,SAM.09.AKC.5066.6001.1,PM2.5,http://dd.eionet.europa.eu/vocabulary/aq/pollutant/6001,hour,22.1915016100,µg/m3,2018-12-07 04:00:00 +01:00,2018-12-07 05:00:00 +01:00,1,1
AT,AT.0008.20.AQ,NET.09,STA.09.AKC,,SPO.09.AKC.5066.6001.1,SPP.09.AKC.5066.6001.1.11325,SAM.09.AKC.5066.6001.1,PM2.5,http://dd.eionet.europa.eu/vocabulary/aq/pollutant/6001,hour,21.8964996300,µg/m3,2018-12-07 05:00:00 +01:00,2018-12-07 06:00:00 +01:00,1,1
AT,AT.0008.20.AQ,NET.09,STA.09.AKC,,SPO.09.AKC.5066.6001.1,SPP.09.AKC.5066.6001.1.11325,SAM.09.AKC.5066.6001.1,PM2.5,http://dd.eionet.europa.eu/vocabulary/aq/pollutant/6001,hour,26.5375003800,µg/m3,2018-12-07 09:00:00 +01:00,2018-12-07 10:00:00 +01:00,1,1
AT,AT.0008.20.AQ,NET.09,STA.09.AKC,,SPO.09.AKC.5066.6001.1,SPP.09.AKC.5066.6001.1.11325,SAM.09.AKC.5066.6001.1,PM2.5,http://dd.eionet.europa.eu/vocabulary/aq/pollutant/6001,hour,30.0120010300,µg/m3,2018-12-07 10:00:00 +01:00,2018-12-07 11:00:00 +01:00,1,1
AT,AT.0008.20.AQ,NET.09,STA.09.AKC,,SPO.09.AKC.5066.6001.1,SPP.09.AKC.5066.6001.1.11325,SAM.09.AKC.5066.6001.1,PM2.5,http://dd.eionet.europa.eu/vocabulary/aq/pollutant/6001,hour,30.6344985900,µg/m3,2018-12-07 14:00:00 +01:00,2018-12-07 15:00:00 +01:00,1,1
AT,AT.0008.20.AQ,NET.09,STA.09.AKC,,SPO.09.AKC.5066.6001.1,SPP.09.AKC.5066.6001.1.11325,SAM.09.AKC.5066.6001.1,PM2.5,http://dd.eionet.europa.eu/vocabulary/aq/pollutant/6001,hour,32.1010017300,µg/m3,2018-12-07 15:00:00 +01:00,2018-12-07 16:00:00 +01:00,1,1
AT,AT.0008.20.AQ,NET.09,STA.09.AKC,,SPO.09.AKC.5066.6001.1,SPP.09.AKC.5066.6001.1.11325,SAM.09.AKC.5066.6001.1,PM2.5,http://dd.eionet.europa.eu/vocabulary/aq/pollutant/6001,hour,33.9629974300,µg/m3,2018-12-07 16:00:00 +01:00,2018-12-07 17:00:00 +01:00,1,1
AT,AT.0008.20.AQ,NET.09,STA.09.AKC,,SPO.09.AKC.5066.6001.1,SPP.09.AKC.5066.6001.1.11325,SAM.09.AKC.5066.6001.1,PM2.5,http://dd.eionet.europa.eu/vocabulary/aq/pollutant/6001,hour,37.2200012200,µg/m3,2018-12-07 17:00:00 +01:00,2018-12-07 18:00:00 +01:00,1,1
AT,AT.0008.20.AQ,NET.09,STA.09.AKC,,SPO.09.AKC.5066.6001.1,SPP.09.AKC.5066.6001.1.11325,SAM.09.AKC.5066.6001.1,PM2.5,http://dd.eionet.europa.eu/vocabulary/aq/pollutant/6001,hour,35.0674972500,µg/m3,2018-12-07 20:00:00 +01:00,2018-12-07 21:00:00 +01:00,1,1
AT,AT.0008.20.AQ,NET.09,STA.09.AKC,,SPO.09.AKC.5066.6001.1,SPP.09.AKC.5066.6001.1.11325,SAM.09.AKC.5066.6001.1,PM2.5,http://dd.eionet.europa.eu/vocabulary/aq/pollutant/6001,hour,36.0230026200,µg/m3,2018-12-07 22:00:00 +01:00,2018-12-07 23:00:00 +01:00,1,1
AT,AT.0008.20.AQ,NET.09,STA.09.AKC,,SPO.09.AKC.5066.6001.1,SPP.09.AKC.5066.6001.1.11325,SAM.09.AKC.5066.6001.1,PM2.5,http://dd.eionet.europa.eu/vocabulary/aq/pollutant/6001,hour,35.5930023100,µg/m3,2018-12-08 00:00:00 +01:00,2018-12-08 01:00:00 +01:00,1,1
AT,AT.0008.20.AQ,NET.09,STA.09.AKC,,SPO.09.AKC.5066.6001.1,SPP.09.AKC.5066.6001.1.11325,SAM.09.AKC.5066.6001.1,PM2.5,http://dd.eionet.europa.eu/vocabulary/aq/pollutant/6001,hour,33.6354980400,µg/m3,2018-12-08 03:00:00 +01:00,2018-12-08 04:00:00 +01:00,1,1
AT,AT.0008.20.AQ,NET.09,STA.09.AKC,,SPO.09.AKC.5066.6001.1,SPP.09.AKC.5066.6001.1.11325,SAM.09.AKC.5066.6001.1,PM2.5,http://dd.eionet.europa.eu/vocabulary/aq/pollutant/6001,hour,15.1016998200,µg/m3,2018-12-08 04:00:00 +01:00,2018-12-08 05:00:00 +01:00,1,1
AT,AT.0008.20.AQ,NET.09,STA.09.AKC,,SPO.09.AKC.5066.6001.1,SPP.09.AKC.5066.6001.1.11325,SAM.09.AKC.5066.6001.1,PM2.5,http://dd.eionet.europa.eu/vocabulary/aq/pollutant/6001,hour,2.3695998100,µg/m3,2018-12-08 05:00:00 +01:00,2018-12-08 06:00:00 +01:00,1,1
AT,AT.0008.20.AQ,NET.09,STA.09.AKC,,SPO.09.AKC.5066.6001.1,SPP.09.AKC.5066.6001.1.11325,SAM.09.AKC.5066.6001.1,PM2.5,http://dd.eionet.europa.eu/vocabulary/aq/pollutant/6001,hour,2.2618498800,µg/m3,2018-12-08 06:00:00 +01:00,2018-12-08 07:00:00 +01:00,1,1
AT,AT.0008.20.AQ,NET.09,STA.09.AKC,,SPO.09.AKC.5066.6001.1,SPP.09.AKC.5066.6001.1.11325,SAM.09.AKC.5066.6001.1,PM2.5,http://dd.eionet.europa.eu/vocabulary/aq/pollutant/6001,hour,2.0306999600,µg/m3,2018-12-08 07:00:00 +01:00,2018-12-08 08:00:00 +01:00,1,1
AT,AT.0008.20.AQ,NET.09,STA.09.AKC,,SPO.09.AKC.5066.6001.1,SPP.09.AKC.5066.6001.1.11325,SAM.09.AKC.5066.6001.1,PM2.5,http://dd.eionet.europa.eu/vocabulary/aq/pollutant/6001,hour,2.8051500300,µg/m3,2018-12-08 10:00:00 +01:00,2018-12-08 11:00:00 +01:00,1,1
AT,AT.0008.20.AQ,NET.09,STA.09.AKC,,SPO.09.AKC.5066.6001.1,SPP.09.AKC.5066.6001.1.11325,SAM.09.AKC.5066.6001.1,PM2.5,http://dd.eionet.europa.eu/vocabulary/aq/pollutant/6001,hour,2.9212000300,µg/m3,2018-12-08 11:00:00 +01:00,2018-12-08 12:00:00 +01:00,1,1
AT,AT.0008.20.AQ,NET.09,STA.09.AKC,,SPO.09.AKC.5066.6001.1,SPP.09.AKC.5066.6001.1.11325,SAM.09.AKC.5066.6001.1,PM2.5,http://dd.eionet.europa.eu/vocabulary/aq/pollutant/6001,hour,2.8271000300,µg/m3,2018-12-08 13:00:00 +01:00,2018-12-08 14:00:00 +01:00,1,1
AT,AT.0008.20.AQ,NET.09,STA.09.AKC,,SPO.09.AKC.5066.6001.1,SPP.09.AKC.5066.6001.1.11325,SAM.09.AKC.5066.6001.1,PM2.5,http://dd.eionet.europa.eu/vocabulary/aq/pollutant/6001,hour,3.1248998600,µg/m3,2018-12-08 14:00:00 +01:00,2018-12-08 15:00:00 +01:00,1,1
AT,AT.0008.20.AQ,NET.09,STA.09.AKC,,SPO.09.AKC.5066.6001.1,SPP.09.AKC.5066.6001.1.11325,SAM.09.AKC.5066.6001.1,PM2.5,http://dd.eionet.europa.eu/vocabulary/aq/pollutant/6001,hour,3.0991001100,µg/m3,2018-12-08 15:00:00 +01:00,2018-12-08 16:00:00 +01:00,1,1
AT,AT.0008.20.AQ,NET.09,STA.09.AKC,,SPO.09.AKC.5066.6001.1,SPP.09.AKC.5066.6001.1.11325,SAM.09.AKC.5066.6001.1,PM2.5,http://dd.eionet.europa.eu/vocabulary/aq/pollutant/6001,hour,3.4057500300,µg/m3,2018-12-08 17:00:00 +01:00,2018-12-08 18:00:00 +01:00,1,1
AT,AT.0008.20.AQ,NET.09,STA.09.AKC,,SPO.09.AKC.5066.6001.1,SPP.09.AKC.5066.6001.1.11325,SAM.09.AKC.5066.6001.1,PM2.5,http://dd.eionet.europa.eu/vocabulary/aq/pollutant/6001,hour,2.9854998500,µg/m3,2018-12-08 18:00:00 +01:00,2018-12-08 19:00:00 +01:00,1,1
AT,AT.0008.20.AQ,NET.09,STA.09.AKC,,SPO.09.AKC.5066.6001.1,SPP.09.AKC.5066.6001.1.11325,SAM.09.AKC.5066.6001.1,PM2.5,http://dd.eionet.europa.eu/vocabulary/aq/pollutant/6001,hour,2.3815498300,µg/m3,2018-12-08 22:00:00 +01:00,2018-12-08 23:00:00 +01:00,1,1
AT,AT.0008.20.AQ,NET.09,STA.09.AKC,,SPO.09.AKC.5066.6001.1,SPP.09.AKC.5066.6001.1.11325,SAM.09.AKC.5066.6001.1,PM2.5,http://dd.eionet.europa.eu/vocabulary/aq/pollutant/6001,hour,3.8724498700,µg/m3,2018-12-08 23:00:00 +01:00,2018-12-09 00:00:00 +01:00,1,1
AT,AT.0008.20.AQ,NET.09,STA.09.AKC,,SPO.09.AKC.5066.6001.1,SPP.09.AKC.5066.6001.1.11325,SAM.09.AKC.5066.6001.1,PM2.5,http://dd.eionet.europa.eu/vocabulary/aq/pollutant/6001,hour,4.7321000000,µg/m3,2018-12-09 01:00:00 +01:00,2018-12-09 02:00:00 +01:00,1,1
AT,AT.0008.20.AQ,NET.09,STA.09.AKC,,SPO.09.AKC.5066.6001.1,SPP.09.AKC.5066.6001.1.11325,SAM.09.AKC.5066.6001.1,PM2.5,http://dd.eionet.europa.eu/vocabulary/aq/pollutant/6001,hour,4.9285001700,µg/m3,2018-12-09 02:00:00 +01:00,2018-12-09 03:00:00 +01:00,1,1
AT,AT.0008.20.AQ,NET.09,STA.09.AKC,,SPO.09.AKC.5066.6001.1,SPP.09.AKC.5066.6001.1.11325,SAM.09.AKC.5066.6001.1,PM2.5,http://dd.eionet.europa.eu/vocabulary/aq/pollutant/6001,hour,6.3775000500,µg/m3,2018-12-09 03:00:00 +01:00,2018-12-09 04:00:00 +01:00,1,1
AT,AT.0008.20.AQ,NET.09,STA.09.AKC,,SPO.09.AKC.5066.6001.1,SPP.09.AKC.5066.6001.1.11325,SAM.09.AKC.5066.6001.1,PM2.5,http://dd.eionet.europa.eu/vocabulary/aq/pollutant/6001,hour,3.1637501700,µg/m3,2018-12-09 07:00:00 +01:00,2018-12-09 08:00:00 +01:00,1,1
AT,AT.0008.20.AQ,NET.09,STA.09.AKC,,SPO.09.AKC.5066.6001.1,SPP.09.AKC.5066.6001.1.11325,SAM.09.AKC.5066.6001.1,PM2.5,http://dd.eionet.europa.eu/vocabulary/aq/pollutant/6001,hour,1.8052499200,µg/m3,2018-12-09 08:00:00 +01:00,2018-12-09 09:00:00 +01:00,1,1
AT,AT.0008.20.AQ,NET.09,STA.09.AKC,,SPO.09.AKC.5066.6001.1,SPP.09.AKC.5066.6001.1.11325,SAM.09.AKC.5066.6001.1,PM2.5,http://dd.eionet.europa.eu/vocabulary/aq/pollutant/6001,hour,1.3745999300,µg/m3,2018-12-09 09:00:00 +01:00,2018-12-09 10:00:00 +01:00,1,1
AT,AT.0008.20.AQ,NET.09,STA.09.AKC,,SPO.09.AKC.5066.6001.1,SPP.09.AKC.5066.6001.1.11325,SAM.09.AKC.5066.6001.1,PM2.5,http://dd.eionet.europa.eu/vocabulary/aq/pollutant/6001,hour,2.0021998800,µg/m3,2018-12-09 10:00:00 +01:00,2018-12-09 11:00:00 +01:00,1,1
AT,AT.0008.20.AQ,NET.09,STA.09.AKC,,SPO.09.AKC.5066.6001.1,SPP.09.AKC.5066.6001.1.11325,SAM.09.AKC.5066.6001.1,PM2.5,http://dd.eionet.europa.eu/vocabulary/aq/pollutant/6001,hour,1.5811500500,µg/m3,2018-12-09 11:00:00 +01:00,2018-12-09 12:00:00 +01:00,1,1
AT,AT.0008.20.AQ,NET.09,STA.09.AKC,,SPO.09.AKC.5066.6001.1,SPP.09.AKC.5066.6001.1.11325,SAM.09.AKC.5066.6001.1,PM2.5,http://dd.eionet.europa.eu/vocabulary/aq/pollutant/6001,hour,1.8816001400,µg/m3,2018-12-09 12:00:00 +01:00,2018-12-09 13:00:00 +01:00,1,1
AT,AT.0008.20.AQ,NET.09,STA.09.AKC,,SPO.09.AKC.5066.6001.1,SPP.09.AKC.5066.6001.1.11325,SAM.09.AKC.5066.6001.1,PM2.5,http://dd.eionet.europa.eu/vocabulary/aq/pollutant/6001,hour,2.1556000700,µg/m3,2018-12-09 13:00:00 +01:00,2018-12-09 14:00:00 +01:00,1,1
AT,AT.0008.20.AQ,NET.09,STA.09.AKC,,SPO.09.AKC.5066.6001.1,SPP.09.AKC.5066.6001.1.11325,SAM.09.AKC.5066.6001.1,PM2.5,http://dd.eionet.europa.eu/vocabulary/aq/pollutant/6001,hour,1.8467500200,µg/m3,2018-12-09 14:00:00 +01:00,2018-12-09 15:00:00 +01:00,1,1
AT,AT.0008.20.AQ,NET.09,STA.09.AKC,,SPO.09.AKC.5066.6001.1,SPP.09.AKC.5066.6001.1.11325,SAM.09.AKC.5066.6001.1,PM2.5,http://dd.eionet.europa.eu/vocabulary/aq/pollutant/6001,hour,2.4544501300,µg/m3,2018-12-09 16:00:00 +01:00,2018-12-09 17:00:00 +01:00,1,1
AT,AT.0008.20.AQ,NET.09,STA.09.AKC,,SPO.09.AKC.5066.6001.1,SPP.09.AKC.5066.6001.1.11325,SAM.09.AKC.5066.6001.1,PM2.5,http://dd.eionet.europa.eu/vocabulary/aq/pollutant/6001,hour,2.0345499500,µg/m3,2018-12-09 17:00:00 +01:00,2018-12-09 18:00:00 +01:00,1,1
AT,AT.0008.20.AQ,NET.09,STA.09.AKC,,SPO.09.AKC.5066.6001.1,SPP.09.AKC.5066.6001.1.11325,SAM.09.AKC.5066.6001.1,PM2.5,http://dd.eionet.europa.eu/vocabulary/aq/pollutant/6001,hour,2.0848000000,µg/m3,2018-12-09 18:00:00 +01:00,2018-12-09 19:00:00 +01:00,1,1
AT,AT.0008.20.AQ,NET.09,STA.09.AKC,,SPO.09.AKC.5066.6001.1,SPP.09.AKC.5066.6001.1.11325,SAM.09.AKC.5066.6001.1,PM2.5,http://dd.eionet.europa.eu/vocabulary/aq/pollutant/6001,hour,2.1689500800,µg/m3,2018-12-09 19:00:00 +01:00,2018-12-09 20:00:00 +01:00,1,1
AT,AT.0008.20.AQ,NET.09,STA.09.AKC,,SPO.09.AKC.5066.6001.1,SPP.09.AKC.5066.6001.1.11325,SAM.09.AKC.5066.6001.1,PM2.5,http://dd.eionet.europa.eu/vocabulary/aq/pollutant/6001,hour,2.0957000200,µg/m3,2018-12-09 20:00:00 +01:00,2018-12-09 21:00:00 +01:00,1,1
AT,AT.0008.20.AQ,NET.09,STA.09.AKC,,SPO.09.AKC.5066.6001.1,SPP.09.AKC.5066.6001.1.11325,SAM.09.AKC.5066.6001.1,PM2.5,http://dd.eionet.europa.eu/vocabulary/aq/pollutant/6001,hour,1.6986500000,µg/m3,2018-12-09 22:00:00 +01:00,2018-12-09 23:00:00 +01:00,1,1
AT,AT.0008.20.AQ,NET.09,STA.09.AKC,,SPO.09.AKC.5066.6001.1,SPP.09.AKC.5066.6001.1.11325,SAM.09.AKC.5066.6001.1,PM2.5,http://dd.eionet.europa.eu/vocabulary/aq/pollutant/6001,hour,1.9449499800,µg/m3,2018-12-09 23:00:00 +01:00,2018-12-10 00:00:00 +01:00,1,1
AT,AT.0008.20.AQ,NET.09,STA.09.AKC,,SPO.09.AKC.5066.6001.1,SPP.09.AKC.5066.6001.1.11325,SAM.09.AKC.5066.6001.1,PM2.5,http://dd.eionet.europa.eu/vocabulary/aq/pollutant/6001,hour,1.8900499300,µg/m3,2018-12-10 00:00:00 +01:00,2018-12-10 01:00:00 +01:00,1,1
AT,AT.0008.20.AQ,NET.09,STA.09.AKC,,SPO.09.AKC.5066.6001.1,SPP.09.AKC.5066.6001.1.11325,SAM.09.AKC.5066.6001.1,PM2.5,http://dd.eionet.europa.eu/vocabulary/aq/pollutant/6001,hour,1.9381999900,µg/m3,2018-12-10 01:00:00 +01:00,2018-12-10 02:00:00 +01:00,1,1
AT,AT.0008.20.AQ,NET.09,STA.09.AKC,,SPO.09.AKC.5066.6001.1,SPP.09.AKC.5066.6001.1.11325,SAM.09.AKC.5066.6001.1,PM2.5,http://dd.eionet.europa.eu/vocabulary/aq/pollutant/6001,hour,1.8120499800,µg/m3,2018-12-10 02:00:00 +01:00,2018-12-10 03:00:00 +01:00,1,1
AT,AT.0008.20.AQ,NET.09,STA.09.AKC,,SPO.09.AKC.5066.6001.1,SPP.09.AKC.5066.6001.1.11325,SAM.09.AKC.5066.6001.1,PM2.5,http://dd.eionet.europa.eu/vocabulary/aq/pollutant/6001,hour,2.0784997900,µg/m3,2018-12-10 03:00:00 +01:00,2018-12-10 04:00:00 +01:00,1,1
AT,AT.0008.20.AQ,NET.09,STA.09.AKC,,SPO.09.AKC.5066.6001.1,SPP.09.AKC.5066.6001.1.11325,SAM.09.AKC.5066.6001.1,PM2.5,http://dd.eionet.europa.eu/vocabulary/aq/pollutant/6001,hour,1.9665499900,µg/m3,2018-12-10 04:00:00 +01:00,2018-12-10 05:00:00 +01:00,1,1
AT,AT.0008.20.AQ,NET.09,STA.09.AKC,,SPO.09.AKC.5066.6001.1,SPP.09.AKC.5066.6001.1.11325,SAM.09.AKC.5066.6001.1,PM2.5,http://dd.eionet.europa.eu/vocabulary/aq/pollutant/6001,hour,1.9297499600,µg/m3,2018-12-10 06:00:00 +01:00,2018-12-10 07:00:00 +01:00,1,1
AT,AT.0008.20.AQ,NET.09,STA.09.AKC,,SPO.09.AKC.5066.6001.1,SPP.09.AKC.5066.6001.1.11325,SAM.09.AKC.5066.6001.1,PM2.5,http://dd.eionet.europa.eu/vocabulary/aq/pollutant/6001,hour,2.1222500800,µg/m3,2018-12-10 07:00:00 +01:00,2018-12-10 08:00:00 +01:00,1,1
AT,AT.0008.20.AQ,NET.09,STA.09.AKC,,SPO.09.AKC.5066.6001.1,SPP.09.AKC.5066.6001.1.11325,SAM.09.AKC.5066.6001.1,PM2.5,http://dd.eionet.europa.eu/vocabulary/aq/pollutant/6001,hour,2.5213999700,µg/m3,2018-12-10 08:00:00 +01:00,2018-12-10 09:00:00 +01:00,1,1
AT,AT.0008.20.AQ,NET.09,STA.09.AKC,,SPO.09.AKC.5066.6001.1,SPP.09.AKC.5066.6001.1.11325,SAM.09.AKC.5066.6001.1,PM2.5,http://dd.eionet.europa.eu/vocabulary/aq/pollutant/6001,hour,3.0499999500,µg/m3,2018-12-10 09:00:00 +01:00,2018-12-10 10:00:00 +01:00,1,1
AT,AT.0008.20.AQ,NET.09,STA.09.AKC,,SPO.09.AKC.5066.6001.1,SPP.09.AKC.5066.6001.1.11325,SAM.09.AKC.5066.6001.1,PM2.5,http://dd.eionet.europa.eu/vocabulary/aq/pollutant/6001,hour,3.4695501300,µg/m3,2018-12-10 10:00:00 +01:00,2018-12-10 11:00:00 +01:00,1,1
AT,AT.0008.20.AQ,NET.09,STA.09.AKC,,SPO.09.AKC.5066.6001.1,SPP.09.AKC.5066.6001.1.11325,SAM.09.AKC.5066.6001.1,PM2.5,http://dd.eionet.europa.eu/vocabulary/aq/pollutant/6001,hour,3.1623499300,µg/m3,2018-12-10 12:00:00 +01:00,2018-12-10 13:00:00 +01:00,1,1
AT,AT.0008.20.AQ,NET.09,STA.09.AKC,,SPO.09.AKC.5066.6001.1,SPP.09.AKC.5066.6001.1.11325,SAM.09.AKC.5066.6001.1,PM2.5,http://dd.eionet.europa.eu/vocabulary/aq/pollutant/6001,hour,3.6882500600,µg/m3,2018-12-10 14:00:00 +01:00,2018-12-10 15:00:00 +01:00,1,1
AT,AT.0008.20.AQ,NET.09,STA.09.AKC,,SPO.09.AKC.5066.6001.1,SPP.09.AKC.5066.6001.1.11325,SAM.09.AKC.5066.6001.1,PM2.5,http://dd.eionet.europa.eu/vocabulary/aq/pollutant/6001,hour,4.0306997200,µg/m3,2018-12-10 15:00:00 +01:00,2018-12-10 16:00:00 +01:00,1,1
AT,AT.0008.20.AQ,NET.09,STA.09.AKC,,SPO.09.AKC.5066.6001.1,SPP.09.AKC.5066.6001.1.11325,SAM.09.AKC.5066.6001.1,PM2.5,http://dd.eionet.europa.eu/vocabulary/aq/pollutant/6001,hour,3.8359498900,µg/m3,2018-12-10 16:00:00 +01:00,2018-12-10 17:00:00 +01:00,1,1
AT,AT.0008.20.AQ,NET.09,STA.09.AKC,,SPO.09.AKC.5066.6001.1,SPP.09.AKC.5066.6001.1.11325,SAM.09.AKC.5066.6001.1,PM2.5,http://dd.eionet.europa.eu/vocabulary/aq/pollutant/6001,hour,5.9003000200,µg/m3,2018-12-10 19:00:00 +01:00,2018-12-10 20:00:00 +01:00,1,1
AT,AT.0008.20.AQ,NET.09,STA.09.AKC,,SPO.09.AKC.5066.6001.1,SPP.09.AKC.5066.6001.1.11325,SAM.09.AKC.5066.6001.1,PM2.5,http://dd.eionet.europa.eu/vocabulary/aq/pollutant/6001,hour,4.0227003000,µg/m3,2018-12-11 00:00:00 +01:00,2018-12-11 01:00:00 +01:00,1,1
AT,AT.0008.20.AQ,NET.09,STA.09.AKC,,SPO.09.AKC.5066.6001.1,SPP.09.AKC.5066.6001.1.11325,SAM.09.AKC.5066.6001.1,PM2.5,http://dd.eionet.europa.eu/vocabulary/aq/pollutant/6001,hour,6.2572002400,µg/m3,2018-12-11 01:00:00 +01:00,2018-12-11 02:00:00 +01:00,1,1
AT,AT.0008.20.AQ,NET.09,STA.09.AKC,,SPO.09.AKC.5066.6001.1,SPP.09.AKC.5066.6001.1.11325,SAM.09.AKC.5066.6001.1,PM2.5,http://dd.eionet.europa.eu/vocabulary/aq/pollutant/6001,hour,5.3508000300,µg/m3,2018-12-11 03:00:00 +01:00,2018-12-11 04:00:00 +01:00,1,1
AT,AT.0008.20.AQ,NET.09,STA.09.AKC,,SPO.09.AKC.5066.6001.1,SPP.09.AKC.5066.6001.1.11325,SAM.09.AKC.5066.6001.1,PM2.5,http://dd.eionet.europa.eu/vocabulary/aq/pollutant/6001,hour,5.4928998900,µg/m3,2018-12-11 04:00:00 +01:00,2018-12-11 05:00:00 +01:00,1,1
AT,AT.0008.20.AQ,NET.09,STA.09.AKC,,SPO.09.AKC.5066.6001.1,SPP.09.AKC.5066.6001.1.11325,SAM.09.AKC.5066.6001.1,PM2.5,http://dd.eionet.europa.eu/vocabulary/aq/pollutant/6001,hour,4.5273504200,µg/m3,2018-12-11 06:00:00 +01:00,2018-12-11 07:00:00 +01:00,1,1
AT,AT.0008.20.AQ,NET.09,STA.09.AKC,,SPO.09.AKC.5066.6001.1,SPP.09.AKC.5066.6001.1.11325,SAM.09.AKC.5066.6001.1,PM2.5,http://dd.eionet.europa.eu/vocabulary/aq/pollutant/6001,hour,4.9647998800,µg/m3,2018-12-11 07:00:00 +01:00,2018-12-11 08:00:00 +01:00,1,1
AT,AT.0008.20.AQ,NET.09,STA.09.AKC,,SPO.09.AKC.5066.6001.1,SPP.09.AKC.5066.6001.1.11325,SAM.09.AKC.5066.6001.1,PM2.5,http://dd.eionet.europa.eu/vocabulary/aq/pollutant/6001,hour,4.6636500300,µg/m3,2018-12-11 10:00:00 +01:00,2018-12-11 11:00:00 +01:00,1,1
AT,AT.0008.20.AQ,NET.09,STA.09.AKC,,SPO.09.AKC.5066.6001.1,SPP.09.AKC.5066.6001.1.11325,SAM.09.AKC.5066.6001.1,PM2.5,http://dd.eionet.europa.eu/vocabulary/aq/pollutant/6001,hour,4.6519498800,µg/m3,2018-12-11 14:00:00 +01:00,2018-12-11 15:00:00 +01:00,1,1
AT,AT.0008.20.AQ,NET.09,STA.09.AKC,,SPO.09.AKC.5066.6001.1,SPP.09.AKC.5066.6001.1.11325,SAM.09.AKC.5066.6001.1,PM2.5,http://dd.eionet.europa.eu/vocabulary/aq/pollutant/6001,hour,5.6543498000,µg/m3,2018-12-11 16:00:00 +01:00,2018-12-11 17:00:00 +01:00,1,1
AT,AT.0008.20.AQ,NET.09,STA.09.AKC,,SPO.09.AKC.5066.6001.1,SPP.09.AKC.5066.6001.1.11325,SAM.09.AKC.5066.6001.1,PM2.5,http://dd.eionet.europa.eu/vocabulary/aq/pollutant/6001,hour,6.3072996100,µg/m3,2018-12-11 18:00:00 +01:00,2018-12-11 19:00:00 +01:00,1,1
AT,AT.0008.20.AQ,NET.09,STA.09.AKC,,SPO.09.AKC.5066.6001.1,SPP.09.AKC.5066.6001.1.11325,SAM.09.AKC.5066.6001.1,PM2.5,http://dd.eionet.europa.eu/vocabulary/aq/pollutant/6001,hour,6.8133001300,µg/m3,2018-12-11 19:00:00 +01:00,2018-12-11 20:00:00 +01:00,1,1
AT,AT.0008.20.AQ,NET.09,STA.09.AKC,,SPO.09.AKC.5066.6001.1,SPP.09.AKC.5066.6001.1.11325,SAM.09.AKC.5066.6001.1,PM2.5,http://dd.eionet.europa.eu/vocabulary/aq/pollutant/6001,hour,6.9204998000,µg/m3,2018-12-11 22:00:00 +01:00,2018-12-11 23:00:00 +01:00,1,1
AT,AT.0008.20.AQ,NET.09,STA.09.AKC,,SPO.09.AKC.5066.6001.1,SPP.09.AKC.5066.6001.1.11325,SAM.09.AKC.5066.6001.1,PM2.5,http://dd.eionet.europa.eu/vocabulary/aq/pollutant/6001,hour,6.9767503700,µg/m3,2018-12-11 23:00:00 +01:00,2018-12-12 00:00:00 +01:00,1,1
AT,AT.0008.20.AQ,NET.09,STA.09.AKC,,SPO.09.AKC.5066.6001.1,SPP.09.AKC.5066.6001.1.11325,SAM.09.AKC.5066.6001.1,PM2.5,http://dd.eionet.europa.eu/vocabulary/aq/pollutant/6001,hour,6.6855497300,µg/m3,2018-12-12 00:00:00 +01:00,2018-12-12 01:00:00 +01:00,1,1
AT,AT.0008.20.AQ,NET.09,STA.09.AKC,,SPO.09.AKC.5066.6001.1,SPP.09.AKC.5066.6001.1.11325,SAM.09.AKC.5066.6001.1,PM2.5,http://dd.eionet.europa.eu/vocabulary/aq/pollutant/6001,hour,5.4823503400,µg/m3,2018-12-12 01:00:00 +01:00,2018-12-12 02:00:00 +01:00,1,1
AT,AT.0008.20.AQ,NET.09,STA.09.AKC,,SPO.09.AKC.5066.6001.1,SPP.09.AKC.5066.6001.1.11325,SAM.09.AKC.5066.6001.1,PM2.5,http://dd.eionet.europa.eu/vocabulary/aq/pollutant/6001,hour,2.6969499500,µg/m3,2018-12-12 04:00:00 +01:00,2018-12-12 05:00:00 +01:00,1,1
AT,AT.0008.20.AQ,NET.09,STA.09.AKC,,SPO.09.AKC.5066.6001.1,SPP.09.AKC.5066.6001.1.11325,SAM.09.AKC.5066.6001.1,PM2.5,http://dd.eionet.europa.eu/vocabulary/aq/pollutant/6001,hour,2.8604497900,µg/m3,2018-12-12 05:00:00 +01:00,2018-12-12 06:00:00 +01:00,1,1
AT,AT.0008.20.AQ,NET.09,STA.09.AKC,,SPO.09.AKC.5066.6001.1,SPP.09.AKC.5066.6001.1.11325,SAM.09.AKC.5066.6001.1,PM2.5,http://dd.eionet.europa.eu/vocabulary/aq/pollutant/6001,hour,4.5329499200,µg/m3,2018-12-12 07:00:00 +01:00,2018-12-12 08:00:00 +01:00,1,1
AT,AT.0008.20.AQ,NET.09,STA.09.AKC,,SPO.09.AKC.5066.6001.1,SPP.09.AKC.5066.6001.1.11325,SAM.09.AKC.5066.6001.1,PM2.5,http://dd.eionet.europa.eu/vocabulary/aq/pollutant/6001,hour,4.7724499700,µg/m3,2018-12-12 10:00:00 +01:00,2018-12-12 11:00:00 +01:00,1,1
AT,AT.0008.20.AQ,NET.09,STA.09.AKC,,SPO.09.AKC.5066.6001.1,SPP.09.AKC.5066.6001.1.11325,SAM.09.AKC.5066.6001.1,PM2.5,http://dd.eionet.europa.eu/vocabulary/aq/pollutant/6001,hour,7.8980998900,µg/m3,2018-12-12 14:00:00 +01:00,2018-12-12 15:00:00 +01:00,1,1
AT,AT.0008.20.AQ,NET.09,STA.09.AKC,,SPO.09.AKC.5066.6001.1,SPP.09.AKC.5066.6001.1.11325,SAM.09.AKC.5066.6001.1,PM2.5,http://dd.eionet.europa.eu/vocabulary/aq/pollutant/6001,hour,5.0162000600,µg/m3,2018-12-12 15:00:00 +01:00,2018-12-12 16:00:00 +01:00,1,1
AT,AT.0008.20.AQ,NET.09,STA.09.AKC,,SPO.09.AKC.5066.6001.1,SPP.09.AKC.5066.6001.1.11325,SAM.09.AKC.5066.6001.1,PM2.5,http://dd.eionet.europa.eu/vocabulary/aq/pollutant/6001,hour,6.6220998700,µg/m3,2018-12-12 16:00:00 +01:00,2018-12-12 17:00:00 +01:00,1,1
AT,AT.0008.20.AQ,NET.09,STA.09.AKC,,SPO.09.AKC.5066.6001.1,SPP.09.AKC.5066.6001.1.11325,SAM.09.AKC.5066.6001.1,PM2.5,http://dd.eionet.europa.eu/vocabulary/aq/pollutant/6001,hour,9.4355001400,µg/m3,2018-12-12 18:00:00 +01:00,2018-12-12 19:00:00 +01:00,1,1
AT,AT.0008.20.AQ,NET.09,STA.09.AKC,,SPO.09.AKC.5066.6001.1,SPP.09.AKC.5066.6001.1.11325,SAM.09.AKC.5066.6001.1,PM2.5,http://dd.eionet.europa.eu/vocabulary/aq/pollutant/6001,hour,12.7305002200,µg/m3,2018-12-12 20:00:00 +01:00,2018-12-12 21:00:00 +01:00,1,1
AT,AT.0008.20.AQ,NET.09,STA.09.AKC,,SPO.09.AKC.5066.6001.1,SPP.09.AKC.5066.6001.1.11325,SAM.09.AKC.5066.6001.1,PM2.5,http://dd.eionet.europa.eu/vocabulary/aq/pollutant/6001,hour,15.6694993900,µg/m3,2018-12-12 21:00:00 +01:00,2018-12-12 22:00:00 +01:00,1,1
AT,AT.0008.20.AQ,NET.09,STA.09.AKC,,SPO.09.AKC.5066.6001.1,SPP.09.AKC.5066.6001.1.11325,SAM.09.AKC.5066.6001.1,PM2.5,http://dd.eionet.europa.eu/vocabulary/aq/pollutant/6001,hour,22.5349998400,µg/m3,2018-12-13 00:00:00 +01:00,2018-12-13 01:00:00 +01:00,1,1
AT,AT.0008.20.AQ,NET.09,STA.09.AKC,,SPO.09.AKC.5066.6001.1,SPP.09.AKC.5066.6001.1.11325,SAM.09.AKC.5066.6001.1,PM2.5,http://dd.eionet.europa.eu/vocabulary/aq/pollutant/6001,hour,27.8619995100,µg/m3,2018-12-13 03:00:00 +01:00,2018-12-13 04:00:00 +01:00,1,1
AT,AT.0008.20.AQ,NET.09,STA.09.AKC,,SPO.09.AKC.5066.6001.1,SPP.09.AKC.5066.6001.1.11325,SAM.09.AKC.5066.6001.1,PM2.5,http://dd.eionet.europa.eu/vocabulary/aq/pollutant/6001,hour,31.4045009600,µg/m3,2018-12-13 06:00:00 +01:00,2018-12-13 07:00:00 +01:00,1,1
AT,AT.0008.20.AQ,NET.09,STA.09.AKC,,SPO.09.AKC.5066.6001.1,SPP.09.AKC.5066.6001.1.11325,SAM.09.AKC.5066.6001.1,PM2.5,http://dd.eionet.europa.eu/vocabulary/aq/pollutant/6001,hour,32.3875007600,µg/m3,2018-12-13 07:00:00 +01:00,2018-12-13 08:00:00 +01:00,1,1
AT,AT.0008.20.AQ,NET.09,STA.09.AKC,,SPO.09.AKC.5066.6001.1,SPP.09.AKC.5066.6001.1.11325,SAM.09.AKC.5066.6001.1,PM2.5,http://dd.eionet.europa.eu/vocabulary/aq/pollutant/6001,hour,37.7249984700,µg/m3,2018-12-13 11:00:00 +01:00,2018-12-13 12:00:00 +01:00,1,1
AT,AT.0008.20.AQ,NET.09,STA.09.AKC,,SPO.09.AKC.5066.6001.1,SPP.09.AKC.5066.6001.1.11325,SAM.09.AKC.5066.6001.1,PM2.5,http://dd.eionet.europa.eu/vocabulary/aq/pollutant/6001,hour,23.8984985300,µg/m3,2018-12-13 15:00:00 +01:00,2018-12-13 16:00:00 +01:00,1,1
AT,AT.0008.20.AQ,NET.09,STA.09.AKC,,SPO.09.AKC.5066.6001.1,SPP.09.AKC.5066.6001.1.11325,SAM.09.AKC.5066.6001.1,PM2.5,http://dd.eionet.europa.eu/vocabulary/aq/pollutant/6001,hour,19.8619995100,µg/m3,2018-12-13 16:00:00 +01:00,2018-12-13 17:00:00 +01:00,1,1
AT,AT.0008.20.AQ,NET.09,STA.09.AKC,,SPO.09.AKC.5066.6001.1,SPP.09.AKC.5066.6001.1.11325,SAM.09.AKC.5066.6001.1,PM2.5,http://dd.eionet.europa.eu/vocabulary/aq/pollutant/6001,hour,21.4290008500,µg/m3,2018-12-13 18:00:00 +01:00,2018-12-13 19:00:00 +01:00,1,1
AT,AT.0008.20.AQ,NET.09,STA.09.AKC,,SPO.09.AKC.5066.6001.1,SPP.09.AKC.5066.6001.1.11325,SAM.09.AKC.5066.6001.1,PM2.5,http://dd.eionet.europa.eu/vocabulary/aq/pollutant/6001,hour,19.9365005400,µg/m3,2018-12-13 19:00:00 +01:00,2018-12-13 20:00:00 +01:00,1,1
AT,AT.0008.20.AQ,NET.09,STA.09.AKC,,SPO.09.AKC.5066.6001.1,SPP.09.AKC.5066.6001.1.11325,SAM.09.AKC.5066.6001.1,PM2.5,http://dd.eionet.europa.eu/vocabulary/aq/pollutant/6001,hour,18.4189987100,µg/m3,2018-12-13 20:00:00 +01:00,2018-12-13 21:00:00 +01:00,1,1
AT,AT.0008.20.AQ,NET.09,STA.09.AKC,,SPO.09.AKC.5066.6001.1,SPP.09.AKC.5066.6001.1.11325,SAM.09.AKC.5066.6001.1,PM2.5,http://dd.eionet.europa.eu/vocabulary/aq/pollutant/6001,hour,16.9495010300,µg/m3,2018-12-13 21:00:00 +01:00,2018-12-13 22:00:00 +01:00,1,1
AT,AT.0008.20.AQ,NET.09,STA.09.AKC,,SPO.09.AKC.5066.6001.1,SPP.09.AKC.5066.6001.1.11325,SAM.09.AKC.5066.6001.1,PM2.5,http://dd.eionet.europa.eu/vocabulary/aq/pollutant/6001,hour,18.6300010600,µg/m3,2018-12-13 22:00:00 +01:00,2018-12-13 23:00:00 +01:00,1,1
AT,AT.0008.20.AQ,NET.09,STA.09.AKC,,SPO.09.AKC.5066.6001.1,SPP.09.AKC.5066.6001.1.11325,SAM.09.AKC.5066.6001.1,PM2.5,http://dd.eionet.europa.eu/vocabulary/aq/pollutant/6001,hour,19.7070007300,µg/m3,2018-12-13 23:00:00 +01:00,2018-12-14 00:00:00 +01:00,1,1
AT,AT.0008.20.AQ,NET.09,STA.09.AKC,,SPO.09.AKC.5066.6001.1,SPP.09.AKC.5066.6001.1.11325,SAM.09.AKC.5066.6001.1,PM2.5,http://dd.eionet.europa.eu/vocabulary/aq/pollutant/6001,hour,20.6779994900,µg/m3,2018-12-14 00:00:00 +01:00,2018-12-14 01:00:00 +01:00,1,1
AT,AT.0008.20.AQ,NET.09,STA.09.AKC,,SPO.09.AKC.5066.6001.1,SPP.09.AKC.5066.6001.1.11325,SAM.09.AKC.5066.6001.1,PM2.5,http://dd.eionet.europa.eu/vocabulary/aq/pollutant/6001,hour,19.0859985300,µg/m3,2018-12-14 01:00:00 +01:00,2018-12-14 02:00:00 +01:00,1,1
AT,AT.0008.20.AQ,NET.09,STA.09.AKC,,SPO.09.AKC.5066.6001.1,SPP.09.AKC.5066.6001.1.11325,SAM.09.AKC.5066.6001.1,PM2.5,http://dd.eionet.europa.eu/vocabulary/aq/pollutant/6001,hour,17.3149986200,µg/m3,2018-12-14 02:00:00 +01:00,2018-12-14 03:00:00 +01:00,1,1
AT,AT.0008.20.AQ,NET.09,STA.09.AKC,,SPO.09.AKC.5066.6001.1,SPP.09.AKC.5066.6001.1.11325,SAM.09.AKC.5066.6001.1,PM2.5,http://dd.eionet.europa.eu/vocabulary/aq/pollutant/6001,hour,15.5609998700,µg/m3,2018-12-14 03:00:00 +01:00,2018-12-14 04:00:00 +01:00,1,1
AT,AT.0008.20.AQ,NET.09,STA.09.AKC,,SPO.09.AKC.5066.6001.1,SPP.09.AKC.5066.6001.1.11325,SAM.09.AKC.5066.6001.1,PM2.5,http://dd.eionet.europa.eu/vocabulary/aq/pollutant/6001,hour,16.9415016100,µg/m3,2018-12-14 04:00:00 +01:00,2018-12-14 05:00:00 +01:00,1,1
AT,AT.0008.20.AQ,NET.09,STA.09.AKC,,SPO.09.AKC.5066.6001.1,SPP.09.AKC.5066.6001.1.11325,SAM.09.AKC.5066.6001.1,PM2.5,http://dd.eionet.europa.eu/vocabulary/aq/pollutant/6001,hour,17.4529991100,µg/m3,2018-12-14 05:00:00 +01:00,2018-12-14 06:00:00 +01:00,1,1
AT,AT.0008.20.AQ,NET.09,STA.09.AKC,,SPO.09.AKC.5066.6001.1,SPP.09.AKC.5066.6001.1.11325,SAM.09.AKC.5066.6001.1,PM2.5,http://dd.eionet.europa.eu/vocabulary/aq/pollutant/6001,hour,21.1525001500,µg/m3,2018-12-14 07:00:00 +01:00,2018-12-14 08:00:00 +01:00,1,1
AT,AT.0008.20.AQ,NET.09,STA.09.AKC,,SPO.09.AKC.5066.6001.1,SPP.09.AKC.5066.6001.1.11325,SAM.09.AKC.5066.6001.1,PM2.5,http://dd.eionet.europa.eu/vocabulary/aq/pollutant/6001,hour,23.2894992800,µg/m3,2018-12-14 08:00:00 +01:00,2018-12-14 09:00:00 +01:00,1,1
AT,AT.0008.20.AQ,NET.09,STA.09.AKC,,SPO.09.AKC.5066.6001.1,SPP.09.AKC.5066.6001.1.11325,SAM.09.AKC.5066.6001.1,PM2.5,http://dd.eionet.europa.eu/vocabulary/aq/pollutant/6001,hour,25.9015007000,µg/m3,2018-12-14 09:00:00 +01:00,2018-12-14 10:00:00 +01:00,1,1
AT,AT.0008.20.AQ,NET.09,STA.09.AKC,,SPO.09.AKC.5066.6001.1,SPP.09.AKC.5066.6001.1.11325,SAM.09.AKC.5066.6001.1,PM2.5,http://dd.eionet.europa.eu/vocabulary/aq/pollutant/6001,hour,24.4069995800,µg/m3,2018-12-14 11:00:00 +01:00,2018-12-14 12:00:00 +01:00,1,1
AT,AT.0008.20.AQ,NET.09,STA.09.AKC,,SPO.09.AKC.5066.6001.1,SPP.09.AKC.5066.6001.1.11325,SAM.09.AKC.5066.6001.1,PM2.5,http://dd.eionet.europa.eu/vocabulary/aq/pollutant/6001,hour,25.4990005400,µg/m3,2018-12-14 13:00:00 +01:00,2018-12-14 14:00:00 +01:00,1,1
AT,AT.0008.20.AQ,NET.09,STA.09.AKC,,SPO.09.AKC.5066.6001.1,SPP.09.AKC.5066.6001.1.11325,SAM.09.AKC.5066.6001.1,PM2.5,http://dd.eionet.europa.eu/vocabulary/aq/pollutant/6001,hour,23.7340011500,µg/m3,2018-12-14 15:00:00 +01:00,2018-12-14 16:00:00 +01:00,1,1
AT,AT.0008.20.AQ,NET.09,STA.09.AKC,,SPO.09.AKC.5066.6001.1,SPP.09.AKC.5066.6001.1.11325,SAM.09.AKC.5066.6001.1,PM2.5,http://dd.eionet.europa.eu/vocabulary/aq/pollutant/6001,hour,22.6860008200,µg/m3,2018-12-14 16:00:00 +01:00,2018-12-14 17:00:00 +01:00,1,1
AT,AT.0008.20.AQ,NET.09,STA.09.AKC,,SPO.09.AKC.5066.6001.1,SPP.09.AKC.5066.6001.1.11325,SAM.09.AKC.5066.6001.1,PM2.5,http://dd.eionet.europa.eu/vocabulary/aq/pollutant/6001,hour,28.0675010600,µg/m3,2018-12-14 18:00:00 +01:00,2018-12-14 19:00:00 +01:00,1,1
AT,AT.0008.20.AQ,NET.09,STA.09.AKC,,SPO.09.AKC.5066.6001.1,SPP.09.AKC.5066.6001.1.11325,SAM.09.AKC.5066.6001.1,PM2.5,http://dd.eionet.europa.eu/vocabulary/aq/pollutant/6001,hour,23.7804985000,µg/m3,2018-12-14 19:00:00 +01:00,2018-12-14 20:00:00 +01:00,1,1
AT,AT.0008.20.AQ,NET.09,STA.09.AKC,,SPO.09.AKC.5066.6001.1,SPP.09.AKC.5066.6001.1.11325,SAM.09.AKC.5066.6001.1,PM2.5,http://dd.eionet.europa.eu/vocabulary/aq/pollutant/6001,hour,33.5719985900,µg/m3,2018-12-14 22:00:00 +01:00,2018-12-14 23:00:00 +01:00,1,1
AT,AT.0008.20.AQ,NET.09,STA.09.AKC,,SPO.09.AKC.5066.6001.1,SPP.09.AKC.5066.6001.1.11325,SAM.09.AKC.5066.6001.1,PM2.5,http://dd.eionet.europa.eu/vocabulary/aq/pollutant/6001,hour,31.5865001600,µg/m3,2018-12-15 00:00:00 +01:00,2018-12-15 01:00:00 +01:00,1,1
AT,AT.0008.20.AQ,NET.09,STA.09.AKC,,SPO.09.AKC.5066.6001.1,SPP.09.AKC.5066.6001.1.11325,SAM.09.AKC.5066.6001.1,PM2.5,http://dd.eionet.europa.eu/vocabulary/aq/pollutant/6001,hour,28.4584999000,µg/m3,2018-12-15 01:00:00 +01:00,2018-12-15 02:00:00 +01:00,1,1
AT,AT.0008.20.AQ,NET.09,STA.09.AKC,,SPO.09.AKC.5066.6001.1,SPP.09.AKC.5066.6001.1.11325,SAM.09.AKC.5066.6001.1,PM2.5,http://dd.eionet.europa.eu/vocabulary/aq/pollutant/6001,hour,21.9829998000,µg/m3,2018-12-15 03:00:00 +01:00,2018-12-15 04:00:00 +01:00,1,1
AT,AT.0008.20.AQ,NET.09,STA.09.AKC,,SPO.09.AKC.5066.6001.1,SPP.09.AKC.5066.6001.1.11325,SAM.09.AKC.5066.6001.1,PM2.5,http://dd.eionet.europa.eu/vocabulary/aq/pollutant/6001,hour,22.0760002100,µg/m3,2018-12-15 04:00:00 +01:00,2018-12-15 05:00:00 +01:00,1,1
AT,AT.0008.20.AQ,NET.09,STA.09.AKC,,SPO.09.AKC.5066.6001.1,SPP.09.AKC.5066.6001.1.11325,SAM.09.AKC.5066.6001.1,PM2.5,http://dd.eionet.europa.eu/vocabulary/aq/pollutant/6001,hour,18.2094993500,µg/m3,2018-12-15 06:00:00 +01:00,2018-12-15 07:00:00 +01:00,1,1
AT,AT.0008.20.AQ,NET.09,STA.09.AKC,,SPO.09.AKC.5066.6001.1,SPP.09.AKC.5066.6001.1.11325,SAM.09.AKC.5066.6001.1,PM2.5,http://dd.eionet.europa.eu/vocabulary/aq/pollutant/6001,hour,16.2244987400,µg/m3,2018-12-15 07:00:00 +01:00,2018-12-15 08:00:00 +01:00,1,1
AT,AT.0008.20.AQ,NET.09,STA.09.AKC,,SPO.09.AKC.5066.6001.1,SPP.09.AKC.5066.6001.1.11325,SAM.09.AKC.5066.6001.1,PM2.5,http://dd.eionet.europa.eu/vocabulary/aq/pollutant/6001,hour,15.5419998100,µg/m3,2018-12-15 08:00:00 +01:00,2018-12-15 09:00:00 +01:00,1,1
AT,AT.0008.20.AQ,NET.09,STA.09.AKC,,SPO.09.AKC.5066.6001.1,SPP.09.AKC.5066.6001.1.11325,SAM.09.AKC.5066.6001.1,PM2.5,http://dd.eionet.europa.eu/vocabulary/aq/pollutant/6001,hour,14.7115001600,µg/m3,2018-12-15 09:00:00 +01:00,2018-12-15 10:00:00 +01:00,1,1
AT,AT.0008.20.AQ,NET.09,STA.09.AKC,,SPO.09.AKC.5066.6001.1,SPP.09.AKC.5066.6001.1.11325,SAM.09.AKC.5066.6001.1,PM2.5,http://dd.eionet.europa.eu/vocabulary/aq/pollutant/6001,hour,14.4645004200,µg/m3,2018-12-15 10:00:00 +01:00,2018-12-15 11:00:00 +01:00,1,1
AT,AT.0008.20.AQ,NET.09,STA.09.AKC,,SPO.09.AKC.5066.6001.1,SPP.09.AKC.5066.6001.1.11325,SAM.09.AKC.5066.6001.1,PM2.5,http://dd.eionet.europa.eu/vocabulary/aq/pollutant/6001,hour,15.6870002700,µg/m3,2018-12-15 11:00:00 +01:00,2018-12-15 12:00:00 +01:00,1,1
AT,AT.0008.20.AQ,NET.09,STA.09.AKC,,SPO.09.AKC.5066.6001.1,SPP.09.AKC.5066.6001.1.11325,SAM.09.AKC.5066.6001.1,PM2.5,http://dd.eionet.europa.eu/vocabulary/aq/pollutant/6001,hour,18.1005001000,µg/m3,2018-12-15 13:00:00 +01:00,2018-12-15 14:00:00 +01:00,1,1
AT,AT.0008.20.AQ,NET.09,STA.09.AKC,,SPO.09.AKC.5066.6001.1,SPP.09.AKC.5066.6001.1.11325,SAM.09.AKC.5066.6001.1,PM2.5,http://dd.eionet.europa.eu/vocabulary/aq/pollutant/6001,hour,18.1025009100,µg/m3,2018-12-15 15:00:00 +01:00,2018-12-15 16:00:00 +01:00,1,1
AT,AT.0008.20.AQ,NET.09,STA.09.AKC,,SPO.09.AKC.5066.6001.1,SPP.09.AKC.5066.6001.1.11325,SAM.09.AKC.5066.6001.1,PM2.5,http://dd.eionet.europa.eu/vocabulary/aq/pollutant/6001,hour,19.5685005100,µg/m3,2018-12-15 16:00:00 +01:00,2018-12-15 17:00:00 +01:00,1,1
AT,AT.0008.20.AQ,NET.09,STA.09.AKC,,SPO.09.AKC.5066.6001.1,SPP.09.AKC.5066.6001.1.11325,SAM.09.AKC.5066.6001.1,PM2.5,http://dd.eionet.europa.eu/vocabulary/aq/pollutant/6001,hour,21.1284999800,µg/m3,2018-12-15 19:00:00 +01:00,2018-12-15 20:00:00 +01:00,1,1
AT,AT.0008.20.AQ,NET.09,STA.09.AKC,,SPO.09.AKC.5066.6001.1,SPP.09.AKC.5066.6001.1.11325,SAM.09.AKC.5066.6001.1,PM2.5,http://dd.eionet.europa.eu/vocabulary/aq/pollutant/6001,hour,19.7719993500,µg/m3,2018-12-15 22:00:00 +01:00,2018-12-15 23:00:00 +01:00,1,1
AT,AT.0008.20.AQ,NET.09,STA.09.AKC,,SPO.09.AKC.5066.6001.1,SPP.09.AKC.5066.6001.1.11325,SAM.09.AKC.5066.6001.1,PM2.5,http://dd.eionet.europa.eu/vocabulary/aq/pollutant/6001,hour,17.4039993200,µg/m3,2018-12-15 23:00:00 +01:00,2018-12-16 00:00:00 +01:00,1,1
AT,AT.0008.20.AQ,NET.09,STA.09.AKC,,SPO.09.AKC.5066.6001.1,SPP.09.AKC.5066.6001.1.11325,SAM.09.AKC.5066.6001.1,PM2.5,http://dd.eionet.europa.eu/vocabulary/aq/pollutant/6001,hour,14.6625003800,µg/m3,2018-12-16 04:00:00 +01:00,2018-12-16 05:00:00 +01:00,1,1
AT,AT.0008.20.AQ,NET.09,STA.09.AKC,,SPO.09.AKC.5066.6001.1,SPP.09.AKC.5066.6001.1.11325,SAM.09.AKC.5066.6001.1,PM2.5,http://dd.eionet.europa.eu/vocabulary/aq/pollutant/6001,hour,14.1005001000,µg/m3,2018-12-16 05:00:00 +01:00,2018-12-16 06:00:00 +01:00,1,1
AT,AT.0008.20.AQ,NET.09,STA.09.AKC,,SPO.09.AKC.5066.6001.1,SPP.09.AKC.5066.6001.1.11325,SAM.09.AKC.5066.6001.1,PM2.5,http://dd.eionet.europa.eu/vocabulary/aq/pollutant/6001,hour,13.7129993400,µg/m3,2018-12-16 06:00:00 +01:00,2018-12-16 07:00:00 +01:00,1,1
AT,AT.0008.20.AQ,NET.09,STA.09.AKC,,SPO.09.AKC.5066.6001.1,SPP.09.AKC.5066.6001.1.11325,SAM.09.AKC.5066.6001.1,PM2.5,http://dd.eionet.europa.eu/vocabulary/aq/pollutant/6001,hour,13.2770004200,µg/m3,2018-12-16 07:00:00 +01:00,2018-12-16 08:00:00 +01:00,1,1
AT,AT.0008.20.AQ,NET.09,STA.09.AKC,,SPO.09.AKC.5066.6001.1,SPP.09.AKC.5066.6001.1.11325,SAM.09.AKC.5066.6001.1,PM2.5,http://dd.eionet.europa.eu/vocabulary/aq/pollutant/6001,hour,14.1800003000,µg/m3,2018-12-16 08:00:00 +01:00,2018-12-16 09:00:00 +01:00,1,1
AT,AT.0008.20.AQ,NET.09,STA.09.AKC,,SPO.09.AKC.5066.6001.1,SPP.09.AKC.5066.6001.1.11325,SAM.09.AKC.5066.6001.1,PM2.5,http://dd.eionet.europa.eu/vocabulary/aq/pollutant/6001,hour,14.2159996000,µg/m3,2018-12-16 09:00:00 +01:00,2018-12-16 10:00:00 +01:00,1,1
AT,AT.0008.20.AQ,NET.09,STA.09.AKC,,SPO.09.AKC.5066.6001.1,SPP.09.AKC.5066.6001.1.11325,SAM.09.AKC.5066.6001.1,PM2.5,http://dd.eionet.europa.eu/vocabulary/aq/pollutant/6001,hour,14.0014991700,µg/m3,2018-12-16 10:00:00 +01:00,2018-12-16 11:00:00 +01:00,1,1
AT,AT.0008.20.AQ,NET.09,STA.09.AKC,,SPO.09.AKC.5066.6001.1,SPP.09.AKC.5066.6001.1.11325,SAM.09.AKC.5066.6001.1,PM2.5,http://dd.eionet.europa.eu/vocabulary/aq/pollutant/6001,hour,17.8395004200,µg/m3,2018-12-16 11:00:00 +01:00,2018-12-16 12:00:00 +01:00,1,1
AT,AT.0008.20.AQ,NET.09,STA.09.AKC,,SPO.09.AKC.5066.6001.1,SPP.09.AKC.5066.6001.1.11325,SAM.09.AKC.5066.6001.1,PM2.5,http://dd.eionet.europa.eu/vocabulary/aq/pollutant/6001,hour,17.4069995800,µg/m3,2018-12-16 12:00:00 +01:00,2018-12-16 13:00:00 +01:00,1,1
AT,AT.0008.20.AQ,NET.09,STA.09.AKC,,SPO.09.AKC.5066.6001.1,SPP.09.AKC.5066.6001.1.11325,SAM.09.AKC.5066.6001.1,PM2.5,http://dd.eionet.europa.eu/vocabulary/aq/pollutant/6001,hour,19.3795013400,µg/m3,2018-12-16 13:00:00 +01:00,2018-12-16 14:00:00 +01:00,1,1
AT,AT.0008.20.AQ,NET.09,STA.09.AKC,,SPO.09.AKC.5066.6001.1,SPP.09.AKC.5066.6001.1.11325,SAM.09.AKC.5066.6001.1,PM2.5,http://dd.eionet.europa.eu/vocabulary/aq/pollutant/6001,hour,23.8504981900,µg/m3,2018-12-16 14:00:00 +01:00,2018-12-16 15:00:00 +01:00,1,1
AT,AT.0008.20.AQ,NET.09,STA.09.AKC,,SPO.09.AKC.5066.6001.1,SPP.09.AKC.5066.6001.1.11325,SAM.09.AKC.5066.6001.1,PM2.5,http://dd.eionet.europa.eu/vocabulary/aq/pollutant/6001,hour,24.7765007000,µg/m3,2018-12-16 15:00:00 +01:00,2018-12-16 16:00:00 +01:00,1,1
AT,AT.0008.20.AQ,NET.09,STA.09.AKC,,SPO.09.AKC.5066.6001.1,SPP.09.AKC.5066.6001.1.11325,SAM.09.AKC.5066.6001.1,PM2.5,http://dd.eionet.europa.eu/vocabulary/aq/pollutant/6001,hour,25.0104999500,µg/m3,2018-12-16 17:00:00 +01:00,2018-12-16 18:00:00 +01:00,1,1
AT,AT.0008.20.AQ,NET.09,STA.09.AKC,,SPO.09.AKC.5066.6001.1,SPP.09.AKC.5066.6001.1.11325,SAM.09.AKC.5066.6001.1,PM2.5,http://dd.eionet.europa.eu/vocabulary/aq/pollutant/6001,hour,25.7355003300,µg/m3,2018-12-16 18:00:00 +01:00,2018-12-16 19:00:00 +01:00,1,1
AT,AT.0008.20.AQ,NET.09,STA.09.AKC,,SPO.09.AKC.5066.6001.1,SPP.09.AKC.5066.6001.1.11325,SAM.09.AKC.5066.6001.1,PM2.5,http://dd.eionet.europa.eu/vocabulary/aq/pollutant/6001,hour,26.7924995400,µg/m3,2018-12-16 19:00:00 +01:00,2018-12-16 20:00:00 +01:00,1,1
AT,AT.0008.20.AQ,NET.09,STA.09.AKC,,SPO.09.AKC.5066.6001.1,SPP.09.AKC.5066.6001.1.11325,SAM.09.AKC.5066.6001.1,PM2.5,http://dd.eionet.europa.eu/vocabulary/aq/pollutant/6001,hour,27.5550003000,µg/m3,2018-12-16 20:00:00 +01:00,2018-12-16 21:00:00 +01:00,1,1
AT,AT.0008.20.AQ,NET.09,STA.09.AKC,,SPO.09.AKC.5066.6001.1,SPP.09.AKC.5066.6001.1.11325,SAM.09.AKC.5066.6001.1,PM2.5,http://dd.eionet.europa.eu/vocabulary/aq/pollutant/6001,hour,28.5540008500,µg/m3,2018-12-16 21:00:00 +01:00,2018-12-16 22:00:00 +01:00,1,1
AT,AT.0008.20.AQ,NET.09,STA.09.AKC,,SPO.09.AKC.5066.6001.1,SPP.09.AKC.5066.6001.1.11325,SAM.09.AKC.5066.6001.1,PM2.5,http://dd.eionet.europa.eu/vocabulary/aq/pollutant/6001,hour,30.0790004700,µg/m3,2018-12-16 22:00:00 +01:00,2018-12-16 23:00:00 +01:00,1,1
AT,AT.0008.20.AQ,NET.09,STA.09.AKC,,SPO.09.AKC.5066.6001.1,SPP.09.AKC.5066.6001.1.11325,SAM.09.AKC.5066.6001.1,PM2.5,http://dd.eionet.europa.eu/vocabulary/aq/pollutant/6001,hour,31.0834999000,µg/m3,2018-12-17 00:00:00 +01:00,2018-12-17 01:00:00 +01:00,1,1
AT,AT.0008.20.AQ,NET.09,STA.09.AKC,,SPO.09.AKC.5066.6001.1,SPP.09.AKC.5066.6001.1.11325,SAM.09.AKC.5066.6001.1,PM2.5,http://dd.eionet.europa.eu/vocabulary/aq/pollutant/6001,hour,31.4495010300,µg/m3,2018-12-17 01:00:00 +01:00,2018-12-17 02:00:00 +01:00,1,1
AT,AT.0008.20.AQ,NET.09,STA.09.AKC,,SPO.09.AKC.5066.6001.1,SPP.09.AKC.5066.6001.1.11325,SAM.09.AKC.5066.6001.1,PM2.5,http://dd.eionet.europa.eu/vocabulary/aq/pollutant/6001,hour,32.5219993500,µg/m3,2018-12-17 05:00:00 +01:00,2018-12-17 06:00:00 +01:00,1,1
AT,AT.0008.20.AQ,NET.09,STA.09.AKC,,SPO.09.AKC.5066.6001.1,SPP.09.AKC.5066.6001.1.11325,SAM.09.AKC.5066.6001.1,PM2.5,http://dd.eionet.europa.eu/vocabulary/aq/pollutant/6001,hour,37.4584999000,µg/m3,2018-12-17 08:00:00 +01:00,2018-12-17 09:00:00 +01:00,1,1
AT,AT.0008.20.AQ,NET.09,STA.09.AKC,,SPO.09.AKC.5066.6001.1,SPP.09.AKC.5066.6001.1.11325,SAM.09.AKC.5066.6001.1,PM2.5,http://dd.eionet.europa.eu/vocabulary/aq/pollutant/6001,hour,36.9889984100,µg/m3,2018-12-17 09:00:00 +01:00,2018-12-17 10:00:00 +01:00,1,1
AT,AT.0008.20.AQ,NET.09,STA.09.AKC,,SPO.09.AKC.5066.6001.1,SPP.09.AKC.5066.6001.1.11325,SAM.09.AKC.5066.6001.1,PM2.5,http://dd.eionet.europa.eu/vocabulary/aq/pollutant/6001,hour,39.6285018900,µg/m3,2018-12-17 11:00:00 +01:00,2018-12-17 12:00:00 +01:00,1,1
AT,AT.0008.20.AQ,NET.09,STA.09.AKC,,SPO.09.AKC.5066.6001.1,SPP.09.AKC.5066.6001.1.11325,SAM.09.AKC.5066.6001.1,PM2.5,http://dd.eionet.europa.eu/vocabulary/aq/pollutant/6001,hour,40.5485000600,µg/m3,2018-12-17 12:00:00 +01:00,2018-12-17 13:00:00 +01:00,1,1
AT,AT.0008.20.AQ,NET.09,STA.09.AKC,,SPO.09.AKC.5066.6001.1,SPP.09.AKC.5066.6001.1.11325,SAM.09.AKC.5066.6001.1,PM2.5,http://dd.eionet.europa.eu/vocabulary/aq/pollutant/6001,hour,40.8505020100,µg/m3,2018-12-17 13:00:00 +01:00,2018-12-17 14:00:00 +01:00,1,1
AT,AT.0008.20.AQ,NET.09,STA.09.AKC,,SPO.09.AKC.5066.6001.1,SPP.09.AKC.5066.6001.1.11325,SAM.09.AKC.5066.6001.1,PM2.5,http://dd.eionet.europa.eu/vocabulary/aq/pollutant/6001,hour,39.6845016400,µg/m3,2018-12-17 14:00:00 +01:00,2018-12-17 15:00:00 +01:00,1,1
AT,AT.0008.20.AQ,NET.09,STA.09.AKC,,SPO.09.AKC.5066.6001.1,SPP.09.AKC.5066.6001.1.11325,SAM.09.AKC.5066.6001.1,PM2.5,http://dd.eionet.europa.eu/vocabulary/aq/pollutant/6001,hour,26.6044998100,µg/m3,2018-12-17 16:00:00 +01:00,2018-12-17 17:00:00 +01:00,1,1
AT,AT.0008.20.AQ,NET.09,STA.09.AKC,,SPO.09.AKC.5066.6001.1,SPP.09.AKC.5066.6001.1.11325,SAM.09.AKC.5066.6001.1,PM2.5,http://dd.eionet.europa.eu/vocabulary/aq/pollutant/6001,hour,27.4799995400,µg/m3,2018-12-17 17:00:00 +01:00,2018-12-17 18:00:00 +01:00,1,1
AT,AT.0008.20.AQ,NET.09,STA.09.AKC,,SPO.09.AKC.5066.6001.1,SPP.09.AKC.5066.6001.1.11325,SAM.09.AKC.5066.6001.1,PM2.5,http://dd.eionet.europa.eu/vocabulary/aq/pollutant/6001,hour,24.2299995400,µg/m3,2018-12-17 18:00:00 +01:00,2018-12-17 19:00:00 +01:00,1,1
AT,AT.0008.20.AQ,NET.09,STA.09.AKC,,SPO.09.AKC.5066.6001.1,SPP.09.AKC.5066.6001.1.11325,SAM.09.AKC.5066.6001.1,PM2.5,http://dd.eionet.europa.eu/vocabulary/aq/pollutant/6001,hour,17.5104999500,µg/m3,2018-12-17 20:00:00 +01:00,2018-12-17 21:00:00 +01:00,1,1
AT,AT.0008.20.AQ,NET.09,STA.09.AKC,,SPO.09.AKC.5066.6001.1,SPP.09.AKC.5066.6001.1.11325,SAM.09.AKC.5066.6001.1,PM2.5,http://dd.eionet.europa.eu/vocabulary/aq/pollutant/6001,hour,14.3700008300,µg/m3,2018-12-17 21:00:00 +01:00,2018-12-17 22:00:00 +01:00,1,1
AT,AT.0008.20.AQ,NET.09,STA.09.AKC,,SPO.09.AKC.5066.6001.1,SPP.09.AKC.5066.6001.1.11325,SAM.09.AKC.5066.6001.1,PM2.5,http://dd.eionet.europa.eu/vocabulary/aq/pollutant/6001,hour,14.3899993800,µg/m3,2018-12-17 22:00:00 +01:00,2018-12-17 23:00:00 +01:00,1,1
AT,AT.0008.20.AQ,NET.09,STA.09.AKC,,SPO.09.AKC.5066.6001.1,SPP.09.AKC.5066.6001.1.11325,SAM.09.AKC.5066.6001.1,PM2.5,http://dd.eionet.europa.eu/vocabulary/aq/pollutant/6001,hour,12.8885002100,µg/m3,2018-12-18 00:00:00 +01:00,2018-12-18 01:00:00 +01:00,1,1
AT,AT.0008.20.AQ,NET.09,STA.09.AKC,,SPO.09.AKC.5066.6001.1,SPP.09.AKC.5066.6001.1.11325,SAM.09.AKC.5066.6001.1,PM2.5,http://dd.eionet.europa.eu/vocabulary/aq/pollutant/6001,hour,13.4330005600,µg/m3,2018-12-18 01:00:00 +01:00,2018-12-18 02:00:00 +01:00,1,1
AT,AT.0008.20.AQ,NET.09,STA.09.AKC,,SPO.09.AKC.5066.6001.1,SPP.09.AKC.5066.6001.1.11325,SAM.09.AKC.5066.6001.1,PM2.5,http://dd.eionet.europa.eu/vocabulary/aq/pollutant/6001,hour,19.2740001600,µg/m3,2018-12-18 04:00:00 +01:00,2018-12-18 05:00:00 +01:00,1,1
AT,AT.0008.20.AQ,NET.09,STA.09.AKC,,SPO.09.AKC.5066.6001.1,SPP.09.AKC.5066.6001.1.11325,SAM.09.AKC.5066.6001.1,PM2.5,http://dd.eionet.europa.eu/vocabulary/aq/pollutant/6001,hour,16.5559997500,µg/m3,2018-12-18 06:00:00 +01:00,2018-12-18 07:00:00 +01:00,1,1
AT,AT.0008.20.AQ,NET.09,STA.09.AKC,,SPO.09.AKC.5066.6001.1,SPP.09.AKC.5066.6001.1.11325,SAM.09.AKC.5066.6001.1,PM2.5,http://dd.eionet.europa.eu/vocabulary/aq/pollutant/6001,hour,16.8264999300,µg/m3,2018-12-18 07:00:00 +01:00,2018-12-18 08:00:00 +01:00,1,1
AT,AT.0008.20.AQ,NET.09,STA.09.AKC,,SPO.09.AKC.5066.6001.1,SPP.09.AKC.5066.6001.1.11325,SAM.09.AKC.5066.6001.1,PM2.5,http://dd.eionet.europa.eu/vocabulary/aq/pollutant/6001,hour,16.0944995800,µg/m3,2018-12-18 08:00:00 +01:00,2018-12-18 09:00:00 +01:00,1,1
AT,AT.0008.20.AQ,NET.09,STA.09.AKC,,SPO.09.AKC.5066.6001.1,SPP.09.AKC.5066.6001.1.11325,SAM.09.AKC.5066.6001.1,PM2.5,http://dd.eionet.europa.eu/vocabulary/aq/pollutant/6001,hour,16.2654991100,µg/m3,2018-12-18 09:00:00 +01:00,2018-12-18 10:00:00 +01:00,1,1
AT,AT.0008.20.AQ,NET.09,STA.09.AKC,,SPO.09.AKC.5066.6001.1,SPP.09.AKC.5066.6001.1.11325,SAM.09.AKC.5066.6001.1,PM2.5,http://dd.eionet.europa.eu/vocabulary/aq/pollutant/6001,hour,14.6385002100,µg/m3,2018-12-18 11:00:00 +01:00,2018-12-18 12:00:00 +01:00,1,1
AT,AT.0008.20.AQ,NET.09,STA.09.AKC,,SPO.09.AKC.5066.6001.1,SPP.09.AKC.5066.6001.1.11325,SAM.09.AKC.5066.6001.1,PM2.5,http://dd.eionet.europa.eu/vocabulary/aq/pollutant/6001,hour,13.0534992200,µg/m3,2018-12-18 12:00:00 +01:00,2018-12-18 13:00:00 +01:00,1,1
AT,AT.0008.20.AQ,NET.09,STA.09.AKC,,SPO.09.AKC.5066.6001.1,SPP.09.AKC.5066.6001.1.11325,SAM.09.AKC.5066.6001.1,PM2.5,http://dd.eionet.europa.eu/vocabulary/aq/pollutant/6001,hour,26.9344997400,µg/m3,2018-12-18 16:00:00 +01:00,2018-12-18 17:00:00 +01:00,1,1
AT,AT.0008.20.AQ,NET.09,STA.09.AKC,,SPO.09.AKC.5066.6001.1,SPP.09.AKC.5066.6001.1.11325,SAM.09.AKC.5066.6001.1,PM2.5,http://dd.eionet.europa.eu/vocabulary/aq/pollutant/6001,hour,28.5944995800,µg/m3,2018-12-18 17:00:00 +01:00,2018-12-18 18:00:00 +01:00,1,1
AT,AT.0008.20.AQ,NET.09,STA.09.AKC,,SPO.09.AKC.5066.6001.1,SPP.09.AKC.5066.6001.1.11325,SAM.09.AKC.5066.6001.1,PM2.5,http://dd.eionet.europa.eu/vocabulary/aq/pollutant/6001,hour,37.7615013100,µg/m3,2018-12-18 19:00:00 +01:00,2018-12-18 20:00:00 +01:00,1,1
AT,AT.0008.20.AQ,NET.09,STA.09.AKC,,SPO.09.AKC.5066.6001.1,SPP.09.AKC.5066.6001.1.11325,SAM.09.AKC.5066.6001.1,PM2.5,http://dd.eionet.europa.eu/vocabulary/aq/pollutant/6001,hour,33.6250000000,µg/m3,2018-12-18 20:00:00 +01:00,2018-12-18 21:00:00 +01:00,1,1
AT,AT.0008.20.AQ,NET.09,STA.09.AKC,,SPO.09.AKC.5066.6001.1,SPP.09.AKC.5066.6001.1.11325,SAM.09.AKC.5066.6001.1,PM2.5,http://dd.eionet.europa.eu/vocabulary/aq/pollutant/6001,hour,36.7119979800,µg/m3,2018-12-18 23:00:00 +01:00,2018-12-19 00:00:00 +01:00,1,1
AT,AT.0008.20.AQ,NET.09,STA.09.AKC,,SPO.09.AKC.5066.6001.1,SPP.09.AKC.5066.6001.1.11325,SAM.09.AKC.5066.6001.1,PM2.5,http://dd.eionet.europa.eu/vocabulary/aq/pollutant/6001,hour,38.6764984100,µg/m3,2018-12-19 01:00:00 +01:00,2018-12-19 02:00:00 +01:00,1,1
AT,AT.0008.20.AQ,NET.09,STA.09.AKC,,SPO.09.AKC.5066.6001.1,SPP.09.AKC.5066.6001.1.11325,SAM.09.AKC.5066.6001.1,PM2.5,http://dd.eionet.europa.eu/vocabulary/aq/pollutant/6001,hour,42.2255020100,µg/m3,2018-12-19 02:00:00 +01:00,2018-12-19 03:00:00 +01:00,1,1
AT,AT.0008.20.AQ,NET.09,STA.09.AKC,,SPO.09.AKC.5066.6001.1,SPP.09.AKC.5066.6001.1.11325,SAM.09.AKC.5066.6001.1,PM2.5,http://dd.eionet.europa.eu/vocabulary/aq/pollutant/6001,hour,44.5489997800,µg/m3,2018-12-19 03:00:00 +01:00,2018-12-19 04:00:00 +01:00,1,1
AT,AT.0008.20.AQ,NET.09,STA.09.AKC,,SPO.09.AKC.5066.6001.1,SPP.09.AKC.5066.6001.1.11325,SAM.09.AKC.5066.6001.1,PM2.5,http://dd.eionet.europa.eu/vocabulary/aq/pollutant/6001,hour,43.9465026800,µg/m3,2018-12-19 04:00:00 +01:00,2018-12-19 05:00:00 +01:00,1,1
AT,AT.0008.20.AQ,NET.09,STA.09.AKC,,SPO.09.AKC.5066.6001.1,SPP.09.AKC.5066.6001.1.11325,SAM.09.AKC.5066.6001.1,PM2.5,http://dd.eionet.europa.eu/vocabulary/aq/pollutant/6001,hour,35.4625015200,µg/m3,2018-12-19 05:00:00 +01:00,2018-12-19 06:00:00 +01:00,1,1
AT,AT.0008.20.AQ,NET.09,STA.09.AKC,,SPO.09.AKC.5066.6001.1,SPP.09.AKC.5066.6001.1.11325,SAM.09.AKC.5066.6001.1,PM2.5,http://dd.eionet.europa.eu/vocabulary/aq/pollutant/6001,hour,30.1669998100,µg/m3,2018-12-19 06:00:00 +01:00,2018-12-19 07:00:00 +01:00,1,1
AT,AT.0008.20.AQ,NET.09,STA.09.AKC,,SPO.09.AKC.5066.6001.1,SPP.09.AKC.5066.6001.1.11325,SAM.09.AKC.5066.6001.1,PM2.5,http://dd.eionet.europa.eu/vocabulary/aq/pollutant/6001,hour,28.4750003800,µg/m3,2018-12-19 08:00:00 +01:00,2018-12-19 09:00:00 +01:00,1,1
AT,AT.0008.20.AQ,NET.09,STA.09.AKC,,SPO.09.AKC.5066.6001.1,SPP.09.AKC.5066.6001.1.11325,SAM.09.AKC.5066.6001.1,PM2.5,http://dd.eionet.europa.eu/vocabulary/aq/pollutant/6001,hour,30.2130012500,µg/m3,2018-12-19 09:00:00 +01:00,2018-12-19 10:00:00 +01:00,1,1
AT,AT.0008.20.AQ,NET.09,STA.09.AKC,,SPO.09.AKC.5066.6001.1,SPP.09.AKC.5066.6001.1.11325,SAM.09.AKC.5066.6001.1,PM2.5,http://dd.eionet.europa.eu/vocabulary/aq/pollutant/6001,hour,30.3605003300,µg/m3,2018-12-19 10:00:00 +01:00,2018-12-19 11:00:00 +01:00,1,1
AT,AT.0008.20.AQ,NET.09,STA.09.AKC,,SPO.09.AKC.5066.6001.1,SPP.09.AKC.5066.6001.1.11325,SAM.09.AKC.5066.6001.1,PM2.5,http://dd.eionet.europa.eu/vocabulary/aq/pollutant/6001,hour,32.3229980400,µg/m3,2018-12-19 11:00:00 +01:00,2018-12-19 12:00:00 +01:00,1,1
AT,AT.0008.20.AQ,NET.09,STA.09.AKC,,SPO.09.AKC.5066.6001.1,SPP.09.AKC.5066.6001.1.11325,SAM.09.AKC.5066.6001.1,PM2.5,http://dd.eionet.europa.eu/vocabulary/aq/pollutant/6001,hour,18.5740013100,µg/m3,2018-12-19 15:00:00 +01:00,2018-12-19 16:00:00 +01:00,1,1
AT,AT.0008.20.AQ,NET.09,STA.09.AKC,,SPO.09.AKC.5066.6001.1,SPP.09.AKC.5066.6001.1.11325,SAM.09.AKC.5066.6001.1,PM2.5,http://dd.eionet.europa.eu/vocabulary/aq/pollutant/6001,hour,21.4099998400,µg/m3,2018-12-19 16:00:00 +01:00,2018-12-19 17:00:00 +01:00,1,1
AT,AT.0008.20.AQ,NET.09,STA.09.AKC,,SPO.09.AKC.5066.6001.1,SPP.09.AKC.5066.6001.1.11325,SAM.09.AKC.5066.6001.1,PM2.5,http://dd.eionet.europa.eu/vocabulary/aq/pollutant/6001,hour,31.5869998900,µg/m3,2018-12-19 18:00:00 +01:00,2018-12-19 19:00:00 +01:00,1,1
AT,AT.0008.20.AQ,NET.09,STA.09.AKC,,SPO.09.AKC.5066.6001.1,SPP.09.AKC.5066.6001.1.11325,SAM.09.AKC.5066.6001.1,PM2.5,http://dd.eionet.europa.eu/vocabulary/aq/pollutant/6001,hour,25.6935005100,µg/m3,2018-12-19 19:00:00 +01:00,2018-12-19 20:00:00 +01:00,1,1
AT,AT.0008.20.AQ,NET.09,STA.09.AKC,,SPO.09.AKC.5066.6001.1,SPP.09.AKC.5066.6001.1.11325,SAM.09.AKC.5066.6001.1,PM2.5,http://dd.eionet.europa.eu/vocabulary/aq/pollutant/6001,hour,20.8849983200,µg/m3,2018-12-19 21:00:00 +01:00,2018-12-19 22:00:00 +01:00,1,1
AT,AT.0008.20.AQ,NET.09,STA.09.AKC,,SPO.09.AKC.5066.6001.1,SPP.09.AKC.5066.6001.1.11325,SAM.09.AKC.5066.6001.1,PM2.5,http://dd.eionet.europa.eu/vocabulary/aq/pollutant/6001,hour,26.3810005100,µg/m3,2018-12-19 23:00:00 +01:00,2018-12-20 00:00:00 +01:00,1,1
AT,AT.0008.20.AQ,NET.09,STA.09.AKC,,SPO.09.AKC.5066.6001.1,SPP.09.AKC.5066.6001.1.11325,SAM.09.AKC.5066.6001.1,PM2.5,http://dd.eionet.europa.eu/vocabulary/aq/pollutant/6001,hour,28.7864990200,µg/m3,2018-12-20 00:00:00 +01:00,2018-12-20 01:00:00 +01:00,1,1
AT,AT.0008.20.AQ,NET.09,STA.09.AKC,,SPO.09.AKC.5066.6001.1,SPP.09.AKC.5066.6001.1.11325,SAM.09.AKC.5066.6001.1,PM2.5,http://dd.eionet.europa.eu/vocabulary/aq/pollutant/6001,hour,28.6075000700,µg/m3,2018-12-20 02:00:00 +01:00,2018-12-20 03:00:00 +01:00,1,1
AT,AT.0008.20.AQ,NET.09,STA.09.AKC,,SPO.09.AKC.5066.6001.1,SPP.09.AKC.5066.6001.1.11325,SAM.09.AKC.5066.6001.1,PM2.5,http://dd.eionet.europa.eu/vocabulary/aq/pollutant/6001,hour,28.0970001200,µg/m3,2018-12-20 03:00:00 +01:00,2018-12-20 04:00:00 +01:00,1,1
AT,AT.0008.20.AQ,NET.09,STA.09.AKC,,SPO.09.AKC.5066.6001.1,SPP.09.AKC.5066.6001.1.11325,SAM.09.AKC.5066.6001.1,PM2.5,http://dd.eionet.europa.eu/vocabulary/aq/pollutant/6001,hour,31.6120014100,µg/m3,2018-12-20 06:00:00 +01:00,2018-12-20 07:00:00 +01:00,1,1
AT,AT.0008.20.AQ,NET.09,STA.09.AKC,,SPO.09.AKC.5066.6001.1,SPP.09.AKC.5066.6001.1.11325,SAM.09.AKC.5066.6001.1,PM2.5,http://dd.eionet.europa.eu/vocabulary/aq/pollutant/6001,hour,35.8549995400,µg/m3,2018-12-20 07:00:00 +01:00,2018-12-20 08:00:00 +01:00,1,1
AT,AT.0008.20.AQ,NET.09,STA.09.AKC,,SPO.09.AKC.5066.6001.1,SPP.09.AKC.5066.6001.1.11325,SAM.09.AKC.5066.6001.1,PM2.5,http://dd.eionet.europa.eu/vocabulary/aq/pollutant/6001,hour,35.9059982300,µg/m3,2018-12-20 08:00:00 +01:00,2018-12-20 09:00:00 +01:00,1,1
AT,AT.0008.20.AQ,NET.09,STA.09.AKC,,SPO.09.AKC.5066.6001.1,SPP.09.AKC.5066.6001.1.11325,SAM.09.AKC.5066.6001.1,PM2.5,http://dd.eionet.europa.eu/vocabulary/aq/pollutant/6001,hour,35.2809982300,µg/m3,2018-12-20 09:00:00 +01:00,2018-12-20 10:00:00 +01:00,1,1
AT,AT.0008.20.AQ,NET.09,STA.09.AKC,,SPO.09.AKC.5066.6001.1,SPP.09.AKC.5066.6001.1.11325,SAM.09.AKC.5066.6001.1,PM2.5,http://dd.eionet.europa.eu/vocabulary/aq/pollutant/6001,hour,37.3045005700,µg/m3,2018-12-20 10:00:00 +01:00,2018-12-20 11:00:00 +01:00,1,1
AT,AT.0008.20.AQ,NET.09,STA.09.AKC,,SPO.09.AKC.5066.6001.1,SPP.09.AKC.5066.6001.1.11325,SAM.09.AKC.5066.6001.1,PM2.5,http://dd.eionet.europa.eu/vocabulary/aq/pollutant/6001,hour,37.1110000600,µg/m3,2018-12-20 11:00:00 +01:00,2018-12-20 12:00:00 +01:00,1,1
AT,AT.0008.20.AQ,NET.09,STA.09.AKC,,SPO.09.AKC.5066.6001.1,SPP.09.AKC.5066.6001.1.11325,SAM.09.AKC.5066.6001.1,PM2.5,http://dd.eionet.europa.eu/vocabulary/aq/pollutant/6001,hour,39.2074966400,µg/m3,2018-12-20 13:00:00 +01:00,2018-12-20 14:00:00 +01:00,1,1
AT,AT.0008.20.AQ,NET.09,STA.09.AKC,,SPO.09.AKC.5066.6001.1,SPP.09.AKC.5066.6001.1.11325,SAM.09.AKC.5066.6001.1,PM2.5,http://dd.eionet.europa.eu/vocabulary/aq/pollutant/6001,hour,40.7065010000,µg/m3,2018-12-20 14:00:00 +01:00,2018-12-20 15:00:00 +01:00,1,1
AT,AT.0008.20.AQ,NET.09,STA.09.AKC,,SPO.09.AKC.5066.6001.1,SPP.09.AKC.5066.6001.1.11325,SAM.09.AKC.5066.6001.1,PM2.5,http://dd.eionet.europa.eu/vocabulary/aq/pollutant/6001,hour,42.2304992600,µg/m3,2018-12-20 15:00:00 +01:00,2018-12-20 16:00:00 +01:00,1,1
AT,AT.0008.20.AQ,NET.09,STA.09.AKC,,SPO.09.AKC.5066.6001.1,SPP.09.AKC.5066.6001.1.11325,SAM.09.AKC.5066.6001.1,PM2.5,http://dd.eionet.europa.eu/vocabulary/aq/pollutant/6001,hour,41.7480010900,µg/m3,2018-12-20 16:00:00 +01:00,2018-12-20 17:00:00 +01:00,1,1
AT,AT.0008.20.AQ,NET.09,STA.09.AKC,,SPO.09.AKC.5066.6001.1,SPP.09.AKC.5066.6001.1.11325,SAM.09.AKC.5066.6001.1,PM2.5,http://dd.eionet.europa.eu/vocabulary/aq/pollutant/6001,hour,42.6515007000,µg/m3,2018-12-20 17:00:00 +01:00,2018-12-20 18:00:00 +01:00,1,1
AT,AT.0008.20.AQ,NET.09,STA.09.AKC,,SPO.09.AKC.5066.6001.1,SPP.09.AKC.5066.6001.1.11325,SAM.09.AKC.5066.6001.1,PM2.5,http://dd.eionet.europa.eu/vocabulary/aq/pollutant/6001,hour,45.6139984100,µg/m3,2018-12-20 18:00:00 +01:00,2018-12-20 19:00:00 +01:00,1,1
AT,AT.0008.20.AQ,NET.09,STA.09.AKC,,SPO.09.AKC.5066.6001.1,SPP.09.AKC.5066.6001.1.11325,SAM.09.AKC.5066.6001.1,PM2.5,http://dd.eionet.europa.eu/vocabulary/aq/pollutant/6001,hour,47.4140014600,µg/m3,2018-12-20 19:00:00 +01:00,2018-12-20 20:00:00 +01:00,1,1
AT,AT.0008.20.AQ,NET.09,STA.09.AKC,,SPO.09.AKC.5066.6001.1,SPP.09.AKC.5066.6001.1.11325,SAM.09.AKC.5066.6001.1,PM2.5,http://dd.eionet.europa.eu/vocabulary/aq/pollutant/6001,hour,47.6409988400,µg/m3,2018-12-20 20:00:00 +01:00,2018-12-20 21:00:00 +01:00,1,1
AT,AT.0008.20.AQ,NET.09,STA.09.AKC,,SPO.09.AKC.5066.6001.1,SPP.09.AKC.5066.6001.1.11325,SAM.09.AKC.5066.6001.1,PM2.5,http://dd.eionet.europa.eu/vocabulary/aq/pollutant/6001,hour,48.6480026200,µg/m3,2018-12-20 21:00:00 +01:00,2018-12-20 22:00:00 +01:00,1,1
AT,AT.0008.20.AQ,NET.09,STA.09.AKC,,SPO.09.AKC.5066.6001.1,SPP.09.AKC.5066.6001.1.11325,SAM.09.AKC.5066.6001.1,PM2.5,http://dd.eionet.europa.eu/vocabulary/aq/pollutant/6001,hour,50.0849990800,µg/m3,2018-12-20 22:00:00 +01:00,2018-12-20 23:00:00 +01:00,1,1
AT,AT.0008.20.AQ,NET.09,STA.09.AKC,,SPO.09.AKC.5066.6001.1,SPP.09.AKC.5066.6001.1.11325,SAM.09.AKC.5066.6001.1,PM2.5,http://dd.eionet.europa.eu/vocabulary/aq/pollutant/6001,hour,50.7775001500,µg/m3,2018-12-20 23:00:00 +01:00,2018-12-21 00:00:00 +01:00,1,1
AT,AT.0008.20.AQ,NET.09,STA.09.AKC,,SPO.09.AKC.5066.6001.1,SPP.09.AKC.5066.6001.1.11325,SAM.09.AKC.5066.6001.1,PM2.5,http://dd.eionet.europa.eu/vocabulary/aq/pollutant/6001,hour,48.2809982300,µg/m3,2018-12-21 01:00:00 +01:00,2018-12-21 02:00:00 +01:00,1,1
AT,AT.0008.20.AQ,NET.09,STA.09.AKC,,SPO.09.AKC.5066.6001.1,SPP.09.AKC.5066.6001.1.11325,SAM.09.AKC.5066.6001.1,PM2.5,http://dd.eionet.europa.eu/vocabulary/aq/pollutant/6001,hour,48.9119987400,µg/m3,2018-12-21 02:00:00 +01:00,2018-12-21 03:00:00 +01:00,1,1
AT,AT.0008.20.AQ,NET.09,STA.09.AKC,,SPO.09.AKC.5066.6001.1,SPP.09.AKC.5066.6001.1.11325,SAM.09.AKC.5066.6001.1,PM2.5,http://dd.eionet.europa.eu/vocabulary/aq/pollutant/6001,hour,45.1080017000,µg/m3,2018-12-21 05:00:00 +01:00,2018-12-21 06:00:00 +01:00,1,1
AT,AT.0008.20.AQ,NET.09,STA.09.AKC,,SPO.09.AKC.5066.6001.1,SPP.09.AKC.5066.6001.1.11325,SAM.09.AKC.5066.6001.1,PM2.5,http://dd.eionet.europa.eu/vocabulary/aq/pollutant/6001,hour,42.4235000600,µg/m3,2018-12-21 07:00:00 +01:00,2018-12-21 08:00:00 +01:00,1,1
AT,AT.0008.20.AQ,NET.09,STA.09.AKC,,SPO.09.AKC.5066.6001.1,SPP.09.AKC.5066.6001.1.11325,SAM.09.AKC.5066.6001.1,PM2.5,http://dd.eionet.europa.eu/vocabulary/aq/pollutant/6001,hour,44.8904991100,µg/m3,2018-12-21 08:00:00 +01:00,2018-12-21 09:00:00 +01:00,1,1
AT,AT.0008.20.AQ,NET.09,STA.09.AKC,,SPO.09.AKC.5066.6001.1,SPP.09.AKC.5066.6001.1.11325,SAM.09.AKC.5066.6001.1,PM2.5,http://dd.eionet.europa.eu/vocabulary/aq/pollutant/6001,hour,45.0000000000,µg/m3,2018-12-21 12:00:00 +01:00,2018-12-21 13:00:00 +01:00,1,1
AT,AT.0008.20.AQ,NET.09,STA.09.AKC,,SPO.09.AKC.5066.6001.1,SPP.09.AKC.5066.6001.1.11325,SAM.09.AKC.5066.6001.1,PM2.5,http://dd.eionet.europa.eu/vocabulary/aq/pollutant/6001,hour,41.4290008500,µg/m3,2018-12-21 13:00:00 +01:00,2018-12-21 14:00:00 +01:00,1,1
AT,AT.0008.20.AQ,NET.09,STA.09.AKC,,SPO.09.AKC.5066.6001.1,SPP.09.AKC.5066.6001.1.11325,SAM.09.AKC.5066.6001.1,PM2.5,http://dd.eionet.europa.eu/vocabulary/aq/pollutant/6001,hour,41.7389984100,µg/m3,2018-12-21 14:00:00 +01:00,2018-12-21 15:00:00 +01:00,1,1
AT,AT.0008.20.AQ,NET.09,STA.09.AKC,,SPO.09.AKC.5066.6001.1,SPP.09.AKC.5066.6001.1.11325,SAM.09.AKC.5066.6001.1,PM2.5,http://dd.eionet.europa.eu/vocabulary/aq/pollutant/6001,hour,38.0014991700,µg/m3,2018-12-21 16:00:00 +01:00,2018-12-21 17:00:00 +01:00,1,1
AT,AT.0008.20.AQ,NET.09,STA.09.AKC,,SPO.09.AKC.5066.6001.1,SPP.09.AKC.5066.6001.1.11325,SAM.09.AKC.5066.6001.1,PM2.5,http://dd.eionet.europa.eu/vocabulary/aq/pollutant/6001,hour,37.2355003300,µg/m3,2018-12-21 17:00:00 +01:00,2018-12-21 18:00:00 +01:00,1,1
AT,AT.0008.20.AQ,NET.09,STA.09.AKC,,SPO.09.AKC.5066.6001.1,SPP.09.AKC.5066.6001.1.11325,SAM.09.AKC.5066.6001.1,PM2.5,http://dd.eionet.europa.eu/vocabulary/aq/pollutant/6001,hour,37.6469993500,µg/m3,2018-12-21 18:00:00 +01:00,2018-12-21 19:00:00 +01:00,1,1
AT,AT.0008.20.AQ,NET.09,STA.09.AKC,,SPO.09.AKC.5066.6001.1,SPP.09.AKC.5066.6001.1.11325,SAM.09.AKC.5066.6001.1,PM2.5,http://dd.eionet.europa.eu/vocabulary/aq/pollutant/6001,hour,35.5035018900,µg/m3,2018-12-21 19:00:00 +01:00,2018-12-21 20:00:00 +01:00,1,1
AT,AT.0008.20.AQ,NET.09,STA.09.AKC,,SPO.09.AKC.5066.6001.1,SPP.09.AKC.5066.6001.1.11325,SAM.09.AKC.5066.6001.1,PM2.5,http://dd.eionet.europa.eu/vocabulary/aq/pollutant/6001,hour,35.5634994500,µg/m3,2018-12-21 20:00:00 +01:00,2018-12-21 21:00:00 +01:00,1,1
AT,AT.0008.20.AQ,NET.09,STA.09.AKC,,SPO.09.AKC.5066.6001.1,SPP.09.AKC.5066.6001.1.11325,SAM.09.AKC.5066.6001.1,PM2.5,http://dd.eionet.europa.eu/vocabulary/aq/pollutant/6001,hour,36.0685005100,µg/m3,2018-12-21 21:00:00 +01:00,2018-12-21 22:00:00 +01:00,1,1
AT,AT.0008.20.AQ,NET.09,STA.09.AKC,,SPO.09.AKC.5066.6001.1,SPP.09.AKC.5066.6001.1.11325,SAM.09.AKC.5066.6001.1,PM2.5,http://dd.eionet.europa.eu/vocabulary/aq/pollutant/6001,hour,36.0489997800,µg/m3,2018-12-21 22:00:00 +01:00,2018-12-21 23:00:00 +01:00,1,1
AT,AT.0008.20.AQ,NET.09,STA.09.AKC,,SPO.09.AKC.5066.6001.1,SPP.09.AKC.5066.6001.1.11325,SAM.09.AKC.5066.6001.1,PM2.5,http://dd.eionet.europa.eu/vocabulary/aq/pollutant/6001,hour,34.9715003900,µg/m3,2018-12-21 23:00:00 +01:00,2018-12-22 00:00:00 +01:00,1,1
AT,AT.0008.20.AQ,NET.09,STA.09.AKC,,SPO.09.AKC.5066.6001.1,SPP.09.AKC.5066.6001.1.11325,SAM.09.AKC.5066.6001.1,PM2.5,http://dd.eionet.europa.eu/vocabulary/aq/pollutant/6001,hour,31.0309982300,µg/m3,2018-12-22 01:00:00 +01:00,2018-12-22 02:00:00 +01:00,1,1
AT,AT.0008.20.AQ,NET.09,STA.09.AKC,,SPO.09.AKC.5066.6001.1,SPP.09.AKC.5066.6001.1.11325,SAM.09.AKC.5066.6001.1,PM2.5,http://dd.eionet.europa.eu/vocabulary/aq/pollutant/6001,hour,22.6925010600,µg/m3,2018-12-22 03:00:00 +01:00,2018-12-22 04:00:00 +01:00,1,1
AT,AT.0008.20.AQ,NET.09,STA.09.AKC,,SPO.09.AKC.5066.6001.1,SPP.09.AKC.5066.6001.1.11325,SAM.09.AKC.5066.6001.1,PM2.5,http://dd.eionet.europa.eu/vocabulary/aq/pollutant/6001,hour,1.8102999900,µg/m3,2018-12-22 05:00:00 +01:00,2018-12-22 06:00:00 +01:00,1,1
AT,AT.0008.20.AQ,NET.09,STA.09.AKC,,SPO.09.AKC.5066.6001.1,SPP.09.AKC.5066.6001.1.11325,SAM.09.AKC.5066.6001.1,PM2.5,http://dd.eionet.europa.eu/vocabulary/aq/pollutant/6001,hour,1.7511000600,µg/m3,2018-12-22 09:00:00 +01:00,2018-12-22 10:00:00 +01:00,1,1
AT,AT.0008.20.AQ,NET.09,STA.09.AKC,,SPO.09.AKC.5066.6001.1,SPP.09.AKC.5066.6001.1.11325,SAM.09.AKC.5066.6001.1,PM2.5,http://dd.eionet.europa.eu/vocabulary/aq/pollutant/6001,hour,2.2174501400,µg/m3,2018-12-22 10:00:00 +01:00,2018-12-22 11:00:00 +01:00,1,1
AT,AT.0008.20.AQ,NET.09,STA.09.AKC,,SPO.09.AKC.5066.6001.1,SPP.09.AKC.5066.6001.1.11325,SAM.09.AKC.5066.6001.1,PM2.5,http://dd.eionet.europa.eu/vocabulary/aq/pollutant/6001,hour,2.3564000100,µg/m3,2018-12-22 11:00:00 +01:00,2018-12-22 12:00:00 +01:00,1,1
AT,AT.0008.20.AQ,NET.09,STA.09.AKC,,SPO.09.AKC.5066.6001.1,SPP.09.AKC.5066.6001.1.11325,SAM.09.AKC.5066.6001.1,PM2.5,http://dd.eionet.europa.eu/vocabulary/aq/pollutant/6001,hour,1.7934499900,µg/m3,2018-12-22 12:00:00 +01:00,2018-12-22 13:00:00 +01:00,1,1
AT,AT.0008.20.AQ,NET.09,STA.09.AKC,,SPO.09.AKC.5066.6001.1,SPP.09.AKC.5066.6001.1.11325,SAM.09.AKC.5066.6001.1,PM2.5,http://dd.eionet.europa.eu/vocabulary/aq/pollutant/6001,hour,1.5051999000,µg/m3,2018-12-22 13:00:00 +01:00,2018-12-22 14:00:00 +01:00,1,1
AT,AT.0008.20.AQ,NET.09,STA.09.AKC,,SPO.09.AKC.5066.6001.1,SPP.09.AKC.5066.6001.1.11325,SAM.09.AKC.5066.6001.1,PM2.5,http://dd.eionet.europa.eu/vocabulary/aq/pollutant/6001,hour,1.7673499500,µg/m3,2018-12-22 15:00:00 +01:00,2018-12-22 16:00:00 +01:00,1,1
AT,AT.0008.20.AQ,NET.09,STA.09.AKC,,SPO.09.AKC.5066.6001.1,SPP.09.AKC.5066.6001.1.11325,SAM.09.AKC.5066.6001.1,PM2.5,http://dd.eionet.europa.eu/vocabulary/aq/pollutant/6001,hour,1.6993499900,µg/m3,2018-12-22 18:00:00 +01:00,2018-12-22 19:00:00 +01:00,1,1
AT,AT.0008.20.AQ,NET.09,STA.09.AKC,,SPO.09.AKC.5066.6001.1,SPP.09.AKC.5066.6001.1.11325,SAM.09.AKC.5066.6001.1,PM2.5,http://dd.eionet.europa.eu/vocabulary/aq/pollutant/6001,hour,2.4092500200,µg/m3,2018-12-22 20:00:00 +01:00,2018-12-22 21:00:00 +01:00,1,1
AT,AT.0008.20.AQ,NET.09,STA.09.AKC,,SPO.09.AKC.5066.6001.1,SPP.09.AKC.5066.6001.1.11325,SAM.09.AKC.5066.6001.1,PM2.5,http://dd.eionet.europa.eu/vocabulary/aq/pollutant/6001,hour,2.6473000000,µg/m3,2018-12-22 22:00:00 +01:00,2018-12-22 23:00:00 +01:00,1,1
AT,AT.0008.20.AQ,NET.09,STA.09.AKC,,SPO.09.AKC.5066.6001.1,SPP.09.AKC.5066.6001.1.11325,SAM.09.AKC.5066.6001.1,PM2.5,http://dd.eionet.europa.eu/vocabulary/aq/pollutant/6001,hour,2.8822000000,µg/m3,2018-12-22 23:00:00 +01:00,2018-12-23 00:00:00 +01:00,1,1
AT,AT.0008.20.AQ,NET.09,STA.09.AKC,,SPO.09.AKC.5066.6001.1,SPP.09.AKC.5066.6001.1.11325,SAM.09.AKC.5066.6001.1,PM2.5,http://dd.eionet.europa.eu/vocabulary/aq/pollutant/6001,hour,2.5988500100,µg/m3,2018-12-23 00:00:00 +01:00,2018-12-23 01:00:00 +01:00,1,1
AT,AT.0008.20.AQ,NET.09,STA.09.AKC,,SPO.09.AKC.5066.6001.1,SPP.09.AKC.5066.6001.1.11325,SAM.09.AKC.5066.6001.1,PM2.5,http://dd.eionet.europa.eu/vocabulary/aq/pollutant/6001,hour,2.7135500900,µg/m3,2018-12-23 01:00:00 +01:00,2018-12-23 02:00:00 +01:00,1,1
AT,AT.0008.20.AQ,NET.09,STA.09.AKC,,SPO.09.AKC.5066.6001.1,SPP.09.AKC.5066.6001.1.11325,SAM.09.AKC.5066.6001.1,PM2.5,http://dd.eionet.europa.eu/vocabulary/aq/pollutant/6001,hour,2.9070501300,µg/m3,2018-12-23 02:00:00 +01:00,2018-12-23 03:00:00 +01:00,1,1
AT,AT.0008.20.AQ,NET.09,STA.09.AKC,,SPO.09.AKC.5066.6001.1,SPP.09.AKC.5066.6001.1.11325,SAM.09.AKC.5066.6001.1,PM2.5,http://dd.eionet.europa.eu/vocabulary/aq/pollutant/6001,hour,2.6956000300,µg/m3,2018-12-23 03:00:00 +01:00,2018-12-23 04:00:00 +01:00,1,1
AT,AT.0008.20.AQ,NET.09,STA.09.AKC,,SPO.09.AKC.5066.6001.1,SPP.09.AKC.5066.6001.1.11325,SAM.09.AKC.5066.6001.1,PM2.5,http://dd.eionet.europa.eu/vocabulary/aq/pollutant/6001,hour,3.0657999500,µg/m3,2018-12-23 05:00:00 +01:00,2018-12-23 06:00:00 +01:00,1,1
AT,AT.0008.20.AQ,NET.09,STA.09.AKC,,SPO.09.AKC.5066.6001.1,SPP.09.AKC.5066.6001.1.11325,SAM.09.AKC.5066.6001.1,PM2.5,http://dd.eionet.europa.eu/vocabulary/aq/pollutant/6001,hour,3.3784499100,µg/m3,2018-12-23 07:00:00 +01:00,2018-12-23 08:00:00 +01:00,1,1
AT,AT.0008.20.AQ,NET.09,STA.09.AKC,,SPO.09.AKC.5066.6001.1,SPP.09.AKC.5066.6001.1.11325,SAM.09.AKC.5066.6001.1,PM2.5,http://dd.eionet.europa.eu/vocabulary/aq/pollutant/6001,hour,3.2512998500,µg/m3,2018-12-23 09:00:00 +01:00,2018-12-23 10:00:00 +01:00,1,1
AT,AT.0008.20.AQ,NET.09,STA.09.AKC,,SPO.09.AKC.5066.6001.1,SPP.09.AKC.5066.6001.1.11325,SAM.09.AKC.5066.6001.1,PM2.5,http://dd.eionet.europa.eu/vocabulary/aq/pollutant/6001,hour,3.7023501300,µg/m3,2018-12-23 12:00:00 +01:00,2018-12-23 13:00:00 +01:00,1,1
AT,AT.0008.20.AQ,NET.09,STA.09.AKC,,SPO.09.AKC.5066.6001.1,SPP.09.AKC.5066.6001.1.11325,SAM.09.AKC.5066.6001.1,PM2.5,http://dd.eionet.europa.eu/vocabulary/aq/pollutant/6001,hour,4.4444499000,µg/m3,2018-12-23 13:00:00 +01:00,2018-12-23 14:00:00 +01:00,1,1
AT,AT.0008.20.AQ,NET.09,STA.09.AKC,,SPO.09.AKC.5066.6001.1,SPP.09.AKC.5066.6001.1.11325,SAM.09.AKC.5066.6001.1,PM2.5,http://dd.eionet.europa.eu/vocabulary/aq/pollutant/6001,hour,4.4433002400,µg/m3,2018-12-23 14:00:00 +01:00,2018-12-23 15:00:00 +01:00,1,1
AT,AT.0008.20.AQ,NET.09,STA.09.AKC,,SPO.09.AKC.5066.6001.1,SPP.09.AKC.5066.6001.1.11325,SAM.09.AKC.5066.6001.1,PM2.5,http://dd.eionet.europa.eu/vocabulary/aq/pollutant/6001,hour,5.7409496300,µg/m3,2018-12-23 16:00:00 +01:00,2018-12-23 17:00:00 +01:00,1,1
AT,AT.0008.20.AQ,NET.09,STA.09.AKC,,SPO.09.AKC.5066.6001.1,SPP.09.AKC.5066.6001.1.11325,SAM.09.AKC.5066.6001.1,PM2.5,http://dd.eionet.europa.eu/vocabulary/aq/pollutant/6001,hour,5.6232995900,µg/m3,2018-12-23 17:00:00 +01:00,2018-12-23 18:00:00 +01:00,1,1
AT,AT.0008.20.AQ,NET.09,STA.09.AKC,,SPO.09.AKC.5066.6001.1,SPP.09.AKC.5066.6001.1.11325,SAM.09.AKC.5066.6001.1,PM2.5,http://dd.eionet.europa.eu/vocabulary/aq/pollutant/6001,hour,5.2536497100,µg/m3,2018-12-23 20:00:00 +01:00,2018-12-23 21:00:00 +01:00,1,1
AT,AT.0008.20.AQ,NET.09,STA.09.AKC,,SPO.09.AKC.5066.6001.1,SPP.09.AKC.5066.6001.1.11325,SAM.09.AKC.5066.6001.1,PM2.5,http://dd.eionet.europa.eu/vocabulary/aq/pollutant/6001,hour,6.0668001100,µg/m3,2018-12-24 00:00:00 +01:00,2018-12-24 01:00:00 +01:00,1,1
AT,AT.0008.20.AQ,NET.09,STA.09.AKC,,SPO.09.AKC.5066.6001.1,SPP.09.AKC.5066.6001.1.11325,SAM.09.AKC.5066.6001.1,PM2.5,http://dd.eionet.europa.eu/vocabulary/aq/pollutant/6001,hour,6.1914000500,µg/m3,2018-12-24 01:00:00 +01:00,2018-12-24 02:00:00 +01:00,1,1
AT,AT.0008.20.AQ,NET.09,STA.09.AKC,,SPO.09.AKC.5066.6001.1,SPP.09.AKC.5066.6001.1.11325,SAM.09.AKC.5066.6001.1,PM2.5,http://dd.eionet.europa.eu/vocabulary/aq/pollutant/6001,hour,6.8277997900,µg/m3,2018-12-24 02:00:00 +01:00,2018-12-24 03:00:00 +01:00,1,1
AT,AT.0008.20.AQ,NET.09,STA.09.AKC,,SPO.09.AKC.5066.6001.1,SPP.09.AKC.5066.6001.1.11325,SAM.09.AKC.5066.6001.1,PM2.5,http://dd.eionet.europa.eu/vocabulary/aq/pollutant/6001,hour,5.8982501000,µg/m3,2018-12-24 03:00:00 +01:00,2018-12-24 04:00:00 +01:00,1,1
AT,AT.0008.20.AQ,NET.09,STA.09.AKC,,SPO.09.AKC.5066.6001.1,SPP.09.AKC.5066.6001.1.11325,SAM.09.AKC.5066.6001.1,PM2.5,http://dd.eionet.europa.eu/vocabulary/aq/pollutant/6001,hour,1.3928999900,µg/m3,2018-12-24 06:00:00 +01:00,2018-12-24 07:00:00 +01:00,1,1
AT,AT.0008.20.AQ,NET.09,STA.09.AKC,,SPO.09.AKC.5066.6001.1,SPP.09.AKC.5066.6001.1.11325,SAM.09.AKC.5066.6001.1,PM2.5,http://dd.eionet.europa.eu/vocabulary/aq/pollutant/6001,hour,1.3069000200,µg/m3,2018-12-24 07:00:00 +01:00,2018-12-24 08:00:00 +01:00,1,1
AT,AT.0008.20.AQ,NET.09,STA.09.AKC,,SPO.09.AKC.5066.6001.1,SPP.09.AKC.5066.6001.1.11325,SAM.09.AKC.5066.6001.1,PM2.5,http://dd.eionet.europa.eu/vocabulary/aq/pollutant/6001,hour,1.6561000300,µg/m3,2018-12-24 09:00:00 +01:00,2018-12-24 10:00:00 +01:00,1,1
AT,AT.0008.20.AQ,NET.09,STA.09.AKC,,SPO.09.AKC.5066.6001.1,SPP.09.AKC.5066.6001.1.11325,SAM.09.AKC.5066.6001.1,PM2.5,http://dd.eionet.europa.eu/vocabulary/aq/pollutant/6001,hour,1.8118000000,µg/m3,2018-12-24 10:00:00 +01:00,2018-12-24 11:00:00 +01:00,1,1
AT,AT.0008.20.AQ,NET.09,STA.09.AKC,,SPO.09.AKC.5066.6001.1,SPP.09.AKC.5066.6001.1.11325,SAM.09.AKC.5066.6001.1,PM2.5,http://dd.eionet.europa.eu/vocabulary/aq/pollutant/6001,hour,1.7457499500,µg/m3,2018-12-24 11:00:00 +01:00,2018-12-24 12:00:00 +01:00,1,1
AT,AT.0008.20.AQ,NET.09,STA.09.AKC,,SPO.09.AKC.5066.6001.1,SPP.09.AKC.5066.6001.1.11325,SAM.09.AKC.5066.6001.1,PM2.5,http://dd.eionet.europa.eu/vocabulary/aq/pollutant/6001,hour,2.6822500200,µg/m3,2018-12-24 14:00:00 +01:00,2018-12-24 15:00:00 +01:00,1,1
AT,AT.0008.20.AQ,NET.09,STA.09.AKC,,SPO.09.AKC.5066.6001.1,SPP.09.AKC.5066.6001.1.11325,SAM.09.AKC.5066.6001.1,PM2.5,http://dd.eionet.europa.eu/vocabulary/aq/pollutant/6001,hour,3.2726500000,µg/m3,2018-12-24 15:00:00 +01:00,2018-12-24 16:00:00 +01:00,1,1
AT,AT.0008.20.AQ,NET.09,STA.09.AKC,,SPO.09.AKC.5066.6001.1,SPP.09.AKC.5066.6001.1.11325,SAM.09.AKC.5066.6001.1,PM2.5,http://dd.eionet.europa.eu/vocabulary/aq/pollutant/6001,hour,3.6038999500,µg/m3,2018-12-24 16:00:00 +01:00,2018-12-24 17:00:00 +01:00,1,1
AT,AT.0008.20.AQ,NET.09,STA.09.AKC,,SPO.09.AKC.5066.6001.1,SPP.09.AKC.5066.6001.1.11325,SAM.09.AKC.5066.6001.1,PM2.5,http://dd.eionet.europa.eu/vocabulary/aq/pollutant/6001,hour,4.5940999900,µg/m3,2018-12-24 18:00:00 +01:00,2018-12-24 19:00:00 +01:00,1,1
AT,AT.0008.20.AQ,NET.09,STA.09.AKC,,SPO.09.AKC.5066.6001.1,SPP.09.AKC.5066.6001.1.11325,SAM.09.AKC.5066.6001.1,PM2.5,http://dd.eionet.europa.eu/vocabulary/aq/pollutant/6001,hour,4.9898500400,µg/m3,2018-12-24 19:00:00 +01:00,2018-12-24 20:00:00 +01:00,1,1
AT,AT.0008.20.AQ,NET.09,STA.09.AKC,,SPO.09.AKC.5066.6001.1,SPP.09.AKC.5066.6001.1.11325,SAM.09.AKC.5066.6001.1,PM2.5,http://dd.eionet.europa.eu/vocabulary/aq/pollutant/6001,hour,4.9446496900,µg/m3,2018-12-24 20:00:00 +01:00,2018-12-24 21:00:00 +01:00,1,1
AT,AT.0008.20.AQ,NET.09,STA.09.AKC,,SPO.09.AKC.5066.6001.1,SPP.09.AKC.5066.6001.1.11325,SAM.09.AKC.5066.6001.1,PM2.5,http://dd.eionet.europa.eu/vocabulary/aq/pollutant/6001,hour,4.8133001300,µg/m3,2018-12-24 23:00:00 +01:00,2018-12-25 00:00:00 +01:00,1,1
AT,AT.0008.20.AQ,NET.09,STA.09.AKC,,SPO.09.AKC.5066.6001.1,SPP.09.AKC.5066.6001.1.11325,SAM.09.AKC.5066.6001.1,PM2.5,http://dd.eionet.europa.eu/vocabulary/aq/pollutant/6001,hour,4.2425498900,µg/m3,2018-12-25 00:00:00 +01:00,2018-12-25 01:00:00 +01:00,1,1
AT,AT.0008.20.AQ,NET.09,STA.09.AKC,,SPO.09.AKC.5066.6001.1,SPP.09.AKC.5066.6001.1.11325,SAM.09.AKC.5066.6001.1,PM2.5,http://dd.eionet.europa.eu/vocabulary/aq/pollutant/6001,hour,4.0150499300,µg/m3,2018-12-25 02:00:00 +01:00,2018-12-25 03:00:00 +01:00,1,1
AT,AT.0008.20.AQ,NET.09,STA.09.AKC,,SPO.09.AKC.5066.6001.1,SPP.09.AKC.5066.6001.1.11325,SAM.09.AKC.5066.6001.1,PM2.5,http://dd.eionet.europa.eu/vocabulary/aq/pollutant/6001,hour,2.5218498700,µg/m3,2018-12-25 03:00:00 +01:00,2018-12-25 04:00:00 +01:00,1,1
AT,AT.0008.20.AQ,NET.09,STA.09.AKC,,SPO.09.AKC.5066.6001.1,SPP.09.AKC.5066.6001.1.11325,SAM.09.AKC.5066.6001.1,PM2.5,http://dd.eionet.europa.eu/vocabulary/aq/pollutant/6001,hour,2.2743999900,µg/m3,2018-12-25 04:00:00 +01:00,2018-12-25 05:00:00 +01:00,1,1
AT,AT.0008.20.AQ,NET.09,STA.09.AKC,,SPO.09.AKC.5066.6001.1,SPP.09.AKC.5066.6001.1.11325,SAM.09.AKC.5066.6001.1,PM2.5,http://dd.eionet.europa.eu/vocabulary/aq/pollutant/6001,hour,1.9561500500,µg/m3,2018-12-25 06:00:00 +01:00,2018-12-25 07:00:00 +01:00,1,1
AT,AT.0008.20.AQ,NET.09,STA.09.AKC,,SPO.09.AKC.5066.6001.1,SPP.09.AKC.5066.6001.1.11325,SAM.09.AKC.5066.6001.1,PM2.5,http://dd.eionet.europa.eu/vocabulary/aq/pollutant/6001,hour,2.0499999500,µg/m3,2018-12-25 07:00:00 +01:00,2018-12-25 08:00:00 +01:00,1,1
AT,AT.0008.20.AQ,NET.09,STA.09.AKC,,SPO.09.AKC.5066.6001.1,SPP.09.AKC.5066.6001.1.11325,SAM.09.AKC.5066.6001.1,PM2.5,http://dd.eionet.europa.eu/vocabulary/aq/pollutant/6001,hour,4.1048002200,µg/m3,2018-12-25 09:00:00 +01:00,2018-12-25 10:00:00 +01:00,1,1
AT,AT.0008.20.AQ,NET.09,STA.09.AKC,,SPO.09.AKC.5066.6001.1,SPP.09.AKC.5066.6001.1.11325,SAM.09.AKC.5066.6001.1,PM2.5,http://dd.eionet.europa.eu/vocabulary/aq/pollutant/6001,hour,5.2885999600,µg/m3,2018-12-25 10:00:00 +01:00,2018-12-25 11:00:00 +01:00,1,1
AT,AT.0008.20.AQ,NET.09,STA.09.AKC,,SPO.09.AKC.5066.6001.1,SPP.09.AKC.5066.6001.1.11325,SAM.09.AKC.5066.6001.1,PM2.5,http://dd.eionet.europa.eu/vocabulary/aq/pollutant/6001,hour,5.5018997100,µg/m3,2018-12-25 13:00:00 +01:00,2018-12-25 14:00:00 +01:00,1,1
AT,AT.0008.20.AQ,NET.09,STA.09.AKC,,SPO.09.AKC.5066.6001.1,SPP.09.AKC.5066.6001.1.11325,SAM.09.AKC.5066.6001.1,PM2.5,http://dd.eionet.europa.eu/vocabulary/aq/pollutant/6001,hour,5.8566498700,µg/m3,2018-12-25 14:00:00 +01:00,2018-12-25 15:00:00 +01:00,1,1
AT,AT.0008.20.AQ,NET.09,STA.09.AKC,,SPO.09.AKC.5066.6001.1,SPP.09.AKC.5066.6001.1.11325,SAM.09.AKC.5066.6001.1,PM2.5,http://dd.eionet.europa.eu/vocabulary/aq/pollutant/6001,hour,6.3664503000,µg/m3,2018-12-25 15:00:00 +01:00,2018-12-25 16:00:00 +01:00,1,1
AT,AT.0008.20.AQ,NET.09,STA.09.AKC,,SPO.09.AKC.5066.6001.1,SPP.09.AKC.5066.6001.1.11325,SAM.09.AKC.5066.6001.1,PM2.5,http://dd.eionet.europa.eu/vocabulary/aq/pollutant/6001,hour,6.9052500700,µg/m3,2018-12-25 19:00:00 +01:00,2018-12-25 20:00:00 +01:00,1,1
AT,AT.0008.20.AQ,NET.09,STA.09.AKC,,SPO.09.AKC.5066.6001.1,SPP.09.AKC.5066.6001.1.11325,SAM.09.AKC.5066.6001.1,PM2.5,http://dd.eionet.europa.eu/vocabulary/aq/pollutant/6001,hour,7.9029998700,µg/m3,2018-12-25 23:00:00 +01:00,2018-12-26 00:00:00 +01:00,1,1
AT,AT.0008.20.AQ,NET.09,STA.09.AKC,,SPO.09.AKC.5066.6001.1,SPP.09.AKC.5066.6001.1.11325,SAM.09.AKC.5066.6001.1,PM2.5,http://dd.eionet.europa.eu/vocabulary/aq/pollutant/6001,hour,7.8820500300,µg/m3,2018-12-26 00:00:00 +01:00,2018-12-26 01:00:00 +01:00,1,1
AT,AT.0008.20.AQ,NET.09,STA.09.AKC,,SPO.09.AKC.5066.6001.1,SPP.09.AKC.5066.6001.1.11325,SAM.09.AKC.5066.6001.1,PM2.5,http://dd.eionet.europa.eu/vocabulary/aq/pollutant/6001,hour,9.8619003200,µg/m3,2018-12-26 05:00:00 +01:00,2018-12-26 06:00:00 +01:00,1,1
AT,AT.0008.20.AQ,NET.09,STA.09.AKC,,SPO.09.AKC.5066.6001.1,SPP.09.AKC.5066.6001.1.11325,SAM.09.AKC.5066.6001.1,PM2.5,http://dd.eionet.europa.eu/vocabulary/aq/pollutant/6001,hour,8.7868499700,µg/m3,2018-12-26 07:00:00 +01:00,2018-12-26 08:00:00 +01:00,1,1
AT,AT.0008.20.AQ,NET.09,STA.09.AKC,,SPO.09.AKC.5066.6001.1,SPP.09.AKC.5066.6001.1.11325,SAM.09.AKC.5066.6001.1,PM2.5,http://dd.eionet.europa.eu/vocabulary/aq/pollutant/6001,hour,8.7922496700,µg/m3,2018-12-26 08:00:00 +01:00,2018-12-26 09:00:00 +01:00,1,1
AT,AT.0008.20.AQ,NET.09,STA.09.AKC,,SPO.09.AKC.5066.6001.1,SPP.09.AKC.5066.6001.1.11325,SAM.09.AKC.5066.6001.1,PM2.5,http://dd.eionet.europa.eu/vocabulary/aq/pollutant/6001,hour,8.2606506300,µg/m3,2018-12-26 09:00:00 +01:00,2018-12-26 10:00:00 +01:00,1,1
AT,AT.0008.20.AQ,NET.09,STA.09.AKC,,SPO.09.AKC.5066.6001.1,SPP.09.AKC.5066.6001.1.11325,SAM.09.AKC.5066.6001.1,PM2.5,http://dd.eionet.europa.eu/vocabulary/aq/pollutant/6001,hour,8.2308998100,µg/m3,2018-12-26 10:00:00 +01:00,2018-12-26 11:00:00 +01:00,1,1
AT,AT.0008.20.AQ,NET.09,STA.09.AKC,,SPO.09.AKC.5066.6001.1,SPP.09.AKC.5066.6001.1.11325,SAM.09.AKC.5066.6001.1,PM2.5,http://dd.eionet.europa.eu/vocabulary/aq/pollutant/6001,hour,9.2206497100,µg/m3,2018-12-26 12:00:00 +01:00,2018-12-26 13:00:00 +01:00,1,1
AT,AT.0008.20.AQ,NET.09,STA.09.AKC,,SPO.09.AKC.5066.6001.1,SPP.09.AKC.5066.6001.1.11325,SAM.09.AKC.5066.6001.1,PM2.5,http://dd.eionet.europa.eu/vocabulary/aq/pollutant/6001,hour,10.7539997100,µg/m3,2018-12-26 14:00:00 +01:00,2018-12-26 15:00:00 +01:00,1,1
AT,AT.0008.20.AQ,NET.09,STA.09.AKC,,SPO.09.AKC.5066.6001.1,SPP.09.AKC.5066.6001.1.11325,SAM.09.AKC.5066.6001.1,PM2.5,http://dd.eionet.europa.eu/vocabulary/aq/pollutant/6001,hour,11.1205005600,µg/m3,2018-12-26 15:00:00 +01:00,2018-12-26 16:00:00 +01:00,1,1
AT,AT.0008.20.AQ,NET.09,STA.09.AKC,,SPO.09.AKC.5066.6001.1,SPP.09.AKC.5066.6001.1.11325,SAM.09.AKC.5066.6001.1,PM2.5,http://dd.eionet.europa.eu/vocabulary/aq/pollutant/6001,hour,12.0295000000,µg/m3,2018-12-26 17:00:00 +01:00,2018-12-26 18:00:00 +01:00,1,1
AT,AT.0008.20.AQ,NET.09,STA.09.AKC,,SPO.09.AKC.5066.6001.1,SPP.09.AKC.5066.6001.1.11325,SAM.09.AKC.5066.6001.1,PM2.5,http://dd.eionet.europa.eu/vocabulary/aq/pollutant/6001,hour,12.6789999000,µg/m3,2018-12-26 18:00:00 +01:00,2018-12-26 19:00:00 +01:00,1,1
AT,AT.0008.20.AQ,NET.09,STA.09.AKC,,SPO.09.AKC.5066.6001.1,SPP.09.AKC.5066.6001.1.11325,SAM.09.AKC.5066.6001.1,PM2.5,http://dd.eionet.europa.eu/vocabulary/aq/pollutant/6001,hour,12.5174999200,µg/m3,2018-12-26 19:00:00 +01:00,2018-12-26 20:00:00 +01:00,1,1
AT,AT.0008.20.AQ,NET.09,STA.09.AKC,,SPO.09.AKC.5066.6001.1,SPP.09.AKC.5066.6001.1.11325,SAM.09.AKC.5066.6001.1,PM2.5,http://dd.eionet.europa.eu/vocabulary/aq/pollutant/6001,hour,12.3859996700,µg/m3,2018-12-26 20:00:00 +01:00,2018-12-26 21:00:00 +01:00,1,1
AT,AT.0008.20.AQ,NET.09,STA.09.AKC,,SPO.09.AKC.5066.6001.1,SPP.09.AKC.5066.6001.1.11325,SAM.09.AKC.5066.6001.1,PM2.5,http://dd.eionet.europa.eu/vocabulary/aq/pollutant/6001,hour,13.0144996600,µg/m3,2018-12-26 21:00:00 +01:00,2018-12-26 22:00:00 +01:00,1,1
AT,AT.0008.20.AQ,NET.09,STA.09.AKC,,SPO.09.AKC.5066.6001.1,SPP.09.AKC.5066.6001.1.11325,SAM.09.AKC.5066.6001.1,PM2.5,http://dd.eionet.europa.eu/vocabulary/aq/pollutant/6001,hour,13.5774993800,µg/m3,2018-12-26 22:00:00 +01:00,2018-12-26 23:00:00 +01:00,1,1
AT,AT.0008.20.AQ,NET.09,STA.09.AKC,,SPO.09.AKC.5066.6001.1,SPP.09.AKC.5066.6001.1.11325,SAM.09.AKC.5066.6001.1,PM2.5,http://dd.eionet.europa.eu/vocabulary/aq/pollutant/6001,hour,13.8789997100,µg/m3,2018-12-26 23:00:00 +01:00,2018-12-27 00:00:00 +01:00,1,1
AT,AT.0008.20.AQ,NET.09,STA.09.AKC,,SPO.09.AKC.5066.6001.1,SPP.09.AKC.5066.6001.1.11325,SAM.09.AKC.5066.6001.1,PM2.5,http://dd.eionet.europa.eu/vocabulary/aq/pollutant/6001,hour,13.9359998700,µg/m3,2018-12-27 00:00:00 +01:00,2018-12-27 01:00:00 +01:00,1,1
AT,AT.0008.20.AQ,NET.09,STA.09.AKC,,SPO.09.AKC.5066.6001.1,SPP.09.AKC.5066.6001.1.11325,SAM.09.AKC.5066.6001.1,PM2.5,http://dd.eionet.europa.eu/vocabulary/aq/pollutant/6001,hour,12.2615003500,µg/m3,2018-12-27 01:00:00 +01:00,2018-12-27 02:00:00 +01:00,1,1
AT,AT.0008.20.AQ,NET.09,STA.09.AKC,,SPO.09.AKC.5066.6001.1,SPP.09.AKC.5066.6001.1.11325,SAM.09.AKC.5066.6001.1,PM2.5,http://dd.eionet.europa.eu/vocabulary/aq/pollutant/6001,hour,11.2065000500,µg/m3,2018-12-27 02:00:00 +01:00,2018-12-27 03:00:00 +01:00,1,1
AT,AT.0008.20.AQ,NET.09,STA.09.AKC,,SPO.09.AKC.5066.6001.1,SPP.09.AKC.5066.6001.1.11325,SAM.09.AKC.5066.6001.1,PM2.5,http://dd.eionet.europa.eu/vocabulary/aq/pollutant/6001,hour,11.5264997400,µg/m3,2018-12-27 03:00:00 +01:00,2018-12-27 04:00:00 +01:00,1,1
AT,AT.0008.20.AQ,NET.09,STA.09.AKC,,SPO.09.AKC.5066.6001.1,SPP.09.AKC.5066.6001.1.11325,SAM.09.AKC.5066.6001.1,PM2.5,http://dd.eionet.europa.eu/vocabulary/aq/pollutant/6001,hour,10.5069999600,µg/m3,2018-12-27 04:00:00 +01:00,2018-12-27 05:00:00 +01:00,1,1
AT,AT.0008.20.AQ,NET.09,STA.09.AKC,,SPO.09.AKC.5066.6001.1,SPP.09.AKC.5066.6001.1.11325,SAM.09.AKC.5066.6001.1,PM2.5,http://dd.eionet.europa.eu/vocabulary/aq/pollutant/6001,hour,10.2805004100,µg/m3,2018-12-27 05:00:00 +01:00,2018-12-27 06:00:00 +01:00,1,1
AT,AT.0008.20.AQ,NET.09,STA.09.AKC,,SPO.09.AKC.5066.6001.1,SPP.09.AKC.5066.6001.1.11325,SAM.09.AKC.5066.6001.1,PM2.5,http://dd.eionet.europa.eu/vocabulary/aq/pollutant/6001,hour,5.0210499700,µg/m3,2018-12-27 07:00:00 +01:00,2018-12-27 08:00:00 +01:00,1,1
AT,AT.0008.20.AQ,NET.09,STA.09.AKC,,SPO.09.AKC.5066.6001.1,SPP.09.AKC.5066.6001.1.11325,SAM.09.AKC.5066.6001.1,PM2.5,http://dd.eionet.europa.eu/vocabulary/aq/pollutant/6001,hour,4.5726003600,µg/m3,2018-12-27 10:00:00 +01:00,2018-12-27 11:00:00 +01:00,1,1
AT,AT.0008.20.AQ,NET.09,STA.09.AKC,,SPO.09.AKC.5066.6001.1,SPP.09.AKC.5066.6001.1.11325,SAM.09.AKC.5066.6001.1,PM2.5,http://dd.eionet.europa.eu/vocabulary/aq/pollutant/6001,hour,4.1543502800,µg/m3,2018-12-27 11:00:00 +01:00,2018-12-27 12:00:00 +01:00,1,1
AT,AT.0008.20.AQ,NET.09,STA.09.AKC,,SPO.09.AKC.5066.6001.1,SPP.09.AKC.5066.6001.1.11325,SAM.09.AKC.5066.6001.1,PM2.5,http://dd.eionet.europa.eu/vocabulary/aq/pollutant/6001,hour,4.5039000500,µg/m3,2018-12-27 12:00:00 +01:00,2018-12-27 13:00:00 +01:00,1,1
AT,AT.0008.20.AQ,NET.09,STA.09.AKC,,SPO.09.AKC.5066.6001.1,SPP.09.AKC.5066.6001.1.11325,SAM.09.AKC.5066.6001.1,PM2.5,http://dd.eionet.europa.eu/vocabulary/aq/pollutant/6001,hour,4.3977499000,µg/m3,2018-12-27 13:00:00 +01:00,2018-12-27 14:00:00 +01:00,1,1
AT,AT.0008.20.AQ,NET.09,STA.09.AKC,,SPO.09.AKC.5066.6001.1,SPP.09.AKC.5066.6001.1.11325,SAM.09.AKC.5066.6001.1,PM2.5,http://dd.eionet.europa.eu/vocabulary/aq/pollutant/6001,hour,3.9594998300,µg/m3,2018-12-27 15:00:00 +01:00,2018-12-27 16:00:00 +01:00,1,1
AT,AT.0008.20.AQ,NET.09,STA.09.AKC,,SPO.09.AKC.5066.6001.1,SPP.09.AKC.5066.6001.1.11325,SAM.09.AKC.5066.6001.1,PM2.5,http://dd.eionet.europa.eu/vocabulary/aq/pollutant/6001,hour,4.6946501700,µg/m3,2018-12-27 16:00:00 +01:00,2018-12-27 17:00:00 +01:00,1,1
AT,AT.0008.20.AQ,NET.09,STA.09.AKC,,SPO.09.AKC.5066.6001.1,SPP.09.AKC.5066.6001.1.11325,SAM.09.AKC.5066.6001.1,PM2.5,http://dd.eionet.europa.eu/vocabulary/aq/pollutant/6001,hour,5.9481496800,µg/m3,2018-12-27 17:00:00 +01:00,2018-12-27 18:00:00 +01:00,1,1
AT,AT.0008.20.AQ,NET.09,STA.09.AKC,,SPO.09.AKC.5066.6001.1,SPP.09.AKC.5066.6001.1.11325,SAM.09.AKC.5066.6001.1,PM2.5,http://dd.eionet.europa.eu/vocabulary/aq/pollutant/6001,hour,8.7631998000,µg/m3,2018-12-27 19:00:00 +01:00,2018-12-27 20:00:00 +01:00,1,1
AT,AT.0008.20.AQ,NET.09,STA.09.AKC,,SPO.09.AKC.5066.6001.1,SPP.09.AKC.5066.6001.1.11325,SAM.09.AKC.5066.6001.1,PM2.5,http://dd.eionet.europa.eu/vocabulary/aq/pollutant/6001,hour,7.6927499700,µg/m3,2018-12-27 20:00:00 +01:00,2018-12-27 21:00:00 +01:00,1,1
AT,AT.0008.20.AQ,NET.09,STA.09.AKC,,SPO.09.AKC.5066.6001.1,SPP.09.AKC.5066.6001.1.11325,SAM.09.AKC.5066.6001.1,PM2.5,http://dd.eionet.europa.eu/vocabulary/aq/pollutant/6001,hour,11.3819999600,µg/m3,2018-12-27 22:00:00 +01:00,2018-12-27 23:00:00 +01:00,1,1
AT,AT.0008.20.AQ,NET.09,STA.09.AKC,,SPO.09.AKC.5066.6001.1,SPP.09.AKC.5066.6001.1.11325,SAM.09.AKC.5066.6001.1,PM2.5,http://dd.eionet.europa.eu/vocabulary/aq/pollutant/6001,hour,12.9720001200,µg/m3,2018-12-27 23:00:00 +01:00,2018-12-28 00:00:00 +01:00,1,1
AT,AT.0008.20.AQ,NET.09,STA.09.AKC,,SPO.09.AKC.5066.6001.1,SPP.09.AKC.5066.6001.1.11325,SAM.09.AKC.5066.6001.1,PM2.5,http://dd.eionet.europa.eu/vocabulary/aq/pollutant/6001,hour,10.3059997500,µg/m3,2018-12-28 00:00:00 +01:00,2018-12-28 01:00:00 +01:00,1,1
AT,AT.0008.20.AQ,NET.09,STA.09.AKC,,SPO.09.AKC.5066.6001.1,SPP.09.AKC.5066.6001.1.11325,SAM.09.AKC.5066.6001.1,PM2.5,http://dd.eionet.europa.eu/vocabulary/aq/pollutant/6001,hour,11.0404996800,µg/m3,2018-12-28 01:00:00 +01:00,2018-12-28 02:00:00 +01:00,1,1
AT,AT.0008.20.AQ,NET.09,STA.09.AKC,,SPO.09.AKC.5066.6001.1,SPP.09.AKC.5066.6001.1.11325,SAM.09.AKC.5066.6001.1,PM2.5,http://dd.eionet.europa.eu/vocabulary/aq/pollutant/6001,hour,9.0853996200,µg/m3,2018-12-28 03:00:00 +01:00,2018-12-28 04:00:00 +01:00,1,1
AT,AT.0008.20.AQ,NET.09,STA.09.AKC,,SPO.09.AKC.5066.6001.1,SPP.09.AKC.5066.6001.1.11325,SAM.09.AKC.5066.6001.1,PM2.5,http://dd.eionet.europa.eu/vocabulary/aq/pollutant/6001,hour,6.8000001900,µg/m3,2018-12-28 07:00:00 +01:00,2018-12-28 08:00:00 +01:00,1,1
AT,AT.0008.20.AQ,NET.09,STA.09.AKC,,SPO.09.AKC.5066.6001.1,SPP.09.AKC.5066.6001.1.11325,SAM.09.AKC.5066.6001.1,PM2.5,http://dd.eionet.europa.eu/vocabulary/aq/pollutant/6001,hour,7.8180499000,µg/m3,2018-12-28 12:00:00 +01:00,2018-12-28 13:00:00 +01:00,1,1
AT,AT.0008.20.AQ,NET.09,STA.09.AKC,,SPO.09.AKC.5066.6001.1,SPP.09.AKC.5066.6001.1.11325,SAM.09.AKC.5066.6001.1,PM2.5,http://dd.eionet.europa.eu/vocabulary/aq/pollutant/6001,hour,8.8568992600,µg/m3,2018-12-28 13:00:00 +01:00,2018-12-28 14:00:00 +01:00,1,1
AT,AT.0008.20.AQ,NET.09,STA.09.AKC,,SPO.09.AKC.5066.6001.1,SPP.09.AKC.5066.6001.1.11325,SAM.09.AKC.5066.6001.1,PM2.5,http://dd.eionet.europa.eu/vocabulary/aq/pollutant/6001,hour,9.5859498900,µg/m3,2018-12-28 14:00:00 +01:00,2018-12-28 15:00:00 +01:00,1,1
AT,AT.0008.20.AQ,NET.09,STA.09.AKC,,SPO.09.AKC.5066.6001.1,SPP.09.AKC.5066.6001.1.11325,SAM.09.AKC.5066.6001.1,PM2.5,http://dd.eionet.europa.eu/vocabulary/aq/pollutant/6001,hour,9.8450498500,µg/m3,2018-12-28 15:00:00 +01:00,2018-12-28 16:00:00 +01:00,1,1
AT,AT.0008.20.AQ,NET.09,STA.09.AKC,,SPO.09.AKC.5066.6001.1,SPP.09.AKC.5066.6001.1.11325,SAM.09.AKC.5066.6001.1,PM2.5,http://dd.eionet.europa.eu/vocabulary/aq/pollutant/6001,hour,13.8854999500,µg/m3,2018-12-28 17:00:00 +01:00,2018-12-28 18:00:00 +01:00,1,1
AT,AT.0008.20.AQ,NET.09,STA.09.AKC,,SPO.09.AKC.5066.6001.1,SPP.09.AKC.5066.6001.1.11325,SAM.09.AKC.5066.6001.1,PM2.5,http://dd.eionet.europa.eu/vocabulary/aq/pollutant/6001,hour,15.1995000800,µg/m3,2018-12-28 18:00:00 +01:00,2018-12-28 19:00:00 +01:00,1,1
AT,AT.0008.20.AQ,NET.09,STA.09.AKC,,SPO.09.AKC.5066.6001.1,SPP.09.AKC.5066.6001.1.11325,SAM.09.AKC.5066.6001.1,PM2.5,http://dd.eionet.europa.eu/vocabulary/aq/pollutant/6001,hour,14.6405000600,µg/m3,2018-12-28 19:00:00 +01:00,2018-12-28 20:00:00 +01:00,1,1
AT,AT.0008.20.AQ,NET.09,STA.09.AKC,,SPO.09.AKC.5066.6001.1,SPP.09.AKC.5066.6001.1.11325,SAM.09.AKC.5066.6001.1,PM2.5,http://dd.eionet.europa.eu/vocabulary/aq/pollutant/6001,hour,13.8859996700,µg/m3,2018-12-28 21:00:00 +01:00,2018-12-28 22:00:00 +01:00,1,1
AT,AT.0008.20.AQ,NET.09,STA.09.AKC,,SPO.09.AKC.5066.6001.1,SPP.09.AKC.5066.6001.1.11325,SAM.09.AKC.5066.6001.1,PM2.5,http://dd.eionet.europa.eu/vocabulary/aq/pollutant/6001,hour,12.1604995700,µg/m3,2018-12-28 22:00:00 +01:00,2018-12-28 23:00:00 +01:00,1,1
AT,AT.0008.20.AQ,NET.09,STA.09.AKC,,SPO.09.AKC.5066.6001.1,SPP.09.AKC.5066.6001.1.11325,SAM.09.AKC.5066.6001.1,PM2.5,http://dd.eionet.europa.eu/vocabulary/aq/pollutant/6001,hour,16.2665004700,µg/m3,2018-12-29 01:00:00 +01:00,2018-12-29 02:00:00 +01:00,1,1
AT,AT.0008.20.AQ,NET.09,STA.09.AKC,,SPO.09.AKC.5066.6001.1,SPP.09.AKC.5066.6001.1.11325,SAM.09.AKC.5066.6001.1,PM2.5,http://dd.eionet.europa.eu/vocabulary/aq/pollutant/6001,hour,17.6349983200,µg/m3,2018-12-29 02:00:00 +01:00,2018-12-29 03:00:00 +01:00,1,1
AT,AT.0008.20.AQ,NET.09,STA.09.AKC,,SPO.09.AKC.5066.6001.1,SPP.09.AKC.5066.6001.1.11325,SAM.09.AKC.5066.6001.1,PM2.5,http://dd.eionet.europa.eu/vocabulary/aq/pollutant/6001,hour,17.0270004200,µg/m3,2018-12-29 03:00:00 +01:00,2018-12-29 04:00:00 +01:00,1,1
AT,AT.0008.20.AQ,NET.09,STA.09.AKC,,SPO.09.AKC.5066.6001.1,SPP.09.AKC.5066.6001.1.11325,SAM.09.AKC.5066.6001.1,PM2.5,http://dd.eionet.europa.eu/vocabulary/aq/pollutant/6001,hour,18.4020004200,µg/m3,2018-12-29 04:00:00 +01:00,2018-12-29 05:00:00 +01:00,1,1
AT,AT.0008.20.AQ,NET.09,STA.09.AKC,,SPO.09.AKC.5066.6001.1,SPP.09.AKC.5066.6001.1.11325,SAM.09.AKC.5066.6001.1,PM2.5,http://dd.eionet.europa.eu/vocabulary/aq/pollutant/6001,hour,20.3295001900,µg/m3,2018-12-29 05:00:00 +01:00,2018-12-29 06:00:00 +01:00,1,1
AT,AT.0008.20.AQ,NET.09,STA.09.AKC,,SPO.09.AKC.5066.6001.1,SPP.09.AKC.5066.6001.1.11325,SAM.09.AKC.5066.6001.1,PM2.5,http://dd.eionet.europa.eu/vocabulary/aq/pollutant/6001,hour,20.4944992000,µg/m3,2018-12-29 06:00:00 +01:00,2018-12-29 07:00:00 +01:00,1,1
AT,AT.0008.20.AQ,NET.09,STA.09.AKC,,SPO.09.AKC.5066.6001.1,SPP.09.AKC.5066.6001.1.11325,SAM.09.AKC.5066.6001.1,PM2.5,http://dd.eionet.europa.eu/vocabulary/aq/pollutant/6001,hour,18.9575004500,µg/m3,2018-12-29 09:00:00 +01:00,2018-12-29 10:00:00 +01:00,1,1
AT,AT.0008.20.AQ,NET.09,STA.09.AKC,,SPO.09.AKC.5066.6001.1,SPP.09.AKC.5066.6001.1.11325,SAM.09.AKC.5066.6001.1,PM2.5,http://dd.eionet.europa.eu/vocabulary/aq/pollutant/6001,hour,19.3429985000,µg/m3,2018-12-29 10:00:00 +01:00,2018-12-29 11:00:00 +01:00,1,1
AT,AT.0008.20.AQ,NET.09,STA.09.AKC,,SPO.09.AKC.5066.6001.1,SPP.09.AKC.5066.6001.1.11325,SAM.09.AKC.5066.6001.1,PM2.5,http://dd.eionet.europa.eu/vocabulary/aq/pollutant/6001,hour,17.3455009400,µg/m3,2018-12-29 12:00:00 +01:00,2018-12-29 13:00:00 +01:00,1,1
AT,AT.0008.20.AQ,NET.09,STA.09.AKC,,SPO.09.AKC.5066.6001.1,SPP.09.AKC.5066.6001.1.11325,SAM.09.AKC.5066.6001.1,PM2.5,http://dd.eionet.europa.eu/vocabulary/aq/pollutant/6001,hour,20.7620010300,µg/m3,2018-12-29 13:00:00 +01:00,2018-12-29 14:00:00 +01:00,1,1
AT,AT.0008.20.AQ,NET.09,STA.09.AKC,,SPO.09.AKC.5066.6001.1,SPP.09.AKC.5066.6001.1.11325,SAM.09.AKC.5066.6001.1,PM2.5,http://dd.eionet.europa.eu/vocabulary/aq/pollutant/6001,hour,17.9174995400,µg/m3,2018-12-29 14:00:00 +01:00,2018-12-29 15:00:00 +01:00,1,1
AT,AT.0008.20.AQ,NET.09,STA.09.AKC,,SPO.09.AKC.5066.6001.1,SPP.09.AKC.5066.6001.1.11325,SAM.09.AKC.5066.6001.1,PM2.5,http://dd.eionet.europa.eu/vocabulary/aq/pollutant/6001,hour,17.6319999600,µg/m3,2018-12-29 15:00:00 +01:00,2018-12-29 16:00:00 +01:00,1,1
AT,AT.0008.20.AQ,NET.09,STA.09.AKC,,SPO.09.AKC.5066.6001.1,SPP.09.AKC.5066.6001.1.11325,SAM.09.AKC.5066.6001.1,PM2.5,http://dd.eionet.europa.eu/vocabulary/aq/pollutant/6001,hour,14.8134994500,µg/m3,2018-12-29 18:00:00 +01:00,2018-12-29 19:00:00 +01:00,1,1
AT,AT.0008.20.AQ,NET.09,STA.09.AKC,,SPO.09.AKC.5066.6001.1,SPP.09.AKC.5066.6001.1.11325,SAM.09.AKC.5066.6001.1,PM2.5,http://dd.eionet.europa.eu/vocabulary/aq/pollutant/6001,hour,14.0745000800,µg/m3,2018-12-29 19:00:00 +01:00,2018-12-29 20:00:00 +01:00,1,1
AT,AT.0008.20.AQ,NET.09,STA.09.AKC,,SPO.09.AKC.5066.6001.1,SPP.09.AKC.5066.6001.1.11325,SAM.09.AKC.5066.6001.1,PM2.5,http://dd.eionet.europa.eu/vocabulary/aq/pollutant/6001,hour,11.9685001300,µg/m3,2018-12-29 20:00:00 +01:00,2018-12-29 21:00:00 +01:00,1,1
AT,AT.0008.20.AQ,NET.09,STA.09.AKC,,SPO.09.AKC.5066.6001.1,SPP.09.AKC.5066.6001.1.11325,SAM.09.AKC.5066.6001.1,PM2.5,http://dd.eionet.europa.eu/vocabulary/aq/pollutant/6001,hour,10.6529998700,µg/m3,2018-12-29 21:00:00 +01:00,2018-12-29 22:00:00 +01:00,1,1
AT,AT.0008.20.AQ,NET.09,STA.09.AKC,,SPO.09.AKC.5066.6001.1,SPP.09.AKC.5066.6001.1.11325,SAM.09.AKC.5066.6001.1,PM2.5,http://dd.eionet.europa.eu/vocabulary/aq/pollutant/6001,hour,11.6614999700,µg/m3,2018-12-29 22:00:00 +01:00,2018-12-29 23:00:00 +01:00,1,1
AT,AT.0008.20.AQ,NET.09,STA.09.AKC,,SPO.09.AKC.5066.6001.1,SPP.09.AKC.5066.6001.1.11325,SAM.09.AKC.5066.6001.1,PM2.5,http://dd.eionet.europa.eu/vocabulary/aq/pollutant/6001,hour,14.5750007600,µg/m3,2018-12-29 23:00:00 +01:00,2018-12-30 00:00:00 +01:00,1,1
AT,AT.0008.20.AQ,NET.09,STA.09.AKC,,SPO.09.AKC.5066.6001.1,SPP.09.AKC.5066.6001.1.11325,SAM.09.AKC.5066.6001.1,PM2.5,http://dd.eionet.europa.eu/vocabulary/aq/pollutant/6001,hour,14.3105001400,µg/m3,2018-12-30 00:00:00 +01:00,2018-12-30 01:00:00 +01:00,1,1
AT,AT.0008.20.AQ,NET.09,STA.09.AKC,,SPO.09.AKC.5066.6001.1,SPP.09.AKC.5066.6001.1.11325,SAM.09.AKC.5066.6001.1,PM2.5,http://dd.eionet.europa.eu/vocabulary/aq/pollutant/6001,hour,12.9559993700,µg/m3,2018-12-30 01:00:00 +01:00,2018-12-30 02:00:00 +01:00,1,1
AT,AT.0008.20.AQ,NET.09,STA.09.AKC,,SPO.09.AKC.5066.6001.1,SPP.09.AKC.5066.6001.1.11325,SAM.09.AKC.5066.6001.1,PM2.5,http://dd.eionet.europa.eu/vocabulary/aq/pollutant/6001,hour,14.5049991600,µg/m3,2018-12-30 02:00:00 +01:00,2018-12-30 03:00:00 +01:00,1,1
AT,AT.0008.20.AQ,NET.09,STA.09.AKC,,SPO.09.AKC.5066.6001.1,SPP.09.AKC.5066.6001.1.11325,SAM.09.AKC.5066.6001.1,PM2.5,http://dd.eionet.europa.eu/vocabulary/aq/pollutant/6001,hour,13.4910001700,µg/m3,2018-12-30 03:00:00 +01:00,2018-12-30 04:00:00 +01:00,1,1
AT,AT.0008.20.AQ,NET.09,STA.09.AKC,,SPO.09.AKC.5066.6001.1,SPP.09.AKC.5066.6001.1.11325,SAM.09.AKC.5066.6001.1,PM2.5,http://dd.eionet.europa.eu/vocabulary/aq/pollutant/6001,hour,8.4573497700,µg/m3,2018-12-30 04:00:00 +01:00,2018-12-30 05:00:00 +01:00,1,1
AT,AT.0008.20.AQ,NET.09,STA.09.AKC,,SPO.09.AKC.5066.6001.1,SPP.09.AKC.5066.6001.1.11325,SAM.09.AKC.5066.6001.1,PM2.5,http://dd.eionet.europa.eu/vocabulary/aq/pollutant/6001,hour,9.0628004000,µg/m3,2018-12-30 05:00:00 +01:00,2018-12-30 06:00:00 +01:00,1,1
AT,AT.0008.20.AQ,NET.09,STA.09.AKC,,SPO.09.AKC.5066.6001.1,SPP.09.AKC.5066.6001.1.11325,SAM.09.AKC.5066.6001.1,PM2.5,http://dd.eionet.europa.eu/vocabulary/aq/pollutant/6001,hour,9.0016002600,µg/m3,2018-12-30 06:00:00 +01:00,2018-12-30 07:00:00 +01:00,1,1
AT,AT.0008.20.AQ,NET.09,STA.09.AKC,,SPO.09.AKC.5066.6001.1,SPP.09.AKC.5066.6001.1.11325,SAM.09.AKC.5066.6001.1,PM2.5,http://dd.eionet.europa.eu/vocabulary/aq/pollutant/6001,hour,7.2759499500,µg/m3,2018-12-30 08:00:00 +01:00,2018-12-30 09:00:00 +01:00,1,1
AT,AT.0008.20.AQ,NET.09,STA.09.AKC,,SPO.09.AKC.5066.6001.1,SPP.09.AKC.5066.6001.1.11325,SAM.09.AKC.5066.6001.1,PM2.5,http://dd.eionet.europa.eu/vocabulary/aq/pollutant/6001,hour,3.6300501800,µg/m3,2018-12-30 12:00:00 +01:00,2018-12-30 13:00:00 +01:00,1,1
AT,AT.0008.20.AQ,NET.09,STA.09.AKC,,SPO.09.AKC.5066.6001.1,SPP.09.AKC.5066.6001.1.11325,SAM.09.AKC.5066.6001.1,PM2.5,http://dd.eionet.europa.eu/vocabulary/aq/pollutant/6001,hour,3.5419499800,µg/m3,2018-12-30 13:00:00 +01:00,2018-12-30 14:00:00 +01:00,1,1
AT,AT.0008.20.AQ,NET.09,STA.09.AKC,,SPO.09.AKC.5066.6001.1,SPP.09.AKC.5066.6001.1.11325,SAM.09.AKC.5066.6001.1,PM2.5,http://dd.eionet.europa.eu/vocabulary/aq/pollutant/6001,hour,4.9120502400,µg/m3,2018-12-30 15:00:00 +01:00,2018-12-30 16:00:00 +01:00,1,1
AT,AT.0008.20.AQ,NET.09,STA.09.AKC,,SPO.09.AKC.5066.6001.1,SPP.09.AKC.5066.6001.1.11325,SAM.09.AKC.5066.6001.1,PM2.5,http://dd.eionet.europa.eu/vocabulary/aq/pollutant/6001,hour,5.1428999900,µg/m3,2018-12-30 16:00:00 +01:00,2018-12-30 17:00:00 +01:00,1,1
AT,AT.0008.20.AQ,NET.09,STA.09.AKC,,SPO.09.AKC.5066.6001.1,SPP.09.AKC.5066.6001.1.11325,SAM.09.AKC.5066.6001.1,PM2.5,http://dd.eionet.europa.eu/vocabulary/aq/pollutant/6001,hour,4.2445497500,µg/m3,2018-12-30 18:00:00 +01:00,2018-12-30 19:00:00 +01:00,1,1
AT,AT.0008.20.AQ,NET.09,STA.09.AKC,,SPO.09.AKC.5066.6001.1,SPP.09.AKC.5066.6001.1.11325,SAM.09.AKC.5066.6001.1,PM2.5,http://dd.eionet.europa.eu/vocabulary/aq/pollutant/6001,hour,5.1231002800,µg/m3,2018-12-30 19:00:00 +01:00,2018-12-30 20:00:00 +01:00,1,1
AT,AT.0008.20.AQ,NET.09,STA.09.AKC,,SPO.09.AKC.5066.6001.1,SPP.09.AKC.5066.6001.1.11325,SAM.09.AKC.5066.6001.1,PM2.5,http://dd.eionet.europa.eu/vocabulary/aq/pollutant/6001,hour,3.6959500300,µg/m3,2018-12-31 00:00:00 +01:00,2018-12-31 01:00:00 +01:00,1,1
AT,AT.0008.20.AQ,NET.09,STA.09.AKC,,SPO.09.AKC.5066.6001.1,SPP.09.AKC.5066.6001.1.11325,SAM.09.AKC.5066.6001.1,PM2.5,http://dd.eionet.europa.eu/vocabulary/aq/pollutant/6001,hour,3.9049501400,µg/m3,2018-12-31 01:00:00 +01:00,2018-12-31 02:00:00 +01:00,1,1
AT,AT.0008.20.AQ,NET.09,STA.09.AKC,,SPO.09.AKC.5066.6001.1,SPP.09.AKC.5066.6001.1.11325,SAM.09.AKC.5066.6001.1,PM2.5,http://dd.eionet.europa.eu/vocabulary/aq/pollutant/6001,hour,3.4956498100,µg/m3,2018-12-31 02:00:00 +01:00,2018-12-31 03:00:00 +01:00,1,1
AT,AT.0008.20.AQ,NET.09,STA.09.AKC,,SPO.09.AKC.5066.6001.1,SPP.09.AKC.5066.6001.1.11325,SAM.09.AKC.5066.6001.1,PM2.5,http://dd.eionet.europa.eu/vocabulary/aq/pollutant/6001,hour,3.3130497900,µg/m3,2018-12-31 03:00:00 +01:00,2018-12-31 04:00:00 +01:00,1,1
AT,AT.0008.20.AQ,NET.09,STA.09.AKC,,SPO.09.AKC.5066.6001.1,SPP.09.AKC.5066.6001.1.11325,SAM.09.AKC.5066.6001.1,PM2.5,http://dd.eionet.europa.eu/vocabulary/aq/pollutant/6001,hour,3.5599999400,µg/m3,2018-12-31 04:00:00 +01:00,2018-12-31 05:00:00 +01:00,1,1
AT,AT.0008.20.AQ,NET.09,STA.09.AKC,,SPO.09.AKC.5066.6001.1,SPP.09.AKC.5066.6001.1.11325,SAM.09.AKC.5066.6001.1,PM2.5,http://dd.eionet.europa.eu/vocabulary/aq/pollutant/6001,hour,3.9459500300,µg/m3,2018-12-31 05:00:00 +01:00,2018-12-31 06:00:00 +01:00,1,1
AT,AT.0008.20.AQ,NET.09,STA.09.AKC,,SPO.09.AKC.5066.6001.1,SPP.09.AKC.5066.6001.1.11325,SAM.09.AKC.5066.6001.1,PM2.5,http://dd.eionet.europa.eu/vocabulary/aq/pollutant/6001,hour,4.4031000100,µg/m3,2018-12-31 07:00:00 +01:00,2018-12-31 08:00:00 +01:00,1,1
AT,AT.0008.20.AQ,NET.09,STA.09.AKC,,SPO.09.AKC.5066.6001.1,SPP.09.AKC.5066.6001.1.11325,SAM.09.AKC.5066.6001.1,PM2.5,http://dd.eionet.europa.eu/vocabulary/aq/pollutant/6001,hour,4.7213001200,µg/m3,2018-12-31 10:00:00 +01:00,2018-12-31 11:00:00 +01:00,1,1
AT,AT.0008.20.AQ,NET.09,STA.09.AKC,,SPO.09.AKC.5066.6001.1,SPP.09.AKC.5066.6001.1.11325,SAM.09.AKC.5066.6001.1,PM2.5,http://dd.eionet.europa.eu/vocabulary/aq/pollutant/6001,hour,4.9484996700,µg/m3,2018-12-31 11:00:00 +01:00,2018-12-31 12:00:00 +01:00,1,1
AT,AT.0008.20.AQ,NET.09,STA.09.AKC,,SPO.09.AKC.5066.6001.1,SPP.09.AKC.5066.6001.1.11325,SAM.09.AKC.5066.6001.1,PM2.5,http://dd.eionet.europa.eu/vocabulary/aq/pollutant/6001,hour,4.9133000300,µg/m3,2018-12-31 13:00:00 +01:00,2018-12-31 14:00:00 +01:00,1,1
AT,AT.0008.20.AQ,NET.09,STA.09.AKC,,SPO.09.AKC.5066.6001.1,SPP.09.AKC.5066.6001.1.11325,SAM.09.AKC.5066.6001.1,PM2.5,http://dd.eionet.europa.eu/vocabulary/aq/pollutant/6001,hour,5.3719501400,µg/m3,2018-12-31 16:00:00 +01:00,2018-12-31 17:00:00 +01:00,1,1
AT,AT.0008.20.AQ,NET.09,STA.09.AKC,,SPO.09.AKC.5066.6001.1,SPP.09.AKC.5066.6001.1.11325,SAM.09.AKC.5066.6001.1,PM2.5,http://dd.eionet.europa.eu/vocabulary/aq/pollutant/6001,hour,11.5863494800,µg/m3,2018-12-31 18:00:00 +01:00,2018-12-31 19:00:00 +01:00,1,1
AT,AT.0008.20.AQ,NET.09,STA.09.AKC,,SPO.09.AKC.5066.6001.1,SPP.09.AKC.5066.6001.1.11325,SAM.09.AKC.5066.6001.1,PM2.5,http://dd.eionet.europa.eu/vocabulary/aq/pollutant/6001,hour,15.4650001500,µg/m3,2018-12-31 19:00:00 +01:00,2018-12-31 20:00:00 +01:00,1,1
AT,AT.0008.20.AQ,NET.09,STA.09.AKC,,SPO.09.AKC.5066.6001.1,SPP.09.AKC.5066.6001.1.11325,SAM.09.AKC.5066.6001.1,PM2.5,http://dd.eionet.europa.eu/vocabulary/aq/pollutant/6001,hour,15.2539997100,µg/m3,2018-12-31 20:00:00 +01:00,2018-12-31 21:00:00 +01:00,1,1
AT,AT.0008.20.AQ,NET.09,STA.09.AKC,,SPO.09.AKC.5066.6001.1,SPP.09.AKC.5066.6001.1.11325,SAM.09.AKC.5066.6001.1,PM2.5,http://dd.eionet.europa.eu/vocabulary/aq/pollutant/6001,hour,15.1989994000,µg/m3,2018-12-31 21:00:00 +01:00,2018-12-31 22:00:00 +01:00,1,1
AT,AT.0008.20.AQ,NET.09,STA.09.AKC,,SPO.09.AKC.5066.6001.1,SPP.09.AKC.5066.6001.1.11325,SAM.09.AKC.5066.6001.1,PM2.5,http://dd.eionet.europa.eu/vocabulary/aq/pollutant/6001,hour,16.3260002100,µg/m3,2018-12-31 22:00:00 +01:00,2018-12-31 23:00:00 +01:00,1,1
AT,AT.0008.20.AQ,NET.09,STA.09.AKC,,SPO.09.AKC.5066.6001.1,SPP.09.AKC.5066.6001.1.11325,SAM.09.AKC.5066.6001.1,PM2.5,http://dd.eionet.europa.eu/vocabulary/aq/pollutant/6001,hour,20.0109996700,µg/m3,2018-12-31 23:00:00 +01:00,2019-01-01 00:00:00 +01:00,1,1
AT,AT.0008.20.AQ,NET.09,STA.09.AKC,,SPO.09.AKC.5066.6001.1,SPP.09.AKC.5066.6001.1.11325,SAM.09.AKC.5066.6001.1,PM2.5,http://dd.eionet.europa.eu/vocabulary/aq/pollutant/6001,hour,70.0984954700,µg/m3,2018-01-01 00:00:00 +01:00,2018-01-01 01:00:00 +01:00,1,1
AT,AT.0008.20.AQ,NET.09,STA.09.AKC,,SPO.09.AKC.5066.6001.1,SPP.09.AKC.5066.6001.1.11325,SAM.09.AKC.5066.6001.1,PM2.5,http://dd.eionet.europa.eu/vocabulary/aq/pollutant/6001,hour,21.4519996500,µg/m3,2018-01-01 07:00:00 +01:00,2018-01-01 08:00:00 +01:00,1,1
AT,AT.0008.20.AQ,NET.09,STA.09.AKC,,SPO.09.AKC.5066.6001.1,SPP.09.AKC.5066.6001.1.11325,SAM.09.AKC.5066.6001.1,PM2.5,http://dd.eionet.europa.eu/vocabulary/aq/pollutant/6001,hour,23.1529998600,µg/m3,2018-01-01 08:00:00 +01:00,2018-01-01 09:00:00 +01:00,1,1
AT,AT.0008.20.AQ,NET.09,STA.09.AKC,,SPO.09.AKC.5066.6001.1,SPP.09.AKC.5066.6001.1.11325,SAM.09.AKC.5066.6001.1,PM2.5,http://dd.eionet.europa.eu/vocabulary/aq/pollutant/6001,hour,9.1658000800,µg/m3,2018-01-01 10:00:00 +01:00,2018-01-01 11:00:00 +01:00,1,1
AT,AT.0008.20.AQ,NET.09,STA.09.AKC,,SPO.09.AKC.5066.6001.1,SPP.09.AKC.5066.6001.1.11325,SAM.09.AKC.5066.6001.1,PM2.5,http://dd.eionet.europa.eu/vocabulary/aq/pollutant/6001,hour,3.7926497300,µg/m3,2018-01-01 11:00:00 +01:00,2018-01-01 12:00:00 +01:00,1,1
AT,AT.0008.20.AQ,NET.09,STA.09.AKC,,SPO.09.AKC.5066.6001.1,SPP.09.AKC.5066.6001.1.11325,SAM.09.AKC.5066.6001.1,PM2.5,http://dd.eionet.europa.eu/vocabulary/aq/pollutant/6001,hour,2.7466001400,µg/m3,2018-01-01 13:00:00 +01:00,2018-01-01 14:00:00 +01:00,1,1
AT,AT.0008.20.AQ,NET.09,STA.09.AKC,,SPO.09.AKC.5066.6001.1,SPP.09.AKC.5066.6001.1.11325,SAM.09.AKC.5066.6001.1,PM2.5,http://dd.eionet.europa.eu/vocabulary/aq/pollutant/6001,hour,3.2108998100,µg/m3,2018-01-01 14:00:00 +01:00,2018-01-01 15:00:00 +01:00,1,1
AT,AT.0008.20.AQ,NET.09,STA.09.AKC,,SPO.09.AKC.5066.6001.1,SPP.09.AKC.5066.6001.1.11325,SAM.09.AKC.5066.6001.1,PM2.5,http://dd.eionet.europa.eu/vocabulary/aq/pollutant/6001,hour,8.3990497400,µg/m3,2018-01-01 19:00:00 +01:00,2018-01-01 20:00:00 +01:00,1,1
AT,AT.0008.20.AQ,NET.09,STA.09.AKC,,SPO.09.AKC.5066.6001.1,SPP.09.AKC.5066.6001.1.11325,SAM.09.AKC.5066.6001.1,PM2.5,http://dd.eionet.europa.eu/vocabulary/aq/pollutant/6001,hour,13.7215003800,µg/m3,2018-01-01 22:00:00 +01:00,2018-01-01 23:00:00 +01:00,1,1
AT,AT.0008.20.AQ,NET.09,STA.09.AKC,,SPO.09.AKC.5066.6001.1,SPP.09.AKC.5066.6001.1.11325,SAM.09.AKC.5066.6001.1,PM2.5,http://dd.eionet.europa.eu/vocabulary/aq/pollutant/6001,hour,16.3974990700,µg/m3,2018-01-01 23:00:00 +01:00,2018-01-02 00:00:00 +01:00,1,1
AT,AT.0008.20.AQ,NET.09,STA.09.AKC,,SPO.09.AKC.5066.6001.1,SPP.09.AKC.5066.6001.1.11325,SAM.09.AKC.5066.6001.1,PM2.5,http://dd.eionet.europa.eu/vocabulary/aq/pollutant/6001,hour,11.6135005800,µg/m3,2018-01-02 03:00:00 +01:00,2018-01-02 04:00:00 +01:00,1,1
AT,AT.0008.20.AQ,NET.09,STA.09.AKC,,SPO.09.AKC.5066.6001.1,SPP.09.AKC.5066.6001.1.11325,SAM.09.AKC.5066.6001.1,PM2.5,http://dd.eionet.europa.eu/vocabulary/aq/pollutant/6001,hour,10.8608493700,µg/m3,2018-01-02 04:00:00 +01:00,2018-01-02 05:00:00 +01:00,1,1
AT,AT.0008.20.AQ,NET.09,STA.09.AKC,,SPO.09.AKC.5066.6001.1,SPP.09.AKC.5066.6001.1.11325,SAM.09.AKC.5066.6001.1,PM2.5,http://dd.eionet.europa.eu/vocabulary/aq/pollutant/6001,hour,2.1564998500,µg/m3,2018-01-02 10:00:00 +01:00,2018-01-02 11:00:00 +01:00,1,1
AT,AT.0008.20.AQ,NET.09,STA.09.AKC,,SPO.09.AKC.5066.6001.1,SPP.09.AKC.5066.6001.1.11325,SAM.09.AKC.5066.6001.1,PM2.5,http://dd.eionet.europa.eu/vocabulary/aq/pollutant/6001,hour,3.3366498800,µg/m3,2018-01-02 17:00:00 +01:00,2018-01-02 18:00:00 +01:00,1,1
AT,AT.0008.20.AQ,NET.09,STA.09.AKC,,SPO.09.AKC.5066.6001.1,SPP.09.AKC.5066.6001.1.11325,SAM.09.AKC.5066.6001.1,PM2.5,http://dd.eionet.europa.eu/vocabulary/aq/pollutant/6001,hour,6.3480996900,µg/m3,2018-01-02 20:00:00 +01:00,2018-01-02 21:00:00 +01:00,1,1
AT,AT.0008.20.AQ,NET.09,STA.09.AKC,,SPO.09.AKC.5066.6001.1,SPP.09.AKC.5066.6001.1.11325,SAM.09.AKC.5066.6001.1,PM2.5,http://dd.eionet.europa.eu/vocabulary/aq/pollutant/6001,hour,6.8401002700,µg/m3,2018-01-02 22:00:00 +01:00,2018-01-02 23:00:00 +01:00,1,1
AT,AT.0008.20.AQ,NET.09,STA.09.AKC,,SPO.09.AKC.5066.6001.1,SPP.09.AKC.5066.6001.1.11325,SAM.09.AKC.5066.6001.1,PM2.5,http://dd.eionet.europa.eu/vocabulary/aq/pollutant/6001,hour,7.0382499500,µg/m3,2018-01-02 23:00:00 +01:00,2018-01-03 00:00:00 +01:00,1,1
AT,AT.0008.20.AQ,NET.09,STA.09.AKC,,SPO.09.AKC.5066.6001.1,SPP.09.AKC.5066.6001.1.11325,SAM.09.AKC.5066.6001.1,PM2.5,http://dd.eionet.europa.eu/vocabulary/aq/pollutant/6001,hour,5.4667997200,µg/m3,2018-01-03 02:00:00 +01:00,2018-01-03 03:00:00 +01:00,1,1
AT,AT.0008.20.AQ,NET.09,STA.09.AKC,,SPO.09.AKC.5066.6001.1,SPP.09.AKC.5066.6001.1.11325,SAM.09.AKC.5066.6001.1,PM2.5,http://dd.eionet.europa.eu/vocabulary/aq/pollutant/6001,hour,5.5815000400,µg/m3,2018-01-03 03:00:00 +01:00,2018-01-03 04:00:00 +01:00,1,1
AT,AT.0008.20.AQ,NET.09,STA.09.AKC,,SPO.09.AKC.5066.6001.1,SPP.09.AKC.5066.6001.1.11325,SAM.09.AKC.5066.6001.1,PM2.5,http://dd.eionet.europa.eu/vocabulary/aq/pollutant/6001,hour,4.2214498400,µg/m3,2018-01-03 06:00:00 +01:00,2018-01-03 07:00:00 +01:00,1,1
AT,AT.0008.20.AQ,NET.09,STA.09.AKC,,SPO.09.AKC.5066.6001.1,SPP.09.AKC.5066.6001.1.11325,SAM.09.AKC.5066.6001.1,PM2.5,http://dd.eionet.europa.eu/vocabulary/aq/pollutant/6001,hour,4.4141502200,µg/m3,2018-01-03 07:00:00 +01:00,2018-01-03 08:00:00 +01:00,1,1
AT,AT.0008.20.AQ,NET.09,STA.09.AKC,,SPO.09.AKC.5066.6001.1,SPP.09.AKC.5066.6001.1.11325,SAM.09.AKC.5066.6001.1,PM2.5,http://dd.eionet.europa.eu/vocabulary/aq/pollutant/6001,hour,4.6822500100,µg/m3,2018-01-03 09:00:00 +01:00,2018-01-03 10:00:00 +01:00,1,1
AT,AT.0008.20.AQ,NET.09,STA.09.AKC,,SPO.09.AKC.5066.6001.1,SPP.09.AKC.5066.6001.1.11325,SAM.09.AKC.5066.6001.1,PM2.5,http://dd.eionet.europa.eu/vocabulary/aq/pollutant/6001,hour,4.5086498100,µg/m3,2018-01-03 10:00:00 +01:00,2018-01-03 11:00:00 +01:00,1,1
AT,AT.0008.20.AQ,NET.09,STA.09.AKC,,SPO.09.AKC.5066.6001.1,SPP.09.AKC.5066.6001.1.11325,SAM.09.AKC.5066.6001.1,PM2.5,http://dd.eionet.europa.eu/vocabulary/aq/pollutant/6001,hour,4.6688003400,µg/m3,2018-01-03 11:00:00 +01:00,2018-01-03 12:00:00 +01:00,1,1
AT,AT.0008.20.AQ,NET.09,STA.09.AKC,,SPO.09.AKC.5066.6001.1,SPP.09.AKC.5066.6001.1.11325,SAM.09.AKC.5066.6001.1,PM2.5,http://dd.eionet.europa.eu/vocabulary/aq/pollutant/6001,hour,4.0828499600,µg/m3,2018-01-03 12:00:00 +01:00,2018-01-03 13:00:00 +01:00,1,1
AT,AT.0008.20.AQ,NET.09,STA.09.AKC,,SPO.09.AKC.5066.6001.1,SPP.09.AKC.5066.6001.1.11325,SAM.09.AKC.5066.6001.1,PM2.5,http://dd.eionet.europa.eu/vocabulary/aq/pollutant/6001,hour,3.0271000700,µg/m3,2018-01-03 14:00:00 +01:00,2018-01-03 15:00:00 +01:00,1,1
AT,AT.0008.20.AQ,NET.09,STA.09.AKC,,SPO.09.AKC.5066.6001.1,SPP.09.AKC.5066.6001.1.11325,SAM.09.AKC.5066.6001.1,PM2.5,http://dd.eionet.europa.eu/vocabulary/aq/pollutant/6001,hour,1.9648499300,µg/m3,2018-01-03 15:00:00 +01:00,2018-01-03 16:00:00 +01:00,1,1
AT,AT.0008.20.AQ,NET.09,STA.09.AKC,,SPO.09.AKC.5066.6001.1,SPP.09.AKC.5066.6001.1.11325,SAM.09.AKC.5066.6001.1,PM2.5,http://dd.eionet.europa.eu/vocabulary/aq/pollutant/6001,hour,2.0034501400,µg/m3,2018-01-03 18:00:00 +01:00,2018-01-03 19:00:00 +01:00,1,1
AT,AT.0008.20.AQ,NET.09,STA.09.AKC,,SPO.09.AKC.5066.6001.1,SPP.09.AKC.5066.6001.1.11325,SAM.09.AKC.5066.6001.1,PM2.5,http://dd.eionet.europa.eu/vocabulary/aq/pollutant/6001,hour,2.6812000100,µg/m3,2018-01-03 20:00:00 +01:00,2018-01-03 21:00:00 +01:00,1,1
AT,AT.0008.20.AQ,NET.09,STA.09.AKC,,SPO.09.AKC.5066.6001.1,SPP.09.AKC.5066.6001.1.11325,SAM.09.AKC.5066.6001.1,PM2.5,http://dd.eionet.europa.eu/vocabulary/aq/pollutant/6001,hour,3.1413001900,µg/m3,2018-01-04 02:00:00 +01:00,2018-01-04 03:00:00 +01:00,1,1
AT,AT.0008.20.AQ,NET.09,STA.09.AKC,,SPO.09.AKC.5066.6001.1,SPP.09.AKC.5066.6001.1.11325,SAM.09.AKC.5066.6001.1,PM2.5,http://dd.eionet.europa.eu/vocabulary/aq/pollutant/6001,hour,3.2600998700,µg/m3,2018-01-04 03:00:00 +01:00,2018-01-04 04:00:00 +01:00,1,1
AT,AT.0008.20.AQ,NET.09,STA.09.AKC,,SPO.09.AKC.5066.6001.1,SPP.09.AKC.5066.6001.1.11325,SAM.09.AKC.5066.6001.1,PM2.5,http://dd.eionet.europa.eu/vocabulary/aq/pollutant/6001,hour,3.8884498900,µg/m3,2018-01-04 10:00:00 +01:00,2018-01-04 11:00:00 +01:00,1,1
AT,AT.0008.20.AQ,NET.09,STA.09.AKC,,SPO.09.AKC.5066.6001.1,SPP.09.AKC.5066.6001.1.11325,SAM.09.AKC.5066.6001.1,PM2.5,http://dd.eionet.europa.eu/vocabulary/aq/pollutant/6001,hour,4.1644496800,µg/m3,2018-01-04 11:00:00 +01:00,2018-01-04 12:00:00 +01:00,1,1
AT,AT.0008.20.AQ,NET.09,STA.09.AKC,,SPO.09.AKC.5066.6001.1,SPP.09.AKC.5066.6001.1.11325,SAM.09.AKC.5066.6001.1,PM2.5,http://dd.eionet.europa.eu/vocabulary/aq/pollutant/6001,hour,4.0544500200,µg/m3,2018-01-04 12:00:00 +01:00,2018-01-04 13:00:00 +01:00,1,1
AT,AT.0008.20.AQ,NET.09,STA.09.AKC,,SPO.09.AKC.5066.6001.1,SPP.09.AKC.5066.6001.1.11325,SAM.09.AKC.5066.6001.1,PM2.5,http://dd.eionet.europa.eu/vocabulary/aq/pollutant/6001,hour,4.0859002900,µg/m3,2018-01-04 14:00:00 +01:00,2018-01-04 15:00:00 +01:00,1,1
AT,AT.0008.20.AQ,NET.09,STA.09.AKC,,SPO.09.AKC.5066.6001.1,SPP.09.AKC.5066.6001.1.11325,SAM.09.AKC.5066.6001.1,PM2.5,http://dd.eionet.europa.eu/vocabulary/aq/pollutant/6001,hour,4.6718501900,µg/m3,2018-01-04 15:00:00 +01:00,2018-01-04 16:00:00 +01:00,1,1
AT,AT.0008.20.AQ,NET.09,STA.09.AKC,,SPO.09.AKC.5066.6001.1,SPP.09.AKC.5066.6001.1.11325,SAM.09.AKC.5066.6001.1,PM2.5,http://dd.eionet.europa.eu/vocabulary/aq/pollutant/6001,hour,7.3597001900,µg/m3,2018-01-04 17:00:00 +01:00,2018-01-04 18:00:00 +01:00,1,1
AT,AT.0008.20.AQ,NET.09,STA.09.AKC,,SPO.09.AKC.5066.6001.1,SPP.09.AKC.5066.6001.1.11325,SAM.09.AKC.5066.6001.1,PM2.5,http://dd.eionet.europa.eu/vocabulary/aq/pollutant/6001,hour,18.2234992800,µg/m3,2018-01-04 20:00:00 +01:00,2018-01-04 21:00:00 +01:00,1,1
AT,AT.0008.20.AQ,NET.09,STA.09.AKC,,SPO.09.AKC.5066.6001.1,SPP.09.AKC.5066.6001.1.11325,SAM.09.AKC.5066.6001.1,PM2.5,http://dd.eionet.europa.eu/vocabulary/aq/pollutant/6001,hour,8.3736991700,µg/m3,2018-01-04 23:00:00 +01:00,2018-01-05 00:00:00 +01:00,1,1
AT,AT.0008.20.AQ,NET.09,STA.09.AKC,,SPO.09.AKC.5066.6001.1,SPP.09.AKC.5066.6001.1.11325,SAM.09.AKC.5066.6001.1,PM2.5,http://dd.eionet.europa.eu/vocabulary/aq/pollutant/6001,hour,9.0143499200,µg/m3,2018-01-05 03:00:00 +01:00,2018-01-05 04:00:00 +01:00,1,1
AT,AT.0008.20.AQ,NET.09,STA.09.AKC,,SPO.09.AKC.5066.6001.1,SPP.09.AKC.5066.6001.1.11325,SAM.09.AKC.5066.6001.1,PM2.5,http://dd.eionet.europa.eu/vocabulary/aq/pollutant/6001,hour,8.2427501500,µg/m3,2018-01-05 04:00:00 +01:00,2018-01-05 05:00:00 +01:00,1,1
AT,AT.0008.20.AQ,NET.09,STA.09.AKC,,SPO.09.AKC.5066.6001.1,SPP.09.AKC.5066.6001.1.11325,SAM.09.AKC.5066.6001.1,PM2.5,http://dd.eionet.europa.eu/vocabulary/aq/pollutant/6001,hour,4.2348999800,µg/m3,2018-01-05 08:00:00 +01:00,2018-01-05 09:00:00 +01:00,1,1
AT,AT.0008.20.AQ,NET.09,STA.09.AKC,,SPO.09.AKC.5066.6001.1,SPP.09.AKC.5066.6001.1.11325,SAM.09.AKC.5066.6001.1,PM2.5,http://dd.eionet.europa.eu/vocabulary/aq/pollutant/6001,hour,4.0209998900,µg/m3,2018-01-05 10:00:00 +01:00,2018-01-05 11:00:00 +01:00,1,1
AT,AT.0008.20.AQ,NET.09,STA.09.AKC,,SPO.09.AKC.5066.6001.1,SPP.09.AKC.5066.6001.1.11325,SAM.09.AKC.5066.6001.1,PM2.5,http://dd.eionet.europa.eu/vocabulary/aq/pollutant/6001,hour,4.6263503900,µg/m3,2018-01-05 11:00:00 +01:00,2018-01-05 12:00:00 +01:00,1,1
AT,AT.0008.20.AQ,NET.09,STA.09.AKC,,SPO.09.AKC.5066.6001.1,SPP.09.AKC.5066.6001.1.11325,SAM.09.AKC.5066.6001.1,PM2.5,http://dd.eionet.europa.eu/vocabulary/aq/pollutant/6001,hour,4.6676502100,µg/m3,2018-01-05 12:00:00 +01:00,2018-01-05 13:00:00 +01:00,1,1
AT,AT.0008.20.AQ,NET.09,STA.09.AKC,,SPO.09.AKC.5066.6001.1,SPP.09.AKC.5066.6001.1.11325,SAM.09.AKC.5066.6001.1,PM2.5,http://dd.eionet.europa.eu/vocabulary/aq/pollutant/6001,hour,6.3965997500,µg/m3,2018-01-05 13:00:00 +01:00,2018-01-05 14:00:00 +01:00,1,1
AT,AT.0008.20.AQ,NET.09,STA.09.AKC,,SPO.09.AKC.5066.6001.1,SPP.09.AKC.5066.6001.1.11325,SAM.09.AKC.5066.6001.1,PM2.5,http://dd.eionet.europa.eu/vocabulary/aq/pollutant/6001,hour,8.0608501300,µg/m3,2018-01-05 15:00:00 +01:00,2018-01-05 16:00:00 +01:00,1,1
AT,AT.0008.20.AQ,NET.09,STA.09.AKC,,SPO.09.AKC.5066.6001.1,SPP.09.AKC.5066.6001.1.11325,SAM.09.AKC.5066.6001.1,PM2.5,http://dd.eionet.europa.eu/vocabulary/aq/pollutant/6001,hour,8.7274999500,µg/m3,2018-01-05 16:00:00 +01:00,2018-01-05 17:00:00 +01:00,1,1
AT,AT.0008.20.AQ,NET.09,STA.09.AKC,,SPO.09.AKC.5066.6001.1,SPP.09.AKC.5066.6001.1.11325,SAM.09.AKC.5066.6001.1,PM2.5,http://dd.eionet.europa.eu/vocabulary/aq/pollutant/6001,hour,11.3155002400,µg/m3,2018-01-05 17:00:00 +01:00,2018-01-05 18:00:00 +01:00,1,1
AT,AT.0008.20.AQ,NET.09,STA.09.AKC,,SPO.09.AKC.5066.6001.1,SPP.09.AKC.5066.6001.1.11325,SAM.09.AKC.5066.6001.1,PM2.5,http://dd.eionet.europa.eu/vocabulary/aq/pollutant/6001,hour,26.9610004300,µg/m3,2018-01-05 23:00:00 +01:00,2018-01-06 00:00:00 +01:00,1,1
AT,AT.0008.20.AQ,NET.09,STA.09.AKC,,SPO.09.AKC.5066.6001.1,SPP.09.AKC.5066.6001.1.11325,SAM.09.AKC.5066.6001.1,PM2.5,http://dd.eionet.europa.eu/vocabulary/aq/pollutant/6001,hour,25.7465000000,µg/m3,2018-01-06 00:00:00 +01:00,2018-01-06 01:00:00 +01:00,1,1
AT,AT.0008.20.AQ,NET.09,STA.09.AKC,,SPO.09.AKC.5066.6001.1,SPP.09.AKC.5066.6001.1.11325,SAM.09.AKC.5066.6001.1,PM2.5,http://dd.eionet.europa.eu/vocabulary/aq/pollutant/6001,hour,25.4405002400,µg/m3,2018-01-06 01:00:00 +01:00,2018-01-06 02:00:00 +01:00,1,1
AT,AT.0008.20.AQ,NET.09,STA.09.AKC,,SPO.09.AKC.5066.6001.1,SPP.09.AKC.5066.6001.1.11325,SAM.09.AKC.5066.6001.1,PM2.5,http://dd.eionet.europa.eu/vocabulary/aq/pollutant/6001,hour,25.4654998600,µg/m3,2018-01-06 04:00:00 +01:00,2018-01-06 05:00:00 +01:00,1,1
AT,AT.0008.20.AQ,NET.09,STA.09.AKC,,SPO.09.AKC.5066.6001.1,SPP.09.AKC.5066.6001.1.11325,SAM.09.AKC.5066.6001.1,PM2.5,http://dd.eionet.europa.eu/vocabulary/aq/pollutant/6001,hour,25.1795005600,µg/m3,2018-01-06 08:00:00 +01:00,2018-01-06 09:00:00 +01:00,1,1
AT,AT.0008.20.AQ,NET.09,STA.09.AKC,,SPO.09.AKC.5066.6001.1,SPP.09.AKC.5066.6001.1.11325,SAM.09.AKC.5066.6001.1,PM2.5,http://dd.eionet.europa.eu/vocabulary/aq/pollutant/6001,hour,23.9980010800,µg/m3,2018-01-06 10:00:00 +01:00,2018-01-06 11:00:00 +01:00,1,1
AT,AT.0008.20.AQ,NET.09,STA.09.AKC,,SPO.09.AKC.5066.6001.1,SPP.09.AKC.5066.6001.1.11325,SAM.09.AKC.5066.6001.1,PM2.5,http://dd.eionet.europa.eu/vocabulary/aq/pollutant/6001,hour,23.1129989500,µg/m3,2018-01-06 11:00:00 +01:00,2018-01-06 12:00:00 +01:00,1,1
AT,AT.0008.20.AQ,NET.09,STA.09.AKC,,SPO.09.AKC.5066.6001.1,SPP.09.AKC.5066.6001.1.11325,SAM.09.AKC.5066.6001.1,PM2.5,http://dd.eionet.europa.eu/vocabulary/aq/pollutant/6001,hour,32.7519988900,µg/m3,2018-01-06 16:00:00 +01:00,2018-01-06 17:00:00 +01:00,1,1
AT,AT.0008.20.AQ,NET.09,STA.09.AKC,,SPO.09.AKC.5066.6001.1,SPP.09.AKC.5066.6001.1.11325,SAM.09.AKC.5066.6001.1,PM2.5,http://dd.eionet.europa.eu/vocabulary/aq/pollutant/6001,hour,36.2679977300,µg/m3,2018-01-06 17:00:00 +01:00,2018-01-06 18:00:00 +01:00,1,1
AT,AT.0008.20.AQ,NET.09,STA.09.AKC,,SPO.09.AKC.5066.6001.1,SPP.09.AKC.5066.6001.1.11325,SAM.09.AKC.5066.6001.1,PM2.5,http://dd.eionet.europa.eu/vocabulary/aq/pollutant/6001,hour,35.7220001100,µg/m3,2018-01-06 18:00:00 +01:00,2018-01-06 19:00:00 +01:00,1,1
AT,AT.0008.20.AQ,NET.09,STA.09.AKC,,SPO.09.AKC.5066.6001.1,SPP.09.AKC.5066.6001.1.11325,SAM.09.AKC.5066.6001.1,PM2.5,http://dd.eionet.europa.eu/vocabulary/aq/pollutant/6001,hour,15.8680000200,µg/m3,2018-01-07 00:00:00 +01:00,2018-01-07 01:00:00 +01:00,1,1
AT,AT.0008.20.AQ,NET.09,STA.09.AKC,,SPO.09.AKC.5066.6001.1,SPP.09.AKC.5066.6001.1.11325,SAM.09.AKC.5066.6001.1,PM2.5,http://dd.eionet.europa.eu/vocabulary/aq/pollutant/6001,hour,24.5590000000,µg/m3,2018-01-07 12:00:00 +01:00,2018-01-07 13:00:00 +01:00,1,1
AT,AT.0008.20.AQ,NET.09,STA.09.AKC,,SPO.09.AKC.5066.6001.1,SPP.09.AKC.5066.6001.1.11325,SAM.09.AKC.5066.6001.1,PM2.5,http://dd.eionet.europa.eu/vocabulary/aq/pollutant/6001,hour,24.3509998200,µg/m3,2018-01-07 13:00:00 +01:00,2018-01-07 14:00:00 +01:00,1,1
AT,AT.0008.20.AQ,NET.09,STA.09.AKC,,SPO.09.AKC.5066.6001.1,SPP.09.AKC.5066.6001.1.11325,SAM.09.AKC.5066.6001.1,PM2.5,http://dd.eionet.europa.eu/vocabulary/aq/pollutant/6001,hour,27.0144996500,µg/m3,2018-01-07 15:00:00 +01:00,2018-01-07 16:00:00 +01:00,1,1
AT,AT.0008.20.AQ,NET.09,STA.09.AKC,,SPO.09.AKC.5066.6001.1,SPP.09.AKC.5066.6001.1.11325,SAM.09.AKC.5066.6001.1,PM2.5,http://dd.eionet.europa.eu/vocabulary/aq/pollutant/6001,hour,20.2439994700,µg/m3,2018-01-07 21:00:00 +01:00,2018-01-07 22:00:00 +01:00,1,1
AT,AT.0008.20.AQ,NET.09,STA.09.AKC,,SPO.09.AKC.5066.6001.1,SPP.09.AKC.5066.6001.1.11325,SAM.09.AKC.5066.6001.1,PM2.5,http://dd.eionet.europa.eu/vocabulary/aq/pollutant/6001,hour,21.9475002100,µg/m3,2018-01-07 22:00:00 +01:00,2018-01-07 23:00:00 +01:00,1,1
AT,AT.0008.20.AQ,NET.09,STA.09.AKC,,SPO.09.AKC.5066.6001.1,SPP.09.AKC.5066.6001.1.11325,SAM.09.AKC.5066.6001.1,PM2.5,http://dd.eionet.europa.eu/vocabulary/aq/pollutant/6001,hour,29.6259994400,µg/m3,2018-01-08 01:00:00 +01:00,2018-01-08 02:00:00 +01:00,1,1
AT,AT.0008.20.AQ,NET.09,STA.09.AKC,,SPO.09.AKC.5066.6001.1,SPP.09.AKC.5066.6001.1.11325,SAM.09.AKC.5066.6001.1,PM2.5,http://dd.eionet.europa.eu/vocabulary/aq/pollutant/6001,hour,24.7835006600,µg/m3,2018-01-08 04:00:00 +01:00,2018-01-08 05:00:00 +01:00,1,1
AT,AT.0008.20.AQ,NET.09,STA.09.AKC,,SPO.09.AKC.5066.6001.1,SPP.09.AKC.5066.6001.1.11325,SAM.09.AKC.5066.6001.1,PM2.5,http://dd.eionet.europa.eu/vocabulary/aq/pollutant/6001,hour,24.4560012700,µg/m3,2018-01-08 05:00:00 +01:00,2018-01-08 06:00:00 +01:00,1,1
AT,AT.0008.20.AQ,NET.09,STA.09.AKC,,SPO.09.AKC.5066.6001.1,SPP.09.AKC.5066.6001.1.11325,SAM.09.AKC.5066.6001.1,PM2.5,http://dd.eionet.europa.eu/vocabulary/aq/pollutant/6001,hour,20.8764991600,µg/m3,2018-01-08 06:00:00 +01:00,2018-01-08 07:00:00 +01:00,1,1
AT,AT.0008.20.AQ,NET.09,STA.09.AKC,,SPO.09.AKC.5066.6001.1,SPP.09.AKC.5066.6001.1.11325,SAM.09.AKC.5066.6001.1,PM2.5,http://dd.eionet.europa.eu/vocabulary/aq/pollutant/6001,hour,18.2760009600,µg/m3,2018-01-08 07:00:00 +01:00,2018-01-08 08:00:00 +01:00,1,1
AT,AT.0008.20.AQ,NET.09,STA.09.AKC,,SPO.09.AKC.5066.6001.1,SPP.09.AKC.5066.6001.1.11325,SAM.09.AKC.5066.6001.1,PM2.5,http://dd.eionet.europa.eu/vocabulary/aq/pollutant/6001,hour,18.1949996800,µg/m3,2018-01-08 08:00:00 +01:00,2018-01-08 09:00:00 +01:00,1,1
AT,AT.0008.20.AQ,NET.09,STA.09.AKC,,SPO.09.AKC.5066.6001.1,SPP.09.AKC.5066.6001.1.11325,SAM.09.AKC.5066.6001.1,PM2.5,http://dd.eionet.europa.eu/vocabulary/aq/pollutant/6001,hour,18.1679992500,µg/m3,2018-01-08 09:00:00 +01:00,2018-01-08 10:00:00 +01:00,1,1
AT,AT.0008.20.AQ,NET.09,STA.09.AKC,,SPO.09.AKC.5066.6001.1,SPP.09.AKC.5066.6001.1.11325,SAM.09.AKC.5066.6001.1,PM2.5,http://dd.eionet.europa.eu/vocabulary/aq/pollutant/6001,hour,30.5279998600,µg/m3,2018-01-08 22:00:00 +01:00,2018-01-08 23:00:00 +01:00,1,1
AT,AT.0008.20.AQ,NET.09,STA.09.AKC,,SPO.09.AKC.5066.6001.1,SPP.09.AKC.5066.6001.1.11325,SAM.09.AKC.5066.6001.1,PM2.5,http://dd.eionet.europa.eu/vocabulary/aq/pollutant/6001,hour,25.3764991600,µg/m3,2018-01-09 00:00:00 +01:00,2018-01-09 01:00:00 +01:00,1,1
AT,AT.0008.20.AQ,NET.09,STA.09.AKC,,SPO.09.AKC.5066.6001.1,SPP.09.AKC.5066.6001.1.11325,SAM.09.AKC.5066.6001.1,PM2.5,http://dd.eionet.europa.eu/vocabulary/aq/pollutant/6001,hour,30.3030013900,µg/m3,2018-01-09 03:00:00 +01:00,2018-01-09 04:00:00 +01:00,1,1
AT,AT.0008.20.AQ,NET.09,STA.09.AKC,,SPO.09.AKC.5066.6001.1,SPP.09.AKC.5066.6001.1.11325,SAM.09.AKC.5066.6001.1,PM2.5,http://dd.eionet.europa.eu/vocabulary/aq/pollutant/6001,hour,31.8020000300,µg/m3,2018-01-09 04:00:00 +01:00,2018-01-09 05:00:00 +01:00,1,1
AT,AT.0008.20.AQ,NET.09,STA.09.AKC,,SPO.09.AKC.5066.6001.1,SPP.09.AKC.5066.6001.1.11325,SAM.09.AKC.5066.6001.1,PM2.5,http://dd.eionet.europa.eu/vocabulary/aq/pollutant/6001,hour,22.9220008700,µg/m3,2018-01-09 15:00:00 +01:00,2018-01-09 16:00:00 +01:00,1,1
AT,AT.0008.20.AQ,NET.09,STA.09.AKC,,SPO.09.AKC.5066.6001.1,SPP.09.AKC.5066.6001.1.11325,SAM.09.AKC.5066.6001.1,PM2.5,http://dd.eionet.europa.eu/vocabulary/aq/pollutant/6001,hour,29.1914997000,µg/m3,2018-01-09 21:00:00 +01:00,2018-01-09 22:00:00 +01:00,1,1
AT,AT.0008.20.AQ,NET.09,STA.09.AKC,,SPO.09.AKC.5066.6001.1,SPP.09.AKC.5066.6001.1.11325,SAM.09.AKC.5066.6001.1,PM2.5,http://dd.eionet.europa.eu/vocabulary/aq/pollutant/6001,hour,34.2584991300,µg/m3,2018-01-09 23:00:00 +01:00,2018-01-10 00:00:00 +01:00,1,1
AT,AT.0008.20.AQ,NET.09,STA.09.AKC,,SPO.09.AKC.5066.6001.1,SPP.09.AKC.5066.6001.1.11325,SAM.09.AKC.5066.6001.1,PM2.5,http://dd.eionet.europa.eu/vocabulary/aq/pollutant/6001,hour,36.6119995000,µg/m3,2018-01-10 01:00:00 +01:00,2018-01-10 02:00:00 +01:00,1,1
AT,AT.0008.20.AQ,NET.09,STA.09.AKC,,SPO.09.AKC.5066.6001.1,SPP.09.AKC.5066.6001.1.11325,SAM.09.AKC.5066.6001.1,PM2.5,http://dd.eionet.europa.eu/vocabulary/aq/pollutant/6001,hour,12.3155002400,µg/m3,2018-01-10 06:00:00 +01:00,2018-01-10 07:00:00 +01:00,1,1
AT,AT.0008.20.AQ,NET.09,STA.09.AKC,,SPO.09.AKC.5066.6001.1,SPP.09.AKC.5066.6001.1.11325,SAM.09.AKC.5066.6001.1,PM2.5,http://dd.eionet.europa.eu/vocabulary/aq/pollutant/6001,hour,11.6124992200,µg/m3,2018-01-10 10:00:00 +01:00,2018-01-10 11:00:00 +01:00,1,1
AT,AT.0008.20.AQ,NET.09,STA.09.AKC,,SPO.09.AKC.5066.6001.1,SPP.09.AKC.5066.6001.1.11325,SAM.09.AKC.5066.6001.1,PM2.5,http://dd.eionet.europa.eu/vocabulary/aq/pollutant/6001,hour,8.2341003300,µg/m3,2018-01-10 13:00:00 +01:00,2018-01-10 14:00:00 +01:00,1,1
AT,AT.0008.20.AQ,NET.09,STA.09.AKC,,SPO.09.AKC.5066.6001.1,SPP.09.AKC.5066.6001.1.11325,SAM.09.AKC.5066.6001.1,PM2.5,http://dd.eionet.europa.eu/vocabulary/aq/pollutant/6001,hour,8.6898498400,µg/m3,2018-01-10 16:00:00 +01:00,2018-01-10 17:00:00 +01:00,1,1
AT,AT.0008.20.AQ,NET.09,STA.09.AKC,,SPO.09.AKC.5066.6001.1,SPP.09.AKC.5066.6001.1.11325,SAM.09.AKC.5066.6001.1,PM2.5,http://dd.eionet.europa.eu/vocabulary/aq/pollutant/6001,hour,13.6814994700,µg/m3,2018-01-10 19:00:00 +01:00,2018-01-10 20:00:00 +01:00,1,1
AT,AT.0008.20.AQ,NET.09,STA.09.AKC,,SPO.09.AKC.5066.6001.1,SPP.09.AKC.5066.6001.1.11325,SAM.09.AKC.5066.6001.1,PM2.5,http://dd.eionet.europa.eu/vocabulary/aq/pollutant/6001,hour,11.2045001800,µg/m3,2018-01-11 06:00:00 +01:00,2018-01-11 07:00:00 +01:00,1,1
AT,AT.0008.20.AQ,NET.09,STA.09.AKC,,SPO.09.AKC.5066.6001.1,SPP.09.AKC.5066.6001.1.11325,SAM.09.AKC.5066.6001.1,PM2.5,http://dd.eionet.europa.eu/vocabulary/aq/pollutant/6001,hour,11.3920001800,µg/m3,2018-01-11 07:00:00 +01:00,2018-01-11 08:00:00 +01:00,1,1
AT,AT.0008.20.AQ,NET.09,STA.09.AKC,,SPO.09.AKC.5066.6001.1,SPP.09.AKC.5066.6001.1.11325,SAM.09.AKC.5066.6001.1,PM2.5,http://dd.eionet.europa.eu/vocabulary/aq/pollutant/6001,hour,17.0984992800,µg/m3,2018-01-11 15:00:00 +01:00,2018-01-11 16:00:00 +01:00,1,1
AT,AT.0008.20.AQ,NET.09,STA.09.AKC,,SPO.09.AKC.5066.6001.1,SPP.09.AKC.5066.6001.1.11325,SAM.09.AKC.5066.6001.1,PM2.5,http://dd.eionet.europa.eu/vocabulary/aq/pollutant/6001,hour,21.6855010800,µg/m3,2018-01-11 16:00:00 +01:00,2018-01-11 17:00:00 +01:00,1,1
AT,AT.0008.20.AQ,NET.09,STA.09.AKC,,SPO.09.AKC.5066.6001.1,SPP.09.AKC.5066.6001.1.11325,SAM.09.AKC.5066.6001.1,PM2.5,http://dd.eionet.europa.eu/vocabulary/aq/pollutant/6001,hour,24.6499996000,µg/m3,2018-01-11 17:00:00 +01:00,2018-01-11 18:00:00 +01:00,1,1
AT,AT.0008.20.AQ,NET.09,STA.09.AKC,,SPO.09.AKC.5066.6001.1,SPP.09.AKC.5066.6001.1.11325,SAM.09.AKC.5066.6001.1,PM2.5,http://dd.eionet.europa.eu/vocabulary/aq/pollutant/6001,hour,18.2495002600,µg/m3,2018-01-11 23:00:00 +01:00,2018-01-12 00:00:00 +01:00,1,1
AT,AT.0008.20.AQ,NET.09,STA.09.AKC,,SPO.09.AKC.5066.6001.1,SPP.09.AKC.5066.6001.1.11325,SAM.09.AKC.5066.6001.1,PM2.5,http://dd.eionet.europa.eu/vocabulary/aq/pollutant/6001,hour,18.3180007800,µg/m3,2018-01-12 05:00:00 +01:00,2018-01-12 06:00:00 +01:00,1,1
AT,AT.0008.20.AQ,NET.09,STA.09.AKC,,SPO.09.AKC.5066.6001.1,SPP.09.AKC.5066.6001.1.11325,SAM.09.AKC.5066.6001.1,PM2.5,http://dd.eionet.europa.eu/vocabulary/aq/pollutant/6001,hour,19.6305007800,µg/m3,2018-01-12 07:00:00 +01:00,2018-01-12 08:00:00 +01:00,1,1
AT,AT.0008.20.AQ,NET.09,STA.09.AKC,,SPO.09.AKC.5066.6001.1,SPP.09.AKC.5066.6001.1.11325,SAM.09.AKC.5066.6001.1,PM2.5,http://dd.eionet.europa.eu/vocabulary/aq/pollutant/6001,hour,23.0579986400,µg/m3,2018-01-12 11:00:00 +01:00,2018-01-12 12:00:00 +01:00,1,1
AT,AT.0008.20.AQ,NET.09,STA.09.AKC,,SPO.09.AKC.5066.6001.1,SPP.09.AKC.5066.6001.1.11325,SAM.09.AKC.5066.6001.1,PM2.5,http://dd.eionet.europa.eu/vocabulary/aq/pollutant/6001,hour,22.2019996500,µg/m3,2018-01-12 12:00:00 +01:00,2018-01-12 13:00:00 +01:00,1,1
AT,AT.0008.20.AQ,NET.09,STA.09.AKC,,SPO.09.AKC.5066.6001.1,SPP.09.AKC.5066.6001.1.11325,SAM.09.AKC.5066.6001.1,PM2.5,http://dd.eionet.europa.eu/vocabulary/aq/pollutant/6001,hour,22.7215003800,µg/m3,2018-01-12 14:00:00 +01:00,2018-01-12 15:00:00 +01:00,1,1
AT,AT.0008.20.AQ,NET.09,STA.09.AKC,,SPO.09.AKC.5066.6001.1,SPP.09.AKC.5066.6001.1.11325,SAM.09.AKC.5066.6001.1,PM2.5,http://dd.eionet.europa.eu/vocabulary/aq/pollutant/6001,hour,23.4109992800,µg/m3,2018-01-12 16:00:00 +01:00,2018-01-12 17:00:00 +01:00,1,1
AT,AT.0008.20.AQ,NET.09,STA.09.AKC,,SPO.09.AKC.5066.6001.1,SPP.09.AKC.5066.6001.1.11325,SAM.09.AKC.5066.6001.1,PM2.5,http://dd.eionet.europa.eu/vocabulary/aq/pollutant/6001,hour,25.8079986400,µg/m3,2018-01-12 17:00:00 +01:00,2018-01-12 18:00:00 +01:00,1,1
AT,AT.0008.20.AQ,NET.09,STA.09.AKC,,SPO.09.AKC.5066.6001.1,SPP.09.AKC.5066.6001.1.11325,SAM.09.AKC.5066.6001.1,PM2.5,http://dd.eionet.europa.eu/vocabulary/aq/pollutant/6001,hour,26.8435001200,µg/m3,2018-01-12 19:00:00 +01:00,2018-01-12 20:00:00 +01:00,1,1
AT,AT.0008.20.AQ,NET.09,STA.09.AKC,,SPO.09.AKC.5066.6001.1,SPP.09.AKC.5066.6001.1.11325,SAM.09.AKC.5066.6001.1,PM2.5,http://dd.eionet.europa.eu/vocabulary/aq/pollutant/6001,hour,26.8404998600,µg/m3,2018-01-12 21:00:00 +01:00,2018-01-12 22:00:00 +01:00,1,1
AT,AT.0008.20.AQ,NET.09,STA.09.AKC,,SPO.09.AKC.5066.6001.1,SPP.09.AKC.5066.6001.1.11325,SAM.09.AKC.5066.6001.1,PM2.5,http://dd.eionet.europa.eu/vocabulary/aq/pollutant/6001,hour,26.5174999100,µg/m3,2018-01-12 23:00:00 +01:00,2018-01-13 00:00:00 +01:00,1,1
AT,AT.0008.20.AQ,NET.09,STA.09.AKC,,SPO.09.AKC.5066.6001.1,SPP.09.AKC.5066.6001.1.11325,SAM.09.AKC.5066.6001.1,PM2.5,http://dd.eionet.europa.eu/vocabulary/aq/pollutant/6001,hour,31.5144996500,µg/m3,2018-01-13 04:00:00 +01:00,2018-01-13 05:00:00 +01:00,1,1
AT,AT.0008.20.AQ,NET.09,STA.09.AKC,,SPO.09.AKC.5066.6001.1,SPP.09.AKC.5066.6001.1.11325,SAM.09.AKC.5066.6001.1,PM2.5,http://dd.eionet.europa.eu/vocabulary/aq/pollutant/6001,hour,30.1009998200,µg/m3,2018-01-13 08:00:00 +01:00,2018-01-13 09:00:00 +01:00,1,1
AT,AT.0008.20.AQ,NET.09,STA.09.AKC,,SPO.09.AKC.5066.6001.1,SPP.09.AKC.5066.6001.1.11325,SAM.09.AKC.5066.6001.1,PM2.5,http://dd.eionet.europa.eu/vocabulary/aq/pollutant/6001,hour,25.5810012700,µg/m3,2018-01-13 09:00:00 +01:00,2018-01-13 10:00:00 +01:00,1,1
AT,AT.0008.20.AQ,NET.09,STA.09.AKC,,SPO.09.AKC.5066.6001.1,SPP.09.AKC.5066.6001.1.11325,SAM.09.AKC.5066.6001.1,PM2.5,http://dd.eionet.europa.eu/vocabulary/aq/pollutant/6001,hour,19.9759998200,µg/m3,2018-01-13 11:00:00 +01:00,2018-01-13 12:00:00 +01:00,1,1
AT,AT.0008.20.AQ,NET.09,STA.09.AKC,,SPO.09.AKC.5066.6001.1,SPP.09.AKC.5066.6001.1.11325,SAM.09.AKC.5066.6001.1,PM2.5,http://dd.eionet.europa.eu/vocabulary/aq/pollutant/6001,hour,15.2555007800,µg/m3,2018-01-14 05:00:00 +01:00,2018-01-14 06:00:00 +01:00,1,1
AT,AT.0008.20.AQ,NET.09,STA.09.AKC,,SPO.09.AKC.5066.6001.1,SPP.09.AKC.5066.6001.1.11325,SAM.09.AKC.5066.6001.1,PM2.5,http://dd.eionet.europa.eu/vocabulary/aq/pollutant/6001,hour,14.2224998300,µg/m3,2018-01-14 06:00:00 +01:00,2018-01-14 07:00:00 +01:00,1,1
AT,AT.0008.20.AQ,NET.09,STA.09.AKC,,SPO.09.AKC.5066.6001.1,SPP.09.AKC.5066.6001.1.11325,SAM.09.AKC.5066.6001.1,PM2.5,http://dd.eionet.europa.eu/vocabulary/aq/pollutant/6001,hour,17.6679992500,µg/m3,2018-01-14 16:00:00 +01:00,2018-01-14 17:00:00 +01:00,1,1
AT,AT.0008.20.AQ,NET.09,STA.09.AKC,,SPO.09.AKC.5066.6001.1,SPP.09.AKC.5066.6001.1.11325,SAM.09.AKC.5066.6001.1,PM2.5,http://dd.eionet.europa.eu/vocabulary/aq/pollutant/6001,hour,18.3929996300,µg/m3,2018-01-14 18:00:00 +01:00,2018-01-14 19:00:00 +01:00,1,1
AT,AT.0008.20.AQ,NET.09,STA.09.AKC,,SPO.09.AKC.5066.6001.1,SPP.09.AKC.5066.6001.1.11325,SAM.09.AKC.5066.6001.1,PM2.5,http://dd.eionet.europa.eu/vocabulary/aq/pollutant/6001,hour,19.1020011800,µg/m3,2018-01-14 20:00:00 +01:00,2018-01-14 21:00:00 +01:00,1,1
AT,AT.0008.20.AQ,NET.09,STA.09.AKC,,SPO.09.AKC.5066.6001.1,SPP.09.AKC.5066.6001.1.11325,SAM.09.AKC.5066.6001.1,PM2.5,http://dd.eionet.europa.eu/vocabulary/aq/pollutant/6001,hour,18.3304996300,µg/m3,2018-01-14 21:00:00 +01:00,2018-01-14 22:00:00 +01:00,1,1
AT,AT.0008.20.AQ,NET.09,STA.09.AKC,,SPO.09.AKC.5066.6001.1,SPP.09.AKC.5066.6001.1.11325,SAM.09.AKC.5066.6001.1,PM2.5,http://dd.eionet.europa.eu/vocabulary/aq/pollutant/6001,hour,17.7049999100,µg/m3,2018-01-14 22:00:00 +01:00,2018-01-14 23:00:00 +01:00,1,1
AT,AT.0008.20.AQ,NET.09,STA.09.AKC,,SPO.09.AKC.5066.6001.1,SPP.09.AKC.5066.6001.1.11325,SAM.09.AKC.5066.6001.1,PM2.5,http://dd.eionet.europa.eu/vocabulary/aq/pollutant/6001,hour,19.6870002600,µg/m3,2018-01-15 01:00:00 +01:00,2018-01-15 02:00:00 +01:00,1,1
AT,AT.0008.20.AQ,NET.09,STA.09.AKC,,SPO.09.AKC.5066.6001.1,SPP.09.AKC.5066.6001.1.11325,SAM.09.AKC.5066.6001.1,PM2.5,http://dd.eionet.europa.eu/vocabulary/aq/pollutant/6001,hour,21.5340003800,µg/m3,2018-01-15 04:00:00 +01:00,2018-01-15 05:00:00 +01:00,1,1
AT,AT.0008.20.AQ,NET.09,STA.09.AKC,,SPO.09.AKC.5066.6001.1,SPP.09.AKC.5066.6001.1.11325,SAM.09.AKC.5066.6001.1,PM2.5,http://dd.eionet.europa.eu/vocabulary/aq/pollutant/6001,hour,22.3894996500,µg/m3,2018-01-15 07:00:00 +01:00,2018-01-15 08:00:00 +01:00,1,1
AT,AT.0008.20.AQ,NET.09,STA.09.AKC,,SPO.09.AKC.5066.6001.1,SPP.09.AKC.5066.6001.1.11325,SAM.09.AKC.5066.6001.1,PM2.5,http://dd.eionet.europa.eu/vocabulary/aq/pollutant/6001,hour,19.5279998600,µg/m3,2018-01-15 10:00:00 +01:00,2018-01-15 11:00:00 +01:00,1,1
AT,AT.0008.20.AQ,NET.09,STA.09.AKC,,SPO.09.AKC.5066.6001.1,SPP.09.AKC.5066.6001.1.11325,SAM.09.AKC.5066.6001.1,PM2.5,http://dd.eionet.europa.eu/vocabulary/aq/pollutant/6001,hour,17.4674987600,µg/m3,2018-01-15 11:00:00 +01:00,2018-01-15 12:00:00 +01:00,1,1
AT,AT.0008.20.AQ,NET.09,STA.09.AKC,,SPO.09.AKC.5066.6001.1,SPP.09.AKC.5066.6001.1.11325,SAM.09.AKC.5066.6001.1,PM2.5,http://dd.eionet.europa.eu/vocabulary/aq/pollutant/6001,hour,15.0499992200,µg/m3,2018-01-15 14:00:00 +01:00,2018-01-15 15:00:00 +01:00,1,1
AT,AT.0008.20.AQ,NET.09,STA.09.AKC,,SPO.09.AKC.5066.6001.1,SPP.09.AKC.5066.6001.1.11325,SAM.09.AKC.5066.6001.1,PM2.5,http://dd.eionet.europa.eu/vocabulary/aq/pollutant/6001,hour,14.3680000200,µg/m3,2018-01-15 17:00:00 +01:00,2018-01-15 18:00:00 +01:00,1,1
AT,AT.0008.20.AQ,NET.09,STA.09.AKC,,SPO.09.AKC.5066.6001.1,SPP.09.AKC.5066.6001.1.11325,SAM.09.AKC.5066.6001.1,PM2.5,http://dd.eionet.europa.eu/vocabulary/aq/pollutant/6001,hour,18.0179996300,µg/m3,2018-01-15 23:00:00 +01:00,2018-01-16 00:00:00 +01:00,1,1
AT,AT.0008.20.AQ,NET.09,STA.09.AKC,,SPO.09.AKC.5066.6001.1,SPP.09.AKC.5066.6001.1.11325,SAM.09.AKC.5066.6001.1,PM2.5,http://dd.eionet.europa.eu/vocabulary/aq/pollutant/6001,hour,18.9060001200,µg/m3,2018-01-16 00:00:00 +01:00,2018-01-16 01:00:00 +01:00,1,1
AT,AT.0008.20.AQ,NET.09,STA.09.AKC,,SPO.09.AKC.5066.6001.1,SPP.09.AKC.5066.6001.1.11325,SAM.09.AKC.5066.6001.1,PM2.5,http://dd.eionet.europa.eu/vocabulary/aq/pollutant/6001,hour,20.8445014800,µg/m3,2018-01-16 01:00:00 +01:00,2018-01-16 02:00:00 +01:00,1,1
AT,AT.0008.20.AQ,NET.09,STA.09.AKC,,SPO.09.AKC.5066.6001.1,SPP.09.AKC.5066.6001.1.11325,SAM.09.AKC.5066.6001.1,PM2.5,http://dd.eionet.europa.eu/vocabulary/aq/pollutant/6001,hour,25.3030013900,µg/m3,2018-01-16 04:00:00 +01:00,2018-01-16 05:00:00 +01:00,1,1
AT,AT.0008.20.AQ,NET.09,STA.09.AKC,,SPO.09.AKC.5066.6001.1,SPP.09.AKC.5066.6001.1.11325,SAM.09.AKC.5066.6001.1,PM2.5,http://dd.eionet.europa.eu/vocabulary/aq/pollutant/6001,hour,26.7724990700,µg/m3,2018-01-16 05:00:00 +01:00,2018-01-16 06:00:00 +01:00,1,1
AT,AT.0008.20.AQ,NET.09,STA.09.AKC,,SPO.09.AKC.5066.6001.1,SPP.09.AKC.5066.6001.1.11325,SAM.09.AKC.5066.6001.1,PM2.5,http://dd.eionet.europa.eu/vocabulary/aq/pollutant/6001,hour,28.8764991600,µg/m3,2018-01-16 08:00:00 +01:00,2018-01-16 09:00:00 +01:00,1,1
AT,AT.0008.20.AQ,NET.09,STA.09.AKC,,SPO.09.AKC.5066.6001.1,SPP.09.AKC.5066.6001.1.11325,SAM.09.AKC.5066.6001.1,PM2.5,http://dd.eionet.europa.eu/vocabulary/aq/pollutant/6001,hour,28.8479995600,µg/m3,2018-01-16 15:00:00 +01:00,2018-01-16 16:00:00 +01:00,1,1
AT,AT.0008.20.AQ,NET.09,STA.09.AKC,,SPO.09.AKC.5066.6001.1,SPP.09.AKC.5066.6001.1.11325,SAM.09.AKC.5066.6001.1,PM2.5,http://dd.eionet.europa.eu/vocabulary/aq/pollutant/6001,hour,27.7475013600,µg/m3,2018-01-16 17:00:00 +01:00,2018-01-16 18:00:00 +01:00,1,1
AT,AT.0008.20.AQ,NET.09,STA.09.AKC,,SPO.09.AKC.5066.6001.1,SPP.09.AKC.5066.6001.1.11325,SAM.09.AKC.5066.6001.1,PM2.5,http://dd.eionet.europa.eu/vocabulary/aq/pollutant/6001,hour,2.8669500200,µg/m3,2018-01-16 19:00:00 +01:00,2018-01-16 20:00:00 +01:00,1,1
AT,AT.0008.20.AQ,NET.09,STA.09.AKC,,SPO.09.AKC.5066.6001.1,SPP.09.AKC.5066.6001.1.11325,SAM.09.AKC.5066.6001.1,PM2.5,http://dd.eionet.europa.eu/vocabulary/aq/pollutant/6001,hour,3.8515500900,µg/m3,2018-01-16 21:00:00 +01:00,2018-01-16 22:00:00 +01:00,1,1
AT,AT.0008.20.AQ,NET.09,STA.09.AKC,,SPO.09.AKC.5066.6001.1,SPP.09.AKC.5066.6001.1.11325,SAM.09.AKC.5066.6001.1,PM2.5,http://dd.eionet.europa.eu/vocabulary/aq/pollutant/6001,hour,1.4330999700,µg/m3,2018-01-17 01:00:00 +01:00,2018-01-17 02:00:00 +01:00,1,1
AT,AT.0008.20.AQ,NET.09,STA.09.AKC,,SPO.09.AKC.5066.6001.1,SPP.09.AKC.5066.6001.1.11325,SAM.09.AKC.5066.6001.1,PM2.5,http://dd.eionet.europa.eu/vocabulary/aq/pollutant/6001,hour,1.7117500200,µg/m3,2018-01-17 08:00:00 +01:00,2018-01-17 09:00:00 +01:00,1,1
AT,AT.0008.20.AQ,NET.09,STA.09.AKC,,SPO.09.AKC.5066.6001.1,SPP.09.AKC.5066.6001.1.11325,SAM.09.AKC.5066.6001.1,PM2.5,http://dd.eionet.europa.eu/vocabulary/aq/pollutant/6001,hour,2.2736000900,µg/m3,2018-01-17 13:00:00 +01:00,2018-01-17 14:00:00 +01:00,1,1
AT,AT.0008.20.AQ,NET.09,STA.09.AKC,,SPO.09.AKC.5066.6001.1,SPP.09.AKC.5066.6001.1.11325,SAM.09.AKC.5066.6001.1,PM2.5,http://dd.eionet.europa.eu/vocabulary/aq/pollutant/6001,hour,2.4299499800,µg/m3,2018-01-17 15:00:00 +01:00,2018-01-17 16:00:00 +01:00,1,1
AT,AT.0008.20.AQ,NET.09,STA.09.AKC,,SPO.09.AKC.5066.6001.1,SPP.09.AKC.5066.6001.1.11325,SAM.09.AKC.5066.6001.1,PM2.5,http://dd.eionet.europa.eu/vocabulary/aq/pollutant/6001,hour,2.6358499400,µg/m3,2018-01-17 17:00:00 +01:00,2018-01-17 18:00:00 +01:00,1,1
AT,AT.0008.20.AQ,NET.09,STA.09.AKC,,SPO.09.AKC.5066.6001.1,SPP.09.AKC.5066.6001.1.11325,SAM.09.AKC.5066.6001.1,PM2.5,http://dd.eionet.europa.eu/vocabulary/aq/pollutant/6001,hour,3.5321001900,µg/m3,2018-01-17 18:00:00 +01:00,2018-01-17 19:00:00 +01:00,1,1
AT,AT.0008.20.AQ,NET.09,STA.09.AKC,,SPO.09.AKC.5066.6001.1,SPP.09.AKC.5066.6001.1.11325,SAM.09.AKC.5066.6001.1,PM2.5,http://dd.eionet.europa.eu/vocabulary/aq/pollutant/6001,hour,5.1907501100,µg/m3,2018-01-17 20:00:00 +01:00,2018-01-17 21:00:00 +01:00,1,1
AT,AT.0008.20.AQ,NET.09,STA.09.AKC,,SPO.09.AKC.5066.6001.1,SPP.09.AKC.5066.6001.1.11325,SAM.09.AKC.5066.6001.1,PM2.5,http://dd.eionet.europa.eu/vocabulary/aq/pollutant/6001,hour,4.7426996100,µg/m3,2018-01-17 22:00:00 +01:00,2018-01-17 23:00:00 +01:00,1,1
AT,AT.0008.20.AQ,NET.09,STA.09.AKC,,SPO.09.AKC.5066.6001.1,SPP.09.AKC.5066.6001.1.11325,SAM.09.AKC.5066.6001.1,PM2.5,http://dd.eionet.europa.eu/vocabulary/aq/pollutant/6001,hour,3.5489001100,µg/m3,2018-01-18 00:00:00 +01:00,2018-01-18 01:00:00 +01:00,1,1
AT,AT.0008.20.AQ,NET.09,STA.09.AKC,,SPO.09.AKC.5066.6001.1,SPP.09.AKC.5066.6001.1.11325,SAM.09.AKC.5066.6001.1,PM2.5,http://dd.eionet.europa.eu/vocabulary/aq/pollutant/6001,hour,3.6320500200,µg/m3,2018-01-18 01:00:00 +01:00,2018-01-18 02:00:00 +01:00,1,1
AT,AT.0008.20.AQ,NET.09,STA.09.AKC,,SPO.09.AKC.5066.6001.1,SPP.09.AKC.5066.6001.1.11325,SAM.09.AKC.5066.6001.1,PM2.5,http://dd.eionet.europa.eu/vocabulary/aq/pollutant/6001,hour,5.1293496900,µg/m3,2018-01-18 04:00:00 +01:00,2018-01-18 05:00:00 +01:00,1,1
AT,AT.0008.20.AQ,NET.09,STA.09.AKC,,SPO.09.AKC.5066.6001.1,SPP.09.AKC.5066.6001.1.11325,SAM.09.AKC.5066.6001.1,PM2.5,http://dd.eionet.europa.eu/vocabulary/aq/pollutant/6001,hour,5.0009999100,µg/m3,2018-01-18 06:00:00 +01:00,2018-01-18 07:00:00 +01:00,1,1
AT,AT.0008.20.AQ,NET.09,STA.09.AKC,,SPO.09.AKC.5066.6001.1,SPP.09.AKC.5066.6001.1.11325,SAM.09.AKC.5066.6001.1,PM2.5,http://dd.eionet.europa.eu/vocabulary/aq/pollutant/6001,hour,5.5238499500,µg/m3,2018-01-18 08:00:00 +01:00,2018-01-18 09:00:00 +01:00,1,1
AT,AT.0008.20.AQ,NET.09,STA.09.AKC,,SPO.09.AKC.5066.6001.1,SPP.09.AKC.5066.6001.1.11325,SAM.09.AKC.5066.6001.1,PM2.5,http://dd.eionet.europa.eu/vocabulary/aq/pollutant/6001,hour,4.7202000500,µg/m3,2018-01-18 10:00:00 +01:00,2018-01-18 11:00:00 +01:00,1,1
AT,AT.0008.20.AQ,NET.09,STA.09.AKC,,SPO.09.AKC.5066.6001.1,SPP.09.AKC.5066.6001.1.11325,SAM.09.AKC.5066.6001.1,PM2.5,http://dd.eionet.europa.eu/vocabulary/aq/pollutant/6001,hour,4.9541001200,µg/m3,2018-01-18 11:00:00 +01:00,2018-01-18 12:00:00 +01:00,1,1
AT,AT.0008.20.AQ,NET.09,STA.09.AKC,,SPO.09.AKC.5066.6001.1,SPP.09.AKC.5066.6001.1.11325,SAM.09.AKC.5066.6001.1,PM2.5,http://dd.eionet.europa.eu/vocabulary/aq/pollutant/6001,hour,2.9215497800,µg/m3,2018-01-18 12:00:00 +01:00,2018-01-18 13:00:00 +01:00,1,1
AT,AT.0008.20.AQ,NET.09,STA.09.AKC,,SPO.09.AKC.5066.6001.1,SPP.09.AKC.5066.6001.1.11325,SAM.09.AKC.5066.6001.1,PM2.5,http://dd.eionet.europa.eu/vocabulary/aq/pollutant/6001,hour,4.3369502900,µg/m3,2018-01-18 16:00:00 +01:00,2018-01-18 17:00:00 +01:00,1,1
AT,AT.0008.20.AQ,NET.09,STA.09.AKC,,SPO.09.AKC.5066.6001.1,SPP.09.AKC.5066.6001.1.11325,SAM.09.AKC.5066.6001.1,PM2.5,http://dd.eionet.europa.eu/vocabulary/aq/pollutant/6001,hour,4.1374997900,µg/m3,2018-01-18 17:00:00 +01:00,2018-01-18 18:00:00 +01:00,1,1
AT,AT.0008.20.AQ,NET.09,STA.09.AKC,,SPO.09.AKC.5066.6001.1,SPP.09.AKC.5066.6001.1.11325,SAM.09.AKC.5066.6001.1,PM2.5,http://dd.eionet.europa.eu/vocabulary/aq/pollutant/6001,hour,4.3965001000,µg/m3,2018-01-18 19:00:00 +01:00,2018-01-18 20:00:00 +01:00,1,1
AT,AT.0008.20.AQ,NET.09,STA.09.AKC,,SPO.09.AKC.5066.6001.1,SPP.09.AKC.5066.6001.1.11325,SAM.09.AKC.5066.6001.1,PM2.5,http://dd.eionet.europa.eu/vocabulary/aq/pollutant/6001,hour,2.1701500300,µg/m3,2018-01-18 22:00:00 +01:00,2018-01-18 23:00:00 +01:00,1,1
AT,AT.0008.20.AQ,NET.09,STA.09.AKC,,SPO.09.AKC.5066.6001.1,SPP.09.AKC.5066.6001.1.11325,SAM.09.AKC.5066.6001.1,PM2.5,http://dd.eionet.europa.eu/vocabulary/aq/pollutant/6001,hour,2.9637999400,µg/m3,2018-01-18 23:00:00 +01:00,2018-01-19 00:00:00 +01:00,1,1
AT,AT.0008.20.AQ,NET.09,STA.09.AKC,,SPO.09.AKC.5066.6001.1,SPP.09.AKC.5066.6001.1.11325,SAM.09.AKC.5066.6001.1,PM2.5,http://dd.eionet.europa.eu/vocabulary/aq/pollutant/6001,hour,2.1807999500,µg/m3,2018-01-19 00:00:00 +01:00,2018-01-19 01:00:00 +01:00,1,1
AT,AT.0008.20.AQ,NET.09,STA.09.AKC,,SPO.09.AKC.5066.6001.1,SPP.09.AKC.5066.6001.1.11325,SAM.09.AKC.5066.6001.1,PM2.5,http://dd.eionet.europa.eu/vocabulary/aq/pollutant/6001,hour,1.8202999700,µg/m3,2018-01-19 01:00:00 +01:00,2018-01-19 02:00:00 +01:00,1,1
AT,AT.0008.20.AQ,NET.09,STA.09.AKC,,SPO.09.AKC.5066.6001.1,SPP.09.AKC.5066.6001.1.11325,SAM.09.AKC.5066.6001.1,PM2.5,http://dd.eionet.europa.eu/vocabulary/aq/pollutant/6001,hour,2.0048000700,µg/m3,2018-01-19 02:00:00 +01:00,2018-01-19 03:00:00 +01:00,1,1
AT,AT.0008.20.AQ,NET.09,STA.09.AKC,,SPO.09.AKC.5066.6001.1,SPP.09.AKC.5066.6001.1.11325,SAM.09.AKC.5066.6001.1,PM2.5,http://dd.eionet.europa.eu/vocabulary/aq/pollutant/6001,hour,2.0104000400,µg/m3,2018-01-19 05:00:00 +01:00,2018-01-19 06:00:00 +01:00,1,1
AT,AT.0008.20.AQ,NET.09,STA.09.AKC,,SPO.09.AKC.5066.6001.1,SPP.09.AKC.5066.6001.1.11325,SAM.09.AKC.5066.6001.1,PM2.5,http://dd.eionet.europa.eu/vocabulary/aq/pollutant/6001,hour,2.0463499900,µg/m3,2018-01-19 06:00:00 +01:00,2018-01-19 07:00:00 +01:00,1,1
AT,AT.0008.20.AQ,NET.09,STA.09.AKC,,SPO.09.AKC.5066.6001.1,SPP.09.AKC.5066.6001.1.11325,SAM.09.AKC.5066.6001.1,PM2.5,http://dd.eionet.europa.eu/vocabulary/aq/pollutant/6001,hour,2.7056000100,µg/m3,2018-01-19 08:00:00 +01:00,2018-01-19 09:00:00 +01:00,1,1
AT,AT.0008.20.AQ,NET.09,STA.09.AKC,,SPO.09.AKC.5066.6001.1,SPP.09.AKC.5066.6001.1.11325,SAM.09.AKC.5066.6001.1,PM2.5,http://dd.eionet.europa.eu/vocabulary/aq/pollutant/6001,hour,2.8725500000,µg/m3,2018-01-19 09:00:00 +01:00,2018-01-19 10:00:00 +01:00,1,1
AT,AT.0008.20.AQ,NET.09,STA.09.AKC,,SPO.09.AKC.5066.6001.1,SPP.09.AKC.5066.6001.1.11325,SAM.09.AKC.5066.6001.1,PM2.5,http://dd.eionet.europa.eu/vocabulary/aq/pollutant/6001,hour,2.2552499600,µg/m3,2018-01-19 12:00:00 +01:00,2018-01-19 13:00:00 +01:00,1,1
AT,AT.0008.20.AQ,NET.09,STA.09.AKC,,SPO.09.AKC.5066.6001.1,SPP.09.AKC.5066.6001.1.11325,SAM.09.AKC.5066.6001.1,PM2.5,http://dd.eionet.europa.eu/vocabulary/aq/pollutant/6001,hour,2.3173499000,µg/m3,2018-01-19 15:00:00 +01:00,2018-01-19 16:00:00 +01:00,1,1
AT,AT.0008.20.AQ,NET.09,STA.09.AKC,,SPO.09.AKC.5066.6001.1,SPP.09.AKC.5066.6001.1.11325,SAM.09.AKC.5066.6001.1,PM2.5,http://dd.eionet.europa.eu/vocabulary/aq/pollutant/6001,hour,2.8341498200,µg/m3,2018-01-19 16:00:00 +01:00,2018-01-19 17:00:00 +01:00,1,1
AT,AT.0008.20.AQ,NET.09,STA.09.AKC,,SPO.09.AKC.5066.6001.1,SPP.09.AKC.5066.6001.1.11325,SAM.09.AKC.5066.6001.1,PM2.5,http://dd.eionet.europa.eu/vocabulary/aq/pollutant/6001,hour,3.0768499200,µg/m3,2018-01-19 17:00:00 +01:00,2018-01-19 18:00:00 +01:00,1,1
AT,AT.0008.20.AQ,NET.09,STA.09.AKC,,SPO.09.AKC.5066.6001.1,SPP.09.AKC.5066.6001.1.11325,SAM.09.AKC.5066.6001.1,PM2.5,http://dd.eionet.europa.eu/vocabulary/aq/pollutant/6001,hour,3.5742001400,µg/m3,2018-01-19 18:00:00 +01:00,2018-01-19 19:00:00 +01:00,1,1
AT,AT.0008.20.AQ,NET.09,STA.09.AKC,,SPO.09.AKC.5066.6001.1,SPP.09.AKC.5066.6001.1.11325,SAM.09.AKC.5066.6001.1,PM2.5,http://dd.eionet.europa.eu/vocabulary/aq/pollutant/6001,hour,4.8603496400,µg/m3,2018-01-19 22:00:00 +01:00,2018-01-19 23:00:00 +01:00,1,1
AT,AT.0008.20.AQ,NET.09,STA.09.AKC,,SPO.09.AKC.5066.6001.1,SPP.09.AKC.5066.6001.1.11325,SAM.09.AKC.5066.6001.1,PM2.5,http://dd.eionet.europa.eu/vocabulary/aq/pollutant/6001,hour,4.8758497100,µg/m3,2018-01-19 23:00:00 +01:00,2018-01-20 00:00:00 +01:00,1,1
AT,AT.0008.20.AQ,NET.09,STA.09.AKC,,SPO.09.AKC.5066.6001.1,SPP.09.AKC.5066.6001.1.11325,SAM.09.AKC.5066.6001.1,PM2.5,http://dd.eionet.europa.eu/vocabulary/aq/pollutant/6001,hour,5.7858500300,µg/m3,2018-01-20 00:00:00 +01:00,2018-01-20 01:00:00 +01:00,1,1
AT,AT.0008.20.AQ,NET.09,STA.09.AKC,,SPO.09.AKC.5066.6001.1,SPP.09.AKC.5066.6001.1.11325,SAM.09.AKC.5066.6001.1,PM2.5,http://dd.eionet.europa.eu/vocabulary/aq/pollutant/6001,hour,7.5086002200,µg/m3,2018-01-20 01:00:00 +01:00,2018-01-20 02:00:00 +01:00,1,1
AT,AT.0008.20.AQ,NET.09,STA.09.AKC,,SPO.09.AKC.5066.6001.1,SPP.09.AKC.5066.6001.1.11325,SAM.09.AKC.5066.6001.1,PM2.5,http://dd.eionet.europa.eu/vocabulary/aq/pollutant/6001,hour,8.2147998700,µg/m3,2018-01-20 03:00:00 +01:00,2018-01-20 04:00:00 +01:00,1,1
AT,AT.0008.20.AQ,NET.09,STA.09.AKC,,SPO.09.AKC.5066.6001.1,SPP.09.AKC.5066.6001.1.11325,SAM.09.AKC.5066.6001.1,PM2.5,http://dd.eionet.europa.eu/vocabulary/aq/pollutant/6001,hour,3.7737498100,µg/m3,2018-01-20 07:00:00 +01:00,2018-01-20 08:00:00 +01:00,1,1
AT,AT.0008.20.AQ,NET.09,STA.09.AKC,,SPO.09.AKC.5066.6001.1,SPP.09.AKC.5066.6001.1.11325,SAM.09.AKC.5066.6001.1,PM2.5,http://dd.eionet.europa.eu/vocabulary/aq/pollutant/6001,hour,6.1419501200,µg/m3,2018-01-20 10:00:00 +01:00,2018-01-20 11:00:00 +01:00,1,1
AT,AT.0008.20.AQ,NET.09,STA.09.AKC,,SPO.09.AKC.5066.6001.1,SPP.09.AKC.5066.6001.1.11325,SAM.09.AKC.5066.6001.1,PM2.5,http://dd.eionet.europa.eu/vocabulary/aq/pollutant/6001,hour,4.4137000900,µg/m3,2018-01-20 11:00:00 +01:00,2018-01-20 12:00:00 +01:00,1,1
AT,AT.0008.20.AQ,NET.09,STA.09.AKC,,SPO.09.AKC.5066.6001.1,SPP.09.AKC.5066.6001.1.11325,SAM.09.AKC.5066.6001.1,PM2.5,http://dd.eionet.europa.eu/vocabulary/aq/pollutant/6001,hour,3.3378999100,µg/m3,2018-01-20 12:00:00 +01:00,2018-01-20 13:00:00 +01:00,1,1
AT,AT.0008.20.AQ,NET.09,STA.09.AKC,,SPO.09.AKC.5066.6001.1,SPP.09.AKC.5066.6001.1.11325,SAM.09.AKC.5066.6001.1,PM2.5,http://dd.eionet.europa.eu/vocabulary/aq/pollutant/6001,hour,3.4756998900,µg/m3,2018-01-20 13:00:00 +01:00,2018-01-20 14:00:00 +01:00,1,1
AT,AT.0008.20.AQ,NET.09,STA.09.AKC,,SPO.09.AKC.5066.6001.1,SPP.09.AKC.5066.6001.1.11325,SAM.09.AKC.5066.6001.1,PM2.5,http://dd.eionet.europa.eu/vocabulary/aq/pollutant/6001,hour,2.9068000200,µg/m3,2018-01-20 14:00:00 +01:00,2018-01-20 15:00:00 +01:00,1,1
AT,AT.0008.20.AQ,NET.09,STA.09.AKC,,SPO.09.AKC.5066.6001.1,SPP.09.AKC.5066.6001.1.11325,SAM.09.AKC.5066.6001.1,PM2.5,http://dd.eionet.europa.eu/vocabulary/aq/pollutant/6001,hour,2.4868998400,µg/m3,2018-01-20 15:00:00 +01:00,2018-01-20 16:00:00 +01:00,1,1
AT,AT.0008.20.AQ,NET.09,STA.09.AKC,,SPO.09.AKC.5066.6001.1,SPP.09.AKC.5066.6001.1.11325,SAM.09.AKC.5066.6001.1,PM2.5,http://dd.eionet.europa.eu/vocabulary/aq/pollutant/6001,hour,9.4486999400,µg/m3,2018-01-20 19:00:00 +01:00,2018-01-20 20:00:00 +01:00,1,1
AT,AT.0008.20.AQ,NET.09,STA.09.AKC,,SPO.09.AKC.5066.6001.1,SPP.09.AKC.5066.6001.1.11325,SAM.09.AKC.5066.6001.1,PM2.5,http://dd.eionet.europa.eu/vocabulary/aq/pollutant/6001,hour,10.1688995200,µg/m3,2018-01-20 20:00:00 +01:00,2018-01-20 21:00:00 +01:00,1,1
AT,AT.0008.20.AQ,NET.09,STA.09.AKC,,SPO.09.AKC.5066.6001.1,SPP.09.AKC.5066.6001.1.11325,SAM.09.AKC.5066.6001.1,PM2.5,http://dd.eionet.europa.eu/vocabulary/aq/pollutant/6001,hour,12.9759998200,µg/m3,2018-01-20 21:00:00 +01:00,2018-01-20 22:00:00 +01:00,1,1
AT,AT.0008.20.AQ,NET.09,STA.09.AKC,,SPO.09.AKC.5066.6001.1,SPP.09.AKC.5066.6001.1.11325,SAM.09.AKC.5066.6001.1,PM2.5,http://dd.eionet.europa.eu/vocabulary/aq/pollutant/6001,hour,11.4425001000,µg/m3,2018-01-20 23:00:00 +01:00,2018-01-21 00:00:00 +01:00,1,1
AT,AT.0008.20.AQ,NET.09,STA.09.AKC,,SPO.09.AKC.5066.6001.1,SPP.09.AKC.5066.6001.1.11325,SAM.09.AKC.5066.6001.1,PM2.5,http://dd.eionet.europa.eu/vocabulary/aq/pollutant/6001,hour,14.5555000200,µg/m3,2018-01-21 12:00:00 +01:00,2018-01-21 13:00:00 +01:00,1,1
AT,AT.0008.20.AQ,NET.09,STA.09.AKC,,SPO.09.AKC.5066.6001.1,SPP.09.AKC.5066.6001.1.11325,SAM.09.AKC.5066.6001.1,PM2.5,http://dd.eionet.europa.eu/vocabulary/aq/pollutant/6001,hour,16.6765003100,µg/m3,2018-01-21 22:00:00 +01:00,2018-01-21 23:00:00 +01:00,1,1
AT,AT.0008.20.AQ,NET.09,STA.09.AKC,,SPO.09.AKC.5066.6001.1,SPP.09.AKC.5066.6001.1.11325,SAM.09.AKC.5066.6001.1,PM2.5,http://dd.eionet.europa.eu/vocabulary/aq/pollutant/6001,hour,16.9565009900,µg/m3,2018-01-22 01:00:00 +01:00,2018-01-22 02:00:00 +01:00,1,1
AT,AT.0008.20.AQ,NET.09,STA.09.AKC,,SPO.09.AKC.5066.6001.1,SPP.09.AKC.5066.6001.1.11325,SAM.09.AKC.5066.6001.1,PM2.5,http://dd.eionet.europa.eu/vocabulary/aq/pollutant/6001,hour,14.9560003100,µg/m3,2018-01-22 02:00:00 +01:00,2018-01-22 03:00:00 +01:00,1,1
AT,AT.0008.20.AQ,NET.09,STA.09.AKC,,SPO.09.AKC.5066.6001.1,SPP.09.AKC.5066.6001.1.11325,SAM.09.AKC.5066.6001.1,PM2.5,http://dd.eionet.europa.eu/vocabulary/aq/pollutant/6001,hour,18.1380004700,µg/m3,2018-01-22 05:00:00 +01:00,2018-01-22 06:00:00 +01:00,1,1
AT,AT.0008.20.AQ,NET.09,STA.09.AKC,,SPO.09.AKC.5066.6001.1,SPP.09.AKC.5066.6001.1.11325,SAM.09.AKC.5066.6001.1,PM2.5,http://dd.eionet.europa.eu/vocabulary/aq/pollutant/6001,hour,22.1230010800,µg/m3,2018-01-22 07:00:00 +01:00,2018-01-22 08:00:00 +01:00,1,1
AT,AT.0008.20.AQ,NET.09,STA.09.AKC,,SPO.09.AKC.5066.6001.1,SPP.09.AKC.5066.6001.1.11325,SAM.09.AKC.5066.6001.1,PM2.5,http://dd.eionet.europa.eu/vocabulary/aq/pollutant/6001,hour,21.9314994700,µg/m3,2018-01-22 08:00:00 +01:00,2018-01-22 09:00:00 +01:00,1,1
AT,AT.0008.20.AQ,NET.09,STA.09.AKC,,SPO.09.AKC.5066.6001.1,SPP.09.AKC.5066.6001.1.11325,SAM.09.AKC.5066.6001.1,PM2.5,http://dd.eionet.europa.eu/vocabulary/aq/pollutant/6001,hour,19.5279998600,µg/m3,2018-01-22 14:00:00 +01:00,2018-01-22 15:00:00 +01:00,1,1
AT,AT.0008.20.AQ,NET.09,STA.09.AKC,,SPO.09.AKC.5066.6001.1,SPP.09.AKC.5066.6001.1.11325,SAM.09.AKC.5066.6001.1,PM2.5,http://dd.eionet.europa.eu/vocabulary/aq/pollutant/6001,hour,19.7390003100,µg/m3,2018-01-22 15:00:00 +01:00,2018-01-22 16:00:00 +01:00,1,1
AT,AT.0008.20.AQ,NET.09,STA.09.AKC,,SPO.09.AKC.5066.6001.1,SPP.09.AKC.5066.6001.1.11325,SAM.09.AKC.5066.6001.1,PM2.5,http://dd.eionet.europa.eu/vocabulary/aq/pollutant/6001,hour,19.9669990400,µg/m3,2018-01-22 20:00:00 +01:00,2018-01-22 21:00:00 +01:00,1,1
AT,AT.0008.20.AQ,NET.09,STA.09.AKC,,SPO.09.AKC.5066.6001.1,SPP.09.AKC.5066.6001.1.11325,SAM.09.AKC.5066.6001.1,PM2.5,http://dd.eionet.europa.eu/vocabulary/aq/pollutant/6001,hour,20.5205001700,µg/m3,2018-01-22 22:00:00 +01:00,2018-01-22 23:00:00 +01:00,1,1
AT,AT.0008.20.AQ,NET.09,STA.09.AKC,,SPO.09.AKC.5066.6001.1,SPP.09.AKC.5066.6001.1.11325,SAM.09.AKC.5066.6001.1,PM2.5,http://dd.eionet.europa.eu/vocabulary/aq/pollutant/6001,hour,24.2169990400,µg/m3,2018-01-23 00:00:00 +01:00,2018-01-23 01:00:00 +01:00,1,1
AT,AT.0008.20.AQ,NET.09,STA.09.AKC,,SPO.09.AKC.5066.6001.1,SPP.09.AKC.5066.6001.1.11325,SAM.09.AKC.5066.6001.1,PM2.5,http://dd.eionet.europa.eu/vocabulary/aq/pollutant/6001,hour,23.6350002100,µg/m3,2018-01-23 01:00:00 +01:00,2018-01-23 02:00:00 +01:00,1,1
AT,AT.0008.20.AQ,NET.09,STA.09.AKC,,SPO.09.AKC.5066.6001.1,SPP.09.AKC.5066.6001.1.11325,SAM.09.AKC.5066.6001.1,PM2.5,http://dd.eionet.europa.eu/vocabulary/aq/pollutant/6001,hour,25.2495002600,µg/m3,2018-01-23 02:00:00 +01:00,2018-01-23 03:00:00 +01:00,1,1
AT,AT.0008.20.AQ,NET.09,STA.09.AKC,,SPO.09.AKC.5066.6001.1,SPP.09.AKC.5066.6001.1.11325,SAM.09.AKC.5066.6001.1,PM2.5,http://dd.eionet.europa.eu/vocabulary/aq/pollutant/6001,hour,15.9730005100,µg/m3,2018-01-23 04:00:00 +01:00,2018-01-23 05:00:00 +01:00,1,1
AT,AT.0008.20.AQ,NET.09,STA.09.AKC,,SPO.09.AKC.5066.6001.1,SPP.09.AKC.5066.6001.1.11325,SAM.09.AKC.5066.6001.1,PM2.5,http://dd.eionet.europa.eu/vocabulary/aq/pollutant/6001,hour,14.4724998300,µg/m3,2018-01-23 11:00:00 +01:00,2018-01-23 12:00:00 +01:00,1,1
AT,AT.0008.20.AQ,NET.09,STA.09.AKC,,SPO.09.AKC.5066.6001.1,SPP.09.AKC.5066.6001.1.11325,SAM.09.AKC.5066.6001.1,PM2.5,http://dd.eionet.europa.eu/vocabulary/aq/pollutant/6001,hour,14.0680007800,µg/m3,2018-01-23 13:00:00 +01:00,2018-01-23 14:00:00 +01:00,1,1
AT,AT.0008.20.AQ,NET.09,STA.09.AKC,,SPO.09.AKC.5066.6001.1,SPP.09.AKC.5066.6001.1.11325,SAM.09.AKC.5066.6001.1,PM2.5,http://dd.eionet.europa.eu/vocabulary/aq/pollutant/6001,hour,15.1949996800,µg/m3,2018-01-23 16:00:00 +01:00,2018-01-23 17:00:00 +01:00,1,1
AT,AT.0008.20.AQ,NET.09,STA.09.AKC,,SPO.09.AKC.5066.6001.1,SPP.09.AKC.5066.6001.1.11325,SAM.09.AKC.5066.6001.1,PM2.5,http://dd.eionet.europa.eu/vocabulary/aq/pollutant/6001,hour,12.9305000200,µg/m3,2018-01-24 07:00:00 +01:00,2018-01-24 08:00:00 +01:00,1,1
AT,AT.0008.20.AQ,NET.09,STA.09.AKC,,SPO.09.AKC.5066.6001.1,SPP.09.AKC.5066.6001.1.11325,SAM.09.AKC.5066.6001.1,PM2.5,http://dd.eionet.europa.eu/vocabulary/aq/pollutant/6001,hour,15.2374992200,µg/m3,2018-01-24 08:00:00 +01:00,2018-01-24 09:00:00 +01:00,1,1
AT,AT.0008.20.AQ,NET.09,STA.09.AKC,,SPO.09.AKC.5066.6001.1,SPP.09.AKC.5066.6001.1.11325,SAM.09.AKC.5066.6001.1,PM2.5,http://dd.eionet.europa.eu/vocabulary/aq/pollutant/6001,hour,15.6129999000,µg/m3,2018-01-24 09:00:00 +01:00,2018-01-24 10:00:00 +01:00,1,1
AT,AT.0008.20.AQ,NET.09,STA.09.AKC,,SPO.09.AKC.5066.6001.1,SPP.09.AKC.5066.6001.1.11325,SAM.09.AKC.5066.6001.1,PM2.5,http://dd.eionet.europa.eu/vocabulary/aq/pollutant/6001,hour,32.5260009600,µg/m3,2018-01-24 17:00:00 +01:00,2018-01-24 18:00:00 +01:00,1,1
AT,AT.0008.20.AQ,NET.09,STA.09.AKC,,SPO.09.AKC.5066.6001.1,SPP.09.AKC.5066.6001.1.11325,SAM.09.AKC.5066.6001.1,PM2.5,http://dd.eionet.europa.eu/vocabulary/aq/pollutant/6001,hour,25.1709995100,µg/m3,2018-01-24 21:00:00 +01:00,2018-01-24 22:00:00 +01:00,1,1
AT,AT.0008.20.AQ,NET.09,STA.09.AKC,,SPO.09.AKC.5066.6001.1,SPP.09.AKC.5066.6001.1.11325,SAM.09.AKC.5066.6001.1,PM2.5,http://dd.eionet.europa.eu/vocabulary/aq/pollutant/6001,hour,20.8424987600,µg/m3,2018-01-24 23:00:00 +01:00,2018-01-25 00:00:00 +01:00,1,1
AT,AT.0008.20.AQ,NET.09,STA.09.AKC,,SPO.09.AKC.5066.6001.1,SPP.09.AKC.5066.6001.1.11325,SAM.09.AKC.5066.6001.1,PM2.5,http://dd.eionet.europa.eu/vocabulary/aq/pollutant/6001,hour,20.1705016900,µg/m3,2018-01-25 02:00:00 +01:00,2018-01-25 03:00:00 +01:00,1,1
AT,AT.0008.20.AQ,NET.09,STA.09.AKC,,SPO.09.AKC.5066.6001.1,SPP.09.AKC.5066.6001.1.11325,SAM.09.AKC.5066.6001.1,PM2.5,http://dd.eionet.europa.eu/vocabulary/aq/pollutant/6001,hour,30.0815009900,µg/m3,2018-01-25 06:00:00 +01:00,2018-01-25 07:00:00 +01:00,1,1
AT,AT.0008.20.AQ,NET.09,STA.09.AKC,,SPO.09.AKC.5066.6001.1,SPP.09.AKC.5066.6001.1.11325,SAM.09.AKC.5066.6001.1,PM2.5,http://dd.eionet.europa.eu/vocabulary/aq/pollutant/6001,hour,33.7070007200,µg/m3,2018-01-25 08:00:00 +01:00,2018-01-25 09:00:00 +01:00,1,1
AT,AT.0008.20.AQ,NET.09,STA.09.AKC,,SPO.09.AKC.5066.6001.1,SPP.09.AKC.5066.6001.1.11325,SAM.09.AKC.5066.6001.1,PM2.5,http://dd.eionet.europa.eu/vocabulary/aq/pollutant/6001,hour,32.8034973000,µg/m3,2018-01-25 10:00:00 +01:00,2018-01-25 11:00:00 +01:00,1,1
AT,AT.0008.20.AQ,NET.09,STA.09.AKC,,SPO.09.AKC.5066.6001.1,SPP.09.AKC.5066.6001.1.11325,SAM.09.AKC.5066.6001.1,PM2.5,http://dd.eionet.europa.eu/vocabulary/aq/pollutant/6001,hour,35.6770019400,µg/m3,2018-01-25 12:00:00 +01:00,2018-01-25 13:00:00 +01:00,1,1
AT,AT.0008.20.AQ,NET.09,STA.09.AKC,,SPO.09.AKC.5066.6001.1,SPP.09.AKC.5066.6001.1.11325,SAM.09.AKC.5066.6001.1,PM2.5,http://dd.eionet.europa.eu/vocabulary/aq/pollutant/6001,hour,34.7970008700,µg/m3,2018-01-25 13:00:00 +01:00,2018-01-25 14:00:00 +01:00,1,1
AT,AT.0008.20.AQ,NET.09,STA.09.AKC,,SPO.09.AKC.5066.6001.1,SPP.09.AKC.5066.6001.1.11325,SAM.09.AKC.5066.6001.1,PM2.5,http://dd.eionet.europa.eu/vocabulary/aq/pollutant/6001,hour,29.3580016900,µg/m3,2018-01-25 17:00:00 +01:00,2018-01-25 18:00:00 +01:00,1,1
AT,AT.0008.20.AQ,NET.09,STA.09.AKC,,SPO.09.AKC.5066.6001.1,SPP.09.AKC.5066.6001.1.11325,SAM.09.AKC.5066.6001.1,PM2.5,http://dd.eionet.europa.eu/vocabulary/aq/pollutant/6001,hour,28.4270000300,µg/m3,2018-01-25 19:00:00 +01:00,2018-01-25 20:00:00 +01:00,1,1
AT,AT.0008.20.AQ,NET.09,STA.09.AKC,,SPO.09.AKC.5066.6001.1,SPP.09.AKC.5066.6001.1.11325,SAM.09.AKC.5066.6001.1,PM2.5,http://dd.eionet.europa.eu/vocabulary/aq/pollutant/6001,hour,25.2690009900,µg/m3,2018-01-25 20:00:00 +01:00,2018-01-25 21:00:00 +01:00,1,1
AT,AT.0008.20.AQ,NET.09,STA.09.AKC,,SPO.09.AKC.5066.6001.1,SPP.09.AKC.5066.6001.1.11325,SAM.09.AKC.5066.6001.1,PM2.5,http://dd.eionet.europa.eu/vocabulary/aq/pollutant/6001,hour,25.7630004700,µg/m3,2018-01-25 21:00:00 +01:00,2018-01-25 22:00:00 +01:00,1,1
AT,AT.0008.20.AQ,NET.09,STA.09.AKC,,SPO.09.AKC.5066.6001.1,SPP.09.AKC.5066.6001.1.11325,SAM.09.AKC.5066.6001.1,PM2.5,http://dd.eionet.europa.eu/vocabulary/aq/pollutant/6001,hour,29.1560001200,µg/m3,2018-01-25 23:00:00 +01:00,2018-01-26 00:00:00 +01:00,1,1
AT,AT.0008.20.AQ,NET.09,STA.09.AKC,,SPO.09.AKC.5066.6001.1,SPP.09.AKC.5066.6001.1.11325,SAM.09.AKC.5066.6001.1,PM2.5,http://dd.eionet.europa.eu/vocabulary/aq/pollutant/6001,hour,33.6009979100,µg/m3,2018-01-26 04:00:00 +01:00,2018-01-26 05:00:00 +01:00,1,1
AT,AT.0008.20.AQ,NET.09,STA.09.AKC,,SPO.09.AKC.5066.6001.1,SPP.09.AKC.5066.6001.1.11325,SAM.09.AKC.5066.6001.1,PM2.5,http://dd.eionet.europa.eu/vocabulary/aq/pollutant/6001,hour,40.6849975400,µg/m3,2018-01-26 07:00:00 +01:00,2018-01-26 08:00:00 +01:00,1,1
AT,AT.0008.20.AQ,NET.09,STA.09.AKC,,SPO.09.AKC.5066.6001.1,SPP.09.AKC.5066.6001.1.11325,SAM.09.AKC.5066.6001.1,PM2.5,http://dd.eionet.europa.eu/vocabulary/aq/pollutant/6001,hour,42.2075004400,µg/m3,2018-01-26 08:00:00 +01:00,2018-01-26 09:00:00 +01:00,1,1
AT,AT.0008.20.AQ,NET.09,STA.09.AKC,,SPO.09.AKC.5066.6001.1,SPP.09.AKC.5066.6001.1.11325,SAM.09.AKC.5066.6001.1,PM2.5,http://dd.eionet.europa.eu/vocabulary/aq/pollutant/6001,hour,45.4475021200,µg/m3,2018-01-26 10:00:00 +01:00,2018-01-26 11:00:00 +01:00,1,1
AT,AT.0008.20.AQ,NET.09,STA.09.AKC,,SPO.09.AKC.5066.6001.1,SPP.09.AKC.5066.6001.1.11325,SAM.09.AKC.5066.6001.1,PM2.5,http://dd.eionet.europa.eu/vocabulary/aq/pollutant/6001,hour,44.0384979100,µg/m3,2018-01-26 11:00:00 +01:00,2018-01-26 12:00:00 +01:00,1,1
AT,AT.0008.20.AQ,NET.09,STA.09.AKC,,SPO.09.AKC.5066.6001.1,SPP.09.AKC.5066.6001.1.11325,SAM.09.AKC.5066.6001.1,PM2.5,http://dd.eionet.europa.eu/vocabulary/aq/pollutant/6001,hour,43.6699981500,µg/m3,2018-01-26 12:00:00 +01:00,2018-01-26 13:00:00 +01:00,1,1
AT,AT.0008.20.AQ,NET.09,STA.09.AKC,,SPO.09.AKC.5066.6001.1,SPP.09.AKC.5066.6001.1.11325,SAM.09.AKC.5066.6001.1,PM2.5,http://dd.eionet.europa.eu/vocabulary/aq/pollutant/6001,hour,35.3290023700,µg/m3,2018-01-26 16:00:00 +01:00,2018-01-26 17:00:00 +01:00,1,1
AT,AT.0008.20.AQ,NET.09,STA.09.AKC,,SPO.09.AKC.5066.6001.1,SPP.09.AKC.5066.6001.1.11325,SAM.09.AKC.5066.6001.1,PM2.5,http://dd.eionet.europa.eu/vocabulary/aq/pollutant/6001,hour,37.1544990400,µg/m3,2018-01-26 18:00:00 +01:00,2018-01-26 19:00:00 +01:00,1,1
AT,AT.0008.20.AQ,NET.09,STA.09.AKC,,SPO.09.AKC.5066.6001.1,SPP.09.AKC.5066.6001.1.11325,SAM.09.AKC.5066.6001.1,PM2.5,http://dd.eionet.europa.eu/vocabulary/aq/pollutant/6001,hour,34.6360015700,µg/m3,2018-01-26 19:00:00 +01:00,2018-01-26 20:00:00 +01:00,1,1
AT,AT.0008.20.AQ,NET.09,STA.09.AKC,,SPO.09.AKC.5066.6001.1,SPP.09.AKC.5066.6001.1.11325,SAM.09.AKC.5066.6001.1,PM2.5,http://dd.eionet.europa.eu/vocabulary/aq/pollutant/6001,hour,41.5914993100,µg/m3,2018-01-26 21:00:00 +01:00,2018-01-26 22:00:00 +01:00,1,1
AT,AT.0008.20.AQ,NET.09,STA.09.AKC,,SPO.09.AKC.5066.6001.1,SPP.09.AKC.5066.6001.1.11325,SAM.09.AKC.5066.6001.1,PM2.5,http://dd.eionet.europa.eu/vocabulary/aq/pollutant/6001,hour,55.9189987000,µg/m3,2018-01-26 22:00:00 +01:00,2018-01-26 23:00:00 +01:00,1,1
AT,AT.0008.20.AQ,NET.09,STA.09.AKC,,SPO.09.AKC.5066.6001.1,SPP.09.AKC.5066.6001.1.11325,SAM.09.AKC.5066.6001.1,PM2.5,http://dd.eionet.europa.eu/vocabulary/aq/pollutant/6001,hour,55.3269996500,µg/m3,2018-01-26 23:00:00 +01:00,2018-01-27 00:00:00 +01:00,1,1
AT,AT.0008.20.AQ,NET.09,STA.09.AKC,,SPO.09.AKC.5066.6001.1,SPP.09.AKC.5066.6001.1.11325,SAM.09.AKC.5066.6001.1,PM2.5,http://dd.eionet.europa.eu/vocabulary/aq/pollutant/6001,hour,19.9060001200,µg/m3,2018-01-27 05:00:00 +01:00,2018-01-27 06:00:00 +01:00,1,1
AT,AT.0008.20.AQ,NET.09,STA.09.AKC,,SPO.09.AKC.5066.6001.1,SPP.09.AKC.5066.6001.1.11325,SAM.09.AKC.5066.6001.1,PM2.5,http://dd.eionet.europa.eu/vocabulary/aq/pollutant/6001,hour,19.6814994700,µg/m3,2018-01-27 06:00:00 +01:00,2018-01-27 07:00:00 +01:00,1,1
AT,AT.0008.20.AQ,NET.09,STA.09.AKC,,SPO.09.AKC.5066.6001.1,SPP.09.AKC.5066.6001.1.11325,SAM.09.AKC.5066.6001.1,PM2.5,http://dd.eionet.europa.eu/vocabulary/aq/pollutant/6001,hour,16.4060001200,µg/m3,2018-01-27 08:00:00 +01:00,2018-01-27 09:00:00 +01:00,1,1
AT,AT.0008.20.AQ,NET.09,STA.09.AKC,,SPO.09.AKC.5066.6001.1,SPP.09.AKC.5066.6001.1.11325,SAM.09.AKC.5066.6001.1,PM2.5,http://dd.eionet.europa.eu/vocabulary/aq/pollutant/6001,hour,17.8974990700,µg/m3,2018-01-27 10:00:00 +01:00,2018-01-27 11:00:00 +01:00,1,1
AT,AT.0008.20.AQ,NET.09,STA.09.AKC,,SPO.09.AKC.5066.6001.1,SPP.09.AKC.5066.6001.1.11325,SAM.09.AKC.5066.6001.1,PM2.5,http://dd.eionet.europa.eu/vocabulary/aq/pollutant/6001,hour,16.0144996500,µg/m3,2018-01-27 16:00:00 +01:00,2018-01-27 17:00:00 +01:00,1,1
AT,AT.0008.20.AQ,NET.09,STA.09.AKC,,SPO.09.AKC.5066.6001.1,SPP.09.AKC.5066.6001.1.11325,SAM.09.AKC.5066.6001.1,PM2.5,http://dd.eionet.europa.eu/vocabulary/aq/pollutant/6001,hour,20.6305007800,µg/m3,2018-01-27 23:00:00 +01:00,2018-01-28 00:00:00 +01:00,1,1
AT,AT.0008.20.AQ,NET.09,STA.09.AKC,,SPO.09.AKC.5066.6001.1,SPP.09.AKC.5066.6001.1.11325,SAM.09.AKC.5066.6001.1,PM2.5,http://dd.eionet.europa.eu/vocabulary/aq/pollutant/6001,hour,24.1739997700,µg/m3,2018-01-28 00:00:00 +01:00,2018-01-28 01:00:00 +01:00,1,1
AT,AT.0008.20.AQ,NET.09,STA.09.AKC,,SPO.09.AKC.5066.6001.1,SPP.09.AKC.5066.6001.1.11325,SAM.09.AKC.5066.6001.1,PM2.5,http://dd.eionet.europa.eu/vocabulary/aq/pollutant/6001,hour,25.1134986700,µg/m3,2018-01-28 02:00:00 +01:00,2018-01-28 03:00:00 +01:00,1,1
AT,AT.0008.20.AQ,NET.09,STA.09.AKC,,SPO.09.AKC.5066.6001.1,SPP.09.AKC.5066.6001.1.11325,SAM.09.AKC.5066.6001.1,PM2.5,http://dd.eionet.europa.eu/vocabulary/aq/pollutant/6001,hour,26.0960006600,µg/m3,2018-01-28 03:00:00 +01:00,2018-01-28 04:00:00 +01:00,1,1
AT,AT.0008.20.AQ,NET.09,STA.09.AKC,,SPO.09.AKC.5066.6001.1,SPP.09.AKC.5066.6001.1.11325,SAM.09.AKC.5066.6001.1,PM2.5,http://dd.eionet.europa.eu/vocabulary/aq/pollutant/6001,hour,24.0530013900,µg/m3,2018-01-28 04:00:00 +01:00,2018-01-28 05:00:00 +01:00,1,1
AT,AT.0008.20.AQ,NET.09,STA.09.AKC,,SPO.09.AKC.5066.6001.1,SPP.09.AKC.5066.6001.1.11325,SAM.09.AKC.5066.6001.1,PM2.5,http://dd.eionet.europa.eu/vocabulary/aq/pollutant/6001,hour,18.5650005200,µg/m3,2018-01-28 08:00:00 +01:00,2018-01-28 09:00:00 +01:00,1,1
AT,AT.0008.20.AQ,NET.09,STA.09.AKC,,SPO.09.AKC.5066.6001.1,SPP.09.AKC.5066.6001.1.11325,SAM.09.AKC.5066.6001.1,PM2.5,http://dd.eionet.europa.eu/vocabulary/aq/pollutant/6001,hour,15.3964996200,µg/m3,2018-01-28 10:00:00 +01:00,2018-01-28 11:00:00 +01:00,1,1
AT,AT.0008.20.AQ,NET.09,STA.09.AKC,,SPO.09.AKC.5066.6001.1,SPP.09.AKC.5066.6001.1.11325,SAM.09.AKC.5066.6001.1,PM2.5,http://dd.eionet.europa.eu/vocabulary/aq/pollutant/6001,hour,13.3145007900,µg/m3,2018-01-28 11:00:00 +01:00,2018-01-28 12:00:00 +01:00,1,1
AT,AT.0008.20.AQ,NET.09,STA.09.AKC,,SPO.09.AKC.5066.6001.1,SPP.09.AKC.5066.6001.1.11325,SAM.09.AKC.5066.6001.1,PM2.5,http://dd.eionet.europa.eu/vocabulary/aq/pollutant/6001,hour,9.4843997800,µg/m3,2018-01-28 13:00:00 +01:00,2018-01-28 14:00:00 +01:00,1,1
AT,AT.0008.20.AQ,NET.09,STA.09.AKC,,SPO.09.AKC.5066.6001.1,SPP.09.AKC.5066.6001.1.11325,SAM.09.AKC.5066.6001.1,PM2.5,http://dd.eionet.europa.eu/vocabulary/aq/pollutant/6001,hour,7.1188497400,µg/m3,2018-01-28 18:00:00 +01:00,2018-01-28 19:00:00 +01:00,1,1
AT,AT.0008.20.AQ,NET.09,STA.09.AKC,,SPO.09.AKC.5066.6001.1,SPP.09.AKC.5066.6001.1.11325,SAM.09.AKC.5066.6001.1,PM2.5,http://dd.eionet.europa.eu/vocabulary/aq/pollutant/6001,hour,7.1301498300,µg/m3,2018-01-28 19:00:00 +01:00,2018-01-28 20:00:00 +01:00,1,1
AT,AT.0008.20.AQ,NET.09,STA.09.AKC,,SPO.09.AKC.5066.6001.1,SPP.09.AKC.5066.6001.1.11325,SAM.09.AKC.5066.6001.1,PM2.5,http://dd.eionet.europa.eu/vocabulary/aq/pollutant/6001,hour,7.3766498400,µg/m3,2018-01-28 20:00:00 +01:00,2018-01-28 21:00:00 +01:00,1,1
AT,AT.0008.20.AQ,NET.09,STA.09.AKC,,SPO.09.AKC.5066.6001.1,SPP.09.AKC.5066.6001.1.11325,SAM.09.AKC.5066.6001.1,PM2.5,http://dd.eionet.europa.eu/vocabulary/aq/pollutant/6001,hour,5.1140999600,µg/m3,2018-01-28 23:00:00 +01:00,2018-01-29 00:00:00 +01:00,1,1
AT,AT.0008.20.AQ,NET.09,STA.09.AKC,,SPO.09.AKC.5066.6001.1,SPP.09.AKC.5066.6001.1.11325,SAM.09.AKC.5066.6001.1,PM2.5,http://dd.eionet.europa.eu/vocabulary/aq/pollutant/6001,hour,3.2758500400,µg/m3,2018-01-29 02:00:00 +01:00,2018-01-29 03:00:00 +01:00,1,1
AT,AT.0008.20.AQ,NET.09,STA.09.AKC,,SPO.09.AKC.5066.6001.1,SPP.09.AKC.5066.6001.1.11325,SAM.09.AKC.5066.6001.1,PM2.5,http://dd.eionet.europa.eu/vocabulary/aq/pollutant/6001,hour,4.2242498200,µg/m3,2018-01-29 08:00:00 +01:00,2018-01-29 09:00:00 +01:00,1,1
AT,AT.0008.20.AQ,NET.09,STA.09.AKC,,SPO.09.AKC.5066.6001.1,SPP.09.AKC.5066.6001.1.11325,SAM.09.AKC.5066.6001.1,PM2.5,http://dd.eionet.europa.eu/vocabulary/aq/pollutant/6001,hour,4.9970502700,µg/m3,2018-01-29 10:00:00 +01:00,2018-01-29 11:00:00 +01:00,1,1
AT,AT.0008.20.AQ,NET.09,STA.09.AKC,,SPO.09.AKC.5066.6001.1,SPP.09.AKC.5066.6001.1.11325,SAM.09.AKC.5066.6001.1,PM2.5,http://dd.eionet.europa.eu/vocabulary/aq/pollutant/6001,hour,3.7393002400,µg/m3,2018-01-29 11:00:00 +01:00,2018-01-29 12:00:00 +01:00,1,1
AT,AT.0008.20.AQ,NET.09,STA.09.AKC,,SPO.09.AKC.5066.6001.1,SPP.09.AKC.5066.6001.1.11325,SAM.09.AKC.5066.6001.1,PM2.5,http://dd.eionet.europa.eu/vocabulary/aq/pollutant/6001,hour,3.1542999600,µg/m3,2018-01-29 13:00:00 +01:00,2018-01-29 14:00:00 +01:00,1,1
AT,AT.0008.20.AQ,NET.09,STA.09.AKC,,SPO.09.AKC.5066.6001.1,SPP.09.AKC.5066.6001.1.11325,SAM.09.AKC.5066.6001.1,PM2.5,http://dd.eionet.europa.eu/vocabulary/aq/pollutant/6001,hour,2.8675498800,µg/m3,2018-01-29 14:00:00 +01:00,2018-01-29 15:00:00 +01:00,1,1
AT,AT.0008.20.AQ,NET.09,STA.09.AKC,,SPO.09.AKC.5066.6001.1,SPP.09.AKC.5066.6001.1.11325,SAM.09.AKC.5066.6001.1,PM2.5,http://dd.eionet.europa.eu/vocabulary/aq/pollutant/6001,hour,2.7137999400,µg/m3,2018-01-29 17:00:00 +01:00,2018-01-29 18:00:00 +01:00,1,1
AT,AT.0008.20.AQ,NET.09,STA.09.AKC,,SPO.09.AKC.5066.6001.1,SPP.09.AKC.5066.6001.1.11325,SAM.09.AKC.5066.6001.1,PM2.5,http://dd.eionet.europa.eu/vocabulary/aq/pollutant/6001,hour,10.8004999000,µg/m3,2018-01-29 22:00:00 +01:00,2018-01-29 23:00:00 +01:00,1,1
AT,AT.0008.20.AQ,NET.09,STA.09.AKC,,SPO.09.AKC.5066.6001.1,SPP.09.AKC.5066.6001.1.11325,SAM.09.AKC.5066.6001.1,PM2.5,http://dd.eionet.europa.eu/vocabulary/aq/pollutant/6001,hour,7.3255000000,µg/m3,2018-01-30 01:00:00 +01:00,2018-01-30 02:00:00 +01:00,1,1
AT,AT.0008.20.AQ,NET.09,STA.09.AKC,,SPO.09.AKC.5066.6001.1,SPP.09.AKC.5066.6001.1.11325,SAM.09.AKC.5066.6001.1,PM2.5,http://dd.eionet.europa.eu/vocabulary/aq/pollutant/6001,hour,4.5506000400,µg/m3,2018-01-30 02:00:00 +01:00,2018-01-30 03:00:00 +01:00,1,1
AT,AT.0008.20.AQ,NET.09,STA.09.AKC,,SPO.09.AKC.5066.6001.1,SPP.09.AKC.5066.6001.1.11325,SAM.09.AKC.5066.6001.1,PM2.5,http://dd.eionet.europa.eu/vocabulary/aq/pollutant/6001,hour,3.9658999300,µg/m3,2018-01-30 03:00:00 +01:00,2018-01-30 04:00:00 +01:00,1,1
AT,AT.0008.20.AQ,NET.09,STA.09.AKC,,SPO.09.AKC.5066.6001.1,SPP.09.AKC.5066.6001.1.11325,SAM.09.AKC.5066.6001.1,PM2.5,http://dd.eionet.europa.eu/vocabulary/aq/pollutant/6001,hour,2.7227501700,µg/m3,2018-01-30 05:00:00 +01:00,2018-01-30 06:00:00 +01:00,1,1
AT,AT.0008.20.AQ,NET.09,STA.09.AKC,,SPO.09.AKC.5066.6001.1,SPP.09.AKC.5066.6001.1.11325,SAM.09.AKC.5066.6001.1,PM2.5,http://dd.eionet.europa.eu/vocabulary/aq/pollutant/6001,hour,4.2504997100,µg/m3,2018-01-30 14:00:00 +01:00,2018-01-30 15:00:00 +01:00,1,1
AT,AT.0008.20.AQ,NET.09,STA.09.AKC,,SPO.09.AKC.5066.6001.1,SPP.09.AKC.5066.6001.1.11325,SAM.09.AKC.5066.6001.1,PM2.5,http://dd.eionet.europa.eu/vocabulary/aq/pollutant/6001,hour,4.8963498900,µg/m3,2018-01-30 17:00:00 +01:00,2018-01-30 18:00:00 +01:00,1,1
AT,AT.0008.20.AQ,NET.09,STA.09.AKC,,SPO.09.AKC.5066.6001.1,SPP.09.AKC.5066.6001.1.11325,SAM.09.AKC.5066.6001.1,PM2.5,http://dd.eionet.europa.eu/vocabulary/aq/pollutant/6001,hour,7.1757998300,µg/m3,2018-01-30 19:00:00 +01:00,2018-01-30 20:00:00 +01:00,1,1
AT,AT.0008.20.AQ,NET.09,STA.09.AKC,,SPO.09.AKC.5066.6001.1,SPP.09.AKC.5066.6001.1.11325,SAM.09.AKC.5066.6001.1,PM2.5,http://dd.eionet.europa.eu/vocabulary/aq/pollutant/6001,hour,8.4132499500,µg/m3,2018-01-30 20:00:00 +01:00,2018-01-30 21:00:00 +01:00,1,1
AT,AT.0008.20.AQ,NET.09,STA.09.AKC,,SPO.09.AKC.5066.6001.1,SPP.09.AKC.5066.6001.1.11325,SAM.09.AKC.5066.6001.1,PM2.5,http://dd.eionet.europa.eu/vocabulary/aq/pollutant/6001,hour,9.9715003800,µg/m3,2018-01-30 21:00:00 +01:00,2018-01-30 22:00:00 +01:00,1,1
AT,AT.0008.20.AQ,NET.09,STA.09.AKC,,SPO.09.AKC.5066.6001.1,SPP.09.AKC.5066.6001.1.11325,SAM.09.AKC.5066.6001.1,PM2.5,http://dd.eionet.europa.eu/vocabulary/aq/pollutant/6001,hour,19.6930007800,µg/m3,2018-01-31 08:00:00 +01:00,2018-01-31 09:00:00 +01:00,1,1
AT,AT.0008.20.AQ,NET.09,STA.09.AKC,,SPO.09.AKC.5066.6001.1,SPP.09.AKC.5066.6001.1.11325,SAM.09.AKC.5066.6001.1,PM2.5,http://dd.eionet.europa.eu/vocabulary/aq/pollutant/6001,hour,11.4390001100,µg/m3,2018-01-31 11:00:00 +01:00,2018-01-31 12:00:00 +01:00,1,1
AT,AT.0008.20.AQ,NET.09,STA.09.AKC,,SPO.09.AKC.5066.6001.1,SPP.09.AKC.5066.6001.1.11325,SAM.09.AKC.5066.6001.1,PM2.5,http://dd.eionet.europa.eu/vocabulary/aq/pollutant/6001,hour,9.7625503400,µg/m3,2018-01-31 14:00:00 +01:00,2018-01-31 15:00:00 +01:00,1,1
AT,AT.0008.20.AQ,NET.09,STA.09.AKC,,SPO.09.AKC.5066.6001.1,SPP.09.AKC.5066.6001.1.11325,SAM.09.AKC.5066.6001.1,PM2.5,http://dd.eionet.europa.eu/vocabulary/aq/pollutant/6001,hour,18.3134994400,µg/m3,2018-01-31 20:00:00 +01:00,2018-01-31 21:00:00 +01:00,1,1
AT,AT.0008.20.AQ,NET.09,STA.09.AKC,,SPO.09.AKC.5066.6001.1,SPP.09.AKC.5066.6001.1.11325,SAM.09.AKC.5066.6001.1,PM2.5,http://dd.eionet.europa.eu/vocabulary/aq/pollutant/6001,hour,29.0655002400,µg/m3,2018-02-01 03:00:00 +01:00,2018-02-01 04:00:00 +01:00,1,1
AT,AT.0008.20.AQ,NET.09,STA.09.AKC,,SPO.09.AKC.5066.6001.1,SPP.09.AKC.5066.6001.1.11325,SAM.09.AKC.5066.6001.1,PM2.5,http://dd.eionet.europa.eu/vocabulary/aq/pollutant/6001,hour,32.0820007200,µg/m3,2018-02-01 05:00:00 +01:00,2018-02-01 06:00:00 +01:00,1,1
AT,AT.0008.20.AQ,NET.09,STA.09.AKC,,SPO.09.AKC.5066.6001.1,SPP.09.AKC.5066.6001.1.11325,SAM.09.AKC.5066.6001.1,PM2.5,http://dd.eionet.europa.eu/vocabulary/aq/pollutant/6001,hour,32.4360008100,µg/m3,2018-02-01 13:00:00 +01:00,2018-02-01 14:00:00 +01:00,1,1
AT,AT.0008.20.AQ,NET.09,STA.09.AKC,,SPO.09.AKC.5066.6001.1,SPP.09.AKC.5066.6001.1.11325,SAM.09.AKC.5066.6001.1,PM2.5,http://dd.eionet.europa.eu/vocabulary/aq/pollutant/6001,hour,8.8711500000,µg/m3,2018-02-01 17:00:00 +01:00,2018-02-01 18:00:00 +01:00,1,1
AT,AT.0008.20.AQ,NET.09,STA.09.AKC,,SPO.09.AKC.5066.6001.1,SPP.09.AKC.5066.6001.1.11325,SAM.09.AKC.5066.6001.1,PM2.5,http://dd.eionet.europa.eu/vocabulary/aq/pollutant/6001,hour,4.9203500600,µg/m3,2018-02-01 19:00:00 +01:00,2018-02-01 20:00:00 +01:00,1,1
AT,AT.0008.20.AQ,NET.09,STA.09.AKC,,SPO.09.AKC.5066.6001.1,SPP.09.AKC.5066.6001.1.11325,SAM.09.AKC.5066.6001.1,PM2.5,http://dd.eionet.europa.eu/vocabulary/aq/pollutant/6001,hour,6.5881500100,µg/m3,2018-02-01 20:00:00 +01:00,2018-02-01 21:00:00 +01:00,1,1
AT,AT.0008.20.AQ,NET.09,STA.09.AKC,,SPO.09.AKC.5066.6001.1,SPP.09.AKC.5066.6001.1.11325,SAM.09.AKC.5066.6001.1,PM2.5,http://dd.eionet.europa.eu/vocabulary/aq/pollutant/6001,hour,5.5079998800,µg/m3,2018-02-01 21:00:00 +01:00,2018-02-01 22:00:00 +01:00,1,1
AT,AT.0008.20.AQ,NET.09,STA.09.AKC,,SPO.09.AKC.5066.6001.1,SPP.09.AKC.5066.6001.1.11325,SAM.09.AKC.5066.6001.1,PM2.5,http://dd.eionet.europa.eu/vocabulary/aq/pollutant/6001,hour,4.6645002200,µg/m3,2018-02-01 22:00:00 +01:00,2018-02-01 23:00:00 +01:00,1,1
AT,AT.0008.20.AQ,NET.09,STA.09.AKC,,SPO.09.AKC.5066.6001.1,SPP.09.AKC.5066.6001.1.11325,SAM.09.AKC.5066.6001.1,PM2.5,http://dd.eionet.europa.eu/vocabulary/aq/pollutant/6001,hour,3.1705999200,µg/m3,2018-02-01 23:00:00 +01:00,2018-02-02 00:00:00 +01:00,1,1
AT,AT.0008.20.AQ,NET.09,STA.09.AKC,,SPO.09.AKC.5066.6001.1,SPP.09.AKC.5066.6001.1.11325,SAM.09.AKC.5066.6001.1,PM2.5,http://dd.eionet.europa.eu/vocabulary/aq/pollutant/6001,hour,2.1542501300,µg/m3,2018-02-02 00:00:00 +01:00,2018-02-02 01:00:00 +01:00,1,1
AT,AT.0008.20.AQ,NET.09,STA.09.AKC,,SPO.09.AKC.5066.6001.1,SPP.09.AKC.5066.6001.1.11325,SAM.09.AKC.5066.6001.1,PM2.5,http://dd.eionet.europa.eu/vocabulary/aq/pollutant/6001,hour,3.5524499300,µg/m3,2018-02-02 03:00:00 +01:00,2018-02-02 04:00:00 +01:00,1,1
AT,AT.0008.20.AQ,NET.09,STA.09.AKC,,SPO.09.AKC.5066.6001.1,SPP.09.AKC.5066.6001.1.11325,SAM.09.AKC.5066.6001.1,PM2.5,http://dd.eionet.europa.eu/vocabulary/aq/pollutant/6001,hour,5.1083998500,µg/m3,2018-02-02 07:00:00 +01:00,2018-02-02 08:00:00 +01:00,1,1
AT,AT.0008.20.AQ,NET.09,STA.09.AKC,,SPO.09.AKC.5066.6001.1,SPP.09.AKC.5066.6001.1.11325,SAM.09.AKC.5066.6001.1,PM2.5,http://dd.eionet.europa.eu/vocabulary/aq/pollutant/6001,hour,5.1137499700,µg/m3,2018-02-02 08:00:00 +01:00,2018-02-02 09:00:00 +01:00,1,1
AT,AT.0008.20.AQ,NET.09,STA.09.AKC,,SPO.09.AKC.5066.6001.1,SPP.09.AKC.5066.6001.1.11325,SAM.09.AKC.5066.6001.1,PM2.5,http://dd.eionet.europa.eu/vocabulary/aq/pollutant/6001,hour,3.9997999500,µg/m3,2018-02-02 10:00:00 +01:00,2018-02-02 11:00:00 +01:00,1,1
AT,AT.0008.20.AQ,NET.09,STA.09.AKC,,SPO.09.AKC.5066.6001.1,SPP.09.AKC.5066.6001.1.11325,SAM.09.AKC.5066.6001.1,PM2.5,http://dd.eionet.europa.eu/vocabulary/aq/pollutant/6001,hour,4.8770999800,µg/m3,2018-02-02 14:00:00 +01:00,2018-02-02 15:00:00 +01:00,1,1
AT,AT.0008.20.AQ,NET.09,STA.09.AKC,,SPO.09.AKC.5066.6001.1,SPP.09.AKC.5066.6001.1.11325,SAM.09.AKC.5066.6001.1,PM2.5,http://dd.eionet.europa.eu/vocabulary/aq/pollutant/6001,hour,5.1446499700,µg/m3,2018-02-02 15:00:00 +01:00,2018-02-02 16:00:00 +01:00,1,1
AT,AT.0008.20.AQ,NET.09,STA.09.AKC,,SPO.09.AKC.5066.6001.1,SPP.09.AKC.5066.6001.1.11325,SAM.09.AKC.5066.6001.1,PM2.5,http://dd.eionet.europa.eu/vocabulary/aq/pollutant/6001,hour,8.0253000100,µg/m3,2018-02-02 18:00:00 +01:00,2018-02-02 19:00:00 +01:00,1,1
AT,AT.0008.20.AQ,NET.09,STA.09.AKC,,SPO.09.AKC.5066.6001.1,SPP.09.AKC.5066.6001.1.11325,SAM.09.AKC.5066.6001.1,PM2.5,http://dd.eionet.europa.eu/vocabulary/aq/pollutant/6001,hour,7.5768499200,µg/m3,2018-02-02 19:00:00 +01:00,2018-02-02 20:00:00 +01:00,1,1
AT,AT.0008.20.AQ,NET.09,STA.09.AKC,,SPO.09.AKC.5066.6001.1,SPP.09.AKC.5066.6001.1.11325,SAM.09.AKC.5066.6001.1,PM2.5,http://dd.eionet.europa.eu/vocabulary/aq/pollutant/6001,hour,6.7100000200,µg/m3,2018-02-02 20:00:00 +01:00,2018-02-02 21:00:00 +01:00,1,1
AT,AT.0008.20.AQ,NET.09,STA.09.AKC,,SPO.09.AKC.5066.6001.1,SPP.09.AKC.5066.6001.1.11325,SAM.09.AKC.5066.6001.1,PM2.5,http://dd.eionet.europa.eu/vocabulary/aq/pollutant/6001,hour,6.0999498200,µg/m3,2018-02-02 21:00:00 +01:00,2018-02-02 22:00:00 +01:00,1,1
AT,AT.0008.20.AQ,NET.09,STA.09.AKC,,SPO.09.AKC.5066.6001.1,SPP.09.AKC.5066.6001.1.11325,SAM.09.AKC.5066.6001.1,PM2.5,http://dd.eionet.europa.eu/vocabulary/aq/pollutant/6001,hour,6.7026500600,µg/m3,2018-02-02 22:00:00 +01:00,2018-02-02 23:00:00 +01:00,1,1
AT,AT.0008.20.AQ,NET.09,STA.09.AKC,,SPO.09.AKC.5066.6001.1,SPP.09.AKC.5066.6001.1.11325,SAM.09.AKC.5066.6001.1,PM2.5,http://dd.eionet.europa.eu/vocabulary/aq/pollutant/6001,hour,7.2130498700,µg/m3,2018-02-03 00:00:00 +01:00,2018-02-03 01:00:00 +01:00,1,1
AT,AT.0008.20.AQ,NET.09,STA.09.AKC,,SPO.09.AKC.5066.6001.1,SPP.09.AKC.5066.6001.1.11325,SAM.09.AKC.5066.6001.1,PM2.5,http://dd.eionet.europa.eu/vocabulary/aq/pollutant/6001,hour,5.4257001700,µg/m3,2018-02-03 02:00:00 +01:00,2018-02-03 03:00:00 +01:00,1,1
AT,AT.0008.20.AQ,NET.09,STA.09.AKC,,SPO.09.AKC.5066.6001.1,SPP.09.AKC.5066.6001.1.11325,SAM.09.AKC.5066.6001.1,PM2.5,http://dd.eionet.europa.eu/vocabulary/aq/pollutant/6001,hour,10.9134998200,µg/m3,2018-02-03 09:00:00 +01:00,2018-02-03 10:00:00 +01:00,1,1
AT,AT.0008.20.AQ,NET.09,STA.09.AKC,,SPO.09.AKC.5066.6001.1,SPP.09.AKC.5066.6001.1.11325,SAM.09.AKC.5066.6001.1,PM2.5,http://dd.eionet.europa.eu/vocabulary/aq/pollutant/6001,hour,13.2089996200,µg/m3,2018-02-03 13:00:00 +01:00,2018-02-03 14:00:00 +01:00,1,1
AT,AT.0008.20.AQ,NET.09,STA.09.AKC,,SPO.09.AKC.5066.6001.1,SPP.09.AKC.5066.6001.1.11325,SAM.09.AKC.5066.6001.1,PM2.5,http://dd.eionet.europa.eu/vocabulary/aq/pollutant/6001,hour,14.0050001000,µg/m3,2018-02-03 14:00:00 +01:00,2018-02-03 15:00:00 +01:00,1,1
AT,AT.0008.20.AQ,NET.09,STA.09.AKC,,SPO.09.AKC.5066.6001.1,SPP.09.AKC.5066.6001.1.11325,SAM.09.AKC.5066.6001.1,PM2.5,http://dd.eionet.europa.eu/vocabulary/aq/pollutant/6001,hour,16.5945014800,µg/m3,2018-02-03 16:00:00 +01:00,2018-02-03 17:00:00 +01:00,1,1
AT,AT.0008.20.AQ,NET.09,STA.09.AKC,,SPO.09.AKC.5066.6001.1,SPP.09.AKC.5066.6001.1.11325,SAM.09.AKC.5066.6001.1,PM2.5,http://dd.eionet.europa.eu/vocabulary/aq/pollutant/6001,hour,18.4939994700,µg/m3,2018-02-03 17:00:00 +01:00,2018-02-03 18:00:00 +01:00,1,1
AT,AT.0008.20.AQ,NET.09,STA.09.AKC,,SPO.09.AKC.5066.6001.1,SPP.09.AKC.5066.6001.1.11325,SAM.09.AKC.5066.6001.1,PM2.5,http://dd.eionet.europa.eu/vocabulary/aq/pollutant/6001,hour,21.2664985500,µg/m3,2018-02-03 20:00:00 +01:00,2018-02-03 21:00:00 +01:00,1,1
AT,AT.0008.20.AQ,NET.09,STA.09.AKC,,SPO.09.AKC.5066.6001.1,SPP.09.AKC.5066.6001.1.11325,SAM.09.AKC.5066.6001.1,PM2.5,http://dd.eionet.europa.eu/vocabulary/aq/pollutant/6001,hour,18.1574993000,µg/m3,2018-02-03 23:00:00 +01:00,2018-02-04 00:00:00 +01:00,1,1
AT,AT.0008.20.AQ,NET.09,STA.09.AKC,,SPO.09.AKC.5066.6001.1,SPP.09.AKC.5066.6001.1.11325,SAM.09.AKC.5066.6001.1,PM2.5,http://dd.eionet.europa.eu/vocabulary/aq/pollutant/6001,hour,16.5620002600,µg/m3,2018-02-04 00:00:00 +01:00,2018-02-04 01:00:00 +01:00,1,1
AT,AT.0008.20.AQ,NET.09,STA.09.AKC,,SPO.09.AKC.5066.6001.1,SPP.09.AKC.5066.6001.1.11325,SAM.09.AKC.5066.6001.1,PM2.5,http://dd.eionet.europa.eu/vocabulary/aq/pollutant/6001,hour,17.5239982500,µg/m3,2018-02-04 01:00:00 +01:00,2018-02-04 02:00:00 +01:00,1,1
AT,AT.0008.20.AQ,NET.09,STA.09.AKC,,SPO.09.AKC.5066.6001.1,SPP.09.AKC.5066.6001.1.11325,SAM.09.AKC.5066.6001.1,PM2.5,http://dd.eionet.europa.eu/vocabulary/aq/pollutant/6001,hour,17.6690006100,µg/m3,2018-02-04 03:00:00 +01:00,2018-02-04 04:00:00 +01:00,1,1
AT,AT.0008.20.AQ,NET.09,STA.09.AKC,,SPO.09.AKC.5066.6001.1,SPP.09.AKC.5066.6001.1.11325,SAM.09.AKC.5066.6001.1,PM2.5,http://dd.eionet.europa.eu/vocabulary/aq/pollutant/6001,hour,16.6264991600,µg/m3,2018-02-04 05:00:00 +01:00,2018-02-04 06:00:00 +01:00,1,1
AT,AT.0008.20.AQ,NET.09,STA.09.AKC,,SPO.09.AKC.5066.6001.1,SPP.09.AKC.5066.6001.1.11325,SAM.09.AKC.5066.6001.1,PM2.5,http://dd.eionet.europa.eu/vocabulary/aq/pollutant/6001,hour,16.1189994700,µg/m3,2018-02-04 06:00:00 +01:00,2018-02-04 07:00:00 +01:00,1,1
AT,AT.0008.20.AQ,NET.09,STA.09.AKC,,SPO.09.AKC.5066.6001.1,SPP.09.AKC.5066.6001.1.11325,SAM.09.AKC.5066.6001.1,PM2.5,http://dd.eionet.europa.eu/vocabulary/aq/pollutant/6001,hour,14.7224998300,µg/m3,2018-02-04 08:00:00 +01:00,2018-02-04 09:00:00 +01:00,1,1
AT,AT.0008.20.AQ,NET.09,STA.09.AKC,,SPO.09.AKC.5066.6001.1,SPP.09.AKC.5066.6001.1.11325,SAM.09.AKC.5066.6001.1,PM2.5,http://dd.eionet.europa.eu/vocabulary/aq/pollutant/6001,hour,9.8390502800,µg/m3,2018-02-04 10:00:00 +01:00,2018-02-04 11:00:00 +01:00,1,1
AT,AT.0008.20.AQ,NET.09,STA.09.AKC,,SPO.09.AKC.5066.6001.1,SPP.09.AKC.5066.6001.1.11325,SAM.09.AKC.5066.6001.1,PM2.5,http://dd.eionet.europa.eu/vocabulary/aq/pollutant/6001,hour,8.3334503000,µg/m3,2018-02-04 14:00:00 +01:00,2018-02-04 15:00:00 +01:00,1,1
AT,AT.0008.20.AQ,NET.09,STA.09.AKC,,SPO.09.AKC.5066.6001.1,SPP.09.AKC.5066.6001.1.11325,SAM.09.AKC.5066.6001.1,PM2.5,http://dd.eionet.europa.eu/vocabulary/aq/pollutant/6001,hour,8.2826003900,µg/m3,2018-02-04 15:00:00 +01:00,2018-02-04 16:00:00 +01:00,1,1
AT,AT.0008.20.AQ,NET.09,STA.09.AKC,,SPO.09.AKC.5066.6001.1,SPP.09.AKC.5066.6001.1.11325,SAM.09.AKC.5066.6001.1,PM2.5,http://dd.eionet.europa.eu/vocabulary/aq/pollutant/6001,hour,9.6305007800,µg/m3,2018-02-04 16:00:00 +01:00,2018-02-04 17:00:00 +01:00,1,1
AT,AT.0008.20.AQ,NET.09,STA.09.AKC,,SPO.09.AKC.5066.6001.1,SPP.09.AKC.5066.6001.1.11325,SAM.09.AKC.5066.6001.1,PM2.5,http://dd.eionet.europa.eu/vocabulary/aq/pollutant/6001,hour,16.8520011800,µg/m3,2018-02-05 00:00:00 +01:00,2018-02-05 01:00:00 +01:00,1,1
AT,AT.0008.20.AQ,NET.09,STA.09.AKC,,SPO.09.AKC.5066.6001.1,SPP.09.AKC.5066.6001.1.11325,SAM.09.AKC.5066.6001.1,PM2.5,http://dd.eionet.europa.eu/vocabulary/aq/pollutant/6001,hour,17.2705001700,µg/m3,2018-02-05 01:00:00 +01:00,2018-02-05 02:00:00 +01:00,1,1
AT,AT.0008.20.AQ,NET.09,STA.09.AKC,,SPO.09.AKC.5066.6001.1,SPP.09.AKC.5066.6001.1.11325,SAM.09.AKC.5066.6001.1,PM2.5,http://dd.eionet.europa.eu/vocabulary/aq/pollutant/6001,hour,17.4314994700,µg/m3,2018-02-05 02:00:00 +01:00,2018-02-05 03:00:00 +01:00,1,1
AT,AT.0008.20.AQ,NET.09,STA.09.AKC,,SPO.09.AKC.5066.6001.1,SPP.09.AKC.5066.6001.1.11325,SAM.09.AKC.5066.6001.1,PM2.5,http://dd.eionet.europa.eu/vocabulary/aq/pollutant/6001,hour,19.0110015700,µg/m3,2018-02-05 06:00:00 +01:00,2018-02-05 07:00:00 +01:00,1,1
AT,AT.0008.20.AQ,NET.09,STA.09.AKC,,SPO.09.AKC.5066.6001.1,SPP.09.AKC.5066.6001.1.11325,SAM.09.AKC.5066.6001.1,PM2.5,http://dd.eionet.europa.eu/vocabulary/aq/pollutant/6001,hour,20.8924999100,µg/m3,2018-02-05 08:00:00 +01:00,2018-02-05 09:00:00 +01:00,1,1
AT,AT.0008.20.AQ,NET.09,STA.09.AKC,,SPO.09.AKC.5066.6001.1,SPP.09.AKC.5066.6001.1.11325,SAM.09.AKC.5066.6001.1,PM2.5,http://dd.eionet.europa.eu/vocabulary/aq/pollutant/6001,hour,19.8079986400,µg/m3,2018-02-05 10:00:00 +01:00,2018-02-05 11:00:00 +01:00,1,1
AT,AT.0008.20.AQ,NET.09,STA.09.AKC,,SPO.09.AKC.5066.6001.1,SPP.09.AKC.5066.6001.1.11325,SAM.09.AKC.5066.6001.1,PM2.5,http://dd.eionet.europa.eu/vocabulary/aq/pollutant/6001,hour,23.0979995600,µg/m3,2018-02-05 11:00:00 +01:00,2018-02-05 12:00:00 +01:00,1,1
AT,AT.0008.20.AQ,NET.09,STA.09.AKC,,SPO.09.AKC.5066.6001.1,SPP.09.AKC.5066.6001.1.11325,SAM.09.AKC.5066.6001.1,PM2.5,http://dd.eionet.europa.eu/vocabulary/aq/pollutant/6001,hour,19.8999996000,µg/m3,2018-02-05 12:00:00 +01:00,2018-02-05 13:00:00 +01:00,1,1
AT,AT.0008.20.AQ,NET.09,STA.09.AKC,,SPO.09.AKC.5066.6001.1,SPP.09.AKC.5066.6001.1.11325,SAM.09.AKC.5066.6001.1,PM2.5,http://dd.eionet.europa.eu/vocabulary/aq/pollutant/6001,hour,17.8974990700,µg/m3,2018-02-05 17:00:00 +01:00,2018-02-05 18:00:00 +01:00,1,1
AT,AT.0008.20.AQ,NET.09,STA.09.AKC,,SPO.09.AKC.5066.6001.1,SPP.09.AKC.5066.6001.1.11325,SAM.09.AKC.5066.6001.1,PM2.5,http://dd.eionet.europa.eu/vocabulary/aq/pollutant/6001,hour,16.7210006600,µg/m3,2018-02-05 19:00:00 +01:00,2018-02-05 20:00:00 +01:00,1,1
AT,AT.0008.20.AQ,NET.09,STA.09.AKC,,SPO.09.AKC.5066.6001.1,SPP.09.AKC.5066.6001.1.11325,SAM.09.AKC.5066.6001.1,PM2.5,http://dd.eionet.europa.eu/vocabulary/aq/pollutant/6001,hour,15.8639993500,µg/m3,2018-02-06 01:00:00 +01:00,2018-02-06 02:00:00 +01:00,1,1
AT,AT.0008.20.AQ,NET.09,STA.09.AKC,,SPO.09.AKC.5066.6001.1,SPP.09.AKC.5066.6001.1.11325,SAM.09.AKC.5066.6001.1,PM2.5,http://dd.eionet.europa.eu/vocabulary/aq/pollutant/6001,hour,18.2884998200,µg/m3,2018-02-06 04:00:00 +01:00,2018-02-06 05:00:00 +01:00,1,1
AT,AT.0008.20.AQ,NET.09,STA.09.AKC,,SPO.09.AKC.5066.6001.1,SPP.09.AKC.5066.6001.1.11325,SAM.09.AKC.5066.6001.1,PM2.5,http://dd.eionet.europa.eu/vocabulary/aq/pollutant/6001,hour,21.5620002600,µg/m3,2018-02-06 06:00:00 +01:00,2018-02-06 07:00:00 +01:00,1,1
AT,AT.0008.20.AQ,NET.09,STA.09.AKC,,SPO.09.AKC.5066.6001.1,SPP.09.AKC.5066.6001.1.11325,SAM.09.AKC.5066.6001.1,PM2.5,http://dd.eionet.europa.eu/vocabulary/aq/pollutant/6001,hour,20.8509998200,µg/m3,2018-02-06 10:00:00 +01:00,2018-02-06 11:00:00 +01:00,1,1
AT,AT.0008.20.AQ,NET.09,STA.09.AKC,,SPO.09.AKC.5066.6001.1,SPP.09.AKC.5066.6001.1.11325,SAM.09.AKC.5066.6001.1,PM2.5,http://dd.eionet.europa.eu/vocabulary/aq/pollutant/6001,hour,21.5224990700,µg/m3,2018-02-06 12:00:00 +01:00,2018-02-06 13:00:00 +01:00,1,1
AT,AT.0008.20.AQ,NET.09,STA.09.AKC,,SPO.09.AKC.5066.6001.1,SPP.09.AKC.5066.6001.1.11325,SAM.09.AKC.5066.6001.1,PM2.5,http://dd.eionet.europa.eu/vocabulary/aq/pollutant/6001,hour,25.2674999100,µg/m3,2018-02-06 14:00:00 +01:00,2018-02-06 15:00:00 +01:00,1,1
AT,AT.0008.20.AQ,NET.09,STA.09.AKC,,SPO.09.AKC.5066.6001.1,SPP.09.AKC.5066.6001.1.11325,SAM.09.AKC.5066.6001.1,PM2.5,http://dd.eionet.europa.eu/vocabulary/aq/pollutant/6001,hour,25.6634998200,µg/m3,2018-02-06 16:00:00 +01:00,2018-02-06 17:00:00 +01:00,1,1
AT,AT.0008.20.AQ,NET.09,STA.09.AKC,,SPO.09.AKC.5066.6001.1,SPP.09.AKC.5066.6001.1.11325,SAM.09.AKC.5066.6001.1,PM2.5,http://dd.eionet.europa.eu/vocabulary/aq/pollutant/6001,hour,30.6720008700,µg/m3,2018-02-06 18:00:00 +01:00,2018-02-06 19:00:00 +01:00,1,1
AT,AT.0008.20.AQ,NET.09,STA.09.AKC,,SPO.09.AKC.5066.6001.1,SPP.09.AKC.5066.6001.1.11325,SAM.09.AKC.5066.6001.1,PM2.5,http://dd.eionet.europa.eu/vocabulary/aq/pollutant/6001,hour,25.1985015700,µg/m3,2018-02-06 23:00:00 +01:00,2018-02-07 00:00:00 +01:00,1,1
AT,AT.0008.20.AQ,NET.09,STA.09.AKC,,SPO.09.AKC.5066.6001.1,SPP.09.AKC.5066.6001.1.11325,SAM.09.AKC.5066.6001.1,PM2.5,http://dd.eionet.europa.eu/vocabulary/aq/pollutant/6001,hour,26.5979995600,µg/m3,2018-02-07 00:00:00 +01:00,2018-02-07 01:00:00 +01:00,1,1
AT,AT.0008.20.AQ,NET.09,STA.09.AKC,,SPO.09.AKC.5066.6001.1,SPP.09.AKC.5066.6001.1.11325,SAM.09.AKC.5066.6001.1,PM2.5,http://dd.eionet.europa.eu/vocabulary/aq/pollutant/6001,hour,26.5960006600,µg/m3,2018-02-07 01:00:00 +01:00,2018-02-07 02:00:00 +01:00,1,1
AT,AT.0008.20.AQ,NET.09,STA.09.AKC,,SPO.09.AKC.5066.6001.1,SPP.09.AKC.5066.6001.1.11325,SAM.09.AKC.5066.6001.1,PM2.5,http://dd.eionet.europa.eu/vocabulary/aq/pollutant/6001,hour,33.1200027300,µg/m3,2018-02-07 04:00:00 +01:00,2018-02-07 05:00:00 +01:00,1,1
AT,AT.0008.20.AQ,NET.09,STA.09.AKC,,SPO.09.AKC.5066.6001.1,SPP.09.AKC.5066.6001.1.11325,SAM.09.AKC.5066.6001.1,PM2.5,http://dd.eionet.europa.eu/vocabulary/aq/pollutant/6001,hour,29.8004989500,µg/m3,2018-02-07 06:00:00 +01:00,2018-02-07 07:00:00 +01:00,1,1
AT,AT.0008.20.AQ,NET.09,STA.09.AKC,,SPO.09.AKC.5066.6001.1,SPP.09.AKC.5066.6001.1.11325,SAM.09.AKC.5066.6001.1,PM2.5,http://dd.eionet.europa.eu/vocabulary/aq/pollutant/6001,hour,25.6590003800,µg/m3,2018-02-07 08:00:00 +01:00,2018-02-07 09:00:00 +01:00,1,1
AT,AT.0008.20.AQ,NET.09,STA.09.AKC,,SPO.09.AKC.5066.6001.1,SPP.09.AKC.5066.6001.1.11325,SAM.09.AKC.5066.6001.1,PM2.5,http://dd.eionet.europa.eu/vocabulary/aq/pollutant/6001,hour,22.4695014800,µg/m3,2018-02-07 10:00:00 +01:00,2018-02-07 11:00:00 +01:00,1,1
AT,AT.0008.20.AQ,NET.09,STA.09.AKC,,SPO.09.AKC.5066.6001.1,SPP.09.AKC.5066.6001.1.11325,SAM.09.AKC.5066.6001.1,PM2.5,http://dd.eionet.europa.eu/vocabulary/aq/pollutant/6001,hour,18.9804992500,µg/m3,2018-02-07 11:00:00 +01:00,2018-02-07 12:00:00 +01:00,1,1
AT,AT.0008.20.AQ,NET.09,STA.09.AKC,,SPO.09.AKC.5066.6001.1,SPP.09.AKC.5066.6001.1.11325,SAM.09.AKC.5066.6001.1,PM2.5,http://dd.eionet.europa.eu/vocabulary/aq/pollutant/6001,hour,11.2075004400,µg/m3,2018-02-07 21:00:00 +01:00,2018-02-07 22:00:00 +01:00,1,1
AT,AT.0008.20.AQ,NET.09,STA.09.AKC,,SPO.09.AKC.5066.6001.1,SPP.09.AKC.5066.6001.1.11325,SAM.09.AKC.5066.6001.1,PM2.5,http://dd.eionet.europa.eu/vocabulary/aq/pollutant/6001,hour,16.4384994400,µg/m3,2018-02-07 22:00:00 +01:00,2018-02-07 23:00:00 +01:00,1,1
AT,AT.0008.20.AQ,NET.09,STA.09.AKC,,SPO.09.AKC.5066.6001.1,SPP.09.AKC.5066.6001.1.11325,SAM.09.AKC.5066.6001.1,PM2.5,http://dd.eionet.europa.eu/vocabulary/aq/pollutant/6001,hour,24.9864997700,µg/m3,2018-02-08 04:00:00 +01:00,2018-02-08 05:00:00 +01:00,1,1
AT,AT.0008.20.AQ,NET.09,STA.09.AKC,,SPO.09.AKC.5066.6001.1,SPP.09.AKC.5066.6001.1.11325,SAM.09.AKC.5066.6001.1,PM2.5,http://dd.eionet.europa.eu/vocabulary/aq/pollutant/6001,hour,26.7794990400,µg/m3,2018-02-08 06:00:00 +01:00,2018-02-08 07:00:00 +01:00,1,1
AT,AT.0008.20.AQ,NET.09,STA.09.AKC,,SPO.09.AKC.5066.6001.1,SPP.09.AKC.5066.6001.1.11325,SAM.09.AKC.5066.6001.1,PM2.5,http://dd.eionet.europa.eu/vocabulary/aq/pollutant/6001,hour,36.6694984300,µg/m3,2018-02-08 15:00:00 +01:00,2018-02-08 16:00:00 +01:00,1,1
AT,AT.0008.20.AQ,NET.09,STA.09.AKC,,SPO.09.AKC.5066.6001.1,SPP.09.AKC.5066.6001.1.11325,SAM.09.AKC.5066.6001.1,PM2.5,http://dd.eionet.europa.eu/vocabulary/aq/pollutant/6001,hour,37.2130012400,µg/m3,2018-02-08 16:00:00 +01:00,2018-02-08 17:00:00 +01:00,1,1
AT,AT.0008.20.AQ,NET.09,STA.09.AKC,,SPO.09.AKC.5066.6001.1,SPP.09.AKC.5066.6001.1.11325,SAM.09.AKC.5066.6001.1,PM2.5,http://dd.eionet.europa.eu/vocabulary/aq/pollutant/6001,hour,40.5299987600,µg/m3,2018-02-08 18:00:00 +01:00,2018-02-08 19:00:00 +01:00,1,1
AT,AT.0008.20.AQ,NET.09,STA.09.AKC,,SPO.09.AKC.5066.6001.1,SPP.09.AKC.5066.6001.1.11325,SAM.09.AKC.5066.6001.1,PM2.5,http://dd.eionet.europa.eu/vocabulary/aq/pollutant/6001,hour,44.0110015700,µg/m3,2018-02-08 20:00:00 +01:00,2018-02-08 21:00:00 +01:00,1,1
AT,AT.0008.20.AQ,NET.09,STA.09.AKC,,SPO.09.AKC.5066.6001.1,SPP.09.AKC.5066.6001.1.11325,SAM.09.AKC.5066.6001.1,PM2.5,http://dd.eionet.europa.eu/vocabulary/aq/pollutant/6001,hour,46.5384979100,µg/m3,2018-02-08 22:00:00 +01:00,2018-02-08 23:00:00 +01:00,1,1
AT,AT.0008.20.AQ,NET.09,STA.09.AKC,,SPO.09.AKC.5066.6001.1,SPP.09.AKC.5066.6001.1.11325,SAM.09.AKC.5066.6001.1,PM2.5,http://dd.eionet.europa.eu/vocabulary/aq/pollutant/6001,hour,47.6634979100,µg/m3,2018-02-08 23:00:00 +01:00,2018-02-09 00:00:00 +01:00,1,1
AT,AT.0008.20.AQ,NET.09,STA.09.AKC,,SPO.09.AKC.5066.6001.1,SPP.09.AKC.5066.6001.1.11325,SAM.09.AKC.5066.6001.1,PM2.5,http://dd.eionet.europa.eu/vocabulary/aq/pollutant/6001,hour,49.3574981500,µg/m3,2018-02-09 00:00:00 +01:00,2018-02-09 01:00:00 +01:00,1,1
AT,AT.0008.20.AQ,NET.09,STA.09.AKC,,SPO.09.AKC.5066.6001.1,SPP.09.AKC.5066.6001.1.11325,SAM.09.AKC.5066.6001.1,PM2.5,http://dd.eionet.europa.eu/vocabulary/aq/pollutant/6001,hour,49.5019988900,µg/m3,2018-02-09 01:00:00 +01:00,2018-02-09 02:00:00 +01:00,1,1
AT,AT.0008.20.AQ,NET.09,STA.09.AKC,,SPO.09.AKC.5066.6001.1,SPP.09.AKC.5066.6001.1.11325,SAM.09.AKC.5066.6001.1,PM2.5,http://dd.eionet.europa.eu/vocabulary/aq/pollutant/6001,hour,44.5575027300,µg/m3,2018-02-09 07:00:00 +01:00,2018-02-09 08:00:00 +01:00,1,1
AT,AT.0008.20.AQ,NET.09,STA.09.AKC,,SPO.09.AKC.5066.6001.1,SPP.09.AKC.5066.6001.1.11325,SAM.09.AKC.5066.6001.1,PM2.5,http://dd.eionet.europa.eu/vocabulary/aq/pollutant/6001,hour,31.5025005200,µg/m3,2018-02-09 13:00:00 +01:00,2018-02-09 14:00:00 +01:00,1,1
AT,AT.0008.20.AQ,NET.09,STA.09.AKC,,SPO.09.AKC.5066.6001.1,SPP.09.AKC.5066.6001.1.11325,SAM.09.AKC.5066.6001.1,PM2.5,http://dd.eionet.europa.eu/vocabulary/aq/pollutant/6001,hour,32.1954994100,µg/m3,2018-02-09 14:00:00 +01:00,2018-02-09 15:00:00 +01:00,1,1
AT,AT.0008.20.AQ,NET.09,STA.09.AKC,,SPO.09.AKC.5066.6001.1,SPP.09.AKC.5066.6001.1.11325,SAM.09.AKC.5066.6001.1,PM2.5,http://dd.eionet.europa.eu/vocabulary/aq/pollutant/6001,hour,32.8519973600,µg/m3,2018-02-09 15:00:00 +01:00,2018-02-09 16:00:00 +01:00,1,1
AT,AT.0008.20.AQ,NET.09,STA.09.AKC,,SPO.09.AKC.5066.6001.1,SPP.09.AKC.5066.6001.1.11325,SAM.09.AKC.5066.6001.1,PM2.5,http://dd.eionet.europa.eu/vocabulary/aq/pollutant/6001,hour,29.6440009900,µg/m3,2018-02-09 20:00:00 +01:00,2018-02-09 21:00:00 +01:00,1,1
AT,AT.0008.20.AQ,NET.09,STA.09.AKC,,SPO.09.AKC.5066.6001.1,SPP.09.AKC.5066.6001.1.11325,SAM.09.AKC.5066.6001.1,PM2.5,http://dd.eionet.europa.eu/vocabulary/aq/pollutant/6001,hour,27.3839988600,µg/m3,2018-02-09 22:00:00 +01:00,2018-02-09 23:00:00 +01:00,1,1
AT,AT.0008.20.AQ,NET.09,STA.09.AKC,,SPO.09.AKC.5066.6001.1,SPP.09.AKC.5066.6001.1.11325,SAM.09.AKC.5066.6001.1,PM2.5,http://dd.eionet.europa.eu/vocabulary/aq/pollutant/6001,hour,26.3139991600,µg/m3,2018-02-09 23:00:00 +01:00,2018-02-10 00:00:00 +01:00,1,1
AT,AT.0008.20.AQ,NET.09,STA.09.AKC,,SPO.09.AKC.5066.6001.1,SPP.09.AKC.5066.6001.1.11325,SAM.09.AKC.5066.6001.1,PM2.5,http://dd.eionet.europa.eu/vocabulary/aq/pollutant/6001,hour,20.8424987600,µg/m3,2018-02-10 02:00:00 +01:00,2018-02-10 03:00:00 +01:00,1,1
AT,AT.0008.20.AQ,NET.09,STA.09.AKC,,SPO.09.AKC.5066.6001.1,SPP.09.AKC.5066.6001.1.11325,SAM.09.AKC.5066.6001.1,PM2.5,http://dd.eionet.europa.eu/vocabulary/aq/pollutant/6001,hour,24.7555007800,µg/m3,2018-02-10 07:00:00 +01:00,2018-02-10 08:00:00 +01:00,1,1
AT,AT.0008.20.AQ,NET.09,STA.09.AKC,,SPO.09.AKC.5066.6001.1,SPP.09.AKC.5066.6001.1.11325,SAM.09.AKC.5066.6001.1,PM2.5,http://dd.eionet.europa.eu/vocabulary/aq/pollutant/6001,hour,22.7475013600,µg/m3,2018-02-10 08:00:00 +01:00,2018-02-10 09:00:00 +01:00,1,1
AT,AT.0008.20.AQ,NET.09,STA.09.AKC,,SPO.09.AKC.5066.6001.1,SPP.09.AKC.5066.6001.1.11325,SAM.09.AKC.5066.6001.1,PM2.5,http://dd.eionet.europa.eu/vocabulary/aq/pollutant/6001,hour,20.1634998200,µg/m3,2018-02-10 09:00:00 +01:00,2018-02-10 10:00:00 +01:00,1,1
AT,AT.0008.20.AQ,NET.09,STA.09.AKC,,SPO.09.AKC.5066.6001.1,SPP.09.AKC.5066.6001.1.11325,SAM.09.AKC.5066.6001.1,PM2.5,http://dd.eionet.europa.eu/vocabulary/aq/pollutant/6001,hour,20.7065009900,µg/m3,2018-02-10 11:00:00 +01:00,2018-02-10 12:00:00 +01:00,1,1
AT,AT.0008.20.AQ,NET.09,STA.09.AKC,,SPO.09.AKC.5066.6001.1,SPP.09.AKC.5066.6001.1.11325,SAM.09.AKC.5066.6001.1,PM2.5,http://dd.eionet.europa.eu/vocabulary/aq/pollutant/6001,hour,30.6259994400,µg/m3,2018-02-10 16:00:00 +01:00,2018-02-10 17:00:00 +01:00,1,1
AT,AT.0008.20.AQ,NET.09,STA.09.AKC,,SPO.09.AKC.5066.6001.1,SPP.09.AKC.5066.6001.1.11325,SAM.09.AKC.5066.6001.1,PM2.5,http://dd.eionet.europa.eu/vocabulary/aq/pollutant/6001,hour,35.1180000200,µg/m3,2018-02-10 19:00:00 +01:00,2018-02-10 20:00:00 +01:00,1,1
AT,AT.0008.20.AQ,NET.09,STA.09.AKC,,SPO.09.AKC.5066.6001.1,SPP.09.AKC.5066.6001.1.11325,SAM.09.AKC.5066.6001.1,PM2.5,http://dd.eionet.europa.eu/vocabulary/aq/pollutant/6001,hour,36.1240005300,µg/m3,2018-02-10 20:00:00 +01:00,2018-02-10 21:00:00 +01:00,1,1
AT,AT.0008.20.AQ,NET.09,STA.09.AKC,,SPO.09.AKC.5066.6001.1,SPP.09.AKC.5066.6001.1.11325,SAM.09.AKC.5066.6001.1,PM2.5,http://dd.eionet.europa.eu/vocabulary/aq/pollutant/6001,hour,36.9099998300,µg/m3,2018-02-10 21:00:00 +01:00,2018-02-10 22:00:00 +01:00,1,1
AT,AT.0008.20.AQ,NET.09,STA.09.AKC,,SPO.09.AKC.5066.6001.1,SPP.09.AKC.5066.6001.1.11325,SAM.09.AKC.5066.6001.1,PM2.5,http://dd.eionet.europa.eu/vocabulary/aq/pollutant/6001,hour,27.1529998600,µg/m3,2018-02-11 05:00:00 +01:00,2018-02-11 06:00:00 +01:00,1,1
AT,AT.0008.20.AQ,NET.09,STA.09.AKC,,SPO.09.AKC.5066.6001.1,SPP.09.AKC.5066.6001.1.11325,SAM.09.AKC.5066.6001.1,PM2.5,http://dd.eionet.europa.eu/vocabulary/aq/pollutant/6001,hour,31.7745017900,µg/m3,2018-02-11 08:00:00 +01:00,2018-02-11 09:00:00 +01:00,1,1
AT,AT.0008.20.AQ,NET.09,STA.09.AKC,,SPO.09.AKC.5066.6001.1,SPP.09.AKC.5066.6001.1.11325,SAM.09.AKC.5066.6001.1,PM2.5,http://dd.eionet.europa.eu/vocabulary/aq/pollutant/6001,hour,34.2405013900,µg/m3,2018-02-11 09:00:00 +01:00,2018-02-11 10:00:00 +01:00,1,1
AT,AT.0008.20.AQ,NET.09,STA.09.AKC,,SPO.09.AKC.5066.6001.1,SPP.09.AKC.5066.6001.1.11325,SAM.09.AKC.5066.6001.1,PM2.5,http://dd.eionet.europa.eu/vocabulary/aq/pollutant/6001,hour,30.9654998600,µg/m3,2018-02-11 11:00:00 +01:00,2018-02-11 12:00:00 +01:00,1,1
AT,AT.0008.20.AQ,NET.09,STA.09.AKC,,SPO.09.AKC.5066.6001.1,SPP.09.AKC.5066.6001.1.11325,SAM.09.AKC.5066.6001.1,PM2.5,http://dd.eionet.europa.eu/vocabulary/aq/pollutant/6001,hour,25.3424987600,µg/m3,2018-02-11 13:00:00 +01:00,2018-02-11 14:00:00 +01:00,1,1
AT,AT.0008.20.AQ,NET.09,STA.09.AKC,,SPO.09.AKC.5066.6001.1,SPP.09.AKC.5066.6001.1.11325,SAM.09.AKC.5066.6001.1,PM2.5,http://dd.eionet.europa.eu/vocabulary/aq/pollutant/6001,hour,25.1645011800,µg/m3,2018-02-11 20:00:00 +01:00,2018-02-11 21:00:00 +01:00,1,1
AT,AT.0008.20.AQ,NET.09,STA.09.AKC,,SPO.09.AKC.5066.6001.1,SPP.09.AKC.5066.6001.1.11325,SAM.09.AKC.5066.6001.1,PM2.5,http://dd.eionet.europa.eu/vocabulary/aq/pollutant/6001,hour,27.6679992500,µg/m3,2018-02-11 21:00:00 +01:00,2018-02-11 22:00:00 +01:00,1,1
AT,AT.0008.20.AQ,NET.09,STA.09.AKC,,SPO.09.AKC.5066.6001.1,SPP.09.AKC.5066.6001.1.11325,SAM.09.AKC.5066.6001.1,PM2.5,http://dd.eionet.europa.eu/vocabulary/aq/pollutant/6001,hour,27.2610015700,µg/m3,2018-02-11 23:00:00 +01:00,2018-02-12 00:00:00 +01:00,1,1
AT,AT.0008.20.AQ,NET.09,STA.09.AKC,,SPO.09.AKC.5066.6001.1,SPP.09.AKC.5066.6001.1.11325,SAM.09.AKC.5066.6001.1,PM2.5,http://dd.eionet.europa.eu/vocabulary/aq/pollutant/6001,hour,18.7509994400,µg/m3,2018-02-12 00:00:00 +01:00,2018-02-12 01:00:00 +01:00,1,1
AT,AT.0008.20.AQ,NET.09,STA.09.AKC,,SPO.09.AKC.5066.6001.1,SPP.09.AKC.5066.6001.1.11325,SAM.09.AKC.5066.6001.1,PM2.5,http://dd.eionet.europa.eu/vocabulary/aq/pollutant/6001,hour,13.5804996300,µg/m3,2018-02-12 01:00:00 +01:00,2018-02-12 02:00:00 +01:00,1,1
AT,AT.0008.20.AQ,NET.09,STA.09.AKC,,SPO.09.AKC.5066.6001.1,SPP.09.AKC.5066.6001.1.11325,SAM.09.AKC.5066.6001.1,PM2.5,http://dd.eionet.europa.eu/vocabulary/aq/pollutant/6001,hour,8.7202997100,µg/m3,2018-02-12 16:00:00 +01:00,2018-02-12 17:00:00 +01:00,1,1
AT,AT.0008.20.AQ,NET.09,STA.09.AKC,,SPO.09.AKC.5066.6001.1,SPP.09.AKC.5066.6001.1.11325,SAM.09.AKC.5066.6001.1,PM2.5,http://dd.eionet.europa.eu/vocabulary/aq/pollutant/6001,hour,10.0781497800,µg/m3,2018-02-12 19:00:00 +01:00,2018-02-12 20:00:00 +01:00,1,1
AT,AT.0008.20.AQ,NET.09,STA.09.AKC,,SPO.09.AKC.5066.6001.1,SPP.09.AKC.5066.6001.1.11325,SAM.09.AKC.5066.6001.1,PM2.5,http://dd.eionet.europa.eu/vocabulary/aq/pollutant/6001,hour,11.4099998300,µg/m3,2018-02-12 21:00:00 +01:00,2018-02-12 22:00:00 +01:00,1,1
AT,AT.0008.20.AQ,NET.09,STA.09.AKC,,SPO.09.AKC.5066.6001.1,SPP.09.AKC.5066.6001.1.11325,SAM.09.AKC.5066.6001.1,PM2.5,http://dd.eionet.europa.eu/vocabulary/aq/pollutant/6001,hour,9.4880008500,µg/m3,2018-02-13 03:00:00 +01:00,2018-02-13 04:00:00 +01:00,1,1
AT,AT.0008.20.AQ,NET.09,STA.09.AKC,,SPO.09.AKC.5066.6001.1,SPP.09.AKC.5066.6001.1.11325,SAM.09.AKC.5066.6001.1,PM2.5,http://dd.eionet.europa.eu/vocabulary/aq/pollutant/6001,hour,10.9254999000,µg/m3,2018-02-13 05:00:00 +01:00,2018-02-13 06:00:00 +01:00,1,1
AT,AT.0008.20.AQ,NET.09,STA.09.AKC,,SPO.09.AKC.5066.6001.1,SPP.09.AKC.5066.6001.1.11325,SAM.09.AKC.5066.6001.1,PM2.5,http://dd.eionet.europa.eu/vocabulary/aq/pollutant/6001,hour,13.3964996200,µg/m3,2018-02-13 09:00:00 +01:00,2018-02-13 10:00:00 +01:00,1,1
AT,AT.0008.20.AQ,NET.09,STA.09.AKC,,SPO.09.AKC.5066.6001.1,SPP.09.AKC.5066.6001.1.11325,SAM.09.AKC.5066.6001.1,PM2.5,http://dd.eionet.europa.eu/vocabulary/aq/pollutant/6001,hour,11.5349998300,µg/m3,2018-02-13 13:00:00 +01:00,2018-02-13 14:00:00 +01:00,1,1
AT,AT.0008.20.AQ,NET.09,STA.09.AKC,,SPO.09.AKC.5066.6001.1,SPP.09.AKC.5066.6001.1.11325,SAM.09.AKC.5066.6001.1,PM2.5,http://dd.eionet.europa.eu/vocabulary/aq/pollutant/6001,hour,15.4099998300,µg/m3,2018-02-13 18:00:00 +01:00,2018-02-13 19:00:00 +01:00,1,1
AT,AT.0008.20.AQ,NET.09,STA.09.AKC,,SPO.09.AKC.5066.6001.1,SPP.09.AKC.5066.6001.1.11325,SAM.09.AKC.5066.6001.1,PM2.5,http://dd.eionet.europa.eu/vocabulary/aq/pollutant/6001,hour,16.2530002400,µg/m3,2018-02-13 19:00:00 +01:00,2018-02-13 20:00:00 +01:00,1,1
AT,AT.0008.20.AQ,NET.09,STA.09.AKC,,SPO.09.AKC.5066.6001.1,SPP.09.AKC.5066.6001.1.11325,SAM.09.AKC.5066.6001.1,PM2.5,http://dd.eionet.europa.eu/vocabulary/aq/pollutant/6001,hour,17.7835006600,µg/m3,2018-02-13 21:00:00 +01:00,2018-02-13 22:00:00 +01:00,1,1
AT,AT.0008.20.AQ,NET.09,STA.09.AKC,,SPO.09.AKC.5066.6001.1,SPP.09.AKC.5066.6001.1.11325,SAM.09.AKC.5066.6001.1,PM2.5,http://dd.eionet.europa.eu/vocabulary/aq/pollutant/6001,hour,32.3899993700,µg/m3,2018-02-14 05:00:00 +01:00,2018-02-14 06:00:00 +01:00,1,1
AT,AT.0008.20.AQ,NET.09,STA.09.AKC,,SPO.09.AKC.5066.6001.1,SPP.09.AKC.5066.6001.1.11325,SAM.09.AKC.5066.6001.1,PM2.5,http://dd.eionet.europa.eu/vocabulary/aq/pollutant/6001,hour,32.9510002000,µg/m3,2018-02-14 08:00:00 +01:00,2018-02-14 09:00:00 +01:00,1,1
AT,AT.0008.20.AQ,NET.09,STA.09.AKC,,SPO.09.AKC.5066.6001.1,SPP.09.AKC.5066.6001.1.11325,SAM.09.AKC.5066.6001.1,PM2.5,http://dd.eionet.europa.eu/vocabulary/aq/pollutant/6001,hour,18.1264991600,µg/m3,2018-02-14 13:00:00 +01:00,2018-02-14 14:00:00 +01:00,1,1
AT,AT.0008.20.AQ,NET.09,STA.09.AKC,,SPO.09.AKC.5066.6001.1,SPP.09.AKC.5066.6001.1.11325,SAM.09.AKC.5066.6001.1,PM2.5,http://dd.eionet.europa.eu/vocabulary/aq/pollutant/6001,hour,18.0655002400,µg/m3,2018-02-14 14:00:00 +01:00,2018-02-14 15:00:00 +01:00,1,1
AT,AT.0008.20.AQ,NET.09,STA.09.AKC,,SPO.09.AKC.5066.6001.1,SPP.09.AKC.5066.6001.1.11325,SAM.09.AKC.5066.6001.1,PM2.5,http://dd.eionet.europa.eu/vocabulary/aq/pollutant/6001,hour,30.3349990700,µg/m3,2018-02-15 05:00:00 +01:00,2018-02-15 06:00:00 +01:00,1,1
AT,AT.0008.20.AQ,NET.09,STA.09.AKC,,SPO.09.AKC.5066.6001.1,SPP.09.AKC.5066.6001.1.11325,SAM.09.AKC.5066.6001.1,PM2.5,http://dd.eionet.europa.eu/vocabulary/aq/pollutant/6001,hour,32.4104995600,µg/m3,2018-02-15 08:00:00 +01:00,2018-02-15 09:00:00 +01:00,1,1
AT,AT.0008.20.AQ,NET.09,STA.09.AKC,,SPO.09.AKC.5066.6001.1,SPP.09.AKC.5066.6001.1.11325,SAM.09.AKC.5066.6001.1,PM2.5,http://dd.eionet.europa.eu/vocabulary/aq/pollutant/6001,hour,23.5174999100,µg/m3,2018-02-15 10:00:00 +01:00,2018-02-15 11:00:00 +01:00,1,1
AT,AT.0008.20.AQ,NET.09,STA.09.AKC,,SPO.09.AKC.5066.6001.1,SPP.09.AKC.5066.6001.1.11325,SAM.09.AKC.5066.6001.1,PM2.5,http://dd.eionet.europa.eu/vocabulary/aq/pollutant/6001,hour,21.8880004700,µg/m3,2018-02-15 11:00:00 +01:00,2018-02-15 12:00:00 +01:00,1,1
AT,AT.0008.20.AQ,NET.09,STA.09.AKC,,SPO.09.AKC.5066.6001.1,SPP.09.AKC.5066.6001.1.11325,SAM.09.AKC.5066.6001.1,PM2.5,http://dd.eionet.europa.eu/vocabulary/aq/pollutant/6001,hour,22.4340000000,µg/m3,2018-02-15 14:00:00 +01:00,2018-02-15 15:00:00 +01:00,1,1
AT,AT.0008.20.AQ,NET.09,STA.09.AKC,,SPO.09.AKC.5066.6001.1,SPP.09.AKC.5066.6001.1.11325,SAM.09.AKC.5066.6001.1,PM2.5,http://dd.eionet.europa.eu/vocabulary/aq/pollutant/6001,hour,21.3850002100,µg/m3,2018-02-15 15:00:00 +01:00,2018-02-15 16:00:00 +01:00,1,1
AT,AT.0008.20.AQ,NET.09,STA.09.AKC,,SPO.09.AKC.5066.6001.1,SPP.09.AKC.5066.6001.1.11325,SAM.09.AKC.5066.6001.1,PM2.5,http://dd.eionet.europa.eu/vocabulary/aq/pollutant/6001,hour,21.9939994700,µg/m3,2018-02-15 19:00:00 +01:00,2018-02-15 20:00:00 +01:00,1,1
AT,AT.0008.20.AQ,NET.09,STA.09.AKC,,SPO.09.AKC.5066.6001.1,SPP.09.AKC.5066.6001.1.11325,SAM.09.AKC.5066.6001.1,PM2.5,http://dd.eionet.europa.eu/vocabulary/aq/pollutant/6001,hour,24.2019996500,µg/m3,2018-02-15 21:00:00 +01:00,2018-02-15 22:00:00 +01:00,1,1
AT,AT.0008.20.AQ,NET.09,STA.09.AKC,,SPO.09.AKC.5066.6001.1,SPP.09.AKC.5066.6001.1.11325,SAM.09.AKC.5066.6001.1,PM2.5,http://dd.eionet.europa.eu/vocabulary/aq/pollutant/6001,hour,23.0769996500,µg/m3,2018-02-16 02:00:00 +01:00,2018-02-16 03:00:00 +01:00,1,1
AT,AT.0008.20.AQ,NET.09,STA.09.AKC,,SPO.09.AKC.5066.6001.1,SPP.09.AKC.5066.6001.1.11325,SAM.09.AKC.5066.6001.1,PM2.5,http://dd.eionet.europa.eu/vocabulary/aq/pollutant/6001,hour,20.4044990400,µg/m3,2018-02-16 03:00:00 +01:00,2018-02-16 04:00:00 +01:00,1,1
AT,AT.0008.20.AQ,NET.09,STA.09.AKC,,SPO.09.AKC.5066.6001.1,SPP.09.AKC.5066.6001.1.11325,SAM.09.AKC.5066.6001.1,PM2.5,http://dd.eionet.europa.eu/vocabulary/aq/pollutant/6001,hour,33.9879989500,µg/m3,2018-02-16 09:00:00 +01:00,2018-02-16 10:00:00 +01:00,1,1
AT,AT.0008.20.AQ,NET.09,STA.09.AKC,,SPO.09.AKC.5066.6001.1,SPP.09.AKC.5066.6001.1.11325,SAM.09.AKC.5066.6001.1,PM2.5,http://dd.eionet.europa.eu/vocabulary/aq/pollutant/6001,hour,30.2334995100,µg/m3,2018-02-16 11:00:00 +01:00,2018-02-16 12:00:00 +01:00,1,1
AT,AT.0008.20.AQ,NET.09,STA.09.AKC,,SPO.09.AKC.5066.6001.1,SPP.09.AKC.5066.6001.1.11325,SAM.09.AKC.5066.6001.1,PM2.5,http://dd.eionet.europa.eu/vocabulary/aq/pollutant/6001,hour,18.3629989500,µg/m3,2018-02-16 14:00:00 +01:00,2018-02-16 15:00:00 +01:00,1,1
AT,AT.0008.20.AQ,NET.09,STA.09.AKC,,SPO.09.AKC.5066.6001.1,SPP.09.AKC.5066.6001.1.11325,SAM.09.AKC.5066.6001.1,PM2.5,http://dd.eionet.europa.eu/vocabulary/aq/pollutant/6001,hour,35.9365005300,µg/m3,2018-02-16 20:00:00 +01:00,2018-02-16 21:00:00 +01:00,1,1
AT,AT.0008.20.AQ,NET.09,STA.09.AKC,,SPO.09.AKC.5066.6001.1,SPP.09.AKC.5066.6001.1.11325,SAM.09.AKC.5066.6001.1,PM2.5,http://dd.eionet.europa.eu/vocabulary/aq/pollutant/6001,hour,37.3765029800,µg/m3,2018-02-16 23:00:00 +01:00,2018-02-17 00:00:00 +01:00,1,1
AT,AT.0008.20.AQ,NET.09,STA.09.AKC,,SPO.09.AKC.5066.6001.1,SPP.09.AKC.5066.6001.1.11325,SAM.09.AKC.5066.6001.1,PM2.5,http://dd.eionet.europa.eu/vocabulary/aq/pollutant/6001,hour,38.3009986700,µg/m3,2018-02-17 00:00:00 +01:00,2018-02-17 01:00:00 +01:00,1,1
AT,AT.0008.20.AQ,NET.09,STA.09.AKC,,SPO.09.AKC.5066.6001.1,SPP.09.AKC.5066.6001.1.11325,SAM.09.AKC.5066.6001.1,PM2.5,http://dd.eionet.europa.eu/vocabulary/aq/pollutant/6001,hour,35.0165023700,µg/m3,2018-02-17 01:00:00 +01:00,2018-02-17 02:00:00 +01:00,1,1
AT,AT.0008.20.AQ,NET.09,STA.09.AKC,,SPO.09.AKC.5066.6001.1,SPP.09.AKC.5066.6001.1.11325,SAM.09.AKC.5066.6001.1,PM2.5,http://dd.eionet.europa.eu/vocabulary/aq/pollutant/6001,hour,37.4220008700,µg/m3,2018-02-17 02:00:00 +01:00,2018-02-17 03:00:00 +01:00,1,1
AT,AT.0008.20.AQ,NET.09,STA.09.AKC,,SPO.09.AKC.5066.6001.1,SPP.09.AKC.5066.6001.1.11325,SAM.09.AKC.5066.6001.1,PM2.5,http://dd.eionet.europa.eu/vocabulary/aq/pollutant/6001,hour,40.2174987600,µg/m3,2018-02-17 03:00:00 +01:00,2018-02-17 04:00:00 +01:00,1,1
AT,AT.0008.20.AQ,NET.09,STA.09.AKC,,SPO.09.AKC.5066.6001.1,SPP.09.AKC.5066.6001.1.11325,SAM.09.AKC.5066.6001.1,PM2.5,http://dd.eionet.europa.eu/vocabulary/aq/pollutant/6001,hour,34.7854995600,µg/m3,2018-02-17 07:00:00 +01:00,2018-02-17 08:00:00 +01:00,1,1
AT,AT.0008.20.AQ,NET.09,STA.09.AKC,,SPO.09.AKC.5066.6001.1,SPP.09.AKC.5066.6001.1.11325,SAM.09.AKC.5066.6001.1,PM2.5,http://dd.eionet.europa.eu/vocabulary/aq/pollutant/6001,hour,30.4610004300,µg/m3,2018-02-17 10:00:00 +01:00,2018-02-17 11:00:00 +01:00,1,1
AT,AT.0008.20.AQ,NET.09,STA.09.AKC,,SPO.09.AKC.5066.6001.1,SPP.09.AKC.5066.6001.1.11325,SAM.09.AKC.5066.6001.1,PM2.5,http://dd.eionet.europa.eu/vocabulary/aq/pollutant/6001,hour,33.0470008700,µg/m3,2018-02-17 11:00:00 +01:00,2018-02-17 12:00:00 +01:00,1,1
AT,AT.0008.20.AQ,NET.09,STA.09.AKC,,SPO.09.AKC.5066.6001.1,SPP.09.AKC.5066.6001.1.11325,SAM.09.AKC.5066.6001.1,PM2.5,http://dd.eionet.europa.eu/vocabulary/aq/pollutant/6001,hour,37.7220001100,µg/m3,2018-02-17 13:00:00 +01:00,2018-02-17 14:00:00 +01:00,1,1
AT,AT.0008.20.AQ,NET.09,STA.09.AKC,,SPO.09.AKC.5066.6001.1,SPP.09.AKC.5066.6001.1.11325,SAM.09.AKC.5066.6001.1,PM2.5,http://dd.eionet.europa.eu/vocabulary/aq/pollutant/6001,hour,38.7700004400,µg/m3,2018-02-17 14:00:00 +01:00,2018-02-17 15:00:00 +01:00,1,1
AT,AT.0008.20.AQ,NET.09,STA.09.AKC,,SPO.09.AKC.5066.6001.1,SPP.09.AKC.5066.6001.1.11325,SAM.09.AKC.5066.6001.1,PM2.5,http://dd.eionet.europa.eu/vocabulary/aq/pollutant/6001,hour,36.7164993100,µg/m3,2018-02-17 15:00:00 +01:00,2018-02-17 16:00:00 +01:00,1,1
AT,AT.0008.20.AQ,NET.09,STA.09.AKC,,SPO.09.AKC.5066.6001.1,SPP.09.AKC.5066.6001.1.11325,SAM.09.AKC.5066.6001.1,PM2.5,http://dd.eionet.europa.eu/vocabulary/aq/pollutant/6001,hour,33.3059997400,µg/m3,2018-02-17 19:00:00 +01:00,2018-02-17 20:00:00 +01:00,1,1
AT,AT.0008.20.AQ,NET.09,STA.09.AKC,,SPO.09.AKC.5066.6001.1,SPP.09.AKC.5066.6001.1.11325,SAM.09.AKC.5066.6001.1,PM2.5,http://dd.eionet.europa.eu/vocabulary/aq/pollutant/6001,hour,32.6595001100,µg/m3,2018-02-17 20:00:00 +01:00,2018-02-17 21:00:00 +01:00,1,1
AT,AT.0008.20.AQ,NET.09,STA.09.AKC,,SPO.09.AKC.5066.6001.1,SPP.09.AKC.5066.6001.1.11325,SAM.09.AKC.5066.6001.1,PM2.5,http://dd.eionet.europa.eu/vocabulary/aq/pollutant/6001,hour,30.8180007800,µg/m3,2018-02-17 21:00:00 +01:00,2018-02-17 22:00:00 +01:00,1,1
AT,AT.0008.20.AQ,NET.09,STA.09.AKC,,SPO.09.AKC.5066.6001.1,SPP.09.AKC.5066.6001.1.11325,SAM.09.AKC.5066.6001.1,PM2.5,http://dd.eionet.europa.eu/vocabulary/aq/pollutant/6001,hour,20.5110015700,µg/m3,2018-02-17 23:00:00 +01:00,2018-02-18 00:00:00 +01:00,1,1
AT,AT.0008.20.AQ,NET.09,STA.09.AKC,,SPO.09.AKC.5066.6001.1,SPP.09.AKC.5066.6001.1.11325,SAM.09.AKC.5066.6001.1,PM2.5,http://dd.eionet.europa.eu/vocabulary/aq/pollutant/6001,hour,11.1599998300,µg/m3,2018-02-18 02:00:00 +01:00,2018-02-18 03:00:00 +01:00,1,1
AT,AT.0008.20.AQ,NET.09,STA.09.AKC,,SPO.09.AKC.5066.6001.1,SPP.09.AKC.5066.6001.1.11325,SAM.09.AKC.5066.6001.1,PM2.5,http://dd.eionet.europa.eu/vocabulary/aq/pollutant/6001,hour,9.1747503100,µg/m3,2018-02-18 04:00:00 +01:00,2018-02-18 05:00:00 +01:00,1,1
AT,AT.0008.20.AQ,NET.09,STA.09.AKC,,SPO.09.AKC.5066.6001.1,SPP.09.AKC.5066.6001.1.11325,SAM.09.AKC.5066.6001.1,PM2.5,http://dd.eionet.europa.eu/vocabulary/aq/pollutant/6001,hour,10.5839996200,µg/m3,2018-02-18 05:00:00 +01:00,2018-02-18 06:00:00 +01:00,1,1
AT,AT.0008.20.AQ,NET.09,STA.09.AKC,,SPO.09.AKC.5066.6001.1,SPP.09.AKC.5066.6001.1.11325,SAM.09.AKC.5066.6001.1,PM2.5,http://dd.eionet.europa.eu/vocabulary/aq/pollutant/6001,hour,17.8404998600,µg/m3,2018-02-18 06:00:00 +01:00,2018-02-18 07:00:00 +01:00,1,1
AT,AT.0008.20.AQ,NET.09,STA.09.AKC,,SPO.09.AKC.5066.6001.1,SPP.09.AKC.5066.6001.1.11325,SAM.09.AKC.5066.6001.1,PM2.5,http://dd.eionet.europa.eu/vocabulary/aq/pollutant/6001,hour,20.3430004000,µg/m3,2018-02-18 11:00:00 +01:00,2018-02-18 12:00:00 +01:00,1,1
AT,AT.0008.20.AQ,NET.09,STA.09.AKC,,SPO.09.AKC.5066.6001.1,SPP.09.AKC.5066.6001.1.11325,SAM.09.AKC.5066.6001.1,PM2.5,http://dd.eionet.europa.eu/vocabulary/aq/pollutant/6001,hour,19.4384994400,µg/m3,2018-02-18 16:00:00 +01:00,2018-02-18 17:00:00 +01:00,1,1
AT,AT.0008.20.AQ,NET.09,STA.09.AKC,,SPO.09.AKC.5066.6001.1,SPP.09.AKC.5066.6001.1.11325,SAM.09.AKC.5066.6001.1,PM2.5,http://dd.eionet.europa.eu/vocabulary/aq/pollutant/6001,hour,12.2834997000,µg/m3,2018-02-18 21:00:00 +01:00,2018-02-18 22:00:00 +01:00,1,1
AT,AT.0008.20.AQ,NET.09,STA.09.AKC,,SPO.09.AKC.5066.6001.1,SPP.09.AKC.5066.6001.1.11325,SAM.09.AKC.5066.6001.1,PM2.5,http://dd.eionet.europa.eu/vocabulary/aq/pollutant/6001,hour,16.3640003100,µg/m3,2018-02-19 00:00:00 +01:00,2018-02-19 01:00:00 +01:00,1,1
AT,AT.0008.20.AQ,NET.09,STA.09.AKC,,SPO.09.AKC.5066.6001.1,SPP.09.AKC.5066.6001.1.11325,SAM.09.AKC.5066.6001.1,PM2.5,http://dd.eionet.europa.eu/vocabulary/aq/pollutant/6001,hour,21.8850002100,µg/m3,2018-02-19 03:00:00 +01:00,2018-02-19 04:00:00 +01:00,1,1
AT,AT.0008.20.AQ,NET.09,STA.09.AKC,,SPO.09.AKC.5066.6001.1,SPP.09.AKC.5066.6001.1.11325,SAM.09.AKC.5066.6001.1,PM2.5,http://dd.eionet.europa.eu/vocabulary/aq/pollutant/6001,hour,23.7345008700,µg/m3,2018-02-19 04:00:00 +01:00,2018-02-19 05:00:00 +01:00,1,1
AT,AT.0008.20.AQ,NET.09,STA.09.AKC,,SPO.09.AKC.5066.6001.1,SPP.09.AKC.5066.6001.1.11325,SAM.09.AKC.5066.6001.1,PM2.5,http://dd.eionet.europa.eu/vocabulary/aq/pollutant/6001,hour,26.7630004700,µg/m3,2018-02-19 07:00:00 +01:00,2018-02-19 08:00:00 +01:00,1,1
AT,AT.0008.20.AQ,NET.09,STA.09.AKC,,SPO.09.AKC.5066.6001.1,SPP.09.AKC.5066.6001.1.11325,SAM.09.AKC.5066.6001.1,PM2.5,http://dd.eionet.europa.eu/vocabulary/aq/pollutant/6001,hour,31.2270011800,µg/m3,2018-02-19 10:00:00 +01:00,2018-02-19 11:00:00 +01:00,1,1
AT,AT.0008.20.AQ,NET.09,STA.09.AKC,,SPO.09.AKC.5066.6001.1,SPP.09.AKC.5066.6001.1.11325,SAM.09.AKC.5066.6001.1,PM2.5,http://dd.eionet.europa.eu/vocabulary/aq/pollutant/6001,hour,29.4890003100,µg/m3,2018-02-19 11:00:00 +01:00,2018-02-19 12:00:00 +01:00,1,1
AT,AT.0008.20.AQ,NET.09,STA.09.AKC,,SPO.09.AKC.5066.6001.1,SPP.09.AKC.5066.6001.1.11325,SAM.09.AKC.5066.6001.1,PM2.5,http://dd.eionet.europa.eu/vocabulary/aq/pollutant/6001,hour,20.2345008700,µg/m3,2018-02-19 14:00:00 +01:00,2018-02-19 15:00:00 +01:00,1,1
AT,AT.0008.20.AQ,NET.09,STA.09.AKC,,SPO.09.AKC.5066.6001.1,SPP.09.AKC.5066.6001.1.11325,SAM.09.AKC.5066.6001.1,PM2.5,http://dd.eionet.europa.eu/vocabulary/aq/pollutant/6001,hour,20.9044990400,µg/m3,2018-02-19 15:00:00 +01:00,2018-02-19 16:00:00 +01:00,1,1
AT,AT.0008.20.AQ,NET.09,STA.09.AKC,,SPO.09.AKC.5066.6001.1,SPP.09.AKC.5066.6001.1.11325,SAM.09.AKC.5066.6001.1,PM2.5,http://dd.eionet.europa.eu/vocabulary/aq/pollutant/6001,hour,20.6350002100,µg/m3,2018-02-19 16:00:00 +01:00,2018-02-19 17:00:00 +01:00,1,1
AT,AT.0008.20.AQ,NET.09,STA.09.AKC,,SPO.09.AKC.5066.6001.1,SPP.09.AKC.5066.6001.1.11325,SAM.09.AKC.5066.6001.1,PM2.5,http://dd.eionet.europa.eu/vocabulary/aq/pollutant/6001,hour,26.4635009600,µg/m3,2018-02-19 18:00:00 +01:00,2018-02-19 19:00:00 +01:00,1,1
AT,AT.0008.20.AQ,NET.09,STA.09.AKC,,SPO.09.AKC.5066.6001.1,SPP.09.AKC.5066.6001.1.11325,SAM.09.AKC.5066.6001.1,PM2.5,http://dd.eionet.europa.eu/vocabulary/aq/pollutant/6001,hour,24.9239997700,µg/m3,2018-02-19 20:00:00 +01:00,2018-02-19 21:00:00 +01:00,1,1
AT,AT.0008.20.AQ,NET.09,STA.09.AKC,,SPO.09.AKC.5066.6001.1,SPP.09.AKC.5066.6001.1.11325,SAM.09.AKC.5066.6001.1,PM2.5,http://dd.eionet.europa.eu/vocabulary/aq/pollutant/6001,hour,24.9179992500,µg/m3,2018-02-20 00:00:00 +01:00,2018-02-20 01:00:00 +01:00,1,1
AT,AT.0008.20.AQ,NET.09,STA.09.AKC,,SPO.09.AKC.5066.6001.1,SPP.09.AKC.5066.6001.1.11325,SAM.09.AKC.5066.6001.1,PM2.5,http://dd.eionet.europa.eu/vocabulary/aq/pollutant/6001,hour,26.5874996000,µg/m3,2018-02-20 01:00:00 +01:00,2018-02-20 02:00:00 +01:00,1,1
AT,AT.0008.20.AQ,NET.09,STA.09.AKC,,SPO.09.AKC.5066.6001.1,SPP.09.AKC.5066.6001.1.11325,SAM.09.AKC.5066.6001.1,PM2.5,http://dd.eionet.europa.eu/vocabulary/aq/pollutant/6001,hour,26.1264991600,µg/m3,2018-02-20 02:00:00 +01:00,2018-02-20 03:00:00 +01:00,1,1
AT,AT.0008.20.AQ,NET.09,STA.09.AKC,,SPO.09.AKC.5066.6001.1,SPP.09.AKC.5066.6001.1.11325,SAM.09.AKC.5066.6001.1,PM2.5,http://dd.eionet.europa.eu/vocabulary/aq/pollutant/6001,hour,27.7649993700,µg/m3,2018-02-20 03:00:00 +01:00,2018-02-20 04:00:00 +01:00,1,1
AT,AT.0008.20.AQ,NET.09,STA.09.AKC,,SPO.09.AKC.5066.6001.1,SPP.09.AKC.5066.6001.1.11325,SAM.09.AKC.5066.6001.1,PM2.5,http://dd.eionet.europa.eu/vocabulary/aq/pollutant/6001,hour,28.9400005200,µg/m3,2018-02-20 04:00:00 +01:00,2018-02-20 05:00:00 +01:00,1,1
AT,AT.0008.20.AQ,NET.09,STA.09.AKC,,SPO.09.AKC.5066.6001.1,SPP.09.AKC.5066.6001.1.11325,SAM.09.AKC.5066.6001.1,PM2.5,http://dd.eionet.europa.eu/vocabulary/aq/pollutant/6001,hour,29.9220008700,µg/m3,2018-02-20 05:00:00 +01:00,2018-02-20 06:00:00 +01:00,1,1
AT,AT.0008.20.AQ,NET.09,STA.09.AKC,,SPO.09.AKC.5066.6001.1,SPP.09.AKC.5066.6001.1.11325,SAM.09.AKC.5066.6001.1,PM2.5,http://dd.eionet.europa.eu/vocabulary/aq/pollutant/6001,hour,28.1380004700,µg/m3,2018-02-20 06:00:00 +01:00,2018-02-20 07:00:00 +01:00,1,1
AT,AT.0008.20.AQ,NET.09,STA.09.AKC,,SPO.09.AKC.5066.6001.1,SPP.09.AKC.5066.6001.1.11325,SAM.09.AKC.5066.6001.1,PM2.5,http://dd.eionet.europa.eu/vocabulary/aq/pollutant/6001,hour,20.5564994700,µg/m3,2018-02-20 09:00:00 +01:00,2018-02-20 10:00:00 +01:00,1,1
AT,AT.0008.20.AQ,NET.09,STA.09.AKC,,SPO.09.AKC.5066.6001.1,SPP.09.AKC.5066.6001.1.11325,SAM.09.AKC.5066.6001.1,PM2.5,http://dd.eionet.europa.eu/vocabulary/aq/pollutant/6001,hour,19.9370002600,µg/m3,2018-02-20 11:00:00 +01:00,2018-02-20 12:00:00 +01:00,1,1
AT,AT.0008.20.AQ,NET.09,STA.09.AKC,,SPO.09.AKC.5066.6001.1,SPP.09.AKC.5066.6001.1.11325,SAM.09.AKC.5066.6001.1,PM2.5,http://dd.eionet.europa.eu/vocabulary/aq/pollutant/6001,hour,21.2060012700,µg/m3,2018-02-20 14:00:00 +01:00,2018-02-20 15:00:00 +01:00,1,1
AT,AT.0008.20.AQ,NET.09,STA.09.AKC,,SPO.09.AKC.5066.6001.1,SPP.09.AKC.5066.6001.1.11325,SAM.09.AKC.5066.6001.1,PM2.5,http://dd.eionet.europa.eu/vocabulary/aq/pollutant/6001,hour,24.3955001700,µg/m3,2018-02-20 15:00:00 +01:00,2018-02-20 16:00:00 +01:00,1,1
AT,AT.0008.20.AQ,NET.09,STA.09.AKC,,SPO.09.AKC.5066.6001.1,SPP.09.AKC.5066.6001.1.11325,SAM.09.AKC.5066.6001.1,PM2.5,http://dd.eionet.europa.eu/vocabulary/aq/pollutant/6001,hour,27.4400005200,µg/m3,2018-02-20 16:00:00 +01:00,2018-02-20 17:00:00 +01:00,1,1
AT,AT.0008.20.AQ,NET.09,STA.09.AKC,,SPO.09.AKC.5066.6001.1,SPP.09.AKC.5066.6001.1.11325,SAM.09.AKC.5066.6001.1,PM2.5,http://dd.eionet.europa.eu/vocabulary/aq/pollutant/6001,hour,32.2340011400,µg/m3,2018-02-20 17:00:00 +01:00,2018-02-20 18:00:00 +01:00,1,1
AT,AT.0008.20.AQ,NET.09,STA.09.AKC,,SPO.09.AKC.5066.6001.1,SPP.09.AKC.5066.6001.1.11325,SAM.09.AKC.5066.6001.1,PM2.5,http://dd.eionet.europa.eu/vocabulary/aq/pollutant/6001,hour,55.5924987600,µg/m3,2018-02-21 01:00:00 +01:00,2018-02-21 02:00:00 +01:00,1,1
AT,AT.0008.20.AQ,NET.09,STA.09.AKC,,SPO.09.AKC.5066.6001.1,SPP.09.AKC.5066.6001.1.11325,SAM.09.AKC.5066.6001.1,PM2.5,http://dd.eionet.europa.eu/vocabulary/aq/pollutant/6001,hour,52.5830001700,µg/m3,2018-02-21 02:00:00 +01:00,2018-02-21 03:00:00 +01:00,1,1
AT,AT.0008.20.AQ,NET.09,STA.09.AKC,,SPO.09.AKC.5066.6001.1,SPP.09.AKC.5066.6001.1.11325,SAM.09.AKC.5066.6001.1,PM2.5,http://dd.eionet.europa.eu/vocabulary/aq/pollutant/6001,hour,47.4335021800,µg/m3,2018-02-21 03:00:00 +01:00,2018-02-21 04:00:00 +01:00,1,1
AT,AT.0008.20.AQ,NET.09,STA.09.AKC,,SPO.09.AKC.5066.6001.1,SPP.09.AKC.5066.6001.1.11325,SAM.09.AKC.5066.6001.1,PM2.5,http://dd.eionet.europa.eu/vocabulary/aq/pollutant/6001,hour,46.4934997400,µg/m3,2018-02-21 06:00:00 +01:00,2018-02-21 07:00:00 +01:00,1,1
AT,AT.0008.20.AQ,NET.09,STA.09.AKC,,SPO.09.AKC.5066.6001.1,SPP.09.AKC.5066.6001.1.11325,SAM.09.AKC.5066.6001.1,PM2.5,http://dd.eionet.europa.eu/vocabulary/aq/pollutant/6001,hour,47.9964980900,µg/m3,2018-02-21 09:00:00 +01:00,2018-02-21 10:00:00 +01:00,1,1
AT,AT.0008.20.AQ,NET.09,STA.09.AKC,,SPO.09.AKC.5066.6001.1,SPP.09.AKC.5066.6001.1.11325,SAM.09.AKC.5066.6001.1,PM2.5,http://dd.eionet.europa.eu/vocabulary/aq/pollutant/6001,hour,40.8850021200,µg/m3,2018-02-21 12:00:00 +01:00,2018-02-21 13:00:00 +01:00,1,1
AT,AT.0008.20.AQ,NET.09,STA.09.AKC,,SPO.09.AKC.5066.6001.1,SPP.09.AKC.5066.6001.1.11325,SAM.09.AKC.5066.6001.1,PM2.5,http://dd.eionet.europa.eu/vocabulary/aq/pollutant/6001,hour,39.0735015700,µg/m3,2018-02-21 15:00:00 +01:00,2018-02-21 16:00:00 +01:00,1,1
AT,AT.0008.20.AQ,NET.09,STA.09.AKC,,SPO.09.AKC.5066.6001.1,SPP.09.AKC.5066.6001.1.11325,SAM.09.AKC.5066.6001.1,PM2.5,http://dd.eionet.europa.eu/vocabulary/aq/pollutant/6001,hour,37.4664993100,µg/m3,2018-02-21 16:00:00 +01:00,2018-02-21 17:00:00 +01:00,1,1
AT,AT.0008.20.AQ,NET.09,STA.09.AKC,,SPO.09.AKC.5066.6001.1,SPP.09.AKC.5066.6001.1.11325,SAM.09.AKC.5066.6001.1,PM2.5,http://dd.eionet.europa.eu/vocabulary/aq/pollutant/6001,hour,36.9934997400,µg/m3,2018-02-21 19:00:00 +01:00,2018-02-21 20:00:00 +01:00,1,1
AT,AT.0008.20.AQ,NET.09,STA.09.AKC,,SPO.09.AKC.5066.6001.1,SPP.09.AKC.5066.6001.1.11325,SAM.09.AKC.5066.6001.1,PM2.5,http://dd.eionet.europa.eu/vocabulary/aq/pollutant/6001,hour,38.6809997400,µg/m3,2018-02-21 21:00:00 +01:00,2018-02-21 22:00:00 +01:00,1,1
AT,AT.0008.20.AQ,NET.09,STA.09.AKC,,SPO.09.AKC.5066.6001.1,SPP.09.AKC.5066.6001.1.11325,SAM.09.AKC.5066.6001.1,PM2.5,http://dd.eionet.europa.eu/vocabulary/aq/pollutant/6001,hour,43.5045013300,µg/m3,2018-02-22 04:00:00 +01:00,2018-02-22 05:00:00 +01:00,1,1
AT,AT.0008.20.AQ,NET.09,STA.09.AKC,,SPO.09.AKC.5066.6001.1,SPP.09.AKC.5066.6001.1.11325,SAM.09.AKC.5066.6001.1,PM2.5,http://dd.eionet.europa.eu/vocabulary/aq/pollutant/6001,hour,48.1334991300,µg/m3,2018-02-22 05:00:00 +01:00,2018-02-22 06:00:00 +01:00,1,1
AT,AT.0008.20.AQ,NET.09,STA.09.AKC,,SPO.09.AKC.5066.6001.1,SPP.09.AKC.5066.6001.1.11325,SAM.09.AKC.5066.6001.1,PM2.5,http://dd.eionet.europa.eu/vocabulary/aq/pollutant/6001,hour,44.5825004400,µg/m3,2018-02-22 07:00:00 +01:00,2018-02-22 08:00:00 +01:00,1,1
AT,AT.0008.20.AQ,NET.09,STA.09.AKC,,SPO.09.AKC.5066.6001.1,SPP.09.AKC.5066.6001.1.11325,SAM.09.AKC.5066.6001.1,PM2.5,http://dd.eionet.europa.eu/vocabulary/aq/pollutant/6001,hour,42.4729995600,µg/m3,2018-02-22 08:00:00 +01:00,2018-02-22 09:00:00 +01:00,1,1
AT,AT.0008.20.AQ,NET.09,STA.09.AKC,,SPO.09.AKC.5066.6001.1,SPP.09.AKC.5066.6001.1.11325,SAM.09.AKC.5066.6001.1,PM2.5,http://dd.eionet.europa.eu/vocabulary/aq/pollutant/6001,hour,37.6715011400,µg/m3,2018-02-22 11:00:00 +01:00,2018-02-22 12:00:00 +01:00,1,1
AT,AT.0008.20.AQ,NET.09,STA.09.AKC,,SPO.09.AKC.5066.6001.1,SPP.09.AKC.5066.6001.1.11325,SAM.09.AKC.5066.6001.1,PM2.5,http://dd.eionet.europa.eu/vocabulary/aq/pollutant/6001,hour,36.5544967500,µg/m3,2018-02-22 13:00:00 +01:00,2018-02-22 14:00:00 +01:00,1,1
AT,AT.0008.20.AQ,NET.09,STA.09.AKC,,SPO.09.AKC.5066.6001.1,SPP.09.AKC.5066.6001.1.11325,SAM.09.AKC.5066.6001.1,PM2.5,http://dd.eionet.europa.eu/vocabulary/aq/pollutant/6001,hour,36.0019988900,µg/m3,2018-02-22 14:00:00 +01:00,2018-02-22 15:00:00 +01:00,1,1
AT,AT.0008.20.AQ,NET.09,STA.09.AKC,,SPO.09.AKC.5066.6001.1,SPP.09.AKC.5066.6001.1.11325,SAM.09.AKC.5066.6001.1,PM2.5,http://dd.eionet.europa.eu/vocabulary/aq/pollutant/6001,hour,33.5499992200,µg/m3,2018-02-22 15:00:00 +01:00,2018-02-22 16:00:00 +01:00,1,1
AT,AT.0008.20.AQ,NET.09,STA.09.AKC,,SPO.09.AKC.5066.6001.1,SPP.09.AKC.5066.6001.1.11325,SAM.09.AKC.5066.6001.1,PM2.5,http://dd.eionet.europa.eu/vocabulary/aq/pollutant/6001,hour,25.8445014800,µg/m3,2018-02-22 17:00:00 +01:00,2018-02-22 18:00:00 +01:00,1,1
AT,AT.0008.20.AQ,NET.09,STA.09.AKC,,SPO.09.AKC.5066.6001.1,SPP.09.AKC.5066.6001.1.11325,SAM.09.AKC.5066.6001.1,PM2.5,http://dd.eionet.europa.eu/vocabulary/aq/pollutant/6001,hour,23.6709995100,µg/m3,2018-02-22 19:00:00 +01:00,2018-02-22 20:00:00 +01:00,1,1
AT,AT.0008.20.AQ,NET.09,STA.09.AKC,,SPO.09.AKC.5066.6001.1,SPP.09.AKC.5066.6001.1.11325,SAM.09.AKC.5066.6001.1,PM2.5,http://dd.eionet.europa.eu/vocabulary/aq/pollutant/6001,hour,33.2340011400,µg/m3,2018-02-23 01:00:00 +01:00,2018-02-23 02:00:00 +01:00,1,1
AT,AT.0008.20.AQ,NET.09,STA.09.AKC,,SPO.09.AKC.5066.6001.1,SPP.09.AKC.5066.6001.1.11325,SAM.09.AKC.5066.6001.1,PM2.5,http://dd.eionet.europa.eu/vocabulary/aq/pollutant/6001,hour,32.5530013900,µg/m3,2018-02-23 02:00:00 +01:00,2018-02-23 03:00:00 +01:00,1,1
AT,AT.0008.20.AQ,NET.09,STA.09.AKC,,SPO.09.AKC.5066.6001.1,SPP.09.AKC.5066.6001.1.11325,SAM.09.AKC.5066.6001.1,PM2.5,http://dd.eionet.europa.eu/vocabulary/aq/pollutant/6001,hour,35.4510002000,µg/m3,2018-02-23 08:00:00 +01:00,2018-02-23 09:00:00 +01:00,1,1
AT,AT.0008.20.AQ,NET.09,STA.09.AKC,,SPO.09.AKC.5066.6001.1,SPP.09.AKC.5066.6001.1.11325,SAM.09.AKC.5066.6001.1,PM2.5,http://dd.eionet.europa.eu/vocabulary/aq/pollutant/6001,hour,33.5260009600,µg/m3,2018-02-23 09:00:00 +01:00,2018-02-23 10:00:00 +01:00,1,1
AT,AT.0008.20.AQ,NET.09,STA.09.AKC,,SPO.09.AKC.5066.6001.1,SPP.09.AKC.5066.6001.1.11325,SAM.09.AKC.5066.6001.1,PM2.5,http://dd.eionet.europa.eu/vocabulary/aq/pollutant/6001,hour,34.9934997400,µg/m3,2018-02-23 13:00:00 +01:00,2018-02-23 14:00:00 +01:00,1,1
AT,AT.0008.20.AQ,NET.09,STA.09.AKC,,SPO.09.AKC.5066.6001.1,SPP.09.AKC.5066.6001.1.11325,SAM.09.AKC.5066.6001.1,PM2.5,http://dd.eionet.europa.eu/vocabulary/aq/pollutant/6001,hour,40.3945007200,µg/m3,2018-02-23 14:00:00 +01:00,2018-02-23 15:00:00 +01:00,1,1
AT,AT.0008.20.AQ,NET.09,STA.09.AKC,,SPO.09.AKC.5066.6001.1,SPP.09.AKC.5066.6001.1.11325,SAM.09.AKC.5066.6001.1,PM2.5,http://dd.eionet.europa.eu/vocabulary/aq/pollutant/6001,hour,41.5820007200,µg/m3,2018-02-23 15:00:00 +01:00,2018-02-23 16:00:00 +01:00,1,1
AT,AT.0008.20.AQ,NET.09,STA.09.AKC,,SPO.09.AKC.5066.6001.1,SPP.09.AKC.5066.6001.1.11325,SAM.09.AKC.5066.6001.1,PM2.5,http://dd.eionet.europa.eu/vocabulary/aq/pollutant/6001,hour,42.4325027300,µg/m3,2018-02-23 16:00:00 +01:00,2018-02-23 17:00:00 +01:00,1,1
AT,AT.0008.20.AQ,NET.09,STA.09.AKC,,SPO.09.AKC.5066.6001.1,SPP.09.AKC.5066.6001.1.11325,SAM.09.AKC.5066.6001.1,PM2.5,http://dd.eionet.europa.eu/vocabulary/aq/pollutant/6001,hour,43.2409973000,µg/m3,2018-02-23 18:00:00 +01:00,2018-02-23 19:00:00 +01:00,1,1
AT,AT.0008.20.AQ,NET.09,STA.09.AKC,,SPO.09.AKC.5066.6001.1,SPP.09.AKC.5066.6001.1.11325,SAM.09.AKC.5066.6001.1,PM2.5,http://dd.eionet.europa.eu/vocabulary/aq/pollutant/6001,hour,41.3004989500,µg/m3,2018-02-23 20:00:00 +01:00,2018-02-23 21:00:00 +01:00,1,1
AT,AT.0008.20.AQ,NET.09,STA.09.AKC,,SPO.09.AKC.5066.6001.1,SPP.09.AKC.5066.6001.1.11325,SAM.09.AKC.5066.6001.1,PM2.5,http://dd.eionet.europa.eu/vocabulary/aq/pollutant/6001,hour,36.7109985200,µg/m3,2018-02-23 22:00:00 +01:00,2018-02-23 23:00:00 +01:00,1,1
AT,AT.0008.20.AQ,NET.09,STA.09.AKC,,SPO.09.AKC.5066.6001.1,SPP.09.AKC.5066.6001.1.11325,SAM.09.AKC.5066.6001.1,PM2.5,http://dd.eionet.europa.eu/vocabulary/aq/pollutant/6001,hour,32.5820007200,µg/m3,2018-02-23 23:00:00 +01:00,2018-02-24 00:00:00 +01:00,1,1
AT,AT.0008.20.AQ,NET.09,STA.09.AKC,,SPO.09.AKC.5066.6001.1,SPP.09.AKC.5066.6001.1.11325,SAM.09.AKC.5066.6001.1,PM2.5,http://dd.eionet.europa.eu/vocabulary/aq/pollutant/6001,hour,24.2664985500,µg/m3,2018-02-24 01:00:00 +01:00,2018-02-24 02:00:00 +01:00,1,1
AT,AT.0008.20.AQ,NET.09,STA.09.AKC,,SPO.09.AKC.5066.6001.1,SPP.09.AKC.5066.6001.1.11325,SAM.09.AKC.5066.6001.1,PM2.5,http://dd.eionet.europa.eu/vocabulary/aq/pollutant/6001,hour,26.1870002600,µg/m3,2018-02-24 03:00:00 +01:00,2018-02-24 04:00:00 +01:00,1,1
AT,AT.0008.20.AQ,NET.09,STA.09.AKC,,SPO.09.AKC.5066.6001.1,SPP.09.AKC.5066.6001.1.11325,SAM.09.AKC.5066.6001.1,PM2.5,http://dd.eionet.europa.eu/vocabulary/aq/pollutant/6001,hour,19.6930007800,µg/m3,2018-02-24 13:00:00 +01:00,2018-02-24 14:00:00 +01:00,1,1
AT,AT.0008.20.AQ,NET.09,STA.09.AKC,,SPO.09.AKC.5066.6001.1,SPP.09.AKC.5066.6001.1.11325,SAM.09.AKC.5066.6001.1,PM2.5,http://dd.eionet.europa.eu/vocabulary/aq/pollutant/6001,hour,13.9780006300,µg/m3,2018-02-24 15:00:00 +01:00,2018-02-24 16:00:00 +01:00,1,1
AT,AT.0008.20.AQ,NET.09,STA.09.AKC,,SPO.09.AKC.5066.6001.1,SPP.09.AKC.5066.6001.1.11325,SAM.09.AKC.5066.6001.1,PM2.5,http://dd.eionet.europa.eu/vocabulary/aq/pollutant/6001,hour,12.6315002300,µg/m3,2018-02-24 17:00:00 +01:00,2018-02-24 18:00:00 +01:00,1,1
AT,AT.0008.20.AQ,NET.09,STA.09.AKC,,SPO.09.AKC.5066.6001.1,SPP.09.AKC.5066.6001.1.11325,SAM.09.AKC.5066.6001.1,PM2.5,http://dd.eionet.europa.eu/vocabulary/aq/pollutant/6001,hour,15.1479997500,µg/m3,2018-02-24 20:00:00 +01:00,2018-02-24 21:00:00 +01:00,1,1
AT,AT.0008.20.AQ,NET.09,STA.09.AKC,,SPO.09.AKC.5066.6001.1,SPP.09.AKC.5066.6001.1.11325,SAM.09.AKC.5066.6001.1,PM2.5,http://dd.eionet.europa.eu/vocabulary/aq/pollutant/6001,hour,22.7315006100,µg/m3,2018-02-24 22:00:00 +01:00,2018-02-24 23:00:00 +01:00,1,1
AT,AT.0008.20.AQ,NET.09,STA.09.AKC,,SPO.09.AKC.5066.6001.1,SPP.09.AKC.5066.6001.1.11325,SAM.09.AKC.5066.6001.1,PM2.5,http://dd.eionet.europa.eu/vocabulary/aq/pollutant/6001,hour,17.5395011800,µg/m3,2018-02-25 00:00:00 +01:00,2018-02-25 01:00:00 +01:00,1,1
AT,AT.0008.20.AQ,NET.09,STA.09.AKC,,SPO.09.AKC.5066.6001.1,SPP.09.AKC.5066.6001.1.11325,SAM.09.AKC.5066.6001.1,PM2.5,http://dd.eionet.europa.eu/vocabulary/aq/pollutant/6001,hour,22.2234992800,µg/m3,2018-02-25 08:00:00 +01:00,2018-02-25 09:00:00 +01:00,1,1
AT,AT.0008.20.AQ,NET.09,STA.09.AKC,,SPO.09.AKC.5066.6001.1,SPP.09.AKC.5066.6001.1.11325,SAM.09.AKC.5066.6001.1,PM2.5,http://dd.eionet.europa.eu/vocabulary/aq/pollutant/6001,hour,16.8180007800,µg/m3,2018-02-25 15:00:00 +01:00,2018-02-25 16:00:00 +01:00,1,1
AT,AT.0008.20.AQ,NET.09,STA.09.AKC,,SPO.09.AKC.5066.6001.1,SPP.09.AKC.5066.6001.1.11325,SAM.09.AKC.5066.6001.1,PM2.5,http://dd.eionet.europa.eu/vocabulary/aq/pollutant/6001,hour,17.4295005600,µg/m3,2018-02-25 16:00:00 +01:00,2018-02-25 17:00:00 +01:00,1,1
AT,AT.0008.20.AQ,NET.09,STA.09.AKC,,SPO.09.AKC.5066.6001.1,SPP.09.AKC.5066.6001.1.11325,SAM.09.AKC.5066.6001.1,PM2.5,http://dd.eionet.europa.eu/vocabulary/aq/pollutant/6001,hour,17.3580016900,µg/m3,2018-02-25 17:00:00 +01:00,2018-02-25 18:00:00 +01:00,1,1
AT,AT.0008.20.AQ,NET.09,STA.09.AKC,,SPO.09.AKC.5066.6001.1,SPP.09.AKC.5066.6001.1.11325,SAM.09.AKC.5066.6001.1,PM2.5,http://dd.eionet.europa.eu/vocabulary/aq/pollutant/6001,hour,25.5335006600,µg/m3,2018-02-25 20:00:00 +01:00,2018-02-25 21:00:00 +01:00,1,1
AT,AT.0008.20.AQ,NET.09,STA.09.AKC,,SPO.09.AKC.5066.6001.1,SPP.09.AKC.5066.6001.1.11325,SAM.09.AKC.5066.6001.1,PM2.5,http://dd.eionet.europa.eu/vocabulary/aq/pollutant/6001,hour,28.4759998200,µg/m3,2018-02-25 21:00:00 +01:00,2018-02-25 22:00:00 +01:00,1,1
AT,AT.0008.20.AQ,NET.09,STA.09.AKC,,SPO.09.AKC.5066.6001.1,SPP.09.AKC.5066.6001.1.11325,SAM.09.AKC.5066.6001.1,PM2.5,http://dd.eionet.europa.eu/vocabulary/aq/pollutant/6001,hour,28.5174999100,µg/m3,2018-02-25 23:00:00 +01:00,2018-02-26 00:00:00 +01:00,1,1
AT,AT.0008.20.AQ,NET.09,STA.09.AKC,,SPO.09.AKC.5066.6001.1,SPP.09.AKC.5066.6001.1.11325,SAM.09.AKC.5066.6001.1,PM2.5,http://dd.eionet.europa.eu/vocabulary/aq/pollutant/6001,hour,27.4405002400,µg/m3,2018-02-26 00:00:00 +01:00,2018-02-26 01:00:00 +01:00,1,1
AT,AT.0008.20.AQ,NET.09,STA.09.AKC,,SPO.09.AKC.5066.6001.1,SPP.09.AKC.5066.6001.1.11325,SAM.09.AKC.5066.6001.1,PM2.5,http://dd.eionet.europa.eu/vocabulary/aq/pollutant/6001,hour,27.8120002600,µg/m3,2018-02-26 01:00:00 +01:00,2018-02-26 02:00:00 +01:00,1,1
AT,AT.0008.20.AQ,NET.09,STA.09.AKC,,SPO.09.AKC.5066.6001.1,SPP.09.AKC.5066.6001.1.11325,SAM.09.AKC.5066.6001.1,PM2.5,http://dd.eionet.europa.eu/vocabulary/aq/pollutant/6001,hour,27.2229995600,µg/m3,2018-02-26 03:00:00 +01:00,2018-02-26 04:00:00 +01:00,1,1
AT,AT.0008.20.AQ,NET.09,STA.09.AKC,,SPO.09.AKC.5066.6001.1,SPP.09.AKC.5066.6001.1.11325,SAM.09.AKC.5066.6001.1,PM2.5,http://dd.eionet.europa.eu/vocabulary/aq/pollutant/6001,hour,26.5179996300,µg/m3,2018-02-26 05:00:00 +01:00,2018-02-26 06:00:00 +01:00,1,1
AT,AT.0008.20.AQ,NET.09,STA.09.AKC,,SPO.09.AKC.5066.6001.1,SPP.09.AKC.5066.6001.1.11325,SAM.09.AKC.5066.6001.1,PM2.5,http://dd.eionet.europa.eu/vocabulary/aq/pollutant/6001,hour,27.4085006600,µg/m3,2018-02-26 06:00:00 +01:00,2018-02-26 07:00:00 +01:00,1,1
AT,AT.0008.20.AQ,NET.09,STA.09.AKC,,SPO.09.AKC.5066.6001.1,SPP.09.AKC.5066.6001.1.11325,SAM.09.AKC.5066.6001.1,PM2.5,http://dd.eionet.europa.eu/vocabulary/aq/pollutant/6001,hour,30.4070014800,µg/m3,2018-02-26 08:00:00 +01:00,2018-02-26 09:00:00 +01:00,1,1
AT,AT.0008.20.AQ,NET.09,STA.09.AKC,,SPO.09.AKC.5066.6001.1,SPP.09.AKC.5066.6001.1.11325,SAM.09.AKC.5066.6001.1,PM2.5,http://dd.eionet.europa.eu/vocabulary/aq/pollutant/6001,hour,28.1084995100,µg/m3,2018-02-26 12:00:00 +01:00,2018-02-26 13:00:00 +01:00,1,1
AT,AT.0008.20.AQ,NET.09,STA.09.AKC,,SPO.09.AKC.5066.6001.1,SPP.09.AKC.5066.6001.1.11325,SAM.09.AKC.5066.6001.1,PM2.5,http://dd.eionet.europa.eu/vocabulary/aq/pollutant/6001,hour,28.4845008700,µg/m3,2018-02-26 15:00:00 +01:00,2018-02-26 16:00:00 +01:00,1,1
AT,AT.0008.20.AQ,NET.09,STA.09.AKC,,SPO.09.AKC.5066.6001.1,SPP.09.AKC.5066.6001.1.11325,SAM.09.AKC.5066.6001.1,PM2.5,http://dd.eionet.europa.eu/vocabulary/aq/pollutant/6001,hour,38.5735015700,µg/m3,2018-02-26 17:00:00 +01:00,2018-02-26 18:00:00 +01:00,1,1
AT,AT.0008.20.AQ,NET.09,STA.09.AKC,,SPO.09.AKC.5066.6001.1,SPP.09.AKC.5066.6001.1.11325,SAM.09.AKC.5066.6001.1,PM2.5,http://dd.eionet.europa.eu/vocabulary/aq/pollutant/6001,hour,37.2174987600,µg/m3,2018-02-26 18:00:00 +01:00,2018-02-26 19:00:00 +01:00,1,1
AT,AT.0008.20.AQ,NET.09,STA.09.AKC,,SPO.09.AKC.5066.6001.1,SPP.09.AKC.5066.6001.1.11325,SAM.09.AKC.5066.6001.1,PM2.5,http://dd.eionet.europa.eu/vocabulary/aq/pollutant/6001,hour,35.6295013300,µg/m3,2018-02-26 19:00:00 +01:00,2018-02-26 20:00:00 +01:00,1,1
AT,AT.0008.20.AQ,NET.09,STA.09.AKC,,SPO.09.AKC.5066.6001.1,SPP.09.AKC.5066.6001.1.11325,SAM.09.AKC.5066.6001.1,PM2.5,http://dd.eionet.europa.eu/vocabulary/aq/pollutant/6001,hour,35.5564994700,µg/m3,2018-02-26 20:00:00 +01:00,2018-02-26 21:00:00 +01:00,1,1
AT,AT.0008.20.AQ,NET.09,STA.09.AKC,,SPO.09.AKC.5066.6001.1,SPP.09.AKC.5066.6001.1.11325,SAM.09.AKC.5066.6001.1,PM2.5,http://dd.eionet.europa.eu/vocabulary/aq/pollutant/6001,hour,36.8645019400,µg/m3,2018-02-27 00:00:00 +01:00,2018-02-27 01:00:00 +01:00,1,1
AT,AT.0008.20.AQ,NET.09,STA.09.AKC,,SPO.09.AKC.5066.6001.1,SPP.09.AKC.5066.6001.1.11325,SAM.09.AKC.5066.6001.1,PM2.5,http://dd.eionet.europa.eu/vocabulary/aq/pollutant/6001,hour,34.8619995000,µg/m3,2018-02-27 05:00:00 +01:00,2018-02-27 06:00:00 +01:00,1,1
AT,AT.0008.20.AQ,NET.09,STA.09.AKC,,SPO.09.AKC.5066.6001.1,SPP.09.AKC.5066.6001.1.11325,SAM.09.AKC.5066.6001.1,PM2.5,http://dd.eionet.europa.eu/vocabulary/aq/pollutant/6001,hour,28.9235000500,µg/m3,2018-02-27 06:00:00 +01:00,2018-02-27 07:00:00 +01:00,1,1
AT,AT.0008.20.AQ,NET.09,STA.09.AKC,,SPO.09.AKC.5066.6001.1,SPP.09.AKC.5066.6001.1.11325,SAM.09.AKC.5066.6001.1,PM2.5,http://dd.eionet.europa.eu/vocabulary/aq/pollutant/6001,hour,25.0164985500,µg/m3,2018-02-27 09:00:00 +01:00,2018-02-27 10:00:00 +01:00,1,1
AT,AT.0008.20.AQ,NET.09,STA.09.AKC,,SPO.09.AKC.5066.6001.1,SPP.09.AKC.5066.6001.1.11325,SAM.09.AKC.5066.6001.1,PM2.5,http://dd.eionet.europa.eu/vocabulary/aq/pollutant/6001,hour,27.6735000500,µg/m3,2018-02-27 11:00:00 +01:00,2018-02-27 12:00:00 +01:00,1,1
AT,AT.0008.20.AQ,NET.09,STA.09.AKC,,SPO.09.AKC.5066.6001.1,SPP.09.AKC.5066.6001.1.11325,SAM.09.AKC.5066.6001.1,PM2.5,http://dd.eionet.europa.eu/vocabulary/aq/pollutant/6001,hour,32.7760009600,µg/m3,2018-02-27 15:00:00 +01:00,2018-02-27 16:00:00 +01:00,1,1
AT,AT.0008.20.AQ,NET.09,STA.09.AKC,,SPO.09.AKC.5066.6001.1,SPP.09.AKC.5066.6001.1.11325,SAM.09.AKC.5066.6001.1,PM2.5,http://dd.eionet.europa.eu/vocabulary/aq/pollutant/6001,hour,28.5224990700,µg/m3,2018-02-27 23:00:00 +01:00,2018-02-28 00:00:00 +01:00,1,1
AT,AT.0008.20.AQ,NET.09,STA.09.AKC,,SPO.09.AKC.5066.6001.1,SPP.09.AKC.5066.6001.1.11325,SAM.09.AKC.5066.6001.1,PM2.5,http://dd.eionet.europa.eu/vocabulary/aq/pollutant/6001,hour,28.9295005600,µg/m3,2018-02-28 00:00:00 +01:00,2018-02-28 01:00:00 +01:00,1,1
AT,AT.0008.20.AQ,NET.09,STA.09.AKC,,SPO.09.AKC.5066.6001.1,SPP.09.AKC.5066.6001.1.11325,SAM.09.AKC.5066.6001.1,PM2.5,http://dd.eionet.europa.eu/vocabulary/aq/pollutant/6001,hour,29.6560001200,µg/m3,2018-02-28 02:00:00 +01:00,2018-02-28 03:00:00 +01:00,1,1
AT,AT.0008.20.AQ,NET.09,STA.09.AKC,,SPO.09.AKC.5066.6001.1,SPP.09.AKC.5066.6001.1.11325,SAM.09.AKC.5066.6001.1,PM2.5,http://dd.eionet.europa.eu/vocabulary/aq/pollutant/6001,hour,30.1339988600,µg/m3,2018-02-28 03:00:00 +01:00,2018-02-28 04:00:00 +01:00,1,1
AT,AT.0008.20.AQ,NET.09,STA.09.AKC,,SPO.09.AKC.5066.6001.1,SPP.09.AKC.5066.6001.1.11325,SAM.09.AKC.5066.6001.1,PM2.5,http://dd.eionet.europa.eu/vocabulary/aq/pollutant/6001,hour,30.3235015700,µg/m3,2018-02-28 07:00:00 +01:00,2018-02-28 08:00:00 +01:00,1,1
AT,AT.0008.20.AQ,NET.09,STA.09.AKC,,SPO.09.AKC.5066.6001.1,SPP.09.AKC.5066.6001.1.11325,SAM.09.AKC.5066.6001.1,PM2.5,http://dd.eionet.europa.eu/vocabulary/aq/pollutant/6001,hour,30.4695014800,µg/m3,2018-02-28 08:00:00 +01:00,2018-02-28 09:00:00 +01:00,1,1
AT,AT.0008.20.AQ,NET.09,STA.09.AKC,,SPO.09.AKC.5066.6001.1,SPP.09.AKC.5066.6001.1.11325,SAM.09.AKC.5066.6001.1,PM2.5,http://dd.eionet.europa.eu/vocabulary/aq/pollutant/6001,hour,30.4599990700,µg/m3,2018-02-28 09:00:00 +01:00,2018-02-28 10:00:00 +01:00,1,1
AT,AT.0008.20.AQ,NET.09,STA.09.AKC,,SPO.09.AKC.5066.6001.1,SPP.09.AKC.5066.6001.1.11325,SAM.09.AKC.5066.6001.1,PM2.5,http://dd.eionet.europa.eu/vocabulary/aq/pollutant/6001,hour,31.0395011800,µg/m3,2018-02-28 10:00:00 +01:00,2018-02-28 11:00:00 +01:00,1,1
AT,AT.0008.20.AQ,NET.09,STA.09.AKC,,SPO.09.AKC.5066.6001.1,SPP.09.AKC.5066.6001.1.11325,SAM.09.AKC.5066.6001.1,PM2.5,http://dd.eionet.europa.eu/vocabulary/aq/pollutant/6001,hour,33.1085014200,µg/m3,2018-02-28 13:00:00 +01:00,2018-02-28 14:00:00 +01:00,1,1
AT,AT.0008.20.AQ,NET.09,STA.09.AKC,,SPO.09.AKC.5066.6001.1,SPP.09.AKC.5066.6001.1.11325,SAM.09.AKC.5066.6001.1,PM2.5,http://dd.eionet.europa.eu/vocabulary/aq/pollutant/6001,hour,32.6754989500,µg/m3,2018-02-28 16:00:00 +01:00,2018-02-28 17:00:00 +01:00,1,1
AT,AT.0008.20.AQ,NET.09,STA.09.AKC,,SPO.09.AKC.5066.6001.1,SPP.09.AKC.5066.6001.1.11325,SAM.09.AKC.5066.6001.1,PM2.5,http://dd.eionet.europa.eu/vocabulary/aq/pollutant/6001,hour,39.2555007800,µg/m3,2018-02-28 21:00:00 +01:00,2018-02-28 22:00:00 +01:00,1,1
AT,AT.0008.20.AQ,NET.09,STA.09.AKC,,SPO.09.AKC.5066.6001.1,SPP.09.AKC.5066.6001.1.11325,SAM.09.AKC.5066.6001.1,PM2.5,http://dd.eionet.europa.eu/vocabulary/aq/pollutant/6001,hour,35.9810027900,µg/m3,2018-02-28 23:00:00 +01:00,2018-03-01 00:00:00 +01:00,1,1
AT,AT.0008.20.AQ,NET.09,STA.09.AKC,,SPO.09.AKC.5066.6001.1,SPP.09.AKC.5066.6001.1.11325,SAM.09.AKC.5066.6001.1,PM2.5,http://dd.eionet.europa.eu/vocabulary/aq/pollutant/6001,hour,34.5774993700,µg/m3,2018-03-01 00:00:00 +01:00,2018-03-01 01:00:00 +01:00,1,1
AT,AT.0008.20.AQ,NET.09,STA.09.AKC,,SPO.09.AKC.5066.6001.1,SPP.09.AKC.5066.6001.1.11325,SAM.09.AKC.5066.6001.1,PM2.5,http://dd.eionet.europa.eu/vocabulary/aq/pollutant/6001,hour,33.2234992800,µg/m3,2018-03-01 01:00:00 +01:00,2018-03-01 02:00:00 +01:00,1,1
AT,AT.0008.20.AQ,NET.09,STA.09.AKC,,SPO.09.AKC.5066.6001.1,SPP.09.AKC.5066.6001.1.11325,SAM.09.AKC.5066.6001.1,PM2.5,http://dd.eionet.europa.eu/vocabulary/aq/pollutant/6001,hour,38.9690017600,µg/m3,2018-03-01 03:00:00 +01:00,2018-03-01 04:00:00 +01:00,1,1
AT,AT.0008.20.AQ,NET.09,STA.09.AKC,,SPO.09.AKC.5066.6001.1,SPP.09.AKC.5066.6001.1.11325,SAM.09.AKC.5066.6001.1,PM2.5,http://dd.eionet.europa.eu/vocabulary/aq/pollutant/6001,hour,36.6770019400,µg/m3,2018-03-01 05:00:00 +01:00,2018-03-01 06:00:00 +01:00,1,1
AT,AT.0008.20.AQ,NET.09,STA.09.AKC,,SPO.09.AKC.5066.6001.1,SPP.09.AKC.5066.6001.1.11325,SAM.09.AKC.5066.6001.1,PM2.5,http://dd.eionet.europa.eu/vocabulary/aq/pollutant/6001,hour,39.2010002000,µg/m3,2018-03-01 06:00:00 +01:00,2018-03-01 07:00:00 +01:00,1,1
AT,AT.0008.20.AQ,NET.09,STA.09.AKC,,SPO.09.AKC.5066.6001.1,SPP.09.AKC.5066.6001.1.11325,SAM.09.AKC.5066.6001.1,PM2.5,http://dd.eionet.europa.eu/vocabulary/aq/pollutant/6001,hour,45.0564994700,µg/m3,2018-03-01 08:00:00 +01:00,2018-03-01 09:00:00 +01:00,1,1
AT,AT.0008.20.AQ,NET.09,STA.09.AKC,,SPO.09.AKC.5066.6001.1,SPP.09.AKC.5066.6001.1.11325,SAM.09.AKC.5066.6001.1,PM2.5,http://dd.eionet.europa.eu/vocabulary/aq/pollutant/6001,hour,39.3805007800,µg/m3,2018-03-01 11:00:00 +01:00,2018-03-01 12:00:00 +01:00,1,1
AT,AT.0008.20.AQ,NET.09,STA.09.AKC,,SPO.09.AKC.5066.6001.1,SPP.09.AKC.5066.6001.1.11325,SAM.09.AKC.5066.6001.1,PM2.5,http://dd.eionet.europa.eu/vocabulary/aq/pollutant/6001,hour,36.4964980900,µg/m3,2018-03-01 13:00:00 +01:00,2018-03-01 14:00:00 +01:00,1,1
AT,AT.0008.20.AQ,NET.09,STA.09.AKC,,SPO.09.AKC.5066.6001.1,SPP.09.AKC.5066.6001.1.11325,SAM.09.AKC.5066.6001.1,PM2.5,http://dd.eionet.europa.eu/vocabulary/aq/pollutant/6001,hour,35.0764999200,µg/m3,2018-03-01 14:00:00 +01:00,2018-03-01 15:00:00 +01:00,1,1
AT,AT.0008.20.AQ,NET.09,STA.09.AKC,,SPO.09.AKC.5066.6001.1,SPP.09.AKC.5066.6001.1.11325,SAM.09.AKC.5066.6001.1,PM2.5,http://dd.eionet.europa.eu/vocabulary/aq/pollutant/6001,hour,34.9499969300,µg/m3,2018-03-01 16:00:00 +01:00,2018-03-01 17:00:00 +01:00,1,1
AT,AT.0008.20.AQ,NET.09,STA.09.AKC,,SPO.09.AKC.5066.6001.1,SPP.09.AKC.5066.6001.1.11325,SAM.09.AKC.5066.6001.1,PM2.5,http://dd.eionet.europa.eu/vocabulary/aq/pollutant/6001,hour,36.4595031600,µg/m3,2018-03-01 17:00:00 +01:00,2018-03-01 18:00:00 +01:00,1,1
AT,AT.0008.20.AQ,NET.09,STA.09.AKC,,SPO.09.AKC.5066.6001.1,SPP.09.AKC.5066.6001.1.11325,SAM.09.AKC.5066.6001.1,PM2.5,http://dd.eionet.europa.eu/vocabulary/aq/pollutant/6001,hour,41.8294982800,µg/m3,2018-03-01 19:00:00 +01:00,2018-03-01 20:00:00 +01:00,1,1
AT,AT.0008.20.AQ,NET.09,STA.09.AKC,,SPO.09.AKC.5066.6001.1,SPP.09.AKC.5066.6001.1.11325,SAM.09.AKC.5066.6001.1,PM2.5,http://dd.eionet.europa.eu/vocabulary/aq/pollutant/6001,hour,41.3885002000,µg/m3,2018-03-01 20:00:00 +01:00,2018-03-01 21:00:00 +01:00,1,1
AT,AT.0008.20.AQ,NET.09,STA.09.AKC,,SPO.09.AKC.5066.6001.1,SPP.09.AKC.5066.6001.1.11325,SAM.09.AKC.5066.6001.1,PM2.5,http://dd.eionet.europa.eu/vocabulary/aq/pollutant/6001,hour,41.8740005300,µg/m3,2018-03-01 21:00:00 +01:00,2018-03-01 22:00:00 +01:00,1,1
AT,AT.0008.20.AQ,NET.09,STA.09.AKC,,SPO.09.AKC.5066.6001.1,SPP.09.AKC.5066.6001.1.11325,SAM.09.AKC.5066.6001.1,PM2.5,http://dd.eionet.europa.eu/vocabulary/aq/pollutant/6001,hour,37.9035034000,µg/m3,2018-03-01 22:00:00 +01:00,2018-03-01 23:00:00 +01:00,1,1
AT,AT.0008.20.AQ,NET.09,STA.09.AKC,,SPO.09.AKC.5066.6001.1,SPP.09.AKC.5066.6001.1.11325,SAM.09.AKC.5066.6001.1,PM2.5,http://dd.eionet.europa.eu/vocabulary/aq/pollutant/6001,hour,32.8769988900,µg/m3,2018-03-02 02:00:00 +01:00,2018-03-02 03:00:00 +01:00,1,1
AT,AT.0008.20.AQ,NET.09,STA.09.AKC,,SPO.09.AKC.5066.6001.1,SPP.09.AKC.5066.6001.1.11325,SAM.09.AKC.5066.6001.1,PM2.5,http://dd.eionet.europa.eu/vocabulary/aq/pollutant/6001,hour,34.6805000200,µg/m3,2018-03-02 04:00:00 +01:00,2018-03-02 05:00:00 +01:00,1,1
AT,AT.0008.20.AQ,NET.09,STA.09.AKC,,SPO.09.AKC.5066.6001.1,SPP.09.AKC.5066.6001.1.11325,SAM.09.AKC.5066.6001.1,PM2.5,http://dd.eionet.europa.eu/vocabulary/aq/pollutant/6001,hour,34.3089980900,µg/m3,2018-03-02 10:00:00 +01:00,2018-03-02 11:00:00 +01:00,1,1
AT,AT.0008.20.AQ,NET.09,STA.09.AKC,,SPO.09.AKC.5066.6001.1,SPP.09.AKC.5066.6001.1.11325,SAM.09.AKC.5066.6001.1,PM2.5,http://dd.eionet.europa.eu/vocabulary/aq/pollutant/6001,hour,34.7495002600,µg/m3,2018-03-02 12:00:00 +01:00,2018-03-02 13:00:00 +01:00,1,1
AT,AT.0008.20.AQ,NET.09,STA.09.AKC,,SPO.09.AKC.5066.6001.1,SPP.09.AKC.5066.6001.1.11325,SAM.09.AKC.5066.6001.1,PM2.5,http://dd.eionet.europa.eu/vocabulary/aq/pollutant/6001,hour,35.1030006300,µg/m3,2018-03-02 13:00:00 +01:00,2018-03-02 14:00:00 +01:00,1,1
AT,AT.0008.20.AQ,NET.09,STA.09.AKC,,SPO.09.AKC.5066.6001.1,SPP.09.AKC.5066.6001.1.11325,SAM.09.AKC.5066.6001.1,PM2.5,http://dd.eionet.europa.eu/vocabulary/aq/pollutant/6001,hour,36.0425033400,µg/m3,2018-03-02 14:00:00 +01:00,2018-03-02 15:00:00 +01:00,1,1
AT,AT.0008.20.AQ,NET.09,STA.09.AKC,,SPO.09.AKC.5066.6001.1,SPP.09.AKC.5066.6001.1.11325,SAM.09.AKC.5066.6001.1,PM2.5,http://dd.eionet.europa.eu/vocabulary/aq/pollutant/6001,hour,36.2700004400,µg/m3,2018-03-02 15:00:00 +01:00,2018-03-02 16:00:00 +01:00,1,1
AT,AT.0008.20.AQ,NET.09,STA.09.AKC,,SPO.09.AKC.5066.6001.1,SPP.09.AKC.5066.6001.1.11325,SAM.09.AKC.5066.6001.1,PM2.5,http://dd.eionet.europa.eu/vocabulary/aq/pollutant/6001,hour,39.6394996500,µg/m3,2018-03-02 16:00:00 +01:00,2018-03-02 17:00:00 +01:00,1,1
AT,AT.0008.20.AQ,NET.09,STA.09.AKC,,SPO.09.AKC.5066.6001.1,SPP.09.AKC.5066.6001.1.11325,SAM.09.AKC.5066.6001.1,PM2.5,http://dd.eionet.europa.eu/vocabulary/aq/pollutant/6001,hour,39.7384986700,µg/m3,2018-03-02 17:00:00 +01:00,2018-03-02 18:00:00 +01:00,1,1
AT,AT.0008.20.AQ,NET.09,STA.09.AKC,,SPO.09.AKC.5066.6001.1,SPP.09.AKC.5066.6001.1.11325,SAM.09.AKC.5066.6001.1,PM2.5,http://dd.eionet.europa.eu/vocabulary/aq/pollutant/6001,hour,55.6689987000,µg/m3,2018-03-02 22:00:00 +01:00,2018-03-02 23:00:00 +01:00,1,1
AT,AT.0008.20.AQ,NET.09,STA.09.AKC,,SPO.09.AKC.5066.6001.1,SPP.09.AKC.5066.6001.1.11325,SAM.09.AKC.5066.6001.1,PM2.5,http://dd.eionet.europa.eu/vocabulary/aq/pollutant/6001,hour,67.6545028500,µg/m3,2018-03-03 00:00:00 +01:00,2018-03-03 01:00:00 +01:00,1,1
AT,AT.0008.20.AQ,NET.09,STA.09.AKC,,SPO.09.AKC.5066.6001.1,SPP.09.AKC.5066.6001.1.11325,SAM.09.AKC.5066.6001.1,PM2.5,http://dd.eionet.europa.eu/vocabulary/aq/pollutant/6001,hour,65.2680053600,µg/m3,2018-03-03 03:00:00 +01:00,2018-03-03 04:00:00 +01:00,1,1
AT,AT.0008.20.AQ,NET.09,STA.09.AKC,,SPO.09.AKC.5066.6001.1,SPP.09.AKC.5066.6001.1.11325,SAM.09.AKC.5066.6001.1,PM2.5,http://dd.eionet.europa.eu/vocabulary/aq/pollutant/6001,hour,67.1364974800,µg/m3,2018-03-03 04:00:00 +01:00,2018-03-03 05:00:00 +01:00,1,1
AT,AT.0008.20.AQ,NET.09,STA.09.AKC,,SPO.09.AKC.5066.6001.1,SPP.09.AKC.5066.6001.1.11325,SAM.09.AKC.5066.6001.1,PM2.5,http://dd.eionet.europa.eu/vocabulary/aq/pollutant/6001,hour,64.8160018800,µg/m3,2018-03-03 05:00:00 +01:00,2018-03-03 06:00:00 +01:00,1,1
AT,AT.0008.20.AQ,NET.09,STA.09.AKC,,SPO.09.AKC.5066.6001.1,SPP.09.AKC.5066.6001.1.11325,SAM.09.AKC.5066.6001.1,PM2.5,http://dd.eionet.europa.eu/vocabulary/aq/pollutant/6001,hour,63.5979995600,µg/m3,2018-03-03 06:00:00 +01:00,2018-03-03 07:00:00 +01:00,1,1
AT,AT.0008.20.AQ,NET.09,STA.09.AKC,,SPO.09.AKC.5066.6001.1,SPP.09.AKC.5066.6001.1.11325,SAM.09.AKC.5066.6001.1,PM2.5,http://dd.eionet.europa.eu/vocabulary/aq/pollutant/6001,hour,49.1389999200,µg/m3,2018-03-03 09:00:00 +01:00,2018-03-03 10:00:00 +01:00,1,1
AT,AT.0008.20.AQ,NET.09,STA.09.AKC,,SPO.09.AKC.5066.6001.1,SPP.09.AKC.5066.6001.1.11325,SAM.09.AKC.5066.6001.1,PM2.5,http://dd.eionet.europa.eu/vocabulary/aq/pollutant/6001,hour,45.9099998300,µg/m3,2018-03-03 10:00:00 +01:00,2018-03-03 11:00:00 +01:00,1,1
AT,AT.0008.20.AQ,NET.09,STA.09.AKC,,SPO.09.AKC.5066.6001.1,SPP.09.AKC.5066.6001.1.11325,SAM.09.AKC.5066.6001.1,PM2.5,http://dd.eionet.europa.eu/vocabulary/aq/pollutant/6001,hour,45.2859992800,µg/m3,2018-03-03 11:00:00 +01:00,2018-03-03 12:00:00 +01:00,1,1
AT,AT.0008.20.AQ,NET.09,STA.09.AKC,,SPO.09.AKC.5066.6001.1,SPP.09.AKC.5066.6001.1.11325,SAM.09.AKC.5066.6001.1,PM2.5,http://dd.eionet.europa.eu/vocabulary/aq/pollutant/6001,hour,45.9895019400,µg/m3,2018-03-03 12:00:00 +01:00,2018-03-03 13:00:00 +01:00,1,1
AT,AT.0008.20.AQ,NET.09,STA.09.AKC,,SPO.09.AKC.5066.6001.1,SPP.09.AKC.5066.6001.1.11325,SAM.09.AKC.5066.6001.1,PM2.5,http://dd.eionet.europa.eu/vocabulary/aq/pollutant/6001,hour,41.9874992200,µg/m3,2018-03-03 13:00:00 +01:00,2018-03-03 14:00:00 +01:00,1,1
AT,AT.0008.20.AQ,NET.09,STA.09.AKC,,SPO.09.AKC.5066.6001.1,SPP.09.AKC.5066.6001.1.11325,SAM.09.AKC.5066.6001.1,PM2.5,http://dd.eionet.europa.eu/vocabulary/aq/pollutant/6001,hour,38.9134979100,µg/m3,2018-03-03 14:00:00 +01:00,2018-03-03 15:00:00 +01:00,1,1
AT,AT.0008.20.AQ,NET.09,STA.09.AKC,,SPO.09.AKC.5066.6001.1,SPP.09.AKC.5066.6001.1.11325,SAM.09.AKC.5066.6001.1,PM2.5,http://dd.eionet.europa.eu/vocabulary/aq/pollutant/6001,hour,38.3590011400,µg/m3,2018-03-03 15:00:00 +01:00,2018-03-03 16:00:00 +01:00,1,1
AT,AT.0008.20.AQ,NET.09,STA.09.AKC,,SPO.09.AKC.5066.6001.1,SPP.09.AKC.5066.6001.1.11325,SAM.09.AKC.5066.6001.1,PM2.5,http://dd.eionet.europa.eu/vocabulary/aq/pollutant/6001,hour,36.9939994700,µg/m3,2018-03-03 16:00:00 +01:00,2018-03-03 17:00:00 +01:00,1,1
AT,AT.0008.20.AQ,NET.09,STA.09.AKC,,SPO.09.AKC.5066.6001.1,SPP.09.AKC.5066.6001.1.11325,SAM.09.AKC.5066.6001.1,PM2.5,http://dd.eionet.europa.eu/vocabulary/aq/pollutant/6001,hour,43.0610008100,µg/m3,2018-03-03 17:00:00 +01:00,2018-03-03 18:00:00 +01:00,1,1
AT,AT.0008.20.AQ,NET.09,STA.09.AKC,,SPO.09.AKC.5066.6001.1,SPP.09.AKC.5066.6001.1.11325,SAM.09.AKC.5066.6001.1,PM2.5,http://dd.eionet.europa.eu/vocabulary/aq/pollutant/6001,hour,43.9104995600,µg/m3,2018-03-03 18:00:00 +01:00,2018-03-03 19:00:00 +01:00,1,1
AT,AT.0008.20.AQ,NET.09,STA.09.AKC,,SPO.09.AKC.5066.6001.1,SPP.09.AKC.5066.6001.1.11325,SAM.09.AKC.5066.6001.1,PM2.5,http://dd.eionet.europa.eu/vocabulary/aq/pollutant/6001,hour,40.4895019400,µg/m3,2018-03-03 19:00:00 +01:00,2018-03-03 20:00:00 +01:00,1,1
AT,AT.0008.20.AQ,NET.09,STA.09.AKC,,SPO.09.AKC.5066.6001.1,SPP.09.AKC.5066.6001.1.11325,SAM.09.AKC.5066.6001.1,PM2.5,http://dd.eionet.europa.eu/vocabulary/aq/pollutant/6001,hour,41.0100021200,µg/m3,2018-03-03 20:00:00 +01:00,2018-03-03 21:00:00 +01:00,1,1
AT,AT.0008.20.AQ,NET.09,STA.09.AKC,,SPO.09.AKC.5066.6001.1,SPP.09.AKC.5066.6001.1.11325,SAM.09.AKC.5066.6001.1,PM2.5,http://dd.eionet.europa.eu/vocabulary/aq/pollutant/6001,hour,56.1749992200,µg/m3,2018-03-03 23:00:00 +01:00,2018-03-04 00:00:00 +01:00,1,1
AT,AT.0008.20.AQ,NET.09,STA.09.AKC,,SPO.09.AKC.5066.6001.1,SPP.09.AKC.5066.6001.1.11325,SAM.09.AKC.5066.6001.1,PM2.5,http://dd.eionet.europa.eu/vocabulary/aq/pollutant/6001,hour,64.9970016300,µg/m3,2018-03-04 03:00:00 +01:00,2018-03-04 04:00:00 +01:00,1,1
AT,AT.0008.20.AQ,NET.09,STA.09.AKC,,SPO.09.AKC.5066.6001.1,SPP.09.AKC.5066.6001.1.11325,SAM.09.AKC.5066.6001.1,PM2.5,http://dd.eionet.europa.eu/vocabulary/aq/pollutant/6001,hour,60.7130012400,µg/m3,2018-03-04 09:00:00 +01:00,2018-03-04 10:00:00 +01:00,1,1
AT,AT.0008.20.AQ,NET.09,STA.09.AKC,,SPO.09.AKC.5066.6001.1,SPP.09.AKC.5066.6001.1.11325,SAM.09.AKC.5066.6001.1,PM2.5,http://dd.eionet.europa.eu/vocabulary/aq/pollutant/6001,hour,58.0359992800,µg/m3,2018-03-04 11:00:00 +01:00,2018-03-04 12:00:00 +01:00,1,1
AT,AT.0008.20.AQ,NET.09,STA.09.AKC,,SPO.09.AKC.5066.6001.1,SPP.09.AKC.5066.6001.1.11325,SAM.09.AKC.5066.6001.1,PM2.5,http://dd.eionet.europa.eu/vocabulary/aq/pollutant/6001,hour,53.9939994700,µg/m3,2018-03-04 12:00:00 +01:00,2018-03-04 13:00:00 +01:00,1,1
AT,AT.0008.20.AQ,NET.09,STA.09.AKC,,SPO.09.AKC.5066.6001.1,SPP.09.AKC.5066.6001.1.11325,SAM.09.AKC.5066.6001.1,PM2.5,http://dd.eionet.europa.eu/vocabulary/aq/pollutant/6001,hour,57.3885002000,µg/m3,2018-03-04 13:00:00 +01:00,2018-03-04 14:00:00 +01:00,1,1
AT,AT.0008.20.AQ,NET.09,STA.09.AKC,,SPO.09.AKC.5066.6001.1,SPP.09.AKC.5066.6001.1.11325,SAM.09.AKC.5066.6001.1,PM2.5,http://dd.eionet.europa.eu/vocabulary/aq/pollutant/6001,hour,65.8059997400,µg/m3,2018-03-04 17:00:00 +01:00,2018-03-04 18:00:00 +01:00,1,1
AT,AT.0008.20.AQ,NET.09,STA.09.AKC,,SPO.09.AKC.5066.6001.1,SPP.09.AKC.5066.6001.1.11325,SAM.09.AKC.5066.6001.1,PM2.5,http://dd.eionet.europa.eu/vocabulary/aq/pollutant/6001,hour,63.1524963200,µg/m3,2018-03-04 18:00:00 +01:00,2018-03-04 19:00:00 +01:00,1,1
AT,AT.0008.20.AQ,NET.09,STA.09.AKC,,SPO.09.AKC.5066.6001.1,SPP.09.AKC.5066.6001.1.11325,SAM.09.AKC.5066.6001.1,PM2.5,http://dd.eionet.europa.eu/vocabulary/aq/pollutant/6001,hour,65.1210021800,µg/m3,2018-03-04 19:00:00 +01:00,2018-03-04 20:00:00 +01:00,1,1
AT,AT.0008.20.AQ,NET.09,STA.09.AKC,,SPO.09.AKC.5066.6001.1,SPP.09.AKC.5066.6001.1.11325,SAM.09.AKC.5066.6001.1,PM2.5,http://dd.eionet.europa.eu/vocabulary/aq/pollutant/6001,hour,63.1240005300,µg/m3,2018-03-04 20:00:00 +01:00,2018-03-04 21:00:00 +01:00,1,1
AT,AT.0008.20.AQ,NET.09,STA.09.AKC,,SPO.09.AKC.5066.6001.1,SPP.09.AKC.5066.6001.1.11325,SAM.09.AKC.5066.6001.1,PM2.5,http://dd.eionet.europa.eu/vocabulary/aq/pollutant/6001,hour,35.6210021800,µg/m3,2018-03-05 01:00:00 +01:00,2018-03-05 02:00:00 +01:00,1,1
AT,AT.0008.20.AQ,NET.09,STA.09.AKC,,SPO.09.AKC.5066.6001.1,SPP.09.AKC.5066.6001.1.11325,SAM.09.AKC.5066.6001.1,PM2.5,http://dd.eionet.europa.eu/vocabulary/aq/pollutant/6001,hour,31.3465003800,µg/m3,2018-03-05 02:00:00 +01:00,2018-03-05 03:00:00 +01:00,1,1
AT,AT.0008.20.AQ,NET.09,STA.09.AKC,,SPO.09.AKC.5066.6001.1,SPP.09.AKC.5066.6001.1.11325,SAM.09.AKC.5066.6001.1,PM2.5,http://dd.eionet.europa.eu/vocabulary/aq/pollutant/6001,hour,33.4635009600,µg/m3,2018-03-05 03:00:00 +01:00,2018-03-05 04:00:00 +01:00,1,1
AT,AT.0008.20.AQ,NET.09,STA.09.AKC,,SPO.09.AKC.5066.6001.1,SPP.09.AKC.5066.6001.1.11325,SAM.09.AKC.5066.6001.1,PM2.5,http://dd.eionet.europa.eu/vocabulary/aq/pollutant/6001,hour,34.0830001700,µg/m3,2018-03-05 04:00:00 +01:00,2018-03-05 05:00:00 +01:00,1,1
AT,AT.0008.20.AQ,NET.09,STA.09.AKC,,SPO.09.AKC.5066.6001.1,SPP.09.AKC.5066.6001.1.11325,SAM.09.AKC.5066.6001.1,PM2.5,http://dd.eionet.europa.eu/vocabulary/aq/pollutant/6001,hour,30.4220008700,µg/m3,2018-03-05 06:00:00 +01:00,2018-03-05 07:00:00 +01:00,1,1
AT,AT.0008.20.AQ,NET.09,STA.09.AKC,,SPO.09.AKC.5066.6001.1,SPP.09.AKC.5066.6001.1.11325,SAM.09.AKC.5066.6001.1,PM2.5,http://dd.eionet.europa.eu/vocabulary/aq/pollutant/6001,hour,37.1119995000,µg/m3,2018-03-05 09:00:00 +01:00,2018-03-05 10:00:00 +01:00,1,1
AT,AT.0008.20.AQ,NET.09,STA.09.AKC,,SPO.09.AKC.5066.6001.1,SPP.09.AKC.5066.6001.1.11325,SAM.09.AKC.5066.6001.1,PM2.5,http://dd.eionet.europa.eu/vocabulary/aq/pollutant/6001,hour,38.5589980900,µg/m3,2018-03-05 10:00:00 +01:00,2018-03-05 11:00:00 +01:00,1,1
AT,AT.0008.20.AQ,NET.09,STA.09.AKC,,SPO.09.AKC.5066.6001.1,SPP.09.AKC.5066.6001.1.11325,SAM.09.AKC.5066.6001.1,PM2.5,http://dd.eionet.europa.eu/vocabulary/aq/pollutant/6001,hour,40.9840011400,µg/m3,2018-03-05 12:00:00 +01:00,2018-03-05 13:00:00 +01:00,1,1
AT,AT.0008.20.AQ,NET.09,STA.09.AKC,,SPO.09.AKC.5066.6001.1,SPP.09.AKC.5066.6001.1.11325,SAM.09.AKC.5066.6001.1,PM2.5,http://dd.eionet.europa.eu/vocabulary/aq/pollutant/6001,hour,39.2994995000,µg/m3,2018-03-05 22:00:00 +01:00,2018-03-05 23:00:00 +01:00,1,1
AT,AT.0008.20.AQ,NET.09,STA.09.AKC,,SPO.09.AKC.5066.6001.1,SPP.09.AKC.5066.6001.1.11325,SAM.09.AKC.5066.6001.1,PM2.5,http://dd.eionet.europa.eu/vocabulary/aq/pollutant/6001,hour,40.5055007800,µg/m3,2018-03-05 23:00:00 +01:00,2018-03-06 00:00:00 +01:00,1,1
AT,AT.0008.20.AQ,NET.09,STA.09.AKC,,SPO.09.AKC.5066.6001.1,SPP.09.AKC.5066.6001.1.11325,SAM.09.AKC.5066.6001.1,PM2.5,http://dd.eionet.europa.eu/vocabulary/aq/pollutant/6001,hour,40.8779983400,µg/m3,2018-03-06 01:00:00 +01:00,2018-03-06 02:00:00 +01:00,1,1
AT,AT.0008.20.AQ,NET.09,STA.09.AKC,,SPO.09.AKC.5066.6001.1,SPP.09.AKC.5066.6001.1.11325,SAM.09.AKC.5066.6001.1,PM2.5,http://dd.eionet.europa.eu/vocabulary/aq/pollutant/6001,hour,44.3700027300,µg/m3,2018-03-06 02:00:00 +01:00,2018-03-06 03:00:00 +01:00,1,1
AT,AT.0008.20.AQ,NET.09,STA.09.AKC,,SPO.09.AKC.5066.6001.1,SPP.09.AKC.5066.6001.1.11325,SAM.09.AKC.5066.6001.1,PM2.5,http://dd.eionet.europa.eu/vocabulary/aq/pollutant/6001,hour,40.9185027900,µg/m3,2018-03-06 08:00:00 +01:00,2018-03-06 09:00:00 +01:00,1,1
AT,AT.0008.20.AQ,NET.09,STA.09.AKC,,SPO.09.AKC.5066.6001.1,SPP.09.AKC.5066.6001.1.11325,SAM.09.AKC.5066.6001.1,PM2.5,http://dd.eionet.europa.eu/vocabulary/aq/pollutant/6001,hour,29.0429992500,µg/m3,2018-03-06 11:00:00 +01:00,2018-03-06 12:00:00 +01:00,1,1
AT,AT.0008.20.AQ,NET.09,STA.09.AKC,,SPO.09.AKC.5066.6001.1,SPP.09.AKC.5066.6001.1.11325,SAM.09.AKC.5066.6001.1,PM2.5,http://dd.eionet.europa.eu/vocabulary/aq/pollutant/6001,hour,27.7679996300,µg/m3,2018-03-06 12:00:00 +01:00,2018-03-06 13:00:00 +01:00,1,1
AT,AT.0008.20.AQ,NET.09,STA.09.AKC,,SPO.09.AKC.5066.6001.1,SPP.09.AKC.5066.6001.1.11325,SAM.09.AKC.5066.6001.1,PM2.5,http://dd.eionet.europa.eu/vocabulary/aq/pollutant/6001,hour,32.2280006300,µg/m3,2018-03-06 16:00:00 +01:00,2018-03-06 17:00:00 +01:00,1,1
AT,AT.0008.20.AQ,NET.09,STA.09.AKC,,SPO.09.AKC.5066.6001.1,SPP.09.AKC.5066.6001.1.11325,SAM.09.AKC.5066.6001.1,PM2.5,http://dd.eionet.europa.eu/vocabulary/aq/pollutant/6001,hour,31.1564979400,µg/m3,2018-03-06 19:00:00 +01:00,2018-03-06 20:00:00 +01:00,1,1
AT,AT.0008.20.AQ,NET.09,STA.09.AKC,,SPO.09.AKC.5066.6001.1,SPP.09.AKC.5066.6001.1.11325,SAM.09.AKC.5066.6001.1,PM2.5,http://dd.eionet.europa.eu/vocabulary/aq/pollutant/6001,hour,39.2109985200,µg/m3,2018-03-06 22:00:00 +01:00,2018-03-06 23:00:00 +01:00,1,1
AT,AT.0008.20.AQ,NET.09,STA.09.AKC,,SPO.09.AKC.5066.6001.1,SPP.09.AKC.5066.6001.1.11325,SAM.09.AKC.5066.6001.1,PM2.5,http://dd.eionet.europa.eu/vocabulary/aq/pollutant/6001,hour,43.4635009600,µg/m3,2018-03-07 00:00:00 +01:00,2018-03-07 01:00:00 +01:00,1,1
AT,AT.0008.20.AQ,NET.09,STA.09.AKC,,SPO.09.AKC.5066.6001.1,SPP.09.AKC.5066.6001.1.11325,SAM.09.AKC.5066.6001.1,PM2.5,http://dd.eionet.europa.eu/vocabulary/aq/pollutant/6001,hour,47.6549987600,µg/m3,2018-03-07 01:00:00 +01:00,2018-03-07 02:00:00 +01:00,1,1
AT,AT.0008.20.AQ,NET.09,STA.09.AKC,,SPO.09.AKC.5066.6001.1,SPP.09.AKC.5066.6001.1.11325,SAM.09.AKC.5066.6001.1,PM2.5,http://dd.eionet.europa.eu/vocabulary/aq/pollutant/6001,hour,49.7579994100,µg/m3,2018-03-07 05:00:00 +01:00,2018-03-07 06:00:00 +01:00,1,1
AT,AT.0008.20.AQ,NET.09,STA.09.AKC,,SPO.09.AKC.5066.6001.1,SPP.09.AKC.5066.6001.1.11325,SAM.09.AKC.5066.6001.1,PM2.5,http://dd.eionet.europa.eu/vocabulary/aq/pollutant/6001,hour,50.0764999200,µg/m3,2018-03-07 06:00:00 +01:00,2018-03-07 07:00:00 +01:00,1,1
AT,AT.0008.20.AQ,NET.09,STA.09.AKC,,SPO.09.AKC.5066.6001.1,SPP.09.AKC.5066.6001.1.11325,SAM.09.AKC.5066.6001.1,PM2.5,http://dd.eionet.europa.eu/vocabulary/aq/pollutant/6001,hour,53.7815017600,µg/m3,2018-03-07 09:00:00 +01:00,2018-03-07 10:00:00 +01:00,1,1
AT,AT.0008.20.AQ,NET.09,STA.09.AKC,,SPO.09.AKC.5066.6001.1,SPP.09.AKC.5066.6001.1.11325,SAM.09.AKC.5066.6001.1,PM2.5,http://dd.eionet.europa.eu/vocabulary/aq/pollutant/6001,hour,7.2416496100,µg/m3,2018-03-07 14:00:00 +01:00,2018-03-07 15:00:00 +01:00,1,1
AT,AT.0008.20.AQ,NET.09,STA.09.AKC,,SPO.09.AKC.5066.6001.1,SPP.09.AKC.5066.6001.1.11325,SAM.09.AKC.5066.6001.1,PM2.5,http://dd.eionet.europa.eu/vocabulary/aq/pollutant/6001,hour,6.5476503200,µg/m3,2018-03-07 15:00:00 +01:00,2018-03-07 16:00:00 +01:00,1,1
AT,AT.0008.20.AQ,NET.09,STA.09.AKC,,SPO.09.AKC.5066.6001.1,SPP.09.AKC.5066.6001.1.11325,SAM.09.AKC.5066.6001.1,PM2.5,http://dd.eionet.europa.eu/vocabulary/aq/pollutant/6001,hour,9.4297504300,µg/m3,2018-03-07 16:00:00 +01:00,2018-03-07 17:00:00 +01:00,1,1
AT,AT.0008.20.AQ,NET.09,STA.09.AKC,,SPO.09.AKC.5066.6001.1,SPP.09.AKC.5066.6001.1.11325,SAM.09.AKC.5066.6001.1,PM2.5,http://dd.eionet.europa.eu/vocabulary/aq/pollutant/6001,hour,19.4635009600,µg/m3,2018-03-07 18:00:00 +01:00,2018-03-07 19:00:00 +01:00,1,1
AT,AT.0008.20.AQ,NET.09,STA.09.AKC,,SPO.09.AKC.5066.6001.1,SPP.09.AKC.5066.6001.1.11325,SAM.09.AKC.5066.6001.1,PM2.5,http://dd.eionet.europa.eu/vocabulary/aq/pollutant/6001,hour,5.5190000400,µg/m3,2018-03-08 01:00:00 +01:00,2018-03-08 02:00:00 +01:00,1,1
AT,AT.0008.20.AQ,NET.09,STA.09.AKC,,SPO.09.AKC.5066.6001.1,SPP.09.AKC.5066.6001.1.11325,SAM.09.AKC.5066.6001.1,PM2.5,http://dd.eionet.europa.eu/vocabulary/aq/pollutant/6001,hour,5.1146497600,µg/m3,2018-03-08 03:00:00 +01:00,2018-03-08 04:00:00 +01:00,1,1
AT,AT.0008.20.AQ,NET.09,STA.09.AKC,,SPO.09.AKC.5066.6001.1,SPP.09.AKC.5066.6001.1.11325,SAM.09.AKC.5066.6001.1,PM2.5,http://dd.eionet.europa.eu/vocabulary/aq/pollutant/6001,hour,6.5406999400,µg/m3,2018-03-08 12:00:00 +01:00,2018-03-08 13:00:00 +01:00,1,1
AT,AT.0008.20.AQ,NET.09,STA.09.AKC,,SPO.09.AKC.5066.6001.1,SPP.09.AKC.5066.6001.1.11325,SAM.09.AKC.5066.6001.1,PM2.5,http://dd.eionet.europa.eu/vocabulary/aq/pollutant/6001,hour,5.6050500700,µg/m3,2018-03-08 15:00:00 +01:00,2018-03-08 16:00:00 +01:00,1,1
AT,AT.0008.20.AQ,NET.09,STA.09.AKC,,SPO.09.AKC.5066.6001.1,SPP.09.AKC.5066.6001.1.11325,SAM.09.AKC.5066.6001.1,PM2.5,http://dd.eionet.europa.eu/vocabulary/aq/pollutant/6001,hour,4.9614496100,µg/m3,2018-03-08 16:00:00 +01:00,2018-03-08 17:00:00 +01:00,1,1
AT,AT.0008.20.AQ,NET.09,STA.09.AKC,,SPO.09.AKC.5066.6001.1,SPP.09.AKC.5066.6001.1.11325,SAM.09.AKC.5066.6001.1,PM2.5,http://dd.eionet.europa.eu/vocabulary/aq/pollutant/6001,hour,11.2445001500,µg/m3,2018-03-08 19:00:00 +01:00,2018-03-08 20:00:00 +01:00,1,1
AT,AT.0008.20.AQ,NET.09,STA.09.AKC,,SPO.09.AKC.5066.6001.1,SPP.09.AKC.5066.6001.1.11325,SAM.09.AKC.5066.6001.1,PM2.5,http://dd.eionet.europa.eu/vocabulary/aq/pollutant/6001,hour,21.6145000300,µg/m3,2018-03-08 23:00:00 +01:00,2018-03-09 00:00:00 +01:00,1,1
AT,AT.0008.20.AQ,NET.09,STA.09.AKC,,SPO.09.AKC.5066.6001.1,SPP.09.AKC.5066.6001.1.11325,SAM.09.AKC.5066.6001.1,PM2.5,http://dd.eionet.europa.eu/vocabulary/aq/pollutant/6001,hour,20.3479995600,µg/m3,2018-03-09 00:00:00 +01:00,2018-03-09 01:00:00 +01:00,1,1
AT,AT.0008.20.AQ,NET.09,STA.09.AKC,,SPO.09.AKC.5066.6001.1,SPP.09.AKC.5066.6001.1.11325,SAM.09.AKC.5066.6001.1,PM2.5,http://dd.eionet.europa.eu/vocabulary/aq/pollutant/6001,hour,8.6124000400,µg/m3,2018-03-09 11:00:00 +01:00,2018-03-09 12:00:00 +01:00,1,1
AT,AT.0008.20.AQ,NET.09,STA.09.AKC,,SPO.09.AKC.5066.6001.1,SPP.09.AKC.5066.6001.1.11325,SAM.09.AKC.5066.6001.1,PM2.5,http://dd.eionet.europa.eu/vocabulary/aq/pollutant/6001,hour,8.1234998600,µg/m3,2018-03-09 12:00:00 +01:00,2018-03-09 13:00:00 +01:00,1,1
AT,AT.0008.20.AQ,NET.09,STA.09.AKC,,SPO.09.AKC.5066.6001.1,SPP.09.AKC.5066.6001.1.11325,SAM.09.AKC.5066.6001.1,PM2.5,http://dd.eionet.europa.eu/vocabulary/aq/pollutant/6001,hour,4.7016000600,µg/m3,2018-03-09 14:00:00 +01:00,2018-03-09 15:00:00 +01:00,1,1
AT,AT.0008.20.AQ,NET.09,STA.09.AKC,,SPO.09.AKC.5066.6001.1,SPP.09.AKC.5066.6001.1.11325,SAM.09.AKC.5066.6001.1,PM2.5,http://dd.eionet.europa.eu/vocabulary/aq/pollutant/6001,hour,4.8406495900,µg/m3,2018-03-09 16:00:00 +01:00,2018-03-09 17:00:00 +01:00,1,1
AT,AT.0008.20.AQ,NET.09,STA.09.AKC,,SPO.09.AKC.5066.6001.1,SPP.09.AKC.5066.6001.1.11325,SAM.09.AKC.5066.6001.1,PM2.5,http://dd.eionet.europa.eu/vocabulary/aq/pollutant/6001,hour,7.9271497600,µg/m3,2018-03-09 17:00:00 +01:00,2018-03-09 18:00:00 +01:00,1,1
AT,AT.0008.20.AQ,NET.09,STA.09.AKC,,SPO.09.AKC.5066.6001.1,SPP.09.AKC.5066.6001.1.11325,SAM.09.AKC.5066.6001.1,PM2.5,http://dd.eionet.europa.eu/vocabulary/aq/pollutant/6001,hour,23.7735004300,µg/m3,2018-03-09 22:00:00 +01:00,2018-03-09 23:00:00 +01:00,1,1
AT,AT.0008.20.AQ,NET.09,STA.09.AKC,,SPO.09.AKC.5066.6001.1,SPP.09.AKC.5066.6001.1.11325,SAM.09.AKC.5066.6001.1,PM2.5,http://dd.eionet.europa.eu/vocabulary/aq/pollutant/6001,hour,27.5470008700,µg/m3,2018-03-10 07:00:00 +01:00,2018-03-10 08:00:00 +01:00,1,1
AT,AT.0008.20.AQ,NET.09,STA.09.AKC,,SPO.09.AKC.5066.6001.1,SPP.09.AKC.5066.6001.1.11325,SAM.09.AKC.5066.6001.1,PM2.5,http://dd.eionet.europa.eu/vocabulary/aq/pollutant/6001,hour,27.0634994400,µg/m3,2018-03-10 13:00:00 +01:00,2018-03-10 14:00:00 +01:00,1,1
AT,AT.0008.20.AQ,NET.09,STA.09.AKC,,SPO.09.AKC.5066.6001.1,SPP.09.AKC.5066.6001.1.11325,SAM.09.AKC.5066.6001.1,PM2.5,http://dd.eionet.europa.eu/vocabulary/aq/pollutant/6001,hour,26.4804992500,µg/m3,2018-03-10 17:00:00 +01:00,2018-03-10 18:00:00 +01:00,1,1
AT,AT.0008.20.AQ,NET.09,STA.09.AKC,,SPO.09.AKC.5066.6001.1,SPP.09.AKC.5066.6001.1.11325,SAM.09.AKC.5066.6001.1,PM2.5,http://dd.eionet.europa.eu/vocabulary/aq/pollutant/6001,hour,25.7364997700,µg/m3,2018-03-10 19:00:00 +01:00,2018-03-10 20:00:00 +01:00,1,1
AT,AT.0008.20.AQ,NET.09,STA.09.AKC,,SPO.09.AKC.5066.6001.1,SPP.09.AKC.5066.6001.1.11325,SAM.09.AKC.5066.6001.1,PM2.5,http://dd.eionet.europa.eu/vocabulary/aq/pollutant/6001,hour,37.1119995000,µg/m3,2018-03-10 20:00:00 +01:00,2018-03-10 21:00:00 +01:00,1,1
AT,AT.0008.20.AQ,NET.09,STA.09.AKC,,SPO.09.AKC.5066.6001.1,SPP.09.AKC.5066.6001.1.11325,SAM.09.AKC.5066.6001.1,PM2.5,http://dd.eionet.europa.eu/vocabulary/aq/pollutant/6001,hour,33.9309997400,µg/m3,2018-03-10 22:00:00 +01:00,2018-03-10 23:00:00 +01:00,1,1
AT,AT.0008.20.AQ,NET.09,STA.09.AKC,,SPO.09.AKC.5066.6001.1,SPP.09.AKC.5066.6001.1.11325,SAM.09.AKC.5066.6001.1,PM2.5,http://dd.eionet.europa.eu/vocabulary/aq/pollutant/6001,hour,33.6245002600,µg/m3,2018-03-10 23:00:00 +01:00,2018-03-11 00:00:00 +01:00,1,1
AT,AT.0008.20.AQ,NET.09,STA.09.AKC,,SPO.09.AKC.5066.6001.1,SPP.09.AKC.5066.6001.1.11325,SAM.09.AKC.5066.6001.1,PM2.5,http://dd.eionet.europa.eu/vocabulary/aq/pollutant/6001,hour,33.9580001700,µg/m3,2018-03-11 00:00:00 +01:00,2018-03-11 01:00:00 +01:00,1,1
AT,AT.0008.20.AQ,NET.09,STA.09.AKC,,SPO.09.AKC.5066.6001.1,SPP.09.AKC.5066.6001.1.11325,SAM.09.AKC.5066.6001.1,PM2.5,http://dd.eionet.europa.eu/vocabulary/aq/pollutant/6001,hour,32.7095031600,µg/m3,2018-03-11 01:00:00 +01:00,2018-03-11 02:00:00 +01:00,1,1
AT,AT.0008.20.AQ,NET.09,STA.09.AKC,,SPO.09.AKC.5066.6001.1,SPP.09.AKC.5066.6001.1.11325,SAM.09.AKC.5066.6001.1,PM2.5,http://dd.eionet.europa.eu/vocabulary/aq/pollutant/6001,hour,28.6565017600,µg/m3,2018-03-11 03:00:00 +01:00,2018-03-11 04:00:00 +01:00,1,1
AT,AT.0008.20.AQ,NET.09,STA.09.AKC,,SPO.09.AKC.5066.6001.1,SPP.09.AKC.5066.6001.1.11325,SAM.09.AKC.5066.6001.1,PM2.5,http://dd.eionet.europa.eu/vocabulary/aq/pollutant/6001,hour,33.5019988900,µg/m3,2018-03-11 05:00:00 +01:00,2018-03-11 06:00:00 +01:00,1,1
AT,AT.0008.20.AQ,NET.09,STA.09.AKC,,SPO.09.AKC.5066.6001.1,SPP.09.AKC.5066.6001.1.11325,SAM.09.AKC.5066.6001.1,PM2.5,http://dd.eionet.europa.eu/vocabulary/aq/pollutant/6001,hour,22.4614982500,µg/m3,2018-03-11 07:00:00 +01:00,2018-03-11 08:00:00 +01:00,1,1
AT,AT.0008.20.AQ,NET.09,STA.09.AKC,,SPO.09.AKC.5066.6001.1,SPP.09.AKC.5066.6001.1.11325,SAM.09.AKC.5066.6001.1,PM2.5,http://dd.eionet.europa.eu/vocabulary/aq/pollutant/6001,hour,20.2195014800,µg/m3,2018-03-11 11:00:00 +01:00,2018-03-11 12:00:00 +01:00,1,1
AT,AT.0008.20.AQ,NET.09,STA.09.AKC,,SPO.09.AKC.5066.6001.1,SPP.09.AKC.5066.6001.1.11325,SAM.09.AKC.5066.6001.1,PM2.5,http://dd.eionet.europa.eu/vocabulary/aq/pollutant/6001,hour,9.6947002300,µg/m3,2018-03-11 13:00:00 +01:00,2018-03-11 14:00:00 +01:00,1,1
AT,AT.0008.20.AQ,NET.09,STA.09.AKC,,SPO.09.AKC.5066.6001.1,SPP.09.AKC.5066.6001.1.11325,SAM.09.AKC.5066.6001.1,PM2.5,http://dd.eionet.europa.eu/vocabulary/aq/pollutant/6001,hour,3.4099998300,µg/m3,2018-03-11 17:00:00 +01:00,2018-03-11 18:00:00 +01:00,1,1
AT,AT.0008.20.AQ,NET.09,STA.09.AKC,,SPO.09.AKC.5066.6001.1,SPP.09.AKC.5066.6001.1.11325,SAM.09.AKC.5066.6001.1,PM2.5,http://dd.eionet.europa.eu/vocabulary/aq/pollutant/6001,hour,3.6413001900,µg/m3,2018-03-11 19:00:00 +01:00,2018-03-11 20:00:00 +01:00,1,1
AT,AT.0008.20.AQ,NET.09,STA.09.AKC,,SPO.09.AKC.5066.6001.1,SPP.09.AKC.5066.6001.1.11325,SAM.09.AKC.5066.6001.1,PM2.5,http://dd.eionet.europa.eu/vocabulary/aq/pollutant/6001,hour,3.7831001100,µg/m3,2018-03-11 21:00:00 +01:00,2018-03-11 22:00:00 +01:00,1,1
AT,AT.0008.20.AQ,NET.09,STA.09.AKC,,SPO.09.AKC.5066.6001.1,SPP.09.AKC.5066.6001.1.11325,SAM.09.AKC.5066.6001.1,PM2.5,http://dd.eionet.europa.eu/vocabulary/aq/pollutant/6001,hour,5.1279001100,µg/m3,2018-03-11 22:00:00 +01:00,2018-03-11 23:00:00 +01:00,1,1
AT,AT.0008.20.AQ,NET.09,STA.09.AKC,,SPO.09.AKC.5066.6001.1,SPP.09.AKC.5066.6001.1.11325,SAM.09.AKC.5066.6001.1,PM2.5,http://dd.eionet.europa.eu/vocabulary/aq/pollutant/6001,hour,6.4431500300,µg/m3,2018-03-11 23:00:00 +01:00,2018-03-12 00:00:00 +01:00,1,1
AT,AT.0008.20.AQ,NET.09,STA.09.AKC,,SPO.09.AKC.5066.6001.1,SPP.09.AKC.5066.6001.1.11325,SAM.09.AKC.5066.6001.1,PM2.5,http://dd.eionet.europa.eu/vocabulary/aq/pollutant/6001,hour,8.6792507000,µg/m3,2018-03-12 02:00:00 +01:00,2018-03-12 03:00:00 +01:00,1,1
AT,AT.0008.20.AQ,NET.09,STA.09.AKC,,SPO.09.AKC.5066.6001.1,SPP.09.AKC.5066.6001.1.11325,SAM.09.AKC.5066.6001.1,PM2.5,http://dd.eionet.europa.eu/vocabulary/aq/pollutant/6001,hour,8.3759002500,µg/m3,2018-03-12 03:00:00 +01:00,2018-03-12 04:00:00 +01:00,1,1
AT,AT.0008.20.AQ,NET.09,STA.09.AKC,,SPO.09.AKC.5066.6001.1,SPP.09.AKC.5066.6001.1.11325,SAM.09.AKC.5066.6001.1,PM2.5,http://dd.eionet.europa.eu/vocabulary/aq/pollutant/6001,hour,8.6495494700,µg/m3,2018-03-12 04:00:00 +01:00,2018-03-12 05:00:00 +01:00,1,1
AT,AT.0008.20.AQ,NET.09,STA.09.AKC,,SPO.09.AKC.5066.6001.1,SPP.09.AKC.5066.6001.1.11325,SAM.09.AKC.5066.6001.1,PM2.5,http://dd.eionet.europa.eu/vocabulary/aq/pollutant/6001,hour,8.1281499700,µg/m3,2018-03-12 05:00:00 +01:00,2018-03-12 06:00:00 +01:00,1,1
AT,AT.0008.20.AQ,NET.09,STA.09.AKC,,SPO.09.AKC.5066.6001.1,SPP.09.AKC.5066.6001.1.11325,SAM.09.AKC.5066.6001.1,PM2.5,http://dd.eionet.europa.eu/vocabulary/aq/pollutant/6001,hour,7.6949500900,µg/m3,2018-03-12 06:00:00 +01:00,2018-03-12 07:00:00 +01:00,1,1
AT,AT.0008.20.AQ,NET.09,STA.09.AKC,,SPO.09.AKC.5066.6001.1,SPP.09.AKC.5066.6001.1.11325,SAM.09.AKC.5066.6001.1,PM2.5,http://dd.eionet.europa.eu/vocabulary/aq/pollutant/6001,hour,9.4351005400,µg/m3,2018-03-12 08:00:00 +01:00,2018-03-12 09:00:00 +01:00,1,1
AT,AT.0008.20.AQ,NET.09,STA.09.AKC,,SPO.09.AKC.5066.6001.1,SPP.09.AKC.5066.6001.1.11325,SAM.09.AKC.5066.6001.1,PM2.5,http://dd.eionet.europa.eu/vocabulary/aq/pollutant/6001,hour,11.0394992700,µg/m3,2018-03-12 09:00:00 +01:00,2018-03-12 10:00:00 +01:00,1,1
AT,AT.0008.20.AQ,NET.09,STA.09.AKC,,SPO.09.AKC.5066.6001.1,SPP.09.AKC.5066.6001.1.11325,SAM.09.AKC.5066.6001.1,PM2.5,http://dd.eionet.europa.eu/vocabulary/aq/pollutant/6001,hour,7.3689498800,µg/m3,2018-03-12 10:00:00 +01:00,2018-03-12 11:00:00 +01:00,1,1
AT,AT.0008.20.AQ,NET.09,STA.09.AKC,,SPO.09.AKC.5066.6001.1,SPP.09.AKC.5066.6001.1.11325,SAM.09.AKC.5066.6001.1,PM2.5,http://dd.eionet.europa.eu/vocabulary/aq/pollutant/6001,hour,4.4934000800,µg/m3,2018-03-12 11:00:00 +01:00,2018-03-12 12:00:00 +01:00,1,1
AT,AT.0008.20.AQ,NET.09,STA.09.AKC,,SPO.09.AKC.5066.6001.1,SPP.09.AKC.5066.6001.1.11325,SAM.09.AKC.5066.6001.1,PM2.5,http://dd.eionet.europa.eu/vocabulary/aq/pollutant/6001,hour,3.0104498700,µg/m3,2018-03-12 12:00:00 +01:00,2018-03-12 13:00:00 +01:00,1,1
AT,AT.0008.20.AQ,NET.09,STA.09.AKC,,SPO.09.AKC.5066.6001.1,SPP.09.AKC.5066.6001.1.11325,SAM.09.AKC.5066.6001.1,PM2.5,http://dd.eionet.europa.eu/vocabulary/aq/pollutant/6001,hour,7.0240497400,µg/m3,2018-03-12 16:00:00 +01:00,2018-03-12 17:00:00 +01:00,1,1
AT,AT.0008.20.AQ,NET.09,STA.09.AKC,,SPO.09.AKC.5066.6001.1,SPP.09.AKC.5066.6001.1.11325,SAM.09.AKC.5066.6001.1,PM2.5,http://dd.eionet.europa.eu/vocabulary/aq/pollutant/6001,hour,4.7624997900,µg/m3,2018-03-12 17:00:00 +01:00,2018-03-12 18:00:00 +01:00,1,1
AT,AT.0008.20.AQ,NET.09,STA.09.AKC,,SPO.09.AKC.5066.6001.1,SPP.09.AKC.5066.6001.1.11325,SAM.09.AKC.5066.6001.1,PM2.5,http://dd.eionet.europa.eu/vocabulary/aq/pollutant/6001,hour,5.2903003500,µg/m3,2018-03-12 18:00:00 +01:00,2018-03-12 19:00:00 +01:00,1,1
AT,AT.0008.20.AQ,NET.09,STA.09.AKC,,SPO.09.AKC.5066.6001.1,SPP.09.AKC.5066.6001.1.11325,SAM.09.AKC.5066.6001.1,PM2.5,http://dd.eionet.europa.eu/vocabulary/aq/pollutant/6001,hour,6.4071502500,µg/m3,2018-03-12 20:00:00 +01:00,2018-03-12 21:00:00 +01:00,1,1
AT,AT.0008.20.AQ,NET.09,STA.09.AKC,,SPO.09.AKC.5066.6001.1,SPP.09.AKC.5066.6001.1.11325,SAM.09.AKC.5066.6001.1,PM2.5,http://dd.eionet.europa.eu/vocabulary/aq/pollutant/6001,hour,7.5056505100,µg/m3,2018-03-12 22:00:00 +01:00,2018-03-12 23:00:00 +01:00,1,1
AT,AT.0008.20.AQ,NET.09,STA.09.AKC,,SPO.09.AKC.5066.6001.1,SPP.09.AKC.5066.6001.1.11325,SAM.09.AKC.5066.6001.1,PM2.5,http://dd.eionet.europa.eu/vocabulary/aq/pollutant/6001,hour,6.1993498700,µg/m3,2018-03-12 23:00:00 +01:00,2018-03-13 00:00:00 +01:00,1,1
AT,AT.0008.20.AQ,NET.09,STA.09.AKC,,SPO.09.AKC.5066.6001.1,SPP.09.AKC.5066.6001.1.11325,SAM.09.AKC.5066.6001.1,PM2.5,http://dd.eionet.europa.eu/vocabulary/aq/pollutant/6001,hour,2.3478498300,µg/m3,2018-03-13 02:00:00 +01:00,2018-03-13 03:00:00 +01:00,1,1
AT,AT.0008.20.AQ,NET.09,STA.09.AKC,,SPO.09.AKC.5066.6001.1,SPP.09.AKC.5066.6001.1.11325,SAM.09.AKC.5066.6001.1,PM2.5,http://dd.eionet.europa.eu/vocabulary/aq/pollutant/6001,hour,2.2313499300,µg/m3,2018-03-13 04:00:00 +01:00,2018-03-13 05:00:00 +01:00,1,1
AT,AT.0008.20.AQ,NET.09,STA.09.AKC,,SPO.09.AKC.5066.6001.1,SPP.09.AKC.5066.6001.1.11325,SAM.09.AKC.5066.6001.1,PM2.5,http://dd.eionet.europa.eu/vocabulary/aq/pollutant/6001,hour,2.5022001100,µg/m3,2018-03-13 05:00:00 +01:00,2018-03-13 06:00:00 +01:00,1,1
AT,AT.0008.20.AQ,NET.09,STA.09.AKC,,SPO.09.AKC.5066.6001.1,SPP.09.AKC.5066.6001.1.11325,SAM.09.AKC.5066.6001.1,PM2.5,http://dd.eionet.europa.eu/vocabulary/aq/pollutant/6001,hour,3.3666999200,µg/m3,2018-03-13 06:00:00 +01:00,2018-03-13 07:00:00 +01:00,1,1
AT,AT.0008.20.AQ,NET.09,STA.09.AKC,,SPO.09.AKC.5066.6001.1,SPP.09.AKC.5066.6001.1.11325,SAM.09.AKC.5066.6001.1,PM2.5,http://dd.eionet.europa.eu/vocabulary/aq/pollutant/6001,hour,3.4362501900,µg/m3,2018-03-13 09:00:00 +01:00,2018-03-13 10:00:00 +01:00,1,1
AT,AT.0008.20.AQ,NET.09,STA.09.AKC,,SPO.09.AKC.5066.6001.1,SPP.09.AKC.5066.6001.1.11325,SAM.09.AKC.5066.6001.1,PM2.5,http://dd.eionet.europa.eu/vocabulary/aq/pollutant/6001,hour,3.9538001900,µg/m3,2018-03-13 10:00:00 +01:00,2018-03-13 11:00:00 +01:00,1,1
AT,AT.0008.20.AQ,NET.09,STA.09.AKC,,SPO.09.AKC.5066.6001.1,SPP.09.AKC.5066.6001.1.11325,SAM.09.AKC.5066.6001.1,PM2.5,http://dd.eionet.europa.eu/vocabulary/aq/pollutant/6001,hour,5.7133998700,µg/m3,2018-03-13 19:00:00 +01:00,2018-03-13 20:00:00 +01:00,1,1
AT,AT.0008.20.AQ,NET.09,STA.09.AKC,,SPO.09.AKC.5066.6001.1,SPP.09.AKC.5066.6001.1.11325,SAM.09.AKC.5066.6001.1,PM2.5,http://dd.eionet.europa.eu/vocabulary/aq/pollutant/6001,hour,2.7094499900,µg/m3,2018-03-13 23:00:00 +01:00,2018-03-14 00:00:00 +01:00,1,1
AT,AT.0008.20.AQ,NET.09,STA.09.AKC,,SPO.09.AKC.5066.6001.1,SPP.09.AKC.5066.6001.1.11325,SAM.09.AKC.5066.6001.1,PM2.5,http://dd.eionet.europa.eu/vocabulary/aq/pollutant/6001,hour,3.6139500000,µg/m3,2018-03-14 03:00:00 +01:00,2018-03-14 04:00:00 +01:00,1,1
AT,AT.0008.20.AQ,NET.09,STA.09.AKC,,SPO.09.AKC.5066.6001.1,SPP.09.AKC.5066.6001.1.11325,SAM.09.AKC.5066.6001.1,PM2.5,http://dd.eionet.europa.eu/vocabulary/aq/pollutant/6001,hour,4.9493503400,µg/m3,2018-03-14 04:00:00 +01:00,2018-03-14 05:00:00 +01:00,1,1
AT,AT.0008.20.AQ,NET.09,STA.09.AKC,,SPO.09.AKC.5066.6001.1,SPP.09.AKC.5066.6001.1.11325,SAM.09.AKC.5066.6001.1,PM2.5,http://dd.eionet.europa.eu/vocabulary/aq/pollutant/6001,hour,4.6804504200,µg/m3,2018-03-14 05:00:00 +01:00,2018-03-14 06:00:00 +01:00,1,1
AT,AT.0008.20.AQ,NET.09,STA.09.AKC,,SPO.09.AKC.5066.6001.1,SPP.09.AKC.5066.6001.1.11325,SAM.09.AKC.5066.6001.1,PM2.5,http://dd.eionet.europa.eu/vocabulary/aq/pollutant/6001,hour,7.9220495100,µg/m3,2018-03-14 07:00:00 +01:00,2018-03-14 08:00:00 +01:00,1,1
AT,AT.0008.20.AQ,NET.09,STA.09.AKC,,SPO.09.AKC.5066.6001.1,SPP.09.AKC.5066.6001.1.11325,SAM.09.AKC.5066.6001.1,PM2.5,http://dd.eionet.europa.eu/vocabulary/aq/pollutant/6001,hour,6.8946499700,µg/m3,2018-03-14 09:00:00 +01:00,2018-03-14 10:00:00 +01:00,1,1
AT,AT.0008.20.AQ,NET.09,STA.09.AKC,,SPO.09.AKC.5066.6001.1,SPP.09.AKC.5066.6001.1.11325,SAM.09.AKC.5066.6001.1,PM2.5,http://dd.eionet.europa.eu/vocabulary/aq/pollutant/6001,hour,8.2642993800,µg/m3,2018-03-14 13:00:00 +01:00,2018-03-14 14:00:00 +01:00,1,1
AT,AT.0008.20.AQ,NET.09,STA.09.AKC,,SPO.09.AKC.5066.6001.1,SPP.09.AKC.5066.6001.1.11325,SAM.09.AKC.5066.6001.1,PM2.5,http://dd.eionet.europa.eu/vocabulary/aq/pollutant/6001,hour,6.9780998100,µg/m3,2018-03-14 14:00:00 +01:00,2018-03-14 15:00:00 +01:00,1,1
AT,AT.0008.20.AQ,NET.09,STA.09.AKC,,SPO.09.AKC.5066.6001.1,SPP.09.AKC.5066.6001.1.11325,SAM.09.AKC.5066.6001.1,PM2.5,http://dd.eionet.europa.eu/vocabulary/aq/pollutant/6001,hour,5.9454998800,µg/m3,2018-03-14 16:00:00 +01:00,2018-03-14 17:00:00 +01:00,1,1
AT,AT.0008.20.AQ,NET.09,STA.09.AKC,,SPO.09.AKC.5066.6001.1,SPP.09.AKC.5066.6001.1.11325,SAM.09.AKC.5066.6001.1,PM2.5,http://dd.eionet.europa.eu/vocabulary/aq/pollutant/6001,hour,4.6500997400,µg/m3,2018-03-14 20:00:00 +01:00,2018-03-14 21:00:00 +01:00,1,1
AT,AT.0008.20.AQ,NET.09,STA.09.AKC,,SPO.09.AKC.5066.6001.1,SPP.09.AKC.5066.6001.1.11325,SAM.09.AKC.5066.6001.1,PM2.5,http://dd.eionet.europa.eu/vocabulary/aq/pollutant/6001,hour,10.9270000300,µg/m3,2018-03-14 22:00:00 +01:00,2018-03-14 23:00:00 +01:00,1,1
AT,AT.0008.20.AQ,NET.09,STA.09.AKC,,SPO.09.AKC.5066.6001.1,SPP.09.AKC.5066.6001.1.11325,SAM.09.AKC.5066.6001.1,PM2.5,http://dd.eionet.europa.eu/vocabulary/aq/pollutant/6001,hour,17.8285007300,µg/m3,2018-03-15 06:00:00 +01:00,2018-03-15 07:00:00 +01:00,1,1
AT,AT.0008.20.AQ,NET.09,STA.09.AKC,,SPO.09.AKC.5066.6001.1,SPP.09.AKC.5066.6001.1.11325,SAM.09.AKC.5066.6001.1,PM2.5,http://dd.eionet.europa.eu/vocabulary/aq/pollutant/6001,hour,19.0655002400,µg/m3,2018-03-15 08:00:00 +01:00,2018-03-15 09:00:00 +01:00,1,1
AT,AT.0008.20.AQ,NET.09,STA.09.AKC,,SPO.09.AKC.5066.6001.1,SPP.09.AKC.5066.6001.1.11325,SAM.09.AKC.5066.6001.1,PM2.5,http://dd.eionet.europa.eu/vocabulary/aq/pollutant/6001,hour,18.5639991600,µg/m3,2018-03-15 09:00:00 +01:00,2018-03-15 10:00:00 +01:00,1,1
AT,AT.0008.20.AQ,NET.09,STA.09.AKC,,SPO.09.AKC.5066.6001.1,SPP.09.AKC.5066.6001.1.11325,SAM.09.AKC.5066.6001.1,PM2.5,http://dd.eionet.europa.eu/vocabulary/aq/pollutant/6001,hour,16.4939994700,µg/m3,2018-03-15 14:00:00 +01:00,2018-03-15 15:00:00 +01:00,1,1
AT,AT.0008.20.AQ,NET.09,STA.09.AKC,,SPO.09.AKC.5066.6001.1,SPP.09.AKC.5066.6001.1.11325,SAM.09.AKC.5066.6001.1,PM2.5,http://dd.eionet.europa.eu/vocabulary/aq/pollutant/6001,hour,17.4729995600,µg/m3,2018-03-15 22:00:00 +01:00,2018-03-15 23:00:00 +01:00,1,1
AT,AT.0008.20.AQ,NET.09,STA.09.AKC,,SPO.09.AKC.5066.6001.1,SPP.09.AKC.5066.6001.1.11325,SAM.09.AKC.5066.6001.1,PM2.5,http://dd.eionet.europa.eu/vocabulary/aq/pollutant/6001,hour,5.0987000300,µg/m3,2018-03-16 01:00:00 +01:00,2018-03-16 02:00:00 +01:00,1,1
AT,AT.0008.20.AQ,NET.09,STA.09.AKC,,SPO.09.AKC.5066.6001.1,SPP.09.AKC.5066.6001.1.11325,SAM.09.AKC.5066.6001.1,PM2.5,http://dd.eionet.europa.eu/vocabulary/aq/pollutant/6001,hour,4.9382495700,µg/m3,2018-03-16 03:00:00 +01:00,2018-03-16 04:00:00 +01:00,1,1
AT,AT.0008.20.AQ,NET.09,STA.09.AKC,,SPO.09.AKC.5066.6001.1,SPP.09.AKC.5066.6001.1.11325,SAM.09.AKC.5066.6001.1,PM2.5,http://dd.eionet.europa.eu/vocabulary/aq/pollutant/6001,hour,4.4993495800,µg/m3,2018-03-16 04:00:00 +01:00,2018-03-16 05:00:00 +01:00,1,1
AT,AT.0008.20.AQ,NET.09,STA.09.AKC,,SPO.09.AKC.5066.6001.1,SPP.09.AKC.5066.6001.1.11325,SAM.09.AKC.5066.6001.1,PM2.5,http://dd.eionet.europa.eu/vocabulary/aq/pollutant/6001,hour,5.0999498200,µg/m3,2018-03-16 05:00:00 +01:00,2018-03-16 06:00:00 +01:00,1,1
AT,AT.0008.20.AQ,NET.09,STA.09.AKC,,SPO.09.AKC.5066.6001.1,SPP.09.AKC.5066.6001.1.11325,SAM.09.AKC.5066.6001.1,PM2.5,http://dd.eionet.europa.eu/vocabulary/aq/pollutant/6001,hour,14.5854997500,µg/m3,2018-03-17 03:00:00 +01:00,2018-03-17 04:00:00 +01:00,1,1
AT,AT.0008.20.AQ,NET.09,STA.09.AKC,,SPO.09.AKC.5066.6001.1,SPP.09.AKC.5066.6001.1.11325,SAM.09.AKC.5066.6001.1,PM2.5,http://dd.eionet.europa.eu/vocabulary/aq/pollutant/6001,hour,22.0174999100,µg/m3,2018-03-17 05:00:00 +01:00,2018-03-17 06:00:00 +01:00,1,1
AT,AT.0008.20.AQ,NET.09,STA.09.AKC,,SPO.09.AKC.5066.6001.1,SPP.09.AKC.5066.6001.1.11325,SAM.09.AKC.5066.6001.1,PM2.5,http://dd.eionet.europa.eu/vocabulary/aq/pollutant/6001,hour,23.5600013600,µg/m3,2018-03-17 07:00:00 +01:00,2018-03-17 08:00:00 +01:00,1,1
AT,AT.0008.20.AQ,NET.09,STA.09.AKC,,SPO.09.AKC.5066.6001.1,SPP.09.AKC.5066.6001.1.11325,SAM.09.AKC.5066.6001.1,PM2.5,http://dd.eionet.europa.eu/vocabulary/aq/pollutant/6001,hour,27.2465000000,µg/m3,2018-03-17 08:00:00 +01:00,2018-03-17 09:00:00 +01:00,1,1
AT,AT.0008.20.AQ,NET.09,STA.09.AKC,,SPO.09.AKC.5066.6001.1,SPP.09.AKC.5066.6001.1.11325,SAM.09.AKC.5066.6001.1,PM2.5,http://dd.eionet.europa.eu/vocabulary/aq/pollutant/6001,hour,28.3180007800,µg/m3,2018-03-17 11:00:00 +01:00,2018-03-17 12:00:00 +01:00,1,1
AT,AT.0008.20.AQ,NET.09,STA.09.AKC,,SPO.09.AKC.5066.6001.1,SPP.09.AKC.5066.6001.1.11325,SAM.09.AKC.5066.6001.1,PM2.5,http://dd.eionet.europa.eu/vocabulary/aq/pollutant/6001,hour,18.5144996500,µg/m3,2018-03-17 23:00:00 +01:00,2018-03-18 00:00:00 +01:00,1,1
AT,AT.0008.20.AQ,NET.09,STA.09.AKC,,SPO.09.AKC.5066.6001.1,SPP.09.AKC.5066.6001.1.11325,SAM.09.AKC.5066.6001.1,PM2.5,http://dd.eionet.europa.eu/vocabulary/aq/pollutant/6001,hour,14.4739999600,µg/m3,2018-03-18 03:00:00 +01:00,2018-03-18 04:00:00 +01:00,1,1
AT,AT.0008.20.AQ,NET.09,STA.09.AKC,,SPO.09.AKC.5066.6001.1,SPP.09.AKC.5066.6001.1.11325,SAM.09.AKC.5066.6001.1,PM2.5,http://dd.eionet.europa.eu/vocabulary/aq/pollutant/6001,hour,14.3304996300,µg/m3,2018-03-18 06:00:00 +01:00,2018-03-18 07:00:00 +01:00,1,1
AT,AT.0008.20.AQ,NET.09,STA.09.AKC,,SPO.09.AKC.5066.6001.1,SPP.09.AKC.5066.6001.1.11325,SAM.09.AKC.5066.6001.1,PM2.5,http://dd.eionet.europa.eu/vocabulary/aq/pollutant/6001,hour,13.3055000200,µg/m3,2018-03-18 10:00:00 +01:00,2018-03-18 11:00:00 +01:00,1,1
AT,AT.0008.20.AQ,NET.09,STA.09.AKC,,SPO.09.AKC.5066.6001.1,SPP.09.AKC.5066.6001.1.11325,SAM.09.AKC.5066.6001.1,PM2.5,http://dd.eionet.europa.eu/vocabulary/aq/pollutant/6001,hour,15.1754999000,µg/m3,2018-03-18 14:00:00 +01:00,2018-03-18 15:00:00 +01:00,1,1
AT,AT.0008.20.AQ,NET.09,STA.09.AKC,,SPO.09.AKC.5066.6001.1,SPP.09.AKC.5066.6001.1.11325,SAM.09.AKC.5066.6001.1,PM2.5,http://dd.eionet.europa.eu/vocabulary/aq/pollutant/6001,hour,16.2420005600,µg/m3,2018-03-18 18:00:00 +01:00,2018-03-18 19:00:00 +01:00,1,1
AT,AT.0008.20.AQ,NET.09,STA.09.AKC,,SPO.09.AKC.5066.6001.1,SPP.09.AKC.5066.6001.1.11325,SAM.09.AKC.5066.6001.1,PM2.5,http://dd.eionet.europa.eu/vocabulary/aq/pollutant/6001,hour,15.9560003100,µg/m3,2018-03-18 19:00:00 +01:00,2018-03-18 20:00:00 +01:00,1,1
AT,AT.0008.20.AQ,NET.09,STA.09.AKC,,SPO.09.AKC.5066.6001.1,SPP.09.AKC.5066.6001.1.11325,SAM.09.AKC.5066.6001.1,PM2.5,http://dd.eionet.europa.eu/vocabulary/aq/pollutant/6001,hour,15.4114999600,µg/m3,2018-03-18 20:00:00 +01:00,2018-03-18 21:00:00 +01:00,1,1
AT,AT.0008.20.AQ,NET.09,STA.09.AKC,,SPO.09.AKC.5066.6001.1,SPP.09.AKC.5066.6001.1.11325,SAM.09.AKC.5066.6001.1,PM2.5,http://dd.eionet.europa.eu/vocabulary/aq/pollutant/6001,hour,14.8010005800,µg/m3,2018-03-18 23:00:00 +01:00,2018-03-19 00:00:00 +01:00,1,1
AT,AT.0008.20.AQ,NET.09,STA.09.AKC,,SPO.09.AKC.5066.6001.1,SPP.09.AKC.5066.6001.1.11325,SAM.09.AKC.5066.6001.1,PM2.5,http://dd.eionet.europa.eu/vocabulary/aq/pollutant/6001,hour,14.2724990700,µg/m3,2018-03-19 00:00:00 +01:00,2018-03-19 01:00:00 +01:00,1,1
AT,AT.0008.20.AQ,NET.09,STA.09.AKC,,SPO.09.AKC.5066.6001.1,SPP.09.AKC.5066.6001.1.11325,SAM.09.AKC.5066.6001.1,PM2.5,http://dd.eionet.europa.eu/vocabulary/aq/pollutant/6001,hour,14.8635005800,µg/m3,2018-03-19 02:00:00 +01:00,2018-03-19 03:00:00 +01:00,1,1
AT,AT.0008.20.AQ,NET.09,STA.09.AKC,,SPO.09.AKC.5066.6001.1,SPP.09.AKC.5066.6001.1.11325,SAM.09.AKC.5066.6001.1,PM2.5,http://dd.eionet.europa.eu/vocabulary/aq/pollutant/6001,hour,15.3645000300,µg/m3,2018-03-19 03:00:00 +01:00,2018-03-19 04:00:00 +01:00,1,1
AT,AT.0008.20.AQ,NET.09,STA.09.AKC,,SPO.09.AKC.5066.6001.1,SPP.09.AKC.5066.6001.1.11325,SAM.09.AKC.5066.6001.1,PM2.5,http://dd.eionet.europa.eu/vocabulary/aq/pollutant/6001,hour,18.9729995600,µg/m3,2018-03-19 08:00:00 +01:00,2018-03-19 09:00:00 +01:00,1,1
AT,AT.0008.20.AQ,NET.09,STA.09.AKC,,SPO.09.AKC.5066.6001.1,SPP.09.AKC.5066.6001.1.11325,SAM.09.AKC.5066.6001.1,PM2.5,http://dd.eionet.europa.eu/vocabulary/aq/pollutant/6001,hour,19.2110004300,µg/m3,2018-03-19 09:00:00 +01:00,2018-03-19 10:00:00 +01:00,1,1
AT,AT.0008.20.AQ,NET.09,STA.09.AKC,,SPO.09.AKC.5066.6001.1,SPP.09.AKC.5066.6001.1.11325,SAM.09.AKC.5066.6001.1,PM2.5,http://dd.eionet.europa.eu/vocabulary/aq/pollutant/6001,hour,18.5384998200,µg/m3,2018-03-19 11:00:00 +01:00,2018-03-19 12:00:00 +01:00,1,1
AT,AT.0008.20.AQ,NET.09,STA.09.AKC,,SPO.09.AKC.5066.6001.1,SPP.09.AKC.5066.6001.1.11325,SAM.09.AKC.5066.6001.1,PM2.5,http://dd.eionet.europa.eu/vocabulary/aq/pollutant/6001,hour,23.5960006600,µg/m3,2018-03-19 15:00:00 +01:00,2018-03-19 16:00:00 +01:00,1,1
AT,AT.0008.20.AQ,NET.09,STA.09.AKC,,SPO.09.AKC.5066.6001.1,SPP.09.AKC.5066.6001.1.11325,SAM.09.AKC.5066.6001.1,PM2.5,http://dd.eionet.europa.eu/vocabulary/aq/pollutant/6001,hour,23.2304992500,µg/m3,2018-03-19 16:00:00 +01:00,2018-03-19 17:00:00 +01:00,1,1
AT,AT.0008.20.AQ,NET.09,STA.09.AKC,,SPO.09.AKC.5066.6001.1,SPP.09.AKC.5066.6001.1.11325,SAM.09.AKC.5066.6001.1,PM2.5,http://dd.eionet.europa.eu/vocabulary/aq/pollutant/6001,hour,24.4804992500,µg/m3,2018-03-19 17:00:00 +01:00,2018-03-19 18:00:00 +01:00,1,1
AT,AT.0008.20.AQ,NET.09,STA.09.AKC,,SPO.09.AKC.5066.6001.1,SPP.09.AKC.5066.6001.1.11325,SAM.09.AKC.5066.6001.1,PM2.5,http://dd.eionet.europa.eu/vocabulary/aq/pollutant/6001,hour,25.0979995600,µg/m3,2018-03-19 21:00:00 +01:00,2018-03-19 22:00:00 +01:00,1,1
AT,AT.0008.20.AQ,NET.09,STA.09.AKC,,SPO.09.AKC.5066.6001.1,SPP.09.AKC.5066.6001.1.11325,SAM.09.AKC.5066.6001.1,PM2.5,http://dd.eionet.europa.eu/vocabulary/aq/pollutant/6001,hour,26.9519996500,µg/m3,2018-03-19 23:00:00 +01:00,2018-03-20 00:00:00 +01:00,1,1
AT,AT.0008.20.AQ,NET.09,STA.09.AKC,,SPO.09.AKC.5066.6001.1,SPP.09.AKC.5066.6001.1.11325,SAM.09.AKC.5066.6001.1,PM2.5,http://dd.eionet.europa.eu/vocabulary/aq/pollutant/6001,hour,25.6720008700,µg/m3,2018-03-20 03:00:00 +01:00,2018-03-20 04:00:00 +01:00,1,1
AT,AT.0008.20.AQ,NET.09,STA.09.AKC,,SPO.09.AKC.5066.6001.1,SPP.09.AKC.5066.6001.1.11325,SAM.09.AKC.5066.6001.1,PM2.5,http://dd.eionet.europa.eu/vocabulary/aq/pollutant/6001,hour,30.6264991600,µg/m3,2018-03-20 06:00:00 +01:00,2018-03-20 07:00:00 +01:00,1,1
AT,AT.0008.20.AQ,NET.09,STA.09.AKC,,SPO.09.AKC.5066.6001.1,SPP.09.AKC.5066.6001.1.11325,SAM.09.AKC.5066.6001.1,PM2.5,http://dd.eionet.europa.eu/vocabulary/aq/pollutant/6001,hour,29.6499996000,µg/m3,2018-03-20 09:00:00 +01:00,2018-03-20 10:00:00 +01:00,1,1
AT,AT.0008.20.AQ,NET.09,STA.09.AKC,,SPO.09.AKC.5066.6001.1,SPP.09.AKC.5066.6001.1.11325,SAM.09.AKC.5066.6001.1,PM2.5,http://dd.eionet.europa.eu/vocabulary/aq/pollutant/6001,hour,21.2895011800,µg/m3,2018-03-20 12:00:00 +01:00,2018-03-20 13:00:00 +01:00,1,1
AT,AT.0008.20.AQ,NET.09,STA.09.AKC,,SPO.09.AKC.5066.6001.1,SPP.09.AKC.5066.6001.1.11325,SAM.09.AKC.5066.6001.1,PM2.5,http://dd.eionet.europa.eu/vocabulary/aq/pollutant/6001,hour,20.4270000300,µg/m3,2018-03-21 01:00:00 +01:00,2018-03-21 02:00:00 +01:00,1,1
AT,AT.0008.20.AQ,NET.09,STA.09.AKC,,SPO.09.AKC.5066.6001.1,SPP.09.AKC.5066.6001.1.11325,SAM.09.AKC.5066.6001.1,PM2.5,http://dd.eionet.europa.eu/vocabulary/aq/pollutant/6001,hour,19.6964988600,µg/m3,2018-03-21 02:00:00 +01:00,2018-03-21 03:00:00 +01:00,1,1
AT,AT.0008.20.AQ,NET.09,STA.09.AKC,,SPO.09.AKC.5066.6001.1,SPP.09.AKC.5066.6001.1.11325,SAM.09.AKC.5066.6001.1,PM2.5,http://dd.eionet.europa.eu/vocabulary/aq/pollutant/6001,hour,24.7135009600,µg/m3,2018-03-21 05:00:00 +01:00,2018-03-21 06:00:00 +01:00,1,1
AT,AT.0008.20.AQ,NET.09,STA.09.AKC,,SPO.09.AKC.5066.6001.1,SPP.09.AKC.5066.6001.1.11325,SAM.09.AKC.5066.6001.1,PM2.5,http://dd.eionet.europa.eu/vocabulary/aq/pollutant/6001,hour,28.0849990700,µg/m3,2018-03-21 06:00:00 +01:00,2018-03-21 07:00:00 +01:00,1,1
AT,AT.0008.20.AQ,NET.09,STA.09.AKC,,SPO.09.AKC.5066.6001.1,SPP.09.AKC.5066.6001.1.11325,SAM.09.AKC.5066.6001.1,PM2.5,http://dd.eionet.europa.eu/vocabulary/aq/pollutant/6001,hour,15.1485004300,µg/m3,2018-03-22 01:00:00 +01:00,2018-03-22 02:00:00 +01:00,1,1
AT,AT.0008.20.AQ,NET.09,STA.09.AKC,,SPO.09.AKC.5066.6001.1,SPP.09.AKC.5066.6001.1.11325,SAM.09.AKC.5066.6001.1,PM2.5,http://dd.eionet.europa.eu/vocabulary/aq/pollutant/6001,hour,21.7420005600,µg/m3,2018-03-22 06:00:00 +01:00,2018-03-22 07:00:00 +01:00,1,1
AT,AT.0008.20.AQ,NET.09,STA.09.AKC,,SPO.09.AKC.5066.6001.1,SPP.09.AKC.5066.6001.1.11325,SAM.09.AKC.5066.6001.1,PM2.5,http://dd.eionet.europa.eu/vocabulary/aq/pollutant/6001,hour,19.0735015700,µg/m3,2018-03-22 07:00:00 +01:00,2018-03-22 08:00:00 +01:00,1,1
AT,AT.0008.20.AQ,NET.09,STA.09.AKC,,SPO.09.AKC.5066.6001.1,SPP.09.AKC.5066.6001.1.11325,SAM.09.AKC.5066.6001.1,PM2.5,http://dd.eionet.europa.eu/vocabulary/aq/pollutant/6001,hour,18.5044994200,µg/m3,2018-03-22 11:00:00 +01:00,2018-03-22 12:00:00 +01:00,1,1
AT,AT.0008.20.AQ,NET.09,STA.09.AKC,,SPO.09.AKC.5066.6001.1,SPP.09.AKC.5066.6001.1.11325,SAM.09.AKC.5066.6001.1,PM2.5,http://dd.eionet.europa.eu/vocabulary/aq/pollutant/6001,hour,9.0790996400,µg/m3,2018-03-22 17:00:00 +01:00,2018-03-22 18:00:00 +01:00,1,1
AT,AT.0008.20.AQ,NET.09,STA.09.AKC,,SPO.09.AKC.5066.6001.1,SPP.09.AKC.5066.6001.1.11325,SAM.09.AKC.5066.6001.1,PM2.5,http://dd.eionet.europa.eu/vocabulary/aq/pollutant/6001,hour,21.4405002400,µg/m3,2018-03-22 22:00:00 +01:00,2018-03-22 23:00:00 +01:00,1,1
AT,AT.0008.20.AQ,NET.09,STA.09.AKC,,SPO.09.AKC.5066.6001.1,SPP.09.AKC.5066.6001.1.11325,SAM.09.AKC.5066.6001.1,PM2.5,http://dd.eionet.europa.eu/vocabulary/aq/pollutant/6001,hour,22.8139991600,µg/m3,2018-03-23 04:00:00 +01:00,2018-03-23 05:00:00 +01:00,1,1
AT,AT.0008.20.AQ,NET.09,STA.09.AKC,,SPO.09.AKC.5066.6001.1,SPP.09.AKC.5066.6001.1.11325,SAM.09.AKC.5066.6001.1,PM2.5,http://dd.eionet.europa.eu/vocabulary/aq/pollutant/6001,hour,25.4729995600,µg/m3,2018-03-23 06:00:00 +01:00,2018-03-23 07:00:00 +01:00,1,1
AT,AT.0008.20.AQ,NET.09,STA.09.AKC,,SPO.09.AKC.5066.6001.1,SPP.09.AKC.5066.6001.1.11325,SAM.09.AKC.5066.6001.1,PM2.5,http://dd.eionet.europa.eu/vocabulary/aq/pollutant/6001,hour,23.3020000300,µg/m3,2018-03-23 08:00:00 +01:00,2018-03-23 09:00:00 +01:00,1,1
AT,AT.0008.20.AQ,NET.09,STA.09.AKC,,SPO.09.AKC.5066.6001.1,SPP.09.AKC.5066.6001.1.11325,SAM.09.AKC.5066.6001.1,PM2.5,http://dd.eionet.europa.eu/vocabulary/aq/pollutant/6001,hour,24.0249996000,µg/m3,2018-03-23 11:00:00 +01:00,2018-03-23 12:00:00 +01:00,1,1
AT,AT.0008.20.AQ,NET.09,STA.09.AKC,,SPO.09.AKC.5066.6001.1,SPP.09.AKC.5066.6001.1.11325,SAM.09.AKC.5066.6001.1,PM2.5,http://dd.eionet.europa.eu/vocabulary/aq/pollutant/6001,hour,21.7600002100,µg/m3,2018-03-23 13:00:00 +01:00,2018-03-23 14:00:00 +01:00,1,1
AT,AT.0008.20.AQ,NET.09,STA.09.AKC,,SPO.09.AKC.5066.6001.1,SPP.09.AKC.5066.6001.1.11325,SAM.09.AKC.5066.6001.1,PM2.5,http://dd.eionet.europa.eu/vocabulary/aq/pollutant/6001,hour,21.6759986700,µg/m3,2018-03-23 22:00:00 +01:00,2018-03-23 23:00:00 +01:00,1,1
AT,AT.0008.20.AQ,NET.09,STA.09.AKC,,SPO.09.AKC.5066.6001.1,SPP.09.AKC.5066.6001.1.11325,SAM.09.AKC.5066.6001.1,PM2.5,http://dd.eionet.europa.eu/vocabulary/aq/pollutant/6001,hour,35.9759979100,µg/m3,2018-03-24 04:00:00 +01:00,2018-03-24 05:00:00 +01:00,1,1
AT,AT.0008.20.AQ,NET.09,STA.09.AKC,,SPO.09.AKC.5066.6001.1,SPP.09.AKC.5066.6001.1.11325,SAM.09.AKC.5066.6001.1,PM2.5,http://dd.eionet.europa.eu/vocabulary/aq/pollutant/6001,hour,26.7080001700,µg/m3,2018-03-24 11:00:00 +01:00,2018-03-24 12:00:00 +01:00,1,1
AT,AT.0008.20.AQ,NET.09,STA.09.AKC,,SPO.09.AKC.5066.6001.1,SPP.09.AKC.5066.6001.1.11325,SAM.09.AKC.5066.6001.1,PM2.5,http://dd.eionet.europa.eu/vocabulary/aq/pollutant/6001,hour,23.6900005200,µg/m3,2018-03-24 18:00:00 +01:00,2018-03-24 19:00:00 +01:00,1,1
AT,AT.0008.20.AQ,NET.09,STA.09.AKC,,SPO.09.AKC.5066.6001.1,SPP.09.AKC.5066.6001.1.11325,SAM.09.AKC.5066.6001.1,PM2.5,http://dd.eionet.europa.eu/vocabulary/aq/pollutant/6001,hour,20.2895011800,µg/m3,2018-03-24 20:00:00 +01:00,2018-03-24 21:00:00 +01:00,1,1
AT,AT.0008.20.AQ,NET.09,STA.09.AKC,,SPO.09.AKC.5066.6001.1,SPP.09.AKC.5066.6001.1.11325,SAM.09.AKC.5066.6001.1,PM2.5,http://dd.eionet.europa.eu/vocabulary/aq/pollutant/6001,hour,24.3850002100,µg/m3,2018-03-24 22:00:00 +01:00,2018-03-24 23:00:00 +01:00,1,1
AT,AT.0008.20.AQ,NET.09,STA.09.AKC,,SPO.09.AKC.5066.6001.1,SPP.09.AKC.5066.6001.1.11325,SAM.09.AKC.5066.6001.1,PM2.5,http://dd.eionet.europa.eu/vocabulary/aq/pollutant/6001,hour,24.3154983400,µg/m3,2018-03-24 23:00:00 +01:00,2018-03-25 00:00:00 +01:00,1,1
AT,AT.0008.20.AQ,NET.09,STA.09.AKC,,SPO.09.AKC.5066.6001.1,SPP.09.AKC.5066.6001.1.11325,SAM.09.AKC.5066.6001.1,PM2.5,http://dd.eionet.europa.eu/vocabulary/aq/pollutant/6001,hour,23.8880004700,µg/m3,2018-03-25 02:00:00 +01:00,2018-03-25 03:00:00 +01:00,1,1
AT,AT.0008.20.AQ,NET.09,STA.09.AKC,,SPO.09.AKC.5066.6001.1,SPP.09.AKC.5066.6001.1.11325,SAM.09.AKC.5066.6001.1,PM2.5,http://dd.eionet.europa.eu/vocabulary/aq/pollutant/6001,hour,29.9830016900,µg/m3,2018-03-25 05:00:00 +01:00,2018-03-25 06:00:00 +01:00,1,1
AT,AT.0008.20.AQ,NET.09,STA.09.AKC,,SPO.09.AKC.5066.6001.1,SPP.09.AKC.5066.6001.1.11325,SAM.09.AKC.5066.6001.1,PM2.5,http://dd.eionet.europa.eu/vocabulary/aq/pollutant/6001,hour,32.8149986100,µg/m3,2018-03-25 06:00:00 +01:00,2018-03-25 07:00:00 +01:00,1,1
AT,AT.0008.20.AQ,NET.09,STA.09.AKC,,SPO.09.AKC.5066.6001.1,SPP.09.AKC.5066.6001.1.11325,SAM.09.AKC.5066.6001.1,PM2.5,http://dd.eionet.europa.eu/vocabulary/aq/pollutant/6001,hour,33.7760009600,µg/m3,2018-03-25 07:00:00 +01:00,2018-03-25 08:00:00 +01:00,1,1
AT,AT.0008.20.AQ,NET.09,STA.09.AKC,,SPO.09.AKC.5066.6001.1,SPP.09.AKC.5066.6001.1.11325,SAM.09.AKC.5066.6001.1,PM2.5,http://dd.eionet.europa.eu/vocabulary/aq/pollutant/6001,hour,16.3645000300,µg/m3,2018-03-25 13:00:00 +01:00,2018-03-25 14:00:00 +01:00,1,1
AT,AT.0008.20.AQ,NET.09,STA.09.AKC,,SPO.09.AKC.5066.6001.1,SPP.09.AKC.5066.6001.1.11325,SAM.09.AKC.5066.6001.1,PM2.5,http://dd.eionet.europa.eu/vocabulary/aq/pollutant/6001,hour,17.4939994700,µg/m3,2018-03-25 14:00:00 +01:00,2018-03-25 15:00:00 +01:00,1,1
AT,AT.0008.20.AQ,NET.09,STA.09.AKC,,SPO.09.AKC.5066.6001.1,SPP.09.AKC.5066.6001.1.11325,SAM.09.AKC.5066.6001.1,PM2.5,http://dd.eionet.europa.eu/vocabulary/aq/pollutant/6001,hour,22.0634994400,µg/m3,2018-03-25 22:00:00 +01:00,2018-03-25 23:00:00 +01:00,1,1
AT,AT.0008.20.AQ,NET.09,STA.09.AKC,,SPO.09.AKC.5066.6001.1,SPP.09.AKC.5066.6001.1.11325,SAM.09.AKC.5066.6001.1,PM2.5,http://dd.eionet.europa.eu/vocabulary/aq/pollutant/6001,hour,22.0634994400,µg/m3,2018-03-25 23:00:00 +01:00,2018-03-26 00:00:00 +01:00,1,1
AT,AT.0008.20.AQ,NET.09,STA.09.AKC,,SPO.09.AKC.5066.6001.1,SPP.09.AKC.5066.6001.1.11325,SAM.09.AKC.5066.6001.1,PM2.5,http://dd.eionet.europa.eu/vocabulary/aq/pollutant/6001,hour,22.9965000000,µg/m3,2018-03-26 03:00:00 +01:00,2018-03-26 04:00:00 +01:00,1,1
AT,AT.0008.20.AQ,NET.09,STA.09.AKC,,SPO.09.AKC.5066.6001.1,SPP.09.AKC.5066.6001.1.11325,SAM.09.AKC.5066.6001.1,PM2.5,http://dd.eionet.europa.eu/vocabulary/aq/pollutant/6001,hour,27.9965000000,µg/m3,2018-03-26 05:00:00 +01:00,2018-03-26 06:00:00 +01:00,1,1
AT,AT.0008.20.AQ,NET.09,STA.09.AKC,,SPO.09.AKC.5066.6001.1,SPP.09.AKC.5066.6001.1.11325,SAM.09.AKC.5066.6001.1,PM2.5,http://dd.eionet.europa.eu/vocabulary/aq/pollutant/6001,hour,29.0310001200,µg/m3,2018-03-26 06:00:00 +01:00,2018-03-26 07:00:00 +01:00,1,1
AT,AT.0008.20.AQ,NET.09,STA.09.AKC,,SPO.09.AKC.5066.6001.1,SPP.09.AKC.5066.6001.1.11325,SAM.09.AKC.5066.6001.1,PM2.5,http://dd.eionet.europa.eu/vocabulary/aq/pollutant/6001,hour,30.6634998200,µg/m3,2018-03-26 08:00:00 +01:00,2018-03-26 09:00:00 +01:00,1,1
AT,AT.0008.20.AQ,NET.09,STA.09.AKC,,SPO.09.AKC.5066.6001.1,SPP.09.AKC.5066.6001.1.11325,SAM.09.AKC.5066.6001.1,PM2.5,http://dd.eionet.europa.eu/vocabulary/aq/pollutant/6001,hour,30.2679996300,µg/m3,2018-03-26 11:00:00 +01:00,2018-03-26 12:00:00 +01:00,1,1
AT,AT.0008.20.AQ,NET.09,STA.09.AKC,,SPO.09.AKC.5066.6001.1,SPP.09.AKC.5066.6001.1.11325,SAM.09.AKC.5066.6001.1,PM2.5,http://dd.eionet.europa.eu/vocabulary/aq/pollutant/6001,hour,28.9259986700,µg/m3,2018-03-26 15:00:00 +01:00,2018-03-26 16:00:00 +01:00,1,1
AT,AT.0008.20.AQ,NET.09,STA.09.AKC,,SPO.09.AKC.5066.6001.1,SPP.09.AKC.5066.6001.1.11325,SAM.09.AKC.5066.6001.1,PM2.5,http://dd.eionet.europa.eu/vocabulary/aq/pollutant/6001,hour,28.8745002600,µg/m3,2018-03-26 16:00:00 +01:00,2018-03-26 17:00:00 +01:00,1,1
AT,AT.0008.20.AQ,NET.09,STA.09.AKC,,SPO.09.AKC.5066.6001.1,SPP.09.AKC.5066.6001.1.11325,SAM.09.AKC.5066.6001.1,PM2.5,http://dd.eionet.europa.eu/vocabulary/aq/pollutant/6001,hour,29.2724990700,µg/m3,2018-03-26 17:00:00 +01:00,2018-03-26 18:00:00 +01:00,1,1
AT,AT.0008.20.AQ,NET.09,STA.09.AKC,,SPO.09.AKC.5066.6001.1,SPP.09.AKC.5066.6001.1.11325,SAM.09.AKC.5066.6001.1,PM2.5,http://dd.eionet.europa.eu/vocabulary/aq/pollutant/6001,hour,29.2884998200,µg/m3,2018-03-26 18:00:00 +01:00,2018-03-26 19:00:00 +01:00,1,1
AT,AT.0008.20.AQ,NET.09,STA.09.AKC,,SPO.09.AKC.5066.6001.1,SPP.09.AKC.5066.6001.1.11325,SAM.09.AKC.5066.6001.1,PM2.5,http://dd.eionet.europa.eu/vocabulary/aq/pollutant/6001,hour,29.4920005600,µg/m3,2018-03-26 19:00:00 +01:00,2018-03-26 20:00:00 +01:00,1,1
AT,AT.0008.20.AQ,NET.09,STA.09.AKC,,SPO.09.AKC.5066.6001.1,SPP.09.AKC.5066.6001.1.11325,SAM.09.AKC.5066.6001.1,PM2.5,http://dd.eionet.europa.eu/vocabulary/aq/pollutant/6001,hour,35.1245002600,µg/m3,2018-03-26 23:00:00 +01:00,2018-03-27 00:00:00 +01:00,1,1
AT,AT.0008.20.AQ,NET.09,STA.09.AKC,,SPO.09.AKC.5066.6001.1,SPP.09.AKC.5066.6001.1.11325,SAM.09.AKC.5066.6001.1,PM2.5,http://dd.eionet.europa.eu/vocabulary/aq/pollutant/6001,hour,39.0289993100,µg/m3,2018-03-27 00:00:00 +01:00,2018-03-27 01:00:00 +01:00,1,1
AT,AT.0008.20.AQ,NET.09,STA.09.AKC,,SPO.09.AKC.5066.6001.1,SPP.09.AKC.5066.6001.1.11325,SAM.09.AKC.5066.6001.1,PM2.5,http://dd.eionet.europa.eu/vocabulary/aq/pollutant/6001,hour,40.4745025500,µg/m3,2018-03-27 01:00:00 +01:00,2018-03-27 02:00:00 +01:00,1,1
AT,AT.0008.20.AQ,NET.09,STA.09.AKC,,SPO.09.AKC.5066.6001.1,SPP.09.AKC.5066.6001.1.11325,SAM.09.AKC.5066.6001.1,PM2.5,http://dd.eionet.europa.eu/vocabulary/aq/pollutant/6001,hour,41.9104995600,µg/m3,2018-03-27 04:00:00 +01:00,2018-03-27 05:00:00 +01:00,1,1
AT,AT.0008.20.AQ,NET.09,STA.09.AKC,,SPO.09.AKC.5066.6001.1,SPP.09.AKC.5066.6001.1.11325,SAM.09.AKC.5066.6001.1,PM2.5,http://dd.eionet.europa.eu/vocabulary/aq/pollutant/6001,hour,41.5439987000,µg/m3,2018-03-27 05:00:00 +01:00,2018-03-27 06:00:00 +01:00,1,1
AT,AT.0008.20.AQ,NET.09,STA.09.AKC,,SPO.09.AKC.5066.6001.1,SPP.09.AKC.5066.6001.1.11325,SAM.09.AKC.5066.6001.1,PM2.5,http://dd.eionet.europa.eu/vocabulary/aq/pollutant/6001,hour,39.0110015700,µg/m3,2018-03-27 07:00:00 +01:00,2018-03-27 08:00:00 +01:00,1,1
AT,AT.0008.20.AQ,NET.09,STA.09.AKC,,SPO.09.AKC.5066.6001.1,SPP.09.AKC.5066.6001.1.11325,SAM.09.AKC.5066.6001.1,PM2.5,http://dd.eionet.europa.eu/vocabulary/aq/pollutant/6001,hour,20.0725002100,µg/m3,2018-03-27 15:00:00 +01:00,2018-03-27 16:00:00 +01:00,1,1
AT,AT.0008.20.AQ,NET.09,STA.09.AKC,,SPO.09.AKC.5066.6001.1,SPP.09.AKC.5066.6001.1.11325,SAM.09.AKC.5066.6001.1,PM2.5,http://dd.eionet.europa.eu/vocabulary/aq/pollutant/6001,hour,17.4635009600,µg/m3,2018-03-27 18:00:00 +01:00,2018-03-27 19:00:00 +01:00,1,1
AT,AT.0008.20.AQ,NET.09,STA.09.AKC,,SPO.09.AKC.5066.6001.1,SPP.09.AKC.5066.6001.1.11325,SAM.09.AKC.5066.6001.1,PM2.5,http://dd.eionet.europa.eu/vocabulary/aq/pollutant/6001,hour,17.6964988600,µg/m3,2018-03-27 20:00:00 +01:00,2018-03-27 21:00:00 +01:00,1,1
AT,AT.0008.20.AQ,NET.09,STA.09.AKC,,SPO.09.AKC.5066.6001.1,SPP.09.AKC.5066.6001.1.11325,SAM.09.AKC.5066.6001.1,PM2.5,http://dd.eionet.europa.eu/vocabulary/aq/pollutant/6001,hour,15.7259998200,µg/m3,2018-03-27 21:00:00 +01:00,2018-03-27 22:00:00 +01:00,1,1
AT,AT.0008.20.AQ,NET.09,STA.09.AKC,,SPO.09.AKC.5066.6001.1,SPP.09.AKC.5066.6001.1.11325,SAM.09.AKC.5066.6001.1,PM2.5,http://dd.eionet.europa.eu/vocabulary/aq/pollutant/6001,hour,16.2005004700,µg/m3,2018-03-27 23:00:00 +01:00,2018-03-28 00:00:00 +01:00,1,1
AT,AT.0008.20.AQ,NET.09,STA.09.AKC,,SPO.09.AKC.5066.6001.1,SPP.09.AKC.5066.6001.1.11325,SAM.09.AKC.5066.6001.1,PM2.5,http://dd.eionet.europa.eu/vocabulary/aq/pollutant/6001,hour,18.8670005600,µg/m3,2018-03-28 00:00:00 +01:00,2018-03-28 01:00:00 +01:00,1,1
AT,AT.0008.20.AQ,NET.09,STA.09.AKC,,SPO.09.AKC.5066.6001.1,SPP.09.AKC.5066.6001.1.11325,SAM.09.AKC.5066.6001.1,PM2.5,http://dd.eionet.europa.eu/vocabulary/aq/pollutant/6001,hour,21.5299987600,µg/m3,2018-03-28 03:00:00 +01:00,2018-03-28 04:00:00 +01:00,1,1
AT,AT.0008.20.AQ,NET.09,STA.09.AKC,,SPO.09.AKC.5066.6001.1,SPP.09.AKC.5066.6001.1.11325,SAM.09.AKC.5066.6001.1,PM2.5,http://dd.eionet.europa.eu/vocabulary/aq/pollutant/6001,hour,22.6275005200,µg/m3,2018-03-28 04:00:00 +01:00,2018-03-28 05:00:00 +01:00,1,1
AT,AT.0008.20.AQ,NET.09,STA.09.AKC,,SPO.09.AKC.5066.6001.1,SPP.09.AKC.5066.6001.1.11325,SAM.09.AKC.5066.6001.1,PM2.5,http://dd.eionet.europa.eu/vocabulary/aq/pollutant/6001,hour,23.4939994700,µg/m3,2018-03-28 05:00:00 +01:00,2018-03-28 06:00:00 +01:00,1,1
AT,AT.0008.20.AQ,NET.09,STA.09.AKC,,SPO.09.AKC.5066.6001.1,SPP.09.AKC.5066.6001.1.11325,SAM.09.AKC.5066.6001.1,PM2.5,http://dd.eionet.europa.eu/vocabulary/aq/pollutant/6001,hour,29.0205001700,µg/m3,2018-03-28 08:00:00 +01:00,2018-03-28 09:00:00 +01:00,1,1
AT,AT.0008.20.AQ,NET.09,STA.09.AKC,,SPO.09.AKC.5066.6001.1,SPP.09.AKC.5066.6001.1.11325,SAM.09.AKC.5066.6001.1,PM2.5,http://dd.eionet.europa.eu/vocabulary/aq/pollutant/6001,hour,6.0669999000,µg/m3,2018-03-28 14:00:00 +01:00,2018-03-28 15:00:00 +01:00,1,1
AT,AT.0008.20.AQ,NET.09,STA.09.AKC,,SPO.09.AKC.5066.6001.1,SPP.09.AKC.5066.6001.1.11325,SAM.09.AKC.5066.6001.1,PM2.5,http://dd.eionet.europa.eu/vocabulary/aq/pollutant/6001,hour,6.7240500300,µg/m3,2018-03-28 15:00:00 +01:00,2018-03-28 16:00:00 +01:00,1,1
AT,AT.0008.20.AQ,NET.09,STA.09.AKC,,SPO.09.AKC.5066.6001.1,SPP.09.AKC.5066.6001.1.11325,SAM.09.AKC.5066.6001.1,PM2.5,http://dd.eionet.europa.eu/vocabulary/aq/pollutant/6001,hour,9.6637000900,µg/m3,2018-03-28 16:00:00 +01:00,2018-03-28 17:00:00 +01:00,1,1
AT,AT.0008.20.AQ,NET.09,STA.09.AKC,,SPO.09.AKC.5066.6001.1,SPP.09.AKC.5066.6001.1.11325,SAM.09.AKC.5066.6001.1,PM2.5,http://dd.eionet.europa.eu/vocabulary/aq/pollutant/6001,hour,17.0849990700,µg/m3,2018-03-28 18:00:00 +01:00,2018-03-28 19:00:00 +01:00,1,1
AT,AT.0008.20.AQ,NET.09,STA.09.AKC,,SPO.09.AKC.5066.6001.1,SPP.09.AKC.5066.6001.1.11325,SAM.09.AKC.5066.6001.1,PM2.5,http://dd.eionet.europa.eu/vocabulary/aq/pollutant/6001,hour,8.9844493700,µg/m3,2018-03-29 04:00:00 +01:00,2018-03-29 05:00:00 +01:00,1,1
AT,AT.0008.20.AQ,NET.09,STA.09.AKC,,SPO.09.AKC.5066.6001.1,SPP.09.AKC.5066.6001.1.11325,SAM.09.AKC.5066.6001.1,PM2.5,http://dd.eionet.europa.eu/vocabulary/aq/pollutant/6001,hour,4.3049998100,µg/m3,2018-03-29 08:00:00 +01:00,2018-03-29 09:00:00 +01:00,1,1
AT,AT.0008.20.AQ,NET.09,STA.09.AKC,,SPO.09.AKC.5066.6001.1,SPP.09.AKC.5066.6001.1.11325,SAM.09.AKC.5066.6001.1,PM2.5,http://dd.eionet.europa.eu/vocabulary/aq/pollutant/6001,hour,5.4541997800,µg/m3,2018-03-29 10:00:00 +01:00,2018-03-29 11:00:00 +01:00,1,1
AT,AT.0008.20.AQ,NET.09,STA.09.AKC,,SPO.09.AKC.5066.6001.1,SPP.09.AKC.5066.6001.1.11325,SAM.09.AKC.5066.6001.1,PM2.5,http://dd.eionet.europa.eu/vocabulary/aq/pollutant/6001,hour,6.2737502900,µg/m3,2018-03-29 12:00:00 +01:00,2018-03-29 13:00:00 +01:00,1,1
AT,AT.0008.20.AQ,NET.09,STA.09.AKC,,SPO.09.AKC.5066.6001.1,SPP.09.AKC.5066.6001.1.11325,SAM.09.AKC.5066.6001.1,PM2.5,http://dd.eionet.europa.eu/vocabulary/aq/pollutant/6001,hour,5.1312999600,µg/m3,2018-03-29 14:00:00 +01:00,2018-03-29 15:00:00 +01:00,1,1
AT,AT.0008.20.AQ,NET.09,STA.09.AKC,,SPO.09.AKC.5066.6001.1,SPP.09.AKC.5066.6001.1.11325,SAM.09.AKC.5066.6001.1,PM2.5,http://dd.eionet.europa.eu/vocabulary/aq/pollutant/6001,hour,5.1754498300,µg/m3,2018-03-29 17:00:00 +01:00,2018-03-29 18:00:00 +01:00,1,1
AT,AT.0008.20.AQ,NET.09,STA.09.AKC,,SPO.09.AKC.5066.6001.1,SPP.09.AKC.5066.6001.1.11325,SAM.09.AKC.5066.6001.1,PM2.5,http://dd.eionet.europa.eu/vocabulary/aq/pollutant/6001,hour,4.3995499500,µg/m3,2018-03-30 03:00:00 +01:00,2018-03-30 04:00:00 +01:00,1,1
AT,AT.0008.20.AQ,NET.09,STA.09.AKC,,SPO.09.AKC.5066.6001.1,SPP.09.AKC.5066.6001.1.11325,SAM.09.AKC.5066.6001.1,PM2.5,http://dd.eionet.europa.eu/vocabulary/aq/pollutant/6001,hour,4.7641501300,µg/m3,2018-03-30 04:00:00 +01:00,2018-03-30 05:00:00 +01:00,1,1
AT,AT.0008.20.AQ,NET.09,STA.09.AKC,,SPO.09.AKC.5066.6001.1,SPP.09.AKC.5066.6001.1.11325,SAM.09.AKC.5066.6001.1,PM2.5,http://dd.eionet.europa.eu/vocabulary/aq/pollutant/6001,hour,6.9952001400,µg/m3,2018-03-30 05:00:00 +01:00,2018-03-30 06:00:00 +01:00,1,1
AT,AT.0008.20.AQ,NET.09,STA.09.AKC,,SPO.09.AKC.5066.6001.1,SPP.09.AKC.5066.6001.1.11325,SAM.09.AKC.5066.6001.1,PM2.5,http://dd.eionet.europa.eu/vocabulary/aq/pollutant/6001,hour,8.1814994700,µg/m3,2018-03-30 06:00:00 +01:00,2018-03-30 07:00:00 +01:00,1,1
AT,AT.0008.20.AQ,NET.09,STA.09.AKC,,SPO.09.AKC.5066.6001.1,SPP.09.AKC.5066.6001.1.11325,SAM.09.AKC.5066.6001.1,PM2.5,http://dd.eionet.europa.eu/vocabulary/aq/pollutant/6001,hour,7.0983500300,µg/m3,2018-03-30 07:00:00 +01:00,2018-03-30 08:00:00 +01:00,1,1
AT,AT.0008.20.AQ,NET.09,STA.09.AKC,,SPO.09.AKC.5066.6001.1,SPP.09.AKC.5066.6001.1.11325,SAM.09.AKC.5066.6001.1,PM2.5,http://dd.eionet.europa.eu/vocabulary/aq/pollutant/6001,hour,6.7669496400,µg/m3,2018-03-30 11:00:00 +01:00,2018-03-30 12:00:00 +01:00,1,1
AT,AT.0008.20.AQ,NET.09,STA.09.AKC,,SPO.09.AKC.5066.6001.1,SPP.09.AKC.5066.6001.1.11325,SAM.09.AKC.5066.6001.1,PM2.5,http://dd.eionet.europa.eu/vocabulary/aq/pollutant/6001,hour,5.5070495500,µg/m3,2018-03-30 12:00:00 +01:00,2018-03-30 13:00:00 +01:00,1,1
AT,AT.0008.20.AQ,NET.09,STA.09.AKC,,SPO.09.AKC.5066.6001.1,SPP.09.AKC.5066.6001.1.11325,SAM.09.AKC.5066.6001.1,PM2.5,http://dd.eionet.europa.eu/vocabulary/aq/pollutant/6001,hour,5.1481499500,µg/m3,2018-03-30 13:00:00 +01:00,2018-03-30 14:00:00 +01:00,1,1
AT,AT.0008.20.AQ,NET.09,STA.09.AKC,,SPO.09.AKC.5066.6001.1,SPP.09.AKC.5066.6001.1.11325,SAM.09.AKC.5066.6001.1,PM2.5,http://dd.eionet.europa.eu/vocabulary/aq/pollutant/6001,hour,5.8831996800,µg/m3,2018-03-30 14:00:00 +01:00,2018-03-30 15:00:00 +01:00,1,1
AT,AT.0008.20.AQ,NET.09,STA.09.AKC,,SPO.09.AKC.5066.6001.1,SPP.09.AKC.5066.6001.1.11325,SAM.09.AKC.5066.6001.1,PM2.5,http://dd.eionet.europa.eu/vocabulary/aq/pollutant/6001,hour,7.2623996600,µg/m3,2018-03-30 15:00:00 +01:00,2018-03-30 16:00:00 +01:00,1,1
AT,AT.0008.20.AQ,NET.09,STA.09.AKC,,SPO.09.AKC.5066.6001.1,SPP.09.AKC.5066.6001.1.11325,SAM.09.AKC.5066.6001.1,PM2.5,http://dd.eionet.europa.eu/vocabulary/aq/pollutant/6001,hour,12.5050001000,µg/m3,2018-03-30 20:00:00 +01:00,2018-03-30 21:00:00 +01:00,1,1
AT,AT.0008.20.AQ,NET.09,STA.09.AKC,,SPO.09.AKC.5066.6001.1,SPP.09.AKC.5066.6001.1.11325,SAM.09.AKC.5066.6001.1,PM2.5,http://dd.eionet.europa.eu/vocabulary/aq/pollutant/6001,hour,12.0499992200,µg/m3,2018-03-30 22:00:00 +01:00,2018-03-30 23:00:00 +01:00,1,1
AT,AT.0008.20.AQ,NET.09,STA.09.AKC,,SPO.09.AKC.5066.6001.1,SPP.09.AKC.5066.6001.1.11325,SAM.09.AKC.5066.6001.1,PM2.5,http://dd.eionet.europa.eu/vocabulary/aq/pollutant/6001,hour,10.3281993700,µg/m3,2018-03-31 00:00:00 +01:00,2018-03-31 01:00:00 +01:00,1,1
AT,AT.0008.20.AQ,NET.09,STA.09.AKC,,SPO.09.AKC.5066.6001.1,SPP.09.AKC.5066.6001.1.11325,SAM.09.AKC.5066.6001.1,PM2.5,http://dd.eionet.europa.eu/vocabulary/aq/pollutant/6001,hour,9.1198005500,µg/m3,2018-03-31 01:00:00 +01:00,2018-03-31 02:00:00 +01:00,1,1
AT,AT.0008.20.AQ,NET.09,STA.09.AKC,,SPO.09.AKC.5066.6001.1,SPP.09.AKC.5066.6001.1.11325,SAM.09.AKC.5066.6001.1,PM2.5,http://dd.eionet.europa.eu/vocabulary/aq/pollutant/6001,hour,9.3801498300,µg/m3,2018-03-31 03:00:00 +01:00,2018-03-31 04:00:00 +01:00,1,1
AT,AT.0008.20.AQ,NET.09,STA.09.AKC,,SPO.09.AKC.5066.6001.1,SPP.09.AKC.5066.6001.1.11325,SAM.09.AKC.5066.6001.1,PM2.5,http://dd.eionet.europa.eu/vocabulary/aq/pollutant/6001,hour,11.6135005800,µg/m3,2018-03-31 06:00:00 +01:00,2018-03-31 07:00:00 +01:00,1,1
AT,AT.0008.20.AQ,NET.09,STA.09.AKC,,SPO.09.AKC.5066.6001.1,SPP.09.AKC.5066.6001.1.11325,SAM.09.AKC.5066.6001.1,PM2.5,http://dd.eionet.europa.eu/vocabulary/aq/pollutant/6001,hour,10.2245502300,µg/m3,2018-03-31 07:00:00 +01:00,2018-03-31 08:00:00 +01:00,1,1
AT,AT.0008.20.AQ,NET.09,STA.09.AKC,,SPO.09.AKC.5066.6001.1,SPP.09.AKC.5066.6001.1.11325,SAM.09.AKC.5066.6001.1,PM2.5,http://dd.eionet.europa.eu/vocabulary/aq/pollutant/6001,hour,7.9280500300,µg/m3,2018-03-31 08:00:00 +01:00,2018-03-31 09:00:00 +01:00,1,1
AT,AT.0008.20.AQ,NET.09,STA.09.AKC,,SPO.09.AKC.5066.6001.1,SPP.09.AKC.5066.6001.1.11325,SAM.09.AKC.5066.6001.1,PM2.5,http://dd.eionet.europa.eu/vocabulary/aq/pollutant/6001,hour,6.8037500200,µg/m3,2018-03-31 09:00:00 +01:00,2018-03-31 10:00:00 +01:00,1,1
AT,AT.0008.20.AQ,NET.09,STA.09.AKC,,SPO.09.AKC.5066.6001.1,SPP.09.AKC.5066.6001.1.11325,SAM.09.AKC.5066.6001.1,PM2.5,http://dd.eionet.europa.eu/vocabulary/aq/pollutant/6001,hour,10.4626502800,µg/m3,2018-03-31 12:00:00 +01:00,2018-03-31 13:00:00 +01:00,1,1
AT,AT.0008.20.AQ,NET.09,STA.09.AKC,,SPO.09.AKC.5066.6001.1,SPP.09.AKC.5066.6001.1.11325,SAM.09.AKC.5066.6001.1,PM2.5,http://dd.eionet.europa.eu/vocabulary/aq/pollutant/6001,hour,10.5235004300,µg/m3,2018-03-31 15:00:00 +01:00,2018-03-31 16:00:00 +01:00,1,1
AT,AT.0008.20.AQ,NET.09,STA.09.AKC,,SPO.09.AKC.5066.6001.1,SPP.09.AKC.5066.6001.1.11325,SAM.09.AKC.5066.6001.1,PM2.5,http://dd.eionet.europa.eu/vocabulary/aq/pollutant/6001,hour,9.4078998400,µg/m3,2018-03-31 19:00:00 +01:00,2018-03-31 20:00:00 +01:00,1,1
AT,AT.0008.20.AQ,NET.09,STA.09.AKC,,SPO.09.AKC.5066.6001.1,SPP.09.AKC.5066.6001.1.11325,SAM.09.AKC.5066.6001.1,PM2.5,http://dd.eionet.europa.eu/vocabulary/aq/pollutant/6001,hour,8.7498998500,µg/m3,2018-03-31 21:00:00 +01:00,2018-03-31 22:00:00 +01:00,1,1
AT,AT.0008.20.AQ,NET.09,STA.09.AKC,,SPO.09.AKC.5066.6001.1,SPP.09.AKC.5066.6001.1.11325,SAM.09.AKC.5066.6001.1,PM2.5,http://dd.eionet.europa.eu/vocabulary/aq/pollutant/6001,hour,11.4149999500,µg/m3,2018-03-31 23:00:00 +01:00,2018-04-01 00:00:00 +01:00,1,1
AT,AT.0008.20.AQ,NET.09,STA.09.AKC,,SPO.09.AKC.5066.6001.1,SPP.09.AKC.5066.6001.1.11325,SAM.09.AKC.5066.6001.1,PM2.5,http://dd.eionet.europa.eu/vocabulary/aq/pollutant/6001,hour,9.6532001300,µg/m3,2018-04-01 04:00:00 +01:00,2018-04-01 05:00:00 +01:00,1,1
AT,AT.0008.20.AQ,NET.09,STA.09.AKC,,SPO.09.AKC.5066.6001.1,SPP.09.AKC.5066.6001.1.11325,SAM.09.AKC.5066.6001.1,PM2.5,http://dd.eionet.europa.eu/vocabulary/aq/pollutant/6001,hour,14.0340003800,µg/m3,2018-04-01 10:00:00 +01:00,2018-04-01 11:00:00 +01:00,1,1
AT,AT.0008.20.AQ,NET.09,STA.09.AKC,,SPO.09.AKC.5066.6001.1,SPP.09.AKC.5066.6001.1.11325,SAM.09.AKC.5066.6001.1,PM2.5,http://dd.eionet.europa.eu/vocabulary/aq/pollutant/6001,hour,4.4322500100,µg/m3,2018-04-01 16:00:00 +01:00,2018-04-01 17:00:00 +01:00,1,1
AT,AT.0008.20.AQ,NET.09,STA.09.AKC,,SPO.09.AKC.5066.6001.1,SPP.09.AKC.5066.6001.1.11325,SAM.09.AKC.5066.6001.1,PM2.5,http://dd.eionet.europa.eu/vocabulary/aq/pollutant/6001,hour,3.3944001000,µg/m3,2018-04-01 17:00:00 +01:00,2018-04-01 18:00:00 +01:00,1,1
AT,AT.0008.20.AQ,NET.09,STA.09.AKC,,SPO.09.AKC.5066.6001.1,SPP.09.AKC.5066.6001.1.11325,SAM.09.AKC.5066.6001.1,PM2.5,http://dd.eionet.europa.eu/vocabulary/aq/pollutant/6001,hour,3.2864999600,µg/m3,2018-04-01 18:00:00 +01:00,2018-04-01 19:00:00 +01:00,1,1
AT,AT.0008.20.AQ,NET.09,STA.09.AKC,,SPO.09.AKC.5066.6001.1,SPP.09.AKC.5066.6001.1.11325,SAM.09.AKC.5066.6001.1,PM2.5,http://dd.eionet.europa.eu/vocabulary/aq/pollutant/6001,hour,2.9839498800,µg/m3,2018-04-01 20:00:00 +01:00,2018-04-01 21:00:00 +01:00,1,1
AT,AT.0008.20.AQ,NET.09,STA.09.AKC,,SPO.09.AKC.5066.6001.1,SPP.09.AKC.5066.6001.1.11325,SAM.09.AKC.5066.6001.1,PM2.5,http://dd.eionet.europa.eu/vocabulary/aq/pollutant/6001,hour,7.5976495600,µg/m3,2018-04-02 04:00:00 +01:00,2018-04-02 05:00:00 +01:00,1,1
AT,AT.0008.20.AQ,NET.09,STA.09.AKC,,SPO.09.AKC.5066.6001.1,SPP.09.AKC.5066.6001.1.11325,SAM.09.AKC.5066.6001.1,PM2.5,http://dd.eionet.europa.eu/vocabulary/aq/pollutant/6001,hour,10.0784492300,µg/m3,2018-04-02 11:00:00 +01:00,2018-04-02 12:00:00 +01:00,1,1
AT,AT.0008.20.AQ,NET.09,STA.09.AKC,,SPO.09.AKC.5066.6001.1,SPP.09.AKC.5066.6001.1.11325,SAM.09.AKC.5066.6001.1,PM2.5,http://dd.eionet.europa.eu/vocabulary/aq/pollutant/6001,hour,4.3213000100,µg/m3,2018-04-02 15:00:00 +01:00,2018-04-02 16:00:00 +01:00,1,1
AT,AT.0008.20.AQ,NET.09,STA.09.AKC,,SPO.09.AKC.5066.6001.1,SPP.09.AKC.5066.6001.1.11325,SAM.09.AKC.5066.6001.1,PM2.5,http://dd.eionet.europa.eu/vocabulary/aq/pollutant/6001,hour,4.6643500200,µg/m3,2018-04-02 18:00:00 +01:00,2018-04-02 19:00:00 +01:00,1,1
AT,AT.0008.20.AQ,NET.09,STA.09.AKC,,SPO.09.AKC.5066.6001.1,SPP.09.AKC.5066.6001.1.11325,SAM.09.AKC.5066.6001.1,PM2.5,http://dd.eionet.europa.eu/vocabulary/aq/pollutant/6001,hour,5.8495998200,µg/m3,2018-04-02 19:00:00 +01:00,2018-04-02 20:00:00 +01:00,1,1
AT,AT.0008.20.AQ,NET.09,STA.09.AKC,,SPO.09.AKC.5066.6001.1,SPP.09.AKC.5066.6001.1.11325,SAM.09.AKC.5066.6001.1,PM2.5,http://dd.eionet.europa.eu/vocabulary/aq/pollutant/6001,hour,6.3348498200,µg/m3,2018-04-02 20:00:00 +01:00,2018-04-02 21:00:00 +01:00,1,1
AT,AT.0008.20.AQ,NET.09,STA.09.AKC,,SPO.09.AKC.5066.6001.1,SPP.09.AKC.5066.6001.1.11325,SAM.09.AKC.5066.6001.1,PM2.5,http://dd.eionet.europa.eu/vocabulary/aq/pollutant/6001,hour,6.7567500900,µg/m3,2018-04-02 21:00:00 +01:00,2018-04-02 22:00:00 +01:00,1,1
AT,AT.0008.20.AQ,NET.09,STA.09.AKC,,SPO.09.AKC.5066.6001.1,SPP.09.AKC.5066.6001.1.11325,SAM.09.AKC.5066.6001.1,PM2.5,http://dd.eionet.europa.eu/vocabulary/aq/pollutant/6001,hour,8.1042499400,µg/m3,2018-04-02 23:00:00 +01:00,2018-04-03 00:00:00 +01:00,1,1
AT,AT.0008.20.AQ,NET.09,STA.09.AKC,,SPO.09.AKC.5066.6001.1,SPP.09.AKC.5066.6001.1.11325,SAM.09.AKC.5066.6001.1,PM2.5,http://dd.eionet.europa.eu/vocabulary/aq/pollutant/6001,hour,9.4937991900,µg/m3,2018-04-03 00:00:00 +01:00,2018-04-03 01:00:00 +01:00,1,1
AT,AT.0008.20.AQ,NET.09,STA.09.AKC,,SPO.09.AKC.5066.6001.1,SPP.09.AKC.5066.6001.1.11325,SAM.09.AKC.5066.6001.1,PM2.5,http://dd.eionet.europa.eu/vocabulary/aq/pollutant/6001,hour,9.9710998400,µg/m3,2018-04-03 01:00:00 +01:00,2018-04-03 02:00:00 +01:00,1,1
AT,AT.0008.20.AQ,NET.09,STA.09.AKC,,SPO.09.AKC.5066.6001.1,SPP.09.AKC.5066.6001.1.11325,SAM.09.AKC.5066.6001.1,PM2.5,http://dd.eionet.europa.eu/vocabulary/aq/pollutant/6001,hour,8.9776000800,µg/m3,2018-04-03 03:00:00 +01:00,2018-04-03 04:00:00 +01:00,1,1
AT,AT.0008.20.AQ,NET.09,STA.09.AKC,,SPO.09.AKC.5066.6001.1,SPP.09.AKC.5066.6001.1.11325,SAM.09.AKC.5066.6001.1,PM2.5,http://dd.eionet.europa.eu/vocabulary/aq/pollutant/6001,hour,13.6820001500,µg/m3,2018-04-03 08:00:00 +01:00,2018-04-03 09:00:00 +01:00,1,1
AT,AT.0008.20.AQ,NET.09,STA.09.AKC,,SPO.09.AKC.5066.6001.1,SPP.09.AKC.5066.6001.1.11325,SAM.09.AKC.5066.6001.1,PM2.5,http://dd.eionet.europa.eu/vocabulary/aq/pollutant/6001,hour,14.0680007800,µg/m3,2018-04-03 10:00:00 +01:00,2018-04-03 11:00:00 +01:00,1,1
AT,AT.0008.20.AQ,NET.09,STA.09.AKC,,SPO.09.AKC.5066.6001.1,SPP.09.AKC.5066.6001.1.11325,SAM.09.AKC.5066.6001.1,PM2.5,http://dd.eionet.europa.eu/vocabulary/aq/pollutant/6001,hour,8.1505498700,µg/m3,2018-04-03 14:00:00 +01:00,2018-04-03 15:00:00 +01:00,1,1
AT,AT.0008.20.AQ,NET.09,STA.09.AKC,,SPO.09.AKC.5066.6001.1,SPP.09.AKC.5066.6001.1.11325,SAM.09.AKC.5066.6001.1,PM2.5,http://dd.eionet.europa.eu/vocabulary/aq/pollutant/6001,hour,4.1181497400,µg/m3,2018-04-03 16:00:00 +01:00,2018-04-03 17:00:00 +01:00,1,1
AT,AT.0008.20.AQ,NET.09,STA.09.AKC,,SPO.09.AKC.5066.6001.1,SPP.09.AKC.5066.6001.1.11325,SAM.09.AKC.5066.6001.1,PM2.5,http://dd.eionet.europa.eu/vocabulary/aq/pollutant/6001,hour,7.5559997400,µg/m3,2018-04-03 19:00:00 +01:00,2018-04-03 20:00:00 +01:00,1,1
AT,AT.0008.20.AQ,NET.09,STA.09.AKC,,SPO.09.AKC.5066.6001.1,SPP.09.AKC.5066.6001.1.11325,SAM.09.AKC.5066.6001.1,PM2.5,http://dd.eionet.europa.eu/vocabulary/aq/pollutant/6001,hour,9.1103992300,µg/m3,2018-04-03 21:00:00 +01:00,2018-04-03 22:00:00 +01:00,1,1
AT,AT.0008.20.AQ,NET.09,STA.09.AKC,,SPO.09.AKC.5066.6001.1,SPP.09.AKC.5066.6001.1.11325,SAM.09.AKC.5066.6001.1,PM2.5,http://dd.eionet.europa.eu/vocabulary/aq/pollutant/6001,hour,8.6056499300,µg/m3,2018-04-04 00:00:00 +01:00,2018-04-04 01:00:00 +01:00,1,1
AT,AT.0008.20.AQ,NET.09,STA.09.AKC,,SPO.09.AKC.5066.6001.1,SPP.09.AKC.5066.6001.1.11325,SAM.09.AKC.5066.6001.1,PM2.5,http://dd.eionet.europa.eu/vocabulary/aq/pollutant/6001,hour,8.1271495700,µg/m3,2018-04-04 02:00:00 +01:00,2018-04-04 03:00:00 +01:00,1,1
AT,AT.0008.20.AQ,NET.09,STA.09.AKC,,SPO.09.AKC.5066.6001.1,SPP.09.AKC.5066.6001.1.11325,SAM.09.AKC.5066.6001.1,PM2.5,http://dd.eionet.europa.eu/vocabulary/aq/pollutant/6001,hour,8.9968004100,µg/m3,2018-04-04 05:00:00 +01:00,2018-04-04 06:00:00 +01:00,1,1
AT,AT.0008.20.AQ,NET.09,STA.09.AKC,,SPO.09.AKC.5066.6001.1,SPP.09.AKC.5066.6001.1.11325,SAM.09.AKC.5066.6001.1,PM2.5,http://dd.eionet.europa.eu/vocabulary/aq/pollutant/6001,hour,12.7670001800,µg/m3,2018-04-04 09:00:00 +01:00,2018-04-04 10:00:00 +01:00,1,1
AT,AT.0008.20.AQ,NET.09,STA.09.AKC,,SPO.09.AKC.5066.6001.1,SPP.09.AKC.5066.6001.1.11325,SAM.09.AKC.5066.6001.1,PM2.5,http://dd.eionet.europa.eu/vocabulary/aq/pollutant/6001,hour,13.0965003800,µg/m3,2018-04-04 12:00:00 +01:00,2018-04-04 13:00:00 +01:00,1,1
AT,AT.0008.20.AQ,NET.09,STA.09.AKC,,SPO.09.AKC.5066.6001.1,SPP.09.AKC.5066.6001.1.11325,SAM.09.AKC.5066.6001.1,PM2.5,http://dd.eionet.europa.eu/vocabulary/aq/pollutant/6001,hour,11.4560003100,µg/m3,2018-04-04 16:00:00 +01:00,2018-04-04 17:00:00 +01:00,1,1
AT,AT.0008.20.AQ,NET.09,STA.09.AKC,,SPO.09.AKC.5066.6001.1,SPP.09.AKC.5066.6001.1.11325,SAM.09.AKC.5066.6001.1,PM2.5,http://dd.eionet.europa.eu/vocabulary/aq/pollutant/6001,hour,5.1919999000,µg/m3,2018-04-04 20:00:00 +01:00,2018-04-04 21:00:00 +01:00,1,1
AT,AT.0008.20.AQ,NET.09,STA.09.AKC,,SPO.09.AKC.5066.6001.1,SPP.09.AKC.5066.6001.1.11325,SAM.09.AKC.5066.6001.1,PM2.5,http://dd.eionet.europa.eu/vocabulary/aq/pollutant/6001,hour,5.8449497100,µg/m3,2018-04-05 00:00:00 +01:00,2018-04-05 01:00:00 +01:00,1,1
AT,AT.0008.20.AQ,NET.09,STA.09.AKC,,SPO.09.AKC.5066.6001.1,SPP.09.AKC.5066.6001.1.11325,SAM.09.AKC.5066.6001.1,PM2.5,http://dd.eionet.europa.eu/vocabulary/aq/pollutant/6001,hour,3.6726999100,µg/m3,2018-04-05 05:00:00 +01:00,2018-04-05 06:00:00 +01:00,1,1
AT,AT.0008.20.AQ,NET.09,STA.09.AKC,,SPO.09.AKC.5066.6001.1,SPP.09.AKC.5066.6001.1.11325,SAM.09.AKC.5066.6001.1,PM2.5,http://dd.eionet.europa.eu/vocabulary/aq/pollutant/6001,hour,3.3742499200,µg/m3,2018-04-05 07:00:00 +01:00,2018-04-05 08:00:00 +01:00,1,1
AT,AT.0008.20.AQ,NET.09,STA.09.AKC,,SPO.09.AKC.5066.6001.1,SPP.09.AKC.5066.6001.1.11325,SAM.09.AKC.5066.6001.1,PM2.5,http://dd.eionet.europa.eu/vocabulary/aq/pollutant/6001,hour,2.9158000800,µg/m3,2018-04-05 08:00:00 +01:00,2018-04-05 09:00:00 +01:00,1,1
AT,AT.0008.20.AQ,NET.09,STA.09.AKC,,SPO.09.AKC.5066.6001.1,SPP.09.AKC.5066.6001.1.11325,SAM.09.AKC.5066.6001.1,PM2.5,http://dd.eionet.europa.eu/vocabulary/aq/pollutant/6001,hour,3.8499998900,µg/m3,2018-04-05 11:00:00 +01:00,2018-04-05 12:00:00 +01:00,1,1
AT,AT.0008.20.AQ,NET.09,STA.09.AKC,,SPO.09.AKC.5066.6001.1,SPP.09.AKC.5066.6001.1.11325,SAM.09.AKC.5066.6001.1,PM2.5,http://dd.eionet.europa.eu/vocabulary/aq/pollutant/6001,hour,3.9972000000,µg/m3,2018-04-05 12:00:00 +01:00,2018-04-05 13:00:00 +01:00,1,1
AT,AT.0008.20.AQ,NET.09,STA.09.AKC,,SPO.09.AKC.5066.6001.1,SPP.09.AKC.5066.6001.1.11325,SAM.09.AKC.5066.6001.1,PM2.5,http://dd.eionet.europa.eu/vocabulary/aq/pollutant/6001,hour,3.0994000300,µg/m3,2018-04-05 15:00:00 +01:00,2018-04-05 16:00:00 +01:00,1,1
AT,AT.0008.20.AQ,NET.09,STA.09.AKC,,SPO.09.AKC.5066.6001.1,SPP.09.AKC.5066.6001.1.11325,SAM.09.AKC.5066.6001.1,PM2.5,http://dd.eionet.europa.eu/vocabulary/aq/pollutant/6001,hour,2.6277499000,µg/m3,2018-04-05 20:00:00 +01:00,2018-04-05 21:00:00 +01:00,1,1
AT,AT.0008.20.AQ,NET.09,STA.09.AKC,,SPO.09.AKC.5066.6001.1,SPP.09.AKC.5066.6001.1.11325,SAM.09.AKC.5066.6001.1,PM2.5,http://dd.eionet.europa.eu/vocabulary/aq/pollutant/6001,hour,2.8361000900,µg/m3,2018-04-06 00:00:00 +01:00,2018-04-06 01:00:00 +01:00,1,1
AT,AT.0008.20.AQ,NET.09,STA.09.AKC,,SPO.09.AKC.5066.6001.1,SPP.09.AKC.5066.6001.1.11325,SAM.09.AKC.5066.6001.1,PM2.5,http://dd.eionet.europa.eu/vocabulary/aq/pollutant/6001,hour,6.4297499500,µg/m3,2018-04-06 04:00:00 +01:00,2018-04-06 05:00:00 +01:00,1,1
AT,AT.0008.20.AQ,NET.09,STA.09.AKC,,SPO.09.AKC.5066.6001.1,SPP.09.AKC.5066.6001.1.11325,SAM.09.AKC.5066.6001.1,PM2.5,http://dd.eionet.europa.eu/vocabulary/aq/pollutant/6001,hour,7.4536499800,µg/m3,2018-04-06 05:00:00 +01:00,2018-04-06 06:00:00 +01:00,1,1
AT,AT.0008.20.AQ,NET.09,STA.09.AKC,,SPO.09.AKC.5066.6001.1,SPP.09.AKC.5066.6001.1.11325,SAM.09.AKC.5066.6001.1,PM2.5,http://dd.eionet.europa.eu/vocabulary/aq/pollutant/6001,hour,7.9974498600,µg/m3,2018-04-06 06:00:00 +01:00,2018-04-06 07:00:00 +01:00,1,1
AT,AT.0008.20.AQ,NET.09,STA.09.AKC,,SPO.09.AKC.5066.6001.1,SPP.09.AKC.5066.6001.1.11325,SAM.09.AKC.5066.6001.1,PM2.5,http://dd.eionet.europa.eu/vocabulary/aq/pollutant/6001,hour,9.0819492200,µg/m3,2018-04-06 07:00:00 +01:00,2018-04-06 08:00:00 +01:00,1,1
AT,AT.0008.20.AQ,NET.09,STA.09.AKC,,SPO.09.AKC.5066.6001.1,SPP.09.AKC.5066.6001.1.11325,SAM.09.AKC.5066.6001.1,PM2.5,http://dd.eionet.europa.eu/vocabulary/aq/pollutant/6001,hour,8.4040498600,µg/m3,2018-04-06 11:00:00 +01:00,2018-04-06 12:00:00 +01:00,1,1
AT,AT.0008.20.AQ,NET.09,STA.09.AKC,,SPO.09.AKC.5066.6001.1,SPP.09.AKC.5066.6001.1.11325,SAM.09.AKC.5066.6001.1,PM2.5,http://dd.eionet.europa.eu/vocabulary/aq/pollutant/6001,hour,8.3944501700,µg/m3,2018-04-06 12:00:00 +01:00,2018-04-06 13:00:00 +01:00,1,1
AT,AT.0008.20.AQ,NET.09,STA.09.AKC,,SPO.09.AKC.5066.6001.1,SPP.09.AKC.5066.6001.1.11325,SAM.09.AKC.5066.6001.1,PM2.5,http://dd.eionet.europa.eu/vocabulary/aq/pollutant/6001,hour,8.9246501800,µg/m3,2018-04-06 13:00:00 +01:00,2018-04-06 14:00:00 +01:00,1,1
AT,AT.0008.20.AQ,NET.09,STA.09.AKC,,SPO.09.AKC.5066.6001.1,SPP.09.AKC.5066.6001.1.11325,SAM.09.AKC.5066.6001.1,PM2.5,http://dd.eionet.europa.eu/vocabulary/aq/pollutant/6001,hour,9.5913000000,µg/m3,2018-04-06 14:00:00 +01:00,2018-04-06 15:00:00 +01:00,1,1
AT,AT.0008.20.AQ,NET.09,STA.09.AKC,,SPO.09.AKC.5066.6001.1,SPP.09.AKC.5066.6001.1.11325,SAM.09.AKC.5066.6001.1,PM2.5,http://dd.eionet.europa.eu/vocabulary/aq/pollutant/6001,hour,9.4564494900,µg/m3,2018-04-06 15:00:00 +01:00,2018-04-06 16:00:00 +01:00,1,1
AT,AT.0008.20.AQ,NET.09,STA.09.AKC,,SPO.09.AKC.5066.6001.1,SPP.09.AKC.5066.6001.1.11325,SAM.09.AKC.5066.6001.1,PM2.5,http://dd.eionet.europa.eu/vocabulary/aq/pollutant/6001,hour,9.3801498300,µg/m3,2018-04-06 18:00:00 +01:00,2018-04-06 19:00:00 +01:00,1,1
AT,AT.0008.20.AQ,NET.09,STA.09.AKC,,SPO.09.AKC.5066.6001.1,SPP.09.AKC.5066.6001.1.11325,SAM.09.AKC.5066.6001.1,PM2.5,http://dd.eionet.europa.eu/vocabulary/aq/pollutant/6001,hour,12.4930000200,µg/m3,2018-04-07 02:00:00 +01:00,2018-04-07 03:00:00 +01:00,1,1
AT,AT.0008.20.AQ,NET.09,STA.09.AKC,,SPO.09.AKC.5066.6001.1,SPP.09.AKC.5066.6001.1.11325,SAM.09.AKC.5066.6001.1,PM2.5,http://dd.eionet.europa.eu/vocabulary/aq/pollutant/6001,hour,19.3164997000,µg/m3,2018-04-07 08:00:00 +01:00,2018-04-07 09:00:00 +01:00,1,1
AT,AT.0008.20.AQ,NET.09,STA.09.AKC,,SPO.09.AKC.5066.6001.1,SPP.09.AKC.5066.6001.1.11325,SAM.09.AKC.5066.6001.1,PM2.5,http://dd.eionet.europa.eu/vocabulary/aq/pollutant/6001,hour,12.6749992200,µg/m3,2018-04-07 11:00:00 +01:00,2018-04-07 12:00:00 +01:00,1,1
AT,AT.0008.20.AQ,NET.09,STA.09.AKC,,SPO.09.AKC.5066.6001.1,SPP.09.AKC.5066.6001.1.11325,SAM.09.AKC.5066.6001.1,PM2.5,http://dd.eionet.europa.eu/vocabulary/aq/pollutant/6001,hour,12.2395000300,µg/m3,2018-04-07 12:00:00 +01:00,2018-04-07 13:00:00 +01:00,1,1
AT,AT.0008.20.AQ,NET.09,STA.09.AKC,,SPO.09.AKC.5066.6001.1,SPP.09.AKC.5066.6001.1.11325,SAM.09.AKC.5066.6001.1,PM2.5,http://dd.eionet.europa.eu/vocabulary/aq/pollutant/6001,hour,10.7224998300,µg/m3,2018-04-07 13:00:00 +01:00,2018-04-07 14:00:00 +01:00,1,1
AT,AT.0008.20.AQ,NET.09,STA.09.AKC,,SPO.09.AKC.5066.6001.1,SPP.09.AKC.5066.6001.1.11325,SAM.09.AKC.5066.6001.1,PM2.5,http://dd.eionet.europa.eu/vocabulary/aq/pollutant/6001,hour,9.5281505400,µg/m3,2018-04-07 14:00:00 +01:00,2018-04-07 15:00:00 +01:00,1,1
AT,AT.0008.20.AQ,NET.09,STA.09.AKC,,SPO.09.AKC.5066.6001.1,SPP.09.AKC.5066.6001.1.11325,SAM.09.AKC.5066.6001.1,PM2.5,http://dd.eionet.europa.eu/vocabulary/aq/pollutant/6001,hour,16.4220008700,µg/m3,2018-04-07 18:00:00 +01:00,2018-04-07 19:00:00 +01:00,1,1
AT,AT.0008.20.AQ,NET.09,STA.09.AKC,,SPO.09.AKC.5066.6001.1,SPP.09.AKC.5066.6001.1.11325,SAM.09.AKC.5066.6001.1,PM2.5,http://dd.eionet.europa.eu/vocabulary/aq/pollutant/6001,hour,16.0305004000,µg/m3,2018-04-07 19:00:00 +01:00,2018-04-07 20:00:00 +01:00,1,1
AT,AT.0008.20.AQ,NET.09,STA.09.AKC,,SPO.09.AKC.5066.6001.1,SPP.09.AKC.5066.6001.1.11325,SAM.09.AKC.5066.6001.1,PM2.5,http://dd.eionet.europa.eu/vocabulary/aq/pollutant/6001,hour,17.6279983400,µg/m3,2018-04-07 20:00:00 +01:00,2018-04-07 21:00:00 +01:00,1,1
AT,AT.0008.20.AQ,NET.09,STA.09.AKC,,SPO.09.AKC.5066.6001.1,SPP.09.AKC.5066.6001.1.11325,SAM.09.AKC.5066.6001.1,PM2.5,http://dd.eionet.europa.eu/vocabulary/aq/pollutant/6001,hour,19.0485000500,µg/m3,2018-04-08 03:00:00 +01:00,2018-04-08 04:00:00 +01:00,1,1
AT,AT.0008.20.AQ,NET.09,STA.09.AKC,,SPO.09.AKC.5066.6001.1,SPP.09.AKC.5066.6001.1.11325,SAM.09.AKC.5066.6001.1,PM2.5,http://dd.eionet.europa.eu/vocabulary/aq/pollutant/6001,hour,20.6964988600,µg/m3,2018-04-08 05:00:00 +01:00,2018-04-08 06:00:00 +01:00,1,1
AT,AT.0008.20.AQ,NET.09,STA.09.AKC,,SPO.09.AKC.5066.6001.1,SPP.09.AKC.5066.6001.1.11325,SAM.09.AKC.5066.6001.1,PM2.5,http://dd.eionet.europa.eu/vocabulary/aq/pollutant/6001,hour,25.0324993000,µg/m3,2018-04-08 07:00:00 +01:00,2018-04-08 08:00:00 +01:00,1,1
AT,AT.0008.20.AQ,NET.09,STA.09.AKC,,SPO.09.AKC.5066.6001.1,SPP.09.AKC.5066.6001.1.11325,SAM.09.AKC.5066.6001.1,PM2.5,http://dd.eionet.europa.eu/vocabulary/aq/pollutant/6001,hour,16.9770011800,µg/m3,2018-04-08 12:00:00 +01:00,2018-04-08 13:00:00 +01:00,1,1
AT,AT.0008.20.AQ,NET.09,STA.09.AKC,,SPO.09.AKC.5066.6001.1,SPP.09.AKC.5066.6001.1.11325,SAM.09.AKC.5066.6001.1,PM2.5,http://dd.eionet.europa.eu/vocabulary/aq/pollutant/6001,hour,10.4232501800,µg/m3,2018-04-08 14:00:00 +01:00,2018-04-08 15:00:00 +01:00,1,1
AT,AT.0008.20.AQ,NET.09,STA.09.AKC,,SPO.09.AKC.5066.6001.1,SPP.09.AKC.5066.6001.1.11325,SAM.09.AKC.5066.6001.1,PM2.5,http://dd.eionet.europa.eu/vocabulary/aq/pollutant/6001,hour,9.7819003900,µg/m3,2018-04-08 15:00:00 +01:00,2018-04-08 16:00:00 +01:00,1,1
AT,AT.0008.20.AQ,NET.09,STA.09.AKC,,SPO.09.AKC.5066.6001.1,SPP.09.AKC.5066.6001.1.11325,SAM.09.AKC.5066.6001.1,PM2.5,http://dd.eionet.europa.eu/vocabulary/aq/pollutant/6001,hour,8.9541492300,µg/m3,2018-04-08 18:00:00 +01:00,2018-04-08 19:00:00 +01:00,1,1
AT,AT.0008.20.AQ,NET.09,STA.09.AKC,,SPO.09.AKC.5066.6001.1,SPP.09.AKC.5066.6001.1.11325,SAM.09.AKC.5066.6001.1,PM2.5,http://dd.eionet.europa.eu/vocabulary/aq/pollutant/6001,hour,10.8805007800,µg/m3,2018-04-08 19:00:00 +01:00,2018-04-08 20:00:00 +01:00,1,1
AT,AT.0008.20.AQ,NET.09,STA.09.AKC,,SPO.09.AKC.5066.6001.1,SPP.09.AKC.5066.6001.1.11325,SAM.09.AKC.5066.6001.1,PM2.5,http://dd.eionet.europa.eu/vocabulary/aq/pollutant/6001,hour,9.2136993300,µg/m3,2018-04-08 22:00:00 +01:00,2018-04-08 23:00:00 +01:00,1,1
AT,AT.0008.20.AQ,NET.09,STA.09.AKC,,SPO.09.AKC.5066.6001.1,SPP.09.AKC.5066.6001.1.11325,SAM.09.AKC.5066.6001.1,PM2.5,http://dd.eionet.europa.eu/vocabulary/aq/pollutant/6001,hour,8.5537500200,µg/m3,2018-04-09 00:00:00 +01:00,2018-04-09 01:00:00 +01:00,1,1
AT,AT.0008.20.AQ,NET.09,STA.09.AKC,,SPO.09.AKC.5066.6001.1,SPP.09.AKC.5066.6001.1.11325,SAM.09.AKC.5066.6001.1,PM2.5,http://dd.eionet.europa.eu/vocabulary/aq/pollutant/6001,hour,8.6311998200,µg/m3,2018-04-09 03:00:00 +01:00,2018-04-09 04:00:00 +01:00,1,1
AT,AT.0008.20.AQ,NET.09,STA.09.AKC,,SPO.09.AKC.5066.6001.1,SPP.09.AKC.5066.6001.1.11325,SAM.09.AKC.5066.6001.1,PM2.5,http://dd.eionet.europa.eu/vocabulary/aq/pollutant/6001,hour,14.3985004300,µg/m3,2018-04-09 09:00:00 +01:00,2018-04-09 10:00:00 +01:00,1,1
AT,AT.0008.20.AQ,NET.09,STA.09.AKC,,SPO.09.AKC.5066.6001.1,SPP.09.AKC.5066.6001.1.11325,SAM.09.AKC.5066.6001.1,PM2.5,http://dd.eionet.europa.eu/vocabulary/aq/pollutant/6001,hour,8.9841003300,µg/m3,2018-04-09 11:00:00 +01:00,2018-04-09 12:00:00 +01:00,1,1
AT,AT.0008.20.AQ,NET.09,STA.09.AKC,,SPO.09.AKC.5066.6001.1,SPP.09.AKC.5066.6001.1.11325,SAM.09.AKC.5066.6001.1,PM2.5,http://dd.eionet.europa.eu/vocabulary/aq/pollutant/6001,hour,6.3322496300,µg/m3,2018-04-09 15:00:00 +01:00,2018-04-09 16:00:00 +01:00,1,1
AT,AT.0008.20.AQ,NET.09,STA.09.AKC,,SPO.09.AKC.5066.6001.1,SPP.09.AKC.5066.6001.1.11325,SAM.09.AKC.5066.6001.1,PM2.5,http://dd.eionet.europa.eu/vocabulary/aq/pollutant/6001,hour,6.8468999700,µg/m3,2018-04-09 16:00:00 +01:00,2018-04-09 17:00:00 +01:00,1,1
AT,AT.0008.20.AQ,NET.09,STA.09.AKC,,SPO.09.AKC.5066.6001.1,SPP.09.AKC.5066.6001.1.11325,SAM.09.AKC.5066.6001.1,PM2.5,http://dd.eionet.europa.eu/vocabulary/aq/pollutant/6001,hour,7.4460496800,µg/m3,2018-04-09 17:00:00 +01:00,2018-04-09 18:00:00 +01:00,1,1
AT,AT.0008.20.AQ,NET.09,STA.09.AKC,,SPO.09.AKC.5066.6001.1,SPP.09.AKC.5066.6001.1.11325,SAM.09.AKC.5066.6001.1,PM2.5,http://dd.eionet.europa.eu/vocabulary/aq/pollutant/6001,hour,9.6052493900,µg/m3,2018-04-09 21:00:00 +01:00,2018-04-09 22:00:00 +01:00,1,1
AT,AT.0008.20.AQ,NET.09,STA.09.AKC,,SPO.09.AKC.5066.6001.1,SPP.09.AKC.5066.6001.1.11325,SAM.09.AKC.5066.6001.1,PM2.5,http://dd.eionet.europa.eu/vocabulary/aq/pollutant/6001,hour,8.5499992200,µg/m3,2018-04-09 22:00:00 +01:00,2018-04-09 23:00:00 +01:00,1,1
AT,AT.0008.20.AQ,NET.09,STA.09.AKC,,SPO.09.AKC.5066.6001.1,SPP.09.AKC.5066.6001.1.11325,SAM.09.AKC.5066.6001.1,PM2.5,http://dd.eionet.europa.eu/vocabulary/aq/pollutant/6001,hour,5.9162001500,µg/m3,2018-04-10 00:00:00 +01:00,2018-04-10 01:00:00 +01:00,1,1
AT,AT.0008.20.AQ,NET.09,STA.09.AKC,,SPO.09.AKC.5066.6001.1,SPP.09.AKC.5066.6001.1.11325,SAM.09.AKC.5066.6001.1,PM2.5,http://dd.eionet.europa.eu/vocabulary/aq/pollutant/6001,hour,6.3552498700,µg/m3,2018-04-10 01:00:00 +01:00,2018-04-10 02:00:00 +01:00,1,1
AT,AT.0008.20.AQ,NET.09,STA.09.AKC,,SPO.09.AKC.5066.6001.1,SPP.09.AKC.5066.6001.1.11325,SAM.09.AKC.5066.6001.1,PM2.5,http://dd.eionet.europa.eu/vocabulary/aq/pollutant/6001,hour,6.5860996100,µg/m3,2018-04-10 03:00:00 +01:00,2018-04-10 04:00:00 +01:00,1,1
AT,AT.0008.20.AQ,NET.09,STA.09.AKC,,SPO.09.AKC.5066.6001.1,SPP.09.AKC.5066.6001.1.11325,SAM.09.AKC.5066.6001.1,PM2.5,http://dd.eionet.europa.eu/vocabulary/aq/pollutant/6001,hour,6.6248502600,µg/m3,2018-04-10 04:00:00 +01:00,2018-04-10 05:00:00 +01:00,1,1
AT,AT.0008.20.AQ,NET.09,STA.09.AKC,,SPO.09.AKC.5066.6001.1,SPP.09.AKC.5066.6001.1.11325,SAM.09.AKC.5066.6001.1,PM2.5,http://dd.eionet.europa.eu/vocabulary/aq/pollutant/6001,hour,5.3071498700,µg/m3,2018-04-10 09:00:00 +01:00,2018-04-10 10:00:00 +01:00,1,1
AT,AT.0008.20.AQ,NET.09,STA.09.AKC,,SPO.09.AKC.5066.6001.1,SPP.09.AKC.5066.6001.1.11325,SAM.09.AKC.5066.6001.1,PM2.5,http://dd.eionet.europa.eu/vocabulary/aq/pollutant/6001,hour,5.3091001400,µg/m3,2018-04-10 10:00:00 +01:00,2018-04-10 11:00:00 +01:00,1,1
AT,AT.0008.20.AQ,NET.09,STA.09.AKC,,SPO.09.AKC.5066.6001.1,SPP.09.AKC.5066.6001.1.11325,SAM.09.AKC.5066.6001.1,PM2.5,http://dd.eionet.europa.eu/vocabulary/aq/pollutant/6001,hour,6.7030000500,µg/m3,2018-04-10 11:00:00 +01:00,2018-04-10 12:00:00 +01:00,1,1
AT,AT.0008.20.AQ,NET.09,STA.09.AKC,,SPO.09.AKC.5066.6001.1,SPP.09.AKC.5066.6001.1.11325,SAM.09.AKC.5066.6001.1,PM2.5,http://dd.eionet.europa.eu/vocabulary/aq/pollutant/6001,hour,5.8518500200,µg/m3,2018-04-10 14:00:00 +01:00,2018-04-10 15:00:00 +01:00,1,1
AT,AT.0008.20.AQ,NET.09,STA.09.AKC,,SPO.09.AKC.5066.6001.1,SPP.09.AKC.5066.6001.1.11325,SAM.09.AKC.5066.6001.1,PM2.5,http://dd.eionet.europa.eu/vocabulary/aq/pollutant/6001,hour,5.5388002200,µg/m3,2018-04-10 17:00:00 +01:00,2018-04-10 18:00:00 +01:00,1,1
AT,AT.0008.20.AQ,NET.09,STA.09.AKC,,SPO.09.AKC.5066.6001.1,SPP.09.AKC.5066.6001.1.11325,SAM.09.AKC.5066.6001.1,PM2.5,http://dd.eionet.europa.eu/vocabulary/aq/pollutant/6001,hour,5.9854497800,µg/m3,2018-04-10 18:00:00 +01:00,2018-04-10 19:00:00 +01:00,1,1
AT,AT.0008.20.AQ,NET.09,STA.09.AKC,,SPO.09.AKC.5066.6001.1,SPP.09.AKC.5066.6001.1.11325,SAM.09.AKC.5066.6001.1,PM2.5,http://dd.eionet.europa.eu/vocabulary/aq/pollutant/6001,hour,5.6846504100,µg/m3,2018-04-10 20:00:00 +01:00,2018-04-10 21:00:00 +01:00,1,1
AT,AT.0008.20.AQ,NET.09,STA.09.AKC,,SPO.09.AKC.5066.6001.1,SPP.09.AKC.5066.6001.1.11325,SAM.09.AKC.5066.6001.1,PM2.5,http://dd.eionet.europa.eu/vocabulary/aq/pollutant/6001,hour,6.0089502200,µg/m3,2018-04-11 01:00:00 +01:00,2018-04-11 02:00:00 +01:00,1,1
AT,AT.0008.20.AQ,NET.09,STA.09.AKC,,SPO.09.AKC.5066.6001.1,SPP.09.AKC.5066.6001.1.11325,SAM.09.AKC.5066.6001.1,PM2.5,http://dd.eionet.europa.eu/vocabulary/aq/pollutant/6001,hour,6.2604999400,µg/m3,2018-04-11 02:00:00 +01:00,2018-04-11 03:00:00 +01:00,1,1
AT,AT.0008.20.AQ,NET.09,STA.09.AKC,,SPO.09.AKC.5066.6001.1,SPP.09.AKC.5066.6001.1.11325,SAM.09.AKC.5066.6001.1,PM2.5,http://dd.eionet.europa.eu/vocabulary/aq/pollutant/6001,hour,6.6095499800,µg/m3,2018-04-11 04:00:00 +01:00,2018-04-11 05:00:00 +01:00,1,1
AT,AT.0008.20.AQ,NET.09,STA.09.AKC,,SPO.09.AKC.5066.6001.1,SPP.09.AKC.5066.6001.1.11325,SAM.09.AKC.5066.6001.1,PM2.5,http://dd.eionet.europa.eu/vocabulary/aq/pollutant/6001,hour,7.5953998400,µg/m3,2018-04-11 05:00:00 +01:00,2018-04-11 06:00:00 +01:00,1,1
AT,AT.0008.20.AQ,NET.09,STA.09.AKC,,SPO.09.AKC.5066.6001.1,SPP.09.AKC.5066.6001.1.11325,SAM.09.AKC.5066.6001.1,PM2.5,http://dd.eionet.europa.eu/vocabulary/aq/pollutant/6001,hour,8.3743991700,µg/m3,2018-04-11 06:00:00 +01:00,2018-04-11 07:00:00 +01:00,1,1
AT,AT.0008.20.AQ,NET.09,STA.09.AKC,,SPO.09.AKC.5066.6001.1,SPP.09.AKC.5066.6001.1.11325,SAM.09.AKC.5066.6001.1,PM2.5,http://dd.eionet.europa.eu/vocabulary/aq/pollutant/6001,hour,10.5194997600,µg/m3,2018-04-11 07:00:00 +01:00,2018-04-11 08:00:00 +01:00,1,1
AT,AT.0008.20.AQ,NET.09,STA.09.AKC,,SPO.09.AKC.5066.6001.1,SPP.09.AKC.5066.6001.1.11325,SAM.09.AKC.5066.6001.1,PM2.5,http://dd.eionet.europa.eu/vocabulary/aq/pollutant/6001,hour,5.9530000500,µg/m3,2018-04-11 16:00:00 +01:00,2018-04-11 17:00:00 +01:00,1,1
AT,AT.0008.20.AQ,NET.09,STA.09.AKC,,SPO.09.AKC.5066.6001.1,SPP.09.AKC.5066.6001.1.11325,SAM.09.AKC.5066.6001.1,PM2.5,http://dd.eionet.europa.eu/vocabulary/aq/pollutant/6001,hour,5.7334499200,µg/m3,2018-04-11 19:00:00 +01:00,2018-04-11 20:00:00 +01:00,1,1
AT,AT.0008.20.AQ,NET.09,STA.09.AKC,,SPO.09.AKC.5066.6001.1,SPP.09.AKC.5066.6001.1.11325,SAM.09.AKC.5066.6001.1,PM2.5,http://dd.eionet.europa.eu/vocabulary/aq/pollutant/6001,hour,6.6182002900,µg/m3,2018-04-11 21:00:00 +01:00,2018-04-11 22:00:00 +01:00,1,1
AT,AT.0008.20.AQ,NET.09,STA.09.AKC,,SPO.09.AKC.5066.6001.1,SPP.09.AKC.5066.6001.1.11325,SAM.09.AKC.5066.6001.1,PM2.5,http://dd.eionet.europa.eu/vocabulary/aq/pollutant/6001,hour,6.2558498200,µg/m3,2018-04-11 22:00:00 +01:00,2018-04-11 23:00:00 +01:00,1,1
AT,AT.0008.20.AQ,NET.09,STA.09.AKC,,SPO.09.AKC.5066.6001.1,SPP.09.AKC.5066.6001.1.11325,SAM.09.AKC.5066.6001.1,PM2.5,http://dd.eionet.europa.eu/vocabulary/aq/pollutant/6001,hour,6.0220498900,µg/m3,2018-04-11 23:00:00 +01:00,2018-04-12 00:00:00 +01:00,1,1
AT,AT.0008.20.AQ,NET.09,STA.09.AKC,,SPO.09.AKC.5066.6001.1,SPP.09.AKC.5066.6001.1.11325,SAM.09.AKC.5066.6001.1,PM2.5,http://dd.eionet.europa.eu/vocabulary/aq/pollutant/6001,hour,6.2890996800,µg/m3,2018-04-12 01:00:00 +01:00,2018-04-12 02:00:00 +01:00,1,1
AT,AT.0008.20.AQ,NET.09,STA.09.AKC,,SPO.09.AKC.5066.6001.1,SPP.09.AKC.5066.6001.1.11325,SAM.09.AKC.5066.6001.1,PM2.5,http://dd.eionet.europa.eu/vocabulary/aq/pollutant/6001,hour,6.4346504100,µg/m3,2018-04-12 02:00:00 +01:00,2018-04-12 03:00:00 +01:00,1,1
AT,AT.0008.20.AQ,NET.09,STA.09.AKC,,SPO.09.AKC.5066.6001.1,SPP.09.AKC.5066.6001.1.11325,SAM.09.AKC.5066.6001.1,PM2.5,http://dd.eionet.europa.eu/vocabulary/aq/pollutant/6001,hour,7.0004501200,µg/m3,2018-04-12 03:00:00 +01:00,2018-04-12 04:00:00 +01:00,1,1
AT,AT.0008.20.AQ,NET.09,STA.09.AKC,,SPO.09.AKC.5066.6001.1,SPP.09.AKC.5066.6001.1.11325,SAM.09.AKC.5066.6001.1,PM2.5,http://dd.eionet.europa.eu/vocabulary/aq/pollutant/6001,hour,10.8063506900,µg/m3,2018-04-12 05:00:00 +01:00,2018-04-12 06:00:00 +01:00,1,1
AT,AT.0008.20.AQ,NET.09,STA.09.AKC,,SPO.09.AKC.5066.6001.1,SPP.09.AKC.5066.6001.1.11325,SAM.09.AKC.5066.6001.1,PM2.5,http://dd.eionet.europa.eu/vocabulary/aq/pollutant/6001,hour,9.5499000400,µg/m3,2018-04-12 08:00:00 +01:00,2018-04-12 09:00:00 +01:00,1,1
AT,AT.0008.20.AQ,NET.09,STA.09.AKC,,SPO.09.AKC.5066.6001.1,SPP.09.AKC.5066.6001.1.11325,SAM.09.AKC.5066.6001.1,PM2.5,http://dd.eionet.europa.eu/vocabulary/aq/pollutant/6001,hour,9.5666999700,µg/m3,2018-04-12 09:00:00 +01:00,2018-04-12 10:00:00 +01:00,1,1
AT,AT.0008.20.AQ,NET.09,STA.09.AKC,,SPO.09.AKC.5066.6001.1,SPP.09.AKC.5066.6001.1.11325,SAM.09.AKC.5066.6001.1,PM2.5,http://dd.eionet.europa.eu/vocabulary/aq/pollutant/6001,hour,9.6220493200,µg/m3,2018-04-12 11:00:00 +01:00,2018-04-12 12:00:00 +01:00,1,1
AT,AT.0008.20.AQ,NET.09,STA.09.AKC,,SPO.09.AKC.5066.6001.1,SPP.09.AKC.5066.6001.1.11325,SAM.09.AKC.5066.6001.1,PM2.5,http://dd.eionet.europa.eu/vocabulary/aq/pollutant/6001,hour,13.5050001000,µg/m3,2018-04-12 14:00:00 +01:00,2018-04-12 15:00:00 +01:00,1,1
AT,AT.0008.20.AQ,NET.09,STA.09.AKC,,SPO.09.AKC.5066.6001.1,SPP.09.AKC.5066.6001.1.11325,SAM.09.AKC.5066.6001.1,PM2.5,http://dd.eionet.europa.eu/vocabulary/aq/pollutant/6001,hour,16.0305004000,µg/m3,2018-04-12 20:00:00 +01:00,2018-04-12 21:00:00 +01:00,1,1
AT,AT.0008.20.AQ,NET.09,STA.09.AKC,,SPO.09.AKC.5066.6001.1,SPP.09.AKC.5066.6001.1.11325,SAM.09.AKC.5066.6001.1,PM2.5,http://dd.eionet.europa.eu/vocabulary/aq/pollutant/6001,hour,16.0485000500,µg/m3,2018-04-12 23:00:00 +01:00,2018-04-13 00:00:00 +01:00,1,1
AT,AT.0008.20.AQ,NET.09,STA.09.AKC,,SPO.09.AKC.5066.6001.1,SPP.09.AKC.5066.6001.1.11325,SAM.09.AKC.5066.6001.1,PM2.5,http://dd.eionet.europa.eu/vocabulary/aq/pollutant/6001,hour,14.5050001000,µg/m3,2018-04-13 00:00:00 +01:00,2018-04-13 01:00:00 +01:00,1,1
AT,AT.0008.20.AQ,NET.09,STA.09.AKC,,SPO.09.AKC.5066.6001.1,SPP.09.AKC.5066.6001.1.11325,SAM.09.AKC.5066.6001.1,PM2.5,http://dd.eionet.europa.eu/vocabulary/aq/pollutant/6001,hour,14.4595003000,µg/m3,2018-04-13 01:00:00 +01:00,2018-04-13 02:00:00 +01:00,1,1
AT,AT.0008.20.AQ,NET.09,STA.09.AKC,,SPO.09.AKC.5066.6001.1,SPP.09.AKC.5066.6001.1.11325,SAM.09.AKC.5066.6001.1,PM2.5,http://dd.eionet.europa.eu/vocabulary/aq/pollutant/6001,hour,6.4947500100,µg/m3,2018-04-13 10:00:00 +01:00,2018-04-13 11:00:00 +01:00,1,1
AT,AT.0008.20.AQ,NET.09,STA.09.AKC,,SPO.09.AKC.5066.6001.1,SPP.09.AKC.5066.6001.1.11325,SAM.09.AKC.5066.6001.1,PM2.5,http://dd.eionet.europa.eu/vocabulary/aq/pollutant/6001,hour,4.2641501300,µg/m3,2018-04-13 12:00:00 +01:00,2018-04-13 13:00:00 +01:00,1,1
AT,AT.0008.20.AQ,NET.09,STA.09.AKC,,SPO.09.AKC.5066.6001.1,SPP.09.AKC.5066.6001.1.11325,SAM.09.AKC.5066.6001.1,PM2.5,http://dd.eionet.europa.eu/vocabulary/aq/pollutant/6001,hour,3.2613499000,µg/m3,2018-04-13 14:00:00 +01:00,2018-04-13 15:00:00 +01:00,1,1
AT,AT.0008.20.AQ,NET.09,STA.09.AKC,,SPO.09.AKC.5066.6001.1,SPP.09.AKC.5066.6001.1.11325,SAM.09.AKC.5066.6001.1,PM2.5,http://dd.eionet.europa.eu/vocabulary/aq/pollutant/6001,hour,2.8362500500,µg/m3,2018-04-13 16:00:00 +01:00,2018-04-13 17:00:00 +01:00,1,1
AT,AT.0008.20.AQ,NET.09,STA.09.AKC,,SPO.09.AKC.5066.6001.1,SPP.09.AKC.5066.6001.1.11325,SAM.09.AKC.5066.6001.1,PM2.5,http://dd.eionet.europa.eu/vocabulary/aq/pollutant/6001,hour,2.6999502000,µg/m3,2018-04-13 17:00:00 +01:00,2018-04-13 18:00:00 +01:00,1,1
AT,AT.0008.20.AQ,NET.09,STA.09.AKC,,SPO.09.AKC.5066.6001.1,SPP.09.AKC.5066.6001.1.11325,SAM.09.AKC.5066.6001.1,PM2.5,http://dd.eionet.europa.eu/vocabulary/aq/pollutant/6001,hour,2.5998999900,µg/m3,2018-04-13 18:00:00 +01:00,2018-04-13 19:00:00 +01:00,1,1
AT,AT.0008.20.AQ,NET.09,STA.09.AKC,,SPO.09.AKC.5066.6001.1,SPP.09.AKC.5066.6001.1.11325,SAM.09.AKC.5066.6001.1,PM2.5,http://dd.eionet.europa.eu/vocabulary/aq/pollutant/6001,hour,4.5544500200,µg/m3,2018-04-13 20:00:00 +01:00,2018-04-13 21:00:00 +01:00,1,1
AT,AT.0008.20.AQ,NET.09,STA.09.AKC,,SPO.09.AKC.5066.6001.1,SPP.09.AKC.5066.6001.1.11325,SAM.09.AKC.5066.6001.1,PM2.5,http://dd.eionet.europa.eu/vocabulary/aq/pollutant/6001,hour,2.0330500500,µg/m3,2018-04-13 21:00:00 +01:00,2018-04-13 22:00:00 +01:00,1,1
AT,AT.0008.20.AQ,NET.09,STA.09.AKC,,SPO.09.AKC.5066.6001.1,SPP.09.AKC.5066.6001.1.11325,SAM.09.AKC.5066.6001.1,PM2.5,http://dd.eionet.europa.eu/vocabulary/aq/pollutant/6001,hour,2.2539999300,µg/m3,2018-04-13 23:00:00 +01:00,2018-04-14 00:00:00 +01:00,1,1
AT,AT.0008.20.AQ,NET.09,STA.09.AKC,,SPO.09.AKC.5066.6001.1,SPP.09.AKC.5066.6001.1.11325,SAM.09.AKC.5066.6001.1,PM2.5,http://dd.eionet.europa.eu/vocabulary/aq/pollutant/6001,hour,3.4166002100,µg/m3,2018-04-14 01:00:00 +01:00,2018-04-14 02:00:00 +01:00,1,1
AT,AT.0008.20.AQ,NET.09,STA.09.AKC,,SPO.09.AKC.5066.6001.1,SPP.09.AKC.5066.6001.1.11325,SAM.09.AKC.5066.6001.1,PM2.5,http://dd.eionet.europa.eu/vocabulary/aq/pollutant/6001,hour,3.3378999100,µg/m3,2018-04-14 02:00:00 +01:00,2018-04-14 03:00:00 +01:00,1,1
AT,AT.0008.20.AQ,NET.09,STA.09.AKC,,SPO.09.AKC.5066.6001.1,SPP.09.AKC.5066.6001.1.11325,SAM.09.AKC.5066.6001.1,PM2.5,http://dd.eionet.europa.eu/vocabulary/aq/pollutant/6001,hour,3.5995998200,µg/m3,2018-04-14 03:00:00 +01:00,2018-04-14 04:00:00 +01:00,1,1
AT,AT.0008.20.AQ,NET.09,STA.09.AKC,,SPO.09.AKC.5066.6001.1,SPP.09.AKC.5066.6001.1.11325,SAM.09.AKC.5066.6001.1,PM2.5,http://dd.eionet.europa.eu/vocabulary/aq/pollutant/6001,hour,4.9364499900,µg/m3,2018-04-14 07:00:00 +01:00,2018-04-14 08:00:00 +01:00,1,1
AT,AT.0008.20.AQ,NET.09,STA.09.AKC,,SPO.09.AKC.5066.6001.1,SPP.09.AKC.5066.6001.1.11325,SAM.09.AKC.5066.6001.1,PM2.5,http://dd.eionet.europa.eu/vocabulary/aq/pollutant/6001,hour,4.9930500800,µg/m3,2018-04-14 08:00:00 +01:00,2018-04-14 09:00:00 +01:00,1,1
AT,AT.0008.20.AQ,NET.09,STA.09.AKC,,SPO.09.AKC.5066.6001.1,SPP.09.AKC.5066.6001.1.11325,SAM.09.AKC.5066.6001.1,PM2.5,http://dd.eionet.europa.eu/vocabulary/aq/pollutant/6001,hour,4.7620496600,µg/m3,2018-04-14 09:00:00 +01:00,2018-04-14 10:00:00 +01:00,1,1
AT,AT.0008.20.AQ,NET.09,STA.09.AKC,,SPO.09.AKC.5066.6001.1,SPP.09.AKC.5066.6001.1.11325,SAM.09.AKC.5066.6001.1,PM2.5,http://dd.eionet.europa.eu/vocabulary/aq/pollutant/6001,hour,4.0489997700,µg/m3,2018-04-14 10:00:00 +01:00,2018-04-14 11:00:00 +01:00,1,1
AT,AT.0008.20.AQ,NET.09,STA.09.AKC,,SPO.09.AKC.5066.6001.1,SPP.09.AKC.5066.6001.1.11325,SAM.09.AKC.5066.6001.1,PM2.5,http://dd.eionet.europa.eu/vocabulary/aq/pollutant/6001,hour,2.0441999300,µg/m3,2018-04-14 14:00:00 +01:00,2018-04-14 15:00:00 +01:00,1,1
AT,AT.0008.20.AQ,NET.09,STA.09.AKC,,SPO.09.AKC.5066.6001.1,SPP.09.AKC.5066.6001.1.11325,SAM.09.AKC.5066.6001.1,PM2.5,http://dd.eionet.europa.eu/vocabulary/aq/pollutant/6001,hour,2.8129501200,µg/m3,2018-04-14 17:00:00 +01:00,2018-04-14 18:00:00 +01:00,1,1
AT,AT.0008.20.AQ,NET.09,STA.09.AKC,,SPO.09.AKC.5066.6001.1,SPP.09.AKC.5066.6001.1.11325,SAM.09.AKC.5066.6001.1,PM2.5,http://dd.eionet.europa.eu/vocabulary/aq/pollutant/6001,hour,4.7644500600,µg/m3,2018-04-14 19:00:00 +01:00,2018-04-14 20:00:00 +01:00,1,1
AT,AT.0008.20.AQ,NET.09,STA.09.AKC,,SPO.09.AKC.5066.6001.1,SPP.09.AKC.5066.6001.1.11325,SAM.09.AKC.5066.6001.1,PM2.5,http://dd.eionet.europa.eu/vocabulary/aq/pollutant/6001,hour,5.9307002900,µg/m3,2018-04-14 20:00:00 +01:00,2018-04-14 21:00:00 +01:00,1,1
AT,AT.0008.20.AQ,NET.09,STA.09.AKC,,SPO.09.AKC.5066.6001.1,SPP.09.AKC.5066.6001.1.11325,SAM.09.AKC.5066.6001.1,PM2.5,http://dd.eionet.europa.eu/vocabulary/aq/pollutant/6001,hour,9.4879999000,µg/m3,2018-04-15 01:00:00 +01:00,2018-04-15 02:00:00 +01:00,1,1
AT,AT.0008.20.AQ,NET.09,STA.09.AKC,,SPO.09.AKC.5066.6001.1,SPP.09.AKC.5066.6001.1.11325,SAM.09.AKC.5066.6001.1,PM2.5,http://dd.eionet.europa.eu/vocabulary/aq/pollutant/6001,hour,11.0349998300,µg/m3,2018-04-15 03:00:00 +01:00,2018-04-15 04:00:00 +01:00,1,1
AT,AT.0008.20.AQ,NET.09,STA.09.AKC,,SPO.09.AKC.5066.6001.1,SPP.09.AKC.5066.6001.1.11325,SAM.09.AKC.5066.6001.1,PM2.5,http://dd.eionet.europa.eu/vocabulary/aq/pollutant/6001,hour,18.9254989500,µg/m3,2018-04-15 08:00:00 +01:00,2018-04-15 09:00:00 +01:00,1,1
AT,AT.0008.20.AQ,NET.09,STA.09.AKC,,SPO.09.AKC.5066.6001.1,SPP.09.AKC.5066.6001.1.11325,SAM.09.AKC.5066.6001.1,PM2.5,http://dd.eionet.europa.eu/vocabulary/aq/pollutant/6001,hour,14.4930000200,µg/m3,2018-04-15 09:00:00 +01:00,2018-04-15 10:00:00 +01:00,1,1
AT,AT.0008.20.AQ,NET.09,STA.09.AKC,,SPO.09.AKC.5066.6001.1,SPP.09.AKC.5066.6001.1.11325,SAM.09.AKC.5066.6001.1,PM2.5,http://dd.eionet.europa.eu/vocabulary/aq/pollutant/6001,hour,13.6315002300,µg/m3,2018-04-15 12:00:00 +01:00,2018-04-15 13:00:00 +01:00,1,1
AT,AT.0008.20.AQ,NET.09,STA.09.AKC,,SPO.09.AKC.5066.6001.1,SPP.09.AKC.5066.6001.1.11325,SAM.09.AKC.5066.6001.1,PM2.5,http://dd.eionet.europa.eu/vocabulary/aq/pollutant/6001,hour,15.3929996300,µg/m3,2018-04-15 15:00:00 +01:00,2018-04-15 16:00:00 +01:00,1,1
AT,AT.0008.20.AQ,NET.09,STA.09.AKC,,SPO.09.AKC.5066.6001.1,SPP.09.AKC.5066.6001.1.11325,SAM.09.AKC.5066.6001.1,PM2.5,http://dd.eionet.europa.eu/vocabulary/aq/pollutant/6001,hour,17.6009998200,µg/m3,2018-04-15 19:00:00 +01:00,2018-04-15 20:00:00 +01:00,1,1
AT,AT.0008.20.AQ,NET.09,STA.09.AKC,,SPO.09.AKC.5066.6001.1,SPP.09.AKC.5066.6001.1.11325,SAM.09.AKC.5066.6001.1,PM2.5,http://dd.eionet.europa.eu/vocabulary/aq/pollutant/6001,hour,19.2229995600,µg/m3,2018-04-15 21:00:00 +01:00,2018-04-15 22:00:00 +01:00,1,1
AT,AT.0008.20.AQ,NET.09,STA.09.AKC,,SPO.09.AKC.5066.6001.1,SPP.09.AKC.5066.6001.1.11325,SAM.09.AKC.5066.6001.1,PM2.5,http://dd.eionet.europa.eu/vocabulary/aq/pollutant/6001,hour,21.3180007800,µg/m3,2018-04-16 05:00:00 +01:00,2018-04-16 06:00:00 +01:00,1,1
AT,AT.0008.20.AQ,NET.09,STA.09.AKC,,SPO.09.AKC.5066.6001.1,SPP.09.AKC.5066.6001.1.11325,SAM.09.AKC.5066.6001.1,PM2.5,http://dd.eionet.europa.eu/vocabulary/aq/pollutant/6001,hour,19.9734992800,µg/m3,2018-04-16 11:00:00 +01:00,2018-04-16 12:00:00 +01:00,1,1
AT,AT.0008.20.AQ,NET.09,STA.09.AKC,,SPO.09.AKC.5066.6001.1,SPP.09.AKC.5066.6001.1.11325,SAM.09.AKC.5066.6001.1,PM2.5,http://dd.eionet.europa.eu/vocabulary/aq/pollutant/6001,hour,14.8794994200,µg/m3,2018-04-16 13:00:00 +01:00,2018-04-16 14:00:00 +01:00,1,1
AT,AT.0008.20.AQ,NET.09,STA.09.AKC,,SPO.09.AKC.5066.6001.1,SPP.09.AKC.5066.6001.1.11325,SAM.09.AKC.5066.6001.1,PM2.5,http://dd.eionet.europa.eu/vocabulary/aq/pollutant/6001,hour,10.4390001100,µg/m3,2018-04-16 16:00:00 +01:00,2018-04-16 17:00:00 +01:00,1,1
AT,AT.0008.20.AQ,NET.09,STA.09.AKC,,SPO.09.AKC.5066.6001.1,SPP.09.AKC.5066.6001.1.11325,SAM.09.AKC.5066.6001.1,PM2.5,http://dd.eionet.europa.eu/vocabulary/aq/pollutant/6001,hour,7.8173499000,µg/m3,2018-04-16 19:00:00 +01:00,2018-04-16 20:00:00 +01:00,1,1
AT,AT.0008.20.AQ,NET.09,STA.09.AKC,,SPO.09.AKC.5066.6001.1,SPP.09.AKC.5066.6001.1.11325,SAM.09.AKC.5066.6001.1,PM2.5,http://dd.eionet.europa.eu/vocabulary/aq/pollutant/6001,hour,7.3323001700,µg/m3,2018-04-17 00:00:00 +01:00,2018-04-17 01:00:00 +01:00,1,1
AT,AT.0008.20.AQ,NET.09,STA.09.AKC,,SPO.09.AKC.5066.6001.1,SPP.09.AKC.5066.6001.1.11325,SAM.09.AKC.5066.6001.1,PM2.5,http://dd.eionet.europa.eu/vocabulary/aq/pollutant/6001,hour,11.4254999000,µg/m3,2018-04-17 06:00:00 +01:00,2018-04-17 07:00:00 +01:00,1,1
AT,AT.0008.20.AQ,NET.09,STA.09.AKC,,SPO.09.AKC.5066.6001.1,SPP.09.AKC.5066.6001.1.11325,SAM.09.AKC.5066.6001.1,PM2.5,http://dd.eionet.europa.eu/vocabulary/aq/pollutant/6001,hour,9.9650001400,µg/m3,2018-04-17 12:00:00 +01:00,2018-04-17 13:00:00 +01:00,1,1
AT,AT.0008.20.AQ,NET.09,STA.09.AKC,,SPO.09.AKC.5066.6001.1,SPP.09.AKC.5066.6001.1.11325,SAM.09.AKC.5066.6001.1,PM2.5,http://dd.eionet.europa.eu/vocabulary/aq/pollutant/6001,hour,10.3465003800,µg/m3,2018-04-17 17:00:00 +01:00,2018-04-17 18:00:00 +01:00,1,1
AT,AT.0008.20.AQ,NET.09,STA.09.AKC,,SPO.09.AKC.5066.6001.1,SPP.09.AKC.5066.6001.1.11325,SAM.09.AKC.5066.6001.1,PM2.5,http://dd.eionet.europa.eu/vocabulary/aq/pollutant/6001,hour,13.0804996300,µg/m3,2018-04-17 22:00:00 +01:00,2018-04-17 23:00:00 +01:00,1,1
AT,AT.0008.20.AQ,NET.09,STA.09.AKC,,SPO.09.AKC.5066.6001.1,SPP.09.AKC.5066.6001.1.11325,SAM.09.AKC.5066.6001.1,PM2.5,http://dd.eionet.europa.eu/vocabulary/aq/pollutant/6001,hour,16.0235004300,µg/m3,2018-04-17 23:00:00 +01:00,2018-04-18 00:00:00 +01:00,1,1
AT,AT.0008.20.AQ,NET.09,STA.09.AKC,,SPO.09.AKC.5066.6001.1,SPP.09.AKC.5066.6001.1.11325,SAM.09.AKC.5066.6001.1,PM2.5,http://dd.eionet.europa.eu/vocabulary/aq/pollutant/6001,hour,17.0979995600,µg/m3,2018-04-18 00:00:00 +01:00,2018-04-18 01:00:00 +01:00,1,1
AT,AT.0008.20.AQ,NET.09,STA.09.AKC,,SPO.09.AKC.5066.6001.1,SPP.09.AKC.5066.6001.1.11325,SAM.09.AKC.5066.6001.1,PM2.5,http://dd.eionet.europa.eu/vocabulary/aq/pollutant/6001,hour,18.5935001200,µg/m3,2018-04-18 08:00:00 +01:00,2018-04-18 09:00:00 +01:00,1,1
AT,AT.0008.20.AQ,NET.09,STA.09.AKC,,SPO.09.AKC.5066.6001.1,SPP.09.AKC.5066.6001.1.11325,SAM.09.AKC.5066.6001.1,PM2.5,http://dd.eionet.europa.eu/vocabulary/aq/pollutant/6001,hour,17.4920005600,µg/m3,2018-04-18 09:00:00 +01:00,2018-04-18 10:00:00 +01:00,1,1
AT,AT.0008.20.AQ,NET.09,STA.09.AKC,,SPO.09.AKC.5066.6001.1,SPP.09.AKC.5066.6001.1.11325,SAM.09.AKC.5066.6001.1,PM2.5,http://dd.eionet.europa.eu/vocabulary/aq/pollutant/6001,hour,16.3360004300,µg/m3,2018-04-18 11:00:00 +01:00,2018-04-18 12:00:00 +01:00,1,1
AT,AT.0008.20.AQ,NET.09,STA.09.AKC,,SPO.09.AKC.5066.6001.1,SPP.09.AKC.5066.6001.1.11325,SAM.09.AKC.5066.6001.1,PM2.5,http://dd.eionet.europa.eu/vocabulary/aq/pollutant/6001,hour,11.4419994200,µg/m3,2018-04-18 12:00:00 +01:00,2018-04-18 13:00:00 +01:00,1,1
AT,AT.0008.20.AQ,NET.09,STA.09.AKC,,SPO.09.AKC.5066.6001.1,SPP.09.AKC.5066.6001.1.11325,SAM.09.AKC.5066.6001.1,PM2.5,http://dd.eionet.europa.eu/vocabulary/aq/pollutant/6001,hour,8.4874992200,µg/m3,2018-04-18 15:00:00 +01:00,2018-04-18 16:00:00 +01:00,1,1
AT,AT.0008.20.AQ,NET.09,STA.09.AKC,,SPO.09.AKC.5066.6001.1,SPP.09.AKC.5066.6001.1.11325,SAM.09.AKC.5066.6001.1,PM2.5,http://dd.eionet.europa.eu/vocabulary/aq/pollutant/6001,hour,9.8761501200,µg/m3,2018-04-18 18:00:00 +01:00,2018-04-18 19:00:00 +01:00,1,1
AT,AT.0008.20.AQ,NET.09,STA.09.AKC,,SPO.09.AKC.5066.6001.1,SPP.09.AKC.5066.6001.1.11325,SAM.09.AKC.5066.6001.1,PM2.5,http://dd.eionet.europa.eu/vocabulary/aq/pollutant/6001,hour,12.6655006300,µg/m3,2018-04-19 01:00:00 +01:00,2018-04-19 02:00:00 +01:00,1,1
AT,AT.0008.20.AQ,NET.09,STA.09.AKC,,SPO.09.AKC.5066.6001.1,SPP.09.AKC.5066.6001.1.11325,SAM.09.AKC.5066.6001.1,PM2.5,http://dd.eionet.europa.eu/vocabulary/aq/pollutant/6001,hour,11.6890001100,µg/m3,2018-04-19 02:00:00 +01:00,2018-04-19 03:00:00 +01:00,1,1
AT,AT.0008.20.AQ,NET.09,STA.09.AKC,,SPO.09.AKC.5066.6001.1,SPP.09.AKC.5066.6001.1.11325,SAM.09.AKC.5066.6001.1,PM2.5,http://dd.eionet.europa.eu/vocabulary/aq/pollutant/6001,hour,7.7411994800,µg/m3,2018-04-19 14:00:00 +01:00,2018-04-19 15:00:00 +01:00,1,1
AT,AT.0008.20.AQ,NET.09,STA.09.AKC,,SPO.09.AKC.5066.6001.1,SPP.09.AKC.5066.6001.1.11325,SAM.09.AKC.5066.6001.1,PM2.5,http://dd.eionet.europa.eu/vocabulary/aq/pollutant/6001,hour,6.6717500500,µg/m3,2018-04-19 17:00:00 +01:00,2018-04-19 18:00:00 +01:00,1,1
AT,AT.0008.20.AQ,NET.09,STA.09.AKC,,SPO.09.AKC.5066.6001.1,SPP.09.AKC.5066.6001.1.11325,SAM.09.AKC.5066.6001.1,PM2.5,http://dd.eionet.europa.eu/vocabulary/aq/pollutant/6001,hour,7.7772498000,µg/m3,2018-04-19 18:00:00 +01:00,2018-04-19 19:00:00 +01:00,1,1
AT,AT.0008.20.AQ,NET.09,STA.09.AKC,,SPO.09.AKC.5066.6001.1,SPP.09.AKC.5066.6001.1.11325,SAM.09.AKC.5066.6001.1,PM2.5,http://dd.eionet.europa.eu/vocabulary/aq/pollutant/6001,hour,8.4691505300,µg/m3,2018-04-19 21:00:00 +01:00,2018-04-19 22:00:00 +01:00,1,1
AT,AT.0008.20.AQ,NET.09,STA.09.AKC,,SPO.09.AKC.5066.6001.1,SPP.09.AKC.5066.6001.1.11325,SAM.09.AKC.5066.6001.1,PM2.5,http://dd.eionet.europa.eu/vocabulary/aq/pollutant/6001,hour,9.6987495300,µg/m3,2018-04-20 08:00:00 +01:00,2018-04-20 09:00:00 +01:00,1,1
AT,AT.0008.20.AQ,NET.09,STA.09.AKC,,SPO.09.AKC.5066.6001.1,SPP.09.AKC.5066.6001.1.11325,SAM.09.AKC.5066.6001.1,PM2.5,http://dd.eionet.europa.eu/vocabulary/aq/pollutant/6001,hour,8.5631008000,µg/m3,2018-04-20 09:00:00 +01:00,2018-04-20 10:00:00 +01:00,1,1
AT,AT.0008.20.AQ,NET.09,STA.09.AKC,,SPO.09.AKC.5066.6001.1,SPP.09.AKC.5066.6001.1.11325,SAM.09.AKC.5066.6001.1,PM2.5,http://dd.eionet.europa.eu/vocabulary/aq/pollutant/6001,hour,7.3119001200,µg/m3,2018-04-20 11:00:00 +01:00,2018-04-20 12:00:00 +01:00,1,1
AT,AT.0008.20.AQ,NET.09,STA.09.AKC,,SPO.09.AKC.5066.6001.1,SPP.09.AKC.5066.6001.1.11325,SAM.09.AKC.5066.6001.1,PM2.5,http://dd.eionet.europa.eu/vocabulary/aq/pollutant/6001,hour,4.5053996900,µg/m3,2018-04-20 16:00:00 +01:00,2018-04-20 17:00:00 +01:00,1,1
AT,AT.0008.20.AQ,NET.09,STA.09.AKC,,SPO.09.AKC.5066.6001.1,SPP.09.AKC.5066.6001.1.11325,SAM.09.AKC.5066.6001.1,PM2.5,http://dd.eionet.europa.eu/vocabulary/aq/pollutant/6001,hour,5.2702503100,µg/m3,2018-04-20 18:00:00 +01:00,2018-04-20 19:00:00 +01:00,1,1
AT,AT.0008.20.AQ,NET.09,STA.09.AKC,,SPO.09.AKC.5066.6001.1,SPP.09.AKC.5066.6001.1.11325,SAM.09.AKC.5066.6001.1,PM2.5,http://dd.eionet.europa.eu/vocabulary/aq/pollutant/6001,hour,7.4884500400,µg/m3,2018-04-20 19:00:00 +01:00,2018-04-20 20:00:00 +01:00,1,1
AT,AT.0008.20.AQ,NET.09,STA.09.AKC,,SPO.09.AKC.5066.6001.1,SPP.09.AKC.5066.6001.1.11325,SAM.09.AKC.5066.6001.1,PM2.5,http://dd.eionet.europa.eu/vocabulary/aq/pollutant/6001,hour,8.0230502900,µg/m3,2018-04-20 21:00:00 +01:00,2018-04-20 22:00:00 +01:00,1,1
AT,AT.0008.20.AQ,NET.09,STA.09.AKC,,SPO.09.AKC.5066.6001.1,SPP.09.AKC.5066.6001.1.11325,SAM.09.AKC.5066.6001.1,PM2.5,http://dd.eionet.europa.eu/vocabulary/aq/pollutant/6001,hour,6.1431999100,µg/m3,2018-04-21 01:00:00 +01:00,2018-04-21 02:00:00 +01:00,1,1
AT,AT.0008.20.AQ,NET.09,STA.09.AKC,,SPO.09.AKC.5066.6001.1,SPP.09.AKC.5066.6001.1.11325,SAM.09.AKC.5066.6001.1,PM2.5,http://dd.eionet.europa.eu/vocabulary/aq/pollutant/6001,hour,7.1757001700,µg/m3,2018-04-21 03:00:00 +01:00,2018-04-21 04:00:00 +01:00,1,1
AT,AT.0008.20.AQ,NET.09,STA.09.AKC,,SPO.09.AKC.5066.6001.1,SPP.09.AKC.5066.6001.1.11325,SAM.09.AKC.5066.6001.1,PM2.5,http://dd.eionet.europa.eu/vocabulary/aq/pollutant/6001,hour,9.3489999600,µg/m3,2018-04-21 05:00:00 +01:00,2018-04-21 06:00:00 +01:00,1,1
AT,AT.0008.20.AQ,NET.09,STA.09.AKC,,SPO.09.AKC.5066.6001.1,SPP.09.AKC.5066.6001.1.11325,SAM.09.AKC.5066.6001.1,PM2.5,http://dd.eionet.europa.eu/vocabulary/aq/pollutant/6001,hour,15.2530002400,µg/m3,2018-04-21 06:00:00 +01:00,2018-04-21 07:00:00 +01:00,1,1
AT,AT.0008.20.AQ,NET.09,STA.09.AKC,,SPO.09.AKC.5066.6001.1,SPP.09.AKC.5066.6001.1.11325,SAM.09.AKC.5066.6001.1,PM2.5,http://dd.eionet.europa.eu/vocabulary/aq/pollutant/6001,hour,17.3779983400,µg/m3,2018-04-21 08:00:00 +01:00,2018-04-21 09:00:00 +01:00,1,1
AT,AT.0008.20.AQ,NET.09,STA.09.AKC,,SPO.09.AKC.5066.6001.1,SPP.09.AKC.5066.6001.1.11325,SAM.09.AKC.5066.6001.1,PM2.5,http://dd.eionet.europa.eu/vocabulary/aq/pollutant/6001,hour,11.6315002300,µg/m3,2018-04-21 09:00:00 +01:00,2018-04-21 10:00:00 +01:00,1,1
AT,AT.0008.20.AQ,NET.09,STA.09.AKC,,SPO.09.AKC.5066.6001.1,SPP.09.AKC.5066.6001.1.11325,SAM.09.AKC.5066.6001.1,PM2.5,http://dd.eionet.europa.eu/vocabulary/aq/pollutant/6001,hour,6.5908002700,µg/m3,2018-04-21 12:00:00 +01:00,2018-04-21 13:00:00 +01:00,1,1
AT,AT.0008.20.AQ,NET.09,STA.09.AKC,,SPO.09.AKC.5066.6001.1,SPP.09.AKC.5066.6001.1.11325,SAM.09.AKC.5066.6001.1,PM2.5,http://dd.eionet.europa.eu/vocabulary/aq/pollutant/6001,hour,5.7951497900,µg/m3,2018-04-21 14:00:00 +01:00,2018-04-21 15:00:00 +01:00,1,1
AT,AT.0008.20.AQ,NET.09,STA.09.AKC,,SPO.09.AKC.5066.6001.1,SPP.09.AKC.5066.6001.1.11325,SAM.09.AKC.5066.6001.1,PM2.5,http://dd.eionet.europa.eu/vocabulary/aq/pollutant/6001,hour,5.8998498800,µg/m3,2018-04-21 19:00:00 +01:00,2018-04-21 20:00:00 +01:00,1,1
AT,AT.0008.20.AQ,NET.09,STA.09.AKC,,SPO.09.AKC.5066.6001.1,SPP.09.AKC.5066.6001.1.11325,SAM.09.AKC.5066.6001.1,PM2.5,http://dd.eionet.europa.eu/vocabulary/aq/pollutant/6001,hour,10.4419994200,µg/m3,2018-04-21 21:00:00 +01:00,2018-04-21 22:00:00 +01:00,1,1
AT,AT.0008.20.AQ,NET.09,STA.09.AKC,,SPO.09.AKC.5066.6001.1,SPP.09.AKC.5066.6001.1.11325,SAM.09.AKC.5066.6001.1,PM2.5,http://dd.eionet.europa.eu/vocabulary/aq/pollutant/6001,hour,18.6870002600,µg/m3,2018-04-22 06:00:00 +01:00,2018-04-22 07:00:00 +01:00,1,1
AT,AT.0008.20.AQ,NET.09,STA.09.AKC,,SPO.09.AKC.5066.6001.1,SPP.09.AKC.5066.6001.1.11325,SAM.09.AKC.5066.6001.1,PM2.5,http://dd.eionet.europa.eu/vocabulary/aq/pollutant/6001,hour,17.5639991600,µg/m3,2018-04-22 09:00:00 +01:00,2018-04-22 10:00:00 +01:00,1,1
AT,AT.0008.20.AQ,NET.09,STA.09.AKC,,SPO.09.AKC.5066.6001.1,SPP.09.AKC.5066.6001.1.11325,SAM.09.AKC.5066.6001.1,PM2.5,http://dd.eionet.europa.eu/vocabulary/aq/pollutant/6001,hour,12.1634998200,µg/m3,2018-04-22 18:00:00 +01:00,2018-04-22 19:00:00 +01:00,1,1
AT,AT.0008.20.AQ,NET.09,STA.09.AKC,,SPO.09.AKC.5066.6001.1,SPP.09.AKC.5066.6001.1.11325,SAM.09.AKC.5066.6001.1,PM2.5,http://dd.eionet.europa.eu/vocabulary/aq/pollutant/6001,hour,19.5149993700,µg/m3,2018-04-22 21:00:00 +01:00,2018-04-22 22:00:00 +01:00,1,1
AT,AT.0008.20.AQ,NET.09,STA.09.AKC,,SPO.09.AKC.5066.6001.1,SPP.09.AKC.5066.6001.1.11325,SAM.09.AKC.5066.6001.1,PM2.5,http://dd.eionet.europa.eu/vocabulary/aq/pollutant/6001,hour,16.8509998200,µg/m3,2018-04-23 03:00:00 +01:00,2018-04-23 04:00:00 +01:00,1,1
AT,AT.0008.20.AQ,NET.09,STA.09.AKC,,SPO.09.AKC.5066.6001.1,SPP.09.AKC.5066.6001.1.11325,SAM.09.AKC.5066.6001.1,PM2.5,http://dd.eionet.europa.eu/vocabulary/aq/pollutant/6001,hour,25.6279983400,µg/m3,2018-04-23 06:00:00 +01:00,2018-04-23 07:00:00 +01:00,1,1
AT,AT.0008.20.AQ,NET.09,STA.09.AKC,,SPO.09.AKC.5066.6001.1,SPP.09.AKC.5066.6001.1.11325,SAM.09.AKC.5066.6001.1,PM2.5,http://dd.eionet.europa.eu/vocabulary/aq/pollutant/6001,hour,19.7405013900,µg/m3,2018-04-23 08:00:00 +01:00,2018-04-23 09:00:00 +01:00,1,1
AT,AT.0008.20.AQ,NET.09,STA.09.AKC,,SPO.09.AKC.5066.6001.1,SPP.09.AKC.5066.6001.1.11325,SAM.09.AKC.5066.6001.1,PM2.5,http://dd.eionet.europa.eu/vocabulary/aq/pollutant/6001,hour,10.8800001000,µg/m3,2018-04-23 10:00:00 +01:00,2018-04-23 11:00:00 +01:00,1,1
AT,AT.0008.20.AQ,NET.09,STA.09.AKC,,SPO.09.AKC.5066.6001.1,SPP.09.AKC.5066.6001.1.11325,SAM.09.AKC.5066.6001.1,PM2.5,http://dd.eionet.europa.eu/vocabulary/aq/pollutant/6001,hour,9.8421497200,µg/m3,2018-04-23 12:00:00 +01:00,2018-04-23 13:00:00 +01:00,1,1
AT,AT.0008.20.AQ,NET.09,STA.09.AKC,,SPO.09.AKC.5066.6001.1,SPP.09.AKC.5066.6001.1.11325,SAM.09.AKC.5066.6001.1,PM2.5,http://dd.eionet.europa.eu/vocabulary/aq/pollutant/6001,hour,9.4638004200,µg/m3,2018-04-23 13:00:00 +01:00,2018-04-23 14:00:00 +01:00,1,1
AT,AT.0008.20.AQ,NET.09,STA.09.AKC,,SPO.09.AKC.5066.6001.1,SPP.09.AKC.5066.6001.1.11325,SAM.09.AKC.5066.6001.1,PM2.5,http://dd.eionet.europa.eu/vocabulary/aq/pollutant/6001,hour,9.1808500100,µg/m3,2018-04-23 17:00:00 +01:00,2018-04-23 18:00:00 +01:00,1,1
AT,AT.0008.20.AQ,NET.09,STA.09.AKC,,SPO.09.AKC.5066.6001.1,SPP.09.AKC.5066.6001.1.11325,SAM.09.AKC.5066.6001.1,PM2.5,http://dd.eionet.europa.eu/vocabulary/aq/pollutant/6001,hour,9.1865997200,µg/m3,2018-04-23 21:00:00 +01:00,2018-04-23 22:00:00 +01:00,1,1
AT,AT.0008.20.AQ,NET.09,STA.09.AKC,,SPO.09.AKC.5066.6001.1,SPP.09.AKC.5066.6001.1.11325,SAM.09.AKC.5066.6001.1,PM2.5,http://dd.eionet.europa.eu/vocabulary/aq/pollutant/6001,hour,10.0282001300,µg/m3,2018-04-23 22:00:00 +01:00,2018-04-23 23:00:00 +01:00,1,1
AT,AT.0008.20.AQ,NET.09,STA.09.AKC,,SPO.09.AKC.5066.6001.1,SPP.09.AKC.5066.6001.1.11325,SAM.09.AKC.5066.6001.1,PM2.5,http://dd.eionet.europa.eu/vocabulary/aq/pollutant/6001,hour,8.8766498400,µg/m3,2018-04-24 01:00:00 +01:00,2018-04-24 02:00:00 +01:00,1,1
AT,AT.0008.20.AQ,NET.09,STA.09.AKC,,SPO.09.AKC.5066.6001.1,SPP.09.AKC.5066.6001.1.11325,SAM.09.AKC.5066.6001.1,PM2.5,http://dd.eionet.europa.eu/vocabulary/aq/pollutant/6001,hour,8.5179004500,µg/m3,2018-04-24 02:00:00 +01:00,2018-04-24 03:00:00 +01:00,1,1
AT,AT.0008.20.AQ,NET.09,STA.09.AKC,,SPO.09.AKC.5066.6001.1,SPP.09.AKC.5066.6001.1.11325,SAM.09.AKC.5066.6001.1,PM2.5,http://dd.eionet.europa.eu/vocabulary/aq/pollutant/6001,hour,8.5922002600,µg/m3,2018-04-24 04:00:00 +01:00,2018-04-24 05:00:00 +01:00,1,1
AT,AT.0008.20.AQ,NET.09,STA.09.AKC,,SPO.09.AKC.5066.6001.1,SPP.09.AKC.5066.6001.1.11325,SAM.09.AKC.5066.6001.1,PM2.5,http://dd.eionet.europa.eu/vocabulary/aq/pollutant/6001,hour,10.1701002000,µg/m3,2018-04-24 05:00:00 +01:00,2018-04-24 06:00:00 +01:00,1,1
AT,AT.0008.20.AQ,NET.09,STA.09.AKC,,SPO.09.AKC.5066.6001.1,SPP.09.AKC.5066.6001.1.11325,SAM.09.AKC.5066.6001.1,PM2.5,http://dd.eionet.europa.eu/vocabulary/aq/pollutant/6001,hour,9.3449001200,µg/m3,2018-04-24 08:00:00 +01:00,2018-04-24 09:00:00 +01:00,1,1
AT,AT.0008.20.AQ,NET.09,STA.09.AKC,,SPO.09.AKC.5066.6001.1,SPP.09.AKC.5066.6001.1.11325,SAM.09.AKC.5066.6001.1,PM2.5,http://dd.eionet.europa.eu/vocabulary/aq/pollutant/6001,hour,8.9369001200,µg/m3,2018-04-24 09:00:00 +01:00,2018-04-24 10:00:00 +01:00,1,1
AT,AT.0008.20.AQ,NET.09,STA.09.AKC,,SPO.09.AKC.5066.6001.1,SPP.09.AKC.5066.6001.1.11325,SAM.09.AKC.5066.6001.1,PM2.5,http://dd.eionet.europa.eu/vocabulary/aq/pollutant/6001,hour,7.2779498000,µg/m3,2018-04-24 11:00:00 +01:00,2018-04-24 12:00:00 +01:00,1,1
AT,AT.0008.20.AQ,NET.09,STA.09.AKC,,SPO.09.AKC.5066.6001.1,SPP.09.AKC.5066.6001.1.11325,SAM.09.AKC.5066.6001.1,PM2.5,http://dd.eionet.europa.eu/vocabulary/aq/pollutant/6001,hour,10.1630496800,µg/m3,2018-04-24 12:00:00 +01:00,2018-04-24 13:00:00 +01:00,1,1
AT,AT.0008.20.AQ,NET.09,STA.09.AKC,,SPO.09.AKC.5066.6001.1,SPP.09.AKC.5066.6001.1.11325,SAM.09.AKC.5066.6001.1,PM2.5,http://dd.eionet.europa.eu/vocabulary/aq/pollutant/6001,hour,8.0461501900,µg/m3,2018-04-24 16:00:00 +01:00,2018-04-24 17:00:00 +01:00,1,1
AT,AT.0008.20.AQ,NET.09,STA.09.AKC,,SPO.09.AKC.5066.6001.1,SPP.09.AKC.5066.6001.1.11325,SAM.09.AKC.5066.6001.1,PM2.5,http://dd.eionet.europa.eu/vocabulary/aq/pollutant/6001,hour,8.8346996200,µg/m3,2018-04-24 18:00:00 +01:00,2018-04-24 19:00:00 +01:00,1,1
AT,AT.0008.20.AQ,NET.09,STA.09.AKC,,SPO.09.AKC.5066.6001.1,SPP.09.AKC.5066.6001.1.11325,SAM.09.AKC.5066.6001.1,PM2.5,http://dd.eionet.europa.eu/vocabulary/aq/pollutant/6001,hour,12.1599998300,µg/m3,2018-04-24 22:00:00 +01:00,2018-04-24 23:00:00 +01:00,1,1
AT,AT.0008.20.AQ,NET.09,STA.09.AKC,,SPO.09.AKC.5066.6001.1,SPP.09.AKC.5066.6001.1.11325,SAM.09.AKC.5066.6001.1,PM2.5,http://dd.eionet.europa.eu/vocabulary/aq/pollutant/6001,hour,8.5842494800,µg/m3,2018-04-25 03:00:00 +01:00,2018-04-25 04:00:00 +01:00,1,1
AT,AT.0008.20.AQ,NET.09,STA.09.AKC,,SPO.09.AKC.5066.6001.1,SPP.09.AKC.5066.6001.1.11325,SAM.09.AKC.5066.6001.1,PM2.5,http://dd.eionet.europa.eu/vocabulary/aq/pollutant/6001,hour,9.0571002800,µg/m3,2018-04-25 04:00:00 +01:00,2018-04-25 05:00:00 +01:00,1,1
AT,AT.0008.20.AQ,NET.09,STA.09.AKC,,SPO.09.AKC.5066.6001.1,SPP.09.AKC.5066.6001.1.11325,SAM.09.AKC.5066.6001.1,PM2.5,http://dd.eionet.europa.eu/vocabulary/aq/pollutant/6001,hour,9.7434997400,µg/m3,2018-04-25 05:00:00 +01:00,2018-04-25 06:00:00 +01:00,1,1
AT,AT.0008.20.AQ,NET.09,STA.09.AKC,,SPO.09.AKC.5066.6001.1,SPP.09.AKC.5066.6001.1.11325,SAM.09.AKC.5066.6001.1,PM2.5,http://dd.eionet.europa.eu/vocabulary/aq/pollutant/6001,hour,9.4975995900,µg/m3,2018-04-25 09:00:00 +01:00,2018-04-25 10:00:00 +01:00,1,1
AT,AT.0008.20.AQ,NET.09,STA.09.AKC,,SPO.09.AKC.5066.6001.1,SPP.09.AKC.5066.6001.1.11325,SAM.09.AKC.5066.6001.1,PM2.5,http://dd.eionet.europa.eu/vocabulary/aq/pollutant/6001,hour,7.2539501000,µg/m3,2018-04-25 10:00:00 +01:00,2018-04-25 11:00:00 +01:00,1,1
AT,AT.0008.20.AQ,NET.09,STA.09.AKC,,SPO.09.AKC.5066.6001.1,SPP.09.AKC.5066.6001.1.11325,SAM.09.AKC.5066.6001.1,PM2.5,http://dd.eionet.europa.eu/vocabulary/aq/pollutant/6001,hour,8.0519504400,µg/m3,2018-04-25 16:00:00 +01:00,2018-04-25 17:00:00 +01:00,1,1
AT,AT.0008.20.AQ,NET.09,STA.09.AKC,,SPO.09.AKC.5066.6001.1,SPP.09.AKC.5066.6001.1.11325,SAM.09.AKC.5066.6001.1,PM2.5,http://dd.eionet.europa.eu/vocabulary/aq/pollutant/6001,hour,7.7305002100,µg/m3,2018-04-25 17:00:00 +01:00,2018-04-25 18:00:00 +01:00,1,1
AT,AT.0008.20.AQ,NET.09,STA.09.AKC,,SPO.09.AKC.5066.6001.1,SPP.09.AKC.5066.6001.1.11325,SAM.09.AKC.5066.6001.1,PM2.5,http://dd.eionet.europa.eu/vocabulary/aq/pollutant/6001,hour,8.3145999800,µg/m3,2018-04-25 18:00:00 +01:00,2018-04-25 19:00:00 +01:00,1,1
AT,AT.0008.20.AQ,NET.09,STA.09.AKC,,SPO.09.AKC.5066.6001.1,SPP.09.AKC.5066.6001.1.11325,SAM.09.AKC.5066.6001.1,PM2.5,http://dd.eionet.europa.eu/vocabulary/aq/pollutant/6001,hour,9.5367498200,µg/m3,2018-04-25 21:00:00 +01:00,2018-04-25 22:00:00 +01:00,1,1
AT,AT.0008.20.AQ,NET.09,STA.09.AKC,,SPO.09.AKC.5066.6001.1,SPP.09.AKC.5066.6001.1.11325,SAM.09.AKC.5066.6001.1,PM2.5,http://dd.eionet.europa.eu/vocabulary/aq/pollutant/6001,hour,9.6593494300,µg/m3,2018-04-26 05:00:00 +01:00,2018-04-26 06:00:00 +01:00,1,1
AT,AT.0008.20.AQ,NET.09,STA.09.AKC,,SPO.09.AKC.5066.6001.1,SPP.09.AKC.5066.6001.1.11325,SAM.09.AKC.5066.6001.1,PM2.5,http://dd.eionet.europa.eu/vocabulary/aq/pollutant/6001,hour,6.3762001800,µg/m3,2018-04-26 08:00:00 +01:00,2018-04-26 09:00:00 +01:00,1,1
AT,AT.0008.20.AQ,NET.09,STA.09.AKC,,SPO.09.AKC.5066.6001.1,SPP.09.AKC.5066.6001.1.11325,SAM.09.AKC.5066.6001.1,PM2.5,http://dd.eionet.europa.eu/vocabulary/aq/pollutant/6001,hour,5.9227499800,µg/m3,2018-04-26 09:00:00 +01:00,2018-04-26 10:00:00 +01:00,1,1
AT,AT.0008.20.AQ,NET.09,STA.09.AKC,,SPO.09.AKC.5066.6001.1,SPP.09.AKC.5066.6001.1.11325,SAM.09.AKC.5066.6001.1,PM2.5,http://dd.eionet.europa.eu/vocabulary/aq/pollutant/6001,hour,7.2850499000,µg/m3,2018-04-26 10:00:00 +01:00,2018-04-26 11:00:00 +01:00,1,1
AT,AT.0008.20.AQ,NET.09,STA.09.AKC,,SPO.09.AKC.5066.6001.1,SPP.09.AKC.5066.6001.1.11325,SAM.09.AKC.5066.6001.1,PM2.5,http://dd.eionet.europa.eu/vocabulary/aq/pollutant/6001,hour,6.6135501700,µg/m3,2018-04-26 11:00:00 +01:00,2018-04-26 12:00:00 +01:00,1,1
AT,AT.0008.20.AQ,NET.09,STA.09.AKC,,SPO.09.AKC.5066.6001.1,SPP.09.AKC.5066.6001.1.11325,SAM.09.AKC.5066.6001.1,PM2.5,http://dd.eionet.europa.eu/vocabulary/aq/pollutant/6001,hour,7.9141502200,µg/m3,2018-04-26 14:00:00 +01:00,2018-04-26 15:00:00 +01:00,1,1
AT,AT.0008.20.AQ,NET.09,STA.09.AKC,,SPO.09.AKC.5066.6001.1,SPP.09.AKC.5066.6001.1.11325,SAM.09.AKC.5066.6001.1,PM2.5,http://dd.eionet.europa.eu/vocabulary/aq/pollutant/6001,hour,6.7160997200,µg/m3,2018-04-26 16:00:00 +01:00,2018-04-26 17:00:00 +01:00,1,1
AT,AT.0008.20.AQ,NET.09,STA.09.AKC,,SPO.09.AKC.5066.6001.1,SPP.09.AKC.5066.6001.1.11325,SAM.09.AKC.5066.6001.1,PM2.5,http://dd.eionet.europa.eu/vocabulary/aq/pollutant/6001,hour,7.2709998900,µg/m3,2018-04-26 17:00:00 +01:00,2018-04-26 18:00:00 +01:00,1,1
AT,AT.0008.20.AQ,NET.09,STA.09.AKC,,SPO.09.AKC.5066.6001.1,SPP.09.AKC.5066.6001.1.11325,SAM.09.AKC.5066.6001.1,PM2.5,http://dd.eionet.europa.eu/vocabulary/aq/pollutant/6001,hour,6.8410997200,µg/m3,2018-04-26 19:00:00 +01:00,2018-04-26 20:00:00 +01:00,1,1
AT,AT.0008.20.AQ,NET.09,STA.09.AKC,,SPO.09.AKC.5066.6001.1,SPP.09.AKC.5066.6001.1.11325,SAM.09.AKC.5066.6001.1,PM2.5,http://dd.eionet.europa.eu/vocabulary/aq/pollutant/6001,hour,6.9000997400,µg/m3,2018-04-26 20:00:00 +01:00,2018-04-26 21:00:00 +01:00,1,1
AT,AT.0008.20.AQ,NET.09,STA.09.AKC,,SPO.09.AKC.5066.6001.1,SPP.09.AKC.5066.6001.1.11325,SAM.09.AKC.5066.6001.1,PM2.5,http://dd.eionet.europa.eu/vocabulary/aq/pollutant/6001,hour,7.4623498800,µg/m3,2018-04-27 01:00:00 +01:00,2018-04-27 02:00:00 +01:00,1,1
AT,AT.0008.20.AQ,NET.09,STA.09.AKC,,SPO.09.AKC.5066.6001.1,SPP.09.AKC.5066.6001.1.11325,SAM.09.AKC.5066.6001.1,PM2.5,http://dd.eionet.europa.eu/vocabulary/aq/pollutant/6001,hour,7.5244502900,µg/m3,2018-04-27 02:00:00 +01:00,2018-04-27 03:00:00 +01:00,1,1
AT,AT.0008.20.AQ,NET.09,STA.09.AKC,,SPO.09.AKC.5066.6001.1,SPP.09.AKC.5066.6001.1.11325,SAM.09.AKC.5066.6001.1,PM2.5,http://dd.eionet.europa.eu/vocabulary/aq/pollutant/6001,hour,8.1317005000,µg/m3,2018-04-27 04:00:00 +01:00,2018-04-27 05:00:00 +01:00,1,1
AT,AT.0008.20.AQ,NET.09,STA.09.AKC,,SPO.09.AKC.5066.6001.1,SPP.09.AKC.5066.6001.1.11325,SAM.09.AKC.5066.6001.1,PM2.5,http://dd.eionet.europa.eu/vocabulary/aq/pollutant/6001,hour,9.3305492300,µg/m3,2018-04-27 05:00:00 +01:00,2018-04-27 06:00:00 +01:00,1,1
AT,AT.0008.20.AQ,NET.09,STA.09.AKC,,SPO.09.AKC.5066.6001.1,SPP.09.AKC.5066.6001.1.11325,SAM.09.AKC.5066.6001.1,PM2.5,http://dd.eionet.europa.eu/vocabulary/aq/pollutant/6001,hour,11.9425001000,µg/m3,2018-04-27 06:00:00 +01:00,2018-04-27 07:00:00 +01:00,1,1
AT,AT.0008.20.AQ,NET.09,STA.09.AKC,,SPO.09.AKC.5066.6001.1,SPP.09.AKC.5066.6001.1.11325,SAM.09.AKC.5066.6001.1,PM2.5,http://dd.eionet.europa.eu/vocabulary/aq/pollutant/6001,hour,12.5520000300,µg/m3,2018-04-27 08:00:00 +01:00,2018-04-27 09:00:00 +01:00,1,1
AT,AT.0008.20.AQ,NET.09,STA.09.AKC,,SPO.09.AKC.5066.6001.1,SPP.09.AKC.5066.6001.1.11325,SAM.09.AKC.5066.6001.1,PM2.5,http://dd.eionet.europa.eu/vocabulary/aq/pollutant/6001,hour,9.4096507900,µg/m3,2018-04-27 10:00:00 +01:00,2018-04-27 11:00:00 +01:00,1,1
AT,AT.0008.20.AQ,NET.09,STA.09.AKC,,SPO.09.AKC.5066.6001.1,SPP.09.AKC.5066.6001.1.11325,SAM.09.AKC.5066.6001.1,PM2.5,http://dd.eionet.europa.eu/vocabulary/aq/pollutant/6001,hour,6.7428502900,µg/m3,2018-04-27 12:00:00 +01:00,2018-04-27 13:00:00 +01:00,1,1
AT,AT.0008.20.AQ,NET.09,STA.09.AKC,,SPO.09.AKC.5066.6001.1,SPP.09.AKC.5066.6001.1.11325,SAM.09.AKC.5066.6001.1,PM2.5,http://dd.eionet.europa.eu/vocabulary/aq/pollutant/6001,hour,5.7678499100,µg/m3,2018-04-27 14:00:00 +01:00,2018-04-27 15:00:00 +01:00,1,1
AT,AT.0008.20.AQ,NET.09,STA.09.AKC,,SPO.09.AKC.5066.6001.1,SPP.09.AKC.5066.6001.1.11325,SAM.09.AKC.5066.6001.1,PM2.5,http://dd.eionet.europa.eu/vocabulary/aq/pollutant/6001,hour,5.9851503200,µg/m3,2018-04-27 16:00:00 +01:00,2018-04-27 17:00:00 +01:00,1,1
AT,AT.0008.20.AQ,NET.09,STA.09.AKC,,SPO.09.AKC.5066.6001.1,SPP.09.AKC.5066.6001.1.11325,SAM.09.AKC.5066.6001.1,PM2.5,http://dd.eionet.europa.eu/vocabulary/aq/pollutant/6001,hour,6.2947001300,µg/m3,2018-04-27 17:00:00 +01:00,2018-04-27 18:00:00 +01:00,1,1
AT,AT.0008.20.AQ,NET.09,STA.09.AKC,,SPO.09.AKC.5066.6001.1,SPP.09.AKC.5066.6001.1.11325,SAM.09.AKC.5066.6001.1,PM2.5,http://dd.eionet.europa.eu/vocabulary/aq/pollutant/6001,hour,6.3144998400,µg/m3,2018-04-27 18:00:00 +01:00,2018-04-27 19:00:00 +01:00,1,1
AT,AT.0008.20.AQ,NET.09,STA.09.AKC,,SPO.09.AKC.5066.6001.1,SPP.09.AKC.5066.6001.1.11325,SAM.09.AKC.5066.6001.1,PM2.5,http://dd.eionet.europa.eu/vocabulary/aq/pollutant/6001,hour,6.9737996900,µg/m3,2018-04-27 19:00:00 +01:00,2018-04-27 20:00:00 +01:00,1,1
AT,AT.0008.20.AQ,NET.09,STA.09.AKC,,SPO.09.AKC.5066.6001.1,SPP.09.AKC.5066.6001.1.11325,SAM.09.AKC.5066.6001.1,PM2.5,http://dd.eionet.europa.eu/vocabulary/aq/pollutant/6001,hour,7.8943500400,µg/m3,2018-04-27 20:00:00 +01:00,2018-04-27 21:00:00 +01:00,1,1
AT,AT.0008.20.AQ,NET.09,STA.09.AKC,,SPO.09.AKC.5066.6001.1,SPP.09.AKC.5066.6001.1.11325,SAM.09.AKC.5066.6001.1,PM2.5,http://dd.eionet.europa.eu/vocabulary/aq/pollutant/6001,hour,8.8274001900,µg/m3,2018-04-27 22:00:00 +01:00,2018-04-27 23:00:00 +01:00,1,1
AT,AT.0008.20.AQ,NET.09,STA.09.AKC,,SPO.09.AKC.5066.6001.1,SPP.09.AKC.5066.6001.1.11325,SAM.09.AKC.5066.6001.1,PM2.5,http://dd.eionet.europa.eu/vocabulary/aq/pollutant/6001,hour,9.3416004000,µg/m3,2018-04-28 00:00:00 +01:00,2018-04-28 01:00:00 +01:00,1,1
AT,AT.0008.20.AQ,NET.09,STA.09.AKC,,SPO.09.AKC.5066.6001.1,SPP.09.AKC.5066.6001.1.11325,SAM.09.AKC.5066.6001.1,PM2.5,http://dd.eionet.europa.eu/vocabulary/aq/pollutant/6001,hour,9.3838500800,µg/m3,2018-04-28 01:00:00 +01:00,2018-04-28 02:00:00 +01:00,1,1
AT,AT.0008.20.AQ,NET.09,STA.09.AKC,,SPO.09.AKC.5066.6001.1,SPP.09.AKC.5066.6001.1.11325,SAM.09.AKC.5066.6001.1,PM2.5,http://dd.eionet.europa.eu/vocabulary/aq/pollutant/6001,hour,11.3645000300,µg/m3,2018-04-28 04:00:00 +01:00,2018-04-28 05:00:00 +01:00,1,1
AT,AT.0008.20.AQ,NET.09,STA.09.AKC,,SPO.09.AKC.5066.6001.1,SPP.09.AKC.5066.6001.1.11325,SAM.09.AKC.5066.6001.1,PM2.5,http://dd.eionet.europa.eu/vocabulary/aq/pollutant/6001,hour,14.5839996200,µg/m3,2018-04-28 09:00:00 +01:00,2018-04-28 10:00:00 +01:00,1,1
AT,AT.0008.20.AQ,NET.09,STA.09.AKC,,SPO.09.AKC.5066.6001.1,SPP.09.AKC.5066.6001.1.11325,SAM.09.AKC.5066.6001.1,PM2.5,http://dd.eionet.europa.eu/vocabulary/aq/pollutant/6001,hour,8.1469993400,µg/m3,2018-04-28 12:00:00 +01:00,2018-04-28 13:00:00 +01:00,1,1
AT,AT.0008.20.AQ,NET.09,STA.09.AKC,,SPO.09.AKC.5066.6001.1,SPP.09.AKC.5066.6001.1.11325,SAM.09.AKC.5066.6001.1,PM2.5,http://dd.eionet.europa.eu/vocabulary/aq/pollutant/6001,hour,8.3341998900,µg/m3,2018-04-28 14:00:00 +01:00,2018-04-28 15:00:00 +01:00,1,1
AT,AT.0008.20.AQ,NET.09,STA.09.AKC,,SPO.09.AKC.5066.6001.1,SPP.09.AKC.5066.6001.1.11325,SAM.09.AKC.5066.6001.1,PM2.5,http://dd.eionet.europa.eu/vocabulary/aq/pollutant/6001,hour,9.5125503400,µg/m3,2018-04-28 16:00:00 +01:00,2018-04-28 17:00:00 +01:00,1,1
AT,AT.0008.20.AQ,NET.09,STA.09.AKC,,SPO.09.AKC.5066.6001.1,SPP.09.AKC.5066.6001.1.11325,SAM.09.AKC.5066.6001.1,PM2.5,http://dd.eionet.europa.eu/vocabulary/aq/pollutant/6001,hour,10.1858501300,µg/m3,2018-04-28 17:00:00 +01:00,2018-04-28 18:00:00 +01:00,1,1
AT,AT.0008.20.AQ,NET.09,STA.09.AKC,,SPO.09.AKC.5066.6001.1,SPP.09.AKC.5066.6001.1.11325,SAM.09.AKC.5066.6001.1,PM2.5,http://dd.eionet.europa.eu/vocabulary/aq/pollutant/6001,hour,11.8629999000,µg/m3,2018-04-28 21:00:00 +01:00,2018-04-28 22:00:00 +01:00,1,1
AT,AT.0008.20.AQ,NET.09,STA.09.AKC,,SPO.09.AKC.5066.6001.1,SPP.09.AKC.5066.6001.1.11325,SAM.09.AKC.5066.6001.1,PM2.5,http://dd.eionet.europa.eu/vocabulary/aq/pollutant/6001,hour,12.7859992800,µg/m3,2018-04-28 22:00:00 +01:00,2018-04-28 23:00:00 +01:00,1,1
AT,AT.0008.20.AQ,NET.09,STA.09.AKC,,SPO.09.AKC.5066.6001.1,SPP.09.AKC.5066.6001.1.11325,SAM.09.AKC.5066.6001.1,PM2.5,http://dd.eionet.europa.eu/vocabulary/aq/pollutant/6001,hour,13.8190002300,µg/m3,2018-04-28 23:00:00 +01:00,2018-04-29 00:00:00 +01:00,1,1
AT,AT.0008.20.AQ,NET.09,STA.09.AKC,,SPO.09.AKC.5066.6001.1,SPP.09.AKC.5066.6001.1.11325,SAM.09.AKC.5066.6001.1,PM2.5,http://dd.eionet.europa.eu/vocabulary/aq/pollutant/6001,hour,13.6024999500,µg/m3,2018-04-29 00:00:00 +01:00,2018-04-29 01:00:00 +01:00,1,1
AT,AT.0008.20.AQ,NET.09,STA.09.AKC,,SPO.09.AKC.5066.6001.1,SPP.09.AKC.5066.6001.1.11325,SAM.09.AKC.5066.6001.1,PM2.5,http://dd.eionet.europa.eu/vocabulary/aq/pollutant/6001,hour,16.6889991600,µg/m3,2018-04-29 06:00:00 +01:00,2018-04-29 07:00:00 +01:00,1,1
AT,AT.0008.20.AQ,NET.09,STA.09.AKC,,SPO.09.AKC.5066.6001.1,SPP.09.AKC.5066.6001.1.11325,SAM.09.AKC.5066.6001.1,PM2.5,http://dd.eionet.europa.eu/vocabulary/aq/pollutant/6001,hour,12.9589996200,µg/m3,2018-04-29 10:00:00 +01:00,2018-04-29 11:00:00 +01:00,1,1
AT,AT.0008.20.AQ,NET.09,STA.09.AKC,,SPO.09.AKC.5066.6001.1,SPP.09.AKC.5066.6001.1.11325,SAM.09.AKC.5066.6001.1,PM2.5,http://dd.eionet.europa.eu/vocabulary/aq/pollutant/6001,hour,12.5349998300,µg/m3,2018-04-29 18:00:00 +01:00,2018-04-29 19:00:00 +01:00,1,1
AT,AT.0008.20.AQ,NET.09,STA.09.AKC,,SPO.09.AKC.5066.6001.1,SPP.09.AKC.5066.6001.1.11325,SAM.09.AKC.5066.6001.1,PM2.5,http://dd.eionet.europa.eu/vocabulary/aq/pollutant/6001,hour,9.2100000200,µg/m3,2018-04-30 12:00:00 +01:00,2018-04-30 13:00:00 +01:00,1,1
AT,AT.0008.20.AQ,NET.09,STA.09.AKC,,SPO.09.AKC.5066.6001.1,SPP.09.AKC.5066.6001.1.11325,SAM.09.AKC.5066.6001.1,PM2.5,http://dd.eionet.europa.eu/vocabulary/aq/pollutant/6001,hour,6.7230000300,µg/m3,2018-04-30 18:00:00 +01:00,2018-04-30 19:00:00 +01:00,1,1
AT,AT.0008.20.AQ,NET.09,STA.09.AKC,,SPO.09.AKC.5066.6001.1,SPP.09.AKC.5066.6001.1.11325,SAM.09.AKC.5066.6001.1,PM2.5,http://dd.eionet.europa.eu/vocabulary/aq/pollutant/6001,hour,5.7716998900,µg/m3,2018-04-30 23:00:00 +01:00,2018-05-01 00:00:00 +01:00,1,1
AT,AT.0008.20.AQ,NET.09,STA.09.AKC,,SPO.09.AKC.5066.6001.1,SPP.09.AKC.5066.6001.1.11325,SAM.09.AKC.5066.6001.1,PM2.5,http://dd.eionet.europa.eu/vocabulary/aq/pollutant/6001,hour,4.8786001100,µg/m3,2018-05-01 01:00:00 +01:00,2018-05-01 02:00:00 +01:00,1,1
AT,AT.0008.20.AQ,NET.09,STA.09.AKC,,SPO.09.AKC.5066.6001.1,SPP.09.AKC.5066.6001.1.11325,SAM.09.AKC.5066.6001.1,PM2.5,http://dd.eionet.europa.eu/vocabulary/aq/pollutant/6001,hour,3.9094998700,µg/m3,2018-05-01 02:00:00 +01:00,2018-05-01 03:00:00 +01:00,1,1
AT,AT.0008.20.AQ,NET.09,STA.09.AKC,,SPO.09.AKC.5066.6001.1,SPP.09.AKC.5066.6001.1.11325,SAM.09.AKC.5066.6001.1,PM2.5,http://dd.eionet.europa.eu/vocabulary/aq/pollutant/6001,hour,4.4352998600,µg/m3,2018-05-01 06:00:00 +01:00,2018-05-01 07:00:00 +01:00,1,1
AT,AT.0008.20.AQ,NET.09,STA.09.AKC,,SPO.09.AKC.5066.6001.1,SPP.09.AKC.5066.6001.1.11325,SAM.09.AKC.5066.6001.1,PM2.5,http://dd.eionet.europa.eu/vocabulary/aq/pollutant/6001,hour,4.1139001700,µg/m3,2018-05-01 08:00:00 +01:00,2018-05-01 09:00:00 +01:00,1,1
AT,AT.0008.20.AQ,NET.09,STA.09.AKC,,SPO.09.AKC.5066.6001.1,SPP.09.AKC.5066.6001.1.11325,SAM.09.AKC.5066.6001.1,PM2.5,http://dd.eionet.europa.eu/vocabulary/aq/pollutant/6001,hour,4.1295995600,µg/m3,2018-05-01 11:00:00 +01:00,2018-05-01 12:00:00 +01:00,1,1
AT,AT.0008.20.AQ,NET.09,STA.09.AKC,,SPO.09.AKC.5066.6001.1,SPP.09.AKC.5066.6001.1.11325,SAM.09.AKC.5066.6001.1,PM2.5,http://dd.eionet.europa.eu/vocabulary/aq/pollutant/6001,hour,4.2571000900,µg/m3,2018-05-01 12:00:00 +01:00,2018-05-01 13:00:00 +01:00,1,1
AT,AT.0008.20.AQ,NET.09,STA.09.AKC,,SPO.09.AKC.5066.6001.1,SPP.09.AKC.5066.6001.1.11325,SAM.09.AKC.5066.6001.1,PM2.5,http://dd.eionet.europa.eu/vocabulary/aq/pollutant/6001,hour,4.8179998200,µg/m3,2018-05-01 14:00:00 +01:00,2018-05-01 15:00:00 +01:00,1,1
AT,AT.0008.20.AQ,NET.09,STA.09.AKC,,SPO.09.AKC.5066.6001.1,SPP.09.AKC.5066.6001.1.11325,SAM.09.AKC.5066.6001.1,PM2.5,http://dd.eionet.europa.eu/vocabulary/aq/pollutant/6001,hour,4.3756499100,µg/m3,2018-05-01 15:00:00 +01:00,2018-05-01 16:00:00 +01:00,1,1
AT,AT.0008.20.AQ,NET.09,STA.09.AKC,,SPO.09.AKC.5066.6001.1,SPP.09.AKC.5066.6001.1.11325,SAM.09.AKC.5066.6001.1,PM2.5,http://dd.eionet.europa.eu/vocabulary/aq/pollutant/6001,hour,6.8373498800,µg/m3,2018-05-01 20:00:00 +01:00,2018-05-01 21:00:00 +01:00,1,1
AT,AT.0008.20.AQ,NET.09,STA.09.AKC,,SPO.09.AKC.5066.6001.1,SPP.09.AKC.5066.6001.1.11325,SAM.09.AKC.5066.6001.1,PM2.5,http://dd.eionet.europa.eu/vocabulary/aq/pollutant/6001,hour,5.9702000500,µg/m3,2018-05-01 21:00:00 +01:00,2018-05-01 22:00:00 +01:00,1,1
AT,AT.0008.20.AQ,NET.09,STA.09.AKC,,SPO.09.AKC.5066.6001.1,SPP.09.AKC.5066.6001.1.11325,SAM.09.AKC.5066.6001.1,PM2.5,http://dd.eionet.europa.eu/vocabulary/aq/pollutant/6001,hour,4.4160499400,µg/m3,2018-05-01 22:00:00 +01:00,2018-05-01 23:00:00 +01:00,1,1
AT,AT.0008.20.AQ,NET.09,STA.09.AKC,,SPO.09.AKC.5066.6001.1,SPP.09.AKC.5066.6001.1.11325,SAM.09.AKC.5066.6001.1,PM2.5,http://dd.eionet.europa.eu/vocabulary/aq/pollutant/6001,hour,4.0298499900,µg/m3,2018-05-02 00:00:00 +01:00,2018-05-02 01:00:00 +01:00,1,1
AT,AT.0008.20.AQ,NET.09,STA.09.AKC,,SPO.09.AKC.5066.6001.1,SPP.09.AKC.5066.6001.1.11325,SAM.09.AKC.5066.6001.1,PM2.5,http://dd.eionet.europa.eu/vocabulary/aq/pollutant/6001,hour,3.9350500000,µg/m3,2018-05-02 01:00:00 +01:00,2018-05-02 02:00:00 +01:00,1,1
AT,AT.0008.20.AQ,NET.09,STA.09.AKC,,SPO.09.AKC.5066.6001.1,SPP.09.AKC.5066.6001.1.11325,SAM.09.AKC.5066.6001.1,PM2.5,http://dd.eionet.europa.eu/vocabulary/aq/pollutant/6001,hour,9.5276498600,µg/m3,2018-05-02 06:00:00 +01:00,2018-05-02 07:00:00 +01:00,1,1
AT,AT.0008.20.AQ,NET.09,STA.09.AKC,,SPO.09.AKC.5066.6001.1,SPP.09.AKC.5066.6001.1.11325,SAM.09.AKC.5066.6001.1,PM2.5,http://dd.eionet.europa.eu/vocabulary/aq/pollutant/6001,hour,14.4405002400,µg/m3,2018-05-02 07:00:00 +01:00,2018-05-02 08:00:00 +01:00,1,1
AT,AT.0008.20.AQ,NET.09,STA.09.AKC,,SPO.09.AKC.5066.6001.1,SPP.09.AKC.5066.6001.1.11325,SAM.09.AKC.5066.6001.1,PM2.5,http://dd.eionet.europa.eu/vocabulary/aq/pollutant/6001,hour,12.0819997600,µg/m3,2018-05-02 09:00:00 +01:00,2018-05-02 10:00:00 +01:00,1,1
AT,AT.0008.20.AQ,NET.09,STA.09.AKC,,SPO.09.AKC.5066.6001.1,SPP.09.AKC.5066.6001.1.11325,SAM.09.AKC.5066.6001.1,PM2.5,http://dd.eionet.europa.eu/vocabulary/aq/pollutant/6001,hour,16.9749984600,µg/m3,2018-05-02 18:00:00 +01:00,2018-05-02 19:00:00 +01:00,1,1
AT,AT.0008.20.AQ,NET.09,STA.09.AKC,,SPO.09.AKC.5066.6001.1,SPP.09.AKC.5066.6001.1.11325,SAM.09.AKC.5066.6001.1,PM2.5,http://dd.eionet.europa.eu/vocabulary/aq/pollutant/6001,hour,8.5483999100,µg/m3,2018-05-02 22:00:00 +01:00,2018-05-02 23:00:00 +01:00,1,1
AT,AT.0008.20.AQ,NET.09,STA.09.AKC,,SPO.09.AKC.5066.6001.1,SPP.09.AKC.5066.6001.1.11325,SAM.09.AKC.5066.6001.1,PM2.5,http://dd.eionet.europa.eu/vocabulary/aq/pollutant/6001,hour,7.4395999800,µg/m3,2018-05-02 23:00:00 +01:00,2018-05-03 00:00:00 +01:00,1,1
AT,AT.0008.20.AQ,NET.09,STA.09.AKC,,SPO.09.AKC.5066.6001.1,SPP.09.AKC.5066.6001.1.11325,SAM.09.AKC.5066.6001.1,PM2.5,http://dd.eionet.europa.eu/vocabulary/aq/pollutant/6001,hour,6.8978500200,µg/m3,2018-05-03 00:00:00 +01:00,2018-05-03 01:00:00 +01:00,1,1
AT,AT.0008.20.AQ,NET.09,STA.09.AKC,,SPO.09.AKC.5066.6001.1,SPP.09.AKC.5066.6001.1.11325,SAM.09.AKC.5066.6001.1,PM2.5,http://dd.eionet.europa.eu/vocabulary/aq/pollutant/6001,hour,6.8943996300,µg/m3,2018-05-03 01:00:00 +01:00,2018-05-03 02:00:00 +01:00,1,1
AT,AT.0008.20.AQ,NET.09,STA.09.AKC,,SPO.09.AKC.5066.6001.1,SPP.09.AKC.5066.6001.1.11325,SAM.09.AKC.5066.6001.1,PM2.5,http://dd.eionet.europa.eu/vocabulary/aq/pollutant/6001,hour,10.4171504800,µg/m3,2018-05-03 04:00:00 +01:00,2018-05-03 05:00:00 +01:00,1,1
AT,AT.0008.20.AQ,NET.09,STA.09.AKC,,SPO.09.AKC.5066.6001.1,SPP.09.AKC.5066.6001.1.11325,SAM.09.AKC.5066.6001.1,PM2.5,http://dd.eionet.europa.eu/vocabulary/aq/pollutant/6001,hour,8.6368007500,µg/m3,2018-05-03 07:00:00 +01:00,2018-05-03 08:00:00 +01:00,1,1
AT,AT.0008.20.AQ,NET.09,STA.09.AKC,,SPO.09.AKC.5066.6001.1,SPP.09.AKC.5066.6001.1.11325,SAM.09.AKC.5066.6001.1,PM2.5,http://dd.eionet.europa.eu/vocabulary/aq/pollutant/6001,hour,8.7762994600,µg/m3,2018-05-03 08:00:00 +01:00,2018-05-03 09:00:00 +01:00,1,1
AT,AT.0008.20.AQ,NET.09,STA.09.AKC,,SPO.09.AKC.5066.6001.1,SPP.09.AKC.5066.6001.1.11325,SAM.09.AKC.5066.6001.1,PM2.5,http://dd.eionet.europa.eu/vocabulary/aq/pollutant/6001,hour,11.3680000200,µg/m3,2018-05-03 16:00:00 +01:00,2018-05-03 17:00:00 +01:00,1,1
AT,AT.0008.20.AQ,NET.09,STA.09.AKC,,SPO.09.AKC.5066.6001.1,SPP.09.AKC.5066.6001.1.11325,SAM.09.AKC.5066.6001.1,PM2.5,http://dd.eionet.europa.eu/vocabulary/aq/pollutant/6001,hour,12.7520007900,µg/m3,2018-05-03 19:00:00 +01:00,2018-05-03 20:00:00 +01:00,1,1
AT,AT.0008.20.AQ,NET.09,STA.09.AKC,,SPO.09.AKC.5066.6001.1,SPP.09.AKC.5066.6001.1.11325,SAM.09.AKC.5066.6001.1,PM2.5,http://dd.eionet.europa.eu/vocabulary/aq/pollutant/6001,hour,12.8184995500,µg/m3,2018-05-03 21:00:00 +01:00,2018-05-03 22:00:00 +01:00,1,1
AT,AT.0008.20.AQ,NET.09,STA.09.AKC,,SPO.09.AKC.5066.6001.1,SPP.09.AKC.5066.6001.1.11325,SAM.09.AKC.5066.6001.1,PM2.5,http://dd.eionet.europa.eu/vocabulary/aq/pollutant/6001,hour,21.4654998600,µg/m3,2018-05-04 00:00:00 +01:00,2018-05-04 01:00:00 +01:00,1,1
AT,AT.0008.20.AQ,NET.09,STA.09.AKC,,SPO.09.AKC.5066.6001.1,SPP.09.AKC.5066.6001.1.11325,SAM.09.AKC.5066.6001.1,PM2.5,http://dd.eionet.europa.eu/vocabulary/aq/pollutant/6001,hour,21.9920005600,µg/m3,2018-05-04 02:00:00 +01:00,2018-05-04 03:00:00 +01:00,1,1
AT,AT.0008.20.AQ,NET.09,STA.09.AKC,,SPO.09.AKC.5066.6001.1,SPP.09.AKC.5066.6001.1.11325,SAM.09.AKC.5066.6001.1,PM2.5,http://dd.eionet.europa.eu/vocabulary/aq/pollutant/6001,hour,21.4864997700,µg/m3,2018-05-04 03:00:00 +01:00,2018-05-04 04:00:00 +01:00,1,1
AT,AT.0008.20.AQ,NET.09,STA.09.AKC,,SPO.09.AKC.5066.6001.1,SPP.09.AKC.5066.6001.1.11325,SAM.09.AKC.5066.6001.1,PM2.5,http://dd.eionet.europa.eu/vocabulary/aq/pollutant/6001,hour,13.3339996200,µg/m3,2018-05-04 15:00:00 +01:00,2018-05-04 16:00:00 +01:00,1,1
AT,AT.0008.20.AQ,NET.09,STA.09.AKC,,SPO.09.AKC.5066.6001.1,SPP.09.AKC.5066.6001.1.11325,SAM.09.AKC.5066.6001.1,PM2.5,http://dd.eionet.europa.eu/vocabulary/aq/pollutant/6001,hour,20.0009994400,µg/m3,2018-05-04 19:00:00 +01:00,2018-05-04 20:00:00 +01:00,1,1
AT,AT.0008.20.AQ,NET.09,STA.09.AKC,,SPO.09.AKC.5066.6001.1,SPP.09.AKC.5066.6001.1.11325,SAM.09.AKC.5066.6001.1,PM2.5,http://dd.eionet.europa.eu/vocabulary/aq/pollutant/6001,hour,24.2644996500,µg/m3,2018-05-04 21:00:00 +01:00,2018-05-04 22:00:00 +01:00,1,1
AT,AT.0008.20.AQ,NET.09,STA.09.AKC,,SPO.09.AKC.5066.6001.1,SPP.09.AKC.5066.6001.1.11325,SAM.09.AKC.5066.6001.1,PM2.5,http://dd.eionet.europa.eu/vocabulary/aq/pollutant/6001,hour,21.1414985500,µg/m3,2018-05-05 00:00:00 +01:00,2018-05-05 01:00:00 +01:00,1,1
AT,AT.0008.20.AQ,NET.09,STA.09.AKC,,SPO.09.AKC.5066.6001.1,SPP.09.AKC.5066.6001.1.11325,SAM.09.AKC.5066.6001.1,PM2.5,http://dd.eionet.europa.eu/vocabulary/aq/pollutant/6001,hour,19.4734992800,µg/m3,2018-05-05 01:00:00 +01:00,2018-05-05 02:00:00 +01:00,1,1
AT,AT.0008.20.AQ,NET.09,STA.09.AKC,,SPO.09.AKC.5066.6001.1,SPP.09.AKC.5066.6001.1.11325,SAM.09.AKC.5066.6001.1,PM2.5,http://dd.eionet.europa.eu/vocabulary/aq/pollutant/6001,hour,19.8880004700,µg/m3,2018-05-05 02:00:00 +01:00,2018-05-05 03:00:00 +01:00,1,1
AT,AT.0008.20.AQ,NET.09,STA.09.AKC,,SPO.09.AKC.5066.6001.1,SPP.09.AKC.5066.6001.1.11325,SAM.09.AKC.5066.6001.1,PM2.5,http://dd.eionet.europa.eu/vocabulary/aq/pollutant/6001,hour,19.1889991600,µg/m3,2018-05-05 06:00:00 +01:00,2018-05-05 07:00:00 +01:00,1,1
AT,AT.0008.20.AQ,NET.09,STA.09.AKC,,SPO.09.AKC.5066.6001.1,SPP.09.AKC.5066.6001.1.11325,SAM.09.AKC.5066.6001.1,PM2.5,http://dd.eionet.europa.eu/vocabulary/aq/pollutant/6001,hour,19.0294990400,µg/m3,2018-05-05 07:00:00 +01:00,2018-05-05 08:00:00 +01:00,1,1
AT,AT.0008.20.AQ,NET.09,STA.09.AKC,,SPO.09.AKC.5066.6001.1,SPP.09.AKC.5066.6001.1.11325,SAM.09.AKC.5066.6001.1,PM2.5,http://dd.eionet.europa.eu/vocabulary/aq/pollutant/6001,hour,19.6499996000,µg/m3,2018-05-05 08:00:00 +01:00,2018-05-05 09:00:00 +01:00,1,1
AT,AT.0008.20.AQ,NET.09,STA.09.AKC,,SPO.09.AKC.5066.6001.1,SPP.09.AKC.5066.6001.1.11325,SAM.09.AKC.5066.6001.1,PM2.5,http://dd.eionet.europa.eu/vocabulary/aq/pollutant/6001,hour,20.1414985500,µg/m3,2018-05-05 10:00:00 +01:00,2018-05-05 11:00:00 +01:00,1,1
AT,AT.0008.20.AQ,NET.09,STA.09.AKC,,SPO.09.AKC.5066.6001.1,SPP.09.AKC.5066.6001.1.11325,SAM.09.AKC.5066.6001.1,PM2.5,http://dd.eionet.europa.eu/vocabulary/aq/pollutant/6001,hour,5.7315997900,µg/m3,2018-05-05 17:00:00 +01:00,2018-05-05 18:00:00 +01:00,1,1
AT,AT.0008.20.AQ,NET.09,STA.09.AKC,,SPO.09.AKC.5066.6001.1,SPP.09.AKC.5066.6001.1.11325,SAM.09.AKC.5066.6001.1,PM2.5,http://dd.eionet.europa.eu/vocabulary/aq/pollutant/6001,hour,5.5289497200,µg/m3,2018-05-05 18:00:00 +01:00,2018-05-05 19:00:00 +01:00,1,1
AT,AT.0008.20.AQ,NET.09,STA.09.AKC,,SPO.09.AKC.5066.6001.1,SPP.09.AKC.5066.6001.1.11325,SAM.09.AKC.5066.6001.1,PM2.5,http://dd.eionet.europa.eu/vocabulary/aq/pollutant/6001,hour,4.9265999600,µg/m3,2018-05-05 20:00:00 +01:00,2018-05-05 21:00:00 +01:00,1,1
AT,AT.0008.20.AQ,NET.09,STA.09.AKC,,SPO.09.AKC.5066.6001.1,SPP.09.AKC.5066.6001.1.11325,SAM.09.AKC.5066.6001.1,PM2.5,http://dd.eionet.europa.eu/vocabulary/aq/pollutant/6001,hour,4.0011997100,µg/m3,2018-05-05 22:00:00 +01:00,2018-05-05 23:00:00 +01:00,1,1
AT,AT.0008.20.AQ,NET.09,STA.09.AKC,,SPO.09.AKC.5066.6001.1,SPP.09.AKC.5066.6001.1.11325,SAM.09.AKC.5066.6001.1,PM2.5,http://dd.eionet.europa.eu/vocabulary/aq/pollutant/6001,hour,4.7702503100,µg/m3,2018-05-06 02:00:00 +01:00,2018-05-06 03:00:00 +01:00,1,1
AT,AT.0008.20.AQ,NET.09,STA.09.AKC,,SPO.09.AKC.5066.6001.1,SPP.09.AKC.5066.6001.1.11325,SAM.09.AKC.5066.6001.1,PM2.5,http://dd.eionet.europa.eu/vocabulary/aq/pollutant/6001,hour,5.0524997600,µg/m3,2018-05-06 04:00:00 +01:00,2018-05-06 05:00:00 +01:00,1,1
AT,AT.0008.20.AQ,NET.09,STA.09.AKC,,SPO.09.AKC.5066.6001.1,SPP.09.AKC.5066.6001.1.11325,SAM.09.AKC.5066.6001.1,PM2.5,http://dd.eionet.europa.eu/vocabulary/aq/pollutant/6001,hour,5.4630498700,µg/m3,2018-05-06 05:00:00 +01:00,2018-05-06 06:00:00 +01:00,1,1
AT,AT.0008.20.AQ,NET.09,STA.09.AKC,,SPO.09.AKC.5066.6001.1,SPP.09.AKC.5066.6001.1.11325,SAM.09.AKC.5066.6001.1,PM2.5,http://dd.eionet.europa.eu/vocabulary/aq/pollutant/6001,hour,5.8559503400,µg/m3,2018-05-06 06:00:00 +01:00,2018-05-06 07:00:00 +01:00,1,1
AT,AT.0008.20.AQ,NET.09,STA.09.AKC,,SPO.09.AKC.5066.6001.1,SPP.09.AKC.5066.6001.1.11325,SAM.09.AKC.5066.6001.1,PM2.5,http://dd.eionet.europa.eu/vocabulary/aq/pollutant/6001,hour,6.3165502400,µg/m3,2018-05-06 07:00:00 +01:00,2018-05-06 08:00:00 +01:00,1,1
AT,AT.0008.20.AQ,NET.09,STA.09.AKC,,SPO.09.AKC.5066.6001.1,SPP.09.AKC.5066.6001.1.11325,SAM.09.AKC.5066.6001.1,PM2.5,http://dd.eionet.europa.eu/vocabulary/aq/pollutant/6001,hour,6.2750997400,µg/m3,2018-05-06 11:00:00 +01:00,2018-05-06 12:00:00 +01:00,1,1
AT,AT.0008.20.AQ,NET.09,STA.09.AKC,,SPO.09.AKC.5066.6001.1,SPP.09.AKC.5066.6001.1.11325,SAM.09.AKC.5066.6001.1,PM2.5,http://dd.eionet.europa.eu/vocabulary/aq/pollutant/6001,hour,5.5483503200,µg/m3,2018-05-06 12:00:00 +01:00,2018-05-06 13:00:00 +01:00,1,1
AT,AT.0008.20.AQ,NET.09,STA.09.AKC,,SPO.09.AKC.5066.6001.1,SPP.09.AKC.5066.6001.1.11325,SAM.09.AKC.5066.6001.1,PM2.5,http://dd.eionet.europa.eu/vocabulary/aq/pollutant/6001,hour,5.4014501400,µg/m3,2018-05-06 15:00:00 +01:00,2018-05-06 16:00:00 +01:00,1,1
AT,AT.0008.20.AQ,NET.09,STA.09.AKC,,SPO.09.AKC.5066.6001.1,SPP.09.AKC.5066.6001.1.11325,SAM.09.AKC.5066.6001.1,PM2.5,http://dd.eionet.europa.eu/vocabulary/aq/pollutant/6001,hour,6.2178997800,µg/m3,2018-05-06 17:00:00 +01:00,2018-05-06 18:00:00 +01:00,1,1
AT,AT.0008.20.AQ,NET.09,STA.09.AKC,,SPO.09.AKC.5066.6001.1,SPP.09.AKC.5066.6001.1.11325,SAM.09.AKC.5066.6001.1,PM2.5,http://dd.eionet.europa.eu/vocabulary/aq/pollutant/6001,hour,5.3655004400,µg/m3,2018-05-06 19:00:00 +01:00,2018-05-06 20:00:00 +01:00,1,1
AT,AT.0008.20.AQ,NET.09,STA.09.AKC,,SPO.09.AKC.5066.6001.1,SPP.09.AKC.5066.6001.1.11325,SAM.09.AKC.5066.6001.1,PM2.5,http://dd.eionet.europa.eu/vocabulary/aq/pollutant/6001,hour,5.6268000500,µg/m3,2018-05-06 20:00:00 +01:00,2018-05-06 21:00:00 +01:00,1,1
AT,AT.0008.20.AQ,NET.09,STA.09.AKC,,SPO.09.AKC.5066.6001.1,SPP.09.AKC.5066.6001.1.11325,SAM.09.AKC.5066.6001.1,PM2.5,http://dd.eionet.europa.eu/vocabulary/aq/pollutant/6001,hour,5.3654498900,µg/m3,2018-05-06 21:00:00 +01:00,2018-05-06 22:00:00 +01:00,1,1
AT,AT.0008.20.AQ,NET.09,STA.09.AKC,,SPO.09.AKC.5066.6001.1,SPP.09.AKC.5066.6001.1.11325,SAM.09.AKC.5066.6001.1,PM2.5,http://dd.eionet.europa.eu/vocabulary/aq/pollutant/6001,hour,5.5257000800,µg/m3,2018-05-07 02:00:00 +01:00,2018-05-07 03:00:00 +01:00,1,1
AT,AT.0008.20.AQ,NET.09,STA.09.AKC,,SPO.09.AKC.5066.6001.1,SPP.09.AKC.5066.6001.1.11325,SAM.09.AKC.5066.6001.1,PM2.5,http://dd.eionet.europa.eu/vocabulary/aq/pollutant/6001,hour,7.0347995600,µg/m3,2018-05-07 06:00:00 +01:00,2018-05-07 07:00:00 +01:00,1,1
AT,AT.0008.20.AQ,NET.09,STA.09.AKC,,SPO.09.AKC.5066.6001.1,SPP.09.AKC.5066.6001.1.11325,SAM.09.AKC.5066.6001.1,PM2.5,http://dd.eionet.europa.eu/vocabulary/aq/pollutant/6001,hour,7.5440001300,µg/m3,2018-05-07 08:00:00 +01:00,2018-05-07 09:00:00 +01:00,1,1
AT,AT.0008.20.AQ,NET.09,STA.09.AKC,,SPO.09.AKC.5066.6001.1,SPP.09.AKC.5066.6001.1.11325,SAM.09.AKC.5066.6001.1,PM2.5,http://dd.eionet.europa.eu/vocabulary/aq/pollutant/6001,hour,7.0930499900,µg/m3,2018-05-07 09:00:00 +01:00,2018-05-07 10:00:00 +01:00,1,1
AT,AT.0008.20.AQ,NET.09,STA.09.AKC,,SPO.09.AKC.5066.6001.1,SPP.09.AKC.5066.6001.1.11325,SAM.09.AKC.5066.6001.1,PM2.5,http://dd.eionet.europa.eu/vocabulary/aq/pollutant/6001,hour,7.6042499400,µg/m3,2018-05-07 11:00:00 +01:00,2018-05-07 12:00:00 +01:00,1,1
AT,AT.0008.20.AQ,NET.09,STA.09.AKC,,SPO.09.AKC.5066.6001.1,SPP.09.AKC.5066.6001.1.11325,SAM.09.AKC.5066.6001.1,PM2.5,http://dd.eionet.europa.eu/vocabulary/aq/pollutant/6001,hour,6.2574500900,µg/m3,2018-05-07 12:00:00 +01:00,2018-05-07 13:00:00 +01:00,1,1
AT,AT.0008.20.AQ,NET.09,STA.09.AKC,,SPO.09.AKC.5066.6001.1,SPP.09.AKC.5066.6001.1.11325,SAM.09.AKC.5066.6001.1,PM2.5,http://dd.eionet.europa.eu/vocabulary/aq/pollutant/6001,hour,5.5569000100,µg/m3,2018-05-07 13:00:00 +01:00,2018-05-07 14:00:00 +01:00,1,1
AT,AT.0008.20.AQ,NET.09,STA.09.AKC,,SPO.09.AKC.5066.6001.1,SPP.09.AKC.5066.6001.1.11325,SAM.09.AKC.5066.6001.1,PM2.5,http://dd.eionet.europa.eu/vocabulary/aq/pollutant/6001,hour,3.9163498700,µg/m3,2018-05-07 15:00:00 +01:00,2018-05-07 16:00:00 +01:00,1,1
AT,AT.0008.20.AQ,NET.09,STA.09.AKC,,SPO.09.AKC.5066.6001.1,SPP.09.AKC.5066.6001.1.11325,SAM.09.AKC.5066.6001.1,PM2.5,http://dd.eionet.europa.eu/vocabulary/aq/pollutant/6001,hour,5.9442500900,µg/m3,2018-05-07 21:00:00 +01:00,2018-05-07 22:00:00 +01:00,1,1
AT,AT.0008.20.AQ,NET.09,STA.09.AKC,,SPO.09.AKC.5066.6001.1,SPP.09.AKC.5066.6001.1.11325,SAM.09.AKC.5066.6001.1,PM2.5,http://dd.eionet.europa.eu/vocabulary/aq/pollutant/6001,hour,5.4818501300,µg/m3,2018-05-07 23:00:00 +01:00,2018-05-08 00:00:00 +01:00,1,1
AT,AT.0008.20.AQ,NET.09,STA.09.AKC,,SPO.09.AKC.5066.6001.1,SPP.09.AKC.5066.6001.1.11325,SAM.09.AKC.5066.6001.1,PM2.5,http://dd.eionet.europa.eu/vocabulary/aq/pollutant/6001,hour,5.4549999100,µg/m3,2018-05-08 00:00:00 +01:00,2018-05-08 01:00:00 +01:00,1,1
AT,AT.0008.20.AQ,NET.09,STA.09.AKC,,SPO.09.AKC.5066.6001.1,SPP.09.AKC.5066.6001.1.11325,SAM.09.AKC.5066.6001.1,PM2.5,http://dd.eionet.europa.eu/vocabulary/aq/pollutant/6001,hour,5.4399499700,µg/m3,2018-05-08 01:00:00 +01:00,2018-05-08 02:00:00 +01:00,1,1
AT,AT.0008.20.AQ,NET.09,STA.09.AKC,,SPO.09.AKC.5066.6001.1,SPP.09.AKC.5066.6001.1.11325,SAM.09.AKC.5066.6001.1,PM2.5,http://dd.eionet.europa.eu/vocabulary/aq/pollutant/6001,hour,6.6654996700,µg/m3,2018-05-08 04:00:00 +01:00,2018-05-08 05:00:00 +01:00,1,1
AT,AT.0008.20.AQ,NET.09,STA.09.AKC,,SPO.09.AKC.5066.6001.1,SPP.09.AKC.5066.6001.1.11325,SAM.09.AKC.5066.6001.1,PM2.5,http://dd.eionet.europa.eu/vocabulary/aq/pollutant/6001,hour,6.1570997100,µg/m3,2018-05-08 12:00:00 +01:00,2018-05-08 13:00:00 +01:00,1,1
AT,AT.0008.20.AQ,NET.09,STA.09.AKC,,SPO.09.AKC.5066.6001.1,SPP.09.AKC.5066.6001.1.11325,SAM.09.AKC.5066.6001.1,PM2.5,http://dd.eionet.europa.eu/vocabulary/aq/pollutant/6001,hour,7.5420999400,µg/m3,2018-05-08 15:00:00 +01:00,2018-05-08 16:00:00 +01:00,1,1
AT,AT.0008.20.AQ,NET.09,STA.09.AKC,,SPO.09.AKC.5066.6001.1,SPP.09.AKC.5066.6001.1.11325,SAM.09.AKC.5066.6001.1,PM2.5,http://dd.eionet.europa.eu/vocabulary/aq/pollutant/6001,hour,6.0263500100,µg/m3,2018-05-08 17:00:00 +01:00,2018-05-08 18:00:00 +01:00,1,1
AT,AT.0008.20.AQ,NET.09,STA.09.AKC,,SPO.09.AKC.5066.6001.1,SPP.09.AKC.5066.6001.1.11325,SAM.09.AKC.5066.6001.1,PM2.5,http://dd.eionet.europa.eu/vocabulary/aq/pollutant/6001,hour,4.1282501100,µg/m3,2018-05-08 18:00:00 +01:00,2018-05-08 19:00:00 +01:00,1,1
AT,AT.0008.20.AQ,NET.09,STA.09.AKC,,SPO.09.AKC.5066.6001.1,SPP.09.AKC.5066.6001.1.11325,SAM.09.AKC.5066.6001.1,PM2.5,http://dd.eionet.europa.eu/vocabulary/aq/pollutant/6001,hour,4.9063501200,µg/m3,2018-05-08 19:00:00 +01:00,2018-05-08 20:00:00 +01:00,1,1
AT,AT.0008.20.AQ,NET.09,STA.09.AKC,,SPO.09.AKC.5066.6001.1,SPP.09.AKC.5066.6001.1.11325,SAM.09.AKC.5066.6001.1,PM2.5,http://dd.eionet.europa.eu/vocabulary/aq/pollutant/6001,hour,5.3134002500,µg/m3,2018-05-08 23:00:00 +01:00,2018-05-09 00:00:00 +01:00,1,1
AT,AT.0008.20.AQ,NET.09,STA.09.AKC,,SPO.09.AKC.5066.6001.1,SPP.09.AKC.5066.6001.1.11325,SAM.09.AKC.5066.6001.1,PM2.5,http://dd.eionet.europa.eu/vocabulary/aq/pollutant/6001,hour,6.3491501700,µg/m3,2018-05-09 00:00:00 +01:00,2018-05-09 01:00:00 +01:00,1,1
AT,AT.0008.20.AQ,NET.09,STA.09.AKC,,SPO.09.AKC.5066.6001.1,SPP.09.AKC.5066.6001.1.11325,SAM.09.AKC.5066.6001.1,PM2.5,http://dd.eionet.europa.eu/vocabulary/aq/pollutant/6001,hour,6.1847500700,µg/m3,2018-05-09 01:00:00 +01:00,2018-05-09 02:00:00 +01:00,1,1
AT,AT.0008.20.AQ,NET.09,STA.09.AKC,,SPO.09.AKC.5066.6001.1,SPP.09.AKC.5066.6001.1.11325,SAM.09.AKC.5066.6001.1,PM2.5,http://dd.eionet.europa.eu/vocabulary/aq/pollutant/6001,hour,14.4774999500,µg/m3,2018-05-09 08:00:00 +01:00,2018-05-09 09:00:00 +01:00,1,1
AT,AT.0008.20.AQ,NET.09,STA.09.AKC,,SPO.09.AKC.5066.6001.1,SPP.09.AKC.5066.6001.1.11325,SAM.09.AKC.5066.6001.1,PM2.5,http://dd.eionet.europa.eu/vocabulary/aq/pollutant/6001,hour,13.9144992700,µg/m3,2018-05-09 09:00:00 +01:00,2018-05-09 10:00:00 +01:00,1,1
AT,AT.0008.20.AQ,NET.09,STA.09.AKC,,SPO.09.AKC.5066.6001.1,SPP.09.AKC.5066.6001.1.11325,SAM.09.AKC.5066.6001.1,PM2.5,http://dd.eionet.europa.eu/vocabulary/aq/pollutant/6001,hour,14.4604997500,µg/m3,2018-05-09 10:00:00 +01:00,2018-05-09 11:00:00 +01:00,1,1
AT,AT.0008.20.AQ,NET.09,STA.09.AKC,,SPO.09.AKC.5066.6001.1,SPP.09.AKC.5066.6001.1.11325,SAM.09.AKC.5066.6001.1,PM2.5,http://dd.eionet.europa.eu/vocabulary/aq/pollutant/6001,hour,15.2224998300,µg/m3,2018-05-09 15:00:00 +01:00,2018-05-09 16:00:00 +01:00,1,1
AT,AT.0008.20.AQ,NET.09,STA.09.AKC,,SPO.09.AKC.5066.6001.1,SPP.09.AKC.5066.6001.1.11325,SAM.09.AKC.5066.6001.1,PM2.5,http://dd.eionet.europa.eu/vocabulary/aq/pollutant/6001,hour,21.6565017600,µg/m3,2018-05-09 22:00:00 +01:00,2018-05-09 23:00:00 +01:00,1,1
AT,AT.0008.20.AQ,NET.09,STA.09.AKC,,SPO.09.AKC.5066.6001.1,SPP.09.AKC.5066.6001.1.11325,SAM.09.AKC.5066.6001.1,PM2.5,http://dd.eionet.europa.eu/vocabulary/aq/pollutant/6001,hour,22.0340003800,µg/m3,2018-05-10 00:00:00 +01:00,2018-05-10 01:00:00 +01:00,1,1
AT,AT.0008.20.AQ,NET.09,STA.09.AKC,,SPO.09.AKC.5066.6001.1,SPP.09.AKC.5066.6001.1.11325,SAM.09.AKC.5066.6001.1,PM2.5,http://dd.eionet.europa.eu/vocabulary/aq/pollutant/6001,hour,21.5960006600,µg/m3,2018-05-10 01:00:00 +01:00,2018-05-10 02:00:00 +01:00,1,1
AT,AT.0008.20.AQ,NET.09,STA.09.AKC,,SPO.09.AKC.5066.6001.1,SPP.09.AKC.5066.6001.1.11325,SAM.09.AKC.5066.6001.1,PM2.5,http://dd.eionet.europa.eu/vocabulary/aq/pollutant/6001,hour,20.0149993700,µg/m3,2018-05-10 04:00:00 +01:00,2018-05-10 05:00:00 +01:00,1,1
AT,AT.0008.20.AQ,NET.09,STA.09.AKC,,SPO.09.AKC.5066.6001.1,SPP.09.AKC.5066.6001.1.11325,SAM.09.AKC.5066.6001.1,PM2.5,http://dd.eionet.europa.eu/vocabulary/aq/pollutant/6001,hour,19.4314994700,µg/m3,2018-05-10 06:00:00 +01:00,2018-05-10 07:00:00 +01:00,1,1
AT,AT.0008.20.AQ,NET.09,STA.09.AKC,,SPO.09.AKC.5066.6001.1,SPP.09.AKC.5066.6001.1.11325,SAM.09.AKC.5066.6001.1,PM2.5,http://dd.eionet.europa.eu/vocabulary/aq/pollutant/6001,hour,17.0324993000,µg/m3,2018-05-10 08:00:00 +01:00,2018-05-10 09:00:00 +01:00,1,1
AT,AT.0008.20.AQ,NET.09,STA.09.AKC,,SPO.09.AKC.5066.6001.1,SPP.09.AKC.5066.6001.1.11325,SAM.09.AKC.5066.6001.1,PM2.5,http://dd.eionet.europa.eu/vocabulary/aq/pollutant/6001,hour,16.2644996500,µg/m3,2018-05-10 09:00:00 +01:00,2018-05-10 10:00:00 +01:00,1,1
AT,AT.0008.20.AQ,NET.09,STA.09.AKC,,SPO.09.AKC.5066.6001.1,SPP.09.AKC.5066.6001.1.11325,SAM.09.AKC.5066.6001.1,PM2.5,http://dd.eionet.europa.eu/vocabulary/aq/pollutant/6001,hour,13.2899999500,µg/m3,2018-05-10 17:00:00 +01:00,2018-05-10 18:00:00 +01:00,1,1
AT,AT.0008.20.AQ,NET.09,STA.09.AKC,,SPO.09.AKC.5066.6001.1,SPP.09.AKC.5066.6001.1.11325,SAM.09.AKC.5066.6001.1,PM2.5,http://dd.eionet.europa.eu/vocabulary/aq/pollutant/6001,hour,8.2455997300,µg/m3,2018-05-10 19:00:00 +01:00,2018-05-10 20:00:00 +01:00,1,1
AT,AT.0008.20.AQ,NET.09,STA.09.AKC,,SPO.09.AKC.5066.6001.1,SPP.09.AKC.5066.6001.1.11325,SAM.09.AKC.5066.6001.1,PM2.5,http://dd.eionet.europa.eu/vocabulary/aq/pollutant/6001,hour,8.4221496400,µg/m3,2018-05-11 03:00:00 +01:00,2018-05-11 04:00:00 +01:00,1,1
AT,AT.0008.20.AQ,NET.09,STA.09.AKC,,SPO.09.AKC.5066.6001.1,SPP.09.AKC.5066.6001.1.11325,SAM.09.AKC.5066.6001.1,PM2.5,http://dd.eionet.europa.eu/vocabulary/aq/pollutant/6001,hour,9.7241496900,µg/m3,2018-05-11 05:00:00 +01:00,2018-05-11 06:00:00 +01:00,1,1
AT,AT.0008.20.AQ,NET.09,STA.09.AKC,,SPO.09.AKC.5066.6001.1,SPP.09.AKC.5066.6001.1.11325,SAM.09.AKC.5066.6001.1,PM2.5,http://dd.eionet.europa.eu/vocabulary/aq/pollutant/6001,hour,10.7859992800,µg/m3,2018-05-11 08:00:00 +01:00,2018-05-11 09:00:00 +01:00,1,1
AT,AT.0008.20.AQ,NET.09,STA.09.AKC,,SPO.09.AKC.5066.6001.1,SPP.09.AKC.5066.6001.1.11325,SAM.09.AKC.5066.6001.1,PM2.5,http://dd.eionet.europa.eu/vocabulary/aq/pollutant/6001,hour,9.7574500900,µg/m3,2018-05-11 13:00:00 +01:00,2018-05-11 14:00:00 +01:00,1,1
AT,AT.0008.20.AQ,NET.09,STA.09.AKC,,SPO.09.AKC.5066.6001.1,SPP.09.AKC.5066.6001.1.11325,SAM.09.AKC.5066.6001.1,PM2.5,http://dd.eionet.europa.eu/vocabulary/aq/pollutant/6001,hour,7.9991497800,µg/m3,2018-05-11 14:00:00 +01:00,2018-05-11 15:00:00 +01:00,1,1
AT,AT.0008.20.AQ,NET.09,STA.09.AKC,,SPO.09.AKC.5066.6001.1,SPP.09.AKC.5066.6001.1.11325,SAM.09.AKC.5066.6001.1,PM2.5,http://dd.eionet.europa.eu/vocabulary/aq/pollutant/6001,hour,8.9442996800,µg/m3,2018-05-11 17:00:00 +01:00,2018-05-11 18:00:00 +01:00,1,1
AT,AT.0008.20.AQ,NET.09,STA.09.AKC,,SPO.09.AKC.5066.6001.1,SPP.09.AKC.5066.6001.1.11325,SAM.09.AKC.5066.6001.1,PM2.5,http://dd.eionet.europa.eu/vocabulary/aq/pollutant/6001,hour,11.1905002400,µg/m3,2018-05-12 12:00:00 +01:00,2018-05-12 13:00:00 +01:00,1,1
AT,AT.0008.20.AQ,NET.09,STA.09.AKC,,SPO.09.AKC.5066.6001.1,SPP.09.AKC.5066.6001.1.11325,SAM.09.AKC.5066.6001.1,PM2.5,http://dd.eionet.europa.eu/vocabulary/aq/pollutant/6001,hour,10.1623000900,µg/m3,2018-05-12 14:00:00 +01:00,2018-05-12 15:00:00 +01:00,1,1
AT,AT.0008.20.AQ,NET.09,STA.09.AKC,,SPO.09.AKC.5066.6001.1,SPP.09.AKC.5066.6001.1.11325,SAM.09.AKC.5066.6001.1,PM2.5,http://dd.eionet.europa.eu/vocabulary/aq/pollutant/6001,hour,9.6579494300,µg/m3,2018-05-12 16:00:00 +01:00,2018-05-12 17:00:00 +01:00,1,1
AT,AT.0008.20.AQ,NET.09,STA.09.AKC,,SPO.09.AKC.5066.6001.1,SPP.09.AKC.5066.6001.1.11325,SAM.09.AKC.5066.6001.1,PM2.5,http://dd.eionet.europa.eu/vocabulary/aq/pollutant/6001,hour,10.4155006300,µg/m3,2018-05-12 19:00:00 +01:00,2018-05-12 20:00:00 +01:00,1,1
AT,AT.0008.20.AQ,NET.09,STA.09.AKC,,SPO.09.AKC.5066.6001.1,SPP.09.AKC.5066.6001.1.11325,SAM.09.AKC.5066.6001.1,PM2.5,http://dd.eionet.europa.eu/vocabulary/aq/pollutant/6001,hour,11.9320001500,µg/m3,2018-05-13 02:00:00 +01:00,2018-05-13 03:00:00 +01:00,1,1
AT,AT.0008.20.AQ,NET.09,STA.09.AKC,,SPO.09.AKC.5066.6001.1,SPP.09.AKC.5066.6001.1.11325,SAM.09.AKC.5066.6001.1,PM2.5,http://dd.eionet.europa.eu/vocabulary/aq/pollutant/6001,hour,12.2859992800,µg/m3,2018-05-13 03:00:00 +01:00,2018-05-13 04:00:00 +01:00,1,1
AT,AT.0008.20.AQ,NET.09,STA.09.AKC,,SPO.09.AKC.5066.6001.1,SPP.09.AKC.5066.6001.1.11325,SAM.09.AKC.5066.6001.1,PM2.5,http://dd.eionet.europa.eu/vocabulary/aq/pollutant/6001,hour,12.9879999000,µg/m3,2018-05-13 04:00:00 +01:00,2018-05-13 05:00:00 +01:00,1,1
AT,AT.0008.20.AQ,NET.09,STA.09.AKC,,SPO.09.AKC.5066.6001.1,SPP.09.AKC.5066.6001.1.11325,SAM.09.AKC.5066.6001.1,PM2.5,http://dd.eionet.europa.eu/vocabulary/aq/pollutant/6001,hour,14.1770000300,µg/m3,2018-05-13 05:00:00 +01:00,2018-05-13 06:00:00 +01:00,1,1
AT,AT.0008.20.AQ,NET.09,STA.09.AKC,,SPO.09.AKC.5066.6001.1,SPP.09.AKC.5066.6001.1.11325,SAM.09.AKC.5066.6001.1,PM2.5,http://dd.eionet.europa.eu/vocabulary/aq/pollutant/6001,hour,10.8765001100,µg/m3,2018-05-13 08:00:00 +01:00,2018-05-13 09:00:00 +01:00,1,1
AT,AT.0008.20.AQ,NET.09,STA.09.AKC,,SPO.09.AKC.5066.6001.1,SPP.09.AKC.5066.6001.1.11325,SAM.09.AKC.5066.6001.1,PM2.5,http://dd.eionet.europa.eu/vocabulary/aq/pollutant/6001,hour,7.8233995300,µg/m3,2018-05-13 11:00:00 +01:00,2018-05-13 12:00:00 +01:00,1,1
AT,AT.0008.20.AQ,NET.09,STA.09.AKC,,SPO.09.AKC.5066.6001.1,SPP.09.AKC.5066.6001.1.11325,SAM.09.AKC.5066.6001.1,PM2.5,http://dd.eionet.europa.eu/vocabulary/aq/pollutant/6001,hour,8.1695995200,µg/m3,2018-05-13 13:00:00 +01:00,2018-05-13 14:00:00 +01:00,1,1
AT,AT.0008.20.AQ,NET.09,STA.09.AKC,,SPO.09.AKC.5066.6001.1,SPP.09.AKC.5066.6001.1.11325,SAM.09.AKC.5066.6001.1,PM2.5,http://dd.eionet.europa.eu/vocabulary/aq/pollutant/6001,hour,7.8326997600,µg/m3,2018-05-13 14:00:00 +01:00,2018-05-13 15:00:00 +01:00,1,1
AT,AT.0008.20.AQ,NET.09,STA.09.AKC,,SPO.09.AKC.5066.6001.1,SPP.09.AKC.5066.6001.1.11325,SAM.09.AKC.5066.6001.1,PM2.5,http://dd.eionet.europa.eu/vocabulary/aq/pollutant/6001,hour,7.3110999900,µg/m3,2018-05-13 16:00:00 +01:00,2018-05-13 17:00:00 +01:00,1,1
AT,AT.0008.20.AQ,NET.09,STA.09.AKC,,SPO.09.AKC.5066.6001.1,SPP.09.AKC.5066.6001.1.11325,SAM.09.AKC.5066.6001.1,PM2.5,http://dd.eionet.europa.eu/vocabulary/aq/pollutant/6001,hour,7.0437002000,µg/m3,2018-05-13 17:00:00 +01:00,2018-05-13 18:00:00 +01:00,1,1
AT,AT.0008.20.AQ,NET.09,STA.09.AKC,,SPO.09.AKC.5066.6001.1,SPP.09.AKC.5066.6001.1.11325,SAM.09.AKC.5066.6001.1,PM2.5,http://dd.eionet.europa.eu/vocabulary/aq/pollutant/6001,hour,6.9360999900,µg/m3,2018-05-13 19:00:00 +01:00,2018-05-13 20:00:00 +01:00,1,1
AT,AT.0008.20.AQ,NET.09,STA.09.AKC,,SPO.09.AKC.5066.6001.1,SPP.09.AKC.5066.6001.1.11325,SAM.09.AKC.5066.6001.1,PM2.5,http://dd.eionet.europa.eu/vocabulary/aq/pollutant/6001,hour,9.5186996300,µg/m3,2018-05-14 05:00:00 +01:00,2018-05-14 06:00:00 +01:00,1,1
AT,AT.0008.20.AQ,NET.09,STA.09.AKC,,SPO.09.AKC.5066.6001.1,SPP.09.AKC.5066.6001.1.11325,SAM.09.AKC.5066.6001.1,PM2.5,http://dd.eionet.europa.eu/vocabulary/aq/pollutant/6001,hour,9.2590503500,µg/m3,2018-05-14 06:00:00 +01:00,2018-05-14 07:00:00 +01:00,1,1
AT,AT.0008.20.AQ,NET.09,STA.09.AKC,,SPO.09.AKC.5066.6001.1,SPP.09.AKC.5066.6001.1.11325,SAM.09.AKC.5066.6001.1,PM2.5,http://dd.eionet.europa.eu/vocabulary/aq/pollutant/6001,hour,8.3951501700,µg/m3,2018-05-14 07:00:00 +01:00,2018-05-14 08:00:00 +01:00,1,1
AT,AT.0008.20.AQ,NET.09,STA.09.AKC,,SPO.09.AKC.5066.6001.1,SPP.09.AKC.5066.6001.1.11325,SAM.09.AKC.5066.6001.1,PM2.5,http://dd.eionet.europa.eu/vocabulary/aq/pollutant/6001,hour,8.1375999300,µg/m3,2018-05-14 10:00:00 +01:00,2018-05-14 11:00:00 +01:00,1,1
AT,AT.0008.20.AQ,NET.09,STA.09.AKC,,SPO.09.AKC.5066.6001.1,SPP.09.AKC.5066.6001.1.11325,SAM.09.AKC.5066.6001.1,PM2.5,http://dd.eionet.europa.eu/vocabulary/aq/pollutant/6001,hour,9.4977998600,µg/m3,2018-05-14 18:00:00 +01:00,2018-05-14 19:00:00 +01:00,1,1
AT,AT.0008.20.AQ,NET.09,STA.09.AKC,,SPO.09.AKC.5066.6001.1,SPP.09.AKC.5066.6001.1.11325,SAM.09.AKC.5066.6001.1,PM2.5,http://dd.eionet.europa.eu/vocabulary/aq/pollutant/6001,hour,9.9953498700,µg/m3,2018-05-14 21:00:00 +01:00,2018-05-14 22:00:00 +01:00,1,1
AT,AT.0008.20.AQ,NET.09,STA.09.AKC,,SPO.09.AKC.5066.6001.1,SPP.09.AKC.5066.6001.1.11325,SAM.09.AKC.5066.6001.1,PM2.5,http://dd.eionet.europa.eu/vocabulary/aq/pollutant/6001,hour,9.3859004800,µg/m3,2018-05-14 23:00:00 +01:00,2018-05-15 00:00:00 +01:00,1,1
AT,AT.0008.20.AQ,NET.09,STA.09.AKC,,SPO.09.AKC.5066.6001.1,SPP.09.AKC.5066.6001.1.11325,SAM.09.AKC.5066.6001.1,PM2.5,http://dd.eionet.europa.eu/vocabulary/aq/pollutant/6001,hour,7.3248000000,µg/m3,2018-05-15 01:00:00 +01:00,2018-05-15 02:00:00 +01:00,1,1
AT,AT.0008.20.AQ,NET.09,STA.09.AKC,,SPO.09.AKC.5066.6001.1,SPP.09.AKC.5066.6001.1.11325,SAM.09.AKC.5066.6001.1,PM2.5,http://dd.eionet.europa.eu/vocabulary/aq/pollutant/6001,hour,7.5074500900,µg/m3,2018-05-15 02:00:00 +01:00,2018-05-15 03:00:00 +01:00,1,1
AT,AT.0008.20.AQ,NET.09,STA.09.AKC,,SPO.09.AKC.5066.6001.1,SPP.09.AKC.5066.6001.1.11325,SAM.09.AKC.5066.6001.1,PM2.5,http://dd.eionet.europa.eu/vocabulary/aq/pollutant/6001,hour,9.0496997700,µg/m3,2018-05-15 04:00:00 +01:00,2018-05-15 05:00:00 +01:00,1,1
AT,AT.0008.20.AQ,NET.09,STA.09.AKC,,SPO.09.AKC.5066.6001.1,SPP.09.AKC.5066.6001.1.11325,SAM.09.AKC.5066.6001.1,PM2.5,http://dd.eionet.europa.eu/vocabulary/aq/pollutant/6001,hour,8.2335500600,µg/m3,2018-05-15 06:00:00 +01:00,2018-05-15 07:00:00 +01:00,1,1
AT,AT.0008.20.AQ,NET.09,STA.09.AKC,,SPO.09.AKC.5066.6001.1,SPP.09.AKC.5066.6001.1.11325,SAM.09.AKC.5066.6001.1,PM2.5,http://dd.eionet.europa.eu/vocabulary/aq/pollutant/6001,hour,8.7828998400,µg/m3,2018-05-15 07:00:00 +01:00,2018-05-15 08:00:00 +01:00,1,1
AT,AT.0008.20.AQ,NET.09,STA.09.AKC,,SPO.09.AKC.5066.6001.1,SPP.09.AKC.5066.6001.1.11325,SAM.09.AKC.5066.6001.1,PM2.5,http://dd.eionet.europa.eu/vocabulary/aq/pollutant/6001,hour,7.3407497300,µg/m3,2018-05-15 09:00:00 +01:00,2018-05-15 10:00:00 +01:00,1,1
AT,AT.0008.20.AQ,NET.09,STA.09.AKC,,SPO.09.AKC.5066.6001.1,SPP.09.AKC.5066.6001.1.11325,SAM.09.AKC.5066.6001.1,PM2.5,http://dd.eionet.europa.eu/vocabulary/aq/pollutant/6001,hour,7.6804504200,µg/m3,2018-05-15 10:00:00 +01:00,2018-05-15 11:00:00 +01:00,1,1
AT,AT.0008.20.AQ,NET.09,STA.09.AKC,,SPO.09.AKC.5066.6001.1,SPP.09.AKC.5066.6001.1.11325,SAM.09.AKC.5066.6001.1,PM2.5,http://dd.eionet.europa.eu/vocabulary/aq/pollutant/6001,hour,6.5276002700,µg/m3,2018-05-15 14:00:00 +01:00,2018-05-15 15:00:00 +01:00,1,1
AT,AT.0008.20.AQ,NET.09,STA.09.AKC,,SPO.09.AKC.5066.6001.1,SPP.09.AKC.5066.6001.1.11325,SAM.09.AKC.5066.6001.1,PM2.5,http://dd.eionet.europa.eu/vocabulary/aq/pollutant/6001,hour,4.9147000200,µg/m3,2018-05-15 15:00:00 +01:00,2018-05-15 16:00:00 +01:00,1,1
AT,AT.0008.20.AQ,NET.09,STA.09.AKC,,SPO.09.AKC.5066.6001.1,SPP.09.AKC.5066.6001.1.11325,SAM.09.AKC.5066.6001.1,PM2.5,http://dd.eionet.europa.eu/vocabulary/aq/pollutant/6001,hour,4.9374499200,µg/m3,2018-05-15 20:00:00 +01:00,2018-05-15 21:00:00 +01:00,1,1
AT,AT.0008.20.AQ,NET.09,STA.09.AKC,,SPO.09.AKC.5066.6001.1,SPP.09.AKC.5066.6001.1.11325,SAM.09.AKC.5066.6001.1,PM2.5,http://dd.eionet.europa.eu/vocabulary/aq/pollutant/6001,hour,4.6558999900,µg/m3,2018-05-15 21:00:00 +01:00,2018-05-15 22:00:00 +01:00,1,1
AT,AT.0008.20.AQ,NET.09,STA.09.AKC,,SPO.09.AKC.5066.6001.1,SPP.09.AKC.5066.6001.1.11325,SAM.09.AKC.5066.6001.1,PM2.5,http://dd.eionet.europa.eu/vocabulary/aq/pollutant/6001,hour,5.9469499400,µg/m3,2018-05-15 22:00:00 +01:00,2018-05-15 23:00:00 +01:00,1,1
AT,AT.0008.20.AQ,NET.09,STA.09.AKC,,SPO.09.AKC.5066.6001.1,SPP.09.AKC.5066.6001.1.11325,SAM.09.AKC.5066.6001.1,PM2.5,http://dd.eionet.europa.eu/vocabulary/aq/pollutant/6001,hour,7.4882001700,µg/m3,2018-05-16 00:00:00 +01:00,2018-05-16 01:00:00 +01:00,1,1
AT,AT.0008.20.AQ,NET.09,STA.09.AKC,,SPO.09.AKC.5066.6001.1,SPP.09.AKC.5066.6001.1.11325,SAM.09.AKC.5066.6001.1,PM2.5,http://dd.eionet.europa.eu/vocabulary/aq/pollutant/6001,hour,7.3373498800,µg/m3,2018-05-16 01:00:00 +01:00,2018-05-16 02:00:00 +01:00,1,1
AT,AT.0008.20.AQ,NET.09,STA.09.AKC,,SPO.09.AKC.5066.6001.1,SPP.09.AKC.5066.6001.1.11325,SAM.09.AKC.5066.6001.1,PM2.5,http://dd.eionet.europa.eu/vocabulary/aq/pollutant/6001,hour,5.0212497600,µg/m3,2018-05-16 03:00:00 +01:00,2018-05-16 04:00:00 +01:00,1,1
AT,AT.0008.20.AQ,NET.09,STA.09.AKC,,SPO.09.AKC.5066.6001.1,SPP.09.AKC.5066.6001.1.11325,SAM.09.AKC.5066.6001.1,PM2.5,http://dd.eionet.europa.eu/vocabulary/aq/pollutant/6001,hour,8.2842006500,µg/m3,2018-05-16 06:00:00 +01:00,2018-05-16 07:00:00 +01:00,1,1
AT,AT.0008.20.AQ,NET.09,STA.09.AKC,,SPO.09.AKC.5066.6001.1,SPP.09.AKC.5066.6001.1.11325,SAM.09.AKC.5066.6001.1,PM2.5,http://dd.eionet.europa.eu/vocabulary/aq/pollutant/6001,hour,12.8354997500,µg/m3,2018-05-16 10:00:00 +01:00,2018-05-16 11:00:00 +01:00,1,1
AT,AT.0008.20.AQ,NET.09,STA.09.AKC,,SPO.09.AKC.5066.6001.1,SPP.09.AKC.5066.6001.1.11325,SAM.09.AKC.5066.6001.1,PM2.5,http://dd.eionet.europa.eu/vocabulary/aq/pollutant/6001,hour,9.3067493300,µg/m3,2018-05-16 12:00:00 +01:00,2018-05-16 13:00:00 +01:00,1,1
AT,AT.0008.20.AQ,NET.09,STA.09.AKC,,SPO.09.AKC.5066.6001.1,SPP.09.AKC.5066.6001.1.11325,SAM.09.AKC.5066.6001.1,PM2.5,http://dd.eionet.europa.eu/vocabulary/aq/pollutant/6001,hour,9.8139495700,µg/m3,2018-05-16 13:00:00 +01:00,2018-05-16 14:00:00 +01:00,1,1
AT,AT.0008.20.AQ,NET.09,STA.09.AKC,,SPO.09.AKC.5066.6001.1,SPP.09.AKC.5066.6001.1.11325,SAM.09.AKC.5066.6001.1,PM2.5,http://dd.eionet.europa.eu/vocabulary/aq/pollutant/6001,hour,6.5985002400,µg/m3,2018-05-16 14:00:00 +01:00,2018-05-16 15:00:00 +01:00,1,1
AT,AT.0008.20.AQ,NET.09,STA.09.AKC,,SPO.09.AKC.5066.6001.1,SPP.09.AKC.5066.6001.1.11325,SAM.09.AKC.5066.6001.1,PM2.5,http://dd.eionet.europa.eu/vocabulary/aq/pollutant/6001,hour,6.2997999000,µg/m3,2018-05-16 15:00:00 +01:00,2018-05-16 16:00:00 +01:00,1,1
AT,AT.0008.20.AQ,NET.09,STA.09.AKC,,SPO.09.AKC.5066.6001.1,SPP.09.AKC.5066.6001.1.11325,SAM.09.AKC.5066.6001.1,PM2.5,http://dd.eionet.europa.eu/vocabulary/aq/pollutant/6001,hour,6.7452001400,µg/m3,2018-05-16 17:00:00 +01:00,2018-05-16 18:00:00 +01:00,1,1
AT,AT.0008.20.AQ,NET.09,STA.09.AKC,,SPO.09.AKC.5066.6001.1,SPP.09.AKC.5066.6001.1.11325,SAM.09.AKC.5066.6001.1,PM2.5,http://dd.eionet.europa.eu/vocabulary/aq/pollutant/6001,hour,4.4347500700,µg/m3,2018-05-16 20:00:00 +01:00,2018-05-16 21:00:00 +01:00,1,1
AT,AT.0008.20.AQ,NET.09,STA.09.AKC,,SPO.09.AKC.5066.6001.1,SPP.09.AKC.5066.6001.1.11325,SAM.09.AKC.5066.6001.1,PM2.5,http://dd.eionet.europa.eu/vocabulary/aq/pollutant/6001,hour,7.0566000800,µg/m3,2018-05-17 16:00:00 +01:00,2018-05-17 17:00:00 +01:00,1,1
AT,AT.0008.20.AQ,NET.09,STA.09.AKC,,SPO.09.AKC.5066.6001.1,SPP.09.AKC.5066.6001.1.11325,SAM.09.AKC.5066.6001.1,PM2.5,http://dd.eionet.europa.eu/vocabulary/aq/pollutant/6001,hour,8.0167007300,µg/m3,2018-05-17 17:00:00 +01:00,2018-05-17 18:00:00 +01:00,1,1
AT,AT.0008.20.AQ,NET.09,STA.09.AKC,,SPO.09.AKC.5066.6001.1,SPP.09.AKC.5066.6001.1.11325,SAM.09.AKC.5066.6001.1,PM2.5,http://dd.eionet.europa.eu/vocabulary/aq/pollutant/6001,hour,9.4317998700,µg/m3,2018-05-17 19:00:00 +01:00,2018-05-17 20:00:00 +01:00,1,1
AT,AT.0008.20.AQ,NET.09,STA.09.AKC,,SPO.09.AKC.5066.6001.1,SPP.09.AKC.5066.6001.1.11325,SAM.09.AKC.5066.6001.1,PM2.5,http://dd.eionet.europa.eu/vocabulary/aq/pollutant/6001,hour,10.4314994700,µg/m3,2018-05-17 20:00:00 +01:00,2018-05-17 21:00:00 +01:00,1,1
AT,AT.0008.20.AQ,NET.09,STA.09.AKC,,SPO.09.AKC.5066.6001.1,SPP.09.AKC.5066.6001.1.11325,SAM.09.AKC.5066.6001.1,PM2.5,http://dd.eionet.europa.eu/vocabulary/aq/pollutant/6001,hour,9.8766994300,µg/m3,2018-05-17 22:00:00 +01:00,2018-05-17 23:00:00 +01:00,1,1
AT,AT.0008.20.AQ,NET.09,STA.09.AKC,,SPO.09.AKC.5066.6001.1,SPP.09.AKC.5066.6001.1.11325,SAM.09.AKC.5066.6001.1,PM2.5,http://dd.eionet.europa.eu/vocabulary/aq/pollutant/6001,hour,10.3115997200,µg/m3,2018-05-17 23:00:00 +01:00,2018-05-18 00:00:00 +01:00,1,1
AT,AT.0008.20.AQ,NET.09,STA.09.AKC,,SPO.09.AKC.5066.6001.1,SPP.09.AKC.5066.6001.1.11325,SAM.09.AKC.5066.6001.1,PM2.5,http://dd.eionet.europa.eu/vocabulary/aq/pollutant/6001,hour,11.9314994700,µg/m3,2018-05-18 00:00:00 +01:00,2018-05-18 01:00:00 +01:00,1,1
AT,AT.0008.20.AQ,NET.09,STA.09.AKC,,SPO.09.AKC.5066.6001.1,SPP.09.AKC.5066.6001.1.11325,SAM.09.AKC.5066.6001.1,PM2.5,http://dd.eionet.europa.eu/vocabulary/aq/pollutant/6001,hour,15.0529994800,µg/m3,2018-05-18 02:00:00 +01:00,2018-05-18 03:00:00 +01:00,1,1
AT,AT.0008.20.AQ,NET.09,STA.09.AKC,,SPO.09.AKC.5066.6001.1,SPP.09.AKC.5066.6001.1.11325,SAM.09.AKC.5066.6001.1,PM2.5,http://dd.eionet.europa.eu/vocabulary/aq/pollutant/6001,hour,16.8330001700,µg/m3,2018-05-18 03:00:00 +01:00,2018-05-18 04:00:00 +01:00,1,1
AT,AT.0008.20.AQ,NET.09,STA.09.AKC,,SPO.09.AKC.5066.6001.1,SPP.09.AKC.5066.6001.1.11325,SAM.09.AKC.5066.6001.1,PM2.5,http://dd.eionet.europa.eu/vocabulary/aq/pollutant/6001,hour,17.9610004300,µg/m3,2018-05-18 04:00:00 +01:00,2018-05-18 05:00:00 +01:00,1,1
AT,AT.0008.20.AQ,NET.09,STA.09.AKC,,SPO.09.AKC.5066.6001.1,SPP.09.AKC.5066.6001.1.11325,SAM.09.AKC.5066.6001.1,PM2.5,http://dd.eionet.europa.eu/vocabulary/aq/pollutant/6001,hour,18.8839988600,µg/m3,2018-05-18 06:00:00 +01:00,2018-05-18 07:00:00 +01:00,1,1
AT,AT.0008.20.AQ,NET.09,STA.09.AKC,,SPO.09.AKC.5066.6001.1,SPP.09.AKC.5066.6001.1.11325,SAM.09.AKC.5066.6001.1,PM2.5,http://dd.eionet.europa.eu/vocabulary/aq/pollutant/6001,hour,17.9475002100,µg/m3,2018-05-18 11:00:00 +01:00,2018-05-18 12:00:00 +01:00,1,1
AT,AT.0008.20.AQ,NET.09,STA.09.AKC,,SPO.09.AKC.5066.6001.1,SPP.09.AKC.5066.6001.1.11325,SAM.09.AKC.5066.6001.1,PM2.5,http://dd.eionet.europa.eu/vocabulary/aq/pollutant/6001,hour,16.2895011800,µg/m3,2018-05-18 13:00:00 +01:00,2018-05-18 14:00:00 +01:00,1,1
AT,AT.0008.20.AQ,NET.09,STA.09.AKC,,SPO.09.AKC.5066.6001.1,SPP.09.AKC.5066.6001.1.11325,SAM.09.AKC.5066.6001.1,PM2.5,http://dd.eionet.europa.eu/vocabulary/aq/pollutant/6001,hour,14.6820001500,µg/m3,2018-05-18 16:00:00 +01:00,2018-05-18 17:00:00 +01:00,1,1
AT,AT.0008.20.AQ,NET.09,STA.09.AKC,,SPO.09.AKC.5066.6001.1,SPP.09.AKC.5066.6001.1.11325,SAM.09.AKC.5066.6001.1,PM2.5,http://dd.eionet.europa.eu/vocabulary/aq/pollutant/6001,hour,10.0829505800,µg/m3,2018-05-18 18:00:00 +01:00,2018-05-18 19:00:00 +01:00,1,1
AT,AT.0008.20.AQ,NET.09,STA.09.AKC,,SPO.09.AKC.5066.6001.1,SPP.09.AKC.5066.6001.1.11325,SAM.09.AKC.5066.6001.1,PM2.5,http://dd.eionet.europa.eu/vocabulary/aq/pollutant/6001,hour,7.9857997700,µg/m3,2018-05-18 21:00:00 +01:00,2018-05-18 22:00:00 +01:00,1,1
AT,AT.0008.20.AQ,NET.09,STA.09.AKC,,SPO.09.AKC.5066.6001.1,SPP.09.AKC.5066.6001.1.11325,SAM.09.AKC.5066.6001.1,PM2.5,http://dd.eionet.europa.eu/vocabulary/aq/pollutant/6001,hour,8.4698505300,µg/m3,2018-05-18 22:00:00 +01:00,2018-05-18 23:00:00 +01:00,1,1
AT,AT.0008.20.AQ,NET.09,STA.09.AKC,,SPO.09.AKC.5066.6001.1,SPP.09.AKC.5066.6001.1.11325,SAM.09.AKC.5066.6001.1,PM2.5,http://dd.eionet.europa.eu/vocabulary/aq/pollutant/6001,hour,9.9114999600,µg/m3,2018-05-19 00:00:00 +01:00,2018-05-19 01:00:00 +01:00,1,1
AT,AT.0008.20.AQ,NET.09,STA.09.AKC,,SPO.09.AKC.5066.6001.1,SPP.09.AKC.5066.6001.1.11325,SAM.09.AKC.5066.6001.1,PM2.5,http://dd.eionet.europa.eu/vocabulary/aq/pollutant/6001,hour,10.4769992700,µg/m3,2018-05-19 02:00:00 +01:00,2018-05-19 03:00:00 +01:00,1,1
AT,AT.0008.20.AQ,NET.09,STA.09.AKC,,SPO.09.AKC.5066.6001.1,SPP.09.AKC.5066.6001.1.11325,SAM.09.AKC.5066.6001.1,PM2.5,http://dd.eionet.europa.eu/vocabulary/aq/pollutant/6001,hour,16.5055007800,µg/m3,2018-05-19 08:00:00 +01:00,2018-05-19 09:00:00 +01:00,1,1
AT,AT.0008.20.AQ,NET.09,STA.09.AKC,,SPO.09.AKC.5066.6001.1,SPP.09.AKC.5066.6001.1.11325,SAM.09.AKC.5066.6001.1,PM2.5,http://dd.eionet.europa.eu/vocabulary/aq/pollutant/6001,hour,15.6919994200,µg/m3,2018-05-19 10:00:00 +01:00,2018-05-19 11:00:00 +01:00,1,1
AT,AT.0008.20.AQ,NET.09,STA.09.AKC,,SPO.09.AKC.5066.6001.1,SPP.09.AKC.5066.6001.1.11325,SAM.09.AKC.5066.6001.1,PM2.5,http://dd.eionet.europa.eu/vocabulary/aq/pollutant/6001,hour,15.1754999000,µg/m3,2018-05-19 11:00:00 +01:00,2018-05-19 12:00:00 +01:00,1,1
AT,AT.0008.20.AQ,NET.09,STA.09.AKC,,SPO.09.AKC.5066.6001.1,SPP.09.AKC.5066.6001.1.11325,SAM.09.AKC.5066.6001.1,PM2.5,http://dd.eionet.europa.eu/vocabulary/aq/pollutant/6001,hour,11.4904994800,µg/m3,2018-05-19 14:00:00 +01:00,2018-05-19 15:00:00 +01:00,1,1
AT,AT.0008.20.AQ,NET.09,STA.09.AKC,,SPO.09.AKC.5066.6001.1,SPP.09.AKC.5066.6001.1.11325,SAM.09.AKC.5066.6001.1,PM2.5,http://dd.eionet.europa.eu/vocabulary/aq/pollutant/6001,hour,9.9904498900,µg/m3,2018-05-19 16:00:00 +01:00,2018-05-19 17:00:00 +01:00,1,1
AT,AT.0008.20.AQ,NET.09,STA.09.AKC,,SPO.09.AKC.5066.6001.1,SPP.09.AKC.5066.6001.1.11325,SAM.09.AKC.5066.6001.1,PM2.5,http://dd.eionet.europa.eu/vocabulary/aq/pollutant/6001,hour,10.4425001000,µg/m3,2018-05-19 18:00:00 +01:00,2018-05-19 19:00:00 +01:00,1,1
AT,AT.0008.20.AQ,NET.09,STA.09.AKC,,SPO.09.AKC.5066.6001.1,SPP.09.AKC.5066.6001.1.11325,SAM.09.AKC.5066.6001.1,PM2.5,http://dd.eionet.europa.eu/vocabulary/aq/pollutant/6001,hour,7.7694501700,µg/m3,2018-05-20 02:00:00 +01:00,2018-05-20 03:00:00 +01:00,1,1
AT,AT.0008.20.AQ,NET.09,STA.09.AKC,,SPO.09.AKC.5066.6001.1,SPP.09.AKC.5066.6001.1.11325,SAM.09.AKC.5066.6001.1,PM2.5,http://dd.eionet.europa.eu/vocabulary/aq/pollutant/6001,hour,8.0226993400,µg/m3,2018-05-20 03:00:00 +01:00,2018-05-20 04:00:00 +01:00,1,1
AT,AT.0008.20.AQ,NET.09,STA.09.AKC,,SPO.09.AKC.5066.6001.1,SPP.09.AKC.5066.6001.1.11325,SAM.09.AKC.5066.6001.1,PM2.5,http://dd.eionet.europa.eu/vocabulary/aq/pollutant/6001,hour,8.5275993200,µg/m3,2018-05-20 04:00:00 +01:00,2018-05-20 05:00:00 +01:00,1,1
AT,AT.0008.20.AQ,NET.09,STA.09.AKC,,SPO.09.AKC.5066.6001.1,SPP.09.AKC.5066.6001.1.11325,SAM.09.AKC.5066.6001.1,PM2.5,http://dd.eionet.europa.eu/vocabulary/aq/pollutant/6001,hour,9.1813001500,µg/m3,2018-05-20 05:00:00 +01:00,2018-05-20 06:00:00 +01:00,1,1
AT,AT.0008.20.AQ,NET.09,STA.09.AKC,,SPO.09.AKC.5066.6001.1,SPP.09.AKC.5066.6001.1.11325,SAM.09.AKC.5066.6001.1,PM2.5,http://dd.eionet.europa.eu/vocabulary/aq/pollutant/6001,hour,9.9082002500,µg/m3,2018-05-20 07:00:00 +01:00,2018-05-20 08:00:00 +01:00,1,1
AT,AT.0008.20.AQ,NET.09,STA.09.AKC,,SPO.09.AKC.5066.6001.1,SPP.09.AKC.5066.6001.1.11325,SAM.09.AKC.5066.6001.1,PM2.5,http://dd.eionet.europa.eu/vocabulary/aq/pollutant/6001,hour,7.6923499000,µg/m3,2018-05-20 13:00:00 +01:00,2018-05-20 14:00:00 +01:00,1,1
AT,AT.0008.20.AQ,NET.09,STA.09.AKC,,SPO.09.AKC.5066.6001.1,SPP.09.AKC.5066.6001.1.11325,SAM.09.AKC.5066.6001.1,PM2.5,http://dd.eionet.europa.eu/vocabulary/aq/pollutant/6001,hour,6.4184503400,µg/m3,2018-05-20 15:00:00 +01:00,2018-05-20 16:00:00 +01:00,1,1
AT,AT.0008.20.AQ,NET.09,STA.09.AKC,,SPO.09.AKC.5066.6001.1,SPP.09.AKC.5066.6001.1.11325,SAM.09.AKC.5066.6001.1,PM2.5,http://dd.eionet.europa.eu/vocabulary/aq/pollutant/6001,hour,7.1705999200,µg/m3,2018-05-20 16:00:00 +01:00,2018-05-20 17:00:00 +01:00,1,1
AT,AT.0008.20.AQ,NET.09,STA.09.AKC,,SPO.09.AKC.5066.6001.1,SPP.09.AKC.5066.6001.1.11325,SAM.09.AKC.5066.6001.1,PM2.5,http://dd.eionet.europa.eu/vocabulary/aq/pollutant/6001,hour,9.4297504300,µg/m3,2018-05-20 22:00:00 +01:00,2018-05-20 23:00:00 +01:00,1,1
AT,AT.0008.20.AQ,NET.09,STA.09.AKC,,SPO.09.AKC.5066.6001.1,SPP.09.AKC.5066.6001.1.11325,SAM.09.AKC.5066.6001.1,PM2.5,http://dd.eionet.europa.eu/vocabulary/aq/pollutant/6001,hour,8.3915996400,µg/m3,2018-05-20 23:00:00 +01:00,2018-05-21 00:00:00 +01:00,1,1
AT,AT.0008.20.AQ,NET.09,STA.09.AKC,,SPO.09.AKC.5066.6001.1,SPP.09.AKC.5066.6001.1.11325,SAM.09.AKC.5066.6001.1,PM2.5,http://dd.eionet.europa.eu/vocabulary/aq/pollutant/6001,hour,9.0123500700,µg/m3,2018-05-21 02:00:00 +01:00,2018-05-21 03:00:00 +01:00,1,1
AT,AT.0008.20.AQ,NET.09,STA.09.AKC,,SPO.09.AKC.5066.6001.1,SPP.09.AKC.5066.6001.1.11325,SAM.09.AKC.5066.6001.1,PM2.5,http://dd.eionet.europa.eu/vocabulary/aq/pollutant/6001,hour,9.3703002800,µg/m3,2018-05-21 03:00:00 +01:00,2018-05-21 04:00:00 +01:00,1,1
AT,AT.0008.20.AQ,NET.09,STA.09.AKC,,SPO.09.AKC.5066.6001.1,SPP.09.AKC.5066.6001.1.11325,SAM.09.AKC.5066.6001.1,PM2.5,http://dd.eionet.europa.eu/vocabulary/aq/pollutant/6001,hour,10.3145007900,µg/m3,2018-05-21 06:00:00 +01:00,2018-05-21 07:00:00 +01:00,1,1
AT,AT.0008.20.AQ,NET.09,STA.09.AKC,,SPO.09.AKC.5066.6001.1,SPP.09.AKC.5066.6001.1.11325,SAM.09.AKC.5066.6001.1,PM2.5,http://dd.eionet.europa.eu/vocabulary/aq/pollutant/6001,hour,8.7712001700,µg/m3,2018-05-21 07:00:00 +01:00,2018-05-21 08:00:00 +01:00,1,1
AT,AT.0008.20.AQ,NET.09,STA.09.AKC,,SPO.09.AKC.5066.6001.1,SPP.09.AKC.5066.6001.1.11325,SAM.09.AKC.5066.6001.1,PM2.5,http://dd.eionet.europa.eu/vocabulary/aq/pollutant/6001,hour,7.8060998800,µg/m3,2018-05-21 09:00:00 +01:00,2018-05-21 10:00:00 +01:00,1,1
AT,AT.0008.20.AQ,NET.09,STA.09.AKC,,SPO.09.AKC.5066.6001.1,SPP.09.AKC.5066.6001.1.11325,SAM.09.AKC.5066.6001.1,PM2.5,http://dd.eionet.europa.eu/vocabulary/aq/pollutant/6001,hour,6.1381997900,µg/m3,2018-05-21 11:00:00 +01:00,2018-05-21 12:00:00 +01:00,1,1
AT,AT.0008.20.AQ,NET.09,STA.09.AKC,,SPO.09.AKC.5066.6001.1,SPP.09.AKC.5066.6001.1.11325,SAM.09.AKC.5066.6001.1,PM2.5,http://dd.eionet.europa.eu/vocabulary/aq/pollutant/6001,hour,6.0721998100,µg/m3,2018-05-21 12:00:00 +01:00,2018-05-21 13:00:00 +01:00,1,1
AT,AT.0008.20.AQ,NET.09,STA.09.AKC,,SPO.09.AKC.5066.6001.1,SPP.09.AKC.5066.6001.1.11325,SAM.09.AKC.5066.6001.1,PM2.5,http://dd.eionet.europa.eu/vocabulary/aq/pollutant/6001,hour,5.5483503200,µg/m3,2018-05-21 15:00:00 +01:00,2018-05-21 16:00:00 +01:00,1,1
AT,AT.0008.20.AQ,NET.09,STA.09.AKC,,SPO.09.AKC.5066.6001.1,SPP.09.AKC.5066.6001.1.11325,SAM.09.AKC.5066.6001.1,PM2.5,http://dd.eionet.europa.eu/vocabulary/aq/pollutant/6001,hour,5.7912998000,µg/m3,2018-05-21 17:00:00 +01:00,2018-05-21 18:00:00 +01:00,1,1
AT,AT.0008.20.AQ,NET.09,STA.09.AKC,,SPO.09.AKC.5066.6001.1,SPP.09.AKC.5066.6001.1.11325,SAM.09.AKC.5066.6001.1,PM2.5,http://dd.eionet.europa.eu/vocabulary/aq/pollutant/6001,hour,5.9668998600,µg/m3,2018-05-21 18:00:00 +01:00,2018-05-21 19:00:00 +01:00,1,1
AT,AT.0008.20.AQ,NET.09,STA.09.AKC,,SPO.09.AKC.5066.6001.1,SPP.09.AKC.5066.6001.1.11325,SAM.09.AKC.5066.6001.1,PM2.5,http://dd.eionet.europa.eu/vocabulary/aq/pollutant/6001,hour,6.2537999000,µg/m3,2018-05-21 19:00:00 +01:00,2018-05-21 20:00:00 +01:00,1,1
AT,AT.0008.20.AQ,NET.09,STA.09.AKC,,SPO.09.AKC.5066.6001.1,SPP.09.AKC.5066.6001.1.11325,SAM.09.AKC.5066.6001.1,PM2.5,http://dd.eionet.europa.eu/vocabulary/aq/pollutant/6001,hour,8.6019496800,µg/m3,2018-05-21 20:00:00 +01:00,2018-05-21 21:00:00 +01:00,1,1
AT,AT.0008.20.AQ,NET.09,STA.09.AKC,,SPO.09.AKC.5066.6001.1,SPP.09.AKC.5066.6001.1.11325,SAM.09.AKC.5066.6001.1,PM2.5,http://dd.eionet.europa.eu/vocabulary/aq/pollutant/6001,hour,10.9155006300,µg/m3,2018-05-21 22:00:00 +01:00,2018-05-21 23:00:00 +01:00,1,1
AT,AT.0008.20.AQ,NET.09,STA.09.AKC,,SPO.09.AKC.5066.6001.1,SPP.09.AKC.5066.6001.1.11325,SAM.09.AKC.5066.6001.1,PM2.5,http://dd.eionet.europa.eu/vocabulary/aq/pollutant/6001,hour,7.0160503200,µg/m3,2018-05-22 11:00:00 +01:00,2018-05-22 12:00:00 +01:00,1,1
AT,AT.0008.20.AQ,NET.09,STA.09.AKC,,SPO.09.AKC.5066.6001.1,SPP.09.AKC.5066.6001.1.11325,SAM.09.AKC.5066.6001.1,PM2.5,http://dd.eionet.europa.eu/vocabulary/aq/pollutant/6001,hour,6.5037999000,µg/m3,2018-05-22 13:00:00 +01:00,2018-05-22 14:00:00 +01:00,1,1
AT,AT.0008.20.AQ,NET.09,STA.09.AKC,,SPO.09.AKC.5066.6001.1,SPP.09.AKC.5066.6001.1.11325,SAM.09.AKC.5066.6001.1,PM2.5,http://dd.eionet.europa.eu/vocabulary/aq/pollutant/6001,hour,7.2081999600,µg/m3,2018-05-22 15:00:00 +01:00,2018-05-22 16:00:00 +01:00,1,1
AT,AT.0008.20.AQ,NET.09,STA.09.AKC,,SPO.09.AKC.5066.6001.1,SPP.09.AKC.5066.6001.1.11325,SAM.09.AKC.5066.6001.1,PM2.5,http://dd.eionet.europa.eu/vocabulary/aq/pollutant/6001,hour,7.9396505200,µg/m3,2018-05-22 18:00:00 +01:00,2018-05-22 19:00:00 +01:00,1,1
AT,AT.0008.20.AQ,NET.09,STA.09.AKC,,SPO.09.AKC.5066.6001.1,SPP.09.AKC.5066.6001.1.11325,SAM.09.AKC.5066.6001.1,PM2.5,http://dd.eionet.europa.eu/vocabulary/aq/pollutant/6001,hour,8.8302001800,µg/m3,2018-05-22 19:00:00 +01:00,2018-05-22 20:00:00 +01:00,1,1
AT,AT.0008.20.AQ,NET.09,STA.09.AKC,,SPO.09.AKC.5066.6001.1,SPP.09.AKC.5066.6001.1.11325,SAM.09.AKC.5066.6001.1,PM2.5,http://dd.eionet.europa.eu/vocabulary/aq/pollutant/6001,hour,11.3140001100,µg/m3,2018-05-22 21:00:00 +01:00,2018-05-22 22:00:00 +01:00,1,1
AT,AT.0008.20.AQ,NET.09,STA.09.AKC,,SPO.09.AKC.5066.6001.1,SPP.09.AKC.5066.6001.1.11325,SAM.09.AKC.5066.6001.1,PM2.5,http://dd.eionet.europa.eu/vocabulary/aq/pollutant/6001,hour,12.9314994700,µg/m3,2018-05-22 23:00:00 +01:00,2018-05-23 00:00:00 +01:00,1,1
AT,AT.0008.20.AQ,NET.09,STA.09.AKC,,SPO.09.AKC.5066.6001.1,SPP.09.AKC.5066.6001.1.11325,SAM.09.AKC.5066.6001.1,PM2.5,http://dd.eionet.europa.eu/vocabulary/aq/pollutant/6001,hour,12.9780006300,µg/m3,2018-05-23 00:00:00 +01:00,2018-05-23 01:00:00 +01:00,1,1
AT,AT.0008.20.AQ,NET.09,STA.09.AKC,,SPO.09.AKC.5066.6001.1,SPP.09.AKC.5066.6001.1.11325,SAM.09.AKC.5066.6001.1,PM2.5,http://dd.eionet.europa.eu/vocabulary/aq/pollutant/6001,hour,16.8629989500,µg/m3,2018-05-23 04:00:00 +01:00,2018-05-23 05:00:00 +01:00,1,1
AT,AT.0008.20.AQ,NET.09,STA.09.AKC,,SPO.09.AKC.5066.6001.1,SPP.09.AKC.5066.6001.1.11325,SAM.09.AKC.5066.6001.1,PM2.5,http://dd.eionet.europa.eu/vocabulary/aq/pollutant/6001,hour,15.8474998300,µg/m3,2018-05-23 05:00:00 +01:00,2018-05-23 06:00:00 +01:00,1,1
AT,AT.0008.20.AQ,NET.09,STA.09.AKC,,SPO.09.AKC.5066.6001.1,SPP.09.AKC.5066.6001.1.11325,SAM.09.AKC.5066.6001.1,PM2.5,http://dd.eionet.europa.eu/vocabulary/aq/pollutant/6001,hour,7.9379501200,µg/m3,2018-05-23 13:00:00 +01:00,2018-05-23 14:00:00 +01:00,1,1
AT,AT.0008.20.AQ,NET.09,STA.09.AKC,,SPO.09.AKC.5066.6001.1,SPP.09.AKC.5066.6001.1.11325,SAM.09.AKC.5066.6001.1,PM2.5,http://dd.eionet.europa.eu/vocabulary/aq/pollutant/6001,hour,10.7296504800,µg/m3,2018-05-23 15:00:00 +01:00,2018-05-23 16:00:00 +01:00,1,1
AT,AT.0008.20.AQ,NET.09,STA.09.AKC,,SPO.09.AKC.5066.6001.1,SPP.09.AKC.5066.6001.1.11325,SAM.09.AKC.5066.6001.1,PM2.5,http://dd.eionet.europa.eu/vocabulary/aq/pollutant/6001,hour,15.5349998300,µg/m3,2018-05-24 00:00:00 +01:00,2018-05-24 01:00:00 +01:00,1,1
AT,AT.0008.20.AQ,NET.09,STA.09.AKC,,SPO.09.AKC.5066.6001.1,SPP.09.AKC.5066.6001.1.11325,SAM.09.AKC.5066.6001.1,PM2.5,http://dd.eionet.europa.eu/vocabulary/aq/pollutant/6001,hour,13.2849998300,µg/m3,2018-05-24 07:00:00 +01:00,2018-05-24 08:00:00 +01:00,1,1
AT,AT.0008.20.AQ,NET.09,STA.09.AKC,,SPO.09.AKC.5066.6001.1,SPP.09.AKC.5066.6001.1.11325,SAM.09.AKC.5066.6001.1,PM2.5,http://dd.eionet.europa.eu/vocabulary/aq/pollutant/6001,hour,11.8800001000,µg/m3,2018-05-24 08:00:00 +01:00,2018-05-24 09:00:00 +01:00,1,1
AT,AT.0008.20.AQ,NET.09,STA.09.AKC,,SPO.09.AKC.5066.6001.1,SPP.09.AKC.5066.6001.1.11325,SAM.09.AKC.5066.6001.1,PM2.5,http://dd.eionet.europa.eu/vocabulary/aq/pollutant/6001,hour,11.8295001800,µg/m3,2018-05-24 12:00:00 +01:00,2018-05-24 13:00:00 +01:00,1,1
AT,AT.0008.20.AQ,NET.09,STA.09.AKC,,SPO.09.AKC.5066.6001.1,SPP.09.AKC.5066.6001.1.11325,SAM.09.AKC.5066.6001.1,PM2.5,http://dd.eionet.europa.eu/vocabulary/aq/pollutant/6001,hour,12.0974998300,µg/m3,2018-05-24 15:00:00 +01:00,2018-05-24 16:00:00 +01:00,1,1
AT,AT.0008.20.AQ,NET.09,STA.09.AKC,,SPO.09.AKC.5066.6001.1,SPP.09.AKC.5066.6001.1.11325,SAM.09.AKC.5066.6001.1,PM2.5,http://dd.eionet.europa.eu/vocabulary/aq/pollutant/6001,hour,9.4047498600,µg/m3,2018-05-25 03:00:00 +01:00,2018-05-25 04:00:00 +01:00,1,1
AT,AT.0008.20.AQ,NET.09,STA.09.AKC,,SPO.09.AKC.5066.6001.1,SPP.09.AKC.5066.6001.1.11325,SAM.09.AKC.5066.6001.1,PM2.5,http://dd.eionet.europa.eu/vocabulary/aq/pollutant/6001,hour,11.8530006300,µg/m3,2018-05-25 04:00:00 +01:00,2018-05-25 05:00:00 +01:00,1,1
AT,AT.0008.20.AQ,NET.09,STA.09.AKC,,SPO.09.AKC.5066.6001.1,SPP.09.AKC.5066.6001.1.11325,SAM.09.AKC.5066.6001.1,PM2.5,http://dd.eionet.europa.eu/vocabulary/aq/pollutant/6001,hour,15.2714996200,µg/m3,2018-05-25 07:00:00 +01:00,2018-05-25 08:00:00 +01:00,1,1
AT,AT.0008.20.AQ,NET.09,STA.09.AKC,,SPO.09.AKC.5066.6001.1,SPP.09.AKC.5066.6001.1.11325,SAM.09.AKC.5066.6001.1,PM2.5,http://dd.eionet.europa.eu/vocabulary/aq/pollutant/6001,hour,16.8730010800,µg/m3,2018-05-25 09:00:00 +01:00,2018-05-25 10:00:00 +01:00,1,1
AT,AT.0008.20.AQ,NET.09,STA.09.AKC,,SPO.09.AKC.5066.6001.1,SPP.09.AKC.5066.6001.1.11325,SAM.09.AKC.5066.6001.1,PM2.5,http://dd.eionet.europa.eu/vocabulary/aq/pollutant/6001,hour,18.6204986400,µg/m3,2018-05-25 10:00:00 +01:00,2018-05-25 11:00:00 +01:00,1,1
AT,AT.0008.20.AQ,NET.09,STA.09.AKC,,SPO.09.AKC.5066.6001.1,SPP.09.AKC.5066.6001.1.11325,SAM.09.AKC.5066.6001.1,PM2.5,http://dd.eionet.europa.eu/vocabulary/aq/pollutant/6001,hour,8.3705501400,µg/m3,2018-05-25 13:00:00 +01:00,2018-05-25 14:00:00 +01:00,1,1
AT,AT.0008.20.AQ,NET.09,STA.09.AKC,,SPO.09.AKC.5066.6001.1,SPP.09.AKC.5066.6001.1.11325,SAM.09.AKC.5066.6001.1,PM2.5,http://dd.eionet.europa.eu/vocabulary/aq/pollutant/6001,hour,4.4493503400,µg/m3,2018-05-25 16:00:00 +01:00,2018-05-25 17:00:00 +01:00,1,1
AT,AT.0008.20.AQ,NET.09,STA.09.AKC,,SPO.09.AKC.5066.6001.1,SPP.09.AKC.5066.6001.1.11325,SAM.09.AKC.5066.6001.1,PM2.5,http://dd.eionet.europa.eu/vocabulary/aq/pollutant/6001,hour,9.7064990800,µg/m3,2018-05-25 20:00:00 +01:00,2018-05-25 21:00:00 +01:00,1,1
AT,AT.0008.20.AQ,NET.09,STA.09.AKC,,SPO.09.AKC.5066.6001.1,SPP.09.AKC.5066.6001.1.11325,SAM.09.AKC.5066.6001.1,PM2.5,http://dd.eionet.europa.eu/vocabulary/aq/pollutant/6001,hour,9.1198005500,µg/m3,2018-05-25 22:00:00 +01:00,2018-05-25 23:00:00 +01:00,1,1
AT,AT.0008.20.AQ,NET.09,STA.09.AKC,,SPO.09.AKC.5066.6001.1,SPP.09.AKC.5066.6001.1.11325,SAM.09.AKC.5066.6001.1,PM2.5,http://dd.eionet.europa.eu/vocabulary/aq/pollutant/6001,hour,9.1083497900,µg/m3,2018-05-25 23:00:00 +01:00,2018-05-26 00:00:00 +01:00,1,1
AT,AT.0008.20.AQ,NET.09,STA.09.AKC,,SPO.09.AKC.5066.6001.1,SPP.09.AKC.5066.6001.1.11325,SAM.09.AKC.5066.6001.1,PM2.5,http://dd.eionet.europa.eu/vocabulary/aq/pollutant/6001,hour,11.0989999600,µg/m3,2018-05-26 00:00:00 +01:00,2018-05-26 01:00:00 +01:00,1,1
AT,AT.0008.20.AQ,NET.09,STA.09.AKC,,SPO.09.AKC.5066.6001.1,SPP.09.AKC.5066.6001.1.11325,SAM.09.AKC.5066.6001.1,PM2.5,http://dd.eionet.europa.eu/vocabulary/aq/pollutant/6001,hour,13.3339996200,µg/m3,2018-05-26 03:00:00 +01:00,2018-05-26 04:00:00 +01:00,1,1
AT,AT.0008.20.AQ,NET.09,STA.09.AKC,,SPO.09.AKC.5066.6001.1,SPP.09.AKC.5066.6001.1.11325,SAM.09.AKC.5066.6001.1,PM2.5,http://dd.eionet.europa.eu/vocabulary/aq/pollutant/6001,hour,15.0839996200,µg/m3,2018-05-26 04:00:00 +01:00,2018-05-26 05:00:00 +01:00,1,1
AT,AT.0008.20.AQ,NET.09,STA.09.AKC,,SPO.09.AKC.5066.6001.1,SPP.09.AKC.5066.6001.1.11325,SAM.09.AKC.5066.6001.1,PM2.5,http://dd.eionet.europa.eu/vocabulary/aq/pollutant/6001,hour,15.0959997000,µg/m3,2018-05-26 06:00:00 +01:00,2018-05-26 07:00:00 +01:00,1,1
AT,AT.0008.20.AQ,NET.09,STA.09.AKC,,SPO.09.AKC.5066.6001.1,SPP.09.AKC.5066.6001.1.11325,SAM.09.AKC.5066.6001.1,PM2.5,http://dd.eionet.europa.eu/vocabulary/aq/pollutant/6001,hour,11.4430007800,µg/m3,2018-05-26 09:00:00 +01:00,2018-05-26 10:00:00 +01:00,1,1
AT,AT.0008.20.AQ,NET.09,STA.09.AKC,,SPO.09.AKC.5066.6001.1,SPP.09.AKC.5066.6001.1.11325,SAM.09.AKC.5066.6001.1,PM2.5,http://dd.eionet.europa.eu/vocabulary/aq/pollutant/6001,hour,7.6022996800,µg/m3,2018-05-26 13:00:00 +01:00,2018-05-26 14:00:00 +01:00,1,1
AT,AT.0008.20.AQ,NET.09,STA.09.AKC,,SPO.09.AKC.5066.6001.1,SPP.09.AKC.5066.6001.1.11325,SAM.09.AKC.5066.6001.1,PM2.5,http://dd.eionet.europa.eu/vocabulary/aq/pollutant/6001,hour,7.0580501400,µg/m3,2018-05-26 16:00:00 +01:00,2018-05-26 17:00:00 +01:00,1,1
AT,AT.0008.20.AQ,NET.09,STA.09.AKC,,SPO.09.AKC.5066.6001.1,SPP.09.AKC.5066.6001.1.11325,SAM.09.AKC.5066.6001.1,PM2.5,http://dd.eionet.europa.eu/vocabulary/aq/pollutant/6001,hour,6.5633497100,µg/m3,2018-05-26 17:00:00 +01:00,2018-05-26 18:00:00 +01:00,1,1
AT,AT.0008.20.AQ,NET.09,STA.09.AKC,,SPO.09.AKC.5066.6001.1,SPP.09.AKC.5066.6001.1.11325,SAM.09.AKC.5066.6001.1,PM2.5,http://dd.eionet.europa.eu/vocabulary/aq/pollutant/6001,hour,13.1195001500,µg/m3,2018-05-26 21:00:00 +01:00,2018-05-26 22:00:00 +01:00,1,1
AT,AT.0008.20.AQ,NET.09,STA.09.AKC,,SPO.09.AKC.5066.6001.1,SPP.09.AKC.5066.6001.1.11325,SAM.09.AKC.5066.6001.1,PM2.5,http://dd.eionet.europa.eu/vocabulary/aq/pollutant/6001,hour,12.3465003800,µg/m3,2018-05-26 23:00:00 +01:00,2018-05-27 00:00:00 +01:00,1,1
AT,AT.0008.20.AQ,NET.09,STA.09.AKC,,SPO.09.AKC.5066.6001.1,SPP.09.AKC.5066.6001.1.11325,SAM.09.AKC.5066.6001.1,PM2.5,http://dd.eionet.europa.eu/vocabulary/aq/pollutant/6001,hour,11.4419994200,µg/m3,2018-05-27 04:00:00 +01:00,2018-05-27 05:00:00 +01:00,1,1
AT,AT.0008.20.AQ,NET.09,STA.09.AKC,,SPO.09.AKC.5066.6001.1,SPP.09.AKC.5066.6001.1.11325,SAM.09.AKC.5066.6001.1,PM2.5,http://dd.eionet.europa.eu/vocabulary/aq/pollutant/6001,hour,17.0025005200,µg/m3,2018-05-27 06:00:00 +01:00,2018-05-27 07:00:00 +01:00,1,1
AT,AT.0008.20.AQ,NET.09,STA.09.AKC,,SPO.09.AKC.5066.6001.1,SPP.09.AKC.5066.6001.1.11325,SAM.09.AKC.5066.6001.1,PM2.5,http://dd.eionet.europa.eu/vocabulary/aq/pollutant/6001,hour,8.2843494300,µg/m3,2018-05-27 08:00:00 +01:00,2018-05-27 09:00:00 +01:00,1,1
AT,AT.0008.20.AQ,NET.09,STA.09.AKC,,SPO.09.AKC.5066.6001.1,SPP.09.AKC.5066.6001.1.11325,SAM.09.AKC.5066.6001.1,PM2.5,http://dd.eionet.europa.eu/vocabulary/aq/pollutant/6001,hour,7.6595001100,µg/m3,2018-05-27 09:00:00 +01:00,2018-05-27 10:00:00 +01:00,1,1
AT,AT.0008.20.AQ,NET.09,STA.09.AKC,,SPO.09.AKC.5066.6001.1,SPP.09.AKC.5066.6001.1.11325,SAM.09.AKC.5066.6001.1,PM2.5,http://dd.eionet.europa.eu/vocabulary/aq/pollutant/6001,hour,7.0433502000,µg/m3,2018-05-27 12:00:00 +01:00,2018-05-27 13:00:00 +01:00,1,1
AT,AT.0008.20.AQ,NET.09,STA.09.AKC,,SPO.09.AKC.5066.6001.1,SPP.09.AKC.5066.6001.1.11325,SAM.09.AKC.5066.6001.1,PM2.5,http://dd.eionet.europa.eu/vocabulary/aq/pollutant/6001,hour,5.9698500500,µg/m3,2018-05-27 17:00:00 +01:00,2018-05-27 18:00:00 +01:00,1,1
AT,AT.0008.20.AQ,NET.09,STA.09.AKC,,SPO.09.AKC.5066.6001.1,SPP.09.AKC.5066.6001.1.11325,SAM.09.AKC.5066.6001.1,PM2.5,http://dd.eionet.europa.eu/vocabulary/aq/pollutant/6001,hour,12.6814994700,µg/m3,2018-05-27 22:00:00 +01:00,2018-05-27 23:00:00 +01:00,1,1
AT,AT.0008.20.AQ,NET.09,STA.09.AKC,,SPO.09.AKC.5066.6001.1,SPP.09.AKC.5066.6001.1.11325,SAM.09.AKC.5066.6001.1,PM2.5,http://dd.eionet.europa.eu/vocabulary/aq/pollutant/6001,hour,17.7065009900,µg/m3,2018-05-28 04:00:00 +01:00,2018-05-28 05:00:00 +01:00,1,1
AT,AT.0008.20.AQ,NET.09,STA.09.AKC,,SPO.09.AKC.5066.6001.1,SPP.09.AKC.5066.6001.1.11325,SAM.09.AKC.5066.6001.1,PM2.5,http://dd.eionet.europa.eu/vocabulary/aq/pollutant/6001,hour,13.2840003800,µg/m3,2018-05-28 07:00:00 +01:00,2018-05-28 08:00:00 +01:00,1,1
AT,AT.0008.20.AQ,NET.09,STA.09.AKC,,SPO.09.AKC.5066.6001.1,SPP.09.AKC.5066.6001.1.11325,SAM.09.AKC.5066.6001.1,PM2.5,http://dd.eionet.europa.eu/vocabulary/aq/pollutant/6001,hour,9.8088998600,µg/m3,2018-05-28 16:00:00 +01:00,2018-05-28 17:00:00 +01:00,1,1
AT,AT.0008.20.AQ,NET.09,STA.09.AKC,,SPO.09.AKC.5066.6001.1,SPP.09.AKC.5066.6001.1.11325,SAM.09.AKC.5066.6001.1,PM2.5,http://dd.eionet.europa.eu/vocabulary/aq/pollutant/6001,hour,9.3642005800,µg/m3,2018-05-28 17:00:00 +01:00,2018-05-28 18:00:00 +01:00,1,1
AT,AT.0008.20.AQ,NET.09,STA.09.AKC,,SPO.09.AKC.5066.6001.1,SPP.09.AKC.5066.6001.1.11325,SAM.09.AKC.5066.6001.1,PM2.5,http://dd.eionet.europa.eu/vocabulary/aq/pollutant/6001,hour,9.8034496200,µg/m3,2018-05-28 18:00:00 +01:00,2018-05-28 19:00:00 +01:00,1,1
AT,AT.0008.20.AQ,NET.09,STA.09.AKC,,SPO.09.AKC.5066.6001.1,SPP.09.AKC.5066.6001.1.11325,SAM.09.AKC.5066.6001.1,PM2.5,http://dd.eionet.europa.eu/vocabulary/aq/pollutant/6001,hour,9.5692005000,µg/m3,2018-05-28 21:00:00 +01:00,2018-05-28 22:00:00 +01:00,1,1
AT,AT.0008.20.AQ,NET.09,STA.09.AKC,,SPO.09.AKC.5066.6001.1,SPP.09.AKC.5066.6001.1.11325,SAM.09.AKC.5066.6001.1,PM2.5,http://dd.eionet.europa.eu/vocabulary/aq/pollutant/6001,hour,14.7280006300,µg/m3,2018-05-29 02:00:00 +01:00,2018-05-29 03:00:00 +01:00,1,1
AT,AT.0008.20.AQ,NET.09,STA.09.AKC,,SPO.09.AKC.5066.6001.1,SPP.09.AKC.5066.6001.1.11325,SAM.09.AKC.5066.6001.1,PM2.5,http://dd.eionet.europa.eu/vocabulary/aq/pollutant/6001,hour,18.6129989500,µg/m3,2018-05-29 04:00:00 +01:00,2018-05-29 05:00:00 +01:00,1,1
AT,AT.0008.20.AQ,NET.09,STA.09.AKC,,SPO.09.AKC.5066.6001.1,SPP.09.AKC.5066.6001.1.11325,SAM.09.AKC.5066.6001.1,PM2.5,http://dd.eionet.europa.eu/vocabulary/aq/pollutant/6001,hour,9.7598495300,µg/m3,2018-05-29 12:00:00 +01:00,2018-05-29 13:00:00 +01:00,1,1
AT,AT.0008.20.AQ,NET.09,STA.09.AKC,,SPO.09.AKC.5066.6001.1,SPP.09.AKC.5066.6001.1.11325,SAM.09.AKC.5066.6001.1,PM2.5,http://dd.eionet.europa.eu/vocabulary/aq/pollutant/6001,hour,9.2567500900,µg/m3,2018-05-29 13:00:00 +01:00,2018-05-29 14:00:00 +01:00,1,1
AT,AT.0008.20.AQ,NET.09,STA.09.AKC,,SPO.09.AKC.5066.6001.1,SPP.09.AKC.5066.6001.1.11325,SAM.09.AKC.5066.6001.1,PM2.5,http://dd.eionet.europa.eu/vocabulary/aq/pollutant/6001,hour,8.3379497400,µg/m3,2018-05-29 14:00:00 +01:00,2018-05-29 15:00:00 +01:00,1,1
AT,AT.0008.20.AQ,NET.09,STA.09.AKC,,SPO.09.AKC.5066.6001.1,SPP.09.AKC.5066.6001.1.11325,SAM.09.AKC.5066.6001.1,PM2.5,http://dd.eionet.europa.eu/vocabulary/aq/pollutant/6001,hour,7.3243503400,µg/m3,2018-05-29 19:00:00 +01:00,2018-05-29 20:00:00 +01:00,1,1
AT,AT.0008.20.AQ,NET.09,STA.09.AKC,,SPO.09.AKC.5066.6001.1,SPP.09.AKC.5066.6001.1.11325,SAM.09.AKC.5066.6001.1,PM2.5,http://dd.eionet.europa.eu/vocabulary/aq/pollutant/6001,hour,7.8883504700,µg/m3,2018-05-30 00:00:00 +01:00,2018-05-30 01:00:00 +01:00,1,1
AT,AT.0008.20.AQ,NET.09,STA.09.AKC,,SPO.09.AKC.5066.6001.1,SPP.09.AKC.5066.6001.1.11325,SAM.09.AKC.5066.6001.1,PM2.5,http://dd.eionet.europa.eu/vocabulary/aq/pollutant/6001,hour,9.1198005500,µg/m3,2018-05-30 05:00:00 +01:00,2018-05-30 06:00:00 +01:00,1,1
AT,AT.0008.20.AQ,NET.09,STA.09.AKC,,SPO.09.AKC.5066.6001.1,SPP.09.AKC.5066.6001.1.11325,SAM.09.AKC.5066.6001.1,PM2.5,http://dd.eionet.europa.eu/vocabulary/aq/pollutant/6001,hour,8.4456500900,µg/m3,2018-05-30 09:00:00 +01:00,2018-05-30 10:00:00 +01:00,1,1
AT,AT.0008.20.AQ,NET.09,STA.09.AKC,,SPO.09.AKC.5066.6001.1,SPP.09.AKC.5066.6001.1.11325,SAM.09.AKC.5066.6001.1,PM2.5,http://dd.eionet.europa.eu/vocabulary/aq/pollutant/6001,hour,9.9932994700,µg/m3,2018-05-30 11:00:00 +01:00,2018-05-30 12:00:00 +01:00,1,1
AT,AT.0008.20.AQ,NET.09,STA.09.AKC,,SPO.09.AKC.5066.6001.1,SPP.09.AKC.5066.6001.1.11325,SAM.09.AKC.5066.6001.1,PM2.5,http://dd.eionet.europa.eu/vocabulary/aq/pollutant/6001,hour,8.6391506000,µg/m3,2018-05-30 12:00:00 +01:00,2018-05-30 13:00:00 +01:00,1,1
AT,AT.0008.20.AQ,NET.09,STA.09.AKC,,SPO.09.AKC.5066.6001.1,SPP.09.AKC.5066.6001.1.11325,SAM.09.AKC.5066.6001.1,PM2.5,http://dd.eionet.europa.eu/vocabulary/aq/pollutant/6001,hour,7.7181501200,µg/m3,2018-05-30 13:00:00 +01:00,2018-05-30 14:00:00 +01:00,1,1
AT,AT.0008.20.AQ,NET.09,STA.09.AKC,,SPO.09.AKC.5066.6001.1,SPP.09.AKC.5066.6001.1.11325,SAM.09.AKC.5066.6001.1,PM2.5,http://dd.eionet.europa.eu/vocabulary/aq/pollutant/6001,hour,7.1016502200,µg/m3,2018-05-30 15:00:00 +01:00,2018-05-30 16:00:00 +01:00,1,1
AT,AT.0008.20.AQ,NET.09,STA.09.AKC,,SPO.09.AKC.5066.6001.1,SPP.09.AKC.5066.6001.1.11325,SAM.09.AKC.5066.6001.1,PM2.5,http://dd.eionet.europa.eu/vocabulary/aq/pollutant/6001,hour,9.1210498700,µg/m3,2018-05-30 22:00:00 +01:00,2018-05-30 23:00:00 +01:00,1,1
AT,AT.0008.20.AQ,NET.09,STA.09.AKC,,SPO.09.AKC.5066.6001.1,SPP.09.AKC.5066.6001.1.11325,SAM.09.AKC.5066.6001.1,PM2.5,http://dd.eionet.europa.eu/vocabulary/aq/pollutant/6001,hour,8.8786001100,µg/m3,2018-05-31 00:00:00 +01:00,2018-05-31 01:00:00 +01:00,1,1
AT,AT.0008.20.AQ,NET.09,STA.09.AKC,,SPO.09.AKC.5066.6001.1,SPP.09.AKC.5066.6001.1.11325,SAM.09.AKC.5066.6001.1,PM2.5,http://dd.eionet.europa.eu/vocabulary/aq/pollutant/6001,hour,7.3905000500,µg/m3,2018-05-31 09:00:00 +01:00,2018-05-31 10:00:00 +01:00,1,1
AT,AT.0008.20.AQ,NET.09,STA.09.AKC,,SPO.09.AKC.5066.6001.1,SPP.09.AKC.5066.6001.1.11325,SAM.09.AKC.5066.6001.1,PM2.5,http://dd.eionet.europa.eu/vocabulary/aq/pollutant/6001,hour,6.7657999800,µg/m3,2018-05-31 10:00:00 +01:00,2018-05-31 11:00:00 +01:00,1,1
AT,AT.0008.20.AQ,NET.09,STA.09.AKC,,SPO.09.AKC.5066.6001.1,SPP.09.AKC.5066.6001.1.11325,SAM.09.AKC.5066.6001.1,PM2.5,http://dd.eionet.europa.eu/vocabulary/aq/pollutant/6001,hour,6.9608001600,µg/m3,2018-05-31 11:00:00 +01:00,2018-05-31 12:00:00 +01:00,1,1
AT,AT.0008.20.AQ,NET.09,STA.09.AKC,,SPO.09.AKC.5066.6001.1,SPP.09.AKC.5066.6001.1.11325,SAM.09.AKC.5066.6001.1,PM2.5,http://dd.eionet.europa.eu/vocabulary/aq/pollutant/6001,hour,9.2665996400,µg/m3,2018-05-31 15:00:00 +01:00,2018-05-31 16:00:00 +01:00,1,1
AT,AT.0008.20.AQ,NET.09,STA.09.AKC,,SPO.09.AKC.5066.6001.1,SPP.09.AKC.5066.6001.1.11325,SAM.09.AKC.5066.6001.1,PM2.5,http://dd.eionet.europa.eu/vocabulary/aq/pollutant/6001,hour,9.6926002400,µg/m3,2018-05-31 16:00:00 +01:00,2018-05-31 17:00:00 +01:00,1,1
AT,AT.0008.20.AQ,NET.09,STA.09.AKC,,SPO.09.AKC.5066.6001.1,SPP.09.AKC.5066.6001.1.11325,SAM.09.AKC.5066.6001.1,PM2.5,http://dd.eionet.europa.eu/vocabulary/aq/pollutant/6001,hour,10.1940002300,µg/m3,2018-05-31 17:00:00 +01:00,2018-05-31 18:00:00 +01:00,1,1
AT,AT.0008.20.AQ,NET.09,STA.09.AKC,,SPO.09.AKC.5066.6001.1,SPP.09.AKC.5066.6001.1.11325,SAM.09.AKC.5066.6001.1,PM2.5,http://dd.eionet.europa.eu/vocabulary/aq/pollutant/6001,hour,11.5570001500,µg/m3,2018-05-31 20:00:00 +01:00,2018-05-31 21:00:00 +01:00,1,1
AT,AT.0008.20.AQ,NET.09,STA.09.AKC,,SPO.09.AKC.5066.6001.1,SPP.09.AKC.5066.6001.1.11325,SAM.09.AKC.5066.6001.1,PM2.5,http://dd.eionet.europa.eu/vocabulary/aq/pollutant/6001,hour,13.0170001800,µg/m3,2018-06-01 06:00:00 +01:00,2018-06-01 07:00:00 +01:00,1,1
AT,AT.0008.20.AQ,NET.09,STA.09.AKC,,SPO.09.AKC.5066.6001.1,SPP.09.AKC.5066.6001.1.11325,SAM.09.AKC.5066.6001.1,PM2.5,http://dd.eionet.europa.eu/vocabulary/aq/pollutant/6001,hour,11.0059995500,µg/m3,2018-06-01 08:00:00 +01:00,2018-06-01 09:00:00 +01:00,1,1
AT,AT.0008.20.AQ,NET.09,STA.09.AKC,,SPO.09.AKC.5066.6001.1,SPP.09.AKC.5066.6001.1.11325,SAM.09.AKC.5066.6001.1,PM2.5,http://dd.eionet.europa.eu/vocabulary/aq/pollutant/6001,hour,8.1168002900,µg/m3,2018-06-01 15:00:00 +01:00,2018-06-01 16:00:00 +01:00,1,1
AT,AT.0008.20.AQ,NET.09,STA.09.AKC,,SPO.09.AKC.5066.6001.1,SPP.09.AKC.5066.6001.1.11325,SAM.09.AKC.5066.6001.1,PM2.5,http://dd.eionet.europa.eu/vocabulary/aq/pollutant/6001,hour,8.6889495700,µg/m3,2018-06-01 16:00:00 +01:00,2018-06-01 17:00:00 +01:00,1,1
AT,AT.0008.20.AQ,NET.09,STA.09.AKC,,SPO.09.AKC.5066.6001.1,SPP.09.AKC.5066.6001.1.11325,SAM.09.AKC.5066.6001.1,PM2.5,http://dd.eionet.europa.eu/vocabulary/aq/pollutant/6001,hour,8.3817005000,µg/m3,2018-06-01 17:00:00 +01:00,2018-06-01 18:00:00 +01:00,1,1
AT,AT.0008.20.AQ,NET.09,STA.09.AKC,,SPO.09.AKC.5066.6001.1,SPP.09.AKC.5066.6001.1.11325,SAM.09.AKC.5066.6001.1,PM2.5,http://dd.eionet.europa.eu/vocabulary/aq/pollutant/6001,hour,9.8978004300,µg/m3,2018-06-01 22:00:00 +01:00,2018-06-01 23:00:00 +01:00,1,1
AT,AT.0008.20.AQ,NET.09,STA.09.AKC,,SPO.09.AKC.5066.6001.1,SPP.09.AKC.5066.6001.1.11325,SAM.09.AKC.5066.6001.1,PM2.5,http://dd.eionet.europa.eu/vocabulary/aq/pollutant/6001,hour,11.0690002300,µg/m3,2018-06-01 23:00:00 +01:00,2018-06-02 00:00:00 +01:00,1,1
AT,AT.0008.20.AQ,NET.09,STA.09.AKC,,SPO.09.AKC.5066.6001.1,SPP.09.AKC.5066.6001.1.11325,SAM.09.AKC.5066.6001.1,PM2.5,http://dd.eionet.europa.eu/vocabulary/aq/pollutant/6001,hour,7.3214998100,µg/m3,2018-06-02 04:00:00 +01:00,2018-06-02 05:00:00 +01:00,1,1
AT,AT.0008.20.AQ,NET.09,STA.09.AKC,,SPO.09.AKC.5066.6001.1,SPP.09.AKC.5066.6001.1.11325,SAM.09.AKC.5066.6001.1,PM2.5,http://dd.eionet.europa.eu/vocabulary/aq/pollutant/6001,hour,7.0482997700,µg/m3,2018-06-02 05:00:00 +01:00,2018-06-02 06:00:00 +01:00,1,1
AT,AT.0008.20.AQ,NET.09,STA.09.AKC,,SPO.09.AKC.5066.6001.1,SPP.09.AKC.5066.6001.1.11325,SAM.09.AKC.5066.6001.1,PM2.5,http://dd.eionet.europa.eu/vocabulary/aq/pollutant/6001,hour,4.8186998200,µg/m3,2018-06-02 07:00:00 +01:00,2018-06-02 08:00:00 +01:00,1,1
AT,AT.0008.20.AQ,NET.09,STA.09.AKC,,SPO.09.AKC.5066.6001.1,SPP.09.AKC.5066.6001.1.11325,SAM.09.AKC.5066.6001.1,PM2.5,http://dd.eionet.europa.eu/vocabulary/aq/pollutant/6001,hour,4.6098003200,µg/m3,2018-06-02 08:00:00 +01:00,2018-06-02 09:00:00 +01:00,1,1
AT,AT.0008.20.AQ,NET.09,STA.09.AKC,,SPO.09.AKC.5066.6001.1,SPP.09.AKC.5066.6001.1.11325,SAM.09.AKC.5066.6001.1,PM2.5,http://dd.eionet.europa.eu/vocabulary/aq/pollutant/6001,hour,7.2895998800,µg/m3,2018-06-02 14:00:00 +01:00,2018-06-02 15:00:00 +01:00,1,1
AT,AT.0008.20.AQ,NET.09,STA.09.AKC,,SPO.09.AKC.5066.6001.1,SPP.09.AKC.5066.6001.1.11325,SAM.09.AKC.5066.6001.1,PM2.5,http://dd.eionet.europa.eu/vocabulary/aq/pollutant/6001,hour,7.4832000600,µg/m3,2018-06-02 15:00:00 +01:00,2018-06-02 16:00:00 +01:00,1,1
AT,AT.0008.20.AQ,NET.09,STA.09.AKC,,SPO.09.AKC.5066.6001.1,SPP.09.AKC.5066.6001.1.11325,SAM.09.AKC.5066.6001.1,PM2.5,http://dd.eionet.europa.eu/vocabulary/aq/pollutant/6001,hour,4.5584001400,µg/m3,2018-06-02 19:00:00 +01:00,2018-06-02 20:00:00 +01:00,1,1
AT,AT.0008.20.AQ,NET.09,STA.09.AKC,,SPO.09.AKC.5066.6001.1,SPP.09.AKC.5066.6001.1.11325,SAM.09.AKC.5066.6001.1,PM2.5,http://dd.eionet.europa.eu/vocabulary/aq/pollutant/6001,hour,3.8165500000,µg/m3,2018-06-02 22:00:00 +01:00,2018-06-02 23:00:00 +01:00,1,1
AT,AT.0008.20.AQ,NET.09,STA.09.AKC,,SPO.09.AKC.5066.6001.1,SPP.09.AKC.5066.6001.1.11325,SAM.09.AKC.5066.6001.1,PM2.5,http://dd.eionet.europa.eu/vocabulary/aq/pollutant/6001,hour,5.3278498500,µg/m3,2018-06-03 04:00:00 +01:00,2018-06-03 05:00:00 +01:00,1,1
AT,AT.0008.20.AQ,NET.09,STA.09.AKC,,SPO.09.AKC.5066.6001.1,SPP.09.AKC.5066.6001.1.11325,SAM.09.AKC.5066.6001.1,PM2.5,http://dd.eionet.europa.eu/vocabulary/aq/pollutant/6001,hour,7.4798998700,µg/m3,2018-06-03 07:00:00 +01:00,2018-06-03 08:00:00 +01:00,1,1
AT,AT.0008.20.AQ,NET.09,STA.09.AKC,,SPO.09.AKC.5066.6001.1,SPP.09.AKC.5066.6001.1.11325,SAM.09.AKC.5066.6001.1,PM2.5,http://dd.eionet.europa.eu/vocabulary/aq/pollutant/6001,hour,6.0426502100,µg/m3,2018-06-03 09:00:00 +01:00,2018-06-03 10:00:00 +01:00,1,1
AT,AT.0008.20.AQ,NET.09,STA.09.AKC,,SPO.09.AKC.5066.6001.1,SPP.09.AKC.5066.6001.1.11325,SAM.09.AKC.5066.6001.1,PM2.5,http://dd.eionet.europa.eu/vocabulary/aq/pollutant/6001,hour,5.1862997900,µg/m3,2018-06-03 11:00:00 +01:00,2018-06-03 12:00:00 +01:00,1,1
AT,AT.0008.20.AQ,NET.09,STA.09.AKC,,SPO.09.AKC.5066.6001.1,SPP.09.AKC.5066.6001.1.11325,SAM.09.AKC.5066.6001.1,PM2.5,http://dd.eionet.europa.eu/vocabulary/aq/pollutant/6001,hour,4.1570000500,µg/m3,2018-06-03 12:00:00 +01:00,2018-06-03 13:00:00 +01:00,1,1
AT,AT.0008.20.AQ,NET.09,STA.09.AKC,,SPO.09.AKC.5066.6001.1,SPP.09.AKC.5066.6001.1.11325,SAM.09.AKC.5066.6001.1,PM2.5,http://dd.eionet.europa.eu/vocabulary/aq/pollutant/6001,hour,4.3375000800,µg/m3,2018-06-03 13:00:00 +01:00,2018-06-03 14:00:00 +01:00,1,1
AT,AT.0008.20.AQ,NET.09,STA.09.AKC,,SPO.09.AKC.5066.6001.1,SPP.09.AKC.5066.6001.1.11325,SAM.09.AKC.5066.6001.1,PM2.5,http://dd.eionet.europa.eu/vocabulary/aq/pollutant/6001,hour,5.2126998800,µg/m3,2018-06-03 14:00:00 +01:00,2018-06-03 15:00:00 +01:00,1,1
AT,AT.0008.20.AQ,NET.09,STA.09.AKC,,SPO.09.AKC.5066.6001.1,SPP.09.AKC.5066.6001.1.11325,SAM.09.AKC.5066.6001.1,PM2.5,http://dd.eionet.europa.eu/vocabulary/aq/pollutant/6001,hour,4.6767997600,µg/m3,2018-06-03 15:00:00 +01:00,2018-06-03 16:00:00 +01:00,1,1
AT,AT.0008.20.AQ,NET.09,STA.09.AKC,,SPO.09.AKC.5066.6001.1,SPP.09.AKC.5066.6001.1.11325,SAM.09.AKC.5066.6001.1,PM2.5,http://dd.eionet.europa.eu/vocabulary/aq/pollutant/6001,hour,6.4112996900,µg/m3,2018-06-03 18:00:00 +01:00,2018-06-03 19:00:00 +01:00,1,1
AT,AT.0008.20.AQ,NET.09,STA.09.AKC,,SPO.09.AKC.5066.6001.1,SPP.09.AKC.5066.6001.1.11325,SAM.09.AKC.5066.6001.1,PM2.5,http://dd.eionet.europa.eu/vocabulary/aq/pollutant/6001,hour,6.5524997600,µg/m3,2018-06-03 19:00:00 +01:00,2018-06-03 20:00:00 +01:00,1,1
AT,AT.0008.20.AQ,NET.09,STA.09.AKC,,SPO.09.AKC.5066.6001.1,SPP.09.AKC.5066.6001.1.11325,SAM.09.AKC.5066.6001.1,PM2.5,http://dd.eionet.europa.eu/vocabulary/aq/pollutant/6001,hour,6.6930503700,µg/m3,2018-06-03 21:00:00 +01:00,2018-06-03 22:00:00 +01:00,1,1
AT,AT.0008.20.AQ,NET.09,STA.09.AKC,,SPO.09.AKC.5066.6001.1,SPP.09.AKC.5066.6001.1.11325,SAM.09.AKC.5066.6001.1,PM2.5,http://dd.eionet.europa.eu/vocabulary/aq/pollutant/6001,hour,9.5826501700,µg/m3,2018-06-04 02:00:00 +01:00,2018-06-04 03:00:00 +01:00,1,1
AT,AT.0008.20.AQ,NET.09,STA.09.AKC,,SPO.09.AKC.5066.6001.1,SPP.09.AKC.5066.6001.1.11325,SAM.09.AKC.5066.6001.1,PM2.5,http://dd.eionet.europa.eu/vocabulary/aq/pollutant/6001,hour,12.0235004300,µg/m3,2018-06-04 06:00:00 +01:00,2018-06-04 07:00:00 +01:00,1,1
AT,AT.0008.20.AQ,NET.09,STA.09.AKC,,SPO.09.AKC.5066.6001.1,SPP.09.AKC.5066.6001.1.11325,SAM.09.AKC.5066.6001.1,PM2.5,http://dd.eionet.europa.eu/vocabulary/aq/pollutant/6001,hour,11.3339996200,µg/m3,2018-06-04 07:00:00 +01:00,2018-06-04 08:00:00 +01:00,1,1
AT,AT.0008.20.AQ,NET.09,STA.09.AKC,,SPO.09.AKC.5066.6001.1,SPP.09.AKC.5066.6001.1.11325,SAM.09.AKC.5066.6001.1,PM2.5,http://dd.eionet.europa.eu/vocabulary/aq/pollutant/6001,hour,8.0186996300,µg/m3,2018-06-04 10:00:00 +01:00,2018-06-04 11:00:00 +01:00,1,1
AT,AT.0008.20.AQ,NET.09,STA.09.AKC,,SPO.09.AKC.5066.6001.1,SPP.09.AKC.5066.6001.1.11325,SAM.09.AKC.5066.6001.1,PM2.5,http://dd.eionet.europa.eu/vocabulary/aq/pollutant/6001,hour,7.5002002600,µg/m3,2018-06-04 11:00:00 +01:00,2018-06-04 12:00:00 +01:00,1,1
AT,AT.0008.20.AQ,NET.09,STA.09.AKC,,SPO.09.AKC.5066.6001.1,SPP.09.AKC.5066.6001.1.11325,SAM.09.AKC.5066.6001.1,PM2.5,http://dd.eionet.europa.eu/vocabulary/aq/pollutant/6001,hour,7.1567001200,µg/m3,2018-06-04 12:00:00 +01:00,2018-06-04 13:00:00 +01:00,1,1
AT,AT.0008.20.AQ,NET.09,STA.09.AKC,,SPO.09.AKC.5066.6001.1,SPP.09.AKC.5066.6001.1.11325,SAM.09.AKC.5066.6001.1,PM2.5,http://dd.eionet.europa.eu/vocabulary/aq/pollutant/6001,hour,7.0547499500,µg/m3,2018-06-04 13:00:00 +01:00,2018-06-04 14:00:00 +01:00,1,1
AT,AT.0008.20.AQ,NET.09,STA.09.AKC,,SPO.09.AKC.5066.6001.1,SPP.09.AKC.5066.6001.1.11325,SAM.09.AKC.5066.6001.1,PM2.5,http://dd.eionet.europa.eu/vocabulary/aq/pollutant/6001,hour,7.6718501900,µg/m3,2018-06-04 14:00:00 +01:00,2018-06-04 15:00:00 +01:00,1,1
AT,AT.0008.20.AQ,NET.09,STA.09.AKC,,SPO.09.AKC.5066.6001.1,SPP.09.AKC.5066.6001.1.11325,SAM.09.AKC.5066.6001.1,PM2.5,http://dd.eionet.europa.eu/vocabulary/aq/pollutant/6001,hour,7.0156001900,µg/m3,2018-06-04 16:00:00 +01:00,2018-06-04 17:00:00 +01:00,1,1
AT,AT.0008.20.AQ,NET.09,STA.09.AKC,,SPO.09.AKC.5066.6001.1,SPP.09.AKC.5066.6001.1.11325,SAM.09.AKC.5066.6001.1,PM2.5,http://dd.eionet.europa.eu/vocabulary/aq/pollutant/6001,hour,6.6844000700,µg/m3,2018-06-04 17:00:00 +01:00,2018-06-04 18:00:00 +01:00,1,1
AT,AT.0008.20.AQ,NET.09,STA.09.AKC,,SPO.09.AKC.5066.6001.1,SPP.09.AKC.5066.6001.1.11325,SAM.09.AKC.5066.6001.1,PM2.5,http://dd.eionet.europa.eu/vocabulary/aq/pollutant/6001,hour,9.6052493900,µg/m3,2018-06-05 00:00:00 +01:00,2018-06-05 01:00:00 +01:00,1,1
AT,AT.0008.20.AQ,NET.09,STA.09.AKC,,SPO.09.AKC.5066.6001.1,SPP.09.AKC.5066.6001.1.11325,SAM.09.AKC.5066.6001.1,PM2.5,http://dd.eionet.europa.eu/vocabulary/aq/pollutant/6001,hour,10.1195001500,µg/m3,2018-06-05 02:00:00 +01:00,2018-06-05 03:00:00 +01:00,1,1
AT,AT.0008.20.AQ,NET.09,STA.09.AKC,,SPO.09.AKC.5066.6001.1,SPP.09.AKC.5066.6001.1.11325,SAM.09.AKC.5066.6001.1,PM2.5,http://dd.eionet.europa.eu/vocabulary/aq/pollutant/6001,hour,12.2859992800,µg/m3,2018-06-05 04:00:00 +01:00,2018-06-05 05:00:00 +01:00,1,1
AT,AT.0008.20.AQ,NET.09,STA.09.AKC,,SPO.09.AKC.5066.6001.1,SPP.09.AKC.5066.6001.1.11325,SAM.09.AKC.5066.6001.1,PM2.5,http://dd.eionet.europa.eu/vocabulary/aq/pollutant/6001,hour,9.4256496300,µg/m3,2018-06-05 10:00:00 +01:00,2018-06-05 11:00:00 +01:00,1,1
AT,AT.0008.20.AQ,NET.09,STA.09.AKC,,SPO.09.AKC.5066.6001.1,SPP.09.AKC.5066.6001.1.11325,SAM.09.AKC.5066.6001.1,PM2.5,http://dd.eionet.europa.eu/vocabulary/aq/pollutant/6001,hour,7.0524997600,µg/m3,2018-06-05 12:00:00 +01:00,2018-06-05 13:00:00 +01:00,1,1
AT,AT.0008.20.AQ,NET.09,STA.09.AKC,,SPO.09.AKC.5066.6001.1,SPP.09.AKC.5066.6001.1.11325,SAM.09.AKC.5066.6001.1,PM2.5,http://dd.eionet.europa.eu/vocabulary/aq/pollutant/6001,hour,6.2571000900,µg/m3,2018-06-05 13:00:00 +01:00,2018-06-05 14:00:00 +01:00,1,1
AT,AT.0008.20.AQ,NET.09,STA.09.AKC,,SPO.09.AKC.5066.6001.1,SPP.09.AKC.5066.6001.1.11325,SAM.09.AKC.5066.6001.1,PM2.5,http://dd.eionet.europa.eu/vocabulary/aq/pollutant/6001,hour,7.0907497300,µg/m3,2018-06-05 14:00:00 +01:00,2018-06-05 15:00:00 +01:00,1,1
AT,AT.0008.20.AQ,NET.09,STA.09.AKC,,SPO.09.AKC.5066.6001.1,SPP.09.AKC.5066.6001.1.11325,SAM.09.AKC.5066.6001.1,PM2.5,http://dd.eionet.europa.eu/vocabulary/aq/pollutant/6001,hour,6.1366996600,µg/m3,2018-06-05 15:00:00 +01:00,2018-06-05 16:00:00 +01:00,1,1
AT,AT.0008.20.AQ,NET.09,STA.09.AKC,,SPO.09.AKC.5066.6001.1,SPP.09.AKC.5066.6001.1.11325,SAM.09.AKC.5066.6001.1,PM2.5,http://dd.eionet.europa.eu/vocabulary/aq/pollutant/6001,hour,8.0842494800,µg/m3,2018-06-05 16:00:00 +01:00,2018-06-05 17:00:00 +01:00,1,1
AT,AT.0008.20.AQ,NET.09,STA.09.AKC,,SPO.09.AKC.5066.6001.1,SPP.09.AKC.5066.6001.1.11325,SAM.09.AKC.5066.6001.1,PM2.5,http://dd.eionet.europa.eu/vocabulary/aq/pollutant/6001,hour,9.7186002600,µg/m3,2018-06-05 17:00:00 +01:00,2018-06-05 18:00:00 +01:00,1,1
AT,AT.0008.20.AQ,NET.09,STA.09.AKC,,SPO.09.AKC.5066.6001.1,SPP.09.AKC.5066.6001.1.11325,SAM.09.AKC.5066.6001.1,PM2.5,http://dd.eionet.europa.eu/vocabulary/aq/pollutant/6001,hour,11.0839996200,µg/m3,2018-06-05 20:00:00 +01:00,2018-06-05 21:00:00 +01:00,1,1
AT,AT.0008.20.AQ,NET.09,STA.09.AKC,,SPO.09.AKC.5066.6001.1,SPP.09.AKC.5066.6001.1.11325,SAM.09.AKC.5066.6001.1,PM2.5,http://dd.eionet.europa.eu/vocabulary/aq/pollutant/6001,hour,14.3985004300,µg/m3,2018-06-06 08:00:00 +01:00,2018-06-06 09:00:00 +01:00,1,1
AT,AT.0008.20.AQ,NET.09,STA.09.AKC,,SPO.09.AKC.5066.6001.1,SPP.09.AKC.5066.6001.1.11325,SAM.09.AKC.5066.6001.1,PM2.5,http://dd.eionet.europa.eu/vocabulary/aq/pollutant/6001,hour,13.1180000200,µg/m3,2018-06-06 12:00:00 +01:00,2018-06-06 13:00:00 +01:00,1,1
AT,AT.0008.20.AQ,NET.09,STA.09.AKC,,SPO.09.AKC.5066.6001.1,SPP.09.AKC.5066.6001.1.11325,SAM.09.AKC.5066.6001.1,PM2.5,http://dd.eionet.europa.eu/vocabulary/aq/pollutant/6001,hour,12.2735004300,µg/m3,2018-06-06 14:00:00 +01:00,2018-06-06 15:00:00 +01:00,1,1
AT,AT.0008.20.AQ,NET.09,STA.09.AKC,,SPO.09.AKC.5066.6001.1,SPP.09.AKC.5066.6001.1.11325,SAM.09.AKC.5066.6001.1,PM2.5,http://dd.eionet.europa.eu/vocabulary/aq/pollutant/6001,hour,8.7999992200,µg/m3,2018-06-06 17:00:00 +01:00,2018-06-06 18:00:00 +01:00,1,1
AT,AT.0008.20.AQ,NET.09,STA.09.AKC,,SPO.09.AKC.5066.6001.1,SPP.09.AKC.5066.6001.1.11325,SAM.09.AKC.5066.6001.1,PM2.5,http://dd.eionet.europa.eu/vocabulary/aq/pollutant/6001,hour,8.8580999200,µg/m3,2018-06-06 18:00:00 +01:00,2018-06-06 19:00:00 +01:00,1,1
AT,AT.0008.20.AQ,NET.09,STA.09.AKC,,SPO.09.AKC.5066.6001.1,SPP.09.AKC.5066.6001.1.11325,SAM.09.AKC.5066.6001.1,PM2.5,http://dd.eionet.europa.eu/vocabulary/aq/pollutant/6001,hour,8.5715503500,µg/m3,2018-06-06 19:00:00 +01:00,2018-06-06 20:00:00 +01:00,1,1
AT,AT.0008.20.AQ,NET.09,STA.09.AKC,,SPO.09.AKC.5066.6001.1,SPP.09.AKC.5066.6001.1.11325,SAM.09.AKC.5066.6001.1,PM2.5,http://dd.eionet.europa.eu/vocabulary/aq/pollutant/6001,hour,5.5259504200,µg/m3,2018-06-06 20:00:00 +01:00,2018-06-06 21:00:00 +01:00,1,1
AT,AT.0008.20.AQ,NET.09,STA.09.AKC,,SPO.09.AKC.5066.6001.1,SPP.09.AKC.5066.6001.1.11325,SAM.09.AKC.5066.6001.1,PM2.5,http://dd.eionet.europa.eu/vocabulary/aq/pollutant/6001,hour,8.6810493300,µg/m3,2018-06-06 23:00:00 +01:00,2018-06-07 00:00:00 +01:00,1,1
AT,AT.0008.20.AQ,NET.09,STA.09.AKC,,SPO.09.AKC.5066.6001.1,SPP.09.AKC.5066.6001.1.11325,SAM.09.AKC.5066.6001.1,PM2.5,http://dd.eionet.europa.eu/vocabulary/aq/pollutant/6001,hour,12.1949996800,µg/m3,2018-06-07 06:00:00 +01:00,2018-06-07 07:00:00 +01:00,1,1
AT,AT.0008.20.AQ,NET.09,STA.09.AKC,,SPO.09.AKC.5066.6001.1,SPP.09.AKC.5066.6001.1.11325,SAM.09.AKC.5066.6001.1,PM2.5,http://dd.eionet.europa.eu/vocabulary/aq/pollutant/6001,hour,15.3489999600,µg/m3,2018-06-07 10:00:00 +01:00,2018-06-07 11:00:00 +01:00,1,1
AT,AT.0008.20.AQ,NET.09,STA.09.AKC,,SPO.09.AKC.5066.6001.1,SPP.09.AKC.5066.6001.1.11325,SAM.09.AKC.5066.6001.1,PM2.5,http://dd.eionet.europa.eu/vocabulary/aq/pollutant/6001,hour,10.9759998200,µg/m3,2018-06-07 13:00:00 +01:00,2018-06-07 14:00:00 +01:00,1,1
AT,AT.0008.20.AQ,NET.09,STA.09.AKC,,SPO.09.AKC.5066.6001.1,SPP.09.AKC.5066.6001.1.11325,SAM.09.AKC.5066.6001.1,PM2.5,http://dd.eionet.europa.eu/vocabulary/aq/pollutant/6001,hour,9.5244502900,µg/m3,2018-06-07 15:00:00 +01:00,2018-06-07 16:00:00 +01:00,1,1
AT,AT.0008.20.AQ,NET.09,STA.09.AKC,,SPO.09.AKC.5066.6001.1,SPP.09.AKC.5066.6001.1.11325,SAM.09.AKC.5066.6001.1,PM2.5,http://dd.eionet.europa.eu/vocabulary/aq/pollutant/6001,hour,8.5811500400,µg/m3,2018-06-07 18:00:00 +01:00,2018-06-07 19:00:00 +01:00,1,1
AT,AT.0008.20.AQ,NET.09,STA.09.AKC,,SPO.09.AKC.5066.6001.1,SPP.09.AKC.5066.6001.1.11325,SAM.09.AKC.5066.6001.1,PM2.5,http://dd.eionet.europa.eu/vocabulary/aq/pollutant/6001,hour,9.1107501800,µg/m3,2018-06-07 22:00:00 +01:00,2018-06-07 23:00:00 +01:00,1,1
AT,AT.0008.20.AQ,NET.09,STA.09.AKC,,SPO.09.AKC.5066.6001.1,SPP.09.AKC.5066.6001.1.11325,SAM.09.AKC.5066.6001.1,PM2.5,http://dd.eionet.europa.eu/vocabulary/aq/pollutant/6001,hour,5.6606502400,µg/m3,2018-06-08 01:00:00 +01:00,2018-06-08 02:00:00 +01:00,1,1
AT,AT.0008.20.AQ,NET.09,STA.09.AKC,,SPO.09.AKC.5066.6001.1,SPP.09.AKC.5066.6001.1.11325,SAM.09.AKC.5066.6001.1,PM2.5,http://dd.eionet.europa.eu/vocabulary/aq/pollutant/6001,hour,8.4851999100,µg/m3,2018-06-08 04:00:00 +01:00,2018-06-08 05:00:00 +01:00,1,1
AT,AT.0008.20.AQ,NET.09,STA.09.AKC,,SPO.09.AKC.5066.6001.1,SPP.09.AKC.5066.6001.1.11325,SAM.09.AKC.5066.6001.1,PM2.5,http://dd.eionet.europa.eu/vocabulary/aq/pollutant/6001,hour,9.7442998700,µg/m3,2018-06-08 12:00:00 +01:00,2018-06-08 13:00:00 +01:00,1,1
AT,AT.0008.20.AQ,NET.09,STA.09.AKC,,SPO.09.AKC.5066.6001.1,SPP.09.AKC.5066.6001.1.11325,SAM.09.AKC.5066.6001.1,PM2.5,http://dd.eionet.europa.eu/vocabulary/aq/pollutant/6001,hour,8.7790498600,µg/m3,2018-06-08 13:00:00 +01:00,2018-06-08 14:00:00 +01:00,1,1
AT,AT.0008.20.AQ,NET.09,STA.09.AKC,,SPO.09.AKC.5066.6001.1,SPP.09.AKC.5066.6001.1.11325,SAM.09.AKC.5066.6001.1,PM2.5,http://dd.eionet.europa.eu/vocabulary/aq/pollutant/6001,hour,7.9845495100,µg/m3,2018-06-08 14:00:00 +01:00,2018-06-08 15:00:00 +01:00,1,1
AT,AT.0008.20.AQ,NET.09,STA.09.AKC,,SPO.09.AKC.5066.6001.1,SPP.09.AKC.5066.6001.1.11325,SAM.09.AKC.5066.6001.1,PM2.5,http://dd.eionet.europa.eu/vocabulary/aq/pollutant/6001,hour,8.3636999000,µg/m3,2018-06-08 15:00:00 +01:00,2018-06-08 16:00:00 +01:00,1,1
AT,AT.0008.20.AQ,NET.09,STA.09.AKC,,SPO.09.AKC.5066.6001.1,SPP.09.AKC.5066.6001.1.11325,SAM.09.AKC.5066.6001.1,PM2.5,http://dd.eionet.europa.eu/vocabulary/aq/pollutant/6001,hour,9.3461999700,µg/m3,2018-06-08 18:00:00 +01:00,2018-06-08 19:00:00 +01:00,1,1
AT,AT.0008.20.AQ,NET.09,STA.09.AKC,,SPO.09.AKC.5066.6001.1,SPP.09.AKC.5066.6001.1.11325,SAM.09.AKC.5066.6001.1,PM2.5,http://dd.eionet.europa.eu/vocabulary/aq/pollutant/6001,hour,9.9386005300,µg/m3,2018-06-08 20:00:00 +01:00,2018-06-08 21:00:00 +01:00,1,1
AT,AT.0008.20.AQ,NET.09,STA.09.AKC,,SPO.09.AKC.5066.6001.1,SPP.09.AKC.5066.6001.1.11325,SAM.09.AKC.5066.6001.1,PM2.5,http://dd.eionet.europa.eu/vocabulary/aq/pollutant/6001,hour,10.4274501700,µg/m3,2018-06-09 00:00:00 +01:00,2018-06-09 01:00:00 +01:00,1,1
AT,AT.0008.20.AQ,NET.09,STA.09.AKC,,SPO.09.AKC.5066.6001.1,SPP.09.AKC.5066.6001.1.11325,SAM.09.AKC.5066.6001.1,PM2.5,http://dd.eionet.europa.eu/vocabulary/aq/pollutant/6001,hour,6.2898998100,µg/m3,2018-06-09 02:00:00 +01:00,2018-06-09 03:00:00 +01:00,1,1
AT,AT.0008.20.AQ,NET.09,STA.09.AKC,,SPO.09.AKC.5066.6001.1,SPP.09.AKC.5066.6001.1.11325,SAM.09.AKC.5066.6001.1,PM2.5,http://dd.eionet.europa.eu/vocabulary/aq/pollutant/6001,hour,6.3233499400,µg/m3,2018-06-09 04:00:00 +01:00,2018-06-09 05:00:00 +01:00,1,1
AT,AT.0008.20.AQ,NET.09,STA.09.AKC,,SPO.09.AKC.5066.6001.1,SPP.09.AKC.5066.6001.1.11325,SAM.09.AKC.5066.6001.1,PM2.5,http://dd.eionet.europa.eu/vocabulary/aq/pollutant/6001,hour,5.9874000400,µg/m3,2018-06-09 06:00:00 +01:00,2018-06-09 07:00:00 +01:00,1,1
AT,AT.0008.20.AQ,NET.09,STA.09.AKC,,SPO.09.AKC.5066.6001.1,SPP.09.AKC.5066.6001.1.11325,SAM.09.AKC.5066.6001.1,PM2.5,http://dd.eionet.europa.eu/vocabulary/aq/pollutant/6001,hour,5.9099502400,µg/m3,2018-06-09 08:00:00 +01:00,2018-06-09 09:00:00 +01:00,1,1
AT,AT.0008.20.AQ,NET.09,STA.09.AKC,,SPO.09.AKC.5066.6001.1,SPP.09.AKC.5066.6001.1.11325,SAM.09.AKC.5066.6001.1,PM2.5,http://dd.eionet.europa.eu/vocabulary/aq/pollutant/6001,hour,5.8526501500,µg/m3,2018-06-09 09:00:00 +01:00,2018-06-09 10:00:00 +01:00,1,1
AT,AT.0008.20.AQ,NET.09,STA.09.AKC,,SPO.09.AKC.5066.6001.1,SPP.09.AKC.5066.6001.1.11325,SAM.09.AKC.5066.6001.1,PM2.5,http://dd.eionet.europa.eu/vocabulary/aq/pollutant/6001,hour,6.3590001900,µg/m3,2018-06-09 10:00:00 +01:00,2018-06-09 11:00:00 +01:00,1,1
AT,AT.0008.20.AQ,NET.09,STA.09.AKC,,SPO.09.AKC.5066.6001.1,SPP.09.AKC.5066.6001.1.11325,SAM.09.AKC.5066.6001.1,PM2.5,http://dd.eionet.europa.eu/vocabulary/aq/pollutant/6001,hour,7.3672499500,µg/m3,2018-06-09 13:00:00 +01:00,2018-06-09 14:00:00 +01:00,1,1
AT,AT.0008.20.AQ,NET.09,STA.09.AKC,,SPO.09.AKC.5066.6001.1,SPP.09.AKC.5066.6001.1.11325,SAM.09.AKC.5066.6001.1,PM2.5,http://dd.eionet.europa.eu/vocabulary/aq/pollutant/6001,hour,6.0619001200,µg/m3,2018-06-09 15:00:00 +01:00,2018-06-09 16:00:00 +01:00,1,1
AT,AT.0008.20.AQ,NET.09,STA.09.AKC,,SPO.09.AKC.5066.6001.1,SPP.09.AKC.5066.6001.1.11325,SAM.09.AKC.5066.6001.1,PM2.5,http://dd.eionet.europa.eu/vocabulary/aq/pollutant/6001,hour,6.2352499800,µg/m3,2018-06-09 16:00:00 +01:00,2018-06-09 17:00:00 +01:00,1,1
AT,AT.0008.20.AQ,NET.09,STA.09.AKC,,SPO.09.AKC.5066.6001.1,SPP.09.AKC.5066.6001.1.11325,SAM.09.AKC.5066.6001.1,PM2.5,http://dd.eionet.europa.eu/vocabulary/aq/pollutant/6001,hour,7.4801502100,µg/m3,2018-06-09 18:00:00 +01:00,2018-06-09 19:00:00 +01:00,1,1
AT,AT.0008.20.AQ,NET.09,STA.09.AKC,,SPO.09.AKC.5066.6001.1,SPP.09.AKC.5066.6001.1.11325,SAM.09.AKC.5066.6001.1,PM2.5,http://dd.eionet.europa.eu/vocabulary/aq/pollutant/6001,hour,8.1443500400,µg/m3,2018-06-09 21:00:00 +01:00,2018-06-09 22:00:00 +01:00,1,1
AT,AT.0008.20.AQ,NET.09,STA.09.AKC,,SPO.09.AKC.5066.6001.1,SPP.09.AKC.5066.6001.1.11325,SAM.09.AKC.5066.6001.1,PM2.5,http://dd.eionet.europa.eu/vocabulary/aq/pollutant/6001,hour,11.4320001500,µg/m3,2018-06-10 00:00:00 +01:00,2018-06-10 01:00:00 +01:00,1,1
AT,AT.0008.20.AQ,NET.09,STA.09.AKC,,SPO.09.AKC.5066.6001.1,SPP.09.AKC.5066.6001.1.11325,SAM.09.AKC.5066.6001.1,PM2.5,http://dd.eionet.europa.eu/vocabulary/aq/pollutant/6001,hour,8.5308494400,µg/m3,2018-06-10 08:00:00 +01:00,2018-06-10 09:00:00 +01:00,1,1
AT,AT.0008.20.AQ,NET.09,STA.09.AKC,,SPO.09.AKC.5066.6001.1,SPP.09.AKC.5066.6001.1.11325,SAM.09.AKC.5066.6001.1,PM2.5,http://dd.eionet.europa.eu/vocabulary/aq/pollutant/6001,hour,8.4309997400,µg/m3,2018-06-10 09:00:00 +01:00,2018-06-10 10:00:00 +01:00,1,1
AT,AT.0008.20.AQ,NET.09,STA.09.AKC,,SPO.09.AKC.5066.6001.1,SPP.09.AKC.5066.6001.1.11325,SAM.09.AKC.5066.6001.1,PM2.5,http://dd.eionet.europa.eu/vocabulary/aq/pollutant/6001,hour,8.9084997000,µg/m3,2018-06-10 14:00:00 +01:00,2018-06-10 15:00:00 +01:00,1,1
AT,AT.0008.20.AQ,NET.09,STA.09.AKC,,SPO.09.AKC.5066.6001.1,SPP.09.AKC.5066.6001.1.11325,SAM.09.AKC.5066.6001.1,PM2.5,http://dd.eionet.europa.eu/vocabulary/aq/pollutant/6001,hour,7.6510000100,µg/m3,2018-06-10 16:00:00 +01:00,2018-06-10 17:00:00 +01:00,1,1
AT,AT.0008.20.AQ,NET.09,STA.09.AKC,,SPO.09.AKC.5066.6001.1,SPP.09.AKC.5066.6001.1.11325,SAM.09.AKC.5066.6001.1,PM2.5,http://dd.eionet.europa.eu/vocabulary/aq/pollutant/6001,hour,8.3822498200,µg/m3,2018-06-10 17:00:00 +01:00,2018-06-10 18:00:00 +01:00,1,1
AT,AT.0008.20.AQ,NET.09,STA.09.AKC,,SPO.09.AKC.5066.6001.1,SPP.09.AKC.5066.6001.1.11325,SAM.09.AKC.5066.6001.1,PM2.5,http://dd.eionet.europa.eu/vocabulary/aq/pollutant/6001,hour,8.6161994800,µg/m3,2018-06-10 18:00:00 +01:00,2018-06-10 19:00:00 +01:00,1,1
AT,AT.0008.20.AQ,NET.09,STA.09.AKC,,SPO.09.AKC.5066.6001.1,SPP.09.AKC.5066.6001.1.11325,SAM.09.AKC.5066.6001.1,PM2.5,http://dd.eionet.europa.eu/vocabulary/aq/pollutant/6001,hour,12.4249992200,µg/m3,2018-06-10 22:00:00 +01:00,2018-06-10 23:00:00 +01:00,1,1
AT,AT.0008.20.AQ,NET.09,STA.09.AKC,,SPO.09.AKC.5066.6001.1,SPP.09.AKC.5066.6001.1.11325,SAM.09.AKC.5066.6001.1,PM2.5,http://dd.eionet.europa.eu/vocabulary/aq/pollutant/6001,hour,11.9709997000,µg/m3,2018-06-10 23:00:00 +01:00,2018-06-11 00:00:00 +01:00,1,1
AT,AT.0008.20.AQ,NET.09,STA.09.AKC,,SPO.09.AKC.5066.6001.1,SPP.09.AKC.5066.6001.1.11325,SAM.09.AKC.5066.6001.1,PM2.5,http://dd.eionet.europa.eu/vocabulary/aq/pollutant/6001,hour,12.4149999500,µg/m3,2018-06-11 00:00:00 +01:00,2018-06-11 01:00:00 +01:00,1,1
AT,AT.0008.20.AQ,NET.09,STA.09.AKC,,SPO.09.AKC.5066.6001.1,SPP.09.AKC.5066.6001.1.11325,SAM.09.AKC.5066.6001.1,PM2.5,http://dd.eionet.europa.eu/vocabulary/aq/pollutant/6001,hour,11.4320001500,µg/m3,2018-06-11 02:00:00 +01:00,2018-06-11 03:00:00 +01:00,1,1
AT,AT.0008.20.AQ,NET.09,STA.09.AKC,,SPO.09.AKC.5066.6001.1,SPP.09.AKC.5066.6001.1.11325,SAM.09.AKC.5066.6001.1,PM2.5,http://dd.eionet.europa.eu/vocabulary/aq/pollutant/6001,hour,10.2075004400,µg/m3,2018-06-11 07:00:00 +01:00,2018-06-11 08:00:00 +01:00,1,1
AT,AT.0008.20.AQ,NET.09,STA.09.AKC,,SPO.09.AKC.5066.6001.1,SPP.09.AKC.5066.6001.1.11325,SAM.09.AKC.5066.6001.1,PM2.5,http://dd.eionet.europa.eu/vocabulary/aq/pollutant/6001,hour,8.2028999200,µg/m3,2018-06-11 13:00:00 +01:00,2018-06-11 14:00:00 +01:00,1,1
AT,AT.0008.20.AQ,NET.09,STA.09.AKC,,SPO.09.AKC.5066.6001.1,SPP.09.AKC.5066.6001.1.11325,SAM.09.AKC.5066.6001.1,PM2.5,http://dd.eionet.europa.eu/vocabulary/aq/pollutant/6001,hour,7.8002500400,µg/m3,2018-06-11 15:00:00 +01:00,2018-06-11 16:00:00 +01:00,1,1
AT,AT.0008.20.AQ,NET.09,STA.09.AKC,,SPO.09.AKC.5066.6001.1,SPP.09.AKC.5066.6001.1.11325,SAM.09.AKC.5066.6001.1,PM2.5,http://dd.eionet.europa.eu/vocabulary/aq/pollutant/6001,hour,9.3764495700,µg/m3,2018-06-11 17:00:00 +01:00,2018-06-11 18:00:00 +01:00,1,1
AT,AT.0008.20.AQ,NET.09,STA.09.AKC,,SPO.09.AKC.5066.6001.1,SPP.09.AKC.5066.6001.1.11325,SAM.09.AKC.5066.6001.1,PM2.5,http://dd.eionet.europa.eu/vocabulary/aq/pollutant/6001,hour,8.8324003100,µg/m3,2018-06-11 20:00:00 +01:00,2018-06-11 21:00:00 +01:00,1,1
AT,AT.0008.20.AQ,NET.09,STA.09.AKC,,SPO.09.AKC.5066.6001.1,SPP.09.AKC.5066.6001.1.11325,SAM.09.AKC.5066.6001.1,PM2.5,http://dd.eionet.europa.eu/vocabulary/aq/pollutant/6001,hour,8.9402503800,µg/m3,2018-06-11 21:00:00 +01:00,2018-06-11 22:00:00 +01:00,1,1
AT,AT.0008.20.AQ,NET.09,STA.09.AKC,,SPO.09.AKC.5066.6001.1,SPP.09.AKC.5066.6001.1.11325,SAM.09.AKC.5066.6001.1,PM2.5,http://dd.eionet.europa.eu/vocabulary/aq/pollutant/6001,hour,8.4823493800,µg/m3,2018-06-11 22:00:00 +01:00,2018-06-11 23:00:00 +01:00,1,1
AT,AT.0008.20.AQ,NET.09,STA.09.AKC,,SPO.09.AKC.5066.6001.1,SPP.09.AKC.5066.6001.1.11325,SAM.09.AKC.5066.6001.1,PM2.5,http://dd.eionet.europa.eu/vocabulary/aq/pollutant/6001,hour,8.5333995700,µg/m3,2018-06-12 03:00:00 +01:00,2018-06-12 04:00:00 +01:00,1,1
AT,AT.0008.20.AQ,NET.09,STA.09.AKC,,SPO.09.AKC.5066.6001.1,SPP.09.AKC.5066.6001.1.11325,SAM.09.AKC.5066.6001.1,PM2.5,http://dd.eionet.europa.eu/vocabulary/aq/pollutant/6001,hour,7.6807002900,µg/m3,2018-06-12 05:00:00 +01:00,2018-06-12 06:00:00 +01:00,1,1
AT,AT.0008.20.AQ,NET.09,STA.09.AKC,,SPO.09.AKC.5066.6001.1,SPP.09.AKC.5066.6001.1.11325,SAM.09.AKC.5066.6001.1,PM2.5,http://dd.eionet.europa.eu/vocabulary/aq/pollutant/6001,hour,3.3010001000,µg/m3,2018-06-12 12:00:00 +01:00,2018-06-12 13:00:00 +01:00,1,1
AT,AT.0008.20.AQ,NET.09,STA.09.AKC,,SPO.09.AKC.5066.6001.1,SPP.09.AKC.5066.6001.1.11325,SAM.09.AKC.5066.6001.1,PM2.5,http://dd.eionet.europa.eu/vocabulary/aq/pollutant/6001,hour,3.5965499700,µg/m3,2018-06-12 13:00:00 +01:00,2018-06-12 14:00:00 +01:00,1,1
AT,AT.0008.20.AQ,NET.09,STA.09.AKC,,SPO.09.AKC.5066.6001.1,SPP.09.AKC.5066.6001.1.11325,SAM.09.AKC.5066.6001.1,PM2.5,http://dd.eionet.europa.eu/vocabulary/aq/pollutant/6001,hour,7.1421003200,µg/m3,2018-06-12 17:00:00 +01:00,2018-06-12 18:00:00 +01:00,1,1
AT,AT.0008.20.AQ,NET.09,STA.09.AKC,,SPO.09.AKC.5066.6001.1,SPP.09.AKC.5066.6001.1.11325,SAM.09.AKC.5066.6001.1,PM2.5,http://dd.eionet.europa.eu/vocabulary/aq/pollutant/6001,hour,9.6434001800,µg/m3,2018-06-12 20:00:00 +01:00,2018-06-12 21:00:00 +01:00,1,1
AT,AT.0008.20.AQ,NET.09,STA.09.AKC,,SPO.09.AKC.5066.6001.1,SPP.09.AKC.5066.6001.1.11325,SAM.09.AKC.5066.6001.1,PM2.5,http://dd.eionet.europa.eu/vocabulary/aq/pollutant/6001,hour,6.5883998700,µg/m3,2018-06-12 21:00:00 +01:00,2018-06-12 22:00:00 +01:00,1,1
AT,AT.0008.20.AQ,NET.09,STA.09.AKC,,SPO.09.AKC.5066.6001.1,SPP.09.AKC.5066.6001.1.11325,SAM.09.AKC.5066.6001.1,PM2.5,http://dd.eionet.europa.eu/vocabulary/aq/pollutant/6001,hour,8.4351501300,µg/m3,2018-06-13 01:00:00 +01:00,2018-06-13 02:00:00 +01:00,1,1
AT,AT.0008.20.AQ,NET.09,STA.09.AKC,,SPO.09.AKC.5066.6001.1,SPP.09.AKC.5066.6001.1.11325,SAM.09.AKC.5066.6001.1,PM2.5,http://dd.eionet.europa.eu/vocabulary/aq/pollutant/6001,hour,7.8361501500,µg/m3,2018-06-13 02:00:00 +01:00,2018-06-13 03:00:00 +01:00,1,1
AT,AT.0008.20.AQ,NET.09,STA.09.AKC,,SPO.09.AKC.5066.6001.1,SPP.09.AKC.5066.6001.1.11325,SAM.09.AKC.5066.6001.1,PM2.5,http://dd.eionet.europa.eu/vocabulary/aq/pollutant/6001,hour,8.2285995300,µg/m3,2018-06-13 04:00:00 +01:00,2018-06-13 05:00:00 +01:00,1,1
AT,AT.0008.20.AQ,NET.09,STA.09.AKC,,SPO.09.AKC.5066.6001.1,SPP.09.AKC.5066.6001.1.11325,SAM.09.AKC.5066.6001.1,PM2.5,http://dd.eionet.europa.eu/vocabulary/aq/pollutant/6001,hour,14.6009998200,µg/m3,2018-06-13 05:00:00 +01:00,2018-06-13 06:00:00 +01:00,1,1
AT,AT.0008.20.AQ,NET.09,STA.09.AKC,,SPO.09.AKC.5066.6001.1,SPP.09.AKC.5066.6001.1.11325,SAM.09.AKC.5066.6001.1,PM2.5,http://dd.eionet.europa.eu/vocabulary/aq/pollutant/6001,hour,17.3430004000,µg/m3,2018-06-13 06:00:00 +01:00,2018-06-13 07:00:00 +01:00,1,1
AT,AT.0008.20.AQ,NET.09,STA.09.AKC,,SPO.09.AKC.5066.6001.1,SPP.09.AKC.5066.6001.1.11325,SAM.09.AKC.5066.6001.1,PM2.5,http://dd.eionet.europa.eu/vocabulary/aq/pollutant/6001,hour,17.2589988600,µg/m3,2018-06-13 09:00:00 +01:00,2018-06-13 10:00:00 +01:00,1,1
AT,AT.0008.20.AQ,NET.09,STA.09.AKC,,SPO.09.AKC.5066.6001.1,SPP.09.AKC.5066.6001.1.11325,SAM.09.AKC.5066.6001.1,PM2.5,http://dd.eionet.europa.eu/vocabulary/aq/pollutant/6001,hour,19.0489997700,µg/m3,2018-06-13 11:00:00 +01:00,2018-06-13 12:00:00 +01:00,1,1
AT,AT.0008.20.AQ,NET.09,STA.09.AKC,,SPO.09.AKC.5066.6001.1,SPP.09.AKC.5066.6001.1.11325,SAM.09.AKC.5066.6001.1,PM2.5,http://dd.eionet.europa.eu/vocabulary/aq/pollutant/6001,hour,17.9549999100,µg/m3,2018-06-13 12:00:00 +01:00,2018-06-13 13:00:00 +01:00,1,1
AT,AT.0008.20.AQ,NET.09,STA.09.AKC,,SPO.09.AKC.5066.6001.1,SPP.09.AKC.5066.6001.1.11325,SAM.09.AKC.5066.6001.1,PM2.5,http://dd.eionet.europa.eu/vocabulary/aq/pollutant/6001,hour,11.5185003100,µg/m3,2018-06-13 16:00:00 +01:00,2018-06-13 17:00:00 +01:00,1,1
AT,AT.0008.20.AQ,NET.09,STA.09.AKC,,SPO.09.AKC.5066.6001.1,SPP.09.AKC.5066.6001.1.11325,SAM.09.AKC.5066.6001.1,PM2.5,http://dd.eionet.europa.eu/vocabulary/aq/pollutant/6001,hour,8.6510505500,µg/m3,2018-06-13 18:00:00 +01:00,2018-06-13 19:00:00 +01:00,1,1
AT,AT.0008.20.AQ,NET.09,STA.09.AKC,,SPO.09.AKC.5066.6001.1,SPP.09.AKC.5066.6001.1.11325,SAM.09.AKC.5066.6001.1,PM2.5,http://dd.eionet.europa.eu/vocabulary/aq/pollutant/6001,hour,9.7135000100,µg/m3,2018-06-14 01:00:00 +01:00,2018-06-14 02:00:00 +01:00,1,1
AT,AT.0008.20.AQ,NET.09,STA.09.AKC,,SPO.09.AKC.5066.6001.1,SPP.09.AKC.5066.6001.1.11325,SAM.09.AKC.5066.6001.1,PM2.5,http://dd.eionet.europa.eu/vocabulary/aq/pollutant/6001,hour,9.1300506400,µg/m3,2018-06-14 02:00:00 +01:00,2018-06-14 03:00:00 +01:00,1,1
AT,AT.0008.20.AQ,NET.09,STA.09.AKC,,SPO.09.AKC.5066.6001.1,SPP.09.AKC.5066.6001.1.11325,SAM.09.AKC.5066.6001.1,PM2.5,http://dd.eionet.europa.eu/vocabulary/aq/pollutant/6001,hour,8.0574493300,µg/m3,2018-06-14 03:00:00 +01:00,2018-06-14 04:00:00 +01:00,1,1
AT,AT.0008.20.AQ,NET.09,STA.09.AKC,,SPO.09.AKC.5066.6001.1,SPP.09.AKC.5066.6001.1.11325,SAM.09.AKC.5066.6001.1,PM2.5,http://dd.eionet.europa.eu/vocabulary/aq/pollutant/6001,hour,6.9056501200,µg/m3,2018-06-14 04:00:00 +01:00,2018-06-14 05:00:00 +01:00,1,1
AT,AT.0008.20.AQ,NET.09,STA.09.AKC,,SPO.09.AKC.5066.6001.1,SPP.09.AKC.5066.6001.1.11325,SAM.09.AKC.5066.6001.1,PM2.5,http://dd.eionet.europa.eu/vocabulary/aq/pollutant/6001,hour,6.7965001900,µg/m3,2018-06-14 06:00:00 +01:00,2018-06-14 07:00:00 +01:00,1,1
AT,AT.0008.20.AQ,NET.09,STA.09.AKC,,SPO.09.AKC.5066.6001.1,SPP.09.AKC.5066.6001.1.11325,SAM.09.AKC.5066.6001.1,PM2.5,http://dd.eionet.europa.eu/vocabulary/aq/pollutant/6001,hour,8.9328498700,µg/m3,2018-06-14 09:00:00 +01:00,2018-06-14 10:00:00 +01:00,1,1
AT,AT.0008.20.AQ,NET.09,STA.09.AKC,,SPO.09.AKC.5066.6001.1,SPP.09.AKC.5066.6001.1.11325,SAM.09.AKC.5066.6001.1,PM2.5,http://dd.eionet.europa.eu/vocabulary/aq/pollutant/6001,hour,9.1685504800,µg/m3,2018-06-14 10:00:00 +01:00,2018-06-14 11:00:00 +01:00,1,1
AT,AT.0008.20.AQ,NET.09,STA.09.AKC,,SPO.09.AKC.5066.6001.1,SPP.09.AKC.5066.6001.1.11325,SAM.09.AKC.5066.6001.1,PM2.5,http://dd.eionet.europa.eu/vocabulary/aq/pollutant/6001,hour,8.7775993200,µg/m3,2018-06-14 11:00:00 +01:00,2018-06-14 12:00:00 +01:00,1,1
AT,AT.0008.20.AQ,NET.09,STA.09.AKC,,SPO.09.AKC.5066.6001.1,SPP.09.AKC.5066.6001.1.11325,SAM.09.AKC.5066.6001.1,PM2.5,http://dd.eionet.europa.eu/vocabulary/aq/pollutant/6001,hour,11.5229997500,µg/m3,2018-06-14 20:00:00 +01:00,2018-06-14 21:00:00 +01:00,1,1
AT,AT.0008.20.AQ,NET.09,STA.09.AKC,,SPO.09.AKC.5066.6001.1,SPP.09.AKC.5066.6001.1.11325,SAM.09.AKC.5066.6001.1,PM2.5,http://dd.eionet.europa.eu/vocabulary/aq/pollutant/6001,hour,11.0804996300,µg/m3,2018-06-15 01:00:00 +01:00,2018-06-15 02:00:00 +01:00,1,1
AT,AT.0008.20.AQ,NET.09,STA.09.AKC,,SPO.09.AKC.5066.6001.1,SPP.09.AKC.5066.6001.1.11325,SAM.09.AKC.5066.6001.1,PM2.5,http://dd.eionet.europa.eu/vocabulary/aq/pollutant/6001,hour,10.8295001800,µg/m3,2018-06-15 07:00:00 +01:00,2018-06-15 08:00:00 +01:00,1,1
AT,AT.0008.20.AQ,NET.09,STA.09.AKC,,SPO.09.AKC.5066.6001.1,SPP.09.AKC.5066.6001.1.11325,SAM.09.AKC.5066.6001.1,PM2.5,http://dd.eionet.europa.eu/vocabulary/aq/pollutant/6001,hour,11.1949996800,µg/m3,2018-06-15 08:00:00 +01:00,2018-06-15 09:00:00 +01:00,1,1
AT,AT.0008.20.AQ,NET.09,STA.09.AKC,,SPO.09.AKC.5066.6001.1,SPP.09.AKC.5066.6001.1.11325,SAM.09.AKC.5066.6001.1,PM2.5,http://dd.eionet.europa.eu/vocabulary/aq/pollutant/6001,hour,7.8336501000,µg/m3,2018-06-15 13:00:00 +01:00,2018-06-15 14:00:00 +01:00,1,1
AT,AT.0008.20.AQ,NET.09,STA.09.AKC,,SPO.09.AKC.5066.6001.1,SPP.09.AKC.5066.6001.1.11325,SAM.09.AKC.5066.6001.1,PM2.5,http://dd.eionet.europa.eu/vocabulary/aq/pollutant/6001,hour,7.9345502700,µg/m3,2018-06-15 14:00:00 +01:00,2018-06-15 15:00:00 +01:00,1,1
AT,AT.0008.20.AQ,NET.09,STA.09.AKC,,SPO.09.AKC.5066.6001.1,SPP.09.AKC.5066.6001.1.11325,SAM.09.AKC.5066.6001.1,PM2.5,http://dd.eionet.europa.eu/vocabulary/aq/pollutant/6001,hour,7.4521999200,µg/m3,2018-06-15 15:00:00 +01:00,2018-06-15 16:00:00 +01:00,1,1
AT,AT.0008.20.AQ,NET.09,STA.09.AKC,,SPO.09.AKC.5066.6001.1,SPP.09.AKC.5066.6001.1.11325,SAM.09.AKC.5066.6001.1,PM2.5,http://dd.eionet.europa.eu/vocabulary/aq/pollutant/6001,hour,7.9165997400,µg/m3,2018-06-15 18:00:00 +01:00,2018-06-15 19:00:00 +01:00,1,1
AT,AT.0008.20.AQ,NET.09,STA.09.AKC,,SPO.09.AKC.5066.6001.1,SPP.09.AKC.5066.6001.1.11325,SAM.09.AKC.5066.6001.1,PM2.5,http://dd.eionet.europa.eu/vocabulary/aq/pollutant/6001,hour,9.5580997300,µg/m3,2018-06-15 23:00:00 +01:00,2018-06-16 00:00:00 +01:00,1,1
AT,AT.0008.20.AQ,NET.09,STA.09.AKC,,SPO.09.AKC.5066.6001.1,SPP.09.AKC.5066.6001.1.11325,SAM.09.AKC.5066.6001.1,PM2.5,http://dd.eionet.europa.eu/vocabulary/aq/pollutant/6001,hour,9.8073005500,µg/m3,2018-06-16 01:00:00 +01:00,2018-06-16 02:00:00 +01:00,1,1
AT,AT.0008.20.AQ,NET.09,STA.09.AKC,,SPO.09.AKC.5066.6001.1,SPP.09.AKC.5066.6001.1.11325,SAM.09.AKC.5066.6001.1,PM2.5,http://dd.eionet.europa.eu/vocabulary/aq/pollutant/6001,hour,9.5019502500,µg/m3,2018-06-16 02:00:00 +01:00,2018-06-16 03:00:00 +01:00,1,1
AT,AT.0008.20.AQ,NET.09,STA.09.AKC,,SPO.09.AKC.5066.6001.1,SPP.09.AKC.5066.6001.1.11325,SAM.09.AKC.5066.6001.1,PM2.5,http://dd.eionet.europa.eu/vocabulary/aq/pollutant/6001,hour,9.7589998100,µg/m3,2018-06-16 03:00:00 +01:00,2018-06-16 04:00:00 +01:00,1,1
AT,AT.0008.20.AQ,NET.09,STA.09.AKC,,SPO.09.AKC.5066.6001.1,SPP.09.AKC.5066.6001.1.11325,SAM.09.AKC.5066.6001.1,PM2.5,http://dd.eionet.europa.eu/vocabulary/aq/pollutant/6001,hour,10.0638999800,µg/m3,2018-06-16 05:00:00 +01:00,2018-06-16 06:00:00 +01:00,1,1
AT,AT.0008.20.AQ,NET.09,STA.09.AKC,,SPO.09.AKC.5066.6001.1,SPP.09.AKC.5066.6001.1.11325,SAM.09.AKC.5066.6001.1,PM2.5,http://dd.eionet.europa.eu/vocabulary/aq/pollutant/6001,hour,5.7696499700,µg/m3,2018-06-16 11:00:00 +01:00,2018-06-16 12:00:00 +01:00,1,1
AT,AT.0008.20.AQ,NET.09,STA.09.AKC,,SPO.09.AKC.5066.6001.1,SPP.09.AKC.5066.6001.1.11325,SAM.09.AKC.5066.6001.1,PM2.5,http://dd.eionet.europa.eu/vocabulary/aq/pollutant/6001,hour,6.7818999100,µg/m3,2018-06-16 14:00:00 +01:00,2018-06-16 15:00:00 +01:00,1,1
AT,AT.0008.20.AQ,NET.09,STA.09.AKC,,SPO.09.AKC.5066.6001.1,SPP.09.AKC.5066.6001.1.11325,SAM.09.AKC.5066.6001.1,PM2.5,http://dd.eionet.europa.eu/vocabulary/aq/pollutant/6001,hour,7.7319497900,µg/m3,2018-06-16 17:00:00 +01:00,2018-06-16 18:00:00 +01:00,1,1
AT,AT.0008.20.AQ,NET.09,STA.09.AKC,,SPO.09.AKC.5066.6001.1,SPP.09.AKC.5066.6001.1.11325,SAM.09.AKC.5066.6001.1,PM2.5,http://dd.eionet.europa.eu/vocabulary/aq/pollutant/6001,hour,8.4477500800,µg/m3,2018-06-16 21:00:00 +01:00,2018-06-16 22:00:00 +01:00,1,1
AT,AT.0008.20.AQ,NET.09,STA.09.AKC,,SPO.09.AKC.5066.6001.1,SPP.09.AKC.5066.6001.1.11325,SAM.09.AKC.5066.6001.1,PM2.5,http://dd.eionet.europa.eu/vocabulary/aq/pollutant/6001,hour,8.8037500200,µg/m3,2018-06-16 23:00:00 +01:00,2018-06-17 00:00:00 +01:00,1,1
AT,AT.0008.20.AQ,NET.09,STA.09.AKC,,SPO.09.AKC.5066.6001.1,SPP.09.AKC.5066.6001.1.11325,SAM.09.AKC.5066.6001.1,PM2.5,http://dd.eionet.europa.eu/vocabulary/aq/pollutant/6001,hour,10.4419994200,µg/m3,2018-06-17 01:00:00 +01:00,2018-06-17 02:00:00 +01:00,1,1
AT,AT.0008.20.AQ,NET.09,STA.09.AKC,,SPO.09.AKC.5066.6001.1,SPP.09.AKC.5066.6001.1.11325,SAM.09.AKC.5066.6001.1,PM2.5,http://dd.eionet.europa.eu/vocabulary/aq/pollutant/6001,hour,11.0974998300,µg/m3,2018-06-17 02:00:00 +01:00,2018-06-17 03:00:00 +01:00,1,1
AT,AT.0008.20.AQ,NET.09,STA.09.AKC,,SPO.09.AKC.5066.6001.1,SPP.09.AKC.5066.6001.1.11325,SAM.09.AKC.5066.6001.1,PM2.5,http://dd.eionet.europa.eu/vocabulary/aq/pollutant/6001,hour,9.8895997900,µg/m3,2018-06-17 07:00:00 +01:00,2018-06-17 08:00:00 +01:00,1,1
AT,AT.0008.20.AQ,NET.09,STA.09.AKC,,SPO.09.AKC.5066.6001.1,SPP.09.AKC.5066.6001.1.11325,SAM.09.AKC.5066.6001.1,PM2.5,http://dd.eionet.europa.eu/vocabulary/aq/pollutant/6001,hour,9.8036498900,µg/m3,2018-06-17 08:00:00 +01:00,2018-06-17 09:00:00 +01:00,1,1
AT,AT.0008.20.AQ,NET.09,STA.09.AKC,,SPO.09.AKC.5066.6001.1,SPP.09.AKC.5066.6001.1.11325,SAM.09.AKC.5066.6001.1,PM2.5,http://dd.eionet.europa.eu/vocabulary/aq/pollutant/6001,hour,6.2391996200,µg/m3,2018-06-17 11:00:00 +01:00,2018-06-17 12:00:00 +01:00,1,1
AT,AT.0008.20.AQ,NET.09,STA.09.AKC,,SPO.09.AKC.5066.6001.1,SPP.09.AKC.5066.6001.1.11325,SAM.09.AKC.5066.6001.1,PM2.5,http://dd.eionet.europa.eu/vocabulary/aq/pollutant/6001,hour,6.5282497300,µg/m3,2018-06-17 12:00:00 +01:00,2018-06-17 13:00:00 +01:00,1,1
AT,AT.0008.20.AQ,NET.09,STA.09.AKC,,SPO.09.AKC.5066.6001.1,SPP.09.AKC.5066.6001.1.11325,SAM.09.AKC.5066.6001.1,PM2.5,http://dd.eionet.europa.eu/vocabulary/aq/pollutant/6001,hour,7.7314004700,µg/m3,2018-06-17 14:00:00 +01:00,2018-06-17 15:00:00 +01:00,1,1
AT,AT.0008.20.AQ,NET.09,STA.09.AKC,,SPO.09.AKC.5066.6001.1,SPP.09.AKC.5066.6001.1.11325,SAM.09.AKC.5066.6001.1,PM2.5,http://dd.eionet.europa.eu/vocabulary/aq/pollutant/6001,hour,9.3362502900,µg/m3,2018-06-17 16:00:00 +01:00,2018-06-17 17:00:00 +01:00,1,1
AT,AT.0008.20.AQ,NET.09,STA.09.AKC,,SPO.09.AKC.5066.6001.1,SPP.09.AKC.5066.6001.1.11325,SAM.09.AKC.5066.6001.1,PM2.5,http://dd.eionet.europa.eu/vocabulary/aq/pollutant/6001,hour,8.8733997200,µg/m3,2018-06-17 19:00:00 +01:00,2018-06-17 20:00:00 +01:00,1,1
AT,AT.0008.20.AQ,NET.09,STA.09.AKC,,SPO.09.AKC.5066.6001.1,SPP.09.AKC.5066.6001.1.11325,SAM.09.AKC.5066.6001.1,PM2.5,http://dd.eionet.europa.eu/vocabulary/aq/pollutant/6001,hour,9.9032993200,µg/m3,2018-06-17 23:00:00 +01:00,2018-06-18 00:00:00 +01:00,1,1
AT,AT.0008.20.AQ,NET.09,STA.09.AKC,,SPO.09.AKC.5066.6001.1,SPP.09.AKC.5066.6001.1.11325,SAM.09.AKC.5066.6001.1,PM2.5,http://dd.eionet.europa.eu/vocabulary/aq/pollutant/6001,hour,8.8570499300,µg/m3,2018-06-18 01:00:00 +01:00,2018-06-18 02:00:00 +01:00,1,1
AT,AT.0008.20.AQ,NET.09,STA.09.AKC,,SPO.09.AKC.5066.6001.1,SPP.09.AKC.5066.6001.1.11325,SAM.09.AKC.5066.6001.1,PM2.5,http://dd.eionet.europa.eu/vocabulary/aq/pollutant/6001,hour,9.1357993900,µg/m3,2018-06-18 06:00:00 +01:00,2018-06-18 07:00:00 +01:00,1,1
AT,AT.0008.20.AQ,NET.09,STA.09.AKC,,SPO.09.AKC.5066.6001.1,SPP.09.AKC.5066.6001.1.11325,SAM.09.AKC.5066.6001.1,PM2.5,http://dd.eionet.europa.eu/vocabulary/aq/pollutant/6001,hour,8.8873004800,µg/m3,2018-06-18 08:00:00 +01:00,2018-06-18 09:00:00 +01:00,1,1
AT,AT.0008.20.AQ,NET.09,STA.09.AKC,,SPO.09.AKC.5066.6001.1,SPP.09.AKC.5066.6001.1.11325,SAM.09.AKC.5066.6001.1,PM2.5,http://dd.eionet.europa.eu/vocabulary/aq/pollutant/6001,hour,9.7687492200,µg/m3,2018-06-18 09:00:00 +01:00,2018-06-18 10:00:00 +01:00,1,1
AT,AT.0008.20.AQ,NET.09,STA.09.AKC,,SPO.09.AKC.5066.6001.1,SPP.09.AKC.5066.6001.1.11325,SAM.09.AKC.5066.6001.1,PM2.5,http://dd.eionet.europa.eu/vocabulary/aq/pollutant/6001,hour,5.1529502700,µg/m3,2018-06-18 11:00:00 +01:00,2018-06-18 12:00:00 +01:00,1,1
AT,AT.0008.20.AQ,NET.09,STA.09.AKC,,SPO.09.AKC.5066.6001.1,SPP.09.AKC.5066.6001.1.11325,SAM.09.AKC.5066.6001.1,PM2.5,http://dd.eionet.europa.eu/vocabulary/aq/pollutant/6001,hour,4.2551498300,µg/m3,2018-06-18 14:00:00 +01:00,2018-06-18 15:00:00 +01:00,1,1
AT,AT.0008.20.AQ,NET.09,STA.09.AKC,,SPO.09.AKC.5066.6001.1,SPP.09.AKC.5066.6001.1.11325,SAM.09.AKC.5066.6001.1,PM2.5,http://dd.eionet.europa.eu/vocabulary/aq/pollutant/6001,hour,4.0368499600,µg/m3,2018-06-18 17:00:00 +01:00,2018-06-18 18:00:00 +01:00,1,1
AT,AT.0008.20.AQ,NET.09,STA.09.AKC,,SPO.09.AKC.5066.6001.1,SPP.09.AKC.5066.6001.1.11325,SAM.09.AKC.5066.6001.1,PM2.5,http://dd.eionet.europa.eu/vocabulary/aq/pollutant/6001,hour,4.6000499600,µg/m3,2018-06-18 18:00:00 +01:00,2018-06-18 19:00:00 +01:00,1,1
AT,AT.0008.20.AQ,NET.09,STA.09.AKC,,SPO.09.AKC.5066.6001.1,SPP.09.AKC.5066.6001.1.11325,SAM.09.AKC.5066.6001.1,PM2.5,http://dd.eionet.europa.eu/vocabulary/aq/pollutant/6001,hour,5.5831999600,µg/m3,2018-06-18 20:00:00 +01:00,2018-06-18 21:00:00 +01:00,1,1
AT,AT.0008.20.AQ,NET.09,STA.09.AKC,,SPO.09.AKC.5066.6001.1,SPP.09.AKC.5066.6001.1.11325,SAM.09.AKC.5066.6001.1,PM2.5,http://dd.eionet.europa.eu/vocabulary/aq/pollutant/6001,hour,5.5656499700,µg/m3,2018-06-18 21:00:00 +01:00,2018-06-18 22:00:00 +01:00,1,1
AT,AT.0008.20.AQ,NET.09,STA.09.AKC,,SPO.09.AKC.5066.6001.1,SPP.09.AKC.5066.6001.1.11325,SAM.09.AKC.5066.6001.1,PM2.5,http://dd.eionet.europa.eu/vocabulary/aq/pollutant/6001,hour,5.8494000300,µg/m3,2018-06-18 22:00:00 +01:00,2018-06-18 23:00:00 +01:00,1,1
AT,AT.0008.20.AQ,NET.09,STA.09.AKC,,SPO.09.AKC.5066.6001.1,SPP.09.AKC.5066.6001.1.11325,SAM.09.AKC.5066.6001.1,PM2.5,http://dd.eionet.europa.eu/vocabulary/aq/pollutant/6001,hour,5.8405504100,µg/m3,2018-06-19 00:00:00 +01:00,2018-06-19 01:00:00 +01:00,1,1
AT,AT.0008.20.AQ,NET.09,STA.09.AKC,,SPO.09.AKC.5066.6001.1,SPP.09.AKC.5066.6001.1.11325,SAM.09.AKC.5066.6001.1,PM2.5,http://dd.eionet.europa.eu/vocabulary/aq/pollutant/6001,hour,6.7982997700,µg/m3,2018-06-19 03:00:00 +01:00,2018-06-19 04:00:00 +01:00,1,1
AT,AT.0008.20.AQ,NET.09,STA.09.AKC,,SPO.09.AKC.5066.6001.1,SPP.09.AKC.5066.6001.1.11325,SAM.09.AKC.5066.6001.1,PM2.5,http://dd.eionet.europa.eu/vocabulary/aq/pollutant/6001,hour,6.7375998300,µg/m3,2018-06-19 04:00:00 +01:00,2018-06-19 05:00:00 +01:00,1,1
AT,AT.0008.20.AQ,NET.09,STA.09.AKC,,SPO.09.AKC.5066.6001.1,SPP.09.AKC.5066.6001.1.11325,SAM.09.AKC.5066.6001.1,PM2.5,http://dd.eionet.europa.eu/vocabulary/aq/pollutant/6001,hour,6.4800500700,µg/m3,2018-06-19 05:00:00 +01:00,2018-06-19 06:00:00 +01:00,1,1
AT,AT.0008.20.AQ,NET.09,STA.09.AKC,,SPO.09.AKC.5066.6001.1,SPP.09.AKC.5066.6001.1.11325,SAM.09.AKC.5066.6001.1,PM2.5,http://dd.eionet.europa.eu/vocabulary/aq/pollutant/6001,hour,6.0435495200,µg/m3,2018-06-19 08:00:00 +01:00,2018-06-19 09:00:00 +01:00,1,1
AT,AT.0008.20.AQ,NET.09,STA.09.AKC,,SPO.09.AKC.5066.6001.1,SPP.09.AKC.5066.6001.1.11325,SAM.09.AKC.5066.6001.1,PM2.5,http://dd.eionet.europa.eu/vocabulary/aq/pollutant/6001,hour,5.4424500300,µg/m3,2018-06-19 10:00:00 +01:00,2018-06-19 11:00:00 +01:00,1,1
AT,AT.0008.20.AQ,NET.09,STA.09.AKC,,SPO.09.AKC.5066.6001.1,SPP.09.AKC.5066.6001.1.11325,SAM.09.AKC.5066.6001.1,PM2.5,http://dd.eionet.europa.eu/vocabulary/aq/pollutant/6001,hour,4.3493499600,µg/m3,2018-06-19 11:00:00 +01:00,2018-06-19 12:00:00 +01:00,1,1
AT,AT.0008.20.AQ,NET.09,STA.09.AKC,,SPO.09.AKC.5066.6001.1,SPP.09.AKC.5066.6001.1.11325,SAM.09.AKC.5066.6001.1,PM2.5,http://dd.eionet.europa.eu/vocabulary/aq/pollutant/6001,hour,4.1628999600,µg/m3,2018-06-19 14:00:00 +01:00,2018-06-19 15:00:00 +01:00,1,1
AT,AT.0008.20.AQ,NET.09,STA.09.AKC,,SPO.09.AKC.5066.6001.1,SPP.09.AKC.5066.6001.1.11325,SAM.09.AKC.5066.6001.1,PM2.5,http://dd.eionet.europa.eu/vocabulary/aq/pollutant/6001,hour,3.6919999000,µg/m3,2018-06-19 15:00:00 +01:00,2018-06-19 16:00:00 +01:00,1,1
AT,AT.0008.20.AQ,NET.09,STA.09.AKC,,SPO.09.AKC.5066.6001.1,SPP.09.AKC.5066.6001.1.11325,SAM.09.AKC.5066.6001.1,PM2.5,http://dd.eionet.europa.eu/vocabulary/aq/pollutant/6001,hour,3.4295000900,µg/m3,2018-06-19 18:00:00 +01:00,2018-06-19 19:00:00 +01:00,1,1
AT,AT.0008.20.AQ,NET.09,STA.09.AKC,,SPO.09.AKC.5066.6001.1,SPP.09.AKC.5066.6001.1.11325,SAM.09.AKC.5066.6001.1,PM2.5,http://dd.eionet.europa.eu/vocabulary/aq/pollutant/6001,hour,3.6346998100,µg/m3,2018-06-19 20:00:00 +01:00,2018-06-19 21:00:00 +01:00,1,1
AT,AT.0008.20.AQ,NET.09,STA.09.AKC,,SPO.09.AKC.5066.6001.1,SPP.09.AKC.5066.6001.1.11325,SAM.09.AKC.5066.6001.1,PM2.5,http://dd.eionet.europa.eu/vocabulary/aq/pollutant/6001,hour,4.2583498800,µg/m3,2018-06-19 22:00:00 +01:00,2018-06-19 23:00:00 +01:00,1,1
AT,AT.0008.20.AQ,NET.09,STA.09.AKC,,SPO.09.AKC.5066.6001.1,SPP.09.AKC.5066.6001.1.11325,SAM.09.AKC.5066.6001.1,PM2.5,http://dd.eionet.europa.eu/vocabulary/aq/pollutant/6001,hour,4.4669999900,µg/m3,2018-06-19 23:00:00 +01:00,2018-06-20 00:00:00 +01:00,1,1
AT,AT.0008.20.AQ,NET.09,STA.09.AKC,,SPO.09.AKC.5066.6001.1,SPP.09.AKC.5066.6001.1.11325,SAM.09.AKC.5066.6001.1,PM2.5,http://dd.eionet.europa.eu/vocabulary/aq/pollutant/6001,hour,4.9393000500,µg/m3,2018-06-20 00:00:00 +01:00,2018-06-20 01:00:00 +01:00,1,1
AT,AT.0008.20.AQ,NET.09,STA.09.AKC,,SPO.09.AKC.5066.6001.1,SPP.09.AKC.5066.6001.1.11325,SAM.09.AKC.5066.6001.1,PM2.5,http://dd.eionet.europa.eu/vocabulary/aq/pollutant/6001,hour,6.0871496100,µg/m3,2018-06-20 03:00:00 +01:00,2018-06-20 04:00:00 +01:00,1,1
AT,AT.0008.20.AQ,NET.09,STA.09.AKC,,SPO.09.AKC.5066.6001.1,SPP.09.AKC.5066.6001.1.11325,SAM.09.AKC.5066.6001.1,PM2.5,http://dd.eionet.europa.eu/vocabulary/aq/pollutant/6001,hour,6.4304499500,µg/m3,2018-06-20 06:00:00 +01:00,2018-06-20 07:00:00 +01:00,1,1
AT,AT.0008.20.AQ,NET.09,STA.09.AKC,,SPO.09.AKC.5066.6001.1,SPP.09.AKC.5066.6001.1.11325,SAM.09.AKC.5066.6001.1,PM2.5,http://dd.eionet.europa.eu/vocabulary/aq/pollutant/6001,hour,6.7192497100,µg/m3,2018-06-20 09:00:00 +01:00,2018-06-20 10:00:00 +01:00,1,1
AT,AT.0008.20.AQ,NET.09,STA.09.AKC,,SPO.09.AKC.5066.6001.1,SPP.09.AKC.5066.6001.1.11325,SAM.09.AKC.5066.6001.1,PM2.5,http://dd.eionet.europa.eu/vocabulary/aq/pollutant/6001,hour,6.9349498600,µg/m3,2018-06-20 11:00:00 +01:00,2018-06-20 12:00:00 +01:00,1,1
AT,AT.0008.20.AQ,NET.09,STA.09.AKC,,SPO.09.AKC.5066.6001.1,SPP.09.AKC.5066.6001.1.11325,SAM.09.AKC.5066.6001.1,PM2.5,http://dd.eionet.europa.eu/vocabulary/aq/pollutant/6001,hour,6.6399998500,µg/m3,2018-06-20 15:00:00 +01:00,2018-06-20 16:00:00 +01:00,1,1
AT,AT.0008.20.AQ,NET.09,STA.09.AKC,,SPO.09.AKC.5066.6001.1,SPP.09.AKC.5066.6001.1.11325,SAM.09.AKC.5066.6001.1,PM2.5,http://dd.eionet.europa.eu/vocabulary/aq/pollutant/6001,hour,6.2239503700,µg/m3,2018-06-20 17:00:00 +01:00,2018-06-20 18:00:00 +01:00,1,1
AT,AT.0008.20.AQ,NET.09,STA.09.AKC,,SPO.09.AKC.5066.6001.1,SPP.09.AKC.5066.6001.1.11325,SAM.09.AKC.5066.6001.1,PM2.5,http://dd.eionet.europa.eu/vocabulary/aq/pollutant/6001,hour,6.0706500900,µg/m3,2018-06-20 18:00:00 +01:00,2018-06-20 19:00:00 +01:00,1,1
AT,AT.0008.20.AQ,NET.09,STA.09.AKC,,SPO.09.AKC.5066.6001.1,SPP.09.AKC.5066.6001.1.11325,SAM.09.AKC.5066.6001.1,PM2.5,http://dd.eionet.europa.eu/vocabulary/aq/pollutant/6001,hour,5.9697499100,µg/m3,2018-06-20 20:00:00 +01:00,2018-06-20 21:00:00 +01:00,1,1
AT,AT.0008.20.AQ,NET.09,STA.09.AKC,,SPO.09.AKC.5066.6001.1,SPP.09.AKC.5066.6001.1.11325,SAM.09.AKC.5066.6001.1,PM2.5,http://dd.eionet.europa.eu/vocabulary/aq/pollutant/6001,hour,6.9227499800,µg/m3,2018-06-20 21:00:00 +01:00,2018-06-20 22:00:00 +01:00,1,1
AT,AT.0008.20.AQ,NET.09,STA.09.AKC,,SPO.09.AKC.5066.6001.1,SPP.09.AKC.5066.6001.1.11325,SAM.09.AKC.5066.6001.1,PM2.5,http://dd.eionet.europa.eu/vocabulary/aq/pollutant/6001,hour,7.9341001400,µg/m3,2018-06-20 23:00:00 +01:00,2018-06-21 00:00:00 +01:00,1,1
AT,AT.0008.20.AQ,NET.09,STA.09.AKC,,SPO.09.AKC.5066.6001.1,SPP.09.AKC.5066.6001.1.11325,SAM.09.AKC.5066.6001.1,PM2.5,http://dd.eionet.europa.eu/vocabulary/aq/pollutant/6001,hour,10.6919994200,µg/m3,2018-06-21 06:00:00 +01:00,2018-06-21 07:00:00 +01:00,1,1
AT,AT.0008.20.AQ,NET.09,STA.09.AKC,,SPO.09.AKC.5066.6001.1,SPP.09.AKC.5066.6001.1.11325,SAM.09.AKC.5066.6001.1,PM2.5,http://dd.eionet.europa.eu/vocabulary/aq/pollutant/6001,hour,7.2454500000,µg/m3,2018-06-21 11:00:00 +01:00,2018-06-21 12:00:00 +01:00,1,1
AT,AT.0008.20.AQ,NET.09,STA.09.AKC,,SPO.09.AKC.5066.6001.1,SPP.09.AKC.5066.6001.1.11325,SAM.09.AKC.5066.6001.1,PM2.5,http://dd.eionet.europa.eu/vocabulary/aq/pollutant/6001,hour,6.8595499800,µg/m3,2018-06-21 12:00:00 +01:00,2018-06-21 13:00:00 +01:00,1,1
AT,AT.0008.20.AQ,NET.09,STA.09.AKC,,SPO.09.AKC.5066.6001.1,SPP.09.AKC.5066.6001.1.11325,SAM.09.AKC.5066.6001.1,PM2.5,http://dd.eionet.europa.eu/vocabulary/aq/pollutant/6001,hour,5.3446998400,µg/m3,2018-06-21 14:00:00 +01:00,2018-06-21 15:00:00 +01:00,1,1
AT,AT.0008.20.AQ,NET.09,STA.09.AKC,,SPO.09.AKC.5066.6001.1,SPP.09.AKC.5066.6001.1.11325,SAM.09.AKC.5066.6001.1,PM2.5,http://dd.eionet.europa.eu/vocabulary/aq/pollutant/6001,hour,5.5725498000,µg/m3,2018-06-21 16:00:00 +01:00,2018-06-21 17:00:00 +01:00,1,1
AT,AT.0008.20.AQ,NET.09,STA.09.AKC,,SPO.09.AKC.5066.6001.1,SPP.09.AKC.5066.6001.1.11325,SAM.09.AKC.5066.6001.1,PM2.5,http://dd.eionet.europa.eu/vocabulary/aq/pollutant/6001,hour,5.3910503200,µg/m3,2018-06-21 17:00:00 +01:00,2018-06-21 18:00:00 +01:00,1,1
AT,AT.0008.20.AQ,NET.09,STA.09.AKC,,SPO.09.AKC.5066.6001.1,SPP.09.AKC.5066.6001.1.11325,SAM.09.AKC.5066.6001.1,PM2.5,http://dd.eionet.europa.eu/vocabulary/aq/pollutant/6001,hour,5.4491500700,µg/m3,2018-06-21 19:00:00 +01:00,2018-06-21 20:00:00 +01:00,1,1
AT,AT.0008.20.AQ,NET.09,STA.09.AKC,,SPO.09.AKC.5066.6001.1,SPP.09.AKC.5066.6001.1.11325,SAM.09.AKC.5066.6001.1,PM2.5,http://dd.eionet.europa.eu/vocabulary/aq/pollutant/6001,hour,6.0999498200,µg/m3,2018-06-21 23:00:00 +01:00,2018-06-22 00:00:00 +01:00,1,1
AT,AT.0008.20.AQ,NET.09,STA.09.AKC,,SPO.09.AKC.5066.6001.1,SPP.09.AKC.5066.6001.1.11325,SAM.09.AKC.5066.6001.1,PM2.5,http://dd.eionet.europa.eu/vocabulary/aq/pollutant/6001,hour,4.3949999700,µg/m3,2018-06-22 01:00:00 +01:00,2018-06-22 02:00:00 +01:00,1,1
AT,AT.0008.20.AQ,NET.09,STA.09.AKC,,SPO.09.AKC.5066.6001.1,SPP.09.AKC.5066.6001.1.11325,SAM.09.AKC.5066.6001.1,PM2.5,http://dd.eionet.europa.eu/vocabulary/aq/pollutant/6001,hour,4.5141000600,µg/m3,2018-06-22 02:00:00 +01:00,2018-06-22 03:00:00 +01:00,1,1
AT,AT.0008.20.AQ,NET.09,STA.09.AKC,,SPO.09.AKC.5066.6001.1,SPP.09.AKC.5066.6001.1.11325,SAM.09.AKC.5066.6001.1,PM2.5,http://dd.eionet.europa.eu/vocabulary/aq/pollutant/6001,hour,4.3044996100,µg/m3,2018-06-22 05:00:00 +01:00,2018-06-22 06:00:00 +01:00,1,1
AT,AT.0008.20.AQ,NET.09,STA.09.AKC,,SPO.09.AKC.5066.6001.1,SPP.09.AKC.5066.6001.1.11325,SAM.09.AKC.5066.6001.1,PM2.5,http://dd.eionet.europa.eu/vocabulary/aq/pollutant/6001,hour,3.3949499000,µg/m3,2018-06-22 06:00:00 +01:00,2018-06-22 07:00:00 +01:00,1,1
AT,AT.0008.20.AQ,NET.09,STA.09.AKC,,SPO.09.AKC.5066.6001.1,SPP.09.AKC.5066.6001.1.11325,SAM.09.AKC.5066.6001.1,PM2.5,http://dd.eionet.europa.eu/vocabulary/aq/pollutant/6001,hour,4.1650500100,µg/m3,2018-06-22 08:00:00 +01:00,2018-06-22 09:00:00 +01:00,1,1
AT,AT.0008.20.AQ,NET.09,STA.09.AKC,,SPO.09.AKC.5066.6001.1,SPP.09.AKC.5066.6001.1.11325,SAM.09.AKC.5066.6001.1,PM2.5,http://dd.eionet.europa.eu/vocabulary/aq/pollutant/6001,hour,5.7925500700,µg/m3,2018-06-22 11:00:00 +01:00,2018-06-22 12:00:00 +01:00,1,1
AT,AT.0008.20.AQ,NET.09,STA.09.AKC,,SPO.09.AKC.5066.6001.1,SPP.09.AKC.5066.6001.1.11325,SAM.09.AKC.5066.6001.1,PM2.5,http://dd.eionet.europa.eu/vocabulary/aq/pollutant/6001,hour,5.4708003800,µg/m3,2018-06-22 12:00:00 +01:00,2018-06-22 13:00:00 +01:00,1,1
AT,AT.0008.20.AQ,NET.09,STA.09.AKC,,SPO.09.AKC.5066.6001.1,SPP.09.AKC.5066.6001.1.11325,SAM.09.AKC.5066.6001.1,PM2.5,http://dd.eionet.europa.eu/vocabulary/aq/pollutant/6001,hour,4.0363998300,µg/m3,2018-06-22 14:00:00 +01:00,2018-06-22 15:00:00 +01:00,1,1
AT,AT.0008.20.AQ,NET.09,STA.09.AKC,,SPO.09.AKC.5066.6001.1,SPP.09.AKC.5066.6001.1.11325,SAM.09.AKC.5066.6001.1,PM2.5,http://dd.eionet.europa.eu/vocabulary/aq/pollutant/6001,hour,3.6932001000,µg/m3,2018-06-22 15:00:00 +01:00,2018-06-22 16:00:00 +01:00,1,1
AT,AT.0008.20.AQ,NET.09,STA.09.AKC,,SPO.09.AKC.5066.6001.1,SPP.09.AKC.5066.6001.1.11325,SAM.09.AKC.5066.6001.1,PM2.5,http://dd.eionet.europa.eu/vocabulary/aq/pollutant/6001,hour,3.0882501500,µg/m3,2018-06-22 18:00:00 +01:00,2018-06-22 19:00:00 +01:00,1,1
AT,AT.0008.20.AQ,NET.09,STA.09.AKC,,SPO.09.AKC.5066.6001.1,SPP.09.AKC.5066.6001.1.11325,SAM.09.AKC.5066.6001.1,PM2.5,http://dd.eionet.europa.eu/vocabulary/aq/pollutant/6001,hour,2.0525498200,µg/m3,2018-06-22 21:00:00 +01:00,2018-06-22 22:00:00 +01:00,1,1
AT,AT.0008.20.AQ,NET.09,STA.09.AKC,,SPO.09.AKC.5066.6001.1,SPP.09.AKC.5066.6001.1.11325,SAM.09.AKC.5066.6001.1,PM2.5,http://dd.eionet.europa.eu/vocabulary/aq/pollutant/6001,hour,3.3036999600,µg/m3,2018-06-23 01:00:00 +01:00,2018-06-23 02:00:00 +01:00,1,1
AT,AT.0008.20.AQ,NET.09,STA.09.AKC,,SPO.09.AKC.5066.6001.1,SPP.09.AKC.5066.6001.1.11325,SAM.09.AKC.5066.6001.1,PM2.5,http://dd.eionet.europa.eu/vocabulary/aq/pollutant/6001,hour,5.5774001900,µg/m3,2018-06-23 11:00:00 +01:00,2018-06-23 12:00:00 +01:00,1,1
AT,AT.0008.20.AQ,NET.09,STA.09.AKC,,SPO.09.AKC.5066.6001.1,SPP.09.AKC.5066.6001.1.11325,SAM.09.AKC.5066.6001.1,PM2.5,http://dd.eionet.europa.eu/vocabulary/aq/pollutant/6001,hour,4.3924999100,µg/m3,2018-06-23 15:00:00 +01:00,2018-06-23 16:00:00 +01:00,1,1
AT,AT.0008.20.AQ,NET.09,STA.09.AKC,,SPO.09.AKC.5066.6001.1,SPP.09.AKC.5066.6001.1.11325,SAM.09.AKC.5066.6001.1,PM2.5,http://dd.eionet.europa.eu/vocabulary/aq/pollutant/6001,hour,4.0803499100,µg/m3,2018-06-23 16:00:00 +01:00,2018-06-23 17:00:00 +01:00,1,1
AT,AT.0008.20.AQ,NET.09,STA.09.AKC,,SPO.09.AKC.5066.6001.1,SPP.09.AKC.5066.6001.1.11325,SAM.09.AKC.5066.6001.1,PM2.5,http://dd.eionet.europa.eu/vocabulary/aq/pollutant/6001,hour,3.3867499700,µg/m3,2018-06-23 17:00:00 +01:00,2018-06-23 18:00:00 +01:00,1,1
AT,AT.0008.20.AQ,NET.09,STA.09.AKC,,SPO.09.AKC.5066.6001.1,SPP.09.AKC.5066.6001.1.11325,SAM.09.AKC.5066.6001.1,PM2.5,http://dd.eionet.europa.eu/vocabulary/aq/pollutant/6001,hour,3.5490498400,µg/m3,2018-06-23 18:00:00 +01:00,2018-06-23 19:00:00 +01:00,1,1
AT,AT.0008.20.AQ,NET.09,STA.09.AKC,,SPO.09.AKC.5066.6001.1,SPP.09.AKC.5066.6001.1.11325,SAM.09.AKC.5066.6001.1,PM2.5,http://dd.eionet.europa.eu/vocabulary/aq/pollutant/6001,hour,4.0318002600,µg/m3,2018-06-23 22:00:00 +01:00,2018-06-23 23:00:00 +01:00,1,1
AT,AT.0008.20.AQ,NET.09,STA.09.AKC,,SPO.09.AKC.5066.6001.1,SPP.09.AKC.5066.6001.1.11325,SAM.09.AKC.5066.6001.1,PM2.5,http://dd.eionet.europa.eu/vocabulary/aq/pollutant/6001,hour,5.9221496400,µg/m3,2018-06-24 11:00:00 +01:00,2018-06-24 12:00:00 +01:00,1,1
AT,AT.0008.20.AQ,NET.09,STA.09.AKC,,SPO.09.AKC.5066.6001.1,SPP.09.AKC.5066.6001.1.11325,SAM.09.AKC.5066.6001.1,PM2.5,http://dd.eionet.europa.eu/vocabulary/aq/pollutant/6001,hour,3.2505500200,µg/m3,2018-06-24 16:00:00 +01:00,2018-06-24 17:00:00 +01:00,1,1
AT,AT.0008.20.AQ,NET.09,STA.09.AKC,,SPO.09.AKC.5066.6001.1,SPP.09.AKC.5066.6001.1.11325,SAM.09.AKC.5066.6001.1,PM2.5,http://dd.eionet.europa.eu/vocabulary/aq/pollutant/6001,hour,4.0872497400,µg/m3,2018-06-24 18:00:00 +01:00,2018-06-24 19:00:00 +01:00,1,1
AT,AT.0008.20.AQ,NET.09,STA.09.AKC,,SPO.09.AKC.5066.6001.1,SPP.09.AKC.5066.6001.1.11325,SAM.09.AKC.5066.6001.1,PM2.5,http://dd.eionet.europa.eu/vocabulary/aq/pollutant/6001,hour,4.8951997600,µg/m3,2018-06-24 19:00:00 +01:00,2018-06-24 20:00:00 +01:00,1,1
AT,AT.0008.20.AQ,NET.09,STA.09.AKC,,SPO.09.AKC.5066.6001.1,SPP.09.AKC.5066.6001.1.11325,SAM.09.AKC.5066.6001.1,PM2.5,http://dd.eionet.europa.eu/vocabulary/aq/pollutant/6001,hour,4.7279996700,µg/m3,2018-06-24 20:00:00 +01:00,2018-06-24 21:00:00 +01:00,1,1
AT,AT.0008.20.AQ,NET.09,STA.09.AKC,,SPO.09.AKC.5066.6001.1,SPP.09.AKC.5066.6001.1.11325,SAM.09.AKC.5066.6001.1,PM2.5,http://dd.eionet.europa.eu/vocabulary/aq/pollutant/6001,hour,3.2920999400,µg/m3,2018-06-25 02:00:00 +01:00,2018-06-25 03:00:00 +01:00,1,1
AT,AT.0008.20.AQ,NET.09,STA.09.AKC,,SPO.09.AKC.5066.6001.1,SPP.09.AKC.5066.6001.1.11325,SAM.09.AKC.5066.6001.1,PM2.5,http://dd.eionet.europa.eu/vocabulary/aq/pollutant/6001,hour,3.6358499400,µg/m3,2018-06-25 03:00:00 +01:00,2018-06-25 04:00:00 +01:00,1,1
AT,AT.0008.20.AQ,NET.09,STA.09.AKC,,SPO.09.AKC.5066.6001.1,SPP.09.AKC.5066.6001.1.11325,SAM.09.AKC.5066.6001.1,PM2.5,http://dd.eionet.europa.eu/vocabulary/aq/pollutant/6001,hour,3.6054501400,µg/m3,2018-06-25 04:00:00 +01:00,2018-06-25 05:00:00 +01:00,1,1
AT,AT.0008.20.AQ,NET.09,STA.09.AKC,,SPO.09.AKC.5066.6001.1,SPP.09.AKC.5066.6001.1.11325,SAM.09.AKC.5066.6001.1,PM2.5,http://dd.eionet.europa.eu/vocabulary/aq/pollutant/6001,hour,7.3782501100,µg/m3,2018-06-25 08:00:00 +01:00,2018-06-25 09:00:00 +01:00,1,1
AT,AT.0008.20.AQ,NET.09,STA.09.AKC,,SPO.09.AKC.5066.6001.1,SPP.09.AKC.5066.6001.1.11325,SAM.09.AKC.5066.6001.1,PM2.5,http://dd.eionet.europa.eu/vocabulary/aq/pollutant/6001,hour,6.0286502700,µg/m3,2018-06-25 10:00:00 +01:00,2018-06-25 11:00:00 +01:00,1,1
AT,AT.0008.20.AQ,NET.09,STA.09.AKC,,SPO.09.AKC.5066.6001.1,SPP.09.AKC.5066.6001.1.11325,SAM.09.AKC.5066.6001.1,PM2.5,http://dd.eionet.europa.eu/vocabulary/aq/pollutant/6001,hour,6.4678001300,µg/m3,2018-06-25 11:00:00 +01:00,2018-06-25 12:00:00 +01:00,1,1
AT,AT.0008.20.AQ,NET.09,STA.09.AKC,,SPO.09.AKC.5066.6001.1,SPP.09.AKC.5066.6001.1.11325,SAM.09.AKC.5066.6001.1,PM2.5,http://dd.eionet.europa.eu/vocabulary/aq/pollutant/6001,hour,7.0340499700,µg/m3,2018-06-25 12:00:00 +01:00,2018-06-25 13:00:00 +01:00,1,1
AT,AT.0008.20.AQ,NET.09,STA.09.AKC,,SPO.09.AKC.5066.6001.1,SPP.09.AKC.5066.6001.1.11325,SAM.09.AKC.5066.6001.1,PM2.5,http://dd.eionet.europa.eu/vocabulary/aq/pollutant/6001,hour,6.7661499800,µg/m3,2018-06-25 13:00:00 +01:00,2018-06-25 14:00:00 +01:00,1,1
AT,AT.0008.20.AQ,NET.09,STA.09.AKC,,SPO.09.AKC.5066.6001.1,SPP.09.AKC.5066.6001.1.11325,SAM.09.AKC.5066.6001.1,PM2.5,http://dd.eionet.europa.eu/vocabulary/aq/pollutant/6001,hour,6.2936496600,µg/m3,2018-06-25 14:00:00 +01:00,2018-06-25 15:00:00 +01:00,1,1
AT,AT.0008.20.AQ,NET.09,STA.09.AKC,,SPO.09.AKC.5066.6001.1,SPP.09.AKC.5066.6001.1.11325,SAM.09.AKC.5066.6001.1,PM2.5,http://dd.eionet.europa.eu/vocabulary/aq/pollutant/6001,hour,4.2819003900,µg/m3,2018-06-25 15:00:00 +01:00,2018-06-25 16:00:00 +01:00,1,1
AT,AT.0008.20.AQ,NET.09,STA.09.AKC,,SPO.09.AKC.5066.6001.1,SPP.09.AKC.5066.6001.1.11325,SAM.09.AKC.5066.6001.1,PM2.5,http://dd.eionet.europa.eu/vocabulary/aq/pollutant/6001,hour,5.0556497400,µg/m3,2018-06-25 17:00:00 +01:00,2018-06-25 18:00:00 +01:00,1,1
AT,AT.0008.20.AQ,NET.09,STA.09.AKC,,SPO.09.AKC.5066.6001.1,SPP.09.AKC.5066.6001.1.11325,SAM.09.AKC.5066.6001.1,PM2.5,http://dd.eionet.europa.eu/vocabulary/aq/pollutant/6001,hour,6.0859002900,µg/m3,2018-06-25 18:00:00 +01:00,2018-06-25 19:00:00 +01:00,1,1
AT,AT.0008.20.AQ,NET.09,STA.09.AKC,,SPO.09.AKC.5066.6001.1,SPP.09.AKC.5066.6001.1.11325,SAM.09.AKC.5066.6001.1,PM2.5,http://dd.eionet.europa.eu/vocabulary/aq/pollutant/6001,hour,6.3689498800,µg/m3,2018-06-25 19:00:00 +01:00,2018-06-25 20:00:00 +01:00,1,1
AT,AT.0008.20.AQ,NET.09,STA.09.AKC,,SPO.09.AKC.5066.6001.1,SPP.09.AKC.5066.6001.1.11325,SAM.09.AKC.5066.6001.1,PM2.5,http://dd.eionet.europa.eu/vocabulary/aq/pollutant/6001,hour,5.9342999300,µg/m3,2018-06-25 20:00:00 +01:00,2018-06-25 21:00:00 +01:00,1,1
AT,AT.0008.20.AQ,NET.09,STA.09.AKC,,SPO.09.AKC.5066.6001.1,SPP.09.AKC.5066.6001.1.11325,SAM.09.AKC.5066.6001.1,PM2.5,http://dd.eionet.europa.eu/vocabulary/aq/pollutant/6001,hour,5.1575002500,µg/m3,2018-06-25 21:00:00 +01:00,2018-06-25 22:00:00 +01:00,1,1
AT,AT.0008.20.AQ,NET.09,STA.09.AKC,,SPO.09.AKC.5066.6001.1,SPP.09.AKC.5066.6001.1.11325,SAM.09.AKC.5066.6001.1,PM2.5,http://dd.eionet.europa.eu/vocabulary/aq/pollutant/6001,hour,4.6019496800,µg/m3,2018-06-25 23:00:00 +01:00,2018-06-26 00:00:00 +01:00,1,1
AT,AT.0008.20.AQ,NET.09,STA.09.AKC,,SPO.09.AKC.5066.6001.1,SPP.09.AKC.5066.6001.1.11325,SAM.09.AKC.5066.6001.1,PM2.5,http://dd.eionet.europa.eu/vocabulary/aq/pollutant/6001,hour,4.6824498000,µg/m3,2018-06-26 02:00:00 +01:00,2018-06-26 03:00:00 +01:00,1,1
AT,AT.0008.20.AQ,NET.09,STA.09.AKC,,SPO.09.AKC.5066.6001.1,SPP.09.AKC.5066.6001.1.11325,SAM.09.AKC.5066.6001.1,PM2.5,http://dd.eionet.europa.eu/vocabulary/aq/pollutant/6001,hour,6.2316503400,µg/m3,2018-06-26 07:00:00 +01:00,2018-06-26 08:00:00 +01:00,1,1
AT,AT.0008.20.AQ,NET.09,STA.09.AKC,,SPO.09.AKC.5066.6001.1,SPP.09.AKC.5066.6001.1.11325,SAM.09.AKC.5066.6001.1,PM2.5,http://dd.eionet.europa.eu/vocabulary/aq/pollutant/6001,hour,7.2237000300,µg/m3,2018-06-26 08:00:00 +01:00,2018-06-26 09:00:00 +01:00,1,1
AT,AT.0008.20.AQ,NET.09,STA.09.AKC,,SPO.09.AKC.5066.6001.1,SPP.09.AKC.5066.6001.1.11325,SAM.09.AKC.5066.6001.1,PM2.5,http://dd.eionet.europa.eu/vocabulary/aq/pollutant/6001,hour,8.2404498900,µg/m3,2018-06-26 09:00:00 +01:00,2018-06-26 10:00:00 +01:00,1,1
AT,AT.0008.20.AQ,NET.09,STA.09.AKC,,SPO.09.AKC.5066.6001.1,SPP.09.AKC.5066.6001.1.11325,SAM.09.AKC.5066.6001.1,PM2.5,http://dd.eionet.europa.eu/vocabulary/aq/pollutant/6001,hour,8.3779497000,µg/m3,2018-06-26 10:00:00 +01:00,2018-06-26 11:00:00 +01:00,1,1
AT,AT.0008.20.AQ,NET.09,STA.09.AKC,,SPO.09.AKC.5066.6001.1,SPP.09.AKC.5066.6001.1.11325,SAM.09.AKC.5066.6001.1,PM2.5,http://dd.eionet.europa.eu/vocabulary/aq/pollutant/6001,hour,8.0455999200,µg/m3,2018-06-26 12:00:00 +01:00,2018-06-26 13:00:00 +01:00,1,1
AT,AT.0008.20.AQ,NET.09,STA.09.AKC,,SPO.09.AKC.5066.6001.1,SPP.09.AKC.5066.6001.1.11325,SAM.09.AKC.5066.6001.1,PM2.5,http://dd.eionet.europa.eu/vocabulary/aq/pollutant/6001,hour,7.7436504200,µg/m3,2018-06-26 14:00:00 +01:00,2018-06-26 15:00:00 +01:00,1,1
AT,AT.0008.20.AQ,NET.09,STA.09.AKC,,SPO.09.AKC.5066.6001.1,SPP.09.AKC.5066.6001.1.11325,SAM.09.AKC.5066.6001.1,PM2.5,http://dd.eionet.europa.eu/vocabulary/aq/pollutant/6001,hour,7.5286502700,µg/m3,2018-06-26 15:00:00 +01:00,2018-06-26 16:00:00 +01:00,1,1
AT,AT.0008.20.AQ,NET.09,STA.09.AKC,,SPO.09.AKC.5066.6001.1,SPP.09.AKC.5066.6001.1.11325,SAM.09.AKC.5066.6001.1,PM2.5,http://dd.eionet.europa.eu/vocabulary/aq/pollutant/6001,hour,5.0332498400,µg/m3,2018-06-26 19:00:00 +01:00,2018-06-26 20:00:00 +01:00,1,1
AT,AT.0008.20.AQ,NET.09,STA.09.AKC,,SPO.09.AKC.5066.6001.1,SPP.09.AKC.5066.6001.1.11325,SAM.09.AKC.5066.6001.1,PM2.5,http://dd.eionet.europa.eu/vocabulary/aq/pollutant/6001,hour,4.1797499500,µg/m3,2018-06-26 20:00:00 +01:00,2018-06-26 21:00:00 +01:00,1,1
AT,AT.0008.20.AQ,NET.09,STA.09.AKC,,SPO.09.AKC.5066.6001.1,SPP.09.AKC.5066.6001.1.11325,SAM.09.AKC.5066.6001.1,PM2.5,http://dd.eionet.europa.eu/vocabulary/aq/pollutant/6001,hour,4.9486498700,µg/m3,2018-06-26 21:00:00 +01:00,2018-06-26 22:00:00 +01:00,1,1
AT,AT.0008.20.AQ,NET.09,STA.09.AKC,,SPO.09.AKC.5066.6001.1,SPP.09.AKC.5066.6001.1.11325,SAM.09.AKC.5066.6001.1,PM2.5,http://dd.eionet.europa.eu/vocabulary/aq/pollutant/6001,hour,5.2696499700,µg/m3,2018-06-26 22:00:00 +01:00,2018-06-26 23:00:00 +01:00,1,1
AT,AT.0008.20.AQ,NET.09,STA.09.AKC,,SPO.09.AKC.5066.6001.1,SPP.09.AKC.5066.6001.1.11325,SAM.09.AKC.5066.6001.1,PM2.5,http://dd.eionet.europa.eu/vocabulary/aq/pollutant/6001,hour,6.0171499100,µg/m3,2018-06-26 23:00:00 +01:00,2018-06-27 00:00:00 +01:00,1,1
AT,AT.0008.20.AQ,NET.09,STA.09.AKC,,SPO.09.AKC.5066.6001.1,SPP.09.AKC.5066.6001.1.11325,SAM.09.AKC.5066.6001.1,PM2.5,http://dd.eionet.europa.eu/vocabulary/aq/pollutant/6001,hour,6.0821499700,µg/m3,2018-06-27 02:00:00 +01:00,2018-06-27 03:00:00 +01:00,1,1
AT,AT.0008.20.AQ,NET.09,STA.09.AKC,,SPO.09.AKC.5066.6001.1,SPP.09.AKC.5066.6001.1.11325,SAM.09.AKC.5066.6001.1,PM2.5,http://dd.eionet.europa.eu/vocabulary/aq/pollutant/6001,hour,5.9911498900,µg/m3,2018-06-27 03:00:00 +01:00,2018-06-27 04:00:00 +01:00,1,1
AT,AT.0008.20.AQ,NET.09,STA.09.AKC,,SPO.09.AKC.5066.6001.1,SPP.09.AKC.5066.6001.1.11325,SAM.09.AKC.5066.6001.1,PM2.5,http://dd.eionet.europa.eu/vocabulary/aq/pollutant/6001,hour,9.2760000100,µg/m3,2018-06-27 07:00:00 +01:00,2018-06-27 08:00:00 +01:00,1,1
AT,AT.0008.20.AQ,NET.09,STA.09.AKC,,SPO.09.AKC.5066.6001.1,SPP.09.AKC.5066.6001.1.11325,SAM.09.AKC.5066.6001.1,PM2.5,http://dd.eionet.europa.eu/vocabulary/aq/pollutant/6001,hour,9.9477500800,µg/m3,2018-06-27 10:00:00 +01:00,2018-06-27 11:00:00 +01:00,1,1
AT,AT.0008.20.AQ,NET.09,STA.09.AKC,,SPO.09.AKC.5066.6001.1,SPP.09.AKC.5066.6001.1.11325,SAM.09.AKC.5066.6001.1,PM2.5,http://dd.eionet.europa.eu/vocabulary/aq/pollutant/6001,hour,8.4328498700,µg/m3,2018-06-27 11:00:00 +01:00,2018-06-27 12:00:00 +01:00,1,1
AT,AT.0008.20.AQ,NET.09,STA.09.AKC,,SPO.09.AKC.5066.6001.1,SPP.09.AKC.5066.6001.1.11325,SAM.09.AKC.5066.6001.1,PM2.5,http://dd.eionet.europa.eu/vocabulary/aq/pollutant/6001,hour,7.7285499400,µg/m3,2018-06-27 13:00:00 +01:00,2018-06-27 14:00:00 +01:00,1,1
AT,AT.0008.20.AQ,NET.09,STA.09.AKC,,SPO.09.AKC.5066.6001.1,SPP.09.AKC.5066.6001.1.11325,SAM.09.AKC.5066.6001.1,PM2.5,http://dd.eionet.europa.eu/vocabulary/aq/pollutant/6001,hour,7.6254997100,µg/m3,2018-06-27 22:00:00 +01:00,2018-06-27 23:00:00 +01:00,1,1
AT,AT.0008.20.AQ,NET.09,STA.09.AKC,,SPO.09.AKC.5066.6001.1,SPP.09.AKC.5066.6001.1.11325,SAM.09.AKC.5066.6001.1,PM2.5,http://dd.eionet.europa.eu/vocabulary/aq/pollutant/6001,hour,5.5448999300,µg/m3,2018-06-27 23:00:00 +01:00,2018-06-28 00:00:00 +01:00,1,1
AT,AT.0008.20.AQ,NET.09,STA.09.AKC,,SPO.09.AKC.5066.6001.1,SPP.09.AKC.5066.6001.1.11325,SAM.09.AKC.5066.6001.1,PM2.5,http://dd.eionet.europa.eu/vocabulary/aq/pollutant/6001,hour,5.2311496600,µg/m3,2018-06-28 00:00:00 +01:00,2018-06-28 01:00:00 +01:00,1,1
AT,AT.0008.20.AQ,NET.09,STA.09.AKC,,SPO.09.AKC.5066.6001.1,SPP.09.AKC.5066.6001.1.11325,SAM.09.AKC.5066.6001.1,PM2.5,http://dd.eionet.europa.eu/vocabulary/aq/pollutant/6001,hour,6.4133500900,µg/m3,2018-06-28 01:00:00 +01:00,2018-06-28 02:00:00 +01:00,1,1
AT,AT.0008.20.AQ,NET.09,STA.09.AKC,,SPO.09.AKC.5066.6001.1,SPP.09.AKC.5066.6001.1.11325,SAM.09.AKC.5066.6001.1,PM2.5,http://dd.eionet.europa.eu/vocabulary/aq/pollutant/6001,hour,8.4488000700,µg/m3,2018-06-28 04:00:00 +01:00,2018-06-28 05:00:00 +01:00,1,1
AT,AT.0008.20.AQ,NET.09,STA.09.AKC,,SPO.09.AKC.5066.6001.1,SPP.09.AKC.5066.6001.1.11325,SAM.09.AKC.5066.6001.1,PM2.5,http://dd.eionet.europa.eu/vocabulary/aq/pollutant/6001,hour,6.8598999800,µg/m3,2018-06-28 06:00:00 +01:00,2018-06-28 07:00:00 +01:00,1,1
AT,AT.0008.20.AQ,NET.09,STA.09.AKC,,SPO.09.AKC.5066.6001.1,SPP.09.AKC.5066.6001.1.11325,SAM.09.AKC.5066.6001.1,PM2.5,http://dd.eionet.europa.eu/vocabulary/aq/pollutant/6001,hour,7.9156503500,µg/m3,2018-06-28 07:00:00 +01:00,2018-06-28 08:00:00 +01:00,1,1
AT,AT.0008.20.AQ,NET.09,STA.09.AKC,,SPO.09.AKC.5066.6001.1,SPP.09.AKC.5066.6001.1.11325,SAM.09.AKC.5066.6001.1,PM2.5,http://dd.eionet.europa.eu/vocabulary/aq/pollutant/6001,hour,9.2776498600,µg/m3,2018-06-28 10:00:00 +01:00,2018-06-28 11:00:00 +01:00,1,1
AT,AT.0008.20.AQ,NET.09,STA.09.AKC,,SPO.09.AKC.5066.6001.1,SPP.09.AKC.5066.6001.1.11325,SAM.09.AKC.5066.6001.1,PM2.5,http://dd.eionet.europa.eu/vocabulary/aq/pollutant/6001,hour,8.2379999000,µg/m3,2018-06-28 11:00:00 +01:00,2018-06-28 12:00:00 +01:00,1,1
AT,AT.0008.20.AQ,NET.09,STA.09.AKC,,SPO.09.AKC.5066.6001.1,SPP.09.AKC.5066.6001.1.11325,SAM.09.AKC.5066.6001.1,PM2.5,http://dd.eionet.europa.eu/vocabulary/aq/pollutant/6001,hour,6.4494500000,µg/m3,2018-06-28 14:00:00 +01:00,2018-06-28 15:00:00 +01:00,1,1
AT,AT.0008.20.AQ,NET.09,STA.09.AKC,,SPO.09.AKC.5066.6001.1,SPP.09.AKC.5066.6001.1.11325,SAM.09.AKC.5066.6001.1,PM2.5,http://dd.eionet.europa.eu/vocabulary/aq/pollutant/6001,hour,6.3789501000,µg/m3,2018-06-28 15:00:00 +01:00,2018-06-28 16:00:00 +01:00,1,1
AT,AT.0008.20.AQ,NET.09,STA.09.AKC,,SPO.09.AKC.5066.6001.1,SPP.09.AKC.5066.6001.1.11325,SAM.09.AKC.5066.6001.1,PM2.5,http://dd.eionet.europa.eu/vocabulary/aq/pollutant/6001,hour,10.4098997000,µg/m3,2018-06-28 18:00:00 +01:00,2018-06-28 19:00:00 +01:00,1,1
AT,AT.0008.20.AQ,NET.09,STA.09.AKC,,SPO.09.AKC.5066.6001.1,SPP.09.AKC.5066.6001.1.11325,SAM.09.AKC.5066.6001.1,PM2.5,http://dd.eionet.europa.eu/vocabulary/aq/pollutant/6001,hour,10.1429996300,µg/m3,2018-06-28 23:00:00 +01:00,2018-06-29 00:00:00 +01:00,1,1
AT,AT.0008.20.AQ,NET.09,STA.09.AKC,,SPO.09.AKC.5066.6001.1,SPP.09.AKC.5066.6001.1.11325,SAM.09.AKC.5066.6001.1,PM2.5,http://dd.eionet.europa.eu/vocabulary/aq/pollutant/6001,hour,14.8680000200,µg/m3,2018-06-29 04:00:00 +01:00,2018-06-29 05:00:00 +01:00,1,1
AT,AT.0008.20.AQ,NET.09,STA.09.AKC,,SPO.09.AKC.5066.6001.1,SPP.09.AKC.5066.6001.1.11325,SAM.09.AKC.5066.6001.1,PM2.5,http://dd.eionet.europa.eu/vocabulary/aq/pollutant/6001,hour,14.6485004300,µg/m3,2018-06-29 05:00:00 +01:00,2018-06-29 06:00:00 +01:00,1,1
AT,AT.0008.20.AQ,NET.09,STA.09.AKC,,SPO.09.AKC.5066.6001.1,SPP.09.AKC.5066.6001.1.11325,SAM.09.AKC.5066.6001.1,PM2.5,http://dd.eionet.europa.eu/vocabulary/aq/pollutant/6001,hour,11.7045001800,µg/m3,2018-06-29 13:00:00 +01:00,2018-06-29 14:00:00 +01:00,1,1
AT,AT.0008.20.AQ,NET.09,STA.09.AKC,,SPO.09.AKC.5066.6001.1,SPP.09.AKC.5066.6001.1.11325,SAM.09.AKC.5066.6001.1,PM2.5,http://dd.eionet.europa.eu/vocabulary/aq/pollutant/6001,hour,9.8672504300,µg/m3,2018-06-29 16:00:00 +01:00,2018-06-29 17:00:00 +01:00,1,1
AT,AT.0008.20.AQ,NET.09,STA.09.AKC,,SPO.09.AKC.5066.6001.1,SPP.09.AKC.5066.6001.1.11325,SAM.09.AKC.5066.6001.1,PM2.5,http://dd.eionet.europa.eu/vocabulary/aq/pollutant/6001,hour,10.1805000200,µg/m3,2018-06-29 18:00:00 +01:00,2018-06-29 19:00:00 +01:00,1,1
AT,AT.0008.20.AQ,NET.09,STA.09.AKC,,SPO.09.AKC.5066.6001.1,SPP.09.AKC.5066.6001.1.11325,SAM.09.AKC.5066.6001.1,PM2.5,http://dd.eionet.europa.eu/vocabulary/aq/pollutant/6001,hour,11.7840003800,µg/m3,2018-06-30 01:00:00 +01:00,2018-06-30 02:00:00 +01:00,1,1
AT,AT.0008.20.AQ,NET.09,STA.09.AKC,,SPO.09.AKC.5066.6001.1,SPP.09.AKC.5066.6001.1.11325,SAM.09.AKC.5066.6001.1,PM2.5,http://dd.eionet.europa.eu/vocabulary/aq/pollutant/6001,hour,12.0499992200,µg/m3,2018-06-30 04:00:00 +01:00,2018-06-30 05:00:00 +01:00,1,1
AT,AT.0008.20.AQ,NET.09,STA.09.AKC,,SPO.09.AKC.5066.6001.1,SPP.09.AKC.5066.6001.1.11325,SAM.09.AKC.5066.6001.1,PM2.5,http://dd.eionet.europa.eu/vocabulary/aq/pollutant/6001,hour,11.9595003000,µg/m3,2018-06-30 06:00:00 +01:00,2018-06-30 07:00:00 +01:00,1,1
AT,AT.0008.20.AQ,NET.09,STA.09.AKC,,SPO.09.AKC.5066.6001.1,SPP.09.AKC.5066.6001.1.11325,SAM.09.AKC.5066.6001.1,PM2.5,http://dd.eionet.europa.eu/vocabulary/aq/pollutant/6001,hour,8.9048995800,µg/m3,2018-06-30 10:00:00 +01:00,2018-06-30 11:00:00 +01:00,1,1
AT,AT.0008.20.AQ,NET.09,STA.09.AKC,,SPO.09.AKC.5066.6001.1,SPP.09.AKC.5066.6001.1.11325,SAM.09.AKC.5066.6001.1,PM2.5,http://dd.eionet.europa.eu/vocabulary/aq/pollutant/6001,hour,2.3032998900,µg/m3,2018-06-30 15:00:00 +01:00,2018-06-30 16:00:00 +01:00,1,1
AT,AT.0008.20.AQ,NET.09,STA.09.AKC,,SPO.09.AKC.5066.6001.1,SPP.09.AKC.5066.6001.1.11325,SAM.09.AKC.5066.6001.1,PM2.5,http://dd.eionet.europa.eu/vocabulary/aq/pollutant/6001,hour,2.5000500500,µg/m3,2018-06-30 17:00:00 +01:00,2018-06-30 18:00:00 +01:00,1,1
AT,AT.0008.20.AQ,NET.09,STA.09.AKC,,SPO.09.AKC.5066.6001.1,SPP.09.AKC.5066.6001.1.11325,SAM.09.AKC.5066.6001.1,PM2.5,http://dd.eionet.europa.eu/vocabulary/aq/pollutant/6001,hour,3.1122999000,µg/m3,2018-07-01 01:00:00 +01:00,2018-07-01 02:00:00 +01:00,1,1
AT,AT.0008.20.AQ,NET.09,STA.09.AKC,,SPO.09.AKC.5066.6001.1,SPP.09.AKC.5066.6001.1.11325,SAM.09.AKC.5066.6001.1,PM2.5,http://dd.eionet.europa.eu/vocabulary/aq/pollutant/6001,hour,3.5039000400,µg/m3,2018-07-01 06:00:00 +01:00,2018-07-01 07:00:00 +01:00,1,1
AT,AT.0008.20.AQ,NET.09,STA.09.AKC,,SPO.09.AKC.5066.6001.1,SPP.09.AKC.5066.6001.1.11325,SAM.09.AKC.5066.6001.1,PM2.5,http://dd.eionet.europa.eu/vocabulary/aq/pollutant/6001,hour,3.8485503000,µg/m3,2018-07-01 07:00:00 +01:00,2018-07-01 08:00:00 +01:00,1,1
AT,AT.0008.20.AQ,NET.09,STA.09.AKC,,SPO.09.AKC.5066.6001.1,SPP.09.AKC.5066.6001.1.11325,SAM.09.AKC.5066.6001.1,PM2.5,http://dd.eionet.europa.eu/vocabulary/aq/pollutant/6001,hour,3.8438999500,µg/m3,2018-07-01 08:00:00 +01:00,2018-07-01 09:00:00 +01:00,1,1
AT,AT.0008.20.AQ,NET.09,STA.09.AKC,,SPO.09.AKC.5066.6001.1,SPP.09.AKC.5066.6001.1.11325,SAM.09.AKC.5066.6001.1,PM2.5,http://dd.eionet.europa.eu/vocabulary/aq/pollutant/6001,hour,3.5548500900,µg/m3,2018-07-01 10:00:00 +01:00,2018-07-01 11:00:00 +01:00,1,1
AT,AT.0008.20.AQ,NET.09,STA.09.AKC,,SPO.09.AKC.5066.6001.1,SPP.09.AKC.5066.6001.1.11325,SAM.09.AKC.5066.6001.1,PM2.5,http://dd.eionet.europa.eu/vocabulary/aq/pollutant/6001,hour,2.9998497800,µg/m3,2018-07-01 14:00:00 +01:00,2018-07-01 15:00:00 +01:00,1,1
AT,AT.0008.20.AQ,NET.09,STA.09.AKC,,SPO.09.AKC.5066.6001.1,SPP.09.AKC.5066.6001.1.11325,SAM.09.AKC.5066.6001.1,PM2.5,http://dd.eionet.europa.eu/vocabulary/aq/pollutant/6001,hour,2.5935001200,µg/m3,2018-07-01 15:00:00 +01:00,2018-07-01 16:00:00 +01:00,1,1
AT,AT.0008.20.AQ,NET.09,STA.09.AKC,,SPO.09.AKC.5066.6001.1,SPP.09.AKC.5066.6001.1.11325,SAM.09.AKC.5066.6001.1,PM2.5,http://dd.eionet.europa.eu/vocabulary/aq/pollutant/6001,hour,3.1521499000,µg/m3,2018-07-01 23:00:00 +01:00,2018-07-02 00:00:00 +01:00,1,1
AT,AT.0008.20.AQ,NET.09,STA.09.AKC,,SPO.09.AKC.5066.6001.1,SPP.09.AKC.5066.6001.1.11325,SAM.09.AKC.5066.6001.1,PM2.5,http://dd.eionet.europa.eu/vocabulary/aq/pollutant/6001,hour,2.7266499800,µg/m3,2018-07-02 01:00:00 +01:00,2018-07-02 02:00:00 +01:00,1,1
AT,AT.0008.20.AQ,NET.09,STA.09.AKC,,SPO.09.AKC.5066.6001.1,SPP.09.AKC.5066.6001.1.11325,SAM.09.AKC.5066.6001.1,PM2.5,http://dd.eionet.europa.eu/vocabulary/aq/pollutant/6001,hour,2.6881499100,µg/m3,2018-07-02 02:00:00 +01:00,2018-07-02 03:00:00 +01:00,1,1
AT,AT.0008.20.AQ,NET.09,STA.09.AKC,,SPO.09.AKC.5066.6001.1,SPP.09.AKC.5066.6001.1.11325,SAM.09.AKC.5066.6001.1,PM2.5,http://dd.eionet.europa.eu/vocabulary/aq/pollutant/6001,hour,3.5232000200,µg/m3,2018-07-02 04:00:00 +01:00,2018-07-02 05:00:00 +01:00,1,1
AT,AT.0008.20.AQ,NET.09,STA.09.AKC,,SPO.09.AKC.5066.6001.1,SPP.09.AKC.5066.6001.1.11325,SAM.09.AKC.5066.6001.1,PM2.5,http://dd.eionet.europa.eu/vocabulary/aq/pollutant/6001,hour,6.6239499900,µg/m3,2018-07-02 07:00:00 +01:00,2018-07-02 08:00:00 +01:00,1,1
AT,AT.0008.20.AQ,NET.09,STA.09.AKC,,SPO.09.AKC.5066.6001.1,SPP.09.AKC.5066.6001.1.11325,SAM.09.AKC.5066.6001.1,PM2.5,http://dd.eionet.europa.eu/vocabulary/aq/pollutant/6001,hour,3.3610999400,µg/m3,2018-07-02 10:00:00 +01:00,2018-07-02 11:00:00 +01:00,1,1
AT,AT.0008.20.AQ,NET.09,STA.09.AKC,,SPO.09.AKC.5066.6001.1,SPP.09.AKC.5066.6001.1.11325,SAM.09.AKC.5066.6001.1,PM2.5,http://dd.eionet.europa.eu/vocabulary/aq/pollutant/6001,hour,3.6173500900,µg/m3,2018-07-02 13:00:00 +01:00,2018-07-02 14:00:00 +01:00,1,1
AT,AT.0008.20.AQ,NET.09,STA.09.AKC,,SPO.09.AKC.5066.6001.1,SPP.09.AKC.5066.6001.1.11325,SAM.09.AKC.5066.6001.1,PM2.5,http://dd.eionet.europa.eu/vocabulary/aq/pollutant/6001,hour,3.4962000700,µg/m3,2018-07-02 16:00:00 +01:00,2018-07-02 17:00:00 +01:00,1,1
AT,AT.0008.20.AQ,NET.09,STA.09.AKC,,SPO.09.AKC.5066.6001.1,SPP.09.AKC.5066.6001.1.11325,SAM.09.AKC.5066.6001.1,PM2.5,http://dd.eionet.europa.eu/vocabulary/aq/pollutant/6001,hour,5.0490999100,µg/m3,2018-07-02 20:00:00 +01:00,2018-07-02 21:00:00 +01:00,1,1
AT,AT.0008.20.AQ,NET.09,STA.09.AKC,,SPO.09.AKC.5066.6001.1,SPP.09.AKC.5066.6001.1.11325,SAM.09.AKC.5066.6001.1,PM2.5,http://dd.eionet.europa.eu/vocabulary/aq/pollutant/6001,hour,6.4218501900,µg/m3,2018-07-02 21:00:00 +01:00,2018-07-02 22:00:00 +01:00,1,1
AT,AT.0008.20.AQ,NET.09,STA.09.AKC,,SPO.09.AKC.5066.6001.1,SPP.09.AKC.5066.6001.1.11325,SAM.09.AKC.5066.6001.1,PM2.5,http://dd.eionet.europa.eu/vocabulary/aq/pollutant/6001,hour,4.9068999100,µg/m3,2018-07-03 00:00:00 +01:00,2018-07-03 01:00:00 +01:00,1,1
AT,AT.0008.20.AQ,NET.09,STA.09.AKC,,SPO.09.AKC.5066.6001.1,SPP.09.AKC.5066.6001.1.11325,SAM.09.AKC.5066.6001.1,PM2.5,http://dd.eionet.europa.eu/vocabulary/aq/pollutant/6001,hour,5.5544996100,µg/m3,2018-07-03 01:00:00 +01:00,2018-07-03 02:00:00 +01:00,1,1
AT,AT.0008.20.AQ,NET.09,STA.09.AKC,,SPO.09.AKC.5066.6001.1,SPP.09.AKC.5066.6001.1.11325,SAM.09.AKC.5066.6001.1,PM2.5,http://dd.eionet.europa.eu/vocabulary/aq/pollutant/6001,hour,5.8715500700,µg/m3,2018-07-03 03:00:00 +01:00,2018-07-03 04:00:00 +01:00,1,1
AT,AT.0008.20.AQ,NET.09,STA.09.AKC,,SPO.09.AKC.5066.6001.1,SPP.09.AKC.5066.6001.1.11325,SAM.09.AKC.5066.6001.1,PM2.5,http://dd.eionet.europa.eu/vocabulary/aq/pollutant/6001,hour,6.4854497800,µg/m3,2018-07-03 04:00:00 +01:00,2018-07-03 05:00:00 +01:00,1,1
AT,AT.0008.20.AQ,NET.09,STA.09.AKC,,SPO.09.AKC.5066.6001.1,SPP.09.AKC.5066.6001.1.11325,SAM.09.AKC.5066.6001.1,PM2.5,http://dd.eionet.europa.eu/vocabulary/aq/pollutant/6001,hour,6.1851997200,µg/m3,2018-07-03 09:00:00 +01:00,2018-07-03 10:00:00 +01:00,1,1
AT,AT.0008.20.AQ,NET.09,STA.09.AKC,,SPO.09.AKC.5066.6001.1,SPP.09.AKC.5066.6001.1.11325,SAM.09.AKC.5066.6001.1,PM2.5,http://dd.eionet.europa.eu/vocabulary/aq/pollutant/6001,hour,4.8404502700,µg/m3,2018-07-03 14:00:00 +01:00,2018-07-03 15:00:00 +01:00,1,1
AT,AT.0008.20.AQ,NET.09,STA.09.AKC,,SPO.09.AKC.5066.6001.1,SPP.09.AKC.5066.6001.1.11325,SAM.09.AKC.5066.6001.1,PM2.5,http://dd.eionet.europa.eu/vocabulary/aq/pollutant/6001,hour,4.2968501900,µg/m3,2018-07-03 15:00:00 +01:00,2018-07-03 16:00:00 +01:00,1,1
AT,AT.0008.20.AQ,NET.09,STA.09.AKC,,SPO.09.AKC.5066.6001.1,SPP.09.AKC.5066.6001.1.11325,SAM.09.AKC.5066.6001.1,PM2.5,http://dd.eionet.europa.eu/vocabulary/aq/pollutant/6001,hour,7.2975997800,µg/m3,2018-07-04 00:00:00 +01:00,2018-07-04 01:00:00 +01:00,1,1
AT,AT.0008.20.AQ,NET.09,STA.09.AKC,,SPO.09.AKC.5066.6001.1,SPP.09.AKC.5066.6001.1.11325,SAM.09.AKC.5066.6001.1,PM2.5,http://dd.eionet.europa.eu/vocabulary/aq/pollutant/6001,hour,7.7117004200,µg/m3,2018-07-04 01:00:00 +01:00,2018-07-04 02:00:00 +01:00,1,1
AT,AT.0008.20.AQ,NET.09,STA.09.AKC,,SPO.09.AKC.5066.6001.1,SPP.09.AKC.5066.6001.1.11325,SAM.09.AKC.5066.6001.1,PM2.5,http://dd.eionet.europa.eu/vocabulary/aq/pollutant/6001,hour,4.8839001500,µg/m3,2018-07-04 09:00:00 +01:00,2018-07-04 10:00:00 +01:00,1,1
AT,AT.0008.20.AQ,NET.09,STA.09.AKC,,SPO.09.AKC.5066.6001.1,SPP.09.AKC.5066.6001.1.11325,SAM.09.AKC.5066.6001.1,PM2.5,http://dd.eionet.europa.eu/vocabulary/aq/pollutant/6001,hour,4.4584503000,µg/m3,2018-07-04 13:00:00 +01:00,2018-07-04 14:00:00 +01:00,1,1
AT,AT.0008.20.AQ,NET.09,STA.09.AKC,,SPO.09.AKC.5066.6001.1,SPP.09.AKC.5066.6001.1.11325,SAM.09.AKC.5066.6001.1,PM2.5,http://dd.eionet.europa.eu/vocabulary/aq/pollutant/6001,hour,4.8816499600,µg/m3,2018-07-04 14:00:00 +01:00,2018-07-04 15:00:00 +01:00,1,1
AT,AT.0008.20.AQ,NET.09,STA.09.AKC,,SPO.09.AKC.5066.6001.1,SPP.09.AKC.5066.6001.1.11325,SAM.09.AKC.5066.6001.1,PM2.5,http://dd.eionet.europa.eu/vocabulary/aq/pollutant/6001,hour,5.7738499500,µg/m3,2018-07-04 18:00:00 +01:00,2018-07-04 19:00:00 +01:00,1,1
AT,AT.0008.20.AQ,NET.09,STA.09.AKC,,SPO.09.AKC.5066.6001.1,SPP.09.AKC.5066.6001.1.11325,SAM.09.AKC.5066.6001.1,PM2.5,http://dd.eionet.europa.eu/vocabulary/aq/pollutant/6001,hour,6.3365497400,µg/m3,2018-07-04 22:00:00 +01:00,2018-07-04 23:00:00 +01:00,1,1
AT,AT.0008.20.AQ,NET.09,STA.09.AKC,,SPO.09.AKC.5066.6001.1,SPP.09.AKC.5066.6001.1.11325,SAM.09.AKC.5066.6001.1,PM2.5,http://dd.eionet.europa.eu/vocabulary/aq/pollutant/6001,hour,7.8906001900,µg/m3,2018-07-05 00:00:00 +01:00,2018-07-05 01:00:00 +01:00,1,1
AT,AT.0008.20.AQ,NET.09,STA.09.AKC,,SPO.09.AKC.5066.6001.1,SPP.09.AKC.5066.6001.1.11325,SAM.09.AKC.5066.6001.1,PM2.5,http://dd.eionet.europa.eu/vocabulary/aq/pollutant/6001,hour,7.8815994100,µg/m3,2018-07-05 02:00:00 +01:00,2018-07-05 03:00:00 +01:00,1,1
AT,AT.0008.20.AQ,NET.09,STA.09.AKC,,SPO.09.AKC.5066.6001.1,SPP.09.AKC.5066.6001.1.11325,SAM.09.AKC.5066.6001.1,PM2.5,http://dd.eionet.europa.eu/vocabulary/aq/pollutant/6001,hour,7.7751998800,µg/m3,2018-07-05 03:00:00 +01:00,2018-07-05 04:00:00 +01:00,1,1
AT,AT.0008.20.AQ,NET.09,STA.09.AKC,,SPO.09.AKC.5066.6001.1,SPP.09.AKC.5066.6001.1.11325,SAM.09.AKC.5066.6001.1,PM2.5,http://dd.eionet.europa.eu/vocabulary/aq/pollutant/6001,hour,6.8654498900,µg/m3,2018-07-05 04:00:00 +01:00,2018-07-05 05:00:00 +01:00,1,1
AT,AT.0008.20.AQ,NET.09,STA.09.AKC,,SPO.09.AKC.5066.6001.1,SPP.09.AKC.5066.6001.1.11325,SAM.09.AKC.5066.6001.1,PM2.5,http://dd.eionet.europa.eu/vocabulary/aq/pollutant/6001,hour,6.7198500500,µg/m3,2018-07-05 06:00:00 +01:00,2018-07-05 07:00:00 +01:00,1,1
AT,AT.0008.20.AQ,NET.09,STA.09.AKC,,SPO.09.AKC.5066.6001.1,SPP.09.AKC.5066.6001.1.11325,SAM.09.AKC.5066.6001.1,PM2.5,http://dd.eionet.europa.eu/vocabulary/aq/pollutant/6001,hour,6.1961498100,µg/m3,2018-07-05 08:00:00 +01:00,2018-07-05 09:00:00 +01:00,1,1
AT,AT.0008.20.AQ,NET.09,STA.09.AKC,,SPO.09.AKC.5066.6001.1,SPP.09.AKC.5066.6001.1.11325,SAM.09.AKC.5066.6001.1,PM2.5,http://dd.eionet.europa.eu/vocabulary/aq/pollutant/6001,hour,6.6843995900,µg/m3,2018-07-05 10:00:00 +01:00,2018-07-05 11:00:00 +01:00,1,1
AT,AT.0008.20.AQ,NET.09,STA.09.AKC,,SPO.09.AKC.5066.6001.1,SPP.09.AKC.5066.6001.1.11325,SAM.09.AKC.5066.6001.1,PM2.5,http://dd.eionet.europa.eu/vocabulary/aq/pollutant/6001,hour,5.6489496100,µg/m3,2018-07-05 11:00:00 +01:00,2018-07-05 12:00:00 +01:00,1,1
AT,AT.0008.20.AQ,NET.09,STA.09.AKC,,SPO.09.AKC.5066.6001.1,SPP.09.AKC.5066.6001.1.11325,SAM.09.AKC.5066.6001.1,PM2.5,http://dd.eionet.europa.eu/vocabulary/aq/pollutant/6001,hour,6.7630996600,µg/m3,2018-07-05 13:00:00 +01:00,2018-07-05 14:00:00 +01:00,1,1
AT,AT.0008.20.AQ,NET.09,STA.09.AKC,,SPO.09.AKC.5066.6001.1,SPP.09.AKC.5066.6001.1.11325,SAM.09.AKC.5066.6001.1,PM2.5,http://dd.eionet.europa.eu/vocabulary/aq/pollutant/6001,hour,6.6433000400,µg/m3,2018-07-05 16:00:00 +01:00,2018-07-05 17:00:00 +01:00,1,1
AT,AT.0008.20.AQ,NET.09,STA.09.AKC,,SPO.09.AKC.5066.6001.1,SPP.09.AKC.5066.6001.1.11325,SAM.09.AKC.5066.6001.1,PM2.5,http://dd.eionet.europa.eu/vocabulary/aq/pollutant/6001,hour,8.4269504400,µg/m3,2018-07-05 19:00:00 +01:00,2018-07-05 20:00:00 +01:00,1,1
AT,AT.0008.20.AQ,NET.09,STA.09.AKC,,SPO.09.AKC.5066.6001.1,SPP.09.AKC.5066.6001.1.11325,SAM.09.AKC.5066.6001.1,PM2.5,http://dd.eionet.europa.eu/vocabulary/aq/pollutant/6001,hour,6.9456500900,µg/m3,2018-07-05 20:00:00 +01:00,2018-07-05 21:00:00 +01:00,1,1
AT,AT.0008.20.AQ,NET.09,STA.09.AKC,,SPO.09.AKC.5066.6001.1,SPP.09.AKC.5066.6001.1.11325,SAM.09.AKC.5066.6001.1,PM2.5,http://dd.eionet.europa.eu/vocabulary/aq/pollutant/6001,hour,7.4792499400,µg/m3,2018-07-05 22:00:00 +01:00,2018-07-05 23:00:00 +01:00,1,1
AT,AT.0008.20.AQ,NET.09,STA.09.AKC,,SPO.09.AKC.5066.6001.1,SPP.09.AKC.5066.6001.1.11325,SAM.09.AKC.5066.6001.1,PM2.5,http://dd.eionet.europa.eu/vocabulary/aq/pollutant/6001,hour,5.3249997900,µg/m3,2018-07-06 03:00:00 +01:00,2018-07-06 04:00:00 +01:00,1,1
AT,AT.0008.20.AQ,NET.09,STA.09.AKC,,SPO.09.AKC.5066.6001.1,SPP.09.AKC.5066.6001.1.11325,SAM.09.AKC.5066.6001.1,PM2.5,http://dd.eionet.europa.eu/vocabulary/aq/pollutant/6001,hour,5.2238998300,µg/m3,2018-07-06 05:00:00 +01:00,2018-07-06 06:00:00 +01:00,1,1
AT,AT.0008.20.AQ,NET.09,STA.09.AKC,,SPO.09.AKC.5066.6001.1,SPP.09.AKC.5066.6001.1.11325,SAM.09.AKC.5066.6001.1,PM2.5,http://dd.eionet.europa.eu/vocabulary/aq/pollutant/6001,hour,5.4938497400,µg/m3,2018-07-06 07:00:00 +01:00,2018-07-06 08:00:00 +01:00,1,1
AT,AT.0008.20.AQ,NET.09,STA.09.AKC,,SPO.09.AKC.5066.6001.1,SPP.09.AKC.5066.6001.1.11325,SAM.09.AKC.5066.6001.1,PM2.5,http://dd.eionet.europa.eu/vocabulary/aq/pollutant/6001,hour,7.1133003100,µg/m3,2018-07-06 10:00:00 +01:00,2018-07-06 11:00:00 +01:00,1,1
AT,AT.0008.20.AQ,NET.09,STA.09.AKC,,SPO.09.AKC.5066.6001.1,SPP.09.AKC.5066.6001.1.11325,SAM.09.AKC.5066.6001.1,PM2.5,http://dd.eionet.europa.eu/vocabulary/aq/pollutant/6001,hour,8.9843501900,µg/m3,2018-07-06 13:00:00 +01:00,2018-07-06 14:00:00 +01:00,1,1
AT,AT.0008.20.AQ,NET.09,STA.09.AKC,,SPO.09.AKC.5066.6001.1,SPP.09.AKC.5066.6001.1.11325,SAM.09.AKC.5066.6001.1,PM2.5,http://dd.eionet.europa.eu/vocabulary/aq/pollutant/6001,hour,6.8404502700,µg/m3,2018-07-06 15:00:00 +01:00,2018-07-06 16:00:00 +01:00,1,1
AT,AT.0008.20.AQ,NET.09,STA.09.AKC,,SPO.09.AKC.5066.6001.1,SPP.09.AKC.5066.6001.1.11325,SAM.09.AKC.5066.6001.1,PM2.5,http://dd.eionet.europa.eu/vocabulary/aq/pollutant/6001,hour,6.8786001100,µg/m3,2018-07-06 16:00:00 +01:00,2018-07-06 17:00:00 +01:00,1,1
AT,AT.0008.20.AQ,NET.09,STA.09.AKC,,SPO.09.AKC.5066.6001.1,SPP.09.AKC.5066.6001.1.11325,SAM.09.AKC.5066.6001.1,PM2.5,http://dd.eionet.europa.eu/vocabulary/aq/pollutant/6001,hour,7.0567998700,µg/m3,2018-07-06 19:00:00 +01:00,2018-07-06 20:00:00 +01:00,1,1
AT,AT.0008.20.AQ,NET.09,STA.09.AKC,,SPO.09.AKC.5066.6001.1,SPP.09.AKC.5066.6001.1.11325,SAM.09.AKC.5066.6001.1,PM2.5,http://dd.eionet.europa.eu/vocabulary/aq/pollutant/6001,hour,8.0578002800,µg/m3,2018-07-06 22:00:00 +01:00,2018-07-06 23:00:00 +01:00,1,1
AT,AT.0008.20.AQ,NET.09,STA.09.AKC,,SPO.09.AKC.5066.6001.1,SPP.09.AKC.5066.6001.1.11325,SAM.09.AKC.5066.6001.1,PM2.5,http://dd.eionet.europa.eu/vocabulary/aq/pollutant/6001,hour,8.7223501100,µg/m3,2018-07-07 00:00:00 +01:00,2018-07-07 01:00:00 +01:00,1,1
AT,AT.0008.20.AQ,NET.09,STA.09.AKC,,SPO.09.AKC.5066.6001.1,SPP.09.AKC.5066.6001.1.11325,SAM.09.AKC.5066.6001.1,PM2.5,http://dd.eionet.europa.eu/vocabulary/aq/pollutant/6001,hour,8.9020995900,µg/m3,2018-07-07 02:00:00 +01:00,2018-07-07 03:00:00 +01:00,1,1
AT,AT.0008.20.AQ,NET.09,STA.09.AKC,,SPO.09.AKC.5066.6001.1,SPP.09.AKC.5066.6001.1.11325,SAM.09.AKC.5066.6001.1,PM2.5,http://dd.eionet.europa.eu/vocabulary/aq/pollutant/6001,hour,8.6096496400,µg/m3,2018-07-07 03:00:00 +01:00,2018-07-07 04:00:00 +01:00,1,1
AT,AT.0008.20.AQ,NET.09,STA.09.AKC,,SPO.09.AKC.5066.6001.1,SPP.09.AKC.5066.6001.1.11325,SAM.09.AKC.5066.6001.1,PM2.5,http://dd.eionet.europa.eu/vocabulary/aq/pollutant/6001,hour,9.0886497300,µg/m3,2018-07-07 06:00:00 +01:00,2018-07-07 07:00:00 +01:00,1,1
AT,AT.0008.20.AQ,NET.09,STA.09.AKC,,SPO.09.AKC.5066.6001.1,SPP.09.AKC.5066.6001.1.11325,SAM.09.AKC.5066.6001.1,PM2.5,http://dd.eionet.europa.eu/vocabulary/aq/pollutant/6001,hour,6.4937500800,µg/m3,2018-07-07 09:00:00 +01:00,2018-07-07 10:00:00 +01:00,1,1
AT,AT.0008.20.AQ,NET.09,STA.09.AKC,,SPO.09.AKC.5066.6001.1,SPP.09.AKC.5066.6001.1.11325,SAM.09.AKC.5066.6001.1,PM2.5,http://dd.eionet.europa.eu/vocabulary/aq/pollutant/6001,hour,5.5680503700,µg/m3,2018-07-07 10:00:00 +01:00,2018-07-07 11:00:00 +01:00,1,1
AT,AT.0008.20.AQ,NET.09,STA.09.AKC,,SPO.09.AKC.5066.6001.1,SPP.09.AKC.5066.6001.1.11325,SAM.09.AKC.5066.6001.1,PM2.5,http://dd.eionet.europa.eu/vocabulary/aq/pollutant/6001,hour,5.2427997400,µg/m3,2018-07-07 13:00:00 +01:00,2018-07-07 14:00:00 +01:00,1,1
AT,AT.0008.20.AQ,NET.09,STA.09.AKC,,SPO.09.AKC.5066.6001.1,SPP.09.AKC.5066.6001.1.11325,SAM.09.AKC.5066.6001.1,PM2.5,http://dd.eionet.europa.eu/vocabulary/aq/pollutant/6001,hour,5.1132001700,µg/m3,2018-07-07 14:00:00 +01:00,2018-07-07 15:00:00 +01:00,1,1
AT,AT.0008.20.AQ,NET.09,STA.09.AKC,,SPO.09.AKC.5066.6001.1,SPP.09.AKC.5066.6001.1.11325,SAM.09.AKC.5066.6001.1,PM2.5,http://dd.eionet.europa.eu/vocabulary/aq/pollutant/6001,hour,3.9864997700,µg/m3,2018-07-07 19:00:00 +01:00,2018-07-07 20:00:00 +01:00,1,1
AT,AT.0008.20.AQ,NET.09,STA.09.AKC,,SPO.09.AKC.5066.6001.1,SPP.09.AKC.5066.6001.1.11325,SAM.09.AKC.5066.6001.1,PM2.5,http://dd.eionet.europa.eu/vocabulary/aq/pollutant/6001,hour,3.3982500900,µg/m3,2018-07-07 21:00:00 +01:00,2018-07-07 22:00:00 +01:00,1,1
AT,AT.0008.20.AQ,NET.09,STA.09.AKC,,SPO.09.AKC.5066.6001.1,SPP.09.AKC.5066.6001.1.11325,SAM.09.AKC.5066.6001.1,PM2.5,http://dd.eionet.europa.eu/vocabulary/aq/pollutant/6001,hour,3.3366498800,µg/m3,2018-07-07 22:00:00 +01:00,2018-07-07 23:00:00 +01:00,1,1
AT,AT.0008.20.AQ,NET.09,STA.09.AKC,,SPO.09.AKC.5066.6001.1,SPP.09.AKC.5066.6001.1.11325,SAM.09.AKC.5066.6001.1,PM2.5,http://dd.eionet.europa.eu/vocabulary/aq/pollutant/6001,hour,3.2664499100,µg/m3,2018-07-08 00:00:00 +01:00,2018-07-08 01:00:00 +01:00,1,1
AT,AT.0008.20.AQ,NET.09,STA.09.AKC,,SPO.09.AKC.5066.6001.1,SPP.09.AKC.5066.6001.1.11325,SAM.09.AKC.5066.6001.1,PM2.5,http://dd.eionet.europa.eu/vocabulary/aq/pollutant/6001,hour,3.4111499600,µg/m3,2018-07-08 01:00:00 +01:00,2018-07-08 02:00:00 +01:00,1,1
AT,AT.0008.20.AQ,NET.09,STA.09.AKC,,SPO.09.AKC.5066.6001.1,SPP.09.AKC.5066.6001.1.11325,SAM.09.AKC.5066.6001.1,PM2.5,http://dd.eionet.europa.eu/vocabulary/aq/pollutant/6001,hour,3.5831000700,µg/m3,2018-07-08 02:00:00 +01:00,2018-07-08 03:00:00 +01:00,1,1
AT,AT.0008.20.AQ,NET.09,STA.09.AKC,,SPO.09.AKC.5066.6001.1,SPP.09.AKC.5066.6001.1.11325,SAM.09.AKC.5066.6001.1,PM2.5,http://dd.eionet.europa.eu/vocabulary/aq/pollutant/6001,hour,3.8169999000,µg/m3,2018-07-08 03:00:00 +01:00,2018-07-08 04:00:00 +01:00,1,1
AT,AT.0008.20.AQ,NET.09,STA.09.AKC,,SPO.09.AKC.5066.6001.1,SPP.09.AKC.5066.6001.1.11325,SAM.09.AKC.5066.6001.1,PM2.5,http://dd.eionet.europa.eu/vocabulary/aq/pollutant/6001,hour,6.4782500100,µg/m3,2018-07-08 10:00:00 +01:00,2018-07-08 11:00:00 +01:00,1,1
AT,AT.0008.20.AQ,NET.09,STA.09.AKC,,SPO.09.AKC.5066.6001.1,SPP.09.AKC.5066.6001.1.11325,SAM.09.AKC.5066.6001.1,PM2.5,http://dd.eionet.europa.eu/vocabulary/aq/pollutant/6001,hour,5.1201000100,µg/m3,2018-07-08 14:00:00 +01:00,2018-07-08 15:00:00 +01:00,1,1
AT,AT.0008.20.AQ,NET.09,STA.09.AKC,,SPO.09.AKC.5066.6001.1,SPP.09.AKC.5066.6001.1.11325,SAM.09.AKC.5066.6001.1,PM2.5,http://dd.eionet.europa.eu/vocabulary/aq/pollutant/6001,hour,5.6175002900,µg/m3,2018-07-08 17:00:00 +01:00,2018-07-08 18:00:00 +01:00,1,1
AT,AT.0008.20.AQ,NET.09,STA.09.AKC,,SPO.09.AKC.5066.6001.1,SPP.09.AKC.5066.6001.1.11325,SAM.09.AKC.5066.6001.1,PM2.5,http://dd.eionet.europa.eu/vocabulary/aq/pollutant/6001,hour,6.0066499600,µg/m3,2018-07-08 18:00:00 +01:00,2018-07-08 19:00:00 +01:00,1,1
AT,AT.0008.20.AQ,NET.09,STA.09.AKC,,SPO.09.AKC.5066.6001.1,SPP.09.AKC.5066.6001.1.11325,SAM.09.AKC.5066.6001.1,PM2.5,http://dd.eionet.europa.eu/vocabulary/aq/pollutant/6001,hour,6.4042000600,µg/m3,2018-07-08 19:00:00 +01:00,2018-07-08 20:00:00 +01:00,1,1
AT,AT.0008.20.AQ,NET.09,STA.09.AKC,,SPO.09.AKC.5066.6001.1,SPP.09.AKC.5066.6001.1.11325,SAM.09.AKC.5066.6001.1,PM2.5,http://dd.eionet.europa.eu/vocabulary/aq/pollutant/6001,hour,6.7027501900,µg/m3,2018-07-08 21:00:00 +01:00,2018-07-08 22:00:00 +01:00,1,1
AT,AT.0008.20.AQ,NET.09,STA.09.AKC,,SPO.09.AKC.5066.6001.1,SPP.09.AKC.5066.6001.1.11325,SAM.09.AKC.5066.6001.1,PM2.5,http://dd.eionet.europa.eu/vocabulary/aq/pollutant/6001,hour,6.6663999400,µg/m3,2018-07-08 22:00:00 +01:00,2018-07-08 23:00:00 +01:00,1,1
AT,AT.0008.20.AQ,NET.09,STA.09.AKC,,SPO.09.AKC.5066.6001.1,SPP.09.AKC.5066.6001.1.11325,SAM.09.AKC.5066.6001.1,PM2.5,http://dd.eionet.europa.eu/vocabulary/aq/pollutant/6001,hour,6.4335002700,µg/m3,2018-07-08 23:00:00 +01:00,2018-07-09 00:00:00 +01:00,1,1
AT,AT.0008.20.AQ,NET.09,STA.09.AKC,,SPO.09.AKC.5066.6001.1,SPP.09.AKC.5066.6001.1.11325,SAM.09.AKC.5066.6001.1,PM2.5,http://dd.eionet.europa.eu/vocabulary/aq/pollutant/6001,hour,6.5731000800,µg/m3,2018-07-09 00:00:00 +01:00,2018-07-09 01:00:00 +01:00,1,1
AT,AT.0008.20.AQ,NET.09,STA.09.AKC,,SPO.09.AKC.5066.6001.1,SPP.09.AKC.5066.6001.1.11325,SAM.09.AKC.5066.6001.1,PM2.5,http://dd.eionet.europa.eu/vocabulary/aq/pollutant/6001,hour,6.5247497400,µg/m3,2018-07-09 01:00:00 +01:00,2018-07-09 02:00:00 +01:00,1,1
AT,AT.0008.20.AQ,NET.09,STA.09.AKC,,SPO.09.AKC.5066.6001.1,SPP.09.AKC.5066.6001.1.11325,SAM.09.AKC.5066.6001.1,PM2.5,http://dd.eionet.europa.eu/vocabulary/aq/pollutant/6001,hour,7.5099501500,µg/m3,2018-07-09 04:00:00 +01:00,2018-07-09 05:00:00 +01:00,1,1
AT,AT.0008.20.AQ,NET.09,STA.09.AKC,,SPO.09.AKC.5066.6001.1,SPP.09.AKC.5066.6001.1.11325,SAM.09.AKC.5066.6001.1,PM2.5,http://dd.eionet.europa.eu/vocabulary/aq/pollutant/6001,hour,7.8668994800,µg/m3,2018-07-09 10:00:00 +01:00,2018-07-09 11:00:00 +01:00,1,1
AT,AT.0008.20.AQ,NET.09,STA.09.AKC,,SPO.09.AKC.5066.6001.1,SPP.09.AKC.5066.6001.1.11325,SAM.09.AKC.5066.6001.1,PM2.5,http://dd.eionet.europa.eu/vocabulary/aq/pollutant/6001,hour,7.7736501500,µg/m3,2018-07-09 11:00:00 +01:00,2018-07-09 12:00:00 +01:00,1,1
AT,AT.0008.20.AQ,NET.09,STA.09.AKC,,SPO.09.AKC.5066.6001.1,SPP.09.AKC.5066.6001.1.11325,SAM.09.AKC.5066.6001.1,PM2.5,http://dd.eionet.europa.eu/vocabulary/aq/pollutant/6001,hour,8.0363502400,µg/m3,2018-07-09 13:00:00 +01:00,2018-07-09 14:00:00 +01:00,1,1
AT,AT.0008.20.AQ,NET.09,STA.09.AKC,,SPO.09.AKC.5066.6001.1,SPP.09.AKC.5066.6001.1.11325,SAM.09.AKC.5066.6001.1,PM2.5,http://dd.eionet.europa.eu/vocabulary/aq/pollutant/6001,hour,7.7961501900,µg/m3,2018-07-09 14:00:00 +01:00,2018-07-09 15:00:00 +01:00,1,1
AT,AT.0008.20.AQ,NET.09,STA.09.AKC,,SPO.09.AKC.5066.6001.1,SPP.09.AKC.5066.6001.1.11325,SAM.09.AKC.5066.6001.1,PM2.5,http://dd.eionet.europa.eu/vocabulary/aq/pollutant/6001,hour,7.3754501200,µg/m3,2018-07-09 16:00:00 +01:00,2018-07-09 17:00:00 +01:00,1,1
AT,AT.0008.20.AQ,NET.09,STA.09.AKC,,SPO.09.AKC.5066.6001.1,SPP.09.AKC.5066.6001.1.11325,SAM.09.AKC.5066.6001.1,PM2.5,http://dd.eionet.europa.eu/vocabulary/aq/pollutant/6001,hour,7.4378995700,µg/m3,2018-07-09 17:00:00 +01:00,2018-07-09 18:00:00 +01:00,1,1
AT,AT.0008.20.AQ,NET.09,STA.09.AKC,,SPO.09.AKC.5066.6001.1,SPP.09.AKC.5066.6001.1.11325,SAM.09.AKC.5066.6001.1,PM2.5,http://dd.eionet.europa.eu/vocabulary/aq/pollutant/6001,hour,7.1380996600,µg/m3,2018-07-09 18:00:00 +01:00,2018-07-09 19:00:00 +01:00,1,1
AT,AT.0008.20.AQ,NET.09,STA.09.AKC,,SPO.09.AKC.5066.6001.1,SPP.09.AKC.5066.6001.1.11325,SAM.09.AKC.5066.6001.1,PM2.5,http://dd.eionet.europa.eu/vocabulary/aq/pollutant/6001,hour,7.9505996600,µg/m3,2018-07-09 21:00:00 +01:00,2018-07-09 22:00:00 +01:00,1,1
AT,AT.0008.20.AQ,NET.09,STA.09.AKC,,SPO.09.AKC.5066.6001.1,SPP.09.AKC.5066.6001.1.11325,SAM.09.AKC.5066.6001.1,PM2.5,http://dd.eionet.europa.eu/vocabulary/aq/pollutant/6001,hour,8.9456996800,µg/m3,2018-07-10 07:00:00 +01:00,2018-07-10 08:00:00 +01:00,1,1
AT,AT.0008.20.AQ,NET.09,STA.09.AKC,,SPO.09.AKC.5066.6001.1,SPP.09.AKC.5066.6001.1.11325,SAM.09.AKC.5066.6001.1,PM2.5,http://dd.eionet.europa.eu/vocabulary/aq/pollutant/6001,hour,9.1382503400,µg/m3,2018-07-10 09:00:00 +01:00,2018-07-10 10:00:00 +01:00,1,1
AT,AT.0008.20.AQ,NET.09,STA.09.AKC,,SPO.09.AKC.5066.6001.1,SPP.09.AKC.5066.6001.1.11325,SAM.09.AKC.5066.6001.1,PM2.5,http://dd.eionet.europa.eu/vocabulary/aq/pollutant/6001,hour,9.8479499700,µg/m3,2018-07-10 10:00:00 +01:00,2018-07-10 11:00:00 +01:00,1,1
AT,AT.0008.20.AQ,NET.09,STA.09.AKC,,SPO.09.AKC.5066.6001.1,SPP.09.AKC.5066.6001.1.11325,SAM.09.AKC.5066.6001.1,PM2.5,http://dd.eionet.europa.eu/vocabulary/aq/pollutant/6001,hour,11.3689994700,µg/m3,2018-07-10 13:00:00 +01:00,2018-07-10 14:00:00 +01:00,1,1
AT,AT.0008.20.AQ,NET.09,STA.09.AKC,,SPO.09.AKC.5066.6001.1,SPP.09.AKC.5066.6001.1.11325,SAM.09.AKC.5066.6001.1,PM2.5,http://dd.eionet.europa.eu/vocabulary/aq/pollutant/6001,hour,6.4766502200,µg/m3,2018-07-10 15:00:00 +01:00,2018-07-10 16:00:00 +01:00,1,1
AT,AT.0008.20.AQ,NET.09,STA.09.AKC,,SPO.09.AKC.5066.6001.1,SPP.09.AKC.5066.6001.1.11325,SAM.09.AKC.5066.6001.1,PM2.5,http://dd.eionet.europa.eu/vocabulary/aq/pollutant/6001,hour,10.5194997600,µg/m3,2018-07-11 00:00:00 +01:00,2018-07-11 01:00:00 +01:00,1,1
AT,AT.0008.20.AQ,NET.09,STA.09.AKC,,SPO.09.AKC.5066.6001.1,SPP.09.AKC.5066.6001.1.11325,SAM.09.AKC.5066.6001.1,PM2.5,http://dd.eionet.europa.eu/vocabulary/aq/pollutant/6001,hour,9.5293502700,µg/m3,2018-07-11 02:00:00 +01:00,2018-07-11 03:00:00 +01:00,1,1
AT,AT.0008.20.AQ,NET.09,STA.09.AKC,,SPO.09.AKC.5066.6001.1,SPP.09.AKC.5066.6001.1.11325,SAM.09.AKC.5066.6001.1,PM2.5,http://dd.eionet.europa.eu/vocabulary/aq/pollutant/6001,hour,6.6650500100,µg/m3,2018-07-11 16:00:00 +01:00,2018-07-11 17:00:00 +01:00,1,1
AT,AT.0008.20.AQ,NET.09,STA.09.AKC,,SPO.09.AKC.5066.6001.1,SPP.09.AKC.5066.6001.1.11325,SAM.09.AKC.5066.6001.1,PM2.5,http://dd.eionet.europa.eu/vocabulary/aq/pollutant/6001,hour,6.3770999800,µg/m3,2018-07-11 17:00:00 +01:00,2018-07-11 18:00:00 +01:00,1,1
AT,AT.0008.20.AQ,NET.09,STA.09.AKC,,SPO.09.AKC.5066.6001.1,SPP.09.AKC.5066.6001.1.11325,SAM.09.AKC.5066.6001.1,PM2.5,http://dd.eionet.europa.eu/vocabulary/aq/pollutant/6001,hour,5.3025998900,µg/m3,2018-07-11 19:00:00 +01:00,2018-07-11 20:00:00 +01:00,1,1
AT,AT.0008.20.AQ,NET.09,STA.09.AKC,,SPO.09.AKC.5066.6001.1,SPP.09.AKC.5066.6001.1.11325,SAM.09.AKC.5066.6001.1,PM2.5,http://dd.eionet.europa.eu/vocabulary/aq/pollutant/6001,hour,6.5058498200,µg/m3,2018-07-11 21:00:00 +01:00,2018-07-11 22:00:00 +01:00,1,1
AT,AT.0008.20.AQ,NET.09,STA.09.AKC,,SPO.09.AKC.5066.6001.1,SPP.09.AKC.5066.6001.1.11325,SAM.09.AKC.5066.6001.1,PM2.5,http://dd.eionet.europa.eu/vocabulary/aq/pollutant/6001,hour,5.5234002900,µg/m3,2018-07-11 23:00:00 +01:00,2018-07-12 00:00:00 +01:00,1,1
AT,AT.0008.20.AQ,NET.09,STA.09.AKC,,SPO.09.AKC.5066.6001.1,SPP.09.AKC.5066.6001.1.11325,SAM.09.AKC.5066.6001.1,PM2.5,http://dd.eionet.europa.eu/vocabulary/aq/pollutant/6001,hour,5.7156495900,µg/m3,2018-07-12 01:00:00 +01:00,2018-07-12 02:00:00 +01:00,1,1
AT,AT.0008.20.AQ,NET.09,STA.09.AKC,,SPO.09.AKC.5066.6001.1,SPP.09.AKC.5066.6001.1.11325,SAM.09.AKC.5066.6001.1,PM2.5,http://dd.eionet.europa.eu/vocabulary/aq/pollutant/6001,hour,6.4917001600,µg/m3,2018-07-12 02:00:00 +01:00,2018-07-12 03:00:00 +01:00,1,1
AT,AT.0008.20.AQ,NET.09,STA.09.AKC,,SPO.09.AKC.5066.6001.1,SPP.09.AKC.5066.6001.1.11325,SAM.09.AKC.5066.6001.1,PM2.5,http://dd.eionet.europa.eu/vocabulary/aq/pollutant/6001,hour,8.9402007900,µg/m3,2018-07-12 06:00:00 +01:00,2018-07-12 07:00:00 +01:00,1,1
AT,AT.0008.20.AQ,NET.09,STA.09.AKC,,SPO.09.AKC.5066.6001.1,SPP.09.AKC.5066.6001.1.11325,SAM.09.AKC.5066.6001.1,PM2.5,http://dd.eionet.europa.eu/vocabulary/aq/pollutant/6001,hour,7.7947001300,µg/m3,2018-07-12 08:00:00 +01:00,2018-07-12 09:00:00 +01:00,1,1
AT,AT.0008.20.AQ,NET.09,STA.09.AKC,,SPO.09.AKC.5066.6001.1,SPP.09.AKC.5066.6001.1.11325,SAM.09.AKC.5066.6001.1,PM2.5,http://dd.eionet.europa.eu/vocabulary/aq/pollutant/6001,hour,8.6651000800,µg/m3,2018-07-12 09:00:00 +01:00,2018-07-12 10:00:00 +01:00,1,1
AT,AT.0008.20.AQ,NET.09,STA.09.AKC,,SPO.09.AKC.5066.6001.1,SPP.09.AKC.5066.6001.1.11325,SAM.09.AKC.5066.6001.1,PM2.5,http://dd.eionet.europa.eu/vocabulary/aq/pollutant/6001,hour,5.1249499200,µg/m3,2018-07-12 15:00:00 +01:00,2018-07-12 16:00:00 +01:00,1,1
AT,AT.0008.20.AQ,NET.09,STA.09.AKC,,SPO.09.AKC.5066.6001.1,SPP.09.AKC.5066.6001.1.11325,SAM.09.AKC.5066.6001.1,PM2.5,http://dd.eionet.europa.eu/vocabulary/aq/pollutant/6001,hour,4.9209499200,µg/m3,2018-07-12 16:00:00 +01:00,2018-07-12 17:00:00 +01:00,1,1
AT,AT.0008.20.AQ,NET.09,STA.09.AKC,,SPO.09.AKC.5066.6001.1,SPP.09.AKC.5066.6001.1.11325,SAM.09.AKC.5066.6001.1,PM2.5,http://dd.eionet.europa.eu/vocabulary/aq/pollutant/6001,hour,4.5519499600,µg/m3,2018-07-12 17:00:00 +01:00,2018-07-12 18:00:00 +01:00,1,1
AT,AT.0008.20.AQ,NET.09,STA.09.AKC,,SPO.09.AKC.5066.6001.1,SPP.09.AKC.5066.6001.1.11325,SAM.09.AKC.5066.6001.1,PM2.5,http://dd.eionet.europa.eu/vocabulary/aq/pollutant/6001,hour,6.0042500300,µg/m3,2018-07-12 22:00:00 +01:00,2018-07-12 23:00:00 +01:00,1,1
AT,AT.0008.20.AQ,NET.09,STA.09.AKC,,SPO.09.AKC.5066.6001.1,SPP.09.AKC.5066.6001.1.11325,SAM.09.AKC.5066.6001.1,PM2.5,http://dd.eionet.europa.eu/vocabulary/aq/pollutant/6001,hour,5.9267997600,µg/m3,2018-07-12 23:00:00 +01:00,2018-07-13 00:00:00 +01:00,1,1
AT,AT.0008.20.AQ,NET.09,STA.09.AKC,,SPO.09.AKC.5066.6001.1,SPP.09.AKC.5066.6001.1.11325,SAM.09.AKC.5066.6001.1,PM2.5,http://dd.eionet.europa.eu/vocabulary/aq/pollutant/6001,hour,6.1456999600,µg/m3,2018-07-13 02:00:00 +01:00,2018-07-13 03:00:00 +01:00,1,1
AT,AT.0008.20.AQ,NET.09,STA.09.AKC,,SPO.09.AKC.5066.6001.1,SPP.09.AKC.5066.6001.1.11325,SAM.09.AKC.5066.6001.1,PM2.5,http://dd.eionet.europa.eu/vocabulary/aq/pollutant/6001,hour,6.0092501500,µg/m3,2018-07-13 09:00:00 +01:00,2018-07-13 10:00:00 +01:00,1,1
AT,AT.0008.20.AQ,NET.09,STA.09.AKC,,SPO.09.AKC.5066.6001.1,SPP.09.AKC.5066.6001.1.11325,SAM.09.AKC.5066.6001.1,PM2.5,http://dd.eionet.europa.eu/vocabulary/aq/pollutant/6001,hour,5.9660997200,µg/m3,2018-07-13 10:00:00 +01:00,2018-07-13 11:00:00 +01:00,1,1
AT,AT.0008.20.AQ,NET.09,STA.09.AKC,,SPO.09.AKC.5066.6001.1,SPP.09.AKC.5066.6001.1.11325,SAM.09.AKC.5066.6001.1,PM2.5,http://dd.eionet.europa.eu/vocabulary/aq/pollutant/6001,hour,5.8605003200,µg/m3,2018-07-13 14:00:00 +01:00,2018-07-13 15:00:00 +01:00,1,1
AT,AT.0008.20.AQ,NET.09,STA.09.AKC,,SPO.09.AKC.5066.6001.1,SPP.09.AKC.5066.6001.1.11325,SAM.09.AKC.5066.6001.1,PM2.5,http://dd.eionet.europa.eu/vocabulary/aq/pollutant/6001,hour,6.7081003000,µg/m3,2018-07-13 15:00:00 +01:00,2018-07-13 16:00:00 +01:00,1,1
AT,AT.0008.20.AQ,NET.09,STA.09.AKC,,SPO.09.AKC.5066.6001.1,SPP.09.AKC.5066.6001.1.11325,SAM.09.AKC.5066.6001.1,PM2.5,http://dd.eionet.europa.eu/vocabulary/aq/pollutant/6001,hour,5.7539501000,µg/m3,2018-07-13 19:00:00 +01:00,2018-07-13 20:00:00 +01:00,1,1
AT,AT.0008.20.AQ,NET.09,STA.09.AKC,,SPO.09.AKC.5066.6001.1,SPP.09.AKC.5066.6001.1.11325,SAM.09.AKC.5066.6001.1,PM2.5,http://dd.eionet.europa.eu/vocabulary/aq/pollutant/6001,hour,6.1583499800,µg/m3,2018-07-13 22:00:00 +01:00,2018-07-13 23:00:00 +01:00,1,1
AT,AT.0008.20.AQ,NET.09,STA.09.AKC,,SPO.09.AKC.5066.6001.1,SPP.09.AKC.5066.6001.1.11325,SAM.09.AKC.5066.6001.1,PM2.5,http://dd.eionet.europa.eu/vocabulary/aq/pollutant/6001,hour,6.6219997300,µg/m3,2018-07-14 01:00:00 +01:00,2018-07-14 02:00:00 +01:00,1,1
AT,AT.0008.20.AQ,NET.09,STA.09.AKC,,SPO.09.AKC.5066.6001.1,SPP.09.AKC.5066.6001.1.11325,SAM.09.AKC.5066.6001.1,PM2.5,http://dd.eionet.europa.eu/vocabulary/aq/pollutant/6001,hour,7.9610996100,µg/m3,2018-07-14 05:00:00 +01:00,2018-07-14 06:00:00 +01:00,1,1
AT,AT.0008.20.AQ,NET.09,STA.09.AKC,,SPO.09.AKC.5066.6001.1,SPP.09.AKC.5066.6001.1.11325,SAM.09.AKC.5066.6001.1,PM2.5,http://dd.eionet.europa.eu/vocabulary/aq/pollutant/6001,hour,7.2132000800,µg/m3,2018-07-14 06:00:00 +01:00,2018-07-14 07:00:00 +01:00,1,1
AT,AT.0008.20.AQ,NET.09,STA.09.AKC,,SPO.09.AKC.5066.6001.1,SPP.09.AKC.5066.6001.1.11325,SAM.09.AKC.5066.6001.1,PM2.5,http://dd.eionet.europa.eu/vocabulary/aq/pollutant/6001,hour,7.0538501600,µg/m3,2018-07-14 08:00:00 +01:00,2018-07-14 09:00:00 +01:00,1,1
AT,AT.0008.20.AQ,NET.09,STA.09.AKC,,SPO.09.AKC.5066.6001.1,SPP.09.AKC.5066.6001.1.11325,SAM.09.AKC.5066.6001.1,PM2.5,http://dd.eionet.europa.eu/vocabulary/aq/pollutant/6001,hour,6.0829501000,µg/m3,2018-07-14 11:00:00 +01:00,2018-07-14 12:00:00 +01:00,1,1
AT,AT.0008.20.AQ,NET.09,STA.09.AKC,,SPO.09.AKC.5066.6001.1,SPP.09.AKC.5066.6001.1.11325,SAM.09.AKC.5066.6001.1,PM2.5,http://dd.eionet.europa.eu/vocabulary/aq/pollutant/6001,hour,5.2887000900,µg/m3,2018-07-14 12:00:00 +01:00,2018-07-14 13:00:00 +01:00,1,1
AT,AT.0008.20.AQ,NET.09,STA.09.AKC,,SPO.09.AKC.5066.6001.1,SPP.09.AKC.5066.6001.1.11325,SAM.09.AKC.5066.6001.1,PM2.5,http://dd.eionet.europa.eu/vocabulary/aq/pollutant/6001,hour,4.1458001000,µg/m3,2018-07-14 14:00:00 +01:00,2018-07-14 15:00:00 +01:00,1,1
AT,AT.0008.20.AQ,NET.09,STA.09.AKC,,SPO.09.AKC.5066.6001.1,SPP.09.AKC.5066.6001.1.11325,SAM.09.AKC.5066.6001.1,PM2.5,http://dd.eionet.europa.eu/vocabulary/aq/pollutant/6001,hour,5.0637502500,µg/m3,2018-07-14 17:00:00 +01:00,2018-07-14 18:00:00 +01:00,1,1
AT,AT.0008.20.AQ,NET.09,STA.09.AKC,,SPO.09.AKC.5066.6001.1,SPP.09.AKC.5066.6001.1.11325,SAM.09.AKC.5066.6001.1,PM2.5,http://dd.eionet.europa.eu/vocabulary/aq/pollutant/6001,hour,4.8613004500,µg/m3,2018-07-14 18:00:00 +01:00,2018-07-14 19:00:00 +01:00,1,1
AT,AT.0008.20.AQ,NET.09,STA.09.AKC,,SPO.09.AKC.5066.6001.1,SPP.09.AKC.5066.6001.1.11325,SAM.09.AKC.5066.6001.1,PM2.5,http://dd.eionet.europa.eu/vocabulary/aq/pollutant/6001,hour,6.8527498100,µg/m3,2018-07-14 21:00:00 +01:00,2018-07-14 22:00:00 +01:00,1,1
AT,AT.0008.20.AQ,NET.09,STA.09.AKC,,SPO.09.AKC.5066.6001.1,SPP.09.AKC.5066.6001.1.11325,SAM.09.AKC.5066.6001.1,PM2.5,http://dd.eionet.europa.eu/vocabulary/aq/pollutant/6001,hour,6.2147502700,µg/m3,2018-07-15 00:00:00 +01:00,2018-07-15 01:00:00 +01:00,1,1
AT,AT.0008.20.AQ,NET.09,STA.09.AKC,,SPO.09.AKC.5066.6001.1,SPP.09.AKC.5066.6001.1.11325,SAM.09.AKC.5066.6001.1,PM2.5,http://dd.eionet.europa.eu/vocabulary/aq/pollutant/6001,hour,7.7394504400,µg/m3,2018-07-15 02:00:00 +01:00,2018-07-15 03:00:00 +01:00,1,1
AT,AT.0008.20.AQ,NET.09,STA.09.AKC,,SPO.09.AKC.5066.6001.1,SPP.09.AKC.5066.6001.1.11325,SAM.09.AKC.5066.6001.1,PM2.5,http://dd.eionet.europa.eu/vocabulary/aq/pollutant/6001,hour,8.8975496100,µg/m3,2018-07-15 04:00:00 +01:00,2018-07-15 05:00:00 +01:00,1,1
AT,AT.0008.20.AQ,NET.09,STA.09.AKC,,SPO.09.AKC.5066.6001.1,SPP.09.AKC.5066.6001.1.11325,SAM.09.AKC.5066.6001.1,PM2.5,http://dd.eionet.europa.eu/vocabulary/aq/pollutant/6001,hour,8.1884002500,µg/m3,2018-07-15 06:00:00 +01:00,2018-07-15 07:00:00 +01:00,1,1
AT,AT.0008.20.AQ,NET.09,STA.09.AKC,,SPO.09.AKC.5066.6001.1,SPP.09.AKC.5066.6001.1.11325,SAM.09.AKC.5066.6001.1,PM2.5,http://dd.eionet.europa.eu/vocabulary/aq/pollutant/6001,hour,8.5475997800,µg/m3,2018-07-15 09:00:00 +01:00,2018-07-15 10:00:00 +01:00,1,1
AT,AT.0008.20.AQ,NET.09,STA.09.AKC,,SPO.09.AKC.5066.6001.1,SPP.09.AKC.5066.6001.1.11325,SAM.09.AKC.5066.6001.1,PM2.5,http://dd.eionet.europa.eu/vocabulary/aq/pollutant/6001,hour,5.4593000300,µg/m3,2018-07-15 13:00:00 +01:00,2018-07-15 14:00:00 +01:00,1,1
AT,AT.0008.20.AQ,NET.09,STA.09.AKC,,SPO.09.AKC.5066.6001.1,SPP.09.AKC.5066.6001.1.11325,SAM.09.AKC.5066.6001.1,PM2.5,http://dd.eionet.europa.eu/vocabulary/aq/pollutant/6001,hour,6.2369499100,µg/m3,2018-07-15 18:00:00 +01:00,2018-07-15 19:00:00 +01:00,1,1
AT,AT.0008.20.AQ,NET.09,STA.09.AKC,,SPO.09.AKC.5066.6001.1,SPP.09.AKC.5066.6001.1.11325,SAM.09.AKC.5066.6001.1,PM2.5,http://dd.eionet.europa.eu/vocabulary/aq/pollutant/6001,hour,6.5303001300,µg/m3,2018-07-15 19:00:00 +01:00,2018-07-15 20:00:00 +01:00,1,1
AT,AT.0008.20.AQ,NET.09,STA.09.AKC,,SPO.09.AKC.5066.6001.1,SPP.09.AKC.5066.6001.1.11325,SAM.09.AKC.5066.6001.1,PM2.5,http://dd.eionet.europa.eu/vocabulary/aq/pollutant/6001,hour,7.9668998600,µg/m3,2018-07-16 00:00:00 +01:00,2018-07-16 01:00:00 +01:00,1,1
AT,AT.0008.20.AQ,NET.09,STA.09.AKC,,SPO.09.AKC.5066.6001.1,SPP.09.AKC.5066.6001.1.11325,SAM.09.AKC.5066.6001.1,PM2.5,http://dd.eionet.europa.eu/vocabulary/aq/pollutant/6001,hour,7.0746002000,µg/m3,2018-07-16 02:00:00 +01:00,2018-07-16 03:00:00 +01:00,1,1
AT,AT.0008.20.AQ,NET.09,STA.09.AKC,,SPO.09.AKC.5066.6001.1,SPP.09.AKC.5066.6001.1.11325,SAM.09.AKC.5066.6001.1,PM2.5,http://dd.eionet.europa.eu/vocabulary/aq/pollutant/6001,hour,7.0186500400,µg/m3,2018-07-16 03:00:00 +01:00,2018-07-16 04:00:00 +01:00,1,1
AT,AT.0008.20.AQ,NET.09,STA.09.AKC,,SPO.09.AKC.5066.6001.1,SPP.09.AKC.5066.6001.1.11325,SAM.09.AKC.5066.6001.1,PM2.5,http://dd.eionet.europa.eu/vocabulary/aq/pollutant/6001,hour,8.3073005500,µg/m3,2018-07-16 09:00:00 +01:00,2018-07-16 10:00:00 +01:00,1,1
AT,AT.0008.20.AQ,NET.09,STA.09.AKC,,SPO.09.AKC.5066.6001.1,SPP.09.AKC.5066.6001.1.11325,SAM.09.AKC.5066.6001.1,PM2.5,http://dd.eionet.europa.eu/vocabulary/aq/pollutant/6001,hour,8.1493501500,µg/m3,2018-07-16 10:00:00 +01:00,2018-07-16 11:00:00 +01:00,1,1
AT,AT.0008.20.AQ,NET.09,STA.09.AKC,,SPO.09.AKC.5066.6001.1,SPP.09.AKC.5066.6001.1.11325,SAM.09.AKC.5066.6001.1,PM2.5,http://dd.eionet.europa.eu/vocabulary/aq/pollutant/6001,hour,8.4787998000,µg/m3,2018-07-16 11:00:00 +01:00,2018-07-16 12:00:00 +01:00,1,1
AT,AT.0008.20.AQ,NET.09,STA.09.AKC,,SPO.09.AKC.5066.6001.1,SPP.09.AKC.5066.6001.1.11325,SAM.09.AKC.5066.6001.1,PM2.5,http://dd.eionet.europa.eu/vocabulary/aq/pollutant/6001,hour,8.0408000800,µg/m3,2018-07-16 12:00:00 +01:00,2018-07-16 13:00:00 +01:00,1,1
AT,AT.0008.20.AQ,NET.09,STA.09.AKC,,SPO.09.AKC.5066.6001.1,SPP.09.AKC.5066.6001.1.11325,SAM.09.AKC.5066.6001.1,PM2.5,http://dd.eionet.europa.eu/vocabulary/aq/pollutant/6001,hour,7.9781999400,µg/m3,2018-07-16 13:00:00 +01:00,2018-07-16 14:00:00 +01:00,1,1
AT,AT.0008.20.AQ,NET.09,STA.09.AKC,,SPO.09.AKC.5066.6001.1,SPP.09.AKC.5066.6001.1.11325,SAM.09.AKC.5066.6001.1,PM2.5,http://dd.eionet.europa.eu/vocabulary/aq/pollutant/6001,hour,6.7874498200,µg/m3,2018-07-16 14:00:00 +01:00,2018-07-16 15:00:00 +01:00,1,1
AT,AT.0008.20.AQ,NET.09,STA.09.AKC,,SPO.09.AKC.5066.6001.1,SPP.09.AKC.5066.6001.1.11325,SAM.09.AKC.5066.6001.1,PM2.5,http://dd.eionet.europa.eu/vocabulary/aq/pollutant/6001,hour,6.6652498100,µg/m3,2018-07-16 15:00:00 +01:00,2018-07-16 16:00:00 +01:00,1,1
AT,AT.0008.20.AQ,NET.09,STA.09.AKC,,SPO.09.AKC.5066.6001.1,SPP.09.AKC.5066.6001.1.11325,SAM.09.AKC.5066.6001.1,PM2.5,http://dd.eionet.europa.eu/vocabulary/aq/pollutant/6001,hour,6.5108499400,µg/m3,2018-07-16 18:00:00 +01:00,2018-07-16 19:00:00 +01:00,1,1
AT,AT.0008.20.AQ,NET.09,STA.09.AKC,,SPO.09.AKC.5066.6001.1,SPP.09.AKC.5066.6001.1.11325,SAM.09.AKC.5066.6001.1,PM2.5,http://dd.eionet.europa.eu/vocabulary/aq/pollutant/6001,hour,6.4085998400,µg/m3,2018-07-16 22:00:00 +01:00,2018-07-16 23:00:00 +01:00,1,1
AT,AT.0008.20.AQ,NET.09,STA.09.AKC,,SPO.09.AKC.5066.6001.1,SPP.09.AKC.5066.6001.1.11325,SAM.09.AKC.5066.6001.1,PM2.5,http://dd.eionet.europa.eu/vocabulary/aq/pollutant/6001,hour,7.6220502700,µg/m3,2018-07-17 02:00:00 +01:00,2018-07-17 03:00:00 +01:00,1,1
AT,AT.0008.20.AQ,NET.09,STA.09.AKC,,SPO.09.AKC.5066.6001.1,SPP.09.AKC.5066.6001.1.11325,SAM.09.AKC.5066.6001.1,PM2.5,http://dd.eionet.europa.eu/vocabulary/aq/pollutant/6001,hour,8.7127494700,µg/m3,2018-07-17 04:00:00 +01:00,2018-07-17 05:00:00 +01:00,1,1
AT,AT.0008.20.AQ,NET.09,STA.09.AKC,,SPO.09.AKC.5066.6001.1,SPP.09.AKC.5066.6001.1.11325,SAM.09.AKC.5066.6001.1,PM2.5,http://dd.eionet.europa.eu/vocabulary/aq/pollutant/6001,hour,8.6845502700,µg/m3,2018-07-17 05:00:00 +01:00,2018-07-17 06:00:00 +01:00,1,1
AT,AT.0008.20.AQ,NET.09,STA.09.AKC,,SPO.09.AKC.5066.6001.1,SPP.09.AKC.5066.6001.1.11325,SAM.09.AKC.5066.6001.1,PM2.5,http://dd.eionet.europa.eu/vocabulary/aq/pollutant/6001,hour,8.4711999700,µg/m3,2018-07-17 10:00:00 +01:00,2018-07-17 11:00:00 +01:00,1,1
AT,AT.0008.20.AQ,NET.09,STA.09.AKC,,SPO.09.AKC.5066.6001.1,SPP.09.AKC.5066.6001.1.11325,SAM.09.AKC.5066.6001.1,PM2.5,http://dd.eionet.europa.eu/vocabulary/aq/pollutant/6001,hour,8.6998500700,µg/m3,2018-07-17 15:00:00 +01:00,2018-07-17 16:00:00 +01:00,1,1
AT,AT.0008.20.AQ,NET.09,STA.09.AKC,,SPO.09.AKC.5066.6001.1,SPP.09.AKC.5066.6001.1.11325,SAM.09.AKC.5066.6001.1,PM2.5,http://dd.eionet.europa.eu/vocabulary/aq/pollutant/6001,hour,8.2346496400,µg/m3,2018-07-17 17:00:00 +01:00,2018-07-17 18:00:00 +01:00,1,1
AT,AT.0008.20.AQ,NET.09,STA.09.AKC,,SPO.09.AKC.5066.6001.1,SPP.09.AKC.5066.6001.1.11325,SAM.09.AKC.5066.6001.1,PM2.5,http://dd.eionet.europa.eu/vocabulary/aq/pollutant/6001,hour,8.3141498400,µg/m3,2018-07-17 18:00:00 +01:00,2018-07-17 19:00:00 +01:00,1,1
AT,AT.0008.20.AQ,NET.09,STA.09.AKC,,SPO.09.AKC.5066.6001.1,SPP.09.AKC.5066.6001.1.11325,SAM.09.AKC.5066.6001.1,PM2.5,http://dd.eionet.europa.eu/vocabulary/aq/pollutant/6001,hour,7.9840998500,µg/m3,2018-07-17 19:00:00 +01:00,2018-07-17 20:00:00 +01:00,1,1
AT,AT.0008.20.AQ,NET.09,STA.09.AKC,,SPO.09.AKC.5066.6001.1,SPP.09.AKC.5066.6001.1.11325,SAM.09.AKC.5066.6001.1,PM2.5,http://dd.eionet.europa.eu/vocabulary/aq/pollutant/6001,hour,8.1235999900,µg/m3,2018-07-17 20:00:00 +01:00,2018-07-17 21:00:00 +01:00,1,1
AT,AT.0008.20.AQ,NET.09,STA.09.AKC,,SPO.09.AKC.5066.6001.1,SPP.09.AKC.5066.6001.1.11325,SAM.09.AKC.5066.6001.1,PM2.5,http://dd.eionet.europa.eu/vocabulary/aq/pollutant/6001,hour,8.3795003700,µg/m3,2018-07-17 21:00:00 +01:00,2018-07-17 22:00:00 +01:00,1,1
AT,AT.0008.20.AQ,NET.09,STA.09.AKC,,SPO.09.AKC.5066.6001.1,SPP.09.AKC.5066.6001.1.11325,SAM.09.AKC.5066.6001.1,PM2.5,http://dd.eionet.europa.eu/vocabulary/aq/pollutant/6001,hour,6.2677497700,µg/m3,2018-07-18 04:00:00 +01:00,2018-07-18 05:00:00 +01:00,1,1
AT,AT.0008.20.AQ,NET.09,STA.09.AKC,,SPO.09.AKC.5066.6001.1,SPP.09.AKC.5066.6001.1.11325,SAM.09.AKC.5066.6001.1,PM2.5,http://dd.eionet.europa.eu/vocabulary/aq/pollutant/6001,hour,7.1128501700,µg/m3,2018-07-18 08:00:00 +01:00,2018-07-18 09:00:00 +01:00,1,1
AT,AT.0008.20.AQ,NET.09,STA.09.AKC,,SPO.09.AKC.5066.6001.1,SPP.09.AKC.5066.6001.1.11325,SAM.09.AKC.5066.6001.1,PM2.5,http://dd.eionet.europa.eu/vocabulary/aq/pollutant/6001,hour,7.5684003700,µg/m3,2018-07-18 09:00:00 +01:00,2018-07-18 10:00:00 +01:00,1,1
AT,AT.0008.20.AQ,NET.09,STA.09.AKC,,SPO.09.AKC.5066.6001.1,SPP.09.AKC.5066.6001.1.11325,SAM.09.AKC.5066.6001.1,PM2.5,http://dd.eionet.europa.eu/vocabulary/aq/pollutant/6001,hour,7.7039003200,µg/m3,2018-07-18 10:00:00 +01:00,2018-07-18 11:00:00 +01:00,1,1
AT,AT.0008.20.AQ,NET.09,STA.09.AKC,,SPO.09.AKC.5066.6001.1,SPP.09.AKC.5066.6001.1.11325,SAM.09.AKC.5066.6001.1,PM2.5,http://dd.eionet.europa.eu/vocabulary/aq/pollutant/6001,hour,9.8411006800,µg/m3,2018-07-18 14:00:00 +01:00,2018-07-18 15:00:00 +01:00,1,1
AT,AT.0008.20.AQ,NET.09,STA.09.AKC,,SPO.09.AKC.5066.6001.1,SPP.09.AKC.5066.6001.1.11325,SAM.09.AKC.5066.6001.1,PM2.5,http://dd.eionet.europa.eu/vocabulary/aq/pollutant/6001,hour,10.9780006300,µg/m3,2018-07-18 15:00:00 +01:00,2018-07-18 16:00:00 +01:00,1,1
AT,AT.0008.20.AQ,NET.09,STA.09.AKC,,SPO.09.AKC.5066.6001.1,SPP.09.AKC.5066.6001.1.11325,SAM.09.AKC.5066.6001.1,PM2.5,http://dd.eionet.europa.eu/vocabulary/aq/pollutant/6001,hour,8.1925001000,µg/m3,2018-07-18 20:00:00 +01:00,2018-07-18 21:00:00 +01:00,1,1
AT,AT.0008.20.AQ,NET.09,STA.09.AKC,,SPO.09.AKC.5066.6001.1,SPP.09.AKC.5066.6001.1.11325,SAM.09.AKC.5066.6001.1,PM2.5,http://dd.eionet.europa.eu/vocabulary/aq/pollutant/6001,hour,8.9260005800,µg/m3,2018-07-19 01:00:00 +01:00,2018-07-19 02:00:00 +01:00,1,1
AT,AT.0008.20.AQ,NET.09,STA.09.AKC,,SPO.09.AKC.5066.6001.1,SPP.09.AKC.5066.6001.1.11325,SAM.09.AKC.5066.6001.1,PM2.5,http://dd.eionet.europa.eu/vocabulary/aq/pollutant/6001,hour,8.1979999400,µg/m3,2018-07-19 03:00:00 +01:00,2018-07-19 04:00:00 +01:00,1,1
AT,AT.0008.20.AQ,NET.09,STA.09.AKC,,SPO.09.AKC.5066.6001.1,SPP.09.AKC.5066.6001.1.11325,SAM.09.AKC.5066.6001.1,PM2.5,http://dd.eionet.europa.eu/vocabulary/aq/pollutant/6001,hour,7.9998497800,µg/m3,2018-07-19 05:00:00 +01:00,2018-07-19 06:00:00 +01:00,1,1
AT,AT.0008.20.AQ,NET.09,STA.09.AKC,,SPO.09.AKC.5066.6001.1,SPP.09.AKC.5066.6001.1.11325,SAM.09.AKC.5066.6001.1,PM2.5,http://dd.eionet.europa.eu/vocabulary/aq/pollutant/6001,hour,8.8278999200,µg/m3,2018-07-19 08:00:00 +01:00,2018-07-19 09:00:00 +01:00,1,1
AT,AT.0008.20.AQ,NET.09,STA.09.AKC,,SPO.09.AKC.5066.6001.1,SPP.09.AKC.5066.6001.1.11325,SAM.09.AKC.5066.6001.1,PM2.5,http://dd.eionet.europa.eu/vocabulary/aq/pollutant/6001,hour,8.7140998700,µg/m3,2018-07-19 10:00:00 +01:00,2018-07-19 11:00:00 +01:00,1,1
AT,AT.0008.20.AQ,NET.09,STA.09.AKC,,SPO.09.AKC.5066.6001.1,SPP.09.AKC.5066.6001.1.11325,SAM.09.AKC.5066.6001.1,PM2.5,http://dd.eionet.europa.eu/vocabulary/aq/pollutant/6001,hour,6.1839499300,µg/m3,2018-07-19 14:00:00 +01:00,2018-07-19 15:00:00 +01:00,1,1
AT,AT.0008.20.AQ,NET.09,STA.09.AKC,,SPO.09.AKC.5066.6001.1,SPP.09.AKC.5066.6001.1.11325,SAM.09.AKC.5066.6001.1,PM2.5,http://dd.eionet.europa.eu/vocabulary/aq/pollutant/6001,hour,5.6191997400,µg/m3,2018-07-19 17:00:00 +01:00,2018-07-19 18:00:00 +01:00,1,1
AT,AT.0008.20.AQ,NET.09,STA.09.AKC,,SPO.09.AKC.5066.6001.1,SPP.09.AKC.5066.6001.1.11325,SAM.09.AKC.5066.6001.1,PM2.5,http://dd.eionet.europa.eu/vocabulary/aq/pollutant/6001,hour,5.4235501100,µg/m3,2018-07-19 18:00:00 +01:00,2018-07-19 19:00:00 +01:00,1,1
AT,AT.0008.20.AQ,NET.09,STA.09.AKC,,SPO.09.AKC.5066.6001.1,SPP.09.AKC.5066.6001.1.11325,SAM.09.AKC.5066.6001.1,PM2.5,http://dd.eionet.europa.eu/vocabulary/aq/pollutant/6001,hour,9.3288993700,µg/m3,2018-07-20 00:00:00 +01:00,2018-07-20 01:00:00 +01:00,1,1
AT,AT.0008.20.AQ,NET.09,STA.09.AKC,,SPO.09.AKC.5066.6001.1,SPP.09.AKC.5066.6001.1.11325,SAM.09.AKC.5066.6001.1,PM2.5,http://dd.eionet.europa.eu/vocabulary/aq/pollutant/6001,hour,9.3600501900,µg/m3,2018-07-20 01:00:00 +01:00,2018-07-20 02:00:00 +01:00,1,1
AT,AT.0008.20.AQ,NET.09,STA.09.AKC,,SPO.09.AKC.5066.6001.1,SPP.09.AKC.5066.6001.1.11325,SAM.09.AKC.5066.6001.1,PM2.5,http://dd.eionet.europa.eu/vocabulary/aq/pollutant/6001,hour,9.1026000800,µg/m3,2018-07-20 02:00:00 +01:00,2018-07-20 03:00:00 +01:00,1,1
AT,AT.0008.20.AQ,NET.09,STA.09.AKC,,SPO.09.AKC.5066.6001.1,SPP.09.AKC.5066.6001.1.11325,SAM.09.AKC.5066.6001.1,PM2.5,http://dd.eionet.europa.eu/vocabulary/aq/pollutant/6001,hour,9.3260497900,µg/m3,2018-07-20 05:00:00 +01:00,2018-07-20 06:00:00 +01:00,1,1
AT,AT.0008.20.AQ,NET.09,STA.09.AKC,,SPO.09.AKC.5066.6001.1,SPP.09.AKC.5066.6001.1.11325,SAM.09.AKC.5066.6001.1,PM2.5,http://dd.eionet.europa.eu/vocabulary/aq/pollutant/6001,hour,8.7894992700,µg/m3,2018-07-20 06:00:00 +01:00,2018-07-20 07:00:00 +01:00,1,1
AT,AT.0008.20.AQ,NET.09,STA.09.AKC,,SPO.09.AKC.5066.6001.1,SPP.09.AKC.5066.6001.1.11325,SAM.09.AKC.5066.6001.1,PM2.5,http://dd.eionet.europa.eu/vocabulary/aq/pollutant/6001,hour,9.6429500400,µg/m3,2018-07-20 09:00:00 +01:00,2018-07-20 10:00:00 +01:00,1,1
AT,AT.0008.20.AQ,NET.09,STA.09.AKC,,SPO.09.AKC.5066.6001.1,SPP.09.AKC.5066.6001.1.11325,SAM.09.AKC.5066.6001.1,PM2.5,http://dd.eionet.europa.eu/vocabulary/aq/pollutant/6001,hour,9.8639497600,µg/m3,2018-07-20 11:00:00 +01:00,2018-07-20 12:00:00 +01:00,1,1
AT,AT.0008.20.AQ,NET.09,STA.09.AKC,,SPO.09.AKC.5066.6001.1,SPP.09.AKC.5066.6001.1.11325,SAM.09.AKC.5066.6001.1,PM2.5,http://dd.eionet.europa.eu/vocabulary/aq/pollutant/6001,hour,8.9426994200,µg/m3,2018-07-20 13:00:00 +01:00,2018-07-20 14:00:00 +01:00,1,1
AT,AT.0008.20.AQ,NET.09,STA.09.AKC,,SPO.09.AKC.5066.6001.1,SPP.09.AKC.5066.6001.1.11325,SAM.09.AKC.5066.6001.1,PM2.5,http://dd.eionet.europa.eu/vocabulary/aq/pollutant/6001,hour,8.1226005400,µg/m3,2018-07-20 16:00:00 +01:00,2018-07-20 17:00:00 +01:00,1,1
AT,AT.0008.20.AQ,NET.09,STA.09.AKC,,SPO.09.AKC.5066.6001.1,SPP.09.AKC.5066.6001.1.11325,SAM.09.AKC.5066.6001.1,PM2.5,http://dd.eionet.europa.eu/vocabulary/aq/pollutant/6001,hour,7.2762498700,µg/m3,2018-07-20 18:00:00 +01:00,2018-07-20 19:00:00 +01:00,1,1
AT,AT.0008.20.AQ,NET.09,STA.09.AKC,,SPO.09.AKC.5066.6001.1,SPP.09.AKC.5066.6001.1.11325,SAM.09.AKC.5066.6001.1,PM2.5,http://dd.eionet.europa.eu/vocabulary/aq/pollutant/6001,hour,8.4467506300,µg/m3,2018-07-20 19:00:00 +01:00,2018-07-20 20:00:00 +01:00,1,1
AT,AT.0008.20.AQ,NET.09,STA.09.AKC,,SPO.09.AKC.5066.6001.1,SPP.09.AKC.5066.6001.1.11325,SAM.09.AKC.5066.6001.1,PM2.5,http://dd.eionet.europa.eu/vocabulary/aq/pollutant/6001,hour,8.7765998700,µg/m3,2018-07-20 20:00:00 +01:00,2018-07-20 21:00:00 +01:00,1,1
AT,AT.0008.20.AQ,NET.09,STA.09.AKC,,SPO.09.AKC.5066.6001.1,SPP.09.AKC.5066.6001.1.11325,SAM.09.AKC.5066.6001.1,PM2.5,http://dd.eionet.europa.eu/vocabulary/aq/pollutant/6001,hour,9.0537996100,µg/m3,2018-07-20 21:00:00 +01:00,2018-07-20 22:00:00 +01:00,1,1
AT,AT.0008.20.AQ,NET.09,STA.09.AKC,,SPO.09.AKC.5066.6001.1,SPP.09.AKC.5066.6001.1.11325,SAM.09.AKC.5066.6001.1,PM2.5,http://dd.eionet.europa.eu/vocabulary/aq/pollutant/6001,hour,14.8815002300,µg/m3,2018-07-21 02:00:00 +01:00,2018-07-21 03:00:00 +01:00,1,1
AT,AT.0008.20.AQ,NET.09,STA.09.AKC,,SPO.09.AKC.5066.6001.1,SPP.09.AKC.5066.6001.1.11325,SAM.09.AKC.5066.6001.1,PM2.5,http://dd.eionet.europa.eu/vocabulary/aq/pollutant/6001,hour,15.4270000300,µg/m3,2018-07-21 04:00:00 +01:00,2018-07-21 05:00:00 +01:00,1,1
AT,AT.0008.20.AQ,NET.09,STA.09.AKC,,SPO.09.AKC.5066.6001.1,SPP.09.AKC.5066.6001.1.11325,SAM.09.AKC.5066.6001.1,PM2.5,http://dd.eionet.europa.eu/vocabulary/aq/pollutant/6001,hour,13.4114999600,µg/m3,2018-07-21 07:00:00 +01:00,2018-07-21 08:00:00 +01:00,1,1
AT,AT.0008.20.AQ,NET.09,STA.09.AKC,,SPO.09.AKC.5066.6001.1,SPP.09.AKC.5066.6001.1.11325,SAM.09.AKC.5066.6001.1,PM2.5,http://dd.eionet.europa.eu/vocabulary/aq/pollutant/6001,hour,9.1989993900,µg/m3,2018-07-21 09:00:00 +01:00,2018-07-21 10:00:00 +01:00,1,1
AT,AT.0008.20.AQ,NET.09,STA.09.AKC,,SPO.09.AKC.5066.6001.1,SPP.09.AKC.5066.6001.1.11325,SAM.09.AKC.5066.6001.1,PM2.5,http://dd.eionet.europa.eu/vocabulary/aq/pollutant/6001,hour,8.0966501100,µg/m3,2018-07-21 10:00:00 +01:00,2018-07-21 11:00:00 +01:00,1,1
AT,AT.0008.20.AQ,NET.09,STA.09.AKC,,SPO.09.AKC.5066.6001.1,SPP.09.AKC.5066.6001.1.11325,SAM.09.AKC.5066.6001.1,PM2.5,http://dd.eionet.europa.eu/vocabulary/aq/pollutant/6001,hour,7.9773998100,µg/m3,2018-07-21 15:00:00 +01:00,2018-07-21 16:00:00 +01:00,1,1
AT,AT.0008.20.AQ,NET.09,STA.09.AKC,,SPO.09.AKC.5066.6001.1,SPP.09.AKC.5066.6001.1.11325,SAM.09.AKC.5066.6001.1,PM2.5,http://dd.eionet.europa.eu/vocabulary/aq/pollutant/6001,hour,12.8765001100,µg/m3,2018-07-21 21:00:00 +01:00,2018-07-21 22:00:00 +01:00,1,1
AT,AT.0008.20.AQ,NET.09,STA.09.AKC,,SPO.09.AKC.5066.6001.1,SPP.09.AKC.5066.6001.1.11325,SAM.09.AKC.5066.6001.1,PM2.5,http://dd.eionet.europa.eu/vocabulary/aq/pollutant/6001,hour,10.1384000600,µg/m3,2018-07-22 00:00:00 +01:00,2018-07-22 01:00:00 +01:00,1,1
AT,AT.0008.20.AQ,NET.09,STA.09.AKC,,SPO.09.AKC.5066.6001.1,SPP.09.AKC.5066.6001.1.11325,SAM.09.AKC.5066.6001.1,PM2.5,http://dd.eionet.europa.eu/vocabulary/aq/pollutant/6001,hour,10.0941505300,µg/m3,2018-07-22 02:00:00 +01:00,2018-07-22 03:00:00 +01:00,1,1
AT,AT.0008.20.AQ,NET.09,STA.09.AKC,,SPO.09.AKC.5066.6001.1,SPP.09.AKC.5066.6001.1.11325,SAM.09.AKC.5066.6001.1,PM2.5,http://dd.eionet.europa.eu/vocabulary/aq/pollutant/6001,hour,6.6010498900,µg/m3,2018-07-22 06:00:00 +01:00,2018-07-22 07:00:00 +01:00,1,1
AT,AT.0008.20.AQ,NET.09,STA.09.AKC,,SPO.09.AKC.5066.6001.1,SPP.09.AKC.5066.6001.1.11325,SAM.09.AKC.5066.6001.1,PM2.5,http://dd.eionet.europa.eu/vocabulary/aq/pollutant/6001,hour,6.6660499400,µg/m3,2018-07-22 07:00:00 +01:00,2018-07-22 08:00:00 +01:00,1,1
AT,AT.0008.20.AQ,NET.09,STA.09.AKC,,SPO.09.AKC.5066.6001.1,SPP.09.AKC.5066.6001.1.11325,SAM.09.AKC.5066.6001.1,PM2.5,http://dd.eionet.europa.eu/vocabulary/aq/pollutant/6001,hour,5.2305002100,µg/m3,2018-07-22 08:00:00 +01:00,2018-07-22 09:00:00 +01:00,1,1
AT,AT.0008.20.AQ,NET.09,STA.09.AKC,,SPO.09.AKC.5066.6001.1,SPP.09.AKC.5066.6001.1.11325,SAM.09.AKC.5066.6001.1,PM2.5,http://dd.eionet.europa.eu/vocabulary/aq/pollutant/6001,hour,5.3782501100,µg/m3,2018-07-22 09:00:00 +01:00,2018-07-22 10:00:00 +01:00,1,1
AT,AT.0008.20.AQ,NET.09,STA.09.AKC,,SPO.09.AKC.5066.6001.1,SPP.09.AKC.5066.6001.1.11325,SAM.09.AKC.5066.6001.1,PM2.5,http://dd.eionet.europa.eu/vocabulary/aq/pollutant/6001,hour,8.7150001400,µg/m3,2018-07-22 14:00:00 +01:00,2018-07-22 15:00:00 +01:00,1,1
AT,AT.0008.20.AQ,NET.09,STA.09.AKC,,SPO.09.AKC.5066.6001.1,SPP.09.AKC.5066.6001.1.11325,SAM.09.AKC.5066.6001.1,PM2.5,http://dd.eionet.europa.eu/vocabulary/aq/pollutant/6001,hour,11.4270000300,µg/m3,2018-07-23 01:00:00 +01:00,2018-07-23 02:00:00 +01:00,1,1
AT,AT.0008.20.AQ,NET.09,STA.09.AKC,,SPO.09.AKC.5066.6001.1,SPP.09.AKC.5066.6001.1.11325,SAM.09.AKC.5066.6001.1,PM2.5,http://dd.eionet.europa.eu/vocabulary/aq/pollutant/6001,hour,15.1124992200,µg/m3,2018-07-23 03:00:00 +01:00,2018-07-23 04:00:00 +01:00,1,1
AT,AT.0008.20.AQ,NET.09,STA.09.AKC,,SPO.09.AKC.5066.6001.1,SPP.09.AKC.5066.6001.1.11325,SAM.09.AKC.5066.6001.1,PM2.5,http://dd.eionet.europa.eu/vocabulary/aq/pollutant/6001,hour,9.7069501700,µg/m3,2018-07-23 14:00:00 +01:00,2018-07-23 15:00:00 +01:00,1,1
AT,AT.0008.20.AQ,NET.09,STA.09.AKC,,SPO.09.AKC.5066.6001.1,SPP.09.AKC.5066.6001.1.11325,SAM.09.AKC.5066.6001.1,PM2.5,http://dd.eionet.europa.eu/vocabulary/aq/pollutant/6001,hour,10.0707492700,µg/m3,2018-07-23 15:00:00 +01:00,2018-07-23 16:00:00 +01:00,1,1
AT,AT.0008.20.AQ,NET.09,STA.09.AKC,,SPO.09.AKC.5066.6001.1,SPP.09.AKC.5066.6001.1.11325,SAM.09.AKC.5066.6001.1,PM2.5,http://dd.eionet.europa.eu/vocabulary/aq/pollutant/6001,hour,7.9244499100,µg/m3,2018-07-23 17:00:00 +01:00,2018-07-23 18:00:00 +01:00,1,1
AT,AT.0008.20.AQ,NET.09,STA.09.AKC,,SPO.09.AKC.5066.6001.1,SPP.09.AKC.5066.6001.1.11325,SAM.09.AKC.5066.6001.1,PM2.5,http://dd.eionet.europa.eu/vocabulary/aq/pollutant/6001,hour,8.3498992800,µg/m3,2018-07-23 18:00:00 +01:00,2018-07-23 19:00:00 +01:00,1,1
AT,AT.0008.20.AQ,NET.09,STA.09.AKC,,SPO.09.AKC.5066.6001.1,SPP.09.AKC.5066.6001.1.11325,SAM.09.AKC.5066.6001.1,PM2.5,http://dd.eionet.europa.eu/vocabulary/aq/pollutant/6001,hour,8.7670993700,µg/m3,2018-07-23 19:00:00 +01:00,2018-07-23 20:00:00 +01:00,1,1
AT,AT.0008.20.AQ,NET.09,STA.09.AKC,,SPO.09.AKC.5066.6001.1,SPP.09.AKC.5066.6001.1.11325,SAM.09.AKC.5066.6001.1,PM2.5,http://dd.eionet.europa.eu/vocabulary/aq/pollutant/6001,hour,11.6145000300,µg/m3,2018-07-23 21:00:00 +01:00,2018-07-23 22:00:00 +01:00,1,1
AT,AT.0008.20.AQ,NET.09,STA.09.AKC,,SPO.09.AKC.5066.6001.1,SPP.09.AKC.5066.6001.1.11325,SAM.09.AKC.5066.6001.1,PM2.5,http://dd.eionet.europa.eu/vocabulary/aq/pollutant/6001,hour,13.4425001000,µg/m3,2018-07-24 01:00:00 +01:00,2018-07-24 02:00:00 +01:00,1,1
AT,AT.0008.20.AQ,NET.09,STA.09.AKC,,SPO.09.AKC.5066.6001.1,SPP.09.AKC.5066.6001.1.11325,SAM.09.AKC.5066.6001.1,PM2.5,http://dd.eionet.europa.eu/vocabulary/aq/pollutant/6001,hour,11.9885005800,µg/m3,2018-07-24 07:00:00 +01:00,2018-07-24 08:00:00 +01:00,1,1
AT,AT.0008.20.AQ,NET.09,STA.09.AKC,,SPO.09.AKC.5066.6001.1,SPP.09.AKC.5066.6001.1.11325,SAM.09.AKC.5066.6001.1,PM2.5,http://dd.eionet.europa.eu/vocabulary/aq/pollutant/6001,hour,9.6138992200,µg/m3,2018-07-24 12:00:00 +01:00,2018-07-24 13:00:00 +01:00,1,1
AT,AT.0008.20.AQ,NET.09,STA.09.AKC,,SPO.09.AKC.5066.6001.1,SPP.09.AKC.5066.6001.1.11325,SAM.09.AKC.5066.6001.1,PM2.5,http://dd.eionet.europa.eu/vocabulary/aq/pollutant/6001,hour,5.1889500500,µg/m3,2018-07-24 16:00:00 +01:00,2018-07-24 17:00:00 +01:00,1,1
AT,AT.0008.20.AQ,NET.09,STA.09.AKC,,SPO.09.AKC.5066.6001.1,SPP.09.AKC.5066.6001.1.11325,SAM.09.AKC.5066.6001.1,PM2.5,http://dd.eionet.europa.eu/vocabulary/aq/pollutant/6001,hour,5.4176502100,µg/m3,2018-07-24 17:00:00 +01:00,2018-07-24 18:00:00 +01:00,1,1
AT,AT.0008.20.AQ,NET.09,STA.09.AKC,,SPO.09.AKC.5066.6001.1,SPP.09.AKC.5066.6001.1.11325,SAM.09.AKC.5066.6001.1,PM2.5,http://dd.eionet.europa.eu/vocabulary/aq/pollutant/6001,hour,6.7078499600,µg/m3,2018-07-24 18:00:00 +01:00,2018-07-24 19:00:00 +01:00,1,1
AT,AT.0008.20.AQ,NET.09,STA.09.AKC,,SPO.09.AKC.5066.6001.1,SPP.09.AKC.5066.6001.1.11325,SAM.09.AKC.5066.6001.1,PM2.5,http://dd.eionet.europa.eu/vocabulary/aq/pollutant/6001,hour,8.8621997700,µg/m3,2018-07-24 19:00:00 +01:00,2018-07-24 20:00:00 +01:00,1,1
AT,AT.0008.20.AQ,NET.09,STA.09.AKC,,SPO.09.AKC.5066.6001.1,SPP.09.AKC.5066.6001.1.11325,SAM.09.AKC.5066.6001.1,PM2.5,http://dd.eionet.europa.eu/vocabulary/aq/pollutant/6001,hour,8.6957998100,µg/m3,2018-07-24 20:00:00 +01:00,2018-07-24 21:00:00 +01:00,1,1
AT,AT.0008.20.AQ,NET.09,STA.09.AKC,,SPO.09.AKC.5066.6001.1,SPP.09.AKC.5066.6001.1.11325,SAM.09.AKC.5066.6001.1,PM2.5,http://dd.eionet.europa.eu/vocabulary/aq/pollutant/6001,hour,8.7827997100,µg/m3,2018-07-24 21:00:00 +01:00,2018-07-24 22:00:00 +01:00,1,1
AT,AT.0008.20.AQ,NET.09,STA.09.AKC,,SPO.09.AKC.5066.6001.1,SPP.09.AKC.5066.6001.1.11325,SAM.09.AKC.5066.6001.1,PM2.5,http://dd.eionet.europa.eu/vocabulary/aq/pollutant/6001,hour,9.3711004100,µg/m3,2018-07-25 00:00:00 +01:00,2018-07-25 01:00:00 +01:00,1,1
AT,AT.0008.20.AQ,NET.09,STA.09.AKC,,SPO.09.AKC.5066.6001.1,SPP.09.AKC.5066.6001.1.11325,SAM.09.AKC.5066.6001.1,PM2.5,http://dd.eionet.europa.eu/vocabulary/aq/pollutant/6001,hour,8.3014001700,µg/m3,2018-07-25 01:00:00 +01:00,2018-07-25 02:00:00 +01:00,1,1
AT,AT.0008.20.AQ,NET.09,STA.09.AKC,,SPO.09.AKC.5066.6001.1,SPP.09.AKC.5066.6001.1.11325,SAM.09.AKC.5066.6001.1,PM2.5,http://dd.eionet.europa.eu/vocabulary/aq/pollutant/6001,hour,9.3371000100,µg/m3,2018-07-25 03:00:00 +01:00,2018-07-25 04:00:00 +01:00,1,1
AT,AT.0008.20.AQ,NET.09,STA.09.AKC,,SPO.09.AKC.5066.6001.1,SPP.09.AKC.5066.6001.1.11325,SAM.09.AKC.5066.6001.1,PM2.5,http://dd.eionet.europa.eu/vocabulary/aq/pollutant/6001,hour,8.8864993900,µg/m3,2018-07-25 05:00:00 +01:00,2018-07-25 06:00:00 +01:00,1,1
AT,AT.0008.20.AQ,NET.09,STA.09.AKC,,SPO.09.AKC.5066.6001.1,SPP.09.AKC.5066.6001.1.11325,SAM.09.AKC.5066.6001.1,PM2.5,http://dd.eionet.europa.eu/vocabulary/aq/pollutant/6001,hour,8.2761497300,µg/m3,2018-07-25 06:00:00 +01:00,2018-07-25 07:00:00 +01:00,1,1
AT,AT.0008.20.AQ,NET.09,STA.09.AKC,,SPO.09.AKC.5066.6001.1,SPP.09.AKC.5066.6001.1.11325,SAM.09.AKC.5066.6001.1,PM2.5,http://dd.eionet.europa.eu/vocabulary/aq/pollutant/6001,hour,7.2417998200,µg/m3,2018-07-25 07:00:00 +01:00,2018-07-25 08:00:00 +01:00,1,1
AT,AT.0008.20.AQ,NET.09,STA.09.AKC,,SPO.09.AKC.5066.6001.1,SPP.09.AKC.5066.6001.1.11325,SAM.09.AKC.5066.6001.1,PM2.5,http://dd.eionet.europa.eu/vocabulary/aq/pollutant/6001,hour,6.4970502700,µg/m3,2018-07-25 08:00:00 +01:00,2018-07-25 09:00:00 +01:00,1,1
AT,AT.0008.20.AQ,NET.09,STA.09.AKC,,SPO.09.AKC.5066.6001.1,SPP.09.AKC.5066.6001.1.11325,SAM.09.AKC.5066.6001.1,PM2.5,http://dd.eionet.europa.eu/vocabulary/aq/pollutant/6001,hour,10.2409496200,µg/m3,2018-07-25 11:00:00 +01:00,2018-07-25 12:00:00 +01:00,1,1
AT,AT.0008.20.AQ,NET.09,STA.09.AKC,,SPO.09.AKC.5066.6001.1,SPP.09.AKC.5066.6001.1.11325,SAM.09.AKC.5066.6001.1,PM2.5,http://dd.eionet.europa.eu/vocabulary/aq/pollutant/6001,hour,6.1045999400,µg/m3,2018-07-25 13:00:00 +01:00,2018-07-25 14:00:00 +01:00,1,1
AT,AT.0008.20.AQ,NET.09,STA.09.AKC,,SPO.09.AKC.5066.6001.1,SPP.09.AKC.5066.6001.1.11325,SAM.09.AKC.5066.6001.1,PM2.5,http://dd.eionet.europa.eu/vocabulary/aq/pollutant/6001,hour,6.0699500900,µg/m3,2018-07-25 17:00:00 +01:00,2018-07-25 18:00:00 +01:00,1,1
AT,AT.0008.20.AQ,NET.09,STA.09.AKC,,SPO.09.AKC.5066.6001.1,SPP.09.AKC.5066.6001.1.11325,SAM.09.AKC.5066.6001.1,PM2.5,http://dd.eionet.europa.eu/vocabulary/aq/pollutant/6001,hour,3.0796999800,µg/m3,2018-07-25 19:00:00 +01:00,2018-07-25 20:00:00 +01:00,1,1
AT,AT.0008.20.AQ,NET.09,STA.09.AKC,,SPO.09.AKC.5066.6001.1,SPP.09.AKC.5066.6001.1.11325,SAM.09.AKC.5066.6001.1,PM2.5,http://dd.eionet.europa.eu/vocabulary/aq/pollutant/6001,hour,3.1391999600,µg/m3,2018-07-25 23:00:00 +01:00,2018-07-26 00:00:00 +01:00,1,1
AT,AT.0008.20.AQ,NET.09,STA.09.AKC,,SPO.09.AKC.5066.6001.1,SPP.09.AKC.5066.6001.1.11325,SAM.09.AKC.5066.6001.1,PM2.5,http://dd.eionet.europa.eu/vocabulary/aq/pollutant/6001,hour,5.1312999600,µg/m3,2018-07-26 02:00:00 +01:00,2018-07-26 03:00:00 +01:00,1,1
AT,AT.0008.20.AQ,NET.09,STA.09.AKC,,SPO.09.AKC.5066.6001.1,SPP.09.AKC.5066.6001.1.11325,SAM.09.AKC.5066.6001.1,PM2.5,http://dd.eionet.europa.eu/vocabulary/aq/pollutant/6001,hour,5.8828496800,µg/m3,2018-07-26 03:00:00 +01:00,2018-07-26 04:00:00 +01:00,1,1
AT,AT.0008.20.AQ,NET.09,STA.09.AKC,,SPO.09.AKC.5066.6001.1,SPP.09.AKC.5066.6001.1.11325,SAM.09.AKC.5066.6001.1,PM2.5,http://dd.eionet.europa.eu/vocabulary/aq/pollutant/6001,hour,7.5355000300,µg/m3,2018-07-26 14:00:00 +01:00,2018-07-26 15:00:00 +01:00,1,1
AT,AT.0008.20.AQ,NET.09,STA.09.AKC,,SPO.09.AKC.5066.6001.1,SPP.09.AKC.5066.6001.1.11325,SAM.09.AKC.5066.6001.1,PM2.5,http://dd.eionet.europa.eu/vocabulary/aq/pollutant/6001,hour,7.6540498600,µg/m3,2018-07-26 17:00:00 +01:00,2018-07-26 18:00:00 +01:00,1,1
AT,AT.0008.20.AQ,NET.09,STA.09.AKC,,SPO.09.AKC.5066.6001.1,SPP.09.AKC.5066.6001.1.11325,SAM.09.AKC.5066.6001.1,PM2.5,http://dd.eionet.europa.eu/vocabulary/aq/pollutant/6001,hour,9.4813995200,µg/m3,2018-07-26 19:00:00 +01:00,2018-07-26 20:00:00 +01:00,1,1
AT,AT.0008.20.AQ,NET.09,STA.09.AKC,,SPO.09.AKC.5066.6001.1,SPP.09.AKC.5066.6001.1.11325,SAM.09.AKC.5066.6001.1,PM2.5,http://dd.eionet.europa.eu/vocabulary/aq/pollutant/6001,hour,8.7119502900,µg/m3,2018-07-26 20:00:00 +01:00,2018-07-26 21:00:00 +01:00,1,1
AT,AT.0008.20.AQ,NET.09,STA.09.AKC,,SPO.09.AKC.5066.6001.1,SPP.09.AKC.5066.6001.1.11325,SAM.09.AKC.5066.6001.1,PM2.5,http://dd.eionet.europa.eu/vocabulary/aq/pollutant/6001,hour,8.1844997300,µg/m3,2018-07-26 21:00:00 +01:00,2018-07-26 22:00:00 +01:00,1,1
AT,AT.0008.20.AQ,NET.09,STA.09.AKC,,SPO.09.AKC.5066.6001.1,SPP.09.AKC.5066.6001.1.11325,SAM.09.AKC.5066.6001.1,PM2.5,http://dd.eionet.europa.eu/vocabulary/aq/pollutant/6001,hour,6.7849502400,µg/m3,2018-07-26 22:00:00 +01:00,2018-07-26 23:00:00 +01:00,1,1
AT,AT.0008.20.AQ,NET.09,STA.09.AKC,,SPO.09.AKC.5066.6001.1,SPP.09.AKC.5066.6001.1.11325,SAM.09.AKC.5066.6001.1,PM2.5,http://dd.eionet.europa.eu/vocabulary/aq/pollutant/6001,hour,6.4787001500,µg/m3,2018-07-26 23:00:00 +01:00,2018-07-27 00:00:00 +01:00,1,1
AT,AT.0008.20.AQ,NET.09,STA.09.AKC,,SPO.09.AKC.5066.6001.1,SPP.09.AKC.5066.6001.1.11325,SAM.09.AKC.5066.6001.1,PM2.5,http://dd.eionet.europa.eu/vocabulary/aq/pollutant/6001,hour,7.0374498200,µg/m3,2018-07-27 00:00:00 +01:00,2018-07-27 01:00:00 +01:00,1,1
AT,AT.0008.20.AQ,NET.09,STA.09.AKC,,SPO.09.AKC.5066.6001.1,SPP.09.AKC.5066.6001.1.11325,SAM.09.AKC.5066.6001.1,PM2.5,http://dd.eionet.europa.eu/vocabulary/aq/pollutant/6001,hour,7.9464001500,µg/m3,2018-07-27 01:00:00 +01:00,2018-07-27 02:00:00 +01:00,1,1
AT,AT.0008.20.AQ,NET.09,STA.09.AKC,,SPO.09.AKC.5066.6001.1,SPP.09.AKC.5066.6001.1.11325,SAM.09.AKC.5066.6001.1,PM2.5,http://dd.eionet.europa.eu/vocabulary/aq/pollutant/6001,hour,8.8629999000,µg/m3,2018-07-27 02:00:00 +01:00,2018-07-27 03:00:00 +01:00,1,1
AT,AT.0008.20.AQ,NET.09,STA.09.AKC,,SPO.09.AKC.5066.6001.1,SPP.09.AKC.5066.6001.1.11325,SAM.09.AKC.5066.6001.1,PM2.5,http://dd.eionet.europa.eu/vocabulary/aq/pollutant/6001,hour,10.8680000200,µg/m3,2018-07-27 04:00:00 +01:00,2018-07-27 05:00:00 +01:00,1,1
AT,AT.0008.20.AQ,NET.09,STA.09.AKC,,SPO.09.AKC.5066.6001.1,SPP.09.AKC.5066.6001.1.11325,SAM.09.AKC.5066.6001.1,PM2.5,http://dd.eionet.europa.eu/vocabulary/aq/pollutant/6001,hour,11.2544994200,µg/m3,2018-07-27 06:00:00 +01:00,2018-07-27 07:00:00 +01:00,1,1
AT,AT.0008.20.AQ,NET.09,STA.09.AKC,,SPO.09.AKC.5066.6001.1,SPP.09.AKC.5066.6001.1.11325,SAM.09.AKC.5066.6001.1,PM2.5,http://dd.eionet.europa.eu/vocabulary/aq/pollutant/6001,hour,10.2259998200,µg/m3,2018-07-27 10:00:00 +01:00,2018-07-27 11:00:00 +01:00,1,1
AT,AT.0008.20.AQ,NET.09,STA.09.AKC,,SPO.09.AKC.5066.6001.1,SPP.09.AKC.5066.6001.1.11325,SAM.09.AKC.5066.6001.1,PM2.5,http://dd.eionet.europa.eu/vocabulary/aq/pollutant/6001,hour,8.6993007500,µg/m3,2018-07-27 13:00:00 +01:00,2018-07-27 14:00:00 +01:00,1,1
AT,AT.0008.20.AQ,NET.09,STA.09.AKC,,SPO.09.AKC.5066.6001.1,SPP.09.AKC.5066.6001.1.11325,SAM.09.AKC.5066.6001.1,PM2.5,http://dd.eionet.europa.eu/vocabulary/aq/pollutant/6001,hour,7.3680496100,µg/m3,2018-07-27 14:00:00 +01:00,2018-07-27 15:00:00 +01:00,1,1
AT,AT.0008.20.AQ,NET.09,STA.09.AKC,,SPO.09.AKC.5066.6001.1,SPP.09.AKC.5066.6001.1.11325,SAM.09.AKC.5066.6001.1,PM2.5,http://dd.eionet.europa.eu/vocabulary/aq/pollutant/6001,hour,6.7776999300,µg/m3,2018-07-27 15:00:00 +01:00,2018-07-27 16:00:00 +01:00,1,1
AT,AT.0008.20.AQ,NET.09,STA.09.AKC,,SPO.09.AKC.5066.6001.1,SPP.09.AKC.5066.6001.1.11325,SAM.09.AKC.5066.6001.1,PM2.5,http://dd.eionet.europa.eu/vocabulary/aq/pollutant/6001,hour,7.3921003200,µg/m3,2018-07-27 21:00:00 +01:00,2018-07-27 22:00:00 +01:00,1,1
AT,AT.0008.20.AQ,NET.09,STA.09.AKC,,SPO.09.AKC.5066.6001.1,SPP.09.AKC.5066.6001.1.11325,SAM.09.AKC.5066.6001.1,PM2.5,http://dd.eionet.europa.eu/vocabulary/aq/pollutant/6001,hour,8.4850997800,µg/m3,2018-07-27 22:00:00 +01:00,2018-07-27 23:00:00 +01:00,1,1
AT,AT.0008.20.AQ,NET.09,STA.09.AKC,,SPO.09.AKC.5066.6001.1,SPP.09.AKC.5066.6001.1.11325,SAM.09.AKC.5066.6001.1,PM2.5,http://dd.eionet.europa.eu/vocabulary/aq/pollutant/6001,hour,8.7550506400,µg/m3,2018-07-27 23:00:00 +01:00,2018-07-28 00:00:00 +01:00,1,1
AT,AT.0008.20.AQ,NET.09,STA.09.AKC,,SPO.09.AKC.5066.6001.1,SPP.09.AKC.5066.6001.1.11325,SAM.09.AKC.5066.6001.1,PM2.5,http://dd.eionet.europa.eu/vocabulary/aq/pollutant/6001,hour,9.2210998400,µg/m3,2018-07-28 00:00:00 +01:00,2018-07-28 01:00:00 +01:00,1,1
AT,AT.0008.20.AQ,NET.09,STA.09.AKC,,SPO.09.AKC.5066.6001.1,SPP.09.AKC.5066.6001.1.11325,SAM.09.AKC.5066.6001.1,PM2.5,http://dd.eionet.europa.eu/vocabulary/aq/pollutant/6001,hour,7.9846496400,µg/m3,2018-07-28 03:00:00 +01:00,2018-07-28 04:00:00 +01:00,1,1
AT,AT.0008.20.AQ,NET.09,STA.09.AKC,,SPO.09.AKC.5066.6001.1,SPP.09.AKC.5066.6001.1.11325,SAM.09.AKC.5066.6001.1,PM2.5,http://dd.eionet.europa.eu/vocabulary/aq/pollutant/6001,hour,8.8303499100,µg/m3,2018-07-28 05:00:00 +01:00,2018-07-28 06:00:00 +01:00,1,1
AT,AT.0008.20.AQ,NET.09,STA.09.AKC,,SPO.09.AKC.5066.6001.1,SPP.09.AKC.5066.6001.1.11325,SAM.09.AKC.5066.6001.1,PM2.5,http://dd.eionet.europa.eu/vocabulary/aq/pollutant/6001,hour,7.9514999200,µg/m3,2018-07-28 08:00:00 +01:00,2018-07-28 09:00:00 +01:00,1,1
AT,AT.0008.20.AQ,NET.09,STA.09.AKC,,SPO.09.AKC.5066.6001.1,SPP.09.AKC.5066.6001.1.11325,SAM.09.AKC.5066.6001.1,PM2.5,http://dd.eionet.europa.eu/vocabulary/aq/pollutant/6001,hour,8.7575502200,µg/m3,2018-07-28 09:00:00 +01:00,2018-07-28 10:00:00 +01:00,1,1
AT,AT.0008.20.AQ,NET.09,STA.09.AKC,,SPO.09.AKC.5066.6001.1,SPP.09.AKC.5066.6001.1.11325,SAM.09.AKC.5066.6001.1,PM2.5,http://dd.eionet.europa.eu/vocabulary/aq/pollutant/6001,hour,9.6081008800,µg/m3,2018-07-28 10:00:00 +01:00,2018-07-28 11:00:00 +01:00,1,1
AT,AT.0008.20.AQ,NET.09,STA.09.AKC,,SPO.09.AKC.5066.6001.1,SPP.09.AKC.5066.6001.1.11325,SAM.09.AKC.5066.6001.1,PM2.5,http://dd.eionet.europa.eu/vocabulary/aq/pollutant/6001,hour,8.2478999900,µg/m3,2018-07-28 12:00:00 +01:00,2018-07-28 13:00:00 +01:00,1,1
AT,AT.0008.20.AQ,NET.09,STA.09.AKC,,SPO.09.AKC.5066.6001.1,SPP.09.AKC.5066.6001.1.11325,SAM.09.AKC.5066.6001.1,PM2.5,http://dd.eionet.europa.eu/vocabulary/aq/pollutant/6001,hour,6.5514001700,µg/m3,2018-07-28 16:00:00 +01:00,2018-07-28 17:00:00 +01:00,1,1
AT,AT.0008.20.AQ,NET.09,STA.09.AKC,,SPO.09.AKC.5066.6001.1,SPP.09.AKC.5066.6001.1.11325,SAM.09.AKC.5066.6001.1,PM2.5,http://dd.eionet.europa.eu/vocabulary/aq/pollutant/6001,hour,6.9297499500,µg/m3,2018-07-28 17:00:00 +01:00,2018-07-28 18:00:00 +01:00,1,1
AT,AT.0008.20.AQ,NET.09,STA.09.AKC,,SPO.09.AKC.5066.6001.1,SPP.09.AKC.5066.6001.1.11325,SAM.09.AKC.5066.6001.1,PM2.5,http://dd.eionet.europa.eu/vocabulary/aq/pollutant/6001,hour,7.9911498900,µg/m3,2018-07-28 19:00:00 +01:00,2018-07-28 20:00:00 +01:00,1,1
AT,AT.0008.20.AQ,NET.09,STA.09.AKC,,SPO.09.AKC.5066.6001.1,SPP.09.AKC.5066.6001.1.11325,SAM.09.AKC.5066.6001.1,PM2.5,http://dd.eionet.europa.eu/vocabulary/aq/pollutant/6001,hour,9.1538505400,µg/m3,2018-07-28 22:00:00 +01:00,2018-07-28 23:00:00 +01:00,1,1
AT,AT.0008.20.AQ,NET.09,STA.09.AKC,,SPO.09.AKC.5066.6001.1,SPP.09.AKC.5066.6001.1.11325,SAM.09.AKC.5066.6001.1,PM2.5,http://dd.eionet.europa.eu/vocabulary/aq/pollutant/6001,hour,8.4549007300,µg/m3,2018-07-29 02:00:00 +01:00,2018-07-29 03:00:00 +01:00,1,1
AT,AT.0008.20.AQ,NET.09,STA.09.AKC,,SPO.09.AKC.5066.6001.1,SPP.09.AKC.5066.6001.1.11325,SAM.09.AKC.5066.6001.1,PM2.5,http://dd.eionet.europa.eu/vocabulary/aq/pollutant/6001,hour,7.7548499000,µg/m3,2018-07-29 06:00:00 +01:00,2018-07-29 07:00:00 +01:00,1,1
AT,AT.0008.20.AQ,NET.09,STA.09.AKC,,SPO.09.AKC.5066.6001.1,SPP.09.AKC.5066.6001.1.11325,SAM.09.AKC.5066.6001.1,PM2.5,http://dd.eionet.europa.eu/vocabulary/aq/pollutant/6001,hour,9.3182506400,µg/m3,2018-07-29 09:00:00 +01:00,2018-07-29 10:00:00 +01:00,1,1
AT,AT.0008.20.AQ,NET.09,STA.09.AKC,,SPO.09.AKC.5066.6001.1,SPP.09.AKC.5066.6001.1.11325,SAM.09.AKC.5066.6001.1,PM2.5,http://dd.eionet.europa.eu/vocabulary/aq/pollutant/6001,hour,8.6742000400,µg/m3,2018-07-29 12:00:00 +01:00,2018-07-29 13:00:00 +01:00,1,1
AT,AT.0008.20.AQ,NET.09,STA.09.AKC,,SPO.09.AKC.5066.6001.1,SPP.09.AKC.5066.6001.1.11325,SAM.09.AKC.5066.6001.1,PM2.5,http://dd.eionet.europa.eu/vocabulary/aq/pollutant/6001,hour,8.2358999100,µg/m3,2018-07-29 13:00:00 +01:00,2018-07-29 14:00:00 +01:00,1,1
AT,AT.0008.20.AQ,NET.09,STA.09.AKC,,SPO.09.AKC.5066.6001.1,SPP.09.AKC.5066.6001.1.11325,SAM.09.AKC.5066.6001.1,PM2.5,http://dd.eionet.europa.eu/vocabulary/aq/pollutant/6001,hour,7.5211501000,µg/m3,2018-07-29 15:00:00 +01:00,2018-07-29 16:00:00 +01:00,1,1
AT,AT.0008.20.AQ,NET.09,STA.09.AKC,,SPO.09.AKC.5066.6001.1,SPP.09.AKC.5066.6001.1.11325,SAM.09.AKC.5066.6001.1,PM2.5,http://dd.eionet.europa.eu/vocabulary/aq/pollutant/6001,hour,8.9434003700,µg/m3,2018-07-29 18:00:00 +01:00,2018-07-29 19:00:00 +01:00,1,1
AT,AT.0008.20.AQ,NET.09,STA.09.AKC,,SPO.09.AKC.5066.6001.1,SPP.09.AKC.5066.6001.1.11325,SAM.09.AKC.5066.6001.1,PM2.5,http://dd.eionet.europa.eu/vocabulary/aq/pollutant/6001,hour,11.7714996200,µg/m3,2018-07-30 04:00:00 +01:00,2018-07-30 05:00:00 +01:00,1,1
AT,AT.0008.20.AQ,NET.09,STA.09.AKC,,SPO.09.AKC.5066.6001.1,SPP.09.AKC.5066.6001.1.11325,SAM.09.AKC.5066.6001.1,PM2.5,http://dd.eionet.europa.eu/vocabulary/aq/pollutant/6001,hour,8.2709998900,µg/m3,2018-07-30 07:00:00 +01:00,2018-07-30 08:00:00 +01:00,1,1
AT,AT.0008.20.AQ,NET.09,STA.09.AKC,,SPO.09.AKC.5066.6001.1,SPP.09.AKC.5066.6001.1.11325,SAM.09.AKC.5066.6001.1,PM2.5,http://dd.eionet.europa.eu/vocabulary/aq/pollutant/6001,hour,9.0200500300,µg/m3,2018-07-30 08:00:00 +01:00,2018-07-30 09:00:00 +01:00,1,1
AT,AT.0008.20.AQ,NET.09,STA.09.AKC,,SPO.09.AKC.5066.6001.1,SPP.09.AKC.5066.6001.1.11325,SAM.09.AKC.5066.6001.1,PM2.5,http://dd.eionet.europa.eu/vocabulary/aq/pollutant/6001,hour,9.5306501200,µg/m3,2018-07-30 10:00:00 +01:00,2018-07-30 11:00:00 +01:00,1,1
AT,AT.0008.20.AQ,NET.09,STA.09.AKC,,SPO.09.AKC.5066.6001.1,SPP.09.AKC.5066.6001.1.11325,SAM.09.AKC.5066.6001.1,PM2.5,http://dd.eionet.europa.eu/vocabulary/aq/pollutant/6001,hour,9.2469005400,µg/m3,2018-07-30 17:00:00 +01:00,2018-07-30 18:00:00 +01:00,1,1
AT,AT.0008.20.AQ,NET.09,STA.09.AKC,,SPO.09.AKC.5066.6001.1,SPP.09.AKC.5066.6001.1.11325,SAM.09.AKC.5066.6001.1,PM2.5,http://dd.eionet.europa.eu/vocabulary/aq/pollutant/6001,hour,8.7494497100,µg/m3,2018-07-30 22:00:00 +01:00,2018-07-30 23:00:00 +01:00,1,1
AT,AT.0008.20.AQ,NET.09,STA.09.AKC,,SPO.09.AKC.5066.6001.1,SPP.09.AKC.5066.6001.1.11325,SAM.09.AKC.5066.6001.1,PM2.5,http://dd.eionet.europa.eu/vocabulary/aq/pollutant/6001,hour,9.8318996300,µg/m3,2018-07-30 23:00:00 +01:00,2018-07-31 00:00:00 +01:00,1,1
AT,AT.0008.20.AQ,NET.09,STA.09.AKC,,SPO.09.AKC.5066.6001.1,SPP.09.AKC.5066.6001.1.11325,SAM.09.AKC.5066.6001.1,PM2.5,http://dd.eionet.europa.eu/vocabulary/aq/pollutant/6001,hour,11.0965003800,µg/m3,2018-07-31 01:00:00 +01:00,2018-07-31 02:00:00 +01:00,1,1
AT,AT.0008.20.AQ,NET.09,STA.09.AKC,,SPO.09.AKC.5066.6001.1,SPP.09.AKC.5066.6001.1.11325,SAM.09.AKC.5066.6001.1,PM2.5,http://dd.eionet.europa.eu/vocabulary/aq/pollutant/6001,hour,12.5984992800,µg/m3,2018-07-31 04:00:00 +01:00,2018-07-31 05:00:00 +01:00,1,1
AT,AT.0008.20.AQ,NET.09,STA.09.AKC,,SPO.09.AKC.5066.6001.1,SPP.09.AKC.5066.6001.1.11325,SAM.09.AKC.5066.6001.1,PM2.5,http://dd.eionet.europa.eu/vocabulary/aq/pollutant/6001,hour,12.9390001100,µg/m3,2018-07-31 05:00:00 +01:00,2018-07-31 06:00:00 +01:00,1,1
AT,AT.0008.20.AQ,NET.09,STA.09.AKC,,SPO.09.AKC.5066.6001.1,SPP.09.AKC.5066.6001.1.11325,SAM.09.AKC.5066.6001.1,PM2.5,http://dd.eionet.europa.eu/vocabulary/aq/pollutant/6001,hour,9.7245502300,µg/m3,2018-07-31 12:00:00 +01:00,2018-07-31 13:00:00 +01:00,1,1
AT,AT.0008.20.AQ,NET.09,STA.09.AKC,,SPO.09.AKC.5066.6001.1,SPP.09.AKC.5066.6001.1.11325,SAM.09.AKC.5066.6001.1,PM2.5,http://dd.eionet.europa.eu/vocabulary/aq/pollutant/6001,hour,9.4523506000,µg/m3,2018-07-31 15:00:00 +01:00,2018-07-31 16:00:00 +01:00,1,1
AT,AT.0008.20.AQ,NET.09,STA.09.AKC,,SPO.09.AKC.5066.6001.1,SPP.09.AKC.5066.6001.1.11325,SAM.09.AKC.5066.6001.1,PM2.5,http://dd.eionet.europa.eu/vocabulary/aq/pollutant/6001,hour,9.1686000700,µg/m3,2018-07-31 16:00:00 +01:00,2018-07-31 17:00:00 +01:00,1,1
AT,AT.0008.20.AQ,NET.09,STA.09.AKC,,SPO.09.AKC.5066.6001.1,SPP.09.AKC.5066.6001.1.11325,SAM.09.AKC.5066.6001.1,PM2.5,http://dd.eionet.europa.eu/vocabulary/aq/pollutant/6001,hour,9.1198005500,µg/m3,2018-07-31 17:00:00 +01:00,2018-07-31 18:00:00 +01:00,1,1
AT,AT.0008.20.AQ,NET.09,STA.09.AKC,,SPO.09.AKC.5066.6001.1,SPP.09.AKC.5066.6001.1.11325,SAM.09.AKC.5066.6001.1,PM2.5,http://dd.eionet.europa.eu/vocabulary/aq/pollutant/6001,hour,8.7656993700,µg/m3,2018-07-31 18:00:00 +01:00,2018-07-31 19:00:00 +01:00,1,1
AT,AT.0008.20.AQ,NET.09,STA.09.AKC,,SPO.09.AKC.5066.6001.1,SPP.09.AKC.5066.6001.1.11325,SAM.09.AKC.5066.6001.1,PM2.5,http://dd.eionet.europa.eu/vocabulary/aq/pollutant/6001,hour,9.0057506400,µg/m3,2018-07-31 19:00:00 +01:00,2018-07-31 20:00:00 +01:00,1,1
AT,AT.0008.20.AQ,NET.09,STA.09.AKC,,SPO.09.AKC.5066.6001.1,SPP.09.AKC.5066.6001.1.11325,SAM.09.AKC.5066.6001.1,PM2.5,http://dd.eionet.europa.eu/vocabulary/aq/pollutant/6001,hour,9.4789504900,µg/m3,2018-07-31 21:00:00 +01:00,2018-07-31 22:00:00 +01:00,1,1
AT,AT.0008.20.AQ,NET.09,STA.09.AKC,,SPO.09.AKC.5066.6001.1,SPP.09.AKC.5066.6001.1.11325,SAM.09.AKC.5066.6001.1,PM2.5,http://dd.eionet.europa.eu/vocabulary/aq/pollutant/6001,hour,11.2234992800,µg/m3,2018-08-01 01:00:00 +01:00,2018-08-01 02:00:00 +01:00,1,1
AT,AT.0008.20.AQ,NET.09,STA.09.AKC,,SPO.09.AKC.5066.6001.1,SPP.09.AKC.5066.6001.1.11325,SAM.09.AKC.5066.6001.1,PM2.5,http://dd.eionet.europa.eu/vocabulary/aq/pollutant/6001,hour,11.9724998300,µg/m3,2018-08-01 11:00:00 +01:00,2018-08-01 12:00:00 +01:00,1,1
AT,AT.0008.20.AQ,NET.09,STA.09.AKC,,SPO.09.AKC.5066.6001.1,SPP.09.AKC.5066.6001.1.11325,SAM.09.AKC.5066.6001.1,PM2.5,http://dd.eionet.europa.eu/vocabulary/aq/pollutant/6001,hour,8.8603496400,µg/m3,2018-08-01 19:00:00 +01:00,2018-08-01 20:00:00 +01:00,1,1
AT,AT.0008.20.AQ,NET.09,STA.09.AKC,,SPO.09.AKC.5066.6001.1,SPP.09.AKC.5066.6001.1.11325,SAM.09.AKC.5066.6001.1,PM2.5,http://dd.eionet.europa.eu/vocabulary/aq/pollutant/6001,hour,9.9221496400,µg/m3,2018-08-02 00:00:00 +01:00,2018-08-02 01:00:00 +01:00,1,1
AT,AT.0008.20.AQ,NET.09,STA.09.AKC,,SPO.09.AKC.5066.6001.1,SPP.09.AKC.5066.6001.1.11325,SAM.09.AKC.5066.6001.1,PM2.5,http://dd.eionet.europa.eu/vocabulary/aq/pollutant/6001,hour,10.0563001500,µg/m3,2018-08-02 07:00:00 +01:00,2018-08-02 08:00:00 +01:00,1,1
AT,AT.0008.20.AQ,NET.09,STA.09.AKC,,SPO.09.AKC.5066.6001.1,SPP.09.AKC.5066.6001.1.11325,SAM.09.AKC.5066.6001.1,PM2.5,http://dd.eionet.europa.eu/vocabulary/aq/pollutant/6001,hour,9.9741992800,µg/m3,2018-08-02 10:00:00 +01:00,2018-08-02 11:00:00 +01:00,1,1
AT,AT.0008.20.AQ,NET.09,STA.09.AKC,,SPO.09.AKC.5066.6001.1,SPP.09.AKC.5066.6001.1.11325,SAM.09.AKC.5066.6001.1,PM2.5,http://dd.eionet.europa.eu/vocabulary/aq/pollutant/6001,hour,11.6270007900,µg/m3,2018-08-02 23:00:00 +01:00,2018-08-03 00:00:00 +01:00,1,1
AT,AT.0008.20.AQ,NET.09,STA.09.AKC,,SPO.09.AKC.5066.6001.1,SPP.09.AKC.5066.6001.1.11325,SAM.09.AKC.5066.6001.1,PM2.5,http://dd.eionet.europa.eu/vocabulary/aq/pollutant/6001,hour,11.7234992800,µg/m3,2018-08-03 01:00:00 +01:00,2018-08-03 02:00:00 +01:00,1,1
AT,AT.0008.20.AQ,NET.09,STA.09.AKC,,SPO.09.AKC.5066.6001.1,SPP.09.AKC.5066.6001.1.11325,SAM.09.AKC.5066.6001.1,PM2.5,http://dd.eionet.europa.eu/vocabulary/aq/pollutant/6001,hour,7.0340499700,µg/m3,2018-08-03 15:00:00 +01:00,2018-08-03 16:00:00 +01:00,1,1
AT,AT.0008.20.AQ,NET.09,STA.09.AKC,,SPO.09.AKC.5066.6001.1,SPP.09.AKC.5066.6001.1.11325,SAM.09.AKC.5066.6001.1,PM2.5,http://dd.eionet.europa.eu/vocabulary/aq/pollutant/6001,hour,8.6511497300,µg/m3,2018-08-03 18:00:00 +01:00,2018-08-03 19:00:00 +01:00,1,1
AT,AT.0008.20.AQ,NET.09,STA.09.AKC,,SPO.09.AKC.5066.6001.1,SPP.09.AKC.5066.6001.1.11325,SAM.09.AKC.5066.6001.1,PM2.5,http://dd.eionet.europa.eu/vocabulary/aq/pollutant/6001,hour,10.7089996200,µg/m3,2018-08-03 20:00:00 +01:00,2018-08-03 21:00:00 +01:00,1,1
AT,AT.0008.20.AQ,NET.09,STA.09.AKC,,SPO.09.AKC.5066.6001.1,SPP.09.AKC.5066.6001.1.11325,SAM.09.AKC.5066.6001.1,PM2.5,http://dd.eionet.europa.eu/vocabulary/aq/pollutant/6001,hour,10.2809505300,µg/m3,2018-08-04 12:00:00 +01:00,2018-08-04 13:00:00 +01:00,1,1
AT,AT.0008.20.AQ,NET.09,STA.09.AKC,,SPO.09.AKC.5066.6001.1,SPP.09.AKC.5066.6001.1.11325,SAM.09.AKC.5066.6001.1,PM2.5,http://dd.eionet.europa.eu/vocabulary/aq/pollutant/6001,hour,8.9606494800,µg/m3,2018-08-04 13:00:00 +01:00,2018-08-04 14:00:00 +01:00,1,1
AT,AT.0008.20.AQ,NET.09,STA.09.AKC,,SPO.09.AKC.5066.6001.1,SPP.09.AKC.5066.6001.1.11325,SAM.09.AKC.5066.6001.1,PM2.5,http://dd.eionet.europa.eu/vocabulary/aq/pollutant/6001,hour,7.8369502900,µg/m3,2018-08-04 14:00:00 +01:00,2018-08-04 15:00:00 +01:00,1,1
AT,AT.0008.20.AQ,NET.09,STA.09.AKC,,SPO.09.AKC.5066.6001.1,SPP.09.AKC.5066.6001.1.11325,SAM.09.AKC.5066.6001.1,PM2.5,http://dd.eionet.europa.eu/vocabulary/aq/pollutant/6001,hour,7.1852998600,µg/m3,2018-08-04 18:00:00 +01:00,2018-08-04 19:00:00 +01:00,1,1
AT,AT.0008.20.AQ,NET.09,STA.09.AKC,,SPO.09.AKC.5066.6001.1,SPP.09.AKC.5066.6001.1.11325,SAM.09.AKC.5066.6001.1,PM2.5,http://dd.eionet.europa.eu/vocabulary/aq/pollutant/6001,hour,8.2254505000,µg/m3,2018-08-04 20:00:00 +01:00,2018-08-04 21:00:00 +01:00,1,1
AT,AT.0008.20.AQ,NET.09,STA.09.AKC,,SPO.09.AKC.5066.6001.1,SPP.09.AKC.5066.6001.1.11325,SAM.09.AKC.5066.6001.1,PM2.5,http://dd.eionet.europa.eu/vocabulary/aq/pollutant/6001,hour,9.2826499800,µg/m3,2018-08-04 21:00:00 +01:00,2018-08-04 22:00:00 +01:00,1,1
AT,AT.0008.20.AQ,NET.09,STA.09.AKC,,SPO.09.AKC.5066.6001.1,SPP.09.AKC.5066.6001.1.11325,SAM.09.AKC.5066.6001.1,PM2.5,http://dd.eionet.europa.eu/vocabulary/aq/pollutant/6001,hour,11.5405006300,µg/m3,2018-08-05 15:00:00 +01:00,2018-08-05 16:00:00 +01:00,1,1
AT,AT.0008.20.AQ,NET.09,STA.09.AKC,,SPO.09.AKC.5066.6001.1,SPP.09.AKC.5066.6001.1.11325,SAM.09.AKC.5066.6001.1,PM2.5,http://dd.eionet.europa.eu/vocabulary/aq/pollutant/6001,hour,8.5825500300,µg/m3,2018-08-06 07:00:00 +01:00,2018-08-06 08:00:00 +01:00,1,1
AT,AT.0008.20.AQ,NET.09,STA.09.AKC,,SPO.09.AKC.5066.6001.1,SPP.09.AKC.5066.6001.1.11325,SAM.09.AKC.5066.6001.1,PM2.5,http://dd.eionet.europa.eu/vocabulary/aq/pollutant/6001,hour,6.9574999700,µg/m3,2018-08-06 09:00:00 +01:00,2018-08-06 10:00:00 +01:00,1,1
AT,AT.0008.20.AQ,NET.09,STA.09.AKC,,SPO.09.AKC.5066.6001.1,SPP.09.AKC.5066.6001.1.11325,SAM.09.AKC.5066.6001.1,PM2.5,http://dd.eionet.europa.eu/vocabulary/aq/pollutant/6001,hour,6.5064000900,µg/m3,2018-08-06 15:00:00 +01:00,2018-08-06 16:00:00 +01:00,1,1
AT,AT.0008.20.AQ,NET.09,STA.09.AKC,,SPO.09.AKC.5066.6001.1,SPP.09.AKC.5066.6001.1.11325,SAM.09.AKC.5066.6001.1,PM2.5,http://dd.eionet.europa.eu/vocabulary/aq/pollutant/6001,hour,6.1827001400,µg/m3,2018-08-06 17:00:00 +01:00,2018-08-06 18:00:00 +01:00,1,1
AT,AT.0008.20.AQ,NET.09,STA.09.AKC,,SPO.09.AKC.5066.6001.1,SPP.09.AKC.5066.6001.1.11325,SAM.09.AKC.5066.6001.1,PM2.5,http://dd.eionet.europa.eu/vocabulary/aq/pollutant/6001,hour,4.5671000300,µg/m3,2018-08-06 18:00:00 +01:00,2018-08-06 19:00:00 +01:00,1,1
AT,AT.0008.20.AQ,NET.09,STA.09.AKC,,SPO.09.AKC.5066.6001.1,SPP.09.AKC.5066.6001.1.11325,SAM.09.AKC.5066.6001.1,PM2.5,http://dd.eionet.europa.eu/vocabulary/aq/pollutant/6001,hour,6.5108499400,µg/m3,2018-08-06 19:00:00 +01:00,2018-08-06 20:00:00 +01:00,1,1
AT,AT.0008.20.AQ,NET.09,STA.09.AKC,,SPO.09.AKC.5066.6001.1,SPP.09.AKC.5066.6001.1.11325,SAM.09.AKC.5066.6001.1,PM2.5,http://dd.eionet.europa.eu/vocabulary/aq/pollutant/6001,hour,8.2223501100,µg/m3,2018-08-06 20:00:00 +01:00,2018-08-06 21:00:00 +01:00,1,1
AT,AT.0008.20.AQ,NET.09,STA.09.AKC,,SPO.09.AKC.5066.6001.1,SPP.09.AKC.5066.6001.1.11325,SAM.09.AKC.5066.6001.1,PM2.5,http://dd.eionet.europa.eu/vocabulary/aq/pollutant/6001,hour,7.6112499100,µg/m3,2018-08-06 21:00:00 +01:00,2018-08-06 22:00:00 +01:00,1,1
AT,AT.0008.20.AQ,NET.09,STA.09.AKC,,SPO.09.AKC.5066.6001.1,SPP.09.AKC.5066.6001.1.11325,SAM.09.AKC.5066.6001.1,PM2.5,http://dd.eionet.europa.eu/vocabulary/aq/pollutant/6001,hour,8.0831499000,µg/m3,2018-08-06 22:00:00 +01:00,2018-08-06 23:00:00 +01:00,1,1
AT,AT.0008.20.AQ,NET.09,STA.09.AKC,,SPO.09.AKC.5066.6001.1,SPP.09.AKC.5066.6001.1.11325,SAM.09.AKC.5066.6001.1,PM2.5,http://dd.eionet.europa.eu/vocabulary/aq/pollutant/6001,hour,7.8764505200,µg/m3,2018-08-07 01:00:00 +01:00,2018-08-07 02:00:00 +01:00,1,1
AT,AT.0008.20.AQ,NET.09,STA.09.AKC,,SPO.09.AKC.5066.6001.1,SPP.09.AKC.5066.6001.1.11325,SAM.09.AKC.5066.6001.1,PM2.5,http://dd.eionet.europa.eu/vocabulary/aq/pollutant/6001,hour,7.5268001400,µg/m3,2018-08-07 02:00:00 +01:00,2018-08-07 03:00:00 +01:00,1,1
AT,AT.0008.20.AQ,NET.09,STA.09.AKC,,SPO.09.AKC.5066.6001.1,SPP.09.AKC.5066.6001.1.11325,SAM.09.AKC.5066.6001.1,PM2.5,http://dd.eionet.europa.eu/vocabulary/aq/pollutant/6001,hour,9.7789001300,µg/m3,2018-08-07 06:00:00 +01:00,2018-08-07 07:00:00 +01:00,1,1
AT,AT.0008.20.AQ,NET.09,STA.09.AKC,,SPO.09.AKC.5066.6001.1,SPP.09.AKC.5066.6001.1.11325,SAM.09.AKC.5066.6001.1,PM2.5,http://dd.eionet.europa.eu/vocabulary/aq/pollutant/6001,hour,12.7884998200,µg/m3,2018-08-07 13:00:00 +01:00,2018-08-07 14:00:00 +01:00,1,1
AT,AT.0008.20.AQ,NET.09,STA.09.AKC,,SPO.09.AKC.5066.6001.1,SPP.09.AKC.5066.6001.1.11325,SAM.09.AKC.5066.6001.1,PM2.5,http://dd.eionet.europa.eu/vocabulary/aq/pollutant/6001,hour,13.0030002400,µg/m3,2018-08-07 14:00:00 +01:00,2018-08-07 15:00:00 +01:00,1,1
AT,AT.0008.20.AQ,NET.09,STA.09.AKC,,SPO.09.AKC.5066.6001.1,SPP.09.AKC.5066.6001.1.11325,SAM.09.AKC.5066.6001.1,PM2.5,http://dd.eionet.europa.eu/vocabulary/aq/pollutant/6001,hour,13.1479997500,µg/m3,2018-08-07 16:00:00 +01:00,2018-08-07 17:00:00 +01:00,1,1
AT,AT.0008.20.AQ,NET.09,STA.09.AKC,,SPO.09.AKC.5066.6001.1,SPP.09.AKC.5066.6001.1.11325,SAM.09.AKC.5066.6001.1,PM2.5,http://dd.eionet.europa.eu/vocabulary/aq/pollutant/6001,hour,10.8794994200,µg/m3,2018-08-07 17:00:00 +01:00,2018-08-07 18:00:00 +01:00,1,1
AT,AT.0008.20.AQ,NET.09,STA.09.AKC,,SPO.09.AKC.5066.6001.1,SPP.09.AKC.5066.6001.1.11325,SAM.09.AKC.5066.6001.1,PM2.5,http://dd.eionet.europa.eu/vocabulary/aq/pollutant/6001,hour,9.8893499200,µg/m3,2018-08-07 18:00:00 +01:00,2018-08-07 19:00:00 +01:00,1,1
AT,AT.0008.20.AQ,NET.09,STA.09.AKC,,SPO.09.AKC.5066.6001.1,SPP.09.AKC.5066.6001.1.11325,SAM.09.AKC.5066.6001.1,PM2.5,http://dd.eionet.europa.eu/vocabulary/aq/pollutant/6001,hour,5.7948999300,µg/m3,2018-08-07 21:00:00 +01:00,2018-08-07 22:00:00 +01:00,1,1
AT,AT.0008.20.AQ,NET.09,STA.09.AKC,,SPO.09.AKC.5066.6001.1,SPP.09.AKC.5066.6001.1.11325,SAM.09.AKC.5066.6001.1,PM2.5,http://dd.eionet.europa.eu/vocabulary/aq/pollutant/6001,hour,6.4063997100,µg/m3,2018-08-07 23:00:00 +01:00,2018-08-08 00:00:00 +01:00,1,1
AT,AT.0008.20.AQ,NET.09,STA.09.AKC,,SPO.09.AKC.5066.6001.1,SPP.09.AKC.5066.6001.1.11325,SAM.09.AKC.5066.6001.1,PM2.5,http://dd.eionet.europa.eu/vocabulary/aq/pollutant/6001,hour,6.8635501700,µg/m3,2018-08-08 00:00:00 +01:00,2018-08-08 01:00:00 +01:00,1,1
AT,AT.0008.20.AQ,NET.09,STA.09.AKC,,SPO.09.AKC.5066.6001.1,SPP.09.AKC.5066.6001.1.11325,SAM.09.AKC.5066.6001.1,PM2.5,http://dd.eionet.europa.eu/vocabulary/aq/pollutant/6001,hour,9.0996999600,µg/m3,2018-08-08 02:00:00 +01:00,2018-08-08 03:00:00 +01:00,1,1
AT,AT.0008.20.AQ,NET.09,STA.09.AKC,,SPO.09.AKC.5066.6001.1,SPP.09.AKC.5066.6001.1.11325,SAM.09.AKC.5066.6001.1,PM2.5,http://dd.eionet.europa.eu/vocabulary/aq/pollutant/6001,hour,9.0988998300,µg/m3,2018-08-08 03:00:00 +01:00,2018-08-08 04:00:00 +01:00,1,1
AT,AT.0008.20.AQ,NET.09,STA.09.AKC,,SPO.09.AKC.5066.6001.1,SPP.09.AKC.5066.6001.1.11325,SAM.09.AKC.5066.6001.1,PM2.5,http://dd.eionet.europa.eu/vocabulary/aq/pollutant/6001,hour,10.0555000200,µg/m3,2018-08-08 04:00:00 +01:00,2018-08-08 05:00:00 +01:00,1,1
AT,AT.0008.20.AQ,NET.09,STA.09.AKC,,SPO.09.AKC.5066.6001.1,SPP.09.AKC.5066.6001.1.11325,SAM.09.AKC.5066.6001.1,PM2.5,http://dd.eionet.europa.eu/vocabulary/aq/pollutant/6001,hour,10.7089996200,µg/m3,2018-08-08 07:00:00 +01:00,2018-08-08 08:00:00 +01:00,1,1
AT,AT.0008.20.AQ,NET.09,STA.09.AKC,,SPO.09.AKC.5066.6001.1,SPP.09.AKC.5066.6001.1.11325,SAM.09.AKC.5066.6001.1,PM2.5,http://dd.eionet.europa.eu/vocabulary/aq/pollutant/6001,hour,12.7274999500,µg/m3,2018-08-08 11:00:00 +01:00,2018-08-08 12:00:00 +01:00,1,1
AT,AT.0008.20.AQ,NET.09,STA.09.AKC,,SPO.09.AKC.5066.6001.1,SPP.09.AKC.5066.6001.1.11325,SAM.09.AKC.5066.6001.1,PM2.5,http://dd.eionet.europa.eu/vocabulary/aq/pollutant/6001,hour,10.9895000300,µg/m3,2018-08-08 13:00:00 +01:00,2018-08-08 14:00:00 +01:00,1,1
AT,AT.0008.20.AQ,NET.09,STA.09.AKC,,SPO.09.AKC.5066.6001.1,SPP.09.AKC.5066.6001.1.11325,SAM.09.AKC.5066.6001.1,PM2.5,http://dd.eionet.europa.eu/vocabulary/aq/pollutant/6001,hour,10.2395000300,µg/m3,2018-08-08 16:00:00 +01:00,2018-08-08 17:00:00 +01:00,1,1
AT,AT.0008.20.AQ,NET.09,STA.09.AKC,,SPO.09.AKC.5066.6001.1,SPP.09.AKC.5066.6001.1.11325,SAM.09.AKC.5066.6001.1,PM2.5,http://dd.eionet.europa.eu/vocabulary/aq/pollutant/6001,hour,9.4543990900,µg/m3,2018-08-08 19:00:00 +01:00,2018-08-08 20:00:00 +01:00,1,1
AT,AT.0008.20.AQ,NET.09,STA.09.AKC,,SPO.09.AKC.5066.6001.1,SPP.09.AKC.5066.6001.1.11325,SAM.09.AKC.5066.6001.1,PM2.5,http://dd.eionet.europa.eu/vocabulary/aq/pollutant/6001,hour,9.3875503400,µg/m3,2018-08-08 21:00:00 +01:00,2018-08-08 22:00:00 +01:00,1,1
AT,AT.0008.20.AQ,NET.09,STA.09.AKC,,SPO.09.AKC.5066.6001.1,SPP.09.AKC.5066.6001.1.11325,SAM.09.AKC.5066.6001.1,PM2.5,http://dd.eionet.europa.eu/vocabulary/aq/pollutant/6001,hour,10.9270000300,µg/m3,2018-08-08 23:00:00 +01:00,2018-08-09 00:00:00 +01:00,1,1
AT,AT.0008.20.AQ,NET.09,STA.09.AKC,,SPO.09.AKC.5066.6001.1,SPP.09.AKC.5066.6001.1.11325,SAM.09.AKC.5066.6001.1,PM2.5,http://dd.eionet.europa.eu/vocabulary/aq/pollutant/6001,hour,7.3143000500,µg/m3,2018-08-09 02:00:00 +01:00,2018-08-09 03:00:00 +01:00,1,1
AT,AT.0008.20.AQ,NET.09,STA.09.AKC,,SPO.09.AKC.5066.6001.1,SPP.09.AKC.5066.6001.1.11325,SAM.09.AKC.5066.6001.1,PM2.5,http://dd.eionet.europa.eu/vocabulary/aq/pollutant/6001,hour,7.1062002000,µg/m3,2018-08-09 03:00:00 +01:00,2018-08-09 04:00:00 +01:00,1,1
AT,AT.0008.20.AQ,NET.09,STA.09.AKC,,SPO.09.AKC.5066.6001.1,SPP.09.AKC.5066.6001.1.11325,SAM.09.AKC.5066.6001.1,PM2.5,http://dd.eionet.europa.eu/vocabulary/aq/pollutant/6001,hour,7.7126998800,µg/m3,2018-08-09 08:00:00 +01:00,2018-08-09 09:00:00 +01:00,1,1
AT,AT.0008.20.AQ,NET.09,STA.09.AKC,,SPO.09.AKC.5066.6001.1,SPP.09.AKC.5066.6001.1.11325,SAM.09.AKC.5066.6001.1,PM2.5,http://dd.eionet.europa.eu/vocabulary/aq/pollutant/6001,hour,16.3134994400,µg/m3,2018-08-09 11:00:00 +01:00,2018-08-09 12:00:00 +01:00,1,1
AT,AT.0008.20.AQ,NET.09,STA.09.AKC,,SPO.09.AKC.5066.6001.1,SPP.09.AKC.5066.6001.1.11325,SAM.09.AKC.5066.6001.1,PM2.5,http://dd.eionet.europa.eu/vocabulary/aq/pollutant/6001,hour,9.7311000700,µg/m3,2018-08-09 14:00:00 +01:00,2018-08-09 15:00:00 +01:00,1,1
AT,AT.0008.20.AQ,NET.09,STA.09.AKC,,SPO.09.AKC.5066.6001.1,SPP.09.AKC.5066.6001.1.11325,SAM.09.AKC.5066.6001.1,PM2.5,http://dd.eionet.europa.eu/vocabulary/aq/pollutant/6001,hour,10.0520000300,µg/m3,2018-08-09 15:00:00 +01:00,2018-08-09 16:00:00 +01:00,1,1
AT,AT.0008.20.AQ,NET.09,STA.09.AKC,,SPO.09.AKC.5066.6001.1,SPP.09.AKC.5066.6001.1.11325,SAM.09.AKC.5066.6001.1,PM2.5,http://dd.eionet.europa.eu/vocabulary/aq/pollutant/6001,hour,14.0795001800,µg/m3,2018-08-09 20:00:00 +01:00,2018-08-09 21:00:00 +01:00,1,1
AT,AT.0008.20.AQ,NET.09,STA.09.AKC,,SPO.09.AKC.5066.6001.1,SPP.09.AKC.5066.6001.1.11325,SAM.09.AKC.5066.6001.1,PM2.5,http://dd.eionet.europa.eu/vocabulary/aq/pollutant/6001,hour,15.0570001500,µg/m3,2018-08-09 21:00:00 +01:00,2018-08-09 22:00:00 +01:00,1,1
AT,AT.0008.20.AQ,NET.09,STA.09.AKC,,SPO.09.AKC.5066.6001.1,SPP.09.AKC.5066.6001.1.11325,SAM.09.AKC.5066.6001.1,PM2.5,http://dd.eionet.europa.eu/vocabulary/aq/pollutant/6001,hour,14.4305000200,µg/m3,2018-08-09 23:00:00 +01:00,2018-08-10 00:00:00 +01:00,1,1
AT,AT.0008.20.AQ,NET.09,STA.09.AKC,,SPO.09.AKC.5066.6001.1,SPP.09.AKC.5066.6001.1.11325,SAM.09.AKC.5066.6001.1,PM2.5,http://dd.eionet.europa.eu/vocabulary/aq/pollutant/6001,hour,9.1339998100,µg/m3,2018-08-10 01:00:00 +01:00,2018-08-10 02:00:00 +01:00,1,1
AT,AT.0008.20.AQ,NET.09,STA.09.AKC,,SPO.09.AKC.5066.6001.1,SPP.09.AKC.5066.6001.1.11325,SAM.09.AKC.5066.6001.1,PM2.5,http://dd.eionet.europa.eu/vocabulary/aq/pollutant/6001,hour,6.7828998400,µg/m3,2018-08-10 02:00:00 +01:00,2018-08-10 03:00:00 +01:00,1,1
AT,AT.0008.20.AQ,NET.09,STA.09.AKC,,SPO.09.AKC.5066.6001.1,SPP.09.AKC.5066.6001.1.11325,SAM.09.AKC.5066.6001.1,PM2.5,http://dd.eionet.europa.eu/vocabulary/aq/pollutant/6001,hour,5.8446998400,µg/m3,2018-08-10 03:00:00 +01:00,2018-08-10 04:00:00 +01:00,1,1
AT,AT.0008.20.AQ,NET.09,STA.09.AKC,,SPO.09.AKC.5066.6001.1,SPP.09.AKC.5066.6001.1.11325,SAM.09.AKC.5066.6001.1,PM2.5,http://dd.eionet.europa.eu/vocabulary/aq/pollutant/6001,hour,6.0499000400,µg/m3,2018-08-10 05:00:00 +01:00,2018-08-10 06:00:00 +01:00,1,1
AT,AT.0008.20.AQ,NET.09,STA.09.AKC,,SPO.09.AKC.5066.6001.1,SPP.09.AKC.5066.6001.1.11325,SAM.09.AKC.5066.6001.1,PM2.5,http://dd.eionet.europa.eu/vocabulary/aq/pollutant/6001,hour,6.5285997200,µg/m3,2018-08-10 09:00:00 +01:00,2018-08-10 10:00:00 +01:00,1,1
AT,AT.0008.20.AQ,NET.09,STA.09.AKC,,SPO.09.AKC.5066.6001.1,SPP.09.AKC.5066.6001.1.11325,SAM.09.AKC.5066.6001.1,PM2.5,http://dd.eionet.europa.eu/vocabulary/aq/pollutant/6001,hour,6.3756499100,µg/m3,2018-08-10 10:00:00 +01:00,2018-08-10 11:00:00 +01:00,1,1
AT,AT.0008.20.AQ,NET.09,STA.09.AKC,,SPO.09.AKC.5066.6001.1,SPP.09.AKC.5066.6001.1.11325,SAM.09.AKC.5066.6001.1,PM2.5,http://dd.eionet.europa.eu/vocabulary/aq/pollutant/6001,hour,5.6925501700,µg/m3,2018-08-10 11:00:00 +01:00,2018-08-10 12:00:00 +01:00,1,1
AT,AT.0008.20.AQ,NET.09,STA.09.AKC,,SPO.09.AKC.5066.6001.1,SPP.09.AKC.5066.6001.1.11325,SAM.09.AKC.5066.6001.1,PM2.5,http://dd.eionet.europa.eu/vocabulary/aq/pollutant/6001,hour,4.1005000900,µg/m3,2018-08-10 17:00:00 +01:00,2018-08-10 18:00:00 +01:00,1,1
AT,AT.0008.20.AQ,NET.09,STA.09.AKC,,SPO.09.AKC.5066.6001.1,SPP.09.AKC.5066.6001.1.11325,SAM.09.AKC.5066.6001.1,PM2.5,http://dd.eionet.europa.eu/vocabulary/aq/pollutant/6001,hour,3.4375500500,µg/m3,2018-08-10 21:00:00 +01:00,2018-08-10 22:00:00 +01:00,1,1
AT,AT.0008.20.AQ,NET.09,STA.09.AKC,,SPO.09.AKC.5066.6001.1,SPP.09.AKC.5066.6001.1.11325,SAM.09.AKC.5066.6001.1,PM2.5,http://dd.eionet.europa.eu/vocabulary/aq/pollutant/6001,hour,3.9794502100,µg/m3,2018-08-10 22:00:00 +01:00,2018-08-10 23:00:00 +01:00,1,1
AT,AT.0008.20.AQ,NET.09,STA.09.AKC,,SPO.09.AKC.5066.6001.1,SPP.09.AKC.5066.6001.1.11325,SAM.09.AKC.5066.6001.1,PM2.5,http://dd.eionet.europa.eu/vocabulary/aq/pollutant/6001,hour,5.1644000900,µg/m3,2018-08-11 02:00:00 +01:00,2018-08-11 03:00:00 +01:00,1,1
AT,AT.0008.20.AQ,NET.09,STA.09.AKC,,SPO.09.AKC.5066.6001.1,SPP.09.AKC.5066.6001.1.11325,SAM.09.AKC.5066.6001.1,PM2.5,http://dd.eionet.europa.eu/vocabulary/aq/pollutant/6001,hour,5.6380000000,µg/m3,2018-08-11 05:00:00 +01:00,2018-08-11 06:00:00 +01:00,1,1
AT,AT.0008.20.AQ,NET.09,STA.09.AKC,,SPO.09.AKC.5066.6001.1,SPP.09.AKC.5066.6001.1.11325,SAM.09.AKC.5066.6001.1,PM2.5,http://dd.eionet.europa.eu/vocabulary/aq/pollutant/6001,hour,6.5020999800,µg/m3,2018-08-11 07:00:00 +01:00,2018-08-11 08:00:00 +01:00,1,1
AT,AT.0008.20.AQ,NET.09,STA.09.AKC,,SPO.09.AKC.5066.6001.1,SPP.09.AKC.5066.6001.1.11325,SAM.09.AKC.5066.6001.1,PM2.5,http://dd.eionet.europa.eu/vocabulary/aq/pollutant/6001,hour,5.5360999000,µg/m3,2018-08-11 08:00:00 +01:00,2018-08-11 09:00:00 +01:00,1,1
AT,AT.0008.20.AQ,NET.09,STA.09.AKC,,SPO.09.AKC.5066.6001.1,SPP.09.AKC.5066.6001.1.11325,SAM.09.AKC.5066.6001.1,PM2.5,http://dd.eionet.europa.eu/vocabulary/aq/pollutant/6001,hour,5.8327503100,µg/m3,2018-08-11 09:00:00 +01:00,2018-08-11 10:00:00 +01:00,1,1
AT,AT.0008.20.AQ,NET.09,STA.09.AKC,,SPO.09.AKC.5066.6001.1,SPP.09.AKC.5066.6001.1.11325,SAM.09.AKC.5066.6001.1,PM2.5,http://dd.eionet.europa.eu/vocabulary/aq/pollutant/6001,hour,5.4505000000,µg/m3,2018-08-11 10:00:00 +01:00,2018-08-11 11:00:00 +01:00,1,1
AT,AT.0008.20.AQ,NET.09,STA.09.AKC,,SPO.09.AKC.5066.6001.1,SPP.09.AKC.5066.6001.1.11325,SAM.09.AKC.5066.6001.1,PM2.5,http://dd.eionet.europa.eu/vocabulary/aq/pollutant/6001,hour,5.4658999300,µg/m3,2018-08-11 11:00:00 +01:00,2018-08-11 12:00:00 +01:00,1,1
AT,AT.0008.20.AQ,NET.09,STA.09.AKC,,SPO.09.AKC.5066.6001.1,SPP.09.AKC.5066.6001.1.11325,SAM.09.AKC.5066.6001.1,PM2.5,http://dd.eionet.europa.eu/vocabulary/aq/pollutant/6001,hour,3.4560999700,µg/m3,2018-08-11 13:00:00 +01:00,2018-08-11 14:00:00 +01:00,1,1
AT,AT.0008.20.AQ,NET.09,STA.09.AKC,,SPO.09.AKC.5066.6001.1,SPP.09.AKC.5066.6001.1.11325,SAM.09.AKC.5066.6001.1,PM2.5,http://dd.eionet.europa.eu/vocabulary/aq/pollutant/6001,hour,3.0759498900,µg/m3,2018-08-11 16:00:00 +01:00,2018-08-11 17:00:00 +01:00,1,1
AT,AT.0008.20.AQ,NET.09,STA.09.AKC,,SPO.09.AKC.5066.6001.1,SPP.09.AKC.5066.6001.1.11325,SAM.09.AKC.5066.6001.1,PM2.5,http://dd.eionet.europa.eu/vocabulary/aq/pollutant/6001,hour,3.4589500300,µg/m3,2018-08-11 21:00:00 +01:00,2018-08-11 22:00:00 +01:00,1,1
AT,AT.0008.20.AQ,NET.09,STA.09.AKC,,SPO.09.AKC.5066.6001.1,SPP.09.AKC.5066.6001.1.11325,SAM.09.AKC.5066.6001.1,PM2.5,http://dd.eionet.europa.eu/vocabulary/aq/pollutant/6001,hour,3.6816000800,µg/m3,2018-08-11 22:00:00 +01:00,2018-08-11 23:00:00 +01:00,1,1
AT,AT.0008.20.AQ,NET.09,STA.09.AKC,,SPO.09.AKC.5066.6001.1,SPP.09.AKC.5066.6001.1.11325,SAM.09.AKC.5066.6001.1,PM2.5,http://dd.eionet.europa.eu/vocabulary/aq/pollutant/6001,hour,4.3949003100,µg/m3,2018-08-12 05:00:00 +01:00,2018-08-12 06:00:00 +01:00,1,1
AT,AT.0008.20.AQ,NET.09,STA.09.AKC,,SPO.09.AKC.5066.6001.1,SPP.09.AKC.5066.6001.1.11325,SAM.09.AKC.5066.6001.1,PM2.5,http://dd.eionet.europa.eu/vocabulary/aq/pollutant/6001,hour,3.7189497800,µg/m3,2018-08-12 08:00:00 +01:00,2018-08-12 09:00:00 +01:00,1,1
AT,AT.0008.20.AQ,NET.09,STA.09.AKC,,SPO.09.AKC.5066.6001.1,SPP.09.AKC.5066.6001.1.11325,SAM.09.AKC.5066.6001.1,PM2.5,http://dd.eionet.europa.eu/vocabulary/aq/pollutant/6001,hour,3.3424501300,µg/m3,2018-08-12 09:00:00 +01:00,2018-08-12 10:00:00 +01:00,1,1
AT,AT.0008.20.AQ,NET.09,STA.09.AKC,,SPO.09.AKC.5066.6001.1,SPP.09.AKC.5066.6001.1.11325,SAM.09.AKC.5066.6001.1,PM2.5,http://dd.eionet.europa.eu/vocabulary/aq/pollutant/6001,hour,3.0339000100,µg/m3,2018-08-12 10:00:00 +01:00,2018-08-12 11:00:00 +01:00,1,1
AT,AT.0008.20.AQ,NET.09,STA.09.AKC,,SPO.09.AKC.5066.6001.1,SPP.09.AKC.5066.6001.1.11325,SAM.09.AKC.5066.6001.1,PM2.5,http://dd.eionet.europa.eu/vocabulary/aq/pollutant/6001,hour,2.9456500900,µg/m3,2018-08-12 12:00:00 +01:00,2018-08-12 13:00:00 +01:00,1,1
AT,AT.0008.20.AQ,NET.09,STA.09.AKC,,SPO.09.AKC.5066.6001.1,SPP.09.AKC.5066.6001.1.11325,SAM.09.AKC.5066.6001.1,PM2.5,http://dd.eionet.europa.eu/vocabulary/aq/pollutant/6001,hour,3.1101000200,µg/m3,2018-08-12 15:00:00 +01:00,2018-08-12 16:00:00 +01:00,1,1
AT,AT.0008.20.AQ,NET.09,STA.09.AKC,,SPO.09.AKC.5066.6001.1,SPP.09.AKC.5066.6001.1.11325,SAM.09.AKC.5066.6001.1,PM2.5,http://dd.eionet.europa.eu/vocabulary/aq/pollutant/6001,hour,3.5214500300,µg/m3,2018-08-12 16:00:00 +01:00,2018-08-12 17:00:00 +01:00,1,1
AT,AT.0008.20.AQ,NET.09,STA.09.AKC,,SPO.09.AKC.5066.6001.1,SPP.09.AKC.5066.6001.1.11325,SAM.09.AKC.5066.6001.1,PM2.5,http://dd.eionet.europa.eu/vocabulary/aq/pollutant/6001,hour,3.8088498000,µg/m3,2018-08-12 17:00:00 +01:00,2018-08-12 18:00:00 +01:00,1,1
AT,AT.0008.20.AQ,NET.09,STA.09.AKC,,SPO.09.AKC.5066.6001.1,SPP.09.AKC.5066.6001.1.11325,SAM.09.AKC.5066.6001.1,PM2.5,http://dd.eionet.europa.eu/vocabulary/aq/pollutant/6001,hour,4.2516498400,µg/m3,2018-08-12 18:00:00 +01:00,2018-08-12 19:00:00 +01:00,1,1
AT,AT.0008.20.AQ,NET.09,STA.09.AKC,,SPO.09.AKC.5066.6001.1,SPP.09.AKC.5066.6001.1.11325,SAM.09.AKC.5066.6001.1,PM2.5,http://dd.eionet.europa.eu/vocabulary/aq/pollutant/6001,hour,5.6015500900,µg/m3,2018-08-12 22:00:00 +01:00,2018-08-12 23:00:00 +01:00,1,1
AT,AT.0008.20.AQ,NET.09,STA.09.AKC,,SPO.09.AKC.5066.6001.1,SPP.09.AKC.5066.6001.1.11325,SAM.09.AKC.5066.6001.1,PM2.5,http://dd.eionet.europa.eu/vocabulary/aq/pollutant/6001,hour,7.4884500400,µg/m3,2018-08-13 01:00:00 +01:00,2018-08-13 02:00:00 +01:00,1,1
AT,AT.0008.20.AQ,NET.09,STA.09.AKC,,SPO.09.AKC.5066.6001.1,SPP.09.AKC.5066.6001.1.11325,SAM.09.AKC.5066.6001.1,PM2.5,http://dd.eionet.europa.eu/vocabulary/aq/pollutant/6001,hour,9.1764001700,µg/m3,2018-08-13 07:00:00 +01:00,2018-08-13 08:00:00 +01:00,1,1
AT,AT.0008.20.AQ,NET.09,STA.09.AKC,,SPO.09.AKC.5066.6001.1,SPP.09.AKC.5066.6001.1.11325,SAM.09.AKC.5066.6001.1,PM2.5,http://dd.eionet.europa.eu/vocabulary/aq/pollutant/6001,hour,8.4360999900,µg/m3,2018-08-13 09:00:00 +01:00,2018-08-13 10:00:00 +01:00,1,1
AT,AT.0008.20.AQ,NET.09,STA.09.AKC,,SPO.09.AKC.5066.6001.1,SPP.09.AKC.5066.6001.1.11325,SAM.09.AKC.5066.6001.1,PM2.5,http://dd.eionet.europa.eu/vocabulary/aq/pollutant/6001,hour,9.6040000800,µg/m3,2018-08-13 10:00:00 +01:00,2018-08-13 11:00:00 +01:00,1,1
AT,AT.0008.20.AQ,NET.09,STA.09.AKC,,SPO.09.AKC.5066.6001.1,SPP.09.AKC.5066.6001.1.11325,SAM.09.AKC.5066.6001.1,PM2.5,http://dd.eionet.europa.eu/vocabulary/aq/pollutant/6001,hour,7.9639501400,µg/m3,2018-08-13 11:00:00 +01:00,2018-08-13 12:00:00 +01:00,1,1
AT,AT.0008.20.AQ,NET.09,STA.09.AKC,,SPO.09.AKC.5066.6001.1,SPP.09.AKC.5066.6001.1.11325,SAM.09.AKC.5066.6001.1,PM2.5,http://dd.eionet.europa.eu/vocabulary/aq/pollutant/6001,hour,6.6085500600,µg/m3,2018-08-13 12:00:00 +01:00,2018-08-13 13:00:00 +01:00,1,1
AT,AT.0008.20.AQ,NET.09,STA.09.AKC,,SPO.09.AKC.5066.6001.1,SPP.09.AKC.5066.6001.1.11325,SAM.09.AKC.5066.6001.1,PM2.5,http://dd.eionet.europa.eu/vocabulary/aq/pollutant/6001,hour,6.2441000800,µg/m3,2018-08-13 13:00:00 +01:00,2018-08-13 14:00:00 +01:00,1,1
AT,AT.0008.20.AQ,NET.09,STA.09.AKC,,SPO.09.AKC.5066.6001.1,SPP.09.AKC.5066.6001.1.11325,SAM.09.AKC.5066.6001.1,PM2.5,http://dd.eionet.europa.eu/vocabulary/aq/pollutant/6001,hour,5.5988998300,µg/m3,2018-08-13 14:00:00 +01:00,2018-08-13 15:00:00 +01:00,1,1
AT,AT.0008.20.AQ,NET.09,STA.09.AKC,,SPO.09.AKC.5066.6001.1,SPP.09.AKC.5066.6001.1.11325,SAM.09.AKC.5066.6001.1,PM2.5,http://dd.eionet.europa.eu/vocabulary/aq/pollutant/6001,hour,5.7508497100,µg/m3,2018-08-13 16:00:00 +01:00,2018-08-13 17:00:00 +01:00,1,1
AT,AT.0008.20.AQ,NET.09,STA.09.AKC,,SPO.09.AKC.5066.6001.1,SPP.09.AKC.5066.6001.1.11325,SAM.09.AKC.5066.6001.1,PM2.5,http://dd.eionet.europa.eu/vocabulary/aq/pollutant/6001,hour,5.9765996800,µg/m3,2018-08-13 17:00:00 +01:00,2018-08-13 18:00:00 +01:00,1,1
AT,AT.0008.20.AQ,NET.09,STA.09.AKC,,SPO.09.AKC.5066.6001.1,SPP.09.AKC.5066.6001.1.11325,SAM.09.AKC.5066.6001.1,PM2.5,http://dd.eionet.europa.eu/vocabulary/aq/pollutant/6001,hour,8.6457500300,µg/m3,2018-08-13 19:00:00 +01:00,2018-08-13 20:00:00 +01:00,1,1
AT,AT.0008.20.AQ,NET.09,STA.09.AKC,,SPO.09.AKC.5066.6001.1,SPP.09.AKC.5066.6001.1.11325,SAM.09.AKC.5066.6001.1,PM2.5,http://dd.eionet.europa.eu/vocabulary/aq/pollutant/6001,hour,5.3137502500,µg/m3,2018-08-13 22:00:00 +01:00,2018-08-13 23:00:00 +01:00,1,1
AT,AT.0008.20.AQ,NET.09,STA.09.AKC,,SPO.09.AKC.5066.6001.1,SPP.09.AKC.5066.6001.1.11325,SAM.09.AKC.5066.6001.1,PM2.5,http://dd.eionet.europa.eu/vocabulary/aq/pollutant/6001,hour,3.5109000100,µg/m3,2018-08-14 00:00:00 +01:00,2018-08-14 01:00:00 +01:00,1,1
AT,AT.0008.20.AQ,NET.09,STA.09.AKC,,SPO.09.AKC.5066.6001.1,SPP.09.AKC.5066.6001.1.11325,SAM.09.AKC.5066.6001.1,PM2.5,http://dd.eionet.europa.eu/vocabulary/aq/pollutant/6001,hour,3.9463000100,µg/m3,2018-08-14 07:00:00 +01:00,2018-08-14 08:00:00 +01:00,1,1
AT,AT.0008.20.AQ,NET.09,STA.09.AKC,,SPO.09.AKC.5066.6001.1,SPP.09.AKC.5066.6001.1.11325,SAM.09.AKC.5066.6001.1,PM2.5,http://dd.eionet.europa.eu/vocabulary/aq/pollutant/6001,hour,7.8318500400,µg/m3,2018-08-14 13:00:00 +01:00,2018-08-14 14:00:00 +01:00,1,1
AT,AT.0008.20.AQ,NET.09,STA.09.AKC,,SPO.09.AKC.5066.6001.1,SPP.09.AKC.5066.6001.1.11325,SAM.09.AKC.5066.6001.1,PM2.5,http://dd.eionet.europa.eu/vocabulary/aq/pollutant/6001,hour,4.6533999300,µg/m3,2018-08-14 15:00:00 +01:00,2018-08-14 16:00:00 +01:00,1,1
AT,AT.0008.20.AQ,NET.09,STA.09.AKC,,SPO.09.AKC.5066.6001.1,SPP.09.AKC.5066.6001.1.11325,SAM.09.AKC.5066.6001.1,PM2.5,http://dd.eionet.europa.eu/vocabulary/aq/pollutant/6001,hour,6.2786998600,µg/m3,2018-08-14 16:00:00 +01:00,2018-08-14 17:00:00 +01:00,1,1
AT,AT.0008.20.AQ,NET.09,STA.09.AKC,,SPO.09.AKC.5066.6001.1,SPP.09.AKC.5066.6001.1.11325,SAM.09.AKC.5066.6001.1,PM2.5,http://dd.eionet.europa.eu/vocabulary/aq/pollutant/6001,hour,5.5566997400,µg/m3,2018-08-14 17:00:00 +01:00,2018-08-14 18:00:00 +01:00,1,1
AT,AT.0008.20.AQ,NET.09,STA.09.AKC,,SPO.09.AKC.5066.6001.1,SPP.09.AKC.5066.6001.1.11325,SAM.09.AKC.5066.6001.1,PM2.5,http://dd.eionet.europa.eu/vocabulary/aq/pollutant/6001,hour,3.5887999400,µg/m3,2018-08-14 20:00:00 +01:00,2018-08-14 21:00:00 +01:00,1,1
AT,AT.0008.20.AQ,NET.09,STA.09.AKC,,SPO.09.AKC.5066.6001.1,SPP.09.AKC.5066.6001.1.11325,SAM.09.AKC.5066.6001.1,PM2.5,http://dd.eionet.europa.eu/vocabulary/aq/pollutant/6001,hour,3.4428000300,µg/m3,2018-08-15 02:00:00 +01:00,2018-08-15 03:00:00 +01:00,1,1
AT,AT.0008.20.AQ,NET.09,STA.09.AKC,,SPO.09.AKC.5066.6001.1,SPP.09.AKC.5066.6001.1.11325,SAM.09.AKC.5066.6001.1,PM2.5,http://dd.eionet.europa.eu/vocabulary/aq/pollutant/6001,hour,4.3748502600,µg/m3,2018-08-15 09:00:00 +01:00,2018-08-15 10:00:00 +01:00,1,1
AT,AT.0008.20.AQ,NET.09,STA.09.AKC,,SPO.09.AKC.5066.6001.1,SPP.09.AKC.5066.6001.1.11325,SAM.09.AKC.5066.6001.1,PM2.5,http://dd.eionet.europa.eu/vocabulary/aq/pollutant/6001,hour,5.2330999200,µg/m3,2018-08-15 10:00:00 +01:00,2018-08-15 11:00:00 +01:00,1,1
AT,AT.0008.20.AQ,NET.09,STA.09.AKC,,SPO.09.AKC.5066.6001.1,SPP.09.AKC.5066.6001.1.11325,SAM.09.AKC.5066.6001.1,PM2.5,http://dd.eionet.europa.eu/vocabulary/aq/pollutant/6001,hour,3.1847998900,µg/m3,2018-08-15 16:00:00 +01:00,2018-08-15 17:00:00 +01:00,1,1
AT,AT.0008.20.AQ,NET.09,STA.09.AKC,,SPO.09.AKC.5066.6001.1,SPP.09.AKC.5066.6001.1.11325,SAM.09.AKC.5066.6001.1,PM2.5,http://dd.eionet.europa.eu/vocabulary/aq/pollutant/6001,hour,4.0669002400,µg/m3,2018-08-15 18:00:00 +01:00,2018-08-15 19:00:00 +01:00,1,1
AT,AT.0008.20.AQ,NET.09,STA.09.AKC,,SPO.09.AKC.5066.6001.1,SPP.09.AKC.5066.6001.1.11325,SAM.09.AKC.5066.6001.1,PM2.5,http://dd.eionet.europa.eu/vocabulary/aq/pollutant/6001,hour,5.0697998900,µg/m3,2018-08-15 21:00:00 +01:00,2018-08-15 22:00:00 +01:00,1,1
AT,AT.0008.20.AQ,NET.09,STA.09.AKC,,SPO.09.AKC.5066.6001.1,SPP.09.AKC.5066.6001.1.11325,SAM.09.AKC.5066.6001.1,PM2.5,http://dd.eionet.europa.eu/vocabulary/aq/pollutant/6001,hour,5.3499498200,µg/m3,2018-08-16 00:00:00 +01:00,2018-08-16 01:00:00 +01:00,1,1
AT,AT.0008.20.AQ,NET.09,STA.09.AKC,,SPO.09.AKC.5066.6001.1,SPP.09.AKC.5066.6001.1.11325,SAM.09.AKC.5066.6001.1,PM2.5,http://dd.eionet.europa.eu/vocabulary/aq/pollutant/6001,hour,4.6907501100,µg/m3,2018-08-16 01:00:00 +01:00,2018-08-16 02:00:00 +01:00,1,1
AT,AT.0008.20.AQ,NET.09,STA.09.AKC,,SPO.09.AKC.5066.6001.1,SPP.09.AKC.5066.6001.1.11325,SAM.09.AKC.5066.6001.1,PM2.5,http://dd.eionet.europa.eu/vocabulary/aq/pollutant/6001,hour,5.8625998300,µg/m3,2018-08-16 04:00:00 +01:00,2018-08-16 05:00:00 +01:00,1,1
AT,AT.0008.20.AQ,NET.09,STA.09.AKC,,SPO.09.AKC.5066.6001.1,SPP.09.AKC.5066.6001.1.11325,SAM.09.AKC.5066.6001.1,PM2.5,http://dd.eionet.europa.eu/vocabulary/aq/pollutant/6001,hour,6.6560001200,µg/m3,2018-08-16 06:00:00 +01:00,2018-08-16 07:00:00 +01:00,1,1
AT,AT.0008.20.AQ,NET.09,STA.09.AKC,,SPO.09.AKC.5066.6001.1,SPP.09.AKC.5066.6001.1.11325,SAM.09.AKC.5066.6001.1,PM2.5,http://dd.eionet.europa.eu/vocabulary/aq/pollutant/6001,hour,5.3032998900,µg/m3,2018-08-16 11:00:00 +01:00,2018-08-16 12:00:00 +01:00,1,1
AT,AT.0008.20.AQ,NET.09,STA.09.AKC,,SPO.09.AKC.5066.6001.1,SPP.09.AKC.5066.6001.1.11325,SAM.09.AKC.5066.6001.1,PM2.5,http://dd.eionet.europa.eu/vocabulary/aq/pollutant/6001,hour,4.5860996100,µg/m3,2018-08-16 12:00:00 +01:00,2018-08-16 13:00:00 +01:00,1,1
AT,AT.0008.20.AQ,NET.09,STA.09.AKC,,SPO.09.AKC.5066.6001.1,SPP.09.AKC.5066.6001.1.11325,SAM.09.AKC.5066.6001.1,PM2.5,http://dd.eionet.europa.eu/vocabulary/aq/pollutant/6001,hour,4.4094495600,µg/m3,2018-08-16 14:00:00 +01:00,2018-08-16 15:00:00 +01:00,1,1
AT,AT.0008.20.AQ,NET.09,STA.09.AKC,,SPO.09.AKC.5066.6001.1,SPP.09.AKC.5066.6001.1.11325,SAM.09.AKC.5066.6001.1,PM2.5,http://dd.eionet.europa.eu/vocabulary/aq/pollutant/6001,hour,4.0854501600,µg/m3,2018-08-16 17:00:00 +01:00,2018-08-16 18:00:00 +01:00,1,1
AT,AT.0008.20.AQ,NET.09,STA.09.AKC,,SPO.09.AKC.5066.6001.1,SPP.09.AKC.5066.6001.1.11325,SAM.09.AKC.5066.6001.1,PM2.5,http://dd.eionet.europa.eu/vocabulary/aq/pollutant/6001,hour,5.9810500000,µg/m3,2018-08-16 20:00:00 +01:00,2018-08-16 21:00:00 +01:00,1,1
AT,AT.0008.20.AQ,NET.09,STA.09.AKC,,SPO.09.AKC.5066.6001.1,SPP.09.AKC.5066.6001.1.11325,SAM.09.AKC.5066.6001.1,PM2.5,http://dd.eionet.europa.eu/vocabulary/aq/pollutant/6001,hour,5.7566499600,µg/m3,2018-08-16 21:00:00 +01:00,2018-08-16 22:00:00 +01:00,1,1
AT,AT.0008.20.AQ,NET.09,STA.09.AKC,,SPO.09.AKC.5066.6001.1,SPP.09.AKC.5066.6001.1.11325,SAM.09.AKC.5066.6001.1,PM2.5,http://dd.eionet.europa.eu/vocabulary/aq/pollutant/6001,hour,5.8152999700,µg/m3,2018-08-16 22:00:00 +01:00,2018-08-16 23:00:00 +01:00,1,1
AT,AT.0008.20.AQ,NET.09,STA.09.AKC,,SPO.09.AKC.5066.6001.1,SPP.09.AKC.5066.6001.1.11325,SAM.09.AKC.5066.6001.1,PM2.5,http://dd.eionet.europa.eu/vocabulary/aq/pollutant/6001,hour,5.7959499200,µg/m3,2018-08-17 00:00:00 +01:00,2018-08-17 01:00:00 +01:00,1,1
AT,AT.0008.20.AQ,NET.09,STA.09.AKC,,SPO.09.AKC.5066.6001.1,SPP.09.AKC.5066.6001.1.11325,SAM.09.AKC.5066.6001.1,PM2.5,http://dd.eionet.europa.eu/vocabulary/aq/pollutant/6001,hour,7.2430500800,µg/m3,2018-08-17 02:00:00 +01:00,2018-08-17 03:00:00 +01:00,1,1
AT,AT.0008.20.AQ,NET.09,STA.09.AKC,,SPO.09.AKC.5066.6001.1,SPP.09.AKC.5066.6001.1.11325,SAM.09.AKC.5066.6001.1,PM2.5,http://dd.eionet.europa.eu/vocabulary/aq/pollutant/6001,hour,9.5228004300,µg/m3,2018-08-17 04:00:00 +01:00,2018-08-17 05:00:00 +01:00,1,1
AT,AT.0008.20.AQ,NET.09,STA.09.AKC,,SPO.09.AKC.5066.6001.1,SPP.09.AKC.5066.6001.1.11325,SAM.09.AKC.5066.6001.1,PM2.5,http://dd.eionet.europa.eu/vocabulary/aq/pollutant/6001,hour,10.7729997500,µg/m3,2018-08-17 07:00:00 +01:00,2018-08-17 08:00:00 +01:00,1,1
AT,AT.0008.20.AQ,NET.09,STA.09.AKC,,SPO.09.AKC.5066.6001.1,SPP.09.AKC.5066.6001.1.11325,SAM.09.AKC.5066.6001.1,PM2.5,http://dd.eionet.europa.eu/vocabulary/aq/pollutant/6001,hour,8.7284498100,µg/m3,2018-08-17 08:00:00 +01:00,2018-08-17 09:00:00 +01:00,1,1
AT,AT.0008.20.AQ,NET.09,STA.09.AKC,,SPO.09.AKC.5066.6001.1,SPP.09.AKC.5066.6001.1.11325,SAM.09.AKC.5066.6001.1,PM2.5,http://dd.eionet.europa.eu/vocabulary/aq/pollutant/6001,hour,7.3277501900,µg/m3,2018-08-17 10:00:00 +01:00,2018-08-17 11:00:00 +01:00,1,1
AT,AT.0008.20.AQ,NET.09,STA.09.AKC,,SPO.09.AKC.5066.6001.1,SPP.09.AKC.5066.6001.1.11325,SAM.09.AKC.5066.6001.1,PM2.5,http://dd.eionet.europa.eu/vocabulary/aq/pollutant/6001,hour,4.5952000500,µg/m3,2018-08-17 11:00:00 +01:00,2018-08-17 12:00:00 +01:00,1,1
AT,AT.0008.20.AQ,NET.09,STA.09.AKC,,SPO.09.AKC.5066.6001.1,SPP.09.AKC.5066.6001.1.11325,SAM.09.AKC.5066.6001.1,PM2.5,http://dd.eionet.europa.eu/vocabulary/aq/pollutant/6001,hour,4.7279996700,µg/m3,2018-08-17 12:00:00 +01:00,2018-08-17 13:00:00 +01:00,1,1
AT,AT.0008.20.AQ,NET.09,STA.09.AKC,,SPO.09.AKC.5066.6001.1,SPP.09.AKC.5066.6001.1.11325,SAM.09.AKC.5066.6001.1,PM2.5,http://dd.eionet.europa.eu/vocabulary/aq/pollutant/6001,hour,4.6802997400,µg/m3,2018-08-17 13:00:00 +01:00,2018-08-17 14:00:00 +01:00,1,1
AT,AT.0008.20.AQ,NET.09,STA.09.AKC,,SPO.09.AKC.5066.6001.1,SPP.09.AKC.5066.6001.1.11325,SAM.09.AKC.5066.6001.1,PM2.5,http://dd.eionet.europa.eu/vocabulary/aq/pollutant/6001,hour,4.5520501000,µg/m3,2018-08-17 14:00:00 +01:00,2018-08-17 15:00:00 +01:00,1,1
AT,AT.0008.20.AQ,NET.09,STA.09.AKC,,SPO.09.AKC.5066.6001.1,SPP.09.AKC.5066.6001.1.11325,SAM.09.AKC.5066.6001.1,PM2.5,http://dd.eionet.europa.eu/vocabulary/aq/pollutant/6001,hour,4.4414501000,µg/m3,2018-08-17 15:00:00 +01:00,2018-08-17 16:00:00 +01:00,1,1
AT,AT.0008.20.AQ,NET.09,STA.09.AKC,,SPO.09.AKC.5066.6001.1,SPP.09.AKC.5066.6001.1.11325,SAM.09.AKC.5066.6001.1,PM2.5,http://dd.eionet.europa.eu/vocabulary/aq/pollutant/6001,hour,4.3603501200,µg/m3,2018-08-17 16:00:00 +01:00,2018-08-17 17:00:00 +01:00,1,1
AT,AT.0008.20.AQ,NET.09,STA.09.AKC,,SPO.09.AKC.5066.6001.1,SPP.09.AKC.5066.6001.1.11325,SAM.09.AKC.5066.6001.1,PM2.5,http://dd.eionet.europa.eu/vocabulary/aq/pollutant/6001,hour,4.8042001600,µg/m3,2018-08-17 17:00:00 +01:00,2018-08-17 18:00:00 +01:00,1,1
AT,AT.0008.20.AQ,NET.09,STA.09.AKC,,SPO.09.AKC.5066.6001.1,SPP.09.AKC.5066.6001.1.11325,SAM.09.AKC.5066.6001.1,PM2.5,http://dd.eionet.europa.eu/vocabulary/aq/pollutant/6001,hour,7.4851503200,µg/m3,2018-08-17 22:00:00 +01:00,2018-08-17 23:00:00 +01:00,1,1
AT,AT.0008.20.AQ,NET.09,STA.09.AKC,,SPO.09.AKC.5066.6001.1,SPP.09.AKC.5066.6001.1.11325,SAM.09.AKC.5066.6001.1,PM2.5,http://dd.eionet.europa.eu/vocabulary/aq/pollutant/6001,hour,8.5655002400,µg/m3,2018-08-18 00:00:00 +01:00,2018-08-18 01:00:00 +01:00,1,1
AT,AT.0008.20.AQ,NET.09,STA.09.AKC,,SPO.09.AKC.5066.6001.1,SPP.09.AKC.5066.6001.1.11325,SAM.09.AKC.5066.6001.1,PM2.5,http://dd.eionet.europa.eu/vocabulary/aq/pollutant/6001,hour,8.8073997300,µg/m3,2018-08-18 03:00:00 +01:00,2018-08-18 04:00:00 +01:00,1,1
AT,AT.0008.20.AQ,NET.09,STA.09.AKC,,SPO.09.AKC.5066.6001.1,SPP.09.AKC.5066.6001.1.11325,SAM.09.AKC.5066.6001.1,PM2.5,http://dd.eionet.europa.eu/vocabulary/aq/pollutant/6001,hour,9.0689506400,µg/m3,2018-08-18 07:00:00 +01:00,2018-08-18 08:00:00 +01:00,1,1
AT,AT.0008.20.AQ,NET.09,STA.09.AKC,,SPO.09.AKC.5066.6001.1,SPP.09.AKC.5066.6001.1.11325,SAM.09.AKC.5066.6001.1,PM2.5,http://dd.eionet.europa.eu/vocabulary/aq/pollutant/6001,hour,9.0268497300,µg/m3,2018-08-18 08:00:00 +01:00,2018-08-18 09:00:00 +01:00,1,1
AT,AT.0008.20.AQ,NET.09,STA.09.AKC,,SPO.09.AKC.5066.6001.1,SPP.09.AKC.5066.6001.1.11325,SAM.09.AKC.5066.6001.1,PM2.5,http://dd.eionet.europa.eu/vocabulary/aq/pollutant/6001,hour,5.6954998800,µg/m3,2018-08-18 11:00:00 +01:00,2018-08-18 12:00:00 +01:00,1,1
AT,AT.0008.20.AQ,NET.09,STA.09.AKC,,SPO.09.AKC.5066.6001.1,SPP.09.AKC.5066.6001.1.11325,SAM.09.AKC.5066.6001.1,PM2.5,http://dd.eionet.europa.eu/vocabulary/aq/pollutant/6001,hour,4.8586501900,µg/m3,2018-08-18 13:00:00 +01:00,2018-08-18 14:00:00 +01:00,1,1
AT,AT.0008.20.AQ,NET.09,STA.09.AKC,,SPO.09.AKC.5066.6001.1,SPP.09.AKC.5066.6001.1.11325,SAM.09.AKC.5066.6001.1,PM2.5,http://dd.eionet.europa.eu/vocabulary/aq/pollutant/6001,hour,4.4390497100,µg/m3,2018-08-18 14:00:00 +01:00,2018-08-18 15:00:00 +01:00,1,1
AT,AT.0008.20.AQ,NET.09,STA.09.AKC,,SPO.09.AKC.5066.6001.1,SPP.09.AKC.5066.6001.1.11325,SAM.09.AKC.5066.6001.1,PM2.5,http://dd.eionet.europa.eu/vocabulary/aq/pollutant/6001,hour,4.4344000700,µg/m3,2018-08-18 15:00:00 +01:00,2018-08-18 16:00:00 +01:00,1,1
AT,AT.0008.20.AQ,NET.09,STA.09.AKC,,SPO.09.AKC.5066.6001.1,SPP.09.AKC.5066.6001.1.11325,SAM.09.AKC.5066.6001.1,PM2.5,http://dd.eionet.europa.eu/vocabulary/aq/pollutant/6001,hour,8.0534496200,µg/m3,2018-08-18 22:00:00 +01:00,2018-08-18 23:00:00 +01:00,1,1
AT,AT.0008.20.AQ,NET.09,STA.09.AKC,,SPO.09.AKC.5066.6001.1,SPP.09.AKC.5066.6001.1.11325,SAM.09.AKC.5066.6001.1,PM2.5,http://dd.eionet.europa.eu/vocabulary/aq/pollutant/6001,hour,7.7723498200,µg/m3,2018-08-19 00:00:00 +01:00,2018-08-19 01:00:00 +01:00,1,1
AT,AT.0008.20.AQ,NET.09,STA.09.AKC,,SPO.09.AKC.5066.6001.1,SPP.09.AKC.5066.6001.1.11325,SAM.09.AKC.5066.6001.1,PM2.5,http://dd.eionet.europa.eu/vocabulary/aq/pollutant/6001,hour,7.2276496700,µg/m3,2018-08-19 01:00:00 +01:00,2018-08-19 02:00:00 +01:00,1,1
AT,AT.0008.20.AQ,NET.09,STA.09.AKC,,SPO.09.AKC.5066.6001.1,SPP.09.AKC.5066.6001.1.11325,SAM.09.AKC.5066.6001.1,PM2.5,http://dd.eionet.europa.eu/vocabulary/aq/pollutant/6001,hour,7.6718501900,µg/m3,2018-08-19 02:00:00 +01:00,2018-08-19 03:00:00 +01:00,1,1
AT,AT.0008.20.AQ,NET.09,STA.09.AKC,,SPO.09.AKC.5066.6001.1,SPP.09.AKC.5066.6001.1.11325,SAM.09.AKC.5066.6001.1,PM2.5,http://dd.eionet.europa.eu/vocabulary/aq/pollutant/6001,hour,8.8136501200,µg/m3,2018-08-19 07:00:00 +01:00,2018-08-19 08:00:00 +01:00,1,1
AT,AT.0008.20.AQ,NET.09,STA.09.AKC,,SPO.09.AKC.5066.6001.1,SPP.09.AKC.5066.6001.1.11325,SAM.09.AKC.5066.6001.1,PM2.5,http://dd.eionet.europa.eu/vocabulary/aq/pollutant/6001,hour,8.7476005400,µg/m3,2018-08-19 09:00:00 +01:00,2018-08-19 10:00:00 +01:00,1,1
AT,AT.0008.20.AQ,NET.09,STA.09.AKC,,SPO.09.AKC.5066.6001.1,SPP.09.AKC.5066.6001.1.11325,SAM.09.AKC.5066.6001.1,PM2.5,http://dd.eionet.europa.eu/vocabulary/aq/pollutant/6001,hour,6.4996499900,µg/m3,2018-08-19 12:00:00 +01:00,2018-08-19 13:00:00 +01:00,1,1
AT,AT.0008.20.AQ,NET.09,STA.09.AKC,,SPO.09.AKC.5066.6001.1,SPP.09.AKC.5066.6001.1.11325,SAM.09.AKC.5066.6001.1,PM2.5,http://dd.eionet.europa.eu/vocabulary/aq/pollutant/6001,hour,6.2014999200,µg/m3,2018-08-19 13:00:00 +01:00,2018-08-19 14:00:00 +01:00,1,1
AT,AT.0008.20.AQ,NET.09,STA.09.AKC,,SPO.09.AKC.5066.6001.1,SPP.09.AKC.5066.6001.1.11325,SAM.09.AKC.5066.6001.1,PM2.5,http://dd.eionet.europa.eu/vocabulary/aq/pollutant/6001,hour,5.2507500500,µg/m3,2018-08-19 16:00:00 +01:00,2018-08-19 17:00:00 +01:00,1,1
AT,AT.0008.20.AQ,NET.09,STA.09.AKC,,SPO.09.AKC.5066.6001.1,SPP.09.AKC.5066.6001.1.11325,SAM.09.AKC.5066.6001.1,PM2.5,http://dd.eionet.europa.eu/vocabulary/aq/pollutant/6001,hour,5.2430496100,µg/m3,2018-08-19 17:00:00 +01:00,2018-08-19 18:00:00 +01:00,1,1
AT,AT.0008.20.AQ,NET.09,STA.09.AKC,,SPO.09.AKC.5066.6001.1,SPP.09.AKC.5066.6001.1.11325,SAM.09.AKC.5066.6001.1,PM2.5,http://dd.eionet.europa.eu/vocabulary/aq/pollutant/6001,hour,9.0977001000,µg/m3,2018-08-19 22:00:00 +01:00,2018-08-19 23:00:00 +01:00,1,1
AT,AT.0008.20.AQ,NET.09,STA.09.AKC,,SPO.09.AKC.5066.6001.1,SPP.09.AKC.5066.6001.1.11325,SAM.09.AKC.5066.6001.1,PM2.5,http://dd.eionet.europa.eu/vocabulary/aq/pollutant/6001,hour,7.2578496800,µg/m3,2018-08-20 11:00:00 +01:00,2018-08-20 12:00:00 +01:00,1,1
AT,AT.0008.20.AQ,NET.09,STA.09.AKC,,SPO.09.AKC.5066.6001.1,SPP.09.AKC.5066.6001.1.11325,SAM.09.AKC.5066.6001.1,PM2.5,http://dd.eionet.europa.eu/vocabulary/aq/pollutant/6001,hour,6.4711999700,µg/m3,2018-08-20 14:00:00 +01:00,2018-08-20 15:00:00 +01:00,1,1
AT,AT.0008.20.AQ,NET.09,STA.09.AKC,,SPO.09.AKC.5066.6001.1,SPP.09.AKC.5066.6001.1.11325,SAM.09.AKC.5066.6001.1,PM2.5,http://dd.eionet.europa.eu/vocabulary/aq/pollutant/6001,hour,7.1142001000,µg/m3,2018-08-20 21:00:00 +01:00,2018-08-20 22:00:00 +01:00,1,1
AT,AT.0008.20.AQ,NET.09,STA.09.AKC,,SPO.09.AKC.5066.6001.1,SPP.09.AKC.5066.6001.1.11325,SAM.09.AKC.5066.6001.1,PM2.5,http://dd.eionet.europa.eu/vocabulary/aq/pollutant/6001,hour,7.4580497600,µg/m3,2018-08-20 22:00:00 +01:00,2018-08-20 23:00:00 +01:00,1,1
AT,AT.0008.20.AQ,NET.09,STA.09.AKC,,SPO.09.AKC.5066.6001.1,SPP.09.AKC.5066.6001.1.11325,SAM.09.AKC.5066.6001.1,PM2.5,http://dd.eionet.europa.eu/vocabulary/aq/pollutant/6001,hour,7.1912002400,µg/m3,2018-08-21 11:00:00 +01:00,2018-08-21 12:00:00 +01:00,1,1
AT,AT.0008.20.AQ,NET.09,STA.09.AKC,,SPO.09.AKC.5066.6001.1,SPP.09.AKC.5066.6001.1.11325,SAM.09.AKC.5066.6001.1,PM2.5,http://dd.eionet.europa.eu/vocabulary/aq/pollutant/6001,hour,6.8586501900,µg/m3,2018-08-21 12:00:00 +01:00,2018-08-21 13:00:00 +01:00,1,1
AT,AT.0008.20.AQ,NET.09,STA.09.AKC,,SPO.09.AKC.5066.6001.1,SPP.09.AKC.5066.6001.1.11325,SAM.09.AKC.5066.6001.1,PM2.5,http://dd.eionet.europa.eu/vocabulary/aq/pollutant/6001,hour,5.5344495600,µg/m3,2018-08-21 16:00:00 +01:00,2018-08-21 17:00:00 +01:00,1,1
AT,AT.0008.20.AQ,NET.09,STA.09.AKC,,SPO.09.AKC.5066.6001.1,SPP.09.AKC.5066.6001.1.11325,SAM.09.AKC.5066.6001.1,PM2.5,http://dd.eionet.europa.eu/vocabulary/aq/pollutant/6001,hour,5.8899998500,µg/m3,2018-08-21 17:00:00 +01:00,2018-08-21 18:00:00 +01:00,1,1
AT,AT.0008.20.AQ,NET.09,STA.09.AKC,,SPO.09.AKC.5066.6001.1,SPP.09.AKC.5066.6001.1.11325,SAM.09.AKC.5066.6001.1,PM2.5,http://dd.eionet.europa.eu/vocabulary/aq/pollutant/6001,hour,5.8663501600,µg/m3,2018-08-21 19:00:00 +01:00,2018-08-21 20:00:00 +01:00,1,1
AT,AT.0008.20.AQ,NET.09,STA.09.AKC,,SPO.09.AKC.5066.6001.1,SPP.09.AKC.5066.6001.1.11325,SAM.09.AKC.5066.6001.1,PM2.5,http://dd.eionet.europa.eu/vocabulary/aq/pollutant/6001,hour,5.8889999200,µg/m3,2018-08-21 22:00:00 +01:00,2018-08-21 23:00:00 +01:00,1,1
AT,AT.0008.20.AQ,NET.09,STA.09.AKC,,SPO.09.AKC.5066.6001.1,SPP.09.AKC.5066.6001.1.11325,SAM.09.AKC.5066.6001.1,PM2.5,http://dd.eionet.europa.eu/vocabulary/aq/pollutant/6001,hour,6.9424500300,µg/m3,2018-08-22 04:00:00 +01:00,2018-08-22 05:00:00 +01:00,1,1
AT,AT.0008.20.AQ,NET.09,STA.09.AKC,,SPO.09.AKC.5066.6001.1,SPP.09.AKC.5066.6001.1.11325,SAM.09.AKC.5066.6001.1,PM2.5,http://dd.eionet.europa.eu/vocabulary/aq/pollutant/6001,hour,7.5529498900,µg/m3,2018-08-22 05:00:00 +01:00,2018-08-22 06:00:00 +01:00,1,1
AT,AT.0008.20.AQ,NET.09,STA.09.AKC,,SPO.09.AKC.5066.6001.1,SPP.09.AKC.5066.6001.1.11325,SAM.09.AKC.5066.6001.1,PM2.5,http://dd.eionet.europa.eu/vocabulary/aq/pollutant/6001,hour,8.5583495900,µg/m3,2018-08-22 06:00:00 +01:00,2018-08-22 07:00:00 +01:00,1,1
AT,AT.0008.20.AQ,NET.09,STA.09.AKC,,SPO.09.AKC.5066.6001.1,SPP.09.AKC.5066.6001.1.11325,SAM.09.AKC.5066.6001.1,PM2.5,http://dd.eionet.europa.eu/vocabulary/aq/pollutant/6001,hour,8.7553996900,µg/m3,2018-08-22 08:00:00 +01:00,2018-08-22 09:00:00 +01:00,1,1
AT,AT.0008.20.AQ,NET.09,STA.09.AKC,,SPO.09.AKC.5066.6001.1,SPP.09.AKC.5066.6001.1.11325,SAM.09.AKC.5066.6001.1,PM2.5,http://dd.eionet.europa.eu/vocabulary/aq/pollutant/6001,hour,8.7356500500,µg/m3,2018-08-22 09:00:00 +01:00,2018-08-22 10:00:00 +01:00,1,1
AT,AT.0008.20.AQ,NET.09,STA.09.AKC,,SPO.09.AKC.5066.6001.1,SPP.09.AKC.5066.6001.1.11325,SAM.09.AKC.5066.6001.1,PM2.5,http://dd.eionet.europa.eu/vocabulary/aq/pollutant/6001,hour,7.9106502400,µg/m3,2018-08-22 11:00:00 +01:00,2018-08-22 12:00:00 +01:00,1,1
AT,AT.0008.20.AQ,NET.09,STA.09.AKC,,SPO.09.AKC.5066.6001.1,SPP.09.AKC.5066.6001.1.11325,SAM.09.AKC.5066.6001.1,PM2.5,http://dd.eionet.europa.eu/vocabulary/aq/pollutant/6001,hour,6.3565997900,µg/m3,2018-08-22 13:00:00 +01:00,2018-08-22 14:00:00 +01:00,1,1
AT,AT.0008.20.AQ,NET.09,STA.09.AKC,,SPO.09.AKC.5066.6001.1,SPP.09.AKC.5066.6001.1.11325,SAM.09.AKC.5066.6001.1,PM2.5,http://dd.eionet.europa.eu/vocabulary/aq/pollutant/6001,hour,6.1582498400,µg/m3,2018-08-22 14:00:00 +01:00,2018-08-22 15:00:00 +01:00,1,1
AT,AT.0008.20.AQ,NET.09,STA.09.AKC,,SPO.09.AKC.5066.6001.1,SPP.09.AKC.5066.6001.1.11325,SAM.09.AKC.5066.6001.1,PM2.5,http://dd.eionet.europa.eu/vocabulary/aq/pollutant/6001,hour,6.2026500600,µg/m3,2018-08-22 15:00:00 +01:00,2018-08-22 16:00:00 +01:00,1,1
AT,AT.0008.20.AQ,NET.09,STA.09.AKC,,SPO.09.AKC.5066.6001.1,SPP.09.AKC.5066.6001.1.11325,SAM.09.AKC.5066.6001.1,PM2.5,http://dd.eionet.europa.eu/vocabulary/aq/pollutant/6001,hour,7.5161499800,µg/m3,2018-08-22 19:00:00 +01:00,2018-08-22 20:00:00 +01:00,1,1
AT,AT.0008.20.AQ,NET.09,STA.09.AKC,,SPO.09.AKC.5066.6001.1,SPP.09.AKC.5066.6001.1.11325,SAM.09.AKC.5066.6001.1,PM2.5,http://dd.eionet.europa.eu/vocabulary/aq/pollutant/6001,hour,8.4516000600,µg/m3,2018-08-22 20:00:00 +01:00,2018-08-22 21:00:00 +01:00,1,1
AT,AT.0008.20.AQ,NET.09,STA.09.AKC,,SPO.09.AKC.5066.6001.1,SPP.09.AKC.5066.6001.1.11325,SAM.09.AKC.5066.6001.1,PM2.5,http://dd.eionet.europa.eu/vocabulary/aq/pollutant/6001,hour,8.8094501300,µg/m3,2018-08-22 23:00:00 +01:00,2018-08-23 00:00:00 +01:00,1,1
AT,AT.0008.20.AQ,NET.09,STA.09.AKC,,SPO.09.AKC.5066.6001.1,SPP.09.AKC.5066.6001.1.11325,SAM.09.AKC.5066.6001.1,PM2.5,http://dd.eionet.europa.eu/vocabulary/aq/pollutant/6001,hour,9.5326499800,µg/m3,2018-08-23 00:00:00 +01:00,2018-08-23 01:00:00 +01:00,1,1
AT,AT.0008.20.AQ,NET.09,STA.09.AKC,,SPO.09.AKC.5066.6001.1,SPP.09.AKC.5066.6001.1.11325,SAM.09.AKC.5066.6001.1,PM2.5,http://dd.eionet.europa.eu/vocabulary/aq/pollutant/6001,hour,11.9425001000,µg/m3,2018-08-23 01:00:00 +01:00,2018-08-23 02:00:00 +01:00,1,1
AT,AT.0008.20.AQ,NET.09,STA.09.AKC,,SPO.09.AKC.5066.6001.1,SPP.09.AKC.5066.6001.1.11325,SAM.09.AKC.5066.6001.1,PM2.5,http://dd.eionet.europa.eu/vocabulary/aq/pollutant/6001,hour,11.8140001100,µg/m3,2018-08-23 06:00:00 +01:00,2018-08-23 07:00:00 +01:00,1,1
AT,AT.0008.20.AQ,NET.09,STA.09.AKC,,SPO.09.AKC.5066.6001.1,SPP.09.AKC.5066.6001.1.11325,SAM.09.AKC.5066.6001.1,PM2.5,http://dd.eionet.europa.eu/vocabulary/aq/pollutant/6001,hour,12.3964996200,µg/m3,2018-08-23 07:00:00 +01:00,2018-08-23 08:00:00 +01:00,1,1
AT,AT.0008.20.AQ,NET.09,STA.09.AKC,,SPO.09.AKC.5066.6001.1,SPP.09.AKC.5066.6001.1.11325,SAM.09.AKC.5066.6001.1,PM2.5,http://dd.eionet.europa.eu/vocabulary/aq/pollutant/6001,hour,9.2001495200,µg/m3,2018-08-23 12:00:00 +01:00,2018-08-23 13:00:00 +01:00,1,1
AT,AT.0008.20.AQ,NET.09,STA.09.AKC,,SPO.09.AKC.5066.6001.1,SPP.09.AKC.5066.6001.1.11325,SAM.09.AKC.5066.6001.1,PM2.5,http://dd.eionet.europa.eu/vocabulary/aq/pollutant/6001,hour,8.1153001600,µg/m3,2018-08-23 14:00:00 +01:00,2018-08-23 15:00:00 +01:00,1,1
AT,AT.0008.20.AQ,NET.09,STA.09.AKC,,SPO.09.AKC.5066.6001.1,SPP.09.AKC.5066.6001.1.11325,SAM.09.AKC.5066.6001.1,PM2.5,http://dd.eionet.europa.eu/vocabulary/aq/pollutant/6001,hour,7.9286498900,µg/m3,2018-08-23 16:00:00 +01:00,2018-08-23 17:00:00 +01:00,1,1
AT,AT.0008.20.AQ,NET.09,STA.09.AKC,,SPO.09.AKC.5066.6001.1,SPP.09.AKC.5066.6001.1.11325,SAM.09.AKC.5066.6001.1,PM2.5,http://dd.eionet.europa.eu/vocabulary/aq/pollutant/6001,hour,7.4808502000,µg/m3,2018-08-23 17:00:00 +01:00,2018-08-23 18:00:00 +01:00,1,1
AT,AT.0008.20.AQ,NET.09,STA.09.AKC,,SPO.09.AKC.5066.6001.1,SPP.09.AKC.5066.6001.1.11325,SAM.09.AKC.5066.6001.1,PM2.5,http://dd.eionet.europa.eu/vocabulary/aq/pollutant/6001,hour,7.8668999500,µg/m3,2018-08-23 18:00:00 +01:00,2018-08-23 19:00:00 +01:00,1,1
AT,AT.0008.20.AQ,NET.09,STA.09.AKC,,SPO.09.AKC.5066.6001.1,SPP.09.AKC.5066.6001.1.11325,SAM.09.AKC.5066.6001.1,PM2.5,http://dd.eionet.europa.eu/vocabulary/aq/pollutant/6001,hour,5.7091998900,µg/m3,2018-08-24 03:00:00 +01:00,2018-08-24 04:00:00 +01:00,1,1
AT,AT.0008.20.AQ,NET.09,STA.09.AKC,,SPO.09.AKC.5066.6001.1,SPP.09.AKC.5066.6001.1.11325,SAM.09.AKC.5066.6001.1,PM2.5,http://dd.eionet.europa.eu/vocabulary/aq/pollutant/6001,hour,7.3829002200,µg/m3,2018-08-24 08:00:00 +01:00,2018-08-24 09:00:00 +01:00,1,1
AT,AT.0008.20.AQ,NET.09,STA.09.AKC,,SPO.09.AKC.5066.6001.1,SPP.09.AKC.5066.6001.1.11325,SAM.09.AKC.5066.6001.1,PM2.5,http://dd.eionet.europa.eu/vocabulary/aq/pollutant/6001,hour,7.3827495400,µg/m3,2018-08-24 09:00:00 +01:00,2018-08-24 10:00:00 +01:00,1,1
AT,AT.0008.20.AQ,NET.09,STA.09.AKC,,SPO.09.AKC.5066.6001.1,SPP.09.AKC.5066.6001.1.11325,SAM.09.AKC.5066.6001.1,PM2.5,http://dd.eionet.europa.eu/vocabulary/aq/pollutant/6001,hour,4.4138002200,µg/m3,2018-08-24 10:00:00 +01:00,2018-08-24 11:00:00 +01:00,1,1
AT,AT.0008.20.AQ,NET.09,STA.09.AKC,,SPO.09.AKC.5066.6001.1,SPP.09.AKC.5066.6001.1.11325,SAM.09.AKC.5066.6001.1,PM2.5,http://dd.eionet.europa.eu/vocabulary/aq/pollutant/6001,hour,7.0864500800,µg/m3,2018-08-24 13:00:00 +01:00,2018-08-24 14:00:00 +01:00,1,1
AT,AT.0008.20.AQ,NET.09,STA.09.AKC,,SPO.09.AKC.5066.6001.1,SPP.09.AKC.5066.6001.1.11325,SAM.09.AKC.5066.6001.1,PM2.5,http://dd.eionet.europa.eu/vocabulary/aq/pollutant/6001,hour,6.9955501400,µg/m3,2018-08-24 16:00:00 +01:00,2018-08-24 17:00:00 +01:00,1,1
AT,AT.0008.20.AQ,NET.09,STA.09.AKC,,SPO.09.AKC.5066.6001.1,SPP.09.AKC.5066.6001.1.11325,SAM.09.AKC.5066.6001.1,PM2.5,http://dd.eionet.europa.eu/vocabulary/aq/pollutant/6001,hour,7.8060502900,µg/m3,2018-08-24 17:00:00 +01:00,2018-08-24 18:00:00 +01:00,1,1
AT,AT.0008.20.AQ,NET.09,STA.09.AKC,,SPO.09.AKC.5066.6001.1,SPP.09.AKC.5066.6001.1.11325,SAM.09.AKC.5066.6001.1,PM2.5,http://dd.eionet.europa.eu/vocabulary/aq/pollutant/6001,hour,6.8590998500,µg/m3,2018-08-24 19:00:00 +01:00,2018-08-24 20:00:00 +01:00,1,1
AT,AT.0008.20.AQ,NET.09,STA.09.AKC,,SPO.09.AKC.5066.6001.1,SPP.09.AKC.5066.6001.1.11325,SAM.09.AKC.5066.6001.1,PM2.5,http://dd.eionet.europa.eu/vocabulary/aq/pollutant/6001,hour,4.7471499300,µg/m3,2018-08-24 21:00:00 +01:00,2018-08-24 22:00:00 +01:00,1,1
AT,AT.0008.20.AQ,NET.09,STA.09.AKC,,SPO.09.AKC.5066.6001.1,SPP.09.AKC.5066.6001.1.11325,SAM.09.AKC.5066.6001.1,PM2.5,http://dd.eionet.europa.eu/vocabulary/aq/pollutant/6001,hour,5.4580497600,µg/m3,2018-08-24 22:00:00 +01:00,2018-08-24 23:00:00 +01:00,1,1
AT,AT.0008.20.AQ,NET.09,STA.09.AKC,,SPO.09.AKC.5066.6001.1,SPP.09.AKC.5066.6001.1.11325,SAM.09.AKC.5066.6001.1,PM2.5,http://dd.eionet.europa.eu/vocabulary/aq/pollutant/6001,hour,6.6528501400,µg/m3,2018-08-24 23:00:00 +01:00,2018-08-25 00:00:00 +01:00,1,1
AT,AT.0008.20.AQ,NET.09,STA.09.AKC,,SPO.09.AKC.5066.6001.1,SPP.09.AKC.5066.6001.1.11325,SAM.09.AKC.5066.6001.1,PM2.5,http://dd.eionet.europa.eu/vocabulary/aq/pollutant/6001,hour,6.6185502900,µg/m3,2018-08-25 02:00:00 +01:00,2018-08-25 03:00:00 +01:00,1,1
AT,AT.0008.20.AQ,NET.09,STA.09.AKC,,SPO.09.AKC.5066.6001.1,SPP.09.AKC.5066.6001.1.11325,SAM.09.AKC.5066.6001.1,PM2.5,http://dd.eionet.europa.eu/vocabulary/aq/pollutant/6001,hour,9.7024001900,µg/m3,2018-08-25 03:00:00 +01:00,2018-08-25 04:00:00 +01:00,1,1
AT,AT.0008.20.AQ,NET.09,STA.09.AKC,,SPO.09.AKC.5066.6001.1,SPP.09.AKC.5066.6001.1.11325,SAM.09.AKC.5066.6001.1,PM2.5,http://dd.eionet.europa.eu/vocabulary/aq/pollutant/6001,hour,10.6129999000,µg/m3,2018-08-25 09:00:00 +01:00,2018-08-25 10:00:00 +01:00,1,1
AT,AT.0008.20.AQ,NET.09,STA.09.AKC,,SPO.09.AKC.5066.6001.1,SPP.09.AKC.5066.6001.1.11325,SAM.09.AKC.5066.6001.1,PM2.5,http://dd.eionet.europa.eu/vocabulary/aq/pollutant/6001,hour,11.3140001100,µg/m3,2018-08-25 10:00:00 +01:00,2018-08-25 11:00:00 +01:00,1,1
AT,AT.0008.20.AQ,NET.09,STA.09.AKC,,SPO.09.AKC.5066.6001.1,SPP.09.AKC.5066.6001.1.11325,SAM.09.AKC.5066.6001.1,PM2.5,http://dd.eionet.europa.eu/vocabulary/aq/pollutant/6001,hour,9.3936996300,µg/m3,2018-08-25 13:00:00 +01:00,2018-08-25 14:00:00 +01:00,1,1
AT,AT.0008.20.AQ,NET.09,STA.09.AKC,,SPO.09.AKC.5066.6001.1,SPP.09.AKC.5066.6001.1.11325,SAM.09.AKC.5066.6001.1,PM2.5,http://dd.eionet.europa.eu/vocabulary/aq/pollutant/6001,hour,9.2399501700,µg/m3,2018-08-25 15:00:00 +01:00,2018-08-25 16:00:00 +01:00,1,1
AT,AT.0008.20.AQ,NET.09,STA.09.AKC,,SPO.09.AKC.5066.6001.1,SPP.09.AKC.5066.6001.1.11325,SAM.09.AKC.5066.6001.1,PM2.5,http://dd.eionet.europa.eu/vocabulary/aq/pollutant/6001,hour,9.9688501200,µg/m3,2018-08-25 17:00:00 +01:00,2018-08-25 18:00:00 +01:00,1,1
AT,AT.0008.20.AQ,NET.09,STA.09.AKC,,SPO.09.AKC.5066.6001.1,SPP.09.AKC.5066.6001.1.11325,SAM.09.AKC.5066.6001.1,PM2.5,http://dd.eionet.europa.eu/vocabulary/aq/pollutant/6001,hour,4.4861497700,µg/m3,2018-08-26 00:00:00 +01:00,2018-08-26 01:00:00 +01:00,1,1
AT,AT.0008.20.AQ,NET.09,STA.09.AKC,,SPO.09.AKC.5066.6001.1,SPP.09.AKC.5066.6001.1.11325,SAM.09.AKC.5066.6001.1,PM2.5,http://dd.eionet.europa.eu/vocabulary/aq/pollutant/6001,hour,2.6139001700,µg/m3,2018-08-26 03:00:00 +01:00,2018-08-26 04:00:00 +01:00,1,1
AT,AT.0008.20.AQ,NET.09,STA.09.AKC,,SPO.09.AKC.5066.6001.1,SPP.09.AKC.5066.6001.1.11325,SAM.09.AKC.5066.6001.1,PM2.5,http://dd.eionet.europa.eu/vocabulary/aq/pollutant/6001,hour,2.6345500800,µg/m3,2018-08-26 04:00:00 +01:00,2018-08-26 05:00:00 +01:00,1,1
AT,AT.0008.20.AQ,NET.09,STA.09.AKC,,SPO.09.AKC.5066.6001.1,SPP.09.AKC.5066.6001.1.11325,SAM.09.AKC.5066.6001.1,PM2.5,http://dd.eionet.europa.eu/vocabulary/aq/pollutant/6001,hour,4.0729999400,µg/m3,2018-08-26 06:00:00 +01:00,2018-08-26 07:00:00 +01:00,1,1
AT,AT.0008.20.AQ,NET.09,STA.09.AKC,,SPO.09.AKC.5066.6001.1,SPP.09.AKC.5066.6001.1.11325,SAM.09.AKC.5066.6001.1,PM2.5,http://dd.eionet.europa.eu/vocabulary/aq/pollutant/6001,hour,4.3395500000,µg/m3,2018-08-26 07:00:00 +01:00,2018-08-26 08:00:00 +01:00,1,1
AT,AT.0008.20.AQ,NET.09,STA.09.AKC,,SPO.09.AKC.5066.6001.1,SPP.09.AKC.5066.6001.1.11325,SAM.09.AKC.5066.6001.1,PM2.5,http://dd.eionet.europa.eu/vocabulary/aq/pollutant/6001,hour,5.1142001000,µg/m3,2018-08-26 17:00:00 +01:00,2018-08-26 18:00:00 +01:00,1,1
AT,AT.0008.20.AQ,NET.09,STA.09.AKC,,SPO.09.AKC.5066.6001.1,SPP.09.AKC.5066.6001.1.11325,SAM.09.AKC.5066.6001.1,PM2.5,http://dd.eionet.europa.eu/vocabulary/aq/pollutant/6001,hour,3.9377498500,µg/m3,2018-08-26 19:00:00 +01:00,2018-08-26 20:00:00 +01:00,1,1
AT,AT.0008.20.AQ,NET.09,STA.09.AKC,,SPO.09.AKC.5066.6001.1,SPP.09.AKC.5066.6001.1.11325,SAM.09.AKC.5066.6001.1,PM2.5,http://dd.eionet.europa.eu/vocabulary/aq/pollutant/6001,hour,3.8618001800,µg/m3,2018-08-26 20:00:00 +01:00,2018-08-26 21:00:00 +01:00,1,1
AT,AT.0008.20.AQ,NET.09,STA.09.AKC,,SPO.09.AKC.5066.6001.1,SPP.09.AKC.5066.6001.1.11325,SAM.09.AKC.5066.6001.1,PM2.5,http://dd.eionet.europa.eu/vocabulary/aq/pollutant/6001,hour,4.1520995900,µg/m3,2018-08-26 21:00:00 +01:00,2018-08-26 22:00:00 +01:00,1,1
AT,AT.0008.20.AQ,NET.09,STA.09.AKC,,SPO.09.AKC.5066.6001.1,SPP.09.AKC.5066.6001.1.11325,SAM.09.AKC.5066.6001.1,PM2.5,http://dd.eionet.europa.eu/vocabulary/aq/pollutant/6001,hour,4.4708499800,µg/m3,2018-08-26 23:00:00 +01:00,2018-08-27 00:00:00 +01:00,1,1
AT,AT.0008.20.AQ,NET.09,STA.09.AKC,,SPO.09.AKC.5066.6001.1,SPP.09.AKC.5066.6001.1.11325,SAM.09.AKC.5066.6001.1,PM2.5,http://dd.eionet.europa.eu/vocabulary/aq/pollutant/6001,hour,4.8263001300,µg/m3,2018-08-27 02:00:00 +01:00,2018-08-27 03:00:00 +01:00,1,1
AT,AT.0008.20.AQ,NET.09,STA.09.AKC,,SPO.09.AKC.5066.6001.1,SPP.09.AKC.5066.6001.1.11325,SAM.09.AKC.5066.6001.1,PM2.5,http://dd.eionet.europa.eu/vocabulary/aq/pollutant/6001,hour,6.5900001400,µg/m3,2018-08-27 05:00:00 +01:00,2018-08-27 06:00:00 +01:00,1,1
AT,AT.0008.20.AQ,NET.09,STA.09.AKC,,SPO.09.AKC.5066.6001.1,SPP.09.AKC.5066.6001.1.11325,SAM.09.AKC.5066.6001.1,PM2.5,http://dd.eionet.europa.eu/vocabulary/aq/pollutant/6001,hour,6.7251500900,µg/m3,2018-08-27 07:00:00 +01:00,2018-08-27 08:00:00 +01:00,1,1
AT,AT.0008.20.AQ,NET.09,STA.09.AKC,,SPO.09.AKC.5066.6001.1,SPP.09.AKC.5066.6001.1.11325,SAM.09.AKC.5066.6001.1,PM2.5,http://dd.eionet.europa.eu/vocabulary/aq/pollutant/6001,hour,6.8016996200,µg/m3,2018-08-27 08:00:00 +01:00,2018-08-27 09:00:00 +01:00,1,1
AT,AT.0008.20.AQ,NET.09,STA.09.AKC,,SPO.09.AKC.5066.6001.1,SPP.09.AKC.5066.6001.1.11325,SAM.09.AKC.5066.6001.1,PM2.5,http://dd.eionet.europa.eu/vocabulary/aq/pollutant/6001,hour,3.2339000600,µg/m3,2018-08-27 12:00:00 +01:00,2018-08-27 13:00:00 +01:00,1,1
AT,AT.0008.20.AQ,NET.09,STA.09.AKC,,SPO.09.AKC.5066.6001.1,SPP.09.AKC.5066.6001.1.11325,SAM.09.AKC.5066.6001.1,PM2.5,http://dd.eionet.europa.eu/vocabulary/aq/pollutant/6001,hour,3.3605499100,µg/m3,2018-08-27 14:00:00 +01:00,2018-08-27 15:00:00 +01:00,1,1
AT,AT.0008.20.AQ,NET.09,STA.09.AKC,,SPO.09.AKC.5066.6001.1,SPP.09.AKC.5066.6001.1.11325,SAM.09.AKC.5066.6001.1,PM2.5,http://dd.eionet.europa.eu/vocabulary/aq/pollutant/6001,hour,3.1936998200,µg/m3,2018-08-27 15:00:00 +01:00,2018-08-27 16:00:00 +01:00,1,1
AT,AT.0008.20.AQ,NET.09,STA.09.AKC,,SPO.09.AKC.5066.6001.1,SPP.09.AKC.5066.6001.1.11325,SAM.09.AKC.5066.6001.1,PM2.5,http://dd.eionet.europa.eu/vocabulary/aq/pollutant/6001,hour,3.1033000800,µg/m3,2018-08-27 17:00:00 +01:00,2018-08-27 18:00:00 +01:00,1,1
AT,AT.0008.20.AQ,NET.09,STA.09.AKC,,SPO.09.AKC.5066.6001.1,SPP.09.AKC.5066.6001.1.11325,SAM.09.AKC.5066.6001.1,PM2.5,http://dd.eionet.europa.eu/vocabulary/aq/pollutant/6001,hour,4.8334503000,µg/m3,2018-08-27 19:00:00 +01:00,2018-08-27 20:00:00 +01:00,1,1
AT,AT.0008.20.AQ,NET.09,STA.09.AKC,,SPO.09.AKC.5066.6001.1,SPP.09.AKC.5066.6001.1.11325,SAM.09.AKC.5066.6001.1,PM2.5,http://dd.eionet.europa.eu/vocabulary/aq/pollutant/6001,hour,6.7635497900,µg/m3,2018-08-27 20:00:00 +01:00,2018-08-27 21:00:00 +01:00,1,1
AT,AT.0008.20.AQ,NET.09,STA.09.AKC,,SPO.09.AKC.5066.6001.1,SPP.09.AKC.5066.6001.1.11325,SAM.09.AKC.5066.6001.1,PM2.5,http://dd.eionet.europa.eu/vocabulary/aq/pollutant/6001,hour,6.3336501000,µg/m3,2018-08-27 21:00:00 +01:00,2018-08-27 22:00:00 +01:00,1,1
AT,AT.0008.20.AQ,NET.09,STA.09.AKC,,SPO.09.AKC.5066.6001.1,SPP.09.AKC.5066.6001.1.11325,SAM.09.AKC.5066.6001.1,PM2.5,http://dd.eionet.europa.eu/vocabulary/aq/pollutant/6001,hour,5.8136000500,µg/m3,2018-08-28 02:00:00 +01:00,2018-08-28 03:00:00 +01:00,1,1
AT,AT.0008.20.AQ,NET.09,STA.09.AKC,,SPO.09.AKC.5066.6001.1,SPP.09.AKC.5066.6001.1.11325,SAM.09.AKC.5066.6001.1,PM2.5,http://dd.eionet.europa.eu/vocabulary/aq/pollutant/6001,hour,5.2076997600,µg/m3,2018-08-28 10:00:00 +01:00,2018-08-28 11:00:00 +01:00,1,1
AT,AT.0008.20.AQ,NET.09,STA.09.AKC,,SPO.09.AKC.5066.6001.1,SPP.09.AKC.5066.6001.1.11325,SAM.09.AKC.5066.6001.1,PM2.5,http://dd.eionet.europa.eu/vocabulary/aq/pollutant/6001,hour,4.9265003100,µg/m3,2018-08-28 11:00:00 +01:00,2018-08-28 12:00:00 +01:00,1,1
AT,AT.0008.20.AQ,NET.09,STA.09.AKC,,SPO.09.AKC.5066.6001.1,SPP.09.AKC.5066.6001.1.11325,SAM.09.AKC.5066.6001.1,PM2.5,http://dd.eionet.europa.eu/vocabulary/aq/pollutant/6001,hour,5.4404001100,µg/m3,2018-08-28 12:00:00 +01:00,2018-08-28 13:00:00 +01:00,1,1
AT,AT.0008.20.AQ,NET.09,STA.09.AKC,,SPO.09.AKC.5066.6001.1,SPP.09.AKC.5066.6001.1.11325,SAM.09.AKC.5066.6001.1,PM2.5,http://dd.eionet.europa.eu/vocabulary/aq/pollutant/6001,hour,4.8647003000,µg/m3,2018-08-28 17:00:00 +01:00,2018-08-28 18:00:00 +01:00,1,1
AT,AT.0008.20.AQ,NET.09,STA.09.AKC,,SPO.09.AKC.5066.6001.1,SPP.09.AKC.5066.6001.1.11325,SAM.09.AKC.5066.6001.1,PM2.5,http://dd.eionet.europa.eu/vocabulary/aq/pollutant/6001,hour,7.5995998200,µg/m3,2018-08-28 19:00:00 +01:00,2018-08-28 20:00:00 +01:00,1,1
AT,AT.0008.20.AQ,NET.09,STA.09.AKC,,SPO.09.AKC.5066.6001.1,SPP.09.AKC.5066.6001.1.11325,SAM.09.AKC.5066.6001.1,PM2.5,http://dd.eionet.europa.eu/vocabulary/aq/pollutant/6001,hour,8.4521503300,µg/m3,2018-08-28 20:00:00 +01:00,2018-08-28 21:00:00 +01:00,1,1
AT,AT.0008.20.AQ,NET.09,STA.09.AKC,,SPO.09.AKC.5066.6001.1,SPP.09.AKC.5066.6001.1.11325,SAM.09.AKC.5066.6001.1,PM2.5,http://dd.eionet.europa.eu/vocabulary/aq/pollutant/6001,hour,8.0230502900,µg/m3,2018-08-28 22:00:00 +01:00,2018-08-28 23:00:00 +01:00,1,1
AT,AT.0008.20.AQ,NET.09,STA.09.AKC,,SPO.09.AKC.5066.6001.1,SPP.09.AKC.5066.6001.1.11325,SAM.09.AKC.5066.6001.1,PM2.5,http://dd.eionet.europa.eu/vocabulary/aq/pollutant/6001,hour,8.6573505300,µg/m3,2018-08-29 02:00:00 +01:00,2018-08-29 03:00:00 +01:00,1,1
AT,AT.0008.20.AQ,NET.09,STA.09.AKC,,SPO.09.AKC.5066.6001.1,SPP.09.AKC.5066.6001.1.11325,SAM.09.AKC.5066.6001.1,PM2.5,http://dd.eionet.europa.eu/vocabulary/aq/pollutant/6001,hour,10.0706004900,µg/m3,2018-08-29 04:00:00 +01:00,2018-08-29 05:00:00 +01:00,1,1
AT,AT.0008.20.AQ,NET.09,STA.09.AKC,,SPO.09.AKC.5066.6001.1,SPP.09.AKC.5066.6001.1.11325,SAM.09.AKC.5066.6001.1,PM2.5,http://dd.eionet.europa.eu/vocabulary/aq/pollutant/6001,hour,6.5370001600,µg/m3,2018-08-29 11:00:00 +01:00,2018-08-29 12:00:00 +01:00,1,1
AT,AT.0008.20.AQ,NET.09,STA.09.AKC,,SPO.09.AKC.5066.6001.1,SPP.09.AKC.5066.6001.1.11325,SAM.09.AKC.5066.6001.1,PM2.5,http://dd.eionet.europa.eu/vocabulary/aq/pollutant/6001,hour,5.8361501500,µg/m3,2018-08-29 14:00:00 +01:00,2018-08-29 15:00:00 +01:00,1,1
AT,AT.0008.20.AQ,NET.09,STA.09.AKC,,SPO.09.AKC.5066.6001.1,SPP.09.AKC.5066.6001.1.11325,SAM.09.AKC.5066.6001.1,PM2.5,http://dd.eionet.europa.eu/vocabulary/aq/pollutant/6001,hour,6.0522003000,µg/m3,2018-08-29 15:00:00 +01:00,2018-08-29 16:00:00 +01:00,1,1
AT,AT.0008.20.AQ,NET.09,STA.09.AKC,,SPO.09.AKC.5066.6001.1,SPP.09.AKC.5066.6001.1.11325,SAM.09.AKC.5066.6001.1,PM2.5,http://dd.eionet.europa.eu/vocabulary/aq/pollutant/6001,hour,6.2562999600,µg/m3,2018-08-29 16:00:00 +01:00,2018-08-29 17:00:00 +01:00,1,1
AT,AT.0008.20.AQ,NET.09,STA.09.AKC,,SPO.09.AKC.5066.6001.1,SPP.09.AKC.5066.6001.1.11325,SAM.09.AKC.5066.6001.1,PM2.5,http://dd.eionet.europa.eu/vocabulary/aq/pollutant/6001,hour,7.0225000200,µg/m3,2018-08-29 19:00:00 +01:00,2018-08-29 20:00:00 +01:00,1,1
AT,AT.0008.20.AQ,NET.09,STA.09.AKC,,SPO.09.AKC.5066.6001.1,SPP.09.AKC.5066.6001.1.11325,SAM.09.AKC.5066.6001.1,PM2.5,http://dd.eionet.europa.eu/vocabulary/aq/pollutant/6001,hour,7.8646497600,µg/m3,2018-08-30 00:00:00 +01:00,2018-08-30 01:00:00 +01:00,1,1
AT,AT.0008.20.AQ,NET.09,STA.09.AKC,,SPO.09.AKC.5066.6001.1,SPP.09.AKC.5066.6001.1.11325,SAM.09.AKC.5066.6001.1,PM2.5,http://dd.eionet.europa.eu/vocabulary/aq/pollutant/6001,hour,10.1226501300,µg/m3,2018-08-30 02:00:00 +01:00,2018-08-30 03:00:00 +01:00,1,1
AT,AT.0008.20.AQ,NET.09,STA.09.AKC,,SPO.09.AKC.5066.6001.1,SPP.09.AKC.5066.6001.1.11325,SAM.09.AKC.5066.6001.1,PM2.5,http://dd.eionet.europa.eu/vocabulary/aq/pollutant/6001,hour,9.6083507400,µg/m3,2018-08-30 03:00:00 +01:00,2018-08-30 04:00:00 +01:00,1,1
AT,AT.0008.20.AQ,NET.09,STA.09.AKC,,SPO.09.AKC.5066.6001.1,SPP.09.AKC.5066.6001.1.11325,SAM.09.AKC.5066.6001.1,PM2.5,http://dd.eionet.europa.eu/vocabulary/aq/pollutant/6001,hour,7.0831003000,µg/m3,2018-08-30 04:00:00 +01:00,2018-08-30 05:00:00 +01:00,1,1
AT,AT.0008.20.AQ,NET.09,STA.09.AKC,,SPO.09.AKC.5066.6001.1,SPP.09.AKC.5066.6001.1.11325,SAM.09.AKC.5066.6001.1,PM2.5,http://dd.eionet.europa.eu/vocabulary/aq/pollutant/6001,hour,4.7375998300,µg/m3,2018-08-30 05:00:00 +01:00,2018-08-30 06:00:00 +01:00,1,1
AT,AT.0008.20.AQ,NET.09,STA.09.AKC,,SPO.09.AKC.5066.6001.1,SPP.09.AKC.5066.6001.1.11325,SAM.09.AKC.5066.6001.1,PM2.5,http://dd.eionet.europa.eu/vocabulary/aq/pollutant/6001,hour,4.2596998100,µg/m3,2018-08-30 06:00:00 +01:00,2018-08-30 07:00:00 +01:00,1,1
AT,AT.0008.20.AQ,NET.09,STA.09.AKC,,SPO.09.AKC.5066.6001.1,SPP.09.AKC.5066.6001.1.11325,SAM.09.AKC.5066.6001.1,PM2.5,http://dd.eionet.europa.eu/vocabulary/aq/pollutant/6001,hour,3.4726500400,µg/m3,2018-08-30 12:00:00 +01:00,2018-08-30 13:00:00 +01:00,1,1
AT,AT.0008.20.AQ,NET.09,STA.09.AKC,,SPO.09.AKC.5066.6001.1,SPP.09.AKC.5066.6001.1.11325,SAM.09.AKC.5066.6001.1,PM2.5,http://dd.eionet.europa.eu/vocabulary/aq/pollutant/6001,hour,3.4379999500,µg/m3,2018-08-30 13:00:00 +01:00,2018-08-30 14:00:00 +01:00,1,1
AT,AT.0008.20.AQ,NET.09,STA.09.AKC,,SPO.09.AKC.5066.6001.1,SPP.09.AKC.5066.6001.1.11325,SAM.09.AKC.5066.6001.1,PM2.5,http://dd.eionet.europa.eu/vocabulary/aq/pollutant/6001,hour,4.9805002100,µg/m3,2018-08-30 15:00:00 +01:00,2018-08-30 16:00:00 +01:00,1,1
AT,AT.0008.20.AQ,NET.09,STA.09.AKC,,SPO.09.AKC.5066.6001.1,SPP.09.AKC.5066.6001.1.11325,SAM.09.AKC.5066.6001.1,PM2.5,http://dd.eionet.europa.eu/vocabulary/aq/pollutant/6001,hour,4.9536499800,µg/m3,2018-08-30 16:00:00 +01:00,2018-08-30 17:00:00 +01:00,1,1
AT,AT.0008.20.AQ,NET.09,STA.09.AKC,,SPO.09.AKC.5066.6001.1,SPP.09.AKC.5066.6001.1.11325,SAM.09.AKC.5066.6001.1,PM2.5,http://dd.eionet.europa.eu/vocabulary/aq/pollutant/6001,hour,5.6220502700,µg/m3,2018-08-30 17:00:00 +01:00,2018-08-30 18:00:00 +01:00,1,1
AT,AT.0008.20.AQ,NET.09,STA.09.AKC,,SPO.09.AKC.5066.6001.1,SPP.09.AKC.5066.6001.1.11325,SAM.09.AKC.5066.6001.1,PM2.5,http://dd.eionet.europa.eu/vocabulary/aq/pollutant/6001,hour,7.1092996400,µg/m3,2018-08-30 19:00:00 +01:00,2018-08-30 20:00:00 +01:00,1,1
AT,AT.0008.20.AQ,NET.09,STA.09.AKC,,SPO.09.AKC.5066.6001.1,SPP.09.AKC.5066.6001.1.11325,SAM.09.AKC.5066.6001.1,PM2.5,http://dd.eionet.europa.eu/vocabulary/aq/pollutant/6001,hour,6.4970502700,µg/m3,2018-08-30 20:00:00 +01:00,2018-08-30 21:00:00 +01:00,1,1
AT,AT.0008.20.AQ,NET.09,STA.09.AKC,,SPO.09.AKC.5066.6001.1,SPP.09.AKC.5066.6001.1.11325,SAM.09.AKC.5066.6001.1,PM2.5,http://dd.eionet.europa.eu/vocabulary/aq/pollutant/6001,hour,6.4108495600,µg/m3,2018-08-31 00:00:00 +01:00,2018-08-31 01:00:00 +01:00,1,1
AT,AT.0008.20.AQ,NET.09,STA.09.AKC,,SPO.09.AKC.5066.6001.1,SPP.09.AKC.5066.6001.1.11325,SAM.09.AKC.5066.6001.1,PM2.5,http://dd.eionet.europa.eu/vocabulary/aq/pollutant/6001,hour,5.7515497100,µg/m3,2018-08-31 01:00:00 +01:00,2018-08-31 02:00:00 +01:00,1,1
AT,AT.0008.20.AQ,NET.09,STA.09.AKC,,SPO.09.AKC.5066.6001.1,SPP.09.AKC.5066.6001.1.11325,SAM.09.AKC.5066.6001.1,PM2.5,http://dd.eionet.europa.eu/vocabulary/aq/pollutant/6001,hour,6.4489002100,µg/m3,2018-08-31 02:00:00 +01:00,2018-08-31 03:00:00 +01:00,1,1
AT,AT.0008.20.AQ,NET.09,STA.09.AKC,,SPO.09.AKC.5066.6001.1,SPP.09.AKC.5066.6001.1.11325,SAM.09.AKC.5066.6001.1,PM2.5,http://dd.eionet.europa.eu/vocabulary/aq/pollutant/6001,hour,8.4716501100,µg/m3,2018-08-31 04:00:00 +01:00,2018-08-31 05:00:00 +01:00,1,1
AT,AT.0008.20.AQ,NET.09,STA.09.AKC,,SPO.09.AKC.5066.6001.1,SPP.09.AKC.5066.6001.1.11325,SAM.09.AKC.5066.6001.1,PM2.5,http://dd.eionet.europa.eu/vocabulary/aq/pollutant/6001,hour,8.2435493300,µg/m3,2018-08-31 07:00:00 +01:00,2018-08-31 08:00:00 +01:00,1,1
AT,AT.0008.20.AQ,NET.09,STA.09.AKC,,SPO.09.AKC.5066.6001.1,SPP.09.AKC.5066.6001.1.11325,SAM.09.AKC.5066.6001.1,PM2.5,http://dd.eionet.europa.eu/vocabulary/aq/pollutant/6001,hour,9.4477996700,µg/m3,2018-08-31 09:00:00 +01:00,2018-08-31 10:00:00 +01:00,1,1
AT,AT.0008.20.AQ,NET.09,STA.09.AKC,,SPO.09.AKC.5066.6001.1,SPP.09.AKC.5066.6001.1.11325,SAM.09.AKC.5066.6001.1,PM2.5,http://dd.eionet.europa.eu/vocabulary/aq/pollutant/6001,hour,9.5219993400,µg/m3,2018-08-31 10:00:00 +01:00,2018-08-31 11:00:00 +01:00,1,1
AT,AT.0008.20.AQ,NET.09,STA.09.AKC,,SPO.09.AKC.5066.6001.1,SPP.09.AKC.5066.6001.1.11325,SAM.09.AKC.5066.6001.1,PM2.5,http://dd.eionet.europa.eu/vocabulary/aq/pollutant/6001,hour,9.6228504000,µg/m3,2018-08-31 12:00:00 +01:00,2018-08-31 13:00:00 +01:00,1,1
AT,AT.0008.20.AQ,NET.09,STA.09.AKC,,SPO.09.AKC.5066.6001.1,SPP.09.AKC.5066.6001.1.11325,SAM.09.AKC.5066.6001.1,PM2.5,http://dd.eionet.europa.eu/vocabulary/aq/pollutant/6001,hour,8.3882999300,µg/m3,2018-08-31 13:00:00 +01:00,2018-08-31 14:00:00 +01:00,1,1
AT,AT.0008.20.AQ,NET.09,STA.09.AKC,,SPO.09.AKC.5066.6001.1,SPP.09.AKC.5066.6001.1.11325,SAM.09.AKC.5066.6001.1,PM2.5,http://dd.eionet.europa.eu/vocabulary/aq/pollutant/6001,hour,7.9138002200,µg/m3,2018-08-31 15:00:00 +01:00,2018-08-31 16:00:00 +01:00,1,1
AT,AT.0008.20.AQ,NET.09,STA.09.AKC,,SPO.09.AKC.5066.6001.1,SPP.09.AKC.5066.6001.1.11325,SAM.09.AKC.5066.6001.1,PM2.5,http://dd.eionet.europa.eu/vocabulary/aq/pollutant/6001,hour,8.1034498100,µg/m3,2018-08-31 16:00:00 +01:00,2018-08-31 17:00:00 +01:00,1,1
AT,AT.0008.20.AQ,NET.09,STA.09.AKC,,SPO.09.AKC.5066.6001.1,SPP.09.AKC.5066.6001.1.11325,SAM.09.AKC.5066.6001.1,PM2.5,http://dd.eionet.europa.eu/vocabulary/aq/pollutant/6001,hour,8.3446502500,µg/m3,2018-08-31 18:00:00 +01:00,2018-08-31 19:00:00 +01:00,1,1
AT,AT.0008.20.AQ,NET.09,STA.09.AKC,,SPO.09.AKC.5066.6001.1,SPP.09.AKC.5066.6001.1.11325,SAM.09.AKC.5066.6001.1,PM2.5,http://dd.eionet.europa.eu/vocabulary/aq/pollutant/6001,hour,5.6117000400,µg/m3,2018-09-01 16:00:00 +01:00,2018-09-01 17:00:00 +01:00,1,1
AT,AT.0008.20.AQ,NET.09,STA.09.AKC,,SPO.09.AKC.5066.6001.1,SPP.09.AKC.5066.6001.1.11325,SAM.09.AKC.5066.6001.1,PM2.5,http://dd.eionet.europa.eu/vocabulary/aq/pollutant/6001,hour,12.7224998300,µg/m3,2018-09-01 19:00:00 +01:00,2018-09-01 20:00:00 +01:00,1,1
AT,AT.0008.20.AQ,NET.09,STA.09.AKC,,SPO.09.AKC.5066.6001.1,SPP.09.AKC.5066.6001.1.11325,SAM.09.AKC.5066.6001.1,PM2.5,http://dd.eionet.europa.eu/vocabulary/aq/pollutant/6001,hour,3.8610000500,µg/m3,2018-09-02 00:00:00 +01:00,2018-09-02 01:00:00 +01:00,1,1
AT,AT.0008.20.AQ,NET.09,STA.09.AKC,,SPO.09.AKC.5066.6001.1,SPP.09.AKC.5066.6001.1.11325,SAM.09.AKC.5066.6001.1,PM2.5,http://dd.eionet.europa.eu/vocabulary/aq/pollutant/6001,hour,1.9970999800,µg/m3,2018-09-02 02:00:00 +01:00,2018-09-02 03:00:00 +01:00,1,1
AT,AT.0008.20.AQ,NET.09,STA.09.AKC,,SPO.09.AKC.5066.6001.1,SPP.09.AKC.5066.6001.1.11325,SAM.09.AKC.5066.6001.1,PM2.5,http://dd.eionet.europa.eu/vocabulary/aq/pollutant/6001,hour,1.6064500700,µg/m3,2018-09-02 03:00:00 +01:00,2018-09-02 04:00:00 +01:00,1,1
AT,AT.0008.20.AQ,NET.09,STA.09.AKC,,SPO.09.AKC.5066.6001.1,SPP.09.AKC.5066.6001.1.11325,SAM.09.AKC.5066.6001.1,PM2.5,http://dd.eionet.europa.eu/vocabulary/aq/pollutant/6001,hour,3.9893500700,µg/m3,2018-09-02 11:00:00 +01:00,2018-09-02 12:00:00 +01:00,1,1
AT,AT.0008.20.AQ,NET.09,STA.09.AKC,,SPO.09.AKC.5066.6001.1,SPP.09.AKC.5066.6001.1.11325,SAM.09.AKC.5066.6001.1,PM2.5,http://dd.eionet.europa.eu/vocabulary/aq/pollutant/6001,hour,10.3680000200,µg/m3,2018-09-02 17:00:00 +01:00,2018-09-02 18:00:00 +01:00,1,1
AT,AT.0008.20.AQ,NET.09,STA.09.AKC,,SPO.09.AKC.5066.6001.1,SPP.09.AKC.5066.6001.1.11325,SAM.09.AKC.5066.6001.1,PM2.5,http://dd.eionet.europa.eu/vocabulary/aq/pollutant/6001,hour,4.3233499400,µg/m3,2018-09-03 00:00:00 +01:00,2018-09-03 01:00:00 +01:00,1,1
AT,AT.0008.20.AQ,NET.09,STA.09.AKC,,SPO.09.AKC.5066.6001.1,SPP.09.AKC.5066.6001.1.11325,SAM.09.AKC.5066.6001.1,PM2.5,http://dd.eionet.europa.eu/vocabulary/aq/pollutant/6001,hour,4.6105003200,µg/m3,2018-09-03 01:00:00 +01:00,2018-09-03 02:00:00 +01:00,1,1
AT,AT.0008.20.AQ,NET.09,STA.09.AKC,,SPO.09.AKC.5066.6001.1,SPP.09.AKC.5066.6001.1.11325,SAM.09.AKC.5066.6001.1,PM2.5,http://dd.eionet.europa.eu/vocabulary/aq/pollutant/6001,hour,9.6721992300,µg/m3,2018-09-03 09:00:00 +01:00,2018-09-03 10:00:00 +01:00,1,1
AT,AT.0008.20.AQ,NET.09,STA.09.AKC,,SPO.09.AKC.5066.6001.1,SPP.09.AKC.5066.6001.1.11325,SAM.09.AKC.5066.6001.1,PM2.5,http://dd.eionet.europa.eu/vocabulary/aq/pollutant/6001,hour,8.6949996800,µg/m3,2018-09-03 12:00:00 +01:00,2018-09-03 13:00:00 +01:00,1,1
AT,AT.0008.20.AQ,NET.09,STA.09.AKC,,SPO.09.AKC.5066.6001.1,SPP.09.AKC.5066.6001.1.11325,SAM.09.AKC.5066.6001.1,PM2.5,http://dd.eionet.europa.eu/vocabulary/aq/pollutant/6001,hour,9.2091998900,µg/m3,2018-09-03 14:00:00 +01:00,2018-09-03 15:00:00 +01:00,1,1
AT,AT.0008.20.AQ,NET.09,STA.09.AKC,,SPO.09.AKC.5066.6001.1,SPP.09.AKC.5066.6001.1.11325,SAM.09.AKC.5066.6001.1,PM2.5,http://dd.eionet.europa.eu/vocabulary/aq/pollutant/6001,hour,8.9656505400,µg/m3,2018-09-03 15:00:00 +01:00,2018-09-03 16:00:00 +01:00,1,1
AT,AT.0008.20.AQ,NET.09,STA.09.AKC,,SPO.09.AKC.5066.6001.1,SPP.09.AKC.5066.6001.1.11325,SAM.09.AKC.5066.6001.1,PM2.5,http://dd.eionet.europa.eu/vocabulary/aq/pollutant/6001,hour,8.6507501500,µg/m3,2018-09-03 16:00:00 +01:00,2018-09-03 17:00:00 +01:00,1,1
AT,AT.0008.20.AQ,NET.09,STA.09.AKC,,SPO.09.AKC.5066.6001.1,SPP.09.AKC.5066.6001.1.11325,SAM.09.AKC.5066.6001.1,PM2.5,http://dd.eionet.europa.eu/vocabulary/aq/pollutant/6001,hour,4.4256496300,µg/m3,2018-09-03 17:00:00 +01:00,2018-09-03 18:00:00 +01:00,1,1
AT,AT.0008.20.AQ,NET.09,STA.09.AKC,,SPO.09.AKC.5066.6001.1,SPP.09.AKC.5066.6001.1.11325,SAM.09.AKC.5066.6001.1,PM2.5,http://dd.eionet.europa.eu/vocabulary/aq/pollutant/6001,hour,7.7038998500,µg/m3,2018-09-03 20:00:00 +01:00,2018-09-03 21:00:00 +01:00,1,1
AT,AT.0008.20.AQ,NET.09,STA.09.AKC,,SPO.09.AKC.5066.6001.1,SPP.09.AKC.5066.6001.1.11325,SAM.09.AKC.5066.6001.1,PM2.5,http://dd.eionet.europa.eu/vocabulary/aq/pollutant/6001,hour,5.0796003200,µg/m3,2018-09-03 22:00:00 +01:00,2018-09-03 23:00:00 +01:00,1,1
AT,AT.0008.20.AQ,NET.09,STA.09.AKC,,SPO.09.AKC.5066.6001.1,SPP.09.AKC.5066.6001.1.11325,SAM.09.AKC.5066.6001.1,PM2.5,http://dd.eionet.europa.eu/vocabulary/aq/pollutant/6001,hour,8.7135505500,µg/m3,2018-09-04 02:00:00 +01:00,2018-09-04 03:00:00 +01:00,1,1
AT,AT.0008.20.AQ,NET.09,STA.09.AKC,,SPO.09.AKC.5066.6001.1,SPP.09.AKC.5066.6001.1.11325,SAM.09.AKC.5066.6001.1,PM2.5,http://dd.eionet.europa.eu/vocabulary/aq/pollutant/6001,hour,7.4026002700,µg/m3,2018-09-04 03:00:00 +01:00,2018-09-04 04:00:00 +01:00,1,1
AT,AT.0008.20.AQ,NET.09,STA.09.AKC,,SPO.09.AKC.5066.6001.1,SPP.09.AKC.5066.6001.1.11325,SAM.09.AKC.5066.6001.1,PM2.5,http://dd.eionet.europa.eu/vocabulary/aq/pollutant/6001,hour,8.8319501700,µg/m3,2018-09-04 17:00:00 +01:00,2018-09-04 18:00:00 +01:00,1,1
AT,AT.0008.20.AQ,NET.09,STA.09.AKC,,SPO.09.AKC.5066.6001.1,SPP.09.AKC.5066.6001.1.11325,SAM.09.AKC.5066.6001.1,PM2.5,http://dd.eionet.europa.eu/vocabulary/aq/pollutant/6001,hour,8.7254505000,µg/m3,2018-09-04 18:00:00 +01:00,2018-09-04 19:00:00 +01:00,1,1
AT,AT.0008.20.AQ,NET.09,STA.09.AKC,,SPO.09.AKC.5066.6001.1,SPP.09.AKC.5066.6001.1.11325,SAM.09.AKC.5066.6001.1,PM2.5,http://dd.eionet.europa.eu/vocabulary/aq/pollutant/6001,hour,10.1568498500,µg/m3,2018-09-04 21:00:00 +01:00,2018-09-04 22:00:00 +01:00,1,1
AT,AT.0008.20.AQ,NET.09,STA.09.AKC,,SPO.09.AKC.5066.6001.1,SPP.09.AKC.5066.6001.1.11325,SAM.09.AKC.5066.6001.1,PM2.5,http://dd.eionet.europa.eu/vocabulary/aq/pollutant/6001,hour,14.2574996800,µg/m3,2018-09-04 23:00:00 +01:00,2018-09-05 00:00:00 +01:00,1,1
AT,AT.0008.20.AQ,NET.09,STA.09.AKC,,SPO.09.AKC.5066.6001.1,SPP.09.AKC.5066.6001.1.11325,SAM.09.AKC.5066.6001.1,PM2.5,http://dd.eionet.europa.eu/vocabulary/aq/pollutant/6001,hour,12.7544994200,µg/m3,2018-09-05 02:00:00 +01:00,2018-09-05 03:00:00 +01:00,1,1
AT,AT.0008.20.AQ,NET.09,STA.09.AKC,,SPO.09.AKC.5066.6001.1,SPP.09.AKC.5066.6001.1.11325,SAM.09.AKC.5066.6001.1,PM2.5,http://dd.eionet.europa.eu/vocabulary/aq/pollutant/6001,hour,12.4084997000,µg/m3,2018-09-05 03:00:00 +01:00,2018-09-05 04:00:00 +01:00,1,1
AT,AT.0008.20.AQ,NET.09,STA.09.AKC,,SPO.09.AKC.5066.6001.1,SPP.09.AKC.5066.6001.1.11325,SAM.09.AKC.5066.6001.1,PM2.5,http://dd.eionet.europa.eu/vocabulary/aq/pollutant/6001,hour,7.5089502200,µg/m3,2018-09-05 13:00:00 +01:00,2018-09-05 14:00:00 +01:00,1,1
AT,AT.0008.20.AQ,NET.09,STA.09.AKC,,SPO.09.AKC.5066.6001.1,SPP.09.AKC.5066.6001.1.11325,SAM.09.AKC.5066.6001.1,PM2.5,http://dd.eionet.europa.eu/vocabulary/aq/pollutant/6001,hour,7.6577997100,µg/m3,2018-09-05 14:00:00 +01:00,2018-09-05 15:00:00 +01:00,1,1
AT,AT.0008.20.AQ,NET.09,STA.09.AKC,,SPO.09.AKC.5066.6001.1,SPP.09.AKC.5066.6001.1.11325,SAM.09.AKC.5066.6001.1,PM2.5,http://dd.eionet.europa.eu/vocabulary/aq/pollutant/6001,hour,8.0629005300,µg/m3,2018-09-05 16:00:00 +01:00,2018-09-05 17:00:00 +01:00,1,1
AT,AT.0008.20.AQ,NET.09,STA.09.AKC,,SPO.09.AKC.5066.6001.1,SPP.09.AKC.5066.6001.1.11325,SAM.09.AKC.5066.6001.1,PM2.5,http://dd.eionet.europa.eu/vocabulary/aq/pollutant/6001,hour,14.8680000200,µg/m3,2018-09-05 22:00:00 +01:00,2018-09-05 23:00:00 +01:00,1,1
AT,AT.0008.20.AQ,NET.09,STA.09.AKC,,SPO.09.AKC.5066.6001.1,SPP.09.AKC.5066.6001.1.11325,SAM.09.AKC.5066.6001.1,PM2.5,http://dd.eionet.europa.eu/vocabulary/aq/pollutant/6001,hour,13.2395000300,µg/m3,2018-09-06 08:00:00 +01:00,2018-09-06 09:00:00 +01:00,1,1
AT,AT.0008.20.AQ,NET.09,STA.09.AKC,,SPO.09.AKC.5066.6001.1,SPP.09.AKC.5066.6001.1.11325,SAM.09.AKC.5066.6001.1,PM2.5,http://dd.eionet.europa.eu/vocabulary/aq/pollutant/6001,hour,10.1919994200,µg/m3,2018-09-06 11:00:00 +01:00,2018-09-06 12:00:00 +01:00,1,1
AT,AT.0008.20.AQ,NET.09,STA.09.AKC,,SPO.09.AKC.5066.6001.1,SPP.09.AKC.5066.6001.1.11325,SAM.09.AKC.5066.6001.1,PM2.5,http://dd.eionet.europa.eu/vocabulary/aq/pollutant/6001,hour,9.3555507500,µg/m3,2018-09-06 13:00:00 +01:00,2018-09-06 14:00:00 +01:00,1,1
AT,AT.0008.20.AQ,NET.09,STA.09.AKC,,SPO.09.AKC.5066.6001.1,SPP.09.AKC.5066.6001.1.11325,SAM.09.AKC.5066.6001.1,PM2.5,http://dd.eionet.europa.eu/vocabulary/aq/pollutant/6001,hour,9.6553001300,µg/m3,2018-09-06 14:00:00 +01:00,2018-09-06 15:00:00 +01:00,1,1
AT,AT.0008.20.AQ,NET.09,STA.09.AKC,,SPO.09.AKC.5066.6001.1,SPP.09.AKC.5066.6001.1.11325,SAM.09.AKC.5066.6001.1,PM2.5,http://dd.eionet.europa.eu/vocabulary/aq/pollutant/6001,hour,9.3141498400,µg/m3,2018-09-06 15:00:00 +01:00,2018-09-06 16:00:00 +01:00,1,1
AT,AT.0008.20.AQ,NET.09,STA.09.AKC,,SPO.09.AKC.5066.6001.1,SPP.09.AKC.5066.6001.1.11325,SAM.09.AKC.5066.6001.1,PM2.5,http://dd.eionet.europa.eu/vocabulary/aq/pollutant/6001,hour,15.7439994700,µg/m3,2018-09-06 23:00:00 +01:00,2018-09-07 00:00:00 +01:00,1,1
AT,AT.0008.20.AQ,NET.09,STA.09.AKC,,SPO.09.AKC.5066.6001.1,SPP.09.AKC.5066.6001.1.11325,SAM.09.AKC.5066.6001.1,PM2.5,http://dd.eionet.europa.eu/vocabulary/aq/pollutant/6001,hour,14.9715003800,µg/m3,2018-09-07 00:00:00 +01:00,2018-09-07 01:00:00 +01:00,1,1
AT,AT.0008.20.AQ,NET.09,STA.09.AKC,,SPO.09.AKC.5066.6001.1,SPP.09.AKC.5066.6001.1.11325,SAM.09.AKC.5066.6001.1,PM2.5,http://dd.eionet.europa.eu/vocabulary/aq/pollutant/6001,hour,13.4945001500,µg/m3,2018-09-07 09:00:00 +01:00,2018-09-07 10:00:00 +01:00,1,1
AT,AT.0008.20.AQ,NET.09,STA.09.AKC,,SPO.09.AKC.5066.6001.1,SPP.09.AKC.5066.6001.1.11325,SAM.09.AKC.5066.6001.1,PM2.5,http://dd.eionet.europa.eu/vocabulary/aq/pollutant/6001,hour,13.2899999500,µg/m3,2018-09-07 10:00:00 +01:00,2018-09-07 11:00:00 +01:00,1,1
AT,AT.0008.20.AQ,NET.09,STA.09.AKC,,SPO.09.AKC.5066.6001.1,SPP.09.AKC.5066.6001.1.11325,SAM.09.AKC.5066.6001.1,PM2.5,http://dd.eionet.europa.eu/vocabulary/aq/pollutant/6001,hour,12.0179996300,µg/m3,2018-09-07 11:00:00 +01:00,2018-09-07 12:00:00 +01:00,1,1
AT,AT.0008.20.AQ,NET.09,STA.09.AKC,,SPO.09.AKC.5066.6001.1,SPP.09.AKC.5066.6001.1.11325,SAM.09.AKC.5066.6001.1,PM2.5,http://dd.eionet.europa.eu/vocabulary/aq/pollutant/6001,hour,11.0399999500,µg/m3,2018-09-07 13:00:00 +01:00,2018-09-07 14:00:00 +01:00,1,1
AT,AT.0008.20.AQ,NET.09,STA.09.AKC,,SPO.09.AKC.5066.6001.1,SPP.09.AKC.5066.6001.1.11325,SAM.09.AKC.5066.6001.1,PM2.5,http://dd.eionet.europa.eu/vocabulary/aq/pollutant/6001,hour,10.2404994800,µg/m3,2018-09-07 14:00:00 +01:00,2018-09-07 15:00:00 +01:00,1,1
AT,AT.0008.20.AQ,NET.09,STA.09.AKC,,SPO.09.AKC.5066.6001.1,SPP.09.AKC.5066.6001.1.11325,SAM.09.AKC.5066.6001.1,PM2.5,http://dd.eionet.europa.eu/vocabulary/aq/pollutant/6001,hour,10.3295001800,µg/m3,2018-09-07 19:00:00 +01:00,2018-09-07 20:00:00 +01:00,1,1
AT,AT.0008.20.AQ,NET.09,STA.09.AKC,,SPO.09.AKC.5066.6001.1,SPP.09.AKC.5066.6001.1.11325,SAM.09.AKC.5066.6001.1,PM2.5,http://dd.eionet.europa.eu/vocabulary/aq/pollutant/6001,hour,9.5031499700,µg/m3,2018-09-07 21:00:00 +01:00,2018-09-07 22:00:00 +01:00,1,1
AT,AT.0008.20.AQ,NET.09,STA.09.AKC,,SPO.09.AKC.5066.6001.1,SPP.09.AKC.5066.6001.1.11325,SAM.09.AKC.5066.6001.1,PM2.5,http://dd.eionet.europa.eu/vocabulary/aq/pollutant/6001,hour,9.5528001600,µg/m3,2018-09-07 22:00:00 +01:00,2018-09-07 23:00:00 +01:00,1,1
AT,AT.0008.20.AQ,NET.09,STA.09.AKC,,SPO.09.AKC.5066.6001.1,SPP.09.AKC.5066.6001.1.11325,SAM.09.AKC.5066.6001.1,PM2.5,http://dd.eionet.europa.eu/vocabulary/aq/pollutant/6001,hour,11.6180000200,µg/m3,2018-09-08 01:00:00 +01:00,2018-09-08 02:00:00 +01:00,1,1
AT,AT.0008.20.AQ,NET.09,STA.09.AKC,,SPO.09.AKC.5066.6001.1,SPP.09.AKC.5066.6001.1.11325,SAM.09.AKC.5066.6001.1,PM2.5,http://dd.eionet.europa.eu/vocabulary/aq/pollutant/6001,hour,10.3406000000,µg/m3,2018-09-08 06:00:00 +01:00,2018-09-08 07:00:00 +01:00,1,1
AT,AT.0008.20.AQ,NET.09,STA.09.AKC,,SPO.09.AKC.5066.6001.1,SPP.09.AKC.5066.6001.1.11325,SAM.09.AKC.5066.6001.1,PM2.5,http://dd.eionet.europa.eu/vocabulary/aq/pollutant/6001,hour,8.1785001600,µg/m3,2018-09-08 09:00:00 +01:00,2018-09-08 10:00:00 +01:00,1,1
AT,AT.0008.20.AQ,NET.09,STA.09.AKC,,SPO.09.AKC.5066.6001.1,SPP.09.AKC.5066.6001.1.11325,SAM.09.AKC.5066.6001.1,PM2.5,http://dd.eionet.europa.eu/vocabulary/aq/pollutant/6001,hour,6.7183499200,µg/m3,2018-09-08 10:00:00 +01:00,2018-09-08 11:00:00 +01:00,1,1
AT,AT.0008.20.AQ,NET.09,STA.09.AKC,,SPO.09.AKC.5066.6001.1,SPP.09.AKC.5066.6001.1.11325,SAM.09.AKC.5066.6001.1,PM2.5,http://dd.eionet.europa.eu/vocabulary/aq/pollutant/6001,hour,6.1612000300,µg/m3,2018-09-08 11:00:00 +01:00,2018-09-08 12:00:00 +01:00,1,1
AT,AT.0008.20.AQ,NET.09,STA.09.AKC,,SPO.09.AKC.5066.6001.1,SPP.09.AKC.5066.6001.1.11325,SAM.09.AKC.5066.6001.1,PM2.5,http://dd.eionet.europa.eu/vocabulary/aq/pollutant/6001,hour,5.3709001400,µg/m3,2018-09-08 12:00:00 +01:00,2018-09-08 13:00:00 +01:00,1,1
AT,AT.0008.20.AQ,NET.09,STA.09.AKC,,SPO.09.AKC.5066.6001.1,SPP.09.AKC.5066.6001.1.11325,SAM.09.AKC.5066.6001.1,PM2.5,http://dd.eionet.europa.eu/vocabulary/aq/pollutant/6001,hour,7.1372003400,µg/m3,2018-09-08 19:00:00 +01:00,2018-09-08 20:00:00 +01:00,1,1
AT,AT.0008.20.AQ,NET.09,STA.09.AKC,,SPO.09.AKC.5066.6001.1,SPP.09.AKC.5066.6001.1.11325,SAM.09.AKC.5066.6001.1,PM2.5,http://dd.eionet.europa.eu/vocabulary/aq/pollutant/6001,hour,7.1413001900,µg/m3,2018-09-08 20:00:00 +01:00,2018-09-08 21:00:00 +01:00,1,1
AT,AT.0008.20.AQ,NET.09,STA.09.AKC,,SPO.09.AKC.5066.6001.1,SPP.09.AKC.5066.6001.1.11325,SAM.09.AKC.5066.6001.1,PM2.5,http://dd.eionet.europa.eu/vocabulary/aq/pollutant/6001,hour,6.8570499300,µg/m3,2018-09-08 21:00:00 +01:00,2018-09-08 22:00:00 +01:00,1,1
AT,AT.0008.20.AQ,NET.09,STA.09.AKC,,SPO.09.AKC.5066.6001.1,SPP.09.AKC.5066.6001.1.11325,SAM.09.AKC.5066.6001.1,PM2.5,http://dd.eionet.europa.eu/vocabulary/aq/pollutant/6001,hour,7.0530500300,µg/m3,2018-09-08 22:00:00 +01:00,2018-09-08 23:00:00 +01:00,1,1
AT,AT.0008.20.AQ,NET.09,STA.09.AKC,,SPO.09.AKC.5066.6001.1,SPP.09.AKC.5066.6001.1.11325,SAM.09.AKC.5066.6001.1,PM2.5,http://dd.eionet.europa.eu/vocabulary/aq/pollutant/6001,hour,7.2348003200,µg/m3,2018-09-09 04:00:00 +01:00,2018-09-09 05:00:00 +01:00,1,1
AT,AT.0008.20.AQ,NET.09,STA.09.AKC,,SPO.09.AKC.5066.6001.1,SPP.09.AKC.5066.6001.1.11325,SAM.09.AKC.5066.6001.1,PM2.5,http://dd.eionet.europa.eu/vocabulary/aq/pollutant/6001,hour,7.5141000600,µg/m3,2018-09-09 05:00:00 +01:00,2018-09-09 06:00:00 +01:00,1,1
AT,AT.0008.20.AQ,NET.09,STA.09.AKC,,SPO.09.AKC.5066.6001.1,SPP.09.AKC.5066.6001.1.11325,SAM.09.AKC.5066.6001.1,PM2.5,http://dd.eionet.europa.eu/vocabulary/aq/pollutant/6001,hour,7.6252002600,µg/m3,2018-09-09 08:00:00 +01:00,2018-09-09 09:00:00 +01:00,1,1
AT,AT.0008.20.AQ,NET.09,STA.09.AKC,,SPO.09.AKC.5066.6001.1,SPP.09.AKC.5066.6001.1.11325,SAM.09.AKC.5066.6001.1,PM2.5,http://dd.eionet.europa.eu/vocabulary/aq/pollutant/6001,hour,8.9210500600,µg/m3,2018-09-09 09:00:00 +01:00,2018-09-09 10:00:00 +01:00,1,1
AT,AT.0008.20.AQ,NET.09,STA.09.AKC,,SPO.09.AKC.5066.6001.1,SPP.09.AKC.5066.6001.1.11325,SAM.09.AKC.5066.6001.1,PM2.5,http://dd.eionet.europa.eu/vocabulary/aq/pollutant/6001,hour,9.1433505900,µg/m3,2018-09-09 10:00:00 +01:00,2018-09-09 11:00:00 +01:00,1,1
AT,AT.0008.20.AQ,NET.09,STA.09.AKC,,SPO.09.AKC.5066.6001.1,SPP.09.AKC.5066.6001.1.11325,SAM.09.AKC.5066.6001.1,PM2.5,http://dd.eionet.europa.eu/vocabulary/aq/pollutant/6001,hour,5.0566997400,µg/m3,2018-09-09 13:00:00 +01:00,2018-09-09 14:00:00 +01:00,1,1
AT,AT.0008.20.AQ,NET.09,STA.09.AKC,,SPO.09.AKC.5066.6001.1,SPP.09.AKC.5066.6001.1.11325,SAM.09.AKC.5066.6001.1,PM2.5,http://dd.eionet.europa.eu/vocabulary/aq/pollutant/6001,hour,4.3450002500,µg/m3,2018-09-09 14:00:00 +01:00,2018-09-09 15:00:00 +01:00,1,1
AT,AT.0008.20.AQ,NET.09,STA.09.AKC,,SPO.09.AKC.5066.6001.1,SPP.09.AKC.5066.6001.1.11325,SAM.09.AKC.5066.6001.1,PM2.5,http://dd.eionet.europa.eu/vocabulary/aq/pollutant/6001,hour,5.0369000300,µg/m3,2018-09-09 16:00:00 +01:00,2018-09-09 17:00:00 +01:00,1,1
AT,AT.0008.20.AQ,NET.09,STA.09.AKC,,SPO.09.AKC.5066.6001.1,SPP.09.AKC.5066.6001.1.11325,SAM.09.AKC.5066.6001.1,PM2.5,http://dd.eionet.europa.eu/vocabulary/aq/pollutant/6001,hour,6.2813501200,µg/m3,2018-09-09 17:00:00 +01:00,2018-09-09 18:00:00 +01:00,1,1
AT,AT.0008.20.AQ,NET.09,STA.09.AKC,,SPO.09.AKC.5066.6001.1,SPP.09.AKC.5066.6001.1.11325,SAM.09.AKC.5066.6001.1,PM2.5,http://dd.eionet.europa.eu/vocabulary/aq/pollutant/6001,hour,9.4723997000,µg/m3,2018-09-09 19:00:00 +01:00,2018-09-09 20:00:00 +01:00,1,1
AT,AT.0008.20.AQ,NET.09,STA.09.AKC,,SPO.09.AKC.5066.6001.1,SPP.09.AKC.5066.6001.1.11325,SAM.09.AKC.5066.6001.1,PM2.5,http://dd.eionet.europa.eu/vocabulary/aq/pollutant/6001,hour,8.8383502800,µg/m3,2018-09-09 21:00:00 +01:00,2018-09-09 22:00:00 +01:00,1,1
AT,AT.0008.20.AQ,NET.09,STA.09.AKC,,SPO.09.AKC.5066.6001.1,SPP.09.AKC.5066.6001.1.11325,SAM.09.AKC.5066.6001.1,PM2.5,http://dd.eionet.europa.eu/vocabulary/aq/pollutant/6001,hour,9.9945506900,µg/m3,2018-09-10 04:00:00 +01:00,2018-09-10 05:00:00 +01:00,1,1
AT,AT.0008.20.AQ,NET.09,STA.09.AKC,,SPO.09.AKC.5066.6001.1,SPP.09.AKC.5066.6001.1.11325,SAM.09.AKC.5066.6001.1,PM2.5,http://dd.eionet.europa.eu/vocabulary/aq/pollutant/6001,hour,9.1061000700,µg/m3,2018-09-10 06:00:00 +01:00,2018-09-10 07:00:00 +01:00,1,1
AT,AT.0008.20.AQ,NET.09,STA.09.AKC,,SPO.09.AKC.5066.6001.1,SPP.09.AKC.5066.6001.1.11325,SAM.09.AKC.5066.6001.1,PM2.5,http://dd.eionet.europa.eu/vocabulary/aq/pollutant/6001,hour,7.4546499100,µg/m3,2018-09-10 09:00:00 +01:00,2018-09-10 10:00:00 +01:00,1,1
AT,AT.0008.20.AQ,NET.09,STA.09.AKC,,SPO.09.AKC.5066.6001.1,SPP.09.AKC.5066.6001.1.11325,SAM.09.AKC.5066.6001.1,PM2.5,http://dd.eionet.europa.eu/vocabulary/aq/pollutant/6001,hour,5.2547502400,µg/m3,2018-09-10 12:00:00 +01:00,2018-09-10 13:00:00 +01:00,1,1
AT,AT.0008.20.AQ,NET.09,STA.09.AKC,,SPO.09.AKC.5066.6001.1,SPP.09.AKC.5066.6001.1.11325,SAM.09.AKC.5066.6001.1,PM2.5,http://dd.eionet.europa.eu/vocabulary/aq/pollutant/6001,hour,5.9212498500,µg/m3,2018-09-10 15:00:00 +01:00,2018-09-10 16:00:00 +01:00,1,1
AT,AT.0008.20.AQ,NET.09,STA.09.AKC,,SPO.09.AKC.5066.6001.1,SPP.09.AKC.5066.6001.1.11325,SAM.09.AKC.5066.6001.1,PM2.5,http://dd.eionet.europa.eu/vocabulary/aq/pollutant/6001,hour,6.2198500500,µg/m3,2018-09-10 16:00:00 +01:00,2018-09-10 17:00:00 +01:00,1,1
AT,AT.0008.20.AQ,NET.09,STA.09.AKC,,SPO.09.AKC.5066.6001.1,SPP.09.AKC.5066.6001.1.11325,SAM.09.AKC.5066.6001.1,PM2.5,http://dd.eionet.europa.eu/vocabulary/aq/pollutant/6001,hour,6.2948999300,µg/m3,2018-09-10 20:00:00 +01:00,2018-09-10 21:00:00 +01:00,1,1
AT,AT.0008.20.AQ,NET.09,STA.09.AKC,,SPO.09.AKC.5066.6001.1,SPP.09.AKC.5066.6001.1.11325,SAM.09.AKC.5066.6001.1,PM2.5,http://dd.eionet.europa.eu/vocabulary/aq/pollutant/6001,hour,6.4342999300,µg/m3,2018-09-10 21:00:00 +01:00,2018-09-10 22:00:00 +01:00,1,1
AT,AT.0008.20.AQ,NET.09,STA.09.AKC,,SPO.09.AKC.5066.6001.1,SPP.09.AKC.5066.6001.1.11325,SAM.09.AKC.5066.6001.1,PM2.5,http://dd.eionet.europa.eu/vocabulary/aq/pollutant/6001,hour,6.3752002600,µg/m3,2018-09-10 22:00:00 +01:00,2018-09-10 23:00:00 +01:00,1,1
AT,AT.0008.20.AQ,NET.09,STA.09.AKC,,SPO.09.AKC.5066.6001.1,SPP.09.AKC.5066.6001.1.11325,SAM.09.AKC.5066.6001.1,PM2.5,http://dd.eionet.europa.eu/vocabulary/aq/pollutant/6001,hour,6.4302997400,µg/m3,2018-09-10 23:00:00 +01:00,2018-09-11 00:00:00 +01:00,1,1
AT,AT.0008.20.AQ,NET.09,STA.09.AKC,,SPO.09.AKC.5066.6001.1,SPP.09.AKC.5066.6001.1.11325,SAM.09.AKC.5066.6001.1,PM2.5,http://dd.eionet.europa.eu/vocabulary/aq/pollutant/6001,hour,6.8863000700,µg/m3,2018-09-11 01:00:00 +01:00,2018-09-11 02:00:00 +01:00,1,1
AT,AT.0008.20.AQ,NET.09,STA.09.AKC,,SPO.09.AKC.5066.6001.1,SPP.09.AKC.5066.6001.1.11325,SAM.09.AKC.5066.6001.1,PM2.5,http://dd.eionet.europa.eu/vocabulary/aq/pollutant/6001,hour,6.8962497600,µg/m3,2018-09-11 02:00:00 +01:00,2018-09-11 03:00:00 +01:00,1,1
AT,AT.0008.20.AQ,NET.09,STA.09.AKC,,SPO.09.AKC.5066.6001.1,SPP.09.AKC.5066.6001.1.11325,SAM.09.AKC.5066.6001.1,PM2.5,http://dd.eionet.europa.eu/vocabulary/aq/pollutant/6001,hour,7.4123501600,µg/m3,2018-09-11 03:00:00 +01:00,2018-09-11 04:00:00 +01:00,1,1
AT,AT.0008.20.AQ,NET.09,STA.09.AKC,,SPO.09.AKC.5066.6001.1,SPP.09.AKC.5066.6001.1.11325,SAM.09.AKC.5066.6001.1,PM2.5,http://dd.eionet.europa.eu/vocabulary/aq/pollutant/6001,hour,7.4827499200,µg/m3,2018-09-11 05:00:00 +01:00,2018-09-11 06:00:00 +01:00,1,1
AT,AT.0008.20.AQ,NET.09,STA.09.AKC,,SPO.09.AKC.5066.6001.1,SPP.09.AKC.5066.6001.1.11325,SAM.09.AKC.5066.6001.1,PM2.5,http://dd.eionet.europa.eu/vocabulary/aq/pollutant/6001,hour,6.0862502900,µg/m3,2018-09-11 11:00:00 +01:00,2018-09-11 12:00:00 +01:00,1,1
AT,AT.0008.20.AQ,NET.09,STA.09.AKC,,SPO.09.AKC.5066.6001.1,SPP.09.AKC.5066.6001.1.11325,SAM.09.AKC.5066.6001.1,PM2.5,http://dd.eionet.europa.eu/vocabulary/aq/pollutant/6001,hour,6.0821499700,µg/m3,2018-09-11 13:00:00 +01:00,2018-09-11 14:00:00 +01:00,1,1
AT,AT.0008.20.AQ,NET.09,STA.09.AKC,,SPO.09.AKC.5066.6001.1,SPP.09.AKC.5066.6001.1.11325,SAM.09.AKC.5066.6001.1,PM2.5,http://dd.eionet.europa.eu/vocabulary/aq/pollutant/6001,hour,6.8063497400,µg/m3,2018-09-11 15:00:00 +01:00,2018-09-11 16:00:00 +01:00,1,1
AT,AT.0008.20.AQ,NET.09,STA.09.AKC,,SPO.09.AKC.5066.6001.1,SPP.09.AKC.5066.6001.1.11325,SAM.09.AKC.5066.6001.1,PM2.5,http://dd.eionet.europa.eu/vocabulary/aq/pollutant/6001,hour,7.5037002400,µg/m3,2018-09-11 17:00:00 +01:00,2018-09-11 18:00:00 +01:00,1,1
AT,AT.0008.20.AQ,NET.09,STA.09.AKC,,SPO.09.AKC.5066.6001.1,SPP.09.AKC.5066.6001.1.11325,SAM.09.AKC.5066.6001.1,PM2.5,http://dd.eionet.europa.eu/vocabulary/aq/pollutant/6001,hour,7.8889999200,µg/m3,2018-09-11 18:00:00 +01:00,2018-09-11 19:00:00 +01:00,1,1
AT,AT.0008.20.AQ,NET.09,STA.09.AKC,,SPO.09.AKC.5066.6001.1,SPP.09.AKC.5066.6001.1.11325,SAM.09.AKC.5066.6001.1,PM2.5,http://dd.eionet.europa.eu/vocabulary/aq/pollutant/6001,hour,7.3586501900,µg/m3,2018-09-11 20:00:00 +01:00,2018-09-11 21:00:00 +01:00,1,1
AT,AT.0008.20.AQ,NET.09,STA.09.AKC,,SPO.09.AKC.5066.6001.1,SPP.09.AKC.5066.6001.1.11325,SAM.09.AKC.5066.6001.1,PM2.5,http://dd.eionet.europa.eu/vocabulary/aq/pollutant/6001,hour,9.0170001800,µg/m3,2018-09-12 02:00:00 +01:00,2018-09-12 03:00:00 +01:00,1,1
AT,AT.0008.20.AQ,NET.09,STA.09.AKC,,SPO.09.AKC.5066.6001.1,SPP.09.AKC.5066.6001.1.11325,SAM.09.AKC.5066.6001.1,PM2.5,http://dd.eionet.europa.eu/vocabulary/aq/pollutant/6001,hour,15.5355005100,µg/m3,2018-09-12 08:00:00 +01:00,2018-09-12 09:00:00 +01:00,1,1
AT,AT.0008.20.AQ,NET.09,STA.09.AKC,,SPO.09.AKC.5066.6001.1,SPP.09.AKC.5066.6001.1.11325,SAM.09.AKC.5066.6001.1,PM2.5,http://dd.eionet.europa.eu/vocabulary/aq/pollutant/6001,hour,10.4155502200,µg/m3,2018-09-12 10:00:00 +01:00,2018-09-12 11:00:00 +01:00,1,1
AT,AT.0008.20.AQ,NET.09,STA.09.AKC,,SPO.09.AKC.5066.6001.1,SPP.09.AKC.5066.6001.1.11325,SAM.09.AKC.5066.6001.1,PM2.5,http://dd.eionet.europa.eu/vocabulary/aq/pollutant/6001,hour,6.8787002400,µg/m3,2018-09-12 12:00:00 +01:00,2018-09-12 13:00:00 +01:00,1,1
AT,AT.0008.20.AQ,NET.09,STA.09.AKC,,SPO.09.AKC.5066.6001.1,SPP.09.AKC.5066.6001.1.11325,SAM.09.AKC.5066.6001.1,PM2.5,http://dd.eionet.europa.eu/vocabulary/aq/pollutant/6001,hour,6.0978999000,µg/m3,2018-09-12 14:00:00 +01:00,2018-09-12 15:00:00 +01:00,1,1
AT,AT.0008.20.AQ,NET.09,STA.09.AKC,,SPO.09.AKC.5066.6001.1,SPP.09.AKC.5066.6001.1.11325,SAM.09.AKC.5066.6001.1,PM2.5,http://dd.eionet.europa.eu/vocabulary/aq/pollutant/6001,hour,6.6983995300,µg/m3,2018-09-12 17:00:00 +01:00,2018-09-12 18:00:00 +01:00,1,1
AT,AT.0008.20.AQ,NET.09,STA.09.AKC,,SPO.09.AKC.5066.6001.1,SPP.09.AKC.5066.6001.1.11325,SAM.09.AKC.5066.6001.1,PM2.5,http://dd.eionet.europa.eu/vocabulary/aq/pollutant/6001,hour,11.9595003000,µg/m3,2018-09-12 21:00:00 +01:00,2018-09-12 22:00:00 +01:00,1,1
AT,AT.0008.20.AQ,NET.09,STA.09.AKC,,SPO.09.AKC.5066.6001.1,SPP.09.AKC.5066.6001.1.11325,SAM.09.AKC.5066.6001.1,PM2.5,http://dd.eionet.europa.eu/vocabulary/aq/pollutant/6001,hour,10.7894992700,µg/m3,2018-09-12 23:00:00 +01:00,2018-09-13 00:00:00 +01:00,1,1
AT,AT.0008.20.AQ,NET.09,STA.09.AKC,,SPO.09.AKC.5066.6001.1,SPP.09.AKC.5066.6001.1.11325,SAM.09.AKC.5066.6001.1,PM2.5,http://dd.eionet.europa.eu/vocabulary/aq/pollutant/6001,hour,18.1009998200,µg/m3,2018-09-13 00:00:00 +01:00,2018-09-13 01:00:00 +01:00,1,1
AT,AT.0008.20.AQ,NET.09,STA.09.AKC,,SPO.09.AKC.5066.6001.1,SPP.09.AKC.5066.6001.1.11325,SAM.09.AKC.5066.6001.1,PM2.5,http://dd.eionet.europa.eu/vocabulary/aq/pollutant/6001,hour,17.1949996800,µg/m3,2018-09-13 06:00:00 +01:00,2018-09-13 07:00:00 +01:00,1,1
AT,AT.0008.20.AQ,NET.09,STA.09.AKC,,SPO.09.AKC.5066.6001.1,SPP.09.AKC.5066.6001.1.11325,SAM.09.AKC.5066.6001.1,PM2.5,http://dd.eionet.europa.eu/vocabulary/aq/pollutant/6001,hour,13.0819997600,µg/m3,2018-09-13 12:00:00 +01:00,2018-09-13 13:00:00 +01:00,1,1
AT,AT.0008.20.AQ,NET.09,STA.09.AKC,,SPO.09.AKC.5066.6001.1,SPP.09.AKC.5066.6001.1.11325,SAM.09.AKC.5066.6001.1,PM2.5,http://dd.eionet.europa.eu/vocabulary/aq/pollutant/6001,hour,11.2385005800,µg/m3,2018-09-13 14:00:00 +01:00,2018-09-13 15:00:00 +01:00,1,1
AT,AT.0008.20.AQ,NET.09,STA.09.AKC,,SPO.09.AKC.5066.6001.1,SPP.09.AKC.5066.6001.1.11325,SAM.09.AKC.5066.6001.1,PM2.5,http://dd.eionet.europa.eu/vocabulary/aq/pollutant/6001,hour,8.7754497400,µg/m3,2018-09-13 18:00:00 +01:00,2018-09-13 19:00:00 +01:00,1,1
AT,AT.0008.20.AQ,NET.09,STA.09.AKC,,SPO.09.AKC.5066.6001.1,SPP.09.AKC.5066.6001.1.11325,SAM.09.AKC.5066.6001.1,PM2.5,http://dd.eionet.europa.eu/vocabulary/aq/pollutant/6001,hour,11.4134998200,µg/m3,2018-09-14 00:00:00 +01:00,2018-09-14 01:00:00 +01:00,1,1
AT,AT.0008.20.AQ,NET.09,STA.09.AKC,,SPO.09.AKC.5066.6001.1,SPP.09.AKC.5066.6001.1.11325,SAM.09.AKC.5066.6001.1,PM2.5,http://dd.eionet.europa.eu/vocabulary/aq/pollutant/6001,hour,11.0989999600,µg/m3,2018-09-14 02:00:00 +01:00,2018-09-14 03:00:00 +01:00,1,1
AT,AT.0008.20.AQ,NET.09,STA.09.AKC,,SPO.09.AKC.5066.6001.1,SPP.09.AKC.5066.6001.1.11325,SAM.09.AKC.5066.6001.1,PM2.5,http://dd.eionet.europa.eu/vocabulary/aq/pollutant/6001,hour,10.5814990800,µg/m3,2018-09-14 11:00:00 +01:00,2018-09-14 12:00:00 +01:00,1,1
AT,AT.0008.20.AQ,NET.09,STA.09.AKC,,SPO.09.AKC.5066.6001.1,SPP.09.AKC.5066.6001.1.11325,SAM.09.AKC.5066.6001.1,PM2.5,http://dd.eionet.europa.eu/vocabulary/aq/pollutant/6001,hour,9.0247993300,µg/m3,2018-09-14 13:00:00 +01:00,2018-09-14 14:00:00 +01:00,1,1
AT,AT.0008.20.AQ,NET.09,STA.09.AKC,,SPO.09.AKC.5066.6001.1,SPP.09.AKC.5066.6001.1.11325,SAM.09.AKC.5066.6001.1,PM2.5,http://dd.eionet.europa.eu/vocabulary/aq/pollutant/6001,hour,4.3074998700,µg/m3,2018-09-14 18:00:00 +01:00,2018-09-14 19:00:00 +01:00,1,1
AT,AT.0008.20.AQ,NET.09,STA.09.AKC,,SPO.09.AKC.5066.6001.1,SPP.09.AKC.5066.6001.1.11325,SAM.09.AKC.5066.6001.1,PM2.5,http://dd.eionet.europa.eu/vocabulary/aq/pollutant/6001,hour,5.7982997700,µg/m3,2018-09-14 20:00:00 +01:00,2018-09-14 21:00:00 +01:00,1,1
AT,AT.0008.20.AQ,NET.09,STA.09.AKC,,SPO.09.AKC.5066.6001.1,SPP.09.AKC.5066.6001.1.11325,SAM.09.AKC.5066.6001.1,PM2.5,http://dd.eionet.europa.eu/vocabulary/aq/pollutant/6001,hour,7.4545497700,µg/m3,2018-09-14 23:00:00 +01:00,2018-09-15 00:00:00 +01:00,1,1
AT,AT.0008.20.AQ,NET.09,STA.09.AKC,,SPO.09.AKC.5066.6001.1,SPP.09.AKC.5066.6001.1.11325,SAM.09.AKC.5066.6001.1,PM2.5,http://dd.eionet.europa.eu/vocabulary/aq/pollutant/6001,hour,12.5349998300,µg/m3,2018-09-15 03:00:00 +01:00,2018-09-15 04:00:00 +01:00,1,1
AT,AT.0008.20.AQ,NET.09,STA.09.AKC,,SPO.09.AKC.5066.6001.1,SPP.09.AKC.5066.6001.1.11325,SAM.09.AKC.5066.6001.1,PM2.5,http://dd.eionet.europa.eu/vocabulary/aq/pollutant/6001,hour,14.7884998200,µg/m3,2018-09-15 07:00:00 +01:00,2018-09-15 08:00:00 +01:00,1,1
AT,AT.0008.20.AQ,NET.09,STA.09.AKC,,SPO.09.AKC.5066.6001.1,SPP.09.AKC.5066.6001.1.11325,SAM.09.AKC.5066.6001.1,PM2.5,http://dd.eionet.europa.eu/vocabulary/aq/pollutant/6001,hour,7.1304001700,µg/m3,2018-09-15 09:00:00 +01:00,2018-09-15 10:00:00 +01:00,1,1
AT,AT.0008.20.AQ,NET.09,STA.09.AKC,,SPO.09.AKC.5066.6001.1,SPP.09.AKC.5066.6001.1.11325,SAM.09.AKC.5066.6001.1,PM2.5,http://dd.eionet.europa.eu/vocabulary/aq/pollutant/6001,hour,6.2580995400,µg/m3,2018-09-15 11:00:00 +01:00,2018-09-15 12:00:00 +01:00,1,1
AT,AT.0008.20.AQ,NET.09,STA.09.AKC,,SPO.09.AKC.5066.6001.1,SPP.09.AKC.5066.6001.1.11325,SAM.09.AKC.5066.6001.1,PM2.5,http://dd.eionet.europa.eu/vocabulary/aq/pollutant/6001,hour,6.0788497800,µg/m3,2018-09-15 12:00:00 +01:00,2018-09-15 13:00:00 +01:00,1,1
AT,AT.0008.20.AQ,NET.09,STA.09.AKC,,SPO.09.AKC.5066.6001.1,SPP.09.AKC.5066.6001.1.11325,SAM.09.AKC.5066.6001.1,PM2.5,http://dd.eionet.europa.eu/vocabulary/aq/pollutant/6001,hour,7.2745504200,µg/m3,2018-09-15 16:00:00 +01:00,2018-09-15 17:00:00 +01:00,1,1
AT,AT.0008.20.AQ,NET.09,STA.09.AKC,,SPO.09.AKC.5066.6001.1,SPP.09.AKC.5066.6001.1.11325,SAM.09.AKC.5066.6001.1,PM2.5,http://dd.eionet.europa.eu/vocabulary/aq/pollutant/6001,hour,6.3554000700,µg/m3,2018-09-15 17:00:00 +01:00,2018-09-15 18:00:00 +01:00,1,1
AT,AT.0008.20.AQ,NET.09,STA.09.AKC,,SPO.09.AKC.5066.6001.1,SPP.09.AKC.5066.6001.1.11325,SAM.09.AKC.5066.6001.1,PM2.5,http://dd.eionet.europa.eu/vocabulary/aq/pollutant/6001,hour,8.4569501700,µg/m3,2018-09-15 19:00:00 +01:00,2018-09-15 20:00:00 +01:00,1,1
AT,AT.0008.20.AQ,NET.09,STA.09.AKC,,SPO.09.AKC.5066.6001.1,SPP.09.AKC.5066.6001.1.11325,SAM.09.AKC.5066.6001.1,PM2.5,http://dd.eionet.europa.eu/vocabulary/aq/pollutant/6001,hour,8.3748502600,µg/m3,2018-09-15 22:00:00 +01:00,2018-09-15 23:00:00 +01:00,1,1
AT,AT.0008.20.AQ,NET.09,STA.09.AKC,,SPO.09.AKC.5066.6001.1,SPP.09.AKC.5066.6001.1.11325,SAM.09.AKC.5066.6001.1,PM2.5,http://dd.eionet.europa.eu/vocabulary/aq/pollutant/6001,hour,8.5768499200,µg/m3,2018-09-15 23:00:00 +01:00,2018-09-16 00:00:00 +01:00,1,1
AT,AT.0008.20.AQ,NET.09,STA.09.AKC,,SPO.09.AKC.5066.6001.1,SPP.09.AKC.5066.6001.1.11325,SAM.09.AKC.5066.6001.1,PM2.5,http://dd.eionet.europa.eu/vocabulary/aq/pollutant/6001,hour,13.5030002400,µg/m3,2018-09-16 04:00:00 +01:00,2018-09-16 05:00:00 +01:00,1,1
AT,AT.0008.20.AQ,NET.09,STA.09.AKC,,SPO.09.AKC.5066.6001.1,SPP.09.AKC.5066.6001.1.11325,SAM.09.AKC.5066.6001.1,PM2.5,http://dd.eionet.europa.eu/vocabulary/aq/pollutant/6001,hour,16.2514991600,µg/m3,2018-09-16 08:00:00 +01:00,2018-09-16 09:00:00 +01:00,1,1
AT,AT.0008.20.AQ,NET.09,STA.09.AKC,,SPO.09.AKC.5066.6001.1,SPP.09.AKC.5066.6001.1.11325,SAM.09.AKC.5066.6001.1,PM2.5,http://dd.eionet.europa.eu/vocabulary/aq/pollutant/6001,hour,16.0335006600,µg/m3,2018-09-16 09:00:00 +01:00,2018-09-16 10:00:00 +01:00,1,1
AT,AT.0008.20.AQ,NET.09,STA.09.AKC,,SPO.09.AKC.5066.6001.1,SPP.09.AKC.5066.6001.1.11325,SAM.09.AKC.5066.6001.1,PM2.5,http://dd.eionet.europa.eu/vocabulary/aq/pollutant/6001,hour,14.2544994200,µg/m3,2018-09-16 10:00:00 +01:00,2018-09-16 11:00:00 +01:00,1,1
AT,AT.0008.20.AQ,NET.09,STA.09.AKC,,SPO.09.AKC.5066.6001.1,SPP.09.AKC.5066.6001.1.11325,SAM.09.AKC.5066.6001.1,PM2.5,http://dd.eionet.europa.eu/vocabulary/aq/pollutant/6001,hour,9.9257497600,µg/m3,2018-09-16 14:00:00 +01:00,2018-09-16 15:00:00 +01:00,1,1
AT,AT.0008.20.AQ,NET.09,STA.09.AKC,,SPO.09.AKC.5066.6001.1,SPP.09.AKC.5066.6001.1.11325,SAM.09.AKC.5066.6001.1,PM2.5,http://dd.eionet.europa.eu/vocabulary/aq/pollutant/6001,hour,8.8253497900,µg/m3,2018-09-16 17:00:00 +01:00,2018-09-16 18:00:00 +01:00,1,1
AT,AT.0008.20.AQ,NET.09,STA.09.AKC,,SPO.09.AKC.5066.6001.1,SPP.09.AKC.5066.6001.1.11325,SAM.09.AKC.5066.6001.1,PM2.5,http://dd.eionet.europa.eu/vocabulary/aq/pollutant/6001,hour,12.5849990700,µg/m3,2018-09-17 00:00:00 +01:00,2018-09-17 01:00:00 +01:00,1,1
AT,AT.0008.20.AQ,NET.09,STA.09.AKC,,SPO.09.AKC.5066.6001.1,SPP.09.AKC.5066.6001.1.11325,SAM.09.AKC.5066.6001.1,PM2.5,http://dd.eionet.europa.eu/vocabulary/aq/pollutant/6001,hour,13.4419994200,µg/m3,2018-09-17 11:00:00 +01:00,2018-09-17 12:00:00 +01:00,1,1
AT,AT.0008.20.AQ,NET.09,STA.09.AKC,,SPO.09.AKC.5066.6001.1,SPP.09.AKC.5066.6001.1.11325,SAM.09.AKC.5066.6001.1,PM2.5,http://dd.eionet.europa.eu/vocabulary/aq/pollutant/6001,hour,9.0405006300,µg/m3,2018-09-17 16:00:00 +01:00,2018-09-17 17:00:00 +01:00,1,1
AT,AT.0008.20.AQ,NET.09,STA.09.AKC,,SPO.09.AKC.5066.6001.1,SPP.09.AKC.5066.6001.1.11325,SAM.09.AKC.5066.6001.1,PM2.5,http://dd.eionet.europa.eu/vocabulary/aq/pollutant/6001,hour,8.6921996900,µg/m3,2018-09-17 17:00:00 +01:00,2018-09-17 18:00:00 +01:00,1,1
AT,AT.0008.20.AQ,NET.09,STA.09.AKC,,SPO.09.AKC.5066.6001.1,SPP.09.AKC.5066.6001.1.11325,SAM.09.AKC.5066.6001.1,PM2.5,http://dd.eionet.europa.eu/vocabulary/aq/pollutant/6001,hour,9.3391504100,µg/m3,2018-09-17 18:00:00 +01:00,2018-09-17 19:00:00 +01:00,1,1
AT,AT.0008.20.AQ,NET.09,STA.09.AKC,,SPO.09.AKC.5066.6001.1,SPP.09.AKC.5066.6001.1.11325,SAM.09.AKC.5066.6001.1,PM2.5,http://dd.eionet.europa.eu/vocabulary/aq/pollutant/6001,hour,8.5900993200,µg/m3,2018-09-17 19:00:00 +01:00,2018-09-17 20:00:00 +01:00,1,1
AT,AT.0008.20.AQ,NET.09,STA.09.AKC,,SPO.09.AKC.5066.6001.1,SPP.09.AKC.5066.6001.1.11325,SAM.09.AKC.5066.6001.1,PM2.5,http://dd.eionet.europa.eu/vocabulary/aq/pollutant/6001,hour,9.2522497000,µg/m3,2018-09-17 23:00:00 +01:00,2018-09-18 00:00:00 +01:00,1,1
AT,AT.0008.20.AQ,NET.09,STA.09.AKC,,SPO.09.AKC.5066.6001.1,SPP.09.AKC.5066.6001.1.11325,SAM.09.AKC.5066.6001.1,PM2.5,http://dd.eionet.europa.eu/vocabulary/aq/pollutant/6001,hour,9.9395999800,µg/m3,2018-09-18 00:00:00 +01:00,2018-09-18 01:00:00 +01:00,1,1
AT,AT.0008.20.AQ,NET.09,STA.09.AKC,,SPO.09.AKC.5066.6001.1,SPP.09.AKC.5066.6001.1.11325,SAM.09.AKC.5066.6001.1,PM2.5,http://dd.eionet.europa.eu/vocabulary/aq/pollutant/6001,hour,12.0405006300,µg/m3,2018-09-18 05:00:00 +01:00,2018-09-18 06:00:00 +01:00,1,1
AT,AT.0008.20.AQ,NET.09,STA.09.AKC,,SPO.09.AKC.5066.6001.1,SPP.09.AKC.5066.6001.1.11325,SAM.09.AKC.5066.6001.1,PM2.5,http://dd.eionet.europa.eu/vocabulary/aq/pollutant/6001,hour,12.8689994700,µg/m3,2018-09-18 07:00:00 +01:00,2018-09-18 08:00:00 +01:00,1,1
AT,AT.0008.20.AQ,NET.09,STA.09.AKC,,SPO.09.AKC.5066.6001.1,SPP.09.AKC.5066.6001.1.11325,SAM.09.AKC.5066.6001.1,PM2.5,http://dd.eionet.europa.eu/vocabulary/aq/pollutant/6001,hour,11.4945001500,µg/m3,2018-09-18 08:00:00 +01:00,2018-09-18 09:00:00 +01:00,1,1
AT,AT.0008.20.AQ,NET.09,STA.09.AKC,,SPO.09.AKC.5066.6001.1,SPP.09.AKC.5066.6001.1.11325,SAM.09.AKC.5066.6001.1,PM2.5,http://dd.eionet.europa.eu/vocabulary/aq/pollutant/6001,hour,10.6019992700,µg/m3,2018-09-18 09:00:00 +01:00,2018-09-18 10:00:00 +01:00,1,1
AT,AT.0008.20.AQ,NET.09,STA.09.AKC,,SPO.09.AKC.5066.6001.1,SPP.09.AKC.5066.6001.1.11325,SAM.09.AKC.5066.6001.1,PM2.5,http://dd.eionet.europa.eu/vocabulary/aq/pollutant/6001,hour,9.0438995200,µg/m3,2018-09-18 10:00:00 +01:00,2018-09-18 11:00:00 +01:00,1,1
AT,AT.0008.20.AQ,NET.09,STA.09.AKC,,SPO.09.AKC.5066.6001.1,SPP.09.AKC.5066.6001.1.11325,SAM.09.AKC.5066.6001.1,PM2.5,http://dd.eionet.europa.eu/vocabulary/aq/pollutant/6001,hour,7.3617000400,µg/m3,2018-09-18 12:00:00 +01:00,2018-09-18 13:00:00 +01:00,1,1
AT,AT.0008.20.AQ,NET.09,STA.09.AKC,,SPO.09.AKC.5066.6001.1,SPP.09.AKC.5066.6001.1.11325,SAM.09.AKC.5066.6001.1,PM2.5,http://dd.eionet.europa.eu/vocabulary/aq/pollutant/6001,hour,7.9464998100,µg/m3,2018-09-18 17:00:00 +01:00,2018-09-18 18:00:00 +01:00,1,1
AT,AT.0008.20.AQ,NET.09,STA.09.AKC,,SPO.09.AKC.5066.6001.1,SPP.09.AKC.5066.6001.1.11325,SAM.09.AKC.5066.6001.1,PM2.5,http://dd.eionet.europa.eu/vocabulary/aq/pollutant/6001,hour,8.7291498000,µg/m3,2018-09-18 19:00:00 +01:00,2018-09-18 20:00:00 +01:00,1,1
AT,AT.0008.20.AQ,NET.09,STA.09.AKC,,SPO.09.AKC.5066.6001.1,SPP.09.AKC.5066.6001.1.11325,SAM.09.AKC.5066.6001.1,PM2.5,http://dd.eionet.europa.eu/vocabulary/aq/pollutant/6001,hour,9.8385505500,µg/m3,2018-09-18 22:00:00 +01:00,2018-09-18 23:00:00 +01:00,1,1
AT,AT.0008.20.AQ,NET.09,STA.09.AKC,,SPO.09.AKC.5066.6001.1,SPP.09.AKC.5066.6001.1.11325,SAM.09.AKC.5066.6001.1,PM2.5,http://dd.eionet.europa.eu/vocabulary/aq/pollutant/6001,hour,10.3064994700,µg/m3,2018-09-18 23:00:00 +01:00,2018-09-19 00:00:00 +01:00,1,1
AT,AT.0008.20.AQ,NET.09,STA.09.AKC,,SPO.09.AKC.5066.6001.1,SPP.09.AKC.5066.6001.1.11325,SAM.09.AKC.5066.6001.1,PM2.5,http://dd.eionet.europa.eu/vocabulary/aq/pollutant/6001,hour,14.8064994700,µg/m3,2018-09-19 05:00:00 +01:00,2018-09-19 06:00:00 +01:00,1,1
AT,AT.0008.20.AQ,NET.09,STA.09.AKC,,SPO.09.AKC.5066.6001.1,SPP.09.AKC.5066.6001.1.11325,SAM.09.AKC.5066.6001.1,PM2.5,http://dd.eionet.europa.eu/vocabulary/aq/pollutant/6001,hour,16.0669994200,µg/m3,2018-09-19 08:00:00 +01:00,2018-09-19 09:00:00 +01:00,1,1
AT,AT.0008.20.AQ,NET.09,STA.09.AKC,,SPO.09.AKC.5066.6001.1,SPP.09.AKC.5066.6001.1.11325,SAM.09.AKC.5066.6001.1,PM2.5,http://dd.eionet.europa.eu/vocabulary/aq/pollutant/6001,hour,5.4572496300,µg/m3,2018-09-19 10:00:00 +01:00,2018-09-19 11:00:00 +01:00,1,1
AT,AT.0008.20.AQ,NET.09,STA.09.AKC,,SPO.09.AKC.5066.6001.1,SPP.09.AKC.5066.6001.1.11325,SAM.09.AKC.5066.6001.1,PM2.5,http://dd.eionet.europa.eu/vocabulary/aq/pollutant/6001,hour,7.5777501900,µg/m3,2018-09-19 13:00:00 +01:00,2018-09-19 14:00:00 +01:00,1,1
AT,AT.0008.20.AQ,NET.09,STA.09.AKC,,SPO.09.AKC.5066.6001.1,SPP.09.AKC.5066.6001.1.11325,SAM.09.AKC.5066.6001.1,PM2.5,http://dd.eionet.europa.eu/vocabulary/aq/pollutant/6001,hour,6.2721500200,µg/m3,2018-09-19 16:00:00 +01:00,2018-09-19 17:00:00 +01:00,1,1
AT,AT.0008.20.AQ,NET.09,STA.09.AKC,,SPO.09.AKC.5066.6001.1,SPP.09.AKC.5066.6001.1.11325,SAM.09.AKC.5066.6001.1,PM2.5,http://dd.eionet.europa.eu/vocabulary/aq/pollutant/6001,hour,5.9291000200,µg/m3,2018-09-19 18:00:00 +01:00,2018-09-19 19:00:00 +01:00,1,1
AT,AT.0008.20.AQ,NET.09,STA.09.AKC,,SPO.09.AKC.5066.6001.1,SPP.09.AKC.5066.6001.1.11325,SAM.09.AKC.5066.6001.1,PM2.5,http://dd.eionet.europa.eu/vocabulary/aq/pollutant/6001,hour,5.7390999600,µg/m3,2018-09-19 19:00:00 +01:00,2018-09-19 20:00:00 +01:00,1,1
AT,AT.0008.20.AQ,NET.09,STA.09.AKC,,SPO.09.AKC.5066.6001.1,SPP.09.AKC.5066.6001.1.11325,SAM.09.AKC.5066.6001.1,PM2.5,http://dd.eionet.europa.eu/vocabulary/aq/pollutant/6001,hour,8.9477996700,µg/m3,2018-09-19 22:00:00 +01:00,2018-09-19 23:00:00 +01:00,1,1
AT,AT.0008.20.AQ,NET.09,STA.09.AKC,,SPO.09.AKC.5066.6001.1,SPP.09.AKC.5066.6001.1.11325,SAM.09.AKC.5066.6001.1,PM2.5,http://dd.eionet.europa.eu/vocabulary/aq/pollutant/6001,hour,10.6649999500,µg/m3,2018-09-20 00:00:00 +01:00,2018-09-20 01:00:00 +01:00,1,1
AT,AT.0008.20.AQ,NET.09,STA.09.AKC,,SPO.09.AKC.5066.6001.1,SPP.09.AKC.5066.6001.1.11325,SAM.09.AKC.5066.6001.1,PM2.5,http://dd.eionet.europa.eu/vocabulary/aq/pollutant/6001,hour,9.2649497800,µg/m3,2018-09-20 01:00:00 +01:00,2018-09-20 02:00:00 +01:00,1,1
AT,AT.0008.20.AQ,NET.09,STA.09.AKC,,SPO.09.AKC.5066.6001.1,SPP.09.AKC.5066.6001.1.11325,SAM.09.AKC.5066.6001.1,PM2.5,http://dd.eionet.europa.eu/vocabulary/aq/pollutant/6001,hour,10.5804996300,µg/m3,2018-09-20 04:00:00 +01:00,2018-09-20 05:00:00 +01:00,1,1
AT,AT.0008.20.AQ,NET.09,STA.09.AKC,,SPO.09.AKC.5066.6001.1,SPP.09.AKC.5066.6001.1.11325,SAM.09.AKC.5066.6001.1,PM2.5,http://dd.eionet.europa.eu/vocabulary/aq/pollutant/6001,hour,11.7439994700,µg/m3,2018-09-20 10:00:00 +01:00,2018-09-20 11:00:00 +01:00,1,1
AT,AT.0008.20.AQ,NET.09,STA.09.AKC,,SPO.09.AKC.5066.6001.1,SPP.09.AKC.5066.6001.1.11325,SAM.09.AKC.5066.6001.1,PM2.5,http://dd.eionet.europa.eu/vocabulary/aq/pollutant/6001,hour,9.9058494400,µg/m3,2018-09-20 11:00:00 +01:00,2018-09-20 12:00:00 +01:00,1,1
AT,AT.0008.20.AQ,NET.09,STA.09.AKC,,SPO.09.AKC.5066.6001.1,SPP.09.AKC.5066.6001.1.11325,SAM.09.AKC.5066.6001.1,PM2.5,http://dd.eionet.europa.eu/vocabulary/aq/pollutant/6001,hour,10.3509998200,µg/m3,2018-09-20 12:00:00 +01:00,2018-09-20 13:00:00 +01:00,1,1
AT,AT.0008.20.AQ,NET.09,STA.09.AKC,,SPO.09.AKC.5066.6001.1,SPP.09.AKC.5066.6001.1.11325,SAM.09.AKC.5066.6001.1,PM2.5,http://dd.eionet.europa.eu/vocabulary/aq/pollutant/6001,hour,9.8695001500,µg/m3,2018-09-20 15:00:00 +01:00,2018-09-20 16:00:00 +01:00,1,1
AT,AT.0008.20.AQ,NET.09,STA.09.AKC,,SPO.09.AKC.5066.6001.1,SPP.09.AKC.5066.6001.1.11325,SAM.09.AKC.5066.6001.1,PM2.5,http://dd.eionet.europa.eu/vocabulary/aq/pollutant/6001,hour,15.1019992700,µg/m3,2018-09-20 21:00:00 +01:00,2018-09-20 22:00:00 +01:00,1,1
AT,AT.0008.20.AQ,NET.09,STA.09.AKC,,SPO.09.AKC.5066.6001.1,SPP.09.AKC.5066.6001.1.11325,SAM.09.AKC.5066.6001.1,PM2.5,http://dd.eionet.europa.eu/vocabulary/aq/pollutant/6001,hour,17.5885009600,µg/m3,2018-09-21 00:00:00 +01:00,2018-09-21 01:00:00 +01:00,1,1
AT,AT.0008.20.AQ,NET.09,STA.09.AKC,,SPO.09.AKC.5066.6001.1,SPP.09.AKC.5066.6001.1.11325,SAM.09.AKC.5066.6001.1,PM2.5,http://dd.eionet.europa.eu/vocabulary/aq/pollutant/6001,hour,18.8759994400,µg/m3,2018-09-21 02:00:00 +01:00,2018-09-21 03:00:00 +01:00,1,1
AT,AT.0008.20.AQ,NET.09,STA.09.AKC,,SPO.09.AKC.5066.6001.1,SPP.09.AKC.5066.6001.1.11325,SAM.09.AKC.5066.6001.1,PM2.5,http://dd.eionet.europa.eu/vocabulary/aq/pollutant/6001,hour,20.7439994700,µg/m3,2018-09-21 05:00:00 +01:00,2018-09-21 06:00:00 +01:00,1,1
AT,AT.0008.20.AQ,NET.09,STA.09.AKC,,SPO.09.AKC.5066.6001.1,SPP.09.AKC.5066.6001.1.11325,SAM.09.AKC.5066.6001.1,PM2.5,http://dd.eionet.europa.eu/vocabulary/aq/pollutant/6001,hour,9.6376495200,µg/m3,2018-09-21 15:00:00 +01:00,2018-09-21 16:00:00 +01:00,1,1
AT,AT.0008.20.AQ,NET.09,STA.09.AKC,,SPO.09.AKC.5066.6001.1,SPP.09.AKC.5066.6001.1.11325,SAM.09.AKC.5066.6001.1,PM2.5,http://dd.eionet.europa.eu/vocabulary/aq/pollutant/6001,hour,9.6962499500,µg/m3,2018-09-21 16:00:00 +01:00,2018-09-21 17:00:00 +01:00,1,1
AT,AT.0008.20.AQ,NET.09,STA.09.AKC,,SPO.09.AKC.5066.6001.1,SPP.09.AKC.5066.6001.1.11325,SAM.09.AKC.5066.6001.1,PM2.5,http://dd.eionet.europa.eu/vocabulary/aq/pollutant/6001,hour,9.3116502600,µg/m3,2018-09-21 23:00:00 +01:00,2018-09-22 00:00:00 +01:00,1,1
AT,AT.0008.20.AQ,NET.09,STA.09.AKC,,SPO.09.AKC.5066.6001.1,SPP.09.AKC.5066.6001.1.11325,SAM.09.AKC.5066.6001.1,PM2.5,http://dd.eionet.europa.eu/vocabulary/aq/pollutant/6001,hour,2.5159501900,µg/m3,2018-09-22 04:00:00 +01:00,2018-09-22 05:00:00 +01:00,1,1
AT,AT.0008.20.AQ,NET.09,STA.09.AKC,,SPO.09.AKC.5066.6001.1,SPP.09.AKC.5066.6001.1.11325,SAM.09.AKC.5066.6001.1,PM2.5,http://dd.eionet.europa.eu/vocabulary/aq/pollutant/6001,hour,4.1037001500,µg/m3,2018-09-22 07:00:00 +01:00,2018-09-22 08:00:00 +01:00,1,1
AT,AT.0008.20.AQ,NET.09,STA.09.AKC,,SPO.09.AKC.5066.6001.1,SPP.09.AKC.5066.6001.1.11325,SAM.09.AKC.5066.6001.1,PM2.5,http://dd.eionet.europa.eu/vocabulary/aq/pollutant/6001,hour,4.6517000000,µg/m3,2018-09-22 12:00:00 +01:00,2018-09-22 13:00:00 +01:00,1,1
AT,AT.0008.20.AQ,NET.09,STA.09.AKC,,SPO.09.AKC.5066.6001.1,SPP.09.AKC.5066.6001.1.11325,SAM.09.AKC.5066.6001.1,PM2.5,http://dd.eionet.europa.eu/vocabulary/aq/pollutant/6001,hour,4.3973998900,µg/m3,2018-09-22 14:00:00 +01:00,2018-09-22 15:00:00 +01:00,1,1
AT,AT.0008.20.AQ,NET.09,STA.09.AKC,,SPO.09.AKC.5066.6001.1,SPP.09.AKC.5066.6001.1.11325,SAM.09.AKC.5066.6001.1,PM2.5,http://dd.eionet.europa.eu/vocabulary/aq/pollutant/6001,hour,4.6038999400,µg/m3,2018-09-22 15:00:00 +01:00,2018-09-22 16:00:00 +01:00,1,1
AT,AT.0008.20.AQ,NET.09,STA.09.AKC,,SPO.09.AKC.5066.6001.1,SPP.09.AKC.5066.6001.1.11325,SAM.09.AKC.5066.6001.1,PM2.5,http://dd.eionet.europa.eu/vocabulary/aq/pollutant/6001,hour,5.5406999400,µg/m3,2018-09-22 18:00:00 +01:00,2018-09-22 19:00:00 +01:00,1,1
AT,AT.0008.20.AQ,NET.09,STA.09.AKC,,SPO.09.AKC.5066.6001.1,SPP.09.AKC.5066.6001.1.11325,SAM.09.AKC.5066.6001.1,PM2.5,http://dd.eionet.europa.eu/vocabulary/aq/pollutant/6001,hour,5.8241996600,µg/m3,2018-09-22 22:00:00 +01:00,2018-09-22 23:00:00 +01:00,1,1
AT,AT.0008.20.AQ,NET.09,STA.09.AKC,,SPO.09.AKC.5066.6001.1,SPP.09.AKC.5066.6001.1.11325,SAM.09.AKC.5066.6001.1,PM2.5,http://dd.eionet.europa.eu/vocabulary/aq/pollutant/6001,hour,3.2754499800,µg/m3,2018-09-23 07:00:00 +01:00,2018-09-23 08:00:00 +01:00,1,1
AT,AT.0008.20.AQ,NET.09,STA.09.AKC,,SPO.09.AKC.5066.6001.1,SPP.09.AKC.5066.6001.1.11325,SAM.09.AKC.5066.6001.1,PM2.5,http://dd.eionet.europa.eu/vocabulary/aq/pollutant/6001,hour,3.7027499500,µg/m3,2018-09-23 09:00:00 +01:00,2018-09-23 10:00:00 +01:00,1,1
AT,AT.0008.20.AQ,NET.09,STA.09.AKC,,SPO.09.AKC.5066.6001.1,SPP.09.AKC.5066.6001.1.11325,SAM.09.AKC.5066.6001.1,PM2.5,http://dd.eionet.europa.eu/vocabulary/aq/pollutant/6001,hour,3.7245499900,µg/m3,2018-09-23 11:00:00 +01:00,2018-09-23 12:00:00 +01:00,1,1
AT,AT.0008.20.AQ,NET.09,STA.09.AKC,,SPO.09.AKC.5066.6001.1,SPP.09.AKC.5066.6001.1.11325,SAM.09.AKC.5066.6001.1,PM2.5,http://dd.eionet.europa.eu/vocabulary/aq/pollutant/6001,hour,4.2172498600,µg/m3,2018-09-23 13:00:00 +01:00,2018-09-23 14:00:00 +01:00,1,1
AT,AT.0008.20.AQ,NET.09,STA.09.AKC,,SPO.09.AKC.5066.6001.1,SPP.09.AKC.5066.6001.1.11325,SAM.09.AKC.5066.6001.1,PM2.5,http://dd.eionet.europa.eu/vocabulary/aq/pollutant/6001,hour,4.6809997400,µg/m3,2018-09-23 14:00:00 +01:00,2018-09-23 15:00:00 +01:00,1,1
AT,AT.0008.20.AQ,NET.09,STA.09.AKC,,SPO.09.AKC.5066.6001.1,SPP.09.AKC.5066.6001.1.11325,SAM.09.AKC.5066.6001.1,PM2.5,http://dd.eionet.europa.eu/vocabulary/aq/pollutant/6001,hour,5.4001998800,µg/m3,2018-09-23 15:00:00 +01:00,2018-09-23 16:00:00 +01:00,1,1
AT,AT.0008.20.AQ,NET.09,STA.09.AKC,,SPO.09.AKC.5066.6001.1,SPP.09.AKC.5066.6001.1.11325,SAM.09.AKC.5066.6001.1,PM2.5,http://dd.eionet.europa.eu/vocabulary/aq/pollutant/6001,hour,5.2695503100,µg/m3,2018-09-23 16:00:00 +01:00,2018-09-23 17:00:00 +01:00,1,1
AT,AT.0008.20.AQ,NET.09,STA.09.AKC,,SPO.09.AKC.5066.6001.1,SPP.09.AKC.5066.6001.1.11325,SAM.09.AKC.5066.6001.1,PM2.5,http://dd.eionet.europa.eu/vocabulary/aq/pollutant/6001,hour,5.7641501300,µg/m3,2018-09-23 19:00:00 +01:00,2018-09-23 20:00:00 +01:00,1,1
AT,AT.0008.20.AQ,NET.09,STA.09.AKC,,SPO.09.AKC.5066.6001.1,SPP.09.AKC.5066.6001.1.11325,SAM.09.AKC.5066.6001.1,PM2.5,http://dd.eionet.europa.eu/vocabulary/aq/pollutant/6001,hour,1.5313999500,µg/m3,2018-09-24 00:00:00 +01:00,2018-09-24 01:00:00 +01:00,1,1
AT,AT.0008.20.AQ,NET.09,STA.09.AKC,,SPO.09.AKC.5066.6001.1,SPP.09.AKC.5066.6001.1.11325,SAM.09.AKC.5066.6001.1,PM2.5,http://dd.eionet.europa.eu/vocabulary/aq/pollutant/6001,hour,1.5649000300,µg/m3,2018-09-24 01:00:00 +01:00,2018-09-24 02:00:00 +01:00,1,1
AT,AT.0008.20.AQ,NET.09,STA.09.AKC,,SPO.09.AKC.5066.6001.1,SPP.09.AKC.5066.6001.1.11325,SAM.09.AKC.5066.6001.1,PM2.5,http://dd.eionet.europa.eu/vocabulary/aq/pollutant/6001,hour,1.2285499400,µg/m3,2018-09-24 03:00:00 +01:00,2018-09-24 04:00:00 +01:00,1,1
AT,AT.0008.20.AQ,NET.09,STA.09.AKC,,SPO.09.AKC.5066.6001.1,SPP.09.AKC.5066.6001.1.11325,SAM.09.AKC.5066.6001.1,PM2.5,http://dd.eionet.europa.eu/vocabulary/aq/pollutant/6001,hour,2.4570498300,µg/m3,2018-09-24 08:00:00 +01:00,2018-09-24 09:00:00 +01:00,1,1
AT,AT.0008.20.AQ,NET.09,STA.09.AKC,,SPO.09.AKC.5066.6001.1,SPP.09.AKC.5066.6001.1.11325,SAM.09.AKC.5066.6001.1,PM2.5,http://dd.eionet.europa.eu/vocabulary/aq/pollutant/6001,hour,3.0532500600,µg/m3,2018-09-24 09:00:00 +01:00,2018-09-24 10:00:00 +01:00,1,1
AT,AT.0008.20.AQ,NET.09,STA.09.AKC,,SPO.09.AKC.5066.6001.1,SPP.09.AKC.5066.6001.1.11325,SAM.09.AKC.5066.6001.1,PM2.5,http://dd.eionet.europa.eu/vocabulary/aq/pollutant/6001,hour,2.4842998800,µg/m3,2018-09-24 12:00:00 +01:00,2018-09-24 13:00:00 +01:00,1,1
AT,AT.0008.20.AQ,NET.09,STA.09.AKC,,SPO.09.AKC.5066.6001.1,SPP.09.AKC.5066.6001.1.11325,SAM.09.AKC.5066.6001.1,PM2.5,http://dd.eionet.europa.eu/vocabulary/aq/pollutant/6001,hour,2.4223499100,µg/m3,2018-09-24 13:00:00 +01:00,2018-09-24 14:00:00 +01:00,1,1
AT,AT.0008.20.AQ,NET.09,STA.09.AKC,,SPO.09.AKC.5066.6001.1,SPP.09.AKC.5066.6001.1.11325,SAM.09.AKC.5066.6001.1,PM2.5,http://dd.eionet.europa.eu/vocabulary/aq/pollutant/6001,hour,1.9930999100,µg/m3,2018-09-24 15:00:00 +01:00,2018-09-24 16:00:00 +01:00,1,1
AT,AT.0008.20.AQ,NET.09,STA.09.AKC,,SPO.09.AKC.5066.6001.1,SPP.09.AKC.5066.6001.1.11325,SAM.09.AKC.5066.6001.1,PM2.5,http://dd.eionet.europa.eu/vocabulary/aq/pollutant/6001,hour,2.0741999000,µg/m3,2018-09-24 18:00:00 +01:00,2018-09-24 19:00:00 +01:00,1,1
AT,AT.0008.20.AQ,NET.09,STA.09.AKC,,SPO.09.AKC.5066.6001.1,SPP.09.AKC.5066.6001.1.11325,SAM.09.AKC.5066.6001.1,PM2.5,http://dd.eionet.europa.eu/vocabulary/aq/pollutant/6001,hour,2.3807499300,µg/m3,2018-09-24 19:00:00 +01:00,2018-09-24 20:00:00 +01:00,1,1
AT,AT.0008.20.AQ,NET.09,STA.09.AKC,,SPO.09.AKC.5066.6001.1,SPP.09.AKC.5066.6001.1.11325,SAM.09.AKC.5066.6001.1,PM2.5,http://dd.eionet.europa.eu/vocabulary/aq/pollutant/6001,hour,3.1902999700,µg/m3,2018-09-24 22:00:00 +01:00,2018-09-24 23:00:00 +01:00,1,1
AT,AT.0008.20.AQ,NET.09,STA.09.AKC,,SPO.09.AKC.5066.6001.1,SPP.09.AKC.5066.6001.1.11325,SAM.09.AKC.5066.6001.1,PM2.5,http://dd.eionet.europa.eu/vocabulary/aq/pollutant/6001,hour,2.7667500800,µg/m3,2018-09-25 01:00:00 +01:00,2018-09-25 02:00:00 +01:00,1,1
AT,AT.0008.20.AQ,NET.09,STA.09.AKC,,SPO.09.AKC.5066.6001.1,SPP.09.AKC.5066.6001.1.11325,SAM.09.AKC.5066.6001.1,PM2.5,http://dd.eionet.europa.eu/vocabulary/aq/pollutant/6001,hour,2.3499998900,µg/m3,2018-09-25 03:00:00 +01:00,2018-09-25 04:00:00 +01:00,1,1
AT,AT.0008.20.AQ,NET.09,STA.09.AKC,,SPO.09.AKC.5066.6001.1,SPP.09.AKC.5066.6001.1.11325,SAM.09.AKC.5066.6001.1,PM2.5,http://dd.eionet.europa.eu/vocabulary/aq/pollutant/6001,hour,2.6298499000,µg/m3,2018-09-25 04:00:00 +01:00,2018-09-25 05:00:00 +01:00,1,1
AT,AT.0008.20.AQ,NET.09,STA.09.AKC,,SPO.09.AKC.5066.6001.1,SPP.09.AKC.5066.6001.1.11325,SAM.09.AKC.5066.6001.1,PM2.5,http://dd.eionet.europa.eu/vocabulary/aq/pollutant/6001,hour,3.4144499200,µg/m3,2018-09-25 06:00:00 +01:00,2018-09-25 07:00:00 +01:00,1,1
AT,AT.0008.20.AQ,NET.09,STA.09.AKC,,SPO.09.AKC.5066.6001.1,SPP.09.AKC.5066.6001.1.11325,SAM.09.AKC.5066.6001.1,PM2.5,http://dd.eionet.europa.eu/vocabulary/aq/pollutant/6001,hour,4.7019500600,µg/m3,2018-09-25 09:00:00 +01:00,2018-09-25 10:00:00 +01:00,1,1
AT,AT.0008.20.AQ,NET.09,STA.09.AKC,,SPO.09.AKC.5066.6001.1,SPP.09.AKC.5066.6001.1.11325,SAM.09.AKC.5066.6001.1,PM2.5,http://dd.eionet.europa.eu/vocabulary/aq/pollutant/6001,hour,5.2509002500,µg/m3,2018-09-25 10:00:00 +01:00,2018-09-25 11:00:00 +01:00,1,1
AT,AT.0008.20.AQ,NET.09,STA.09.AKC,,SPO.09.AKC.5066.6001.1,SPP.09.AKC.5066.6001.1.11325,SAM.09.AKC.5066.6001.1,PM2.5,http://dd.eionet.europa.eu/vocabulary/aq/pollutant/6001,hour,5.2685499000,µg/m3,2018-09-25 17:00:00 +01:00,2018-09-25 18:00:00 +01:00,1,1
AT,AT.0008.20.AQ,NET.09,STA.09.AKC,,SPO.09.AKC.5066.6001.1,SPP.09.AKC.5066.6001.1.11325,SAM.09.AKC.5066.6001.1,PM2.5,http://dd.eionet.europa.eu/vocabulary/aq/pollutant/6001,hour,4.8744001200,µg/m3,2018-09-25 19:00:00 +01:00,2018-09-25 20:00:00 +01:00,1,1
AT,AT.0008.20.AQ,NET.09,STA.09.AKC,,SPO.09.AKC.5066.6001.1,SPP.09.AKC.5066.6001.1.11325,SAM.09.AKC.5066.6001.1,PM2.5,http://dd.eionet.europa.eu/vocabulary/aq/pollutant/6001,hour,5.7469997300,µg/m3,2018-09-25 22:00:00 +01:00,2018-09-25 23:00:00 +01:00,1,1
AT,AT.0008.20.AQ,NET.09,STA.09.AKC,,SPO.09.AKC.5066.6001.1,SPP.09.AKC.5066.6001.1.11325,SAM.09.AKC.5066.6001.1,PM2.5,http://dd.eionet.europa.eu/vocabulary/aq/pollutant/6001,hour,6.1063003400,µg/m3,2018-09-25 23:00:00 +01:00,2018-09-26 00:00:00 +01:00,1,1
AT,AT.0008.20.AQ,NET.09,STA.09.AKC,,SPO.09.AKC.5066.6001.1,SPP.09.AKC.5066.6001.1.11325,SAM.09.AKC.5066.6001.1,PM2.5,http://dd.eionet.europa.eu/vocabulary/aq/pollutant/6001,hour,8.8946494900,µg/m3,2018-09-26 08:00:00 +01:00,2018-09-26 09:00:00 +01:00,1,1
AT,AT.0008.20.AQ,NET.09,STA.09.AKC,,SPO.09.AKC.5066.6001.1,SPP.09.AKC.5066.6001.1.11325,SAM.09.AKC.5066.6001.1,PM2.5,http://dd.eionet.europa.eu/vocabulary/aq/pollutant/6001,hour,6.4329500000,µg/m3,2018-09-26 09:00:00 +01:00,2018-09-26 10:00:00 +01:00,1,1
AT,AT.0008.20.AQ,NET.09,STA.09.AKC,,SPO.09.AKC.5066.6001.1,SPP.09.AKC.5066.6001.1.11325,SAM.09.AKC.5066.6001.1,PM2.5,http://dd.eionet.europa.eu/vocabulary/aq/pollutant/6001,hour,5.1339998100,µg/m3,2018-09-26 10:00:00 +01:00,2018-09-26 11:00:00 +01:00,1,1
AT,AT.0008.20.AQ,NET.09,STA.09.AKC,,SPO.09.AKC.5066.6001.1,SPP.09.AKC.5066.6001.1.11325,SAM.09.AKC.5066.6001.1,PM2.5,http://dd.eionet.europa.eu/vocabulary/aq/pollutant/6001,hour,3.8331999600,µg/m3,2018-09-26 13:00:00 +01:00,2018-09-26 14:00:00 +01:00,1,1
AT,AT.0008.20.AQ,NET.09,STA.09.AKC,,SPO.09.AKC.5066.6001.1,SPP.09.AKC.5066.6001.1.11325,SAM.09.AKC.5066.6001.1,PM2.5,http://dd.eionet.europa.eu/vocabulary/aq/pollutant/6001,hour,4.1069497900,µg/m3,2018-09-26 14:00:00 +01:00,2018-09-26 15:00:00 +01:00,1,1
AT,AT.0008.20.AQ,NET.09,STA.09.AKC,,SPO.09.AKC.5066.6001.1,SPP.09.AKC.5066.6001.1.11325,SAM.09.AKC.5066.6001.1,PM2.5,http://dd.eionet.europa.eu/vocabulary/aq/pollutant/6001,hour,3.8267002000,µg/m3,2018-09-26 17:00:00 +01:00,2018-09-26 18:00:00 +01:00,1,1
AT,AT.0008.20.AQ,NET.09,STA.09.AKC,,SPO.09.AKC.5066.6001.1,SPP.09.AKC.5066.6001.1.11325,SAM.09.AKC.5066.6001.1,PM2.5,http://dd.eionet.europa.eu/vocabulary/aq/pollutant/6001,hour,5.2628497900,µg/m3,2018-09-26 19:00:00 +01:00,2018-09-26 20:00:00 +01:00,1,1
AT,AT.0008.20.AQ,NET.09,STA.09.AKC,,SPO.09.AKC.5066.6001.1,SPP.09.AKC.5066.6001.1.11325,SAM.09.AKC.5066.6001.1,PM2.5,http://dd.eionet.europa.eu/vocabulary/aq/pollutant/6001,hour,7.3759498400,µg/m3,2018-09-26 20:00:00 +01:00,2018-09-26 21:00:00 +01:00,1,1
AT,AT.0008.20.AQ,NET.09,STA.09.AKC,,SPO.09.AKC.5066.6001.1,SPP.09.AKC.5066.6001.1.11325,SAM.09.AKC.5066.6001.1,PM2.5,http://dd.eionet.europa.eu/vocabulary/aq/pollutant/6001,hour,8.1731500500,µg/m3,2018-09-26 22:00:00 +01:00,2018-09-26 23:00:00 +01:00,1,1
AT,AT.0008.20.AQ,NET.09,STA.09.AKC,,SPO.09.AKC.5066.6001.1,SPP.09.AKC.5066.6001.1.11325,SAM.09.AKC.5066.6001.1,PM2.5,http://dd.eionet.europa.eu/vocabulary/aq/pollutant/6001,hour,8.0992498200,µg/m3,2018-09-27 02:00:00 +01:00,2018-09-27 03:00:00 +01:00,1,1
AT,AT.0008.20.AQ,NET.09,STA.09.AKC,,SPO.09.AKC.5066.6001.1,SPP.09.AKC.5066.6001.1.11325,SAM.09.AKC.5066.6001.1,PM2.5,http://dd.eionet.europa.eu/vocabulary/aq/pollutant/6001,hour,8.5609502600,µg/m3,2018-09-27 03:00:00 +01:00,2018-09-27 04:00:00 +01:00,1,1
AT,AT.0008.20.AQ,NET.09,STA.09.AKC,,SPO.09.AKC.5066.6001.1,SPP.09.AKC.5066.6001.1.11325,SAM.09.AKC.5066.6001.1,PM2.5,http://dd.eionet.europa.eu/vocabulary/aq/pollutant/6001,hour,18.1360015700,µg/m3,2018-09-27 08:00:00 +01:00,2018-09-27 09:00:00 +01:00,1,1
AT,AT.0008.20.AQ,NET.09,STA.09.AKC,,SPO.09.AKC.5066.6001.1,SPP.09.AKC.5066.6001.1.11325,SAM.09.AKC.5066.6001.1,PM2.5,http://dd.eionet.europa.eu/vocabulary/aq/pollutant/6001,hour,7.6259999100,µg/m3,2018-09-27 18:00:00 +01:00,2018-09-27 19:00:00 +01:00,1,1
AT,AT.0008.20.AQ,NET.09,STA.09.AKC,,SPO.09.AKC.5066.6001.1,SPP.09.AKC.5066.6001.1.11325,SAM.09.AKC.5066.6001.1,PM2.5,http://dd.eionet.europa.eu/vocabulary/aq/pollutant/6001,hour,9.4687003900,µg/m3,2018-09-27 23:00:00 +01:00,2018-09-28 00:00:00 +01:00,1,1
AT,AT.0008.20.AQ,NET.09,STA.09.AKC,,SPO.09.AKC.5066.6001.1,SPP.09.AKC.5066.6001.1.11325,SAM.09.AKC.5066.6001.1,PM2.5,http://dd.eionet.europa.eu/vocabulary/aq/pollutant/6001,hour,9.3891506000,µg/m3,2018-09-28 01:00:00 +01:00,2018-09-28 02:00:00 +01:00,1,1
AT,AT.0008.20.AQ,NET.09,STA.09.AKC,,SPO.09.AKC.5066.6001.1,SPP.09.AKC.5066.6001.1.11325,SAM.09.AKC.5066.6001.1,PM2.5,http://dd.eionet.europa.eu/vocabulary/aq/pollutant/6001,hour,9.9516506000,µg/m3,2018-09-28 02:00:00 +01:00,2018-09-28 03:00:00 +01:00,1,1
AT,AT.0008.20.AQ,NET.09,STA.09.AKC,,SPO.09.AKC.5066.6001.1,SPP.09.AKC.5066.6001.1.11325,SAM.09.AKC.5066.6001.1,PM2.5,http://dd.eionet.europa.eu/vocabulary/aq/pollutant/6001,hour,10.2574996800,µg/m3,2018-09-28 03:00:00 +01:00,2018-09-28 04:00:00 +01:00,1,1
AT,AT.0008.20.AQ,NET.09,STA.09.AKC,,SPO.09.AKC.5066.6001.1,SPP.09.AKC.5066.6001.1.11325,SAM.09.AKC.5066.6001.1,PM2.5,http://dd.eionet.europa.eu/vocabulary/aq/pollutant/6001,hour,10.9734992800,µg/m3,2018-09-28 04:00:00 +01:00,2018-09-28 05:00:00 +01:00,1,1
AT,AT.0008.20.AQ,NET.09,STA.09.AKC,,SPO.09.AKC.5066.6001.1,SPP.09.AKC.5066.6001.1.11325,SAM.09.AKC.5066.6001.1,PM2.5,http://dd.eionet.europa.eu/vocabulary/aq/pollutant/6001,hour,12.4724998300,µg/m3,2018-09-28 05:00:00 +01:00,2018-09-28 06:00:00 +01:00,1,1
AT,AT.0008.20.AQ,NET.09,STA.09.AKC,,SPO.09.AKC.5066.6001.1,SPP.09.AKC.5066.6001.1.11325,SAM.09.AKC.5066.6001.1,PM2.5,http://dd.eionet.europa.eu/vocabulary/aq/pollutant/6001,hour,6.4769000900,µg/m3,2018-09-28 12:00:00 +01:00,2018-09-28 13:00:00 +01:00,1,1
AT,AT.0008.20.AQ,NET.09,STA.09.AKC,,SPO.09.AKC.5066.6001.1,SPP.09.AKC.5066.6001.1.11325,SAM.09.AKC.5066.6001.1,PM2.5,http://dd.eionet.europa.eu/vocabulary/aq/pollutant/6001,hour,8.7300500700,µg/m3,2018-09-28 15:00:00 +01:00,2018-09-28 16:00:00 +01:00,1,1
AT,AT.0008.20.AQ,NET.09,STA.09.AKC,,SPO.09.AKC.5066.6001.1,SPP.09.AKC.5066.6001.1.11325,SAM.09.AKC.5066.6001.1,PM2.5,http://dd.eionet.europa.eu/vocabulary/aq/pollutant/6001,hour,8.0994501000,µg/m3,2018-09-28 17:00:00 +01:00,2018-09-28 18:00:00 +01:00,1,1
AT,AT.0008.20.AQ,NET.09,STA.09.AKC,,SPO.09.AKC.5066.6001.1,SPP.09.AKC.5066.6001.1.11325,SAM.09.AKC.5066.6001.1,PM2.5,http://dd.eionet.europa.eu/vocabulary/aq/pollutant/6001,hour,12.0349998300,µg/m3,2018-09-28 21:00:00 +01:00,2018-09-28 22:00:00 +01:00,1,1
AT,AT.0008.20.AQ,NET.09,STA.09.AKC,,SPO.09.AKC.5066.6001.1,SPP.09.AKC.5066.6001.1.11325,SAM.09.AKC.5066.6001.1,PM2.5,http://dd.eionet.europa.eu/vocabulary/aq/pollutant/6001,hour,6.0393500200,µg/m3,2018-09-29 00:00:00 +01:00,2018-09-29 01:00:00 +01:00,1,1
AT,AT.0008.20.AQ,NET.09,STA.09.AKC,,SPO.09.AKC.5066.6001.1,SPP.09.AKC.5066.6001.1.11325,SAM.09.AKC.5066.6001.1,PM2.5,http://dd.eionet.europa.eu/vocabulary/aq/pollutant/6001,hour,4.7526001800,µg/m3,2018-09-29 01:00:00 +01:00,2018-09-29 02:00:00 +01:00,1,1
AT,AT.0008.20.AQ,NET.09,STA.09.AKC,,SPO.09.AKC.5066.6001.1,SPP.09.AKC.5066.6001.1.11325,SAM.09.AKC.5066.6001.1,PM2.5,http://dd.eionet.europa.eu/vocabulary/aq/pollutant/6001,hour,4.4028997300,µg/m3,2018-09-29 02:00:00 +01:00,2018-09-29 03:00:00 +01:00,1,1
AT,AT.0008.20.AQ,NET.09,STA.09.AKC,,SPO.09.AKC.5066.6001.1,SPP.09.AKC.5066.6001.1.11325,SAM.09.AKC.5066.6001.1,PM2.5,http://dd.eionet.europa.eu/vocabulary/aq/pollutant/6001,hour,4.6475000200,µg/m3,2018-09-29 04:00:00 +01:00,2018-09-29 05:00:00 +01:00,1,1
AT,AT.0008.20.AQ,NET.09,STA.09.AKC,,SPO.09.AKC.5066.6001.1,SPP.09.AKC.5066.6001.1.11325,SAM.09.AKC.5066.6001.1,PM2.5,http://dd.eionet.europa.eu/vocabulary/aq/pollutant/6001,hour,5.1920003700,µg/m3,2018-09-29 07:00:00 +01:00,2018-09-29 08:00:00 +01:00,1,1
AT,AT.0008.20.AQ,NET.09,STA.09.AKC,,SPO.09.AKC.5066.6001.1,SPP.09.AKC.5066.6001.1.11325,SAM.09.AKC.5066.6001.1,PM2.5,http://dd.eionet.europa.eu/vocabulary/aq/pollutant/6001,hour,4.3041000200,µg/m3,2018-09-29 08:00:00 +01:00,2018-09-29 09:00:00 +01:00,1,1
AT,AT.0008.20.AQ,NET.09,STA.09.AKC,,SPO.09.AKC.5066.6001.1,SPP.09.AKC.5066.6001.1.11325,SAM.09.AKC.5066.6001.1,PM2.5,http://dd.eionet.europa.eu/vocabulary/aq/pollutant/6001,hour,3.1401500600,µg/m3,2018-09-29 14:00:00 +01:00,2018-09-29 15:00:00 +01:00,1,1
AT,AT.0008.20.AQ,NET.09,STA.09.AKC,,SPO.09.AKC.5066.6001.1,SPP.09.AKC.5066.6001.1.11325,SAM.09.AKC.5066.6001.1,PM2.5,http://dd.eionet.europa.eu/vocabulary/aq/pollutant/6001,hour,3.2818498500,µg/m3,2018-09-29 16:00:00 +01:00,2018-09-29 17:00:00 +01:00,1,1
AT,AT.0008.20.AQ,NET.09,STA.09.AKC,,SPO.09.AKC.5066.6001.1,SPP.09.AKC.5066.6001.1.11325,SAM.09.AKC.5066.6001.1,PM2.5,http://dd.eionet.europa.eu/vocabulary/aq/pollutant/6001,hour,3.8070001500,µg/m3,2018-09-29 17:00:00 +01:00,2018-09-29 18:00:00 +01:00,1,1
AT,AT.0008.20.AQ,NET.09,STA.09.AKC,,SPO.09.AKC.5066.6001.1,SPP.09.AKC.5066.6001.1.11325,SAM.09.AKC.5066.6001.1,PM2.5,http://dd.eionet.europa.eu/vocabulary/aq/pollutant/6001,hour,5.4630498700,µg/m3,2018-09-29 18:00:00 +01:00,2018-09-29 19:00:00 +01:00,1,1
AT,AT.0008.20.AQ,NET.09,STA.09.AKC,,SPO.09.AKC.5066.6001.1,SPP.09.AKC.5066.6001.1.11325,SAM.09.AKC.5066.6001.1,PM2.5,http://dd.eionet.europa.eu/vocabulary/aq/pollutant/6001,hour,5.6331996800,µg/m3,2018-09-30 00:00:00 +01:00,2018-09-30 01:00:00 +01:00,1,1
AT,AT.0008.20.AQ,NET.09,STA.09.AKC,,SPO.09.AKC.5066.6001.1,SPP.09.AKC.5066.6001.1.11325,SAM.09.AKC.5066.6001.1,PM2.5,http://dd.eionet.europa.eu/vocabulary/aq/pollutant/6001,hour,6.2968501900,µg/m3,2018-09-30 05:00:00 +01:00,2018-09-30 06:00:00 +01:00,1,1
AT,AT.0008.20.AQ,NET.09,STA.09.AKC,,SPO.09.AKC.5066.6001.1,SPP.09.AKC.5066.6001.1.11325,SAM.09.AKC.5066.6001.1,PM2.5,http://dd.eionet.europa.eu/vocabulary/aq/pollutant/6001,hour,7.4693002600,µg/m3,2018-09-30 08:00:00 +01:00,2018-09-30 09:00:00 +01:00,1,1
AT,AT.0008.20.AQ,NET.09,STA.09.AKC,,SPO.09.AKC.5066.6001.1,SPP.09.AKC.5066.6001.1.11325,SAM.09.AKC.5066.6001.1,PM2.5,http://dd.eionet.europa.eu/vocabulary/aq/pollutant/6001,hour,6.0280499300,µg/m3,2018-09-30 09:00:00 +01:00,2018-09-30 10:00:00 +01:00,1,1
AT,AT.0008.20.AQ,NET.09,STA.09.AKC,,SPO.09.AKC.5066.6001.1,SPP.09.AKC.5066.6001.1.11325,SAM.09.AKC.5066.6001.1,PM2.5,http://dd.eionet.europa.eu/vocabulary/aq/pollutant/6001,hour,5.5948500500,µg/m3,2018-09-30 10:00:00 +01:00,2018-09-30 11:00:00 +01:00,1,1
AT,AT.0008.20.AQ,NET.09,STA.09.AKC,,SPO.09.AKC.5066.6001.1,SPP.09.AKC.5066.6001.1.11325,SAM.09.AKC.5066.6001.1,PM2.5,http://dd.eionet.europa.eu/vocabulary/aq/pollutant/6001,hour,5.2859496900,µg/m3,2018-09-30 13:00:00 +01:00,2018-09-30 14:00:00 +01:00,1,1
AT,AT.0008.20.AQ,NET.09,STA.09.AKC,,SPO.09.AKC.5066.6001.1,SPP.09.AKC.5066.6001.1.11325,SAM.09.AKC.5066.6001.1,PM2.5,http://dd.eionet.europa.eu/vocabulary/aq/pollutant/6001,hour,5.6758003100,µg/m3,2018-09-30 16:00:00 +01:00,2018-09-30 17:00:00 +01:00,1,1
AT,AT.0008.20.AQ,NET.09,STA.09.AKC,,SPO.09.AKC.5066.6001.1,SPP.09.AKC.5066.6001.1.11325,SAM.09.AKC.5066.6001.1,PM2.5,http://dd.eionet.europa.eu/vocabulary/aq/pollutant/6001,hour,6.3831500900,µg/m3,2018-09-30 17:00:00 +01:00,2018-09-30 18:00:00 +01:00,1,1
AT,AT.0008.20.AQ,NET.09,STA.09.AKC,,SPO.09.AKC.5066.6001.1,SPP.09.AKC.5066.6001.1.11325,SAM.09.AKC.5066.6001.1,PM2.5,http://dd.eionet.europa.eu/vocabulary/aq/pollutant/6001,hour,6.7632999300,µg/m3,2018-09-30 18:00:00 +01:00,2018-09-30 19:00:00 +01:00,1,1
AT,AT.0008.20.AQ,NET.09,STA.09.AKC,,SPO.09.AKC.5066.6001.1,SPP.09.AKC.5066.6001.1.11325,SAM.09.AKC.5066.6001.1,PM2.5,http://dd.eionet.europa.eu/vocabulary/aq/pollutant/6001,hour,6.5673499000,µg/m3,2018-09-30 19:00:00 +01:00,2018-09-30 20:00:00 +01:00,1,1
AT,AT.0008.20.AQ,NET.09,STA.09.AKC,,SPO.09.AKC.5066.6001.1,SPP.09.AKC.5066.6001.1.11325,SAM.09.AKC.5066.6001.1,PM2.5,http://dd.eionet.europa.eu/vocabulary/aq/pollutant/6001,hour,6.7755498700,µg/m3,2018-09-30 20:00:00 +01:00,2018-09-30 21:00:00 +01:00,1,1
AT,AT.0008.20.AQ,NET.09,STA.09.AKC,,SPO.09.AKC.5066.6001.1,SPP.09.AKC.5066.6001.1.11325,SAM.09.AKC.5066.6001.1,PM2.5,http://dd.eionet.europa.eu/vocabulary/aq/pollutant/6001,hour,7.0977001000,µg/m3,2018-10-01 01:00:00 +01:00,2018-10-01 02:00:00 +01:00,1,1
AT,AT.0008.20.AQ,NET.09,STA.09.AKC,,SPO.09.AKC.5066.6001.1,SPP.09.AKC.5066.6001.1.11325,SAM.09.AKC.5066.6001.1,PM2.5,http://dd.eionet.europa.eu/vocabulary/aq/pollutant/6001,hour,7.3072500100,µg/m3,2018-10-01 02:00:00 +01:00,2018-10-01 03:00:00 +01:00,1,1
AT,AT.0008.20.AQ,NET.09,STA.09.AKC,,SPO.09.AKC.5066.6001.1,SPP.09.AKC.5066.6001.1.11325,SAM.09.AKC.5066.6001.1,PM2.5,http://dd.eionet.europa.eu/vocabulary/aq/pollutant/6001,hour,8.5851993400,µg/m3,2018-10-01 04:00:00 +01:00,2018-10-01 05:00:00 +01:00,1,1
AT,AT.0008.20.AQ,NET.09,STA.09.AKC,,SPO.09.AKC.5066.6001.1,SPP.09.AKC.5066.6001.1.11325,SAM.09.AKC.5066.6001.1,PM2.5,http://dd.eionet.europa.eu/vocabulary/aq/pollutant/6001,hour,13.1009998200,µg/m3,2018-10-01 08:00:00 +01:00,2018-10-01 09:00:00 +01:00,1,1
AT,AT.0008.20.AQ,NET.09,STA.09.AKC,,SPO.09.AKC.5066.6001.1,SPP.09.AKC.5066.6001.1.11325,SAM.09.AKC.5066.6001.1,PM2.5,http://dd.eionet.europa.eu/vocabulary/aq/pollutant/6001,hour,13.3524999500,µg/m3,2018-10-01 09:00:00 +01:00,2018-10-01 10:00:00 +01:00,1,1
AT,AT.0008.20.AQ,NET.09,STA.09.AKC,,SPO.09.AKC.5066.6001.1,SPP.09.AKC.5066.6001.1.11325,SAM.09.AKC.5066.6001.1,PM2.5,http://dd.eionet.europa.eu/vocabulary/aq/pollutant/6001,hour,14.0520000300,µg/m3,2018-10-01 10:00:00 +01:00,2018-10-01 11:00:00 +01:00,1,1
AT,AT.0008.20.AQ,NET.09,STA.09.AKC,,SPO.09.AKC.5066.6001.1,SPP.09.AKC.5066.6001.1.11325,SAM.09.AKC.5066.6001.1,PM2.5,http://dd.eionet.europa.eu/vocabulary/aq/pollutant/6001,hour,16.0205001700,µg/m3,2018-10-01 12:00:00 +01:00,2018-10-01 13:00:00 +01:00,1,1
AT,AT.0008.20.AQ,NET.09,STA.09.AKC,,SPO.09.AKC.5066.6001.1,SPP.09.AKC.5066.6001.1.11325,SAM.09.AKC.5066.6001.1,PM2.5,http://dd.eionet.europa.eu/vocabulary/aq/pollutant/6001,hour,14.4564990800,µg/m3,2018-10-01 13:00:00 +01:00,2018-10-01 14:00:00 +01:00,1,1
AT,AT.0008.20.AQ,NET.09,STA.09.AKC,,SPO.09.AKC.5066.6001.1,SPP.09.AKC.5066.6001.1.11325,SAM.09.AKC.5066.6001.1,PM2.5,http://dd.eionet.europa.eu/vocabulary/aq/pollutant/6001,hour,16.9060001200,µg/m3,2018-10-01 16:00:00 +01:00,2018-10-01 17:00:00 +01:00,1,1
AT,AT.0008.20.AQ,NET.09,STA.09.AKC,,SPO.09.AKC.5066.6001.1,SPP.09.AKC.5066.6001.1.11325,SAM.09.AKC.5066.6001.1,PM2.5,http://dd.eionet.europa.eu/vocabulary/aq/pollutant/6001,hour,19.6129989500,µg/m3,2018-10-01 17:00:00 +01:00,2018-10-01 18:00:00 +01:00,1,1
AT,AT.0008.20.AQ,NET.09,STA.09.AKC,,SPO.09.AKC.5066.6001.1,SPP.09.AKC.5066.6001.1.11325,SAM.09.AKC.5066.6001.1,PM2.5,http://dd.eionet.europa.eu/vocabulary/aq/pollutant/6001,hour,22.1215000000,µg/m3,2018-10-01 18:00:00 +01:00,2018-10-01 19:00:00 +01:00,1,1
AT,AT.0008.20.AQ,NET.09,STA.09.AKC,,SPO.09.AKC.5066.6001.1,SPP.09.AKC.5066.6001.1.11325,SAM.09.AKC.5066.6001.1,PM2.5,http://dd.eionet.europa.eu/vocabulary/aq/pollutant/6001,hour,15.6315002300,µg/m3,2018-10-01 22:00:00 +01:00,2018-10-01 23:00:00 +01:00,1,1
AT,AT.0008.20.AQ,NET.09,STA.09.AKC,,SPO.09.AKC.5066.6001.1,SPP.09.AKC.5066.6001.1.11325,SAM.09.AKC.5066.6001.1,PM2.5,http://dd.eionet.europa.eu/vocabulary/aq/pollutant/6001,hour,14.3920001800,µg/m3,2018-10-02 00:00:00 +01:00,2018-10-02 01:00:00 +01:00,1,1
AT,AT.0008.20.AQ,NET.09,STA.09.AKC,,SPO.09.AKC.5066.6001.1,SPP.09.AKC.5066.6001.1.11325,SAM.09.AKC.5066.6001.1,PM2.5,http://dd.eionet.europa.eu/vocabulary/aq/pollutant/6001,hour,6.8121499900,µg/m3,2018-10-02 05:00:00 +01:00,2018-10-02 06:00:00 +01:00,1,1
AT,AT.0008.20.AQ,NET.09,STA.09.AKC,,SPO.09.AKC.5066.6001.1,SPP.09.AKC.5066.6001.1.11325,SAM.09.AKC.5066.6001.1,PM2.5,http://dd.eionet.europa.eu/vocabulary/aq/pollutant/6001,hour,7.0931501200,µg/m3,2018-10-02 07:00:00 +01:00,2018-10-02 08:00:00 +01:00,1,1
AT,AT.0008.20.AQ,NET.09,STA.09.AKC,,SPO.09.AKC.5066.6001.1,SPP.09.AKC.5066.6001.1.11325,SAM.09.AKC.5066.6001.1,PM2.5,http://dd.eionet.europa.eu/vocabulary/aq/pollutant/6001,hour,6.3413500600,µg/m3,2018-10-02 08:00:00 +01:00,2018-10-02 09:00:00 +01:00,1,1
AT,AT.0008.20.AQ,NET.09,STA.09.AKC,,SPO.09.AKC.5066.6001.1,SPP.09.AKC.5066.6001.1.11325,SAM.09.AKC.5066.6001.1,PM2.5,http://dd.eionet.europa.eu/vocabulary/aq/pollutant/6001,hour,5.3519000900,µg/m3,2018-10-02 09:00:00 +01:00,2018-10-02 10:00:00 +01:00,1,1
AT,AT.0008.20.AQ,NET.09,STA.09.AKC,,SPO.09.AKC.5066.6001.1,SPP.09.AKC.5066.6001.1.11325,SAM.09.AKC.5066.6001.1,PM2.5,http://dd.eionet.europa.eu/vocabulary/aq/pollutant/6001,hour,3.4683999900,µg/m3,2018-10-02 11:00:00 +01:00,2018-10-02 12:00:00 +01:00,1,1
AT,AT.0008.20.AQ,NET.09,STA.09.AKC,,SPO.09.AKC.5066.6001.1,SPP.09.AKC.5066.6001.1.11325,SAM.09.AKC.5066.6001.1,PM2.5,http://dd.eionet.europa.eu/vocabulary/aq/pollutant/6001,hour,6.4334998000,µg/m3,2018-10-02 16:00:00 +01:00,2018-10-02 17:00:00 +01:00,1,1
AT,AT.0008.20.AQ,NET.09,STA.09.AKC,,SPO.09.AKC.5066.6001.1,SPP.09.AKC.5066.6001.1.11325,SAM.09.AKC.5066.6001.1,PM2.5,http://dd.eionet.europa.eu/vocabulary/aq/pollutant/6001,hour,7.9044999900,µg/m3,2018-10-02 18:00:00 +01:00,2018-10-02 19:00:00 +01:00,1,1
AT,AT.0008.20.AQ,NET.09,STA.09.AKC,,SPO.09.AKC.5066.6001.1,SPP.09.AKC.5066.6001.1.11325,SAM.09.AKC.5066.6001.1,PM2.5,http://dd.eionet.europa.eu/vocabulary/aq/pollutant/6001,hour,8.1480007000,µg/m3,2018-10-02 19:00:00 +01:00,2018-10-02 20:00:00 +01:00,1,1
AT,AT.0008.20.AQ,NET.09,STA.09.AKC,,SPO.09.AKC.5066.6001.1,SPP.09.AKC.5066.6001.1.11325,SAM.09.AKC.5066.6001.1,PM2.5,http://dd.eionet.europa.eu/vocabulary/aq/pollutant/6001,hour,8.3421497200,µg/m3,2018-10-02 20:00:00 +01:00,2018-10-02 21:00:00 +01:00,1,1
AT,AT.0008.20.AQ,NET.09,STA.09.AKC,,SPO.09.AKC.5066.6001.1,SPP.09.AKC.5066.6001.1.11325,SAM.09.AKC.5066.6001.1,PM2.5,http://dd.eionet.europa.eu/vocabulary/aq/pollutant/6001,hour,6.4920501600,µg/m3,2018-10-02 22:00:00 +01:00,2018-10-02 23:00:00 +01:00,1,1
AT,AT.0008.20.AQ,NET.09,STA.09.AKC,,SPO.09.AKC.5066.6001.1,SPP.09.AKC.5066.6001.1.11325,SAM.09.AKC.5066.6001.1,PM2.5,http://dd.eionet.europa.eu/vocabulary/aq/pollutant/6001,hour,5.9286498900,µg/m3,2018-10-03 01:00:00 +01:00,2018-10-03 02:00:00 +01:00,1,1
AT,AT.0008.20.AQ,NET.09,STA.09.AKC,,SPO.09.AKC.5066.6001.1,SPP.09.AKC.5066.6001.1.11325,SAM.09.AKC.5066.6001.1,PM2.5,http://dd.eionet.europa.eu/vocabulary/aq/pollutant/6001,hour,7.0725498000,µg/m3,2018-10-03 02:00:00 +01:00,2018-10-03 03:00:00 +01:00,1,1
AT,AT.0008.20.AQ,NET.09,STA.09.AKC,,SPO.09.AKC.5066.6001.1,SPP.09.AKC.5066.6001.1.11325,SAM.09.AKC.5066.6001.1,PM2.5,http://dd.eionet.europa.eu/vocabulary/aq/pollutant/6001,hour,8.2210998400,µg/m3,2018-10-03 07:00:00 +01:00,2018-10-03 08:00:00 +01:00,1,1
AT,AT.0008.20.AQ,NET.09,STA.09.AKC,,SPO.09.AKC.5066.6001.1,SPP.09.AKC.5066.6001.1.11325,SAM.09.AKC.5066.6001.1,PM2.5,http://dd.eionet.europa.eu/vocabulary/aq/pollutant/6001,hour,7.3255996600,µg/m3,2018-10-03 08:00:00 +01:00,2018-10-03 09:00:00 +01:00,1,1
AT,AT.0008.20.AQ,NET.09,STA.09.AKC,,SPO.09.AKC.5066.6001.1,SPP.09.AKC.5066.6001.1.11325,SAM.09.AKC.5066.6001.1,PM2.5,http://dd.eionet.europa.eu/vocabulary/aq/pollutant/6001,hour,6.7895998800,µg/m3,2018-10-03 09:00:00 +01:00,2018-10-03 10:00:00 +01:00,1,1
AT,AT.0008.20.AQ,NET.09,STA.09.AKC,,SPO.09.AKC.5066.6001.1,SPP.09.AKC.5066.6001.1.11325,SAM.09.AKC.5066.6001.1,PM2.5,http://dd.eionet.europa.eu/vocabulary/aq/pollutant/6001,hour,3.9753498900,µg/m3,2018-10-03 14:00:00 +01:00,2018-10-03 15:00:00 +01:00,1,1
AT,AT.0008.20.AQ,NET.09,STA.09.AKC,,SPO.09.AKC.5066.6001.1,SPP.09.AKC.5066.6001.1.11325,SAM.09.AKC.5066.6001.1,PM2.5,http://dd.eionet.europa.eu/vocabulary/aq/pollutant/6001,hour,4.7058000400,µg/m3,2018-10-03 16:00:00 +01:00,2018-10-03 17:00:00 +01:00,1,1
AT,AT.0008.20.AQ,NET.09,STA.09.AKC,,SPO.09.AKC.5066.6001.1,SPP.09.AKC.5066.6001.1.11325,SAM.09.AKC.5066.6001.1,PM2.5,http://dd.eionet.europa.eu/vocabulary/aq/pollutant/6001,hour,5.8645501000,µg/m3,2018-10-03 17:00:00 +01:00,2018-10-03 18:00:00 +01:00,1,1
AT,AT.0008.20.AQ,NET.09,STA.09.AKC,,SPO.09.AKC.5066.6001.1,SPP.09.AKC.5066.6001.1.11325,SAM.09.AKC.5066.6001.1,PM2.5,http://dd.eionet.europa.eu/vocabulary/aq/pollutant/6001,hour,7.3448500500,µg/m3,2018-10-03 18:00:00 +01:00,2018-10-03 19:00:00 +01:00,1,1
AT,AT.0008.20.AQ,NET.09,STA.09.AKC,,SPO.09.AKC.5066.6001.1,SPP.09.AKC.5066.6001.1.11325,SAM.09.AKC.5066.6001.1,PM2.5,http://dd.eionet.europa.eu/vocabulary/aq/pollutant/6001,hour,8.3065996000,µg/m3,2018-10-03 20:00:00 +01:00,2018-10-03 21:00:00 +01:00,1,1
AT,AT.0008.20.AQ,NET.09,STA.09.AKC,,SPO.09.AKC.5066.6001.1,SPP.09.AKC.5066.6001.1.11325,SAM.09.AKC.5066.6001.1,PM2.5,http://dd.eionet.europa.eu/vocabulary/aq/pollutant/6001,hour,7.6614503700,µg/m3,2018-10-03 22:00:00 +01:00,2018-10-03 23:00:00 +01:00,1,1
AT,AT.0008.20.AQ,NET.09,STA.09.AKC,,SPO.09.AKC.5066.6001.1,SPP.09.AKC.5066.6001.1.11325,SAM.09.AKC.5066.6001.1,PM2.5,http://dd.eionet.europa.eu/vocabulary/aq/pollutant/6001,hour,6.6632995500,µg/m3,2018-10-04 00:00:00 +01:00,2018-10-04 01:00:00 +01:00,1,1
AT,AT.0008.20.AQ,NET.09,STA.09.AKC,,SPO.09.AKC.5066.6001.1,SPP.09.AKC.5066.6001.1.11325,SAM.09.AKC.5066.6001.1,PM2.5,http://dd.eionet.europa.eu/vocabulary/aq/pollutant/6001,hour,7.0928001300,µg/m3,2018-10-04 01:00:00 +01:00,2018-10-04 02:00:00 +01:00,1,1
AT,AT.0008.20.AQ,NET.09,STA.09.AKC,,SPO.09.AKC.5066.6001.1,SPP.09.AKC.5066.6001.1.11325,SAM.09.AKC.5066.6001.1,PM2.5,http://dd.eionet.europa.eu/vocabulary/aq/pollutant/6001,hour,9.6382999300,µg/m3,2018-10-04 08:00:00 +01:00,2018-10-04 09:00:00 +01:00,1,1
AT,AT.0008.20.AQ,NET.09,STA.09.AKC,,SPO.09.AKC.5066.6001.1,SPP.09.AKC.5066.6001.1.11325,SAM.09.AKC.5066.6001.1,PM2.5,http://dd.eionet.europa.eu/vocabulary/aq/pollutant/6001,hour,8.0022001100,µg/m3,2018-10-04 09:00:00 +01:00,2018-10-04 10:00:00 +01:00,1,1
AT,AT.0008.20.AQ,NET.09,STA.09.AKC,,SPO.09.AKC.5066.6001.1,SPP.09.AKC.5066.6001.1.11325,SAM.09.AKC.5066.6001.1,PM2.5,http://dd.eionet.europa.eu/vocabulary/aq/pollutant/6001,hour,6.7203001800,µg/m3,2018-10-04 10:00:00 +01:00,2018-10-04 11:00:00 +01:00,1,1
AT,AT.0008.20.AQ,NET.09,STA.09.AKC,,SPO.09.AKC.5066.6001.1,SPP.09.AKC.5066.6001.1.11325,SAM.09.AKC.5066.6001.1,PM2.5,http://dd.eionet.europa.eu/vocabulary/aq/pollutant/6001,hour,7.2880000900,µg/m3,2018-10-04 11:00:00 +01:00,2018-10-04 12:00:00 +01:00,1,1
AT,AT.0008.20.AQ,NET.09,STA.09.AKC,,SPO.09.AKC.5066.6001.1,SPP.09.AKC.5066.6001.1.11325,SAM.09.AKC.5066.6001.1,PM2.5,http://dd.eionet.europa.eu/vocabulary/aq/pollutant/6001,hour,9.5516996200,µg/m3,2018-10-04 16:00:00 +01:00,2018-10-04 17:00:00 +01:00,1,1
AT,AT.0008.20.AQ,NET.09,STA.09.AKC,,SPO.09.AKC.5066.6001.1,SPP.09.AKC.5066.6001.1.11325,SAM.09.AKC.5066.6001.1,PM2.5,http://dd.eionet.europa.eu/vocabulary/aq/pollutant/6001,hour,9.3264503300,µg/m3,2018-10-04 17:00:00 +01:00,2018-10-04 18:00:00 +01:00,1,1
AT,AT.0008.20.AQ,NET.09,STA.09.AKC,,SPO.09.AKC.5066.6001.1,SPP.09.AKC.5066.6001.1.11325,SAM.09.AKC.5066.6001.1,PM2.5,http://dd.eionet.europa.eu/vocabulary/aq/pollutant/6001,hour,9.1382503400,µg/m3,2018-10-04 18:00:00 +01:00,2018-10-04 19:00:00 +01:00,1,1
AT,AT.0008.20.AQ,NET.09,STA.09.AKC,,SPO.09.AKC.5066.6001.1,SPP.09.AKC.5066.6001.1.11325,SAM.09.AKC.5066.6001.1,PM2.5,http://dd.eionet.europa.eu/vocabulary/aq/pollutant/6001,hour,11.3964996200,µg/m3,2018-10-05 04:00:00 +01:00,2018-10-05 05:00:00 +01:00,1,1
AT,AT.0008.20.AQ,NET.09,STA.09.AKC,,SPO.09.AKC.5066.6001.1,SPP.09.AKC.5066.6001.1.11325,SAM.09.AKC.5066.6001.1,PM2.5,http://dd.eionet.europa.eu/vocabulary/aq/pollutant/6001,hour,14.8190002300,µg/m3,2018-10-05 07:00:00 +01:00,2018-10-05 08:00:00 +01:00,1,1
AT,AT.0008.20.AQ,NET.09,STA.09.AKC,,SPO.09.AKC.5066.6001.1,SPP.09.AKC.5066.6001.1.11325,SAM.09.AKC.5066.6001.1,PM2.5,http://dd.eionet.europa.eu/vocabulary/aq/pollutant/6001,hour,11.3524999500,µg/m3,2018-10-05 11:00:00 +01:00,2018-10-05 12:00:00 +01:00,1,1
AT,AT.0008.20.AQ,NET.09,STA.09.AKC,,SPO.09.AKC.5066.6001.1,SPP.09.AKC.5066.6001.1.11325,SAM.09.AKC.5066.6001.1,PM2.5,http://dd.eionet.europa.eu/vocabulary/aq/pollutant/6001,hour,9.7229003800,µg/m3,2018-10-05 12:00:00 +01:00,2018-10-05 13:00:00 +01:00,1,1
AT,AT.0008.20.AQ,NET.09,STA.09.AKC,,SPO.09.AKC.5066.6001.1,SPP.09.AKC.5066.6001.1.11325,SAM.09.AKC.5066.6001.1,PM2.5,http://dd.eionet.europa.eu/vocabulary/aq/pollutant/6001,hour,10.1030006300,µg/m3,2018-10-05 14:00:00 +01:00,2018-10-05 15:00:00 +01:00,1,1
AT,AT.0008.20.AQ,NET.09,STA.09.AKC,,SPO.09.AKC.5066.6001.1,SPP.09.AKC.5066.6001.1.11325,SAM.09.AKC.5066.6001.1,PM2.5,http://dd.eionet.europa.eu/vocabulary/aq/pollutant/6001,hour,10.5640001100,µg/m3,2018-10-05 16:00:00 +01:00,2018-10-05 17:00:00 +01:00,1,1
AT,AT.0008.20.AQ,NET.09,STA.09.AKC,,SPO.09.AKC.5066.6001.1,SPP.09.AKC.5066.6001.1.11325,SAM.09.AKC.5066.6001.1,PM2.5,http://dd.eionet.europa.eu/vocabulary/aq/pollutant/6001,hour,10.5974998300,µg/m3,2018-10-05 17:00:00 +01:00,2018-10-05 18:00:00 +01:00,1,1
AT,AT.0008.20.AQ,NET.09,STA.09.AKC,,SPO.09.AKC.5066.6001.1,SPP.09.AKC.5066.6001.1.11325,SAM.09.AKC.5066.6001.1,PM2.5,http://dd.eionet.europa.eu/vocabulary/aq/pollutant/6001,hour,11.3004999000,µg/m3,2018-10-05 22:00:00 +01:00,2018-10-05 23:00:00 +01:00,1,1
AT,AT.0008.20.AQ,NET.09,STA.09.AKC,,SPO.09.AKC.5066.6001.1,SPP.09.AKC.5066.6001.1.11325,SAM.09.AKC.5066.6001.1,PM2.5,http://dd.eionet.europa.eu/vocabulary/aq/pollutant/6001,hour,17.0185012700,µg/m3,2018-10-06 04:00:00 +01:00,2018-10-06 05:00:00 +01:00,1,1
AT,AT.0008.20.AQ,NET.09,STA.09.AKC,,SPO.09.AKC.5066.6001.1,SPP.09.AKC.5066.6001.1.11325,SAM.09.AKC.5066.6001.1,PM2.5,http://dd.eionet.europa.eu/vocabulary/aq/pollutant/6001,hour,16.9864997700,µg/m3,2018-10-06 11:00:00 +01:00,2018-10-06 12:00:00 +01:00,1,1
AT,AT.0008.20.AQ,NET.09,STA.09.AKC,,SPO.09.AKC.5066.6001.1,SPP.09.AKC.5066.6001.1.11325,SAM.09.AKC.5066.6001.1,PM2.5,http://dd.eionet.europa.eu/vocabulary/aq/pollutant/6001,hour,9.2694501700,µg/m3,2018-10-06 13:00:00 +01:00,2018-10-06 14:00:00 +01:00,1,1
AT,AT.0008.20.AQ,NET.09,STA.09.AKC,,SPO.09.AKC.5066.6001.1,SPP.09.AKC.5066.6001.1.11325,SAM.09.AKC.5066.6001.1,PM2.5,http://dd.eionet.europa.eu/vocabulary/aq/pollutant/6001,hour,12.0974998300,µg/m3,2018-10-06 18:00:00 +01:00,2018-10-06 19:00:00 +01:00,1,1
AT,AT.0008.20.AQ,NET.09,STA.09.AKC,,SPO.09.AKC.5066.6001.1,SPP.09.AKC.5066.6001.1.11325,SAM.09.AKC.5066.6001.1,PM2.5,http://dd.eionet.europa.eu/vocabulary/aq/pollutant/6001,hour,12.9155006300,µg/m3,2018-10-06 19:00:00 +01:00,2018-10-06 20:00:00 +01:00,1,1
AT,AT.0008.20.AQ,NET.09,STA.09.AKC,,SPO.09.AKC.5066.6001.1,SPP.09.AKC.5066.6001.1.11325,SAM.09.AKC.5066.6001.1,PM2.5,http://dd.eionet.europa.eu/vocabulary/aq/pollutant/6001,hour,20.6855010800,µg/m3,2018-10-07 06:00:00 +01:00,2018-10-07 07:00:00 +01:00,1,1
AT,AT.0008.20.AQ,NET.09,STA.09.AKC,,SPO.09.AKC.5066.6001.1,SPP.09.AKC.5066.6001.1.11325,SAM.09.AKC.5066.6001.1,PM2.5,http://dd.eionet.europa.eu/vocabulary/aq/pollutant/6001,hour,11.8311996300,µg/m3,2018-10-07 12:00:00 +01:00,2018-10-07 13:00:00 +01:00,1,1
AT,AT.0008.20.AQ,NET.09,STA.09.AKC,,SPO.09.AKC.5066.6001.1,SPP.09.AKC.5066.6001.1.11325,SAM.09.AKC.5066.6001.1,PM2.5,http://dd.eionet.europa.eu/vocabulary/aq/pollutant/6001,hour,6.3008003100,µg/m3,2018-10-07 14:00:00 +01:00,2018-10-07 15:00:00 +01:00,1,1
AT,AT.0008.20.AQ,NET.09,STA.09.AKC,,SPO.09.AKC.5066.6001.1,SPP.09.AKC.5066.6001.1.11325,SAM.09.AKC.5066.6001.1,PM2.5,http://dd.eionet.europa.eu/vocabulary/aq/pollutant/6001,hour,6.5583495900,µg/m3,2018-10-07 16:00:00 +01:00,2018-10-07 17:00:00 +01:00,1,1
AT,AT.0008.20.AQ,NET.09,STA.09.AKC,,SPO.09.AKC.5066.6001.1,SPP.09.AKC.5066.6001.1.11325,SAM.09.AKC.5066.6001.1,PM2.5,http://dd.eionet.europa.eu/vocabulary/aq/pollutant/6001,hour,5.7393503000,µg/m3,2018-10-07 18:00:00 +01:00,2018-10-07 19:00:00 +01:00,1,1
AT,AT.0008.20.AQ,NET.09,STA.09.AKC,,SPO.09.AKC.5066.6001.1,SPP.09.AKC.5066.6001.1.11325,SAM.09.AKC.5066.6001.1,PM2.5,http://dd.eionet.europa.eu/vocabulary/aq/pollutant/6001,hour,6.4771003600,µg/m3,2018-10-07 19:00:00 +01:00,2018-10-07 20:00:00 +01:00,1,1
AT,AT.0008.20.AQ,NET.09,STA.09.AKC,,SPO.09.AKC.5066.6001.1,SPP.09.AKC.5066.6001.1.11325,SAM.09.AKC.5066.6001.1,PM2.5,http://dd.eionet.europa.eu/vocabulary/aq/pollutant/6001,hour,7.7658996400,µg/m3,2018-10-07 20:00:00 +01:00,2018-10-07 21:00:00 +01:00,1,1
AT,AT.0008.20.AQ,NET.09,STA.09.AKC,,SPO.09.AKC.5066.6001.1,SPP.09.AKC.5066.6001.1.11325,SAM.09.AKC.5066.6001.1,PM2.5,http://dd.eionet.europa.eu/vocabulary/aq/pollutant/6001,hour,9.2247505000,µg/m3,2018-10-07 21:00:00 +01:00,2018-10-07 22:00:00 +01:00,1,1
AT,AT.0008.20.AQ,NET.09,STA.09.AKC,,SPO.09.AKC.5066.6001.1,SPP.09.AKC.5066.6001.1.11325,SAM.09.AKC.5066.6001.1,PM2.5,http://dd.eionet.europa.eu/vocabulary/aq/pollutant/6001,hour,25.7760009600,µg/m3,2018-10-08 00:00:00 +01:00,2018-10-08 01:00:00 +01:00,1,1
AT,AT.0008.20.AQ,NET.09,STA.09.AKC,,SPO.09.AKC.5066.6001.1,SPP.09.AKC.5066.6001.1.11325,SAM.09.AKC.5066.6001.1,PM2.5,http://dd.eionet.europa.eu/vocabulary/aq/pollutant/6001,hour,31.2045020900,µg/m3,2018-10-08 02:00:00 +01:00,2018-10-08 03:00:00 +01:00,1,1
AT,AT.0008.20.AQ,NET.09,STA.09.AKC,,SPO.09.AKC.5066.6001.1,SPP.09.AKC.5066.6001.1.11325,SAM.09.AKC.5066.6001.1,PM2.5,http://dd.eionet.europa.eu/vocabulary/aq/pollutant/6001,hour,22.4134998200,µg/m3,2018-10-08 03:00:00 +01:00,2018-10-08 04:00:00 +01:00,1,1
AT,AT.0008.20.AQ,NET.09,STA.09.AKC,,SPO.09.AKC.5066.6001.1,SPP.09.AKC.5066.6001.1.11325,SAM.09.AKC.5066.6001.1,PM2.5,http://dd.eionet.europa.eu/vocabulary/aq/pollutant/6001,hour,11.4419994200,µg/m3,2018-10-08 08:00:00 +01:00,2018-10-08 09:00:00 +01:00,1,1
AT,AT.0008.20.AQ,NET.09,STA.09.AKC,,SPO.09.AKC.5066.6001.1,SPP.09.AKC.5066.6001.1.11325,SAM.09.AKC.5066.6001.1,PM2.5,http://dd.eionet.europa.eu/vocabulary/aq/pollutant/6001,hour,14.9759998200,µg/m3,2018-10-08 12:00:00 +01:00,2018-10-08 13:00:00 +01:00,1,1
AT,AT.0008.20.AQ,NET.09,STA.09.AKC,,SPO.09.AKC.5066.6001.1,SPP.09.AKC.5066.6001.1.11325,SAM.09.AKC.5066.6001.1,PM2.5,http://dd.eionet.europa.eu/vocabulary/aq/pollutant/6001,hour,18.9954986400,µg/m3,2018-10-08 17:00:00 +01:00,2018-10-08 18:00:00 +01:00,1,1
AT,AT.0008.20.AQ,NET.09,STA.09.AKC,,SPO.09.AKC.5066.6001.1,SPP.09.AKC.5066.6001.1.11325,SAM.09.AKC.5066.6001.1,PM2.5,http://dd.eionet.europa.eu/vocabulary/aq/pollutant/6001,hour,21.5804996300,µg/m3,2018-10-08 18:00:00 +01:00,2018-10-08 19:00:00 +01:00,1,1
AT,AT.0008.20.AQ,NET.09,STA.09.AKC,,SPO.09.AKC.5066.6001.1,SPP.09.AKC.5066.6001.1.11325,SAM.09.AKC.5066.6001.1,PM2.5,http://dd.eionet.europa.eu/vocabulary/aq/pollutant/6001,hour,24.1424999100,µg/m3,2018-10-08 21:00:00 +01:00,2018-10-08 22:00:00 +01:00,1,1
AT,AT.0008.20.AQ,NET.09,STA.09.AKC,,SPO.09.AKC.5066.6001.1,SPP.09.AKC.5066.6001.1.11325,SAM.09.AKC.5066.6001.1,PM2.5,http://dd.eionet.europa.eu/vocabulary/aq/pollutant/6001,hour,19.5039997000,µg/m3,2018-10-09 01:00:00 +01:00,2018-10-09 02:00:00 +01:00,1,1
AT,AT.0008.20.AQ,NET.09,STA.09.AKC,,SPO.09.AKC.5066.6001.1,SPP.09.AKC.5066.6001.1.11325,SAM.09.AKC.5066.6001.1,PM2.5,http://dd.eionet.europa.eu/vocabulary/aq/pollutant/6001,hour,18.9565009900,µg/m3,2018-10-09 02:00:00 +01:00,2018-10-09 03:00:00 +01:00,1,1
AT,AT.0008.20.AQ,NET.09,STA.09.AKC,,SPO.09.AKC.5066.6001.1,SPP.09.AKC.5066.6001.1.11325,SAM.09.AKC.5066.6001.1,PM2.5,http://dd.eionet.europa.eu/vocabulary/aq/pollutant/6001,hour,28.3139991600,µg/m3,2018-10-09 07:00:00 +01:00,2018-10-09 08:00:00 +01:00,1,1
AT,AT.0008.20.AQ,NET.09,STA.09.AKC,,SPO.09.AKC.5066.6001.1,SPP.09.AKC.5066.6001.1.11325,SAM.09.AKC.5066.6001.1,PM2.5,http://dd.eionet.europa.eu/vocabulary/aq/pollutant/6001,hour,33.8894996500,µg/m3,2018-10-09 11:00:00 +01:00,2018-10-09 12:00:00 +01:00,1,1
AT,AT.0008.20.AQ,NET.09,STA.09.AKC,,SPO.09.AKC.5066.6001.1,SPP.09.AKC.5066.6001.1.11325,SAM.09.AKC.5066.6001.1,PM2.5,http://dd.eionet.europa.eu/vocabulary/aq/pollutant/6001,hour,27.8079986400,µg/m3,2018-10-09 13:00:00 +01:00,2018-10-09 14:00:00 +01:00,1,1
AT,AT.0008.20.AQ,NET.09,STA.09.AKC,,SPO.09.AKC.5066.6001.1,SPP.09.AKC.5066.6001.1.11325,SAM.09.AKC.5066.6001.1,PM2.5,http://dd.eionet.europa.eu/vocabulary/aq/pollutant/6001,hour,22.9680004000,µg/m3,2018-10-09 14:00:00 +01:00,2018-10-09 15:00:00 +01:00,1,1
AT,AT.0008.20.AQ,NET.09,STA.09.AKC,,SPO.09.AKC.5066.6001.1,SPP.09.AKC.5066.6001.1.11325,SAM.09.AKC.5066.6001.1,PM2.5,http://dd.eionet.europa.eu/vocabulary/aq/pollutant/6001,hour,19.6555004000,µg/m3,2018-10-09 15:00:00 +01:00,2018-10-09 16:00:00 +01:00,1,1
AT,AT.0008.20.AQ,NET.09,STA.09.AKC,,SPO.09.AKC.5066.6001.1,SPP.09.AKC.5066.6001.1.11325,SAM.09.AKC.5066.6001.1,PM2.5,http://dd.eionet.europa.eu/vocabulary/aq/pollutant/6001,hour,32.3204994100,µg/m3,2018-10-09 21:00:00 +01:00,2018-10-09 22:00:00 +01:00,1,1
AT,AT.0008.20.AQ,NET.09,STA.09.AKC,,SPO.09.AKC.5066.6001.1,SPP.09.AKC.5066.6001.1.11325,SAM.09.AKC.5066.6001.1,PM2.5,http://dd.eionet.europa.eu/vocabulary/aq/pollutant/6001,hour,34.3020019400,µg/m3,2018-10-09 23:00:00 +01:00,2018-10-10 00:00:00 +01:00,1,1
AT,AT.0008.20.AQ,NET.09,STA.09.AKC,,SPO.09.AKC.5066.6001.1,SPP.09.AKC.5066.6001.1.11325,SAM.09.AKC.5066.6001.1,PM2.5,http://dd.eionet.europa.eu/vocabulary/aq/pollutant/6001,hour,35.9160003500,µg/m3,2018-10-10 04:00:00 +01:00,2018-10-10 05:00:00 +01:00,1,1
AT,AT.0008.20.AQ,NET.09,STA.09.AKC,,SPO.09.AKC.5066.6001.1,SPP.09.AKC.5066.6001.1.11325,SAM.09.AKC.5066.6001.1,PM2.5,http://dd.eionet.europa.eu/vocabulary/aq/pollutant/6001,hour,40.8769988900,µg/m3,2018-10-10 06:00:00 +01:00,2018-10-10 07:00:00 +01:00,1,1
AT,AT.0008.20.AQ,NET.09,STA.09.AKC,,SPO.09.AKC.5066.6001.1,SPP.09.AKC.5066.6001.1.11325,SAM.09.AKC.5066.6001.1,PM2.5,http://dd.eionet.europa.eu/vocabulary/aq/pollutant/6001,hour,43.5924987600,µg/m3,2018-10-10 07:00:00 +01:00,2018-10-10 08:00:00 +01:00,1,1
AT,AT.0008.20.AQ,NET.09,STA.09.AKC,,SPO.09.AKC.5066.6001.1,SPP.09.AKC.5066.6001.1.11325,SAM.09.AKC.5066.6001.1,PM2.5,http://dd.eionet.europa.eu/vocabulary/aq/pollutant/6001,hour,41.5139999200,µg/m3,2018-10-10 08:00:00 +01:00,2018-10-10 09:00:00 +01:00,1,1
AT,AT.0008.20.AQ,NET.09,STA.09.AKC,,SPO.09.AKC.5066.6001.1,SPP.09.AKC.5066.6001.1.11325,SAM.09.AKC.5066.6001.1,PM2.5,http://dd.eionet.europa.eu/vocabulary/aq/pollutant/6001,hour,43.8330001700,µg/m3,2018-10-10 09:00:00 +01:00,2018-10-10 10:00:00 +01:00,1,1
AT,AT.0008.20.AQ,NET.09,STA.09.AKC,,SPO.09.AKC.5066.6001.1,SPP.09.AKC.5066.6001.1.11325,SAM.09.AKC.5066.6001.1,PM2.5,http://dd.eionet.europa.eu/vocabulary/aq/pollutant/6001,hour,24.6399993700,µg/m3,2018-10-10 11:00:00 +01:00,2018-10-10 12:00:00 +01:00,1,1
AT,AT.0008.20.AQ,NET.09,STA.09.AKC,,SPO.09.AKC.5066.6001.1,SPP.09.AKC.5066.6001.1.11325,SAM.09.AKC.5066.6001.1,PM2.5,http://dd.eionet.europa.eu/vocabulary/aq/pollutant/6001,hour,21.5014991600,µg/m3,2018-10-10 17:00:00 +01:00,2018-10-10 18:00:00 +01:00,1,1
AT,AT.0008.20.AQ,NET.09,STA.09.AKC,,SPO.09.AKC.5066.6001.1,SPP.09.AKC.5066.6001.1.11325,SAM.09.AKC.5066.6001.1,PM2.5,http://dd.eionet.europa.eu/vocabulary/aq/pollutant/6001,hour,25.8164997000,µg/m3,2018-10-10 19:00:00 +01:00,2018-10-10 20:00:00 +01:00,1,1
AT,AT.0008.20.AQ,NET.09,STA.09.AKC,,SPO.09.AKC.5066.6001.1,SPP.09.AKC.5066.6001.1.11325,SAM.09.AKC.5066.6001.1,PM2.5,http://dd.eionet.europa.eu/vocabulary/aq/pollutant/6001,hour,26.6739997700,µg/m3,2018-10-10 23:00:00 +01:00,2018-10-11 00:00:00 +01:00,1,1
AT,AT.0008.20.AQ,NET.09,STA.09.AKC,,SPO.09.AKC.5066.6001.1,SPP.09.AKC.5066.6001.1.11325,SAM.09.AKC.5066.6001.1,PM2.5,http://dd.eionet.europa.eu/vocabulary/aq/pollutant/6001,hour,31.0130004700,µg/m3,2018-10-11 01:00:00 +01:00,2018-10-11 02:00:00 +01:00,1,1
AT,AT.0008.20.AQ,NET.09,STA.09.AKC,,SPO.09.AKC.5066.6001.1,SPP.09.AKC.5066.6001.1.11325,SAM.09.AKC.5066.6001.1,PM2.5,http://dd.eionet.europa.eu/vocabulary/aq/pollutant/6001,hour,33.3180007800,µg/m3,2018-10-11 03:00:00 +01:00,2018-10-11 04:00:00 +01:00,1,1
AT,AT.0008.20.AQ,NET.09,STA.09.AKC,,SPO.09.AKC.5066.6001.1,SPP.09.AKC.5066.6001.1.11325,SAM.09.AKC.5066.6001.1,PM2.5,http://dd.eionet.europa.eu/vocabulary/aq/pollutant/6001,hour,37.3364982500,µg/m3,2018-10-11 05:00:00 +01:00,2018-10-11 06:00:00 +01:00,1,1
AT,AT.0008.20.AQ,NET.09,STA.09.AKC,,SPO.09.AKC.5066.6001.1,SPP.09.AKC.5066.6001.1.11325,SAM.09.AKC.5066.6001.1,PM2.5,http://dd.eionet.europa.eu/vocabulary/aq/pollutant/6001,hour,38.6539993100,µg/m3,2018-10-11 06:00:00 +01:00,2018-10-11 07:00:00 +01:00,1,1
AT,AT.0008.20.AQ,NET.09,STA.09.AKC,,SPO.09.AKC.5066.6001.1,SPP.09.AKC.5066.6001.1.11325,SAM.09.AKC.5066.6001.1,PM2.5,http://dd.eionet.europa.eu/vocabulary/aq/pollutant/6001,hour,38.0460014200,µg/m3,2018-10-11 07:00:00 +01:00,2018-10-11 08:00:00 +01:00,1,1
AT,AT.0008.20.AQ,NET.09,STA.09.AKC,,SPO.09.AKC.5066.6001.1,SPP.09.AKC.5066.6001.1.11325,SAM.09.AKC.5066.6001.1,PM2.5,http://dd.eionet.europa.eu/vocabulary/aq/pollutant/6001,hour,37.3474998300,µg/m3,2018-10-11 08:00:00 +01:00,2018-10-11 09:00:00 +01:00,1,1
AT,AT.0008.20.AQ,NET.09,STA.09.AKC,,SPO.09.AKC.5066.6001.1,SPP.09.AKC.5066.6001.1.11325,SAM.09.AKC.5066.6001.1,PM2.5,http://dd.eionet.europa.eu/vocabulary/aq/pollutant/6001,hour,40.5830001700,µg/m3,2018-10-11 09:00:00 +01:00,2018-10-11 10:00:00 +01:00,1,1
AT,AT.0008.20.AQ,NET.09,STA.09.AKC,,SPO.09.AKC.5066.6001.1,SPP.09.AKC.5066.6001.1.11325,SAM.09.AKC.5066.6001.1,PM2.5,http://dd.eionet.europa.eu/vocabulary/aq/pollutant/6001,hour,26.6549987600,µg/m3,2018-10-11 11:00:00 +01:00,2018-10-11 12:00:00 +01:00,1,1
AT,AT.0008.20.AQ,NET.09,STA.09.AKC,,SPO.09.AKC.5066.6001.1,SPP.09.AKC.5066.6001.1.11325,SAM.09.AKC.5066.6001.1,PM2.5,http://dd.eionet.europa.eu/vocabulary/aq/pollutant/6001,hour,24.9085006600,µg/m3,2018-10-11 12:00:00 +01:00,2018-10-11 13:00:00 +01:00,1,1
AT,AT.0008.20.AQ,NET.09,STA.09.AKC,,SPO.09.AKC.5066.6001.1,SPP.09.AKC.5066.6001.1.11325,SAM.09.AKC.5066.6001.1,PM2.5,http://dd.eionet.europa.eu/vocabulary/aq/pollutant/6001,hour,24.7330016900,µg/m3,2018-10-11 13:00:00 +01:00,2018-10-11 14:00:00 +01:00,1,1
AT,AT.0008.20.AQ,NET.09,STA.09.AKC,,SPO.09.AKC.5066.6001.1,SPP.09.AKC.5066.6001.1.11325,SAM.09.AKC.5066.6001.1,PM2.5,http://dd.eionet.europa.eu/vocabulary/aq/pollutant/6001,hour,21.6544990400,µg/m3,2018-10-11 14:00:00 +01:00,2018-10-11 15:00:00 +01:00,1,1
AT,AT.0008.20.AQ,NET.09,STA.09.AKC,,SPO.09.AKC.5066.6001.1,SPP.09.AKC.5066.6001.1.11325,SAM.09.AKC.5066.6001.1,PM2.5,http://dd.eionet.europa.eu/vocabulary/aq/pollutant/6001,hour,19.2379989500,µg/m3,2018-10-11 15:00:00 +01:00,2018-10-11 16:00:00 +01:00,1,1
AT,AT.0008.20.AQ,NET.09,STA.09.AKC,,SPO.09.AKC.5066.6001.1,SPP.09.AKC.5066.6001.1.11325,SAM.09.AKC.5066.6001.1,PM2.5,http://dd.eionet.europa.eu/vocabulary/aq/pollutant/6001,hour,23.9090003800,µg/m3,2018-10-11 21:00:00 +01:00,2018-10-11 22:00:00 +01:00,1,1
AT,AT.0008.20.AQ,NET.09,STA.09.AKC,,SPO.09.AKC.5066.6001.1,SPP.09.AKC.5066.6001.1.11325,SAM.09.AKC.5066.6001.1,PM2.5,http://dd.eionet.europa.eu/vocabulary/aq/pollutant/6001,hour,24.2465000000,µg/m3,2018-10-11 22:00:00 +01:00,2018-10-11 23:00:00 +01:00,1,1
AT,AT.0008.20.AQ,NET.09,STA.09.AKC,,SPO.09.AKC.5066.6001.1,SPP.09.AKC.5066.6001.1.11325,SAM.09.AKC.5066.6001.1,PM2.5,http://dd.eionet.europa.eu/vocabulary/aq/pollutant/6001,hour,24.2210006600,µg/m3,2018-10-11 23:00:00 +01:00,2018-10-12 00:00:00 +01:00,1,1
AT,AT.0008.20.AQ,NET.09,STA.09.AKC,,SPO.09.AKC.5066.6001.1,SPP.09.AKC.5066.6001.1.11325,SAM.09.AKC.5066.6001.1,PM2.5,http://dd.eionet.europa.eu/vocabulary/aq/pollutant/6001,hour,25.5755004700,µg/m3,2018-10-12 00:00:00 +01:00,2018-10-12 01:00:00 +01:00,1,1
AT,AT.0008.20.AQ,NET.09,STA.09.AKC,,SPO.09.AKC.5066.6001.1,SPP.09.AKC.5066.6001.1.11325,SAM.09.AKC.5066.6001.1,PM2.5,http://dd.eionet.europa.eu/vocabulary/aq/pollutant/6001,hour,26.3509998200,µg/m3,2018-10-12 02:00:00 +01:00,2018-10-12 03:00:00 +01:00,1,1
AT,AT.0008.20.AQ,NET.09,STA.09.AKC,,SPO.09.AKC.5066.6001.1,SPP.09.AKC.5066.6001.1.11325,SAM.09.AKC.5066.6001.1,PM2.5,http://dd.eionet.europa.eu/vocabulary/aq/pollutant/6001,hour,27.8269996500,µg/m3,2018-10-12 04:00:00 +01:00,2018-10-12 05:00:00 +01:00,1,1
AT,AT.0008.20.AQ,NET.09,STA.09.AKC,,SPO.09.AKC.5066.6001.1,SPP.09.AKC.5066.6001.1.11325,SAM.09.AKC.5066.6001.1,PM2.5,http://dd.eionet.europa.eu/vocabulary/aq/pollutant/6001,hour,29.1305007800,µg/m3,2018-10-12 05:00:00 +01:00,2018-10-12 06:00:00 +01:00,1,1
AT,AT.0008.20.AQ,NET.09,STA.09.AKC,,SPO.09.AKC.5066.6001.1,SPP.09.AKC.5066.6001.1.11325,SAM.09.AKC.5066.6001.1,PM2.5,http://dd.eionet.europa.eu/vocabulary/aq/pollutant/6001,hour,31.4549999100,µg/m3,2018-10-12 07:00:00 +01:00,2018-10-12 08:00:00 +01:00,1,1
AT,AT.0008.20.AQ,NET.09,STA.09.AKC,,SPO.09.AKC.5066.6001.1,SPP.09.AKC.5066.6001.1.11325,SAM.09.AKC.5066.6001.1,PM2.5,http://dd.eionet.europa.eu/vocabulary/aq/pollutant/6001,hour,33.5444984300,µg/m3,2018-10-12 08:00:00 +01:00,2018-10-12 09:00:00 +01:00,1,1
AT,AT.0008.20.AQ,NET.09,STA.09.AKC,,SPO.09.AKC.5066.6001.1,SPP.09.AKC.5066.6001.1.11325,SAM.09.AKC.5066.6001.1,PM2.5,http://dd.eionet.europa.eu/vocabulary/aq/pollutant/6001,hour,16.5530013900,µg/m3,2018-10-12 13:00:00 +01:00,2018-10-12 14:00:00 +01:00,1,1
AT,AT.0008.20.AQ,NET.09,STA.09.AKC,,SPO.09.AKC.5066.6001.1,SPP.09.AKC.5066.6001.1.11325,SAM.09.AKC.5066.6001.1,PM2.5,http://dd.eionet.europa.eu/vocabulary/aq/pollutant/6001,hour,26.2180004000,µg/m3,2018-10-12 22:00:00 +01:00,2018-10-12 23:00:00 +01:00,1,1
AT,AT.0008.20.AQ,NET.09,STA.09.AKC,,SPO.09.AKC.5066.6001.1,SPP.09.AKC.5066.6001.1.11325,SAM.09.AKC.5066.6001.1,PM2.5,http://dd.eionet.europa.eu/vocabulary/aq/pollutant/6001,hour,26.3304996300,µg/m3,2018-10-13 01:00:00 +01:00,2018-10-13 02:00:00 +01:00,1,1
AT,AT.0008.20.AQ,NET.09,STA.09.AKC,,SPO.09.AKC.5066.6001.1,SPP.09.AKC.5066.6001.1.11325,SAM.09.AKC.5066.6001.1,PM2.5,http://dd.eionet.europa.eu/vocabulary/aq/pollutant/6001,hour,30.3935012700,µg/m3,2018-10-13 05:00:00 +01:00,2018-10-13 06:00:00 +01:00,1,1
AT,AT.0008.20.AQ,NET.09,STA.09.AKC,,SPO.09.AKC.5066.6001.1,SPP.09.AKC.5066.6001.1.11325,SAM.09.AKC.5066.6001.1,PM2.5,http://dd.eionet.europa.eu/vocabulary/aq/pollutant/6001,hour,32.4540023700,µg/m3,2018-10-13 09:00:00 +01:00,2018-10-13 10:00:00 +01:00,1,1
AT,AT.0008.20.AQ,NET.09,STA.09.AKC,,SPO.09.AKC.5066.6001.1,SPP.09.AKC.5066.6001.1.11325,SAM.09.AKC.5066.6001.1,PM2.5,http://dd.eionet.europa.eu/vocabulary/aq/pollutant/6001,hour,20.2705001700,µg/m3,2018-10-13 19:00:00 +01:00,2018-10-13 20:00:00 +01:00,1,1
AT,AT.0008.20.AQ,NET.09,STA.09.AKC,,SPO.09.AKC.5066.6001.1,SPP.09.AKC.5066.6001.1.11325,SAM.09.AKC.5066.6001.1,PM2.5,http://dd.eionet.europa.eu/vocabulary/aq/pollutant/6001,hour,21.7019996500,µg/m3,2018-10-13 20:00:00 +01:00,2018-10-13 21:00:00 +01:00,1,1
AT,AT.0008.20.AQ,NET.09,STA.09.AKC,,SPO.09.AKC.5066.6001.1,SPP.09.AKC.5066.6001.1.11325,SAM.09.AKC.5066.6001.1,PM2.5,http://dd.eionet.europa.eu/vocabulary/aq/pollutant/6001,hour,22.8894996500,µg/m3,2018-10-14 01:00:00 +01:00,2018-10-14 02:00:00 +01:00,1,1
AT,AT.0008.20.AQ,NET.09,STA.09.AKC,,SPO.09.AKC.5066.6001.1,SPP.09.AKC.5066.6001.1.11325,SAM.09.AKC.5066.6001.1,PM2.5,http://dd.eionet.europa.eu/vocabulary/aq/pollutant/6001,hour,12.3190002300,µg/m3,2018-10-14 17:00:00 +01:00,2018-10-14 18:00:00 +01:00,1,1
AT,AT.0008.20.AQ,NET.09,STA.09.AKC,,SPO.09.AKC.5066.6001.1,SPP.09.AKC.5066.6001.1.11325,SAM.09.AKC.5066.6001.1,PM2.5,http://dd.eionet.europa.eu/vocabulary/aq/pollutant/6001,hour,14.3360004300,µg/m3,2018-10-14 20:00:00 +01:00,2018-10-14 21:00:00 +01:00,1,1
AT,AT.0008.20.AQ,NET.09,STA.09.AKC,,SPO.09.AKC.5066.6001.1,SPP.09.AKC.5066.6001.1.11325,SAM.09.AKC.5066.6001.1,PM2.5,http://dd.eionet.europa.eu/vocabulary/aq/pollutant/6001,hour,18.1770000300,µg/m3,2018-10-14 23:00:00 +01:00,2018-10-15 00:00:00 +01:00,1,1
AT,AT.0008.20.AQ,NET.09,STA.09.AKC,,SPO.09.AKC.5066.6001.1,SPP.09.AKC.5066.6001.1.11325,SAM.09.AKC.5066.6001.1,PM2.5,http://dd.eionet.europa.eu/vocabulary/aq/pollutant/6001,hour,19.6914997000,µg/m3,2018-10-15 04:00:00 +01:00,2018-10-15 05:00:00 +01:00,1,1
AT,AT.0008.20.AQ,NET.09,STA.09.AKC,,SPO.09.AKC.5066.6001.1,SPP.09.AKC.5066.6001.1.11325,SAM.09.AKC.5066.6001.1,PM2.5,http://dd.eionet.europa.eu/vocabulary/aq/pollutant/6001,hour,22.5235004300,µg/m3,2018-10-15 06:00:00 +01:00,2018-10-15 07:00:00 +01:00,1,1
AT,AT.0008.20.AQ,NET.09,STA.09.AKC,,SPO.09.AKC.5066.6001.1,SPP.09.AKC.5066.6001.1.11325,SAM.09.AKC.5066.6001.1,PM2.5,http://dd.eionet.europa.eu/vocabulary/aq/pollutant/6001,hour,22.9884986700,µg/m3,2018-10-15 08:00:00 +01:00,2018-10-15 09:00:00 +01:00,1,1
AT,AT.0008.20.AQ,NET.09,STA.09.AKC,,SPO.09.AKC.5066.6001.1,SPP.09.AKC.5066.6001.1.11325,SAM.09.AKC.5066.6001.1,PM2.5,http://dd.eionet.europa.eu/vocabulary/aq/pollutant/6001,hour,19.9965000000,µg/m3,2018-10-15 09:00:00 +01:00,2018-10-15 10:00:00 +01:00,1,1
AT,AT.0008.20.AQ,NET.09,STA.09.AKC,,SPO.09.AKC.5066.6001.1,SPP.09.AKC.5066.6001.1.11325,SAM.09.AKC.5066.6001.1,PM2.5,http://dd.eionet.europa.eu/vocabulary/aq/pollutant/6001,hour,18.1129989500,µg/m3,2018-10-15 12:00:00 +01:00,2018-10-15 13:00:00 +01:00,1,1
AT,AT.0008.20.AQ,NET.09,STA.09.AKC,,SPO.09.AKC.5066.6001.1,SPP.09.AKC.5066.6001.1.11325,SAM.09.AKC.5066.6001.1,PM2.5,http://dd.eionet.europa.eu/vocabulary/aq/pollutant/6001,hour,18.2589988600,µg/m3,2018-10-15 14:00:00 +01:00,2018-10-15 15:00:00 +01:00,1,1
AT,AT.0008.20.AQ,NET.09,STA.09.AKC,,SPO.09.AKC.5066.6001.1,SPP.09.AKC.5066.6001.1.11325,SAM.09.AKC.5066.6001.1,PM2.5,http://dd.eionet.europa.eu/vocabulary/aq/pollutant/6001,hour,18.4685001200,µg/m3,2018-10-15 16:00:00 +01:00,2018-10-15 17:00:00 +01:00,1,1
AT,AT.0008.20.AQ,NET.09,STA.09.AKC,,SPO.09.AKC.5066.6001.1,SPP.09.AKC.5066.6001.1.11325,SAM.09.AKC.5066.6001.1,PM2.5,http://dd.eionet.europa.eu/vocabulary/aq/pollutant/6001,hour,20.1264991600,µg/m3,2018-10-15 19:00:00 +01:00,2018-10-15 20:00:00 +01:00,1,1
AT,AT.0008.20.AQ,NET.09,STA.09.AKC,,SPO.09.AKC.5066.6001.1,SPP.09.AKC.5066.6001.1.11325,SAM.09.AKC.5066.6001.1,PM2.5,http://dd.eionet.europa.eu/vocabulary/aq/pollutant/6001,hour,20.1585006600,µg/m3,2018-10-16 00:00:00 +01:00,2018-10-16 01:00:00 +01:00,1,1
AT,AT.0008.20.AQ,NET.09,STA.09.AKC,,SPO.09.AKC.5066.6001.1,SPP.09.AKC.5066.6001.1.11325,SAM.09.AKC.5066.6001.1,PM2.5,http://dd.eionet.europa.eu/vocabulary/aq/pollutant/6001,hour,19.4055004000,µg/m3,2018-10-16 01:00:00 +01:00,2018-10-16 02:00:00 +01:00,1,1
AT,AT.0008.20.AQ,NET.09,STA.09.AKC,,SPO.09.AKC.5066.6001.1,SPP.09.AKC.5066.6001.1.11325,SAM.09.AKC.5066.6001.1,PM2.5,http://dd.eionet.europa.eu/vocabulary/aq/pollutant/6001,hour,21.9565009900,µg/m3,2018-10-16 02:00:00 +01:00,2018-10-16 03:00:00 +01:00,1,1
AT,AT.0008.20.AQ,NET.09,STA.09.AKC,,SPO.09.AKC.5066.6001.1,SPP.09.AKC.5066.6001.1.11325,SAM.09.AKC.5066.6001.1,PM2.5,http://dd.eionet.europa.eu/vocabulary/aq/pollutant/6001,hour,22.8430004000,µg/m3,2018-10-16 03:00:00 +01:00,2018-10-16 04:00:00 +01:00,1,1
AT,AT.0008.20.AQ,NET.09,STA.09.AKC,,SPO.09.AKC.5066.6001.1,SPP.09.AKC.5066.6001.1.11325,SAM.09.AKC.5066.6001.1,PM2.5,http://dd.eionet.europa.eu/vocabulary/aq/pollutant/6001,hour,23.4860000500,µg/m3,2018-10-16 04:00:00 +01:00,2018-10-16 05:00:00 +01:00,1,1
AT,AT.0008.20.AQ,NET.09,STA.09.AKC,,SPO.09.AKC.5066.6001.1,SPP.09.AKC.5066.6001.1.11325,SAM.09.AKC.5066.6001.1,PM2.5,http://dd.eionet.europa.eu/vocabulary/aq/pollutant/6001,hour,26.2270011800,µg/m3,2018-10-16 05:00:00 +01:00,2018-10-16 06:00:00 +01:00,1,1
AT,AT.0008.20.AQ,NET.09,STA.09.AKC,,SPO.09.AKC.5066.6001.1,SPP.09.AKC.5066.6001.1.11325,SAM.09.AKC.5066.6001.1,PM2.5,http://dd.eionet.europa.eu/vocabulary/aq/pollutant/6001,hour,32.5585021800,µg/m3,2018-10-16 08:00:00 +01:00,2018-10-16 09:00:00 +01:00,1,1
AT,AT.0008.20.AQ,NET.09,STA.09.AKC,,SPO.09.AKC.5066.6001.1,SPP.09.AKC.5066.6001.1.11325,SAM.09.AKC.5066.6001.1,PM2.5,http://dd.eionet.europa.eu/vocabulary/aq/pollutant/6001,hour,30.3655013900,µg/m3,2018-10-16 10:00:00 +01:00,2018-10-16 11:00:00 +01:00,1,1
AT,AT.0008.20.AQ,NET.09,STA.09.AKC,,SPO.09.AKC.5066.6001.1,SPP.09.AKC.5066.6001.1.11325,SAM.09.AKC.5066.6001.1,PM2.5,http://dd.eionet.europa.eu/vocabulary/aq/pollutant/6001,hour,25.6964988600,µg/m3,2018-10-16 13:00:00 +01:00,2018-10-16 14:00:00 +01:00,1,1
AT,AT.0008.20.AQ,NET.09,STA.09.AKC,,SPO.09.AKC.5066.6001.1,SPP.09.AKC.5066.6001.1.11325,SAM.09.AKC.5066.6001.1,PM2.5,http://dd.eionet.europa.eu/vocabulary/aq/pollutant/6001,hour,22.1590003800,µg/m3,2018-10-16 15:00:00 +01:00,2018-10-16 16:00:00 +01:00,1,1
AT,AT.0008.20.AQ,NET.09,STA.09.AKC,,SPO.09.AKC.5066.6001.1,SPP.09.AKC.5066.6001.1.11325,SAM.09.AKC.5066.6001.1,PM2.5,http://dd.eionet.europa.eu/vocabulary/aq/pollutant/6001,hour,22.8289985500,µg/m3,2018-10-16 16:00:00 +01:00,2018-10-16 17:00:00 +01:00,1,1
AT,AT.0008.20.AQ,NET.09,STA.09.AKC,,SPO.09.AKC.5066.6001.1,SPP.09.AKC.5066.6001.1.11325,SAM.09.AKC.5066.6001.1,PM2.5,http://dd.eionet.europa.eu/vocabulary/aq/pollutant/6001,hour,24.1780013900,µg/m3,2018-10-16 17:00:00 +01:00,2018-10-16 18:00:00 +01:00,1,1
AT,AT.0008.20.AQ,NET.09,STA.09.AKC,,SPO.09.AKC.5066.6001.1,SPP.09.AKC.5066.6001.1.11325,SAM.09.AKC.5066.6001.1,PM2.5,http://dd.eionet.europa.eu/vocabulary/aq/pollutant/6001,hour,33.3945007200,µg/m3,2018-10-16 21:00:00 +01:00,2018-10-16 22:00:00 +01:00,1,1
AT,AT.0008.20.AQ,NET.09,STA.09.AKC,,SPO.09.AKC.5066.6001.1,SPP.09.AKC.5066.6001.1.11325,SAM.09.AKC.5066.6001.1,PM2.5,http://dd.eionet.europa.eu/vocabulary/aq/pollutant/6001,hour,34.5289993100,µg/m3,2018-10-16 22:00:00 +01:00,2018-10-16 23:00:00 +01:00,1,1
AT,AT.0008.20.AQ,NET.09,STA.09.AKC,,SPO.09.AKC.5066.6001.1,SPP.09.AKC.5066.6001.1.11325,SAM.09.AKC.5066.6001.1,PM2.5,http://dd.eionet.europa.eu/vocabulary/aq/pollutant/6001,hour,38.2859992800,µg/m3,2018-10-16 23:00:00 +01:00,2018-10-17 00:00:00 +01:00,1,1
AT,AT.0008.20.AQ,NET.09,STA.09.AKC,,SPO.09.AKC.5066.6001.1,SPP.09.AKC.5066.6001.1.11325,SAM.09.AKC.5066.6001.1,PM2.5,http://dd.eionet.europa.eu/vocabulary/aq/pollutant/6001,hour,40.2669982800,µg/m3,2018-10-17 00:00:00 +01:00,2018-10-17 01:00:00 +01:00,1,1
AT,AT.0008.20.AQ,NET.09,STA.09.AKC,,SPO.09.AKC.5066.6001.1,SPP.09.AKC.5066.6001.1.11325,SAM.09.AKC.5066.6001.1,PM2.5,http://dd.eionet.europa.eu/vocabulary/aq/pollutant/6001,hour,41.5045013300,µg/m3,2018-10-17 02:00:00 +01:00,2018-10-17 03:00:00 +01:00,1,1
AT,AT.0008.20.AQ,NET.09,STA.09.AKC,,SPO.09.AKC.5066.6001.1,SPP.09.AKC.5066.6001.1.11325,SAM.09.AKC.5066.6001.1,PM2.5,http://dd.eionet.europa.eu/vocabulary/aq/pollutant/6001,hour,44.5970001100,µg/m3,2018-10-17 03:00:00 +01:00,2018-10-17 04:00:00 +01:00,1,1
AT,AT.0008.20.AQ,NET.09,STA.09.AKC,,SPO.09.AKC.5066.6001.1,SPP.09.AKC.5066.6001.1.11325,SAM.09.AKC.5066.6001.1,PM2.5,http://dd.eionet.europa.eu/vocabulary/aq/pollutant/6001,hour,51.0774993700,µg/m3,2018-10-17 08:00:00 +01:00,2018-10-17 09:00:00 +01:00,1,1
AT,AT.0008.20.AQ,NET.09,STA.09.AKC,,SPO.09.AKC.5066.6001.1,SPP.09.AKC.5066.6001.1.11325,SAM.09.AKC.5066.6001.1,PM2.5,http://dd.eionet.europa.eu/vocabulary/aq/pollutant/6001,hour,52.7234992800,µg/m3,2018-10-17 09:00:00 +01:00,2018-10-17 10:00:00 +01:00,1,1
AT,AT.0008.20.AQ,NET.09,STA.09.AKC,,SPO.09.AKC.5066.6001.1,SPP.09.AKC.5066.6001.1.11325,SAM.09.AKC.5066.6001.1,PM2.5,http://dd.eionet.europa.eu/vocabulary/aq/pollutant/6001,hour,56.0769996500,µg/m3,2018-10-17 10:00:00 +01:00,2018-10-17 11:00:00 +01:00,1,1
AT,AT.0008.20.AQ,NET.09,STA.09.AKC,,SPO.09.AKC.5066.6001.1,SPP.09.AKC.5066.6001.1.11325,SAM.09.AKC.5066.6001.1,PM2.5,http://dd.eionet.europa.eu/vocabulary/aq/pollutant/6001,hour,46.8180007800,µg/m3,2018-10-17 13:00:00 +01:00,2018-10-17 14:00:00 +01:00,1,1
AT,AT.0008.20.AQ,NET.09,STA.09.AKC,,SPO.09.AKC.5066.6001.1,SPP.09.AKC.5066.6001.1.11325,SAM.09.AKC.5066.6001.1,PM2.5,http://dd.eionet.europa.eu/vocabulary/aq/pollutant/6001,hour,41.8440017600,µg/m3,2018-10-17 16:00:00 +01:00,2018-10-17 17:00:00 +01:00,1,1
AT,AT.0008.20.AQ,NET.09,STA.09.AKC,,SPO.09.AKC.5066.6001.1,SPP.09.AKC.5066.6001.1.11325,SAM.09.AKC.5066.6001.1,PM2.5,http://dd.eionet.europa.eu/vocabulary/aq/pollutant/6001,hour,39.8919982800,µg/m3,2018-10-17 20:00:00 +01:00,2018-10-17 21:00:00 +01:00,1,1
AT,AT.0008.20.AQ,NET.09,STA.09.AKC,,SPO.09.AKC.5066.6001.1,SPP.09.AKC.5066.6001.1.11325,SAM.09.AKC.5066.6001.1,PM2.5,http://dd.eionet.europa.eu/vocabulary/aq/pollutant/6001,hour,43.5864982500,µg/m3,2018-10-17 23:00:00 +01:00,2018-10-18 00:00:00 +01:00,1,1
AT,AT.0008.20.AQ,NET.09,STA.09.AKC,,SPO.09.AKC.5066.6001.1,SPP.09.AKC.5066.6001.1.11325,SAM.09.AKC.5066.6001.1,PM2.5,http://dd.eionet.europa.eu/vocabulary/aq/pollutant/6001,hour,46.5725021200,µg/m3,2018-10-18 02:00:00 +01:00,2018-10-18 03:00:00 +01:00,1,1
AT,AT.0008.20.AQ,NET.09,STA.09.AKC,,SPO.09.AKC.5066.6001.1,SPP.09.AKC.5066.6001.1.11325,SAM.09.AKC.5066.6001.1,PM2.5,http://dd.eionet.europa.eu/vocabulary/aq/pollutant/6001,hour,47.9284973000,µg/m3,2018-10-18 05:00:00 +01:00,2018-10-18 06:00:00 +01:00,1,1
AT,AT.0008.20.AQ,NET.09,STA.09.AKC,,SPO.09.AKC.5066.6001.1,SPP.09.AKC.5066.6001.1.11325,SAM.09.AKC.5066.6001.1,PM2.5,http://dd.eionet.europa.eu/vocabulary/aq/pollutant/6001,hour,52.2495002600,µg/m3,2018-10-18 07:00:00 +01:00,2018-10-18 08:00:00 +01:00,1,1
AT,AT.0008.20.AQ,NET.09,STA.09.AKC,,SPO.09.AKC.5066.6001.1,SPP.09.AKC.5066.6001.1.11325,SAM.09.AKC.5066.6001.1,PM2.5,http://dd.eionet.europa.eu/vocabulary/aq/pollutant/6001,hour,53.2374992200,µg/m3,2018-10-18 08:00:00 +01:00,2018-10-18 09:00:00 +01:00,1,1
AT,AT.0008.20.AQ,NET.09,STA.09.AKC,,SPO.09.AKC.5066.6001.1,SPP.09.AKC.5066.6001.1.11325,SAM.09.AKC.5066.6001.1,PM2.5,http://dd.eionet.europa.eu/vocabulary/aq/pollutant/6001,hour,51.5465011400,µg/m3,2018-10-18 10:00:00 +01:00,2018-10-18 11:00:00 +01:00,1,1
AT,AT.0008.20.AQ,NET.09,STA.09.AKC,,SPO.09.AKC.5066.6001.1,SPP.09.AKC.5066.6001.1.11325,SAM.09.AKC.5066.6001.1,PM2.5,http://dd.eionet.europa.eu/vocabulary/aq/pollutant/6001,hour,38.7490005300,µg/m3,2018-10-18 19:00:00 +01:00,2018-10-18 20:00:00 +01:00,1,1
AT,AT.0008.20.AQ,NET.09,STA.09.AKC,,SPO.09.AKC.5066.6001.1,SPP.09.AKC.5066.6001.1.11325,SAM.09.AKC.5066.6001.1,PM2.5,http://dd.eionet.europa.eu/vocabulary/aq/pollutant/6001,hour,40.1894988900,µg/m3,2018-10-18 20:00:00 +01:00,2018-10-18 21:00:00 +01:00,1,1
AT,AT.0008.20.AQ,NET.09,STA.09.AKC,,SPO.09.AKC.5066.6001.1,SPP.09.AKC.5066.6001.1.11325,SAM.09.AKC.5066.6001.1,PM2.5,http://dd.eionet.europa.eu/vocabulary/aq/pollutant/6001,hour,46.9220008700,µg/m3,2018-10-18 21:00:00 +01:00,2018-10-18 22:00:00 +01:00,1,1
AT,AT.0008.20.AQ,NET.09,STA.09.AKC,,SPO.09.AKC.5066.6001.1,SPP.09.AKC.5066.6001.1.11325,SAM.09.AKC.5066.6001.1,PM2.5,http://dd.eionet.europa.eu/vocabulary/aq/pollutant/6001,hour,49.1770019400,µg/m3,2018-10-18 22:00:00 +01:00,2018-10-18 23:00:00 +01:00,1,1
AT,AT.0008.20.AQ,NET.09,STA.09.AKC,,SPO.09.AKC.5066.6001.1,SPP.09.AKC.5066.6001.1.11325,SAM.09.AKC.5066.6001.1,PM2.5,http://dd.eionet.europa.eu/vocabulary/aq/pollutant/6001,hour,44.8650016600,µg/m3,2018-10-18 23:00:00 +01:00,2018-10-19 00:00:00 +01:00,1,1
AT,AT.0008.20.AQ,NET.09,STA.09.AKC,,SPO.09.AKC.5066.6001.1,SPP.09.AKC.5066.6001.1.11325,SAM.09.AKC.5066.6001.1,PM2.5,http://dd.eionet.europa.eu/vocabulary/aq/pollutant/6001,hour,43.8929977300,µg/m3,2018-10-19 01:00:00 +01:00,2018-10-19 02:00:00 +01:00,1,1
AT,AT.0008.20.AQ,NET.09,STA.09.AKC,,SPO.09.AKC.5066.6001.1,SPP.09.AKC.5066.6001.1.11325,SAM.09.AKC.5066.6001.1,PM2.5,http://dd.eionet.europa.eu/vocabulary/aq/pollutant/6001,hour,44.3955001700,µg/m3,2018-10-19 02:00:00 +01:00,2018-10-19 03:00:00 +01:00,1,1
AT,AT.0008.20.AQ,NET.09,STA.09.AKC,,SPO.09.AKC.5066.6001.1,SPP.09.AKC.5066.6001.1.11325,SAM.09.AKC.5066.6001.1,PM2.5,http://dd.eionet.europa.eu/vocabulary/aq/pollutant/6001,hour,45.1694984300,µg/m3,2018-10-19 03:00:00 +01:00,2018-10-19 04:00:00 +01:00,1,1
AT,AT.0008.20.AQ,NET.09,STA.09.AKC,,SPO.09.AKC.5066.6001.1,SPP.09.AKC.5066.6001.1.11325,SAM.09.AKC.5066.6001.1,PM2.5,http://dd.eionet.europa.eu/vocabulary/aq/pollutant/6001,hour,46.9745025500,µg/m3,2018-10-19 04:00:00 +01:00,2018-10-19 05:00:00 +01:00,1,1
AT,AT.0008.20.AQ,NET.09,STA.09.AKC,,SPO.09.AKC.5066.6001.1,SPP.09.AKC.5066.6001.1.11325,SAM.09.AKC.5066.6001.1,PM2.5,http://dd.eionet.europa.eu/vocabulary/aq/pollutant/6001,hour,48.6660003500,µg/m3,2018-10-19 05:00:00 +01:00,2018-10-19 06:00:00 +01:00,1,1
AT,AT.0008.20.AQ,NET.09,STA.09.AKC,,SPO.09.AKC.5066.6001.1,SPP.09.AKC.5066.6001.1.11325,SAM.09.AKC.5066.6001.1,PM2.5,http://dd.eionet.europa.eu/vocabulary/aq/pollutant/6001,hour,49.5149993700,µg/m3,2018-10-19 07:00:00 +01:00,2018-10-19 08:00:00 +01:00,1,1
AT,AT.0008.20.AQ,NET.09,STA.09.AKC,,SPO.09.AKC.5066.6001.1,SPP.09.AKC.5066.6001.1.11325,SAM.09.AKC.5066.6001.1,PM2.5,http://dd.eionet.europa.eu/vocabulary/aq/pollutant/6001,hour,48.8560027900,µg/m3,2018-10-19 08:00:00 +01:00,2018-10-19 09:00:00 +01:00,1,1
AT,AT.0008.20.AQ,NET.09,STA.09.AKC,,SPO.09.AKC.5066.6001.1,SPP.09.AKC.5066.6001.1.11325,SAM.09.AKC.5066.6001.1,PM2.5,http://dd.eionet.europa.eu/vocabulary/aq/pollutant/6001,hour,48.3249969300,µg/m3,2018-10-19 09:00:00 +01:00,2018-10-19 10:00:00 +01:00,1,1
AT,AT.0008.20.AQ,NET.09,STA.09.AKC,,SPO.09.AKC.5066.6001.1,SPP.09.AKC.5066.6001.1.11325,SAM.09.AKC.5066.6001.1,PM2.5,http://dd.eionet.europa.eu/vocabulary/aq/pollutant/6001,hour,42.9305000200,µg/m3,2018-10-19 15:00:00 +01:00,2018-10-19 16:00:00 +01:00,1,1
AT,AT.0008.20.AQ,NET.09,STA.09.AKC,,SPO.09.AKC.5066.6001.1,SPP.09.AKC.5066.6001.1.11325,SAM.09.AKC.5066.6001.1,PM2.5,http://dd.eionet.europa.eu/vocabulary/aq/pollutant/6001,hour,42.5919990400,µg/m3,2018-10-19 16:00:00 +01:00,2018-10-19 17:00:00 +01:00,1,1
AT,AT.0008.20.AQ,NET.09,STA.09.AKC,,SPO.09.AKC.5066.6001.1,SPP.09.AKC.5066.6001.1.11325,SAM.09.AKC.5066.6001.1,PM2.5,http://dd.eionet.europa.eu/vocabulary/aq/pollutant/6001,hour,41.7460021800,µg/m3,2018-10-19 17:00:00 +01:00,2018-10-19 18:00:00 +01:00,1,1
AT,AT.0008.20.AQ,NET.09,STA.09.AKC,,SPO.09.AKC.5066.6001.1,SPP.09.AKC.5066.6001.1.11325,SAM.09.AKC.5066.6001.1,PM2.5,http://dd.eionet.europa.eu/vocabulary/aq/pollutant/6001,hour,44.6450004400,µg/m3,2018-10-19 19:00:00 +01:00,2018-10-19 20:00:00 +01:00,1,1
AT,AT.0008.20.AQ,NET.09,STA.09.AKC,,SPO.09.AKC.5066.6001.1,SPP.09.AKC.5066.6001.1.11325,SAM.09.AKC.5066.6001.1,PM2.5,http://dd.eionet.europa.eu/vocabulary/aq/pollutant/6001,hour,46.4824981500,µg/m3,2018-10-19 20:00:00 +01:00,2018-10-19 21:00:00 +01:00,1,1
AT,AT.0008.20.AQ,NET.09,STA.09.AKC,,SPO.09.AKC.5066.6001.1,SPP.09.AKC.5066.6001.1.11325,SAM.09.AKC.5066.6001.1,PM2.5,http://dd.eionet.europa.eu/vocabulary/aq/pollutant/6001,hour,53.5169982800,µg/m3,2018-10-20 01:00:00 +01:00,2018-10-20 02:00:00 +01:00,1,1
AT,AT.0008.20.AQ,NET.09,STA.09.AKC,,SPO.09.AKC.5066.6001.1,SPP.09.AKC.5066.6001.1.11325,SAM.09.AKC.5066.6001.1,PM2.5,http://dd.eionet.europa.eu/vocabulary/aq/pollutant/6001,hour,54.0794982800,µg/m3,2018-10-20 02:00:00 +01:00,2018-10-20 03:00:00 +01:00,1,1
AT,AT.0008.20.AQ,NET.09,STA.09.AKC,,SPO.09.AKC.5066.6001.1,SPP.09.AKC.5066.6001.1.11325,SAM.09.AKC.5066.6001.1,PM2.5,http://dd.eionet.europa.eu/vocabulary/aq/pollutant/6001,hour,54.4099998300,µg/m3,2018-10-20 03:00:00 +01:00,2018-10-20 04:00:00 +01:00,1,1
AT,AT.0008.20.AQ,NET.09,STA.09.AKC,,SPO.09.AKC.5066.6001.1,SPP.09.AKC.5066.6001.1.11325,SAM.09.AKC.5066.6001.1,PM2.5,http://dd.eionet.europa.eu/vocabulary/aq/pollutant/6001,hour,57.6954994100,µg/m3,2018-10-20 05:00:00 +01:00,2018-10-20 06:00:00 +01:00,1,1
AT,AT.0008.20.AQ,NET.09,STA.09.AKC,,SPO.09.AKC.5066.6001.1,SPP.09.AKC.5066.6001.1.11325,SAM.09.AKC.5066.6001.1,PM2.5,http://dd.eionet.europa.eu/vocabulary/aq/pollutant/6001,hour,56.3264999200,µg/m3,2018-10-20 06:00:00 +01:00,2018-10-20 07:00:00 +01:00,1,1
AT,AT.0008.20.AQ,NET.09,STA.09.AKC,,SPO.09.AKC.5066.6001.1,SPP.09.AKC.5066.6001.1.11325,SAM.09.AKC.5066.6001.1,PM2.5,http://dd.eionet.europa.eu/vocabulary/aq/pollutant/6001,hour,50.6744995000,µg/m3,2018-10-20 09:00:00 +01:00,2018-10-20 10:00:00 +01:00,1,1
AT,AT.0008.20.AQ,NET.09,STA.09.AKC,,SPO.09.AKC.5066.6001.1,SPP.09.AKC.5066.6001.1.11325,SAM.09.AKC.5066.6001.1,PM2.5,http://dd.eionet.europa.eu/vocabulary/aq/pollutant/6001,hour,50.0620002600,µg/m3,2018-10-20 11:00:00 +01:00,2018-10-20 12:00:00 +01:00,1,1
AT,AT.0008.20.AQ,NET.09,STA.09.AKC,,SPO.09.AKC.5066.6001.1,SPP.09.AKC.5066.6001.1.11325,SAM.09.AKC.5066.6001.1,PM2.5,http://dd.eionet.europa.eu/vocabulary/aq/pollutant/6001,hour,47.1870002600,µg/m3,2018-10-20 15:00:00 +01:00,2018-10-20 16:00:00 +01:00,1,1
AT,AT.0008.20.AQ,NET.09,STA.09.AKC,,SPO.09.AKC.5066.6001.1,SPP.09.AKC.5066.6001.1.11325,SAM.09.AKC.5066.6001.1,PM2.5,http://dd.eionet.europa.eu/vocabulary/aq/pollutant/6001,hour,34.3170013300,µg/m3,2018-10-20 17:00:00 +01:00,2018-10-20 18:00:00 +01:00,1,1
AT,AT.0008.20.AQ,NET.09,STA.09.AKC,,SPO.09.AKC.5066.6001.1,SPP.09.AKC.5066.6001.1.11325,SAM.09.AKC.5066.6001.1,PM2.5,http://dd.eionet.europa.eu/vocabulary/aq/pollutant/6001,hour,5.9446000900,µg/m3,2018-10-21 03:00:00 +01:00,2018-10-21 04:00:00 +01:00,1,1
AT,AT.0008.20.AQ,NET.09,STA.09.AKC,,SPO.09.AKC.5066.6001.1,SPP.09.AKC.5066.6001.1.11325,SAM.09.AKC.5066.6001.1,PM2.5,http://dd.eionet.europa.eu/vocabulary/aq/pollutant/6001,hour,6.1533002700,µg/m3,2018-10-21 04:00:00 +01:00,2018-10-21 05:00:00 +01:00,1,1
AT,AT.0008.20.AQ,NET.09,STA.09.AKC,,SPO.09.AKC.5066.6001.1,SPP.09.AKC.5066.6001.1.11325,SAM.09.AKC.5066.6001.1,PM2.5,http://dd.eionet.europa.eu/vocabulary/aq/pollutant/6001,hour,11.4084997000,µg/m3,2018-10-21 08:00:00 +01:00,2018-10-21 09:00:00 +01:00,1,1
AT,AT.0008.20.AQ,NET.09,STA.09.AKC,,SPO.09.AKC.5066.6001.1,SPP.09.AKC.5066.6001.1.11325,SAM.09.AKC.5066.6001.1,PM2.5,http://dd.eionet.europa.eu/vocabulary/aq/pollutant/6001,hour,9.0090503500,µg/m3,2018-10-21 11:00:00 +01:00,2018-10-21 12:00:00 +01:00,1,1
AT,AT.0008.20.AQ,NET.09,STA.09.AKC,,SPO.09.AKC.5066.6001.1,SPP.09.AKC.5066.6001.1.11325,SAM.09.AKC.5066.6001.1,PM2.5,http://dd.eionet.europa.eu/vocabulary/aq/pollutant/6001,hour,5.7604999400,µg/m3,2018-10-21 12:00:00 +01:00,2018-10-21 13:00:00 +01:00,1,1
AT,AT.0008.20.AQ,NET.09,STA.09.AKC,,SPO.09.AKC.5066.6001.1,SPP.09.AKC.5066.6001.1.11325,SAM.09.AKC.5066.6001.1,PM2.5,http://dd.eionet.europa.eu/vocabulary/aq/pollutant/6001,hour,5.5246500800,µg/m3,2018-10-21 14:00:00 +01:00,2018-10-21 15:00:00 +01:00,1,1
AT,AT.0008.20.AQ,NET.09,STA.09.AKC,,SPO.09.AKC.5066.6001.1,SPP.09.AKC.5066.6001.1.11325,SAM.09.AKC.5066.6001.1,PM2.5,http://dd.eionet.europa.eu/vocabulary/aq/pollutant/6001,hour,7.5491504500,µg/m3,2018-10-21 15:00:00 +01:00,2018-10-21 16:00:00 +01:00,1,1
AT,AT.0008.20.AQ,NET.09,STA.09.AKC,,SPO.09.AKC.5066.6001.1,SPP.09.AKC.5066.6001.1.11325,SAM.09.AKC.5066.6001.1,PM2.5,http://dd.eionet.europa.eu/vocabulary/aq/pollutant/6001,hour,10.8354997500,µg/m3,2018-10-21 16:00:00 +01:00,2018-10-21 17:00:00 +01:00,1,1
AT,AT.0008.20.AQ,NET.09,STA.09.AKC,,SPO.09.AKC.5066.6001.1,SPP.09.AKC.5066.6001.1.11325,SAM.09.AKC.5066.6001.1,PM2.5,http://dd.eionet.europa.eu/vocabulary/aq/pollutant/6001,hour,18.4674987600,µg/m3,2018-10-21 21:00:00 +01:00,2018-10-21 22:00:00 +01:00,1,1
AT,AT.0008.20.AQ,NET.09,STA.09.AKC,,SPO.09.AKC.5066.6001.1,SPP.09.AKC.5066.6001.1.11325,SAM.09.AKC.5066.6001.1,PM2.5,http://dd.eionet.europa.eu/vocabulary/aq/pollutant/6001,hour,19.1204986400,µg/m3,2018-10-21 23:00:00 +01:00,2018-10-22 00:00:00 +01:00,1,1
AT,AT.0008.20.AQ,NET.09,STA.09.AKC,,SPO.09.AKC.5066.6001.1,SPP.09.AKC.5066.6001.1.11325,SAM.09.AKC.5066.6001.1,PM2.5,http://dd.eionet.europa.eu/vocabulary/aq/pollutant/6001,hour,18.9524993700,µg/m3,2018-10-22 01:00:00 +01:00,2018-10-22 02:00:00 +01:00,1,1
AT,AT.0008.20.AQ,NET.09,STA.09.AKC,,SPO.09.AKC.5066.6001.1,SPP.09.AKC.5066.6001.1.11325,SAM.09.AKC.5066.6001.1,PM2.5,http://dd.eionet.europa.eu/vocabulary/aq/pollutant/6001,hour,17.2364997700,µg/m3,2018-10-22 03:00:00 +01:00,2018-10-22 04:00:00 +01:00,1,1
AT,AT.0008.20.AQ,NET.09,STA.09.AKC,,SPO.09.AKC.5066.6001.1,SPP.09.AKC.5066.6001.1.11325,SAM.09.AKC.5066.6001.1,PM2.5,http://dd.eionet.europa.eu/vocabulary/aq/pollutant/6001,hour,19.8484992800,µg/m3,2018-10-22 07:00:00 +01:00,2018-10-22 08:00:00 +01:00,1,1
AT,AT.0008.20.AQ,NET.09,STA.09.AKC,,SPO.09.AKC.5066.6001.1,SPP.09.AKC.5066.6001.1.11325,SAM.09.AKC.5066.6001.1,PM2.5,http://dd.eionet.europa.eu/vocabulary/aq/pollutant/6001,hour,18.7600002100,µg/m3,2018-10-22 09:00:00 +01:00,2018-10-22 10:00:00 +01:00,1,1
AT,AT.0008.20.AQ,NET.09,STA.09.AKC,,SPO.09.AKC.5066.6001.1,SPP.09.AKC.5066.6001.1.11325,SAM.09.AKC.5066.6001.1,PM2.5,http://dd.eionet.europa.eu/vocabulary/aq/pollutant/6001,hour,18.4329986400,µg/m3,2018-10-22 10:00:00 +01:00,2018-10-22 11:00:00 +01:00,1,1
AT,AT.0008.20.AQ,NET.09,STA.09.AKC,,SPO.09.AKC.5066.6001.1,SPP.09.AKC.5066.6001.1.11325,SAM.09.AKC.5066.6001.1,PM2.5,http://dd.eionet.europa.eu/vocabulary/aq/pollutant/6001,hour,14.1779994800,µg/m3,2018-10-22 13:00:00 +01:00,2018-10-22 14:00:00 +01:00,1,1
AT,AT.0008.20.AQ,NET.09,STA.09.AKC,,SPO.09.AKC.5066.6001.1,SPP.09.AKC.5066.6001.1.11325,SAM.09.AKC.5066.6001.1,PM2.5,http://dd.eionet.europa.eu/vocabulary/aq/pollutant/6001,hour,14.8815002300,µg/m3,2018-10-22 17:00:00 +01:00,2018-10-22 18:00:00 +01:00,1,1
AT,AT.0008.20.AQ,NET.09,STA.09.AKC,,SPO.09.AKC.5066.6001.1,SPP.09.AKC.5066.6001.1.11325,SAM.09.AKC.5066.6001.1,PM2.5,http://dd.eionet.europa.eu/vocabulary/aq/pollutant/6001,hour,20.4519996500,µg/m3,2018-10-23 02:00:00 +01:00,2018-10-23 03:00:00 +01:00,1,1
AT,AT.0008.20.AQ,NET.09,STA.09.AKC,,SPO.09.AKC.5066.6001.1,SPP.09.AKC.5066.6001.1.11325,SAM.09.AKC.5066.6001.1,PM2.5,http://dd.eionet.europa.eu/vocabulary/aq/pollutant/6001,hour,8.4456996800,µg/m3,2018-10-23 05:00:00 +01:00,2018-10-23 06:00:00 +01:00,1,1
AT,AT.0008.20.AQ,NET.09,STA.09.AKC,,SPO.09.AKC.5066.6001.1,SPP.09.AKC.5066.6001.1.11325,SAM.09.AKC.5066.6001.1,PM2.5,http://dd.eionet.europa.eu/vocabulary/aq/pollutant/6001,hour,17.6170005600,µg/m3,2018-10-23 10:00:00 +01:00,2018-10-23 11:00:00 +01:00,1,1
AT,AT.0008.20.AQ,NET.09,STA.09.AKC,,SPO.09.AKC.5066.6001.1,SPP.09.AKC.5066.6001.1.11325,SAM.09.AKC.5066.6001.1,PM2.5,http://dd.eionet.europa.eu/vocabulary/aq/pollutant/6001,hour,12.4114999600,µg/m3,2018-10-23 16:00:00 +01:00,2018-10-23 17:00:00 +01:00,1,1
AT,AT.0008.20.AQ,NET.09,STA.09.AKC,,SPO.09.AKC.5066.6001.1,SPP.09.AKC.5066.6001.1.11325,SAM.09.AKC.5066.6001.1,PM2.5,http://dd.eionet.europa.eu/vocabulary/aq/pollutant/6001,hour,13.3680000200,µg/m3,2018-10-23 17:00:00 +01:00,2018-10-23 18:00:00 +01:00,1,1
AT,AT.0008.20.AQ,NET.09,STA.09.AKC,,SPO.09.AKC.5066.6001.1,SPP.09.AKC.5066.6001.1.11325,SAM.09.AKC.5066.6001.1,PM2.5,http://dd.eionet.europa.eu/vocabulary/aq/pollutant/6001,hour,9.0088004900,µg/m3,2018-10-23 21:00:00 +01:00,2018-10-23 22:00:00 +01:00,1,1
AT,AT.0008.20.AQ,NET.09,STA.09.AKC,,SPO.09.AKC.5066.6001.1,SPP.09.AKC.5066.6001.1.11325,SAM.09.AKC.5066.6001.1,PM2.5,http://dd.eionet.europa.eu/vocabulary/aq/pollutant/6001,hour,7.6012000900,µg/m3,2018-10-23 22:00:00 +01:00,2018-10-23 23:00:00 +01:00,1,1
AT,AT.0008.20.AQ,NET.09,STA.09.AKC,,SPO.09.AKC.5066.6001.1,SPP.09.AKC.5066.6001.1.11325,SAM.09.AKC.5066.6001.1,PM2.5,http://dd.eionet.europa.eu/vocabulary/aq/pollutant/6001,hour,5.4264998300,µg/m3,2018-10-24 00:00:00 +01:00,2018-10-24 01:00:00 +01:00,1,1
AT,AT.0008.20.AQ,NET.09,STA.09.AKC,,SPO.09.AKC.5066.6001.1,SPP.09.AKC.5066.6001.1.11325,SAM.09.AKC.5066.6001.1,PM2.5,http://dd.eionet.europa.eu/vocabulary/aq/pollutant/6001,hour,8.4456500900,µg/m3,2018-10-24 02:00:00 +01:00,2018-10-24 03:00:00 +01:00,1,1
AT,AT.0008.20.AQ,NET.09,STA.09.AKC,,SPO.09.AKC.5066.6001.1,SPP.09.AKC.5066.6001.1.11325,SAM.09.AKC.5066.6001.1,PM2.5,http://dd.eionet.europa.eu/vocabulary/aq/pollutant/6001,hour,8.8607501800,µg/m3,2018-10-24 03:00:00 +01:00,2018-10-24 04:00:00 +01:00,1,1
AT,AT.0008.20.AQ,NET.09,STA.09.AKC,,SPO.09.AKC.5066.6001.1,SPP.09.AKC.5066.6001.1.11325,SAM.09.AKC.5066.6001.1,PM2.5,http://dd.eionet.europa.eu/vocabulary/aq/pollutant/6001,hour,7.7301502100,µg/m3,2018-10-24 05:00:00 +01:00,2018-10-24 06:00:00 +01:00,1,1
AT,AT.0008.20.AQ,NET.09,STA.09.AKC,,SPO.09.AKC.5066.6001.1,SPP.09.AKC.5066.6001.1.11325,SAM.09.AKC.5066.6001.1,PM2.5,http://dd.eionet.europa.eu/vocabulary/aq/pollutant/6001,hour,6.5893001400,µg/m3,2018-10-24 07:00:00 +01:00,2018-10-24 08:00:00 +01:00,1,1
AT,AT.0008.20.AQ,NET.09,STA.09.AKC,,SPO.09.AKC.5066.6001.1,SPP.09.AKC.5066.6001.1.11325,SAM.09.AKC.5066.6001.1,PM2.5,http://dd.eionet.europa.eu/vocabulary/aq/pollutant/6001,hour,5.7897996800,µg/m3,2018-10-24 08:00:00 +01:00,2018-10-24 09:00:00 +01:00,1,1
AT,AT.0008.20.AQ,NET.09,STA.09.AKC,,SPO.09.AKC.5066.6001.1,SPP.09.AKC.5066.6001.1.11325,SAM.09.AKC.5066.6001.1,PM2.5,http://dd.eionet.europa.eu/vocabulary/aq/pollutant/6001,hour,4.2718000300,µg/m3,2018-10-24 09:00:00 +01:00,2018-10-24 10:00:00 +01:00,1,1
AT,AT.0008.20.AQ,NET.09,STA.09.AKC,,SPO.09.AKC.5066.6001.1,SPP.09.AKC.5066.6001.1.11325,SAM.09.AKC.5066.6001.1,PM2.5,http://dd.eionet.europa.eu/vocabulary/aq/pollutant/6001,hour,2.0027499000,µg/m3,2018-10-24 10:00:00 +01:00,2018-10-24 11:00:00 +01:00,1,1
AT,AT.0008.20.AQ,NET.09,STA.09.AKC,,SPO.09.AKC.5066.6001.1,SPP.09.AKC.5066.6001.1.11325,SAM.09.AKC.5066.6001.1,PM2.5,http://dd.eionet.europa.eu/vocabulary/aq/pollutant/6001,hour,2.5408000800,µg/m3,2018-10-24 14:00:00 +01:00,2018-10-24 15:00:00 +01:00,1,1
AT,AT.0008.20.AQ,NET.09,STA.09.AKC,,SPO.09.AKC.5066.6001.1,SPP.09.AKC.5066.6001.1.11325,SAM.09.AKC.5066.6001.1,PM2.5,http://dd.eionet.europa.eu/vocabulary/aq/pollutant/6001,hour,3.6136498300,µg/m3,2018-10-24 16:00:00 +01:00,2018-10-24 17:00:00 +01:00,1,1
AT,AT.0008.20.AQ,NET.09,STA.09.AKC,,SPO.09.AKC.5066.6001.1,SPP.09.AKC.5066.6001.1.11325,SAM.09.AKC.5066.6001.1,PM2.5,http://dd.eionet.europa.eu/vocabulary/aq/pollutant/6001,hour,4.1725501900,µg/m3,2018-10-24 17:00:00 +01:00,2018-10-24 18:00:00 +01:00,1,1
AT,AT.0008.20.AQ,NET.09,STA.09.AKC,,SPO.09.AKC.5066.6001.1,SPP.09.AKC.5066.6001.1.11325,SAM.09.AKC.5066.6001.1,PM2.5,http://dd.eionet.europa.eu/vocabulary/aq/pollutant/6001,hour,5.2116999500,µg/m3,2018-10-24 20:00:00 +01:00,2018-10-24 21:00:00 +01:00,1,1
AT,AT.0008.20.AQ,NET.09,STA.09.AKC,,SPO.09.AKC.5066.6001.1,SPP.09.AKC.5066.6001.1.11325,SAM.09.AKC.5066.6001.1,PM2.5,http://dd.eionet.europa.eu/vocabulary/aq/pollutant/6001,hour,4.7287998000,µg/m3,2018-10-24 23:00:00 +01:00,2018-10-25 00:00:00 +01:00,1,1
AT,AT.0008.20.AQ,NET.09,STA.09.AKC,,SPO.09.AKC.5066.6001.1,SPP.09.AKC.5066.6001.1.11325,SAM.09.AKC.5066.6001.1,PM2.5,http://dd.eionet.europa.eu/vocabulary/aq/pollutant/6001,hour,7.3607997700,µg/m3,2018-10-25 07:00:00 +01:00,2018-10-25 08:00:00 +01:00,1,1
AT,AT.0008.20.AQ,NET.09,STA.09.AKC,,SPO.09.AKC.5066.6001.1,SPP.09.AKC.5066.6001.1.11325,SAM.09.AKC.5066.6001.1,PM2.5,http://dd.eionet.europa.eu/vocabulary/aq/pollutant/6001,hour,6.8091497300,µg/m3,2018-10-25 09:00:00 +01:00,2018-10-25 10:00:00 +01:00,1,1
AT,AT.0008.20.AQ,NET.09,STA.09.AKC,,SPO.09.AKC.5066.6001.1,SPP.09.AKC.5066.6001.1.11325,SAM.09.AKC.5066.6001.1,PM2.5,http://dd.eionet.europa.eu/vocabulary/aq/pollutant/6001,hour,4.7246999600,µg/m3,2018-10-25 13:00:00 +01:00,2018-10-25 14:00:00 +01:00,1,1
AT,AT.0008.20.AQ,NET.09,STA.09.AKC,,SPO.09.AKC.5066.6001.1,SPP.09.AKC.5066.6001.1.11325,SAM.09.AKC.5066.6001.1,PM2.5,http://dd.eionet.europa.eu/vocabulary/aq/pollutant/6001,hour,5.5853500200,µg/m3,2018-10-25 14:00:00 +01:00,2018-10-25 15:00:00 +01:00,1,1
AT,AT.0008.20.AQ,NET.09,STA.09.AKC,,SPO.09.AKC.5066.6001.1,SPP.09.AKC.5066.6001.1.11325,SAM.09.AKC.5066.6001.1,PM2.5,http://dd.eionet.europa.eu/vocabulary/aq/pollutant/6001,hour,3.8165500000,µg/m3,2018-10-25 15:00:00 +01:00,2018-10-25 16:00:00 +01:00,1,1
AT,AT.0008.20.AQ,NET.09,STA.09.AKC,,SPO.09.AKC.5066.6001.1,SPP.09.AKC.5066.6001.1.11325,SAM.09.AKC.5066.6001.1,PM2.5,http://dd.eionet.europa.eu/vocabulary/aq/pollutant/6001,hour,3.4082498400,µg/m3,2018-10-25 18:00:00 +01:00,2018-10-25 19:00:00 +01:00,1,1
AT,AT.0008.20.AQ,NET.09,STA.09.AKC,,SPO.09.AKC.5066.6001.1,SPP.09.AKC.5066.6001.1.11325,SAM.09.AKC.5066.6001.1,PM2.5,http://dd.eionet.europa.eu/vocabulary/aq/pollutant/6001,hour,3.0413498700,µg/m3,2018-10-25 19:00:00 +01:00,2018-10-25 20:00:00 +01:00,1,1
AT,AT.0008.20.AQ,NET.09,STA.09.AKC,,SPO.09.AKC.5066.6001.1,SPP.09.AKC.5066.6001.1.11325,SAM.09.AKC.5066.6001.1,PM2.5,http://dd.eionet.europa.eu/vocabulary/aq/pollutant/6001,hour,2.7677500100,µg/m3,2018-10-25 20:00:00 +01:00,2018-10-25 21:00:00 +01:00,1,1
AT,AT.0008.20.AQ,NET.09,STA.09.AKC,,SPO.09.AKC.5066.6001.1,SPP.09.AKC.5066.6001.1.11325,SAM.09.AKC.5066.6001.1,PM2.5,http://dd.eionet.europa.eu/vocabulary/aq/pollutant/6001,hour,3.1191499100,µg/m3,2018-10-25 21:00:00 +01:00,2018-10-25 22:00:00 +01:00,1,1
AT,AT.0008.20.AQ,NET.09,STA.09.AKC,,SPO.09.AKC.5066.6001.1,SPP.09.AKC.5066.6001.1.11325,SAM.09.AKC.5066.6001.1,PM2.5,http://dd.eionet.europa.eu/vocabulary/aq/pollutant/6001,hour,3.7852499300,µg/m3,2018-10-25 22:00:00 +01:00,2018-10-25 23:00:00 +01:00,1,1
AT,AT.0008.20.AQ,NET.09,STA.09.AKC,,SPO.09.AKC.5066.6001.1,SPP.09.AKC.5066.6001.1.11325,SAM.09.AKC.5066.6001.1,PM2.5,http://dd.eionet.europa.eu/vocabulary/aq/pollutant/6001,hour,8.2018508800,µg/m3,2018-10-26 04:00:00 +01:00,2018-10-26 05:00:00 +01:00,1,1
AT,AT.0008.20.AQ,NET.09,STA.09.AKC,,SPO.09.AKC.5066.6001.1,SPP.09.AKC.5066.6001.1.11325,SAM.09.AKC.5066.6001.1,PM2.5,http://dd.eionet.europa.eu/vocabulary/aq/pollutant/6001,hour,9.3120994400,µg/m3,2018-10-26 05:00:00 +01:00,2018-10-26 06:00:00 +01:00,1,1
AT,AT.0008.20.AQ,NET.09,STA.09.AKC,,SPO.09.AKC.5066.6001.1,SPP.09.AKC.5066.6001.1.11325,SAM.09.AKC.5066.6001.1,PM2.5,http://dd.eionet.europa.eu/vocabulary/aq/pollutant/6001,hour,11.4109992800,µg/m3,2018-10-26 09:00:00 +01:00,2018-10-26 10:00:00 +01:00,1,1
AT,AT.0008.20.AQ,NET.09,STA.09.AKC,,SPO.09.AKC.5066.6001.1,SPP.09.AKC.5066.6001.1.11325,SAM.09.AKC.5066.6001.1,PM2.5,http://dd.eionet.europa.eu/vocabulary/aq/pollutant/6001,hour,8.6317996800,µg/m3,2018-10-26 13:00:00 +01:00,2018-10-26 14:00:00 +01:00,1,1
AT,AT.0008.20.AQ,NET.09,STA.09.AKC,,SPO.09.AKC.5066.6001.1,SPP.09.AKC.5066.6001.1.11325,SAM.09.AKC.5066.6001.1,PM2.5,http://dd.eionet.europa.eu/vocabulary/aq/pollutant/6001,hour,9.1046008900,µg/m3,2018-10-26 14:00:00 +01:00,2018-10-26 15:00:00 +01:00,1,1
AT,AT.0008.20.AQ,NET.09,STA.09.AKC,,SPO.09.AKC.5066.6001.1,SPP.09.AKC.5066.6001.1.11325,SAM.09.AKC.5066.6001.1,PM2.5,http://dd.eionet.europa.eu/vocabulary/aq/pollutant/6001,hour,11.2054996300,µg/m3,2018-10-26 16:00:00 +01:00,2018-10-26 17:00:00 +01:00,1,1
AT,AT.0008.20.AQ,NET.09,STA.09.AKC,,SPO.09.AKC.5066.6001.1,SPP.09.AKC.5066.6001.1.11325,SAM.09.AKC.5066.6001.1,PM2.5,http://dd.eionet.europa.eu/vocabulary/aq/pollutant/6001,hour,13.5399999500,µg/m3,2018-10-26 19:00:00 +01:00,2018-10-26 20:00:00 +01:00,1,1
AT,AT.0008.20.AQ,NET.09,STA.09.AKC,,SPO.09.AKC.5066.6001.1,SPP.09.AKC.5066.6001.1.11325,SAM.09.AKC.5066.6001.1,PM2.5,http://dd.eionet.europa.eu/vocabulary/aq/pollutant/6001,hour,16.7154998600,µg/m3,2018-10-27 00:00:00 +01:00,2018-10-27 01:00:00 +01:00,1,1
AT,AT.0008.20.AQ,NET.09,STA.09.AKC,,SPO.09.AKC.5066.6001.1,SPP.09.AKC.5066.6001.1.11325,SAM.09.AKC.5066.6001.1,PM2.5,http://dd.eionet.europa.eu/vocabulary/aq/pollutant/6001,hour,15.0359992800,µg/m3,2018-10-27 03:00:00 +01:00,2018-10-27 04:00:00 +01:00,1,1
AT,AT.0008.20.AQ,NET.09,STA.09.AKC,,SPO.09.AKC.5066.6001.1,SPP.09.AKC.5066.6001.1.11325,SAM.09.AKC.5066.6001.1,PM2.5,http://dd.eionet.europa.eu/vocabulary/aq/pollutant/6001,hour,15.1754999000,µg/m3,2018-10-27 05:00:00 +01:00,2018-10-27 06:00:00 +01:00,1,1
AT,AT.0008.20.AQ,NET.09,STA.09.AKC,,SPO.09.AKC.5066.6001.1,SPP.09.AKC.5066.6001.1.11325,SAM.09.AKC.5066.6001.1,PM2.5,http://dd.eionet.europa.eu/vocabulary/aq/pollutant/6001,hour,18.5130004700,µg/m3,2018-10-27 06:00:00 +01:00,2018-10-27 07:00:00 +01:00,1,1
AT,AT.0008.20.AQ,NET.09,STA.09.AKC,,SPO.09.AKC.5066.6001.1,SPP.09.AKC.5066.6001.1.11325,SAM.09.AKC.5066.6001.1,PM2.5,http://dd.eionet.europa.eu/vocabulary/aq/pollutant/6001,hour,21.5815009900,µg/m3,2018-10-27 07:00:00 +01:00,2018-10-27 08:00:00 +01:00,1,1
AT,AT.0008.20.AQ,NET.09,STA.09.AKC,,SPO.09.AKC.5066.6001.1,SPP.09.AKC.5066.6001.1.11325,SAM.09.AKC.5066.6001.1,PM2.5,http://dd.eionet.europa.eu/vocabulary/aq/pollutant/6001,hour,21.5919990400,µg/m3,2018-10-27 08:00:00 +01:00,2018-10-27 09:00:00 +01:00,1,1
AT,AT.0008.20.AQ,NET.09,STA.09.AKC,,SPO.09.AKC.5066.6001.1,SPP.09.AKC.5066.6001.1.11325,SAM.09.AKC.5066.6001.1,PM2.5,http://dd.eionet.europa.eu/vocabulary/aq/pollutant/6001,hour,17.4090003800,µg/m3,2018-10-27 13:00:00 +01:00,2018-10-27 14:00:00 +01:00,1,1
AT,AT.0008.20.AQ,NET.09,STA.09.AKC,,SPO.09.AKC.5066.6001.1,SPP.09.AKC.5066.6001.1.11325,SAM.09.AKC.5066.6001.1,PM2.5,http://dd.eionet.europa.eu/vocabulary/aq/pollutant/6001,hour,6.7656001900,µg/m3,2018-10-27 21:00:00 +01:00,2018-10-27 22:00:00 +01:00,1,1
AT,AT.0008.20.AQ,NET.09,STA.09.AKC,,SPO.09.AKC.5066.6001.1,SPP.09.AKC.5066.6001.1.11325,SAM.09.AKC.5066.6001.1,PM2.5,http://dd.eionet.europa.eu/vocabulary/aq/pollutant/6001,hour,8.3079996000,µg/m3,2018-10-27 23:00:00 +01:00,2018-10-28 00:00:00 +01:00,1,1
AT,AT.0008.20.AQ,NET.09,STA.09.AKC,,SPO.09.AKC.5066.6001.1,SPP.09.AKC.5066.6001.1.11325,SAM.09.AKC.5066.6001.1,PM2.5,http://dd.eionet.europa.eu/vocabulary/aq/pollutant/6001,hour,15.0795001800,µg/m3,2018-10-28 05:00:00 +01:00,2018-10-28 06:00:00 +01:00,1,1
AT,AT.0008.20.AQ,NET.09,STA.09.AKC,,SPO.09.AKC.5066.6001.1,SPP.09.AKC.5066.6001.1.11325,SAM.09.AKC.5066.6001.1,PM2.5,http://dd.eionet.europa.eu/vocabulary/aq/pollutant/6001,hour,19.0639991600,µg/m3,2018-10-28 07:00:00 +01:00,2018-10-28 08:00:00 +01:00,1,1
AT,AT.0008.20.AQ,NET.09,STA.09.AKC,,SPO.09.AKC.5066.6001.1,SPP.09.AKC.5066.6001.1.11325,SAM.09.AKC.5066.6001.1,PM2.5,http://dd.eionet.europa.eu/vocabulary/aq/pollutant/6001,hour,22.2405013900,µg/m3,2018-10-28 08:00:00 +01:00,2018-10-28 09:00:00 +01:00,1,1
AT,AT.0008.20.AQ,NET.09,STA.09.AKC,,SPO.09.AKC.5066.6001.1,SPP.09.AKC.5066.6001.1.11325,SAM.09.AKC.5066.6001.1,PM2.5,http://dd.eionet.europa.eu/vocabulary/aq/pollutant/6001,hour,17.2229995600,µg/m3,2018-10-28 10:00:00 +01:00,2018-10-28 11:00:00 +01:00,1,1
AT,AT.0008.20.AQ,NET.09,STA.09.AKC,,SPO.09.AKC.5066.6001.1,SPP.09.AKC.5066.6001.1.11325,SAM.09.AKC.5066.6001.1,PM2.5,http://dd.eionet.europa.eu/vocabulary/aq/pollutant/6001,hour,9.7227001000,µg/m3,2018-10-28 15:00:00 +01:00,2018-10-28 16:00:00 +01:00,1,1
AT,AT.0008.20.AQ,NET.09,STA.09.AKC,,SPO.09.AKC.5066.6001.1,SPP.09.AKC.5066.6001.1.11325,SAM.09.AKC.5066.6001.1,PM2.5,http://dd.eionet.europa.eu/vocabulary/aq/pollutant/6001,hour,15.7110004300,µg/m3,2018-10-28 18:00:00 +01:00,2018-10-28 19:00:00 +01:00,1,1
AT,AT.0008.20.AQ,NET.09,STA.09.AKC,,SPO.09.AKC.5066.6001.1,SPP.09.AKC.5066.6001.1.11325,SAM.09.AKC.5066.6001.1,PM2.5,http://dd.eionet.europa.eu/vocabulary/aq/pollutant/6001,hour,17.3924999100,µg/m3,2018-10-28 19:00:00 +01:00,2018-10-28 20:00:00 +01:00,1,1
AT,AT.0008.20.AQ,NET.09,STA.09.AKC,,SPO.09.AKC.5066.6001.1,SPP.09.AKC.5066.6001.1.11325,SAM.09.AKC.5066.6001.1,PM2.5,http://dd.eionet.europa.eu/vocabulary/aq/pollutant/6001,hour,18.4029998600,µg/m3,2018-10-29 01:00:00 +01:00,2018-10-29 02:00:00 +01:00,1,1
AT,AT.0008.20.AQ,NET.09,STA.09.AKC,,SPO.09.AKC.5066.6001.1,SPP.09.AKC.5066.6001.1.11325,SAM.09.AKC.5066.6001.1,PM2.5,http://dd.eionet.europa.eu/vocabulary/aq/pollutant/6001,hour,16.0590000000,µg/m3,2018-10-29 02:00:00 +01:00,2018-10-29 03:00:00 +01:00,1,1
AT,AT.0008.20.AQ,NET.09,STA.09.AKC,,SPO.09.AKC.5066.6001.1,SPP.09.AKC.5066.6001.1.11325,SAM.09.AKC.5066.6001.1,PM2.5,http://dd.eionet.europa.eu/vocabulary/aq/pollutant/6001,hour,6.4978504000,µg/m3,2018-10-29 13:00:00 +01:00,2018-10-29 14:00:00 +01:00,1,1
AT,AT.0008.20.AQ,NET.09,STA.09.AKC,,SPO.09.AKC.5066.6001.1,SPP.09.AKC.5066.6001.1.11325,SAM.09.AKC.5066.6001.1,PM2.5,http://dd.eionet.europa.eu/vocabulary/aq/pollutant/6001,hour,5.5305499900,µg/m3,2018-10-29 16:00:00 +01:00,2018-10-29 17:00:00 +01:00,1,1
AT,AT.0008.20.AQ,NET.09,STA.09.AKC,,SPO.09.AKC.5066.6001.1,SPP.09.AKC.5066.6001.1.11325,SAM.09.AKC.5066.6001.1,PM2.5,http://dd.eionet.europa.eu/vocabulary/aq/pollutant/6001,hour,5.7588996700,µg/m3,2018-10-29 17:00:00 +01:00,2018-10-29 18:00:00 +01:00,1,1
AT,AT.0008.20.AQ,NET.09,STA.09.AKC,,SPO.09.AKC.5066.6001.1,SPP.09.AKC.5066.6001.1.11325,SAM.09.AKC.5066.6001.1,PM2.5,http://dd.eionet.europa.eu/vocabulary/aq/pollutant/6001,hour,7.1538500600,µg/m3,2018-10-29 18:00:00 +01:00,2018-10-29 19:00:00 +01:00,1,1
AT,AT.0008.20.AQ,NET.09,STA.09.AKC,,SPO.09.AKC.5066.6001.1,SPP.09.AKC.5066.6001.1.11325,SAM.09.AKC.5066.6001.1,PM2.5,http://dd.eionet.europa.eu/vocabulary/aq/pollutant/6001,hour,7.0132999300,µg/m3,2018-10-29 20:00:00 +01:00,2018-10-29 21:00:00 +01:00,1,1
AT,AT.0008.20.AQ,NET.09,STA.09.AKC,,SPO.09.AKC.5066.6001.1,SPP.09.AKC.5066.6001.1.11325,SAM.09.AKC.5066.6001.1,PM2.5,http://dd.eionet.europa.eu/vocabulary/aq/pollutant/6001,hour,9.0186500400,µg/m3,2018-10-29 22:00:00 +01:00,2018-10-29 23:00:00 +01:00,1,1
AT,AT.0008.20.AQ,NET.09,STA.09.AKC,,SPO.09.AKC.5066.6001.1,SPP.09.AKC.5066.6001.1.11325,SAM.09.AKC.5066.6001.1,PM2.5,http://dd.eionet.europa.eu/vocabulary/aq/pollutant/6001,hour,9.6602001000,µg/m3,2018-10-30 00:00:00 +01:00,2018-10-30 01:00:00 +01:00,1,1
AT,AT.0008.20.AQ,NET.09,STA.09.AKC,,SPO.09.AKC.5066.6001.1,SPP.09.AKC.5066.6001.1.11325,SAM.09.AKC.5066.6001.1,PM2.5,http://dd.eionet.europa.eu/vocabulary/aq/pollutant/6001,hour,7.9384002500,µg/m3,2018-10-30 02:00:00 +01:00,2018-10-30 03:00:00 +01:00,1,1
AT,AT.0008.20.AQ,NET.09,STA.09.AKC,,SPO.09.AKC.5066.6001.1,SPP.09.AKC.5066.6001.1.11325,SAM.09.AKC.5066.6001.1,PM2.5,http://dd.eionet.europa.eu/vocabulary/aq/pollutant/6001,hour,7.2137498700,µg/m3,2018-10-30 03:00:00 +01:00,2018-10-30 04:00:00 +01:00,1,1
AT,AT.0008.20.AQ,NET.09,STA.09.AKC,,SPO.09.AKC.5066.6001.1,SPP.09.AKC.5066.6001.1.11325,SAM.09.AKC.5066.6001.1,PM2.5,http://dd.eionet.europa.eu/vocabulary/aq/pollutant/6001,hour,5.9593000300,µg/m3,2018-10-30 05:00:00 +01:00,2018-10-30 06:00:00 +01:00,1,1
AT,AT.0008.20.AQ,NET.09,STA.09.AKC,,SPO.09.AKC.5066.6001.1,SPP.09.AKC.5066.6001.1.11325,SAM.09.AKC.5066.6001.1,PM2.5,http://dd.eionet.europa.eu/vocabulary/aq/pollutant/6001,hour,7.1690001300,µg/m3,2018-10-30 06:00:00 +01:00,2018-10-30 07:00:00 +01:00,1,1
AT,AT.0008.20.AQ,NET.09,STA.09.AKC,,SPO.09.AKC.5066.6001.1,SPP.09.AKC.5066.6001.1.11325,SAM.09.AKC.5066.6001.1,PM2.5,http://dd.eionet.europa.eu/vocabulary/aq/pollutant/6001,hour,5.1723003200,µg/m3,2018-10-30 09:00:00 +01:00,2018-10-30 10:00:00 +01:00,1,1
AT,AT.0008.20.AQ,NET.09,STA.09.AKC,,SPO.09.AKC.5066.6001.1,SPP.09.AKC.5066.6001.1.11325,SAM.09.AKC.5066.6001.1,PM2.5,http://dd.eionet.europa.eu/vocabulary/aq/pollutant/6001,hour,3.4312500800,µg/m3,2018-10-30 10:00:00 +01:00,2018-10-30 11:00:00 +01:00,1,1
AT,AT.0008.20.AQ,NET.09,STA.09.AKC,,SPO.09.AKC.5066.6001.1,SPP.09.AKC.5066.6001.1.11325,SAM.09.AKC.5066.6001.1,PM2.5,http://dd.eionet.europa.eu/vocabulary/aq/pollutant/6001,hour,3.0284500000,µg/m3,2018-10-30 11:00:00 +01:00,2018-10-30 12:00:00 +01:00,1,1
AT,AT.0008.20.AQ,NET.09,STA.09.AKC,,SPO.09.AKC.5066.6001.1,SPP.09.AKC.5066.6001.1.11325,SAM.09.AKC.5066.6001.1,PM2.5,http://dd.eionet.europa.eu/vocabulary/aq/pollutant/6001,hour,2.7411999600,µg/m3,2018-10-30 13:00:00 +01:00,2018-10-30 14:00:00 +01:00,1,1
AT,AT.0008.20.AQ,NET.09,STA.09.AKC,,SPO.09.AKC.5066.6001.1,SPP.09.AKC.5066.6001.1.11325,SAM.09.AKC.5066.6001.1,PM2.5,http://dd.eionet.europa.eu/vocabulary/aq/pollutant/6001,hour,2.9497499300,µg/m3,2018-10-30 14:00:00 +01:00,2018-10-30 15:00:00 +01:00,1,1
AT,AT.0008.20.AQ,NET.09,STA.09.AKC,,SPO.09.AKC.5066.6001.1,SPP.09.AKC.5066.6001.1.11325,SAM.09.AKC.5066.6001.1,PM2.5,http://dd.eionet.europa.eu/vocabulary/aq/pollutant/6001,hour,3.1430001100,µg/m3,2018-10-30 17:00:00 +01:00,2018-10-30 18:00:00 +01:00,1,1
AT,AT.0008.20.AQ,NET.09,STA.09.AKC,,SPO.09.AKC.5066.6001.1,SPP.09.AKC.5066.6001.1.11325,SAM.09.AKC.5066.6001.1,PM2.5,http://dd.eionet.europa.eu/vocabulary/aq/pollutant/6001,hour,3.1727499800,µg/m3,2018-10-30 18:00:00 +01:00,2018-10-30 19:00:00 +01:00,1,1
AT,AT.0008.20.AQ,NET.09,STA.09.AKC,,SPO.09.AKC.5066.6001.1,SPP.09.AKC.5066.6001.1.11325,SAM.09.AKC.5066.6001.1,PM2.5,http://dd.eionet.europa.eu/vocabulary/aq/pollutant/6001,hour,3.3610000500,µg/m3,2018-10-30 20:00:00 +01:00,2018-10-30 21:00:00 +01:00,1,1
AT,AT.0008.20.AQ,NET.09,STA.09.AKC,,SPO.09.AKC.5066.6001.1,SPP.09.AKC.5066.6001.1.11325,SAM.09.AKC.5066.6001.1,PM2.5,http://dd.eionet.europa.eu/vocabulary/aq/pollutant/6001,hour,3.7244501000,µg/m3,2018-10-30 22:00:00 +01:00,2018-10-30 23:00:00 +01:00,1,1
AT,AT.0008.20.AQ,NET.09,STA.09.AKC,,SPO.09.AKC.5066.6001.1,SPP.09.AKC.5066.6001.1.11325,SAM.09.AKC.5066.6001.1,PM2.5,http://dd.eionet.europa.eu/vocabulary/aq/pollutant/6001,hour,3.3973500600,µg/m3,2018-10-31 00:00:00 +01:00,2018-10-31 01:00:00 +01:00,1,1
AT,AT.0008.20.AQ,NET.09,STA.09.AKC,,SPO.09.AKC.5066.6001.1,SPP.09.AKC.5066.6001.1.11325,SAM.09.AKC.5066.6001.1,PM2.5,http://dd.eionet.europa.eu/vocabulary/aq/pollutant/6001,hour,4.8206000200,µg/m3,2018-10-31 01:00:00 +01:00,2018-10-31 02:00:00 +01:00,1,1
AT,AT.0008.20.AQ,NET.09,STA.09.AKC,,SPO.09.AKC.5066.6001.1,SPP.09.AKC.5066.6001.1.11325,SAM.09.AKC.5066.6001.1,PM2.5,http://dd.eionet.europa.eu/vocabulary/aq/pollutant/6001,hour,3.6148500300,µg/m3,2018-10-31 02:00:00 +01:00,2018-10-31 03:00:00 +01:00,1,1
AT,AT.0008.20.AQ,NET.09,STA.09.AKC,,SPO.09.AKC.5066.6001.1,SPP.09.AKC.5066.6001.1.11325,SAM.09.AKC.5066.6001.1,PM2.5,http://dd.eionet.europa.eu/vocabulary/aq/pollutant/6001,hour,8.3413505400,µg/m3,2018-10-31 11:00:00 +01:00,2018-10-31 12:00:00 +01:00,1,1
AT,AT.0008.20.AQ,NET.09,STA.09.AKC,,SPO.09.AKC.5066.6001.1,SPP.09.AKC.5066.6001.1.11325,SAM.09.AKC.5066.6001.1,PM2.5,http://dd.eionet.europa.eu/vocabulary/aq/pollutant/6001,hour,4.0661001100,µg/m3,2018-10-31 23:00:00 +01:00,2018-11-01 00:00:00 +01:00,1,1
AT,AT.0008.20.AQ,NET.09,STA.09.AKC,,SPO.09.AKC.5066.6001.1,SPP.09.AKC.5066.6001.1.11325,SAM.09.AKC.5066.6001.1,PM2.5,http://dd.eionet.europa.eu/vocabulary/aq/pollutant/6001,hour,5.2859496900,µg/m3,2018-11-01 02:00:00 +01:00,2018-11-01 03:00:00 +01:00,1,1
AT,AT.0008.20.AQ,NET.09,STA.09.AKC,,SPO.09.AKC.5066.6001.1,SPP.09.AKC.5066.6001.1.11325,SAM.09.AKC.5066.6001.1,PM2.5,http://dd.eionet.europa.eu/vocabulary/aq/pollutant/6001,hour,6.2763500100,µg/m3,2018-11-01 04:00:00 +01:00,2018-11-01 05:00:00 +01:00,1,1
AT,AT.0008.20.AQ,NET.09,STA.09.AKC,,SPO.09.AKC.5066.6001.1,SPP.09.AKC.5066.6001.1.11325,SAM.09.AKC.5066.6001.1,PM2.5,http://dd.eionet.europa.eu/vocabulary/aq/pollutant/6001,hour,6.4108500300,µg/m3,2018-11-01 05:00:00 +01:00,2018-11-01 06:00:00 +01:00,1,1
AT,AT.0008.20.AQ,NET.09,STA.09.AKC,,SPO.09.AKC.5066.6001.1,SPP.09.AKC.5066.6001.1.11325,SAM.09.AKC.5066.6001.1,PM2.5,http://dd.eionet.europa.eu/vocabulary/aq/pollutant/6001,hour,6.6609496900,µg/m3,2018-11-01 06:00:00 +01:00,2018-11-01 07:00:00 +01:00,1,1
AT,AT.0008.20.AQ,NET.09,STA.09.AKC,,SPO.09.AKC.5066.6001.1,SPP.09.AKC.5066.6001.1.11325,SAM.09.AKC.5066.6001.1,PM2.5,http://dd.eionet.europa.eu/vocabulary/aq/pollutant/6001,hour,6.3133497100,µg/m3,2018-11-01 09:00:00 +01:00,2018-11-01 10:00:00 +01:00,1,1
AT,AT.0008.20.AQ,NET.09,STA.09.AKC,,SPO.09.AKC.5066.6001.1,SPP.09.AKC.5066.6001.1.11325,SAM.09.AKC.5066.6001.1,PM2.5,http://dd.eionet.europa.eu/vocabulary/aq/pollutant/6001,hour,6.2512998400,µg/m3,2018-11-01 10:00:00 +01:00,2018-11-01 11:00:00 +01:00,1,1
AT,AT.0008.20.AQ,NET.09,STA.09.AKC,,SPO.09.AKC.5066.6001.1,SPP.09.AKC.5066.6001.1.11325,SAM.09.AKC.5066.6001.1,PM2.5,http://dd.eionet.europa.eu/vocabulary/aq/pollutant/6001,hour,12.6265001100,µg/m3,2018-11-01 16:00:00 +01:00,2018-11-01 17:00:00 +01:00,1,1
AT,AT.0008.20.AQ,NET.09,STA.09.AKC,,SPO.09.AKC.5066.6001.1,SPP.09.AKC.5066.6001.1.11325,SAM.09.AKC.5066.6001.1,PM2.5,http://dd.eionet.europa.eu/vocabulary/aq/pollutant/6001,hour,13.6009998200,µg/m3,2018-11-01 18:00:00 +01:00,2018-11-01 19:00:00 +01:00,1,1
AT,AT.0008.20.AQ,NET.09,STA.09.AKC,,SPO.09.AKC.5066.6001.1,SPP.09.AKC.5066.6001.1.11325,SAM.09.AKC.5066.6001.1,PM2.5,http://dd.eionet.europa.eu/vocabulary/aq/pollutant/6001,hour,7.3674001500,µg/m3,2018-11-01 23:00:00 +01:00,2018-11-02 00:00:00 +01:00,1,1
AT,AT.0008.20.AQ,NET.09,STA.09.AKC,,SPO.09.AKC.5066.6001.1,SPP.09.AKC.5066.6001.1.11325,SAM.09.AKC.5066.6001.1,PM2.5,http://dd.eionet.europa.eu/vocabulary/aq/pollutant/6001,hour,7.2052497700,µg/m3,2018-11-02 04:00:00 +01:00,2018-11-02 05:00:00 +01:00,1,1
AT,AT.0008.20.AQ,NET.09,STA.09.AKC,,SPO.09.AKC.5066.6001.1,SPP.09.AKC.5066.6001.1.11325,SAM.09.AKC.5066.6001.1,PM2.5,http://dd.eionet.europa.eu/vocabulary/aq/pollutant/6001,hour,8.4696502500,µg/m3,2018-11-02 05:00:00 +01:00,2018-11-02 06:00:00 +01:00,1,1
AT,AT.0008.20.AQ,NET.09,STA.09.AKC,,SPO.09.AKC.5066.6001.1,SPP.09.AKC.5066.6001.1.11325,SAM.09.AKC.5066.6001.1,PM2.5,http://dd.eionet.europa.eu/vocabulary/aq/pollutant/6001,hour,21.1339988600,µg/m3,2018-11-03 01:00:00 +01:00,2018-11-03 02:00:00 +01:00,1,1
AT,AT.0008.20.AQ,NET.09,STA.09.AKC,,SPO.09.AKC.5066.6001.1,SPP.09.AKC.5066.6001.1.11325,SAM.09.AKC.5066.6001.1,PM2.5,http://dd.eionet.europa.eu/vocabulary/aq/pollutant/6001,hour,10.1256999800,µg/m3,2018-11-03 08:00:00 +01:00,2018-11-03 09:00:00 +01:00,1,1
AT,AT.0008.20.AQ,NET.09,STA.09.AKC,,SPO.09.AKC.5066.6001.1,SPP.09.AKC.5066.6001.1.11325,SAM.09.AKC.5066.6001.1,PM2.5,http://dd.eionet.europa.eu/vocabulary/aq/pollutant/6001,hour,8.9607496100,µg/m3,2018-11-03 09:00:00 +01:00,2018-11-03 10:00:00 +01:00,1,1
AT,AT.0008.20.AQ,NET.09,STA.09.AKC,,SPO.09.AKC.5066.6001.1,SPP.09.AKC.5066.6001.1.11325,SAM.09.AKC.5066.6001.1,PM2.5,http://dd.eionet.europa.eu/vocabulary/aq/pollutant/6001,hour,8.9216499200,µg/m3,2018-11-03 10:00:00 +01:00,2018-11-03 11:00:00 +01:00,1,1
AT,AT.0008.20.AQ,NET.09,STA.09.AKC,,SPO.09.AKC.5066.6001.1,SPP.09.AKC.5066.6001.1.11325,SAM.09.AKC.5066.6001.1,PM2.5,http://dd.eionet.europa.eu/vocabulary/aq/pollutant/6001,hour,15.5959997000,µg/m3,2018-11-03 17:00:00 +01:00,2018-11-03 18:00:00 +01:00,1,1
AT,AT.0008.20.AQ,NET.09,STA.09.AKC,,SPO.09.AKC.5066.6001.1,SPP.09.AKC.5066.6001.1.11325,SAM.09.AKC.5066.6001.1,PM2.5,http://dd.eionet.europa.eu/vocabulary/aq/pollutant/6001,hour,18.2840003800,µg/m3,2018-11-03 21:00:00 +01:00,2018-11-03 22:00:00 +01:00,1,1
AT,AT.0008.20.AQ,NET.09,STA.09.AKC,,SPO.09.AKC.5066.6001.1,SPP.09.AKC.5066.6001.1.11325,SAM.09.AKC.5066.6001.1,PM2.5,http://dd.eionet.europa.eu/vocabulary/aq/pollutant/6001,hour,25.8880004700,µg/m3,2018-11-03 22:00:00 +01:00,2018-11-03 23:00:00 +01:00,1,1
AT,AT.0008.20.AQ,NET.09,STA.09.AKC,,SPO.09.AKC.5066.6001.1,SPP.09.AKC.5066.6001.1.11325,SAM.09.AKC.5066.6001.1,PM2.5,http://dd.eionet.europa.eu/vocabulary/aq/pollutant/6001,hour,23.8629989500,µg/m3,2018-11-04 00:00:00 +01:00,2018-11-04 01:00:00 +01:00,1,1
AT,AT.0008.20.AQ,NET.09,STA.09.AKC,,SPO.09.AKC.5066.6001.1,SPP.09.AKC.5066.6001.1.11325,SAM.09.AKC.5066.6001.1,PM2.5,http://dd.eionet.europa.eu/vocabulary/aq/pollutant/6001,hour,30.0009994400,µg/m3,2018-11-04 02:00:00 +01:00,2018-11-04 03:00:00 +01:00,1,1
AT,AT.0008.20.AQ,NET.09,STA.09.AKC,,SPO.09.AKC.5066.6001.1,SPP.09.AKC.5066.6001.1.11325,SAM.09.AKC.5066.6001.1,PM2.5,http://dd.eionet.europa.eu/vocabulary/aq/pollutant/6001,hour,30.6590003800,µg/m3,2018-11-04 07:00:00 +01:00,2018-11-04 08:00:00 +01:00,1,1
AT,AT.0008.20.AQ,NET.09,STA.09.AKC,,SPO.09.AKC.5066.6001.1,SPP.09.AKC.5066.6001.1.11325,SAM.09.AKC.5066.6001.1,PM2.5,http://dd.eionet.europa.eu/vocabulary/aq/pollutant/6001,hour,28.7124996000,µg/m3,2018-11-04 10:00:00 +01:00,2018-11-04 11:00:00 +01:00,1,1
AT,AT.0008.20.AQ,NET.09,STA.09.AKC,,SPO.09.AKC.5066.6001.1,SPP.09.AKC.5066.6001.1.11325,SAM.09.AKC.5066.6001.1,PM2.5,http://dd.eionet.europa.eu/vocabulary/aq/pollutant/6001,hour,33.8710021800,µg/m3,2018-11-04 14:00:00 +01:00,2018-11-04 15:00:00 +01:00,1,1
AT,AT.0008.20.AQ,NET.09,STA.09.AKC,,SPO.09.AKC.5066.6001.1,SPP.09.AKC.5066.6001.1.11325,SAM.09.AKC.5066.6001.1,PM2.5,http://dd.eionet.europa.eu/vocabulary/aq/pollutant/6001,hour,35.8269996500,µg/m3,2018-11-04 16:00:00 +01:00,2018-11-04 17:00:00 +01:00,1,1
AT,AT.0008.20.AQ,NET.09,STA.09.AKC,,SPO.09.AKC.5066.6001.1,SPP.09.AKC.5066.6001.1.11325,SAM.09.AKC.5066.6001.1,PM2.5,http://dd.eionet.europa.eu/vocabulary/aq/pollutant/6001,hour,36.2224998300,µg/m3,2018-11-04 18:00:00 +01:00,2018-11-04 19:00:00 +01:00,1,1
AT,AT.0008.20.AQ,NET.09,STA.09.AKC,,SPO.09.AKC.5066.6001.1,SPP.09.AKC.5066.6001.1.11325,SAM.09.AKC.5066.6001.1,PM2.5,http://dd.eionet.europa.eu/vocabulary/aq/pollutant/6001,hour,28.3330001700,µg/m3,2018-11-04 21:00:00 +01:00,2018-11-04 22:00:00 +01:00,1,1
AT,AT.0008.20.AQ,NET.09,STA.09.AKC,,SPO.09.AKC.5066.6001.1,SPP.09.AKC.5066.6001.1.11325,SAM.09.AKC.5066.6001.1,PM2.5,http://dd.eionet.europa.eu/vocabulary/aq/pollutant/6001,hour,30.2215003800,µg/m3,2018-11-05 04:00:00 +01:00,2018-11-05 05:00:00 +01:00,1,1
AT,AT.0008.20.AQ,NET.09,STA.09.AKC,,SPO.09.AKC.5066.6001.1,SPP.09.AKC.5066.6001.1.11325,SAM.09.AKC.5066.6001.1,PM2.5,http://dd.eionet.europa.eu/vocabulary/aq/pollutant/6001,hour,32.0084991300,µg/m3,2018-11-05 08:00:00 +01:00,2018-11-05 09:00:00 +01:00,1,1
AT,AT.0008.20.AQ,NET.09,STA.09.AKC,,SPO.09.AKC.5066.6001.1,SPP.09.AKC.5066.6001.1.11325,SAM.09.AKC.5066.6001.1,PM2.5,http://dd.eionet.europa.eu/vocabulary/aq/pollutant/6001,hour,35.4005012400,µg/m3,2018-11-05 09:00:00 +01:00,2018-11-05 10:00:00 +01:00,1,1
AT,AT.0008.20.AQ,NET.09,STA.09.AKC,,SPO.09.AKC.5066.6001.1,SPP.09.AKC.5066.6001.1.11325,SAM.09.AKC.5066.6001.1,PM2.5,http://dd.eionet.europa.eu/vocabulary/aq/pollutant/6001,hour,33.9759979100,µg/m3,2018-11-05 10:00:00 +01:00,2018-11-05 11:00:00 +01:00,1,1
AT,AT.0008.20.AQ,NET.09,STA.09.AKC,,SPO.09.AKC.5066.6001.1,SPP.09.AKC.5066.6001.1.11325,SAM.09.AKC.5066.6001.1,PM2.5,http://dd.eionet.europa.eu/vocabulary/aq/pollutant/6001,hour,32.8194961400,µg/m3,2018-11-05 11:00:00 +01:00,2018-11-05 12:00:00 +01:00,1,1
AT,AT.0008.20.AQ,NET.09,STA.09.AKC,,SPO.09.AKC.5066.6001.1,SPP.09.AKC.5066.6001.1.11325,SAM.09.AKC.5066.6001.1,PM2.5,http://dd.eionet.europa.eu/vocabulary/aq/pollutant/6001,hour,30.9635009600,µg/m3,2018-11-05 19:00:00 +01:00,2018-11-05 20:00:00 +01:00,1,1
AT,AT.0008.20.AQ,NET.09,STA.09.AKC,,SPO.09.AKC.5066.6001.1,SPP.09.AKC.5066.6001.1.11325,SAM.09.AKC.5066.6001.1,PM2.5,http://dd.eionet.europa.eu/vocabulary/aq/pollutant/6001,hour,28.9965000000,µg/m3,2018-11-05 21:00:00 +01:00,2018-11-05 22:00:00 +01:00,1,1
AT,AT.0008.20.AQ,NET.09,STA.09.AKC,,SPO.09.AKC.5066.6001.1,SPP.09.AKC.5066.6001.1.11325,SAM.09.AKC.5066.6001.1,PM2.5,http://dd.eionet.europa.eu/vocabulary/aq/pollutant/6001,hour,34.1189994700,µg/m3,2018-11-06 10:00:00 +01:00,2018-11-06 11:00:00 +01:00,1,1
AT,AT.0008.20.AQ,NET.09,STA.09.AKC,,SPO.09.AKC.5066.6001.1,SPP.09.AKC.5066.6001.1.11325,SAM.09.AKC.5066.6001.1,PM2.5,http://dd.eionet.europa.eu/vocabulary/aq/pollutant/6001,hour,36.3519973600,µg/m3,2018-11-06 12:00:00 +01:00,2018-11-06 13:00:00 +01:00,1,1
AT,AT.0008.20.AQ,NET.09,STA.09.AKC,,SPO.09.AKC.5066.6001.1,SPP.09.AKC.5066.6001.1.11325,SAM.09.AKC.5066.6001.1,PM2.5,http://dd.eionet.europa.eu/vocabulary/aq/pollutant/6001,hour,33.7109985200,µg/m3,2018-11-06 14:00:00 +01:00,2018-11-06 15:00:00 +01:00,1,1
AT,AT.0008.20.AQ,NET.09,STA.09.AKC,,SPO.09.AKC.5066.6001.1,SPP.09.AKC.5066.6001.1.11325,SAM.09.AKC.5066.6001.1,PM2.5,http://dd.eionet.europa.eu/vocabulary/aq/pollutant/6001,hour,30.7940006100,µg/m3,2018-11-06 16:00:00 +01:00,2018-11-06 17:00:00 +01:00,1,1
AT,AT.0008.20.AQ,NET.09,STA.09.AKC,,SPO.09.AKC.5066.6001.1,SPP.09.AKC.5066.6001.1.11325,SAM.09.AKC.5066.6001.1,PM2.5,http://dd.eionet.europa.eu/vocabulary/aq/pollutant/6001,hour,31.8764991600,µg/m3,2018-11-06 18:00:00 +01:00,2018-11-06 19:00:00 +01:00,1,1
AT,AT.0008.20.AQ,NET.09,STA.09.AKC,,SPO.09.AKC.5066.6001.1,SPP.09.AKC.5066.6001.1.11325,SAM.09.AKC.5066.6001.1,PM2.5,http://dd.eionet.europa.eu/vocabulary/aq/pollutant/6001,hour,32.5029983400,µg/m3,2018-11-06 19:00:00 +01:00,2018-11-06 20:00:00 +01:00,1,1
AT,AT.0008.20.AQ,NET.09,STA.09.AKC,,SPO.09.AKC.5066.6001.1,SPP.09.AKC.5066.6001.1.11325,SAM.09.AKC.5066.6001.1,PM2.5,http://dd.eionet.europa.eu/vocabulary/aq/pollutant/6001,hour,27.7514991600,µg/m3,2018-11-06 20:00:00 +01:00,2018-11-06 21:00:00 +01:00,1,1
AT,AT.0008.20.AQ,NET.09,STA.09.AKC,,SPO.09.AKC.5066.6001.1,SPP.09.AKC.5066.6001.1.11325,SAM.09.AKC.5066.6001.1,PM2.5,http://dd.eionet.europa.eu/vocabulary/aq/pollutant/6001,hour,27.1949996800,µg/m3,2018-11-06 22:00:00 +01:00,2018-11-06 23:00:00 +01:00,1,1
AT,AT.0008.20.AQ,NET.09,STA.09.AKC,,SPO.09.AKC.5066.6001.1,SPP.09.AKC.5066.6001.1.11325,SAM.09.AKC.5066.6001.1,PM2.5,http://dd.eionet.europa.eu/vocabulary/aq/pollutant/6001,hour,29.4389991600,µg/m3,2018-11-07 01:00:00 +01:00,2018-11-07 02:00:00 +01:00,1,1
AT,AT.0008.20.AQ,NET.09,STA.09.AKC,,SPO.09.AKC.5066.6001.1,SPP.09.AKC.5066.6001.1.11325,SAM.09.AKC.5066.6001.1,PM2.5,http://dd.eionet.europa.eu/vocabulary/aq/pollutant/6001,hour,29.2794990400,µg/m3,2018-11-07 02:00:00 +01:00,2018-11-07 03:00:00 +01:00,1,1
AT,AT.0008.20.AQ,NET.09,STA.09.AKC,,SPO.09.AKC.5066.6001.1,SPP.09.AKC.5066.6001.1.11325,SAM.09.AKC.5066.6001.1,PM2.5,http://dd.eionet.europa.eu/vocabulary/aq/pollutant/6001,hour,29.1930007800,µg/m3,2018-11-07 03:00:00 +01:00,2018-11-07 04:00:00 +01:00,1,1
AT,AT.0008.20.AQ,NET.09,STA.09.AKC,,SPO.09.AKC.5066.6001.1,SPP.09.AKC.5066.6001.1.11325,SAM.09.AKC.5066.6001.1,PM2.5,http://dd.eionet.europa.eu/vocabulary/aq/pollutant/6001,hour,29.1424999100,µg/m3,2018-11-07 04:00:00 +01:00,2018-11-07 05:00:00 +01:00,1,1
AT,AT.0008.20.AQ,NET.09,STA.09.AKC,,SPO.09.AKC.5066.6001.1,SPP.09.AKC.5066.6001.1.11325,SAM.09.AKC.5066.6001.1,PM2.5,http://dd.eionet.europa.eu/vocabulary/aq/pollutant/6001,hour,32.3414993100,µg/m3,2018-11-07 09:00:00 +01:00,2018-11-07 10:00:00 +01:00,1,1
AT,AT.0008.20.AQ,NET.09,STA.09.AKC,,SPO.09.AKC.5066.6001.1,SPP.09.AKC.5066.6001.1.11325,SAM.09.AKC.5066.6001.1,PM2.5,http://dd.eionet.europa.eu/vocabulary/aq/pollutant/6001,hour,33.2789993100,µg/m3,2018-11-07 10:00:00 +01:00,2018-11-07 11:00:00 +01:00,1,1
AT,AT.0008.20.AQ,NET.09,STA.09.AKC,,SPO.09.AKC.5066.6001.1,SPP.09.AKC.5066.6001.1.11325,SAM.09.AKC.5066.6001.1,PM2.5,http://dd.eionet.europa.eu/vocabulary/aq/pollutant/6001,hour,32.0620002600,µg/m3,2018-11-07 12:00:00 +01:00,2018-11-07 13:00:00 +01:00,1,1
AT,AT.0008.20.AQ,NET.09,STA.09.AKC,,SPO.09.AKC.5066.6001.1,SPP.09.AKC.5066.6001.1.11325,SAM.09.AKC.5066.6001.1,PM2.5,http://dd.eionet.europa.eu/vocabulary/aq/pollutant/6001,hour,31.4554996300,µg/m3,2018-11-07 14:00:00 +01:00,2018-11-07 15:00:00 +01:00,1,1
AT,AT.0008.20.AQ,NET.09,STA.09.AKC,,SPO.09.AKC.5066.6001.1,SPP.09.AKC.5066.6001.1.11325,SAM.09.AKC.5066.6001.1,PM2.5,http://dd.eionet.europa.eu/vocabulary/aq/pollutant/6001,hour,31.4734992800,µg/m3,2018-11-07 15:00:00 +01:00,2018-11-07 16:00:00 +01:00,1,1
AT,AT.0008.20.AQ,NET.09,STA.09.AKC,,SPO.09.AKC.5066.6001.1,SPP.09.AKC.5066.6001.1.11325,SAM.09.AKC.5066.6001.1,PM2.5,http://dd.eionet.europa.eu/vocabulary/aq/pollutant/6001,hour,31.8775005200,µg/m3,2018-11-07 16:00:00 +01:00,2018-11-07 17:00:00 +01:00,1,1
AT,AT.0008.20.AQ,NET.09,STA.09.AKC,,SPO.09.AKC.5066.6001.1,SPP.09.AKC.5066.6001.1.11325,SAM.09.AKC.5066.6001.1,PM2.5,http://dd.eionet.europa.eu/vocabulary/aq/pollutant/6001,hour,32.6975021200,µg/m3,2018-11-07 18:00:00 +01:00,2018-11-07 19:00:00 +01:00,1,1
AT,AT.0008.20.AQ,NET.09,STA.09.AKC,,SPO.09.AKC.5066.6001.1,SPP.09.AKC.5066.6001.1.11325,SAM.09.AKC.5066.6001.1,PM2.5,http://dd.eionet.europa.eu/vocabulary/aq/pollutant/6001,hour,32.4104995600,µg/m3,2018-11-07 21:00:00 +01:00,2018-11-07 22:00:00 +01:00,1,1
AT,AT.0008.20.AQ,NET.09,STA.09.AKC,,SPO.09.AKC.5066.6001.1,SPP.09.AKC.5066.6001.1.11325,SAM.09.AKC.5066.6001.1,PM2.5,http://dd.eionet.europa.eu/vocabulary/aq/pollutant/6001,hour,33.5564994700,µg/m3,2018-11-07 23:00:00 +01:00,2018-11-08 00:00:00 +01:00,1,1
AT,AT.0008.20.AQ,NET.09,STA.09.AKC,,SPO.09.AKC.5066.6001.1,SPP.09.AKC.5066.6001.1.11325,SAM.09.AKC.5066.6001.1,PM2.5,http://dd.eionet.europa.eu/vocabulary/aq/pollutant/6001,hour,30.4090003800,µg/m3,2018-11-08 01:00:00 +01:00,2018-11-08 02:00:00 +01:00,1,1
AT,AT.0008.20.AQ,NET.09,STA.09.AKC,,SPO.09.AKC.5066.6001.1,SPP.09.AKC.5066.6001.1.11325,SAM.09.AKC.5066.6001.1,PM2.5,http://dd.eionet.europa.eu/vocabulary/aq/pollutant/6001,hour,29.6145000300,µg/m3,2018-11-08 03:00:00 +01:00,2018-11-08 04:00:00 +01:00,1,1
AT,AT.0008.20.AQ,NET.09,STA.09.AKC,,SPO.09.AKC.5066.6001.1,SPP.09.AKC.5066.6001.1.11325,SAM.09.AKC.5066.6001.1,PM2.5,http://dd.eionet.europa.eu/vocabulary/aq/pollutant/6001,hour,33.5439987000,µg/m3,2018-11-08 06:00:00 +01:00,2018-11-08 07:00:00 +01:00,1,1
AT,AT.0008.20.AQ,NET.09,STA.09.AKC,,SPO.09.AKC.5066.6001.1,SPP.09.AKC.5066.6001.1.11325,SAM.09.AKC.5066.6001.1,PM2.5,http://dd.eionet.europa.eu/vocabulary/aq/pollutant/6001,hour,36.2705001700,µg/m3,2018-11-08 07:00:00 +01:00,2018-11-08 08:00:00 +01:00,1,1
AT,AT.0008.20.AQ,NET.09,STA.09.AKC,,SPO.09.AKC.5066.6001.1,SPP.09.AKC.5066.6001.1.11325,SAM.09.AKC.5066.6001.1,PM2.5,http://dd.eionet.europa.eu/vocabulary/aq/pollutant/6001,hour,35.7679977300,µg/m3,2018-11-08 09:00:00 +01:00,2018-11-08 10:00:00 +01:00,1,1
AT,AT.0008.20.AQ,NET.09,STA.09.AKC,,SPO.09.AKC.5066.6001.1,SPP.09.AKC.5066.6001.1.11325,SAM.09.AKC.5066.6001.1,PM2.5,http://dd.eionet.europa.eu/vocabulary/aq/pollutant/6001,hour,21.4085006600,µg/m3,2018-11-08 16:00:00 +01:00,2018-11-08 17:00:00 +01:00,1,1
AT,AT.0008.20.AQ,NET.09,STA.09.AKC,,SPO.09.AKC.5066.6001.1,SPP.09.AKC.5066.6001.1.11325,SAM.09.AKC.5066.6001.1,PM2.5,http://dd.eionet.europa.eu/vocabulary/aq/pollutant/6001,hour,29.4430007800,µg/m3,2018-11-08 22:00:00 +01:00,2018-11-08 23:00:00 +01:00,1,1
AT,AT.0008.20.AQ,NET.09,STA.09.AKC,,SPO.09.AKC.5066.6001.1,SPP.09.AKC.5066.6001.1.11325,SAM.09.AKC.5066.6001.1,PM2.5,http://dd.eionet.europa.eu/vocabulary/aq/pollutant/6001,hour,30.6114997700,µg/m3,2018-11-09 00:00:00 +01:00,2018-11-09 01:00:00 +01:00,1,1
AT,AT.0008.20.AQ,NET.09,STA.09.AKC,,SPO.09.AKC.5066.6001.1,SPP.09.AKC.5066.6001.1.11325,SAM.09.AKC.5066.6001.1,PM2.5,http://dd.eionet.europa.eu/vocabulary/aq/pollutant/6001,hour,30.1230010800,µg/m3,2018-11-09 02:00:00 +01:00,2018-11-09 03:00:00 +01:00,1,1
AT,AT.0008.20.AQ,NET.09,STA.09.AKC,,SPO.09.AKC.5066.6001.1,SPP.09.AKC.5066.6001.1.11325,SAM.09.AKC.5066.6001.1,PM2.5,http://dd.eionet.europa.eu/vocabulary/aq/pollutant/6001,hour,31.5335006600,µg/m3,2018-11-09 06:00:00 +01:00,2018-11-09 07:00:00 +01:00,1,1
AT,AT.0008.20.AQ,NET.09,STA.09.AKC,,SPO.09.AKC.5066.6001.1,SPP.09.AKC.5066.6001.1.11325,SAM.09.AKC.5066.6001.1,PM2.5,http://dd.eionet.europa.eu/vocabulary/aq/pollutant/6001,hour,28.8894996500,µg/m3,2018-11-09 09:00:00 +01:00,2018-11-09 10:00:00 +01:00,1,1
AT,AT.0008.20.AQ,NET.09,STA.09.AKC,,SPO.09.AKC.5066.6001.1,SPP.09.AKC.5066.6001.1.11325,SAM.09.AKC.5066.6001.1,PM2.5,http://dd.eionet.europa.eu/vocabulary/aq/pollutant/6001,hour,27.9270000300,µg/m3,2018-11-09 10:00:00 +01:00,2018-11-09 11:00:00 +01:00,1,1
AT,AT.0008.20.AQ,NET.09,STA.09.AKC,,SPO.09.AKC.5066.6001.1,SPP.09.AKC.5066.6001.1.11325,SAM.09.AKC.5066.6001.1,PM2.5,http://dd.eionet.europa.eu/vocabulary/aq/pollutant/6001,hour,36.3479995600,µg/m3,2018-11-09 19:00:00 +01:00,2018-11-09 20:00:00 +01:00,1,1
AT,AT.0008.20.AQ,NET.09,STA.09.AKC,,SPO.09.AKC.5066.6001.1,SPP.09.AKC.5066.6001.1.11325,SAM.09.AKC.5066.6001.1,PM2.5,http://dd.eionet.europa.eu/vocabulary/aq/pollutant/6001,hour,37.3595008700,µg/m3,2018-11-09 23:00:00 +01:00,2018-11-10 00:00:00 +01:00,1,1
AT,AT.0008.20.AQ,NET.09,STA.09.AKC,,SPO.09.AKC.5066.6001.1,SPP.09.AKC.5066.6001.1.11325,SAM.09.AKC.5066.6001.1,PM2.5,http://dd.eionet.europa.eu/vocabulary/aq/pollutant/6001,hour,38.9609985200,µg/m3,2018-11-10 00:00:00 +01:00,2018-11-10 01:00:00 +01:00,1,1
AT,AT.0008.20.AQ,NET.09,STA.09.AKC,,SPO.09.AKC.5066.6001.1,SPP.09.AKC.5066.6001.1.11325,SAM.09.AKC.5066.6001.1,PM2.5,http://dd.eionet.europa.eu/vocabulary/aq/pollutant/6001,hour,40.3874969300,µg/m3,2018-11-10 02:00:00 +01:00,2018-11-10 03:00:00 +01:00,1,1
AT,AT.0008.20.AQ,NET.09,STA.09.AKC,,SPO.09.AKC.5066.6001.1,SPP.09.AKC.5066.6001.1.11325,SAM.09.AKC.5066.6001.1,PM2.5,http://dd.eionet.europa.eu/vocabulary/aq/pollutant/6001,hour,33.0205001700,µg/m3,2018-11-10 06:00:00 +01:00,2018-11-10 07:00:00 +01:00,1,1
AT,AT.0008.20.AQ,NET.09,STA.09.AKC,,SPO.09.AKC.5066.6001.1,SPP.09.AKC.5066.6001.1.11325,SAM.09.AKC.5066.6001.1,PM2.5,http://dd.eionet.europa.eu/vocabulary/aq/pollutant/6001,hour,33.3560027900,µg/m3,2018-11-10 08:00:00 +01:00,2018-11-10 09:00:00 +01:00,1,1
AT,AT.0008.20.AQ,NET.09,STA.09.AKC,,SPO.09.AKC.5066.6001.1,SPP.09.AKC.5066.6001.1.11325,SAM.09.AKC.5066.6001.1,PM2.5,http://dd.eionet.europa.eu/vocabulary/aq/pollutant/6001,hour,27.1905002400,µg/m3,2018-11-10 10:00:00 +01:00,2018-11-10 11:00:00 +01:00,1,1
AT,AT.0008.20.AQ,NET.09,STA.09.AKC,,SPO.09.AKC.5066.6001.1,SPP.09.AKC.5066.6001.1.11325,SAM.09.AKC.5066.6001.1,PM2.5,http://dd.eionet.europa.eu/vocabulary/aq/pollutant/6001,hour,23.5359992800,µg/m3,2018-11-10 11:00:00 +01:00,2018-11-10 12:00:00 +01:00,1,1
AT,AT.0008.20.AQ,NET.09,STA.09.AKC,,SPO.09.AKC.5066.6001.1,SPP.09.AKC.5066.6001.1.11325,SAM.09.AKC.5066.6001.1,PM2.5,http://dd.eionet.europa.eu/vocabulary/aq/pollutant/6001,hour,19.9104995600,µg/m3,2018-11-10 13:00:00 +01:00,2018-11-10 14:00:00 +01:00,1,1
AT,AT.0008.20.AQ,NET.09,STA.09.AKC,,SPO.09.AKC.5066.6001.1,SPP.09.AKC.5066.6001.1.11325,SAM.09.AKC.5066.6001.1,PM2.5,http://dd.eionet.europa.eu/vocabulary/aq/pollutant/6001,hour,22.3614997700,µg/m3,2018-11-10 16:00:00 +01:00,2018-11-10 17:00:00 +01:00,1,1
AT,AT.0008.20.AQ,NET.09,STA.09.AKC,,SPO.09.AKC.5066.6001.1,SPP.09.AKC.5066.6001.1.11325,SAM.09.AKC.5066.6001.1,PM2.5,http://dd.eionet.europa.eu/vocabulary/aq/pollutant/6001,hour,27.2779998600,µg/m3,2018-11-10 20:00:00 +01:00,2018-11-10 21:00:00 +01:00,1,1
AT,AT.0008.20.AQ,NET.09,STA.09.AKC,,SPO.09.AKC.5066.6001.1,SPP.09.AKC.5066.6001.1.11325,SAM.09.AKC.5066.6001.1,PM2.5,http://dd.eionet.europa.eu/vocabulary/aq/pollutant/6001,hour,30.1884994400,µg/m3,2018-11-11 00:00:00 +01:00,2018-11-11 01:00:00 +01:00,1,1
AT,AT.0008.20.AQ,NET.09,STA.09.AKC,,SPO.09.AKC.5066.6001.1,SPP.09.AKC.5066.6001.1.11325,SAM.09.AKC.5066.6001.1,PM2.5,http://dd.eionet.europa.eu/vocabulary/aq/pollutant/6001,hour,28.0149993700,µg/m3,2018-11-11 02:00:00 +01:00,2018-11-11 03:00:00 +01:00,1,1
AT,AT.0008.20.AQ,NET.09,STA.09.AKC,,SPO.09.AKC.5066.6001.1,SPP.09.AKC.5066.6001.1.11325,SAM.09.AKC.5066.6001.1,PM2.5,http://dd.eionet.europa.eu/vocabulary/aq/pollutant/6001,hour,26.7054996300,µg/m3,2018-11-11 03:00:00 +01:00,2018-11-11 04:00:00 +01:00,1,1
AT,AT.0008.20.AQ,NET.09,STA.09.AKC,,SPO.09.AKC.5066.6001.1,SPP.09.AKC.5066.6001.1.11325,SAM.09.AKC.5066.6001.1,PM2.5,http://dd.eionet.europa.eu/vocabulary/aq/pollutant/6001,hour,34.7259979100,µg/m3,2018-11-11 05:00:00 +01:00,2018-11-11 06:00:00 +01:00,1,1
AT,AT.0008.20.AQ,NET.09,STA.09.AKC,,SPO.09.AKC.5066.6001.1,SPP.09.AKC.5066.6001.1.11325,SAM.09.AKC.5066.6001.1,PM2.5,http://dd.eionet.europa.eu/vocabulary/aq/pollutant/6001,hour,28.0329990200,µg/m3,2018-11-11 07:00:00 +01:00,2018-11-11 08:00:00 +01:00,1,1
AT,AT.0008.20.AQ,NET.09,STA.09.AKC,,SPO.09.AKC.5066.6001.1,SPP.09.AKC.5066.6001.1.11325,SAM.09.AKC.5066.6001.1,PM2.5,http://dd.eionet.europa.eu/vocabulary/aq/pollutant/6001,hour,31.9689979400,µg/m3,2018-11-11 10:00:00 +01:00,2018-11-11 11:00:00 +01:00,1,1
AT,AT.0008.20.AQ,NET.09,STA.09.AKC,,SPO.09.AKC.5066.6001.1,SPP.09.AKC.5066.6001.1.11325,SAM.09.AKC.5066.6001.1,PM2.5,http://dd.eionet.europa.eu/vocabulary/aq/pollutant/6001,hour,29.1884994400,µg/m3,2018-11-11 11:00:00 +01:00,2018-11-11 12:00:00 +01:00,1,1
AT,AT.0008.20.AQ,NET.09,STA.09.AKC,,SPO.09.AKC.5066.6001.1,SPP.09.AKC.5066.6001.1.11325,SAM.09.AKC.5066.6001.1,PM2.5,http://dd.eionet.europa.eu/vocabulary/aq/pollutant/6001,hour,25.7779998600,µg/m3,2018-11-11 13:00:00 +01:00,2018-11-11 14:00:00 +01:00,1,1
AT,AT.0008.20.AQ,NET.09,STA.09.AKC,,SPO.09.AKC.5066.6001.1,SPP.09.AKC.5066.6001.1.11325,SAM.09.AKC.5066.6001.1,PM2.5,http://dd.eionet.europa.eu/vocabulary/aq/pollutant/6001,hour,30.2360000500,µg/m3,2018-11-11 20:00:00 +01:00,2018-11-11 21:00:00 +01:00,1,1
AT,AT.0008.20.AQ,NET.09,STA.09.AKC,,SPO.09.AKC.5066.6001.1,SPP.09.AKC.5066.6001.1.11325,SAM.09.AKC.5066.6001.1,PM2.5,http://dd.eionet.europa.eu/vocabulary/aq/pollutant/6001,hour,32.8989982500,µg/m3,2018-11-11 21:00:00 +01:00,2018-11-11 22:00:00 +01:00,1,1
AT,AT.0008.20.AQ,NET.09,STA.09.AKC,,SPO.09.AKC.5066.6001.1,SPP.09.AKC.5066.6001.1.11325,SAM.09.AKC.5066.6001.1,PM2.5,http://dd.eionet.europa.eu/vocabulary/aq/pollutant/6001,hour,29.4070014800,µg/m3,2018-11-12 02:00:00 +01:00,2018-11-12 03:00:00 +01:00,1,1
AT,AT.0008.20.AQ,NET.09,STA.09.AKC,,SPO.09.AKC.5066.6001.1,SPP.09.AKC.5066.6001.1.11325,SAM.09.AKC.5066.6001.1,PM2.5,http://dd.eionet.europa.eu/vocabulary/aq/pollutant/6001,hour,22.9389991600,µg/m3,2018-11-12 16:00:00 +01:00,2018-11-12 17:00:00 +01:00,1,1
AT,AT.0008.20.AQ,NET.09,STA.09.AKC,,SPO.09.AKC.5066.6001.1,SPP.09.AKC.5066.6001.1.11325,SAM.09.AKC.5066.6001.1,PM2.5,http://dd.eionet.europa.eu/vocabulary/aq/pollutant/6001,hour,18.9270000300,µg/m3,2018-11-13 03:00:00 +01:00,2018-11-13 04:00:00 +01:00,1,1
AT,AT.0008.20.AQ,NET.09,STA.09.AKC,,SPO.09.AKC.5066.6001.1,SPP.09.AKC.5066.6001.1.11325,SAM.09.AKC.5066.6001.1,PM2.5,http://dd.eionet.europa.eu/vocabulary/aq/pollutant/6001,hour,17.7454986400,µg/m3,2018-11-13 05:00:00 +01:00,2018-11-13 06:00:00 +01:00,1,1
AT,AT.0008.20.AQ,NET.09,STA.09.AKC,,SPO.09.AKC.5066.6001.1,SPP.09.AKC.5066.6001.1.11325,SAM.09.AKC.5066.6001.1,PM2.5,http://dd.eionet.europa.eu/vocabulary/aq/pollutant/6001,hour,18.2514991600,µg/m3,2018-11-13 06:00:00 +01:00,2018-11-13 07:00:00 +01:00,1,1
AT,AT.0008.20.AQ,NET.09,STA.09.AKC,,SPO.09.AKC.5066.6001.1,SPP.09.AKC.5066.6001.1.11325,SAM.09.AKC.5066.6001.1,PM2.5,http://dd.eionet.europa.eu/vocabulary/aq/pollutant/6001,hour,17.9620017900,µg/m3,2018-11-13 07:00:00 +01:00,2018-11-13 08:00:00 +01:00,1,1
AT,AT.0008.20.AQ,NET.09,STA.09.AKC,,SPO.09.AKC.5066.6001.1,SPP.09.AKC.5066.6001.1.11325,SAM.09.AKC.5066.6001.1,PM2.5,http://dd.eionet.europa.eu/vocabulary/aq/pollutant/6001,hour,17.0714988600,µg/m3,2018-11-13 08:00:00 +01:00,2018-11-13 09:00:00 +01:00,1,1
AT,AT.0008.20.AQ,NET.09,STA.09.AKC,,SPO.09.AKC.5066.6001.1,SPP.09.AKC.5066.6001.1.11325,SAM.09.AKC.5066.6001.1,PM2.5,http://dd.eionet.europa.eu/vocabulary/aq/pollutant/6001,hour,17.4209995100,µg/m3,2018-11-13 10:00:00 +01:00,2018-11-13 11:00:00 +01:00,1,1
AT,AT.0008.20.AQ,NET.09,STA.09.AKC,,SPO.09.AKC.5066.6001.1,SPP.09.AKC.5066.6001.1.11325,SAM.09.AKC.5066.6001.1,PM2.5,http://dd.eionet.europa.eu/vocabulary/aq/pollutant/6001,hour,11.9440002300,µg/m3,2018-11-13 15:00:00 +01:00,2018-11-13 16:00:00 +01:00,1,1
AT,AT.0008.20.AQ,NET.09,STA.09.AKC,,SPO.09.AKC.5066.6001.1,SPP.09.AKC.5066.6001.1.11325,SAM.09.AKC.5066.6001.1,PM2.5,http://dd.eionet.europa.eu/vocabulary/aq/pollutant/6001,hour,11.5965003800,µg/m3,2018-11-13 20:00:00 +01:00,2018-11-13 21:00:00 +01:00,1,1
AT,AT.0008.20.AQ,NET.09,STA.09.AKC,,SPO.09.AKC.5066.6001.1,SPP.09.AKC.5066.6001.1.11325,SAM.09.AKC.5066.6001.1,PM2.5,http://dd.eionet.europa.eu/vocabulary/aq/pollutant/6001,hour,7.3226499400,µg/m3,2018-11-14 02:00:00 +01:00,2018-11-14 03:00:00 +01:00,1,1
AT,AT.0008.20.AQ,NET.09,STA.09.AKC,,SPO.09.AKC.5066.6001.1,SPP.09.AKC.5066.6001.1.11325,SAM.09.AKC.5066.6001.1,PM2.5,http://dd.eionet.europa.eu/vocabulary/aq/pollutant/6001,hour,5.7327499200,µg/m3,2018-11-14 04:00:00 +01:00,2018-11-14 05:00:00 +01:00,1,1
AT,AT.0008.20.AQ,NET.09,STA.09.AKC,,SPO.09.AKC.5066.6001.1,SPP.09.AKC.5066.6001.1.11325,SAM.09.AKC.5066.6001.1,PM2.5,http://dd.eionet.europa.eu/vocabulary/aq/pollutant/6001,hour,8.3243999300,µg/m3,2018-11-14 05:00:00 +01:00,2018-11-14 06:00:00 +01:00,1,1
AT,AT.0008.20.AQ,NET.09,STA.09.AKC,,SPO.09.AKC.5066.6001.1,SPP.09.AKC.5066.6001.1.11325,SAM.09.AKC.5066.6001.1,PM2.5,http://dd.eionet.europa.eu/vocabulary/aq/pollutant/6001,hour,8.7363996400,µg/m3,2018-11-14 06:00:00 +01:00,2018-11-14 07:00:00 +01:00,1,1
AT,AT.0008.20.AQ,NET.09,STA.09.AKC,,SPO.09.AKC.5066.6001.1,SPP.09.AKC.5066.6001.1.11325,SAM.09.AKC.5066.6001.1,PM2.5,http://dd.eionet.europa.eu/vocabulary/aq/pollutant/6001,hour,8.4078998400,µg/m3,2018-11-14 07:00:00 +01:00,2018-11-14 08:00:00 +01:00,1,1
AT,AT.0008.20.AQ,NET.09,STA.09.AKC,,SPO.09.AKC.5066.6001.1,SPP.09.AKC.5066.6001.1.11325,SAM.09.AKC.5066.6001.1,PM2.5,http://dd.eionet.europa.eu/vocabulary/aq/pollutant/6001,hour,6.9333495900,µg/m3,2018-11-14 09:00:00 +01:00,2018-11-14 10:00:00 +01:00,1,1
AT,AT.0008.20.AQ,NET.09,STA.09.AKC,,SPO.09.AKC.5066.6001.1,SPP.09.AKC.5066.6001.1.11325,SAM.09.AKC.5066.6001.1,PM2.5,http://dd.eionet.europa.eu/vocabulary/aq/pollutant/6001,hour,8.6657504900,µg/m3,2018-11-14 12:00:00 +01:00,2018-11-14 13:00:00 +01:00,1,1
AT,AT.0008.20.AQ,NET.09,STA.09.AKC,,SPO.09.AKC.5066.6001.1,SPP.09.AKC.5066.6001.1.11325,SAM.09.AKC.5066.6001.1,PM2.5,http://dd.eionet.europa.eu/vocabulary/aq/pollutant/6001,hour,6.4367999900,µg/m3,2018-11-14 15:00:00 +01:00,2018-11-14 16:00:00 +01:00,1,1
AT,AT.0008.20.AQ,NET.09,STA.09.AKC,,SPO.09.AKC.5066.6001.1,SPP.09.AKC.5066.6001.1.11325,SAM.09.AKC.5066.6001.1,PM2.5,http://dd.eionet.europa.eu/vocabulary/aq/pollutant/6001,hour,6.6683502000,µg/m3,2018-11-14 16:00:00 +01:00,2018-11-14 17:00:00 +01:00,1,1
AT,AT.0008.20.AQ,NET.09,STA.09.AKC,,SPO.09.AKC.5066.6001.1,SPP.09.AKC.5066.6001.1.11325,SAM.09.AKC.5066.6001.1,PM2.5,http://dd.eionet.europa.eu/vocabulary/aq/pollutant/6001,hour,15.9440002300,µg/m3,2018-11-15 00:00:00 +01:00,2018-11-15 01:00:00 +01:00,1,1
AT,AT.0008.20.AQ,NET.09,STA.09.AKC,,SPO.09.AKC.5066.6001.1,SPP.09.AKC.5066.6001.1.11325,SAM.09.AKC.5066.6001.1,PM2.5,http://dd.eionet.europa.eu/vocabulary/aq/pollutant/6001,hour,14.9704990200,µg/m3,2018-11-15 05:00:00 +01:00,2018-11-15 06:00:00 +01:00,1,1
AT,AT.0008.20.AQ,NET.09,STA.09.AKC,,SPO.09.AKC.5066.6001.1,SPP.09.AKC.5066.6001.1.11325,SAM.09.AKC.5066.6001.1,PM2.5,http://dd.eionet.europa.eu/vocabulary/aq/pollutant/6001,hour,14.3465003800,µg/m3,2018-11-15 06:00:00 +01:00,2018-11-15 07:00:00 +01:00,1,1
AT,AT.0008.20.AQ,NET.09,STA.09.AKC,,SPO.09.AKC.5066.6001.1,SPP.09.AKC.5066.6001.1.11325,SAM.09.AKC.5066.6001.1,PM2.5,http://dd.eionet.europa.eu/vocabulary/aq/pollutant/6001,hour,20.2019996500,µg/m3,2018-11-15 08:00:00 +01:00,2018-11-15 09:00:00 +01:00,1,1
AT,AT.0008.20.AQ,NET.09,STA.09.AKC,,SPO.09.AKC.5066.6001.1,SPP.09.AKC.5066.6001.1.11325,SAM.09.AKC.5066.6001.1,PM2.5,http://dd.eionet.europa.eu/vocabulary/aq/pollutant/6001,hour,20.2815017600,µg/m3,2018-11-15 11:00:00 +01:00,2018-11-15 12:00:00 +01:00,1,1
AT,AT.0008.20.AQ,NET.09,STA.09.AKC,,SPO.09.AKC.5066.6001.1,SPP.09.AKC.5066.6001.1.11325,SAM.09.AKC.5066.6001.1,PM2.5,http://dd.eionet.europa.eu/vocabulary/aq/pollutant/6001,hour,18.5504989500,µg/m3,2018-11-15 12:00:00 +01:00,2018-11-15 13:00:00 +01:00,1,1
AT,AT.0008.20.AQ,NET.09,STA.09.AKC,,SPO.09.AKC.5066.6001.1,SPP.09.AKC.5066.6001.1.11325,SAM.09.AKC.5066.6001.1,PM2.5,http://dd.eionet.europa.eu/vocabulary/aq/pollutant/6001,hour,13.6649999500,µg/m3,2018-11-15 14:00:00 +01:00,2018-11-15 15:00:00 +01:00,1,1
AT,AT.0008.20.AQ,NET.09,STA.09.AKC,,SPO.09.AKC.5066.6001.1,SPP.09.AKC.5066.6001.1.11325,SAM.09.AKC.5066.6001.1,PM2.5,http://dd.eionet.europa.eu/vocabulary/aq/pollutant/6001,hour,14.5845003000,µg/m3,2018-11-15 16:00:00 +01:00,2018-11-15 17:00:00 +01:00,1,1
AT,AT.0008.20.AQ,NET.09,STA.09.AKC,,SPO.09.AKC.5066.6001.1,SPP.09.AKC.5066.6001.1.11325,SAM.09.AKC.5066.6001.1,PM2.5,http://dd.eionet.europa.eu/vocabulary/aq/pollutant/6001,hour,18.2210006600,µg/m3,2018-11-15 17:00:00 +01:00,2018-11-15 18:00:00 +01:00,1,1
AT,AT.0008.20.AQ,NET.09,STA.09.AKC,,SPO.09.AKC.5066.6001.1,SPP.09.AKC.5066.6001.1.11325,SAM.09.AKC.5066.6001.1,PM2.5,http://dd.eionet.europa.eu/vocabulary/aq/pollutant/6001,hour,25.9845008700,µg/m3,2018-11-15 20:00:00 +01:00,2018-11-15 21:00:00 +01:00,1,1
AT,AT.0008.20.AQ,NET.09,STA.09.AKC,,SPO.09.AKC.5066.6001.1,SPP.09.AKC.5066.6001.1.11325,SAM.09.AKC.5066.6001.1,PM2.5,http://dd.eionet.europa.eu/vocabulary/aq/pollutant/6001,hour,21.5100002100,µg/m3,2018-11-15 21:00:00 +01:00,2018-11-15 22:00:00 +01:00,1,1
AT,AT.0008.20.AQ,NET.09,STA.09.AKC,,SPO.09.AKC.5066.6001.1,SPP.09.AKC.5066.6001.1.11325,SAM.09.AKC.5066.6001.1,PM2.5,http://dd.eionet.europa.eu/vocabulary/aq/pollutant/6001,hour,17.8385009600,µg/m3,2018-11-16 04:00:00 +01:00,2018-11-16 05:00:00 +01:00,1,1
AT,AT.0008.20.AQ,NET.09,STA.09.AKC,,SPO.09.AKC.5066.6001.1,SPP.09.AKC.5066.6001.1.11325,SAM.09.AKC.5066.6001.1,PM2.5,http://dd.eionet.europa.eu/vocabulary/aq/pollutant/6001,hour,21.7420005600,µg/m3,2018-11-16 09:00:00 +01:00,2018-11-16 10:00:00 +01:00,1,1
AT,AT.0008.20.AQ,NET.09,STA.09.AKC,,SPO.09.AKC.5066.6001.1,SPP.09.AKC.5066.6001.1.11325,SAM.09.AKC.5066.6001.1,PM2.5,http://dd.eionet.europa.eu/vocabulary/aq/pollutant/6001,hour,21.5520000300,µg/m3,2018-11-16 10:00:00 +01:00,2018-11-16 11:00:00 +01:00,1,1
AT,AT.0008.20.AQ,NET.09,STA.09.AKC,,SPO.09.AKC.5066.6001.1,SPP.09.AKC.5066.6001.1.11325,SAM.09.AKC.5066.6001.1,PM2.5,http://dd.eionet.europa.eu/vocabulary/aq/pollutant/6001,hour,12.8169994200,µg/m3,2018-11-16 14:00:00 +01:00,2018-11-16 15:00:00 +01:00,1,1
AT,AT.0008.20.AQ,NET.09,STA.09.AKC,,SPO.09.AKC.5066.6001.1,SPP.09.AKC.5066.6001.1.11325,SAM.09.AKC.5066.6001.1,PM2.5,http://dd.eionet.europa.eu/vocabulary/aq/pollutant/6001,hour,24.8520011800,µg/m3,2018-11-16 23:00:00 +01:00,2018-11-17 00:00:00 +01:00,1,1
AT,AT.0008.20.AQ,NET.09,STA.09.AKC,,SPO.09.AKC.5066.6001.1,SPP.09.AKC.5066.6001.1.11325,SAM.09.AKC.5066.6001.1,PM2.5,http://dd.eionet.europa.eu/vocabulary/aq/pollutant/6001,hour,24.3805007800,µg/m3,2018-11-17 18:00:00 +01:00,2018-11-17 19:00:00 +01:00,1,1
AT,AT.0008.20.AQ,NET.09,STA.09.AKC,,SPO.09.AKC.5066.6001.1,SPP.09.AKC.5066.6001.1.11325,SAM.09.AKC.5066.6001.1,PM2.5,http://dd.eionet.europa.eu/vocabulary/aq/pollutant/6001,hour,29.3759994400,µg/m3,2018-11-17 21:00:00 +01:00,2018-11-17 22:00:00 +01:00,1,1
AT,AT.0008.20.AQ,NET.09,STA.09.AKC,,SPO.09.AKC.5066.6001.1,SPP.09.AKC.5066.6001.1.11325,SAM.09.AKC.5066.6001.1,PM2.5,http://dd.eionet.europa.eu/vocabulary/aq/pollutant/6001,hour,27.8120002600,µg/m3,2018-11-17 22:00:00 +01:00,2018-11-17 23:00:00 +01:00,1,1
AT,AT.0008.20.AQ,NET.09,STA.09.AKC,,SPO.09.AKC.5066.6001.1,SPP.09.AKC.5066.6001.1.11325,SAM.09.AKC.5066.6001.1,PM2.5,http://dd.eionet.europa.eu/vocabulary/aq/pollutant/6001,hour,24.0279998600,µg/m3,2018-11-18 01:00:00 +01:00,2018-11-18 02:00:00 +01:00,1,1
AT,AT.0008.20.AQ,NET.09,STA.09.AKC,,SPO.09.AKC.5066.6001.1,SPP.09.AKC.5066.6001.1.11325,SAM.09.AKC.5066.6001.1,PM2.5,http://dd.eionet.europa.eu/vocabulary/aq/pollutant/6001,hour,36.2384986700,µg/m3,2018-11-18 10:00:00 +01:00,2018-11-18 11:00:00 +01:00,1,1
AT,AT.0008.20.AQ,NET.09,STA.09.AKC,,SPO.09.AKC.5066.6001.1,SPP.09.AKC.5066.6001.1.11325,SAM.09.AKC.5066.6001.1,PM2.5,http://dd.eionet.europa.eu/vocabulary/aq/pollutant/6001,hour,37.8044967500,µg/m3,2018-11-18 11:00:00 +01:00,2018-11-18 12:00:00 +01:00,1,1
AT,AT.0008.20.AQ,NET.09,STA.09.AKC,,SPO.09.AKC.5066.6001.1,SPP.09.AKC.5066.6001.1.11325,SAM.09.AKC.5066.6001.1,PM2.5,http://dd.eionet.europa.eu/vocabulary/aq/pollutant/6001,hour,36.9485015700,µg/m3,2018-11-18 14:00:00 +01:00,2018-11-18 15:00:00 +01:00,1,1
AT,AT.0008.20.AQ,NET.09,STA.09.AKC,,SPO.09.AKC.5066.6001.1,SPP.09.AKC.5066.6001.1.11325,SAM.09.AKC.5066.6001.1,PM2.5,http://dd.eionet.europa.eu/vocabulary/aq/pollutant/6001,hour,36.4425010500,µg/m3,2018-11-18 15:00:00 +01:00,2018-11-18 16:00:00 +01:00,1,1
AT,AT.0008.20.AQ,NET.09,STA.09.AKC,,SPO.09.AKC.5066.6001.1,SPP.09.AKC.5066.6001.1.11325,SAM.09.AKC.5066.6001.1,PM2.5,http://dd.eionet.europa.eu/vocabulary/aq/pollutant/6001,hour,25.4734992800,µg/m3,2018-11-18 21:00:00 +01:00,2018-11-18 22:00:00 +01:00,1,1
AT,AT.0008.20.AQ,NET.09,STA.09.AKC,,SPO.09.AKC.5066.6001.1,SPP.09.AKC.5066.6001.1.11325,SAM.09.AKC.5066.6001.1,PM2.5,http://dd.eionet.europa.eu/vocabulary/aq/pollutant/6001,hour,45.0470008700,µg/m3,2018-11-18 23:00:00 +01:00,2018-11-19 00:00:00 +01:00,1,1
AT,AT.0008.20.AQ,NET.09,STA.09.AKC,,SPO.09.AKC.5066.6001.1,SPP.09.AKC.5066.6001.1.11325,SAM.09.AKC.5066.6001.1,PM2.5,http://dd.eionet.europa.eu/vocabulary/aq/pollutant/6001,hour,51.5880012400,µg/m3,2018-11-19 00:00:00 +01:00,2018-11-19 01:00:00 +01:00,1,1
AT,AT.0008.20.AQ,NET.09,STA.09.AKC,,SPO.09.AKC.5066.6001.1,SPP.09.AKC.5066.6001.1.11325,SAM.09.AKC.5066.6001.1,PM2.5,http://dd.eionet.europa.eu/vocabulary/aq/pollutant/6001,hour,37.0124969300,µg/m3,2018-11-19 04:00:00 +01:00,2018-11-19 05:00:00 +01:00,1,1
AT,AT.0008.20.AQ,NET.09,STA.09.AKC,,SPO.09.AKC.5066.6001.1,SPP.09.AKC.5066.6001.1.11325,SAM.09.AKC.5066.6001.1,PM2.5,http://dd.eionet.europa.eu/vocabulary/aq/pollutant/6001,hour,40.2584991300,µg/m3,2018-11-19 05:00:00 +01:00,2018-11-19 06:00:00 +01:00,1,1
AT,AT.0008.20.AQ,NET.09,STA.09.AKC,,SPO.09.AKC.5066.6001.1,SPP.09.AKC.5066.6001.1.11325,SAM.09.AKC.5066.6001.1,PM2.5,http://dd.eionet.europa.eu/vocabulary/aq/pollutant/6001,hour,42.4314994700,µg/m3,2018-11-19 07:00:00 +01:00,2018-11-19 08:00:00 +01:00,1,1
AT,AT.0008.20.AQ,NET.09,STA.09.AKC,,SPO.09.AKC.5066.6001.1,SPP.09.AKC.5066.6001.1.11325,SAM.09.AKC.5066.6001.1,PM2.5,http://dd.eionet.europa.eu/vocabulary/aq/pollutant/6001,hour,54.0405006300,µg/m3,2018-11-19 12:00:00 +01:00,2018-11-19 13:00:00 +01:00,1,1
AT,AT.0008.20.AQ,NET.09,STA.09.AKC,,SPO.09.AKC.5066.6001.1,SPP.09.AKC.5066.6001.1.11325,SAM.09.AKC.5066.6001.1,PM2.5,http://dd.eionet.europa.eu/vocabulary/aq/pollutant/6001,hour,45.4155006300,µg/m3,2018-11-19 17:00:00 +01:00,2018-11-19 18:00:00 +01:00,1,1
AT,AT.0008.20.AQ,NET.09,STA.09.AKC,,SPO.09.AKC.5066.6001.1,SPP.09.AKC.5066.6001.1.11325,SAM.09.AKC.5066.6001.1,PM2.5,http://dd.eionet.europa.eu/vocabulary/aq/pollutant/6001,hour,44.9704971200,µg/m3,2018-11-19 18:00:00 +01:00,2018-11-19 19:00:00 +01:00,1,1
AT,AT.0008.20.AQ,NET.09,STA.09.AKC,,SPO.09.AKC.5066.6001.1,SPP.09.AKC.5066.6001.1.11325,SAM.09.AKC.5066.6001.1,PM2.5,http://dd.eionet.europa.eu/vocabulary/aq/pollutant/6001,hour,45.5924987600,µg/m3,2018-11-19 19:00:00 +01:00,2018-11-19 20:00:00 +01:00,1,1
AT,AT.0008.20.AQ,NET.09,STA.09.AKC,,SPO.09.AKC.5066.6001.1,SPP.09.AKC.5066.6001.1.11325,SAM.09.AKC.5066.6001.1,PM2.5,http://dd.eionet.europa.eu/vocabulary/aq/pollutant/6001,hour,45.8004989500,µg/m3,2018-11-19 20:00:00 +01:00,2018-11-19 21:00:00 +01:00,1,1
AT,AT.0008.20.AQ,NET.09,STA.09.AKC,,SPO.09.AKC.5066.6001.1,SPP.09.AKC.5066.6001.1.11325,SAM.09.AKC.5066.6001.1,PM2.5,http://dd.eionet.europa.eu/vocabulary/aq/pollutant/6001,hour,38.0349998300,µg/m3,2018-11-19 21:00:00 +01:00,2018-11-19 22:00:00 +01:00,1,1
AT,AT.0008.20.AQ,NET.09,STA.09.AKC,,SPO.09.AKC.5066.6001.1,SPP.09.AKC.5066.6001.1.11325,SAM.09.AKC.5066.6001.1,PM2.5,http://dd.eionet.europa.eu/vocabulary/aq/pollutant/6001,hour,22.8775005200,µg/m3,2018-11-20 01:00:00 +01:00,2018-11-20 02:00:00 +01:00,1,1
AT,AT.0008.20.AQ,NET.09,STA.09.AKC,,SPO.09.AKC.5066.6001.1,SPP.09.AKC.5066.6001.1.11325,SAM.09.AKC.5066.6001.1,PM2.5,http://dd.eionet.europa.eu/vocabulary/aq/pollutant/6001,hour,22.0245017900,µg/m3,2018-11-20 02:00:00 +01:00,2018-11-20 03:00:00 +01:00,1,1
AT,AT.0008.20.AQ,NET.09,STA.09.AKC,,SPO.09.AKC.5066.6001.1,SPP.09.AKC.5066.6001.1.11325,SAM.09.AKC.5066.6001.1,PM2.5,http://dd.eionet.europa.eu/vocabulary/aq/pollutant/6001,hour,19.3349990700,µg/m3,2018-11-20 04:00:00 +01:00,2018-11-20 05:00:00 +01:00,1,1
AT,AT.0008.20.AQ,NET.09,STA.09.AKC,,SPO.09.AKC.5066.6001.1,SPP.09.AKC.5066.6001.1.11325,SAM.09.AKC.5066.6001.1,PM2.5,http://dd.eionet.europa.eu/vocabulary/aq/pollutant/6001,hour,22.4134998200,µg/m3,2018-11-20 05:00:00 +01:00,2018-11-20 06:00:00 +01:00,1,1
AT,AT.0008.20.AQ,NET.09,STA.09.AKC,,SPO.09.AKC.5066.6001.1,SPP.09.AKC.5066.6001.1.11325,SAM.09.AKC.5066.6001.1,PM2.5,http://dd.eionet.europa.eu/vocabulary/aq/pollutant/6001,hour,29.4834995100,µg/m3,2018-11-20 06:00:00 +01:00,2018-11-20 07:00:00 +01:00,1,1
AT,AT.0008.20.AQ,NET.09,STA.09.AKC,,SPO.09.AKC.5066.6001.1,SPP.09.AKC.5066.6001.1.11325,SAM.09.AKC.5066.6001.1,PM2.5,http://dd.eionet.europa.eu/vocabulary/aq/pollutant/6001,hour,26.6544990400,µg/m3,2018-11-20 07:00:00 +01:00,2018-11-20 08:00:00 +01:00,1,1
AT,AT.0008.20.AQ,NET.09,STA.09.AKC,,SPO.09.AKC.5066.6001.1,SPP.09.AKC.5066.6001.1.11325,SAM.09.AKC.5066.6001.1,PM2.5,http://dd.eionet.europa.eu/vocabulary/aq/pollutant/6001,hour,14.0185003100,µg/m3,2018-11-20 12:00:00 +01:00,2018-11-20 13:00:00 +01:00,1,1
AT,AT.0008.20.AQ,NET.09,STA.09.AKC,,SPO.09.AKC.5066.6001.1,SPP.09.AKC.5066.6001.1.11325,SAM.09.AKC.5066.6001.1,PM2.5,http://dd.eionet.europa.eu/vocabulary/aq/pollutant/6001,hour,14.9149999500,µg/m3,2018-11-21 04:00:00 +01:00,2018-11-21 05:00:00 +01:00,1,1
AT,AT.0008.20.AQ,NET.09,STA.09.AKC,,SPO.09.AKC.5066.6001.1,SPP.09.AKC.5066.6001.1.11325,SAM.09.AKC.5066.6001.1,PM2.5,http://dd.eionet.europa.eu/vocabulary/aq/pollutant/6001,hour,15.1614999600,µg/m3,2018-11-21 08:00:00 +01:00,2018-11-21 09:00:00 +01:00,1,1
AT,AT.0008.20.AQ,NET.09,STA.09.AKC,,SPO.09.AKC.5066.6001.1,SPP.09.AKC.5066.6001.1.11325,SAM.09.AKC.5066.6001.1,PM2.5,http://dd.eionet.europa.eu/vocabulary/aq/pollutant/6001,hour,16.5579986400,µg/m3,2018-11-21 15:00:00 +01:00,2018-11-21 16:00:00 +01:00,1,1
AT,AT.0008.20.AQ,NET.09,STA.09.AKC,,SPO.09.AKC.5066.6001.1,SPP.09.AKC.5066.6001.1.11325,SAM.09.AKC.5066.6001.1,PM2.5,http://dd.eionet.europa.eu/vocabulary/aq/pollutant/6001,hour,19.1129989500,µg/m3,2018-11-21 16:00:00 +01:00,2018-11-21 17:00:00 +01:00,1,1
AT,AT.0008.20.AQ,NET.09,STA.09.AKC,,SPO.09.AKC.5066.6001.1,SPP.09.AKC.5066.6001.1.11325,SAM.09.AKC.5066.6001.1,PM2.5,http://dd.eionet.europa.eu/vocabulary/aq/pollutant/6001,hour,29.9695014800,µg/m3,2018-11-21 20:00:00 +01:00,2018-11-21 21:00:00 +01:00,1,1
AT,AT.0008.20.AQ,NET.09,STA.09.AKC,,SPO.09.AKC.5066.6001.1,SPP.09.AKC.5066.6001.1.11325,SAM.09.AKC.5066.6001.1,PM2.5,http://dd.eionet.europa.eu/vocabulary/aq/pollutant/6001,hour,37.4220008700,µg/m3,2018-11-21 21:00:00 +01:00,2018-11-21 22:00:00 +01:00,1,1
AT,AT.0008.20.AQ,NET.09,STA.09.AKC,,SPO.09.AKC.5066.6001.1,SPP.09.AKC.5066.6001.1.11325,SAM.09.AKC.5066.6001.1,PM2.5,http://dd.eionet.europa.eu/vocabulary/aq/pollutant/6001,hour,35.3064994700,µg/m3,2018-11-21 22:00:00 +01:00,2018-11-21 23:00:00 +01:00,1,1
AT,AT.0008.20.AQ,NET.09,STA.09.AKC,,SPO.09.AKC.5066.6001.1,SPP.09.AKC.5066.6001.1.11325,SAM.09.AKC.5066.6001.1,PM2.5,http://dd.eionet.europa.eu/vocabulary/aq/pollutant/6001,hour,35.3380012400,µg/m3,2018-11-21 23:00:00 +01:00,2018-11-22 00:00:00 +01:00,1,1
AT,AT.0008.20.AQ,NET.09,STA.09.AKC,,SPO.09.AKC.5066.6001.1,SPP.09.AKC.5066.6001.1.11325,SAM.09.AKC.5066.6001.1,PM2.5,http://dd.eionet.europa.eu/vocabulary/aq/pollutant/6001,hour,36.9430007800,µg/m3,2018-11-22 01:00:00 +01:00,2018-11-22 02:00:00 +01:00,1,1
AT,AT.0008.20.AQ,NET.09,STA.09.AKC,,SPO.09.AKC.5066.6001.1,SPP.09.AKC.5066.6001.1.11325,SAM.09.AKC.5066.6001.1,PM2.5,http://dd.eionet.europa.eu/vocabulary/aq/pollutant/6001,hour,33.2555007800,µg/m3,2018-11-22 04:00:00 +01:00,2018-11-22 05:00:00 +01:00,1,1
AT,AT.0008.20.AQ,NET.09,STA.09.AKC,,SPO.09.AKC.5066.6001.1,SPP.09.AKC.5066.6001.1.11325,SAM.09.AKC.5066.6001.1,PM2.5,http://dd.eionet.europa.eu/vocabulary/aq/pollutant/6001,hour,32.7495002600,µg/m3,2018-11-22 07:00:00 +01:00,2018-11-22 08:00:00 +01:00,1,1
AT,AT.0008.20.AQ,NET.09,STA.09.AKC,,SPO.09.AKC.5066.6001.1,SPP.09.AKC.5066.6001.1.11325,SAM.09.AKC.5066.6001.1,PM2.5,http://dd.eionet.europa.eu/vocabulary/aq/pollutant/6001,hour,32.7384986700,µg/m3,2018-11-22 08:00:00 +01:00,2018-11-22 09:00:00 +01:00,1,1
AT,AT.0008.20.AQ,NET.09,STA.09.AKC,,SPO.09.AKC.5066.6001.1,SPP.09.AKC.5066.6001.1.11325,SAM.09.AKC.5066.6001.1,PM2.5,http://dd.eionet.europa.eu/vocabulary/aq/pollutant/6001,hour,31.7065009900,µg/m3,2018-11-22 16:00:00 +01:00,2018-11-22 17:00:00 +01:00,1,1
AT,AT.0008.20.AQ,NET.09,STA.09.AKC,,SPO.09.AKC.5066.6001.1,SPP.09.AKC.5066.6001.1.11325,SAM.09.AKC.5066.6001.1,PM2.5,http://dd.eionet.europa.eu/vocabulary/aq/pollutant/6001,hour,23.2259998200,µg/m3,2018-11-22 19:00:00 +01:00,2018-11-22 20:00:00 +01:00,1,1
AT,AT.0008.20.AQ,NET.09,STA.09.AKC,,SPO.09.AKC.5066.6001.1,SPP.09.AKC.5066.6001.1.11325,SAM.09.AKC.5066.6001.1,PM2.5,http://dd.eionet.europa.eu/vocabulary/aq/pollutant/6001,hour,22.6189994700,µg/m3,2018-11-22 20:00:00 +01:00,2018-11-22 21:00:00 +01:00,1,1
AT,AT.0008.20.AQ,NET.09,STA.09.AKC,,SPO.09.AKC.5066.6001.1,SPP.09.AKC.5066.6001.1.11325,SAM.09.AKC.5066.6001.1,PM2.5,http://dd.eionet.europa.eu/vocabulary/aq/pollutant/6001,hour,13.6129999000,µg/m3,2018-11-23 00:00:00 +01:00,2018-11-23 01:00:00 +01:00,1,1
AT,AT.0008.20.AQ,NET.09,STA.09.AKC,,SPO.09.AKC.5066.6001.1,SPP.09.AKC.5066.6001.1.11325,SAM.09.AKC.5066.6001.1,PM2.5,http://dd.eionet.europa.eu/vocabulary/aq/pollutant/6001,hour,17.0849990700,µg/m3,2018-11-23 04:00:00 +01:00,2018-11-23 05:00:00 +01:00,1,1
AT,AT.0008.20.AQ,NET.09,STA.09.AKC,,SPO.09.AKC.5066.6001.1,SPP.09.AKC.5066.6001.1.11325,SAM.09.AKC.5066.6001.1,PM2.5,http://dd.eionet.europa.eu/vocabulary/aq/pollutant/6001,hour,24.3460006600,µg/m3,2018-11-23 08:00:00 +01:00,2018-11-23 09:00:00 +01:00,1,1
AT,AT.0008.20.AQ,NET.09,STA.09.AKC,,SPO.09.AKC.5066.6001.1,SPP.09.AKC.5066.6001.1.11325,SAM.09.AKC.5066.6001.1,PM2.5,http://dd.eionet.europa.eu/vocabulary/aq/pollutant/6001,hour,23.8064994700,µg/m3,2018-11-23 12:00:00 +01:00,2018-11-23 13:00:00 +01:00,1,1
AT,AT.0008.20.AQ,NET.09,STA.09.AKC,,SPO.09.AKC.5066.6001.1,SPP.09.AKC.5066.6001.1.11325,SAM.09.AKC.5066.6001.1,PM2.5,http://dd.eionet.europa.eu/vocabulary/aq/pollutant/6001,hour,17.5504989500,µg/m3,2018-11-23 16:00:00 +01:00,2018-11-23 17:00:00 +01:00,1,1
AT,AT.0008.20.AQ,NET.09,STA.09.AKC,,SPO.09.AKC.5066.6001.1,SPP.09.AKC.5066.6001.1.11325,SAM.09.AKC.5066.6001.1,PM2.5,http://dd.eionet.europa.eu/vocabulary/aq/pollutant/6001,hour,19.2390003100,µg/m3,2018-11-23 17:00:00 +01:00,2018-11-23 18:00:00 +01:00,1,1
AT,AT.0008.20.AQ,NET.09,STA.09.AKC,,SPO.09.AKC.5066.6001.1,SPP.09.AKC.5066.6001.1.11325,SAM.09.AKC.5066.6001.1,PM2.5,http://dd.eionet.europa.eu/vocabulary/aq/pollutant/6001,hour,15.7834997000,µg/m3,2018-11-23 23:00:00 +01:00,2018-11-24 00:00:00 +01:00,1,1
AT,AT.0008.20.AQ,NET.09,STA.09.AKC,,SPO.09.AKC.5066.6001.1,SPP.09.AKC.5066.6001.1.11325,SAM.09.AKC.5066.6001.1,PM2.5,http://dd.eionet.europa.eu/vocabulary/aq/pollutant/6001,hour,14.9320001500,µg/m3,2018-11-24 00:00:00 +01:00,2018-11-24 01:00:00 +01:00,1,1
AT,AT.0008.20.AQ,NET.09,STA.09.AKC,,SPO.09.AKC.5066.6001.1,SPP.09.AKC.5066.6001.1.11325,SAM.09.AKC.5066.6001.1,PM2.5,http://dd.eionet.europa.eu/vocabulary/aq/pollutant/6001,hour,15.3354997500,µg/m3,2018-11-24 01:00:00 +01:00,2018-11-24 02:00:00 +01:00,1,1
AT,AT.0008.20.AQ,NET.09,STA.09.AKC,,SPO.09.AKC.5066.6001.1,SPP.09.AKC.5066.6001.1.11325,SAM.09.AKC.5066.6001.1,PM2.5,http://dd.eionet.europa.eu/vocabulary/aq/pollutant/6001,hour,16.7120017900,µg/m3,2018-11-24 02:00:00 +01:00,2018-11-24 03:00:00 +01:00,1,1
AT,AT.0008.20.AQ,NET.09,STA.09.AKC,,SPO.09.AKC.5066.6001.1,SPP.09.AKC.5066.6001.1.11325,SAM.09.AKC.5066.6001.1,PM2.5,http://dd.eionet.europa.eu/vocabulary/aq/pollutant/6001,hour,17.3914985500,µg/m3,2018-11-24 03:00:00 +01:00,2018-11-24 04:00:00 +01:00,1,1
AT,AT.0008.20.AQ,NET.09,STA.09.AKC,,SPO.09.AKC.5066.6001.1,SPP.09.AKC.5066.6001.1.11325,SAM.09.AKC.5066.6001.1,PM2.5,http://dd.eionet.europa.eu/vocabulary/aq/pollutant/6001,hour,17.4295005600,µg/m3,2018-11-24 05:00:00 +01:00,2018-11-24 06:00:00 +01:00,1,1
AT,AT.0008.20.AQ,NET.09,STA.09.AKC,,SPO.09.AKC.5066.6001.1,SPP.09.AKC.5066.6001.1.11325,SAM.09.AKC.5066.6001.1,PM2.5,http://dd.eionet.europa.eu/vocabulary/aq/pollutant/6001,hour,16.3554992500,µg/m3,2018-11-24 08:00:00 +01:00,2018-11-24 09:00:00 +01:00,1,1
AT,AT.0008.20.AQ,NET.09,STA.09.AKC,,SPO.09.AKC.5066.6001.1,SPP.09.AKC.5066.6001.1.11325,SAM.09.AKC.5066.6001.1,PM2.5,http://dd.eionet.europa.eu/vocabulary/aq/pollutant/6001,hour,17.8180007800,µg/m3,2018-11-24 16:00:00 +01:00,2018-11-24 17:00:00 +01:00,1,1
AT,AT.0008.20.AQ,NET.09,STA.09.AKC,,SPO.09.AKC.5066.6001.1,SPP.09.AKC.5066.6001.1.11325,SAM.09.AKC.5066.6001.1,PM2.5,http://dd.eionet.europa.eu/vocabulary/aq/pollutant/6001,hour,18.0249996000,µg/m3,2018-11-24 17:00:00 +01:00,2018-11-24 18:00:00 +01:00,1,1
AT,AT.0008.20.AQ,NET.09,STA.09.AKC,,SPO.09.AKC.5066.6001.1,SPP.09.AKC.5066.6001.1.11325,SAM.09.AKC.5066.6001.1,PM2.5,http://dd.eionet.europa.eu/vocabulary/aq/pollutant/6001,hour,19.1399993700,µg/m3,2018-11-24 18:00:00 +01:00,2018-11-24 19:00:00 +01:00,1,1
AT,AT.0008.20.AQ,NET.09,STA.09.AKC,,SPO.09.AKC.5066.6001.1,SPP.09.AKC.5066.6001.1.11325,SAM.09.AKC.5066.6001.1,PM2.5,http://dd.eionet.europa.eu/vocabulary/aq/pollutant/6001,hour,22.0564994700,µg/m3,2018-11-24 21:00:00 +01:00,2018-11-24 22:00:00 +01:00,1,1
AT,AT.0008.20.AQ,NET.09,STA.09.AKC,,SPO.09.AKC.5066.6001.1,SPP.09.AKC.5066.6001.1.11325,SAM.09.AKC.5066.6001.1,PM2.5,http://dd.eionet.europa.eu/vocabulary/aq/pollutant/6001,hour,25.3759994400,µg/m3,2018-11-24 22:00:00 +01:00,2018-11-24 23:00:00 +01:00,1,1
AT,AT.0008.20.AQ,NET.09,STA.09.AKC,,SPO.09.AKC.5066.6001.1,SPP.09.AKC.5066.6001.1.11325,SAM.09.AKC.5066.6001.1,PM2.5,http://dd.eionet.europa.eu/vocabulary/aq/pollutant/6001,hour,26.1930007800,µg/m3,2018-11-25 01:00:00 +01:00,2018-11-25 02:00:00 +01:00,1,1
AT,AT.0008.20.AQ,NET.09,STA.09.AKC,,SPO.09.AKC.5066.6001.1,SPP.09.AKC.5066.6001.1.11325,SAM.09.AKC.5066.6001.1,PM2.5,http://dd.eionet.europa.eu/vocabulary/aq/pollutant/6001,hour,23.3924999100,µg/m3,2018-11-25 07:00:00 +01:00,2018-11-25 08:00:00 +01:00,1,1
AT,AT.0008.20.AQ,NET.09,STA.09.AKC,,SPO.09.AKC.5066.6001.1,SPP.09.AKC.5066.6001.1.11325,SAM.09.AKC.5066.6001.1,PM2.5,http://dd.eionet.europa.eu/vocabulary/aq/pollutant/6001,hour,17.0849990700,µg/m3,2018-11-25 09:00:00 +01:00,2018-11-25 10:00:00 +01:00,1,1
AT,AT.0008.20.AQ,NET.09,STA.09.AKC,,SPO.09.AKC.5066.6001.1,SPP.09.AKC.5066.6001.1.11325,SAM.09.AKC.5066.6001.1,PM2.5,http://dd.eionet.europa.eu/vocabulary/aq/pollutant/6001,hour,19.3789997000,µg/m3,2018-11-25 11:00:00 +01:00,2018-11-25 12:00:00 +01:00,1,1
AT,AT.0008.20.AQ,NET.09,STA.09.AKC,,SPO.09.AKC.5066.6001.1,SPP.09.AKC.5066.6001.1.11325,SAM.09.AKC.5066.6001.1,PM2.5,http://dd.eionet.europa.eu/vocabulary/aq/pollutant/6001,hour,19.2884998200,µg/m3,2018-11-25 16:00:00 +01:00,2018-11-25 17:00:00 +01:00,1,1
AT,AT.0008.20.AQ,NET.09,STA.09.AKC,,SPO.09.AKC.5066.6001.1,SPP.09.AKC.5066.6001.1.11325,SAM.09.AKC.5066.6001.1,PM2.5,http://dd.eionet.europa.eu/vocabulary/aq/pollutant/6001,hour,20.5030002400,µg/m3,2018-11-25 17:00:00 +01:00,2018-11-25 18:00:00 +01:00,1,1
AT,AT.0008.20.AQ,NET.09,STA.09.AKC,,SPO.09.AKC.5066.6001.1,SPP.09.AKC.5066.6001.1.11325,SAM.09.AKC.5066.6001.1,PM2.5,http://dd.eionet.europa.eu/vocabulary/aq/pollutant/6001,hour,16.1259994400,µg/m3,2018-11-25 22:00:00 +01:00,2018-11-25 23:00:00 +01:00,1,1
AT,AT.0008.20.AQ,NET.09,STA.09.AKC,,SPO.09.AKC.5066.6001.1,SPP.09.AKC.5066.6001.1.11325,SAM.09.AKC.5066.6001.1,PM2.5,http://dd.eionet.europa.eu/vocabulary/aq/pollutant/6001,hour,16.0860004300,µg/m3,2018-11-25 23:00:00 +01:00,2018-11-26 00:00:00 +01:00,1,1
AT,AT.0008.20.AQ,NET.09,STA.09.AKC,,SPO.09.AKC.5066.6001.1,SPP.09.AKC.5066.6001.1.11325,SAM.09.AKC.5066.6001.1,PM2.5,http://dd.eionet.europa.eu/vocabulary/aq/pollutant/6001,hour,14.6429996300,µg/m3,2018-11-26 00:00:00 +01:00,2018-11-26 01:00:00 +01:00,1,1
AT,AT.0008.20.AQ,NET.09,STA.09.AKC,,SPO.09.AKC.5066.6001.1,SPP.09.AKC.5066.6001.1.11325,SAM.09.AKC.5066.6001.1,PM2.5,http://dd.eionet.europa.eu/vocabulary/aq/pollutant/6001,hour,29.7794990400,µg/m3,2018-11-26 06:00:00 +01:00,2018-11-26 07:00:00 +01:00,1,1
AT,AT.0008.20.AQ,NET.09,STA.09.AKC,,SPO.09.AKC.5066.6001.1,SPP.09.AKC.5066.6001.1.11325,SAM.09.AKC.5066.6001.1,PM2.5,http://dd.eionet.europa.eu/vocabulary/aq/pollutant/6001,hour,26.2779998600,µg/m3,2018-11-26 07:00:00 +01:00,2018-11-26 08:00:00 +01:00,1,1
AT,AT.0008.20.AQ,NET.09,STA.09.AKC,,SPO.09.AKC.5066.6001.1,SPP.09.AKC.5066.6001.1.11325,SAM.09.AKC.5066.6001.1,PM2.5,http://dd.eionet.europa.eu/vocabulary/aq/pollutant/6001,hour,22.7859992800,µg/m3,2018-11-26 08:00:00 +01:00,2018-11-26 09:00:00 +01:00,1,1
AT,AT.0008.20.AQ,NET.09,STA.09.AKC,,SPO.09.AKC.5066.6001.1,SPP.09.AKC.5066.6001.1.11325,SAM.09.AKC.5066.6001.1,PM2.5,http://dd.eionet.europa.eu/vocabulary/aq/pollutant/6001,hour,22.1930007800,µg/m3,2018-11-26 09:00:00 +01:00,2018-11-26 10:00:00 +01:00,1,1
AT,AT.0008.20.AQ,NET.09,STA.09.AKC,,SPO.09.AKC.5066.6001.1,SPP.09.AKC.5066.6001.1.11325,SAM.09.AKC.5066.6001.1,PM2.5,http://dd.eionet.europa.eu/vocabulary/aq/pollutant/6001,hour,18.9654998600,µg/m3,2018-11-26 10:00:00 +01:00,2018-11-26 11:00:00 +01:00,1,1
AT,AT.0008.20.AQ,NET.09,STA.09.AKC,,SPO.09.AKC.5066.6001.1,SPP.09.AKC.5066.6001.1.11325,SAM.09.AKC.5066.6001.1,PM2.5,http://dd.eionet.europa.eu/vocabulary/aq/pollutant/6001,hour,17.2610015700,µg/m3,2018-11-26 12:00:00 +01:00,2018-11-26 13:00:00 +01:00,1,1
AT,AT.0008.20.AQ,NET.09,STA.09.AKC,,SPO.09.AKC.5066.6001.1,SPP.09.AKC.5066.6001.1.11325,SAM.09.AKC.5066.6001.1,PM2.5,http://dd.eionet.europa.eu/vocabulary/aq/pollutant/6001,hour,16.3924999100,µg/m3,2018-11-26 13:00:00 +01:00,2018-11-26 14:00:00 +01:00,1,1
AT,AT.0008.20.AQ,NET.09,STA.09.AKC,,SPO.09.AKC.5066.6001.1,SPP.09.AKC.5066.6001.1.11325,SAM.09.AKC.5066.6001.1,PM2.5,http://dd.eionet.europa.eu/vocabulary/aq/pollutant/6001,hour,19.7674999100,µg/m3,2018-11-26 18:00:00 +01:00,2018-11-26 19:00:00 +01:00,1,1
AT,AT.0008.20.AQ,NET.09,STA.09.AKC,,SPO.09.AKC.5066.6001.1,SPP.09.AKC.5066.6001.1.11325,SAM.09.AKC.5066.6001.1,PM2.5,http://dd.eionet.europa.eu/vocabulary/aq/pollutant/6001,hour,24.3304996300,µg/m3,2018-11-26 21:00:00 +01:00,2018-11-26 22:00:00 +01:00,1,1
AT,AT.0008.20.AQ,NET.09,STA.09.AKC,,SPO.09.AKC.5066.6001.1,SPP.09.AKC.5066.6001.1.11325,SAM.09.AKC.5066.6001.1,PM2.5,http://dd.eionet.europa.eu/vocabulary/aq/pollutant/6001,hour,21.7334995100,µg/m3,2018-11-26 22:00:00 +01:00,2018-11-26 23:00:00 +01:00,1,1
AT,AT.0008.20.AQ,NET.09,STA.09.AKC,,SPO.09.AKC.5066.6001.1,SPP.09.AKC.5066.6001.1.11325,SAM.09.AKC.5066.6001.1,PM2.5,http://dd.eionet.europa.eu/vocabulary/aq/pollutant/6001,hour,15.3985004300,µg/m3,2018-11-26 23:00:00 +01:00,2018-11-27 00:00:00 +01:00,1,1
AT,AT.0008.20.AQ,NET.09,STA.09.AKC,,SPO.09.AKC.5066.6001.1,SPP.09.AKC.5066.6001.1.11325,SAM.09.AKC.5066.6001.1,PM2.5,http://dd.eionet.europa.eu/vocabulary/aq/pollutant/6001,hour,18.1360015700,µg/m3,2018-11-27 12:00:00 +01:00,2018-11-27 13:00:00 +01:00,1,1
AT,AT.0008.20.AQ,NET.09,STA.09.AKC,,SPO.09.AKC.5066.6001.1,SPP.09.AKC.5066.6001.1.11325,SAM.09.AKC.5066.6001.1,PM2.5,http://dd.eionet.europa.eu/vocabulary/aq/pollutant/6001,hour,23.7509994400,µg/m3,2018-11-27 15:00:00 +01:00,2018-11-27 16:00:00 +01:00,1,1
AT,AT.0008.20.AQ,NET.09,STA.09.AKC,,SPO.09.AKC.5066.6001.1,SPP.09.AKC.5066.6001.1.11325,SAM.09.AKC.5066.6001.1,PM2.5,http://dd.eionet.europa.eu/vocabulary/aq/pollutant/6001,hour,25.6114997700,µg/m3,2018-11-27 16:00:00 +01:00,2018-11-27 17:00:00 +01:00,1,1
AT,AT.0008.20.AQ,NET.09,STA.09.AKC,,SPO.09.AKC.5066.6001.1,SPP.09.AKC.5066.6001.1.11325,SAM.09.AKC.5066.6001.1,PM2.5,http://dd.eionet.europa.eu/vocabulary/aq/pollutant/6001,hour,26.5130004700,µg/m3,2018-11-27 17:00:00 +01:00,2018-11-27 18:00:00 +01:00,1,1
AT,AT.0008.20.AQ,NET.09,STA.09.AKC,,SPO.09.AKC.5066.6001.1,SPP.09.AKC.5066.6001.1.11325,SAM.09.AKC.5066.6001.1,PM2.5,http://dd.eionet.europa.eu/vocabulary/aq/pollutant/6001,hour,21.7805004000,µg/m3,2018-11-27 19:00:00 +01:00,2018-11-27 20:00:00 +01:00,1,1
AT,AT.0008.20.AQ,NET.09,STA.09.AKC,,SPO.09.AKC.5066.6001.1,SPP.09.AKC.5066.6001.1.11325,SAM.09.AKC.5066.6001.1,PM2.5,http://dd.eionet.europa.eu/vocabulary/aq/pollutant/6001,hour,18.4519996500,µg/m3,2018-11-28 01:00:00 +01:00,2018-11-28 02:00:00 +01:00,1,1
AT,AT.0008.20.AQ,NET.09,STA.09.AKC,,SPO.09.AKC.5066.6001.1,SPP.09.AKC.5066.6001.1.11325,SAM.09.AKC.5066.6001.1,PM2.5,http://dd.eionet.europa.eu/vocabulary/aq/pollutant/6001,hour,17.9539985500,µg/m3,2018-11-28 02:00:00 +01:00,2018-11-28 03:00:00 +01:00,1,1
AT,AT.0008.20.AQ,NET.09,STA.09.AKC,,SPO.09.AKC.5066.6001.1,SPP.09.AKC.5066.6001.1.11325,SAM.09.AKC.5066.6001.1,PM2.5,http://dd.eionet.europa.eu/vocabulary/aq/pollutant/6001,hour,14.9709997000,µg/m3,2018-11-28 04:00:00 +01:00,2018-11-28 05:00:00 +01:00,1,1
AT,AT.0008.20.AQ,NET.09,STA.09.AKC,,SPO.09.AKC.5066.6001.1,SPP.09.AKC.5066.6001.1.11325,SAM.09.AKC.5066.6001.1,PM2.5,http://dd.eionet.europa.eu/vocabulary/aq/pollutant/6001,hour,14.4254999000,µg/m3,2018-11-28 11:00:00 +01:00,2018-11-28 12:00:00 +01:00,1,1
AT,AT.0008.20.AQ,NET.09,STA.09.AKC,,SPO.09.AKC.5066.6001.1,SPP.09.AKC.5066.6001.1.11325,SAM.09.AKC.5066.6001.1,PM2.5,http://dd.eionet.europa.eu/vocabulary/aq/pollutant/6001,hour,22.0164985500,µg/m3,2018-11-28 17:00:00 +01:00,2018-11-28 18:00:00 +01:00,1,1
AT,AT.0008.20.AQ,NET.09,STA.09.AKC,,SPO.09.AKC.5066.6001.1,SPP.09.AKC.5066.6001.1.11325,SAM.09.AKC.5066.6001.1,PM2.5,http://dd.eionet.europa.eu/vocabulary/aq/pollutant/6001,hour,33.9120025500,µg/m3,2018-11-28 20:00:00 +01:00,2018-11-28 21:00:00 +01:00,1,1
AT,AT.0008.20.AQ,NET.09,STA.09.AKC,,SPO.09.AKC.5066.6001.1,SPP.09.AKC.5066.6001.1.11325,SAM.09.AKC.5066.6001.1,PM2.5,http://dd.eionet.europa.eu/vocabulary/aq/pollutant/6001,hour,33.0370025500,µg/m3,2018-11-29 00:00:00 +01:00,2018-11-29 01:00:00 +01:00,1,1
AT,AT.0008.20.AQ,NET.09,STA.09.AKC,,SPO.09.AKC.5066.6001.1,SPP.09.AKC.5066.6001.1.11325,SAM.09.AKC.5066.6001.1,PM2.5,http://dd.eionet.europa.eu/vocabulary/aq/pollutant/6001,hour,31.8310012700,µg/m3,2018-11-29 01:00:00 +01:00,2018-11-29 02:00:00 +01:00,1,1
AT,AT.0008.20.AQ,NET.09,STA.09.AKC,,SPO.09.AKC.5066.6001.1,SPP.09.AKC.5066.6001.1.11325,SAM.09.AKC.5066.6001.1,PM2.5,http://dd.eionet.europa.eu/vocabulary/aq/pollutant/6001,hour,33.6549987600,µg/m3,2018-11-29 04:00:00 +01:00,2018-11-29 05:00:00 +01:00,1,1
AT,AT.0008.20.AQ,NET.09,STA.09.AKC,,SPO.09.AKC.5066.6001.1,SPP.09.AKC.5066.6001.1.11325,SAM.09.AKC.5066.6001.1,PM2.5,http://dd.eionet.europa.eu/vocabulary/aq/pollutant/6001,hour,28.2475013600,µg/m3,2018-11-29 08:00:00 +01:00,2018-11-29 09:00:00 +01:00,1,1
AT,AT.0008.20.AQ,NET.09,STA.09.AKC,,SPO.09.AKC.5066.6001.1,SPP.09.AKC.5066.6001.1.11325,SAM.09.AKC.5066.6001.1,PM2.5,http://dd.eionet.europa.eu/vocabulary/aq/pollutant/6001,hour,22.3670005600,µg/m3,2018-11-29 11:00:00 +01:00,2018-11-29 12:00:00 +01:00,1,1
AT,AT.0008.20.AQ,NET.09,STA.09.AKC,,SPO.09.AKC.5066.6001.1,SPP.09.AKC.5066.6001.1.11325,SAM.09.AKC.5066.6001.1,PM2.5,http://dd.eionet.europa.eu/vocabulary/aq/pollutant/6001,hour,18.2724990700,µg/m3,2018-11-29 17:00:00 +01:00,2018-11-29 18:00:00 +01:00,1,1
AT,AT.0008.20.AQ,NET.09,STA.09.AKC,,SPO.09.AKC.5066.6001.1,SPP.09.AKC.5066.6001.1.11325,SAM.09.AKC.5066.6001.1,PM2.5,http://dd.eionet.europa.eu/vocabulary/aq/pollutant/6001,hour,22.4350013600,µg/m3,2018-11-29 21:00:00 +01:00,2018-11-29 22:00:00 +01:00,1,1
AT,AT.0008.20.AQ,NET.09,STA.09.AKC,,SPO.09.AKC.5066.6001.1,SPP.09.AKC.5066.6001.1.11325,SAM.09.AKC.5066.6001.1,PM2.5,http://dd.eionet.europa.eu/vocabulary/aq/pollutant/6001,hour,21.4355010800,µg/m3,2018-11-30 00:00:00 +01:00,2018-11-30 01:00:00 +01:00,1,1
AT,AT.0008.20.AQ,NET.09,STA.09.AKC,,SPO.09.AKC.5066.6001.1,SPP.09.AKC.5066.6001.1.11325,SAM.09.AKC.5066.6001.1,PM2.5,http://dd.eionet.europa.eu/vocabulary/aq/pollutant/6001,hour,20.9464988600,µg/m3,2018-11-30 01:00:00 +01:00,2018-11-30 02:00:00 +01:00,1,1
AT,AT.0008.20.AQ,NET.09,STA.09.AKC,,SPO.09.AKC.5066.6001.1,SPP.09.AKC.5066.6001.1.11325,SAM.09.AKC.5066.6001.1,PM2.5,http://dd.eionet.europa.eu/vocabulary/aq/pollutant/6001,hour,21.8580016900,µg/m3,2018-11-30 05:00:00 +01:00,2018-11-30 06:00:00 +01:00,1,1
AT,AT.0008.20.AQ,NET.09,STA.09.AKC,,SPO.09.AKC.5066.6001.1,SPP.09.AKC.5066.6001.1.11325,SAM.09.AKC.5066.6001.1,PM2.5,http://dd.eionet.europa.eu/vocabulary/aq/pollutant/6001,hour,23.5949993000,µg/m3,2018-11-30 06:00:00 +01:00,2018-11-30 07:00:00 +01:00,1,1
AT,AT.0008.20.AQ,NET.09,STA.09.AKC,,SPO.09.AKC.5066.6001.1,SPP.09.AKC.5066.6001.1.11325,SAM.09.AKC.5066.6001.1,PM2.5,http://dd.eionet.europa.eu/vocabulary/aq/pollutant/6001,hour,9.6212501400,µg/m3,2018-11-30 12:00:00 +01:00,2018-11-30 13:00:00 +01:00,1,1
AT,AT.0008.20.AQ,NET.09,STA.09.AKC,,SPO.09.AKC.5066.6001.1,SPP.09.AKC.5066.6001.1.11325,SAM.09.AKC.5066.6001.1,PM2.5,http://dd.eionet.europa.eu/vocabulary/aq/pollutant/6001,hour,9.8593997800,µg/m3,2018-11-30 14:00:00 +01:00,2018-11-30 15:00:00 +01:00,1,1
AT,AT.0008.20.AQ,NET.09,STA.09.AKC,,SPO.09.AKC.5066.6001.1,SPP.09.AKC.5066.6001.1.11325,SAM.09.AKC.5066.6001.1,PM2.5,http://dd.eionet.europa.eu/vocabulary/aq/pollutant/6001,hour,13.1890001100,µg/m3,2018-11-30 18:00:00 +01:00,2018-11-30 19:00:00 +01:00,1,1
AT,AT.0008.20.AQ,NET.09,STA.09.AKC,,SPO.09.AKC.5066.6001.1,SPP.09.AKC.5066.6001.1.11325,SAM.09.AKC.5066.6001.1,PM2.5,http://dd.eionet.europa.eu/vocabulary/aq/pollutant/6001,hour,21.5260009600,µg/m3,2018-12-01 00:00:00 +01:00,2018-12-01 01:00:00 +01:00,1,1
AT,AT.0008.20.AQ,NET.09,STA.09.AKC,,SPO.09.AKC.5066.6001.1,SPP.09.AKC.5066.6001.1.11325,SAM.09.AKC.5066.6001.1,PM2.5,http://dd.eionet.europa.eu/vocabulary/aq/pollutant/6001,hour,21.3330001700,µg/m3,2018-12-01 02:00:00 +01:00,2018-12-01 03:00:00 +01:00,1,1
AT,AT.0008.20.AQ,NET.09,STA.09.AKC,,SPO.09.AKC.5066.6001.1,SPP.09.AKC.5066.6001.1.11325,SAM.09.AKC.5066.6001.1,PM2.5,http://dd.eionet.europa.eu/vocabulary/aq/pollutant/6001,hour,24.9010009600,µg/m3,2018-12-01 08:00:00 +01:00,2018-12-01 09:00:00 +01:00,1,1
AT,AT.0008.20.AQ,NET.09,STA.09.AKC,,SPO.09.AKC.5066.6001.1,SPP.09.AKC.5066.6001.1.11325,SAM.09.AKC.5066.6001.1,PM2.5,http://dd.eionet.europa.eu/vocabulary/aq/pollutant/6001,hour,27.9314994700,µg/m3,2018-12-01 09:00:00 +01:00,2018-12-01 10:00:00 +01:00,1,1
AT,AT.0008.20.AQ,NET.09,STA.09.AKC,,SPO.09.AKC.5066.6001.1,SPP.09.AKC.5066.6001.1.11325,SAM.09.AKC.5066.6001.1,PM2.5,http://dd.eionet.europa.eu/vocabulary/aq/pollutant/6001,hour,30.2884998200,µg/m3,2018-12-01 10:00:00 +01:00,2018-12-01 11:00:00 +01:00,1,1
AT,AT.0008.20.AQ,NET.09,STA.09.AKC,,SPO.09.AKC.5066.6001.1,SPP.09.AKC.5066.6001.1.11325,SAM.09.AKC.5066.6001.1,PM2.5,http://dd.eionet.europa.eu/vocabulary/aq/pollutant/6001,hour,33.0029983400,µg/m3,2018-12-01 12:00:00 +01:00,2018-12-01 13:00:00 +01:00,1,1
AT,AT.0008.20.AQ,NET.09,STA.09.AKC,,SPO.09.AKC.5066.6001.1,SPP.09.AKC.5066.6001.1.11325,SAM.09.AKC.5066.6001.1,PM2.5,http://dd.eionet.europa.eu/vocabulary/aq/pollutant/6001,hour,35.0019988900,µg/m3,2018-12-01 19:00:00 +01:00,2018-12-01 20:00:00 +01:00,1,1
AT,AT.0008.20.AQ,NET.09,STA.09.AKC,,SPO.09.AKC.5066.6001.1,SPP.09.AKC.5066.6001.1.11325,SAM.09.AKC.5066.6001.1,PM2.5,http://dd.eionet.europa.eu/vocabulary/aq/pollutant/6001,hour,45.8140029800,µg/m3,2018-12-01 23:00:00 +01:00,2018-12-02 00:00:00 +01:00,1,1
AT,AT.0008.20.AQ,NET.09,STA.09.AKC,,SPO.09.AKC.5066.6001.1,SPP.09.AKC.5066.6001.1.11325,SAM.09.AKC.5066.6001.1,PM2.5,http://dd.eionet.europa.eu/vocabulary/aq/pollutant/6001,hour,45.8655013900,µg/m3,2018-12-02 00:00:00 +01:00,2018-12-02 01:00:00 +01:00,1,1
AT,AT.0008.20.AQ,NET.09,STA.09.AKC,,SPO.09.AKC.5066.6001.1,SPP.09.AKC.5066.6001.1.11325,SAM.09.AKC.5066.6001.1,PM2.5,http://dd.eionet.europa.eu/vocabulary/aq/pollutant/6001,hour,47.5045013300,µg/m3,2018-12-02 02:00:00 +01:00,2018-12-02 03:00:00 +01:00,1,1
AT,AT.0008.20.AQ,NET.09,STA.09.AKC,,SPO.09.AKC.5066.6001.1,SPP.09.AKC.5066.6001.1.11325,SAM.09.AKC.5066.6001.1,PM2.5,http://dd.eionet.europa.eu/vocabulary/aq/pollutant/6001,hour,48.2679977300,µg/m3,2018-12-02 03:00:00 +01:00,2018-12-02 04:00:00 +01:00,1,1
AT,AT.0008.20.AQ,NET.09,STA.09.AKC,,SPO.09.AKC.5066.6001.1,SPP.09.AKC.5066.6001.1.11325,SAM.09.AKC.5066.6001.1,PM2.5,http://dd.eionet.europa.eu/vocabulary/aq/pollutant/6001,hour,45.7070007200,µg/m3,2018-12-02 04:00:00 +01:00,2018-12-02 05:00:00 +01:00,1,1
AT,AT.0008.20.AQ,NET.09,STA.09.AKC,,SPO.09.AKC.5066.6001.1,SPP.09.AKC.5066.6001.1.11325,SAM.09.AKC.5066.6001.1,PM2.5,http://dd.eionet.europa.eu/vocabulary/aq/pollutant/6001,hour,47.3769988900,µg/m3,2018-12-02 06:00:00 +01:00,2018-12-02 07:00:00 +01:00,1,1
AT,AT.0008.20.AQ,NET.09,STA.09.AKC,,SPO.09.AKC.5066.6001.1,SPP.09.AKC.5066.6001.1.11325,SAM.09.AKC.5066.6001.1,PM2.5,http://dd.eionet.europa.eu/vocabulary/aq/pollutant/6001,hour,48.1770019400,µg/m3,2018-12-02 07:00:00 +01:00,2018-12-02 08:00:00 +01:00,1,1
AT,AT.0008.20.AQ,NET.09,STA.09.AKC,,SPO.09.AKC.5066.6001.1,SPP.09.AKC.5066.6001.1.11325,SAM.09.AKC.5066.6001.1,PM2.5,http://dd.eionet.europa.eu/vocabulary/aq/pollutant/6001,hour,48.7944984300,µg/m3,2018-12-02 08:00:00 +01:00,2018-12-02 09:00:00 +01:00,1,1
AT,AT.0008.20.AQ,NET.09,STA.09.AKC,,SPO.09.AKC.5066.6001.1,SPP.09.AKC.5066.6001.1.11325,SAM.09.AKC.5066.6001.1,PM2.5,http://dd.eionet.europa.eu/vocabulary/aq/pollutant/6001,hour,47.8680000200,µg/m3,2018-12-02 11:00:00 +01:00,2018-12-02 12:00:00 +01:00,1,1
AT,AT.0008.20.AQ,NET.09,STA.09.AKC,,SPO.09.AKC.5066.6001.1,SPP.09.AKC.5066.6001.1.11325,SAM.09.AKC.5066.6001.1,PM2.5,http://dd.eionet.europa.eu/vocabulary/aq/pollutant/6001,hour,52.1899986100,µg/m3,2018-12-02 12:00:00 +01:00,2018-12-02 13:00:00 +01:00,1,1
AT,AT.0008.20.AQ,NET.09,STA.09.AKC,,SPO.09.AKC.5066.6001.1,SPP.09.AKC.5066.6001.1.11325,SAM.09.AKC.5066.6001.1,PM2.5,http://dd.eionet.europa.eu/vocabulary/aq/pollutant/6001,hour,59.3834991300,µg/m3,2018-12-02 15:00:00 +01:00,2018-12-02 16:00:00 +01:00,1,1
AT,AT.0008.20.AQ,NET.09,STA.09.AKC,,SPO.09.AKC.5066.6001.1,SPP.09.AKC.5066.6001.1.11325,SAM.09.AKC.5066.6001.1,PM2.5,http://dd.eionet.europa.eu/vocabulary/aq/pollutant/6001,hour,43.9609985200,µg/m3,2018-12-02 19:00:00 +01:00,2018-12-02 20:00:00 +01:00,1,1
AT,AT.0008.20.AQ,NET.09,STA.09.AKC,,SPO.09.AKC.5066.6001.1,SPP.09.AKC.5066.6001.1.11325,SAM.09.AKC.5066.6001.1,PM2.5,http://dd.eionet.europa.eu/vocabulary/aq/pollutant/6001,hour,52.6634979100,µg/m3,2018-12-03 03:00:00 +01:00,2018-12-03 04:00:00 +01:00,1,1
AT,AT.0008.20.AQ,NET.09,STA.09.AKC,,SPO.09.AKC.5066.6001.1,SPP.09.AKC.5066.6001.1.11325,SAM.09.AKC.5066.6001.1,PM2.5,http://dd.eionet.europa.eu/vocabulary/aq/pollutant/6001,hour,41.9270019400,µg/m3,2018-12-03 08:00:00 +01:00,2018-12-03 09:00:00 +01:00,1,1
AT,AT.0008.20.AQ,NET.09,STA.09.AKC,,SPO.09.AKC.5066.6001.1,SPP.09.AKC.5066.6001.1.11325,SAM.09.AKC.5066.6001.1,PM2.5,http://dd.eionet.europa.eu/vocabulary/aq/pollutant/6001,hour,41.6090011400,µg/m3,2018-12-03 09:00:00 +01:00,2018-12-03 10:00:00 +01:00,1,1
AT,AT.0008.20.AQ,NET.09,STA.09.AKC,,SPO.09.AKC.5066.6001.1,SPP.09.AKC.5066.6001.1.11325,SAM.09.AKC.5066.6001.1,PM2.5,http://dd.eionet.europa.eu/vocabulary/aq/pollutant/6001,hour,41.3889999200,µg/m3,2018-12-03 10:00:00 +01:00,2018-12-03 11:00:00 +01:00,1,1
AT,AT.0008.20.AQ,NET.09,STA.09.AKC,,SPO.09.AKC.5066.6001.1,SPP.09.AKC.5066.6001.1.11325,SAM.09.AKC.5066.6001.1,PM2.5,http://dd.eionet.europa.eu/vocabulary/aq/pollutant/6001,hour,44.4349975400,µg/m3,2018-12-03 11:00:00 +01:00,2018-12-03 12:00:00 +01:00,1,1
AT,AT.0008.20.AQ,NET.09,STA.09.AKC,,SPO.09.AKC.5066.6001.1,SPP.09.AKC.5066.6001.1.11325,SAM.09.AKC.5066.6001.1,PM2.5,http://dd.eionet.europa.eu/vocabulary/aq/pollutant/6001,hour,44.8064994700,µg/m3,2018-12-03 14:00:00 +01:00,2018-12-03 15:00:00 +01:00,1,1
AT,AT.0008.20.AQ,NET.09,STA.09.AKC,,SPO.09.AKC.5066.6001.1,SPP.09.AKC.5066.6001.1.11325,SAM.09.AKC.5066.6001.1,PM2.5,http://dd.eionet.europa.eu/vocabulary/aq/pollutant/6001,hour,49.7870025500,µg/m3,2018-12-03 18:00:00 +01:00,2018-12-03 19:00:00 +01:00,1,1
AT,AT.0008.20.AQ,NET.09,STA.09.AKC,,SPO.09.AKC.5066.6001.1,SPP.09.AKC.5066.6001.1.11325,SAM.09.AKC.5066.6001.1,PM2.5,http://dd.eionet.europa.eu/vocabulary/aq/pollutant/6001,hour,54.4325027300,µg/m3,2018-12-03 19:00:00 +01:00,2018-12-03 20:00:00 +01:00,1,1
AT,AT.0008.20.AQ,NET.09,STA.09.AKC,,SPO.09.AKC.5066.6001.1,SPP.09.AKC.5066.6001.1.11325,SAM.09.AKC.5066.6001.1,PM2.5,http://dd.eionet.europa.eu/vocabulary/aq/pollutant/6001,hour,51.3120002600,µg/m3,2018-12-04 00:00:00 +01:00,2018-12-04 01:00:00 +01:00,1,1
AT,AT.0008.20.AQ,NET.09,STA.09.AKC,,SPO.09.AKC.5066.6001.1,SPP.09.AKC.5066.6001.1.11325,SAM.09.AKC.5066.6001.1,PM2.5,http://dd.eionet.europa.eu/vocabulary/aq/pollutant/6001,hour,32.4995002600,µg/m3,2018-12-04 02:00:00 +01:00,2018-12-04 03:00:00 +01:00,1,1
AT,AT.0008.20.AQ,NET.09,STA.09.AKC,,SPO.09.AKC.5066.6001.1,SPP.09.AKC.5066.6001.1.11325,SAM.09.AKC.5066.6001.1,PM2.5,http://dd.eionet.europa.eu/vocabulary/aq/pollutant/6001,hour,1.3136500000,µg/m3,2018-12-04 05:00:00 +01:00,2018-12-04 06:00:00 +01:00,1,1
AT,AT.0008.20.AQ,NET.09,STA.09.AKC,,SPO.09.AKC.5066.6001.1,SPP.09.AKC.5066.6001.1.11325,SAM.09.AKC.5066.6001.1,PM2.5,http://dd.eionet.europa.eu/vocabulary/aq/pollutant/6001,hour,2.4783499100,µg/m3,2018-12-04 07:00:00 +01:00,2018-12-04 08:00:00 +01:00,1,1
AT,AT.0008.20.AQ,NET.09,STA.09.AKC,,SPO.09.AKC.5066.6001.1,SPP.09.AKC.5066.6001.1.11325,SAM.09.AKC.5066.6001.1,PM2.5,http://dd.eionet.europa.eu/vocabulary/aq/pollutant/6001,hour,2.5469498500,µg/m3,2018-12-04 08:00:00 +01:00,2018-12-04 09:00:00 +01:00,1,1
AT,AT.0008.20.AQ,NET.09,STA.09.AKC,,SPO.09.AKC.5066.6001.1,SPP.09.AKC.5066.6001.1.11325,SAM.09.AKC.5066.6001.1,PM2.5,http://dd.eionet.europa.eu/vocabulary/aq/pollutant/6001,hour,2.9548499400,µg/m3,2018-12-04 09:00:00 +01:00,2018-12-04 10:00:00 +01:00,1,1
AT,AT.0008.20.AQ,NET.09,STA.09.AKC,,SPO.09.AKC.5066.6001.1,SPP.09.AKC.5066.6001.1.11325,SAM.09.AKC.5066.6001.1,PM2.5,http://dd.eionet.europa.eu/vocabulary/aq/pollutant/6001,hour,3.8114499900,µg/m3,2018-12-04 13:00:00 +01:00,2018-12-04 14:00:00 +01:00,1,1
AT,AT.0008.20.AQ,NET.09,STA.09.AKC,,SPO.09.AKC.5066.6001.1,SPP.09.AKC.5066.6001.1.11325,SAM.09.AKC.5066.6001.1,PM2.5,http://dd.eionet.europa.eu/vocabulary/aq/pollutant/6001,hour,5.0733499400,µg/m3,2018-12-04 16:00:00 +01:00,2018-12-04 17:00:00 +01:00,1,1
AT,AT.0008.20.AQ,NET.09,STA.09.AKC,,SPO.09.AKC.5066.6001.1,SPP.09.AKC.5066.6001.1.11325,SAM.09.AKC.5066.6001.1,PM2.5,http://dd.eionet.europa.eu/vocabulary/aq/pollutant/6001,hour,5.7156495900,µg/m3,2018-12-04 18:00:00 +01:00,2018-12-04 19:00:00 +01:00,1,1
AT,AT.0008.20.AQ,NET.09,STA.09.AKC,,SPO.09.AKC.5066.6001.1,SPP.09.AKC.5066.6001.1.11325,SAM.09.AKC.5066.6001.1,PM2.5,http://dd.eionet.europa.eu/vocabulary/aq/pollutant/6001,hour,5.9647502700,µg/m3,2018-12-04 19:00:00 +01:00,2018-12-04 20:00:00 +01:00,1,1
AT,AT.0008.20.AQ,NET.09,STA.09.AKC,,SPO.09.AKC.5066.6001.1,SPP.09.AKC.5066.6001.1.11325,SAM.09.AKC.5066.6001.1,PM2.5,http://dd.eionet.europa.eu/vocabulary/aq/pollutant/6001,hour,5.2046499100,µg/m3,2018-12-04 20:00:00 +01:00,2018-12-04 21:00:00 +01:00,1,1
AT,AT.0008.20.AQ,NET.09,STA.09.AKC,,SPO.09.AKC.5066.6001.1,SPP.09.AKC.5066.6001.1.11325,SAM.09.AKC.5066.6001.1,PM2.5,http://dd.eionet.europa.eu/vocabulary/aq/pollutant/6001,hour,5.1761503100,µg/m3,2018-12-04 23:00:00 +01:00,2018-12-05 00:00:00 +01:00,1,1
AT,AT.0008.20.AQ,NET.09,STA.09.AKC,,SPO.09.AKC.5066.6001.1,SPP.09.AKC.5066.6001.1.11325,SAM.09.AKC.5066.6001.1,PM2.5,http://dd.eionet.europa.eu/vocabulary/aq/pollutant/6001,hour,5.9633998700,µg/m3,2018-12-05 02:00:00 +01:00,2018-12-05 03:00:00 +01:00,1,1
AT,AT.0008.20.AQ,NET.09,STA.09.AKC,,SPO.09.AKC.5066.6001.1,SPP.09.AKC.5066.6001.1.11325,SAM.09.AKC.5066.6001.1,PM2.5,http://dd.eionet.europa.eu/vocabulary/aq/pollutant/6001,hour,6.1216497300,µg/m3,2018-12-05 03:00:00 +01:00,2018-12-05 04:00:00 +01:00,1,1
AT,AT.0008.20.AQ,NET.09,STA.09.AKC,,SPO.09.AKC.5066.6001.1,SPP.09.AKC.5066.6001.1.11325,SAM.09.AKC.5066.6001.1,PM2.5,http://dd.eionet.europa.eu/vocabulary/aq/pollutant/6001,hour,6.0477499800,µg/m3,2018-12-05 04:00:00 +01:00,2018-12-05 05:00:00 +01:00,1,1
AT,AT.0008.20.AQ,NET.09,STA.09.AKC,,SPO.09.AKC.5066.6001.1,SPP.09.AKC.5066.6001.1.11325,SAM.09.AKC.5066.6001.1,PM2.5,http://dd.eionet.europa.eu/vocabulary/aq/pollutant/6001,hour,6.1399001900,µg/m3,2018-12-05 11:00:00 +01:00,2018-12-05 12:00:00 +01:00,1,1
AT,AT.0008.20.AQ,NET.09,STA.09.AKC,,SPO.09.AKC.5066.6001.1,SPP.09.AKC.5066.6001.1.11325,SAM.09.AKC.5066.6001.1,PM2.5,http://dd.eionet.europa.eu/vocabulary/aq/pollutant/6001,hour,4.9621500800,µg/m3,2018-12-05 12:00:00 +01:00,2018-12-05 13:00:00 +01:00,1,1
AT,AT.0008.20.AQ,NET.09,STA.09.AKC,,SPO.09.AKC.5066.6001.1,SPP.09.AKC.5066.6001.1.11325,SAM.09.AKC.5066.6001.1,PM2.5,http://dd.eionet.europa.eu/vocabulary/aq/pollutant/6001,hour,16.9845008700,µg/m3,2018-12-05 19:00:00 +01:00,2018-12-05 20:00:00 +01:00,1,1
AT,AT.0008.20.AQ,NET.09,STA.09.AKC,,SPO.09.AKC.5066.6001.1,SPP.09.AKC.5066.6001.1.11325,SAM.09.AKC.5066.6001.1,PM2.5,http://dd.eionet.europa.eu/vocabulary/aq/pollutant/6001,hour,17.5429992500,µg/m3,2018-12-05 21:00:00 +01:00,2018-12-05 22:00:00 +01:00,1,1
AT,AT.0008.20.AQ,NET.09,STA.09.AKC,,SPO.09.AKC.5066.6001.1,SPP.09.AKC.5066.6001.1.11325,SAM.09.AKC.5066.6001.1,PM2.5,http://dd.eionet.europa.eu/vocabulary/aq/pollutant/6001,hour,11.2864999600,µg/m3,2018-12-06 07:00:00 +01:00,2018-12-06 08:00:00 +01:00,1,1
AT,AT.0008.20.AQ,NET.09,STA.09.AKC,,SPO.09.AKC.5066.6001.1,SPP.09.AKC.5066.6001.1.11325,SAM.09.AKC.5066.6001.1,PM2.5,http://dd.eionet.europa.eu/vocabulary/aq/pollutant/6001,hour,13.3530006300,µg/m3,2018-12-06 14:00:00 +01:00,2018-12-06 15:00:00 +01:00,1,1
AT,AT.0008.20.AQ,NET.09,STA.09.AKC,,SPO.09.AKC.5066.6001.1,SPP.09.AKC.5066.6001.1.11325,SAM.09.AKC.5066.6001.1,PM2.5,http://dd.eionet.europa.eu/vocabulary/aq/pollutant/6001,hour,20.0205001700,µg/m3,2018-12-06 21:00:00 +01:00,2018-12-06 22:00:00 +01:00,1,1
AT,AT.0008.20.AQ,NET.09,STA.09.AKC,,SPO.09.AKC.5066.6001.1,SPP.09.AKC.5066.6001.1.11325,SAM.09.AKC.5066.6001.1,PM2.5,http://dd.eionet.europa.eu/vocabulary/aq/pollutant/6001,hour,20.8894996500,µg/m3,2018-12-06 22:00:00 +01:00,2018-12-06 23:00:00 +01:00,1,1
AT,AT.0008.20.AQ,NET.09,STA.09.AKC,,SPO.09.AKC.5066.6001.1,SPP.09.AKC.5066.6001.1.11325,SAM.09.AKC.5066.6001.1,PM2.5,http://dd.eionet.europa.eu/vocabulary/aq/pollutant/6001,hour,21.4314994700,µg/m3,2018-12-07 00:00:00 +01:00,2018-12-07 01:00:00 +01:00,1,1
AT,AT.0008.20.AQ,NET.09,STA.09.AKC,,SPO.09.AKC.5066.6001.1,SPP.09.AKC.5066.6001.1.11325,SAM.09.AKC.5066.6001.1,PM2.5,http://dd.eionet.europa.eu/vocabulary/aq/pollutant/6001,hour,22.2360000500,µg/m3,2018-12-07 06:00:00 +01:00,2018-12-07 07:00:00 +01:00,1,1
AT,AT.0008.20.AQ,NET.09,STA.09.AKC,,SPO.09.AKC.5066.6001.1,SPP.09.AKC.5066.6001.1.11325,SAM.09.AKC.5066.6001.1,PM2.5,http://dd.eionet.europa.eu/vocabulary/aq/pollutant/6001,hour,24.0979995600,µg/m3,2018-12-07 07:00:00 +01:00,2018-12-07 08:00:00 +01:00,1,1
AT,AT.0008.20.AQ,NET.09,STA.09.AKC,,SPO.09.AKC.5066.6001.1,SPP.09.AKC.5066.6001.1.11325,SAM.09.AKC.5066.6001.1,PM2.5,http://dd.eionet.europa.eu/vocabulary/aq/pollutant/6001,hour,25.6095008700,µg/m3,2018-12-07 08:00:00 +01:00,2018-12-07 09:00:00 +01:00,1,1
AT,AT.0008.20.AQ,NET.09,STA.09.AKC,,SPO.09.AKC.5066.6001.1,SPP.09.AKC.5066.6001.1.11325,SAM.09.AKC.5066.6001.1,PM2.5,http://dd.eionet.europa.eu/vocabulary/aq/pollutant/6001,hour,28.1770000300,µg/m3,2018-12-07 11:00:00 +01:00,2018-12-07 12:00:00 +01:00,1,1
AT,AT.0008.20.AQ,NET.09,STA.09.AKC,,SPO.09.AKC.5066.6001.1,SPP.09.AKC.5066.6001.1.11325,SAM.09.AKC.5066.6001.1,PM2.5,http://dd.eionet.europa.eu/vocabulary/aq/pollutant/6001,hour,28.7859992800,µg/m3,2018-12-07 12:00:00 +01:00,2018-12-07 13:00:00 +01:00,1,1
AT,AT.0008.20.AQ,NET.09,STA.09.AKC,,SPO.09.AKC.5066.6001.1,SPP.09.AKC.5066.6001.1.11325,SAM.09.AKC.5066.6001.1,PM2.5,http://dd.eionet.europa.eu/vocabulary/aq/pollutant/6001,hour,29.7514991600,µg/m3,2018-12-07 13:00:00 +01:00,2018-12-07 14:00:00 +01:00,1,1
AT,AT.0008.20.AQ,NET.09,STA.09.AKC,,SPO.09.AKC.5066.6001.1,SPP.09.AKC.5066.6001.1.11325,SAM.09.AKC.5066.6001.1,PM2.5,http://dd.eionet.europa.eu/vocabulary/aq/pollutant/6001,hour,36.6655006300,µg/m3,2018-12-07 18:00:00 +01:00,2018-12-07 19:00:00 +01:00,1,1
AT,AT.0008.20.AQ,NET.09,STA.09.AKC,,SPO.09.AKC.5066.6001.1,SPP.09.AKC.5066.6001.1.11325,SAM.09.AKC.5066.6001.1,PM2.5,http://dd.eionet.europa.eu/vocabulary/aq/pollutant/6001,hour,34.8689994700,µg/m3,2018-12-07 19:00:00 +01:00,2018-12-07 20:00:00 +01:00,1,1
AT,AT.0008.20.AQ,NET.09,STA.09.AKC,,SPO.09.AKC.5066.6001.1,SPP.09.AKC.5066.6001.1.11325,SAM.09.AKC.5066.6001.1,PM2.5,http://dd.eionet.europa.eu/vocabulary/aq/pollutant/6001,hour,36.2639999200,µg/m3,2018-12-07 21:00:00 +01:00,2018-12-07 22:00:00 +01:00,1,1
AT,AT.0008.20.AQ,NET.09,STA.09.AKC,,SPO.09.AKC.5066.6001.1,SPP.09.AKC.5066.6001.1.11325,SAM.09.AKC.5066.6001.1,PM2.5,http://dd.eionet.europa.eu/vocabulary/aq/pollutant/6001,hour,34.7495002600,µg/m3,2018-12-07 23:00:00 +01:00,2018-12-08 00:00:00 +01:00,1,1
AT,AT.0008.20.AQ,NET.09,STA.09.AKC,,SPO.09.AKC.5066.6001.1,SPP.09.AKC.5066.6001.1.11325,SAM.09.AKC.5066.6001.1,PM2.5,http://dd.eionet.europa.eu/vocabulary/aq/pollutant/6001,hour,36.8385009600,µg/m3,2018-12-08 01:00:00 +01:00,2018-12-08 02:00:00 +01:00,1,1
AT,AT.0008.20.AQ,NET.09,STA.09.AKC,,SPO.09.AKC.5066.6001.1,SPP.09.AKC.5066.6001.1.11325,SAM.09.AKC.5066.6001.1,PM2.5,http://dd.eionet.europa.eu/vocabulary/aq/pollutant/6001,hour,34.6419982800,µg/m3,2018-12-08 02:00:00 +01:00,2018-12-08 03:00:00 +01:00,1,1
AT,AT.0008.20.AQ,NET.09,STA.09.AKC,,SPO.09.AKC.5066.6001.1,SPP.09.AKC.5066.6001.1.11325,SAM.09.AKC.5066.6001.1,PM2.5,http://dd.eionet.europa.eu/vocabulary/aq/pollutant/6001,hour,2.0929500900,µg/m3,2018-12-08 08:00:00 +01:00,2018-12-08 09:00:00 +01:00,1,1
AT,AT.0008.20.AQ,NET.09,STA.09.AKC,,SPO.09.AKC.5066.6001.1,SPP.09.AKC.5066.6001.1.11325,SAM.09.AKC.5066.6001.1,PM2.5,http://dd.eionet.europa.eu/vocabulary/aq/pollutant/6001,hour,2.4187002000,µg/m3,2018-12-08 09:00:00 +01:00,2018-12-08 10:00:00 +01:00,1,1
AT,AT.0008.20.AQ,NET.09,STA.09.AKC,,SPO.09.AKC.5066.6001.1,SPP.09.AKC.5066.6001.1.11325,SAM.09.AKC.5066.6001.1,PM2.5,http://dd.eionet.europa.eu/vocabulary/aq/pollutant/6001,hour,2.8828999800,µg/m3,2018-12-08 12:00:00 +01:00,2018-12-08 13:00:00 +01:00,1,1
AT,AT.0008.20.AQ,NET.09,STA.09.AKC,,SPO.09.AKC.5066.6001.1,SPP.09.AKC.5066.6001.1.11325,SAM.09.AKC.5066.6001.1,PM2.5,http://dd.eionet.europa.eu/vocabulary/aq/pollutant/6001,hour,3.8888499600,µg/m3,2018-12-08 16:00:00 +01:00,2018-12-08 17:00:00 +01:00,1,1
AT,AT.0008.20.AQ,NET.09,STA.09.AKC,,SPO.09.AKC.5066.6001.1,SPP.09.AKC.5066.6001.1.11325,SAM.09.AKC.5066.6001.1,PM2.5,http://dd.eionet.europa.eu/vocabulary/aq/pollutant/6001,hour,3.1380500600,µg/m3,2018-12-08 19:00:00 +01:00,2018-12-08 20:00:00 +01:00,1,1
AT,AT.0008.20.AQ,NET.09,STA.09.AKC,,SPO.09.AKC.5066.6001.1,SPP.09.AKC.5066.6001.1.11325,SAM.09.AKC.5066.6001.1,PM2.5,http://dd.eionet.europa.eu/vocabulary/aq/pollutant/6001,hour,3.2016999600,µg/m3,2018-12-08 20:00:00 +01:00,2018-12-08 21:00:00 +01:00,1,1
AT,AT.0008.20.AQ,NET.09,STA.09.AKC,,SPO.09.AKC.5066.6001.1,SPP.09.AKC.5066.6001.1.11325,SAM.09.AKC.5066.6001.1,PM2.5,http://dd.eionet.europa.eu/vocabulary/aq/pollutant/6001,hour,2.2950000600,µg/m3,2018-12-08 21:00:00 +01:00,2018-12-08 22:00:00 +01:00,1,1
AT,AT.0008.20.AQ,NET.09,STA.09.AKC,,SPO.09.AKC.5066.6001.1,SPP.09.AKC.5066.6001.1.11325,SAM.09.AKC.5066.6001.1,PM2.5,http://dd.eionet.europa.eu/vocabulary/aq/pollutant/6001,hour,4.3090500700,µg/m3,2018-12-09 00:00:00 +01:00,2018-12-09 01:00:00 +01:00,1,1
AT,AT.0008.20.AQ,NET.09,STA.09.AKC,,SPO.09.AKC.5066.6001.1,SPP.09.AKC.5066.6001.1.11325,SAM.09.AKC.5066.6001.1,PM2.5,http://dd.eionet.europa.eu/vocabulary/aq/pollutant/6001,hour,4.7242498200,µg/m3,2018-12-09 04:00:00 +01:00,2018-12-09 05:00:00 +01:00,1,1
AT,AT.0008.20.AQ,NET.09,STA.09.AKC,,SPO.09.AKC.5066.6001.1,SPP.09.AKC.5066.6001.1.11325,SAM.09.AKC.5066.6001.1,PM2.5,http://dd.eionet.europa.eu/vocabulary/aq/pollutant/6001,hour,3.2612500000,µg/m3,2018-12-09 05:00:00 +01:00,2018-12-09 06:00:00 +01:00,1,1
AT,AT.0008.20.AQ,NET.09,STA.09.AKC,,SPO.09.AKC.5066.6001.1,SPP.09.AKC.5066.6001.1.11325,SAM.09.AKC.5066.6001.1,PM2.5,http://dd.eionet.europa.eu/vocabulary/aq/pollutant/6001,hour,3.1131999300,µg/m3,2018-12-09 06:00:00 +01:00,2018-12-09 07:00:00 +01:00,1,1
AT,AT.0008.20.AQ,NET.09,STA.09.AKC,,SPO.09.AKC.5066.6001.1,SPP.09.AKC.5066.6001.1.11325,SAM.09.AKC.5066.6001.1,PM2.5,http://dd.eionet.europa.eu/vocabulary/aq/pollutant/6001,hour,2.1414999800,µg/m3,2018-12-09 15:00:00 +01:00,2018-12-09 16:00:00 +01:00,1,1
AT,AT.0008.20.AQ,NET.09,STA.09.AKC,,SPO.09.AKC.5066.6001.1,SPP.09.AKC.5066.6001.1.11325,SAM.09.AKC.5066.6001.1,PM2.5,http://dd.eionet.europa.eu/vocabulary/aq/pollutant/6001,hour,1.9279500100,µg/m3,2018-12-09 21:00:00 +01:00,2018-12-09 22:00:00 +01:00,1,1
AT,AT.0008.20.AQ,NET.09,STA.09.AKC,,SPO.09.AKC.5066.6001.1,SPP.09.AKC.5066.6001.1.11325,SAM.09.AKC.5066.6001.1,PM2.5,http://dd.eionet.europa.eu/vocabulary/aq/pollutant/6001,hour,1.7393500700,µg/m3,2018-12-10 05:00:00 +01:00,2018-12-10 06:00:00 +01:00,1,1
AT,AT.0008.20.AQ,NET.09,STA.09.AKC,,SPO.09.AKC.5066.6001.1,SPP.09.AKC.5066.6001.1.11325,SAM.09.AKC.5066.6001.1,PM2.5,http://dd.eionet.europa.eu/vocabulary/aq/pollutant/6001,hour,3.0818500400,µg/m3,2018-12-10 11:00:00 +01:00,2018-12-10 12:00:00 +01:00,1,1
AT,AT.0008.20.AQ,NET.09,STA.09.AKC,,SPO.09.AKC.5066.6001.1,SPP.09.AKC.5066.6001.1.11325,SAM.09.AKC.5066.6001.1,PM2.5,http://dd.eionet.europa.eu/vocabulary/aq/pollutant/6001,hour,3.1089999500,µg/m3,2018-12-10 13:00:00 +01:00,2018-12-10 14:00:00 +01:00,1,1
AT,AT.0008.20.AQ,NET.09,STA.09.AKC,,SPO.09.AKC.5066.6001.1,SPP.09.AKC.5066.6001.1.11325,SAM.09.AKC.5066.6001.1,PM2.5,http://dd.eionet.europa.eu/vocabulary/aq/pollutant/6001,hour,3.8730499600,µg/m3,2018-12-10 17:00:00 +01:00,2018-12-10 18:00:00 +01:00,1,1
AT,AT.0008.20.AQ,NET.09,STA.09.AKC,,SPO.09.AKC.5066.6001.1,SPP.09.AKC.5066.6001.1.11325,SAM.09.AKC.5066.6001.1,PM2.5,http://dd.eionet.europa.eu/vocabulary/aq/pollutant/6001,hour,4.3065004200,µg/m3,2018-12-10 18:00:00 +01:00,2018-12-10 19:00:00 +01:00,1,1
AT,AT.0008.20.AQ,NET.09,STA.09.AKC,,SPO.09.AKC.5066.6001.1,SPP.09.AKC.5066.6001.1.11325,SAM.09.AKC.5066.6001.1,PM2.5,http://dd.eionet.europa.eu/vocabulary/aq/pollutant/6001,hour,5.6737499100,µg/m3,2018-12-10 20:00:00 +01:00,2018-12-10 21:00:00 +01:00,1,1
AT,AT.0008.20.AQ,NET.09,STA.09.AKC,,SPO.09.AKC.5066.6001.1,SPP.09.AKC.5066.6001.1.11325,SAM.09.AKC.5066.6001.1,PM2.5,http://dd.eionet.europa.eu/vocabulary/aq/pollutant/6001,hour,5.9850997800,µg/m3,2018-12-10 21:00:00 +01:00,2018-12-10 22:00:00 +01:00,1,1
AT,AT.0008.20.AQ,NET.09,STA.09.AKC,,SPO.09.AKC.5066.6001.1,SPP.09.AKC.5066.6001.1.11325,SAM.09.AKC.5066.6001.1,PM2.5,http://dd.eionet.europa.eu/vocabulary/aq/pollutant/6001,hour,5.5774998500,µg/m3,2018-12-10 22:00:00 +01:00,2018-12-10 23:00:00 +01:00,1,1
AT,AT.0008.20.AQ,NET.09,STA.09.AKC,,SPO.09.AKC.5066.6001.1,SPP.09.AKC.5066.6001.1.11325,SAM.09.AKC.5066.6001.1,PM2.5,http://dd.eionet.europa.eu/vocabulary/aq/pollutant/6001,hour,4.7426996100,µg/m3,2018-12-10 23:00:00 +01:00,2018-12-11 00:00:00 +01:00,1,1
AT,AT.0008.20.AQ,NET.09,STA.09.AKC,,SPO.09.AKC.5066.6001.1,SPP.09.AKC.5066.6001.1.11325,SAM.09.AKC.5066.6001.1,PM2.5,http://dd.eionet.europa.eu/vocabulary/aq/pollutant/6001,hour,4.5771999200,µg/m3,2018-12-11 02:00:00 +01:00,2018-12-11 03:00:00 +01:00,1,1
AT,AT.0008.20.AQ,NET.09,STA.09.AKC,,SPO.09.AKC.5066.6001.1,SPP.09.AKC.5066.6001.1.11325,SAM.09.AKC.5066.6001.1,PM2.5,http://dd.eionet.europa.eu/vocabulary/aq/pollutant/6001,hour,5.3796996900,µg/m3,2018-12-11 05:00:00 +01:00,2018-12-11 06:00:00 +01:00,1,1
AT,AT.0008.20.AQ,NET.09,STA.09.AKC,,SPO.09.AKC.5066.6001.1,SPP.09.AKC.5066.6001.1.11325,SAM.09.AKC.5066.6001.1,PM2.5,http://dd.eionet.europa.eu/vocabulary/aq/pollutant/6001,hour,5.0120496600,µg/m3,2018-12-11 08:00:00 +01:00,2018-12-11 09:00:00 +01:00,1,1
AT,AT.0008.20.AQ,NET.09,STA.09.AKC,,SPO.09.AKC.5066.6001.1,SPP.09.AKC.5066.6001.1.11325,SAM.09.AKC.5066.6001.1,PM2.5,http://dd.eionet.europa.eu/vocabulary/aq/pollutant/6001,hour,4.9227499800,µg/m3,2018-12-11 09:00:00 +01:00,2018-12-11 10:00:00 +01:00,1,1
AT,AT.0008.20.AQ,NET.09,STA.09.AKC,,SPO.09.AKC.5066.6001.1,SPP.09.AKC.5066.6001.1.11325,SAM.09.AKC.5066.6001.1,PM2.5,http://dd.eionet.europa.eu/vocabulary/aq/pollutant/6001,hour,4.1483001600,µg/m3,2018-12-11 11:00:00 +01:00,2018-12-11 12:00:00 +01:00,1,1
AT,AT.0008.20.AQ,NET.09,STA.09.AKC,,SPO.09.AKC.5066.6001.1,SPP.09.AKC.5066.6001.1.11325,SAM.09.AKC.5066.6001.1,PM2.5,http://dd.eionet.europa.eu/vocabulary/aq/pollutant/6001,hour,3.6559500500,µg/m3,2018-12-11 12:00:00 +01:00,2018-12-11 13:00:00 +01:00,1,1
AT,AT.0008.20.AQ,NET.09,STA.09.AKC,,SPO.09.AKC.5066.6001.1,SPP.09.AKC.5066.6001.1.11325,SAM.09.AKC.5066.6001.1,PM2.5,http://dd.eionet.europa.eu/vocabulary/aq/pollutant/6001,hour,3.8281998500,µg/m3,2018-12-11 13:00:00 +01:00,2018-12-11 14:00:00 +01:00,1,1
AT,AT.0008.20.AQ,NET.09,STA.09.AKC,,SPO.09.AKC.5066.6001.1,SPP.09.AKC.5066.6001.1.11325,SAM.09.AKC.5066.6001.1,PM2.5,http://dd.eionet.europa.eu/vocabulary/aq/pollutant/6001,hour,5.3662500200,µg/m3,2018-12-11 15:00:00 +01:00,2018-12-11 16:00:00 +01:00,1,1
AT,AT.0008.20.AQ,NET.09,STA.09.AKC,,SPO.09.AKC.5066.6001.1,SPP.09.AKC.5066.6001.1.11325,SAM.09.AKC.5066.6001.1,PM2.5,http://dd.eionet.europa.eu/vocabulary/aq/pollutant/6001,hour,5.7410998200,µg/m3,2018-12-11 17:00:00 +01:00,2018-12-11 18:00:00 +01:00,1,1
AT,AT.0008.20.AQ,NET.09,STA.09.AKC,,SPO.09.AKC.5066.6001.1,SPP.09.AKC.5066.6001.1.11325,SAM.09.AKC.5066.6001.1,PM2.5,http://dd.eionet.europa.eu/vocabulary/aq/pollutant/6001,hour,7.1561002600,µg/m3,2018-12-11 20:00:00 +01:00,2018-12-11 21:00:00 +01:00,1,1
AT,AT.0008.20.AQ,NET.09,STA.09.AKC,,SPO.09.AKC.5066.6001.1,SPP.09.AKC.5066.6001.1.11325,SAM.09.AKC.5066.6001.1,PM2.5,http://dd.eionet.europa.eu/vocabulary/aq/pollutant/6001,hour,7.5635003900,µg/m3,2018-12-11 21:00:00 +01:00,2018-12-11 22:00:00 +01:00,1,1
AT,AT.0008.20.AQ,NET.09,STA.09.AKC,,SPO.09.AKC.5066.6001.1,SPP.09.AKC.5066.6001.1.11325,SAM.09.AKC.5066.6001.1,PM2.5,http://dd.eionet.europa.eu/vocabulary/aq/pollutant/6001,hour,5.0542001600,µg/m3,2018-12-12 02:00:00 +01:00,2018-12-12 03:00:00 +01:00,1,1
AT,AT.0008.20.AQ,NET.09,STA.09.AKC,,SPO.09.AKC.5066.6001.1,SPP.09.AKC.5066.6001.1.11325,SAM.09.AKC.5066.6001.1,PM2.5,http://dd.eionet.europa.eu/vocabulary/aq/pollutant/6001,hour,3.3802499600,µg/m3,2018-12-12 03:00:00 +01:00,2018-12-12 04:00:00 +01:00,1,1
AT,AT.0008.20.AQ,NET.09,STA.09.AKC,,SPO.09.AKC.5066.6001.1,SPP.09.AKC.5066.6001.1.11325,SAM.09.AKC.5066.6001.1,PM2.5,http://dd.eionet.europa.eu/vocabulary/aq/pollutant/6001,hour,2.9770998800,µg/m3,2018-12-12 06:00:00 +01:00,2018-12-12 07:00:00 +01:00,1,1
AT,AT.0008.20.AQ,NET.09,STA.09.AKC,,SPO.09.AKC.5066.6001.1,SPP.09.AKC.5066.6001.1.11325,SAM.09.AKC.5066.6001.1,PM2.5,http://dd.eionet.europa.eu/vocabulary/aq/pollutant/6001,hour,5.5564498800,µg/m3,2018-12-12 08:00:00 +01:00,2018-12-12 09:00:00 +01:00,1,1
AT,AT.0008.20.AQ,NET.09,STA.09.AKC,,SPO.09.AKC.5066.6001.1,SPP.09.AKC.5066.6001.1.11325,SAM.09.AKC.5066.6001.1,PM2.5,http://dd.eionet.europa.eu/vocabulary/aq/pollutant/6001,hour,4.2352499800,µg/m3,2018-12-12 09:00:00 +01:00,2018-12-12 10:00:00 +01:00,1,1
AT,AT.0008.20.AQ,NET.09,STA.09.AKC,,SPO.09.AKC.5066.6001.1,SPP.09.AKC.5066.6001.1.11325,SAM.09.AKC.5066.6001.1,PM2.5,http://dd.eionet.europa.eu/vocabulary/aq/pollutant/6001,hour,5.3453998400,µg/m3,2018-12-12 11:00:00 +01:00,2018-12-12 12:00:00 +01:00,1,1
AT,AT.0008.20.AQ,NET.09,STA.09.AKC,,SPO.09.AKC.5066.6001.1,SPP.09.AKC.5066.6001.1.11325,SAM.09.AKC.5066.6001.1,PM2.5,http://dd.eionet.europa.eu/vocabulary/aq/pollutant/6001,hour,7.1521501400,µg/m3,2018-12-12 12:00:00 +01:00,2018-12-12 13:00:00 +01:00,1,1
AT,AT.0008.20.AQ,NET.09,STA.09.AKC,,SPO.09.AKC.5066.6001.1,SPP.09.AKC.5066.6001.1.11325,SAM.09.AKC.5066.6001.1,PM2.5,http://dd.eionet.europa.eu/vocabulary/aq/pollutant/6001,hour,6.8908996400,µg/m3,2018-12-12 13:00:00 +01:00,2018-12-12 14:00:00 +01:00,1,1
AT,AT.0008.20.AQ,NET.09,STA.09.AKC,,SPO.09.AKC.5066.6001.1,SPP.09.AKC.5066.6001.1.11325,SAM.09.AKC.5066.6001.1,PM2.5,http://dd.eionet.europa.eu/vocabulary/aq/pollutant/6001,hour,9.1256008000,µg/m3,2018-12-12 17:00:00 +01:00,2018-12-12 18:00:00 +01:00,1,1
AT,AT.0008.20.AQ,NET.09,STA.09.AKC,,SPO.09.AKC.5066.6001.1,SPP.09.AKC.5066.6001.1.11325,SAM.09.AKC.5066.6001.1,PM2.5,http://dd.eionet.europa.eu/vocabulary/aq/pollutant/6001,hour,9.8266496500,µg/m3,2018-12-12 19:00:00 +01:00,2018-12-12 20:00:00 +01:00,1,1
AT,AT.0008.20.AQ,NET.09,STA.09.AKC,,SPO.09.AKC.5066.6001.1,SPP.09.AKC.5066.6001.1.11325,SAM.09.AKC.5066.6001.1,PM2.5,http://dd.eionet.europa.eu/vocabulary/aq/pollutant/6001,hour,18.5509986700,µg/m3,2018-12-12 22:00:00 +01:00,2018-12-12 23:00:00 +01:00,1,1
AT,AT.0008.20.AQ,NET.09,STA.09.AKC,,SPO.09.AKC.5066.6001.1,SPP.09.AKC.5066.6001.1.11325,SAM.09.AKC.5066.6001.1,PM2.5,http://dd.eionet.europa.eu/vocabulary/aq/pollutant/6001,hour,20.2395000300,µg/m3,2018-12-12 23:00:00 +01:00,2018-12-13 00:00:00 +01:00,1,1
AT,AT.0008.20.AQ,NET.09,STA.09.AKC,,SPO.09.AKC.5066.6001.1,SPP.09.AKC.5066.6001.1.11325,SAM.09.AKC.5066.6001.1,PM2.5,http://dd.eionet.europa.eu/vocabulary/aq/pollutant/6001,hour,22.9669990400,µg/m3,2018-12-13 01:00:00 +01:00,2018-12-13 02:00:00 +01:00,1,1
AT,AT.0008.20.AQ,NET.09,STA.09.AKC,,SPO.09.AKC.5066.6001.1,SPP.09.AKC.5066.6001.1.11325,SAM.09.AKC.5066.6001.1,PM2.5,http://dd.eionet.europa.eu/vocabulary/aq/pollutant/6001,hour,25.4685001200,µg/m3,2018-12-13 02:00:00 +01:00,2018-12-13 03:00:00 +01:00,1,1
AT,AT.0008.20.AQ,NET.09,STA.09.AKC,,SPO.09.AKC.5066.6001.1,SPP.09.AKC.5066.6001.1.11325,SAM.09.AKC.5066.6001.1,PM2.5,http://dd.eionet.europa.eu/vocabulary/aq/pollutant/6001,hour,29.4905013900,µg/m3,2018-12-13 04:00:00 +01:00,2018-12-13 05:00:00 +01:00,1,1
AT,AT.0008.20.AQ,NET.09,STA.09.AKC,,SPO.09.AKC.5066.6001.1,SPP.09.AKC.5066.6001.1.11325,SAM.09.AKC.5066.6001.1,PM2.5,http://dd.eionet.europa.eu/vocabulary/aq/pollutant/6001,hour,30.7420005600,µg/m3,2018-12-13 05:00:00 +01:00,2018-12-13 06:00:00 +01:00,1,1
AT,AT.0008.20.AQ,NET.09,STA.09.AKC,,SPO.09.AKC.5066.6001.1,SPP.09.AKC.5066.6001.1.11325,SAM.09.AKC.5066.6001.1,PM2.5,http://dd.eionet.europa.eu/vocabulary/aq/pollutant/6001,hour,34.2190017600,µg/m3,2018-12-13 08:00:00 +01:00,2018-12-13 09:00:00 +01:00,1,1
AT,AT.0008.20.AQ,NET.09,STA.09.AKC,,SPO.09.AKC.5066.6001.1,SPP.09.AKC.5066.6001.1.11325,SAM.09.AKC.5066.6001.1,PM2.5,http://dd.eionet.europa.eu/vocabulary/aq/pollutant/6001,hour,37.2224998300,µg/m3,2018-12-13 09:00:00 +01:00,2018-12-13 10:00:00 +01:00,1,1
AT,AT.0008.20.AQ,NET.09,STA.09.AKC,,SPO.09.AKC.5066.6001.1,SPP.09.AKC.5066.6001.1.11325,SAM.09.AKC.5066.6001.1,PM2.5,http://dd.eionet.europa.eu/vocabulary/aq/pollutant/6001,hour,38.5615005300,µg/m3,2018-12-13 10:00:00 +01:00,2018-12-13 11:00:00 +01:00,1,1
AT,AT.0008.20.AQ,NET.09,STA.09.AKC,,SPO.09.AKC.5066.6001.1,SPP.09.AKC.5066.6001.1.11325,SAM.09.AKC.5066.6001.1,PM2.5,http://dd.eionet.europa.eu/vocabulary/aq/pollutant/6001,hour,33.6604995600,µg/m3,2018-12-13 12:00:00 +01:00,2018-12-13 13:00:00 +01:00,1,1
AT,AT.0008.20.AQ,NET.09,STA.09.AKC,,SPO.09.AKC.5066.6001.1,SPP.09.AKC.5066.6001.1.11325,SAM.09.AKC.5066.6001.1,PM2.5,http://dd.eionet.europa.eu/vocabulary/aq/pollutant/6001,hour,31.3880004700,µg/m3,2018-12-13 13:00:00 +01:00,2018-12-13 14:00:00 +01:00,1,1
AT,AT.0008.20.AQ,NET.09,STA.09.AKC,,SPO.09.AKC.5066.6001.1,SPP.09.AKC.5066.6001.1.11325,SAM.09.AKC.5066.6001.1,PM2.5,http://dd.eionet.europa.eu/vocabulary/aq/pollutant/6001,hour,27.3894996500,µg/m3,2018-12-13 14:00:00 +01:00,2018-12-13 15:00:00 +01:00,1,1
AT,AT.0008.20.AQ,NET.09,STA.09.AKC,,SPO.09.AKC.5066.6001.1,SPP.09.AKC.5066.6001.1.11325,SAM.09.AKC.5066.6001.1,PM2.5,http://dd.eionet.europa.eu/vocabulary/aq/pollutant/6001,hour,19.0755004700,µg/m3,2018-12-13 17:00:00 +01:00,2018-12-13 18:00:00 +01:00,1,1
AT,AT.0008.20.AQ,NET.09,STA.09.AKC,,SPO.09.AKC.5066.6001.1,SPP.09.AKC.5066.6001.1.11325,SAM.09.AKC.5066.6001.1,PM2.5,http://dd.eionet.europa.eu/vocabulary/aq/pollutant/6001,hour,20.1720008700,µg/m3,2018-12-14 06:00:00 +01:00,2018-12-14 07:00:00 +01:00,1,1
AT,AT.0008.20.AQ,NET.09,STA.09.AKC,,SPO.09.AKC.5066.6001.1,SPP.09.AKC.5066.6001.1.11325,SAM.09.AKC.5066.6001.1,PM2.5,http://dd.eionet.europa.eu/vocabulary/aq/pollutant/6001,hour,24.6604995600,µg/m3,2018-12-14 10:00:00 +01:00,2018-12-14 11:00:00 +01:00,1,1
AT,AT.0008.20.AQ,NET.09,STA.09.AKC,,SPO.09.AKC.5066.6001.1,SPP.09.AKC.5066.6001.1.11325,SAM.09.AKC.5066.6001.1,PM2.5,http://dd.eionet.europa.eu/vocabulary/aq/pollutant/6001,hour,24.9475002100,µg/m3,2018-12-14 12:00:00 +01:00,2018-12-14 13:00:00 +01:00,1,1
AT,AT.0008.20.AQ,NET.09,STA.09.AKC,,SPO.09.AKC.5066.6001.1,SPP.09.AKC.5066.6001.1.11325,SAM.09.AKC.5066.6001.1,PM2.5,http://dd.eionet.europa.eu/vocabulary/aq/pollutant/6001,hour,22.9350013600,µg/m3,2018-12-14 14:00:00 +01:00,2018-12-14 15:00:00 +01:00,1,1
AT,AT.0008.20.AQ,NET.09,STA.09.AKC,,SPO.09.AKC.5066.6001.1,SPP.09.AKC.5066.6001.1.11325,SAM.09.AKC.5066.6001.1,PM2.5,http://dd.eionet.europa.eu/vocabulary/aq/pollutant/6001,hour,27.7384986700,µg/m3,2018-12-14 17:00:00 +01:00,2018-12-14 18:00:00 +01:00,1,1
AT,AT.0008.20.AQ,NET.09,STA.09.AKC,,SPO.09.AKC.5066.6001.1,SPP.09.AKC.5066.6001.1.11325,SAM.09.AKC.5066.6001.1,PM2.5,http://dd.eionet.europa.eu/vocabulary/aq/pollutant/6001,hour,29.6770000300,µg/m3,2018-12-14 20:00:00 +01:00,2018-12-14 21:00:00 +01:00,1,1
AT,AT.0008.20.AQ,NET.09,STA.09.AKC,,SPO.09.AKC.5066.6001.1,SPP.09.AKC.5066.6001.1.11325,SAM.09.AKC.5066.6001.1,PM2.5,http://dd.eionet.europa.eu/vocabulary/aq/pollutant/6001,hour,33.2280006300,µg/m3,2018-12-14 21:00:00 +01:00,2018-12-14 22:00:00 +01:00,1,1
AT,AT.0008.20.AQ,NET.09,STA.09.AKC,,SPO.09.AKC.5066.6001.1,SPP.09.AKC.5066.6001.1.11325,SAM.09.AKC.5066.6001.1,PM2.5,http://dd.eionet.europa.eu/vocabulary/aq/pollutant/6001,hour,33.2474975400,µg/m3,2018-12-14 23:00:00 +01:00,2018-12-15 00:00:00 +01:00,1,1
AT,AT.0008.20.AQ,NET.09,STA.09.AKC,,SPO.09.AKC.5066.6001.1,SPP.09.AKC.5066.6001.1.11325,SAM.09.AKC.5066.6001.1,PM2.5,http://dd.eionet.europa.eu/vocabulary/aq/pollutant/6001,hour,24.3315009900,µg/m3,2018-12-15 02:00:00 +01:00,2018-12-15 03:00:00 +01:00,1,1
AT,AT.0008.20.AQ,NET.09,STA.09.AKC,,SPO.09.AKC.5066.6001.1,SPP.09.AKC.5066.6001.1.11325,SAM.09.AKC.5066.6001.1,PM2.5,http://dd.eionet.europa.eu/vocabulary/aq/pollutant/6001,hour,20.1679992500,µg/m3,2018-12-15 05:00:00 +01:00,2018-12-15 06:00:00 +01:00,1,1
AT,AT.0008.20.AQ,NET.09,STA.09.AKC,,SPO.09.AKC.5066.6001.1,SPP.09.AKC.5066.6001.1.11325,SAM.09.AKC.5066.6001.1,PM2.5,http://dd.eionet.europa.eu/vocabulary/aq/pollutant/6001,hour,16.9770011800,µg/m3,2018-12-15 12:00:00 +01:00,2018-12-15 13:00:00 +01:00,1,1
AT,AT.0008.20.AQ,NET.09,STA.09.AKC,,SPO.09.AKC.5066.6001.1,SPP.09.AKC.5066.6001.1.11325,SAM.09.AKC.5066.6001.1,PM2.5,http://dd.eionet.europa.eu/vocabulary/aq/pollutant/6001,hour,17.9864997700,µg/m3,2018-12-15 14:00:00 +01:00,2018-12-15 15:00:00 +01:00,1,1
AT,AT.0008.20.AQ,NET.09,STA.09.AKC,,SPO.09.AKC.5066.6001.1,SPP.09.AKC.5066.6001.1.11325,SAM.09.AKC.5066.6001.1,PM2.5,http://dd.eionet.europa.eu/vocabulary/aq/pollutant/6001,hour,19.6780013900,µg/m3,2018-12-15 17:00:00 +01:00,2018-12-15 18:00:00 +01:00,1,1
AT,AT.0008.20.AQ,NET.09,STA.09.AKC,,SPO.09.AKC.5066.6001.1,SPP.09.AKC.5066.6001.1.11325,SAM.09.AKC.5066.6001.1,PM2.5,http://dd.eionet.europa.eu/vocabulary/aq/pollutant/6001,hour,20.3020000300,µg/m3,2018-12-15 18:00:00 +01:00,2018-12-15 19:00:00 +01:00,1,1
AT,AT.0008.20.AQ,NET.09,STA.09.AKC,,SPO.09.AKC.5066.6001.1,SPP.09.AKC.5066.6001.1.11325,SAM.09.AKC.5066.6001.1,PM2.5,http://dd.eionet.europa.eu/vocabulary/aq/pollutant/6001,hour,20.8670005600,µg/m3,2018-12-15 20:00:00 +01:00,2018-12-15 21:00:00 +01:00,1,1
AT,AT.0008.20.AQ,NET.09,STA.09.AKC,,SPO.09.AKC.5066.6001.1,SPP.09.AKC.5066.6001.1.11325,SAM.09.AKC.5066.6001.1,PM2.5,http://dd.eionet.europa.eu/vocabulary/aq/pollutant/6001,hour,20.1145000300,µg/m3,2018-12-15 21:00:00 +01:00,2018-12-15 22:00:00 +01:00,1,1
AT,AT.0008.20.AQ,NET.09,STA.09.AKC,,SPO.09.AKC.5066.6001.1,SPP.09.AKC.5066.6001.1.11325,SAM.09.AKC.5066.6001.1,PM2.5,http://dd.eionet.europa.eu/vocabulary/aq/pollutant/6001,hour,18.2805004000,µg/m3,2018-12-16 00:00:00 +01:00,2018-12-16 01:00:00 +01:00,1,1
AT,AT.0008.20.AQ,NET.09,STA.09.AKC,,SPO.09.AKC.5066.6001.1,SPP.09.AKC.5066.6001.1.11325,SAM.09.AKC.5066.6001.1,PM2.5,http://dd.eionet.europa.eu/vocabulary/aq/pollutant/6001,hour,17.2080001700,µg/m3,2018-12-16 01:00:00 +01:00,2018-12-16 02:00:00 +01:00,1,1
AT,AT.0008.20.AQ,NET.09,STA.09.AKC,,SPO.09.AKC.5066.6001.1,SPP.09.AKC.5066.6001.1.11325,SAM.09.AKC.5066.6001.1,PM2.5,http://dd.eionet.europa.eu/vocabulary/aq/pollutant/6001,hour,16.5489997700,µg/m3,2018-12-16 02:00:00 +01:00,2018-12-16 03:00:00 +01:00,1,1
AT,AT.0008.20.AQ,NET.09,STA.09.AKC,,SPO.09.AKC.5066.6001.1,SPP.09.AKC.5066.6001.1.11325,SAM.09.AKC.5066.6001.1,PM2.5,http://dd.eionet.europa.eu/vocabulary/aq/pollutant/6001,hour,14.2735004300,µg/m3,2018-12-16 03:00:00 +01:00,2018-12-16 04:00:00 +01:00,1,1
AT,AT.0008.20.AQ,NET.09,STA.09.AKC,,SPO.09.AKC.5066.6001.1,SPP.09.AKC.5066.6001.1.11325,SAM.09.AKC.5066.6001.1,PM2.5,http://dd.eionet.europa.eu/vocabulary/aq/pollutant/6001,hour,25.0639991600,µg/m3,2018-12-16 16:00:00 +01:00,2018-12-16 17:00:00 +01:00,1,1
AT,AT.0008.20.AQ,NET.09,STA.09.AKC,,SPO.09.AKC.5066.6001.1,SPP.09.AKC.5066.6001.1.11325,SAM.09.AKC.5066.6001.1,PM2.5,http://dd.eionet.europa.eu/vocabulary/aq/pollutant/6001,hour,30.6780013900,µg/m3,2018-12-16 23:00:00 +01:00,2018-12-17 00:00:00 +01:00,1,1
AT,AT.0008.20.AQ,NET.09,STA.09.AKC,,SPO.09.AKC.5066.6001.1,SPP.09.AKC.5066.6001.1.11325,SAM.09.AKC.5066.6001.1,PM2.5,http://dd.eionet.europa.eu/vocabulary/aq/pollutant/6001,hour,32.5644988900,µg/m3,2018-12-17 02:00:00 +01:00,2018-12-17 03:00:00 +01:00,1,1
AT,AT.0008.20.AQ,NET.09,STA.09.AKC,,SPO.09.AKC.5066.6001.1,SPP.09.AKC.5066.6001.1.11325,SAM.09.AKC.5066.6001.1,PM2.5,http://dd.eionet.europa.eu/vocabulary/aq/pollutant/6001,hour,32.2109985200,µg/m3,2018-12-17 03:00:00 +01:00,2018-12-17 04:00:00 +01:00,1,1
AT,AT.0008.20.AQ,NET.09,STA.09.AKC,,SPO.09.AKC.5066.6001.1,SPP.09.AKC.5066.6001.1.11325,SAM.09.AKC.5066.6001.1,PM2.5,http://dd.eionet.europa.eu/vocabulary/aq/pollutant/6001,hour,31.9325008200,µg/m3,2018-12-17 04:00:00 +01:00,2018-12-17 05:00:00 +01:00,1,1
AT,AT.0008.20.AQ,NET.09,STA.09.AKC,,SPO.09.AKC.5066.6001.1,SPP.09.AKC.5066.6001.1.11325,SAM.09.AKC.5066.6001.1,PM2.5,http://dd.eionet.europa.eu/vocabulary/aq/pollutant/6001,hour,33.0804977300,µg/m3,2018-12-17 06:00:00 +01:00,2018-12-17 07:00:00 +01:00,1,1
AT,AT.0008.20.AQ,NET.09,STA.09.AKC,,SPO.09.AKC.5066.6001.1,SPP.09.AKC.5066.6001.1.11325,SAM.09.AKC.5066.6001.1,PM2.5,http://dd.eionet.europa.eu/vocabulary/aq/pollutant/6001,hour,35.3484992800,µg/m3,2018-12-17 07:00:00 +01:00,2018-12-17 08:00:00 +01:00,1,1
AT,AT.0008.20.AQ,NET.09,STA.09.AKC,,SPO.09.AKC.5066.6001.1,SPP.09.AKC.5066.6001.1.11325,SAM.09.AKC.5066.6001.1,PM2.5,http://dd.eionet.europa.eu/vocabulary/aq/pollutant/6001,hour,37.0449981500,µg/m3,2018-12-17 10:00:00 +01:00,2018-12-17 11:00:00 +01:00,1,1
AT,AT.0008.20.AQ,NET.09,STA.09.AKC,,SPO.09.AKC.5066.6001.1,SPP.09.AKC.5066.6001.1.11325,SAM.09.AKC.5066.6001.1,PM2.5,http://dd.eionet.europa.eu/vocabulary/aq/pollutant/6001,hour,28.1424999100,µg/m3,2018-12-17 15:00:00 +01:00,2018-12-17 16:00:00 +01:00,1,1
AT,AT.0008.20.AQ,NET.09,STA.09.AKC,,SPO.09.AKC.5066.6001.1,SPP.09.AKC.5066.6001.1.11325,SAM.09.AKC.5066.6001.1,PM2.5,http://dd.eionet.europa.eu/vocabulary/aq/pollutant/6001,hour,21.3914985500,µg/m3,2018-12-17 19:00:00 +01:00,2018-12-17 20:00:00 +01:00,1,1
AT,AT.0008.20.AQ,NET.09,STA.09.AKC,,SPO.09.AKC.5066.6001.1,SPP.09.AKC.5066.6001.1.11325,SAM.09.AKC.5066.6001.1,PM2.5,http://dd.eionet.europa.eu/vocabulary/aq/pollutant/6001,hour,16.3730010800,µg/m3,2018-12-17 23:00:00 +01:00,2018-12-18 00:00:00 +01:00,1,1
AT,AT.0008.20.AQ,NET.09,STA.09.AKC,,SPO.09.AKC.5066.6001.1,SPP.09.AKC.5066.6001.1.11325,SAM.09.AKC.5066.6001.1,PM2.5,http://dd.eionet.europa.eu/vocabulary/aq/pollutant/6001,hour,15.1770000300,µg/m3,2018-12-18 02:00:00 +01:00,2018-12-18 03:00:00 +01:00,1,1
AT,AT.0008.20.AQ,NET.09,STA.09.AKC,,SPO.09.AKC.5066.6001.1,SPP.09.AKC.5066.6001.1.11325,SAM.09.AKC.5066.6001.1,PM2.5,http://dd.eionet.europa.eu/vocabulary/aq/pollutant/6001,hour,16.7895011800,µg/m3,2018-12-18 03:00:00 +01:00,2018-12-18 04:00:00 +01:00,1,1
AT,AT.0008.20.AQ,NET.09,STA.09.AKC,,SPO.09.AKC.5066.6001.1,SPP.09.AKC.5066.6001.1.11325,SAM.09.AKC.5066.6001.1,PM2.5,http://dd.eionet.europa.eu/vocabulary/aq/pollutant/6001,hour,16.2405013900,µg/m3,2018-12-18 05:00:00 +01:00,2018-12-18 06:00:00 +01:00,1,1
AT,AT.0008.20.AQ,NET.09,STA.09.AKC,,SPO.09.AKC.5066.6001.1,SPP.09.AKC.5066.6001.1.11325,SAM.09.AKC.5066.6001.1,PM2.5,http://dd.eionet.europa.eu/vocabulary/aq/pollutant/6001,hour,16.0130004700,µg/m3,2018-12-18 10:00:00 +01:00,2018-12-18 11:00:00 +01:00,1,1
AT,AT.0008.20.AQ,NET.09,STA.09.AKC,,SPO.09.AKC.5066.6001.1,SPP.09.AKC.5066.6001.1.11325,SAM.09.AKC.5066.6001.1,PM2.5,http://dd.eionet.europa.eu/vocabulary/aq/pollutant/6001,hour,18.4109992800,µg/m3,2018-12-18 13:00:00 +01:00,2018-12-18 14:00:00 +01:00,1,1
AT,AT.0008.20.AQ,NET.09,STA.09.AKC,,SPO.09.AKC.5066.6001.1,SPP.09.AKC.5066.6001.1.11325,SAM.09.AKC.5066.6001.1,PM2.5,http://dd.eionet.europa.eu/vocabulary/aq/pollutant/6001,hour,27.0904998600,µg/m3,2018-12-18 14:00:00 +01:00,2018-12-18 15:00:00 +01:00,1,1
AT,AT.0008.20.AQ,NET.09,STA.09.AKC,,SPO.09.AKC.5066.6001.1,SPP.09.AKC.5066.6001.1.11325,SAM.09.AKC.5066.6001.1,PM2.5,http://dd.eionet.europa.eu/vocabulary/aq/pollutant/6001,hour,27.5919990400,µg/m3,2018-12-18 15:00:00 +01:00,2018-12-18 16:00:00 +01:00,1,1
AT,AT.0008.20.AQ,NET.09,STA.09.AKC,,SPO.09.AKC.5066.6001.1,SPP.09.AKC.5066.6001.1.11325,SAM.09.AKC.5066.6001.1,PM2.5,http://dd.eionet.europa.eu/vocabulary/aq/pollutant/6001,hour,28.2439994700,µg/m3,2018-12-18 18:00:00 +01:00,2018-12-18 19:00:00 +01:00,1,1
AT,AT.0008.20.AQ,NET.09,STA.09.AKC,,SPO.09.AKC.5066.6001.1,SPP.09.AKC.5066.6001.1.11325,SAM.09.AKC.5066.6001.1,PM2.5,http://dd.eionet.europa.eu/vocabulary/aq/pollutant/6001,hour,35.0945014800,µg/m3,2018-12-18 21:00:00 +01:00,2018-12-18 22:00:00 +01:00,1,1
AT,AT.0008.20.AQ,NET.09,STA.09.AKC,,SPO.09.AKC.5066.6001.1,SPP.09.AKC.5066.6001.1.11325,SAM.09.AKC.5066.6001.1,PM2.5,http://dd.eionet.europa.eu/vocabulary/aq/pollutant/6001,hour,33.0034980600,µg/m3,2018-12-18 22:00:00 +01:00,2018-12-18 23:00:00 +01:00,1,1
AT,AT.0008.20.AQ,NET.09,STA.09.AKC,,SPO.09.AKC.5066.6001.1,SPP.09.AKC.5066.6001.1.11325,SAM.09.AKC.5066.6001.1,PM2.5,http://dd.eionet.europa.eu/vocabulary/aq/pollutant/6001,hour,37.6865005300,µg/m3,2018-12-19 00:00:00 +01:00,2018-12-19 01:00:00 +01:00,1,1
AT,AT.0008.20.AQ,NET.09,STA.09.AKC,,SPO.09.AKC.5066.6001.1,SPP.09.AKC.5066.6001.1.11325,SAM.09.AKC.5066.6001.1,PM2.5,http://dd.eionet.europa.eu/vocabulary/aq/pollutant/6001,hour,26.6634998200,µg/m3,2018-12-19 07:00:00 +01:00,2018-12-19 08:00:00 +01:00,1,1
AT,AT.0008.20.AQ,NET.09,STA.09.AKC,,SPO.09.AKC.5066.6001.1,SPP.09.AKC.5066.6001.1.11325,SAM.09.AKC.5066.6001.1,PM2.5,http://dd.eionet.europa.eu/vocabulary/aq/pollutant/6001,hour,33.6389999200,µg/m3,2018-12-19 12:00:00 +01:00,2018-12-19 13:00:00 +01:00,1,1
AT,AT.0008.20.AQ,NET.09,STA.09.AKC,,SPO.09.AKC.5066.6001.1,SPP.09.AKC.5066.6001.1.11325,SAM.09.AKC.5066.6001.1,PM2.5,http://dd.eionet.europa.eu/vocabulary/aq/pollutant/6001,hour,30.6914997000,µg/m3,2018-12-19 13:00:00 +01:00,2018-12-19 14:00:00 +01:00,1,1
AT,AT.0008.20.AQ,NET.09,STA.09.AKC,,SPO.09.AKC.5066.6001.1,SPP.09.AKC.5066.6001.1.11325,SAM.09.AKC.5066.6001.1,PM2.5,http://dd.eionet.europa.eu/vocabulary/aq/pollutant/6001,hour,24.2270011800,µg/m3,2018-12-19 14:00:00 +01:00,2018-12-19 15:00:00 +01:00,1,1
AT,AT.0008.20.AQ,NET.09,STA.09.AKC,,SPO.09.AKC.5066.6001.1,SPP.09.AKC.5066.6001.1.11325,SAM.09.AKC.5066.6001.1,PM2.5,http://dd.eionet.europa.eu/vocabulary/aq/pollutant/6001,hour,28.0185012700,µg/m3,2018-12-19 17:00:00 +01:00,2018-12-19 18:00:00 +01:00,1,1
AT,AT.0008.20.AQ,NET.09,STA.09.AKC,,SPO.09.AKC.5066.6001.1,SPP.09.AKC.5066.6001.1.11325,SAM.09.AKC.5066.6001.1,PM2.5,http://dd.eionet.europa.eu/vocabulary/aq/pollutant/6001,hour,22.2024993700,µg/m3,2018-12-19 20:00:00 +01:00,2018-12-19 21:00:00 +01:00,1,1
AT,AT.0008.20.AQ,NET.09,STA.09.AKC,,SPO.09.AKC.5066.6001.1,SPP.09.AKC.5066.6001.1.11325,SAM.09.AKC.5066.6001.1,PM2.5,http://dd.eionet.europa.eu/vocabulary/aq/pollutant/6001,hour,24.0110015700,µg/m3,2018-12-19 22:00:00 +01:00,2018-12-19 23:00:00 +01:00,1,1
AT,AT.0008.20.AQ,NET.09,STA.09.AKC,,SPO.09.AKC.5066.6001.1,SPP.09.AKC.5066.6001.1.11325,SAM.09.AKC.5066.6001.1,PM2.5,http://dd.eionet.europa.eu/vocabulary/aq/pollutant/6001,hour,28.5590000000,µg/m3,2018-12-20 01:00:00 +01:00,2018-12-20 02:00:00 +01:00,1,1
AT,AT.0008.20.AQ,NET.09,STA.09.AKC,,SPO.09.AKC.5066.6001.1,SPP.09.AKC.5066.6001.1.11325,SAM.09.AKC.5066.6001.1,PM2.5,http://dd.eionet.europa.eu/vocabulary/aq/pollutant/6001,hour,28.4340000000,µg/m3,2018-12-20 04:00:00 +01:00,2018-12-20 05:00:00 +01:00,1,1
AT,AT.0008.20.AQ,NET.09,STA.09.AKC,,SPO.09.AKC.5066.6001.1,SPP.09.AKC.5066.6001.1.11325,SAM.09.AKC.5066.6001.1,PM2.5,http://dd.eionet.europa.eu/vocabulary/aq/pollutant/6001,hour,29.8634986700,µg/m3,2018-12-20 05:00:00 +01:00,2018-12-20 06:00:00 +01:00,1,1
AT,AT.0008.20.AQ,NET.09,STA.09.AKC,,SPO.09.AKC.5066.6001.1,SPP.09.AKC.5066.6001.1.11325,SAM.09.AKC.5066.6001.1,PM2.5,http://dd.eionet.europa.eu/vocabulary/aq/pollutant/6001,hour,37.9194984300,µg/m3,2018-12-20 12:00:00 +01:00,2018-12-20 13:00:00 +01:00,1,1
AT,AT.0008.20.AQ,NET.09,STA.09.AKC,,SPO.09.AKC.5066.6001.1,SPP.09.AKC.5066.6001.1.11325,SAM.09.AKC.5066.6001.1,PM2.5,http://dd.eionet.europa.eu/vocabulary/aq/pollutant/6001,hour,48.1959991300,µg/m3,2018-12-21 00:00:00 +01:00,2018-12-21 01:00:00 +01:00,1,1
AT,AT.0008.20.AQ,NET.09,STA.09.AKC,,SPO.09.AKC.5066.6001.1,SPP.09.AKC.5066.6001.1.11325,SAM.09.AKC.5066.6001.1,PM2.5,http://dd.eionet.europa.eu/vocabulary/aq/pollutant/6001,hour,48.3710021800,µg/m3,2018-12-21 03:00:00 +01:00,2018-12-21 04:00:00 +01:00,1,1
AT,AT.0008.20.AQ,NET.09,STA.09.AKC,,SPO.09.AKC.5066.6001.1,SPP.09.AKC.5066.6001.1.11325,SAM.09.AKC.5066.6001.1,PM2.5,http://dd.eionet.europa.eu/vocabulary/aq/pollutant/6001,hour,46.7695007200,µg/m3,2018-12-21 04:00:00 +01:00,2018-12-21 05:00:00 +01:00,1,1
AT,AT.0008.20.AQ,NET.09,STA.09.AKC,,SPO.09.AKC.5066.6001.1,SPP.09.AKC.5066.6001.1.11325,SAM.09.AKC.5066.6001.1,PM2.5,http://dd.eionet.europa.eu/vocabulary/aq/pollutant/6001,hour,45.1419982800,µg/m3,2018-12-21 06:00:00 +01:00,2018-12-21 07:00:00 +01:00,1,1
AT,AT.0008.20.AQ,NET.09,STA.09.AKC,,SPO.09.AKC.5066.6001.1,SPP.09.AKC.5066.6001.1.11325,SAM.09.AKC.5066.6001.1,PM2.5,http://dd.eionet.europa.eu/vocabulary/aq/pollutant/6001,hour,46.5354995600,µg/m3,2018-12-21 09:00:00 +01:00,2018-12-21 10:00:00 +01:00,1,1
AT,AT.0008.20.AQ,NET.09,STA.09.AKC,,SPO.09.AKC.5066.6001.1,SPP.09.AKC.5066.6001.1.11325,SAM.09.AKC.5066.6001.1,PM2.5,http://dd.eionet.europa.eu/vocabulary/aq/pollutant/6001,hour,39.6385002000,µg/m3,2018-12-21 10:00:00 +01:00,2018-12-21 11:00:00 +01:00,1,1
AT,AT.0008.20.AQ,NET.09,STA.09.AKC,,SPO.09.AKC.5066.6001.1,SPP.09.AKC.5066.6001.1.11325,SAM.09.AKC.5066.6001.1,PM2.5,http://dd.eionet.europa.eu/vocabulary/aq/pollutant/6001,hour,41.3059997400,µg/m3,2018-12-21 11:00:00 +01:00,2018-12-21 12:00:00 +01:00,1,1
AT,AT.0008.20.AQ,NET.09,STA.09.AKC,,SPO.09.AKC.5066.6001.1,SPP.09.AKC.5066.6001.1.11325,SAM.09.AKC.5066.6001.1,PM2.5,http://dd.eionet.europa.eu/vocabulary/aq/pollutant/6001,hour,36.1214980900,µg/m3,2018-12-21 15:00:00 +01:00,2018-12-21 16:00:00 +01:00,1,1
AT,AT.0008.20.AQ,NET.09,STA.09.AKC,,SPO.09.AKC.5066.6001.1,SPP.09.AKC.5066.6001.1.11325,SAM.09.AKC.5066.6001.1,PM2.5,http://dd.eionet.europa.eu/vocabulary/aq/pollutant/6001,hour,34.9104995600,µg/m3,2018-12-22 00:00:00 +01:00,2018-12-22 01:00:00 +01:00,1,1
AT,AT.0008.20.AQ,NET.09,STA.09.AKC,,SPO.09.AKC.5066.6001.1,SPP.09.AKC.5066.6001.1.11325,SAM.09.AKC.5066.6001.1,PM2.5,http://dd.eionet.europa.eu/vocabulary/aq/pollutant/6001,hour,28.0190009900,µg/m3,2018-12-22 02:00:00 +01:00,2018-12-22 03:00:00 +01:00,1,1
AT,AT.0008.20.AQ,NET.09,STA.09.AKC,,SPO.09.AKC.5066.6001.1,SPP.09.AKC.5066.6001.1.11325,SAM.09.AKC.5066.6001.1,PM2.5,http://dd.eionet.europa.eu/vocabulary/aq/pollutant/6001,hour,12.3740997200,µg/m3,2018-12-22 04:00:00 +01:00,2018-12-22 05:00:00 +01:00,1,1
AT,AT.0008.20.AQ,NET.09,STA.09.AKC,,SPO.09.AKC.5066.6001.1,SPP.09.AKC.5066.6001.1.11325,SAM.09.AKC.5066.6001.1,PM2.5,http://dd.eionet.europa.eu/vocabulary/aq/pollutant/6001,hour,1.6649000500,µg/m3,2018-12-22 06:00:00 +01:00,2018-12-22 07:00:00 +01:00,1,1
AT,AT.0008.20.AQ,NET.09,STA.09.AKC,,SPO.09.AKC.5066.6001.1,SPP.09.AKC.5066.6001.1.11325,SAM.09.AKC.5066.6001.1,PM2.5,http://dd.eionet.europa.eu/vocabulary/aq/pollutant/6001,hour,1.4363000200,µg/m3,2018-12-22 07:00:00 +01:00,2018-12-22 08:00:00 +01:00,1,1
AT,AT.0008.20.AQ,NET.09,STA.09.AKC,,SPO.09.AKC.5066.6001.1,SPP.09.AKC.5066.6001.1.11325,SAM.09.AKC.5066.6001.1,PM2.5,http://dd.eionet.europa.eu/vocabulary/aq/pollutant/6001,hour,1.5987999300,µg/m3,2018-12-22 08:00:00 +01:00,2018-12-22 09:00:00 +01:00,1,1
AT,AT.0008.20.AQ,NET.09,STA.09.AKC,,SPO.09.AKC.5066.6001.1,SPP.09.AKC.5066.6001.1.11325,SAM.09.AKC.5066.6001.1,PM2.5,http://dd.eionet.europa.eu/vocabulary/aq/pollutant/6001,hour,1.6103000500,µg/m3,2018-12-22 14:00:00 +01:00,2018-12-22 15:00:00 +01:00,1,1
AT,AT.0008.20.AQ,NET.09,STA.09.AKC,,SPO.09.AKC.5066.6001.1,SPP.09.AKC.5066.6001.1.11325,SAM.09.AKC.5066.6001.1,PM2.5,http://dd.eionet.europa.eu/vocabulary/aq/pollutant/6001,hour,2.0070998500,µg/m3,2018-12-22 16:00:00 +01:00,2018-12-22 17:00:00 +01:00,1,1
AT,AT.0008.20.AQ,NET.09,STA.09.AKC,,SPO.09.AKC.5066.6001.1,SPP.09.AKC.5066.6001.1.11325,SAM.09.AKC.5066.6001.1,PM2.5,http://dd.eionet.europa.eu/vocabulary/aq/pollutant/6001,hour,2.2848000400,µg/m3,2018-12-22 17:00:00 +01:00,2018-12-22 18:00:00 +01:00,1,1
AT,AT.0008.20.AQ,NET.09,STA.09.AKC,,SPO.09.AKC.5066.6001.1,SPP.09.AKC.5066.6001.1.11325,SAM.09.AKC.5066.6001.1,PM2.5,http://dd.eionet.europa.eu/vocabulary/aq/pollutant/6001,hour,2.3653499900,µg/m3,2018-12-22 19:00:00 +01:00,2018-12-22 20:00:00 +01:00,1,1
AT,AT.0008.20.AQ,NET.09,STA.09.AKC,,SPO.09.AKC.5066.6001.1,SPP.09.AKC.5066.6001.1.11325,SAM.09.AKC.5066.6001.1,PM2.5,http://dd.eionet.europa.eu/vocabulary/aq/pollutant/6001,hour,2.5536498900,µg/m3,2018-12-22 21:00:00 +01:00,2018-12-22 22:00:00 +01:00,1,1
AT,AT.0008.20.AQ,NET.09,STA.09.AKC,,SPO.09.AKC.5066.6001.1,SPP.09.AKC.5066.6001.1.11325,SAM.09.AKC.5066.6001.1,PM2.5,http://dd.eionet.europa.eu/vocabulary/aq/pollutant/6001,hour,2.8168501700,µg/m3,2018-12-23 04:00:00 +01:00,2018-12-23 05:00:00 +01:00,1,1
AT,AT.0008.20.AQ,NET.09,STA.09.AKC,,SPO.09.AKC.5066.6001.1,SPP.09.AKC.5066.6001.1.11325,SAM.09.AKC.5066.6001.1,PM2.5,http://dd.eionet.europa.eu/vocabulary/aq/pollutant/6001,hour,3.2047500500,µg/m3,2018-12-23 06:00:00 +01:00,2018-12-23 07:00:00 +01:00,1,1
AT,AT.0008.20.AQ,NET.09,STA.09.AKC,,SPO.09.AKC.5066.6001.1,SPP.09.AKC.5066.6001.1.11325,SAM.09.AKC.5066.6001.1,PM2.5,http://dd.eionet.europa.eu/vocabulary/aq/pollutant/6001,hour,3.6486999800,µg/m3,2018-12-23 08:00:00 +01:00,2018-12-23 09:00:00 +01:00,1,1
AT,AT.0008.20.AQ,NET.09,STA.09.AKC,,SPO.09.AKC.5066.6001.1,SPP.09.AKC.5066.6001.1.11325,SAM.09.AKC.5066.6001.1,PM2.5,http://dd.eionet.europa.eu/vocabulary/aq/pollutant/6001,hour,2.9671001300,µg/m3,2018-12-23 10:00:00 +01:00,2018-12-23 11:00:00 +01:00,1,1
AT,AT.0008.20.AQ,NET.09,STA.09.AKC,,SPO.09.AKC.5066.6001.1,SPP.09.AKC.5066.6001.1.11325,SAM.09.AKC.5066.6001.1,PM2.5,http://dd.eionet.europa.eu/vocabulary/aq/pollutant/6001,hour,3.5690998900,µg/m3,2018-12-23 11:00:00 +01:00,2018-12-23 12:00:00 +01:00,1,1
AT,AT.0008.20.AQ,NET.09,STA.09.AKC,,SPO.09.AKC.5066.6001.1,SPP.09.AKC.5066.6001.1.11325,SAM.09.AKC.5066.6001.1,PM2.5,http://dd.eionet.europa.eu/vocabulary/aq/pollutant/6001,hour,4.6468000300,µg/m3,2018-12-23 15:00:00 +01:00,2018-12-23 16:00:00 +01:00,1,1
AT,AT.0008.20.AQ,NET.09,STA.09.AKC,,SPO.09.AKC.5066.6001.1,SPP.09.AKC.5066.6001.1.11325,SAM.09.AKC.5066.6001.1,PM2.5,http://dd.eionet.europa.eu/vocabulary/aq/pollutant/6001,hour,6.3742999900,µg/m3,2018-12-23 18:00:00 +01:00,2018-12-23 19:00:00 +01:00,1,1
AT,AT.0008.20.AQ,NET.09,STA.09.AKC,,SPO.09.AKC.5066.6001.1,SPP.09.AKC.5066.6001.1.11325,SAM.09.AKC.5066.6001.1,PM2.5,http://dd.eionet.europa.eu/vocabulary/aq/pollutant/6001,hour,7.9048499900,µg/m3,2018-12-23 19:00:00 +01:00,2018-12-23 20:00:00 +01:00,1,1
AT,AT.0008.20.AQ,NET.09,STA.09.AKC,,SPO.09.AKC.5066.6001.1,SPP.09.AKC.5066.6001.1.11325,SAM.09.AKC.5066.6001.1,PM2.5,http://dd.eionet.europa.eu/vocabulary/aq/pollutant/6001,hour,3.4761500200,µg/m3,2018-12-23 21:00:00 +01:00,2018-12-23 22:00:00 +01:00,1,1
AT,AT.0008.20.AQ,NET.09,STA.09.AKC,,SPO.09.AKC.5066.6001.1,SPP.09.AKC.5066.6001.1.11325,SAM.09.AKC.5066.6001.1,PM2.5,http://dd.eionet.europa.eu/vocabulary/aq/pollutant/6001,hour,4.0900001400,µg/m3,2018-12-23 22:00:00 +01:00,2018-12-23 23:00:00 +01:00,1,1
AT,AT.0008.20.AQ,NET.09,STA.09.AKC,,SPO.09.AKC.5066.6001.1,SPP.09.AKC.5066.6001.1.11325,SAM.09.AKC.5066.6001.1,PM2.5,http://dd.eionet.europa.eu/vocabulary/aq/pollutant/6001,hour,5.5002999200,µg/m3,2018-12-23 23:00:00 +01:00,2018-12-24 00:00:00 +01:00,1,1
AT,AT.0008.20.AQ,NET.09,STA.09.AKC,,SPO.09.AKC.5066.6001.1,SPP.09.AKC.5066.6001.1.11325,SAM.09.AKC.5066.6001.1,PM2.5,http://dd.eionet.europa.eu/vocabulary/aq/pollutant/6001,hour,5.9421996900,µg/m3,2018-12-24 04:00:00 +01:00,2018-12-24 05:00:00 +01:00,1,1
AT,AT.0008.20.AQ,NET.09,STA.09.AKC,,SPO.09.AKC.5066.6001.1,SPP.09.AKC.5066.6001.1.11325,SAM.09.AKC.5066.6001.1,PM2.5,http://dd.eionet.europa.eu/vocabulary/aq/pollutant/6001,hour,2.3768999400,µg/m3,2018-12-24 05:00:00 +01:00,2018-12-24 06:00:00 +01:00,1,1
AT,AT.0008.20.AQ,NET.09,STA.09.AKC,,SPO.09.AKC.5066.6001.1,SPP.09.AKC.5066.6001.1.11325,SAM.09.AKC.5066.6001.1,PM2.5,http://dd.eionet.europa.eu/vocabulary/aq/pollutant/6001,hour,1.3988499500,µg/m3,2018-12-24 08:00:00 +01:00,2018-12-24 09:00:00 +01:00,1,1
AT,AT.0008.20.AQ,NET.09,STA.09.AKC,,SPO.09.AKC.5066.6001.1,SPP.09.AKC.5066.6001.1.11325,SAM.09.AKC.5066.6001.1,PM2.5,http://dd.eionet.europa.eu/vocabulary/aq/pollutant/6001,hour,1.9922000000,µg/m3,2018-12-24 12:00:00 +01:00,2018-12-24 13:00:00 +01:00,1,1
AT,AT.0008.20.AQ,NET.09,STA.09.AKC,,SPO.09.AKC.5066.6001.1,SPP.09.AKC.5066.6001.1.11325,SAM.09.AKC.5066.6001.1,PM2.5,http://dd.eionet.europa.eu/vocabulary/aq/pollutant/6001,hour,2.4538998500,µg/m3,2018-12-24 13:00:00 +01:00,2018-12-24 14:00:00 +01:00,1,1
AT,AT.0008.20.AQ,NET.09,STA.09.AKC,,SPO.09.AKC.5066.6001.1,SPP.09.AKC.5066.6001.1.11325,SAM.09.AKC.5066.6001.1,PM2.5,http://dd.eionet.europa.eu/vocabulary/aq/pollutant/6001,hour,4.1073999300,µg/m3,2018-12-24 17:00:00 +01:00,2018-12-24 18:00:00 +01:00,1,1
AT,AT.0008.20.AQ,NET.09,STA.09.AKC,,SPO.09.AKC.5066.6001.1,SPP.09.AKC.5066.6001.1.11325,SAM.09.AKC.5066.6001.1,PM2.5,http://dd.eionet.europa.eu/vocabulary/aq/pollutant/6001,hour,3.8840999500,µg/m3,2018-12-24 21:00:00 +01:00,2018-12-24 22:00:00 +01:00,1,1
AT,AT.0008.20.AQ,NET.09,STA.09.AKC,,SPO.09.AKC.5066.6001.1,SPP.09.AKC.5066.6001.1.11325,SAM.09.AKC.5066.6001.1,PM2.5,http://dd.eionet.europa.eu/vocabulary/aq/pollutant/6001,hour,4.0296502000,µg/m3,2018-12-24 22:00:00 +01:00,2018-12-24 23:00:00 +01:00,1,1
AT,AT.0008.20.AQ,NET.09,STA.09.AKC,,SPO.09.AKC.5066.6001.1,SPP.09.AKC.5066.6001.1.11325,SAM.09.AKC.5066.6001.1,PM2.5,http://dd.eionet.europa.eu/vocabulary/aq/pollutant/6001,hour,4.2429504200,µg/m3,2018-12-25 01:00:00 +01:00,2018-12-25 02:00:00 +01:00,1,1
AT,AT.0008.20.AQ,NET.09,STA.09.AKC,,SPO.09.AKC.5066.6001.1,SPP.09.AKC.5066.6001.1.11325,SAM.09.AKC.5066.6001.1,PM2.5,http://dd.eionet.europa.eu/vocabulary/aq/pollutant/6001,hour,2.2719998200,µg/m3,2018-12-25 05:00:00 +01:00,2018-12-25 06:00:00 +01:00,1,1
AT,AT.0008.20.AQ,NET.09,STA.09.AKC,,SPO.09.AKC.5066.6001.1,SPP.09.AKC.5066.6001.1.11325,SAM.09.AKC.5066.6001.1,PM2.5,http://dd.eionet.europa.eu/vocabulary/aq/pollutant/6001,hour,3.5763997900,µg/m3,2018-12-25 08:00:00 +01:00,2018-12-25 09:00:00 +01:00,1,1
AT,AT.0008.20.AQ,NET.09,STA.09.AKC,,SPO.09.AKC.5066.6001.1,SPP.09.AKC.5066.6001.1.11325,SAM.09.AKC.5066.6001.1,PM2.5,http://dd.eionet.europa.eu/vocabulary/aq/pollutant/6001,hour,7.1371002000,µg/m3,2018-12-25 11:00:00 +01:00,2018-12-25 12:00:00 +01:00,1,1
AT,AT.0008.20.AQ,NET.09,STA.09.AKC,,SPO.09.AKC.5066.6001.1,SPP.09.AKC.5066.6001.1.11325,SAM.09.AKC.5066.6001.1,PM2.5,http://dd.eionet.europa.eu/vocabulary/aq/pollutant/6001,hour,6.7501497100,µg/m3,2018-12-25 12:00:00 +01:00,2018-12-25 13:00:00 +01:00,1,1
AT,AT.0008.20.AQ,NET.09,STA.09.AKC,,SPO.09.AKC.5066.6001.1,SPP.09.AKC.5066.6001.1.11325,SAM.09.AKC.5066.6001.1,PM2.5,http://dd.eionet.europa.eu/vocabulary/aq/pollutant/6001,hour,7.6606502400,µg/m3,2018-12-25 16:00:00 +01:00,2018-12-25 17:00:00 +01:00,1,1
AT,AT.0008.20.AQ,NET.09,STA.09.AKC,,SPO.09.AKC.5066.6001.1,SPP.09.AKC.5066.6001.1.11325,SAM.09.AKC.5066.6001.1,PM2.5,http://dd.eionet.europa.eu/vocabulary/aq/pollutant/6001,hour,7.7909502800,µg/m3,2018-12-25 17:00:00 +01:00,2018-12-25 18:00:00 +01:00,1,1
AT,AT.0008.20.AQ,NET.09,STA.09.AKC,,SPO.09.AKC.5066.6001.1,SPP.09.AKC.5066.6001.1.11325,SAM.09.AKC.5066.6001.1,PM2.5,http://dd.eionet.europa.eu/vocabulary/aq/pollutant/6001,hour,7.6924500300,µg/m3,2018-12-25 18:00:00 +01:00,2018-12-25 19:00:00 +01:00,1,1
AT,AT.0008.20.AQ,NET.09,STA.09.AKC,,SPO.09.AKC.5066.6001.1,SPP.09.AKC.5066.6001.1.11325,SAM.09.AKC.5066.6001.1,PM2.5,http://dd.eionet.europa.eu/vocabulary/aq/pollutant/6001,hour,6.3933000400,µg/m3,2018-12-25 20:00:00 +01:00,2018-12-25 21:00:00 +01:00,1,1
AT,AT.0008.20.AQ,NET.09,STA.09.AKC,,SPO.09.AKC.5066.6001.1,SPP.09.AKC.5066.6001.1.11325,SAM.09.AKC.5066.6001.1,PM2.5,http://dd.eionet.europa.eu/vocabulary/aq/pollutant/6001,hour,6.6094498500,µg/m3,2018-12-25 21:00:00 +01:00,2018-12-25 22:00:00 +01:00,1,1
AT,AT.0008.20.AQ,NET.09,STA.09.AKC,,SPO.09.AKC.5066.6001.1,SPP.09.AKC.5066.6001.1.11325,SAM.09.AKC.5066.6001.1,PM2.5,http://dd.eionet.europa.eu/vocabulary/aq/pollutant/6001,hour,6.8916997800,µg/m3,2018-12-25 22:00:00 +01:00,2018-12-25 23:00:00 +01:00,1,1
AT,AT.0008.20.AQ,NET.09,STA.09.AKC,,SPO.09.AKC.5066.6001.1,SPP.09.AKC.5066.6001.1.11325,SAM.09.AKC.5066.6001.1,PM2.5,http://dd.eionet.europa.eu/vocabulary/aq/pollutant/6001,hour,8.4948501400,µg/m3,2018-12-26 01:00:00 +01:00,2018-12-26 02:00:00 +01:00,1,1
AT,AT.0008.20.AQ,NET.09,STA.09.AKC,,SPO.09.AKC.5066.6001.1,SPP.09.AKC.5066.6001.1.11325,SAM.09.AKC.5066.6001.1,PM2.5,http://dd.eionet.europa.eu/vocabulary/aq/pollutant/6001,hour,9.0624008000,µg/m3,2018-12-26 02:00:00 +01:00,2018-12-26 03:00:00 +01:00,1,1
AT,AT.0008.20.AQ,NET.09,STA.09.AKC,,SPO.09.AKC.5066.6001.1,SPP.09.AKC.5066.6001.1.11325,SAM.09.AKC.5066.6001.1,PM2.5,http://dd.eionet.europa.eu/vocabulary/aq/pollutant/6001,hour,9.3723497200,µg/m3,2018-12-26 03:00:00 +01:00,2018-12-26 04:00:00 +01:00,1,1
AT,AT.0008.20.AQ,NET.09,STA.09.AKC,,SPO.09.AKC.5066.6001.1,SPP.09.AKC.5066.6001.1.11325,SAM.09.AKC.5066.6001.1,PM2.5,http://dd.eionet.europa.eu/vocabulary/aq/pollutant/6001,hour,9.8078002800,µg/m3,2018-12-26 04:00:00 +01:00,2018-12-26 05:00:00 +01:00,1,1
AT,AT.0008.20.AQ,NET.09,STA.09.AKC,,SPO.09.AKC.5066.6001.1,SPP.09.AKC.5066.6001.1.11325,SAM.09.AKC.5066.6001.1,PM2.5,http://dd.eionet.europa.eu/vocabulary/aq/pollutant/6001,hour,9.3375501500,µg/m3,2018-12-26 06:00:00 +01:00,2018-12-26 07:00:00 +01:00,1,1
AT,AT.0008.20.AQ,NET.09,STA.09.AKC,,SPO.09.AKC.5066.6001.1,SPP.09.AKC.5066.6001.1.11325,SAM.09.AKC.5066.6001.1,PM2.5,http://dd.eionet.europa.eu/vocabulary/aq/pollutant/6001,hour,8.8526000800,µg/m3,2018-12-26 11:00:00 +01:00,2018-12-26 12:00:00 +01:00,1,1
AT,AT.0008.20.AQ,NET.09,STA.09.AKC,,SPO.09.AKC.5066.6001.1,SPP.09.AKC.5066.6001.1.11325,SAM.09.AKC.5066.6001.1,PM2.5,http://dd.eionet.europa.eu/vocabulary/aq/pollutant/6001,hour,9.7516498400,µg/m3,2018-12-26 13:00:00 +01:00,2018-12-26 14:00:00 +01:00,1,1
AT,AT.0008.20.AQ,NET.09,STA.09.AKC,,SPO.09.AKC.5066.6001.1,SPP.09.AKC.5066.6001.1.11325,SAM.09.AKC.5066.6001.1,PM2.5,http://dd.eionet.europa.eu/vocabulary/aq/pollutant/6001,hour,11.8985004300,µg/m3,2018-12-26 16:00:00 +01:00,2018-12-26 17:00:00 +01:00,1,1
AT,AT.0008.20.AQ,NET.09,STA.09.AKC,,SPO.09.AKC.5066.6001.1,SPP.09.AKC.5066.6001.1.11325,SAM.09.AKC.5066.6001.1,PM2.5,http://dd.eionet.europa.eu/vocabulary/aq/pollutant/6001,hour,8.7382497600,µg/m3,2018-12-27 06:00:00 +01:00,2018-12-27 07:00:00 +01:00,1,1
AT,AT.0008.20.AQ,NET.09,STA.09.AKC,,SPO.09.AKC.5066.6001.1,SPP.09.AKC.5066.6001.1.11325,SAM.09.AKC.5066.6001.1,PM2.5,http://dd.eionet.europa.eu/vocabulary/aq/pollutant/6001,hour,4.5908002700,µg/m3,2018-12-27 08:00:00 +01:00,2018-12-27 09:00:00 +01:00,1,1
AT,AT.0008.20.AQ,NET.09,STA.09.AKC,,SPO.09.AKC.5066.6001.1,SPP.09.AKC.5066.6001.1.11325,SAM.09.AKC.5066.6001.1,PM2.5,http://dd.eionet.europa.eu/vocabulary/aq/pollutant/6001,hour,4.7656001900,µg/m3,2018-12-27 09:00:00 +01:00,2018-12-27 10:00:00 +01:00,1,1
AT,AT.0008.20.AQ,NET.09,STA.09.AKC,,SPO.09.AKC.5066.6001.1,SPP.09.AKC.5066.6001.1.11325,SAM.09.AKC.5066.6001.1,PM2.5,http://dd.eionet.europa.eu/vocabulary/aq/pollutant/6001,hour,4.2975501900,µg/m3,2018-12-27 14:00:00 +01:00,2018-12-27 15:00:00 +01:00,1,1
AT,AT.0008.20.AQ,NET.09,STA.09.AKC,,SPO.09.AKC.5066.6001.1,SPP.09.AKC.5066.6001.1.11325,SAM.09.AKC.5066.6001.1,PM2.5,http://dd.eionet.europa.eu/vocabulary/aq/pollutant/6001,hour,7.6020002200,µg/m3,2018-12-27 18:00:00 +01:00,2018-12-27 19:00:00 +01:00,1,1
AT,AT.0008.20.AQ,NET.09,STA.09.AKC,,SPO.09.AKC.5066.6001.1,SPP.09.AKC.5066.6001.1.11325,SAM.09.AKC.5066.6001.1,PM2.5,http://dd.eionet.europa.eu/vocabulary/aq/pollutant/6001,hour,9.1391000600,µg/m3,2018-12-27 21:00:00 +01:00,2018-12-27 22:00:00 +01:00,1,1
AT,AT.0008.20.AQ,NET.09,STA.09.AKC,,SPO.09.AKC.5066.6001.1,SPP.09.AKC.5066.6001.1.11325,SAM.09.AKC.5066.6001.1,PM2.5,http://dd.eionet.europa.eu/vocabulary/aq/pollutant/6001,hour,10.1742496300,µg/m3,2018-12-28 02:00:00 +01:00,2018-12-28 03:00:00 +01:00,1,1
AT,AT.0008.20.AQ,NET.09,STA.09.AKC,,SPO.09.AKC.5066.6001.1,SPP.09.AKC.5066.6001.1.11325,SAM.09.AKC.5066.6001.1,PM2.5,http://dd.eionet.europa.eu/vocabulary/aq/pollutant/6001,hour,8.2242507800,µg/m3,2018-12-28 04:00:00 +01:00,2018-12-28 05:00:00 +01:00,1,1
AT,AT.0008.20.AQ,NET.09,STA.09.AKC,,SPO.09.AKC.5066.6001.1,SPP.09.AKC.5066.6001.1.11325,SAM.09.AKC.5066.6001.1,PM2.5,http://dd.eionet.europa.eu/vocabulary/aq/pollutant/6001,hour,6.2189497800,µg/m3,2018-12-28 05:00:00 +01:00,2018-12-28 06:00:00 +01:00,1,1
AT,AT.0008.20.AQ,NET.09,STA.09.AKC,,SPO.09.AKC.5066.6001.1,SPP.09.AKC.5066.6001.1.11325,SAM.09.AKC.5066.6001.1,PM2.5,http://dd.eionet.europa.eu/vocabulary/aq/pollutant/6001,hour,5.6784000200,µg/m3,2018-12-28 06:00:00 +01:00,2018-12-28 07:00:00 +01:00,1,1
AT,AT.0008.20.AQ,NET.09,STA.09.AKC,,SPO.09.AKC.5066.6001.1,SPP.09.AKC.5066.6001.1.11325,SAM.09.AKC.5066.6001.1,PM2.5,http://dd.eionet.europa.eu/vocabulary/aq/pollutant/6001,hour,7.9812497900,µg/m3,2018-12-28 08:00:00 +01:00,2018-12-28 09:00:00 +01:00,1,1
AT,AT.0008.20.AQ,NET.09,STA.09.AKC,,SPO.09.AKC.5066.6001.1,SPP.09.AKC.5066.6001.1.11325,SAM.09.AKC.5066.6001.1,PM2.5,http://dd.eionet.europa.eu/vocabulary/aq/pollutant/6001,hour,9.1185493300,µg/m3,2018-12-28 09:00:00 +01:00,2018-12-28 10:00:00 +01:00,1,1
AT,AT.0008.20.AQ,NET.09,STA.09.AKC,,SPO.09.AKC.5066.6001.1,SPP.09.AKC.5066.6001.1.11325,SAM.09.AKC.5066.6001.1,PM2.5,http://dd.eionet.europa.eu/vocabulary/aq/pollutant/6001,hour,8.5550498800,µg/m3,2018-12-28 10:00:00 +01:00,2018-12-28 11:00:00 +01:00,1,1
AT,AT.0008.20.AQ,NET.09,STA.09.AKC,,SPO.09.AKC.5066.6001.1,SPP.09.AKC.5066.6001.1.11325,SAM.09.AKC.5066.6001.1,PM2.5,http://dd.eionet.europa.eu/vocabulary/aq/pollutant/6001,hour,8.4122505000,µg/m3,2018-12-28 11:00:00 +01:00,2018-12-28 12:00:00 +01:00,1,1
AT,AT.0008.20.AQ,NET.09,STA.09.AKC,,SPO.09.AKC.5066.6001.1,SPP.09.AKC.5066.6001.1.11325,SAM.09.AKC.5066.6001.1,PM2.5,http://dd.eionet.europa.eu/vocabulary/aq/pollutant/6001,hour,11.9134998200,µg/m3,2018-12-28 16:00:00 +01:00,2018-12-28 17:00:00 +01:00,1,1
AT,AT.0008.20.AQ,NET.09,STA.09.AKC,,SPO.09.AKC.5066.6001.1,SPP.09.AKC.5066.6001.1.11325,SAM.09.AKC.5066.6001.1,PM2.5,http://dd.eionet.europa.eu/vocabulary/aq/pollutant/6001,hour,14.1479997500,µg/m3,2018-12-28 20:00:00 +01:00,2018-12-28 21:00:00 +01:00,1,1
AT,AT.0008.20.AQ,NET.09,STA.09.AKC,,SPO.09.AKC.5066.6001.1,SPP.09.AKC.5066.6001.1.11325,SAM.09.AKC.5066.6001.1,PM2.5,http://dd.eionet.europa.eu/vocabulary/aq/pollutant/6001,hour,14.6294994200,µg/m3,2018-12-28 23:00:00 +01:00,2018-12-29 00:00:00 +01:00,1,1
AT,AT.0008.20.AQ,NET.09,STA.09.AKC,,SPO.09.AKC.5066.6001.1,SPP.09.AKC.5066.6001.1.11325,SAM.09.AKC.5066.6001.1,PM2.5,http://dd.eionet.europa.eu/vocabulary/aq/pollutant/6001,hour,15.5810003100,µg/m3,2018-12-29 00:00:00 +01:00,2018-12-29 01:00:00 +01:00,1,1
AT,AT.0008.20.AQ,NET.09,STA.09.AKC,,SPO.09.AKC.5066.6001.1,SPP.09.AKC.5066.6001.1.11325,SAM.09.AKC.5066.6001.1,PM2.5,http://dd.eionet.europa.eu/vocabulary/aq/pollutant/6001,hour,19.5374984600,µg/m3,2018-12-29 07:00:00 +01:00,2018-12-29 08:00:00 +01:00,1,1
AT,AT.0008.20.AQ,NET.09,STA.09.AKC,,SPO.09.AKC.5066.6001.1,SPP.09.AKC.5066.6001.1.11325,SAM.09.AKC.5066.6001.1,PM2.5,http://dd.eionet.europa.eu/vocabulary/aq/pollutant/6001,hour,19.5534992100,µg/m3,2018-12-29 08:00:00 +01:00,2018-12-29 09:00:00 +01:00,1,1
AT,AT.0008.20.AQ,NET.09,STA.09.AKC,,SPO.09.AKC.5066.6001.1,SPP.09.AKC.5066.6001.1.11325,SAM.09.AKC.5066.6001.1,PM2.5,http://dd.eionet.europa.eu/vocabulary/aq/pollutant/6001,hour,18.0294990400,µg/m3,2018-12-29 11:00:00 +01:00,2018-12-29 12:00:00 +01:00,1,1
AT,AT.0008.20.AQ,NET.09,STA.09.AKC,,SPO.09.AKC.5066.6001.1,SPP.09.AKC.5066.6001.1.11325,SAM.09.AKC.5066.6001.1,PM2.5,http://dd.eionet.europa.eu/vocabulary/aq/pollutant/6001,hour,17.9995002600,µg/m3,2018-12-29 16:00:00 +01:00,2018-12-29 17:00:00 +01:00,1,1
AT,AT.0008.20.AQ,NET.09,STA.09.AKC,,SPO.09.AKC.5066.6001.1,SPP.09.AKC.5066.6001.1.11325,SAM.09.AKC.5066.6001.1,PM2.5,http://dd.eionet.europa.eu/vocabulary/aq/pollutant/6001,hour,17.0359992800,µg/m3,2018-12-29 17:00:00 +01:00,2018-12-29 18:00:00 +01:00,1,1
AT,AT.0008.20.AQ,NET.09,STA.09.AKC,,SPO.09.AKC.5066.6001.1,SPP.09.AKC.5066.6001.1.11325,SAM.09.AKC.5066.6001.1,PM2.5,http://dd.eionet.europa.eu/vocabulary/aq/pollutant/6001,hour,7.3493003700,µg/m3,2018-12-30 07:00:00 +01:00,2018-12-30 08:00:00 +01:00,1,1
AT,AT.0008.20.AQ,NET.09,STA.09.AKC,,SPO.09.AKC.5066.6001.1,SPP.09.AKC.5066.6001.1.11325,SAM.09.AKC.5066.6001.1,PM2.5,http://dd.eionet.europa.eu/vocabulary/aq/pollutant/6001,hour,7.3600997800,µg/m3,2018-12-30 09:00:00 +01:00,2018-12-30 10:00:00 +01:00,1,1
AT,AT.0008.20.AQ,NET.09,STA.09.AKC,,SPO.09.AKC.5066.6001.1,SPP.09.AKC.5066.6001.1.11325,SAM.09.AKC.5066.6001.1,PM2.5,http://dd.eionet.europa.eu/vocabulary/aq/pollutant/6001,hour,5.3121499900,µg/m3,2018-12-30 10:00:00 +01:00,2018-12-30 11:00:00 +01:00,1,1
AT,AT.0008.20.AQ,NET.09,STA.09.AKC,,SPO.09.AKC.5066.6001.1,SPP.09.AKC.5066.6001.1.11325,SAM.09.AKC.5066.6001.1,PM2.5,http://dd.eionet.europa.eu/vocabulary/aq/pollutant/6001,hour,4.3717999300,µg/m3,2018-12-30 11:00:00 +01:00,2018-12-30 12:00:00 +01:00,1,1
AT,AT.0008.20.AQ,NET.09,STA.09.AKC,,SPO.09.AKC.5066.6001.1,SPP.09.AKC.5066.6001.1.11325,SAM.09.AKC.5066.6001.1,PM2.5,http://dd.eionet.europa.eu/vocabulary/aq/pollutant/6001,hour,4.6484999500,µg/m3,2018-12-30 14:00:00 +01:00,2018-12-30 15:00:00 +01:00,1,1
AT,AT.0008.20.AQ,NET.09,STA.09.AKC,,SPO.09.AKC.5066.6001.1,SPP.09.AKC.5066.6001.1.11325,SAM.09.AKC.5066.6001.1,PM2.5,http://dd.eionet.europa.eu/vocabulary/aq/pollutant/6001,hour,4.9342999300,µg/m3,2018-12-30 17:00:00 +01:00,2018-12-30 18:00:00 +01:00,1,1
AT,AT.0008.20.AQ,NET.09,STA.09.AKC,,SPO.09.AKC.5066.6001.1,SPP.09.AKC.5066.6001.1.11325,SAM.09.AKC.5066.6001.1,PM2.5,http://dd.eionet.europa.eu/vocabulary/aq/pollutant/6001,hour,4.1453499600,µg/m3,2018-12-30 20:00:00 +01:00,2018-12-30 21:00:00 +01:00,1,1
AT,AT.0008.20.AQ,NET.09,STA.09.AKC,,SPO.09.AKC.5066.6001.1,SPP.09.AKC.5066.6001.1.11325,SAM.09.AKC.5066.6001.1,PM2.5,http://dd.eionet.europa.eu/vocabulary/aq/pollutant/6001,hour,3.2985000500,µg/m3,2018-12-30 21:00:00 +01:00,2018-12-30 22:00:00 +01:00,1,1
AT,AT.0008.20.AQ,NET.09,STA.09.AKC,,SPO.09.AKC.5066.6001.1,SPP.09.AKC.5066.6001.1.11325,SAM.09.AKC.5066.6001.1,PM2.5,http://dd.eionet.europa.eu/vocabulary/aq/pollutant/6001,hour,4.9285998200,µg/m3,2018-12-30 22:00:00 +01:00,2018-12-30 23:00:00 +01:00,1,1
AT,AT.0008.20.AQ,NET.09,STA.09.AKC,,SPO.09.AKC.5066.6001.1,SPP.09.AKC.5066.6001.1.11325,SAM.09.AKC.5066.6001.1,PM2.5,http://dd.eionet.europa.eu/vocabulary/aq/pollutant/6001,hour,2.7925999000,µg/m3,2018-12-30 23:00:00 +01:00,2018-12-31 00:00:00 +01:00,1,1
AT,AT.0008.20.AQ,NET.09,STA.09.AKC,,SPO.09.AKC.5066.6001.1,SPP.09.AKC.5066.6001.1.11325,SAM.09.AKC.5066.6001.1,PM2.5,http://dd.eionet.europa.eu/vocabulary/aq/pollutant/6001,hour,4.3329496200,µg/m3,2018-12-31 06:00:00 +01:00,2018-12-31 07:00:00 +01:00,1,1
AT,AT.0008.20.AQ,NET.09,STA.09.AKC,,SPO.09.AKC.5066.6001.1,SPP.09.AKC.5066.6001.1.11325,SAM.09.AKC.5066.6001.1,PM2.5,http://dd.eionet.europa.eu/vocabulary/aq/pollutant/6001,hour,4.5042500300,µg/m3,2018-12-31 08:00:00 +01:00,2018-12-31 09:00:00 +01:00,1,1
AT,AT.0008.20.AQ,NET.09,STA.09.AKC,,SPO.09.AKC.5066.6001.1,SPP.09.AKC.5066.6001.1.11325,SAM.09.AKC.5066.6001.1,PM2.5,http://dd.eionet.europa.eu/vocabulary/aq/pollutant/6001,hour,4.6363000700,µg/m3,2018-12-31 09:00:00 +01:00,2018-12-31 10:00:00 +01:00,1,1
AT,AT.0008.20.AQ,NET.09,STA.09.AKC,,SPO.09.AKC.5066.6001.1,SPP.09.AKC.5066.6001.1.11325,SAM.09.AKC.5066.6001.1,PM2.5,http://dd.eionet.europa.eu/vocabulary/aq/pollutant/6001,hour,5.3487000300,µg/m3,2018-12-31 12:00:00 +01:00,2018-12-31 13:00:00 +01:00,1,1
AT,AT.0008.20.AQ,NET.09,STA.09.AKC,,SPO.09.AKC.5066.6001.1,SPP.09.AKC.5066.6001.1.11325,SAM.09.AKC.5066.6001.1,PM2.5,http://dd.eionet.europa.eu/vocabulary/aq/pollutant/6001,hour,4.8659000200,µg/m3,2018-12-31 14:00:00 +01:00,2018-12-31 15:00:00 +01:00,1,1
AT,AT.0008.20.AQ,NET.09,STA.09.AKC,,SPO.09.AKC.5066.6001.1,SPP.09.AKC.5066.6001.1.11325,SAM.09.AKC.5066.6001.1,PM2.5,http://dd.eionet.europa.eu/vocabulary/aq/pollutant/6001,hour,4.6174998100,µg/m3,2018-12-31 15:00:00 +01:00,2018-12-31 16:00:00 +01:00,1,1
AT,AT.0008.20.AQ,NET.09,STA.09.AKC,,SPO.09.AKC.5066.6001.1,SPP.09.AKC.5066.6001.1.11325,SAM.09.AKC.5066.6001.1,PM2.5,http://dd.eionet.europa.eu/vocabulary/aq/pollutant/6001,hour,8.8140497100,µg/m3,2018-12-31 17:00:00 +01:00,2018-12-31 18:00:00 +01:00,1,1
