,Countrycode,AirQualityStation,AirPollutant,Concentration,UnitOfMeasurement,DatetimeBegin
0,FR,STA-FR04018,NO2,58.0,µg/m3,2013-10-17 05:00:00 +01:00
1,FR,STA-FR04018,NO2,35.0,µg/m3,2013-10-17 11:00:00 +01:00
2,FR,STA-FR04018,NO2,65.25,µg/m3,2013-10-16 19:00:00 +01:00
3,FR,STA-FR04018,NO2,38.0,µg/m3,2013-10-18 17:00:00 +01:00
4,FR,STA-FR04018,NO2,36.75,µg/m3,2013-10-19 00:00:00 +01:00
5,FR,STA-FR04018,NO2,39.75,µg/m3,2013-10-19 06:00:00 +01:00
6,FR,STA-FR04018,NO2,28.75,µg/m3,2013-10-19 15:00:00 +01:00
7,FR,STA-FR04018,NO2,61.25,µg/m3,2013-10-17 22:00:00 +01:00
8,FR,STA-FR04018,NO2,40.25,µg/m3,2013-10-17 16:00:00 +01:00
9,FR,STA-FR04018,NO2,46.25,µg/m3,2013-10-18 07:00:00 +01:00
10,FR,STA-FR04018,NO2,43.75,µg/m3,2013-10-18 10:00:00 +01:00
11,FR,STA-FR04018,NO2,67.5,µg/m3,2013-10-24 09:00:00 +01:00
12,FR,STA-FR04018,NO2,43.25,µg/m3,2013-10-24 04:00:00 +01:00
13,FR,STA-FR04018,NO2,41.75,µg/m3,2013-10-23 21:00:00 +01:00
14,FR,STA-FR04018,NO2,51.0,µg/m3,2013-10-24 13:00:00 +01:00
15,FR,STA-FR04018,NO2,54.0,µg/m3,2013-10-21 06:00:00 +01:00
16,FR,STA-FR04018,NO2,28.25,µg/m3,2013-10-22 03:00:00 +01:00
17,FR,STA-FR04018,NO2,23.5,µg/m3,2013-10-20 04:00:00 +01:00
18,FR,STA-FR04018,NO2,18.25,µg/m3,2013-10-21 00:00:00 +01:00
19,FR,STA-FR04018,NO2,20.25,µg/m3,2013-10-21 03:00:00 +01:00
20,FR,STA-FR04018,NO2,40.5,µg/m3,2013-10-21 05:00:00 +01:00
21,FR,STA-FR04018,NO2,48.75,µg/m3,2013-10-21 14:00:00 +01:00
22,FR,STA-FR04018,NO2,37.5,µg/m3,2013-10-22 04:00:00 +01:00
23,FR,STA-FR04018,NO2,26.75,µg/m3,2013-10-22 00:00:00 +01:00
24,FR,STA-FR04018,NO2,59.25,µg/m3,2013-10-21 20:00:00 +01:00
26,FR,STA-FR04018,NO2,56.0,µg/m3,2013-10-23 18:00:00 +01:00
27,FR,STA-FR04018,NO2,31.75,µg/m3,2013-10-23 15:00:00 +01:00
28,FR,STA-FR04018,NO2,46.25,µg/m3,2013-10-23 17:00:00 +01:00
29,FR,STA-FR04018,NO2,41.75,µg/m3,2013-10-22 20:00:00 +01:00
30,FR,STA-FR04018,NO2,43.75,µg/m3,2013-10-23 08:00:00 +01:00
31,FR,STA-FR04018,NO2,29.0,µg/m3,2013-10-27 19:00:00 +01:00
32,FR,STA-FR04018,NO2,6.25,µg/m3,2013-10-28 01:00:00 +01:00
33,FR,STA-FR04018,NO2,33.25,µg/m3,2013-10-27 20:00:00 +01:00
34,FR,STA-FR04018,NO2,6.25,µg/m3,2013-10-28 04:00:00 +01:00
35,FR,STA-FR04018,NO2,15.75,µg/m3,2013-10-27 12:00:00 +01:00
36,FR,STA-FR04018,NO2,6.5,µg/m3,2013-10-27 04:00:00 +01:00
37,FR,STA-FR04018,NO2,8.75,µg/m3,2013-10-27 02:00:00 +01:00
38,FR,STA-FR04018,NO2,16.5,µg/m3,2013-10-27 09:00:00 +01:00
39,FR,STA-FR04018,NO2,37.5,µg/m3,2013-10-26 16:00:00 +01:00
40,FR,STA-FR04018,NO2,55.5,µg/m3,2013-10-26 19:00:00 +01:00
41,FR,STA-FR04018,NO2,37.75,µg/m3,2013-10-26 21:00:00 +01:00
42,FR,STA-FR04018,NO2,32.0,µg/m3,2013-10-26 00:00:00 +01:00
43,FR,STA-FR04018,NO2,63.25,µg/m3,2013-10-25 20:00:00 +01:00
44,FR,STA-FR04018,NO2,68.0,µg/m3,2013-10-25 19:00:00 +01:00
45,FR,STA-FR04018,NO2,60.0,µg/m3,2013-10-25 09:00:00 +01:00
46,FR,STA-FR04018,NO2,43.25,µg/m3,2013-10-25 12:00:00 +01:00
47,FR,STA-FR04018,NO2,11.25,µg/m3,2013-10-29 04:00:00 +01:00
48,FR,STA-FR04018,NO2,22.0,µg/m3,2013-10-28 23:00:00 +01:00
49,FR,STA-FR04018,NO2,47.5,µg/m3,2013-10-29 10:00:00 +01:00
50,FR,STA-FR04018,NO2,36.0,µg/m3,2013-10-29 06:00:00 +01:00
51,FR,STA-FR04018,NO2,37.75,µg/m3,2013-10-30 04:00:00 +01:00
52,FR,STA-FR04018,NO2,48.0,µg/m3,2013-10-30 01:00:00 +01:00
53,FR,STA-FR04018,NO2,35.75,µg/m3,2013-10-28 09:00:00 +01:00
54,FR,STA-FR04018,NO2,11.25,µg/m3,2013-10-27 23:00:00 +01:00
55,FR,STA-FR04018,NO2,32.25,µg/m3,2013-10-28 17:00:00 +01:00
56,FR,STA-FR04018,NO2,91.25,µg/m3,2013-10-30 19:00:00 +01:00
57,FR,STA-FR04018,NO2,78.75,µg/m3,2013-10-31 00:00:00 +01:00
58,FR,STA-FR04018,NO2,57.25,µg/m3,2013-10-30 16:00:00 +01:00
59,FR,STA-FR04018,NO2,72.0,µg/m3,2013-10-31 01:00:00 +01:00
60,FR,STA-FR04018,NO2,19.25,µg/m3,2013-05-07 17:00:00 +01:00
61,FR,STA-FR04018,NO2,45.75,µg/m3,2013-10-31 12:00:00 +01:00
62,FR,STA-FR04018,NO2,69.25,µg/m3,2013-10-31 10:00:00 +01:00
63,FR,STA-FR04018,NO2,49.5,µg/m3,2013-10-31 16:00:00 +01:00
64,FR,STA-FR04018,NO2,41.25,µg/m3,2013-05-07 14:00:00 +01:00
65,FR,STA-FR04018,NO2,80.0,µg/m3,2013-05-07 07:00:00 +01:00
66,FR,STA-FR04018,NO2,43.0,µg/m3,2013-05-08 01:00:00 +01:00
67,FR,STA-FR04018,NO2,43.25,µg/m3,2013-10-31 22:00:00 +01:00
68,FR,STA-FR04018,NO2,68.25,µg/m3,2013-10-31 09:00:00 +01:00
69,FR,STA-FR04018,NO2,28.5,µg/m3,2013-05-08 11:00:00 +01:00
70,FR,STA-FR04018,NO2,7.75,µg/m3,2013-05-09 03:00:00 +01:00
71,FR,STA-FR04018,NO2,18.0,µg/m3,2013-11-01 04:00:00 +01:00
72,FR,STA-FR04018,NO2,20.25,µg/m3,2013-05-08 21:00:00 +01:00
73,FR,STA-FR04018,NO2,11.75,µg/m3,2013-11-03 08:00:00 +01:00
74,FR,STA-FR04018,NO2,51.0,µg/m3,2013-11-04 07:00:00 +01:00
75,FR,STA-FR04018,NO2,19.0,µg/m3,2013-11-03 15:00:00 +01:00
76,FR,STA-FR04018,NO2,9.75,µg/m3,2013-11-04 00:00:00 +01:00
77,FR,STA-FR04018,NO2,41.0,µg/m3,2013-11-05 20:00:00 +01:00
78,FR,STA-FR04018,NO2,54.0,µg/m3,2013-11-05 12:00:00 +01:00
79,FR,STA-FR04018,NO2,58.75,µg/m3,2013-11-04 21:00:00 +01:00
80,FR,STA-FR04018,NO2,54.75,µg/m3,2013-11-05 06:00:00 +01:00
81,FR,STA-FR04018,NO2,40.5,µg/m3,2013-11-05 03:00:00 +01:00
82,FR,STA-FR04018,NO2,27.25,µg/m3,2013-11-02 23:00:00 +01:00
83,FR,STA-FR04018,NO2,20.25,µg/m3,2013-11-03 00:00:00 +01:00
84,FR,STA-FR04018,NO2,27.5,µg/m3,2013-11-02 07:00:00 +01:00
85,FR,STA-FR04018,NO2,16.0,µg/m3,2013-11-02 01:00:00 +01:00
86,FR,STA-FR04018,NO2,38.25,µg/m3,2013-11-01 19:00:00 +01:00
87,FR,STA-FR04018,NO2,22.0,µg/m3,2013-11-01 22:00:00 +01:00
88,FR,STA-FR04018,NO2,33.5,µg/m3,2013-11-01 13:00:00 +01:00
89,FR,STA-FR04018,NO2,38.0,µg/m3,2013-11-01 17:00:00 +01:00
90,FR,STA-FR04018,NO2,11.25,µg/m3,2013-05-09 13:00:00 +01:00
91,FR,STA-FR04018,NO2,26.75,µg/m3,2013-11-12 04:00:00 +01:00
92,FR,STA-FR04018,NO2,29.75,µg/m3,2013-11-12 01:00:00 +01:00
93,FR,STA-FR04018,NO2,61.0,µg/m3,2013-11-14 05:00:00 +01:00
94,FR,STA-FR04018,NO2,59.5,µg/m3,2013-11-14 11:00:00 +01:00
95,FR,STA-FR04018,NO2,47.25,µg/m3,2013-11-12 20:00:00 +01:00
96,FR,STA-FR04018,NO2,27.0,µg/m3,2013-11-13 14:00:00 +01:00
97,FR,STA-FR04018,NO2,83.75,µg/m3,2013-11-13 20:00:00 +01:00
98,FR,STA-FR04018,NO2,57.0,µg/m3,2013-11-14 03:00:00 +01:00
99,FR,STA-FR04018,NO2,54.5,µg/m3,2013-11-13 09:00:00 +01:00
100,FR,STA-FR04018,NO2,59.0,µg/m3,2013-11-11 02:00:00 +01:00
101,FR,STA-FR04018,NO2,12.5,µg/m3,2013-11-10 05:00:00 +01:00
102,FR,STA-FR04018,NO2,13.5,µg/m3,2013-11-10 10:00:00 +01:00
103,FR,STA-FR04018,NO2,15.5,µg/m3,2013-11-10 16:00:00 +01:00
104,FR,STA-FR04018,NO2,10.75,µg/m3,2013-11-10 13:00:00 +01:00
105,FR,STA-FR04018,NO2,12.0,µg/m3,2013-05-10 01:00:00 +01:00
106,FR,STA-FR04018,NO2,61.75,µg/m3,2013-11-10 21:00:00 +01:00
107,FR,STA-FR04018,NO2,59.25,µg/m3,2013-11-11 01:00:00 +01:00
108,FR,STA-FR04018,NO2,18.0,µg/m3,2013-05-10 04:00:00 +01:00
109,FR,STA-FR04018,NO2,43.5,µg/m3,2013-11-09 09:00:00 +01:00
110,FR,STA-FR04018,NO2,33.0,µg/m3,2013-11-09 06:00:00 +01:00
111,FR,STA-FR04018,NO2,49.5,µg/m3,2013-11-08 18:00:00 +01:00
112,FR,STA-FR04018,NO2,37.5,µg/m3,2013-11-09 12:00:00 +01:00
113,FR,STA-FR04018,NO2,29.0,µg/m3,2013-11-09 15:00:00 +01:00
114,FR,STA-FR04018,NO2,35.0,µg/m3,2013-11-10 00:00:00 +01:00
115,FR,STA-FR04018,NO2,30.5,µg/m3,2013-11-09 21:00:00 +01:00
116,FR,STA-FR04018,NO2,55.0,µg/m3,2013-11-09 18:00:00 +01:00
117,FR,STA-FR04018,NO2,52.0,µg/m3,2013-11-06 18:00:00 +01:00
118,FR,STA-FR04018,NO2,19.5,µg/m3,2013-11-07 05:00:00 +01:00
119,FR,STA-FR04018,NO2,48.0,µg/m3,2013-11-06 19:00:00 +01:00
120,FR,STA-FR04018,NO2,48.25,µg/m3,2013-11-06 10:00:00 +01:00
121,FR,STA-FR04018,NO2,63.0,µg/m3,2013-11-06 07:00:00 +01:00
122,FR,STA-FR04018,NO2,56.0,µg/m3,2013-11-06 08:00:00 +01:00
123,FR,STA-FR04018,NO2,39.0,µg/m3,2013-11-08 05:00:00 +01:00
124,FR,STA-FR04018,NO2,72.0,µg/m3,2013-11-08 11:00:00 +01:00
125,FR,STA-FR04018,NO2,19.0,µg/m3,2013-11-08 22:00:00 +01:00
126,FR,STA-FR04018,NO2,51.5,µg/m3,2013-11-08 14:00:00 +01:00
127,FR,STA-FR04018,NO2,30.25,µg/m3,2013-11-07 12:00:00 +01:00
128,FR,STA-FR04018,NO2,48.25,µg/m3,2013-11-07 11:00:00 +01:00
129,FR,STA-FR04018,NO2,27.0,µg/m3,2013-11-16 14:00:00 +01:00
130,FR,STA-FR04018,NO2,29.5,µg/m3,2013-11-16 12:00:00 +01:00
131,FR,STA-FR04018,NO2,38.75,µg/m3,2013-11-16 06:00:00 +01:00
132,FR,STA-FR04018,NO2,25.25,µg/m3,2013-05-10 16:00:00 +01:00
133,FR,STA-FR04018,NO2,31.25,µg/m3,2013-11-15 14:00:00 +01:00
134,FR,STA-FR04018,NO2,29.0,µg/m3,2013-11-15 13:00:00 +01:00
135,FR,STA-FR04018,NO2,39.0,µg/m3,2013-11-16 00:00:00 +01:00
136,FR,STA-FR04018,NO2,32.0,µg/m3,2013-11-16 03:00:00 +01:00
137,FR,STA-FR04018,NO2,30.5,µg/m3,2013-05-10 17:00:00 +01:00
138,FR,STA-FR04018,NO2,24.75,µg/m3,2013-05-10 13:00:00 +01:00
139,FR,STA-FR04018,NO2,71.0,µg/m3,2013-11-14 19:00:00 +01:00
140,FR,STA-FR04018,NO2,41.25,µg/m3,2013-11-15 07:00:00 +01:00
141,FR,STA-FR04018,NO2,28.0,µg/m3,2013-11-15 10:00:00 +01:00
142,FR,STA-FR04018,NO2,22.0,µg/m3,2013-11-15 05:00:00 +01:00
143,FR,STA-FR04018,NO2,68.0,µg/m3,2013-11-14 20:00:00 +01:00
144,FR,STA-FR04018,NO2,40.5,µg/m3,2013-11-15 08:00:00 +01:00
145,FR,STA-FR04018,NO2,50.25,µg/m3,2013-11-18 14:00:00 +01:00
146,FR,STA-FR04018,NO2,49.5,µg/m3,2013-11-18 18:00:00 +01:00
147,FR,STA-FR04018,NO2,53.75,µg/m3,2013-11-18 21:00:00 +01:00
148,FR,STA-FR04018,NO2,51.75,µg/m3,2013-11-18 10:00:00 +01:00
149,FR,STA-FR04018,NO2,59.25,µg/m3,2013-11-19 19:00:00 +01:00
150,FR,STA-FR04018,NO2,54.0,µg/m3,2013-11-19 08:00:00 +01:00
151,FR,STA-FR04018,NO2,39.75,µg/m3,2013-11-19 05:00:00 +01:00
152,FR,STA-FR04018,NO2,47.25,µg/m3,2013-11-19 10:00:00 +01:00
153,FR,STA-FR04018,NO2,40.75,µg/m3,2013-11-19 11:00:00 +01:00
154,FR,STA-FR04018,NO2,31.25,µg/m3,2013-11-17 10:00:00 +01:00
155,FR,STA-FR04018,NO2,32.5,µg/m3,2013-11-17 05:00:00 +01:00
156,FR,STA-FR04018,NO2,29.0,µg/m3,2013-11-17 13:00:00 +01:00
157,FR,STA-FR04018,NO2,26.25,µg/m3,2013-05-10 19:00:00 +01:00
158,FR,STA-FR04018,NO2,42.5,µg/m3,2013-11-16 20:00:00 +01:00
159,FR,STA-FR04018,NO2,40.5,µg/m3,2013-11-17 01:00:00 +01:00
160,FR,STA-FR04018,NO2,38.25,µg/m3,2013-11-17 03:00:00 +01:00
161,FR,STA-FR04018,NO2,40.5,µg/m3,2013-11-17 00:00:00 +01:00
162,FR,STA-FR04018,NO2,41.25,µg/m3,2013-11-18 07:00:00 +01:00
163,FR,STA-FR04018,NO2,35.75,µg/m3,2013-11-18 03:00:00 +01:00
164,FR,STA-FR04018,NO2,35.75,µg/m3,2013-11-18 05:00:00 +01:00
165,FR,STA-FR04018,NO2,29.0,µg/m3,2013-11-17 15:00:00 +01:00
166,FR,STA-FR04018,NO2,29.75,µg/m3,2013-11-17 18:00:00 +01:00
167,FR,STA-FR04018,NO2,38.75,µg/m3,2013-11-21 11:00:00 +01:00
168,FR,STA-FR04018,NO2,33.0,µg/m3,2013-11-21 14:00:00 +01:00
169,FR,STA-FR04018,NO2,39.0,µg/m3,2013-11-20 02:00:00 +01:00
170,FR,STA-FR04018,NO2,69.25,µg/m3,2013-11-20 08:00:00 +01:00
171,FR,STA-FR04018,NO2,48.75,µg/m3,2013-11-20 18:00:00 +01:00
172,FR,STA-FR04018,NO2,57.0,µg/m3,2013-11-20 21:00:00 +01:00
173,FR,STA-FR04018,NO2,30.0,µg/m3,2013-11-21 02:00:00 +01:00
174,FR,STA-FR04018,NO2,37.75,µg/m3,2013-11-20 05:00:00 +01:00
175,FR,STA-FR04018,NO2,52.25,µg/m3,2013-11-20 22:00:00 +01:00
176,FR,STA-FR04018,NO2,45.5,µg/m3,2013-11-21 21:00:00 +01:00
177,FR,STA-FR04018,NO2,10.5,µg/m3,2013-05-12 17:00:00 +01:00
178,FR,STA-FR04018,NO2,18.0,µg/m3,2013-05-12 21:00:00 +01:00
179,FR,STA-FR04018,NO2,17.5,µg/m3,2013-05-13 11:00:00 +01:00
180,FR,STA-FR04018,NO2,48.5,µg/m3,2013-11-22 09:00:00 +01:00
181,FR,STA-FR04018,NO2,37.5,µg/m3,2013-11-22 14:00:00 +01:00
182,FR,STA-FR04018,NO2,39.0,µg/m3,2013-11-22 06:00:00 +01:00
183,FR,STA-FR04018,NO2,35.25,µg/m3,2013-11-24 05:00:00 +01:00
184,FR,STA-FR04018,NO2,32.0,µg/m3,2013-11-23 21:00:00 +01:00
185,FR,STA-FR04018,NO2,26.75,µg/m3,2013-11-23 05:00:00 +01:00
186,FR,STA-FR04018,NO2,25.75,µg/m3,2013-05-13 18:00:00 +01:00
187,FR,STA-FR04018,NO2,20.75,µg/m3,2013-05-13 17:00:00 +01:00
188,FR,STA-FR04018,NO2,9.75,µg/m3,2013-05-11 13:00:00 +01:00
189,FR,STA-FR04018,NO2,14.5,µg/m3,2013-05-11 09:00:00 +01:00
191,FR,STA-FR04018,NO2,25.75,µg/m3,2013-05-11 19:00:00 +01:00
192,FR,STA-FR04018,NO2,18.25,µg/m3,2013-05-11 22:00:00 +01:00
193,FR,STA-FR04018,NO2,18.25,µg/m3,2013-05-11 23:00:00 +01:00
194,FR,STA-FR04018,NO2,22.5,µg/m3,2013-05-11 18:00:00 +01:00
195,FR,STA-FR04018,NO2,11.0,µg/m3,2013-05-12 08:00:00 +01:00
196,FR,STA-FR04018,NO2,7.75,µg/m3,2013-05-12 10:00:00 +01:00
197,FR,STA-FR04018,NO2,20.25,µg/m3,2013-11-27 02:00:00 +01:00
198,FR,STA-FR04018,NO2,69.25,µg/m3,2013-11-26 18:00:00 +01:00
199,FR,STA-FR04018,NO2,22.5,µg/m3,2013-05-14 20:00:00 +01:00
200,FR,STA-FR04018,NO2,42.75,µg/m3,2013-11-27 13:00:00 +01:00
201,FR,STA-FR04018,NO2,26.25,µg/m3,2013-05-14 17:00:00 +01:00
202,FR,STA-FR04018,NO2,28.0,µg/m3,2013-11-26 05:00:00 +01:00
203,FR,STA-FR04018,NO2,17.5,µg/m3,2013-11-26 03:00:00 +01:00
204,FR,STA-FR04018,NO2,42.5,µg/m3,2013-11-26 11:00:00 +01:00
205,FR,STA-FR04018,NO2,48.75,µg/m3,2013-11-26 15:00:00 +01:00
206,FR,STA-FR04018,NO2,35.25,µg/m3,2013-11-24 09:00:00 +01:00
207,FR,STA-FR04018,NO2,29.5,µg/m3,2013-11-24 12:00:00 +01:00
208,FR,STA-FR04018,NO2,25.0,µg/m3,2013-11-25 00:00:00 +01:00
209,FR,STA-FR04018,NO2,33.75,µg/m3,2013-11-24 21:00:00 +01:00
210,FR,STA-FR04018,NO2,21.5,µg/m3,2013-11-26 00:00:00 +01:00
211,FR,STA-FR04018,NO2,65.75,µg/m3,2013-11-28 17:00:00 +01:00
212,FR,STA-FR04018,NO2,79.25,µg/m3,2013-11-28 13:00:00 +01:00
213,FR,STA-FR04018,NO2,57.5,µg/m3,2013-11-28 19:00:00 +01:00
214,FR,STA-FR04018,NO2,40.0,µg/m3,2013-11-29 04:00:00 +01:00
215,FR,STA-FR04018,NO2,48.0,µg/m3,2013-11-27 16:00:00 +01:00
216,FR,STA-FR04018,NO2,58.25,µg/m3,2013-11-27 22:00:00 +01:00
217,FR,STA-FR04018,NO2,56.25,µg/m3,2013-11-27 23:00:00 +01:00
218,FR,STA-FR04018,NO2,76.25,µg/m3,2013-11-28 07:00:00 +01:00
219,FR,STA-FR04018,NO2,54.0,µg/m3,2013-12-02 16:00:00 +01:00
220,FR,STA-FR04018,NO2,24.25,µg/m3,2013-12-01 12:00:00 +01:00
221,FR,STA-FR04018,NO2,22.0,µg/m3,2013-12-01 09:00:00 +01:00
222,FR,STA-FR04018,NO2,19.0,µg/m3,2013-12-01 04:00:00 +01:00
223,FR,STA-FR04018,NO2,17.0,µg/m3,2013-12-01 07:00:00 +01:00
224,FR,STA-FR04018,NO2,72.5,µg/m3,2013-12-01 19:00:00 +01:00
225,FR,STA-FR04018,NO2,45.5,µg/m3,2013-11-29 00:00:00 +01:00
226,FR,STA-FR04018,NO2,11.0,µg/m3,2013-05-15 01:00:00 +01:00
227,FR,STA-FR04018,NO2,20.5,µg/m3,2013-05-15 04:00:00 +01:00
228,FR,STA-FR04018,NO2,58.75,µg/m3,2013-11-28 05:00:00 +01:00
229,FR,STA-FR04018,NO2,47.0,µg/m3,2013-11-29 15:00:00 +01:00
230,FR,STA-FR04018,NO2,49.5,µg/m3,2013-11-29 11:00:00 +01:00
231,FR,STA-FR04018,NO2,43.0,µg/m3,2013-11-30 05:00:00 +01:00
232,FR,STA-FR04018,NO2,51.75,µg/m3,2013-11-30 07:00:00 +01:00
233,FR,STA-FR04018,NO2,38.5,µg/m3,2013-11-30 19:00:00 +01:00
234,FR,STA-FR04018,NO2,34.75,µg/m3,2013-11-30 16:00:00 +01:00
235,FR,STA-FR04018,NO2,22.0,µg/m3,2013-05-15 16:00:00 +01:00
236,FR,STA-FR04018,NO2,40.0,µg/m3,2013-12-05 12:00:00 +01:00
237,FR,STA-FR04018,NO2,34.25,µg/m3,2013-12-05 05:00:00 +01:00
238,FR,STA-FR04018,NO2,32.0,µg/m3,2013-12-05 03:00:00 +01:00
239,FR,STA-FR04018,NO2,57.0,µg/m3,2013-12-04 07:00:00 +01:00
240,FR,STA-FR04018,NO2,65.25,µg/m3,2013-12-04 18:00:00 +01:00
241,FR,STA-FR04018,NO2,62.75,µg/m3,2013-12-02 23:00:00 +01:00
242,FR,STA-FR04018,NO2,81.75,µg/m3,2013-12-03 11:00:00 +01:00
243,FR,STA-FR04018,NO2,59.25,µg/m3,2013-12-03 00:00:00 +01:00
244,FR,STA-FR04018,NO2,91.0,µg/m3,2013-12-03 17:00:00 +01:00
245,FR,STA-FR04018,NO2,49.5,µg/m3,2013-12-04 03:00:00 +01:00
246,FR,STA-FR04018,NO2,70.25,µg/m3,2013-12-04 11:00:00 +01:00
247,FR,STA-FR04018,NO2,74.0,µg/m3,2013-12-07 21:00:00 +01:00
248,FR,STA-FR04018,NO2,36.0,µg/m3,2013-05-16 04:00:00 +01:00
249,FR,STA-FR04018,NO2,60.25,µg/m3,2013-12-07 16:00:00 +01:00
250,FR,STA-FR04018,NO2,50.5,µg/m3,2013-12-07 11:00:00 +01:00
251,FR,STA-FR04018,NO2,44.5,µg/m3,2013-12-07 09:00:00 +01:00
252,FR,STA-FR04018,NO2,78.5,µg/m3,2013-12-06 07:00:00 +01:00
253,FR,STA-FR04018,NO2,22.25,µg/m3,2013-12-05 22:00:00 +01:00
254,FR,STA-FR04018,NO2,41.0,µg/m3,2013-12-06 12:00:00 +01:00
255,FR,STA-FR04018,NO2,88.25,µg/m3,2013-12-06 09:00:00 +01:00
256,FR,STA-FR04018,NO2,23.25,µg/m3,2013-12-06 01:00:00 +01:00
257,FR,STA-FR04018,NO2,36.25,µg/m3,2013-12-06 15:00:00 +01:00
258,FR,STA-FR04018,NO2,41.25,µg/m3,2013-12-07 07:00:00 +01:00
259,FR,STA-FR04018,NO2,60.75,µg/m3,2013-12-07 02:00:00 +01:00
260,FR,STA-FR04018,NO2,87.75,µg/m3,2013-12-06 20:00:00 +01:00
261,FR,STA-FR04018,NO2,53.75,µg/m3,2013-12-08 10:00:00 +01:00
262,FR,STA-FR04018,NO2,35.75,µg/m3,2013-12-08 12:00:00 +01:00
263,FR,STA-FR04018,NO2,54.5,µg/m3,2013-12-08 08:00:00 +01:00
264,FR,STA-FR04018,NO2,24.5,µg/m3,2013-12-08 14:00:00 +01:00
265,FR,STA-FR04018,NO2,93.75,µg/m3,2013-12-09 03:00:00 +01:00
266,FR,STA-FR04018,NO2,124.0,µg/m3,2013-12-09 09:00:00 +01:00
267,FR,STA-FR04018,NO2,97.25,µg/m3,2013-12-09 01:00:00 +01:00
268,FR,STA-FR04018,NO2,91.75,µg/m3,2013-12-10 15:00:00 +01:00
269,FR,STA-FR04018,NO2,63.0,µg/m3,2013-12-10 01:00:00 +01:00
270,FR,STA-FR04018,NO2,62.25,µg/m3,2013-12-10 06:00:00 +01:00
271,FR,STA-FR04018,NO2,58.75,µg/m3,2013-05-16 08:00:00 +01:00
272,FR,STA-FR04018,NO2,32.75,µg/m3,2013-05-16 19:00:00 +01:00
273,FR,STA-FR04018,NO2,54.0,µg/m3,2013-05-16 23:00:00 +01:00
274,FR,STA-FR04018,NO2,41.25,µg/m3,2013-05-16 18:00:00 +01:00
275,FR,STA-FR04018,NO2,74.5,µg/m3,2013-12-11 01:00:00 +01:00
276,FR,STA-FR04018,NO2,43.25,µg/m3,2013-05-17 08:00:00 +01:00
277,FR,STA-FR04018,NO2,16.5,µg/m3,2013-05-17 14:00:00 +01:00
278,FR,STA-FR04018,NO2,72.25,µg/m3,2013-12-11 07:00:00 +01:00
279,FR,STA-FR04018,NO2,18.75,µg/m3,2013-05-17 17:00:00 +01:00
280,FR,STA-FR04018,NO2,44.75,µg/m3,2013-05-17 21:00:00 +01:00
281,FR,STA-FR04018,NO2,61.25,µg/m3,2013-05-18 04:00:00 +01:00
282,FR,STA-FR04018,NO2,40.25,µg/m3,2013-05-18 07:00:00 +01:00
283,FR,STA-FR04018,NO2,31.75,µg/m3,2013-05-18 19:00:00 +01:00
284,FR,STA-FR04018,NO2,30.75,µg/m3,2013-05-18 18:00:00 +01:00
285,FR,STA-FR04018,NO2,13.75,µg/m3,2013-05-18 10:00:00 +01:00
286,FR,STA-FR04018,NO2,18.75,µg/m3,2013-05-18 16:00:00 +01:00
287,FR,STA-FR04018,NO2,17.0,µg/m3,2013-05-19 05:00:00 +01:00
288,FR,STA-FR04018,NO2,24.75,µg/m3,2013-05-18 23:00:00 +01:00
289,FR,STA-FR04018,NO2,27.5,µg/m3,2013-05-18 22:00:00 +01:00
290,FR,STA-FR04018,NO2,21.5,µg/m3,2013-05-18 21:00:00 +01:00
291,FR,STA-FR04018,NO2,15.25,µg/m3,2013-05-19 02:00:00 +01:00
292,FR,STA-FR04018,NO2,17.25,µg/m3,2013-05-19 13:00:00 +01:00
293,FR,STA-FR04018,NO2,51.5,µg/m3,2013-05-19 19:00:00 +01:00
294,FR,STA-FR04018,NO2,82.0,µg/m3,2013-12-12 14:00:00 +01:00
295,FR,STA-FR04018,NO2,59.25,µg/m3,2013-12-12 02:00:00 +01:00
296,FR,STA-FR04018,NO2,77.75,µg/m3,2013-12-12 17:00:00 +01:00
297,FR,STA-FR04018,NO2,69.75,µg/m3,2013-12-11 22:00:00 +01:00
298,FR,STA-FR04018,NO2,78.0,µg/m3,2013-12-12 22:00:00 +01:00
299,FR,STA-FR04018,NO2,76.0,µg/m3,2013-12-12 23:00:00 +01:00
300,FR,STA-FR04018,NO2,100.5,µg/m3,2013-12-11 18:00:00 +01:00
301,FR,STA-FR04018,NO2,51.25,µg/m3,2013-05-27 21:00:00 +01:00
302,FR,STA-FR04018,NO2,40.75,µg/m3,2013-05-27 17:00:00 +01:00
303,FR,STA-FR04018,NO2,63.25,µg/m3,2013-05-28 08:00:00 +01:00
304,FR,STA-FR04018,NO2,39.25,µg/m3,2013-05-28 14:00:00 +01:00
305,FR,STA-FR04018,NO2,60.5,µg/m3,2013-05-27 00:00:00 +01:00
306,FR,STA-FR04018,NO2,10.25,µg/m3,2013-05-25 10:00:00 +01:00
307,FR,STA-FR04018,NO2,14.0,µg/m3,2013-05-25 07:00:00 +01:00
308,FR,STA-FR04018,NO2,13.5,µg/m3,2013-05-25 15:00:00 +01:00
309,FR,STA-FR04018,NO2,10.25,µg/m3,2013-05-25 13:00:00 +01:00
310,FR,STA-FR04018,NO2,10.5,µg/m3,2013-05-26 14:00:00 +01:00
311,FR,STA-FR04018,NO2,14.75,µg/m3,2013-05-26 17:00:00 +01:00
312,FR,STA-FR04018,NO2,10.75,µg/m3,2013-05-26 11:00:00 +01:00
313,FR,STA-FR04018,NO2,28.5,µg/m3,2013-05-25 21:00:00 +01:00
314,FR,STA-FR04018,NO2,21.0,µg/m3,2013-05-29 14:00:00 +01:00
315,FR,STA-FR04018,NO2,25.75,µg/m3,2013-05-28 19:00:00 +01:00
316,FR,STA-FR04018,NO2,19.75,µg/m3,2013-05-29 00:00:00 +01:00
317,FR,STA-FR04018,NO2,54.0,µg/m3,2013-05-29 05:00:00 +01:00
318,FR,STA-FR04018,NO2,28.0,µg/m3,2013-05-21 16:00:00 +01:00
319,FR,STA-FR04018,NO2,65.0,µg/m3,2013-05-21 06:00:00 +01:00
320,FR,STA-FR04018,NO2,68.0,µg/m3,2013-12-16 10:00:00 +01:00
321,FR,STA-FR04018,NO2,75.5,µg/m3,2013-12-16 17:00:00 +01:00
322,FR,STA-FR04018,NO2,68.25,µg/m3,2013-12-15 18:00:00 +01:00
323,FR,STA-FR04018,NO2,38.75,µg/m3,2013-12-16 04:00:00 +01:00
324,FR,STA-FR04018,NO2,28.5,µg/m3,2013-05-21 00:00:00 +01:00
325,FR,STA-FR04018,NO2,29.0,µg/m3,2013-05-21 03:00:00 +01:00
326,FR,STA-FR04018,NO2,31.25,µg/m3,2013-12-15 03:00:00 +01:00
327,FR,STA-FR04018,NO2,46.25,µg/m3,2013-12-14 03:00:00 +01:00
328,FR,STA-FR04018,NO2,66.0,µg/m3,2013-12-13 21:00:00 +01:00
329,FR,STA-FR04018,NO2,48.75,µg/m3,2013-12-14 01:00:00 +01:00
330,FR,STA-FR04018,NO2,36.5,µg/m3,2013-12-14 06:00:00 +01:00
331,FR,STA-FR04018,NO2,32.5,µg/m3,2013-05-20 08:00:00 +01:00
332,FR,STA-FR04018,NO2,45.25,µg/m3,2013-12-14 14:00:00 +01:00
333,FR,STA-FR04018,NO2,31.25,µg/m3,2013-05-20 10:00:00 +01:00
334,FR,STA-FR04018,NO2,42.5,µg/m3,2013-12-14 20:00:00 +01:00
335,FR,STA-FR04018,NO2,35.5,µg/m3,2013-05-20 17:00:00 +01:00
336,FR,STA-FR04018,NO2,13.75,µg/m3,2013-05-22 14:00:00 +01:00
337,FR,STA-FR04018,NO2,10.25,µg/m3,2013-05-22 00:00:00 +01:00
338,FR,STA-FR04018,NO2,12.0,µg/m3,2013-05-21 22:00:00 +01:00
339,FR,STA-FR04018,NO2,12.75,µg/m3,2013-05-21 23:00:00 +01:00
340,FR,STA-FR04018,NO2,20.25,µg/m3,2013-05-22 08:00:00 +01:00
341,FR,STA-FR04018,NO2,9.0,µg/m3,2013-05-22 11:00:00 +01:00
342,FR,STA-FR04018,NO2,7.5,µg/m3,2013-05-22 02:00:00 +01:00
343,FR,STA-FR04018,NO2,28.5,µg/m3,2013-05-22 21:00:00 +01:00
344,FR,STA-FR04018,NO2,17.0,µg/m3,2013-05-22 18:00:00 +01:00
345,FR,STA-FR04018,NO2,41.25,µg/m3,2013-05-23 07:00:00 +01:00
346,FR,STA-FR04018,NO2,21.0,µg/m3,2013-05-23 03:00:00 +01:00
347,FR,STA-FR04018,NO2,41.25,µg/m3,2013-05-24 20:00:00 +01:00
348,FR,STA-FR04018,NO2,46.75,µg/m3,2013-05-25 01:00:00 +01:00
349,FR,STA-FR04018,NO2,46.0,µg/m3,2013-05-24 16:00:00 +01:00
350,FR,STA-FR04018,NO2,15.75,µg/m3,2013-05-25 06:00:00 +01:00
351,FR,STA-FR04018,NO2,32.5,µg/m3,2013-05-24 14:00:00 +01:00
352,FR,STA-FR04018,NO2,33.75,µg/m3,2013-05-24 10:00:00 +01:00
353,FR,STA-FR04018,NO2,21.75,µg/m3,2013-05-23 10:00:00 +01:00
354,FR,STA-FR04018,NO2,9.5,µg/m3,2013-06-03 00:00:00 +01:00
355,FR,STA-FR04018,NO2,7.75,µg/m3,2013-06-02 08:00:00 +01:00
356,FR,STA-FR04018,NO2,28.25,µg/m3,2013-12-18 01:00:00 +01:00
357,FR,STA-FR04018,NO2,71.75,µg/m3,2013-12-18 08:00:00 +01:00
358,FR,STA-FR04018,NO2,23.0,µg/m3,2013-12-18 04:00:00 +01:00
359,FR,STA-FR04018,NO2,5.0,µg/m3,2013-06-02 12:00:00 +01:00
360,FR,STA-FR04018,NO2,8.25,µg/m3,2013-06-02 06:00:00 +01:00
361,FR,STA-FR04018,NO2,4.75,µg/m3,2013-06-02 03:00:00 +01:00
362,FR,STA-FR04018,NO2,5.25,µg/m3,2013-06-02 13:00:00 +01:00
363,FR,STA-FR04018,NO2,12.25,µg/m3,2013-06-01 18:00:00 +01:00
364,FR,STA-FR04018,NO2,77.75,µg/m3,2013-12-17 08:00:00 +01:00
365,FR,STA-FR04018,NO2,12.0,µg/m3,2013-06-01 22:00:00 +01:00
366,FR,STA-FR04018,NO2,84.0,µg/m3,2013-12-17 18:00:00 +01:00
367,FR,STA-FR04018,NO2,15.75,µg/m3,2013-06-01 23:00:00 +01:00
368,FR,STA-FR04018,NO2,9.25,µg/m3,2013-06-01 10:00:00 +01:00
369,FR,STA-FR04018,NO2,9.0,µg/m3,2013-06-01 13:00:00 +01:00
370,FR,STA-FR04018,NO2,75.25,µg/m3,2013-12-16 22:00:00 +01:00
371,FR,STA-FR04018,NO2,42.25,µg/m3,2013-05-30 00:00:00 +01:00
372,FR,STA-FR04018,NO2,24.25,µg/m3,2013-05-30 03:00:00 +01:00
373,FR,STA-FR04018,NO2,22.25,µg/m3,2013-05-29 17:00:00 +01:00
374,FR,STA-FR04018,NO2,22.5,µg/m3,2013-05-30 10:00:00 +01:00
375,FR,STA-FR04018,NO2,33.75,µg/m3,2013-05-31 05:00:00 +01:00
376,FR,STA-FR04018,NO2,74.25,µg/m3,2013-05-30 21:00:00 +01:00
377,FR,STA-FR04018,NO2,30.25,µg/m3,2013-05-31 10:00:00 +01:00
378,FR,STA-FR04018,NO2,23.25,µg/m3,2013-05-31 13:00:00 +01:00
379,FR,STA-FR04018,NO2,25.25,µg/m3,2013-06-01 00:00:00 +01:00
380,FR,STA-FR04018,NO2,26.25,µg/m3,2013-05-31 20:00:00 +01:00
381,FR,STA-FR04018,NO2,11.75,µg/m3,2013-12-25 05:00:00 +01:00
382,FR,STA-FR04018,NO2,21.5,µg/m3,2013-12-25 07:00:00 +01:00
383,FR,STA-FR04018,NO2,59.75,µg/m3,2013-12-24 19:00:00 +01:00
384,FR,STA-FR04018,NO2,25.5,µg/m3,2013-06-09 21:00:00 +01:00
385,FR,STA-FR04018,NO2,43.5,µg/m3,2013-12-24 17:00:00 +01:00
386,FR,STA-FR04018,NO2,22.25,µg/m3,2013-12-24 09:00:00 +01:00
387,FR,STA-FR04018,NO2,17.25,µg/m3,2013-12-25 01:00:00 +01:00
388,FR,STA-FR04018,NO2,19.75,µg/m3,2013-12-26 01:00:00 +01:00
389,FR,STA-FR04018,NO2,48.75,µg/m3,2013-12-26 07:00:00 +01:00
390,FR,STA-FR04018,NO2,38.75,µg/m3,2013-06-10 08:00:00 +01:00
391,FR,STA-FR04018,NO2,37.5,µg/m3,2013-06-10 09:00:00 +01:00
392,FR,STA-FR04018,NO2,38.25,µg/m3,2013-12-25 21:00:00 +01:00
393,FR,STA-FR04018,NO2,67.5,µg/m3,2013-12-25 18:00:00 +01:00
394,FR,STA-FR04018,NO2,40.75,µg/m3,2013-06-11 03:00:00 +01:00
395,FR,STA-FR04018,NO2,68.5,µg/m3,2013-12-26 19:00:00 +01:00
396,FR,STA-FR04018,NO2,38.5,µg/m3,2013-06-11 02:00:00 +01:00
397,FR,STA-FR04018,NO2,48.75,µg/m3,2013-12-26 22:00:00 +01:00
398,FR,STA-FR04018,NO2,17.0,µg/m3,2013-12-27 05:00:00 +01:00
399,FR,STA-FR04018,NO2,25.25,µg/m3,2013-12-27 01:00:00 +01:00
400,FR,STA-FR04018,NO2,21.5,µg/m3,2013-12-26 05:00:00 +01:00
401,FR,STA-FR04018,NO2,16.5,µg/m3,2013-12-28 00:00:00 +01:00
402,FR,STA-FR04018,NO2,28.0,µg/m3,2013-12-27 13:00:00 +01:00
403,FR,STA-FR04018,NO2,32.25,µg/m3,2013-06-11 11:00:00 +01:00
404,FR,STA-FR04018,NO2,32.25,µg/m3,2013-12-27 11:00:00 +01:00
405,FR,STA-FR04018,NO2,70.0,µg/m3,2013-06-11 06:00:00 +01:00
406,FR,STA-FR04018,NO2,11.5,µg/m3,2013-06-09 04:00:00 +01:00
407,FR,STA-FR04018,NO2,23.75,µg/m3,2013-06-08 21:00:00 +01:00
408,FR,STA-FR04018,NO2,15.25,µg/m3,2013-06-09 10:00:00 +01:00
409,FR,STA-FR04018,NO2,12.0,µg/m3,2013-12-24 00:00:00 +01:00
410,FR,STA-FR04018,NO2,8.5,µg/m3,2013-12-24 04:00:00 +01:00
411,FR,STA-FR04018,NO2,46.0,µg/m3,2013-12-23 11:00:00 +01:00
412,FR,STA-FR04018,NO2,31.25,µg/m3,2013-12-23 14:00:00 +01:00
413,FR,STA-FR04018,NO2,50.75,µg/m3,2013-12-23 08:00:00 +01:00
414,FR,STA-FR04018,NO2,26.25,µg/m3,2013-12-23 05:00:00 +01:00
415,FR,STA-FR04018,NO2,15.5,µg/m3,2013-06-07 14:00:00 +01:00
416,FR,STA-FR04018,NO2,14.5,µg/m3,2013-12-22 07:00:00 +01:00
417,FR,STA-FR04018,NO2,43.75,µg/m3,2013-06-07 23:00:00 +01:00
418,FR,STA-FR04018,NO2,29.75,µg/m3,2013-12-22 15:00:00 +01:00
419,FR,STA-FR04018,NO2,18.0,µg/m3,2013-12-23 03:00:00 +01:00
420,FR,STA-FR04018,NO2,21.0,µg/m3,2013-06-08 06:00:00 +01:00
421,FR,STA-FR04018,NO2,33.75,µg/m3,2013-12-22 22:00:00 +01:00
422,FR,STA-FR04018,NO2,37.75,µg/m3,2013-12-22 20:00:00 +01:00
423,FR,STA-FR04018,NO2,67.5,µg/m3,2013-06-07 08:00:00 +01:00
424,FR,STA-FR04018,NO2,48.75,µg/m3,2013-12-21 00:00:00 +01:00
425,FR,STA-FR04018,NO2,50.75,µg/m3,2013-12-21 18:00:00 +01:00
426,FR,STA-FR04018,NO2,16.75,µg/m3,2013-12-22 02:00:00 +01:00
427,FR,STA-FR04018,NO2,21.75,µg/m3,2013-12-21 23:00:00 +01:00
428,FR,STA-FR04018,NO2,17.5,µg/m3,2013-06-07 11:00:00 +01:00
429,FR,STA-FR04018,NO2,81.0,µg/m3,2013-06-07 07:00:00 +01:00
430,FR,STA-FR04018,NO2,46.5,µg/m3,2013-12-20 13:00:00 +01:00
431,FR,STA-FR04018,NO2,39.75,µg/m3,2013-12-21 14:00:00 +01:00
432,FR,STA-FR04018,NO2,38.75,µg/m3,2013-12-21 11:00:00 +01:00
433,FR,STA-FR04018,NO2,37.5,µg/m3,2013-12-21 07:00:00 +01:00
434,FR,STA-FR04018,NO2,41.5,µg/m3,2013-06-06 07:00:00 +01:00
435,FR,STA-FR04018,NO2,23.0,µg/m3,2013-06-06 12:00:00 +01:00
436,FR,STA-FR04018,NO2,50.75,µg/m3,2013-06-06 09:00:00 +01:00
437,FR,STA-FR04018,NO2,20.5,µg/m3,2013-06-06 00:00:00 +01:00
438,FR,STA-FR04018,NO2,51.5,µg/m3,2013-12-19 14:00:00 +01:00
439,FR,STA-FR04018,NO2,21.5,µg/m3,2013-06-06 03:00:00 +01:00
440,FR,STA-FR04018,NO2,12.5,µg/m3,2013-12-19 03:00:00 +01:00
441,FR,STA-FR04018,NO2,51.0,µg/m3,2013-06-05 21:00:00 +01:00
442,FR,STA-FR04018,NO2,25.75,µg/m3,2013-12-19 05:00:00 +01:00
443,FR,STA-FR04018,NO2,36.75,µg/m3,2013-06-05 09:00:00 +01:00
444,FR,STA-FR04018,NO2,22.0,µg/m3,2013-06-05 03:00:00 +01:00
445,FR,STA-FR04018,NO2,35.75,µg/m3,2013-06-05 10:00:00 +01:00
446,FR,STA-FR04018,NO2,19.75,µg/m3,2013-06-04 04:00:00 +01:00
447,FR,STA-FR04018,NO2,21.75,µg/m3,2013-06-03 19:00:00 +01:00
448,FR,STA-FR04018,NO2,10.75,µg/m3,2013-06-04 11:00:00 +01:00
449,FR,STA-FR04018,NO2,53.5,µg/m3,2013-12-18 15:00:00 +01:00
450,FR,STA-FR04018,NO2,44.25,µg/m3,2013-06-04 22:00:00 +01:00
451,FR,STA-FR04018,NO2,63.5,µg/m3,2013-12-18 18:00:00 +01:00
452,FR,STA-FR04018,NO2,64.0,µg/m3,2013-12-18 17:00:00 +01:00
453,FR,STA-FR04018,NO2,11.0,µg/m3,2013-06-04 14:00:00 +01:00
454,FR,STA-FR04018,NO2,58.25,µg/m3,2013-12-18 14:00:00 +01:00
455,FR,STA-FR04018,NO2,10.5,µg/m3,2013-06-03 03:00:00 +01:00
456,FR,STA-FR04018,NO2,28.75,µg/m3,2013-06-03 08:00:00 +01:00
457,FR,STA-FR04018,NO2,11.0,µg/m3,2013-06-03 12:00:00 +01:00
458,FR,STA-FR04018,NO2,41.5,µg/m3,2013-06-11 17:00:00 +01:00
459,FR,STA-FR04018,NO2,12.0,µg/m3,2013-12-28 02:00:00 +01:00
460,FR,STA-FR04018,NO2,61.75,µg/m3,2013-12-28 13:00:00 +01:00
461,FR,STA-FR04018,NO2,40.0,µg/m3,2013-06-11 22:00:00 +01:00
462,FR,STA-FR04018,NO2,18.25,µg/m3,2013-06-12 01:00:00 +01:00
463,FR,STA-FR04018,NO2,32.25,µg/m3,2013-12-28 22:00:00 +01:00
464,FR,STA-FR04018,NO2,56.25,µg/m3,2013-12-28 17:00:00 +01:00
465,FR,STA-FR04018,NO2,31.75,µg/m3,2013-06-12 19:00:00 +01:00
466,FR,STA-FR04018,NO2,30.25,µg/m3,2013-06-12 20:00:00 +01:00
467,FR,STA-FR04018,NO2,12.0,µg/m3,2013-12-28 04:00:00 +01:00
468,FR,STA-FR04018,NO2,12.5,µg/m3,2013-12-29 05:00:00 +01:00
469,FR,STA-FR04018,NO2,31.75,µg/m3,2013-12-29 12:00:00 +01:00
470,FR,STA-FR04018,NO2,34.25,µg/m3,2013-12-29 10:00:00 +01:00
471,FR,STA-FR04018,NO2,25.75,µg/m3,2013-06-12 04:00:00 +01:00
472,FR,STA-FR04018,NO2,30.25,µg/m3,2013-06-13 09:00:00 +01:00
473,FR,STA-FR04018,NO2,31.25,µg/m3,2013-06-13 12:00:00 +01:00
474,FR,STA-FR04018,NO2,43.25,µg/m3,2013-06-13 16:00:00 +01:00
475,FR,STA-FR04018,NO2,33.75,µg/m3,2013-06-13 08:00:00 +01:00
476,FR,STA-FR04018,NO2,18.25,µg/m3,2013-06-13 02:00:00 +01:00
477,FR,STA-FR04018,NO2,31.5,µg/m3,2013-12-31 00:00:00 +01:00
478,FR,STA-FR04018,NO2,27.25,µg/m3,2013-12-31 23:00:00 +01:00
479,FR,STA-FR04018,NO2,25.0,µg/m3,2013-12-31 04:00:00 +01:00
480,FR,STA-FR04018,NO2,43.25,µg/m3,2013-12-31 13:00:00 +01:00
481,FR,STA-FR04018,NO2,49.25,µg/m3,2013-12-31 16:00:00 +01:00
482,FR,STA-FR04018,NO2,28.0,µg/m3,2013-12-31 22:00:00 +01:00
483,FR,STA-FR04018,NO2,42.75,µg/m3,2013-06-14 20:00:00 +01:00
484,FR,STA-FR04018,NO2,27.5,µg/m3,2013-06-14 16:00:00 +01:00
485,FR,STA-FR04018,NO2,37.25,µg/m3,2013-06-15 03:00:00 +01:00
486,FR,STA-FR04018,NO2,16.25,µg/m3,2013-06-15 09:00:00 +01:00
487,FR,STA-FR04018,NO2,19.75,µg/m3,2013-06-15 07:00:00 +01:00
488,FR,STA-FR04018,NO2,23.5,µg/m3,2013-06-14 15:00:00 +01:00
489,FR,STA-FR04018,NO2,20.5,µg/m3,2013-06-15 06:00:00 +01:00
490,FR,STA-FR04018,NO2,56.0,µg/m3,2013-06-14 23:00:00 +01:00
491,FR,STA-FR04018,NO2,12.75,µg/m3,2013-06-15 13:00:00 +01:00
492,FR,STA-FR04018,NO2,21.25,µg/m3,2013-06-16 05:00:00 +01:00
493,FR,STA-FR04018,NO2,24.25,µg/m3,2013-06-16 01:00:00 +01:00
494,FR,STA-FR04018,NO2,13.0,µg/m3,2013-06-15 17:00:00 +01:00
495,FR,STA-FR04018,NO2,14.75,µg/m3,2013-06-16 10:00:00 +01:00
496,FR,STA-FR04018,NO2,58.5,µg/m3,2013-06-16 22:00:00 +01:00
497,FR,STA-FR04018,NO2,17.25,µg/m3,2013-06-16 14:00:00 +01:00
498,FR,STA-FR04018,NO2,31.0,µg/m3,2013-06-16 21:00:00 +01:00
499,FR,STA-FR04018,NO2,20.25,µg/m3,2013-06-16 18:00:00 +01:00
500,FR,STA-FR04018,NO2,25.0,µg/m3,2013-06-17 00:00:00 +01:00
501,FR,STA-FR04018,NO2,8.75,µg/m3,2013-06-19 02:00:00 +01:00
502,FR,STA-FR04018,NO2,17.0,µg/m3,2013-06-17 14:00:00 +01:00
503,FR,STA-FR04018,NO2,56.5,µg/m3,2013-06-17 10:00:00 +01:00
504,FR,STA-FR04018,NO2,13.25,µg/m3,2013-06-17 03:00:00 +01:00
505,FR,STA-FR04018,NO2,26.5,µg/m3,2013-06-18 03:00:00 +01:00
506,FR,STA-FR04018,NO2,96.25,µg/m3,2013-06-18 10:00:00 +01:00
507,FR,STA-FR04018,NO2,41.75,µg/m3,2013-06-17 22:00:00 +01:00
508,FR,STA-FR04018,NO2,60.0,µg/m3,2013-06-18 00:00:00 +01:00
509,FR,STA-FR04018,NO2,105.5,µg/m3,2013-06-17 18:00:00 +01:00
510,FR,STA-FR04018,NO2,62.0,µg/m3,2013-06-17 23:00:00 +01:00
511,FR,STA-FR04018,NO2,14.75,µg/m3,2013-06-18 23:00:00 +01:00
512,FR,STA-FR04018,NO2,42.25,µg/m3,2013-06-18 21:00:00 +01:00
513,FR,STA-FR04018,NO2,22.75,µg/m3,2013-06-18 18:00:00 +01:00
514,FR,STA-FR04018,NO2,38.5,µg/m3,2013-06-18 14:00:00 +01:00
515,FR,STA-FR04018,NO2,27.0,µg/m3,2013-06-18 17:00:00 +01:00
516,FR,STA-FR04018,NO2,54.0,µg/m3,2013-06-20 12:00:00 +01:00
517,FR,STA-FR04018,NO2,27.5,µg/m3,2013-06-20 17:00:00 +01:00
518,FR,STA-FR04018,NO2,30.0,µg/m3,2013-06-20 15:00:00 +01:00
519,FR,STA-FR04018,NO2,21.0,µg/m3,2013-06-21 00:00:00 +01:00
520,FR,STA-FR04018,NO2,26.5,µg/m3,2013-06-19 15:00:00 +01:00
521,FR,STA-FR04018,NO2,48.75,µg/m3,2013-06-19 08:00:00 +01:00
522,FR,STA-FR04018,NO2,57.0,µg/m3,2013-06-19 18:00:00 +01:00
523,FR,STA-FR04018,NO2,57.0,µg/m3,2013-06-20 06:00:00 +01:00
524,FR,STA-FR04018,NO2,40.25,µg/m3,2013-06-21 15:00:00 +01:00
526,FR,STA-FR04018,NO2,16.75,µg/m3,2013-06-21 03:00:00 +01:00
527,FR,STA-FR04018,NO2,40.5,µg/m3,2013-06-21 09:00:00 +01:00
528,FR,STA-FR04018,NO2,27.75,µg/m3,2013-06-21 22:00:00 +01:00
529,FR,STA-FR04018,NO2,21.25,µg/m3,2013-06-21 23:00:00 +01:00
530,FR,STA-FR04018,NO2,24.5,µg/m3,2013-06-25 22:00:00 +01:00
531,FR,STA-FR04018,NO2,10.5,µg/m3,2013-06-26 02:00:00 +01:00
532,FR,STA-FR04018,NO2,10.25,µg/m3,2013-06-26 13:00:00 +01:00
533,FR,STA-FR04018,NO2,16.5,µg/m3,2013-06-24 20:00:00 +01:00
534,FR,STA-FR04018,NO2,27.0,µg/m3,2013-06-25 02:00:00 +01:00
535,FR,STA-FR04018,NO2,45.5,µg/m3,2013-06-25 05:00:00 +01:00
536,FR,STA-FR04018,NO2,17.25,µg/m3,2013-06-25 13:00:00 +01:00
537,FR,STA-FR04018,NO2,61.75,µg/m3,2013-06-25 08:00:00 +01:00
538,FR,STA-FR04018,NO2,19.0,µg/m3,2013-06-25 11:00:00 +01:00
539,FR,STA-FR04018,NO2,12.0,µg/m3,2013-06-25 19:00:00 +01:00
540,FR,STA-FR04018,NO2,17.0,µg/m3,2013-06-25 23:00:00 +01:00
541,FR,STA-FR04018,NO2,12.5,µg/m3,2013-06-25 16:00:00 +01:00
542,FR,STA-FR04018,NO2,47.25,µg/m3,2013-06-27 09:00:00 +01:00
543,FR,STA-FR04018,NO2,13.5,µg/m3,2013-06-27 18:00:00 +01:00
544,FR,STA-FR04018,NO2,69.5,µg/m3,2013-06-28 07:00:00 +01:00
545,FR,STA-FR04018,NO2,40.5,µg/m3,2013-06-28 20:00:00 +01:00
546,FR,STA-FR04018,NO2,32.5,µg/m3,2013-06-28 17:00:00 +01:00
547,FR,STA-FR04018,NO2,44.25,µg/m3,2013-06-28 10:00:00 +01:00
548,FR,STA-FR04018,NO2,9.75,µg/m3,2013-06-28 01:00:00 +01:00
549,FR,STA-FR04018,NO2,7.5,µg/m3,2013-06-23 02:00:00 +01:00
550,FR,STA-FR04018,NO2,9.5,µg/m3,2013-06-23 15:00:00 +01:00
551,FR,STA-FR04018,NO2,12.5,µg/m3,2013-06-23 20:00:00 +01:00
552,FR,STA-FR04018,NO2,12.5,µg/m3,2013-06-23 23:00:00 +01:00
553,FR,STA-FR04018,NO2,22.75,µg/m3,2013-06-24 09:00:00 +01:00
554,FR,STA-FR04018,NO2,17.0,µg/m3,2013-06-22 11:00:00 +01:00
555,FR,STA-FR04018,NO2,17.0,µg/m3,2013-06-22 09:00:00 +01:00
556,FR,STA-FR04018,NO2,17.75,µg/m3,2013-06-22 06:00:00 +01:00
557,FR,STA-FR04018,NO2,15.0,µg/m3,2013-06-22 04:00:00 +01:00
558,FR,STA-FR04018,NO2,24.75,µg/m3,2013-06-22 18:00:00 +01:00
559,FR,STA-FR04018,NO2,21.5,µg/m3,2013-06-22 15:00:00 +01:00
560,FR,STA-FR04018,NO2,19.25,µg/m3,2013-06-22 13:00:00 +01:00
561,FR,STA-FR04018,NO2,7.0,µg/m3,2013-07-03 01:00:00 +01:00
562,FR,STA-FR04018,NO2,11.0,µg/m3,2013-07-03 04:00:00 +01:00
563,FR,STA-FR04018,NO2,20.5,µg/m3,2013-07-03 22:00:00 +01:00
564,FR,STA-FR04018,NO2,13.5,µg/m3,2013-07-04 02:00:00 +01:00
565,FR,STA-FR04018,NO2,18.25,µg/m3,2013-07-03 16:00:00 +01:00
566,FR,STA-FR04018,NO2,24.75,µg/m3,2013-07-03 15:00:00 +01:00
567,FR,STA-FR04018,NO2,17.5,µg/m3,2013-07-01 23:00:00 +01:00
568,FR,STA-FR04018,NO2,19.75,µg/m3,2013-07-02 02:00:00 +01:00
569,FR,STA-FR04018,NO2,9.5,µg/m3,2013-06-30 14:00:00 +01:00
570,FR,STA-FR04018,NO2,10.5,µg/m3,2013-06-30 11:00:00 +01:00
571,FR,STA-FR04018,NO2,36.5,µg/m3,2013-07-01 07:00:00 +01:00
572,FR,STA-FR04018,NO2,18.5,µg/m3,2013-07-01 16:00:00 +01:00
574,FR,STA-FR04018,NO2,8.5,µg/m3,2013-06-29 13:00:00 +01:00
575,FR,STA-FR04018,NO2,20.0,µg/m3,2013-06-29 08:00:00 +01:00
576,FR,STA-FR04018,NO2,18.25,µg/m3,2013-06-29 09:00:00 +01:00
577,FR,STA-FR04018,NO2,45.25,µg/m3,2013-06-30 06:00:00 +01:00
578,FR,STA-FR04018,NO2,23.0,µg/m3,2013-06-30 08:00:00 +01:00
579,FR,STA-FR04018,NO2,23.25,µg/m3,2013-06-30 00:00:00 +01:00
580,FR,STA-FR04018,NO2,30.25,µg/m3,2013-06-29 23:00:00 +01:00
581,FR,STA-FR04018,NO2,23.75,µg/m3,2013-06-29 22:00:00 +01:00
582,FR,STA-FR04018,NO2,11.25,µg/m3,2013-06-29 19:00:00 +01:00
583,FR,STA-FR04018,NO2,37.0,µg/m3,2013-07-05 22:00:00 +01:00
584,FR,STA-FR04018,NO2,20.75,µg/m3,2013-07-05 13:00:00 +01:00
585,FR,STA-FR04018,NO2,11.5,µg/m3,2013-07-05 15:00:00 +01:00
586,FR,STA-FR04018,NO2,11.25,µg/m3,2013-07-05 18:00:00 +01:00
587,FR,STA-FR04018,NO2,22.25,µg/m3,2013-07-06 09:00:00 +01:00
588,FR,STA-FR04018,NO2,13.0,µg/m3,2013-07-06 18:00:00 +01:00
589,FR,STA-FR04018,NO2,13.75,µg/m3,2013-07-06 12:00:00 +01:00
590,FR,STA-FR04018,NO2,27.25,µg/m3,2013-07-06 06:00:00 +01:00
591,FR,STA-FR04018,NO2,24.0,µg/m3,2013-07-04 18:00:00 +01:00
592,FR,STA-FR04018,NO2,28.75,µg/m3,2013-07-05 02:00:00 +01:00
593,FR,STA-FR04018,NO2,27.75,µg/m3,2013-07-05 09:00:00 +01:00
594,FR,STA-FR04018,NO2,20.25,µg/m3,2013-07-04 15:00:00 +01:00
595,FR,STA-FR04018,NO2,31.75,µg/m3,2013-07-04 10:00:00 +01:00
596,FR,STA-FR04018,NO2,25.75,µg/m3,2013-07-06 20:00:00 +01:00
597,FR,STA-FR04018,NO2,14.5,µg/m3,2013-07-10 17:00:00 +01:00
598,FR,STA-FR04018,NO2,20.0,µg/m3,2013-07-10 12:00:00 +01:00
599,FR,STA-FR04018,NO2,26.0,µg/m3,2013-07-10 10:00:00 +01:00
600,FR,STA-FR04018,NO2,20.5,µg/m3,2013-07-09 22:00:00 +01:00
601,FR,STA-FR04018,NO2,17.0,µg/m3,2013-07-09 14:00:00 +01:00
602,FR,STA-FR04018,NO2,12.5,µg/m3,2013-07-09 17:00:00 +01:00
603,FR,STA-FR04018,NO2,17.75,µg/m3,2013-07-09 18:00:00 +01:00
604,FR,STA-FR04018,NO2,16.25,µg/m3,2013-07-07 23:00:00 +01:00
605,FR,STA-FR04018,NO2,16.25,µg/m3,2013-07-08 00:00:00 +01:00
606,FR,STA-FR04018,NO2,10.0,µg/m3,2013-07-07 13:00:00 +01:00
607,FR,STA-FR04018,NO2,11.5,µg/m3,2013-07-07 04:00:00 +01:00
608,FR,STA-FR04018,NO2,25.25,µg/m3,2013-07-08 10:00:00 +01:00
609,FR,STA-FR04018,NO2,17.25,µg/m3,2013-07-08 13:00:00 +01:00
610,FR,STA-FR04018,NO2,33.0,µg/m3,2013-07-08 07:00:00 +01:00
611,FR,STA-FR04018,NO2,14.5,µg/m3,2013-07-08 17:00:00 +01:00
612,FR,STA-FR04018,NO2,18.75,µg/m3,2013-07-11 09:00:00 +01:00
613,FR,STA-FR04018,NO2,10.75,µg/m3,2013-07-11 00:00:00 +01:00
614,FR,STA-FR04018,NO2,20.75,µg/m3,2013-07-13 01:00:00 +01:00
615,FR,STA-FR04018,NO2,36.25,µg/m3,2013-07-12 08:00:00 +01:00
616,FR,STA-FR04018,NO2,21.5,µg/m3,2013-07-12 20:00:00 +01:00
617,FR,STA-FR04018,NO2,15.75,µg/m3,2013-07-12 01:00:00 +01:00
618,FR,STA-FR04018,NO2,16.5,µg/m3,2013-07-11 19:00:00 +01:00
619,FR,STA-FR04018,NO2,14.75,µg/m3,2013-07-11 16:00:00 +01:00
620,FR,STA-FR04018,NO2,15.0,µg/m3,2013-07-11 13:00:00 +01:00
621,FR,STA-FR04018,NO2,9.75,µg/m3,2013-07-14 12:00:00 +01:00
622,FR,STA-FR04018,NO2,10.75,µg/m3,2013-07-14 11:00:00 +01:00
623,FR,STA-FR04018,NO2,20.75,µg/m3,2013-07-14 06:00:00 +01:00
624,FR,STA-FR04018,NO2,16.5,µg/m3,2013-07-13 19:00:00 +01:00
625,FR,STA-FR04018,NO2,10.75,µg/m3,2013-07-13 12:00:00 +01:00
626,FR,STA-FR04018,NO2,17.0,µg/m3,2013-07-13 06:00:00 +01:00
627,FR,STA-FR04018,NO2,16.25,µg/m3,2013-07-13 04:00:00 +01:00
628,FR,STA-FR04018,NO2,15.0,µg/m3,2013-07-13 09:00:00 +01:00
629,FR,STA-FR04018,NO2,60.5,µg/m3,2013-07-15 04:00:00 +01:00
630,FR,STA-FR04018,NO2,79.75,µg/m3,2013-07-15 09:00:00 +01:00
631,FR,STA-FR04018,NO2,14.0,µg/m3,2013-07-14 09:00:00 +01:00
632,FR,STA-FR04018,NO2,29.25,µg/m3,2013-07-15 02:00:00 +01:00
633,FR,STA-FR04018,NO2,12.5,µg/m3,2013-07-15 17:00:00 +01:00
634,FR,STA-FR04018,NO2,49.75,µg/m3,2013-07-16 10:00:00 +01:00
635,FR,STA-FR04018,NO2,27.5,µg/m3,2013-07-16 04:00:00 +01:00
636,FR,STA-FR04018,NO2,15.0,µg/m3,2013-07-15 14:00:00 +01:00
637,FR,STA-FR04018,NO2,17.25,µg/m3,2013-07-16 18:00:00 +01:00
638,FR,STA-FR04018,NO2,24.75,µg/m3,2013-07-16 22:00:00 +01:00
639,FR,STA-FR04018,NO2,13.0,µg/m3,2013-07-17 17:00:00 +01:00
640,FR,STA-FR04018,NO2,17.5,µg/m3,2013-07-18 01:00:00 +01:00
641,FR,STA-FR04018,NO2,18.5,µg/m3,2013-07-18 02:00:00 +01:00
642,FR,STA-FR04018,NO2,22.5,µg/m3,2013-07-17 22:00:00 +01:00
643,FR,STA-FR04018,NO2,19.0,µg/m3,2013-07-18 11:00:00 +01:00
644,FR,STA-FR04018,NO2,16.25,µg/m3,2013-07-18 21:00:00 +01:00
645,FR,STA-FR04018,NO2,17.5,µg/m3,2013-07-19 01:00:00 +01:00
646,FR,STA-FR04018,NO2,40.25,µg/m3,2013-07-19 08:00:00 +01:00
647,FR,STA-FR04018,NO2,22.0,µg/m3,2013-07-19 04:00:00 +01:00
648,FR,STA-FR04018,NO2,13.5,µg/m3,2013-07-20 21:00:00 +01:00
649,FR,STA-FR04018,NO2,11.0,µg/m3,2013-07-20 15:00:00 +01:00
650,FR,STA-FR04018,NO2,14.25,µg/m3,2013-07-20 18:00:00 +01:00
651,FR,STA-FR04018,NO2,10.5,µg/m3,2013-07-20 13:00:00 +01:00
652,FR,STA-FR04018,NO2,21.0,µg/m3,2013-07-20 10:00:00 +01:00
653,FR,STA-FR04018,NO2,14.75,µg/m3,2013-07-21 17:00:00 +01:00
654,FR,STA-FR04018,NO2,15.0,µg/m3,2013-07-21 15:00:00 +01:00
655,FR,STA-FR04018,NO2,25.5,µg/m3,2013-07-21 19:00:00 +01:00
656,FR,STA-FR04018,NO2,28.75,µg/m3,2013-07-22 21:00:00 +01:00
657,FR,STA-FR04018,NO2,36.5,µg/m3,2013-07-22 01:00:00 +01:00
658,FR,STA-FR04018,NO2,36.25,µg/m3,2013-07-23 10:00:00 +01:00
659,FR,STA-FR04018,NO2,64.5,µg/m3,2013-07-23 14:00:00 +01:00
660,FR,STA-FR04018,NO2,25.25,µg/m3,2013-07-23 20:00:00 +01:00
661,FR,STA-FR04018,NO2,22.25,µg/m3,2013-07-23 17:00:00 +01:00
662,FR,STA-FR04018,NO2,15.5,µg/m3,2013-07-24 01:00:00 +01:00
663,FR,STA-FR04018,NO2,28.25,µg/m3,2013-07-24 07:00:00 +01:00
664,FR,STA-FR04018,NO2,33.0,µg/m3,2013-07-24 10:00:00 +01:00
665,FR,STA-FR04018,NO2,9.75,µg/m3,2013-07-24 03:00:00 +01:00
666,FR,STA-FR04018,NO2,28.25,µg/m3,2013-07-24 06:00:00 +01:00
667,FR,STA-FR04018,NO2,83.0,µg/m3,2013-07-24 20:00:00 +01:00
668,FR,STA-FR04018,NO2,81.75,µg/m3,2013-07-25 04:00:00 +01:00
669,FR,STA-FR04018,NO2,69.25,µg/m3,2013-07-25 06:00:00 +01:00
670,FR,STA-FR04018,NO2,63.75,µg/m3,2013-07-25 07:00:00 +01:00
671,FR,STA-FR04018,NO2,88.75,µg/m3,2013-07-25 01:00:00 +01:00
672,FR,STA-FR04018,NO2,29.0,µg/m3,2013-08-26 04:00:00 +01:00
673,FR,STA-FR04018,NO2,39.25,µg/m3,2013-08-26 09:00:00 +01:00
674,FR,STA-FR04018,NO2,29.25,µg/m3,2013-08-26 02:00:00 +01:00
675,FR,STA-FR04018,NO2,27.0,µg/m3,2013-08-26 03:00:00 +01:00
676,FR,STA-FR04018,NO2,21.75,µg/m3,2013-08-26 10:00:00 +01:00
677,FR,STA-FR04018,NO2,14.25,µg/m3,2013-08-27 02:00:00 +01:00
678,FR,STA-FR04018,NO2,34.5,µg/m3,2013-08-27 08:00:00 +01:00
679,FR,STA-FR04018,NO2,38.5,µg/m3,2013-08-27 05:00:00 +01:00
680,FR,STA-FR04018,NO2,21.0,µg/m3,2013-08-27 10:00:00 +01:00
681,FR,STA-FR04018,NO2,42.75,µg/m3,2013-08-27 06:00:00 +01:00
682,FR,STA-FR04018,NO2,22.25,µg/m3,2013-08-27 04:00:00 +01:00
683,FR,STA-FR04018,NO2,14.75,µg/m3,2013-08-27 01:00:00 +01:00
684,FR,STA-FR04018,NO2,18.5,µg/m3,2013-08-27 00:00:00 +01:00
685,FR,STA-FR04018,NO2,69.75,µg/m3,2013-08-29 21:00:00 +01:00
686,FR,STA-FR04018,NO2,27.0,µg/m3,2013-08-29 18:00:00 +01:00
687,FR,STA-FR04018,NO2,34.75,µg/m3,2013-08-29 19:00:00 +01:00
688,FR,STA-FR04018,NO2,34.25,µg/m3,2013-08-30 02:00:00 +01:00
689,FR,STA-FR04018,NO2,23.0,µg/m3,2013-08-30 01:00:00 +01:00
690,FR,STA-FR04018,NO2,65.5,µg/m3,2013-08-30 03:00:00 +01:00
691,FR,STA-FR04018,NO2,103.25,µg/m3,2013-08-30 08:00:00 +01:00
692,FR,STA-FR04018,NO2,32.75,µg/m3,2013-08-28 22:00:00 +01:00
693,FR,STA-FR04018,NO2,57.75,µg/m3,2013-08-29 05:00:00 +01:00
694,FR,STA-FR04018,NO2,33.25,µg/m3,2013-08-29 04:00:00 +01:00
695,FR,STA-FR04018,NO2,18.75,µg/m3,2013-08-29 03:00:00 +01:00
696,FR,STA-FR04018,NO2,33.0,µg/m3,2013-08-29 11:00:00 +01:00
697,FR,STA-FR04018,NO2,64.0,µg/m3,2013-08-29 08:00:00 +01:00
698,FR,STA-FR04018,NO2,74.0,µg/m3,2013-08-29 07:00:00 +01:00
699,FR,STA-FR04018,NO2,10.5,µg/m3,2013-08-29 13:00:00 +01:00
700,FR,STA-FR04018,NO2,65.0,µg/m3,2013-08-29 09:00:00 +01:00
701,FR,STA-FR04018,NO2,21.75,µg/m3,2013-08-29 15:00:00 +01:00
702,FR,STA-FR04018,NO2,19.75,µg/m3,2013-08-29 16:00:00 +01:00
703,FR,STA-FR04018,NO2,17.25,µg/m3,2013-08-28 04:00:00 +01:00
704,FR,STA-FR04018,NO2,20.25,µg/m3,2013-08-27 21:00:00 +01:00
705,FR,STA-FR04018,NO2,12.0,µg/m3,2013-08-28 02:00:00 +01:00
706,FR,STA-FR04018,NO2,11.75,µg/m3,2013-08-28 00:00:00 +01:00
707,FR,STA-FR04018,NO2,15.0,µg/m3,2013-08-27 12:00:00 +01:00
708,FR,STA-FR04018,NO2,20.25,µg/m3,2013-08-27 14:00:00 +01:00
709,FR,STA-FR04018,NO2,47.25,µg/m3,2013-08-27 07:00:00 +01:00
710,FR,STA-FR04018,NO2,21.75,µg/m3,2013-08-27 18:00:00 +01:00
711,FR,STA-FR04018,NO2,19.25,µg/m3,2013-08-27 16:00:00 +01:00
712,FR,STA-FR04018,NO2,37.5,µg/m3,2013-08-28 20:00:00 +01:00
713,FR,STA-FR04018,NO2,37.0,µg/m3,2013-08-28 06:00:00 +01:00
714,FR,STA-FR04018,NO2,14.25,µg/m3,2013-08-28 17:00:00 +01:00
715,FR,STA-FR04018,NO2,31.25,µg/m3,2013-08-28 09:00:00 +01:00
716,FR,STA-FR04018,NO2,18.75,µg/m3,2013-08-27 22:00:00 +01:00
717,FR,STA-FR04018,NO2,10.0,µg/m3,2013-08-28 13:00:00 +01:00
718,FR,STA-FR04018,NO2,25.0,µg/m3,2013-08-28 10:00:00 +01:00
719,FR,STA-FR04018,NO2,25.0,µg/m3,2013-09-02 18:00:00 +01:00
720,FR,STA-FR04018,NO2,25.5,µg/m3,2013-09-02 23:00:00 +01:00
721,FR,STA-FR04018,NO2,20.0,µg/m3,2013-09-02 17:00:00 +01:00
722,FR,STA-FR04018,NO2,25.75,µg/m3,2013-09-02 14:00:00 +01:00
723,FR,STA-FR04018,NO2,50.5,µg/m3,2013-09-02 08:00:00 +01:00
724,FR,STA-FR04018,NO2,60.0,µg/m3,2013-09-02 05:00:00 +01:00
725,FR,STA-FR04018,NO2,23.5,µg/m3,2013-09-02 13:00:00 +01:00
726,FR,STA-FR04018,NO2,39.75,µg/m3,2013-09-02 09:00:00 +01:00
727,FR,STA-FR04018,NO2,23.75,µg/m3,2013-09-02 12:00:00 +01:00
728,FR,STA-FR04018,NO2,20.75,µg/m3,2013-09-03 03:00:00 +01:00
729,FR,STA-FR04018,NO2,18.75,µg/m3,2013-09-03 00:00:00 +01:00
730,FR,STA-FR04018,NO2,41.0,µg/m3,2013-09-02 20:00:00 +01:00
731,FR,STA-FR04018,NO2,9.0,µg/m3,2013-09-01 17:00:00 +01:00
732,FR,STA-FR04018,NO2,14.5,µg/m3,2013-09-02 00:00:00 +01:00
733,FR,STA-FR04018,NO2,15.5,µg/m3,2013-09-02 03:00:00 +01:00
734,FR,STA-FR04018,NO2,61.5,µg/m3,2013-09-02 07:00:00 +01:00
735,FR,STA-FR04018,NO2,7.5,µg/m3,2013-09-01 14:00:00 +01:00
736,FR,STA-FR04018,NO2,8.25,µg/m3,2013-09-01 16:00:00 +01:00
737,FR,STA-FR04018,NO2,7.25,µg/m3,2013-09-01 15:00:00 +01:00
738,FR,STA-FR04018,NO2,6.75,µg/m3,2013-09-01 13:00:00 +01:00
739,FR,STA-FR04018,NO2,17.25,µg/m3,2013-08-31 21:00:00 +01:00
740,FR,STA-FR04018,NO2,17.0,µg/m3,2013-08-31 20:00:00 +01:00
741,FR,STA-FR04018,NO2,22.0,µg/m3,2013-08-31 19:00:00 +01:00
742,FR,STA-FR04018,NO2,33.5,µg/m3,2013-08-30 22:00:00 +01:00
743,FR,STA-FR04018,NO2,21.25,µg/m3,2013-08-30 17:00:00 +01:00
744,FR,STA-FR04018,NO2,19.0,µg/m3,2013-08-30 16:00:00 +01:00
745,FR,STA-FR04018,NO2,26.25,µg/m3,2013-08-30 13:00:00 +01:00
746,FR,STA-FR04018,NO2,106.75,µg/m3,2013-08-30 09:00:00 +01:00
747,FR,STA-FR04018,NO2,85.0,µg/m3,2013-08-30 10:00:00 +01:00
748,FR,STA-FR04018,NO2,12.0,µg/m3,2013-08-31 14:00:00 +01:00
749,FR,STA-FR04018,NO2,12.0,µg/m3,2013-08-31 13:00:00 +01:00
750,FR,STA-FR04018,NO2,11.25,µg/m3,2013-08-31 15:00:00 +01:00
751,FR,STA-FR04018,NO2,36.75,µg/m3,2013-08-31 01:00:00 +01:00
752,FR,STA-FR04018,NO2,16.25,µg/m3,2013-08-31 09:00:00 +01:00
753,FR,STA-FR04018,NO2,40.75,µg/m3,2013-08-31 00:00:00 +01:00
754,FR,STA-FR04018,NO2,19.25,µg/m3,2013-08-31 08:00:00 +01:00
755,FR,STA-FR04018,NO2,18.5,µg/m3,2013-08-31 07:00:00 +01:00
756,FR,STA-FR04018,NO2,51.5,µg/m3,2013-09-10 06:00:00 +01:00
757,FR,STA-FR04018,NO2,36.0,µg/m3,2013-09-10 05:00:00 +01:00
758,FR,STA-FR04018,NO2,26.75,µg/m3,2013-09-10 04:00:00 +01:00
759,FR,STA-FR04018,NO2,15.5,µg/m3,2013-09-10 03:00:00 +01:00
760,FR,STA-FR04018,NO2,13.75,µg/m3,2013-09-09 23:00:00 +01:00
761,FR,STA-FR04018,NO2,14.0,µg/m3,2013-09-09 22:00:00 +01:00
762,FR,STA-FR04018,NO2,32.5,µg/m3,2013-09-10 09:00:00 +01:00
763,FR,STA-FR04018,NO2,50.75,µg/m3,2013-09-10 07:00:00 +01:00
764,FR,STA-FR04018,NO2,67.75,µg/m3,2013-09-09 08:00:00 +01:00
765,FR,STA-FR04018,NO2,70.0,µg/m3,2013-09-09 07:00:00 +01:00
766,FR,STA-FR04018,NO2,42.25,µg/m3,2013-09-09 05:00:00 +01:00
767,FR,STA-FR04018,NO2,51.0,µg/m3,2013-09-09 09:00:00 +01:00
768,FR,STA-FR04018,NO2,13.75,µg/m3,2013-09-09 01:00:00 +01:00
769,FR,STA-FR04018,NO2,19.0,µg/m3,2013-09-09 04:00:00 +01:00
770,FR,STA-FR04018,NO2,64.75,µg/m3,2013-09-09 06:00:00 +01:00
771,FR,STA-FR04018,NO2,20.5,µg/m3,2013-09-09 00:00:00 +01:00
772,FR,STA-FR04018,NO2,11.75,µg/m3,2013-09-09 02:00:00 +01:00
773,FR,STA-FR04018,NO2,23.5,µg/m3,2013-09-10 22:00:00 +01:00
774,FR,STA-FR04018,NO2,40.75,µg/m3,2013-09-11 09:00:00 +01:00
775,FR,STA-FR04018,NO2,17.25,µg/m3,2013-09-11 03:00:00 +01:00
776,FR,STA-FR04018,NO2,12.75,µg/m3,2013-09-11 01:00:00 +01:00
777,FR,STA-FR04018,NO2,22.5,µg/m3,2013-09-10 23:00:00 +01:00
778,FR,STA-FR04018,NO2,19.0,µg/m3,2013-09-12 01:00:00 +01:00
779,FR,STA-FR04018,NO2,28.75,µg/m3,2013-09-11 20:00:00 +01:00
780,FR,STA-FR04018,NO2,26.0,µg/m3,2013-09-12 00:00:00 +01:00
781,FR,STA-FR04018,NO2,29.0,µg/m3,2013-09-11 21:00:00 +01:00
782,FR,STA-FR04018,NO2,36.0,µg/m3,2013-09-11 13:00:00 +01:00
783,FR,STA-FR04018,NO2,29.5,µg/m3,2013-09-11 14:00:00 +01:00
784,FR,STA-FR04018,NO2,28.75,µg/m3,2013-09-11 12:00:00 +01:00
785,FR,STA-FR04018,NO2,34.75,µg/m3,2013-09-11 10:00:00 +01:00
786,FR,STA-FR04018,NO2,32.0,µg/m3,2013-09-11 11:00:00 +01:00
787,FR,STA-FR04018,NO2,24.0,µg/m3,2013-09-11 04:00:00 +01:00
788,FR,STA-FR04018,NO2,46.0,µg/m3,2013-09-13 13:00:00 +01:00
789,FR,STA-FR04018,NO2,27.25,µg/m3,2013-09-13 00:00:00 +01:00
790,FR,STA-FR04018,NO2,27.25,µg/m3,2013-09-12 23:00:00 +01:00
791,FR,STA-FR04018,NO2,26.75,µg/m3,2013-09-13 02:00:00 +01:00
792,FR,STA-FR04018,NO2,47.75,µg/m3,2013-09-12 22:00:00 +01:00
793,FR,STA-FR04018,NO2,48.5,µg/m3,2013-09-13 04:00:00 +01:00
794,FR,STA-FR04018,NO2,54.75,µg/m3,2013-09-13 06:00:00 +01:00
795,FR,STA-FR04018,NO2,23.25,µg/m3,2013-09-13 01:00:00 +01:00
796,FR,STA-FR04018,NO2,61.5,µg/m3,2013-09-13 07:00:00 +01:00
797,FR,STA-FR04018,NO2,37.75,µg/m3,2013-09-11 23:00:00 +01:00
798,FR,STA-FR04018,NO2,54.75,µg/m3,2013-09-12 06:00:00 +01:00
799,FR,STA-FR04018,NO2,41.5,µg/m3,2013-09-12 05:00:00 +01:00
800,FR,STA-FR04018,NO2,61.25,µg/m3,2013-09-12 07:00:00 +01:00
801,FR,STA-FR04018,NO2,36.75,µg/m3,2013-09-12 11:00:00 +01:00
802,FR,STA-FR04018,NO2,52.75,µg/m3,2013-09-12 08:00:00 +01:00
803,FR,STA-FR04018,NO2,40.25,µg/m3,2013-09-12 10:00:00 +01:00
804,FR,STA-FR04018,NO2,43.75,µg/m3,2013-09-12 09:00:00 +01:00
805,FR,STA-FR04018,NO2,56.0,µg/m3,2013-09-12 16:00:00 +01:00
806,FR,STA-FR04018,NO2,36.0,µg/m3,2013-09-12 13:00:00 +01:00
807,FR,STA-FR04018,NO2,36.0,µg/m3,2013-09-12 12:00:00 +01:00
808,FR,STA-FR04018,NO2,16.5,µg/m3,2013-09-08 15:00:00 +01:00
809,FR,STA-FR04018,NO2,13.25,µg/m3,2013-09-08 16:00:00 +01:00
810,FR,STA-FR04018,NO2,20.5,µg/m3,2013-09-08 22:00:00 +01:00
811,FR,STA-FR04018,NO2,34.75,µg/m3,2013-09-08 09:00:00 +01:00
812,FR,STA-FR04018,NO2,14.75,µg/m3,2013-09-08 12:00:00 +01:00
813,FR,STA-FR04018,NO2,36.0,µg/m3,2013-09-08 19:00:00 +01:00
814,FR,STA-FR04018,NO2,60.0,µg/m3,2013-09-07 23:00:00 +01:00
815,FR,STA-FR04018,NO2,36.25,µg/m3,2013-09-07 17:00:00 +01:00
816,FR,STA-FR04018,NO2,40.5,µg/m3,2013-09-07 20:00:00 +01:00
817,FR,STA-FR04018,NO2,37.25,µg/m3,2013-09-07 18:00:00 +01:00
818,FR,STA-FR04018,NO2,51.0,µg/m3,2013-09-08 06:00:00 +01:00
819,FR,STA-FR04018,NO2,47.75,µg/m3,2013-09-08 03:00:00 +01:00
820,FR,STA-FR04018,NO2,39.5,µg/m3,2013-09-08 08:00:00 +01:00
821,FR,STA-FR04018,NO2,57.5,µg/m3,2013-09-08 01:00:00 +01:00
822,FR,STA-FR04018,NO2,51.0,µg/m3,2013-09-07 22:00:00 +01:00
823,FR,STA-FR04018,NO2,28.5,µg/m3,2013-09-06 22:00:00 +01:00
824,FR,STA-FR04018,NO2,20.0,µg/m3,2013-09-07 01:00:00 +01:00
825,FR,STA-FR04018,NO2,28.5,µg/m3,2013-09-07 08:00:00 +01:00
826,FR,STA-FR04018,NO2,26.0,µg/m3,2013-09-07 06:00:00 +01:00
827,FR,STA-FR04018,NO2,18.5,µg/m3,2013-09-07 11:00:00 +01:00
828,FR,STA-FR04018,NO2,12.75,µg/m3,2013-09-07 03:00:00 +01:00
829,FR,STA-FR04018,NO2,23.5,µg/m3,2013-09-07 09:00:00 +01:00
830,FR,STA-FR04018,NO2,14.75,µg/m3,2013-09-07 13:00:00 +01:00
831,FR,STA-FR04018,NO2,18.25,µg/m3,2013-09-07 04:00:00 +01:00
832,FR,STA-FR04018,NO2,18.25,µg/m3,2013-09-07 15:00:00 +01:00
833,FR,STA-FR04018,NO2,92.25,µg/m3,2013-09-06 10:00:00 +01:00
834,FR,STA-FR04018,NO2,67.25,µg/m3,2013-09-06 11:00:00 +01:00
835,FR,STA-FR04018,NO2,111.25,µg/m3,2013-09-06 08:00:00 +01:00
836,FR,STA-FR04018,NO2,48.25,µg/m3,2013-09-06 12:00:00 +01:00
837,FR,STA-FR04018,NO2,42.25,µg/m3,2013-09-05 17:00:00 +01:00
838,FR,STA-FR04018,NO2,24.25,µg/m3,2013-09-06 03:00:00 +01:00
839,FR,STA-FR04018,NO2,25.0,µg/m3,2013-09-06 02:00:00 +01:00
840,FR,STA-FR04018,NO2,65.0,µg/m3,2013-09-05 12:00:00 +01:00
841,FR,STA-FR04018,NO2,52.25,µg/m3,2013-09-05 13:00:00 +01:00
842,FR,STA-FR04018,NO2,28.75,µg/m3,2013-09-05 22:00:00 +01:00
843,FR,STA-FR04018,NO2,106.0,µg/m3,2013-09-05 19:00:00 +01:00
844,FR,STA-FR04018,NO2,30.75,µg/m3,2013-09-05 21:00:00 +01:00
845,FR,STA-FR04018,NO2,56.25,µg/m3,2013-09-05 14:00:00 +01:00
846,FR,STA-FR04018,NO2,58.25,µg/m3,2013-09-05 18:00:00 +01:00
847,FR,STA-FR04018,NO2,103.25,µg/m3,2013-09-05 00:00:00 +01:00
848,FR,STA-FR04018,NO2,33.5,µg/m3,2013-09-04 17:00:00 +01:00
849,FR,STA-FR04018,NO2,112.75,µg/m3,2013-09-04 21:00:00 +01:00
850,FR,STA-FR04018,NO2,105.5,µg/m3,2013-09-04 20:00:00 +01:00
851,FR,STA-FR04018,NO2,68.75,µg/m3,2013-09-05 03:00:00 +01:00
852,FR,STA-FR04018,NO2,105.0,µg/m3,2013-09-05 08:00:00 +01:00
853,FR,STA-FR04018,NO2,87.75,µg/m3,2013-09-05 07:00:00 +01:00
854,FR,STA-FR04018,NO2,106.5,µg/m3,2013-09-05 09:00:00 +01:00
855,FR,STA-FR04018,NO2,75.5,µg/m3,2013-09-05 05:00:00 +01:00
856,FR,STA-FR04018,NO2,86.25,µg/m3,2013-09-05 11:00:00 +01:00
857,FR,STA-FR04018,NO2,88.75,µg/m3,2013-09-05 06:00:00 +01:00
858,FR,STA-FR04018,NO2,28.5,µg/m3,2013-09-03 15:00:00 +01:00
859,FR,STA-FR04018,NO2,26.0,µg/m3,2013-09-03 18:00:00 +01:00
860,FR,STA-FR04018,NO2,23.25,µg/m3,2013-09-03 16:00:00 +01:00
861,FR,STA-FR04018,NO2,22.75,µg/m3,2013-09-03 17:00:00 +01:00
862,FR,STA-FR04018,NO2,33.5,µg/m3,2013-09-04 03:00:00 +01:00
863,FR,STA-FR04018,NO2,62.25,µg/m3,2013-09-03 23:00:00 +01:00
864,FR,STA-FR04018,NO2,76.0,µg/m3,2013-09-04 09:00:00 +01:00
865,FR,STA-FR04018,NO2,76.5,µg/m3,2013-09-04 08:00:00 +01:00
866,FR,STA-FR04018,NO2,45.0,µg/m3,2013-09-04 00:00:00 +01:00
867,FR,STA-FR04018,NO2,39.5,µg/m3,2013-09-04 02:00:00 +01:00
868,FR,STA-FR04018,NO2,62.0,µg/m3,2013-09-04 05:00:00 +01:00
869,FR,STA-FR04018,NO2,63.5,µg/m3,2013-09-04 06:00:00 +01:00
870,FR,STA-FR04018,NO2,79.5,µg/m3,2013-09-04 19:00:00 +01:00
871,FR,STA-FR04018,NO2,68.0,µg/m3,2013-09-04 07:00:00 +01:00
872,FR,STA-FR04018,NO2,56.75,µg/m3,2013-09-04 18:00:00 +01:00
873,FR,STA-FR04018,NO2,26.0,µg/m3,2013-09-04 15:00:00 +01:00
874,FR,STA-FR04018,NO2,7.75,µg/m3,2013-09-16 00:00:00 +01:00
875,FR,STA-FR04018,NO2,15.5,µg/m3,2013-09-15 22:00:00 +01:00
876,FR,STA-FR04018,NO2,30.75,µg/m3,2013-09-15 20:00:00 +01:00
877,FR,STA-FR04018,NO2,18.25,µg/m3,2013-09-15 16:00:00 +01:00
878,FR,STA-FR04018,NO2,13.5,µg/m3,2013-09-15 14:00:00 +01:00
879,FR,STA-FR04018,NO2,29.5,µg/m3,2013-09-16 05:00:00 +01:00
880,FR,STA-FR04018,NO2,35.75,µg/m3,2013-09-15 19:00:00 +01:00
881,FR,STA-FR04018,NO2,5.5,µg/m3,2013-09-16 02:00:00 +01:00
882,FR,STA-FR04018,NO2,33.75,µg/m3,2013-09-16 16:00:00 +01:00
883,FR,STA-FR04018,NO2,44.25,µg/m3,2013-09-16 08:00:00 +01:00
884,FR,STA-FR04018,NO2,14.0,µg/m3,2013-09-16 04:00:00 +01:00
885,FR,STA-FR04018,NO2,46.25,µg/m3,2013-09-16 07:00:00 +01:00
886,FR,STA-FR04018,NO2,10.75,µg/m3,2013-09-15 05:00:00 +01:00
887,FR,STA-FR04018,NO2,9.25,µg/m3,2013-09-15 03:00:00 +01:00
888,FR,STA-FR04018,NO2,8.75,µg/m3,2013-09-15 04:00:00 +01:00
889,FR,STA-FR04018,NO2,10.0,µg/m3,2013-09-15 12:00:00 +01:00
890,FR,STA-FR04018,NO2,14.75,µg/m3,2013-09-15 15:00:00 +01:00
891,FR,STA-FR04018,NO2,23.25,µg/m3,2013-09-15 17:00:00 +01:00
892,FR,STA-FR04018,NO2,11.0,µg/m3,2013-09-15 11:00:00 +01:00
893,FR,STA-FR04018,NO2,35.25,µg/m3,2013-09-15 18:00:00 +01:00
894,FR,STA-FR04018,NO2,11.5,µg/m3,2013-09-15 13:00:00 +01:00
895,FR,STA-FR04018,NO2,20.75,µg/m3,2013-09-15 21:00:00 +01:00
896,FR,STA-FR04018,NO2,27.75,µg/m3,2013-09-14 10:00:00 +01:00
897,FR,STA-FR04018,NO2,12.75,µg/m3,2013-09-14 23:00:00 +01:00
898,FR,STA-FR04018,NO2,30.5,µg/m3,2013-09-14 20:00:00 +01:00
899,FR,STA-FR04018,NO2,29.75,µg/m3,2013-09-14 21:00:00 +01:00
900,FR,STA-FR04018,NO2,37.75,µg/m3,2013-09-14 18:00:00 +01:00
901,FR,STA-FR04018,NO2,25.25,µg/m3,2013-09-14 19:00:00 +01:00
902,FR,STA-FR04018,NO2,23.0,µg/m3,2013-09-14 22:00:00 +01:00
903,FR,STA-FR04018,NO2,45.75,µg/m3,2013-09-13 16:00:00 +01:00
904,FR,STA-FR04018,NO2,55.75,µg/m3,2013-09-13 11:00:00 +01:00
905,FR,STA-FR04018,NO2,56.25,µg/m3,2013-09-13 10:00:00 +01:00
906,FR,STA-FR04018,NO2,44.0,µg/m3,2013-09-13 19:00:00 +01:00
907,FR,STA-FR04018,NO2,11.25,µg/m3,2013-09-14 03:00:00 +01:00
908,FR,STA-FR04018,NO2,30.25,µg/m3,2013-09-14 00:00:00 +01:00
909,FR,STA-FR04018,NO2,15.25,µg/m3,2013-09-14 05:00:00 +01:00
910,FR,STA-FR04018,NO2,9.75,µg/m3,2013-09-14 04:00:00 +01:00
911,FR,STA-FR04018,NO2,38.0,µg/m3,2013-09-13 23:00:00 +01:00
912,FR,STA-FR04018,NO2,41.25,µg/m3,2013-09-13 21:00:00 +01:00
913,FR,STA-FR04018,NO2,22.75,µg/m3,2013-09-18 15:00:00 +01:00
914,FR,STA-FR04018,NO2,20.75,µg/m3,2013-09-18 11:00:00 +01:00
915,FR,STA-FR04018,NO2,14.75,µg/m3,2013-09-17 23:00:00 +01:00
916,FR,STA-FR04018,NO2,26.75,µg/m3,2013-09-18 10:00:00 +01:00
917,FR,STA-FR04018,NO2,30.75,µg/m3,2013-09-18 16:00:00 +01:00
918,FR,STA-FR04018,NO2,7.25,µg/m3,2013-09-18 02:00:00 +01:00
919,FR,STA-FR04018,NO2,11.25,µg/m3,2013-09-18 04:00:00 +01:00
920,FR,STA-FR04018,NO2,29.0,µg/m3,2013-09-18 05:00:00 +01:00
921,FR,STA-FR04018,NO2,26.5,µg/m3,2013-09-18 09:00:00 +01:00
922,FR,STA-FR04018,NO2,16.75,µg/m3,2013-09-19 02:00:00 +01:00
923,FR,STA-FR04018,NO2,39.0,µg/m3,2013-09-18 20:00:00 +01:00
924,FR,STA-FR04018,NO2,45.0,µg/m3,2013-09-19 10:00:00 +01:00
925,FR,STA-FR04018,NO2,67.0,µg/m3,2013-09-19 07:00:00 +01:00
926,FR,STA-FR04018,NO2,65.25,µg/m3,2013-09-19 06:00:00 +01:00
927,FR,STA-FR04018,NO2,32.5,µg/m3,2013-09-19 04:00:00 +01:00
928,FR,STA-FR04018,NO2,64.25,µg/m3,2013-09-19 09:00:00 +01:00
929,FR,STA-FR04018,NO2,10.75,µg/m3,2013-09-18 00:00:00 +01:00
930,FR,STA-FR04018,NO2,14.75,µg/m3,2013-09-17 21:00:00 +01:00
931,FR,STA-FR04018,NO2,17.25,µg/m3,2013-09-17 22:00:00 +01:00
932,FR,STA-FR04018,NO2,47.5,µg/m3,2013-09-17 08:00:00 +01:00
933,FR,STA-FR04018,NO2,40.25,µg/m3,2013-09-17 10:00:00 +01:00
934,FR,STA-FR04018,NO2,49.0,µg/m3,2013-09-17 07:00:00 +01:00
935,FR,STA-FR04018,NO2,45.0,µg/m3,2013-09-17 06:00:00 +01:00
936,FR,STA-FR04018,NO2,37.75,µg/m3,2013-09-17 09:00:00 +01:00
937,FR,STA-FR04018,NO2,34.75,µg/m3,2013-09-16 17:00:00 +01:00
938,FR,STA-FR04018,NO2,22.5,µg/m3,2013-09-16 13:00:00 +01:00
939,FR,STA-FR04018,NO2,19.75,µg/m3,2013-09-16 14:00:00 +01:00
940,FR,STA-FR04018,NO2,24.0,µg/m3,2013-09-16 15:00:00 +01:00
941,FR,STA-FR04018,NO2,20.5,µg/m3,2013-09-16 12:00:00 +01:00
942,FR,STA-FR04018,NO2,9.0,µg/m3,2013-09-17 02:00:00 +01:00
943,FR,STA-FR04018,NO2,47.25,µg/m3,2013-09-16 20:00:00 +01:00
944,FR,STA-FR04018,NO2,11.25,µg/m3,2013-09-17 03:00:00 +01:00
945,FR,STA-FR04018,NO2,18.0,µg/m3,2013-09-16 23:00:00 +01:00
946,FR,STA-FR04018,NO2,31.75,µg/m3,2013-09-22 23:00:00 +01:00
947,FR,STA-FR04018,NO2,25.0,µg/m3,2013-09-23 00:00:00 +01:00
949,FR,STA-FR04018,NO2,56.5,µg/m3,2013-09-23 08:00:00 +01:00
950,FR,STA-FR04018,NO2,26.0,µg/m3,2013-09-23 10:00:00 +01:00
951,FR,STA-FR04018,NO2,62.25,µg/m3,2013-09-23 06:00:00 +01:00
952,FR,STA-FR04018,NO2,18.75,µg/m3,2013-09-23 01:00:00 +01:00
953,FR,STA-FR04018,NO2,41.5,µg/m3,2013-09-23 09:00:00 +01:00
954,FR,STA-FR04018,NO2,53.5,µg/m3,2013-09-24 00:00:00 +01:00
955,FR,STA-FR04018,NO2,51.0,µg/m3,2013-09-23 21:00:00 +01:00
956,FR,STA-FR04018,NO2,18.25,µg/m3,2013-09-23 14:00:00 +01:00
957,FR,STA-FR04018,NO2,44.5,µg/m3,2013-09-23 19:00:00 +01:00
958,FR,STA-FR04018,NO2,17.25,µg/m3,2013-09-23 16:00:00 +01:00
959,FR,STA-FR04018,NO2,44.25,µg/m3,2013-09-24 04:00:00 +01:00
960,FR,STA-FR04018,NO2,73.25,µg/m3,2013-09-24 07:00:00 +01:00
961,FR,STA-FR04018,NO2,33.0,µg/m3,2013-09-24 02:00:00 +01:00
962,FR,STA-FR04018,NO2,33.75,µg/m3,2013-09-24 11:00:00 +01:00
963,FR,STA-FR04018,NO2,30.5,µg/m3,2013-09-24 12:00:00 +01:00
964,FR,STA-FR04018,NO2,23.0,µg/m3,2013-09-19 21:00:00 +01:00
965,FR,STA-FR04018,NO2,39.0,µg/m3,2013-09-20 09:00:00 +01:00
966,FR,STA-FR04018,NO2,39.5,µg/m3,2013-09-20 05:00:00 +01:00
967,FR,STA-FR04018,NO2,52.75,µg/m3,2013-09-20 08:00:00 +01:00
968,FR,STA-FR04018,NO2,13.5,µg/m3,2013-09-20 03:00:00 +01:00
969,FR,STA-FR04018,NO2,56.25,µg/m3,2013-09-20 07:00:00 +01:00
970,FR,STA-FR04018,NO2,22.5,µg/m3,2013-09-19 23:00:00 +01:00
971,FR,STA-FR04018,NO2,38.25,µg/m3,2013-09-19 18:00:00 +01:00
972,FR,STA-FR04018,NO2,35.75,µg/m3,2013-09-19 19:00:00 +01:00
973,FR,STA-FR04018,NO2,28.75,µg/m3,2013-09-19 13:00:00 +01:00
974,FR,STA-FR04018,NO2,29.75,µg/m3,2013-09-19 16:00:00 +01:00
975,FR,STA-FR04018,NO2,19.0,µg/m3,2013-09-20 13:00:00 +01:00
976,FR,STA-FR04018,NO2,17.25,µg/m3,2013-09-20 12:00:00 +01:00
977,FR,STA-FR04018,NO2,17.5,µg/m3,2013-09-20 15:00:00 +01:00
978,FR,STA-FR04018,NO2,22.25,µg/m3,2013-09-20 16:00:00 +01:00
979,FR,STA-FR04018,NO2,47.75,µg/m3,2013-09-21 02:00:00 +01:00
980,FR,STA-FR04018,NO2,49.25,µg/m3,2013-09-21 01:00:00 +01:00
981,FR,STA-FR04018,NO2,55.0,µg/m3,2013-09-20 22:00:00 +01:00
982,FR,STA-FR04018,NO2,70.5,µg/m3,2013-09-20 19:00:00 +01:00
983,FR,STA-FR04018,NO2,29.5,µg/m3,2013-09-20 18:00:00 +01:00
984,FR,STA-FR04018,NO2,91.25,µg/m3,2013-09-21 21:00:00 +01:00
985,FR,STA-FR04018,NO2,75.25,µg/m3,2013-09-21 23:00:00 +01:00
986,FR,STA-FR04018,NO2,50.5,µg/m3,2013-09-21 07:00:00 +01:00
987,FR,STA-FR04018,NO2,19.0,µg/m3,2013-09-21 16:00:00 +01:00
988,FR,STA-FR04018,NO2,73.0,µg/m3,2013-09-21 19:00:00 +01:00
989,FR,STA-FR04018,NO2,48.25,µg/m3,2013-09-21 06:00:00 +01:00
990,FR,STA-FR04018,NO2,62.0,µg/m3,2013-09-21 10:00:00 +01:00
991,FR,STA-FR04018,NO2,73.5,µg/m3,2013-09-21 12:00:00 +01:00
992,FR,STA-FR04018,NO2,61.75,µg/m3,2013-09-21 13:00:00 +01:00
993,FR,STA-FR04018,NO2,58.0,µg/m3,2013-09-22 06:00:00 +01:00
994,FR,STA-FR04018,NO2,69.0,µg/m3,2013-09-22 02:00:00 +01:00
995,FR,STA-FR04018,NO2,77.5,µg/m3,2013-09-22 01:00:00 +01:00
996,FR,STA-FR04018,NO2,57.0,µg/m3,2013-09-22 07:00:00 +01:00
997,FR,STA-FR04018,NO2,19.25,µg/m3,2013-09-22 10:00:00 +01:00
998,FR,STA-FR04018,NO2,84.0,µg/m3,2013-09-21 22:00:00 +01:00
999,FR,STA-FR04018,NO2,36.5,µg/m3,2013-09-22 09:00:00 +01:00
1000,FR,STA-FR04018,NO2,44.25,µg/m3,2013-09-22 08:00:00 +01:00
1001,FR,STA-FR04018,NO2,15.0,µg/m3,2013-09-22 11:00:00 +01:00
1002,FR,STA-FR04018,NO2,57.75,µg/m3,2013-09-29 19:00:00 +01:00
1003,FR,STA-FR04018,NO2,28.0,µg/m3,2013-09-29 21:00:00 +01:00
1004,FR,STA-FR04018,NO2,76.25,µg/m3,2013-09-29 18:00:00 +01:00
1005,FR,STA-FR04018,NO2,19.5,µg/m3,2013-09-29 23:00:00 +01:00
1006,FR,STA-FR04018,NO2,11.75,µg/m3,2013-09-30 01:00:00 +01:00
1007,FR,STA-FR04018,NO2,14.0,µg/m3,2013-09-30 03:00:00 +01:00
1008,FR,STA-FR04018,NO2,29.5,µg/m3,2013-09-29 10:00:00 +01:00
1009,FR,STA-FR04018,NO2,18.0,µg/m3,2013-09-29 13:00:00 +01:00
1010,FR,STA-FR04018,NO2,20.5,µg/m3,2013-09-29 16:00:00 +01:00
1011,FR,STA-FR04018,NO2,22.5,µg/m3,2013-09-29 11:00:00 +01:00
1012,FR,STA-FR04018,NO2,47.75,µg/m3,2013-09-30 23:00:00 +01:00
1013,FR,STA-FR04018,NO2,58.25,µg/m3,2013-09-30 20:00:00 +01:00
1014,FR,STA-FR04018,NO2,61.0,µg/m3,2013-09-30 19:00:00 +01:00
1015,FR,STA-FR04018,NO2,60.25,µg/m3,2013-09-30 18:00:00 +01:00
1016,FR,STA-FR04018,NO2,37.0,µg/m3,2013-09-28 09:00:00 +01:00
1017,FR,STA-FR04018,NO2,31.0,µg/m3,2013-09-28 06:00:00 +01:00
1018,FR,STA-FR04018,NO2,27.75,µg/m3,2013-09-28 05:00:00 +01:00
1019,FR,STA-FR04018,NO2,32.75,µg/m3,2013-09-28 10:00:00 +01:00
1020,FR,STA-FR04018,NO2,26.0,µg/m3,2013-09-28 11:00:00 +01:00
1021,FR,STA-FR04018,NO2,20.75,µg/m3,2013-09-28 14:00:00 +01:00
1022,FR,STA-FR04018,NO2,30.75,µg/m3,2013-09-28 03:00:00 +01:00
1023,FR,STA-FR04018,NO2,50.0,µg/m3,2013-09-27 20:00:00 +01:00
1024,FR,STA-FR04018,NO2,54.5,µg/m3,2013-09-27 23:00:00 +01:00
1025,FR,STA-FR04018,NO2,42.25,µg/m3,2013-09-27 22:00:00 +01:00
1026,FR,STA-FR04018,NO2,49.5,µg/m3,2013-09-28 18:00:00 +01:00
1027,FR,STA-FR04018,NO2,28.25,µg/m3,2013-09-28 12:00:00 +01:00
1028,FR,STA-FR04018,NO2,22.0,µg/m3,2013-09-28 15:00:00 +01:00
1029,FR,STA-FR04018,NO2,36.25,µg/m3,2013-09-28 22:00:00 +01:00
1030,FR,STA-FR04018,NO2,40.25,µg/m3,2013-09-28 21:00:00 +01:00
1031,FR,STA-FR04018,NO2,38.5,µg/m3,2013-09-29 00:00:00 +01:00
1032,FR,STA-FR04018,NO2,25.25,µg/m3,2013-09-29 08:00:00 +01:00
1033,FR,STA-FR04018,NO2,22.0,µg/m3,2013-09-29 07:00:00 +01:00
1034,FR,STA-FR04018,NO2,27.0,µg/m3,2013-09-29 03:00:00 +01:00
1035,FR,STA-FR04018,NO2,35.5,µg/m3,2013-09-29 01:00:00 +01:00
1036,FR,STA-FR04018,NO2,60.25,µg/m3,2013-09-25 03:00:00 +01:00
1037,FR,STA-FR04018,NO2,101.75,µg/m3,2013-09-24 21:00:00 +01:00
1038,FR,STA-FR04018,NO2,74.0,µg/m3,2013-09-25 07:00:00 +01:00
1039,FR,STA-FR04018,NO2,52.25,µg/m3,2013-09-25 04:00:00 +01:00
1040,FR,STA-FR04018,NO2,92.5,µg/m3,2013-09-25 08:00:00 +01:00
1041,FR,STA-FR04018,NO2,85.0,µg/m3,2013-09-24 22:00:00 +01:00
1042,FR,STA-FR04018,NO2,77.0,µg/m3,2013-09-26 01:00:00 +01:00
1043,FR,STA-FR04018,NO2,55.5,µg/m3,2013-09-25 15:00:00 +01:00
1044,FR,STA-FR04018,NO2,61.25,µg/m3,2013-09-25 12:00:00 +01:00
1045,FR,STA-FR04018,NO2,108.5,µg/m3,2013-09-25 11:00:00 +01:00
1046,FR,STA-FR04018,NO2,47.5,µg/m3,2013-09-25 14:00:00 +01:00
1047,FR,STA-FR04018,NO2,46.5,µg/m3,2013-09-25 16:00:00 +01:00
1048,FR,STA-FR04018,NO2,44.0,µg/m3,2013-09-27 10:00:00 +01:00
1049,FR,STA-FR04018,NO2,43.75,µg/m3,2013-09-27 08:00:00 +01:00
1050,FR,STA-FR04018,NO2,47.75,µg/m3,2013-09-27 06:00:00 +01:00
1051,FR,STA-FR04018,NO2,22.75,µg/m3,2013-09-27 02:00:00 +01:00
1052,FR,STA-FR04018,NO2,33.0,µg/m3,2013-09-26 23:00:00 +01:00
1053,FR,STA-FR04018,NO2,25.5,µg/m3,2013-09-27 01:00:00 +01:00
1054,FR,STA-FR04018,NO2,24.0,µg/m3,2013-09-27 16:00:00 +01:00
1055,FR,STA-FR04018,NO2,33.5,µg/m3,2013-09-27 17:00:00 +01:00
1056,FR,STA-FR04018,NO2,47.5,µg/m3,2013-09-27 19:00:00 +01:00
1057,FR,STA-FR04018,NO2,19.75,µg/m3,2013-09-27 14:00:00 +01:00
1058,FR,STA-FR04018,NO2,29.75,µg/m3,2013-09-26 15:00:00 +01:00
1059,FR,STA-FR04018,NO2,36.75,µg/m3,2013-09-26 14:00:00 +01:00
1060,FR,STA-FR04018,NO2,60.25,µg/m3,2013-09-26 09:00:00 +01:00
1061,FR,STA-FR04018,NO2,68.25,µg/m3,2013-09-26 06:00:00 +01:00
1062,FR,STA-FR04018,NO2,62.25,µg/m3,2013-09-26 07:00:00 +01:00
1063,FR,STA-FR04018,NO2,30.5,µg/m3,2013-09-26 22:00:00 +01:00
1064,FR,STA-FR04018,NO2,44.75,µg/m3,2013-09-26 20:00:00 +01:00
1065,FR,STA-FR04018,NO2,36.75,µg/m3,2013-09-26 21:00:00 +01:00
1066,FR,STA-FR04018,NO2,56.0,µg/m3,2013-09-26 19:00:00 +01:00
1067,FR,STA-FR04018,NO2,33.0,µg/m3,2013-09-26 13:00:00 +01:00
1068,FR,STA-FR04018,NO2,17.75,µg/m3,2013-10-05 16:00:00 +01:00
1069,FR,STA-FR04018,NO2,38.5,µg/m3,2013-10-05 17:00:00 +01:00
1070,FR,STA-FR04018,NO2,17.25,µg/m3,2013-10-05 13:00:00 +01:00
1071,FR,STA-FR04018,NO2,25.75,µg/m3,2013-10-05 06:00:00 +01:00
1072,FR,STA-FR04018,NO2,16.25,µg/m3,2013-10-05 12:00:00 +01:00
1073,FR,STA-FR04018,NO2,26.25,µg/m3,2013-10-05 05:00:00 +01:00
1074,FR,STA-FR04018,NO2,26.25,µg/m3,2013-10-05 09:00:00 +01:00
1075,FR,STA-FR04018,NO2,28.0,µg/m3,2013-10-05 04:00:00 +01:00
1076,FR,STA-FR04018,NO2,28.75,µg/m3,2013-10-05 03:00:00 +01:00
1077,FR,STA-FR04018,NO2,49.0,µg/m3,2013-10-05 01:00:00 +01:00
1078,FR,STA-FR04018,NO2,59.5,µg/m3,2013-10-05 00:00:00 +01:00
1079,FR,STA-FR04018,NO2,34.5,µg/m3,2013-10-05 02:00:00 +01:00
1080,FR,STA-FR04018,NO2,34.0,µg/m3,2013-10-04 14:00:00 +01:00
1081,FR,STA-FR04018,NO2,41.75,µg/m3,2013-10-04 15:00:00 +01:00
1082,FR,STA-FR04018,NO2,67.75,µg/m3,2013-10-04 18:00:00 +01:00
1083,FR,STA-FR04018,NO2,69.0,µg/m3,2013-10-04 23:00:00 +01:00
1084,FR,STA-FR04018,NO2,74.75,µg/m3,2013-10-04 19:00:00 +01:00
1085,FR,STA-FR04018,NO2,76.25,µg/m3,2013-10-04 20:00:00 +01:00
1086,FR,STA-FR04018,NO2,44.25,µg/m3,2013-10-04 10:00:00 +01:00
1087,FR,STA-FR04018,NO2,44.25,µg/m3,2013-10-03 22:00:00 +01:00
1088,FR,STA-FR04018,NO2,56.25,µg/m3,2013-10-04 08:00:00 +01:00
1089,FR,STA-FR04018,NO2,40.75,µg/m3,2013-10-05 20:00:00 +01:00
1090,FR,STA-FR04018,NO2,28.75,µg/m3,2013-10-05 21:00:00 +01:00
1091,FR,STA-FR04018,NO2,26.5,µg/m3,2013-10-06 02:00:00 +01:00
1092,FR,STA-FR04018,NO2,24.0,µg/m3,2013-10-06 07:00:00 +01:00
1093,FR,STA-FR04018,NO2,32.25,µg/m3,2013-10-06 08:00:00 +01:00
1094,FR,STA-FR04018,NO2,49.25,µg/m3,2013-10-02 17:00:00 +01:00
1095,FR,STA-FR04018,NO2,45.5,µg/m3,2013-10-02 16:00:00 +01:00
1096,FR,STA-FR04018,NO2,63.75,µg/m3,2013-10-02 19:00:00 +01:00
1097,FR,STA-FR04018,NO2,31.5,µg/m3,2013-10-02 23:00:00 +01:00
1098,FR,STA-FR04018,NO2,39.25,µg/m3,2013-10-02 09:00:00 +01:00
1099,FR,STA-FR04018,NO2,63.25,µg/m3,2013-10-02 20:00:00 +01:00
1100,FR,STA-FR04018,NO2,37.75,µg/m3,2013-10-03 08:00:00 +01:00
1101,FR,STA-FR04018,NO2,26.25,µg/m3,2013-10-03 04:00:00 +01:00
1102,FR,STA-FR04018,NO2,38.25,µg/m3,2013-10-03 11:00:00 +01:00
1103,FR,STA-FR04018,NO2,44.75,µg/m3,2013-10-03 12:00:00 +01:00
1104,FR,STA-FR04018,NO2,17.25,µg/m3,2013-10-03 02:00:00 +01:00
1105,FR,STA-FR04018,NO2,18.25,µg/m3,2013-10-03 01:00:00 +01:00
1106,FR,STA-FR04018,NO2,18.75,µg/m3,2013-10-03 03:00:00 +01:00
1107,FR,STA-FR04018,NO2,36.0,µg/m3,2013-10-03 05:00:00 +01:00
1108,FR,STA-FR04018,NO2,56.0,µg/m3,2013-10-04 07:00:00 +01:00
1109,FR,STA-FR04018,NO2,26.0,µg/m3,2013-10-04 00:00:00 +01:00
1110,FR,STA-FR04018,NO2,69.25,µg/m3,2013-10-03 17:00:00 +01:00
1111,FR,STA-FR04018,NO2,33.5,µg/m3,2013-10-03 10:00:00 +01:00
1112,FR,STA-FR04018,NO2,62.25,µg/m3,2013-10-03 16:00:00 +01:00
1113,FR,STA-FR04018,NO2,49.25,µg/m3,2013-10-01 20:00:00 +01:00
1114,FR,STA-FR04018,NO2,24.75,µg/m3,2013-10-02 00:00:00 +01:00
1115,FR,STA-FR04018,NO2,37.5,µg/m3,2013-10-01 22:00:00 +01:00
1116,FR,STA-FR04018,NO2,32.25,µg/m3,2013-10-02 01:00:00 +01:00
1117,FR,STA-FR04018,NO2,39.25,µg/m3,2013-10-02 02:00:00 +01:00
1118,FR,STA-FR04018,NO2,39.0,µg/m3,2013-10-02 06:00:00 +01:00
1119,FR,STA-FR04018,NO2,26.0,µg/m3,2013-10-02 04:00:00 +01:00
1120,FR,STA-FR04018,NO2,40.0,µg/m3,2013-10-02 10:00:00 +01:00
1121,FR,STA-FR04018,NO2,34.25,µg/m3,2013-10-02 13:00:00 +01:00
1122,FR,STA-FR04018,NO2,40.75,µg/m3,2013-10-02 14:00:00 +01:00
1123,FR,STA-FR04018,NO2,45.25,µg/m3,2013-10-01 21:00:00 +01:00
1124,FR,STA-FR04018,NO2,28.5,µg/m3,2013-10-02 03:00:00 +01:00
1125,FR,STA-FR04018,NO2,38.25,µg/m3,2013-10-01 10:00:00 +01:00
1126,FR,STA-FR04018,NO2,39.25,µg/m3,2013-10-01 06:00:00 +01:00
1127,FR,STA-FR04018,NO2,35.0,µg/m3,2013-10-01 02:00:00 +01:00
1128,FR,STA-FR04018,NO2,31.25,µg/m3,2013-10-01 04:00:00 +01:00
1129,FR,STA-FR04018,NO2,30.25,µg/m3,2013-10-01 23:00:00 +01:00
1130,FR,STA-FR04018,NO2,34.5,µg/m3,2013-10-01 11:00:00 +01:00
1131,FR,STA-FR04018,NO2,37.75,µg/m3,2013-10-01 09:00:00 +01:00
1132,FR,STA-FR04018,NO2,34.25,µg/m3,2013-10-01 14:00:00 +01:00
1133,FR,STA-FR04018,NO2,30.0,µg/m3,2013-10-01 13:00:00 +01:00
1134,FR,STA-FR04018,NO2,32.5,µg/m3,2013-10-01 12:00:00 +01:00
1135,FR,STA-FR04018,NO2,66.5,µg/m3,2013-10-06 20:00:00 +01:00
1136,FR,STA-FR04018,NO2,19.25,µg/m3,2013-10-07 02:00:00 +01:00
1137,FR,STA-FR04018,NO2,34.0,µg/m3,2013-10-06 09:00:00 +01:00
1138,FR,STA-FR04018,NO2,29.75,µg/m3,2013-10-06 10:00:00 +01:00
1139,FR,STA-FR04018,NO2,24.75,µg/m3,2013-10-06 11:00:00 +01:00
1140,FR,STA-FR04018,NO2,29.75,µg/m3,2013-10-06 17:00:00 +01:00
1141,FR,STA-FR04018,NO2,69.0,µg/m3,2013-10-06 19:00:00 +01:00
1142,FR,STA-FR04018,NO2,56.75,µg/m3,2013-10-06 18:00:00 +01:00
1143,FR,STA-FR04018,NO2,27.5,µg/m3,2013-10-07 17:00:00 +01:00
1144,FR,STA-FR04018,NO2,21.25,µg/m3,2013-10-07 16:00:00 +01:00
1145,FR,STA-FR04018,NO2,101.25,µg/m3,2013-10-07 19:00:00 +01:00
1146,FR,STA-FR04018,NO2,59.5,µg/m3,2013-10-07 18:00:00 +01:00
1147,FR,STA-FR04018,NO2,56.75,µg/m3,2013-10-08 02:00:00 +01:00
1148,FR,STA-FR04018,NO2,73.75,µg/m3,2013-10-07 23:00:00 +01:00
1149,FR,STA-FR04018,NO2,89.75,µg/m3,2013-10-07 21:00:00 +01:00
1150,FR,STA-FR04018,NO2,104.75,µg/m3,2013-10-07 20:00:00 +01:00
1151,FR,STA-FR04018,NO2,79.75,µg/m3,2013-10-07 22:00:00 +01:00
1152,FR,STA-FR04018,NO2,14.75,µg/m3,2013-10-07 14:00:00 +01:00
1153,FR,STA-FR04018,NO2,18.75,µg/m3,2013-10-07 15:00:00 +01:00
1154,FR,STA-FR04018,NO2,51.25,µg/m3,2013-10-07 10:00:00 +01:00
1155,FR,STA-FR04018,NO2,36.25,µg/m3,2013-10-07 00:00:00 +01:00
1156,FR,STA-FR04018,NO2,35.0,µg/m3,2013-10-07 05:00:00 +01:00
1157,FR,STA-FR04018,NO2,56.5,µg/m3,2013-10-07 06:00:00 +01:00
1158,FR,STA-FR04018,NO2,71.5,µg/m3,2013-10-08 07:00:00 +01:00
1159,FR,STA-FR04018,NO2,52.0,µg/m3,2013-10-08 05:00:00 +01:00
1160,FR,STA-FR04018,NO2,67.75,µg/m3,2013-10-08 09:00:00 +01:00
1161,FR,STA-FR04018,NO2,60.0,µg/m3,2013-10-08 06:00:00 +01:00
1162,FR,STA-FR04018,NO2,41.75,µg/m3,2013-10-08 20:00:00 +01:00
1163,FR,STA-FR04018,NO2,38.75,µg/m3,2013-10-08 17:00:00 +01:00
1164,FR,STA-FR04018,NO2,30.5,µg/m3,2013-10-08 16:00:00 +01:00
1165,FR,STA-FR04018,NO2,25.75,µg/m3,2013-10-08 15:00:00 +01:00
1166,FR,STA-FR04018,NO2,73.0,µg/m3,2013-10-08 08:00:00 +01:00
1167,FR,STA-FR04018,NO2,25.0,µg/m3,2013-10-08 13:00:00 +01:00
1168,FR,STA-FR04018,NO2,23.25,µg/m3,2013-10-08 14:00:00 +01:00
1169,FR,STA-FR04018,NO2,17.75,µg/m3,2013-10-08 12:00:00 +01:00
1170,FR,STA-FR04018,NO2,22.0,µg/m3,2013-10-08 22:00:00 +01:00
1171,FR,STA-FR04018,NO2,50.0,µg/m3,2013-10-08 18:00:00 +01:00
1172,FR,STA-FR04018,NO2,19.25,µg/m3,2013-10-09 03:00:00 +01:00
1173,FR,STA-FR04018,NO2,15.0,µg/m3,2013-10-09 02:00:00 +01:00
1174,FR,STA-FR04018,NO2,47.75,µg/m3,2013-10-09 14:00:00 +01:00
1175,FR,STA-FR04018,NO2,51.75,µg/m3,2013-10-09 15:00:00 +01:00
1176,FR,STA-FR04018,NO2,72.0,µg/m3,2013-10-09 07:00:00 +01:00
1177,FR,STA-FR04018,NO2,39.5,µg/m3,2013-10-09 13:00:00 +01:00
1178,FR,STA-FR04018,NO2,36.5,µg/m3,2013-10-09 12:00:00 +01:00
1179,FR,STA-FR04018,NO2,65.5,µg/m3,2013-10-09 09:00:00 +01:00
1180,FR,STA-FR04018,NO2,72.0,µg/m3,2013-10-09 08:00:00 +01:00
1181,FR,STA-FR04018,NO2,26.5,µg/m3,2013-10-12 05:00:00 +01:00
1182,FR,STA-FR04018,NO2,25.0,µg/m3,2013-10-12 09:00:00 +01:00
1183,FR,STA-FR04018,NO2,22.5,µg/m3,2013-10-12 04:00:00 +01:00
1184,FR,STA-FR04018,NO2,46.75,µg/m3,2013-10-11 23:00:00 +01:00
1185,FR,STA-FR04018,NO2,67.75,µg/m3,2013-10-12 22:00:00 +01:00
1186,FR,STA-FR04018,NO2,21.25,µg/m3,2013-10-12 16:00:00 +01:00
1187,FR,STA-FR04018,NO2,19.0,µg/m3,2013-10-12 14:00:00 +01:00
1188,FR,STA-FR04018,NO2,18.0,µg/m3,2013-10-12 13:00:00 +01:00
1189,FR,STA-FR04018,NO2,19.5,µg/m3,2013-10-12 11:00:00 +01:00
1190,FR,STA-FR04018,NO2,39.75,µg/m3,2013-10-11 10:00:00 +01:00
1191,FR,STA-FR04018,NO2,40.5,µg/m3,2013-10-11 11:00:00 +01:00
1192,FR,STA-FR04018,NO2,42.5,µg/m3,2013-10-12 00:00:00 +01:00
1193,FR,STA-FR04018,NO2,29.0,µg/m3,2013-10-09 21:00:00 +01:00
1194,FR,STA-FR04018,NO2,33.0,µg/m3,2013-10-09 20:00:00 +01:00
1195,FR,STA-FR04018,NO2,19.0,µg/m3,2013-10-09 23:00:00 +01:00
1196,FR,STA-FR04018,NO2,38.25,µg/m3,2013-10-09 16:00:00 +01:00
1197,FR,STA-FR04018,NO2,9.25,µg/m3,2013-10-10 02:00:00 +01:00
1198,FR,STA-FR04018,NO2,9.5,µg/m3,2013-10-10 01:00:00 +01:00
1199,FR,STA-FR04018,NO2,14.25,µg/m3,2013-10-10 00:00:00 +01:00
1200,FR,STA-FR04018,NO2,31.5,µg/m3,2013-10-10 12:00:00 +01:00
1201,FR,STA-FR04018,NO2,23.75,µg/m3,2013-10-10 15:00:00 +01:00
1202,FR,STA-FR04018,NO2,56.5,µg/m3,2013-10-10 08:00:00 +01:00
1203,FR,STA-FR04018,NO2,64.0,µg/m3,2013-10-10 07:00:00 +01:00
1204,FR,STA-FR04018,NO2,15.5,µg/m3,2013-10-11 04:00:00 +01:00
1205,FR,STA-FR04018,NO2,8.75,µg/m3,2013-10-11 03:00:00 +01:00
1206,FR,STA-FR04018,NO2,10.75,µg/m3,2013-10-11 02:00:00 +01:00
1207,FR,STA-FR04018,NO2,30.0,µg/m3,2013-10-10 14:00:00 +01:00
1208,FR,STA-FR04018,NO2,41.75,µg/m3,2013-10-10 13:00:00 +01:00
1209,FR,STA-FR04018,NO2,34.5,µg/m3,2013-10-13 19:00:00 +01:00
1210,FR,STA-FR04018,NO2,30.75,µg/m3,2013-10-13 17:00:00 +01:00
1211,FR,STA-FR04018,NO2,25.75,µg/m3,2013-10-13 16:00:00 +01:00
1212,FR,STA-FR04018,NO2,24.0,µg/m3,2013-10-14 02:00:00 +01:00
1213,FR,STA-FR04018,NO2,31.75,µg/m3,2013-10-13 21:00:00 +01:00
1214,FR,STA-FR04018,NO2,23.75,µg/m3,2013-10-14 00:00:00 +01:00
1215,FR,STA-FR04018,NO2,30.25,µg/m3,2013-10-13 20:00:00 +01:00
1216,FR,STA-FR04018,NO2,60.25,µg/m3,2013-10-14 08:00:00 +01:00
1217,FR,STA-FR04018,NO2,56.75,µg/m3,2013-10-14 06:00:00 +01:00
1218,FR,STA-FR04018,NO2,61.5,µg/m3,2013-10-14 09:00:00 +01:00
1219,FR,STA-FR04018,NO2,38.25,µg/m3,2013-10-14 05:00:00 +01:00
1220,FR,STA-FR04018,NO2,32.25,µg/m3,2013-10-13 09:00:00 +01:00
1221,FR,STA-FR04018,NO2,39.25,µg/m3,2013-10-13 08:00:00 +01:00
1222,FR,STA-FR04018,NO2,18.0,µg/m3,2013-10-13 12:00:00 +01:00
1223,FR,STA-FR04018,NO2,17.5,µg/m3,2013-10-13 13:00:00 +01:00
1224,FR,STA-FR04018,NO2,65.75,µg/m3,2013-10-12 23:00:00 +01:00
1225,FR,STA-FR04018,NO2,63.25,µg/m3,2013-10-13 01:00:00 +01:00
1226,FR,STA-FR04018,NO2,77.75,µg/m3,2013-10-12 19:00:00 +01:00
1227,FR,STA-FR04018,NO2,58.25,µg/m3,2013-10-13 02:00:00 +01:00
1228,FR,STA-FR04018,NO2,41.75,µg/m3,2013-10-14 19:00:00 +01:00
1229,FR,STA-FR04018,NO2,34.25,µg/m3,2013-10-14 21:00:00 +01:00
1230,FR,STA-FR04018,NO2,30.0,µg/m3,2013-10-14 22:00:00 +01:00
1231,FR,STA-FR04018,NO2,36.75,µg/m3,2013-10-14 20:00:00 +01:00
1232,FR,STA-FR04018,NO2,17.75,µg/m3,2013-10-15 00:00:00 +01:00
1233,FR,STA-FR04018,NO2,19.75,µg/m3,2013-10-15 01:00:00 +01:00
1234,FR,STA-FR04018,NO2,16.0,µg/m3,2013-10-15 02:00:00 +01:00
1235,FR,STA-FR04018,NO2,43.5,µg/m3,2013-10-15 17:00:00 +01:00
1236,FR,STA-FR04018,NO2,66.25,µg/m3,2013-10-15 18:00:00 +01:00
1237,FR,STA-FR04018,NO2,30.75,µg/m3,2013-10-15 16:00:00 +01:00
1238,FR,STA-FR04018,NO2,58.25,µg/m3,2013-10-15 09:00:00 +01:00
1239,FR,STA-FR04018,NO2,51.25,µg/m3,2013-10-15 10:00:00 +01:00
1240,FR,STA-FR04018,NO2,29.5,µg/m3,2013-10-17 04:00:00 +01:00
1241,FR,STA-FR04018,NO2,33.5,µg/m3,2013-10-16 22:00:00 +01:00
1242,FR,STA-FR04018,NO2,34.25,µg/m3,2013-10-16 21:00:00 +01:00
1243,FR,STA-FR04018,NO2,65.25,µg/m3,2013-10-16 12:00:00 +01:00
1244,FR,STA-FR04018,NO2,48.0,µg/m3,2013-10-16 15:00:00 +01:00
1245,FR,STA-FR04018,NO2,65.75,µg/m3,2013-10-17 08:00:00 +01:00
1246,FR,STA-FR04018,NO2,61.0,µg/m3,2013-10-17 06:00:00 +01:00
1247,FR,STA-FR04018,NO2,63.0,µg/m3,2013-10-17 07:00:00 +01:00
1248,FR,STA-FR04018,NO2,22.75,µg/m3,2013-10-17 02:00:00 +01:00
1249,FR,STA-FR04018,NO2,72.5,µg/m3,2013-10-16 10:00:00 +01:00
1250,FR,STA-FR04018,NO2,75.25,µg/m3,2013-10-16 08:00:00 +01:00
1251,FR,STA-FR04018,NO2,71.0,µg/m3,2013-10-16 09:00:00 +01:00
1252,FR,STA-FR04018,NO2,67.25,µg/m3,2013-10-16 17:00:00 +01:00
1253,FR,STA-FR04018,NO2,57.5,µg/m3,2013-10-16 16:00:00 +01:00
1254,FR,STA-FR04018,NO2,68.25,µg/m3,2013-10-16 11:00:00 +01:00
1255,FR,STA-FR04018,NO2,51.0,µg/m3,2013-10-16 03:00:00 +01:00
1256,FR,STA-FR04018,NO2,86.0,µg/m3,2013-10-16 07:00:00 +01:00
1257,FR,STA-FR04018,NO2,66.75,µg/m3,2013-10-16 06:00:00 +01:00
1258,FR,STA-FR04018,NO2,57.25,µg/m3,2013-10-16 05:00:00 +01:00
1259,FR,STA-FR04018,NO2,50.75,µg/m3,2013-10-21 16:00:00 +01:00
1260,FR,STA-FR04018,NO2,61.25,µg/m3,2013-10-21 08:00:00 +01:00
1261,FR,STA-FR04018,NO2,58.5,µg/m3,2013-10-21 17:00:00 +01:00
1262,FR,STA-FR04018,NO2,60.0,µg/m3,2013-10-21 18:00:00 +01:00
1263,FR,STA-FR04018,NO2,42.25,µg/m3,2013-10-21 12:00:00 +01:00
1264,FR,STA-FR04018,NO2,62.5,µg/m3,2013-10-21 07:00:00 +01:00
1265,FR,STA-FR04018,NO2,48.0,µg/m3,2013-10-21 10:00:00 +01:00
1266,FR,STA-FR04018,NO2,40.25,µg/m3,2013-10-20 20:00:00 +01:00
1267,FR,STA-FR04018,NO2,38.0,µg/m3,2013-10-20 17:00:00 +01:00
1268,FR,STA-FR04018,NO2,38.0,µg/m3,2013-10-20 21:00:00 +01:00
1269,FR,STA-FR04018,NO2,25.75,µg/m3,2013-10-20 11:00:00 +01:00
1270,FR,STA-FR04018,NO2,22.25,µg/m3,2013-10-20 13:00:00 +01:00
1271,FR,STA-FR04018,NO2,27.75,µg/m3,2013-10-20 09:00:00 +01:00
1272,FR,STA-FR04018,NO2,31.25,µg/m3,2013-10-20 15:00:00 +01:00
1273,FR,STA-FR04018,NO2,23.75,µg/m3,2013-10-20 12:00:00 +01:00
1274,FR,STA-FR04018,NO2,26.5,µg/m3,2013-10-20 10:00:00 +01:00
1275,FR,STA-FR04018,NO2,53.75,µg/m3,2013-10-20 18:00:00 +01:00
1276,FR,STA-FR04018,NO2,28.0,µg/m3,2013-10-20 22:00:00 +01:00
1277,FR,STA-FR04018,NO2,44.25,µg/m3,2013-10-20 19:00:00 +01:00
1278,FR,STA-FR04018,NO2,33.25,µg/m3,2013-10-20 16:00:00 +01:00
1279,FR,STA-FR04018,NO2,24.25,µg/m3,2013-10-20 14:00:00 +01:00
1280,FR,STA-FR04018,NO2,44.25,µg/m3,2013-10-22 14:00:00 +01:00
1281,FR,STA-FR04018,NO2,41.25,µg/m3,2013-10-22 13:00:00 +01:00
1282,FR,STA-FR04018,NO2,34.75,µg/m3,2013-10-22 22:00:00 +01:00
1283,FR,STA-FR04018,NO2,52.25,µg/m3,2013-10-22 18:00:00 +01:00
1284,FR,STA-FR04018,NO2,60.25,µg/m3,2013-10-22 16:00:00 +01:00
1285,FR,STA-FR04018,NO2,55.5,µg/m3,2013-10-22 17:00:00 +01:00
1286,FR,STA-FR04018,NO2,33.75,µg/m3,2013-10-22 21:00:00 +01:00
1287,FR,STA-FR04018,NO2,23.25,µg/m3,2013-10-23 00:00:00 +01:00
1288,FR,STA-FR04018,NO2,26.75,µg/m3,2013-10-22 23:00:00 +01:00
1289,FR,STA-FR04018,NO2,20.75,µg/m3,2013-10-23 01:00:00 +01:00
1290,FR,STA-FR04018,NO2,18.5,µg/m3,2013-10-23 02:00:00 +01:00
1291,FR,STA-FR04018,NO2,63.0,µg/m3,2013-10-22 07:00:00 +01:00
1292,FR,STA-FR04018,NO2,61.0,µg/m3,2013-10-22 08:00:00 +01:00
1293,FR,STA-FR04018,NO2,35.0,µg/m3,2013-10-22 12:00:00 +01:00
1295,FR,STA-FR04018,NO2,29.25,µg/m3,2013-10-17 14:00:00 +01:00
1296,FR,STA-FR04018,NO2,34.75,µg/m3,2013-10-17 15:00:00 +01:00
1297,FR,STA-FR04018,NO2,27.5,µg/m3,2013-10-17 12:00:00 +01:00
1298,FR,STA-FR04018,NO2,79.5,µg/m3,2013-10-17 18:00:00 +01:00
1299,FR,STA-FR04018,NO2,61.0,µg/m3,2013-10-17 21:00:00 +01:00
1300,FR,STA-FR04018,NO2,59.5,µg/m3,2013-10-17 23:00:00 +01:00
1301,FR,STA-FR04018,NO2,51.25,µg/m3,2013-10-18 02:00:00 +01:00
1302,FR,STA-FR04018,NO2,62.0,µg/m3,2013-10-18 20:00:00 +01:00
1303,FR,STA-FR04018,NO2,59.75,µg/m3,2013-10-18 19:00:00 +01:00
1304,FR,STA-FR04018,NO2,47.5,µg/m3,2013-10-18 03:00:00 +01:00
1305,FR,STA-FR04018,NO2,38.25,µg/m3,2013-10-18 04:00:00 +01:00
1306,FR,STA-FR04018,NO2,40.75,µg/m3,2013-10-18 11:00:00 +01:00
1307,FR,STA-FR04018,NO2,33.75,µg/m3,2013-10-18 12:00:00 +01:00
1308,FR,STA-FR04018,NO2,34.75,µg/m3,2013-10-19 16:00:00 +01:00
1309,FR,STA-FR04018,NO2,55.0,µg/m3,2013-10-19 19:00:00 +01:00
1310,FR,STA-FR04018,NO2,46.25,µg/m3,2013-10-19 22:00:00 +01:00
1311,FR,STA-FR04018,NO2,38.25,µg/m3,2013-10-20 01:00:00 +01:00
1312,FR,STA-FR04018,NO2,44.75,µg/m3,2013-10-19 23:00:00 +01:00
1313,FR,STA-FR04018,NO2,44.25,µg/m3,2013-10-20 00:00:00 +01:00
1314,FR,STA-FR04018,NO2,36.0,µg/m3,2013-10-20 07:00:00 +01:00
1315,FR,STA-FR04018,NO2,43.0,µg/m3,2013-10-20 08:00:00 +01:00
1316,FR,STA-FR04018,NO2,32.75,µg/m3,2013-10-19 04:00:00 +01:00
1317,FR,STA-FR04018,NO2,27.25,µg/m3,2013-10-19 03:00:00 +01:00
1318,FR,STA-FR04018,NO2,45.0,µg/m3,2013-10-19 09:00:00 +01:00
1319,FR,STA-FR04018,NO2,34.5,µg/m3,2013-10-19 05:00:00 +01:00
1320,FR,STA-FR04018,NO2,37.75,µg/m3,2013-10-19 12:00:00 +01:00
1321,FR,STA-FR04018,NO2,37.5,µg/m3,2013-10-19 13:00:00 +01:00
1322,FR,STA-FR04018,NO2,27.5,µg/m3,2013-10-23 23:00:00 +01:00
1323,FR,STA-FR04018,NO2,27.25,µg/m3,2013-10-23 13:00:00 +01:00
1324,FR,STA-FR04018,NO2,35.75,µg/m3,2013-10-23 05:00:00 +01:00
1325,FR,STA-FR04018,NO2,24.0,µg/m3,2013-10-23 11:00:00 +01:00
1326,FR,STA-FR04018,NO2,24.25,µg/m3,2013-10-23 12:00:00 +01:00
1327,FR,STA-FR04018,NO2,31.25,µg/m3,2013-10-23 14:00:00 +01:00
1328,FR,STA-FR04018,NO2,26.75,µg/m3,2013-10-24 01:00:00 +01:00
1329,FR,STA-FR04018,NO2,27.75,µg/m3,2013-10-24 02:00:00 +01:00
1330,FR,STA-FR04018,NO2,59.75,µg/m3,2013-10-24 06:00:00 +01:00
1331,FR,STA-FR04018,NO2,21.5,µg/m3,2013-10-25 02:00:00 +01:00
1332,FR,STA-FR04018,NO2,28.5,µg/m3,2013-10-24 21:00:00 +01:00
1333,FR,STA-FR04018,NO2,24.0,µg/m3,2013-10-24 23:00:00 +01:00
1334,FR,STA-FR04018,NO2,22.5,µg/m3,2013-10-25 00:00:00 +01:00
1335,FR,STA-FR04018,NO2,55.75,µg/m3,2013-10-25 07:00:00 +01:00
1336,FR,STA-FR04018,NO2,24.75,µg/m3,2013-10-25 03:00:00 +01:00
1337,FR,STA-FR04018,NO2,48.0,µg/m3,2013-10-25 05:00:00 +01:00
1338,FR,STA-FR04018,NO2,52.25,µg/m3,2013-10-24 05:00:00 +01:00
1339,FR,STA-FR04018,NO2,35.0,µg/m3,2013-10-24 20:00:00 +01:00
1340,FR,STA-FR04018,NO2,25.75,µg/m3,2013-10-24 22:00:00 +01:00
1341,FR,STA-FR04018,NO2,70.25,µg/m3,2013-10-24 18:00:00 +01:00
1342,FR,STA-FR04018,NO2,27.5,µg/m3,2013-10-24 15:00:00 +01:00
1343,FR,STA-FR04018,NO2,57.0,µg/m3,2013-10-25 06:00:00 +01:00
1344,FR,STA-FR04018,NO2,52.75,µg/m3,2013-10-25 15:00:00 +01:00
1345,FR,STA-FR04018,NO2,61.75,µg/m3,2013-10-25 16:00:00 +01:00
1346,FR,STA-FR04018,NO2,64.25,µg/m3,2013-10-25 17:00:00 +01:00
1347,FR,STA-FR04018,NO2,19.0,µg/m3,2013-10-26 23:00:00 +01:00
1348,FR,STA-FR04018,NO2,7.25,µg/m3,2013-10-27 03:00:00 +01:00
1349,FR,STA-FR04018,NO2,16.75,µg/m3,2013-10-27 00:00:00 +01:00
1350,FR,STA-FR04018,NO2,6.75,µg/m3,2013-10-27 06:00:00 +01:00
1351,FR,STA-FR04018,NO2,6.75,µg/m3,2013-10-27 05:00:00 +01:00
1352,FR,STA-FR04018,NO2,10.0,µg/m3,2013-10-27 08:00:00 +01:00
1353,FR,STA-FR04018,NO2,37.0,µg/m3,2013-10-26 08:00:00 +01:00
1354,FR,STA-FR04018,NO2,32.5,µg/m3,2013-10-26 10:00:00 +01:00
1355,FR,STA-FR04018,NO2,25.5,µg/m3,2013-10-26 05:00:00 +01:00
1356,FR,STA-FR04018,NO2,63.75,µg/m3,2013-10-25 21:00:00 +01:00
1357,FR,STA-FR04018,NO2,53.25,µg/m3,2013-10-25 22:00:00 +01:00
1358,FR,STA-FR04018,NO2,19.5,µg/m3,2013-10-26 03:00:00 +01:00
1359,FR,STA-FR04018,NO2,20.5,µg/m3,2013-10-26 04:00:00 +01:00
1360,FR,STA-FR04018,NO2,36.25,µg/m3,2013-10-26 06:00:00 +01:00
1361,FR,STA-FR04018,NO2,33.75,µg/m3,2013-10-26 07:00:00 +01:00
1362,FR,STA-FR04018,NO2,27.75,µg/m3,2013-10-26 12:00:00 +01:00
1363,FR,STA-FR04018,NO2,32.0,µg/m3,2013-10-26 11:00:00 +01:00
1364,FR,STA-FR04018,NO2,23.25,µg/m3,2013-10-26 13:00:00 +01:00
1365,FR,STA-FR04018,NO2,18.25,µg/m3,2013-11-03 22:00:00 +01:00
1366,FR,STA-FR04018,NO2,9.25,µg/m3,2013-11-04 01:00:00 +01:00
1367,FR,STA-FR04018,NO2,40.75,µg/m3,2013-11-03 18:00:00 +01:00
1368,FR,STA-FR04018,NO2,23.5,µg/m3,2013-11-03 21:00:00 +01:00
1369,FR,STA-FR04018,NO2,13.5,µg/m3,2013-11-03 23:00:00 +01:00
1370,FR,STA-FR04018,NO2,6.75,µg/m3,2013-11-04 02:00:00 +01:00
1371,FR,STA-FR04018,NO2,15.75,µg/m3,2013-11-04 05:00:00 +01:00
1372,FR,STA-FR04018,NO2,42.25,µg/m3,2013-11-04 10:00:00 +01:00
1373,FR,STA-FR04018,NO2,35.75,µg/m3,2013-11-04 14:00:00 +01:00
1374,FR,STA-FR04018,NO2,25.75,µg/m3,2013-11-04 13:00:00 +01:00
1375,FR,STA-FR04018,NO2,36.3333,µg/m3,2013-11-04 11:00:00 +01:00
1376,FR,STA-FR04018,NO2,30.75,µg/m3,2013-11-04 15:00:00 +01:00
1377,FR,STA-FR04018,NO2,69.0,µg/m3,2013-11-04 19:00:00 +01:00
1378,FR,STA-FR04018,NO2,70.25,µg/m3,2013-11-04 20:00:00 +01:00
1379,FR,STA-FR04018,NO2,60.25,µg/m3,2013-11-04 18:00:00 +01:00
1381,FR,STA-FR04018,NO2,51.25,µg/m3,2013-11-04 17:00:00 +01:00
1382,FR,STA-FR04018,NO2,46.0,µg/m3,2013-11-04 16:00:00 +01:00
1383,FR,STA-FR04018,NO2,36.75,µg/m3,2013-11-05 02:00:00 +01:00
1384,FR,STA-FR04018,NO2,51.0,µg/m3,2013-11-05 04:00:00 +01:00
1385,FR,STA-FR04018,NO2,53.0,µg/m3,2013-11-05 00:00:00 +01:00
1386,FR,STA-FR04018,NO2,61.5,µg/m3,2013-11-05 07:00:00 +01:00
1387,FR,STA-FR04018,NO2,12.5,µg/m3,2013-11-03 10:00:00 +01:00
1388,FR,STA-FR04018,NO2,9.5,µg/m3,2013-11-03 05:00:00 +01:00
1389,FR,STA-FR04018,NO2,10.25,µg/m3,2013-11-03 04:00:00 +01:00
1390,FR,STA-FR04018,NO2,38.5,µg/m3,2013-11-02 18:00:00 +01:00
1391,FR,STA-FR04018,NO2,10.5,µg/m3,2013-11-03 06:00:00 +01:00
1392,FR,STA-FR04018,NO2,13.75,µg/m3,2013-11-03 14:00:00 +01:00
1393,FR,STA-FR04018,NO2,34.75,µg/m3,2013-11-03 17:00:00 +01:00
1394,FR,STA-FR04018,NO2,11.75,µg/m3,2013-11-03 12:00:00 +01:00
1395,FR,STA-FR04018,NO2,11.5,µg/m3,2013-11-03 11:00:00 +01:00
1396,FR,STA-FR04018,NO2,20.75,µg/m3,2013-11-02 08:00:00 +01:00
1397,FR,STA-FR04018,NO2,26.75,µg/m3,2013-11-02 20:00:00 +01:00
1398,FR,STA-FR04018,NO2,36.5,µg/m3,2013-11-02 17:00:00 +01:00
1399,FR,STA-FR04018,NO2,22.75,µg/m3,2013-11-02 14:00:00 +01:00
1400,FR,STA-FR04018,NO2,10.5,µg/m3,2013-11-03 03:00:00 +01:00
1401,FR,STA-FR04018,NO2,44.5,µg/m3,2013-11-05 18:00:00 +01:00
1402,FR,STA-FR04018,NO2,18.25,µg/m3,2013-11-05 22:00:00 +01:00
1403,FR,STA-FR04018,NO2,47.0,µg/m3,2013-11-05 19:00:00 +01:00
1404,FR,STA-FR04018,NO2,18.25,µg/m3,2013-11-06 00:00:00 +01:00
1405,FR,STA-FR04018,NO2,56.0,µg/m3,2013-11-05 09:00:00 +01:00
1406,FR,STA-FR04018,NO2,53.25,µg/m3,2013-11-05 10:00:00 +01:00
1407,FR,STA-FR04018,NO2,60.75,µg/m3,2013-11-05 08:00:00 +01:00
1408,FR,STA-FR04018,NO2,47.75,µg/m3,2013-11-05 16:00:00 +01:00
1409,FR,STA-FR04018,NO2,39.25,µg/m3,2013-11-05 17:00:00 +01:00
1410,FR,STA-FR04018,NO2,44.5,µg/m3,2013-11-05 15:00:00 +01:00
1411,FR,STA-FR04018,NO2,52.25,µg/m3,2013-11-05 11:00:00 +01:00
1412,FR,STA-FR04018,NO2,30.0,µg/m3,2013-11-06 21:00:00 +01:00
1413,FR,STA-FR04018,NO2,30.75,µg/m3,2013-11-06 13:00:00 +01:00
1414,FR,STA-FR04018,NO2,33.25,µg/m3,2013-11-06 12:00:00 +01:00
1415,FR,STA-FR04018,NO2,27.75,µg/m3,2013-11-06 02:00:00 +01:00
1416,FR,STA-FR04018,NO2,20.25,µg/m3,2013-11-06 01:00:00 +01:00
1417,FR,STA-FR04018,NO2,23.0,µg/m3,2013-11-05 23:00:00 +01:00
1418,FR,STA-FR04018,NO2,59.75,µg/m3,2013-11-06 05:00:00 +01:00
1419,FR,STA-FR04018,NO2,36.75,µg/m3,2013-11-06 11:00:00 +01:00
1420,FR,STA-FR04018,NO2,35.75,µg/m3,2013-11-06 04:00:00 +01:00
1421,FR,STA-FR04018,NO2,22.0,µg/m3,2013-11-06 22:00:00 +01:00
1422,FR,STA-FR04018,NO2,19.5,µg/m3,2013-11-06 23:00:00 +01:00
1423,FR,STA-FR04018,NO2,5.5,µg/m3,2013-10-28 03:00:00 +01:00
1424,FR,STA-FR04018,NO2,12.25,µg/m3,2013-10-27 22:00:00 +01:00
1425,FR,STA-FR04018,NO2,30.25,µg/m3,2013-10-27 18:00:00 +01:00
1426,FR,STA-FR04018,NO2,20.75,µg/m3,2013-10-27 21:00:00 +01:00
1427,FR,STA-FR04018,NO2,19.0,µg/m3,2013-10-27 15:00:00 +01:00
1428,FR,STA-FR04018,NO2,27.25,µg/m3,2013-10-27 17:00:00 +01:00
1429,FR,STA-FR04018,NO2,14.5,µg/m3,2013-10-27 11:00:00 +01:00
1430,FR,STA-FR04018,NO2,14.0,µg/m3,2013-10-27 14:00:00 +01:00
1431,FR,STA-FR04018,NO2,49.5,µg/m3,2013-10-28 19:00:00 +01:00
1432,FR,STA-FR04018,NO2,30.25,µg/m3,2013-10-28 15:00:00 +01:00
1433,FR,STA-FR04018,NO2,49.5,µg/m3,2013-10-28 20:00:00 +01:00
1434,FR,STA-FR04018,NO2,28.75,µg/m3,2013-10-28 13:00:00 +01:00
1435,FR,STA-FR04018,NO2,25.25,µg/m3,2013-10-28 22:00:00 +01:00
1436,FR,STA-FR04018,NO2,20.0,µg/m3,2013-10-28 12:00:00 +01:00
1437,FR,STA-FR04018,NO2,30.5,µg/m3,2013-10-28 16:00:00 +01:00
1438,FR,STA-FR04018,NO2,29.75,µg/m3,2013-10-28 07:00:00 +01:00
1439,FR,STA-FR04018,NO2,9.5,µg/m3,2013-10-28 05:00:00 +01:00
1440,FR,STA-FR04018,NO2,33.5,µg/m3,2013-10-28 08:00:00 +01:00
1441,FR,STA-FR04018,NO2,71.25,µg/m3,2013-10-30 11:00:00 +01:00
1442,FR,STA-FR04018,NO2,76.0,µg/m3,2013-10-30 08:00:00 +01:00
1443,FR,STA-FR04018,NO2,58.25,µg/m3,2013-10-30 06:00:00 +01:00
1444,FR,STA-FR04018,NO2,53.75,µg/m3,2013-10-29 21:00:00 +01:00
1445,FR,STA-FR04018,NO2,63.0,µg/m3,2013-10-29 18:00:00 +01:00
1446,FR,STA-FR04018,NO2,53.5,µg/m3,2013-10-29 07:00:00 +01:00
1447,FR,STA-FR04018,NO2,10.5,µg/m3,2013-10-29 02:00:00 +01:00
1448,FR,STA-FR04018,NO2,11.5,µg/m3,2013-10-29 01:00:00 +01:00
1449,FR,STA-FR04018,NO2,30.25,µg/m3,2013-10-29 15:00:00 +01:00
1450,FR,STA-FR04018,NO2,46.25,µg/m3,2013-10-29 16:00:00 +01:00
1451,FR,STA-FR04018,NO2,28.0,µg/m3,2013-10-29 12:00:00 +01:00
1452,FR,STA-FR04018,NO2,55.25,µg/m3,2013-10-29 09:00:00 +01:00
1453,FR,STA-FR04018,NO2,20.75,µg/m3,2013-11-01 23:00:00 +01:00
1454,FR,STA-FR04018,NO2,15.0,µg/m3,2013-11-02 04:00:00 +01:00
1455,FR,STA-FR04018,NO2,21.75,µg/m3,2013-11-02 06:00:00 +01:00
1456,FR,STA-FR04018,NO2,19.25,µg/m3,2013-11-02 05:00:00 +01:00
1457,FR,STA-FR04018,NO2,17.75,µg/m3,2013-11-02 11:00:00 +01:00
1458,FR,STA-FR04018,NO2,15.5,µg/m3,2013-11-02 02:00:00 +01:00
1459,FR,STA-FR04018,NO2,32.75,µg/m3,2013-11-01 07:00:00 +01:00
1460,FR,STA-FR04018,NO2,23.25,µg/m3,2013-11-01 02:00:00 +01:00
1461,FR,STA-FR04018,NO2,31.5,µg/m3,2013-11-01 01:00:00 +01:00
1462,FR,STA-FR04018,NO2,28.25,µg/m3,2013-11-01 06:00:00 +01:00
1463,FR,STA-FR04018,NO2,19.25,µg/m3,2013-11-01 03:00:00 +01:00
1464,FR,STA-FR04018,NO2,38.0,µg/m3,2013-10-31 23:00:00 +01:00
1465,FR,STA-FR04018,NO2,34.25,µg/m3,2013-11-01 00:00:00 +01:00
1466,FR,STA-FR04018,NO2,85.0,µg/m3,2013-10-30 18:00:00 +01:00
1467,FR,STA-FR04018,NO2,102.5,µg/m3,2013-10-30 21:00:00 +01:00
1468,FR,STA-FR04018,NO2,72.5,µg/m3,2013-10-30 17:00:00 +01:00
1469,FR,STA-FR04018,NO2,60.0,µg/m3,2013-10-31 04:00:00 +01:00
1470,FR,STA-FR04018,NO2,102.75,µg/m3,2013-10-30 20:00:00 +01:00
1471,FR,STA-FR04018,NO2,36.0,µg/m3,2013-10-30 15:00:00 +01:00
1472,FR,STA-FR04018,NO2,47.0,µg/m3,2013-10-30 13:00:00 +01:00
1473,FR,STA-FR04018,NO2,16.75,µg/m3,2013-10-30 03:00:00 +01:00
1474,FR,STA-FR04018,NO2,44.75,µg/m3,2013-10-31 14:00:00 +01:00
1475,FR,STA-FR04018,NO2,66.0,µg/m3,2013-10-31 19:00:00 +01:00
1476,FR,STA-FR04018,NO2,53.0,µg/m3,2013-10-31 21:00:00 +01:00
1477,FR,STA-FR04018,NO2,58.75,µg/m3,2013-10-31 20:00:00 +01:00
1478,FR,STA-FR04018,NO2,67.0,µg/m3,2013-10-31 18:00:00 +01:00
1479,FR,STA-FR04018,NO2,65.75,µg/m3,2013-10-31 02:00:00 +01:00
1480,FR,STA-FR04018,NO2,66.0,µg/m3,2013-10-31 06:00:00 +01:00
1481,FR,STA-FR04018,NO2,38.5,µg/m3,2013-10-31 13:00:00 +01:00
1482,FR,STA-FR04018,NO2,88.5,µg/m3,2013-11-13 18:00:00 +01:00
1483,FR,STA-FR04018,NO2,79.5,µg/m3,2013-11-13 23:00:00 +01:00
1484,FR,STA-FR04018,NO2,13.25,µg/m3,2013-11-13 03:00:00 +01:00
1485,FR,STA-FR04018,NO2,13.5,µg/m3,2013-11-13 04:00:00 +01:00
1486,FR,STA-FR04018,NO2,42.5,µg/m3,2013-11-13 12:00:00 +01:00
1487,FR,STA-FR04018,NO2,32.75,µg/m3,2013-11-13 15:00:00 +01:00
1488,FR,STA-FR04018,NO2,46.25,µg/m3,2013-11-13 10:00:00 +01:00
1489,FR,STA-FR04018,NO2,47.75,µg/m3,2013-11-14 16:00:00 +01:00
1490,FR,STA-FR04018,NO2,75.75,µg/m3,2013-11-14 18:00:00 +01:00
1491,FR,STA-FR04018,NO2,71.0,µg/m3,2013-11-14 17:00:00 +01:00
1492,FR,STA-FR04018,NO2,60.5,µg/m3,2013-11-14 14:00:00 +01:00
1493,FR,STA-FR04018,NO2,62.75,µg/m3,2013-11-14 10:00:00 +01:00
1494,FR,STA-FR04018,NO2,45.75,µg/m3,2013-11-14 13:00:00 +01:00
1495,FR,STA-FR04018,NO2,66.75,µg/m3,2013-11-14 09:00:00 +01:00
1496,FR,STA-FR04018,NO2,66.5,µg/m3,2013-11-14 08:00:00 +01:00
1497,FR,STA-FR04018,NO2,72.0,µg/m3,2013-11-14 07:00:00 +01:00
1498,FR,STA-FR04018,NO2,89.0,µg/m3,2013-11-13 22:00:00 +01:00
1499,FR,STA-FR04018,NO2,82.5,µg/m3,2013-11-13 19:00:00 +01:00
1500,FR,STA-FR04018,NO2,57.25,µg/m3,2013-11-14 21:00:00 +01:00
1501,FR,STA-FR04018,NO2,33.25,µg/m3,2013-11-14 22:00:00 +01:00
1502,FR,STA-FR04018,NO2,13.75,µg/m3,2013-11-15 01:00:00 +01:00
1503,FR,STA-FR04018,NO2,12.75,µg/m3,2013-11-15 03:00:00 +01:00
1504,FR,STA-FR04018,NO2,11.75,µg/m3,2013-11-15 02:00:00 +01:00
1505,FR,STA-FR04018,NO2,21.75,µg/m3,2013-11-15 12:00:00 +01:00
1506,FR,STA-FR04018,NO2,14.0,µg/m3,2013-11-15 04:00:00 +01:00
1507,FR,STA-FR04018,NO2,30.0,µg/m3,2013-11-14 23:00:00 +01:00
1508,FR,STA-FR04018,NO2,36.25,µg/m3,2013-11-15 16:00:00 +01:00
1509,FR,STA-FR04018,NO2,35.5,µg/m3,2013-11-15 09:00:00 +01:00
1510,FR,STA-FR04018,NO2,45.0,µg/m3,2013-11-15 19:00:00 +01:00
1511,FR,STA-FR04018,NO2,51.25,µg/m3,2013-11-15 20:00:00 +01:00
1512,FR,STA-FR04018,NO2,39.5,µg/m3,2013-11-15 18:00:00 +01:00
1513,FR,STA-FR04018,NO2,44.0,µg/m3,2013-11-15 17:00:00 +01:00
1514,FR,STA-FR04018,NO2,35.75,µg/m3,2013-11-16 04:00:00 +01:00
1515,FR,STA-FR04018,NO2,37.75,µg/m3,2013-11-16 05:00:00 +01:00
1516,FR,STA-FR04018,NO2,34.25,µg/m3,2013-11-16 01:00:00 +01:00
1517,FR,STA-FR04018,NO2,33.25,µg/m3,2013-11-17 06:00:00 +01:00
1518,FR,STA-FR04018,NO2,33.75,µg/m3,2013-11-17 07:00:00 +01:00
1519,FR,STA-FR04018,NO2,30.5,µg/m3,2013-11-17 08:00:00 +01:00
1520,FR,STA-FR04018,NO2,30.5,µg/m3,2013-11-17 09:00:00 +01:00
1521,FR,STA-FR04018,NO2,28.25,µg/m3,2013-11-17 16:00:00 +01:00
1522,FR,STA-FR04018,NO2,27.75,µg/m3,2013-11-17 12:00:00 +01:00
1523,FR,STA-FR04018,NO2,31.75,µg/m3,2013-11-17 17:00:00 +01:00
1524,FR,STA-FR04018,NO2,33.75,µg/m3,2013-11-16 09:00:00 +01:00
1525,FR,STA-FR04018,NO2,28.0,µg/m3,2013-11-16 11:00:00 +01:00
1526,FR,STA-FR04018,NO2,30.5,µg/m3,2013-11-16 10:00:00 +01:00
1527,FR,STA-FR04018,NO2,49.25,µg/m3,2013-11-16 19:00:00 +01:00
1528,FR,STA-FR04018,NO2,37.75,µg/m3,2013-11-16 16:00:00 +01:00
1529,FR,STA-FR04018,NO2,47.75,µg/m3,2013-11-16 18:00:00 +01:00
1530,FR,STA-FR04018,NO2,42.5,µg/m3,2013-11-16 17:00:00 +01:00
1531,FR,STA-FR04018,NO2,45.0,µg/m3,2013-11-16 23:00:00 +01:00
1532,FR,STA-FR04018,NO2,34.75,µg/m3,2013-11-17 20:00:00 +01:00
1533,FR,STA-FR04018,NO2,35.0,µg/m3,2013-11-17 19:00:00 +01:00
1534,FR,STA-FR04018,NO2,41.75,µg/m3,2013-11-17 21:00:00 +01:00
1535,FR,STA-FR04018,NO2,25.0,µg/m3,2013-11-08 21:00:00 +01:00
1536,FR,STA-FR04018,NO2,21.5,µg/m3,2013-11-09 01:00:00 +01:00
1537,FR,STA-FR04018,NO2,17.25,µg/m3,2013-11-09 02:00:00 +01:00
1538,FR,STA-FR04018,NO2,42.5,µg/m3,2013-11-08 17:00:00 +01:00
1539,FR,STA-FR04018,NO2,44.5,µg/m3,2013-11-08 19:00:00 +01:00
1540,FR,STA-FR04018,NO2,17.25,µg/m3,2013-11-09 04:00:00 +01:00
1541,FR,STA-FR04018,NO2,14.25,µg/m3,2013-11-09 03:00:00 +01:00
1542,FR,STA-FR04018,NO2,41.25,µg/m3,2013-11-09 23:00:00 +01:00
1543,FR,STA-FR04018,NO2,15.25,µg/m3,2013-11-10 03:00:00 +01:00
1544,FR,STA-FR04018,NO2,38.5,µg/m3,2013-11-08 01:00:00 +01:00
1545,FR,STA-FR04018,NO2,37.0,µg/m3,2013-11-08 02:00:00 +01:00
1546,FR,STA-FR04018,NO2,42.5,µg/m3,2013-11-07 15:00:00 +01:00
1547,FR,STA-FR04018,NO2,75.25,µg/m3,2013-11-08 08:00:00 +01:00
1548,FR,STA-FR04018,NO2,55.25,µg/m3,2013-11-08 06:00:00 +01:00
1549,FR,STA-FR04018,NO2,64.75,µg/m3,2013-11-08 15:00:00 +01:00
1550,FR,STA-FR04018,NO2,80.0,µg/m3,2013-11-08 10:00:00 +01:00
1551,FR,STA-FR04018,NO2,59.0,µg/m3,2013-11-08 13:00:00 +01:00
1552,FR,STA-FR04018,NO2,59.5,µg/m3,2013-11-08 12:00:00 +01:00
1553,FR,STA-FR04018,NO2,59.0,µg/m3,2013-11-07 08:00:00 +01:00
1554,FR,STA-FR04018,NO2,56.75,µg/m3,2013-11-07 09:00:00 +01:00
1555,FR,STA-FR04018,NO2,43.0,µg/m3,2013-11-07 18:00:00 +01:00
1556,FR,STA-FR04018,NO2,32.75,µg/m3,2013-11-07 13:00:00 +01:00
1557,FR,STA-FR04018,NO2,38.0,µg/m3,2013-11-07 14:00:00 +01:00
1558,FR,STA-FR04018,NO2,64.25,µg/m3,2013-11-07 22:00:00 +01:00
1559,FR,STA-FR04018,NO2,63.25,µg/m3,2013-11-07 23:00:00 +01:00
1560,FR,STA-FR04018,NO2,53.25,µg/m3,2013-11-12 12:00:00 +01:00
1561,FR,STA-FR04018,NO2,52.25,µg/m3,2013-11-12 11:00:00 +01:00
1562,FR,STA-FR04018,NO2,61.5,µg/m3,2013-11-12 17:00:00 +01:00
1563,FR,STA-FR04018,NO2,58.75,µg/m3,2013-11-12 15:00:00 +01:00
1564,FR,STA-FR04018,NO2,65.5,µg/m3,2013-11-12 18:00:00 +01:00
1565,FR,STA-FR04018,NO2,60.5,µg/m3,2013-11-12 19:00:00 +01:00
1566,FR,STA-FR04018,NO2,58.75,µg/m3,2013-11-12 16:00:00 +01:00
1567,FR,STA-FR04018,NO2,11.75,µg/m3,2013-11-13 02:00:00 +01:00
1568,FR,STA-FR04018,NO2,25.5,µg/m3,2013-11-12 23:00:00 +01:00
1569,FR,STA-FR04018,NO2,56.0,µg/m3,2013-11-13 07:00:00 +01:00
1570,FR,STA-FR04018,NO2,37.75,µg/m3,2013-11-13 06:00:00 +01:00
1571,FR,STA-FR04018,NO2,15.5,µg/m3,2013-11-13 01:00:00 +01:00
1572,FR,STA-FR04018,NO2,46.5,µg/m3,2013-11-11 21:00:00 +01:00
1573,FR,STA-FR04018,NO2,35.5,µg/m3,2013-11-12 05:00:00 +01:00
1574,FR,STA-FR04018,NO2,32.5,µg/m3,2013-11-11 12:00:00 +01:00
1575,FR,STA-FR04018,NO2,56.75,µg/m3,2013-11-11 18:00:00 +01:00
1576,FR,STA-FR04018,NO2,21.0,µg/m3,2013-11-11 13:00:00 +01:00
1577,FR,STA-FR04018,NO2,47.5,µg/m3,2013-11-11 19:00:00 +01:00
1578,FR,STA-FR04018,NO2,50.0,µg/m3,2013-11-11 20:00:00 +01:00
1579,FR,STA-FR04018,NO2,26.0,µg/m3,2013-11-12 03:00:00 +01:00
1580,FR,STA-FR04018,NO2,43.25,µg/m3,2013-11-11 22:00:00 +01:00
1581,FR,STA-FR04018,NO2,52.25,µg/m3,2013-11-12 06:00:00 +01:00
1582,FR,STA-FR04018,NO2,61.5,µg/m3,2013-11-12 08:00:00 +01:00
1583,FR,STA-FR04018,NO2,63.25,µg/m3,2013-11-12 07:00:00 +01:00
1584,FR,STA-FR04018,NO2,52.5,µg/m3,2013-11-12 10:00:00 +01:00
1585,FR,STA-FR04018,NO2,53.75,µg/m3,2013-11-12 14:00:00 +01:00
1586,FR,STA-FR04018,NO2,54.5,µg/m3,2013-11-12 13:00:00 +01:00
1587,FR,STA-FR04018,NO2,26.0,µg/m3,2013-11-11 14:00:00 +01:00
1588,FR,STA-FR04018,NO2,38.5,µg/m3,2013-11-11 11:00:00 +01:00
1589,FR,STA-FR04018,NO2,41.75,µg/m3,2013-11-11 17:00:00 +01:00
1590,FR,STA-FR04018,NO2,28.25,µg/m3,2013-11-11 15:00:00 +01:00
1591,FR,STA-FR04018,NO2,29.75,µg/m3,2013-11-11 16:00:00 +01:00
1592,FR,STA-FR04018,NO2,53.75,µg/m3,2013-11-11 04:00:00 +01:00
1593,FR,STA-FR04018,NO2,60.0,µg/m3,2013-11-11 00:00:00 +01:00
1594,FR,STA-FR04018,NO2,61.25,µg/m3,2013-11-11 07:00:00 +01:00
1595,FR,STA-FR04018,NO2,57.5,µg/m3,2013-11-11 06:00:00 +01:00
1596,FR,STA-FR04018,NO2,18.75,µg/m3,2013-11-10 08:00:00 +01:00
1597,FR,STA-FR04018,NO2,9.5,µg/m3,2013-11-10 04:00:00 +01:00
1598,FR,STA-FR04018,NO2,17.0,µg/m3,2013-11-10 07:00:00 +01:00
1599,FR,STA-FR04018,NO2,16.25,µg/m3,2013-11-25 04:00:00 +01:00
1600,FR,STA-FR04018,NO2,59.25,µg/m3,2013-11-25 08:00:00 +01:00
1601,FR,STA-FR04018,NO2,55.25,µg/m3,2013-11-25 09:00:00 +01:00
1602,FR,STA-FR04018,NO2,34.75,µg/m3,2013-11-25 12:00:00 +01:00
1603,FR,STA-FR04018,NO2,27.0,µg/m3,2013-11-24 23:00:00 +01:00
1604,FR,STA-FR04018,NO2,20.0,µg/m3,2013-11-25 01:00:00 +01:00
1605,FR,STA-FR04018,NO2,25.25,µg/m3,2013-11-24 22:00:00 +01:00
1606,FR,STA-FR04018,NO2,38.0,µg/m3,2013-11-24 19:00:00 +01:00
1607,FR,STA-FR04018,NO2,29.0,µg/m3,2013-11-24 20:00:00 +01:00
1608,FR,STA-FR04018,NO2,26.5,µg/m3,2013-11-24 14:00:00 +01:00
1609,FR,STA-FR04018,NO2,32.75,µg/m3,2013-11-24 04:00:00 +01:00
1610,FR,STA-FR04018,NO2,30.5,µg/m3,2013-11-23 20:00:00 +01:00
1611,FR,STA-FR04018,NO2,30.0,µg/m3,2013-11-24 10:00:00 +01:00
1612,FR,STA-FR04018,NO2,37.75,µg/m3,2013-11-24 17:00:00 +01:00
1613,FR,STA-FR04018,NO2,41.0,µg/m3,2013-11-24 16:00:00 +01:00
1614,FR,STA-FR04018,NO2,31.0,µg/m3,2013-11-24 00:00:00 +01:00
1615,FR,STA-FR04018,NO2,36.25,µg/m3,2013-11-24 03:00:00 +01:00
1616,FR,STA-FR04018,NO2,28.0,µg/m3,2013-11-24 13:00:00 +01:00
1617,FR,STA-FR04018,NO2,30.0,µg/m3,2013-11-24 11:00:00 +01:00
1618,FR,STA-FR04018,NO2,46.0,µg/m3,2013-11-24 08:00:00 +01:00
1619,FR,STA-FR04018,NO2,41.75,µg/m3,2013-11-24 07:00:00 +01:00
1620,FR,STA-FR04018,NO2,57.5,µg/m3,2013-11-26 07:00:00 +01:00
1621,FR,STA-FR04018,NO2,59.0,µg/m3,2013-11-26 08:00:00 +01:00
1622,FR,STA-FR04018,NO2,49.0,µg/m3,2013-11-26 10:00:00 +01:00
1623,FR,STA-FR04018,NO2,40.25,µg/m3,2013-11-26 12:00:00 +01:00
1624,FR,STA-FR04018,NO2,41.5,µg/m3,2013-11-26 13:00:00 +01:00
1625,FR,STA-FR04018,NO2,49.75,µg/m3,2013-11-26 16:00:00 +01:00
1626,FR,STA-FR04018,NO2,60.75,µg/m3,2013-11-26 19:00:00 +01:00
1627,FR,STA-FR04018,NO2,27.5,µg/m3,2013-11-26 23:00:00 +01:00
1628,FR,STA-FR04018,NO2,46.5,µg/m3,2013-11-26 20:00:00 +01:00
1629,FR,STA-FR04018,NO2,39.75,µg/m3,2013-11-26 21:00:00 +01:00
1630,FR,STA-FR04018,NO2,35.5,µg/m3,2013-11-26 22:00:00 +01:00
1631,FR,STA-FR04018,NO2,24.25,µg/m3,2013-11-25 23:00:00 +01:00
1632,FR,STA-FR04018,NO2,24.0,µg/m3,2013-11-25 05:00:00 +01:00
1633,FR,STA-FR04018,NO2,65.0,µg/m3,2013-11-25 18:00:00 +01:00
1634,FR,STA-FR04018,NO2,31.25,µg/m3,2013-11-25 13:00:00 +01:00
1635,FR,STA-FR04018,NO2,30.5,µg/m3,2013-11-25 14:00:00 +01:00
1636,FR,STA-FR04018,NO2,44.25,µg/m3,2013-11-25 11:00:00 +01:00
1637,FR,STA-FR04018,NO2,31.5,µg/m3,2013-11-25 15:00:00 +01:00
1638,FR,STA-FR04018,NO2,55.75,µg/m3,2013-11-25 17:00:00 +01:00
1639,FR,STA-FR04018,NO2,41.5,µg/m3,2013-11-25 16:00:00 +01:00
1640,FR,STA-FR04018,NO2,75.25,µg/m3,2013-11-28 12:00:00 +01:00
1641,FR,STA-FR04018,NO2,65.5,µg/m3,2013-11-27 19:00:00 +01:00
1642,FR,STA-FR04018,NO2,37.75,µg/m3,2013-11-27 12:00:00 +01:00
1643,FR,STA-FR04018,NO2,49.5,µg/m3,2013-11-27 07:00:00 +01:00
1644,FR,STA-FR04018,NO2,60.75,µg/m3,2013-11-27 17:00:00 +01:00
1645,FR,STA-FR04018,NO2,57.0,µg/m3,2013-11-27 21:00:00 +01:00
1646,FR,STA-FR04018,NO2,55.5,µg/m3,2013-11-28 01:00:00 +01:00
1647,FR,STA-FR04018,NO2,86.25,µg/m3,2013-11-28 08:00:00 +01:00
1648,FR,STA-FR04018,NO2,76.0,µg/m3,2013-11-28 10:00:00 +01:00
1649,FR,STA-FR04018,NO2,54.25,µg/m3,2013-11-28 02:00:00 +01:00
1650,FR,STA-FR04018,NO2,61.5,µg/m3,2013-11-28 06:00:00 +01:00
1651,FR,STA-FR04018,NO2,30.25,µg/m3,2013-11-27 05:00:00 +01:00
1652,FR,STA-FR04018,NO2,65.75,µg/m3,2013-11-26 17:00:00 +01:00
1653,FR,STA-FR04018,NO2,22.5,µg/m3,2013-11-27 04:00:00 +01:00
1654,FR,STA-FR04018,NO2,24.0,µg/m3,2013-11-27 00:00:00 +01:00
1655,FR,STA-FR04018,NO2,42.75,µg/m3,2013-11-27 14:00:00 +01:00
1656,FR,STA-FR04018,NO2,49.75,µg/m3,2013-11-27 10:00:00 +01:00
1657,FR,STA-FR04018,NO2,35.25,µg/m3,2013-11-18 02:00:00 +01:00
1658,FR,STA-FR04018,NO2,33.25,µg/m3,2013-11-18 01:00:00 +01:00
1659,FR,STA-FR04018,NO2,35.75,µg/m3,2013-11-18 04:00:00 +01:00
1660,FR,STA-FR04018,NO2,37.0,µg/m3,2013-11-18 06:00:00 +01:00
1661,FR,STA-FR04018,NO2,53.0,µg/m3,2013-11-18 13:00:00 +01:00
1662,FR,STA-FR04018,NO2,56.5,µg/m3,2013-11-18 12:00:00 +01:00
1663,FR,STA-FR04018,NO2,43.25,µg/m3,2013-11-18 16:00:00 +01:00
1664,FR,STA-FR04018,NO2,50.0,µg/m3,2013-11-18 22:00:00 +01:00
1665,FR,STA-FR04018,NO2,54.5,µg/m3,2013-11-18 19:00:00 +01:00
1666,FR,STA-FR04018,NO2,48.5,µg/m3,2013-11-19 00:00:00 +01:00
1667,FR,STA-FR04018,NO2,42.25,µg/m3,2013-11-19 03:00:00 +01:00
1668,FR,STA-FR04018,NO2,41.0,µg/m3,2013-11-19 02:00:00 +01:00
1669,FR,STA-FR04018,NO2,74.75,µg/m3,2013-11-20 10:00:00 +01:00
1671,FR,STA-FR04018,NO2,74.25,µg/m3,2013-11-20 09:00:00 +01:00
1672,FR,STA-FR04018,NO2,60.25,µg/m3,2013-11-20 20:00:00 +01:00
1673,FR,STA-FR04018,NO2,47.5,µg/m3,2013-11-20 19:00:00 +01:00
1674,FR,STA-FR04018,NO2,48.75,µg/m3,2013-11-20 15:00:00 +01:00
1675,FR,STA-FR04018,NO2,47.5,µg/m3,2013-11-20 16:00:00 +01:00
1676,FR,STA-FR04018,NO2,40.75,µg/m3,2013-11-19 23:00:00 +01:00
1677,FR,STA-FR04018,NO2,54.75,µg/m3,2013-11-19 22:00:00 +01:00
1678,FR,STA-FR04018,NO2,28.0,µg/m3,2013-11-19 14:00:00 +01:00
1679,FR,STA-FR04018,NO2,46.5,µg/m3,2013-11-19 01:00:00 +01:00
1680,FR,STA-FR04018,NO2,36.75,µg/m3,2013-11-19 16:00:00 +01:00
1681,FR,STA-FR04018,NO2,29.75,µg/m3,2013-11-19 15:00:00 +01:00
1682,FR,STA-FR04018,NO2,55.25,µg/m3,2013-11-19 17:00:00 +01:00
1683,FR,STA-FR04018,NO2,37.5,µg/m3,2013-11-22 18:00:00 +01:00
1684,FR,STA-FR04018,NO2,36.5,µg/m3,2013-11-22 21:00:00 +01:00
1685,FR,STA-FR04018,NO2,33.0,µg/m3,2013-11-22 22:00:00 +01:00
1686,FR,STA-FR04018,NO2,30.25,µg/m3,2013-11-22 23:00:00 +01:00
1687,FR,STA-FR04018,NO2,28.0,µg/m3,2013-11-23 00:00:00 +01:00
1688,FR,STA-FR04018,NO2,26.25,µg/m3,2013-11-23 03:00:00 +01:00
1689,FR,STA-FR04018,NO2,42.0,µg/m3,2013-11-22 13:00:00 +01:00
1690,FR,STA-FR04018,NO2,40.0,µg/m3,2013-11-22 11:00:00 +01:00
1691,FR,STA-FR04018,NO2,47.75,µg/m3,2013-11-22 02:00:00 +01:00
1692,FR,STA-FR04018,NO2,35.25,µg/m3,2013-11-22 17:00:00 +01:00
1693,FR,STA-FR04018,NO2,37.75,µg/m3,2013-11-22 16:00:00 +01:00
1694,FR,STA-FR04018,NO2,27.5,µg/m3,2013-11-23 15:00:00 +01:00
1695,FR,STA-FR04018,NO2,34.75,µg/m3,2013-11-23 16:00:00 +01:00
1696,FR,STA-FR04018,NO2,29.75,µg/m3,2013-11-23 18:00:00 +01:00
1697,FR,STA-FR04018,NO2,31.75,µg/m3,2013-11-23 22:00:00 +01:00
1698,FR,STA-FR04018,NO2,23.0,µg/m3,2013-11-23 13:00:00 +01:00
1699,FR,STA-FR04018,NO2,23.5,µg/m3,2013-11-23 11:00:00 +01:00
1700,FR,STA-FR04018,NO2,23.5,µg/m3,2013-11-23 08:00:00 +01:00
1701,FR,STA-FR04018,NO2,26.25,µg/m3,2013-11-23 06:00:00 +01:00
1702,FR,STA-FR04018,NO2,37.0,µg/m3,2013-11-21 05:00:00 +01:00
1703,FR,STA-FR04018,NO2,22.0,µg/m3,2013-11-21 03:00:00 +01:00
1704,FR,STA-FR04018,NO2,24.25,µg/m3,2013-11-21 04:00:00 +01:00
1705,FR,STA-FR04018,NO2,37.5,µg/m3,2013-11-21 00:00:00 +01:00
1706,FR,STA-FR04018,NO2,51.75,µg/m3,2013-11-21 06:00:00 +01:00
1707,FR,STA-FR04018,NO2,65.5,µg/m3,2013-11-21 07:00:00 +01:00
1708,FR,STA-FR04018,NO2,62.5,µg/m3,2013-11-21 08:00:00 +01:00
1709,FR,STA-FR04018,NO2,54.25,µg/m3,2013-11-21 09:00:00 +01:00
1710,FR,STA-FR04018,NO2,47.25,µg/m3,2013-11-21 10:00:00 +01:00
1711,FR,STA-FR04018,NO2,42.25,µg/m3,2013-11-21 16:00:00 +01:00
1712,FR,STA-FR04018,NO2,44.5,µg/m3,2013-11-21 17:00:00 +01:00
1713,FR,STA-FR04018,NO2,47.25,µg/m3,2013-11-21 22:00:00 +01:00
1714,FR,STA-FR04018,NO2,49.75,µg/m3,2013-11-22 01:00:00 +01:00
1715,FR,STA-FR04018,NO2,47.75,µg/m3,2013-11-21 18:00:00 +01:00
1716,FR,STA-FR04018,NO2,46.75,µg/m3,2013-11-21 20:00:00 +01:00
1717,FR,STA-FR04018,NO2,48.25,µg/m3,2013-11-21 19:00:00 +01:00
1718,FR,STA-FR04018,NO2,36.75,µg/m3,2013-11-21 15:00:00 +01:00
1719,FR,STA-FR04018,NO2,53.5,µg/m3,2013-11-22 08:00:00 +01:00
1720,FR,STA-FR04018,NO2,44.75,µg/m3,2013-11-22 03:00:00 +01:00
1721,FR,STA-FR04018,NO2,41.0,µg/m3,2013-11-22 04:00:00 +01:00
1722,FR,STA-FR04018,NO2,41.0,µg/m3,2013-12-02 01:00:00 +01:00
1723,FR,STA-FR04018,NO2,35.0,µg/m3,2013-12-02 05:00:00 +01:00
1724,FR,STA-FR04018,NO2,32.75,µg/m3,2013-12-02 02:00:00 +01:00
1725,FR,STA-FR04018,NO2,46.75,µg/m3,2013-12-01 22:00:00 +01:00
1726,FR,STA-FR04018,NO2,47.0,µg/m3,2013-12-01 23:00:00 +01:00
1727,FR,STA-FR04018,NO2,67.25,µg/m3,2013-12-01 18:00:00 +01:00
1728,FR,STA-FR04018,NO2,48.0,µg/m3,2013-12-01 21:00:00 +01:00
1729,FR,STA-FR04018,NO2,21.25,µg/m3,2013-12-01 11:00:00 +01:00
1730,FR,STA-FR04018,NO2,31.75,µg/m3,2013-12-01 15:00:00 +01:00
1731,FR,STA-FR04018,NO2,32.75,µg/m3,2013-12-01 14:00:00 +01:00
1732,FR,STA-FR04018,NO2,72.0,µg/m3,2013-12-02 20:00:00 +01:00
1733,FR,STA-FR04018,NO2,73.5,µg/m3,2013-12-02 19:00:00 +01:00
1734,FR,STA-FR04018,NO2,76.5,µg/m3,2013-12-02 18:00:00 +01:00
1735,FR,STA-FR04018,NO2,28.6667,µg/m3,2013-12-02 14:00:00 +01:00
1736,FR,STA-FR04018,NO2,53.25,µg/m3,2013-12-02 07:00:00 +01:00
1737,FR,STA-FR04018,NO2,56.25,µg/m3,2013-12-02 08:00:00 +01:00
1738,FR,STA-FR04018,NO2,102.25,µg/m3,2013-12-03 18:00:00 +01:00
1739,FR,STA-FR04018,NO2,56.25,µg/m3,2013-12-03 23:00:00 +01:00
1740,FR,STA-FR04018,NO2,76.25,µg/m3,2013-12-03 20:00:00 +01:00
1741,FR,STA-FR04018,NO2,52.5,µg/m3,2013-12-04 00:00:00 +01:00
1742,FR,STA-FR04018,NO2,102.0,µg/m3,2013-12-03 16:00:00 +01:00
1743,FR,STA-FR04018,NO2,51.25,µg/m3,2013-12-04 05:00:00 +01:00
1744,FR,STA-FR04018,NO2,50.75,µg/m3,2013-12-04 04:00:00 +01:00
1745,FR,STA-FR04018,NO2,76.5,µg/m3,2013-12-04 12:00:00 +01:00
1746,FR,STA-FR04018,NO2,61.0,µg/m3,2013-12-04 09:00:00 +01:00
1747,FR,STA-FR04018,NO2,51.25,µg/m3,2013-12-04 01:00:00 +01:00
1748,FR,STA-FR04018,NO2,124.75,µg/m3,2013-12-03 15:00:00 +01:00
1749,FR,STA-FR04018,NO2,75.5,µg/m3,2013-12-03 12:00:00 +01:00
1750,FR,STA-FR04018,NO2,98.5,µg/m3,2013-12-03 09:00:00 +01:00
1751,FR,STA-FR04018,NO2,97.25,µg/m3,2013-12-03 10:00:00 +01:00
1752,FR,STA-FR04018,NO2,56.0,µg/m3,2013-12-03 06:00:00 +01:00
1753,FR,STA-FR04018,NO2,51.0,µg/m3,2013-12-03 04:00:00 +01:00
1754,FR,STA-FR04018,NO2,82.5,µg/m3,2013-12-03 13:00:00 +01:00
1755,FR,STA-FR04018,NO2,81.75,µg/m3,2013-12-03 08:00:00 +01:00
1756,FR,STA-FR04018,NO2,53.5,µg/m3,2013-12-03 03:00:00 +01:00
1757,FR,STA-FR04018,NO2,74.25,µg/m3,2013-12-02 22:00:00 +01:00
1758,FR,STA-FR04018,NO2,49.25,µg/m3,2013-12-03 05:00:00 +01:00
1759,FR,STA-FR04018,NO2,47.75,µg/m3,2013-11-30 20:00:00 +01:00
1760,FR,STA-FR04018,NO2,27.75,µg/m3,2013-11-30 12:00:00 +01:00
1761,FR,STA-FR04018,NO2,29.5,µg/m3,2013-12-01 00:00:00 +01:00
1762,FR,STA-FR04018,NO2,20.0,µg/m3,2013-12-01 10:00:00 +01:00
1763,FR,STA-FR04018,NO2,21.75,µg/m3,2013-11-30 02:00:00 +01:00
1764,FR,STA-FR04018,NO2,28.0,µg/m3,2013-11-30 04:00:00 +01:00
1765,FR,STA-FR04018,NO2,44.25,µg/m3,2013-11-30 06:00:00 +01:00
1766,FR,STA-FR04018,NO2,50.75,µg/m3,2013-11-30 08:00:00 +01:00
1767,FR,STA-FR04018,NO2,27.25,µg/m3,2013-11-30 13:00:00 +01:00
1768,FR,STA-FR04018,NO2,51.75,µg/m3,2013-11-30 10:00:00 +01:00
1769,FR,STA-FR04018,NO2,46.5,µg/m3,2013-11-30 17:00:00 +01:00
1770,FR,STA-FR04018,NO2,23.0,µg/m3,2013-11-30 15:00:00 +01:00
1771,FR,STA-FR04018,NO2,28.75,µg/m3,2013-11-30 22:00:00 +01:00
1772,FR,STA-FR04018,NO2,68.5,µg/m3,2013-11-28 16:00:00 +01:00
1773,FR,STA-FR04018,NO2,81.75,µg/m3,2013-11-28 14:00:00 +01:00
1774,FR,STA-FR04018,NO2,78.5,µg/m3,2013-11-28 11:00:00 +01:00
1775,FR,STA-FR04018,NO2,62.0,µg/m3,2013-11-28 18:00:00 +01:00
1776,FR,STA-FR04018,NO2,41.5,µg/m3,2013-11-29 02:00:00 +01:00
1777,FR,STA-FR04018,NO2,57.0,µg/m3,2013-11-28 20:00:00 +01:00
1778,FR,STA-FR04018,NO2,43.0,µg/m3,2013-11-29 06:00:00 +01:00
1779,FR,STA-FR04018,NO2,48.5,µg/m3,2013-11-29 07:00:00 +01:00
1780,FR,STA-FR04018,NO2,41.5,µg/m3,2013-11-29 03:00:00 +01:00
1781,FR,STA-FR04018,NO2,51.75,µg/m3,2013-11-28 22:00:00 +01:00
1782,FR,STA-FR04018,NO2,52.75,µg/m3,2013-11-29 17:00:00 +01:00
1783,FR,STA-FR04018,NO2,44.25,µg/m3,2013-11-29 12:00:00 +01:00
1784,FR,STA-FR04018,NO2,62.5,µg/m3,2013-11-29 18:00:00 +01:00
1785,FR,STA-FR04018,NO2,51.0,µg/m3,2013-11-29 20:00:00 +01:00
1786,FR,STA-FR04018,NO2,30.5,µg/m3,2013-11-29 23:00:00 +01:00
1787,FR,STA-FR04018,NO2,36.75,µg/m3,2013-11-29 22:00:00 +01:00
1788,FR,STA-FR04018,NO2,42.25,µg/m3,2013-11-29 21:00:00 +01:00
1789,FR,STA-FR04018,NO2,43.5,µg/m3,2013-11-29 01:00:00 +01:00
1790,FR,STA-FR04018,NO2,47.25,µg/m3,2013-11-29 14:00:00 +01:00
1791,FR,STA-FR04018,NO2,50.25,µg/m3,2013-12-08 07:00:00 +01:00
1792,FR,STA-FR04018,NO2,58.25,µg/m3,2013-12-08 02:00:00 +01:00
1793,FR,STA-FR04018,NO2,62.75,µg/m3,2013-12-08 00:00:00 +01:00
1794,FR,STA-FR04018,NO2,65.5,µg/m3,2013-12-08 01:00:00 +01:00
1795,FR,STA-FR04018,NO2,63.0,µg/m3,2013-12-08 03:00:00 +01:00
1796,FR,STA-FR04018,NO2,42.75,µg/m3,2013-12-08 06:00:00 +01:00
1797,FR,STA-FR04018,NO2,57.25,µg/m3,2013-12-07 15:00:00 +01:00
1798,FR,STA-FR04018,NO2,63.0,µg/m3,2013-12-07 23:00:00 +01:00
1799,FR,STA-FR04018,NO2,49.0,µg/m3,2013-12-07 14:00:00 +01:00
1800,FR,STA-FR04018,NO2,77.25,µg/m3,2013-12-07 19:00:00 +01:00
1801,FR,STA-FR04018,NO2,74.25,µg/m3,2013-12-07 20:00:00 +01:00
1802,FR,STA-FR04018,NO2,44.5,µg/m3,2013-12-07 13:00:00 +01:00
1803,FR,STA-FR04018,NO2,36.0,µg/m3,2013-12-07 05:00:00 +01:00
1804,FR,STA-FR04018,NO2,58.0,µg/m3,2013-12-05 08:00:00 +01:00
1805,FR,STA-FR04018,NO2,57.25,µg/m3,2013-12-05 07:00:00 +01:00
1806,FR,STA-FR04018,NO2,61.0,µg/m3,2013-12-05 09:00:00 +01:00
1807,FR,STA-FR04018,NO2,65.0,µg/m3,2013-12-05 10:00:00 +01:00
1808,FR,STA-FR04018,NO2,36.0,µg/m3,2013-12-05 04:00:00 +01:00
1809,FR,STA-FR04018,NO2,52.5,µg/m3,2013-12-05 06:00:00 +01:00
1810,FR,STA-FR04018,NO2,52.25,µg/m3,2013-12-05 16:00:00 +01:00
1811,FR,STA-FR04018,NO2,36.0,µg/m3,2013-12-05 14:00:00 +01:00
1812,FR,STA-FR04018,NO2,38.25,µg/m3,2013-12-05 15:00:00 +01:00
1813,FR,STA-FR04018,NO2,46.25,µg/m3,2013-12-05 18:00:00 +01:00
1814,FR,STA-FR04018,NO2,55.0,µg/m3,2013-12-05 17:00:00 +01:00
1815,FR,STA-FR04018,NO2,35.5,µg/m3,2013-12-05 21:00:00 +01:00
1816,FR,STA-FR04018,NO2,44.0,µg/m3,2013-12-05 19:00:00 +01:00
1817,FR,STA-FR04018,NO2,46.5,µg/m3,2013-12-05 20:00:00 +01:00
1818,FR,STA-FR04018,NO2,68.75,µg/m3,2013-12-04 14:00:00 +01:00
1819,FR,STA-FR04018,NO2,51.0,µg/m3,2013-12-04 22:00:00 +01:00
1820,FR,STA-FR04018,NO2,61.5,µg/m3,2013-12-04 20:00:00 +01:00
1821,FR,STA-FR04018,NO2,21.5,µg/m3,2013-12-05 01:00:00 +01:00
1822,FR,STA-FR04018,NO2,50.75,µg/m3,2013-12-04 23:00:00 +01:00
1823,FR,STA-FR04018,NO2,37.25,µg/m3,2013-12-05 00:00:00 +01:00
1824,FR,STA-FR04018,NO2,69.25,µg/m3,2013-12-04 15:00:00 +01:00
1825,FR,STA-FR04018,NO2,70.5,µg/m3,2013-12-04 13:00:00 +01:00
1826,FR,STA-FR04018,NO2,82.75,µg/m3,2013-12-07 00:00:00 +01:00
1827,FR,STA-FR04018,NO2,33.5,µg/m3,2013-12-07 04:00:00 +01:00
1828,FR,STA-FR04018,NO2,38.0,µg/m3,2013-12-07 03:00:00 +01:00
1829,FR,STA-FR04018,NO2,37.0,µg/m3,2013-12-06 14:00:00 +01:00
1830,FR,STA-FR04018,NO2,55.75,µg/m3,2013-12-06 16:00:00 +01:00
1831,FR,STA-FR04018,NO2,94.0,µg/m3,2013-12-06 21:00:00 +01:00
1832,FR,STA-FR04018,NO2,37.25,µg/m3,2013-12-06 13:00:00 +01:00
1833,FR,STA-FR04018,NO2,78.5,µg/m3,2013-12-06 18:00:00 +01:00
1834,FR,STA-FR04018,NO2,22.0,µg/m3,2013-12-06 04:00:00 +01:00
1835,FR,STA-FR04018,NO2,21.75,µg/m3,2013-12-06 02:00:00 +01:00
1836,FR,STA-FR04018,NO2,92.75,µg/m3,2013-12-06 08:00:00 +01:00
1837,FR,STA-FR04018,NO2,54.75,µg/m3,2013-12-06 11:00:00 +01:00
1838,FR,STA-FR04018,NO2,36.75,µg/m3,2013-12-06 05:00:00 +01:00
1839,FR,STA-FR04018,NO2,83.0,µg/m3,2013-12-09 04:00:00 +01:00
1840,FR,STA-FR04018,NO2,88.25,µg/m3,2013-12-09 02:00:00 +01:00
1841,FR,STA-FR04018,NO2,94.75,µg/m3,2013-12-08 21:00:00 +01:00
1842,FR,STA-FR04018,NO2,90.25,µg/m3,2013-12-08 20:00:00 +01:00
1843,FR,STA-FR04018,NO2,101.5,µg/m3,2013-12-08 22:00:00 +01:00
1844,FR,STA-FR04018,NO2,91.5,µg/m3,2013-12-09 16:00:00 +01:00
1845,FR,STA-FR04018,NO2,79.75,µg/m3,2013-12-09 20:00:00 +01:00
1846,FR,STA-FR04018,NO2,87.75,µg/m3,2013-12-09 19:00:00 +01:00
1847,FR,STA-FR04018,NO2,82.25,µg/m3,2013-12-09 21:00:00 +01:00
1848,FR,STA-FR04018,NO2,89.5,µg/m3,2013-12-09 17:00:00 +01:00
1849,FR,STA-FR04018,NO2,97.5,µg/m3,2013-12-09 18:00:00 +01:00
1850,FR,STA-FR04018,NO2,83.75,µg/m3,2013-12-09 13:00:00 +01:00
1851,FR,STA-FR04018,NO2,91.25,µg/m3,2013-12-09 15:00:00 +01:00
1852,FR,STA-FR04018,NO2,84.0,µg/m3,2013-12-09 14:00:00 +01:00
1853,FR,STA-FR04018,NO2,118.5,µg/m3,2013-12-09 10:00:00 +01:00
1854,FR,STA-FR04018,NO2,91.0,µg/m3,2013-12-09 12:00:00 +01:00
1855,FR,STA-FR04018,NO2,104.25,µg/m3,2013-12-09 11:00:00 +01:00
1856,FR,STA-FR04018,NO2,75.75,µg/m3,2013-12-10 23:00:00 +01:00
1857,FR,STA-FR04018,NO2,94.75,µg/m3,2013-12-10 16:00:00 +01:00
1858,FR,STA-FR04018,NO2,85.0,µg/m3,2013-12-10 22:00:00 +01:00
1859,FR,STA-FR04018,NO2,110.75,µg/m3,2013-12-10 18:00:00 +01:00
1860,FR,STA-FR04018,NO2,96.5,µg/m3,2013-12-10 19:00:00 +01:00
1861,FR,STA-FR04018,NO2,100.5,µg/m3,2013-12-10 17:00:00 +01:00
1862,FR,STA-FR04018,NO2,87.75,µg/m3,2013-12-11 09:00:00 +01:00
1863,FR,STA-FR04018,NO2,59.75,µg/m3,2013-12-11 04:00:00 +01:00
1864,FR,STA-FR04018,NO2,58.0,µg/m3,2013-12-10 02:00:00 +01:00
1865,FR,STA-FR04018,NO2,54.0,µg/m3,2013-12-10 04:00:00 +01:00
1866,FR,STA-FR04018,NO2,78.25,µg/m3,2013-12-10 07:00:00 +01:00
1867,FR,STA-FR04018,NO2,88.0,µg/m3,2013-12-10 11:00:00 +01:00
1868,FR,STA-FR04018,NO2,102.5,µg/m3,2013-12-10 09:00:00 +01:00
1869,FR,STA-FR04018,NO2,76.75,µg/m3,2013-12-10 13:00:00 +01:00
1870,FR,STA-FR04018,NO2,96.5,µg/m3,2013-12-10 14:00:00 +01:00
1871,FR,STA-FR04018,NO2,64.5,µg/m3,2013-12-13 20:00:00 +01:00
1872,FR,STA-FR04018,NO2,67.75,µg/m3,2013-12-13 22:00:00 +01:00
1873,FR,STA-FR04018,NO2,71.5,µg/m3,2013-12-13 10:00:00 +01:00
1874,FR,STA-FR04018,NO2,69.0,µg/m3,2013-12-13 16:00:00 +01:00
1875,FR,STA-FR04018,NO2,80.0,µg/m3,2013-12-13 13:00:00 +01:00
1876,FR,STA-FR04018,NO2,64.0,µg/m3,2013-12-13 18:00:00 +01:00
1877,FR,STA-FR04018,NO2,87.75,µg/m3,2013-12-13 12:00:00 +01:00
1878,FR,STA-FR04018,NO2,77.75,µg/m3,2013-12-13 11:00:00 +01:00
1879,FR,STA-FR04018,NO2,54.5,µg/m3,2013-12-13 03:00:00 +01:00
1880,FR,STA-FR04018,NO2,74.5,µg/m3,2013-12-12 20:00:00 +01:00
1881,FR,STA-FR04018,NO2,56.25,µg/m3,2013-12-13 02:00:00 +01:00
1882,FR,STA-FR04018,NO2,75.0,µg/m3,2013-12-12 21:00:00 +01:00
1883,FR,STA-FR04018,NO2,59.0,µg/m3,2013-12-13 06:00:00 +01:00
1884,FR,STA-FR04018,NO2,83.5,µg/m3,2013-12-11 10:00:00 +01:00
1885,FR,STA-FR04018,NO2,75.0,µg/m3,2013-12-11 11:00:00 +01:00
1886,FR,STA-FR04018,NO2,79.25,µg/m3,2013-12-11 08:00:00 +01:00
1887,FR,STA-FR04018,NO2,59.0,µg/m3,2013-12-11 06:00:00 +01:00
1888,FR,STA-FR04018,NO2,82.0,µg/m3,2013-12-11 16:00:00 +01:00
1889,FR,STA-FR04018,NO2,82.75,µg/m3,2013-12-11 12:00:00 +01:00
1890,FR,STA-FR04018,NO2,78.25,µg/m3,2013-12-11 13:00:00 +01:00
1891,FR,STA-FR04018,NO2,83.25,µg/m3,2013-12-11 15:00:00 +01:00
1892,FR,STA-FR04018,NO2,78.5,µg/m3,2013-12-11 14:00:00 +01:00
1893,FR,STA-FR04018,NO2,80.0,µg/m3,2013-12-11 21:00:00 +01:00
1894,FR,STA-FR04018,NO2,94.25,µg/m3,2013-12-11 17:00:00 +01:00
1895,FR,STA-FR04018,NO2,74.75,µg/m3,2013-12-12 07:00:00 +01:00
1896,FR,STA-FR04018,NO2,71.75,µg/m3,2013-12-12 09:00:00 +01:00
1897,FR,STA-FR04018,NO2,71.75,µg/m3,2013-12-12 10:00:00 +01:00
1898,FR,STA-FR04018,NO2,80.5,µg/m3,2013-12-12 11:00:00 +01:00
1899,FR,STA-FR04018,NO2,80.0,µg/m3,2013-12-12 15:00:00 +01:00
1900,FR,STA-FR04018,NO2,76.25,µg/m3,2013-12-12 18:00:00 +01:00
1901,FR,STA-FR04018,NO2,76.75,µg/m3,2013-12-12 19:00:00 +01:00
1902,FR,STA-FR04018,NO2,80.5,µg/m3,2013-12-12 08:00:00 +01:00
1903,FR,STA-FR04018,NO2,52.25,µg/m3,2013-12-12 04:00:00 +01:00
1904,FR,STA-FR04018,NO2,62.75,µg/m3,2013-12-12 01:00:00 +01:00
1905,FR,STA-FR04018,NO2,60.5,µg/m3,2013-12-12 06:00:00 +01:00
1906,FR,STA-FR04018,NO2,54.0,µg/m3,2013-12-12 03:00:00 +01:00
1907,FR,STA-FR04018,NO2,69.25,µg/m3,2013-12-11 23:00:00 +01:00
1908,FR,STA-FR04018,NO2,70.75,µg/m3,2013-12-15 20:00:00 +01:00
1909,FR,STA-FR04018,NO2,34.5,µg/m3,2013-12-16 01:00:00 +01:00
1910,FR,STA-FR04018,NO2,33.5,µg/m3,2013-12-16 02:00:00 +01:00
1911,FR,STA-FR04018,NO2,39.75,µg/m3,2013-12-16 03:00:00 +01:00
1912,FR,STA-FR04018,NO2,38.5,µg/m3,2013-12-16 00:00:00 +01:00
1913,FR,STA-FR04018,NO2,56.5,µg/m3,2013-12-15 17:00:00 +01:00
1914,FR,STA-FR04018,NO2,60.5,µg/m3,2013-12-15 22:00:00 +01:00
1915,FR,STA-FR04018,NO2,52.0,µg/m3,2013-12-15 23:00:00 +01:00
1916,FR,STA-FR04018,NO2,64.75,µg/m3,2013-12-15 21:00:00 +01:00
1917,FR,STA-FR04018,NO2,43.75,µg/m3,2013-12-15 16:00:00 +01:00
1918,FR,STA-FR04018,NO2,80.25,µg/m3,2013-12-16 19:00:00 +01:00
1919,FR,STA-FR04018,NO2,64.25,µg/m3,2013-12-16 15:00:00 +01:00
1920,FR,STA-FR04018,NO2,69.5,µg/m3,2013-12-16 08:00:00 +01:00
1921,FR,STA-FR04018,NO2,77.25,µg/m3,2013-12-16 18:00:00 +01:00
1922,FR,STA-FR04018,NO2,78.0,µg/m3,2013-12-16 21:00:00 +01:00
1923,FR,STA-FR04018,NO2,65.0,µg/m3,2013-12-16 12:00:00 +01:00
1924,FR,STA-FR04018,NO2,74.5,µg/m3,2013-12-16 11:00:00 +01:00
1925,FR,STA-FR04018,NO2,69.75,µg/m3,2013-12-16 16:00:00 +01:00
1926,FR,STA-FR04018,NO2,55.5,µg/m3,2013-12-16 06:00:00 +01:00
1927,FR,STA-FR04018,NO2,64.75,µg/m3,2013-12-16 07:00:00 +01:00
1928,FR,STA-FR04018,NO2,72.0,µg/m3,2013-12-14 10:00:00 +01:00
1929,FR,STA-FR04018,NO2,69.0,µg/m3,2013-12-14 11:00:00 +01:00
1930,FR,STA-FR04018,NO2,60.75,µg/m3,2013-12-14 12:00:00 +01:00
1931,FR,STA-FR04018,NO2,60.75,µg/m3,2013-12-14 16:00:00 +01:00
1932,FR,STA-FR04018,NO2,59.0,µg/m3,2013-12-14 17:00:00 +01:00
1933,FR,STA-FR04018,NO2,50.0,µg/m3,2013-12-14 19:00:00 +01:00
1934,FR,STA-FR04018,NO2,45.0,µg/m3,2013-12-14 18:00:00 +01:00
1935,FR,STA-FR04018,NO2,41.25,µg/m3,2013-12-15 11:00:00 +01:00
1936,FR,STA-FR04018,NO2,43.25,µg/m3,2013-12-15 12:00:00 +01:00
1937,FR,STA-FR04018,NO2,48.75,µg/m3,2013-12-15 13:00:00 +01:00
1938,FR,STA-FR04018,NO2,32.0,µg/m3,2013-12-15 05:00:00 +01:00
1939,FR,STA-FR04018,NO2,48.0,µg/m3,2013-12-15 08:00:00 +01:00
1940,FR,STA-FR04018,NO2,41.25,µg/m3,2013-12-15 06:00:00 +01:00
1941,FR,STA-FR04018,NO2,48.0,µg/m3,2013-12-15 09:00:00 +01:00
1942,FR,STA-FR04018,NO2,40.75,µg/m3,2013-12-15 10:00:00 +01:00
1943,FR,STA-FR04018,NO2,33.0,µg/m3,2013-12-15 01:00:00 +01:00
1944,FR,STA-FR04018,NO2,27.0,µg/m3,2013-12-14 23:00:00 +01:00
1945,FR,STA-FR04018,NO2,46.25,µg/m3,2013-12-15 07:00:00 +01:00
1946,FR,STA-FR04018,NO2,25.0,µg/m3,2013-12-15 00:00:00 +01:00
1947,FR,STA-FR04018,NO2,34.25,µg/m3,2013-12-15 02:00:00 +01:00
1948,FR,STA-FR04018,NO2,56.5,µg/m3,2013-12-17 22:00:00 +01:00
1949,FR,STA-FR04018,NO2,73.25,µg/m3,2013-12-17 20:00:00 +01:00
1950,FR,STA-FR04018,NO2,47.75,µg/m3,2013-12-17 23:00:00 +01:00
1951,FR,STA-FR04018,NO2,73.0,µg/m3,2013-12-17 15:00:00 +01:00
1954,FR,STA-FR04018,NO2,51.5,µg/m3,2013-12-17 03:00:00 +01:00
1955,FR,STA-FR04018,NO2,68.75,µg/m3,2013-12-16 23:00:00 +01:00
1956,FR,STA-FR04018,NO2,65.0,µg/m3,2013-12-17 00:00:00 +01:00
1957,FR,STA-FR04018,NO2,54.5,µg/m3,2013-12-17 04:00:00 +01:00
1958,FR,STA-FR04018,NO2,73.5,µg/m3,2013-12-17 07:00:00 +01:00
1959,FR,STA-FR04018,NO2,81.25,µg/m3,2013-12-17 10:00:00 +01:00
1960,FR,STA-FR04018,NO2,56.75,µg/m3,2013-12-17 02:00:00 +01:00
1961,FR,STA-FR04018,NO2,60.5,µg/m3,2013-12-17 05:00:00 +01:00
1962,FR,STA-FR04018,NO2,67.25,µg/m3,2013-12-16 14:00:00 +01:00
1963,FR,STA-FR04018,NO2,39.75,µg/m3,2013-12-23 06:00:00 +01:00
1964,FR,STA-FR04018,NO2,31.75,µg/m3,2013-12-22 21:00:00 +01:00
1965,FR,STA-FR04018,NO2,32.5,µg/m3,2013-12-22 23:00:00 +01:00
1966,FR,STA-FR04018,NO2,46.5,µg/m3,2013-12-22 19:00:00 +01:00
1967,FR,STA-FR04018,NO2,31.0,µg/m3,2013-12-22 12:00:00 +01:00
1968,FR,STA-FR04018,NO2,36.25,µg/m3,2013-12-22 16:00:00 +01:00
1969,FR,STA-FR04018,NO2,15.25,µg/m3,2013-12-22 06:00:00 +01:00
1970,FR,STA-FR04018,NO2,28.5,µg/m3,2013-12-22 13:00:00 +01:00
1971,FR,STA-FR04018,NO2,17.75,µg/m3,2013-12-22 08:00:00 +01:00
1972,FR,STA-FR04018,NO2,21.0,µg/m3,2013-12-22 09:00:00 +01:00
1973,FR,STA-FR04018,NO2,22.25,µg/m3,2013-12-22 10:00:00 +01:00
1974,FR,STA-FR04018,NO2,38.0,µg/m3,2013-12-21 20:00:00 +01:00
1975,FR,STA-FR04018,NO2,23.75,µg/m3,2013-12-22 00:00:00 +01:00
1976,FR,STA-FR04018,NO2,12.0,µg/m3,2013-12-22 04:00:00 +01:00
1977,FR,STA-FR04018,NO2,41.25,µg/m3,2013-12-21 02:00:00 +01:00
1978,FR,STA-FR04018,NO2,54.75,µg/m3,2013-12-20 23:00:00 +01:00
1979,FR,STA-FR04018,NO2,80.25,µg/m3,2013-12-20 19:00:00 +01:00
1980,FR,STA-FR04018,NO2,62.0,µg/m3,2013-12-20 21:00:00 +01:00
1981,FR,STA-FR04018,NO2,60.75,µg/m3,2013-12-20 22:00:00 +01:00
1982,FR,STA-FR04018,NO2,74.0,µg/m3,2013-12-20 17:00:00 +01:00
1983,FR,STA-FR04018,NO2,57.0,µg/m3,2013-12-20 16:00:00 +01:00
1984,FR,STA-FR04018,NO2,78.0,µg/m3,2013-12-20 08:00:00 +01:00
1985,FR,STA-FR04018,NO2,70.75,µg/m3,2013-12-20 20:00:00 +01:00
1986,FR,STA-FR04018,NO2,77.0,µg/m3,2013-12-20 18:00:00 +01:00
1987,FR,STA-FR04018,NO2,44.5,µg/m3,2013-12-21 15:00:00 +01:00
1988,FR,STA-FR04018,NO2,42.5,µg/m3,2013-12-21 10:00:00 +01:00
1989,FR,STA-FR04018,NO2,41.0,µg/m3,2013-12-21 06:00:00 +01:00
1990,FR,STA-FR04018,NO2,32.5,µg/m3,2013-12-21 05:00:00 +01:00
1991,FR,STA-FR04018,NO2,44.0,µg/m3,2013-12-21 08:00:00 +01:00
1992,FR,STA-FR04018,NO2,40.25,µg/m3,2013-12-21 13:00:00 +01:00
1993,FR,STA-FR04018,NO2,23.25,µg/m3,2013-12-18 23:00:00 +01:00
1994,FR,STA-FR04018,NO2,29.25,µg/m3,2013-12-18 22:00:00 +01:00
1995,FR,STA-FR04018,NO2,36.25,µg/m3,2013-12-18 21:00:00 +01:00
1996,FR,STA-FR04018,NO2,12.75,µg/m3,2013-12-19 02:00:00 +01:00
1997,FR,STA-FR04018,NO2,16.25,µg/m3,2013-12-19 01:00:00 +01:00
1998,FR,STA-FR04018,NO2,18.75,µg/m3,2013-12-19 00:00:00 +01:00
1999,FR,STA-FR04018,NO2,71.5,µg/m3,2013-12-19 07:00:00 +01:00
2000,FR,STA-FR04018,NO2,77.5,µg/m3,2013-12-19 09:00:00 +01:00
2001,FR,STA-FR04018,NO2,57.0,µg/m3,2013-12-18 16:00:00 +01:00
2002,FR,STA-FR04018,NO2,48.0,µg/m3,2013-12-18 12:00:00 +01:00
2003,FR,STA-FR04018,NO2,67.25,µg/m3,2013-12-18 07:00:00 +01:00
2004,FR,STA-FR04018,NO2,52.0,µg/m3,2013-12-18 11:00:00 +01:00
2005,FR,STA-FR04018,NO2,69.5,µg/m3,2013-12-18 09:00:00 +01:00
2006,FR,STA-FR04018,NO2,67.75,µg/m3,2013-12-20 11:00:00 +01:00
2007,FR,STA-FR04018,NO2,47.25,µg/m3,2013-12-20 15:00:00 +01:00
2008,FR,STA-FR04018,NO2,47.75,µg/m3,2013-12-20 14:00:00 +01:00
2009,FR,STA-FR04018,NO2,67.25,µg/m3,2013-12-20 07:00:00 +01:00
2010,FR,STA-FR04018,NO2,79.75,µg/m3,2013-12-20 10:00:00 +01:00
2011,FR,STA-FR04018,NO2,85.5,µg/m3,2013-12-20 09:00:00 +01:00
2012,FR,STA-FR04018,NO2,22.25,µg/m3,2013-12-20 02:00:00 +01:00
2013,FR,STA-FR04018,NO2,89.75,µg/m3,2013-12-19 21:00:00 +01:00
2014,FR,STA-FR04018,NO2,52.25,µg/m3,2013-12-20 01:00:00 +01:00
2015,FR,STA-FR04018,NO2,29.75,µg/m3,2013-12-20 05:00:00 +01:00
2016,FR,STA-FR04018,NO2,78.5,µg/m3,2013-12-20 00:00:00 +01:00
2017,FR,STA-FR04018,NO2,62.25,µg/m3,2013-12-18 19:00:00 +01:00
2018,FR,STA-FR04018,NO2,55.5,µg/m3,2013-12-19 15:00:00 +01:00
2019,FR,STA-FR04018,NO2,49.75,µg/m3,2013-12-19 11:00:00 +01:00
2020,FR,STA-FR04018,NO2,42.75,µg/m3,2013-12-19 13:00:00 +01:00
2021,FR,STA-FR04018,NO2,70.5,µg/m3,2013-12-19 17:00:00 +01:00
2022,FR,STA-FR04018,NO2,93.5,µg/m3,2013-12-19 19:00:00 +01:00
2023,FR,STA-FR04018,NO2,46.5,µg/m3,2013-12-25 20:00:00 +01:00
2024,FR,STA-FR04018,NO2,30.25,µg/m3,2013-12-25 23:00:00 +01:00
2025,FR,STA-FR04018,NO2,53.0,µg/m3,2013-12-25 17:00:00 +01:00
2026,FR,STA-FR04018,NO2,15.0,µg/m3,2013-12-26 03:00:00 +01:00
2027,FR,STA-FR04018,NO2,29.25,µg/m3,2013-12-25 15:00:00 +01:00
2028,FR,STA-FR04018,NO2,29.5,µg/m3,2013-12-25 13:00:00 +01:00
2029,FR,STA-FR04018,NO2,37.75,µg/m3,2013-12-25 22:00:00 +01:00
2030,FR,STA-FR04018,NO2,54.75,µg/m3,2013-12-26 09:00:00 +01:00
2031,FR,STA-FR04018,NO2,18.0,µg/m3,2013-12-26 04:00:00 +01:00
2032,FR,STA-FR04018,NO2,57.25,µg/m3,2013-12-26 17:00:00 +01:00
2033,FR,STA-FR04018,NO2,52.5,µg/m3,2013-12-26 21:00:00 +01:00
2034,FR,STA-FR04018,NO2,50.25,µg/m3,2013-12-26 16:00:00 +01:00
2035,FR,STA-FR04018,NO2,67.25,µg/m3,2013-12-26 18:00:00 +01:00
2036,FR,STA-FR04018,NO2,34.0,µg/m3,2013-12-26 14:00:00 +01:00
2037,FR,STA-FR04018,NO2,32.0,µg/m3,2013-12-26 15:00:00 +01:00
2038,FR,STA-FR04018,NO2,27.5,µg/m3,2013-12-27 17:00:00 +01:00
2039,FR,STA-FR04018,NO2,29.5,µg/m3,2013-12-27 12:00:00 +01:00
2040,FR,STA-FR04018,NO2,31.25,µg/m3,2013-12-27 10:00:00 +01:00
2041,FR,STA-FR04018,NO2,34.75,µg/m3,2013-12-27 19:00:00 +01:00
2042,FR,STA-FR04018,NO2,21.75,µg/m3,2013-12-27 21:00:00 +01:00
2043,FR,STA-FR04018,NO2,31.5,µg/m3,2013-12-27 09:00:00 +01:00
2044,FR,STA-FR04018,NO2,28.0,µg/m3,2013-12-27 16:00:00 +01:00
2045,FR,STA-FR04018,NO2,30.0,µg/m3,2013-12-27 07:00:00 +01:00
2046,FR,STA-FR04018,NO2,24.75,µg/m3,2013-12-27 06:00:00 +01:00
2047,FR,STA-FR04018,NO2,15.25,µg/m3,2013-12-27 03:00:00 +01:00
2048,FR,STA-FR04018,NO2,42.75,µg/m3,2013-12-26 23:00:00 +01:00
2049,FR,STA-FR04018,NO2,19.0,µg/m3,2013-12-27 02:00:00 +01:00
2050,FR,STA-FR04018,NO2,35.5,µg/m3,2013-12-27 00:00:00 +01:00
2051,FR,STA-FR04018,NO2,20.0,µg/m3,2013-12-23 04:00:00 +01:00
2052,FR,STA-FR04018,NO2,25.25,µg/m3,2013-12-23 00:00:00 +01:00
2053,FR,STA-FR04018,NO2,20.75,µg/m3,2013-12-23 02:00:00 +01:00
2054,FR,STA-FR04018,NO2,35.0,µg/m3,2013-12-23 17:00:00 +01:00
2055,FR,STA-FR04018,NO2,35.25,µg/m3,2013-12-23 18:00:00 +01:00
2056,FR,STA-FR04018,NO2,23.75,µg/m3,2013-12-23 20:00:00 +01:00
2057,FR,STA-FR04018,NO2,18.25,µg/m3,2013-12-23 21:00:00 +01:00
2058,FR,STA-FR04018,NO2,27.0,µg/m3,2013-12-23 19:00:00 +01:00
2059,FR,STA-FR04018,NO2,34.75,µg/m3,2013-12-23 16:00:00 +01:00
2060,FR,STA-FR04018,NO2,17.75,µg/m3,2013-12-23 22:00:00 +01:00
2061,FR,STA-FR04018,NO2,12.75,µg/m3,2013-12-23 23:00:00 +01:00
2062,FR,STA-FR04018,NO2,10.25,µg/m3,2013-12-24 01:00:00 +01:00
2063,FR,STA-FR04018,NO2,8.25,µg/m3,2013-12-24 02:00:00 +01:00
2064,FR,STA-FR04018,NO2,16.75,µg/m3,2013-12-24 06:00:00 +01:00
2065,FR,STA-FR04018,NO2,31.0,µg/m3,2013-12-25 11:00:00 +01:00
2066,FR,STA-FR04018,NO2,25.75,µg/m3,2013-12-25 09:00:00 +01:00
2067,FR,STA-FR04018,NO2,19.5,µg/m3,2013-12-25 06:00:00 +01:00
2068,FR,STA-FR04018,NO2,13.25,µg/m3,2013-12-25 03:00:00 +01:00
2069,FR,STA-FR04018,NO2,24.25,µg/m3,2013-12-24 13:00:00 +01:00
2070,FR,STA-FR04018,NO2,24.25,µg/m3,2013-12-24 12:00:00 +01:00
2071,FR,STA-FR04018,NO2,24.75,µg/m3,2013-12-24 14:00:00 +01:00
2072,FR,STA-FR04018,NO2,27.75,µg/m3,2013-12-24 15:00:00 +01:00
2073,FR,STA-FR04018,NO2,20.5,µg/m3,2013-12-24 07:00:00 +01:00
2074,FR,STA-FR04018,NO2,51.25,µg/m3,2013-12-30 20:00:00 +01:00
2075,FR,STA-FR04018,NO2,46.25,µg/m3,2013-12-30 21:00:00 +01:00
2076,FR,STA-FR04018,NO2,48.25,µg/m3,2013-12-30 22:00:00 +01:00
2077,FR,STA-FR04018,NO2,52.0,µg/m3,2013-12-30 19:00:00 +01:00
2078,FR,STA-FR04018,NO2,50.0,µg/m3,2013-12-30 07:00:00 +01:00
2079,FR,STA-FR04018,NO2,36.5,µg/m3,2013-12-30 12:00:00 +01:00
2081,FR,STA-FR04018,NO2,41.3333,µg/m3,2013-12-30 11:00:00 +01:00
2082,FR,STA-FR04018,NO2,24.75,µg/m3,2013-12-31 02:00:00 +01:00
2083,FR,STA-FR04018,NO2,27.5,µg/m3,2013-12-31 01:00:00 +01:00
2084,FR,STA-FR04018,NO2,40.0,µg/m3,2013-12-31 14:00:00 +01:00
2085,FR,STA-FR04018,NO2,48.75,µg/m3,2013-12-31 08:00:00 +01:00
2086,FR,STA-FR04018,NO2,52.0,µg/m3,2013-12-31 09:00:00 +01:00
2087,FR,STA-FR04018,NO2,47.5,µg/m3,2013-12-31 07:00:00 +01:00
2088,FR,STA-FR04018,NO2,41.25,µg/m3,2013-12-31 06:00:00 +01:00
2089,FR,STA-FR04018,NO2,49.25,µg/m3,2013-12-31 11:00:00 +01:00
2090,FR,STA-FR04018,NO2,41.0,µg/m3,2013-12-31 12:00:00 +01:00
2091,FR,STA-FR04018,NO2,17.5,µg/m3,2013-12-27 22:00:00 +01:00
2092,FR,STA-FR04018,NO2,70.0,µg/m3,2013-12-28 08:00:00 +01:00
2093,FR,STA-FR04018,NO2,59.5,µg/m3,2013-12-28 07:00:00 +01:00
2094,FR,STA-FR04018,NO2,22.5,µg/m3,2013-12-29 01:00:00 +01:00
2095,FR,STA-FR04018,NO2,46.75,µg/m3,2013-12-28 18:00:00 +01:00
2096,FR,STA-FR04018,NO2,23.0,µg/m3,2013-12-29 00:00:00 +01:00
2097,FR,STA-FR04018,NO2,45.25,µg/m3,2013-12-28 20:00:00 +01:00
2098,FR,STA-FR04018,NO2,34.25,µg/m3,2013-12-28 15:00:00 +01:00
2099,FR,STA-FR04018,NO2,55.5,µg/m3,2013-12-28 12:00:00 +01:00
2100,FR,STA-FR04018,NO2,51.75,µg/m3,2013-12-28 11:00:00 +01:00
2101,FR,STA-FR04018,NO2,72.5,µg/m3,2013-12-28 09:00:00 +01:00
2102,FR,STA-FR04018,NO2,65.75,µg/m3,2013-12-29 22:00:00 +01:00
2103,FR,STA-FR04018,NO2,55.5,µg/m3,2013-12-30 00:00:00 +01:00
2104,FR,STA-FR04018,NO2,59.25,µg/m3,2013-12-29 23:00:00 +01:00
2105,FR,STA-FR04018,NO2,39.25,µg/m3,2013-12-30 03:00:00 +01:00
2106,FR,STA-FR04018,NO2,42.5,µg/m3,2013-12-30 06:00:00 +01:00
2107,FR,STA-FR04018,NO2,40.75,µg/m3,2013-12-30 02:00:00 +01:00
2108,FR,STA-FR04018,NO2,34.25,µg/m3,2013-12-30 05:00:00 +01:00
2109,FR,STA-FR04018,NO2,44.5,µg/m3,2013-12-30 01:00:00 +01:00
2110,FR,STA-FR04018,NO2,46.25,µg/m3,2013-12-28 21:00:00 +01:00
2111,FR,STA-FR04018,NO2,13.75,µg/m3,2013-12-29 04:00:00 +01:00
2112,FR,STA-FR04018,NO2,23.75,µg/m3,2013-12-29 07:00:00 +01:00
2113,FR,STA-FR04018,NO2,38.0,µg/m3,2013-12-29 13:00:00 +01:00
2114,FR,STA-FR04018,NO2,63.75,µg/m3,2013-12-29 19:00:00 +01:00
2115,FR,STA-FR04018,NO2,49.75,µg/m3,2013-12-29 17:00:00 +01:00
2116,FR,STA-FR04018,NO2,31.5,µg/m3,2013-12-29 15:00:00 +01:00
2117,FR,STA-FR04018,NO2,23.25,µg/m3,2013-12-31 03:00:00 +01:00
2118,FR,STA-FR04018,NO2,53.5,µg/m3,2013-12-30 18:00:00 +01:00
2119,FR,STA-FR04018,NO2,29.75,µg/m3,2013-12-31 05:00:00 +01:00
2120,FR,STA-FR04018,NO2,46.75,µg/m3,2013-12-30 14:00:00 +01:00
2121,FR,STA-FR04018,NO2,52.75,µg/m3,2013-12-31 18:00:00 +01:00
2122,FR,STA-FR04018,NO2,46.5,µg/m3,2013-12-31 20:00:00 +01:00
2123,FR,STA-FR04018,NO2,46.75,µg/m3,2013-10-14 14:00:00 +01:00
2124,FR,STA-FR04018,NO2,42.5,µg/m3,2013-10-14 11:00:00 +01:00
2125,FR,STA-FR04018,NO2,64.75,µg/m3,2013-10-15 08:00:00 +01:00
2126,FR,STA-FR04018,NO2,24.5,µg/m3,2013-10-15 04:00:00 +01:00
2127,FR,STA-FR04018,NO2,38.75,µg/m3,2013-10-14 18:00:00 +01:00
2128,FR,STA-FR04018,NO2,33.5,µg/m3,2013-10-15 15:00:00 +01:00
2129,FR,STA-FR04018,NO2,18.25,µg/m3,2013-12-27 23:00:00 +01:00
2130,FR,STA-FR04018,NO2,35.0,µg/m3,2013-10-15 11:00:00 +01:00
2131,FR,STA-FR04018,NO2,68.5,µg/m3,2013-10-15 23:00:00 +01:00
2132,FR,STA-FR04018,NO2,34.25,µg/m3,2013-10-15 12:00:00 +01:00
2133,FR,STA-FR04018,NO2,79.25,µg/m3,2013-10-15 19:00:00 +01:00
2134,FR,STA-FR04018,NO2,62.75,µg/m3,2013-10-15 22:00:00 +01:00
2135,FR,STA-FR04018,NO2,53.5,µg/m3,2013-10-16 13:00:00 +01:00
2136,FR,STA-FR04018,NO2,33.25,µg/m3,2013-12-27 20:00:00 +01:00
2137,FR,STA-FR04018,NO2,30.75,µg/m3,2013-10-13 06:00:00 +01:00
2138,FR,STA-FR04018,NO2,21.5,µg/m3,2013-10-13 11:00:00 +01:00
2139,FR,STA-FR04018,NO2,19.5,µg/m3,2013-10-13 14:00:00 +01:00
2140,FR,STA-FR04018,NO2,29.0,µg/m3,2013-12-27 15:00:00 +01:00
2141,FR,STA-FR04018,NO2,27.5,µg/m3,2013-10-12 06:00:00 +01:00
2142,FR,STA-FR04018,NO2,34.5,µg/m3,2013-12-26 12:00:00 +01:00
2143,FR,STA-FR04018,NO2,15.25,µg/m3,2013-12-26 02:00:00 +01:00
2144,FR,STA-FR04018,NO2,28.75,µg/m3,2013-12-26 00:00:00 +01:00
2145,FR,STA-FR04018,NO2,59.75,µg/m3,2013-12-25 19:00:00 +01:00
2146,FR,STA-FR04018,NO2,60.25,µg/m3,2013-12-26 20:00:00 +01:00
2147,FR,STA-FR04018,NO2,35.75,µg/m3,2013-10-12 17:00:00 +01:00
2148,FR,STA-FR04018,NO2,39.75,µg/m3,2013-12-26 10:00:00 +01:00
2149,FR,STA-FR04018,NO2,50.75,µg/m3,2013-12-30 08:00:00 +01:00
2150,FR,STA-FR04018,NO2,31.75,µg/m3,2013-12-30 04:00:00 +01:00
2151,FR,STA-FR04018,NO2,52.75,µg/m3,2013-12-30 16:00:00 +01:00
2152,FR,STA-FR04018,NO2,66.25,µg/m3,2013-12-29 18:00:00 +01:00
2153,FR,STA-FR04018,NO2,32.0,µg/m3,2013-12-29 09:00:00 +01:00
2154,FR,STA-FR04018,NO2,29.25,µg/m3,2013-12-29 11:00:00 +01:00
2155,FR,STA-FR04018,NO2,64.0,µg/m3,2013-12-29 20:00:00 +01:00
2156,FR,STA-FR04018,NO2,49.5,µg/m3,2013-12-28 14:00:00 +01:00
2157,FR,STA-FR04018,NO2,69.25,µg/m3,2013-12-28 16:00:00 +01:00
2158,FR,STA-FR04018,NO2,18.5,µg/m3,2013-12-29 03:00:00 +01:00
2159,FR,STA-FR04018,NO2,36.0,µg/m3,2013-12-29 16:00:00 +01:00
2160,FR,STA-FR04018,NO2,45.0,µg/m3,2013-12-28 06:00:00 +01:00
2161,FR,STA-FR04018,NO2,13.25,µg/m3,2013-12-28 01:00:00 +01:00
2162,FR,STA-FR04018,NO2,25.0,µg/m3,2013-10-10 20:00:00 +01:00
2163,FR,STA-FR04018,NO2,9.0,µg/m3,2013-10-11 01:00:00 +01:00
2164,FR,STA-FR04018,NO2,36.75,µg/m3,2013-12-23 12:00:00 +01:00
2165,FR,STA-FR04018,NO2,33.75,µg/m3,2013-12-23 15:00:00 +01:00
2166,FR,STA-FR04018,NO2,21.75,µg/m3,2013-10-11 13:00:00 +01:00
2167,FR,STA-FR04018,NO2,23.75,µg/m3,2013-10-10 16:00:00 +01:00
2168,FR,STA-FR04018,NO2,23.25,µg/m3,2013-12-23 01:00:00 +01:00
2169,FR,STA-FR04018,NO2,12.0,µg/m3,2013-12-25 04:00:00 +01:00
2170,FR,STA-FR04018,NO2,14.25,µg/m3,2013-12-25 02:00:00 +01:00
2171,FR,STA-FR04018,NO2,56.25,µg/m3,2013-12-24 20:00:00 +01:00
2172,FR,STA-FR04018,NO2,27.25,µg/m3,2013-10-11 16:00:00 +01:00
2173,FR,STA-FR04018,NO2,29.25,µg/m3,2013-12-24 22:00:00 +01:00
2174,FR,STA-FR04018,NO2,22.0,µg/m3,2013-12-24 23:00:00 +01:00
2175,FR,STA-FR04018,NO2,60.25,µg/m3,2013-12-24 18:00:00 +01:00
2176,FR,STA-FR04018,NO2,61.75,µg/m3,2013-10-11 19:00:00 +01:00
2177,FR,STA-FR04018,NO2,57.75,µg/m3,2013-10-11 07:00:00 +01:00
2178,FR,STA-FR04018,NO2,23.5,µg/m3,2013-12-24 11:00:00 +01:00
2179,FR,STA-FR04018,NO2,12.5,µg/m3,2013-12-24 05:00:00 +01:00
2180,FR,STA-FR04018,NO2,13.75,µg/m3,2013-12-22 05:00:00 +01:00
2181,FR,STA-FR04018,NO2,13.5,µg/m3,2013-12-22 03:00:00 +01:00
2182,FR,STA-FR04018,NO2,22.0,µg/m3,2013-12-22 11:00:00 +01:00
2183,FR,STA-FR04018,NO2,47.5,µg/m3,2013-12-22 18:00:00 +01:00
2184,FR,STA-FR04018,NO2,11.5,µg/m3,2013-10-10 03:00:00 +01:00
2185,FR,STA-FR04018,NO2,58.25,µg/m3,2013-10-10 06:00:00 +01:00
2186,FR,STA-FR04018,NO2,47.0,µg/m3,2013-10-10 09:00:00 +01:00
2187,FR,STA-FR04018,NO2,38.75,µg/m3,2013-12-21 12:00:00 +01:00
2188,FR,STA-FR04018,NO2,48.25,µg/m3,2013-12-21 16:00:00 +01:00
2189,FR,STA-FR04018,NO2,46.0,µg/m3,2013-12-21 09:00:00 +01:00
2190,FR,STA-FR04018,NO2,49.75,µg/m3,2013-10-09 17:00:00 +01:00
2191,FR,STA-FR04018,NO2,33.0,µg/m3,2013-12-21 21:00:00 +01:00
2192,FR,STA-FR04018,NO2,29.5,µg/m3,2013-12-21 03:00:00 +01:00
2193,FR,STA-FR04018,NO2,53.0,µg/m3,2013-10-09 10:00:00 +01:00
2194,FR,STA-FR04018,NO2,47.5,µg/m3,2013-12-21 01:00:00 +01:00
2195,FR,STA-FR04018,NO2,63.5,µg/m3,2013-10-08 10:00:00 +01:00
2196,FR,STA-FR04018,NO2,88.25,µg/m3,2013-12-19 18:00:00 +01:00
2197,FR,STA-FR04018,NO2,45.0,µg/m3,2013-12-19 06:00:00 +01:00
2198,FR,STA-FR04018,NO2,41.75,µg/m3,2013-12-19 12:00:00 +01:00
2199,FR,STA-FR04018,NO2,67.25,µg/m3,2013-12-19 08:00:00 +01:00
2200,FR,STA-FR04018,NO2,52.25,µg/m3,2013-10-08 04:00:00 +01:00
2201,FR,STA-FR04018,NO2,25.25,µg/m3,2013-10-09 00:00:00 +01:00
2202,FR,STA-FR04018,NO2,31.75,µg/m3,2013-10-08 21:00:00 +01:00
2203,FR,STA-FR04018,NO2,35.25,µg/m3,2013-12-20 03:00:00 +01:00
2204,FR,STA-FR04018,NO2,38.0,µg/m3,2013-12-16 05:00:00 +01:00
2205,FR,STA-FR04018,NO2,15.25,µg/m3,2013-10-07 13:00:00 +01:00
2206,FR,STA-FR04018,NO2,68.0,µg/m3,2013-12-17 06:00:00 +01:00
2207,FR,STA-FR04018,NO2,23.75,µg/m3,2013-12-18 02:00:00 +01:00
2209,FR,STA-FR04018,NO2,82.5,µg/m3,2013-12-17 17:00:00 +01:00
2210,FR,STA-FR04018,NO2,75.5,µg/m3,2013-12-17 09:00:00 +01:00
2211,FR,STA-FR04018,NO2,79.25,µg/m3,2013-12-17 19:00:00 +01:00
2212,FR,STA-FR04018,NO2,17.0,µg/m3,2013-12-19 04:00:00 +01:00
2213,FR,STA-FR04018,NO2,73.0,µg/m3,2013-12-17 16:00:00 +01:00
2214,FR,STA-FR04018,NO2,27.0,µg/m3,2013-12-18 05:00:00 +01:00
2215,FR,STA-FR04018,NO2,64.5,µg/m3,2013-10-08 01:00:00 +01:00
2216,FR,STA-FR04018,NO2,44.0,µg/m3,2013-12-15 14:00:00 +01:00
2217,FR,STA-FR04018,NO2,34.75,µg/m3,2013-12-14 21:00:00 +01:00
2218,FR,STA-FR04018,NO2,28.25,µg/m3,2013-12-15 04:00:00 +01:00
2219,FR,STA-FR04018,NO2,73.75,µg/m3,2013-12-13 08:00:00 +01:00
2220,FR,STA-FR04018,NO2,64.0,µg/m3,2013-12-13 19:00:00 +01:00
2221,FR,STA-FR04018,NO2,72.5,µg/m3,2013-12-13 15:00:00 +01:00
2222,FR,STA-FR04018,NO2,19.0,µg/m3,2013-10-07 03:00:00 +01:00
2223,FR,STA-FR04018,NO2,68.25,µg/m3,2013-12-13 23:00:00 +01:00
2224,FR,STA-FR04018,NO2,29.25,µg/m3,2013-12-14 04:00:00 +01:00
2225,FR,STA-FR04018,NO2,66.75,µg/m3,2013-12-14 09:00:00 +01:00
2226,FR,STA-FR04018,NO2,40.75,µg/m3,2013-12-14 07:00:00 +01:00
2227,FR,STA-FR04018,NO2,53.5,µg/m3,2013-12-14 15:00:00 +01:00
2228,FR,STA-FR04018,NO2,67.5,µg/m3,2013-12-13 00:00:00 +01:00
2229,FR,STA-FR04018,NO2,38.5,µg/m3,2013-10-06 23:00:00 +01:00
2230,FR,STA-FR04018,NO2,63.75,µg/m3,2013-12-13 07:00:00 +01:00
2231,FR,STA-FR04018,NO2,92.5,µg/m3,2013-12-12 12:00:00 +01:00
2232,FR,STA-FR04018,NO2,55.0,µg/m3,2013-12-13 04:00:00 +01:00
2233,FR,STA-FR04018,NO2,73.5,µg/m3,2013-12-13 14:00:00 +01:00
2234,FR,STA-FR04018,NO2,62.0,µg/m3,2013-12-12 00:00:00 +01:00
2235,FR,STA-FR04018,NO2,18.0,µg/m3,2013-10-06 15:00:00 +01:00
2236,FR,STA-FR04018,NO2,88.25,µg/m3,2013-12-11 19:00:00 +01:00
2237,FR,STA-FR04018,NO2,19.0,µg/m3,2013-10-06 13:00:00 +01:00
2238,FR,STA-FR04018,NO2,69.0,µg/m3,2013-12-11 02:00:00 +01:00
2239,FR,STA-FR04018,NO2,55.0,µg/m3,2013-12-11 05:00:00 +01:00
2240,FR,STA-FR04018,NO2,73.0,µg/m3,2013-12-09 23:00:00 +01:00
2241,FR,STA-FR04018,NO2,84.0,µg/m3,2013-12-09 22:00:00 +01:00
2242,FR,STA-FR04018,NO2,96.25,µg/m3,2013-12-10 20:00:00 +01:00
2243,FR,STA-FR04018,NO2,57.0,µg/m3,2013-12-10 05:00:00 +01:00
2244,FR,STA-FR04018,NO2,87.5,µg/m3,2013-12-10 10:00:00 +01:00
2245,FR,STA-FR04018,NO2,24.75,µg/m3,2013-10-06 06:00:00 +01:00
2246,FR,STA-FR04018,NO2,67.25,µg/m3,2013-12-04 16:00:00 +01:00
2247,FR,STA-FR04018,NO2,57.75,µg/m3,2013-12-04 21:00:00 +01:00
2248,FR,STA-FR04018,NO2,36.5,µg/m3,2013-12-05 13:00:00 +01:00
2249,FR,STA-FR04018,NO2,30.75,µg/m3,2013-12-06 00:00:00 +01:00
2250,FR,STA-FR04018,NO2,64.75,µg/m3,2013-12-04 19:00:00 +01:00
2251,FR,STA-FR04018,NO2,64.75,µg/m3,2013-12-04 08:00:00 +01:00
2252,FR,STA-FR04018,NO2,72.25,µg/m3,2013-12-08 17:00:00 +01:00
2253,FR,STA-FR04018,NO2,29.0,µg/m3,2013-12-08 15:00:00 +01:00
2254,FR,STA-FR04018,NO2,25.5,µg/m3,2013-10-06 01:00:00 +01:00
2255,FR,STA-FR04018,NO2,106.25,µg/m3,2013-12-09 07:00:00 +01:00
2256,FR,STA-FR04018,NO2,37.0,µg/m3,2013-10-05 23:00:00 +01:00
2257,FR,STA-FR04018,NO2,28.25,µg/m3,2013-12-08 13:00:00 +01:00
2258,FR,STA-FR04018,NO2,87.0,µg/m3,2013-12-08 19:00:00 +01:00
2259,FR,STA-FR04018,NO2,56.75,µg/m3,2013-12-08 04:00:00 +01:00
2260,FR,STA-FR04018,NO2,65.0,µg/m3,2013-12-07 17:00:00 +01:00
2261,FR,STA-FR04018,NO2,19.0,µg/m3,2013-10-05 14:00:00 +01:00
2262,FR,STA-FR04018,NO2,75.75,µg/m3,2013-12-07 01:00:00 +01:00
2263,FR,STA-FR04018,NO2,73.0,µg/m3,2013-12-06 10:00:00 +01:00
2264,FR,STA-FR04018,NO2,68.25,µg/m3,2013-12-07 22:00:00 +01:00
2265,FR,STA-FR04018,NO2,36.25,µg/m3,2013-10-05 19:00:00 +01:00
2266,FR,STA-FR04018,NO2,47.75,µg/m3,2013-12-07 10:00:00 +01:00
2267,FR,STA-FR04018,NO2,41.0,µg/m3,2013-12-07 08:00:00 +01:00
2268,FR,STA-FR04018,NO2,47.75,µg/m3,2013-12-07 12:00:00 +01:00
2269,FR,STA-FR04018,NO2,19.75,µg/m3,2013-10-05 10:00:00 +01:00
2270,FR,STA-FR04018,NO2,23.0,µg/m3,2013-12-05 23:00:00 +01:00
2271,FR,STA-FR04018,NO2,28.25,µg/m3,2013-11-21 12:00:00 +01:00
2272,FR,STA-FR04018,NO2,57.3333,µg/m3,2013-11-20 13:00:00 +01:00
2273,FR,STA-FR04018,NO2,67.5,µg/m3,2013-11-20 23:00:00 +01:00
2274,FR,STA-FR04018,NO2,24.5,µg/m3,2013-11-23 04:00:00 +01:00
2275,FR,STA-FR04018,NO2,42.25,µg/m3,2013-11-22 12:00:00 +01:00
2276,FR,STA-FR04018,NO2,38.25,µg/m3,2013-11-22 19:00:00 +01:00
2277,FR,STA-FR04018,NO2,46.5,µg/m3,2013-11-22 10:00:00 +01:00
2278,FR,STA-FR04018,NO2,34.75,µg/m3,2013-11-22 15:00:00 +01:00
2279,FR,STA-FR04018,NO2,49.0,µg/m3,2013-11-22 07:00:00 +01:00
2280,FR,STA-FR04018,NO2,46.5,µg/m3,2013-11-21 23:00:00 +01:00
2281,FR,STA-FR04018,NO2,49.25,µg/m3,2013-11-22 00:00:00 +01:00
2282,FR,STA-FR04018,NO2,28.5,µg/m3,2013-11-20 03:00:00 +01:00
2283,FR,STA-FR04018,NO2,53.0,µg/m3,2013-11-20 06:00:00 +01:00
2284,FR,STA-FR04018,NO2,46.75,µg/m3,2013-11-20 00:00:00 +01:00
2285,FR,STA-FR04018,NO2,15.25,µg/m3,2013-11-25 03:00:00 +01:00
2286,FR,STA-FR04018,NO2,40.75,µg/m3,2013-11-25 06:00:00 +01:00
2287,FR,STA-FR04018,NO2,55.5,µg/m3,2013-09-28 19:00:00 +01:00
2288,FR,STA-FR04018,NO2,42.75,µg/m3,2013-09-30 10:00:00 +01:00
2289,FR,STA-FR04018,NO2,54.5,µg/m3,2013-11-25 10:00:00 +01:00
2290,FR,STA-FR04018,NO2,27.5,µg/m3,2013-11-23 01:00:00 +01:00
2291,FR,STA-FR04018,NO2,26.25,µg/m3,2013-11-23 09:00:00 +01:00
2292,FR,STA-FR04018,NO2,28.25,µg/m3,2013-11-23 14:00:00 +01:00
2293,FR,STA-FR04018,NO2,34.75,µg/m3,2013-11-23 17:00:00 +01:00
2294,FR,STA-FR04018,NO2,36.0,µg/m3,2013-11-24 01:00:00 +01:00
2295,FR,STA-FR04018,NO2,30.5,µg/m3,2013-11-23 19:00:00 +01:00
2296,FR,STA-FR04018,NO2,27.25,µg/m3,2013-11-24 15:00:00 +01:00
2297,FR,STA-FR04018,NO2,28.5,µg/m3,2013-09-28 16:00:00 +01:00
2298,FR,STA-FR04018,NO2,41.25,µg/m3,2013-11-27 11:00:00 +01:00
2299,FR,STA-FR04018,NO2,41.5,µg/m3,2013-10-01 17:00:00 +01:00
2300,FR,STA-FR04018,NO2,54.25,µg/m3,2013-11-28 03:00:00 +01:00
2301,FR,STA-FR04018,NO2,55.5,µg/m3,2013-11-28 00:00:00 +01:00
2302,FR,STA-FR04018,NO2,40.0,µg/m3,2013-10-03 07:00:00 +01:00
2303,FR,STA-FR04018,NO2,40.0,µg/m3,2013-09-30 09:00:00 +01:00
2304,FR,STA-FR04018,NO2,35.5,µg/m3,2013-11-26 06:00:00 +01:00
2305,FR,STA-FR04018,NO2,51.75,µg/m3,2013-09-30 16:00:00 +01:00
2306,FR,STA-FR04018,NO2,39.5,µg/m3,2013-09-30 06:00:00 +01:00
2307,FR,STA-FR04018,NO2,26.5,µg/m3,2013-11-25 22:00:00 +01:00
2308,FR,STA-FR04018,NO2,33.5,µg/m3,2013-11-25 21:00:00 +01:00
2309,FR,STA-FR04018,NO2,22.25,µg/m3,2013-11-26 04:00:00 +01:00
2310,FR,STA-FR04018,NO2,50.75,µg/m3,2013-11-25 19:00:00 +01:00
2311,FR,STA-FR04018,NO2,19.25,µg/m3,2013-11-26 01:00:00 +01:00
2312,FR,STA-FR04018,NO2,43.5,µg/m3,2013-09-30 13:00:00 +01:00
2313,FR,STA-FR04018,NO2,54.75,µg/m3,2013-09-30 22:00:00 +01:00
2314,FR,STA-FR04018,NO2,37.0,µg/m3,2013-10-01 00:00:00 +01:00
2315,FR,STA-FR04018,NO2,23.75,µg/m3,2013-10-01 03:00:00 +01:00
2316,FR,STA-FR04018,NO2,21.25,µg/m3,2013-11-27 03:00:00 +01:00
2317,FR,STA-FR04018,NO2,36.75,µg/m3,2013-10-01 07:00:00 +01:00
2318,FR,STA-FR04018,NO2,46.0,µg/m3,2013-10-01 05:00:00 +01:00
2319,FR,STA-FR04018,NO2,69.75,µg/m3,2013-10-04 21:00:00 +01:00
2320,FR,STA-FR04018,NO2,72.5,µg/m3,2013-12-03 21:00:00 +01:00
2321,FR,STA-FR04018,NO2,81.0,µg/m3,2013-12-02 21:00:00 +01:00
2323,FR,STA-FR04018,NO2,23.5,µg/m3,2013-12-02 12:00:00 +01:00
2324,FR,STA-FR04018,NO2,51.0,µg/m3,2013-12-02 09:00:00 +01:00
2325,FR,STA-FR04018,NO2,58.0,µg/m3,2013-12-03 01:00:00 +01:00
2326,FR,STA-FR04018,NO2,45.0,µg/m3,2013-12-02 00:00:00 +01:00
2327,FR,STA-FR04018,NO2,70.0,µg/m3,2013-12-02 17:00:00 +01:00
2328,FR,STA-FR04018,NO2,30.25,µg/m3,2013-12-02 03:00:00 +01:00
2329,FR,STA-FR04018,NO2,37.25,µg/m3,2013-12-02 11:00:00 +01:00
2330,FR,STA-FR04018,NO2,64.75,µg/m3,2013-12-01 20:00:00 +01:00
2331,FR,STA-FR04018,NO2,51.0,µg/m3,2013-12-01 17:00:00 +01:00
2332,FR,STA-FR04018,NO2,18.5,µg/m3,2013-12-01 08:00:00 +01:00
2333,FR,STA-FR04018,NO2,25.0,µg/m3,2013-12-01 02:00:00 +01:00
2334,FR,STA-FR04018,NO2,18.0,µg/m3,2013-11-30 03:00:00 +01:00
2335,FR,STA-FR04018,NO2,33.75,µg/m3,2013-10-04 11:00:00 +01:00
2336,FR,STA-FR04018,NO2,65.75,µg/m3,2013-10-03 20:00:00 +01:00
2337,FR,STA-FR04018,NO2,35.25,µg/m3,2013-11-30 00:00:00 +01:00
2338,FR,STA-FR04018,NO2,75.0,µg/m3,2013-10-03 19:00:00 +01:00
2339,FR,STA-FR04018,NO2,41.25,µg/m3,2013-10-04 12:00:00 +01:00
2340,FR,STA-FR04018,NO2,43.75,µg/m3,2013-11-30 21:00:00 +01:00
2341,FR,STA-FR04018,NO2,27.25,µg/m3,2013-12-01 13:00:00 +01:00
2342,FR,STA-FR04018,NO2,17.25,µg/m3,2013-12-01 05:00:00 +01:00
2343,FR,STA-FR04018,NO2,40.5,µg/m3,2013-12-01 01:00:00 +01:00
2344,FR,STA-FR04018,NO2,27.0,µg/m3,2013-11-30 14:00:00 +01:00
2345,FR,STA-FR04018,NO2,32.75,µg/m3,2013-11-30 11:00:00 +01:00
2346,FR,STA-FR04018,NO2,21.5,µg/m3,2013-10-04 03:00:00 +01:00
2347,FR,STA-FR04018,NO2,56.75,µg/m3,2013-11-28 21:00:00 +01:00
2348,FR,STA-FR04018,NO2,59.75,µg/m3,2013-11-29 09:00:00 +01:00
2349,FR,STA-FR04018,NO2,52.0,µg/m3,2013-11-29 16:00:00 +01:00
2350,FR,STA-FR04018,NO2,52.25,µg/m3,2013-10-03 13:00:00 +01:00
2351,FR,STA-FR04018,NO2,77.25,µg/m3,2013-11-28 15:00:00 +01:00
2352,FR,STA-FR04018,NO2,25.25,µg/m3,2013-10-03 00:00:00 +01:00
2353,FR,STA-FR04018,NO2,59.0,µg/m3,2013-11-10 19:00:00 +01:00
2354,FR,STA-FR04018,NO2,28.0,µg/m3,2013-11-10 17:00:00 +01:00
2355,FR,STA-FR04018,NO2,39.75,µg/m3,2013-11-11 23:00:00 +01:00
2356,FR,STA-FR04018,NO2,63.25,µg/m3,2013-11-10 22:00:00 +01:00
2357,FR,STA-FR04018,NO2,55.25,µg/m3,2013-11-11 05:00:00 +01:00
2358,FR,STA-FR04018,NO2,59.75,µg/m3,2013-11-11 08:00:00 +01:00
2359,FR,STA-FR04018,NO2,24.5,µg/m3,2013-11-12 02:00:00 +01:00
2360,FR,STA-FR04018,NO2,47.5,µg/m3,2013-11-11 09:00:00 +01:00
2361,FR,STA-FR04018,NO2,64.5,µg/m3,2013-11-14 00:00:00 +01:00
2362,FR,STA-FR04018,NO2,38.5,µg/m3,2013-11-13 16:00:00 +01:00
2363,FR,STA-FR04018,NO2,84.75,µg/m3,2013-11-13 21:00:00 +01:00
2364,FR,STA-FR04018,NO2,37.25,µg/m3,2013-11-12 21:00:00 +01:00
2365,FR,STA-FR04018,NO2,37.0,µg/m3,2013-09-27 11:00:00 +01:00
2366,FR,STA-FR04018,NO2,31.0,µg/m3,2013-11-10 01:00:00 +01:00
2367,FR,STA-FR04018,NO2,35.25,µg/m3,2013-11-09 16:00:00 +01:00
2368,FR,STA-FR04018,NO2,15.25,µg/m3,2013-11-10 06:00:00 +01:00
2369,FR,STA-FR04018,NO2,15.5,µg/m3,2013-11-10 11:00:00 +01:00
2370,FR,STA-FR04018,NO2,11.25,µg/m3,2013-11-10 14:00:00 +01:00
2371,FR,STA-FR04018,NO2,63.25,µg/m3,2013-11-10 23:00:00 +01:00
2372,FR,STA-FR04018,NO2,20.0,µg/m3,2013-11-09 00:00:00 +01:00
2373,FR,STA-FR04018,NO2,39.75,µg/m3,2013-11-09 07:00:00 +01:00
2374,FR,STA-FR04018,NO2,37.0,µg/m3,2013-11-09 10:00:00 +01:00
2375,FR,STA-FR04018,NO2,55.0,µg/m3,2013-11-09 19:00:00 +01:00
2376,FR,STA-FR04018,NO2,34.75,µg/m3,2013-11-09 13:00:00 +01:00
2377,FR,STA-FR04018,NO2,27.0,µg/m3,2013-11-09 22:00:00 +01:00
2378,FR,STA-FR04018,NO2,38.25,µg/m3,2013-11-07 06:00:00 +01:00
2379,FR,STA-FR04018,NO2,40.25,µg/m3,2013-11-07 19:00:00 +01:00
2380,FR,STA-FR04018,NO2,11.75,µg/m3,2013-11-07 04:00:00 +01:00
2381,FR,STA-FR04018,NO2,74.5,µg/m3,2013-11-08 09:00:00 +01:00
2382,FR,STA-FR04018,NO2,51.0,µg/m3,2013-11-08 00:00:00 +01:00
2383,FR,STA-FR04018,NO2,44.75,µg/m3,2013-11-07 16:00:00 +01:00
2384,FR,STA-FR04018,NO2,47.75,µg/m3,2013-09-27 07:00:00 +01:00
2385,FR,STA-FR04018,NO2,34.75,µg/m3,2013-11-08 03:00:00 +01:00
2386,FR,STA-FR04018,NO2,74.5,µg/m3,2013-11-08 07:00:00 +01:00
2387,FR,STA-FR04018,NO2,18.0,µg/m3,2013-11-08 23:00:00 +01:00
2388,FR,STA-FR04018,NO2,50.25,µg/m3,2013-11-08 16:00:00 +01:00
2389,FR,STA-FR04018,NO2,36.5,µg/m3,2013-11-16 07:00:00 +01:00
2390,FR,STA-FR04018,NO2,29.25,µg/m3,2013-11-16 15:00:00 +01:00
2391,FR,STA-FR04018,NO2,43.5,µg/m3,2013-11-16 21:00:00 +01:00
2392,FR,STA-FR04018,NO2,25.75,µg/m3,2013-11-17 11:00:00 +01:00
2393,FR,STA-FR04018,NO2,36.25,µg/m3,2013-11-17 04:00:00 +01:00
2394,FR,STA-FR04018,NO2,44.25,µg/m3,2013-11-15 21:00:00 +01:00
2395,FR,STA-FR04018,NO2,22.0,µg/m3,2013-09-27 15:00:00 +01:00
2396,FR,STA-FR04018,NO2,52.25,µg/m3,2013-11-14 12:00:00 +01:00
2397,FR,STA-FR04018,NO2,51.25,µg/m3,2013-11-14 15:00:00 +01:00
2398,FR,STA-FR04018,NO2,29.25,µg/m3,2013-11-15 15:00:00 +01:00
2399,FR,STA-FR04018,NO2,42.5,µg/m3,2013-11-18 08:00:00 +01:00
2400,FR,STA-FR04018,NO2,41.0,µg/m3,2013-11-17 22:00:00 +01:00
2401,FR,STA-FR04018,NO2,38.0,µg/m3,2013-11-17 23:00:00 +01:00
2402,FR,STA-FR04018,NO2,37.5,µg/m3,2013-11-18 00:00:00 +01:00
2403,FR,STA-FR04018,NO2,24.75,µg/m3,2013-09-28 02:00:00 +01:00
2404,FR,STA-FR04018,NO2,36.5,µg/m3,2013-11-19 12:00:00 +01:00
2405,FR,STA-FR04018,NO2,59.75,µg/m3,2013-11-19 09:00:00 +01:00
2406,FR,STA-FR04018,NO2,64.0,µg/m3,2013-11-19 20:00:00 +01:00
2407,FR,STA-FR04018,NO2,41.5,µg/m3,2013-11-19 06:00:00 +01:00
2408,FR,STA-FR04018,NO2,48.5,µg/m3,2013-11-18 23:00:00 +01:00
2409,FR,STA-FR04018,NO2,29.5,µg/m3,2013-09-28 08:00:00 +01:00
2410,FR,STA-FR04018,NO2,47.25,µg/m3,2013-11-18 15:00:00 +01:00
2411,FR,STA-FR04018,NO2,45.25,µg/m3,2013-11-18 17:00:00 +01:00
2412,FR,STA-FR04018,NO2,53.75,µg/m3,2013-11-18 11:00:00 +01:00
2413,FR,STA-FR04018,NO2,55.5,µg/m3,2013-11-04 08:00:00 +01:00
2414,FR,STA-FR04018,NO2,32.25,µg/m3,2013-11-05 01:00:00 +01:00
2415,FR,STA-FR04018,NO2,37.5,µg/m3,2013-11-04 23:00:00 +01:00
2416,FR,STA-FR04018,NO2,47.75,µg/m3,2013-11-04 22:00:00 +01:00
2417,FR,STA-FR04018,NO2,56.75,µg/m3,2013-11-05 13:00:00 +01:00
2418,FR,STA-FR04018,NO2,18.0,µg/m3,2013-11-07 00:00:00 +01:00
2419,FR,STA-FR04018,NO2,12.75,µg/m3,2013-11-07 03:00:00 +01:00
2420,FR,STA-FR04018,NO2,45.75,µg/m3,2013-11-06 16:00:00 +01:00
2421,FR,STA-FR04018,NO2,27.25,µg/m3,2013-11-05 21:00:00 +01:00
2422,FR,STA-FR04018,NO2,37.75,µg/m3,2013-11-06 20:00:00 +01:00
2423,FR,STA-FR04018,NO2,25.5,µg/m3,2013-11-06 03:00:00 +01:00
2424,FR,STA-FR04018,NO2,35.75,µg/m3,2013-11-06 14:00:00 +01:00
2425,FR,STA-FR04018,NO2,31.0,µg/m3,2013-11-02 21:00:00 +01:00
2426,FR,STA-FR04018,NO2,13.75,µg/m3,2013-11-03 09:00:00 +01:00
2427,FR,STA-FR04018,NO2,23.25,µg/m3,2013-11-03 16:00:00 +01:00
2428,FR,STA-FR04018,NO2,30.0,µg/m3,2013-09-27 04:00:00 +01:00
2429,FR,STA-FR04018,NO2,5.75,µg/m3,2013-10-28 02:00:00 +01:00
2430,FR,STA-FR04018,NO2,37.0,µg/m3,2013-10-28 10:00:00 +01:00
2431,FR,STA-FR04018,NO2,17.0,µg/m3,2013-10-29 00:00:00 +01:00
2432,FR,STA-FR04018,NO2,51.75,µg/m3,2013-10-29 08:00:00 +01:00
2433,FR,STA-FR04018,NO2,7.5,µg/m3,2013-10-27 07:00:00 +01:00
2434,FR,STA-FR04018,NO2,11.75,µg/m3,2013-10-27 13:00:00 +01:00
2435,FR,STA-FR04018,NO2,16.5,µg/m3,2013-10-27 10:00:00 +01:00
2436,FR,STA-FR04018,NO2,34.75,µg/m3,2013-10-29 23:00:00 +01:00
2437,FR,STA-FR04018,NO2,69.75,µg/m3,2013-10-29 19:00:00 +01:00
2438,FR,STA-FR04018,NO2,38.5,µg/m3,2013-10-29 22:00:00 +01:00
2439,FR,STA-FR04018,NO2,96.5,µg/m3,2013-10-30 22:00:00 +01:00
2440,FR,STA-FR04018,NO2,32.5,µg/m3,2013-10-30 02:00:00 +01:00
2441,FR,STA-FR04018,NO2,77.25,µg/m3,2013-10-30 07:00:00 +01:00
2442,FR,STA-FR04018,NO2,82.0,µg/m3,2013-10-30 10:00:00 +01:00
2443,FR,STA-FR04018,NO2,39.0,µg/m3,2013-10-28 18:00:00 +01:00
2444,FR,STA-FR04018,NO2,18.75,µg/m3,2013-10-29 05:00:00 +01:00
2445,FR,STA-FR04018,NO2,26.5,µg/m3,2013-10-29 13:00:00 +01:00
2446,FR,STA-FR04018,NO2,35.5,µg/m3,2013-10-29 11:00:00 +01:00
2447,FR,STA-FR04018,NO2,13.25,µg/m3,2013-11-03 13:00:00 +01:00
2448,FR,STA-FR04018,NO2,17.5,µg/m3,2013-11-03 01:00:00 +01:00
2449,FR,STA-FR04018,NO2,21.5,µg/m3,2013-11-01 05:00:00 +01:00
2450,FR,STA-FR04018,NO2,39.75,µg/m3,2013-11-01 12:00:00 +01:00
2451,FR,STA-FR04018,NO2,32.75,µg/m3,2013-11-01 08:00:00 +01:00
2452,FR,STA-FR04018,NO2,34.75,µg/m3,2013-11-01 14:00:00 +01:00
2453,FR,STA-FR04018,NO2,33.25,µg/m3,2013-11-01 20:00:00 +01:00
2454,FR,STA-FR04018,NO2,20.5,µg/m3,2013-11-02 12:00:00 +01:00
2455,FR,STA-FR04018,NO2,63.75,µg/m3,2013-10-31 17:00:00 +01:00
2456,FR,STA-FR04018,NO2,44.5,µg/m3,2013-11-01 11:00:00 +01:00
2457,FR,STA-FR04018,NO2,44.75,µg/m3,2013-10-30 14:00:00 +01:00
2458,FR,STA-FR04018,NO2,47.5,µg/m3,2013-10-21 11:00:00 +01:00
2459,FR,STA-FR04018,NO2,18.0,µg/m3,2013-10-22 01:00:00 +01:00
2460,FR,STA-FR04018,NO2,48.5,µg/m3,2013-10-21 15:00:00 +01:00
2461,FR,STA-FR04018,NO2,53.75,µg/m3,2013-10-21 21:00:00 +01:00
2462,FR,STA-FR04018,NO2,50.5,µg/m3,2013-10-22 05:00:00 +01:00
2463,FR,STA-FR04018,NO2,65.25,µg/m3,2013-10-22 15:00:00 +01:00
2464,FR,STA-FR04018,NO2,25.25,µg/m3,2013-10-20 05:00:00 +01:00
2465,FR,STA-FR04018,NO2,17.75,µg/m3,2013-10-21 01:00:00 +01:00
2466,FR,STA-FR04018,NO2,29.5,µg/m3,2013-10-21 04:00:00 +01:00
2467,FR,STA-FR04018,NO2,26.5,µg/m3,2013-10-26 01:00:00 +01:00
2468,FR,STA-FR04018,NO2,23.0,µg/m3,2013-10-26 14:00:00 +01:00
2469,FR,STA-FR04018,NO2,36.0,µg/m3,2013-10-26 09:00:00 +01:00
2470,FR,STA-FR04018,NO2,25.5,µg/m3,2013-10-26 22:00:00 +01:00
2471,FR,STA-FR04018,NO2,59.25,µg/m3,2013-10-26 17:00:00 +01:00
2472,FR,STA-FR04018,NO2,37.25,µg/m3,2013-10-25 23:00:00 +01:00
2473,FR,STA-FR04018,NO2,51.5,µg/m3,2013-10-25 13:00:00 +01:00
2474,FR,STA-FR04018,NO2,71.0,µg/m3,2013-10-25 18:00:00 +01:00
2475,FR,STA-FR04018,NO2,54.0,µg/m3,2013-10-25 10:00:00 +01:00
2476,FR,STA-FR04018,NO2,48.25,µg/m3,2013-10-24 19:00:00 +01:00
2477,FR,STA-FR04018,NO2,37.75,µg/m3,2013-10-23 22:00:00 +01:00
2478,FR,STA-FR04018,NO2,41.5,µg/m3,2013-10-23 09:00:00 +01:00
2479,FR,STA-FR04018,NO2,18.5,µg/m3,2013-10-23 03:00:00 +01:00
2480,FR,STA-FR04018,NO2,43.75,µg/m3,2013-10-23 06:00:00 +01:00
2481,FR,STA-FR04018,NO2,26.5,µg/m3,2013-10-24 16:00:00 +01:00
2482,FR,STA-FR04018,NO2,31.75,µg/m3,2013-10-24 14:00:00 +01:00
2483,FR,STA-FR04018,NO2,61.0,µg/m3,2013-10-24 10:00:00 +01:00
2484,FR,STA-FR04018,NO2,65.75,µg/m3,2013-10-24 07:00:00 +01:00
2485,FR,STA-FR04018,NO2,46.0,µg/m3,2013-10-19 17:00:00 +01:00
2486,FR,STA-FR04018,NO2,57.25,µg/m3,2013-10-19 20:00:00 +01:00
2487,FR,STA-FR04018,NO2,30.75,µg/m3,2013-10-20 02:00:00 +01:00
2488,FR,STA-FR04018,NO2,24.5,µg/m3,2013-10-18 14:00:00 +01:00
2489,FR,STA-FR04018,NO2,57.75,µg/m3,2013-10-18 18:00:00 +01:00
2490,FR,STA-FR04018,NO2,56.5,µg/m3,2013-10-18 21:00:00 +01:00
2491,FR,STA-FR04018,NO2,39.5,µg/m3,2013-09-27 00:00:00 +01:00
2492,FR,STA-FR04018,NO2,33.5,µg/m3,2013-10-19 01:00:00 +01:00
2493,FR,STA-FR04018,NO2,47.25,µg/m3,2013-10-18 08:00:00 +01:00
2494,FR,STA-FR04018,NO2,38.25,µg/m3,2013-10-18 05:00:00 +01:00
2495,FR,STA-FR04018,NO2,34.5,µg/m3,2013-10-19 10:00:00 +01:00
2496,FR,STA-FR04018,NO2,27.75,µg/m3,2013-10-19 14:00:00 +01:00
2497,FR,STA-FR04018,NO2,96.25,µg/m3,2013-09-25 23:00:00 +01:00
2498,FR,STA-FR04018,NO2,68.0,µg/m3,2013-09-26 03:00:00 +01:00
2499,FR,STA-FR04018,NO2,49.75,µg/m3,2013-10-18 00:00:00 +01:00
2500,FR,STA-FR04018,NO2,34.0,µg/m3,2013-09-26 16:00:00 +01:00
2501,FR,STA-FR04018,NO2,46.0,µg/m3,2013-09-26 10:00:00 +01:00
2502,FR,STA-FR04018,NO2,34.75,µg/m3,2013-09-26 17:00:00 +01:00
2503,FR,STA-FR04018,NO2,76.5,µg/m3,2013-10-17 19:00:00 +01:00
2504,FR,STA-FR04018,NO2,103.25,µg/m3,2013-09-25 18:00:00 +01:00
2505,FR,STA-FR04018,NO2,56.0,µg/m3,2013-10-17 17:00:00 +01:00
2506,FR,STA-FR04018,NO2,102.0,µg/m3,2013-09-25 22:00:00 +01:00
2507,FR,STA-FR04018,NO2,25.75,µg/m3,2013-10-12 03:00:00 +01:00
2508,FR,STA-FR04018,NO2,37.5,µg/m3,2013-10-12 01:00:00 +01:00
2509,FR,STA-FR04018,NO2,40.0,µg/m3,2013-10-11 17:00:00 +01:00
2510,FR,STA-FR04018,NO2,48.5,µg/m3,2013-10-13 04:00:00 +01:00
2511,FR,STA-FR04018,NO2,43.0,µg/m3,2013-10-13 07:00:00 +01:00
2512,FR,STA-FR04018,NO2,73.0,µg/m3,2013-10-12 21:00:00 +01:00
2513,FR,STA-FR04018,NO2,70.0,µg/m3,2013-10-12 18:00:00 +01:00
2514,FR,STA-FR04018,NO2,10.75,µg/m3,2013-09-09 03:00:00 +01:00
2515,FR,STA-FR04018,NO2,18.25,µg/m3,2013-10-12 15:00:00 +01:00
2516,FR,STA-FR04018,NO2,39.5,µg/m3,2013-10-13 18:00:00 +01:00
2517,FR,STA-FR04018,NO2,20.25,µg/m3,2013-10-12 12:00:00 +01:00
2518,FR,STA-FR04018,NO2,32.0,µg/m3,2013-10-10 17:00:00 +01:00
2519,FR,STA-FR04018,NO2,18.5,µg/m3,2013-10-10 21:00:00 +01:00
2520,FR,STA-FR04018,NO2,14.0,µg/m3,2013-09-08 14:00:00 +01:00
2521,FR,STA-FR04018,NO2,49.75,µg/m3,2013-10-10 18:00:00 +01:00
2522,FR,STA-FR04018,NO2,64.5,µg/m3,2013-10-11 20:00:00 +01:00
2523,FR,STA-FR04018,NO2,48.25,µg/m3,2013-10-11 08:00:00 +01:00
2524,FR,STA-FR04018,NO2,22.5,µg/m3,2013-09-08 17:00:00 +01:00
2525,FR,STA-FR04018,NO2,27.25,µg/m3,2013-10-11 14:00:00 +01:00
2526,FR,STA-FR04018,NO2,33.5,µg/m3,2013-10-11 05:00:00 +01:00
2527,FR,STA-FR04018,NO2,19.75,µg/m3,2013-09-08 10:00:00 +01:00
2528,FR,STA-FR04018,NO2,31.75,µg/m3,2013-10-10 10:00:00 +01:00
2529,FR,STA-FR04018,NO2,18.75,µg/m3,2013-10-10 04:00:00 +01:00
2530,FR,STA-FR04018,NO2,41.25,µg/m3,2013-10-09 11:00:00 +01:00
2531,FR,STA-FR04018,NO2,42.25,µg/m3,2013-09-08 07:00:00 +01:00
2532,FR,STA-FR04018,NO2,21.25,µg/m3,2013-10-13 15:00:00 +01:00
2533,FR,STA-FR04018,NO2,54.5,µg/m3,2013-09-09 14:00:00 +01:00
2534,FR,STA-FR04018,NO2,51.0,µg/m3,2013-09-09 16:00:00 +01:00
2536,FR,STA-FR04018,NO2,12.5,µg/m3,2013-09-09 21:00:00 +01:00
2537,FR,STA-FR04018,NO2,44.25,µg/m3,2013-09-09 18:00:00 +01:00
2538,FR,STA-FR04018,NO2,6.25,µg/m3,2013-09-10 02:00:00 +01:00
2539,FR,STA-FR04018,NO2,30.5,µg/m3,2013-09-10 15:00:00 +01:00
2540,FR,STA-FR04018,NO2,28.75,µg/m3,2013-09-10 10:00:00 +01:00
2541,FR,STA-FR04018,NO2,27.25,µg/m3,2013-09-10 20:00:00 +01:00
2542,FR,STA-FR04018,NO2,28.25,µg/m3,2013-09-10 18:00:00 +01:00
2543,FR,STA-FR04018,NO2,16.5,µg/m3,2013-09-10 13:00:00 +01:00
2544,FR,STA-FR04018,NO2,23.5,µg/m3,2013-10-14 01:00:00 +01:00
2545,FR,STA-FR04018,NO2,16.0,µg/m3,2013-09-11 00:00:00 +01:00
2546,FR,STA-FR04018,NO2,14.0,µg/m3,2013-09-11 02:00:00 +01:00
2547,FR,STA-FR04018,NO2,43.75,µg/m3,2013-09-08 05:00:00 +01:00
2548,FR,STA-FR04018,NO2,32.25,µg/m3,2013-10-09 04:00:00 +01:00
2549,FR,STA-FR04018,NO2,77.0,µg/m3,2013-10-09 18:00:00 +01:00
2550,FR,STA-FR04018,NO2,58.5,µg/m3,2013-10-16 01:00:00 +01:00
2551,FR,STA-FR04018,NO2,55.5,µg/m3,2013-09-20 23:00:00 +01:00
2552,FR,STA-FR04018,NO2,29.5,µg/m3,2013-09-20 10:00:00 +01:00
2553,FR,STA-FR04018,NO2,66.25,µg/m3,2013-09-20 20:00:00 +01:00
2554,FR,STA-FR04018,NO2,17.25,µg/m3,2013-09-20 11:00:00 +01:00
2555,FR,STA-FR04018,NO2,79.0,µg/m3,2013-10-15 20:00:00 +01:00
2556,FR,STA-FR04018,NO2,45.25,µg/m3,2013-09-21 04:00:00 +01:00
2557,FR,STA-FR04018,NO2,66.0,µg/m3,2013-10-16 00:00:00 +01:00
2558,FR,STA-FR04018,NO2,17.25,µg/m3,2013-09-19 03:00:00 +01:00
2559,FR,STA-FR04018,NO2,24.75,µg/m3,2013-09-19 01:00:00 +01:00
2560,FR,STA-FR04018,NO2,7.0,µg/m3,2013-09-18 03:00:00 +01:00
2561,FR,STA-FR04018,NO2,47.25,µg/m3,2013-09-18 07:00:00 +01:00
2562,FR,STA-FR04018,NO2,24.5,µg/m3,2013-09-19 11:00:00 +01:00
2563,FR,STA-FR04018,NO2,23.25,µg/m3,2013-09-18 12:00:00 +01:00
2564,FR,STA-FR04018,NO2,36.0,µg/m3,2013-09-18 19:00:00 +01:00
2565,FR,STA-FR04018,NO2,25.25,µg/m3,2013-09-19 14:00:00 +01:00
2566,FR,STA-FR04018,NO2,52.5,µg/m3,2013-09-19 05:00:00 +01:00
2567,FR,STA-FR04018,NO2,69.75,µg/m3,2013-09-19 08:00:00 +01:00
2568,FR,STA-FR04018,NO2,33.75,µg/m3,2013-10-15 13:00:00 +01:00
2569,FR,STA-FR04018,NO2,13.5,µg/m3,2013-09-20 02:00:00 +01:00
2570,FR,STA-FR04018,NO2,18.25,µg/m3,2013-09-22 15:00:00 +01:00
2571,FR,STA-FR04018,NO2,18.25,µg/m3,2013-09-22 12:00:00 +01:00
2572,FR,STA-FR04018,NO2,28.25,µg/m3,2013-09-22 22:00:00 +01:00
2573,FR,STA-FR04018,NO2,7.25,µg/m3,2013-09-23 03:00:00 +01:00
2574,FR,STA-FR04018,NO2,57.5,µg/m3,2013-10-16 04:00:00 +01:00
2575,FR,STA-FR04018,NO2,65.25,µg/m3,2013-09-22 03:00:00 +01:00
2576,FR,STA-FR04018,NO2,67.25,µg/m3,2013-09-24 06:00:00 +01:00
2577,FR,STA-FR04018,NO2,47.25,µg/m3,2013-09-23 20:00:00 +01:00
2578,FR,STA-FR04018,NO2,19.0,µg/m3,2013-09-23 13:00:00 +01:00
2579,FR,STA-FR04018,NO2,23.0,µg/m3,2013-09-23 17:00:00 +01:00
2580,FR,STA-FR04018,NO2,47.5,µg/m3,2013-10-16 14:00:00 +01:00
2581,FR,STA-FR04018,NO2,86.5,µg/m3,2013-09-26 00:00:00 +01:00
2582,FR,STA-FR04018,NO2,55.0,µg/m3,2013-10-17 09:00:00 +01:00
2583,FR,STA-FR04018,NO2,80.75,µg/m3,2013-09-24 23:00:00 +01:00
2584,FR,STA-FR04018,NO2,22.5,µg/m3,2013-10-17 00:00:00 +01:00
2585,FR,STA-FR04018,NO2,66.5,µg/m3,2013-09-25 00:00:00 +01:00
2586,FR,STA-FR04018,NO2,37.5,µg/m3,2013-09-24 17:00:00 +01:00
2587,FR,STA-FR04018,NO2,46.0,µg/m3,2013-09-24 10:00:00 +01:00
2588,FR,STA-FR04018,NO2,32.5,µg/m3,2013-09-24 14:00:00 +01:00
2589,FR,STA-FR04018,NO2,43.75,µg/m3,2013-10-16 20:00:00 +01:00
2590,FR,STA-FR04018,NO2,34.75,µg/m3,2013-10-16 23:00:00 +01:00
2591,FR,STA-FR04018,NO2,44.0,µg/m3,2013-09-24 03:00:00 +01:00
2592,FR,STA-FR04018,NO2,13.75,µg/m3,2013-09-15 08:00:00 +01:00
2593,FR,STA-FR04018,NO2,8.5,µg/m3,2013-09-15 01:00:00 +01:00
2594,FR,STA-FR04018,NO2,55.25,µg/m3,2013-10-14 16:00:00 +01:00
2595,FR,STA-FR04018,NO2,24.0,µg/m3,2013-09-14 14:00:00 +01:00
2596,FR,STA-FR04018,NO2,39.0,µg/m3,2013-10-14 12:00:00 +01:00
2597,FR,STA-FR04018,NO2,24.25,µg/m3,2013-09-14 16:00:00 +01:00
2598,FR,STA-FR04018,NO2,14.75,µg/m3,2013-09-15 06:00:00 +01:00
2599,FR,STA-FR04018,NO2,50.0,µg/m3,2013-10-14 15:00:00 +01:00
2600,FR,STA-FR04018,NO2,30.25,µg/m3,2013-09-17 14:00:00 +01:00
2601,FR,STA-FR04018,NO2,8.75,µg/m3,2013-09-18 01:00:00 +01:00
2602,FR,STA-FR04018,NO2,34.0,µg/m3,2013-09-17 11:00:00 +01:00
2603,FR,STA-FR04018,NO2,35.75,µg/m3,2013-09-17 17:00:00 +01:00
2604,FR,STA-FR04018,NO2,66.0,µg/m3,2013-10-15 06:00:00 +01:00
2605,FR,STA-FR04018,NO2,16.5,µg/m3,2013-09-17 00:00:00 +01:00
2606,FR,STA-FR04018,NO2,49.5,µg/m3,2013-10-15 05:00:00 +01:00
2607,FR,STA-FR04018,NO2,19.0,µg/m3,2013-09-16 22:00:00 +01:00
2608,FR,STA-FR04018,NO2,12.25,µg/m3,2013-09-17 01:00:00 +01:00
2609,FR,STA-FR04018,NO2,16.0,µg/m3,2013-09-17 04:00:00 +01:00
2610,FR,STA-FR04018,NO2,24.5,µg/m3,2013-10-14 23:00:00 +01:00
2611,FR,STA-FR04018,NO2,30.0,µg/m3,2013-09-16 10:00:00 +01:00
2612,FR,STA-FR04018,NO2,51.5,µg/m3,2013-09-13 17:00:00 +01:00
2613,FR,STA-FR04018,NO2,28.0,µg/m3,2013-09-14 11:00:00 +01:00
2614,FR,STA-FR04018,NO2,25.5,µg/m3,2013-09-14 01:00:00 +01:00
2615,FR,STA-FR04018,NO2,25.5,µg/m3,2013-09-14 07:00:00 +01:00
2616,FR,STA-FR04018,NO2,34.0,µg/m3,2013-09-14 09:00:00 +01:00
2617,FR,STA-FR04018,NO2,32.25,µg/m3,2013-09-13 03:00:00 +01:00
2618,FR,STA-FR04018,NO2,56.75,µg/m3,2013-09-12 20:00:00 +01:00
2619,FR,STA-FR04018,NO2,62.5,µg/m3,2013-09-12 18:00:00 +01:00
2620,FR,STA-FR04018,NO2,44.5,µg/m3,2013-09-11 07:00:00 +01:00
2621,FR,STA-FR04018,NO2,47.25,µg/m3,2013-09-12 17:00:00 +01:00
2622,FR,STA-FR04018,NO2,24.75,µg/m3,2013-10-14 03:00:00 +01:00
2623,FR,STA-FR04018,NO2,18.0,µg/m3,2013-09-12 04:00:00 +01:00
2624,FR,STA-FR04018,NO2,39.5,µg/m3,2013-09-11 22:00:00 +01:00
2625,FR,STA-FR04018,NO2,10.5,µg/m3,2013-08-28 03:00:00 +01:00
2626,FR,STA-FR04018,NO2,16.75,µg/m3,2013-08-27 23:00:00 +01:00
2627,FR,STA-FR04018,NO2,46.0,µg/m3,2013-09-29 17:00:00 +01:00
2628,FR,STA-FR04018,NO2,18.75,µg/m3,2013-09-29 14:00:00 +01:00
2629,FR,STA-FR04018,NO2,37.75,µg/m3,2013-08-28 08:00:00 +01:00
2630,FR,STA-FR04018,NO2,25.75,µg/m3,2013-08-27 19:00:00 +01:00
2631,FR,STA-FR04018,NO2,26.0,µg/m3,2013-09-29 06:00:00 +01:00
2632,FR,STA-FR04018,NO2,40.5,µg/m3,2013-09-30 07:00:00 +01:00
2633,FR,STA-FR04018,NO2,53.5,µg/m3,2013-09-30 17:00:00 +01:00
2634,FR,STA-FR04018,NO2,12.5,µg/m3,2013-09-30 02:00:00 +01:00
2635,FR,STA-FR04018,NO2,19.25,µg/m3,2013-09-30 04:00:00 +01:00
2636,FR,STA-FR04018,NO2,48.0,µg/m3,2013-09-30 14:00:00 +01:00
2637,FR,STA-FR04018,NO2,41.25,µg/m3,2013-09-30 11:00:00 +01:00
2638,FR,STA-FR04018,NO2,19.25,µg/m3,2013-08-28 11:00:00 +01:00
2639,FR,STA-FR04018,NO2,12.0,µg/m3,2013-08-28 14:00:00 +01:00
2640,FR,STA-FR04018,NO2,36.25,µg/m3,2013-09-28 00:00:00 +01:00
2641,FR,STA-FR04018,NO2,33.25,µg/m3,2013-09-28 23:00:00 +01:00
2642,FR,STA-FR04018,NO2,25.75,µg/m3,2013-08-27 09:00:00 +01:00
2643,FR,STA-FR04018,NO2,35.5,µg/m3,2013-09-28 17:00:00 +01:00
2644,FR,STA-FR04018,NO2,19.0,µg/m3,2013-08-27 13:00:00 +01:00
2645,FR,STA-FR04018,NO2,19.25,µg/m3,2013-09-29 04:00:00 +01:00
2646,FR,STA-FR04018,NO2,59.5,µg/m3,2013-09-30 21:00:00 +01:00
2647,FR,STA-FR04018,NO2,37.0,µg/m3,2013-10-01 08:00:00 +01:00
2648,FR,STA-FR04018,NO2,31.5,µg/m3,2013-08-28 21:00:00 +01:00
2649,FR,STA-FR04018,NO2,16.75,µg/m3,2013-08-28 18:00:00 +01:00
2650,FR,STA-FR04018,NO2,34.5,µg/m3,2013-10-01 15:00:00 +01:00
2651,FR,STA-FR04018,NO2,10.5,µg/m3,2013-08-29 12:00:00 +01:00
2652,FR,STA-FR04018,NO2,86.25,µg/m3,2013-08-30 05:00:00 +01:00
2653,FR,STA-FR04018,NO2,60.75,µg/m3,2013-10-01 18:00:00 +01:00
2654,FR,STA-FR04018,NO2,24.75,µg/m3,2013-09-01 06:00:00 +01:00
2655,FR,STA-FR04018,NO2,39.5,µg/m3,2013-10-03 06:00:00 +01:00
2656,FR,STA-FR04018,NO2,12.5,µg/m3,2013-09-01 00:00:00 +01:00
2657,FR,STA-FR04018,NO2,12.0,µg/m3,2013-09-01 03:00:00 +01:00
2658,FR,STA-FR04018,NO2,64.0,µg/m3,2013-10-02 21:00:00 +01:00
2659,FR,STA-FR04018,NO2,14.5,µg/m3,2013-08-31 12:00:00 +01:00
2660,FR,STA-FR04018,NO2,40.25,µg/m3,2013-10-02 07:00:00 +01:00
2661,FR,STA-FR04018,NO2,23.75,µg/m3,2013-08-30 14:00:00 +01:00
2662,FR,STA-FR04018,NO2,35.0,µg/m3,2013-08-30 20:00:00 +01:00
2663,FR,STA-FR04018,NO2,33.5,µg/m3,2013-10-02 11:00:00 +01:00
2664,FR,STA-FR04018,NO2,31.75,µg/m3,2013-08-30 19:00:00 +01:00
2665,FR,STA-FR04018,NO2,41.5,µg/m3,2013-10-02 22:00:00 +01:00
2666,FR,STA-FR04018,NO2,22.75,µg/m3,2013-08-31 05:00:00 +01:00
2667,FR,STA-FR04018,NO2,18.75,µg/m3,2013-08-31 06:00:00 +01:00
2668,FR,STA-FR04018,NO2,57.25,µg/m3,2013-10-02 18:00:00 +01:00
2669,FR,STA-FR04018,NO2,23.25,µg/m3,2013-09-07 10:00:00 +01:00
2670,FR,STA-FR04018,NO2,54.5,µg/m3,2013-10-08 03:00:00 +01:00
2671,FR,STA-FR04018,NO2,71.5,µg/m3,2013-10-08 00:00:00 +01:00
2672,FR,STA-FR04018,NO2,42.25,µg/m3,2013-09-06 17:00:00 +01:00
2673,FR,STA-FR04018,NO2,26.5,µg/m3,2013-10-08 23:00:00 +01:00
2674,FR,STA-FR04018,NO2,57.0,µg/m3,2013-10-09 05:00:00 +01:00
2675,FR,STA-FR04018,NO2,19.75,µg/m3,2013-10-09 01:00:00 +01:00
2676,FR,STA-FR04018,NO2,60.5,µg/m3,2013-09-08 02:00:00 +01:00
2677,FR,STA-FR04018,NO2,29.75,µg/m3,2013-09-07 16:00:00 +01:00
2678,FR,STA-FR04018,NO2,46.0,µg/m3,2013-10-08 19:00:00 +01:00
2679,FR,STA-FR04018,NO2,48.0,µg/m3,2013-10-06 21:00:00 +01:00
2680,FR,STA-FR04018,NO2,51.25,µg/m3,2013-09-05 15:00:00 +01:00
2681,FR,STA-FR04018,NO2,22.5,µg/m3,2013-10-06 04:00:00 +01:00
2682,FR,STA-FR04018,NO2,44.0,µg/m3,2013-10-05 18:00:00 +01:00
2683,FR,STA-FR04018,NO2,37.5,µg/m3,2013-09-06 01:00:00 +01:00
2684,FR,STA-FR04018,NO2,23.75,µg/m3,2013-10-07 01:00:00 +01:00
2685,FR,STA-FR04018,NO2,30.75,µg/m3,2013-09-06 04:00:00 +01:00
2686,FR,STA-FR04018,NO2,29.5,µg/m3,2013-10-07 04:00:00 +01:00
2687,FR,STA-FR04018,NO2,106.25,µg/m3,2013-09-06 07:00:00 +01:00
2688,FR,STA-FR04018,NO2,48.0,µg/m3,2013-09-06 14:00:00 +01:00
2689,FR,STA-FR04018,NO2,29.5,µg/m3,2013-09-06 20:00:00 +01:00
2690,FR,STA-FR04018,NO2,26.25,µg/m3,2013-10-07 11:00:00 +01:00
2691,FR,STA-FR04018,NO2,61.5,µg/m3,2013-10-07 07:00:00 +01:00
2692,FR,STA-FR04018,NO2,45.0,µg/m3,2013-09-03 19:00:00 +01:00
2693,FR,STA-FR04018,NO2,49.25,µg/m3,2013-10-04 09:00:00 +01:00
2694,FR,STA-FR04018,NO2,75.5,µg/m3,2013-09-03 22:00:00 +01:00
2695,FR,STA-FR04018,NO2,29.5,µg/m3,2013-09-03 13:00:00 +01:00
2696,FR,STA-FR04018,NO2,50.0,µg/m3,2013-10-04 06:00:00 +01:00
2697,FR,STA-FR04018,NO2,70.25,µg/m3,2013-09-03 07:00:00 +01:00
2698,FR,STA-FR04018,NO2,61.25,µg/m3,2013-09-03 10:00:00 +01:00
2699,FR,STA-FR04018,NO2,41.75,µg/m3,2013-09-04 11:00:00 +01:00
2700,FR,STA-FR04018,NO2,27.75,µg/m3,2013-10-05 08:00:00 +01:00
2701,FR,STA-FR04018,NO2,66.25,µg/m3,2013-10-04 22:00:00 +01:00
2702,FR,STA-FR04018,NO2,21.5,µg/m3,2013-09-04 13:00:00 +01:00
2703,FR,STA-FR04018,NO2,19.0,µg/m3,2013-10-05 15:00:00 +01:00
2704,FR,STA-FR04018,NO2,50.75,µg/m3,2013-10-03 14:00:00 +01:00
2705,FR,STA-FR04018,NO2,54.25,µg/m3,2013-09-02 21:00:00 +01:00
2706,FR,STA-FR04018,NO2,35.0,µg/m3,2013-09-03 04:00:00 +01:00
2707,FR,STA-FR04018,NO2,23.75,µg/m3,2013-10-04 04:00:00 +01:00
2708,FR,STA-FR04018,NO2,16.25,µg/m3,2013-09-03 01:00:00 +01:00
2709,FR,STA-FR04018,NO2,19.0,µg/m3,2013-10-04 01:00:00 +01:00
2710,FR,STA-FR04018,NO2,55.5,µg/m3,2013-10-03 21:00:00 +01:00
2711,FR,STA-FR04018,NO2,63.25,µg/m3,2013-09-03 06:00:00 +01:00
2712,FR,STA-FR04018,NO2,12.75,µg/m3,2013-09-01 18:00:00 +01:00
2713,FR,STA-FR04018,NO2,27.5,µg/m3,2013-09-02 11:00:00 +01:00
2714,FR,STA-FR04018,NO2,7.5,µg/m3,2013-09-01 10:00:00 +01:00
2715,FR,STA-FR04018,NO2,15.0,µg/m3,2013-09-01 08:00:00 +01:00
2716,FR,STA-FR04018,NO2,38.0,µg/m3,2013-09-24 01:00:00 +01:00
2717,FR,STA-FR04018,NO2,10.5,µg/m3,2013-08-25 00:00:00 +01:00
2718,FR,STA-FR04018,NO2,54.75,µg/m3,2013-09-24 08:00:00 +01:00
2719,FR,STA-FR04018,NO2,14.25,µg/m3,2013-08-24 15:00:00 +01:00
2720,FR,STA-FR04018,NO2,50.0,µg/m3,2013-09-24 18:00:00 +01:00
2721,FR,STA-FR04018,NO2,20.5,µg/m3,2013-09-24 15:00:00 +01:00
2722,FR,STA-FR04018,NO2,12.0,µg/m3,2013-08-24 07:00:00 +01:00
2723,FR,STA-FR04018,NO2,37.0,µg/m3,2013-09-23 18:00:00 +01:00
2724,FR,STA-FR04018,NO2,16.0,µg/m3,2013-08-24 03:00:00 +01:00
2725,FR,STA-FR04018,NO2,61.75,µg/m3,2013-08-23 22:00:00 +01:00
2726,FR,STA-FR04018,NO2,27.25,µg/m3,2013-08-23 16:00:00 +01:00
2727,FR,STA-FR04018,NO2,57.5,µg/m3,2013-08-23 19:00:00 +01:00
2728,FR,STA-FR04018,NO2,73.75,µg/m3,2013-08-22 07:00:00 +01:00
2729,FR,STA-FR04018,NO2,13.0,µg/m3,2013-08-22 18:00:00 +01:00
2730,FR,STA-FR04018,NO2,62.25,µg/m3,2013-09-23 07:00:00 +01:00
2731,FR,STA-FR04018,NO2,36.0,µg/m3,2013-08-23 10:00:00 +01:00
2732,FR,STA-FR04018,NO2,16.75,µg/m3,2013-08-22 14:00:00 +01:00
2733,FR,STA-FR04018,NO2,22.25,µg/m3,2013-08-23 02:00:00 +01:00
2734,FR,STA-FR04018,NO2,82.25,µg/m3,2013-08-23 05:00:00 +01:00
2735,FR,STA-FR04018,NO2,13.5,µg/m3,2013-08-22 13:00:00 +01:00
2736,FR,STA-FR04018,NO2,14.25,µg/m3,2013-09-22 18:00:00 +01:00
2737,FR,STA-FR04018,NO2,34.5,µg/m3,2013-08-21 20:00:00 +01:00
2738,FR,STA-FR04018,NO2,36.75,µg/m3,2013-08-22 03:00:00 +01:00
2739,FR,STA-FR04018,NO2,15.75,µg/m3,2013-08-21 17:00:00 +01:00
2740,FR,STA-FR04018,NO2,44.75,µg/m3,2013-09-22 20:00:00 +01:00
2741,FR,STA-FR04018,NO2,31.75,µg/m3,2013-08-25 13:00:00 +01:00
2742,FR,STA-FR04018,NO2,54.0,µg/m3,2013-09-26 18:00:00 +01:00
2743,FR,STA-FR04018,NO2,66.75,µg/m3,2013-09-26 08:00:00 +01:00
2744,FR,STA-FR04018,NO2,37.5,µg/m3,2013-09-26 11:00:00 +01:00
2745,FR,STA-FR04018,NO2,44.0,µg/m3,2013-09-25 13:00:00 +01:00
2746,FR,STA-FR04018,NO2,55.5,µg/m3,2013-09-26 04:00:00 +01:00
2747,FR,STA-FR04018,NO2,97.0,µg/m3,2013-09-25 19:00:00 +01:00
2748,FR,STA-FR04018,NO2,54.25,µg/m3,2013-09-25 05:00:00 +01:00
2749,FR,STA-FR04018,NO2,60.75,µg/m3,2013-09-25 01:00:00 +01:00
2750,FR,STA-FR04018,NO2,17.0,µg/m3,2013-08-25 08:00:00 +01:00
2751,FR,STA-FR04018,NO2,39.5,µg/m3,2013-08-26 05:00:00 +01:00
2752,FR,STA-FR04018,NO2,26.5,µg/m3,2013-08-26 01:00:00 +01:00
2753,FR,STA-FR04018,NO2,47.75,µg/m3,2013-08-26 00:00:00 +01:00
2754,FR,STA-FR04018,NO2,46.0,µg/m3,2013-09-27 21:00:00 +01:00
2755,FR,STA-FR04018,NO2,23.75,µg/m3,2013-08-26 22:00:00 +01:00
2756,FR,STA-FR04018,NO2,30.5,µg/m3,2013-08-26 20:00:00 +01:00
2757,FR,STA-FR04018,NO2,43.0,µg/m3,2013-09-27 18:00:00 +01:00
2758,FR,STA-FR04018,NO2,13.0,µg/m3,2013-08-26 14:00:00 +01:00
2759,FR,STA-FR04018,NO2,16.25,µg/m3,2013-08-26 16:00:00 +01:00
2760,FR,STA-FR04018,NO2,26.75,µg/m3,2013-09-27 12:00:00 +01:00
2761,FR,STA-FR04018,NO2,17.25,µg/m3,2013-08-26 11:00:00 +01:00
2762,FR,STA-FR04018,NO2,45.0,µg/m3,2013-09-27 05:00:00 +01:00
2763,FR,STA-FR04018,NO2,51.0,µg/m3,2013-08-26 08:00:00 +01:00
2764,FR,STA-FR04018,NO2,17.25,µg/m3,2013-08-19 09:00:00 +01:00
2765,FR,STA-FR04018,NO2,22.0,µg/m3,2013-09-21 17:00:00 +01:00
2766,FR,STA-FR04018,NO2,46.75,µg/m3,2013-09-21 05:00:00 +01:00
2767,FR,STA-FR04018,NO2,45.5,µg/m3,2013-08-20 21:00:00 +01:00
2768,FR,STA-FR04018,NO2,54.0,µg/m3,2013-08-21 01:00:00 +01:00
2769,FR,STA-FR04018,NO2,16.0,µg/m3,2013-09-22 16:00:00 +01:00
2770,FR,STA-FR04018,NO2,55.75,µg/m3,2013-08-21 02:00:00 +01:00
2771,FR,STA-FR04018,NO2,60.75,µg/m3,2013-08-21 05:00:00 +01:00
2772,FR,STA-FR04018,NO2,91.0,µg/m3,2013-09-21 20:00:00 +01:00
2773,FR,STA-FR04018,NO2,64.25,µg/m3,2013-09-22 04:00:00 +01:00
2774,FR,STA-FR04018,NO2,40.75,µg/m3,2013-08-20 15:00:00 +01:00
2775,FR,STA-FR04018,NO2,21.0,µg/m3,2013-09-22 13:00:00 +01:00
2776,FR,STA-FR04018,NO2,14.0,µg/m3,2013-08-19 13:00:00 +01:00
2777,FR,STA-FR04018,NO2,46.75,µg/m3,2013-08-20 10:00:00 +01:00
2778,FR,STA-FR04018,NO2,29.75,µg/m3,2013-08-19 21:00:00 +01:00
2779,FR,STA-FR04018,NO2,44.0,µg/m3,2013-09-21 14:00:00 +01:00
2780,FR,STA-FR04018,NO2,12.75,µg/m3,2013-08-19 11:00:00 +01:00
2781,FR,STA-FR04018,NO2,36.25,µg/m3,2013-09-17 05:00:00 +01:00
2782,FR,STA-FR04018,NO2,8.5,µg/m3,2013-08-11 15:00:00 +01:00
2783,FR,STA-FR04018,NO2,36.0,µg/m3,2013-09-17 18:00:00 +01:00
2784,FR,STA-FR04018,NO2,28.0,µg/m3,2013-09-17 15:00:00 +01:00
2785,FR,STA-FR04018,NO2,13.0,µg/m3,2013-08-11 18:00:00 +01:00
2786,FR,STA-FR04018,NO2,14.25,µg/m3,2013-08-13 17:00:00 +01:00
2787,FR,STA-FR04018,NO2,12.75,µg/m3,2013-08-13 01:00:00 +01:00
2788,FR,STA-FR04018,NO2,10.75,µg/m3,2013-08-13 18:00:00 +01:00
2789,FR,STA-FR04018,NO2,10.75,µg/m3,2013-08-12 17:00:00 +01:00
2790,FR,STA-FR04018,NO2,29.75,µg/m3,2013-09-18 14:00:00 +01:00
2791,FR,STA-FR04018,NO2,40.25,µg/m3,2013-09-18 08:00:00 +01:00
2792,FR,STA-FR04018,NO2,11.75,µg/m3,2013-08-13 20:00:00 +01:00
2793,FR,STA-FR04018,NO2,24.25,µg/m3,2013-08-13 09:00:00 +01:00
2794,FR,STA-FR04018,NO2,18.25,µg/m3,2013-08-14 01:00:00 +01:00
2795,FR,STA-FR04018,NO2,26.0,µg/m3,2013-09-18 22:00:00 +01:00
2796,FR,STA-FR04018,NO2,41.5,µg/m3,2013-09-18 13:00:00 +01:00
2797,FR,STA-FR04018,NO2,20.25,µg/m3,2013-08-13 04:00:00 +01:00
2798,FR,STA-FR04018,NO2,36.75,µg/m3,2013-09-18 17:00:00 +01:00
2799,FR,STA-FR04018,NO2,63.75,µg/m3,2013-08-14 07:00:00 +01:00
2800,FR,STA-FR04018,NO2,30.75,µg/m3,2013-08-15 10:00:00 +01:00
2801,FR,STA-FR04018,NO2,83.75,µg/m3,2013-08-14 22:00:00 +01:00
2802,FR,STA-FR04018,NO2,24.25,µg/m3,2013-08-19 05:00:00 +01:00
2803,FR,STA-FR04018,NO2,13.5,µg/m3,2013-08-18 21:00:00 +01:00
2804,FR,STA-FR04018,NO2,53.25,µg/m3,2013-09-21 08:00:00 +01:00
2805,FR,STA-FR04018,NO2,62.0,µg/m3,2013-09-21 11:00:00 +01:00
2806,FR,STA-FR04018,NO2,13.5,µg/m3,2013-08-19 03:00:00 +01:00
2807,FR,STA-FR04018,NO2,60.75,µg/m3,2013-09-21 00:00:00 +01:00
2808,FR,STA-FR04018,NO2,45.25,µg/m3,2013-09-21 03:00:00 +01:00
2809,FR,STA-FR04018,NO2,13.0,µg/m3,2013-08-18 17:00:00 +01:00
2810,FR,STA-FR04018,NO2,25.0,µg/m3,2013-09-20 17:00:00 +01:00
2811,FR,STA-FR04018,NO2,8.75,µg/m3,2013-08-18 06:00:00 +01:00
2812,FR,STA-FR04018,NO2,10.5,µg/m3,2013-08-18 13:00:00 +01:00
2813,FR,STA-FR04018,NO2,43.25,µg/m3,2013-09-20 21:00:00 +01:00
2814,FR,STA-FR04018,NO2,17.75,µg/m3,2013-09-20 14:00:00 +01:00
2815,FR,STA-FR04018,NO2,27.75,µg/m3,2013-08-17 23:00:00 +01:00
2816,FR,STA-FR04018,NO2,22.5,µg/m3,2013-08-17 22:00:00 +01:00
2817,FR,STA-FR04018,NO2,10.25,µg/m3,2013-08-17 13:00:00 +01:00
2818,FR,STA-FR04018,NO2,13.75,µg/m3,2013-08-17 11:00:00 +01:00
2819,FR,STA-FR04018,NO2,59.5,µg/m3,2013-08-15 21:00:00 +01:00
2820,FR,STA-FR04018,NO2,17.75,µg/m3,2013-08-15 16:00:00 +01:00
2821,FR,STA-FR04018,NO2,21.0,µg/m3,2013-08-15 18:00:00 +01:00
2822,FR,STA-FR04018,NO2,26.0,µg/m3,2013-09-19 22:00:00 +01:00
2823,FR,STA-FR04018,NO2,28.25,µg/m3,2013-08-15 04:00:00 +01:00
2824,FR,STA-FR04018,NO2,24.5,µg/m3,2013-08-15 02:00:00 +01:00
2825,FR,STA-FR04018,NO2,24.25,µg/m3,2013-09-19 12:00:00 +01:00
2826,FR,STA-FR04018,NO2,27.0,µg/m3,2013-09-19 15:00:00 +01:00
2827,FR,STA-FR04018,NO2,15.0,µg/m3,2013-08-15 13:00:00 +01:00
2828,FR,STA-FR04018,NO2,15.5,µg/m3,2013-08-16 14:00:00 +01:00
2829,FR,STA-FR04018,NO2,17.75,µg/m3,2013-08-16 17:00:00 +01:00
2830,FR,STA-FR04018,NO2,10.5,µg/m3,2013-08-17 01:00:00 +01:00
2831,FR,STA-FR04018,NO2,16.75,µg/m3,2013-08-16 20:00:00 +01:00
2832,FR,STA-FR04018,NO2,29.0,µg/m3,2013-08-16 11:00:00 +01:00
2833,FR,STA-FR04018,NO2,80.0,µg/m3,2013-08-16 09:00:00 +01:00
2834,FR,STA-FR04018,NO2,16.0,µg/m3,2013-09-20 00:00:00 +01:00
2835,FR,STA-FR04018,NO2,72.25,µg/m3,2013-08-16 06:00:00 +01:00
2836,FR,STA-FR04018,NO2,11.0,µg/m3,2013-09-15 09:00:00 +01:00
2837,FR,STA-FR04018,NO2,21.75,µg/m3,2013-08-10 22:00:00 +01:00
2838,FR,STA-FR04018,NO2,12.75,µg/m3,2013-09-15 23:00:00 +01:00
2839,FR,STA-FR04018,NO2,10.25,µg/m3,2013-09-15 10:00:00 +01:00
2840,FR,STA-FR04018,NO2,11.0,µg/m3,2013-09-15 02:00:00 +01:00
2841,FR,STA-FR04018,NO2,14.5,µg/m3,2013-09-15 07:00:00 +01:00
2842,FR,STA-FR04018,NO2,24.5,µg/m3,2013-09-16 11:00:00 +01:00
2843,FR,STA-FR04018,NO2,26.25,µg/m3,2013-08-11 09:00:00 +01:00
2844,FR,STA-FR04018,NO2,49.5,µg/m3,2013-09-16 18:00:00 +01:00
2845,FR,STA-FR04018,NO2,45.25,µg/m3,2013-08-11 06:00:00 +01:00
2846,FR,STA-FR04018,NO2,32.75,µg/m3,2013-09-17 12:00:00 +01:00
2847,FR,STA-FR04018,NO2,18.25,µg/m3,2013-08-11 02:00:00 +01:00
2848,FR,STA-FR04018,NO2,34.75,µg/m3,2013-09-16 06:00:00 +01:00
2849,FR,STA-FR04018,NO2,8.25,µg/m3,2013-09-16 03:00:00 +01:00
2850,FR,STA-FR04018,NO2,16.25,µg/m3,2013-09-14 02:00:00 +01:00
2851,FR,STA-FR04018,NO2,15.75,µg/m3,2013-08-10 02:00:00 +01:00
2852,FR,STA-FR04018,NO2,25.25,µg/m3,2013-09-14 12:00:00 +01:00
2853,FR,STA-FR04018,NO2,29.0,µg/m3,2013-09-14 08:00:00 +01:00
2854,FR,STA-FR04018,NO2,8.25,µg/m3,2013-08-10 15:00:00 +01:00
2855,FR,STA-FR04018,NO2,11.0,µg/m3,2013-08-10 12:00:00 +01:00
2856,FR,STA-FR04018,NO2,9.75,µg/m3,2013-09-15 00:00:00 +01:00
2857,FR,STA-FR04018,NO2,46.0,µg/m3,2013-09-14 17:00:00 +01:00
2858,FR,STA-FR04018,NO2,16.75,µg/m3,2013-08-10 09:00:00 +01:00
2859,FR,STA-FR04018,NO2,43.75,µg/m3,2013-09-13 15:00:00 +01:00
2860,FR,STA-FR04018,NO2,43.0,µg/m3,2013-09-13 14:00:00 +01:00
2861,FR,STA-FR04018,NO2,10.5,µg/m3,2013-08-09 16:00:00 +01:00
2862,FR,STA-FR04018,NO2,14.0,µg/m3,2013-08-09 13:00:00 +01:00
2863,FR,STA-FR04018,NO2,14.5,µg/m3,2013-09-12 02:00:00 +01:00
2864,FR,STA-FR04018,NO2,28.25,µg/m3,2013-08-08 22:00:00 +01:00
2865,FR,STA-FR04018,NO2,51.5,µg/m3,2013-09-12 21:00:00 +01:00
2866,FR,STA-FR04018,NO2,19.75,µg/m3,2013-08-09 02:00:00 +01:00
2867,FR,STA-FR04018,NO2,33.25,µg/m3,2013-09-12 15:00:00 +01:00
2868,FR,STA-FR04018,NO2,73.75,µg/m3,2013-08-09 06:00:00 +01:00
2869,FR,STA-FR04018,NO2,36.5,µg/m3,2013-09-11 19:00:00 +01:00
2870,FR,STA-FR04018,NO2,14.25,µg/m3,2013-08-08 04:00:00 +01:00
2871,FR,STA-FR04018,NO2,30.0,µg/m3,2013-09-11 16:00:00 +01:00
2872,FR,STA-FR04018,NO2,30.25,µg/m3,2013-09-11 05:00:00 +01:00
2873,FR,STA-FR04018,NO2,8.25,µg/m3,2013-08-08 14:00:00 +01:00
2874,FR,STA-FR04018,NO2,42.5,µg/m3,2013-09-11 08:00:00 +01:00
2875,FR,STA-FR04018,NO2,51.0,µg/m3,2013-09-13 18:00:00 +01:00
2876,FR,STA-FR04018,NO2,46.0,µg/m3,2013-08-07 06:00:00 +01:00
2877,FR,STA-FR04018,NO2,23.75,µg/m3,2013-09-10 16:00:00 +01:00
2878,FR,STA-FR04018,NO2,24.75,µg/m3,2013-08-07 20:00:00 +01:00
2879,FR,STA-FR04018,NO2,35.5,µg/m3,2013-09-10 19:00:00 +01:00
2880,FR,STA-FR04018,NO2,44.0,µg/m3,2013-09-10 08:00:00 +01:00
2881,FR,STA-FR04018,NO2,20.25,µg/m3,2013-08-07 03:00:00 +01:00
2882,FR,STA-FR04018,NO2,13.5,µg/m3,2013-09-10 00:00:00 +01:00
2883,FR,STA-FR04018,NO2,23.25,µg/m3,2013-09-08 20:00:00 +01:00
2884,FR,STA-FR04018,NO2,36.75,µg/m3,2013-09-09 19:00:00 +01:00
2885,FR,STA-FR04018,NO2,22.25,µg/m3,2013-09-08 18:00:00 +01:00
2886,FR,STA-FR04018,NO2,18.5,µg/m3,2013-09-08 23:00:00 +01:00
2887,FR,STA-FR04018,NO2,19.25,µg/m3,2013-08-05 19:00:00 +01:00
2888,FR,STA-FR04018,NO2,29.25,µg/m3,2013-08-06 13:00:00 +01:00
2889,FR,STA-FR04018,NO2,53.5,µg/m3,2013-09-09 10:00:00 +01:00
2890,FR,STA-FR04018,NO2,8.5,µg/m3,2013-08-06 01:00:00 +01:00
2891,FR,STA-FR04018,NO2,29.5,µg/m3,2013-08-06 14:00:00 +01:00
2893,FR,STA-FR04018,NO2,17.25,µg/m3,2013-08-06 04:00:00 +01:00
2894,FR,STA-FR04018,NO2,59.0,µg/m3,2013-09-07 21:00:00 +01:00
2895,FR,STA-FR04018,NO2,67.5,µg/m3,2013-08-05 09:00:00 +01:00
2896,FR,STA-FR04018,NO2,12.0,µg/m3,2013-08-03 10:00:00 +01:00
2897,FR,STA-FR04018,NO2,23.5,µg/m3,2013-09-05 23:00:00 +01:00
2898,FR,STA-FR04018,NO2,16.25,µg/m3,2013-09-07 02:00:00 +01:00
2899,FR,STA-FR04018,NO2,63.75,µg/m3,2013-08-04 00:00:00 +01:00
2900,FR,STA-FR04018,NO2,43.0,µg/m3,2013-09-06 18:00:00 +01:00
2901,FR,STA-FR04018,NO2,39.5,µg/m3,2013-09-06 15:00:00 +01:00
2902,FR,STA-FR04018,NO2,27.75,µg/m3,2013-08-04 20:00:00 +01:00
2903,FR,STA-FR04018,NO2,21.0,µg/m3,2013-09-06 21:00:00 +01:00
2904,FR,STA-FR04018,NO2,10.5,µg/m3,2013-08-04 10:00:00 +01:00
2905,FR,STA-FR04018,NO2,24.0,µg/m3,2013-09-06 23:00:00 +01:00
2906,FR,STA-FR04018,NO2,71.25,µg/m3,2013-08-05 04:00:00 +01:00
2907,FR,STA-FR04018,NO2,15.75,µg/m3,2013-09-07 14:00:00 +01:00
2908,FR,STA-FR04018,NO2,70.25,µg/m3,2013-08-05 01:00:00 +01:00
2909,FR,STA-FR04018,NO2,38.5,µg/m3,2013-08-04 23:00:00 +01:00
2910,FR,STA-FR04018,NO2,84.75,µg/m3,2013-09-05 01:00:00 +01:00
2911,FR,STA-FR04018,NO2,56.25,µg/m3,2013-08-01 19:00:00 +01:00
2912,FR,STA-FR04018,NO2,37.75,µg/m3,2013-09-04 04:00:00 +01:00
2913,FR,STA-FR04018,NO2,28.0,µg/m3,2013-09-04 12:00:00 +01:00
2914,FR,STA-FR04018,NO2,63.0,µg/m3,2013-08-02 02:00:00 +01:00
2915,FR,STA-FR04018,NO2,66.25,µg/m3,2013-08-02 05:00:00 +01:00
2916,FR,STA-FR04018,NO2,35.25,µg/m3,2013-09-05 16:00:00 +01:00
2917,FR,STA-FR04018,NO2,20.25,µg/m3,2013-09-04 14:00:00 +01:00
2918,FR,STA-FR04018,NO2,69.5,µg/m3,2013-09-05 04:00:00 +01:00
2919,FR,STA-FR04018,NO2,10.25,µg/m3,2013-08-03 05:00:00 +01:00
2920,FR,STA-FR04018,NO2,107.75,µg/m3,2013-09-05 10:00:00 +01:00
2921,FR,STA-FR04018,NO2,47.5,µg/m3,2013-09-06 05:00:00 +01:00
2922,FR,STA-FR04018,NO2,22.25,µg/m3,2013-08-02 22:00:00 +01:00
2923,FR,STA-FR04018,NO2,32.5,µg/m3,2013-07-31 18:00:00 +01:00
2924,FR,STA-FR04018,NO2,15.25,µg/m3,2013-09-03 02:00:00 +01:00
2925,FR,STA-FR04018,NO2,74.25,µg/m3,2013-09-03 08:00:00 +01:00
2926,FR,STA-FR04018,NO2,25.0,µg/m3,2013-09-02 16:00:00 +01:00
2927,FR,STA-FR04018,NO2,25.25,µg/m3,2013-07-31 11:00:00 +01:00
2928,FR,STA-FR04018,NO2,30.5,µg/m3,2013-09-02 19:00:00 +01:00
2929,FR,STA-FR04018,NO2,20.75,µg/m3,2013-07-31 14:00:00 +01:00
2930,FR,STA-FR04018,NO2,57.75,µg/m3,2013-09-04 01:00:00 +01:00
2931,FR,STA-FR04018,NO2,51.0,µg/m3,2013-09-03 20:00:00 +01:00
2932,FR,STA-FR04018,NO2,28.75,µg/m3,2013-08-01 15:00:00 +01:00
2933,FR,STA-FR04018,NO2,37.75,µg/m3,2013-09-03 11:00:00 +01:00
2934,FR,STA-FR04018,NO2,46.75,µg/m3,2013-08-01 05:00:00 +01:00
2935,FR,STA-FR04018,NO2,11.25,µg/m3,2013-07-31 00:00:00 +01:00
2936,FR,STA-FR04018,NO2,25.75,µg/m3,2013-09-02 15:00:00 +01:00
2937,FR,STA-FR04018,NO2,16.75,µg/m3,2013-07-30 11:00:00 +01:00
2938,FR,STA-FR04018,NO2,11.75,µg/m3,2013-09-02 02:00:00 +01:00
2939,FR,STA-FR04018,NO2,26.25,µg/m3,2013-09-01 22:00:00 +01:00
2940,FR,STA-FR04018,NO2,18.75,µg/m3,2013-07-30 19:00:00 +01:00
2941,FR,STA-FR04018,NO2,11.25,µg/m3,2013-07-30 04:00:00 +01:00
2942,FR,STA-FR04018,NO2,39.25,µg/m3,2013-09-01 21:00:00 +01:00
2943,FR,STA-FR04018,NO2,16.75,µg/m3,2013-07-29 12:00:00 +01:00
2944,FR,STA-FR04018,NO2,12.25,µg/m3,2013-09-01 01:00:00 +01:00
2945,FR,STA-FR04018,NO2,17.25,µg/m3,2013-07-29 15:00:00 +01:00
2946,FR,STA-FR04018,NO2,14.0,µg/m3,2013-08-31 18:00:00 +01:00
2947,FR,STA-FR04018,NO2,14.75,µg/m3,2013-09-01 04:00:00 +01:00
2948,FR,STA-FR04018,NO2,7.25,µg/m3,2013-09-01 11:00:00 +01:00
2949,FR,STA-FR04018,NO2,21.25,µg/m3,2013-09-01 19:00:00 +01:00
2950,FR,STA-FR04018,NO2,14.0,µg/m3,2013-08-31 22:00:00 +01:00
2951,FR,STA-FR04018,NO2,11.5,µg/m3,2013-07-29 02:00:00 +01:00
2952,FR,STA-FR04018,NO2,11.5,µg/m3,2013-09-01 09:00:00 +01:00
2953,FR,STA-FR04018,NO2,36.5,µg/m3,2013-07-28 22:00:00 +01:00
2954,FR,STA-FR04018,NO2,11.5,µg/m3,2013-07-29 03:00:00 +01:00
2955,FR,STA-FR04018,NO2,31.75,µg/m3,2013-07-29 08:00:00 +01:00
2956,FR,STA-FR04018,NO2,9.25,µg/m3,2013-08-31 16:00:00 +01:00
2957,FR,STA-FR04018,NO2,22.5,µg/m3,2013-07-28 19:00:00 +01:00
2958,FR,STA-FR04018,NO2,33.75,µg/m3,2013-08-30 21:00:00 +01:00
2959,FR,STA-FR04018,NO2,30.75,µg/m3,2013-07-27 19:00:00 +01:00
2960,FR,STA-FR04018,NO2,56.75,µg/m3,2013-08-30 11:00:00 +01:00
2961,FR,STA-FR04018,NO2,100.5,µg/m3,2013-08-30 06:00:00 +01:00
2962,FR,STA-FR04018,NO2,8.25,µg/m3,2013-07-28 02:00:00 +01:00
2963,FR,STA-FR04018,NO2,11.75,µg/m3,2013-08-31 10:00:00 +01:00
2964,FR,STA-FR04018,NO2,27.5,µg/m3,2013-08-31 04:00:00 +01:00
2965,FR,STA-FR04018,NO2,26.0,µg/m3,2013-08-31 03:00:00 +01:00
2966,FR,STA-FR04018,NO2,13.25,µg/m3,2013-08-28 12:00:00 +01:00
2967,FR,STA-FR04018,NO2,31.5,µg/m3,2013-08-28 19:00:00 +01:00
2968,FR,STA-FR04018,NO2,13.0,µg/m3,2013-08-28 15:00:00 +01:00
2969,FR,STA-FR04018,NO2,27.25,µg/m3,2013-07-26 13:00:00 +01:00
2970,FR,STA-FR04018,NO2,67.25,µg/m3,2013-08-29 06:00:00 +01:00
2971,FR,STA-FR04018,NO2,44.75,µg/m3,2013-07-26 19:00:00 +01:00
2972,FR,STA-FR04018,NO2,37.5,µg/m3,2013-07-26 16:00:00 +01:00
2973,FR,STA-FR04018,NO2,18.25,µg/m3,2013-08-29 02:00:00 +01:00
2975,FR,STA-FR04018,NO2,23.0,µg/m3,2013-08-29 17:00:00 +01:00
2976,FR,STA-FR04018,NO2,31.25,µg/m3,2013-08-29 22:00:00 +01:00
2977,FR,STA-FR04018,NO2,25.0,µg/m3,2013-08-29 23:00:00 +01:00
2978,FR,STA-FR04018,NO2,44.75,µg/m3,2013-07-27 06:00:00 +01:00
2979,FR,STA-FR04018,NO2,16.5,µg/m3,2013-07-27 03:00:00 +01:00
2980,FR,STA-FR04018,NO2,23.75,µg/m3,2013-08-30 00:00:00 +01:00
2981,FR,STA-FR04018,NO2,59.5,µg/m3,2013-07-26 10:00:00 +01:00
2982,FR,STA-FR04018,NO2,23.0,µg/m3,2013-08-28 23:00:00 +01:00
2983,FR,STA-FR04018,NO2,23.5,µg/m3,2013-08-27 20:00:00 +01:00
2984,FR,STA-FR04018,NO2,81.75,µg/m3,2013-07-26 00:00:00 +01:00
2985,FR,STA-FR04018,NO2,39.25,µg/m3,2013-07-25 19:00:00 +01:00
2986,FR,STA-FR04018,NO2,24.0,µg/m3,2013-07-25 12:00:00 +01:00
2987,FR,STA-FR04018,NO2,31.0,µg/m3,2013-07-25 17:00:00 +01:00
2988,FR,STA-FR04018,NO2,24.0,µg/m3,2013-07-25 14:00:00 +01:00
2989,FR,STA-FR04018,NO2,68.75,µg/m3,2013-08-05 05:00:00 +01:00
2990,FR,STA-FR04018,NO2,17.5,µg/m3,2013-08-19 10:00:00 +01:00
2991,FR,STA-FR04018,NO2,13.75,µg/m3,2013-08-19 12:00:00 +01:00
2992,FR,STA-FR04018,NO2,33.25,µg/m3,2013-08-19 06:00:00 +01:00
2993,FR,STA-FR04018,NO2,29.5,µg/m3,2013-08-18 22:00:00 +01:00
2994,FR,STA-FR04018,NO2,23.5,µg/m3,2013-07-17 00:00:00 +01:00
2995,FR,STA-FR04018,NO2,9.0,µg/m3,2013-08-19 17:00:00 +01:00
2996,FR,STA-FR04018,NO2,13.0,µg/m3,2013-08-19 16:00:00 +01:00
2997,FR,STA-FR04018,NO2,12.0,µg/m3,2013-08-19 14:00:00 +01:00
2998,FR,STA-FR04018,NO2,44.0,µg/m3,2013-08-19 22:00:00 +01:00
2999,FR,STA-FR04018,NO2,27.25,µg/m3,2013-07-17 04:00:00 +01:00
3000,FR,STA-FR04018,NO2,17.25,µg/m3,2013-07-17 21:00:00 +01:00
3001,FR,STA-FR04018,NO2,36.0,µg/m3,2013-08-20 23:00:00 +01:00
3002,FR,STA-FR04018,NO2,32.75,µg/m3,2013-07-18 09:00:00 +01:00
3003,FR,STA-FR04018,NO2,26.0,µg/m3,2013-08-20 19:00:00 +01:00
3004,FR,STA-FR04018,NO2,63.25,µg/m3,2013-08-20 07:00:00 +01:00
3005,FR,STA-FR04018,NO2,27.75,µg/m3,2013-08-20 22:00:00 +01:00
3006,FR,STA-FR04018,NO2,21.75,µg/m3,2013-07-17 14:00:00 +01:00
3007,FR,STA-FR04018,NO2,13.25,µg/m3,2013-08-18 20:00:00 +01:00
3008,FR,STA-FR04018,NO2,37.25,µg/m3,2013-07-16 02:00:00 +01:00
3009,FR,STA-FR04018,NO2,82.75,µg/m3,2013-07-16 09:00:00 +01:00
3010,FR,STA-FR04018,NO2,42.5,µg/m3,2013-07-16 05:00:00 +01:00
3011,FR,STA-FR04018,NO2,8.0,µg/m3,2013-08-18 07:00:00 +01:00
3012,FR,STA-FR04018,NO2,7.5,µg/m3,2013-08-18 09:00:00 +01:00
3013,FR,STA-FR04018,NO2,8.0,µg/m3,2013-08-18 04:00:00 +01:00
3014,FR,STA-FR04018,NO2,42.25,µg/m3,2013-07-15 01:00:00 +01:00
3015,FR,STA-FR04018,NO2,41.0,µg/m3,2013-07-14 21:00:00 +01:00
3016,FR,STA-FR04018,NO2,12.75,µg/m3,2013-08-17 16:00:00 +01:00
3017,FR,STA-FR04018,NO2,10.75,µg/m3,2013-08-17 14:00:00 +01:00
3018,FR,STA-FR04018,NO2,23.25,µg/m3,2013-07-15 03:00:00 +01:00
3019,FR,STA-FR04018,NO2,15.5,µg/m3,2013-08-16 18:00:00 +01:00
3020,FR,STA-FR04018,NO2,21.5,µg/m3,2013-08-16 22:00:00 +01:00
3021,FR,STA-FR04018,NO2,45.0,µg/m3,2013-07-14 01:00:00 +01:00
3022,FR,STA-FR04018,NO2,17.75,µg/m3,2013-08-16 21:00:00 +01:00
3023,FR,STA-FR04018,NO2,7.75,µg/m3,2013-07-14 16:00:00 +01:00
3024,FR,STA-FR04018,NO2,21.75,µg/m3,2013-07-14 04:00:00 +01:00
3025,FR,STA-FR04018,NO2,11.0,µg/m3,2013-07-14 18:00:00 +01:00
3026,FR,STA-FR04018,NO2,19.75,µg/m3,2013-07-13 05:00:00 +01:00
3027,FR,STA-FR04018,NO2,18.25,µg/m3,2013-07-13 08:00:00 +01:00
3028,FR,STA-FR04018,NO2,9.0,µg/m3,2013-07-13 14:00:00 +01:00
3029,FR,STA-FR04018,NO2,15.75,µg/m3,2013-08-16 15:00:00 +01:00
3030,FR,STA-FR04018,NO2,15.75,µg/m3,2013-07-12 18:00:00 +01:00
3031,FR,STA-FR04018,NO2,9.5,µg/m3,2013-07-13 13:00:00 +01:00
3032,FR,STA-FR04018,NO2,25.25,µg/m3,2013-07-13 00:00:00 +01:00
3033,FR,STA-FR04018,NO2,18.75,µg/m3,2013-07-13 02:00:00 +01:00
3034,FR,STA-FR04018,NO2,21.0,µg/m3,2013-08-16 12:00:00 +01:00
3035,FR,STA-FR04018,NO2,13.0,µg/m3,2013-07-10 23:00:00 +01:00
3036,FR,STA-FR04018,NO2,41.0,µg/m3,2013-08-15 23:00:00 +01:00
3037,FR,STA-FR04018,NO2,27.25,µg/m3,2013-07-11 07:00:00 +01:00
3038,FR,STA-FR04018,NO2,18.0,µg/m3,2013-07-13 07:00:00 +01:00
3039,FR,STA-FR04018,NO2,29.5,µg/m3,2013-08-16 02:00:00 +01:00
3040,FR,STA-FR04018,NO2,15.5,µg/m3,2013-07-10 14:00:00 +01:00
3041,FR,STA-FR04018,NO2,16.25,µg/m3,2013-07-10 18:00:00 +01:00
3042,FR,STA-FR04018,NO2,76.75,µg/m3,2013-08-16 07:00:00 +01:00
3043,FR,STA-FR04018,NO2,26.5,µg/m3,2013-07-11 21:00:00 +01:00
3044,FR,STA-FR04018,NO2,23.75,µg/m3,2013-07-11 20:00:00 +01:00
3045,FR,STA-FR04018,NO2,13.75,µg/m3,2013-07-12 02:00:00 +01:00
3046,FR,STA-FR04018,NO2,27.5,µg/m3,2013-07-12 09:00:00 +01:00
3047,FR,STA-FR04018,NO2,22.5,µg/m3,2013-07-13 20:00:00 +01:00
3048,FR,STA-FR04018,NO2,14.75,µg/m3,2013-07-12 14:00:00 +01:00
3049,FR,STA-FR04018,NO2,18.25,µg/m3,2013-07-12 11:00:00 +01:00
3050,FR,STA-FR04018,NO2,36.5,µg/m3,2013-07-12 06:00:00 +01:00
3051,FR,STA-FR04018,NO2,74.25,µg/m3,2013-08-16 10:00:00 +01:00
3052,FR,STA-FR04018,NO2,84.0,µg/m3,2013-07-22 06:00:00 +01:00
3053,FR,STA-FR04018,NO2,8.75,µg/m3,2013-08-25 03:00:00 +01:00
3054,FR,STA-FR04018,NO2,25.25,µg/m3,2013-07-22 19:00:00 +01:00
3055,FR,STA-FR04018,NO2,73.5,µg/m3,2013-07-23 05:00:00 +01:00
3056,FR,STA-FR04018,NO2,32.0,µg/m3,2013-08-25 16:00:00 +01:00
3057,FR,STA-FR04018,NO2,17.25,µg/m3,2013-07-22 12:00:00 +01:00
3058,FR,STA-FR04018,NO2,17.25,µg/m3,2013-07-21 16:00:00 +01:00
3059,FR,STA-FR04018,NO2,45.0,µg/m3,2013-07-21 20:00:00 +01:00
3060,FR,STA-FR04018,NO2,9.75,µg/m3,2013-08-24 18:00:00 +01:00
3061,FR,STA-FR04018,NO2,28.5,µg/m3,2013-07-22 02:00:00 +01:00
3062,FR,STA-FR04018,NO2,10.25,µg/m3,2013-08-25 01:00:00 +01:00
3063,FR,STA-FR04018,NO2,55.5,µg/m3,2013-07-22 09:00:00 +01:00
3064,FR,STA-FR04018,NO2,18.5,µg/m3,2013-08-27 17:00:00 +01:00
3065,FR,STA-FR04018,NO2,11.5,µg/m3,2013-08-28 01:00:00 +01:00
3066,FR,STA-FR04018,NO2,96.5,µg/m3,2013-07-24 21:00:00 +01:00
3067,FR,STA-FR04018,NO2,18.0,µg/m3,2013-08-26 17:00:00 +01:00
3068,FR,STA-FR04018,NO2,10.5,µg/m3,2013-07-24 04:00:00 +01:00
3069,FR,STA-FR04018,NO2,21.75,µg/m3,2013-08-26 18:00:00 +01:00
3070,FR,STA-FR04018,NO2,32.25,µg/m3,2013-07-24 08:00:00 +01:00
3071,FR,STA-FR04018,NO2,26.5,µg/m3,2013-08-26 21:00:00 +01:00
3072,FR,STA-FR04018,NO2,11.5,µg/m3,2013-08-26 12:00:00 +01:00
3073,FR,STA-FR04018,NO2,30.5,µg/m3,2013-07-23 11:00:00 +01:00
3074,FR,STA-FR04018,NO2,23.25,µg/m3,2013-08-25 21:00:00 +01:00
3075,FR,STA-FR04018,NO2,46.25,µg/m3,2013-08-26 06:00:00 +01:00
3076,FR,STA-FR04018,NO2,36.0,µg/m3,2013-07-23 15:00:00 +01:00
3077,FR,STA-FR04018,NO2,19.25,µg/m3,2013-07-23 18:00:00 +01:00
3078,FR,STA-FR04018,NO2,16.75,µg/m3,2013-07-19 18:00:00 +01:00
3079,FR,STA-FR04018,NO2,40.0,µg/m3,2013-08-22 23:00:00 +01:00
3080,FR,STA-FR04018,NO2,18.75,µg/m3,2013-08-22 19:00:00 +01:00
3081,FR,STA-FR04018,NO2,24.75,µg/m3,2013-08-22 01:00:00 +01:00
3082,FR,STA-FR04018,NO2,11.0,µg/m3,2013-08-21 15:00:00 +01:00
3083,FR,STA-FR04018,NO2,19.75,µg/m3,2013-07-18 03:00:00 +01:00
3084,FR,STA-FR04018,NO2,38.0,µg/m3,2013-08-21 03:00:00 +01:00
3085,FR,STA-FR04018,NO2,10.0,µg/m3,2013-08-21 12:00:00 +01:00
3086,FR,STA-FR04018,NO2,77.5,µg/m3,2013-08-21 09:00:00 +01:00
3087,FR,STA-FR04018,NO2,15.0,µg/m3,2013-07-18 18:00:00 +01:00
3088,FR,STA-FR04018,NO2,15.5,µg/m3,2013-07-18 16:00:00 +01:00
3089,FR,STA-FR04018,NO2,17.5,µg/m3,2013-07-19 00:00:00 +01:00
3090,FR,STA-FR04018,NO2,16.75,µg/m3,2013-07-19 02:00:00 +01:00
3091,FR,STA-FR04018,NO2,48.5,µg/m3,2013-08-22 04:00:00 +01:00
3092,FR,STA-FR04018,NO2,28.5,µg/m3,2013-08-23 14:00:00 +01:00
3093,FR,STA-FR04018,NO2,20.25,µg/m3,2013-07-21 18:00:00 +01:00
3094,FR,STA-FR04018,NO2,14.0,µg/m3,2013-07-21 13:00:00 +01:00
3095,FR,STA-FR04018,NO2,15.25,µg/m3,2013-07-21 01:00:00 +01:00
3096,FR,STA-FR04018,NO2,23.75,µg/m3,2013-07-20 07:00:00 +01:00
3097,FR,STA-FR04018,NO2,39.25,µg/m3,2013-08-23 00:00:00 +01:00
3098,FR,STA-FR04018,NO2,82.25,µg/m3,2013-08-23 08:00:00 +01:00
3099,FR,STA-FR04018,NO2,15.5,µg/m3,2013-07-20 19:00:00 +01:00
3100,FR,STA-FR04018,NO2,35.5,µg/m3,2013-08-23 03:00:00 +01:00
3101,FR,STA-FR04018,NO2,12.5,µg/m3,2013-07-20 16:00:00 +01:00
3102,FR,STA-FR04018,NO2,22.75,µg/m3,2013-08-22 21:00:00 +01:00
3103,FR,STA-FR04018,NO2,19.75,µg/m3,2013-07-20 08:00:00 +01:00
3104,FR,STA-FR04018,NO2,18.0,µg/m3,2013-07-20 11:00:00 +01:00
3105,FR,STA-FR04018,NO2,9.25,µg/m3,2013-07-06 14:00:00 +01:00
3106,FR,STA-FR04018,NO2,23.75,µg/m3,2013-07-06 22:00:00 +01:00
3107,FR,STA-FR04018,NO2,14.0,µg/m3,2013-08-13 02:00:00 +01:00
3108,FR,STA-FR04018,NO2,9.0,µg/m3,2013-07-05 16:00:00 +01:00
3109,FR,STA-FR04018,NO2,16.0,µg/m3,2013-07-05 19:00:00 +01:00
3110,FR,STA-FR04018,NO2,20.25,µg/m3,2013-07-05 20:00:00 +01:00
3111,FR,STA-FR04018,NO2,26.75,µg/m3,2013-07-05 03:00:00 +01:00
3112,FR,STA-FR04018,NO2,21.75,µg/m3,2013-07-05 07:00:00 +01:00
3113,FR,STA-FR04018,NO2,12.0,µg/m3,2013-08-12 18:00:00 +01:00
3114,FR,STA-FR04018,NO2,15.5,µg/m3,2013-08-12 13:00:00 +01:00
3115,FR,STA-FR04018,NO2,40.5,µg/m3,2013-07-04 23:00:00 +01:00
3116,FR,STA-FR04018,NO2,22.5,µg/m3,2013-07-04 16:00:00 +01:00
3117,FR,STA-FR04018,NO2,52.0,µg/m3,2013-08-12 05:00:00 +01:00
3118,FR,STA-FR04018,NO2,42.0,µg/m3,2013-07-04 22:00:00 +01:00
3119,FR,STA-FR04018,NO2,55.75,µg/m3,2013-08-11 22:00:00 +01:00
3120,FR,STA-FR04018,NO2,33.0,µg/m3,2013-07-03 08:00:00 +01:00
3121,FR,STA-FR04018,NO2,65.5,µg/m3,2013-08-11 23:00:00 +01:00
3122,FR,STA-FR04018,NO2,16.0,µg/m3,2013-07-03 12:00:00 +01:00
3123,FR,STA-FR04018,NO2,18.0,µg/m3,2013-07-03 20:00:00 +01:00
3124,FR,STA-FR04018,NO2,15.0,µg/m3,2013-07-04 00:00:00 +01:00
3125,FR,STA-FR04018,NO2,17.5,µg/m3,2013-07-03 23:00:00 +01:00
3126,FR,STA-FR04018,NO2,16.25,µg/m3,2013-07-04 03:00:00 +01:00
3127,FR,STA-FR04018,NO2,36.75,µg/m3,2013-07-05 00:00:00 +01:00
3128,FR,STA-FR04018,NO2,37.5,µg/m3,2013-07-04 08:00:00 +01:00
3129,FR,STA-FR04018,NO2,25.25,µg/m3,2013-07-04 11:00:00 +01:00
3130,FR,STA-FR04018,NO2,7.5,µg/m3,2013-07-03 02:00:00 +01:00
3131,FR,STA-FR04018,NO2,14.5,µg/m3,2013-08-11 19:00:00 +01:00
3132,FR,STA-FR04018,NO2,35.5,µg/m3,2013-07-02 14:00:00 +01:00
3133,FR,STA-FR04018,NO2,10.25,µg/m3,2013-08-11 13:00:00 +01:00
3134,FR,STA-FR04018,NO2,21.75,µg/m3,2013-07-04 19:00:00 +01:00
3135,FR,STA-FR04018,NO2,53.75,µg/m3,2013-07-02 06:00:00 +01:00
3136,FR,STA-FR04018,NO2,9.0,µg/m3,2013-08-11 16:00:00 +01:00
3137,FR,STA-FR04018,NO2,20.0,µg/m3,2013-07-10 03:00:00 +01:00
3138,FR,STA-FR04018,NO2,33.25,µg/m3,2013-08-15 05:00:00 +01:00
3139,FR,STA-FR04018,NO2,22.25,µg/m3,2013-07-10 04:00:00 +01:00
3140,FR,STA-FR04018,NO2,24.0,µg/m3,2013-08-15 01:00:00 +01:00
3141,FR,STA-FR04018,NO2,22.75,µg/m3,2013-07-09 11:00:00 +01:00
3142,FR,STA-FR04018,NO2,15.5,µg/m3,2013-07-09 15:00:00 +01:00
3143,FR,STA-FR04018,NO2,15.25,µg/m3,2013-08-14 14:00:00 +01:00
3144,FR,STA-FR04018,NO2,22.25,µg/m3,2013-07-08 21:00:00 +01:00
3145,FR,STA-FR04018,NO2,39.0,µg/m3,2013-07-09 05:00:00 +01:00
3146,FR,STA-FR04018,NO2,27.5,µg/m3,2013-08-14 11:00:00 +01:00
3147,FR,STA-FR04018,NO2,36.25,µg/m3,2013-07-09 07:00:00 +01:00
3148,FR,STA-FR04018,NO2,14.75,µg/m3,2013-08-14 17:00:00 +01:00
3149,FR,STA-FR04018,NO2,37.75,µg/m3,2013-07-08 08:00:00 +01:00
3150,FR,STA-FR04018,NO2,14.5,µg/m3,2013-07-07 05:00:00 +01:00
3151,FR,STA-FR04018,NO2,38.5,µg/m3,2013-08-14 04:00:00 +01:00
3152,FR,STA-FR04018,NO2,13.0,µg/m3,2013-08-13 15:00:00 +01:00
3153,FR,STA-FR04018,NO2,19.0,µg/m3,2013-07-07 06:00:00 +01:00
3154,FR,STA-FR04018,NO2,21.0,µg/m3,2013-08-13 10:00:00 +01:00
3155,FR,STA-FR04018,NO2,12.25,µg/m3,2013-07-06 16:00:00 +01:00
3156,FR,STA-FR04018,NO2,15.25,µg/m3,2013-07-07 02:00:00 +01:00
3157,FR,STA-FR04018,NO2,39.0,µg/m3,2013-08-13 06:00:00 +01:00
3158,FR,STA-FR04018,NO2,12.75,µg/m3,2013-07-08 01:00:00 +01:00
3159,FR,STA-FR04018,NO2,19.75,µg/m3,2013-07-07 20:00:00 +01:00
3160,FR,STA-FR04018,NO2,16.0,µg/m3,2013-08-13 21:00:00 +01:00
3161,FR,STA-FR04018,NO2,56.0,µg/m3,2013-08-14 05:00:00 +01:00
3162,FR,STA-FR04018,NO2,59.25,µg/m3,2013-08-14 08:00:00 +01:00
3163,FR,STA-FR04018,NO2,14.0,µg/m3,2013-07-08 15:00:00 +01:00
3164,FR,STA-FR04018,NO2,13.25,µg/m3,2013-06-30 17:00:00 +01:00
3165,FR,STA-FR04018,NO2,26.25,µg/m3,2013-08-11 04:00:00 +01:00
3166,FR,STA-FR04018,NO2,12.0,µg/m3,2013-06-30 20:00:00 +01:00
3167,FR,STA-FR04018,NO2,27.75,µg/m3,2013-08-10 23:00:00 +01:00
3168,FR,STA-FR04018,NO2,11.0,µg/m3,2013-08-10 19:00:00 +01:00
3169,FR,STA-FR04018,NO2,52.5,µg/m3,2013-06-30 04:00:00 +01:00
3170,FR,STA-FR04018,NO2,21.75,µg/m3,2013-08-10 06:00:00 +01:00
3171,FR,STA-FR04018,NO2,39.5,µg/m3,2013-07-02 18:00:00 +01:00
3172,FR,STA-FR04018,NO2,28.75,µg/m3,2013-07-02 03:00:00 +01:00
3173,FR,STA-FR04018,NO2,39.0,µg/m3,2013-08-11 07:00:00 +01:00
3174,FR,STA-FR04018,NO2,41.25,µg/m3,2013-07-02 11:00:00 +01:00
3175,FR,STA-FR04018,NO2,19.5,µg/m3,2013-07-01 17:00:00 +01:00
3176,FR,STA-FR04018,NO2,13.0,µg/m3,2013-06-29 20:00:00 +01:00
3177,FR,STA-FR04018,NO2,15.5,µg/m3,2013-06-29 06:00:00 +01:00
3178,FR,STA-FR04018,NO2,18.5,µg/m3,2013-08-09 20:00:00 +01:00
3179,FR,STA-FR04018,NO2,14.5,µg/m3,2013-08-10 03:00:00 +01:00
3180,FR,STA-FR04018,NO2,26.75,µg/m3,2013-06-28 14:00:00 +01:00
3181,FR,STA-FR04018,NO2,16.0,µg/m3,2013-08-08 19:00:00 +01:00
3182,FR,STA-FR04018,NO2,8.25,µg/m3,2013-06-29 14:00:00 +01:00
3183,FR,STA-FR04018,NO2,18.5,µg/m3,2013-08-09 17:00:00 +01:00
3184,FR,STA-FR04018,NO2,24.75,µg/m3,2013-08-09 03:00:00 +01:00
3185,FR,STA-FR04018,NO2,76.25,µg/m3,2013-08-09 07:00:00 +01:00
3186,FR,STA-FR04018,NO2,21.25,µg/m3,2013-08-07 17:00:00 +01:00
3187,FR,STA-FR04018,NO2,56.75,µg/m3,2013-08-06 21:00:00 +01:00
3188,FR,STA-FR04018,NO2,77.5,µg/m3,2013-06-26 07:00:00 +01:00
3189,FR,STA-FR04018,NO2,40.0,µg/m3,2013-08-06 08:00:00 +01:00
3190,FR,STA-FR04018,NO2,31.75,µg/m3,2013-06-25 03:00:00 +01:00
3191,FR,STA-FR04018,NO2,23.0,µg/m3,2013-08-05 17:00:00 +01:00
3192,FR,STA-FR04018,NO2,25.75,µg/m3,2013-08-06 05:00:00 +01:00
3193,FR,STA-FR04018,NO2,19.75,µg/m3,2013-08-05 23:00:00 +01:00
3194,FR,STA-FR04018,NO2,51.0,µg/m3,2013-08-06 11:00:00 +01:00
3195,FR,STA-FR04018,NO2,4.75,µg/m3,2013-08-06 02:00:00 +01:00
3196,FR,STA-FR04018,NO2,64.0,µg/m3,2013-06-27 06:00:00 +01:00
3197,FR,STA-FR04018,NO2,39.75,µg/m3,2013-08-07 07:00:00 +01:00
3198,FR,STA-FR04018,NO2,14.25,µg/m3,2013-06-27 02:00:00 +01:00
3199,FR,STA-FR04018,NO2,47.0,µg/m3,2013-06-26 23:00:00 +01:00
3200,FR,STA-FR04018,NO2,23.5,µg/m3,2013-08-07 23:00:00 +01:00
3201,FR,STA-FR04018,NO2,17.5,µg/m3,2013-06-27 21:00:00 +01:00
3202,FR,STA-FR04018,NO2,26.5,µg/m3,2013-08-07 10:00:00 +01:00
3203,FR,STA-FR04018,NO2,17.25,µg/m3,2013-08-07 13:00:00 +01:00
3204,FR,STA-FR04018,NO2,12.5,µg/m3,2013-06-27 13:00:00 +01:00
3205,FR,STA-FR04018,NO2,28.75,µg/m3,2013-08-08 08:00:00 +01:00
3206,FR,STA-FR04018,NO2,17.75,µg/m3,2013-06-28 04:00:00 +01:00
3207,FR,STA-FR04018,NO2,25.5,µg/m3,2013-08-08 20:00:00 +01:00
3208,FR,STA-FR04018,NO2,49.0,µg/m3,2013-06-28 05:00:00 +01:00
3209,FR,STA-FR04018,NO2,12.25,µg/m3,2013-08-08 03:00:00 +01:00
3210,FR,STA-FR04018,NO2,24.75,µg/m3,2013-06-27 10:00:00 +01:00
3211,FR,STA-FR04018,NO2,7.25,µg/m3,2013-08-08 12:00:00 +01:00
3212,FR,STA-FR04018,NO2,24.75,µg/m3,2013-08-07 21:00:00 +01:00
3213,FR,STA-FR04018,NO2,17.25,µg/m3,2013-06-03 17:00:00 +01:00
3214,FR,STA-FR04018,NO2,87.75,µg/m3,2013-07-15 07:00:00 +01:00
3216,FR,STA-FR04018,NO2,29.5,µg/m3,2013-06-03 06:00:00 +01:00
3217,FR,STA-FR04018,NO2,16.0,µg/m3,2013-06-03 16:00:00 +01:00
3218,FR,STA-FR04018,NO2,22.5,µg/m3,2013-06-03 09:00:00 +01:00
3219,FR,STA-FR04018,NO2,9.25,µg/m3,2013-06-03 01:00:00 +01:00
3220,FR,STA-FR04018,NO2,10.25,µg/m3,2013-07-14 14:00:00 +01:00
3221,FR,STA-FR04018,NO2,12.0,µg/m3,2013-07-14 19:00:00 +01:00
3222,FR,STA-FR04018,NO2,6.25,µg/m3,2013-06-02 14:00:00 +01:00
3223,FR,STA-FR04018,NO2,7.0,µg/m3,2013-06-02 09:00:00 +01:00
3224,FR,STA-FR04018,NO2,29.75,µg/m3,2013-07-13 21:00:00 +01:00
3225,FR,STA-FR04018,NO2,31.75,µg/m3,2013-07-13 22:00:00 +01:00
3226,FR,STA-FR04018,NO2,14.0,µg/m3,2013-07-13 18:00:00 +01:00
3227,FR,STA-FR04018,NO2,11.75,µg/m3,2013-06-02 00:00:00 +01:00
3228,FR,STA-FR04018,NO2,43.5,µg/m3,2013-07-13 23:00:00 +01:00
3229,FR,STA-FR04018,NO2,15.0,µg/m3,2013-06-01 19:00:00 +01:00
3230,FR,STA-FR04018,NO2,6.25,µg/m3,2013-06-02 04:00:00 +01:00
3231,FR,STA-FR04018,NO2,15.75,µg/m3,2013-07-13 03:00:00 +01:00
3232,FR,STA-FR04018,NO2,14.75,µg/m3,2013-06-01 16:00:00 +01:00
3233,FR,STA-FR04018,NO2,9.75,µg/m3,2013-06-01 11:00:00 +01:00
3234,FR,STA-FR04018,NO2,13.75,µg/m3,2013-07-12 15:00:00 +01:00
3235,FR,STA-FR04018,NO2,28.75,µg/m3,2013-07-12 22:00:00 +01:00
3236,FR,STA-FR04018,NO2,16.5,µg/m3,2013-06-01 01:00:00 +01:00
3237,FR,STA-FR04018,NO2,18.5,µg/m3,2013-07-12 12:00:00 +01:00
3238,FR,STA-FR04018,NO2,32.25,µg/m3,2013-05-31 22:00:00 +01:00
3239,FR,STA-FR04018,NO2,36.5,µg/m3,2013-07-09 06:00:00 +01:00
3240,FR,STA-FR04018,NO2,19.0,µg/m3,2013-07-09 20:00:00 +01:00
3241,FR,STA-FR04018,NO2,20.75,µg/m3,2013-07-08 23:00:00 +01:00
3242,FR,STA-FR04018,NO2,17.25,µg/m3,2013-07-09 00:00:00 +01:00
3243,FR,STA-FR04018,NO2,13.75,µg/m3,2013-07-09 02:00:00 +01:00
3244,FR,STA-FR04018,NO2,14.0,µg/m3,2013-07-09 03:00:00 +01:00
3245,FR,STA-FR04018,NO2,16.5,µg/m3,2013-07-10 20:00:00 +01:00
3246,FR,STA-FR04018,NO2,57.75,µg/m3,2013-05-29 08:00:00 +01:00
3247,FR,STA-FR04018,NO2,18.75,µg/m3,2013-07-10 19:00:00 +01:00
3248,FR,STA-FR04018,NO2,13.5,µg/m3,2013-07-11 11:00:00 +01:00
3249,FR,STA-FR04018,NO2,13.25,µg/m3,2013-07-11 12:00:00 +01:00
3250,FR,STA-FR04018,NO2,13.0,µg/m3,2013-07-11 15:00:00 +01:00
3251,FR,STA-FR04018,NO2,14.75,µg/m3,2013-05-31 00:00:00 +01:00
3252,FR,STA-FR04018,NO2,29.75,µg/m3,2013-05-31 11:00:00 +01:00
3253,FR,STA-FR04018,NO2,17.5,µg/m3,2013-06-01 08:00:00 +01:00
3254,FR,STA-FR04018,NO2,11.25,µg/m3,2013-05-31 03:00:00 +01:00
3255,FR,STA-FR04018,NO2,16.75,µg/m3,2013-07-12 04:00:00 +01:00
3256,FR,STA-FR04018,NO2,52.75,µg/m3,2013-05-30 08:00:00 +01:00
3257,FR,STA-FR04018,NO2,24.75,µg/m3,2013-05-30 04:00:00 +01:00
3258,FR,STA-FR04018,NO2,16.5,µg/m3,2013-07-10 16:00:00 +01:00
3259,FR,STA-FR04018,NO2,31.25,µg/m3,2013-05-30 15:00:00 +01:00
3260,FR,STA-FR04018,NO2,56.25,µg/m3,2013-05-30 22:00:00 +01:00
3261,FR,STA-FR04018,NO2,97.25,µg/m3,2013-05-30 19:00:00 +01:00
3262,FR,STA-FR04018,NO2,19.5,µg/m3,2013-07-11 08:00:00 +01:00
3263,FR,STA-FR04018,NO2,13.0,µg/m3,2013-06-04 02:00:00 +01:00
3264,FR,STA-FR04018,NO2,21.25,µg/m3,2013-07-15 19:00:00 +01:00
3265,FR,STA-FR04018,NO2,23.5,µg/m3,2013-07-15 22:00:00 +01:00
3266,FR,STA-FR04018,NO2,20.5,µg/m3,2013-07-16 01:00:00 +01:00
3267,FR,STA-FR04018,NO2,23.5,µg/m3,2013-07-16 13:00:00 +01:00
3268,FR,STA-FR04018,NO2,13.75,µg/m3,2013-06-04 16:00:00 +01:00
3269,FR,STA-FR04018,NO2,27.75,µg/m3,2013-07-15 23:00:00 +01:00
3270,FR,STA-FR04018,NO2,11.25,µg/m3,2013-06-04 12:00:00 +01:00
3271,FR,STA-FR04018,NO2,21.5,µg/m3,2013-06-06 01:00:00 +01:00
3272,FR,STA-FR04018,NO2,17.75,µg/m3,2013-07-17 15:00:00 +01:00
3273,FR,STA-FR04018,NO2,29.0,µg/m3,2013-07-16 12:00:00 +01:00
3274,FR,STA-FR04018,NO2,37.0,µg/m3,2013-06-05 06:00:00 +01:00
3275,FR,STA-FR04018,NO2,23.25,µg/m3,2013-06-05 11:00:00 +01:00
3276,FR,STA-FR04018,NO2,25.0,µg/m3,2013-07-16 20:00:00 +01:00
3277,FR,STA-FR04018,NO2,19.25,µg/m3,2013-07-16 16:00:00 +01:00
3278,FR,STA-FR04018,NO2,28.5,µg/m3,2013-06-05 23:00:00 +01:00
3279,FR,STA-FR04018,NO2,56.0,µg/m3,2013-06-06 08:00:00 +01:00
3280,FR,STA-FR04018,NO2,46.0,µg/m3,2013-06-06 10:00:00 +01:00
3281,FR,STA-FR04018,NO2,42.0,µg/m3,2013-07-17 05:00:00 +01:00
3282,FR,STA-FR04018,NO2,57.0,µg/m3,2013-07-17 08:00:00 +01:00
3283,FR,STA-FR04018,NO2,13.25,µg/m3,2013-07-17 16:00:00 +01:00
3284,FR,STA-FR04018,NO2,30.25,µg/m3,2013-06-06 04:00:00 +01:00
3285,FR,STA-FR04018,NO2,27.25,µg/m3,2013-07-17 11:00:00 +01:00
3286,FR,STA-FR04018,NO2,58.25,µg/m3,2013-06-05 22:00:00 +01:00
3287,FR,STA-FR04018,NO2,39.5,µg/m3,2013-06-07 09:00:00 +01:00
3288,FR,STA-FR04018,NO2,17.75,µg/m3,2013-06-07 19:00:00 +01:00
3289,FR,STA-FR04018,NO2,18.5,µg/m3,2013-07-18 20:00:00 +01:00
3290,FR,STA-FR04018,NO2,17.0,µg/m3,2013-06-07 12:00:00 +01:00
3291,FR,STA-FR04018,NO2,15.75,µg/m3,2013-07-18 13:00:00 +01:00
3292,FR,STA-FR04018,NO2,53.0,µg/m3,2013-06-07 02:00:00 +01:00
3293,FR,STA-FR04018,NO2,7.0,µg/m3,2013-06-10 03:00:00 +01:00
3294,FR,STA-FR04018,NO2,16.25,µg/m3,2013-07-20 22:00:00 +01:00
3295,FR,STA-FR04018,NO2,11.0,µg/m3,2013-06-09 14:00:00 +01:00
3296,FR,STA-FR04018,NO2,17.25,µg/m3,2013-07-21 00:00:00 +01:00
3297,FR,STA-FR04018,NO2,12.0,µg/m3,2013-06-09 05:00:00 +01:00
3298,FR,STA-FR04018,NO2,15.25,µg/m3,2013-07-20 20:00:00 +01:00
3299,FR,STA-FR04018,NO2,10.25,µg/m3,2013-06-10 04:00:00 +01:00
3300,FR,STA-FR04018,NO2,21.75,µg/m3,2013-06-09 19:00:00 +01:00
3302,FR,STA-FR04018,NO2,34.5,µg/m3,2013-07-21 23:00:00 +01:00
3303,FR,STA-FR04018,NO2,51.25,µg/m3,2013-07-21 21:00:00 +01:00
3304,FR,STA-FR04018,NO2,23.5,µg/m3,2013-07-22 00:00:00 +01:00
3305,FR,STA-FR04018,NO2,25.0,µg/m3,2013-07-22 03:00:00 +01:00
3306,FR,STA-FR04018,NO2,104.75,µg/m3,2013-07-22 07:00:00 +01:00
3307,FR,STA-FR04018,NO2,13.75,µg/m3,2013-07-21 02:00:00 +01:00
3308,FR,STA-FR04018,NO2,12.75,µg/m3,2013-07-20 12:00:00 +01:00
3309,FR,STA-FR04018,NO2,20.0,µg/m3,2013-07-20 05:00:00 +01:00
3310,FR,STA-FR04018,NO2,13.0,µg/m3,2013-06-08 16:00:00 +01:00
3311,FR,STA-FR04018,NO2,26.75,µg/m3,2013-07-19 22:00:00 +01:00
3312,FR,STA-FR04018,NO2,20.0,µg/m3,2013-07-19 19:00:00 +01:00
3313,FR,STA-FR04018,NO2,14.25,µg/m3,2013-07-20 17:00:00 +01:00
3314,FR,STA-FR04018,NO2,59.25,µg/m3,2013-07-21 22:00:00 +01:00
3315,FR,STA-FR04018,NO2,10.75,µg/m3,2013-07-20 14:00:00 +01:00
3316,FR,STA-FR04018,NO2,13.5,µg/m3,2013-07-21 14:00:00 +01:00
3317,FR,STA-FR04018,NO2,19.0,µg/m3,2013-07-20 09:00:00 +01:00
3318,FR,STA-FR04018,NO2,14.0,µg/m3,2013-07-19 13:00:00 +01:00
3319,FR,STA-FR04018,NO2,27.0,µg/m3,2013-07-19 10:00:00 +01:00
3320,FR,STA-FR04018,NO2,18.25,µg/m3,2013-06-08 04:00:00 +01:00
3321,FR,STA-FR04018,NO2,16.5,µg/m3,2013-07-19 03:00:00 +01:00
3322,FR,STA-FR04018,NO2,17.0,µg/m3,2013-07-19 16:00:00 +01:00
3323,FR,STA-FR04018,NO2,61.75,µg/m3,2013-06-14 06:00:00 +01:00
3324,FR,STA-FR04018,NO2,30.25,µg/m3,2013-06-13 21:00:00 +01:00
3325,FR,STA-FR04018,NO2,45.25,µg/m3,2013-06-13 11:00:00 +01:00
3326,FR,STA-FR04018,NO2,27.5,µg/m3,2013-07-25 10:00:00 +01:00
3327,FR,STA-FR04018,NO2,37.75,µg/m3,2013-06-12 09:00:00 +01:00
3328,FR,STA-FR04018,NO2,41.25,µg/m3,2013-06-13 10:00:00 +01:00
3329,FR,STA-FR04018,NO2,36.5,µg/m3,2013-06-13 14:00:00 +01:00
3330,FR,STA-FR04018,NO2,88.75,µg/m3,2013-07-25 00:00:00 +01:00
3331,FR,STA-FR04018,NO2,85.0,µg/m3,2013-07-24 23:00:00 +01:00
3332,FR,STA-FR04018,NO2,43.5,µg/m3,2013-06-11 09:00:00 +01:00
3333,FR,STA-FR04018,NO2,46.75,µg/m3,2013-06-11 18:00:00 +01:00
3334,FR,STA-FR04018,NO2,38.5,µg/m3,2013-07-23 02:00:00 +01:00
3335,FR,STA-FR04018,NO2,32.25,µg/m3,2013-07-23 00:00:00 +01:00
3336,FR,STA-FR04018,NO2,16.5,µg/m3,2013-07-22 17:00:00 +01:00
3337,FR,STA-FR04018,NO2,35.75,µg/m3,2013-06-11 12:00:00 +01:00
3338,FR,STA-FR04018,NO2,29.5,µg/m3,2013-07-23 03:00:00 +01:00
3339,FR,STA-FR04018,NO2,15.0,µg/m3,2013-06-12 02:00:00 +01:00
3340,FR,STA-FR04018,NO2,38.0,µg/m3,2013-07-23 09:00:00 +01:00
3341,FR,STA-FR04018,NO2,94.0,µg/m3,2013-07-23 06:00:00 +01:00
3342,FR,STA-FR04018,NO2,32.5,µg/m3,2013-06-11 20:00:00 +01:00
3343,FR,STA-FR04018,NO2,31.0,µg/m3,2013-06-12 15:00:00 +01:00
3344,FR,STA-FR04018,NO2,72.75,µg/m3,2013-07-24 19:00:00 +01:00
3345,FR,STA-FR04018,NO2,35.75,µg/m3,2013-06-12 05:00:00 +01:00
3346,FR,STA-FR04018,NO2,29.75,µg/m3,2013-06-12 16:00:00 +01:00
3347,FR,STA-FR04018,NO2,22.5,µg/m3,2013-07-23 22:00:00 +01:00
3348,FR,STA-FR04018,NO2,54.5,µg/m3,2013-07-26 04:00:00 +01:00
3349,FR,STA-FR04018,NO2,49.5,µg/m3,2013-07-26 05:00:00 +01:00
3350,FR,STA-FR04018,NO2,45.75,µg/m3,2013-06-15 00:00:00 +01:00
3351,FR,STA-FR04018,NO2,28.0,µg/m3,2013-06-14 17:00:00 +01:00
3352,FR,STA-FR04018,NO2,20.0,µg/m3,2013-07-26 21:00:00 +01:00
3353,FR,STA-FR04018,NO2,14.0,µg/m3,2013-06-15 11:00:00 +01:00
3354,FR,STA-FR04018,NO2,29.5,µg/m3,2013-07-27 01:00:00 +01:00
3355,FR,STA-FR04018,NO2,12.75,µg/m3,2013-06-15 15:00:00 +01:00
3356,FR,STA-FR04018,NO2,13.75,µg/m3,2013-06-15 10:00:00 +01:00
3357,FR,STA-FR04018,NO2,15.5,µg/m3,2013-06-15 18:00:00 +01:00
3358,FR,STA-FR04018,NO2,51.25,µg/m3,2013-07-27 07:00:00 +01:00
3359,FR,STA-FR04018,NO2,20.25,µg/m3,2013-07-27 04:00:00 +01:00
3360,FR,STA-FR04018,NO2,20.25,µg/m3,2013-07-27 22:00:00 +01:00
3361,FR,STA-FR04018,NO2,11.75,µg/m3,2013-06-16 11:00:00 +01:00
3362,FR,STA-FR04018,NO2,16.5,µg/m3,2013-06-15 19:00:00 +01:00
3363,FR,STA-FR04018,NO2,16.5,µg/m3,2013-06-16 15:00:00 +01:00
3364,FR,STA-FR04018,NO2,17.5,µg/m3,2013-07-27 20:00:00 +01:00
3365,FR,STA-FR04018,NO2,19.25,µg/m3,2013-06-16 06:00:00 +01:00
3366,FR,STA-FR04018,NO2,8.0,µg/m3,2013-07-28 05:00:00 +01:00
3367,FR,STA-FR04018,NO2,18.75,µg/m3,2013-06-17 04:00:00 +01:00
3368,FR,STA-FR04018,NO2,19.5,µg/m3,2013-07-28 13:00:00 +01:00
3369,FR,STA-FR04018,NO2,17.75,µg/m3,2013-07-28 15:00:00 +01:00
3370,FR,STA-FR04018,NO2,13.0,µg/m3,2013-07-28 08:00:00 +01:00
3371,FR,STA-FR04018,NO2,17.0,µg/m3,2013-07-28 10:00:00 +01:00
3372,FR,STA-FR04018,NO2,13.25,µg/m3,2013-06-16 12:00:00 +01:00
3373,FR,STA-FR04018,NO2,17.75,µg/m3,2013-06-16 16:00:00 +01:00
3374,FR,STA-FR04018,NO2,39.0,µg/m3,2013-07-28 23:00:00 +01:00
3375,FR,STA-FR04018,NO2,41.0,µg/m3,2013-06-17 07:00:00 +01:00
3376,FR,STA-FR04018,NO2,37.0,µg/m3,2013-07-29 00:00:00 +01:00
3377,FR,STA-FR04018,NO2,20.25,µg/m3,2013-07-28 17:00:00 +01:00
3378,FR,STA-FR04018,NO2,31.25,µg/m3,2013-07-28 20:00:00 +01:00
3379,FR,STA-FR04018,NO2,12.25,µg/m3,2013-06-17 01:00:00 +01:00
3380,FR,STA-FR04018,NO2,53.0,µg/m3,2013-07-29 19:00:00 +01:00
3381,FR,STA-FR04018,NO2,33.0,µg/m3,2013-07-29 06:00:00 +01:00
3382,FR,STA-FR04018,NO2,87.5,µg/m3,2013-08-01 20:00:00 +01:00
3383,FR,STA-FR04018,NO2,36.75,µg/m3,2013-06-21 10:00:00 +01:00
3384,FR,STA-FR04018,NO2,63.0,µg/m3,2013-06-20 10:00:00 +01:00
3385,FR,STA-FR04018,NO2,46.75,µg/m3,2013-07-31 19:00:00 +01:00
3386,FR,STA-FR04018,NO2,50.25,µg/m3,2013-08-01 09:00:00 +01:00
3387,FR,STA-FR04018,NO2,20.25,µg/m3,2013-07-31 13:00:00 +01:00
3388,FR,STA-FR04018,NO2,54.75,µg/m3,2013-06-20 04:00:00 +01:00
3389,FR,STA-FR04018,NO2,32.75,µg/m3,2013-08-01 12:00:00 +01:00
3391,FR,STA-FR04018,NO2,50.75,µg/m3,2013-06-19 22:00:00 +01:00
3392,FR,STA-FR04018,NO2,43.5,µg/m3,2013-06-19 09:00:00 +01:00
3393,FR,STA-FR04018,NO2,47.25,µg/m3,2013-06-18 01:00:00 +01:00
3394,FR,STA-FR04018,NO2,37.0,µg/m3,2013-06-17 15:00:00 +01:00
3395,FR,STA-FR04018,NO2,30.0,µg/m3,2013-07-31 06:00:00 +01:00
3396,FR,STA-FR04018,NO2,81.25,µg/m3,2013-06-18 08:00:00 +01:00
3397,FR,STA-FR04018,NO2,21.75,µg/m3,2013-07-29 23:00:00 +01:00
3398,FR,STA-FR04018,NO2,22.25,µg/m3,2013-07-30 05:00:00 +01:00
3399,FR,STA-FR04018,NO2,52.0,µg/m3,2013-06-19 06:00:00 +01:00
3400,FR,STA-FR04018,NO2,18.75,µg/m3,2013-07-31 15:00:00 +01:00
3401,FR,STA-FR04018,NO2,22.75,µg/m3,2013-07-30 14:00:00 +01:00
3402,FR,STA-FR04018,NO2,73.25,µg/m3,2013-08-05 02:00:00 +01:00
3403,FR,STA-FR04018,NO2,26.75,µg/m3,2013-06-24 14:00:00 +01:00
3404,FR,STA-FR04018,NO2,89.5,µg/m3,2013-08-05 07:00:00 +01:00
3405,FR,STA-FR04018,NO2,15.25,µg/m3,2013-08-05 20:00:00 +01:00
3406,FR,STA-FR04018,NO2,26.25,µg/m3,2013-08-05 13:00:00 +01:00
3407,FR,STA-FR04018,NO2,42.0,µg/m3,2013-08-04 21:00:00 +01:00
3408,FR,STA-FR04018,NO2,16.5,µg/m3,2013-08-04 18:00:00 +01:00
3409,FR,STA-FR04018,NO2,18.5,µg/m3,2013-06-24 21:00:00 +01:00
3410,FR,STA-FR04018,NO2,7.0,µg/m3,2013-06-24 03:00:00 +01:00
3411,FR,STA-FR04018,NO2,68.25,µg/m3,2013-08-04 01:00:00 +01:00
3412,FR,STA-FR04018,NO2,21.75,µg/m3,2013-08-04 08:00:00 +01:00
3413,FR,STA-FR04018,NO2,20.75,µg/m3,2013-08-03 20:00:00 +01:00
3414,FR,STA-FR04018,NO2,15.0,µg/m3,2013-08-03 17:00:00 +01:00
3415,FR,STA-FR04018,NO2,53.0,µg/m3,2013-08-04 05:00:00 +01:00
3416,FR,STA-FR04018,NO2,10.75,µg/m3,2013-08-03 15:00:00 +01:00
3417,FR,STA-FR04018,NO2,14.25,µg/m3,2013-06-23 16:00:00 +01:00
3418,FR,STA-FR04018,NO2,20.5,µg/m3,2013-08-02 17:00:00 +01:00
3419,FR,STA-FR04018,NO2,13.0,µg/m3,2013-08-03 01:00:00 +01:00
3420,FR,STA-FR04018,NO2,11.5,µg/m3,2013-08-03 06:00:00 +01:00
3421,FR,STA-FR04018,NO2,17.25,µg/m3,2013-06-22 21:00:00 +01:00
3422,FR,STA-FR04018,NO2,7.75,µg/m3,2013-06-23 08:00:00 +01:00
3423,FR,STA-FR04018,NO2,43.5,µg/m3,2013-08-03 23:00:00 +01:00
3424,FR,STA-FR04018,NO2,25.0,µg/m3,2013-06-22 19:00:00 +01:00
3425,FR,STA-FR04018,NO2,10.5,µg/m3,2013-08-03 08:00:00 +01:00
3426,FR,STA-FR04018,NO2,21.5,µg/m3,2013-06-22 16:00:00 +01:00
3427,FR,STA-FR04018,NO2,46.5,µg/m3,2013-06-21 07:00:00 +01:00
3429,FR,STA-FR04018,NO2,69.5,µg/m3,2013-08-02 03:00:00 +01:00
3430,FR,STA-FR04018,NO2,56.75,µg/m3,2013-08-02 10:00:00 +01:00
3431,FR,STA-FR04018,NO2,29.25,µg/m3,2013-06-21 17:00:00 +01:00
3432,FR,STA-FR04018,NO2,11.5,µg/m3,2013-06-22 05:00:00 +01:00
3433,FR,STA-FR04018,NO2,29.0,µg/m3,2013-06-21 20:00:00 +01:00
3434,FR,STA-FR04018,NO2,8.25,µg/m3,2013-06-24 00:00:00 +01:00
3435,FR,STA-FR04018,NO2,15.75,µg/m3,2013-06-23 19:00:00 +01:00
3436,FR,STA-FR04018,NO2,20.75,µg/m3,2013-05-12 22:00:00 +01:00
3437,FR,STA-FR04018,NO2,12.75,µg/m3,2013-05-13 00:00:00 +01:00
3438,FR,STA-FR04018,NO2,10.75,µg/m3,2013-05-13 01:00:00 +01:00
3439,FR,STA-FR04018,NO2,14.25,µg/m3,2013-05-13 04:00:00 +01:00
3440,FR,STA-FR04018,NO2,10.75,µg/m3,2013-06-23 11:00:00 +01:00
3441,FR,STA-FR04018,NO2,14.75,µg/m3,2013-05-12 23:00:00 +01:00
3442,FR,STA-FR04018,NO2,46.25,µg/m3,2013-05-13 07:00:00 +01:00
3443,FR,STA-FR04018,NO2,6.0,µg/m3,2013-06-23 04:00:00 +01:00
3444,FR,STA-FR04018,NO2,33.75,µg/m3,2013-05-14 14:00:00 +01:00
3445,FR,STA-FR04018,NO2,26.25,µg/m3,2013-06-24 10:00:00 +01:00
3446,FR,STA-FR04018,NO2,14.5,µg/m3,2013-05-13 23:00:00 +01:00
3447,FR,STA-FR04018,NO2,23.25,µg/m3,2013-05-13 15:00:00 +01:00
3448,FR,STA-FR04018,NO2,29.0,µg/m3,2013-05-13 19:00:00 +01:00
3449,FR,STA-FR04018,NO2,27.25,µg/m3,2013-06-24 08:00:00 +01:00
3450,FR,STA-FR04018,NO2,31.0,µg/m3,2013-06-25 01:00:00 +01:00
3451,FR,STA-FR04018,NO2,40.25,µg/m3,2013-06-24 23:00:00 +01:00
3452,FR,STA-FR04018,NO2,31.25,µg/m3,2013-05-14 05:00:00 +01:00
3453,FR,STA-FR04018,NO2,24.0,µg/m3,2013-06-24 22:00:00 +01:00
3454,FR,STA-FR04018,NO2,27.5,µg/m3,2013-05-14 00:00:00 +01:00
3455,FR,STA-FR04018,NO2,20.5,µg/m3,2013-06-24 15:00:00 +01:00
3456,FR,STA-FR04018,NO2,15.0,µg/m3,2013-05-12 00:00:00 +01:00
3457,FR,STA-FR04018,NO2,16.5,µg/m3,2013-06-22 10:00:00 +01:00
3458,FR,STA-FR04018,NO2,14.0,µg/m3,2013-05-11 10:00:00 +01:00
3459,FR,STA-FR04018,NO2,20.5,µg/m3,2013-06-22 14:00:00 +01:00
3460,FR,STA-FR04018,NO2,17.75,µg/m3,2013-06-22 12:00:00 +01:00
3461,FR,STA-FR04018,NO2,17.0,µg/m3,2013-06-22 08:00:00 +01:00
3462,FR,STA-FR04018,NO2,26.5,µg/m3,2013-05-11 05:00:00 +01:00
3463,FR,STA-FR04018,NO2,23.75,µg/m3,2013-06-21 21:00:00 +01:00
3464,FR,STA-FR04018,NO2,18.5,µg/m3,2013-06-22 07:00:00 +01:00
3465,FR,STA-FR04018,NO2,37.25,µg/m3,2013-05-10 21:00:00 +01:00
3466,FR,STA-FR04018,NO2,23.5,µg/m3,2013-06-22 20:00:00 +01:00
3467,FR,STA-FR04018,NO2,9.5,µg/m3,2013-05-12 15:00:00 +01:00
3468,FR,STA-FR04018,NO2,18.25,µg/m3,2013-06-22 23:00:00 +01:00
3469,FR,STA-FR04018,NO2,7.75,µg/m3,2013-05-12 11:00:00 +01:00
3470,FR,STA-FR04018,NO2,21.75,µg/m3,2013-06-22 17:00:00 +01:00
3472,FR,STA-FR04018,NO2,17.75,µg/m3,2013-06-22 22:00:00 +01:00
3473,FR,STA-FR04018,NO2,11.25,µg/m3,2013-06-23 01:00:00 +01:00
3474,FR,STA-FR04018,NO2,7.25,µg/m3,2013-06-23 06:00:00 +01:00
3475,FR,STA-FR04018,NO2,96.75,µg/m3,2013-06-18 09:00:00 +01:00
3476,FR,STA-FR04018,NO2,33.5,µg/m3,2013-05-08 02:00:00 +01:00
3477,FR,STA-FR04018,NO2,47.75,µg/m3,2013-05-08 05:00:00 +01:00
3478,FR,STA-FR04018,NO2,21.75,µg/m3,2013-05-07 15:00:00 +01:00
3479,FR,STA-FR04018,NO2,24.75,µg/m3,2013-05-08 19:00:00 +01:00
3480,FR,STA-FR04018,NO2,67.25,µg/m3,2013-06-18 05:00:00 +01:00
3481,FR,STA-FR04018,NO2,40.75,µg/m3,2013-05-08 09:00:00 +01:00
3482,FR,STA-FR04018,NO2,31.25,µg/m3,2013-05-07 19:00:00 +01:00
3483,FR,STA-FR04018,NO2,47.5,µg/m3,2013-06-19 07:00:00 +01:00
3484,FR,STA-FR04018,NO2,13.75,µg/m3,2013-05-08 16:00:00 +01:00
3486,FR,STA-FR04018,NO2,20.75,µg/m3,2013-06-19 04:00:00 +01:00
3487,FR,STA-FR04018,NO2,57.0,µg/m3,2013-06-19 17:00:00 +01:00
3488,FR,STA-FR04018,NO2,20.75,µg/m3,2013-05-09 05:00:00 +01:00
3489,FR,STA-FR04018,NO2,25.5,µg/m3,2013-06-19 14:00:00 +01:00
3490,FR,STA-FR04018,NO2,5.0,µg/m3,2013-05-09 02:00:00 +01:00
3491,FR,STA-FR04018,NO2,61.25,µg/m3,2013-06-19 20:00:00 +01:00
3492,FR,STA-FR04018,NO2,45.75,µg/m3,2013-06-20 00:00:00 +01:00
3493,FR,STA-FR04018,NO2,46.5,µg/m3,2013-06-20 03:00:00 +01:00
3494,FR,STA-FR04018,NO2,38.0,µg/m3,2013-05-10 20:00:00 +01:00
3495,FR,STA-FR04018,NO2,25.75,µg/m3,2013-05-10 18:00:00 +01:00
3496,FR,STA-FR04018,NO2,29.25,µg/m3,2013-06-21 05:00:00 +01:00
3497,FR,STA-FR04018,NO2,21.0,µg/m3,2013-05-10 14:00:00 +01:00
3498,FR,STA-FR04018,NO2,27.5,µg/m3,2013-05-10 05:00:00 +01:00
3499,FR,STA-FR04018,NO2,38.25,µg/m3,2013-06-20 19:00:00 +01:00
3500,FR,STA-FR04018,NO2,24.5,µg/m3,2013-06-21 18:00:00 +01:00
3501,FR,STA-FR04018,NO2,10.75,µg/m3,2013-05-10 02:00:00 +01:00
3502,FR,STA-FR04018,NO2,27.75,µg/m3,2013-05-10 11:00:00 +01:00
3503,FR,STA-FR04018,NO2,48.25,µg/m3,2013-06-20 08:00:00 +01:00
3504,FR,STA-FR04018,NO2,17.0,µg/m3,2013-05-09 23:00:00 +01:00
3505,FR,STA-FR04018,NO2,20.5,µg/m3,2013-05-09 22:00:00 +01:00
3506,FR,STA-FR04018,NO2,17.75,µg/m3,2013-06-21 02:00:00 +01:00
3507,FR,STA-FR04018,NO2,12.75,µg/m3,2013-05-09 11:00:00 +01:00
3508,FR,STA-FR04018,NO2,14.75,µg/m3,2013-06-12 03:00:00 +01:00
3509,FR,STA-FR04018,NO2,40.5,µg/m3,2013-04-30 18:00:00 +01:00
3510,FR,STA-FR04018,NO2,21.5,µg/m3,2013-04-30 15:00:00 +01:00
3511,FR,STA-FR04018,NO2,37.5,µg/m3,2013-06-11 16:00:00 +01:00
3512,FR,STA-FR04018,NO2,46.0,µg/m3,2013-06-11 13:00:00 +01:00
3513,FR,STA-FR04018,NO2,55.25,µg/m3,2013-06-11 05:00:00 +01:00
3514,FR,STA-FR04018,NO2,23.5,µg/m3,2013-06-12 11:00:00 +01:00
3515,FR,STA-FR04018,NO2,51.75,µg/m3,2013-05-02 09:00:00 +01:00
3516,FR,STA-FR04018,NO2,41.5,µg/m3,2013-05-02 03:00:00 +01:00
3517,FR,STA-FR04018,NO2,30.5,µg/m3,2013-06-12 14:00:00 +01:00
3518,FR,STA-FR04018,NO2,19.25,µg/m3,2013-05-03 12:00:00 +01:00
3519,FR,STA-FR04018,NO2,28.0,µg/m3,2013-06-13 19:00:00 +01:00
3520,FR,STA-FR04018,NO2,22.5,µg/m3,2013-06-14 00:00:00 +01:00
3521,FR,STA-FR04018,NO2,38.5,µg/m3,2013-06-13 23:00:00 +01:00
3522,FR,STA-FR04018,NO2,24.5,µg/m3,2013-05-03 20:00:00 +01:00
3523,FR,STA-FR04018,NO2,43.5,µg/m3,2013-06-14 10:00:00 +01:00
3524,FR,STA-FR04018,NO2,30.25,µg/m3,2013-05-04 00:00:00 +01:00
3525,FR,STA-FR04018,NO2,31.25,µg/m3,2013-06-14 18:00:00 +01:00
3526,FR,STA-FR04018,NO2,26.5,µg/m3,2013-06-13 18:00:00 +01:00
3527,FR,STA-FR04018,NO2,64.0,µg/m3,2013-05-02 06:00:00 +01:00
3528,FR,STA-FR04018,NO2,23.25,µg/m3,2013-06-13 04:00:00 +01:00
3529,FR,STA-FR04018,NO2,22.25,µg/m3,2013-05-03 11:00:00 +01:00
3530,FR,STA-FR04018,NO2,34.0,µg/m3,2013-05-02 20:00:00 +01:00
3531,FR,STA-FR04018,NO2,21.5,µg/m3,2013-06-13 00:00:00 +01:00
3532,FR,STA-FR04018,NO2,25.3333,µg/m3,2013-05-03 21:00:00 +01:00
3533,FR,STA-FR04018,NO2,14.5,µg/m3,2013-05-04 13:00:00 +01:00
3534,FR,STA-FR04018,NO2,20.25,µg/m3,2013-06-15 04:00:00 +01:00
3535,FR,STA-FR04018,NO2,23.25,µg/m3,2013-05-04 19:00:00 +01:00
3536,FR,STA-FR04018,NO2,52.75,µg/m3,2013-06-15 01:00:00 +01:00
3537,FR,STA-FR04018,NO2,12.5,µg/m3,2013-05-05 08:00:00 +01:00
3538,FR,STA-FR04018,NO2,21.5,µg/m3,2013-06-15 20:00:00 +01:00
3539,FR,STA-FR04018,NO2,23.25,µg/m3,2013-05-05 01:00:00 +01:00
3540,FR,STA-FR04018,NO2,25.5,µg/m3,2013-06-15 21:00:00 +01:00
3541,FR,STA-FR04018,NO2,26.5,µg/m3,2013-05-05 16:00:00 +01:00
3542,FR,STA-FR04018,NO2,14.75,µg/m3,2013-06-16 09:00:00 +01:00
3543,FR,STA-FR04018,NO2,61.25,µg/m3,2013-05-06 07:00:00 +01:00
3544,FR,STA-FR04018,NO2,74.5,µg/m3,2013-05-06 10:00:00 +01:00
3545,FR,STA-FR04018,NO2,18.25,µg/m3,2013-05-06 17:00:00 +01:00
3546,FR,STA-FR04018,NO2,11.25,µg/m3,2013-05-06 00:00:00 +01:00
3547,FR,STA-FR04018,NO2,19.25,µg/m3,2013-06-16 20:00:00 +01:00
3548,FR,STA-FR04018,NO2,14.75,µg/m3,2013-05-05 23:00:00 +01:00
3549,FR,STA-FR04018,NO2,40.0,µg/m3,2013-05-06 22:00:00 +01:00
3550,FR,STA-FR04018,NO2,69.75,µg/m3,2013-05-07 01:00:00 +01:00
3551,FR,STA-FR04018,NO2,42.0,µg/m3,2013-05-06 21:00:00 +01:00
3552,FR,STA-FR04018,NO2,60.0,µg/m3,2013-06-17 09:00:00 +01:00
3553,FR,STA-FR04018,NO2,56.0,µg/m3,2013-06-17 08:00:00 +01:00
3554,FR,STA-FR04018,NO2,88.25,µg/m3,2013-05-07 08:00:00 +01:00
3555,FR,STA-FR04018,NO2,75.5,µg/m3,2013-05-07 12:00:00 +01:00
3556,FR,STA-FR04018,NO2,65.25,µg/m3,2013-05-07 05:00:00 +01:00
3557,FR,STA-FR04018,NO2,81.75,µg/m3,2013-05-07 11:00:00 +01:00
3558,FR,STA-FR04018,NO2,27.25,µg/m3,2013-06-17 21:00:00 +01:00
3559,FR,STA-FR04018,NO2,90.5,µg/m3,2013-06-17 17:00:00 +01:00
3560,FR,STA-FR04018,NO2,11.75,µg/m3,2013-06-25 15:00:00 +01:00
3561,FR,STA-FR04018,NO2,29.25,µg/m3,2013-05-15 10:00:00 +01:00
3562,FR,STA-FR04018,NO2,12.5,µg/m3,2013-06-26 01:00:00 +01:00
3563,FR,STA-FR04018,NO2,76.25,µg/m3,2013-06-26 08:00:00 +01:00
3564,FR,STA-FR04018,NO2,79.0,µg/m3,2013-05-16 13:00:00 +01:00
3565,FR,STA-FR04018,NO2,31.0,µg/m3,2013-05-15 20:00:00 +01:00
3566,FR,STA-FR04018,NO2,11.0,µg/m3,2013-06-26 12:00:00 +01:00
3567,FR,STA-FR04018,NO2,15.0,µg/m3,2013-06-26 18:00:00 +01:00
3568,FR,STA-FR04018,NO2,10.25,µg/m3,2013-06-26 15:00:00 +01:00
3569,FR,STA-FR04018,NO2,53.5,µg/m3,2013-05-16 09:00:00 +01:00
3570,FR,STA-FR04018,NO2,30.5,µg/m3,2013-06-27 00:00:00 +01:00
3571,FR,STA-FR04018,NO2,12.0,µg/m3,2013-06-26 11:00:00 +01:00
3572,FR,STA-FR04018,NO2,10.5,µg/m3,2013-05-15 02:00:00 +01:00
3573,FR,STA-FR04018,NO2,13.5,µg/m3,2013-06-25 18:00:00 +01:00
3574,FR,STA-FR04018,NO2,64.75,µg/m3,2013-05-14 08:00:00 +01:00
3575,FR,STA-FR04018,NO2,17.75,µg/m3,2013-05-14 22:00:00 +01:00
3576,FR,STA-FR04018,NO2,44.25,µg/m3,2013-06-25 10:00:00 +01:00
3577,FR,STA-FR04018,NO2,36.25,µg/m3,2013-06-25 04:00:00 +01:00
3578,FR,STA-FR04018,NO2,65.25,µg/m3,2013-06-28 06:00:00 +01:00
3579,FR,STA-FR04018,NO2,10.5,µg/m3,2013-06-28 00:00:00 +01:00
3580,FR,STA-FR04018,NO2,14.5,µg/m3,2013-06-27 14:00:00 +01:00
3581,FR,STA-FR04018,NO2,10.0,µg/m3,2013-06-27 17:00:00 +01:00
3582,FR,STA-FR04018,NO2,12.0,µg/m3,2013-06-27 23:00:00 +01:00
3583,FR,STA-FR04018,NO2,52.25,µg/m3,2013-05-16 16:00:00 +01:00
3584,FR,STA-FR04018,NO2,44.25,µg/m3,2013-05-16 05:00:00 +01:00
3585,FR,STA-FR04018,NO2,30.75,µg/m3,2013-05-16 20:00:00 +01:00
3586,FR,STA-FR04018,NO2,29.25,µg/m3,2013-05-16 01:00:00 +01:00
3587,FR,STA-FR04018,NO2,24.5,µg/m3,2013-06-27 04:00:00 +01:00
3588,FR,STA-FR04018,NO2,47.5,µg/m3,2013-05-17 05:00:00 +01:00
3589,FR,STA-FR04018,NO2,28.25,µg/m3,2013-05-21 01:00:00 +01:00
3590,FR,STA-FR04018,NO2,32.0,µg/m3,2013-05-21 10:00:00 +01:00
3591,FR,STA-FR04018,NO2,40.5,µg/m3,2013-05-20 21:00:00 +01:00
3592,FR,STA-FR04018,NO2,30.75,µg/m3,2013-07-01 13:00:00 +01:00
3593,FR,STA-FR04018,NO2,19.5,µg/m3,2013-07-01 18:00:00 +01:00
3594,FR,STA-FR04018,NO2,25.25,µg/m3,2013-05-20 14:00:00 +01:00
3595,FR,STA-FR04018,NO2,33.5,µg/m3,2013-05-21 04:00:00 +01:00
3596,FR,STA-FR04018,NO2,54.0,µg/m3,2013-05-21 07:00:00 +01:00
3597,FR,STA-FR04018,NO2,35.25,µg/m3,2013-07-01 00:00:00 +01:00
3598,FR,STA-FR04018,NO2,27.0,µg/m3,2013-06-30 21:00:00 +01:00
3599,FR,STA-FR04018,NO2,26.5,µg/m3,2013-05-20 06:00:00 +01:00
3600,FR,STA-FR04018,NO2,17.5,µg/m3,2013-05-20 03:00:00 +01:00
3601,FR,STA-FR04018,NO2,8.75,µg/m3,2013-06-30 13:00:00 +01:00
3602,FR,STA-FR04018,NO2,57.0,µg/m3,2013-05-19 17:00:00 +01:00
3603,FR,STA-FR04018,NO2,58.25,µg/m3,2013-05-19 20:00:00 +01:00
3604,FR,STA-FR04018,NO2,15.5,µg/m3,2013-06-30 10:00:00 +01:00
3605,FR,STA-FR04018,NO2,19.5,µg/m3,2013-05-18 17:00:00 +01:00
3606,FR,STA-FR04018,NO2,16.75,µg/m3,2013-05-19 09:00:00 +01:00
3607,FR,STA-FR04018,NO2,19.5,µg/m3,2013-06-29 07:00:00 +01:00
3608,FR,STA-FR04018,NO2,8.5,µg/m3,2013-06-29 15:00:00 +01:00
3609,FR,STA-FR04018,NO2,20.25,µg/m3,2013-05-19 14:00:00 +01:00
3610,FR,STA-FR04018,NO2,23.5,µg/m3,2013-06-29 21:00:00 +01:00
3611,FR,STA-FR04018,NO2,15.75,µg/m3,2013-05-19 06:00:00 +01:00
3612,FR,STA-FR04018,NO2,31.25,µg/m3,2013-06-30 02:00:00 +01:00
3613,FR,STA-FR04018,NO2,12.0,µg/m3,2013-05-18 13:00:00 +01:00
3614,FR,STA-FR04018,NO2,43.5,µg/m3,2013-06-28 22:00:00 +01:00
3615,FR,STA-FR04018,NO2,16.5,µg/m3,2013-05-18 11:00:00 +01:00
3616,FR,STA-FR04018,NO2,52.5,µg/m3,2013-05-18 02:00:00 +01:00
3617,FR,STA-FR04018,NO2,38.25,µg/m3,2013-05-27 11:00:00 +01:00
3618,FR,STA-FR04018,NO2,8.75,µg/m3,2013-07-07 15:00:00 +01:00
3619,FR,STA-FR04018,NO2,50.5,µg/m3,2013-05-27 02:00:00 +01:00
3620,FR,STA-FR04018,NO2,66.25,µg/m3,2013-05-28 05:00:00 +01:00
3621,FR,STA-FR04018,NO2,16.5,µg/m3,2013-07-08 12:00:00 +01:00
3622,FR,STA-FR04018,NO2,17.0,µg/m3,2013-07-08 19:00:00 +01:00
3623,FR,STA-FR04018,NO2,8.75,µg/m3,2013-05-26 12:00:00 +01:00
3624,FR,STA-FR04018,NO2,13.0,µg/m3,2013-07-07 03:00:00 +01:00
3625,FR,STA-FR04018,NO2,33.25,µg/m3,2013-07-08 05:00:00 +01:00
3626,FR,STA-FR04018,NO2,21.75,µg/m3,2013-07-06 23:00:00 +01:00
3627,FR,STA-FR04018,NO2,11.75,µg/m3,2013-07-08 02:00:00 +01:00
3628,FR,STA-FR04018,NO2,40.5,µg/m3,2013-05-27 14:00:00 +01:00
3629,FR,STA-FR04018,NO2,21.0,µg/m3,2013-07-07 09:00:00 +01:00
3630,FR,STA-FR04018,NO2,19.25,µg/m3,2013-07-07 00:00:00 +01:00
3631,FR,STA-FR04018,NO2,11.25,µg/m3,2013-05-26 15:00:00 +01:00
3632,FR,STA-FR04018,NO2,9.75,µg/m3,2013-07-07 12:00:00 +01:00
3633,FR,STA-FR04018,NO2,12.25,µg/m3,2013-07-07 18:00:00 +01:00
3634,FR,STA-FR04018,NO2,86.75,µg/m3,2013-05-27 05:00:00 +01:00
3635,FR,STA-FR04018,NO2,27.0,µg/m3,2013-07-05 11:00:00 +01:00
3636,FR,STA-FR04018,NO2,24.0,µg/m3,2013-07-05 08:00:00 +01:00
3637,FR,STA-FR04018,NO2,11.0,µg/m3,2013-07-05 17:00:00 +01:00
3638,FR,STA-FR04018,NO2,35.0,µg/m3,2013-05-24 17:00:00 +01:00
3639,FR,STA-FR04018,NO2,21.25,µg/m3,2013-07-05 12:00:00 +01:00
3640,FR,STA-FR04018,NO2,20.0,µg/m3,2013-07-05 14:00:00 +01:00
3641,FR,STA-FR04018,NO2,25.0,µg/m3,2013-07-06 03:00:00 +01:00
3642,FR,STA-FR04018,NO2,15.5,µg/m3,2013-05-25 14:00:00 +01:00
3643,FR,STA-FR04018,NO2,25.75,µg/m3,2013-07-05 21:00:00 +01:00
3644,FR,STA-FR04018,NO2,12.25,µg/m3,2013-05-25 08:00:00 +01:00
3645,FR,STA-FR04018,NO2,20.5,µg/m3,2013-07-06 02:00:00 +01:00
3646,FR,STA-FR04018,NO2,119.25,µg/m3,2013-05-27 08:00:00 +01:00
3647,FR,STA-FR04018,NO2,21.0,µg/m3,2013-07-06 11:00:00 +01:00
3648,FR,STA-FR04018,NO2,23.5,µg/m3,2013-05-25 23:00:00 +01:00
3649,FR,STA-FR04018,NO2,28.75,µg/m3,2013-05-25 22:00:00 +01:00
3650,FR,STA-FR04018,NO2,31.75,µg/m3,2013-05-21 13:00:00 +01:00
3651,FR,STA-FR04018,NO2,14.75,µg/m3,2013-07-02 23:00:00 +01:00
3652,FR,STA-FR04018,NO2,57.0,µg/m3,2013-07-02 07:00:00 +01:00
3653,FR,STA-FR04018,NO2,40.25,µg/m3,2013-05-21 17:00:00 +01:00
3654,FR,STA-FR04018,NO2,62.5,µg/m3,2013-07-02 08:00:00 +01:00
3655,FR,STA-FR04018,NO2,38.0,µg/m3,2013-07-02 20:00:00 +01:00
3656,FR,STA-FR04018,NO2,40.0,µg/m3,2013-07-02 04:00:00 +01:00
3657,FR,STA-FR04018,NO2,18.0,µg/m3,2013-05-21 20:00:00 +01:00
3658,FR,STA-FR04018,NO2,10.75,µg/m3,2013-05-22 15:00:00 +01:00
3659,FR,STA-FR04018,NO2,27.75,µg/m3,2013-05-22 19:00:00 +01:00
3660,FR,STA-FR04018,NO2,32.0,µg/m3,2013-05-24 02:00:00 +01:00
3661,FR,STA-FR04018,NO2,44.75,µg/m3,2013-05-24 04:00:00 +01:00
3662,FR,STA-FR04018,NO2,19.75,µg/m3,2013-07-04 17:00:00 +01:00
3663,FR,STA-FR04018,NO2,22.75,µg/m3,2013-07-04 04:00:00 +01:00
3664,FR,STA-FR04018,NO2,27.0,µg/m3,2013-05-23 23:00:00 +01:00
3665,FR,STA-FR04018,NO2,17.0,µg/m3,2013-05-23 11:00:00 +01:00
3666,FR,STA-FR04018,NO2,22.0,µg/m3,2013-05-23 04:00:00 +01:00
3667,FR,STA-FR04018,NO2,32.0,µg/m3,2013-07-04 09:00:00 +01:00
3668,FR,STA-FR04018,NO2,24.0,µg/m3,2013-05-23 08:00:00 +01:00
3669,FR,STA-FR04018,NO2,22.25,µg/m3,2013-07-03 14:00:00 +01:00
3670,FR,STA-FR04018,NO2,15.5,µg/m3,2013-07-03 17:00:00 +01:00
3671,FR,STA-FR04018,NO2,41.5,µg/m3,2013-03-22 19:00:00 +01:00
3672,FR,STA-FR04018,NO2,83.75,µg/m3,2013-05-27 09:00:00 +01:00
3673,FR,STA-FR04018,NO2,29.0,µg/m3,2013-03-22 12:00:00 +01:00
3674,FR,STA-FR04018,NO2,9.0,µg/m3,2013-05-26 16:00:00 +01:00
3675,FR,STA-FR04018,NO2,29.5,µg/m3,2013-03-23 16:00:00 +01:00
3676,FR,STA-FR04018,NO2,32.5,µg/m3,2013-03-23 13:00:00 +01:00
3677,FR,STA-FR04018,NO2,28.5,µg/m3,2013-03-23 10:00:00 +01:00
3678,FR,STA-FR04018,NO2,41.5,µg/m3,2013-05-28 16:00:00 +01:00
3679,FR,STA-FR04018,NO2,37.0,µg/m3,2013-03-23 07:00:00 +01:00
3680,FR,STA-FR04018,NO2,28.75,µg/m3,2013-03-23 21:00:00 +01:00
3681,FR,STA-FR04018,NO2,25.75,µg/m3,2013-05-28 03:00:00 +01:00
3682,FR,STA-FR04018,NO2,42.25,µg/m3,2013-05-27 19:00:00 +01:00
3683,FR,STA-FR04018,NO2,79.25,µg/m3,2013-05-28 07:00:00 +01:00
3684,FR,STA-FR04018,NO2,36.75,µg/m3,2013-03-23 00:00:00 +01:00
3685,FR,STA-FR04018,NO2,50.5,µg/m3,2013-05-28 10:00:00 +01:00
3686,FR,STA-FR04018,NO2,22.0,µg/m3,2013-05-25 20:00:00 +01:00
3687,FR,STA-FR04018,NO2,31.75,µg/m3,2013-03-22 16:00:00 +01:00
3688,FR,STA-FR04018,NO2,53.5,µg/m3,2013-03-21 08:00:00 +01:00
3689,FR,STA-FR04018,NO2,53.5,µg/m3,2013-03-21 11:00:00 +01:00
3690,FR,STA-FR04018,NO2,13.5,µg/m3,2013-05-25 09:00:00 +01:00
3691,FR,STA-FR04018,NO2,48.0,µg/m3,2013-05-24 22:00:00 +01:00
3692,FR,STA-FR04018,NO2,61.75,µg/m3,2013-03-20 19:00:00 +01:00
3693,FR,STA-FR04018,NO2,16.75,µg/m3,2013-05-26 10:00:00 +01:00
3694,FR,STA-FR04018,NO2,9.5,µg/m3,2013-05-26 13:00:00 +01:00
3695,FR,STA-FR04018,NO2,40.0,µg/m3,2013-03-21 14:00:00 +01:00
3696,FR,STA-FR04018,NO2,53.5,µg/m3,2013-03-18 10:00:00 +01:00
3697,FR,STA-FR04018,NO2,82.75,µg/m3,2013-03-18 07:00:00 +01:00
3698,FR,STA-FR04018,NO2,33.25,µg/m3,2013-05-23 05:00:00 +01:00
3699,FR,STA-FR04018,NO2,22.25,µg/m3,2013-05-23 00:00:00 +01:00
3700,FR,STA-FR04018,NO2,21.25,µg/m3,2013-05-23 09:00:00 +01:00
3701,FR,STA-FR04018,NO2,38.0,µg/m3,2013-03-18 12:00:00 +01:00
3702,FR,STA-FR04018,NO2,36.0,µg/m3,2013-03-18 04:00:00 +01:00
3703,FR,STA-FR04018,NO2,31.75,µg/m3,2013-03-17 01:00:00 +01:00
3704,FR,STA-FR04018,NO2,25.75,µg/m3,2013-03-17 09:00:00 +01:00
3705,FR,STA-FR04018,NO2,24.0,µg/m3,2013-03-17 11:00:00 +01:00
3706,FR,STA-FR04018,NO2,32.25,µg/m3,2013-05-22 07:00:00 +01:00
3707,FR,STA-FR04018,NO2,50.0,µg/m3,2013-03-18 01:00:00 +01:00
3708,FR,STA-FR04018,NO2,24.25,µg/m3,2013-05-22 04:00:00 +01:00
3709,FR,STA-FR04018,NO2,44.0,µg/m3,2013-03-20 06:00:00 +01:00
3710,FR,STA-FR04018,NO2,33.0,µg/m3,2013-03-20 01:00:00 +01:00
3711,FR,STA-FR04018,NO2,49.75,µg/m3,2013-03-19 15:00:00 +01:00
3712,FR,STA-FR04018,NO2,67.0,µg/m3,2013-03-19 08:00:00 +01:00
3713,FR,STA-FR04018,NO2,41.5,µg/m3,2013-05-24 09:00:00 +01:00
3714,FR,STA-FR04018,NO2,14.75,µg/m3,2013-05-23 12:00:00 +01:00
3715,FR,STA-FR04018,NO2,46.25,µg/m3,2013-05-23 06:00:00 +01:00
3716,FR,STA-FR04018,NO2,34.5,µg/m3,2013-03-19 00:00:00 +01:00
3717,FR,STA-FR04018,NO2,49.5,µg/m3,2013-03-18 15:00:00 +01:00
3718,FR,STA-FR04018,NO2,61.75,µg/m3,2013-05-24 06:00:00 +01:00
3720,FR,STA-FR04018,NO2,28.3333,µg/m3,2013-03-10 09:00:00 +01:00
3721,FR,STA-FR04018,NO2,74.5,µg/m3,2013-03-10 01:00:00 +01:00
3722,FR,STA-FR04018,NO2,54.25,µg/m3,2013-03-10 04:00:00 +01:00
3724,FR,STA-FR04018,NO2,23.75,µg/m3,2013-05-15 23:00:00 +01:00
3725,FR,STA-FR04018,NO2,20.75,µg/m3,2013-05-15 11:00:00 +01:00
3726,FR,STA-FR04018,NO2,25.25,µg/m3,2013-05-15 21:00:00 +01:00
3727,FR,STA-FR04018,NO2,18.25,µg/m3,2013-03-10 16:00:00 +01:00
3728,FR,STA-FR04018,NO2,27.0,µg/m3,2013-05-15 15:00:00 +01:00
3729,FR,STA-FR04018,NO2,32.75,µg/m3,2013-03-11 14:00:00 +01:00
3730,FR,STA-FR04018,NO2,42.5,µg/m3,2013-05-16 11:00:00 +01:00
3731,FR,STA-FR04018,NO2,56.0,µg/m3,2013-05-16 14:00:00 +01:00
3732,FR,STA-FR04018,NO2,55.5,µg/m3,2013-05-17 00:00:00 +01:00
3733,FR,STA-FR04018,NO2,33.0,µg/m3,2013-03-12 08:00:00 +01:00
3734,FR,STA-FR04018,NO2,55.5,µg/m3,2013-03-13 11:00:00 +01:00
3735,FR,STA-FR04018,NO2,55.75,µg/m3,2013-03-13 06:00:00 +01:00
3736,FR,STA-FR04018,NO2,29.0,µg/m3,2013-03-13 00:00:00 +01:00
3737,FR,STA-FR04018,NO2,43.5,µg/m3,2013-05-18 00:00:00 +01:00
3738,FR,STA-FR04018,NO2,32.5,µg/m3,2013-05-17 10:00:00 +01:00
3739,FR,STA-FR04018,NO2,38.75,µg/m3,2013-05-17 20:00:00 +01:00
3740,FR,STA-FR04018,NO2,18.25,µg/m3,2013-05-17 13:00:00 +01:00
3741,FR,STA-FR04018,NO2,28.0,µg/m3,2013-03-12 14:00:00 +01:00
3742,FR,STA-FR04018,NO2,48.25,µg/m3,2013-03-13 23:00:00 +01:00
3743,FR,STA-FR04018,NO2,56.0,µg/m3,2013-03-13 22:00:00 +01:00
3744,FR,STA-FR04018,NO2,47.5,µg/m3,2013-03-14 01:00:00 +01:00
3745,FR,STA-FR04018,NO2,20.5,µg/m3,2013-05-19 01:00:00 +01:00
3746,FR,STA-FR04018,NO2,45.0,µg/m3,2013-03-14 03:00:00 +01:00
3747,FR,STA-FR04018,NO2,36.75,µg/m3,2013-05-19 21:00:00 +01:00
3748,FR,STA-FR04018,NO2,73.0,µg/m3,2013-03-15 02:00:00 +01:00
3749,FR,STA-FR04018,NO2,54.0,µg/m3,2013-03-14 21:00:00 +01:00
3750,FR,STA-FR04018,NO2,13.25,µg/m3,2013-05-19 15:00:00 +01:00
3751,FR,STA-FR04018,NO2,14.75,µg/m3,2013-03-14 13:00:00 +01:00
3752,FR,STA-FR04018,NO2,21.0,µg/m3,2013-05-19 10:00:00 +01:00
3753,FR,STA-FR04018,NO2,32.5,µg/m3,2013-03-15 23:00:00 +01:00
3754,FR,STA-FR04018,NO2,33.25,µg/m3,2013-03-15 16:00:00 +01:00
3755,FR,STA-FR04018,NO2,17.25,µg/m3,2013-05-20 01:00:00 +01:00
3756,FR,STA-FR04018,NO2,88.5,µg/m3,2013-03-15 05:00:00 +01:00
3757,FR,STA-FR04018,NO2,32.75,µg/m3,2013-05-20 12:00:00 +01:00
3758,FR,STA-FR04018,NO2,43.25,µg/m3,2013-05-20 19:00:00 +01:00
3759,FR,STA-FR04018,NO2,32.25,µg/m3,2013-03-16 07:00:00 +01:00
3760,FR,STA-FR04018,NO2,41.5,µg/m3,2013-03-16 12:00:00 +01:00
3761,FR,STA-FR04018,NO2,31.25,µg/m3,2013-05-21 14:00:00 +01:00
3762,FR,STA-FR04018,NO2,18.25,µg/m3,2013-04-23 15:00:00 +01:00
3763,FR,STA-FR04018,NO2,36.0,µg/m3,2013-06-04 06:00:00 +01:00
3764,FR,STA-FR04018,NO2,37.5,µg/m3,2013-04-23 02:00:00 +01:00
3765,FR,STA-FR04018,NO2,14.25,µg/m3,2013-06-04 00:00:00 +01:00
3766,FR,STA-FR04018,NO2,100.5,µg/m3,2013-04-23 06:00:00 +01:00
3767,FR,STA-FR04018,NO2,52.0,µg/m3,2013-04-22 22:00:00 +01:00
3768,FR,STA-FR04018,NO2,10.25,µg/m3,2013-06-03 14:00:00 +01:00
3769,FR,STA-FR04018,NO2,37.0,µg/m3,2013-04-22 13:00:00 +01:00
3770,FR,STA-FR04018,NO2,13.25,µg/m3,2013-06-03 04:00:00 +01:00
3771,FR,STA-FR04018,NO2,72.0,µg/m3,2013-04-22 05:00:00 +01:00
3772,FR,STA-FR04018,NO2,6.25,µg/m3,2013-06-02 10:00:00 +01:00
3773,FR,STA-FR04018,NO2,22.75,µg/m3,2013-04-21 21:00:00 +01:00
3774,FR,STA-FR04018,NO2,7.5,µg/m3,2013-06-02 05:00:00 +01:00
3775,FR,STA-FR04018,NO2,8.25,µg/m3,2013-06-02 15:00:00 +01:00
3776,FR,STA-FR04018,NO2,5.25,µg/m3,2013-06-02 11:00:00 +01:00
3777,FR,STA-FR04018,NO2,7.5,µg/m3,2013-06-02 07:00:00 +01:00
3778,FR,STA-FR04018,NO2,16.25,µg/m3,2013-06-01 21:00:00 +01:00
3779,FR,STA-FR04018,NO2,23.25,µg/m3,2013-04-21 03:00:00 +01:00
3780,FR,STA-FR04018,NO2,28.75,µg/m3,2013-06-01 05:00:00 +01:00
3781,FR,STA-FR04018,NO2,22.25,µg/m3,2013-05-31 18:00:00 +01:00
3782,FR,STA-FR04018,NO2,8.5,µg/m3,2013-04-20 13:00:00 +01:00
3783,FR,STA-FR04018,NO2,29.5,µg/m3,2013-05-31 15:00:00 +01:00
3784,FR,STA-FR04018,NO2,18.0,µg/m3,2013-04-20 18:00:00 +01:00
3785,FR,STA-FR04018,NO2,10.75,µg/m3,2013-04-20 15:00:00 +01:00
3786,FR,STA-FR04018,NO2,9.5,µg/m3,2013-06-01 09:00:00 +01:00
3787,FR,STA-FR04018,NO2,20.25,µg/m3,2013-04-18 13:00:00 +01:00
3788,FR,STA-FR04018,NO2,22.5,µg/m3,2013-03-24 22:00:00 +01:00
3789,FR,STA-FR04018,NO2,22.75,µg/m3,2013-05-29 16:00:00 +01:00
3790,FR,STA-FR04018,NO2,25.0,µg/m3,2013-05-28 18:00:00 +01:00
3791,FR,STA-FR04018,NO2,15.5,µg/m3,2013-03-24 04:00:00 +01:00
3792,FR,STA-FR04018,NO2,32.75,µg/m3,2013-05-28 22:00:00 +01:00
3793,FR,STA-FR04018,NO2,54.0,µg/m3,2013-05-29 04:00:00 +01:00
3794,FR,STA-FR04018,NO2,17.25,µg/m3,2013-03-24 16:00:00 +01:00
3795,FR,STA-FR04018,NO2,45.25,µg/m3,2013-05-28 21:00:00 +01:00
3796,FR,STA-FR04018,NO2,20.0,µg/m3,2013-03-24 14:00:00 +01:00
3797,FR,STA-FR04018,NO2,51.75,µg/m3,2013-05-29 09:00:00 +01:00
3798,FR,STA-FR04018,NO2,14.5,µg/m3,2013-04-19 23:00:00 +01:00
3799,FR,STA-FR04018,NO2,8.75,µg/m3,2013-04-20 12:00:00 +01:00
3800,FR,STA-FR04018,NO2,9.25,µg/m3,2013-04-20 03:00:00 +01:00
3801,FR,STA-FR04018,NO2,21.75,µg/m3,2013-04-19 22:00:00 +01:00
3802,FR,STA-FR04018,NO2,49.75,µg/m3,2013-05-31 07:00:00 +01:00
3803,FR,STA-FR04018,NO2,33.25,µg/m3,2013-04-19 14:00:00 +01:00
3804,FR,STA-FR04018,NO2,29.25,µg/m3,2013-04-19 21:00:00 +01:00
3805,FR,STA-FR04018,NO2,55.0,µg/m3,2013-05-30 06:00:00 +01:00
3806,FR,STA-FR04018,NO2,45.5,µg/m3,2013-05-30 17:00:00 +01:00
3807,FR,STA-FR04018,NO2,18.0,µg/m3,2013-04-18 23:00:00 +01:00
3808,FR,STA-FR04018,NO2,16.25,µg/m3,2013-04-18 16:00:00 +01:00
3809,FR,STA-FR04018,NO2,30.5,µg/m3,2013-04-19 09:00:00 +01:00
3810,FR,STA-FR04018,NO2,28.75,µg/m3,2013-04-19 10:00:00 +01:00
3811,FR,STA-FR04018,NO2,15.75,µg/m3,2013-06-09 00:00:00 +01:00
3812,FR,STA-FR04018,NO2,14.0,µg/m3,2013-06-07 13:00:00 +01:00
3813,FR,STA-FR04018,NO2,29.25,µg/m3,2013-06-07 20:00:00 +01:00
3814,FR,STA-FR04018,NO2,20.25,µg/m3,2013-04-27 04:00:00 +01:00
3815,FR,STA-FR04018,NO2,22.5,µg/m3,2013-04-27 22:00:00 +01:00
3816,FR,STA-FR04018,NO2,13.25,µg/m3,2013-04-27 11:00:00 +01:00
3817,FR,STA-FR04018,NO2,12.75,µg/m3,2013-06-09 06:00:00 +01:00
3818,FR,STA-FR04018,NO2,15.0,µg/m3,2013-04-28 14:00:00 +01:00
3819,FR,STA-FR04018,NO2,11.75,µg/m3,2013-06-09 15:00:00 +01:00
3820,FR,STA-FR04018,NO2,24.0,µg/m3,2013-06-08 19:00:00 +01:00
3821,FR,STA-FR04018,NO2,15.25,µg/m3,2013-06-08 14:00:00 +01:00
3822,FR,STA-FR04018,NO2,17.25,µg/m3,2013-06-08 11:00:00 +01:00
3823,FR,STA-FR04018,NO2,32.5,µg/m3,2013-04-30 20:00:00 +01:00
3824,FR,STA-FR04018,NO2,23.0,µg/m3,2013-06-11 01:00:00 +01:00
3825,FR,STA-FR04018,NO2,14.25,µg/m3,2013-04-29 23:00:00 +01:00
3826,FR,STA-FR04018,NO2,32.0,µg/m3,2013-06-10 11:00:00 +01:00
3827,FR,STA-FR04018,NO2,48.25,µg/m3,2013-06-10 20:00:00 +01:00
3828,FR,STA-FR04018,NO2,45.0,µg/m3,2013-06-10 21:00:00 +01:00
3829,FR,STA-FR04018,NO2,40.75,µg/m3,2013-04-30 07:00:00 +01:00
3830,FR,STA-FR04018,NO2,20.25,µg/m3,2013-04-29 16:00:00 +01:00
3831,FR,STA-FR04018,NO2,14.75,µg/m3,2013-06-09 11:00:00 +01:00
3832,FR,STA-FR04018,NO2,29.75,µg/m3,2013-04-28 23:00:00 +01:00
3833,FR,STA-FR04018,NO2,115.75,µg/m3,2013-04-29 06:00:00 +01:00
3834,FR,STA-FR04018,NO2,22.0,µg/m3,2013-06-09 20:00:00 +01:00
3835,FR,STA-FR04018,NO2,43.75,µg/m3,2013-04-29 09:00:00 +01:00
3836,FR,STA-FR04018,NO2,30.5,µg/m3,2013-06-10 07:00:00 +01:00
3837,FR,STA-FR04018,NO2,13.75,µg/m3,2013-04-30 01:00:00 +01:00
3838,FR,STA-FR04018,NO2,41.0,µg/m3,2013-06-04 21:00:00 +01:00
3839,FR,STA-FR04018,NO2,18.5,µg/m3,2013-06-04 18:00:00 +01:00
3840,FR,STA-FR04018,NO2,62.5,µg/m3,2013-04-24 05:00:00 +01:00
3841,FR,STA-FR04018,NO2,18.0,µg/m3,2013-06-05 02:00:00 +01:00
3842,FR,STA-FR04018,NO2,34.0,µg/m3,2013-04-24 00:00:00 +01:00
3843,FR,STA-FR04018,NO2,11.5,µg/m3,2013-06-04 13:00:00 +01:00
3844,FR,STA-FR04018,NO2,38.0,µg/m3,2013-04-23 19:00:00 +01:00
3845,FR,STA-FR04018,NO2,33.25,µg/m3,2013-04-23 12:00:00 +01:00
3846,FR,STA-FR04018,NO2,16.25,µg/m3,2013-06-04 17:00:00 +01:00
3847,FR,STA-FR04018,NO2,69.5,µg/m3,2013-04-24 06:00:00 +01:00
3848,FR,STA-FR04018,NO2,27.25,µg/m3,2013-04-24 15:00:00 +01:00
3849,FR,STA-FR04018,NO2,37.0,µg/m3,2013-06-05 08:00:00 +01:00
3850,FR,STA-FR04018,NO2,36.5,µg/m3,2013-04-24 18:00:00 +01:00
3851,FR,STA-FR04018,NO2,14.25,µg/m3,2013-06-05 12:00:00 +01:00
3852,FR,STA-FR04018,NO2,20.0,µg/m3,2013-04-25 01:00:00 +01:00
3853,FR,STA-FR04018,NO2,45.25,µg/m3,2013-06-06 11:00:00 +01:00
3854,FR,STA-FR04018,NO2,70.5,µg/m3,2013-06-06 21:00:00 +01:00
3855,FR,STA-FR04018,NO2,41.5,µg/m3,2013-06-06 06:00:00 +01:00
3856,FR,STA-FR04018,NO2,43.0,µg/m3,2013-04-25 13:00:00 +01:00
3857,FR,STA-FR04018,NO2,87.25,µg/m3,2013-04-25 10:00:00 +01:00
3858,FR,STA-FR04018,NO2,83.25,µg/m3,2013-04-25 07:00:00 +01:00
3859,FR,STA-FR04018,NO2,132.0,µg/m3,2013-04-26 00:00:00 +01:00
3860,FR,STA-FR04018,NO2,71.75,µg/m3,2013-06-06 22:00:00 +01:00
3861,FR,STA-FR04018,NO2,36.75,µg/m3,2013-06-07 03:00:00 +01:00
3862,FR,STA-FR04018,NO2,24.0,µg/m3,2013-06-07 10:00:00 +01:00
3863,FR,STA-FR04018,NO2,32.5,µg/m3,2013-04-26 15:00:00 +01:00
3864,FR,STA-FR04018,NO2,25.5,µg/m3,2013-04-26 11:00:00 +01:00
3865,FR,STA-FR04018,NO2,83.75,µg/m3,2013-06-07 06:00:00 +01:00
3866,FR,STA-FR04018,NO2,37.0,µg/m3,2013-04-27 06:00:00 +01:00
3867,FR,STA-FR04018,NO2,45.25,µg/m3,2013-05-14 09:00:00 +01:00
3868,FR,STA-FR04018,NO2,37.25,µg/m3,2013-05-14 16:00:00 +01:00
3869,FR,STA-FR04018,NO2,31.25,µg/m3,2013-05-14 11:00:00 +01:00
3871,FR,STA-FR04018,NO2,33.75,µg/m3,2013-01-27 13:00:00 +01:00
3872,FR,STA-FR04018,NO2,74.25,µg/m3,2013-02-16 20:00:00 +01:00
3873,FR,STA-FR04018,NO2,26.0,µg/m3,2013-02-02 19:00:00 +01:00
3874,FR,STA-FR04018,NO2,57.0,µg/m3,2013-02-17 00:00:00 +01:00
3875,FR,STA-FR04018,NO2,44.75,µg/m3,2013-02-17 21:00:00 +01:00
3876,FR,STA-FR04018,NO2,34.0,µg/m3,2013-04-24 13:00:00 +01:00
3877,FR,STA-FR04018,NO2,24.0,µg/m3,2013-02-17 13:00:00 +01:00
3878,FR,STA-FR04018,NO2,41.25,µg/m3,2013-02-03 06:00:00 +01:00
3879,FR,STA-FR04018,NO2,33.5,µg/m3,2013-02-17 10:00:00 +01:00
3880,FR,STA-FR04018,NO2,37.75,µg/m3,2013-02-03 01:00:00 +01:00
3881,FR,STA-FR04018,NO2,92.25,µg/m3,2013-04-25 08:00:00 +01:00
3882,FR,STA-FR04018,NO2,76.0,µg/m3,2013-04-24 21:00:00 +01:00
3883,FR,STA-FR04018,NO2,51.5,µg/m3,2013-02-17 23:00:00 +01:00
3884,FR,STA-FR04018,NO2,77.5,µg/m3,2013-04-24 22:00:00 +01:00
3885,FR,STA-FR04018,NO2,32.75,µg/m3,2013-04-24 12:00:00 +01:00
3886,FR,STA-FR04018,NO2,43.5,µg/m3,2013-02-18 11:00:00 +01:00
3887,FR,STA-FR04018,NO2,52.5,µg/m3,2013-02-18 07:00:00 +01:00
3888,FR,STA-FR04018,NO2,57.0,µg/m3,2013-04-25 05:00:00 +01:00
3889,FR,STA-FR04018,NO2,34.25,µg/m3,2013-04-26 13:00:00 +01:00
3890,FR,STA-FR04018,NO2,35.0,µg/m3,2013-04-25 14:00:00 +01:00
3891,FR,STA-FR04018,NO2,79.25,µg/m3,2013-02-19 00:00:00 +01:00
3892,FR,STA-FR04018,NO2,39.5,µg/m3,2013-02-18 12:00:00 +01:00
3893,FR,STA-FR04018,NO2,51.75,µg/m3,2013-04-25 11:00:00 +01:00
3894,FR,STA-FR04018,NO2,93.0,µg/m3,2013-02-18 21:00:00 +01:00
3895,FR,STA-FR04018,NO2,94.0,µg/m3,2013-02-18 22:00:00 +01:00
3896,FR,STA-FR04018,NO2,92.75,µg/m3,2013-02-19 08:00:00 +01:00
3897,FR,STA-FR04018,NO2,67.5,µg/m3,2013-02-20 02:00:00 +01:00
3898,FR,STA-FR04018,NO2,22.0,µg/m3,2013-04-26 20:00:00 +01:00
3899,FR,STA-FR04018,NO2,87.25,µg/m3,2013-02-19 23:00:00 +01:00
3900,FR,STA-FR04018,NO2,11.0,µg/m3,2013-04-27 14:00:00 +01:00
3901,FR,STA-FR04018,NO2,70.5,µg/m3,2013-02-19 14:00:00 +01:00
3902,FR,STA-FR04018,NO2,26.75,µg/m3,2013-02-21 22:00:00 +01:00
3903,FR,STA-FR04018,NO2,41.0,µg/m3,2013-02-22 00:00:00 +01:00
3904,FR,STA-FR04018,NO2,26.25,µg/m3,2013-04-29 10:00:00 +01:00
3905,FR,STA-FR04018,NO2,16.0,µg/m3,2013-04-28 15:00:00 +01:00
3906,FR,STA-FR04018,NO2,26.75,µg/m3,2013-02-21 19:00:00 +01:00
3907,FR,STA-FR04018,NO2,28.75,µg/m3,2013-04-27 20:00:00 +01:00
3908,FR,STA-FR04018,NO2,33.75,µg/m3,2013-02-21 01:00:00 +01:00
3909,FR,STA-FR04018,NO2,11.75,µg/m3,2013-04-28 01:00:00 +01:00
3910,FR,STA-FR04018,NO2,53.5,µg/m3,2013-02-21 05:00:00 +01:00
3911,FR,STA-FR04018,NO2,64.5,µg/m3,2013-02-20 21:00:00 +01:00
3912,FR,STA-FR04018,NO2,13.75,µg/m3,2013-04-27 09:00:00 +01:00
3913,FR,STA-FR04018,NO2,11.0,µg/m3,2013-04-27 02:00:00 +01:00
3914,FR,STA-FR04018,NO2,64.25,µg/m3,2013-02-20 03:00:00 +01:00
3915,FR,STA-FR04018,NO2,22.5,µg/m3,2013-04-27 07:00:00 +01:00
3916,FR,STA-FR04018,NO2,43.0,µg/m3,2013-02-20 10:00:00 +01:00
3917,FR,STA-FR04018,NO2,34.5,µg/m3,2013-02-20 14:00:00 +01:00
3918,FR,STA-FR04018,NO2,10.75,µg/m3,2013-04-27 12:00:00 +01:00
3919,FR,STA-FR04018,NO2,22.25,µg/m3,2013-02-21 15:00:00 +01:00
3920,FR,STA-FR04018,NO2,56.5,µg/m3,2013-02-21 08:00:00 +01:00
3921,FR,STA-FR04018,NO2,43.25,µg/m3,2013-02-20 18:00:00 +01:00
3922,FR,STA-FR04018,NO2,16.25,µg/m3,2013-04-28 08:00:00 +01:00
3923,FR,STA-FR04018,NO2,24.0,µg/m3,2013-02-24 14:00:00 +01:00
3924,FR,STA-FR04018,NO2,21.5,µg/m3,2013-04-30 12:00:00 +01:00
3925,FR,STA-FR04018,NO2,25.0,µg/m3,2013-02-24 02:00:00 +01:00
3926,FR,STA-FR04018,NO2,40.0,µg/m3,2013-04-30 09:00:00 +01:00
3927,FR,STA-FR04018,NO2,11.75,µg/m3,2013-04-30 00:00:00 +01:00
3928,FR,STA-FR04018,NO2,27.75,µg/m3,2013-02-23 05:00:00 +01:00
3929,FR,STA-FR04018,NO2,26.75,µg/m3,2013-02-23 12:00:00 +01:00
3930,FR,STA-FR04018,NO2,27.0,µg/m3,2013-02-23 11:00:00 +01:00
3931,FR,STA-FR04018,NO2,18.25,µg/m3,2013-04-29 17:00:00 +01:00
3932,FR,STA-FR04018,NO2,47.5,µg/m3,2013-02-22 09:00:00 +01:00
3933,FR,STA-FR04018,NO2,78.25,µg/m3,2013-04-29 04:00:00 +01:00
3934,FR,STA-FR04018,NO2,28.0,µg/m3,2013-04-29 20:00:00 +01:00
3935,FR,STA-FR04018,NO2,41.5,µg/m3,2013-02-22 19:00:00 +01:00
3936,FR,STA-FR04018,NO2,74.0,µg/m3,2013-04-29 07:00:00 +01:00
3937,FR,STA-FR04018,NO2,32.0,µg/m3,2013-04-28 20:00:00 +01:00
3938,FR,STA-FR04018,NO2,54.25,µg/m3,2013-02-22 06:00:00 +01:00
3939,FR,STA-FR04018,NO2,22.5,µg/m3,2013-02-01 21:00:00 +01:00
3940,FR,STA-FR04018,NO2,95.0,µg/m3,2013-02-15 20:00:00 +01:00
3941,FR,STA-FR04018,NO2,61.0,µg/m3,2013-02-01 08:00:00 +01:00
3942,FR,STA-FR04018,NO2,22.5,µg/m3,2013-02-01 04:00:00 +01:00
3943,FR,STA-FR04018,NO2,90.75,µg/m3,2013-02-15 21:00:00 +01:00
3944,FR,STA-FR04018,NO2,48.0,µg/m3,2013-02-15 03:00:00 +01:00
3945,FR,STA-FR04018,NO2,44.5,µg/m3,2013-02-02 07:00:00 +01:00
3946,FR,STA-FR04018,NO2,39.25,µg/m3,2013-02-16 14:00:00 +01:00
3947,FR,STA-FR04018,NO2,33.0,µg/m3,2013-02-02 04:00:00 +01:00
3948,FR,STA-FR04018,NO2,81.0,µg/m3,2013-02-16 02:00:00 +01:00
3949,FR,STA-FR04018,NO2,79.5,µg/m3,2013-02-16 05:00:00 +01:00
3950,FR,STA-FR04018,NO2,81.75,µg/m3,2013-02-16 08:00:00 +01:00
3951,FR,STA-FR04018,NO2,63.0,µg/m3,2013-02-01 16:00:00 +01:00
3952,FR,STA-FR04018,NO2,13.25,µg/m3,2013-02-02 13:00:00 +01:00
3953,FR,STA-FR04018,NO2,30.75,µg/m3,2013-02-03 03:00:00 +01:00
3954,FR,STA-FR04018,NO2,37.5,µg/m3,2013-02-16 17:00:00 +01:00
3955,FR,STA-FR04018,NO2,29.5,µg/m3,2013-01-30 15:00:00 +01:00
3956,FR,STA-FR04018,NO2,62.75,µg/m3,2013-02-13 17:00:00 +01:00
3957,FR,STA-FR04018,NO2,31.25,µg/m3,2013-01-30 17:00:00 +01:00
3958,FR,STA-FR04018,NO2,58.25,µg/m3,2013-02-14 14:00:00 +01:00
3959,FR,STA-FR04018,NO2,28.5,µg/m3,2013-02-14 03:00:00 +01:00
3960,FR,STA-FR04018,NO2,58.25,µg/m3,2013-01-31 08:00:00 +01:00
3961,FR,STA-FR04018,NO2,110.0,µg/m3,2013-02-14 20:00:00 +01:00
3962,FR,STA-FR04018,NO2,59.5,µg/m3,2013-02-14 09:00:00 +01:00
3963,FR,STA-FR04018,NO2,37.5,µg/m3,2013-01-31 13:00:00 +01:00
3964,FR,STA-FR04018,NO2,69.75,µg/m3,2013-02-15 00:00:00 +01:00
3965,FR,STA-FR04018,NO2,69.5,µg/m3,2013-02-14 16:00:00 +01:00
3966,FR,STA-FR04018,NO2,35.75,µg/m3,2013-01-31 14:00:00 +01:00
3967,FR,STA-FR04018,NO2,75.0,µg/m3,2013-02-14 22:00:00 +01:00
3968,FR,STA-FR04018,NO2,60.0,µg/m3,2013-02-11 20:00:00 +01:00
3969,FR,STA-FR04018,NO2,73.75,µg/m3,2013-01-28 09:00:00 +01:00
3970,FR,STA-FR04018,NO2,34.25,µg/m3,2013-01-28 03:00:00 +01:00
3971,FR,STA-FR04018,NO2,60.0,µg/m3,2013-01-27 19:00:00 +01:00
3972,FR,STA-FR04018,NO2,71.25,µg/m3,2013-01-27 21:00:00 +01:00
3973,FR,STA-FR04018,NO2,68.0,µg/m3,2013-01-28 00:00:00 +01:00
3974,FR,STA-FR04018,NO2,56.5,µg/m3,2013-02-11 11:00:00 +01:00
3975,FR,STA-FR04018,NO2,24.5,µg/m3,2013-02-11 04:00:00 +01:00
3976,FR,STA-FR04018,NO2,36.0,µg/m3,2013-02-10 04:00:00 +01:00
3977,FR,STA-FR04018,NO2,35.25,µg/m3,2013-02-10 06:00:00 +01:00
3978,FR,STA-FR04018,NO2,44.5,µg/m3,2013-01-27 15:00:00 +01:00
3979,FR,STA-FR04018,NO2,44.0,µg/m3,2013-02-11 01:00:00 +01:00
3980,FR,STA-FR04018,NO2,47.5,µg/m3,2013-01-28 16:00:00 +01:00
3981,FR,STA-FR04018,NO2,40.0,µg/m3,2013-02-12 07:00:00 +01:00
3982,FR,STA-FR04018,NO2,10.5,µg/m3,2013-01-29 03:00:00 +01:00
3983,FR,STA-FR04018,NO2,19.75,µg/m3,2013-02-12 04:00:00 +01:00
3984,FR,STA-FR04018,NO2,34.5,µg/m3,2013-02-12 13:00:00 +01:00
3985,FR,STA-FR04018,NO2,18.0,µg/m3,2013-02-12 03:00:00 +01:00
3986,FR,STA-FR04018,NO2,36.0,µg/m3,2013-02-12 22:00:00 +01:00
3987,FR,STA-FR04018,NO2,45.0,µg/m3,2013-02-12 16:00:00 +01:00
3988,FR,STA-FR04018,NO2,38.0,µg/m3,2013-02-12 14:00:00 +01:00
3989,FR,STA-FR04018,NO2,31.75,µg/m3,2013-01-29 06:00:00 +01:00
3990,FR,STA-FR04018,NO2,37.5,µg/m3,2013-01-29 12:00:00 +01:00
3991,FR,STA-FR04018,NO2,15.75,µg/m3,2013-01-30 03:00:00 +01:00
3992,FR,STA-FR04018,NO2,39.75,µg/m3,2013-01-29 20:00:00 +01:00
3993,FR,STA-FR04018,NO2,61.5,µg/m3,2013-03-04 18:00:00 +01:00
3994,FR,STA-FR04018,NO2,91.75,µg/m3,2013-03-04 21:00:00 +01:00
3995,FR,STA-FR04018,NO2,17.25,µg/m3,2013-05-09 10:00:00 +01:00
3996,FR,STA-FR04018,NO2,13.25,µg/m3,2013-05-09 12:00:00 +01:00
3997,FR,STA-FR04018,NO2,57.25,µg/m3,2013-03-05 05:00:00 +01:00
3998,FR,STA-FR04018,NO2,36.75,µg/m3,2013-05-10 23:00:00 +01:00
3999,FR,STA-FR04018,NO2,41.5,µg/m3,2013-05-10 22:00:00 +01:00
4000,FR,STA-FR04018,NO2,27.75,µg/m3,2013-05-10 12:00:00 +01:00
4001,FR,STA-FR04018,NO2,21.0,µg/m3,2013-05-10 15:00:00 +01:00
4002,FR,STA-FR04018,NO2,96.5,µg/m3,2013-03-05 08:00:00 +01:00
4003,FR,STA-FR04018,NO2,12.0,µg/m3,2013-05-10 03:00:00 +01:00
4004,FR,STA-FR04018,NO2,20.25,µg/m3,2013-03-03 05:00:00 +01:00
4005,FR,STA-FR04018,NO2,24.0,µg/m3,2013-03-03 12:00:00 +01:00
4006,FR,STA-FR04018,NO2,56.75,µg/m3,2013-03-04 00:00:00 +01:00
4007,FR,STA-FR04018,NO2,48.25,µg/m3,2013-03-03 07:00:00 +01:00
4008,FR,STA-FR04018,NO2,27.5,µg/m3,2013-03-03 10:00:00 +01:00
4009,FR,STA-FR04018,NO2,43.5,µg/m3,2013-03-03 20:00:00 +01:00
4010,FR,STA-FR04018,NO2,18.25,µg/m3,2013-05-08 14:00:00 +01:00
4011,FR,STA-FR04018,NO2,22.5,µg/m3,2013-05-08 17:00:00 +01:00
4012,FR,STA-FR04018,NO2,58.75,µg/m3,2013-05-08 07:00:00 +01:00
4013,FR,STA-FR04018,NO2,6.25,µg/m3,2013-05-09 00:00:00 +01:00
4014,FR,STA-FR04018,NO2,65.5,µg/m3,2013-03-04 07:00:00 +01:00
4015,FR,STA-FR04018,NO2,9.5,µg/m3,2013-05-12 01:00:00 +01:00
4016,FR,STA-FR04018,NO2,57.0,µg/m3,2013-03-07 16:00:00 +01:00
4017,FR,STA-FR04018,NO2,11.5,µg/m3,2013-05-12 07:00:00 +01:00
4018,FR,STA-FR04018,NO2,48.25,µg/m3,2013-03-07 13:00:00 +01:00
4019,FR,STA-FR04018,NO2,9.75,µg/m3,2013-05-12 16:00:00 +01:00
4020,FR,STA-FR04018,NO2,79.25,µg/m3,2013-03-07 20:00:00 +01:00
4021,FR,STA-FR04018,NO2,65.75,µg/m3,2013-03-07 18:00:00 +01:00
4022,FR,STA-FR04018,NO2,81.5,µg/m3,2013-03-06 23:00:00 +01:00
4023,FR,STA-FR04018,NO2,11.25,µg/m3,2013-05-11 11:00:00 +01:00
4024,FR,STA-FR04018,NO2,15.0,µg/m3,2013-05-11 17:00:00 +01:00
4025,FR,STA-FR04018,NO2,21.5,µg/m3,2013-05-11 02:00:00 +01:00
4026,FR,STA-FR04018,NO2,23.5,µg/m3,2013-05-11 06:00:00 +01:00
4027,FR,STA-FR04018,NO2,11.75,µg/m3,2013-05-11 12:00:00 +01:00
4028,FR,STA-FR04018,NO2,99.5,µg/m3,2013-03-06 11:00:00 +01:00
4029,FR,STA-FR04018,NO2,66.5,µg/m3,2013-03-06 14:00:00 +01:00
4030,FR,STA-FR04018,NO2,50.25,µg/m3,2013-03-08 13:00:00 +01:00
4031,FR,STA-FR04018,NO2,30.0,µg/m3,2013-05-13 05:00:00 +01:00
4032,FR,STA-FR04018,NO2,27.25,µg/m3,2013-05-13 21:00:00 +01:00
4033,FR,STA-FR04018,NO2,42.75,µg/m3,2013-03-08 17:00:00 +01:00
4034,FR,STA-FR04018,NO2,9.5,µg/m3,2013-05-13 02:00:00 +01:00
4035,FR,STA-FR04018,NO2,44.0,µg/m3,2013-05-13 08:00:00 +01:00
4036,FR,STA-FR04018,NO2,36.25,µg/m3,2013-03-08 04:00:00 +01:00
4038,FR,STA-FR04018,NO2,32.75,µg/m3,2013-05-13 13:00:00 +01:00
4039,FR,STA-FR04018,NO2,9.0,µg/m3,2013-05-14 02:00:00 +01:00
4040,FR,STA-FR04018,NO2,46.75,µg/m3,2013-03-01 14:00:00 +01:00
4041,FR,STA-FR04018,NO2,45.5,µg/m3,2013-03-01 23:00:00 +01:00
4042,FR,STA-FR04018,NO2,73.25,µg/m3,2013-05-06 12:00:00 +01:00
4043,FR,STA-FR04018,NO2,66.0,µg/m3,2013-05-06 14:00:00 +01:00
4044,FR,STA-FR04018,NO2,44.5,µg/m3,2013-03-01 22:00:00 +01:00
4045,FR,STA-FR04018,NO2,76.0,µg/m3,2013-05-06 11:00:00 +01:00
4046,FR,STA-FR04018,NO2,22.25,µg/m3,2013-05-06 04:00:00 +01:00
4047,FR,STA-FR04018,NO2,52.25,µg/m3,2013-03-01 07:00:00 +01:00
4048,FR,STA-FR04018,NO2,65.0,µg/m3,2013-05-06 08:00:00 +01:00
4049,FR,STA-FR04018,NO2,56.5,µg/m3,2013-05-07 20:00:00 +01:00
4050,FR,STA-FR04018,NO2,78.75,µg/m3,2013-05-07 00:00:00 +01:00
4051,FR,STA-FR04018,NO2,69.25,µg/m3,2013-05-07 06:00:00 +01:00
4052,FR,STA-FR04018,NO2,21.25,µg/m3,2013-03-02 02:00:00 +01:00
4053,FR,STA-FR04018,NO2,32.0,µg/m3,2013-03-02 00:00:00 +01:00
4054,FR,STA-FR04018,NO2,32.0,µg/m3,2013-05-06 19:00:00 +01:00
4055,FR,STA-FR04018,NO2,58.75,µg/m3,2013-05-07 13:00:00 +01:00
4056,FR,STA-FR04018,NO2,88.25,µg/m3,2013-05-07 09:00:00 +01:00
4057,FR,STA-FR04018,NO2,29.5,µg/m3,2013-03-02 08:00:00 +01:00
4058,FR,STA-FR04018,NO2,48.75,µg/m3,2013-05-07 03:00:00 +01:00
4059,FR,STA-FR04018,NO2,40.5,µg/m3,2013-02-28 02:00:00 +01:00
4060,FR,STA-FR04018,NO2,19.25,µg/m3,2013-05-04 10:00:00 +01:00
4061,FR,STA-FR04018,NO2,50.75,µg/m3,2013-02-27 21:00:00 +01:00
4062,FR,STA-FR04018,NO2,12.25,µg/m3,2013-05-04 16:00:00 +01:00
4063,FR,STA-FR04018,NO2,21.25,µg/m3,2013-05-04 01:00:00 +01:00
4064,FR,STA-FR04018,NO2,23.25,µg/m3,2013-05-04 22:00:00 +01:00
4065,FR,STA-FR04018,NO2,48.0,µg/m3,2013-02-27 23:00:00 +01:00
4066,FR,STA-FR04018,NO2,20.25,µg/m3,2013-05-05 21:00:00 +01:00
4067,FR,STA-FR04018,NO2,49.25,µg/m3,2013-02-28 06:00:00 +01:00
4068,FR,STA-FR04018,NO2,19.75,µg/m3,2013-05-05 15:00:00 +01:00
4069,FR,STA-FR04018,NO2,40.25,µg/m3,2013-03-01 04:00:00 +01:00
4070,FR,STA-FR04018,NO2,18.75,µg/m3,2013-05-03 17:00:00 +01:00
4071,FR,STA-FR04018,NO2,45.5,µg/m3,2013-05-03 05:00:00 +01:00
4072,FR,STA-FR04018,NO2,15.75,µg/m3,2013-05-03 14:00:00 +01:00
4073,FR,STA-FR04018,NO2,22.25,µg/m3,2013-05-02 18:00:00 +01:00
4074,FR,STA-FR04018,NO2,50.0,µg/m3,2013-02-26 02:00:00 +01:00
4075,FR,STA-FR04018,NO2,44.0,µg/m3,2013-02-26 07:00:00 +01:00
4076,FR,STA-FR04018,NO2,19.5,µg/m3,2013-05-02 15:00:00 +01:00
4077,FR,STA-FR04018,NO2,42.75,µg/m3,2013-05-03 08:00:00 +01:00
4078,FR,STA-FR04018,NO2,60.0,µg/m3,2013-02-26 22:00:00 +01:00
4079,FR,STA-FR04018,NO2,31.5,µg/m3,2013-02-24 17:00:00 +01:00
4080,FR,STA-FR04018,NO2,28.5,µg/m3,2013-02-24 08:00:00 +01:00
4081,FR,STA-FR04018,NO2,18.0,µg/m3,2013-05-01 00:00:00 +01:00
4082,FR,STA-FR04018,NO2,34.5,µg/m3,2013-05-02 11:00:00 +01:00
4084,FR,STA-FR04018,NO2,50.75,µg/m3,2013-02-25 09:00:00 +01:00
4085,FR,STA-FR04018,NO2,65.0,µg/m3,2013-02-25 19:00:00 +01:00
4086,FR,STA-FR04018,NO2,68.25,µg/m3,2013-01-15 09:00:00 +01:00
4087,FR,STA-FR04018,NO2,44.75,µg/m3,2013-01-15 05:00:00 +01:00
4088,FR,STA-FR04018,NO2,38.5,µg/m3,2013-01-01 18:00:00 +01:00
4089,FR,STA-FR04018,NO2,39.0,µg/m3,2013-01-15 14:00:00 +01:00
4091,FR,STA-FR04018,NO2,29.25,µg/m3,2013-01-16 03:00:00 +01:00
4092,FR,STA-FR04018,NO2,20.25,µg/m3,2013-01-01 02:00:00 +01:00
4093,FR,STA-FR04018,NO2,56.75,µg/m3,2013-01-16 05:00:00 +01:00
4094,FR,STA-FR04018,NO2,71.25,µg/m3,2013-01-16 22:00:00 +01:00
4095,FR,STA-FR04018,NO2,72.0,µg/m3,2013-01-02 09:00:00 +01:00
4096,FR,STA-FR04018,NO2,16.0,µg/m3,2013-01-01 12:00:00 +01:00
4097,FR,STA-FR04018,NO2,68.5,µg/m3,2013-01-16 19:00:00 +01:00
4098,FR,STA-FR04018,NO2,12.5,µg/m3,2013-01-01 14:00:00 +01:00
4099,FR,STA-FR04018,NO2,23.0,µg/m3,2013-01-02 03:00:00 +01:00
4100,FR,STA-FR04018,NO2,60.0,µg/m3,2013-01-02 12:00:00 +01:00
4101,FR,STA-FR04018,NO2,55.75,µg/m3,2013-01-02 16:00:00 +01:00
4102,FR,STA-FR04018,NO2,44.0,µg/m3,2013-01-03 13:00:00 +01:00
4103,FR,STA-FR04018,NO2,62.25,µg/m3,2013-01-17 02:00:00 +01:00
4104,FR,STA-FR04018,NO2,25.75,µg/m3,2013-01-03 03:00:00 +01:00
4105,FR,STA-FR04018,NO2,92.0,µg/m3,2013-01-17 10:00:00 +01:00
4106,FR,STA-FR04018,NO2,66.25,µg/m3,2013-01-03 08:00:00 +01:00
4107,FR,STA-FR04018,NO2,88.5,µg/m3,2013-01-17 19:00:00 +01:00
4109,FR,STA-FR04018,NO2,31.75,µg/m3,2013-01-20 01:00:00 +01:00
4110,FR,STA-FR04018,NO2,29.5,µg/m3,2013-01-05 17:00:00 +01:00
4111,FR,STA-FR04018,NO2,52.75,µg/m3,2013-01-19 17:00:00 +01:00
4112,FR,STA-FR04018,NO2,49.25,µg/m3,2013-01-19 20:00:00 +01:00
4113,FR,STA-FR04018,NO2,23.5,µg/m3,2013-01-05 14:00:00 +01:00
4114,FR,STA-FR04018,NO2,30.0,µg/m3,2013-01-19 23:00:00 +01:00
4115,FR,STA-FR04018,NO2,34.0,µg/m3,2013-01-20 07:00:00 +01:00
4116,FR,STA-FR04018,NO2,35.0,µg/m3,2013-01-05 09:00:00 +01:00
4117,FR,STA-FR04018,NO2,46.0,µg/m3,2013-01-19 15:00:00 +01:00
4118,FR,STA-FR04018,NO2,32.75,µg/m3,2013-01-05 01:00:00 +01:00
4119,FR,STA-FR04018,NO2,53.25,µg/m3,2013-01-04 12:00:00 +01:00
4120,FR,STA-FR04018,NO2,38.0,µg/m3,2013-01-04 22:00:00 +01:00
4121,FR,STA-FR04018,NO2,49.5,µg/m3,2013-01-18 21:00:00 +01:00
4122,FR,STA-FR04018,NO2,48.25,µg/m3,2013-01-04 17:00:00 +01:00
4123,FR,STA-FR04018,NO2,55.25,µg/m3,2013-01-04 09:00:00 +01:00
4124,FR,STA-FR04018,NO2,37.75,µg/m3,2013-01-04 07:00:00 +01:00
4125,FR,STA-FR04018,NO2,23.25,µg/m3,2013-01-03 23:00:00 +01:00
4126,FR,STA-FR04018,NO2,54.0,µg/m3,2013-01-18 15:00:00 +01:00
4127,FR,STA-FR04018,NO2,18.75,µg/m3,2013-01-04 04:00:00 +01:00
4128,FR,STA-FR04018,NO2,40.25,µg/m3,2013-01-19 05:00:00 +01:00
4129,FR,STA-FR04018,NO2,52.25,µg/m3,2013-01-04 15:00:00 +01:00
4130,FR,STA-FR04018,NO2,62.0,µg/m3,2013-01-03 11:00:00 +01:00
4131,FR,STA-FR04018,NO2,69.0,µg/m3,2013-01-18 03:00:00 +01:00
4132,FR,STA-FR04018,NO2,88.25,µg/m3,2013-01-17 22:00:00 +01:00
4133,FR,STA-FR04018,NO2,58.25,µg/m3,2013-01-18 05:00:00 +01:00
4134,FR,STA-FR04018,NO2,55.25,µg/m3,2013-01-03 18:00:00 +01:00
4135,FR,STA-FR04018,NO2,23.25,µg/m3,2013-01-03 22:00:00 +01:00
4136,FR,STA-FR04018,NO2,20.5,µg/m3,2013-01-04 01:00:00 +01:00
4137,FR,STA-FR04018,NO2,46.25,µg/m3,2013-01-08 16:00:00 +01:00
4138,FR,STA-FR04018,NO2,60.5,µg/m3,2013-01-23 00:00:00 +01:00
4139,FR,STA-FR04018,NO2,32.75,µg/m3,2013-01-08 01:00:00 +01:00
4140,FR,STA-FR04018,NO2,66.5,µg/m3,2013-01-22 22:00:00 +01:00
4141,FR,STA-FR04018,NO2,69.25,µg/m3,2013-01-08 19:00:00 +01:00
4142,FR,STA-FR04018,NO2,63.25,µg/m3,2013-01-22 23:00:00 +01:00
4143,FR,STA-FR04018,NO2,83.25,µg/m3,2013-01-24 00:00:00 +01:00
4144,FR,STA-FR04018,NO2,54.5,µg/m3,2013-01-24 12:00:00 +01:00
4145,FR,STA-FR04018,NO2,52.25,µg/m3,2013-01-09 13:00:00 +01:00
4146,FR,STA-FR04018,NO2,82.75,µg/m3,2013-01-24 18:00:00 +01:00
4147,FR,STA-FR04018,NO2,58.25,µg/m3,2013-01-24 06:00:00 +01:00
4148,FR,STA-FR04018,NO2,39.75,µg/m3,2013-01-10 00:00:00 +01:00
4149,FR,STA-FR04018,NO2,69.5,µg/m3,2013-01-25 10:00:00 +01:00
4150,FR,STA-FR04018,NO2,57.0,µg/m3,2013-01-07 22:00:00 +01:00
4151,FR,STA-FR04018,NO2,55.25,µg/m3,2013-01-22 06:00:00 +01:00
4152,FR,STA-FR04018,NO2,48.75,µg/m3,2013-01-22 01:00:00 +01:00
4153,FR,STA-FR04018,NO2,55.25,µg/m3,2013-01-22 14:00:00 +01:00
4154,FR,STA-FR04018,NO2,61.0,µg/m3,2013-01-07 15:00:00 +01:00
4155,FR,STA-FR04018,NO2,57.25,µg/m3,2013-01-21 22:00:00 +01:00
4156,FR,STA-FR04018,NO2,58.0,µg/m3,2013-01-07 13:00:00 +01:00
4157,FR,STA-FR04018,NO2,53.0,µg/m3,2013-01-21 11:00:00 +01:00
4158,FR,STA-FR04018,NO2,59.25,µg/m3,2013-01-07 10:00:00 +01:00
4159,FR,STA-FR04018,NO2,79.75,µg/m3,2013-01-21 17:00:00 +01:00
4160,FR,STA-FR04018,NO2,56.5,µg/m3,2013-01-07 08:00:00 +01:00
4161,FR,STA-FR04018,NO2,48.5,µg/m3,2013-01-06 21:00:00 +01:00
4162,FR,STA-FR04018,NO2,31.75,µg/m3,2013-01-20 12:00:00 +01:00
4163,FR,STA-FR04018,NO2,33.5,µg/m3,2013-01-20 09:00:00 +01:00
4164,FR,STA-FR04018,NO2,31.75,µg/m3,2013-01-20 04:00:00 +01:00
4165,FR,STA-FR04018,NO2,33.75,µg/m3,2013-01-07 01:00:00 +01:00
4166,FR,STA-FR04018,NO2,36.0,µg/m3,2013-01-06 11:00:00 +01:00
4167,FR,STA-FR04018,NO2,32.75,µg/m3,2013-01-07 03:00:00 +01:00
4168,FR,STA-FR04018,NO2,28.25,µg/m3,2013-01-06 00:00:00 +01:00
4169,FR,STA-FR04018,NO2,30.0,µg/m3,2013-02-06 17:00:00 +01:00
4170,FR,STA-FR04018,NO2,91.0,µg/m3,2013-01-23 13:00:00 +01:00
4171,FR,STA-FR04018,NO2,13.75,µg/m3,2013-02-07 00:00:00 +01:00
4172,FR,STA-FR04018,NO2,93.25,µg/m3,2013-01-23 19:00:00 +01:00
4173,FR,STA-FR04018,NO2,92.75,µg/m3,2013-01-23 16:00:00 +01:00
4174,FR,STA-FR04018,NO2,14.75,µg/m3,2013-02-07 04:00:00 +01:00
4175,FR,STA-FR04018,NO2,95.0,µg/m3,2013-01-23 21:00:00 +01:00
4176,FR,STA-FR04018,NO2,38.5,µg/m3,2013-02-07 12:00:00 +01:00
4177,FR,STA-FR04018,NO2,36.75,µg/m3,2013-02-07 06:00:00 +01:00
4178,FR,STA-FR04018,NO2,38.25,µg/m3,2013-02-07 17:00:00 +01:00
4179,FR,STA-FR04018,NO2,53.0,µg/m3,2013-01-24 07:00:00 +01:00
4180,FR,STA-FR04018,NO2,40.75,µg/m3,2013-02-07 15:00:00 +01:00
4181,FR,STA-FR04018,NO2,62.25,µg/m3,2013-02-07 21:00:00 +01:00
4182,FR,STA-FR04018,NO2,68.25,µg/m3,2013-01-24 23:00:00 +01:00
4183,FR,STA-FR04018,NO2,76.0,µg/m3,2013-01-24 16:00:00 +01:00
4184,FR,STA-FR04018,NO2,86.25,µg/m3,2013-02-08 07:00:00 +01:00
4185,FR,STA-FR04018,NO2,51.0,µg/m3,2013-02-08 01:00:00 +01:00
4186,FR,STA-FR04018,NO2,40.75,µg/m3,2013-02-07 23:00:00 +01:00
4187,FR,STA-FR04018,NO2,41.5,µg/m3,2013-02-08 18:00:00 +01:00
4188,FR,STA-FR04018,NO2,80.5,µg/m3,2013-01-25 13:00:00 +01:00
4189,FR,STA-FR04018,NO2,53.0,µg/m3,2013-02-08 20:00:00 +01:00
4190,FR,STA-FR04018,NO2,30.0,µg/m3,2013-02-08 13:00:00 +01:00
4191,FR,STA-FR04018,NO2,63.0,µg/m3,2013-01-25 02:00:00 +01:00
4192,FR,STA-FR04018,NO2,42.75,µg/m3,2013-02-09 15:00:00 +01:00
4193,FR,STA-FR04018,NO2,46.75,µg/m3,2013-02-09 03:00:00 +01:00
4194,FR,STA-FR04018,NO2,65.25,µg/m3,2013-01-25 17:00:00 +01:00
4195,FR,STA-FR04018,NO2,22.5,µg/m3,2013-02-09 12:00:00 +01:00
4196,FR,STA-FR04018,NO2,77.0,µg/m3,2013-02-09 18:00:00 +01:00
4197,FR,STA-FR04018,NO2,46.5,µg/m3,2013-01-26 08:00:00 +01:00
4198,FR,STA-FR04018,NO2,52.0,µg/m3,2013-01-26 11:00:00 +01:00
4199,FR,STA-FR04018,NO2,60.5,µg/m3,2013-01-26 13:00:00 +01:00
4200,FR,STA-FR04018,NO2,83.0,µg/m3,2013-02-09 21:00:00 +01:00
4201,FR,STA-FR04018,NO2,30.25,µg/m3,2013-01-27 03:00:00 +01:00
4202,FR,STA-FR04018,NO2,78.75,µg/m3,2013-01-26 17:00:00 +01:00
4203,FR,STA-FR04018,NO2,49.5,µg/m3,2013-02-06 08:00:00 +01:00
4204,FR,STA-FR04018,NO2,50.75,µg/m3,2013-02-06 06:00:00 +01:00
4205,FR,STA-FR04018,NO2,51.25,µg/m3,2013-01-22 02:00:00 +01:00
4206,FR,STA-FR04018,NO2,54.5,µg/m3,2013-01-22 12:00:00 +01:00
4207,FR,STA-FR04018,NO2,62.5,µg/m3,2013-01-22 07:00:00 +01:00
4208,FR,STA-FR04018,NO2,10.5,µg/m3,2013-02-05 03:00:00 +01:00
4209,FR,STA-FR04018,NO2,41.0,µg/m3,2013-02-04 19:00:00 +01:00
4210,FR,STA-FR04018,NO2,26.0,µg/m3,2013-02-04 21:00:00 +01:00
4211,FR,STA-FR04018,NO2,53.25,µg/m3,2013-01-22 15:00:00 +01:00
4212,FR,STA-FR04018,NO2,67.0,µg/m3,2013-01-22 20:00:00 +01:00
4213,FR,STA-FR04018,NO2,53.5,µg/m3,2013-01-19 18:00:00 +01:00
4214,FR,STA-FR04018,NO2,46.75,µg/m3,2013-02-03 08:00:00 +01:00
4215,FR,STA-FR04018,NO2,33.25,µg/m3,2013-01-20 00:00:00 +01:00
4216,FR,STA-FR04018,NO2,39.5,µg/m3,2013-01-19 21:00:00 +01:00
4217,FR,STA-FR04018,NO2,30.0,µg/m3,2013-02-03 00:00:00 +01:00
4218,FR,STA-FR04018,NO2,38.25,µg/m3,2013-02-03 02:00:00 +01:00
4219,FR,STA-FR04018,NO2,32.0,µg/m3,2013-02-03 05:00:00 +01:00
4220,FR,STA-FR04018,NO2,40.0,µg/m3,2013-01-19 06:00:00 +01:00
4221,FR,STA-FR04018,NO2,16.75,µg/m3,2013-02-02 16:00:00 +01:00
4222,FR,STA-FR04018,NO2,23.0,µg/m3,2013-02-04 05:00:00 +01:00
4223,FR,STA-FR04018,NO2,49.5,µg/m3,2013-01-20 17:00:00 +01:00
4224,FR,STA-FR04018,NO2,35.25,µg/m3,2013-02-03 17:00:00 +01:00
4225,FR,STA-FR04018,NO2,31.0,µg/m3,2013-01-20 02:00:00 +01:00
4226,FR,STA-FR04018,NO2,47.25,µg/m3,2013-02-04 13:00:00 +01:00
4227,FR,STA-FR04018,NO2,36.0,µg/m3,2013-02-03 22:00:00 +01:00
4228,FR,STA-FR04018,NO2,36.25,µg/m3,2013-01-20 15:00:00 +01:00
4229,FR,STA-FR04018,NO2,42.75,µg/m3,2013-01-20 22:00:00 +01:00
4230,FR,STA-FR04018,NO2,29.0,µg/m3,2013-02-01 20:00:00 +01:00
4231,FR,STA-FR04018,NO2,28.25,µg/m3,2013-02-01 23:00:00 +01:00
4232,FR,STA-FR04018,NO2,33.25,µg/m3,2013-02-02 01:00:00 +01:00
4233,FR,STA-FR04018,NO2,51.0,µg/m3,2013-01-18 13:00:00 +01:00
4234,FR,STA-FR04018,NO2,39.0,µg/m3,2013-02-02 06:00:00 +01:00
4235,FR,STA-FR04018,NO2,13.0,µg/m3,2013-02-02 12:00:00 +01:00
4236,FR,STA-FR04018,NO2,53.75,µg/m3,2013-01-18 19:00:00 +01:00
4237,FR,STA-FR04018,NO2,37.25,µg/m3,2013-01-19 04:00:00 +01:00
4238,FR,STA-FR04018,NO2,47.5,µg/m3,2013-01-18 22:00:00 +01:00
4239,FR,STA-FR04018,NO2,35.5,µg/m3,2013-01-19 13:00:00 +01:00
4240,FR,STA-FR04018,NO2,60.5,µg/m3,2013-01-17 05:00:00 +01:00
4241,FR,STA-FR04018,NO2,73.0,µg/m3,2013-01-17 16:00:00 +01:00
4242,FR,STA-FR04018,NO2,41.0,µg/m3,2013-02-01 00:00:00 +01:00
4243,FR,STA-FR04018,NO2,57.5,µg/m3,2013-02-01 10:00:00 +01:00
4244,FR,STA-FR04018,NO2,73.25,µg/m3,2013-01-18 01:00:00 +01:00
4245,FR,STA-FR04018,NO2,60.5,µg/m3,2013-02-01 17:00:00 +01:00
4246,FR,STA-FR04018,NO2,70.0,µg/m3,2013-02-01 13:00:00 +01:00
4247,FR,STA-FR04018,NO2,27.5,µg/m3,2013-02-01 03:00:00 +01:00
4248,FR,STA-FR04018,NO2,48.75,µg/m3,2013-01-31 22:00:00 +01:00
4249,FR,STA-FR04018,NO2,54.25,µg/m3,2013-01-31 18:00:00 +01:00
4250,FR,STA-FR04018,NO2,83.0,µg/m3,2013-01-17 13:00:00 +01:00
4251,FR,STA-FR04018,NO2,47.5,µg/m3,2013-01-31 10:00:00 +01:00
4252,FR,STA-FR04018,NO2,62.5,µg/m3,2013-01-31 07:00:00 +01:00
4253,FR,STA-FR04018,NO2,29.0,µg/m3,2013-01-30 16:00:00 +01:00
4254,FR,STA-FR04018,NO2,61.25,µg/m3,2013-01-17 03:00:00 +01:00
4255,FR,STA-FR04018,NO2,47.75,µg/m3,2013-01-16 17:00:00 +01:00
4256,FR,STA-FR04018,NO2,43.5,µg/m3,2013-01-16 15:00:00 +01:00
4257,FR,STA-FR04018,NO2,72.0,µg/m3,2013-01-16 08:00:00 +01:00
4258,FR,STA-FR04018,NO2,44.5,µg/m3,2013-01-29 15:00:00 +01:00
4259,FR,STA-FR04018,NO2,27.75,µg/m3,2013-01-29 22:00:00 +01:00
4260,FR,STA-FR04018,NO2,20.5,µg/m3,2013-01-30 00:00:00 +01:00
4261,FR,STA-FR04018,NO2,40.75,µg/m3,2013-01-29 19:00:00 +01:00
4262,FR,STA-FR04018,NO2,70.25,µg/m3,2013-01-16 11:00:00 +01:00
4263,FR,STA-FR04018,NO2,49.5,µg/m3,2013-01-15 23:00:00 +01:00
4264,FR,STA-FR04018,NO2,51.5,µg/m3,2013-01-25 06:00:00 +01:00
4265,FR,STA-FR04018,NO2,48.75,µg/m3,2013-01-25 04:00:00 +01:00
4266,FR,STA-FR04018,NO2,41.5,µg/m3,2013-01-10 14:00:00 +01:00
4267,FR,STA-FR04018,NO2,31.75,µg/m3,2013-01-11 01:00:00 +01:00
4268,FR,STA-FR04018,NO2,64.25,µg/m3,2013-01-25 01:00:00 +01:00
4269,FR,STA-FR04018,NO2,66.75,µg/m3,2013-01-24 22:00:00 +01:00
4270,FR,STA-FR04018,NO2,69.0,µg/m3,2013-01-24 15:00:00 +01:00
4271,FR,STA-FR04018,NO2,23.25,µg/m3,2013-01-11 04:00:00 +01:00
4272,FR,STA-FR04018,NO2,28.75,µg/m3,2013-01-11 02:00:00 +01:00
4273,FR,STA-FR04018,NO2,57.0,µg/m3,2013-01-11 09:00:00 +01:00
4274,FR,STA-FR04018,NO2,49.5,µg/m3,2013-01-11 11:00:00 +01:00
4275,FR,STA-FR04018,NO2,83.5,µg/m3,2013-01-25 12:00:00 +01:00
4276,FR,STA-FR04018,NO2,51.75,µg/m3,2013-01-25 22:00:00 +01:00
4277,FR,STA-FR04018,NO2,50.5,µg/m3,2013-01-25 23:00:00 +01:00
4278,FR,STA-FR04018,NO2,59.25,µg/m3,2013-01-12 06:00:00 +01:00
4279,FR,STA-FR04018,NO2,35.0,µg/m3,2013-01-27 02:00:00 +01:00
4280,FR,STA-FR04018,NO2,60.5,µg/m3,2013-01-12 09:00:00 +01:00
4281,FR,STA-FR04018,NO2,94.5,µg/m3,2013-01-26 21:00:00 +01:00
4282,FR,STA-FR04018,NO2,54.0,µg/m3,2013-01-12 14:00:00 +01:00
4283,FR,STA-FR04018,NO2,47.5,µg/m3,2013-01-27 18:00:00 +01:00
4284,FR,STA-FR04018,NO2,82.0,µg/m3,2013-01-12 02:00:00 +01:00
4285,FR,STA-FR04018,NO2,67.0,µg/m3,2013-01-26 16:00:00 +01:00
4286,FR,STA-FR04018,NO2,64.25,µg/m3,2013-01-12 04:00:00 +01:00
4287,FR,STA-FR04018,NO2,49.0,µg/m3,2013-01-26 10:00:00 +01:00
4288,FR,STA-FR04018,NO2,48.75,µg/m3,2013-01-28 06:00:00 +01:00
4289,FR,STA-FR04018,NO2,37.0,µg/m3,2013-01-28 13:00:00 +01:00
4290,FR,STA-FR04018,NO2,44.0,µg/m3,2013-01-29 07:00:00 +01:00
4291,FR,STA-FR04018,NO2,43.75,µg/m3,2013-01-14 22:00:00 +01:00
4292,FR,STA-FR04018,NO2,39.75,µg/m3,2013-01-15 12:00:00 +01:00
4293,FR,STA-FR04018,NO2,45.25,µg/m3,2013-01-14 08:00:00 +01:00
4294,FR,STA-FR04018,NO2,52.75,µg/m3,2013-01-14 20:00:00 +01:00
4295,FR,STA-FR04018,NO2,63.25,µg/m3,2013-01-14 17:00:00 +01:00
4296,FR,STA-FR04018,NO2,37.0,µg/m3,2013-01-28 20:00:00 +01:00
4297,FR,STA-FR04018,NO2,66.25,µg/m3,2013-01-14 15:00:00 +01:00
4298,FR,STA-FR04018,NO2,12.75,µg/m3,2013-01-29 02:00:00 +01:00
4299,FR,STA-FR04018,NO2,23.0,µg/m3,2013-01-27 04:00:00 +01:00
4300,FR,STA-FR04018,NO2,42.5,µg/m3,2013-01-14 01:00:00 +01:00
4301,FR,STA-FR04018,NO2,36.0,µg/m3,2013-01-13 03:00:00 +01:00
4302,FR,STA-FR04018,NO2,24.25,µg/m3,2013-01-27 10:00:00 +01:00
4303,FR,STA-FR04018,NO2,55.75,µg/m3,2013-01-12 22:00:00 +01:00
4304,FR,STA-FR04018,NO2,27.5,µg/m3,2013-01-13 07:00:00 +01:00
4305,FR,STA-FR04018,NO2,34.75,µg/m3,2013-01-28 02:00:00 +01:00
4306,FR,STA-FR04018,NO2,42.0,µg/m3,2013-01-28 04:00:00 +01:00
4307,FR,STA-FR04018,NO2,32.5,µg/m3,2013-01-27 12:00:00 +01:00
4308,FR,STA-FR04018,NO2,25.25,µg/m3,2013-01-13 16:00:00 +01:00
4309,FR,STA-FR04018,NO2,13.25,µg/m3,2013-01-01 13:00:00 +01:00
4310,FR,STA-FR04018,NO2,49.25,µg/m3,2013-01-14 10:00:00 +01:00
4311,FR,STA-FR04018,NO2,47.25,µg/m3,2013-01-14 21:00:00 +01:00
4312,FR,STA-FR04018,NO2,55.25,µg/m3,2013-01-14 19:00:00 +01:00
4313,FR,STA-FR04018,NO2,24.75,µg/m3,2013-01-15 03:00:00 +01:00
4314,FR,STA-FR04018,NO2,37.75,µg/m3,2013-01-15 16:00:00 +01:00
4315,FR,STA-FR04018,NO2,42.75,µg/m3,2013-01-15 11:00:00 +01:00
4316,FR,STA-FR04018,NO2,23.75,µg/m3,2013-01-13 13:00:00 +01:00
4317,FR,STA-FR04018,NO2,41.25,µg/m3,2013-01-13 23:00:00 +01:00
4318,FR,STA-FR04018,NO2,35.75,µg/m3,2013-01-13 19:00:00 +01:00
4319,FR,STA-FR04018,NO2,38.0,µg/m3,2013-01-14 03:00:00 +01:00
4320,FR,STA-FR04018,NO2,41.75,µg/m3,2013-01-14 00:00:00 +01:00
4321,FR,STA-FR04018,NO2,61.25,µg/m3,2013-01-11 15:00:00 +01:00
4322,FR,STA-FR04018,NO2,98.75,µg/m3,2013-01-12 01:00:00 +01:00
4323,FR,STA-FR04018,NO2,58.0,µg/m3,2013-01-12 13:00:00 +01:00
4324,FR,STA-FR04018,NO2,108.5,µg/m3,2013-01-11 23:00:00 +01:00
4325,FR,STA-FR04018,NO2,58.0,µg/m3,2013-01-12 15:00:00 +01:00
4326,FR,STA-FR04018,NO2,58.5,µg/m3,2013-01-12 17:00:00 +01:00
4327,FR,STA-FR04018,NO2,26.75,µg/m3,2013-01-13 09:00:00 +01:00
4328,FR,STA-FR04018,NO2,38.0,µg/m3,2013-01-13 05:00:00 +01:00
4329,FR,STA-FR04018,NO2,28.0,µg/m3,2013-01-08 05:00:00 +01:00
4330,FR,STA-FR04018,NO2,63.5,µg/m3,2013-01-08 18:00:00 +01:00
4331,FR,STA-FR04018,NO2,46.0,µg/m3,2013-01-09 07:00:00 +01:00
4332,FR,STA-FR04018,NO2,33.25,µg/m3,2013-01-10 02:00:00 +01:00
4333,FR,STA-FR04018,NO2,49.25,µg/m3,2013-01-09 20:00:00 +01:00
4334,FR,STA-FR04018,NO2,65.0,µg/m3,2013-01-11 13:00:00 +01:00
4335,FR,STA-FR04018,NO2,72.0,µg/m3,2013-01-10 20:00:00 +01:00
4336,FR,STA-FR04018,NO2,64.75,µg/m3,2013-01-10 18:00:00 +01:00
4337,FR,STA-FR04018,NO2,39.0,µg/m3,2013-01-11 05:00:00 +01:00
4338,FR,STA-FR04018,NO2,59.25,µg/m3,2013-01-11 06:00:00 +01:00
4339,FR,STA-FR04018,NO2,37.25,µg/m3,2013-01-10 07:00:00 +01:00
4340,FR,STA-FR04018,NO2,19.5,µg/m3,2013-01-11 03:00:00 +01:00
4341,FR,STA-FR04018,NO2,42.75,µg/m3,2013-01-09 22:00:00 +01:00
4342,FR,STA-FR04018,NO2,56.5,µg/m3,2013-01-09 17:00:00 +01:00
4343,FR,STA-FR04018,NO2,75.5,µg/m3,2013-01-07 17:00:00 +01:00
4344,FR,STA-FR04018,NO2,33.5,µg/m3,2013-01-06 23:00:00 +01:00
4345,FR,STA-FR04018,NO2,32.25,µg/m3,2013-01-06 10:00:00 +01:00
4346,FR,STA-FR04018,NO2,39.0,µg/m3,2013-01-06 08:00:00 +01:00
4347,FR,STA-FR04018,NO2,23.5,µg/m3,2013-01-06 13:00:00 +01:00
4348,FR,STA-FR04018,NO2,30.0,µg/m3,2013-01-07 05:00:00 +01:00
4349,FR,STA-FR04018,NO2,59.25,µg/m3,2013-01-07 12:00:00 +01:00
4350,FR,STA-FR04018,NO2,34.0,µg/m3,2013-01-06 06:00:00 +01:00
4351,FR,STA-FR04018,NO2,29.5,µg/m3,2013-01-05 16:00:00 +01:00
4352,FR,STA-FR04018,NO2,67.5,µg/m3,2013-01-07 09:00:00 +01:00
4353,FR,STA-FR04018,NO2,29.5,µg/m3,2013-01-05 10:00:00 +01:00
4354,FR,STA-FR04018,NO2,24.5,µg/m3,2013-01-05 13:00:00 +01:00
4355,FR,STA-FR04018,NO2,11.25,µg/m3,2013-01-05 05:00:00 +01:00
4356,FR,STA-FR04018,NO2,30.25,µg/m3,2013-01-05 00:00:00 +01:00
4357,FR,STA-FR04018,NO2,17.0,µg/m3,2013-01-05 03:00:00 +01:00
4358,FR,STA-FR04018,NO2,53.75,µg/m3,2013-01-04 11:00:00 +01:00
4359,FR,STA-FR04018,NO2,58.75,µg/m3,2013-01-04 14:00:00 +01:00
4360,FR,STA-FR04018,NO2,45.0,µg/m3,2013-01-04 06:00:00 +01:00
4361,FR,STA-FR04018,NO2,15.75,µg/m3,2013-01-04 00:00:00 +01:00
4362,FR,STA-FR04018,NO2,18.25,µg/m3,2013-01-04 03:00:00 +01:00
4363,FR,STA-FR04018,NO2,66.75,µg/m3,2013-01-03 10:00:00 +01:00
4364,FR,STA-FR04018,NO2,51.75,µg/m3,2013-01-03 17:00:00 +01:00
4365,FR,STA-FR04018,NO2,45.75,µg/m3,2013-01-03 20:00:00 +01:00
4366,FR,STA-FR04018,NO2,55.5,µg/m3,2013-01-03 15:00:00 +01:00
4367,FR,STA-FR04018,NO2,18.5,µg/m3,2013-01-01 09:00:00 +01:00
4368,FR,STA-FR04018,NO2,16.25,µg/m3,2013-01-01 15:00:00 +01:00
4369,FR,STA-FR04018,NO2,16.5,µg/m3,2013-01-01 11:00:00 +01:00
4370,FR,STA-FR04018,NO2,47.0,µg/m3,2013-01-02 14:00:00 +01:00
4371,FR,STA-FR04018,NO2,37.75,µg/m3,2013-01-01 17:00:00 +01:00
4372,FR,STA-FR04018,NO2,32.75,µg/m3,2013-01-02 00:00:00 +01:00
4373,FR,STA-FR04018,NO2,53.25,µg/m3,2013-01-02 05:00:00 +01:00
4374,FR,STA-FR04018,NO2,36.75,µg/m3,2013-01-03 00:00:00 +01:00
4375,FR,STA-FR04018,NO2,67.5,µg/m3,2013-01-02 10:00:00 +01:00
4376,FR,STA-FR04018,NO2,54.25,µg/m3,2013-01-02 21:00:00 +01:00
4377,FR,STA-FR04018,NO2,36.75,µg/m3,2013-02-10 22:00:00 +01:00
4378,FR,STA-FR04018,NO2,41.5,µg/m3,2013-02-11 02:00:00 +01:00
4379,FR,STA-FR04018,NO2,42.25,µg/m3,2013-02-10 23:00:00 +01:00
4380,FR,STA-FR04018,NO2,42.5,µg/m3,2013-02-10 17:00:00 +01:00
4381,FR,STA-FR04018,NO2,64.5,µg/m3,2013-02-08 21:00:00 +01:00
4382,FR,STA-FR04018,NO2,34.0,µg/m3,2013-02-08 16:00:00 +01:00
4383,FR,STA-FR04018,NO2,87.75,µg/m3,2013-02-09 19:00:00 +01:00
4384,FR,STA-FR04018,NO2,66.5,µg/m3,2013-02-09 23:00:00 +01:00
4385,FR,STA-FR04018,NO2,81.0,µg/m3,2013-02-09 22:00:00 +01:00
4386,FR,STA-FR04018,NO2,48.5,µg/m3,2013-02-09 16:00:00 +01:00
4387,FR,STA-FR04018,NO2,23.75,µg/m3,2013-02-09 13:00:00 +01:00
4388,FR,STA-FR04018,NO2,80.75,µg/m3,2013-02-08 08:00:00 +01:00
4389,FR,STA-FR04018,NO2,53.25,µg/m3,2013-02-07 18:00:00 +01:00
4390,FR,STA-FR04018,NO2,13.0,µg/m3,2013-02-06 22:00:00 +01:00
4391,FR,STA-FR04018,NO2,43.0,µg/m3,2013-02-06 19:00:00 +01:00
4392,FR,STA-FR04018,NO2,51.0,µg/m3,2013-02-07 07:00:00 +01:00
4393,FR,STA-FR04018,NO2,13.25,µg/m3,2013-02-07 02:00:00 +01:00
4394,FR,STA-FR04018,NO2,29.5,µg/m3,2013-02-05 14:00:00 +01:00
4395,FR,STA-FR04018,NO2,35.5,µg/m3,2013-02-05 17:00:00 +01:00
4396,FR,STA-FR04018,NO2,38.25,µg/m3,2013-02-05 18:00:00 +01:00
4397,FR,STA-FR04018,NO2,54.25,µg/m3,2013-02-05 10:00:00 +01:00
4398,FR,STA-FR04018,NO2,34.25,µg/m3,2013-02-05 07:00:00 +01:00
4399,FR,STA-FR04018,NO2,29.25,µg/m3,2013-02-05 12:00:00 +01:00
4400,FR,STA-FR04018,NO2,17.0,µg/m3,2013-02-06 13:00:00 +01:00
4401,FR,STA-FR04018,NO2,66.0,µg/m3,2013-02-06 09:00:00 +01:00
4402,FR,STA-FR04018,NO2,12.25,µg/m3,2013-02-06 04:00:00 +01:00
4403,FR,STA-FR04018,NO2,36.5,µg/m3,2013-02-05 21:00:00 +01:00
4404,FR,STA-FR04018,NO2,34.5,µg/m3,2013-02-03 23:00:00 +01:00
4405,FR,STA-FR04018,NO2,13.25,µg/m3,2013-02-04 03:00:00 +01:00
4406,FR,STA-FR04018,NO2,35.5,µg/m3,2013-02-04 00:00:00 +01:00
4407,FR,STA-FR04018,NO2,36.75,µg/m3,2013-02-04 14:00:00 +01:00
4408,FR,STA-FR04018,NO2,61.0,µg/m3,2013-02-04 11:00:00 +01:00
4409,FR,STA-FR04018,NO2,14.0,µg/m3,2013-02-05 04:00:00 +01:00
4410,FR,STA-FR04018,NO2,15.75,µg/m3,2013-02-05 05:00:00 +01:00
4411,FR,STA-FR04018,NO2,51.75,µg/m3,2013-02-03 09:00:00 +01:00
4412,FR,STA-FR04018,NO2,64.0,µg/m3,2013-03-05 21:00:00 +01:00
4413,FR,STA-FR04018,NO2,76.25,µg/m3,2013-03-05 20:00:00 +01:00
4414,FR,STA-FR04018,NO2,53.25,µg/m3,2013-03-05 15:00:00 +01:00
4415,FR,STA-FR04018,NO2,16.25,µg/m3,2013-04-02 12:00:00 +01:00
4416,FR,STA-FR04018,NO2,17.5,µg/m3,2013-04-02 02:00:00 +01:00
4417,FR,STA-FR04018,NO2,17.75,µg/m3,2013-04-02 01:00:00 +01:00
4418,FR,STA-FR04018,NO2,73.0,µg/m3,2013-03-05 11:00:00 +01:00
4419,FR,STA-FR04018,NO2,68.0,µg/m3,2013-04-02 05:00:00 +01:00
4420,FR,STA-FR04018,NO2,41.25,µg/m3,2013-03-05 00:00:00 +01:00
4421,FR,STA-FR04018,NO2,49.25,µg/m3,2013-04-02 08:00:00 +01:00
4422,FR,STA-FR04018,NO2,14.75,µg/m3,2013-04-01 10:00:00 +01:00
4423,FR,STA-FR04018,NO2,24.25,µg/m3,2013-04-01 18:00:00 +01:00
4424,FR,STA-FR04018,NO2,72.5,µg/m3,2013-03-06 06:00:00 +01:00
4425,FR,STA-FR04018,NO2,37.25,µg/m3,2013-03-31 21:00:00 +01:00
4426,FR,STA-FR04018,NO2,92.75,µg/m3,2013-03-06 09:00:00 +01:00
4427,FR,STA-FR04018,NO2,22.25,µg/m3,2013-04-01 02:00:00 +01:00
4428,FR,STA-FR04018,NO2,23.25,µg/m3,2013-03-30 11:00:00 +01:00
4430,FR,STA-FR04018,NO2,19.75,µg/m3,2013-03-30 02:00:00 +01:00
4431,FR,STA-FR04018,NO2,36.25,µg/m3,2013-03-31 06:00:00 +01:00
4433,FR,STA-FR04018,NO2,18.0,µg/m3,2013-03-31 12:00:00 +01:00
4436,FR,STA-FR04018,NO2,28.0,µg/m3,2013-03-30 21:00:00 +01:00
4437,FR,STA-FR04018,NO2,55.25,µg/m3,2013-03-08 06:00:00 +01:00
4438,FR,STA-FR04018,NO2,73.0,µg/m3,2013-03-07 22:00:00 +01:00
4439,FR,STA-FR04018,NO2,30.0,µg/m3,2013-03-31 03:00:00 +01:00
4440,FR,STA-FR04018,NO2,30.5,µg/m3,2013-04-05 04:00:00 +01:00
4441,FR,STA-FR04018,NO2,24.75,µg/m3,2013-04-05 00:00:00 +01:00
4442,FR,STA-FR04018,NO2,29.75,µg/m3,2013-03-02 21:00:00 +01:00
4443,FR,STA-FR04018,NO2,31.25,µg/m3,2013-03-03 06:00:00 +01:00
4444,FR,STA-FR04018,NO2,28.75,µg/m3,2013-04-04 14:00:00 +01:00
4445,FR,STA-FR04018,NO2,46.5,µg/m3,2013-03-03 08:00:00 +01:00
4446,FR,STA-FR04018,NO2,42.0,µg/m3,2013-04-04 17:00:00 +01:00
4447,FR,STA-FR04018,NO2,23.5,µg/m3,2013-03-03 04:00:00 +01:00
4448,FR,STA-FR04018,NO2,27.0,µg/m3,2013-04-06 00:00:00 +01:00
4449,FR,STA-FR04018,NO2,43.0,µg/m3,2013-04-05 20:00:00 +01:00
4450,FR,STA-FR04018,NO2,19.5,µg/m3,2013-03-02 03:00:00 +01:00
4451,FR,STA-FR04018,NO2,42.75,µg/m3,2013-03-01 15:00:00 +01:00
4452,FR,STA-FR04018,NO2,44.75,µg/m3,2013-03-01 00:00:00 +01:00
4453,FR,STA-FR04018,NO2,34.5,µg/m3,2013-04-06 20:00:00 +01:00
4454,FR,STA-FR04018,NO2,27.75,µg/m3,2013-04-06 06:00:00 +01:00
4455,FR,STA-FR04018,NO2,59.75,µg/m3,2013-03-04 01:00:00 +01:00
4456,FR,STA-FR04018,NO2,30.75,µg/m3,2013-04-03 18:00:00 +01:00
4457,FR,STA-FR04018,NO2,29.5,µg/m3,2013-04-03 23:00:00 +01:00
4458,FR,STA-FR04018,NO2,31.0,µg/m3,2013-04-03 22:00:00 +01:00
4459,FR,STA-FR04018,NO2,30.25,µg/m3,2013-04-03 21:00:00 +01:00
4460,FR,STA-FR04018,NO2,35.5,µg/m3,2013-04-04 04:00:00 +01:00
4461,FR,STA-FR04018,NO2,41.75,µg/m3,2013-03-03 21:00:00 +01:00
4462,FR,STA-FR04018,NO2,65.75,µg/m3,2013-04-04 07:00:00 +01:00
4463,FR,STA-FR04018,NO2,25.25,µg/m3,2013-04-04 11:00:00 +01:00
4464,FR,STA-FR04018,NO2,82.5,µg/m3,2013-03-05 09:00:00 +01:00
4465,FR,STA-FR04018,NO2,41.5,µg/m3,2013-03-04 15:00:00 +01:00
4466,FR,STA-FR04018,NO2,34.75,µg/m3,2013-03-05 03:00:00 +01:00
4467,FR,STA-FR04018,NO2,62.75,µg/m3,2013-03-04 08:00:00 +01:00
4468,FR,STA-FR04018,NO2,26.5,µg/m3,2013-04-03 16:00:00 +01:00
4469,FR,STA-FR04018,NO2,40.75,µg/m3,2013-04-03 09:00:00 +01:00
4470,FR,STA-FR04018,NO2,21.0,µg/m3,2013-03-25 02:00:00 +01:00
4471,FR,STA-FR04018,NO2,16.5,µg/m3,2013-03-14 14:00:00 +01:00
4472,FR,STA-FR04018,NO2,67.25,µg/m3,2013-03-13 20:00:00 +01:00
4473,FR,STA-FR04018,NO2,26.5,µg/m3,2013-03-25 05:00:00 +01:00
4474,FR,STA-FR04018,NO2,62.0,µg/m3,2013-03-14 09:00:00 +01:00
4475,FR,STA-FR04018,NO2,40.5,µg/m3,2013-03-14 11:00:00 +01:00
4476,FR,STA-FR04018,NO2,42.75,µg/m3,2013-03-25 07:00:00 +01:00
4477,FR,STA-FR04018,NO2,58.75,µg/m3,2013-03-13 17:00:00 +01:00
4478,FR,STA-FR04018,NO2,23.25,µg/m3,2013-03-25 10:00:00 +01:00
4479,FR,STA-FR04018,NO2,61.25,µg/m3,2013-03-13 14:00:00 +01:00
4480,FR,STA-FR04018,NO2,34.5,µg/m3,2013-03-12 20:00:00 +01:00
4481,FR,STA-FR04018,NO2,39.75,µg/m3,2013-03-13 04:00:00 +01:00
4482,FR,STA-FR04018,NO2,16.25,µg/m3,2013-03-10 12:00:00 +01:00
4483,FR,STA-FR04018,NO2,37.3333,µg/m3,2013-03-28 15:00:00 +01:00
4485,FR,STA-FR04018,NO2,42.5,µg/m3,2013-03-28 16:00:00 +01:00
4486,FR,STA-FR04018,NO2,35.6667,µg/m3,2013-03-11 06:00:00 +01:00
4488,FR,STA-FR04018,NO2,15.6667,µg/m3,2013-03-10 14:00:00 +01:00
4489,FR,STA-FR04018,NO2,19.75,µg/m3,2013-03-30 16:00:00 +01:00
4492,FR,STA-FR04018,NO2,72.0,µg/m3,2013-03-29 08:00:00 +01:00
4493,FR,STA-FR04018,NO2,36.75,µg/m3,2013-03-29 11:00:00 +01:00
4494,FR,STA-FR04018,NO2,73.5,µg/m3,2013-03-10 02:00:00 +01:00
4495,FR,STA-FR04018,NO2,24.0,µg/m3,2013-03-29 00:00:00 +01:00
4497,FR,STA-FR04018,NO2,34.0,µg/m3,2013-03-27 18:00:00 +01:00
4498,FR,STA-FR04018,NO2,28.5,µg/m3,2013-03-27 22:00:00 +01:00
4500,FR,STA-FR04018,NO2,30.75,µg/m3,2013-03-27 09:00:00 +01:00
4501,FR,STA-FR04018,NO2,28.25,µg/m3,2013-03-12 01:00:00 +01:00
4502,FR,STA-FR04018,NO2,44.25,µg/m3,2013-03-11 18:00:00 +01:00
4503,FR,STA-FR04018,NO2,30.5,µg/m3,2013-03-12 00:00:00 +01:00
4504,FR,STA-FR04018,NO2,34.5,µg/m3,2013-03-12 23:00:00 +01:00
4505,FR,STA-FR04018,NO2,18.5,µg/m3,2013-03-26 04:00:00 +01:00
4506,FR,STA-FR04018,NO2,26.5,µg/m3,2013-03-12 11:00:00 +01:00
4507,FR,STA-FR04018,NO2,37.5,µg/m3,2013-03-12 17:00:00 +01:00
4508,FR,STA-FR04018,NO2,22.75,µg/m3,2013-03-27 04:00:00 +01:00
4509,FR,STA-FR04018,NO2,43.75,µg/m3,2013-03-27 06:00:00 +01:00
4510,FR,STA-FR04018,NO2,27.25,µg/m3,2013-04-13 00:00:00 +01:00
4511,FR,STA-FR04018,NO2,47.75,µg/m3,2013-04-13 07:00:00 +01:00
4512,FR,STA-FR04018,NO2,37.0,µg/m3,2013-04-12 16:00:00 +01:00
4513,FR,STA-FR04018,NO2,41.75,µg/m3,2013-02-22 18:00:00 +01:00
4514,FR,STA-FR04018,NO2,30.75,µg/m3,2013-02-23 06:00:00 +01:00
4515,FR,STA-FR04018,NO2,24.25,µg/m3,2013-02-23 03:00:00 +01:00
4516,FR,STA-FR04018,NO2,27.75,µg/m3,2013-02-23 13:00:00 +01:00
4517,FR,STA-FR04018,NO2,33.5,µg/m3,2013-02-22 04:00:00 +01:00
4518,FR,STA-FR04018,NO2,21.5,µg/m3,2013-04-14 03:00:00 +01:00
4519,FR,STA-FR04018,NO2,29.25,µg/m3,2013-04-14 01:00:00 +01:00
4520,FR,STA-FR04018,NO2,19.25,µg/m3,2013-02-21 13:00:00 +01:00
4521,FR,STA-FR04018,NO2,29.0,µg/m3,2013-04-12 23:00:00 +01:00
4522,FR,STA-FR04018,NO2,30.0,µg/m3,2013-04-13 12:00:00 +01:00
4523,FR,STA-FR04018,NO2,52.75,µg/m3,2013-02-22 07:00:00 +01:00
4524,FR,STA-FR04018,NO2,31.5,µg/m3,2013-04-13 09:00:00 +01:00
4525,FR,STA-FR04018,NO2,23.5,µg/m3,2013-02-22 11:00:00 +01:00
4526,FR,STA-FR04018,NO2,27.75,µg/m3,2013-02-25 01:00:00 +01:00
4527,FR,STA-FR04018,NO2,33.25,µg/m3,2013-04-10 21:00:00 +01:00
4528,FR,STA-FR04018,NO2,25.25,µg/m3,2013-02-25 04:00:00 +01:00
4529,FR,STA-FR04018,NO2,41.0,µg/m3,2013-02-25 13:00:00 +01:00
4530,FR,STA-FR04018,NO2,48.25,µg/m3,2013-04-11 14:00:00 +01:00
4531,FR,STA-FR04018,NO2,25.25,µg/m3,2013-02-24 06:00:00 +01:00
4532,FR,STA-FR04018,NO2,45.75,µg/m3,2013-04-11 08:00:00 +01:00
4533,FR,STA-FR04018,NO2,24.5,µg/m3,2013-02-24 12:00:00 +01:00
4534,FR,STA-FR04018,NO2,27.25,µg/m3,2013-04-06 17:00:00 +01:00
4535,FR,STA-FR04018,NO2,55.5,µg/m3,2013-03-01 08:00:00 +01:00
4536,FR,STA-FR04018,NO2,39.25,µg/m3,2013-04-07 04:00:00 +01:00
4537,FR,STA-FR04018,NO2,49.0,µg/m3,2013-02-28 10:00:00 +01:00
4538,FR,STA-FR04018,NO2,57.5,µg/m3,2013-02-28 07:00:00 +01:00
4539,FR,STA-FR04018,NO2,35.75,µg/m3,2013-04-07 08:00:00 +01:00
4540,FR,STA-FR04018,NO2,26.5,µg/m3,2013-04-07 18:00:00 +01:00
4541,FR,STA-FR04018,NO2,36.75,µg/m3,2013-02-28 04:00:00 +01:00
4542,FR,STA-FR04018,NO2,21.25,µg/m3,2013-04-07 10:00:00 +01:00
4543,FR,STA-FR04018,NO2,40.5,µg/m3,2013-04-07 21:00:00 +01:00
4544,FR,STA-FR04018,NO2,30.0,µg/m3,2013-04-08 02:00:00 +01:00
4545,FR,STA-FR04018,NO2,46.75,µg/m3,2013-02-27 18:00:00 +01:00
4546,FR,STA-FR04018,NO2,48.0,µg/m3,2013-04-08 14:00:00 +01:00
4547,FR,STA-FR04018,NO2,45.25,µg/m3,2013-02-27 09:00:00 +01:00
4548,FR,STA-FR04018,NO2,42.0,µg/m3,2013-02-27 10:00:00 +01:00
4549,FR,STA-FR04018,NO2,45.0,µg/m3,2013-02-27 06:00:00 +01:00
4550,FR,STA-FR04018,NO2,53.75,µg/m3,2013-02-27 00:00:00 +01:00
4552,FR,STA-FR04018,NO2,43.5,µg/m3,2013-02-26 08:00:00 +01:00
4553,FR,STA-FR04018,NO2,14.0,µg/m3,2013-04-10 04:00:00 +01:00
4554,FR,STA-FR04018,NO2,12.25,µg/m3,2013-04-10 02:00:00 +01:00
4555,FR,STA-FR04018,NO2,61.25,µg/m3,2013-02-25 17:00:00 +01:00
4556,FR,STA-FR04018,NO2,46.75,µg/m3,2013-04-10 09:00:00 +01:00
4557,FR,STA-FR04018,NO2,45.75,µg/m3,2013-04-09 18:00:00 +01:00
4558,FR,STA-FR04018,NO2,29.5,µg/m3,2013-02-26 13:00:00 +01:00
4559,FR,STA-FR04018,NO2,63.75,µg/m3,2013-04-09 06:00:00 +01:00
4560,FR,STA-FR04018,NO2,54.5,µg/m3,2013-04-09 16:00:00 +01:00
4561,FR,STA-FR04018,NO2,32.0,µg/m3,2013-04-15 02:00:00 +01:00
4562,FR,STA-FR04018,NO2,72.0,µg/m3,2013-04-15 01:00:00 +01:00
4563,FR,STA-FR04018,NO2,75.75,µg/m3,2013-04-14 19:00:00 +01:00
4564,FR,STA-FR04018,NO2,22.25,µg/m3,2013-04-14 16:00:00 +01:00
4565,FR,STA-FR04018,NO2,31.75,µg/m3,2013-04-14 09:00:00 +01:00
4566,FR,STA-FR04018,NO2,27.75,µg/m3,2013-02-21 17:00:00 +01:00
4567,FR,STA-FR04018,NO2,26.75,µg/m3,2013-04-14 06:00:00 +01:00
4568,FR,STA-FR04018,NO2,38.5,µg/m3,2013-04-15 13:00:00 +01:00
4569,FR,STA-FR04018,NO2,37.75,µg/m3,2013-02-20 15:00:00 +01:00
4570,FR,STA-FR04018,NO2,60.75,µg/m3,2013-02-20 08:00:00 +01:00
4571,FR,STA-FR04018,NO2,38.0,µg/m3,2013-04-15 22:00:00 +01:00
4572,FR,STA-FR04018,NO2,74.0,µg/m3,2013-04-15 06:00:00 +01:00
4573,FR,STA-FR04018,NO2,50.75,µg/m3,2013-04-15 05:00:00 +01:00
4574,FR,STA-FR04018,NO2,48.25,µg/m3,2013-02-20 19:00:00 +01:00
4575,FR,STA-FR04018,NO2,57.0,µg/m3,2013-02-18 09:00:00 +01:00
4576,FR,STA-FR04018,NO2,33.0,µg/m3,2013-02-18 16:00:00 +01:00
4577,FR,STA-FR04018,NO2,79.25,µg/m3,2013-04-17 21:00:00 +01:00
4578,FR,STA-FR04018,NO2,35.25,µg/m3,2013-04-17 12:00:00 +01:00
4579,FR,STA-FR04018,NO2,45.25,µg/m3,2013-02-18 02:00:00 +01:00
4580,FR,STA-FR04018,NO2,10.75,µg/m3,2013-04-18 03:00:00 +01:00
4581,FR,STA-FR04018,NO2,41.75,µg/m3,2013-04-18 00:00:00 +01:00
4582,FR,STA-FR04018,NO2,36.25,µg/m3,2013-02-17 19:00:00 +01:00
4583,FR,STA-FR04018,NO2,24.0,µg/m3,2013-04-16 04:00:00 +01:00
4584,FR,STA-FR04018,NO2,71.0,µg/m3,2013-02-19 12:00:00 +01:00
4585,FR,STA-FR04018,NO2,31.0,µg/m3,2013-04-16 17:00:00 +01:00
4586,FR,STA-FR04018,NO2,67.5,µg/m3,2013-04-16 08:00:00 +01:00
4587,FR,STA-FR04018,NO2,43.0,µg/m3,2013-04-17 04:00:00 +01:00
4588,FR,STA-FR04018,NO2,57.0,µg/m3,2013-04-17 05:00:00 +01:00
4589,FR,STA-FR04018,NO2,19.25,µg/m3,2013-02-12 01:00:00 +01:00
4590,FR,STA-FR04018,NO2,52.25,µg/m3,2013-02-12 20:00:00 +01:00
4591,FR,STA-FR04018,NO2,38.0,µg/m3,2013-02-13 00:00:00 +01:00
4592,FR,STA-FR04018,NO2,42.75,µg/m3,2013-02-12 11:00:00 +01:00
4593,FR,STA-FR04018,NO2,27.25,µg/m3,2013-02-12 05:00:00 +01:00
4594,FR,STA-FR04018,NO2,72.75,µg/m3,2013-02-11 07:00:00 +01:00
4595,FR,STA-FR04018,NO2,51.75,µg/m3,2013-02-14 12:00:00 +01:00
4596,FR,STA-FR04018,NO2,28.25,µg/m3,2013-02-14 04:00:00 +01:00
4597,FR,STA-FR04018,NO2,57.75,µg/m3,2013-02-14 07:00:00 +01:00
4598,FR,STA-FR04018,NO2,28.75,µg/m3,2013-02-13 02:00:00 +01:00
4599,FR,STA-FR04018,NO2,62.5,µg/m3,2013-02-13 18:00:00 +01:00
4600,FR,STA-FR04018,NO2,31.25,µg/m3,2013-02-13 05:00:00 +01:00
4601,FR,STA-FR04018,NO2,32.0,µg/m3,2013-02-17 11:00:00 +01:00
4602,FR,STA-FR04018,NO2,32.75,µg/m3,2013-02-16 15:00:00 +01:00
4603,FR,STA-FR04018,NO2,24.0,µg/m3,2013-04-18 05:00:00 +01:00
4604,FR,STA-FR04018,NO2,45.25,µg/m3,2013-02-17 22:00:00 +01:00
4605,FR,STA-FR04018,NO2,59.75,µg/m3,2013-02-17 03:00:00 +01:00
4606,FR,STA-FR04018,NO2,79.0,µg/m3,2013-02-16 03:00:00 +01:00
4607,FR,STA-FR04018,NO2,43.0,µg/m3,2013-02-16 18:00:00 +01:00
4608,FR,STA-FR04018,NO2,64.25,µg/m3,2013-02-16 12:00:00 +01:00
4609,FR,STA-FR04018,NO2,78.25,µg/m3,2013-02-16 06:00:00 +01:00
4610,FR,STA-FR04018,NO2,50.25,µg/m3,2013-02-15 17:00:00 +01:00
4611,FR,STA-FR04018,NO2,81.75,µg/m3,2013-02-15 18:00:00 +01:00
4612,FR,STA-FR04018,NO2,94.75,µg/m3,2013-02-16 00:00:00 +01:00
4613,FR,STA-FR04018,NO2,80.75,µg/m3,2013-02-16 09:00:00 +01:00
4614,FR,STA-FR04018,NO2,82.25,µg/m3,2013-02-14 17:00:00 +01:00
4615,FR,STA-FR04018,NO2,40.25,µg/m3,2013-01-19 14:00:00 +01:00
4616,FR,STA-FR04018,NO2,54.25,µg/m3,2013-01-20 18:00:00 +01:00
4617,FR,STA-FR04018,NO2,56.0,µg/m3,2013-01-20 20:00:00 +01:00
4618,FR,STA-FR04018,NO2,54.0,µg/m3,2013-01-21 10:00:00 +01:00
4619,FR,STA-FR04018,NO2,59.75,µg/m3,2013-01-21 08:00:00 +01:00
4620,FR,STA-FR04018,NO2,56.0,µg/m3,2013-01-21 14:00:00 +01:00
4621,FR,STA-FR04018,NO2,83.75,µg/m3,2013-01-21 16:00:00 +01:00
4622,FR,STA-FR04018,NO2,73.75,µg/m3,2013-01-21 18:00:00 +01:00
4623,FR,STA-FR04018,NO2,54.0,µg/m3,2013-01-21 13:00:00 +01:00
4624,FR,STA-FR04018,NO2,67.25,µg/m3,2013-03-18 19:00:00 +01:00
4625,FR,STA-FR04018,NO2,33.0,µg/m3,2013-03-18 13:00:00 +01:00
4626,FR,STA-FR04018,NO2,64.5,µg/m3,2013-03-18 08:00:00 +01:00
4627,FR,STA-FR04018,NO2,21.25,µg/m3,2013-03-19 03:00:00 +01:00
4628,FR,STA-FR04018,NO2,64.5,µg/m3,2013-03-19 07:00:00 +01:00
4629,FR,STA-FR04018,NO2,47.0,µg/m3,2013-03-19 10:00:00 +01:00
4630,FR,STA-FR04018,NO2,57.25,µg/m3,2013-03-19 09:00:00 +01:00
4631,FR,STA-FR04018,NO2,29.0,µg/m3,2013-03-19 01:00:00 +01:00
4632,FR,STA-FR04018,NO2,25.5,µg/m3,2013-03-19 05:00:00 +01:00
4633,FR,STA-FR04018,NO2,49.5,µg/m3,2013-03-19 16:00:00 +01:00
4634,FR,STA-FR04018,NO2,92.5,µg/m3,2013-03-19 21:00:00 +01:00
4635,FR,STA-FR04018,NO2,76.75,µg/m3,2013-03-20 20:00:00 +01:00
4636,FR,STA-FR04018,NO2,84.0,µg/m3,2013-03-21 01:00:00 +01:00
4637,FR,STA-FR04018,NO2,43.5,µg/m3,2013-03-20 14:00:00 +01:00
4638,FR,STA-FR04018,NO2,97.0,µg/m3,2013-03-15 06:00:00 +01:00
4639,FR,STA-FR04018,NO2,74.75,µg/m3,2013-03-15 03:00:00 +01:00
4640,FR,STA-FR04018,NO2,34.0,µg/m3,2013-03-16 00:00:00 +01:00
4641,FR,STA-FR04018,NO2,98.0,µg/m3,2013-03-15 08:00:00 +01:00
4642,FR,STA-FR04018,NO2,65.75,µg/m3,2013-03-14 23:00:00 +01:00
4643,FR,STA-FR04018,NO2,33.75,µg/m3,2013-03-15 14:00:00 +01:00
4644,FR,STA-FR04018,NO2,36.75,µg/m3,2013-03-17 20:00:00 +01:00
4645,FR,STA-FR04018,NO2,25.5,µg/m3,2013-03-17 10:00:00 +01:00
4646,FR,STA-FR04018,NO2,36.5,µg/m3,2013-03-16 23:00:00 +01:00
4647,FR,STA-FR04018,NO2,39.0,µg/m3,2013-03-18 05:00:00 +01:00
4648,FR,STA-FR04018,NO2,64.25,µg/m3,2013-03-18 00:00:00 +01:00
4649,FR,STA-FR04018,NO2,50.25,µg/m3,2013-03-16 17:00:00 +01:00
4650,FR,STA-FR04018,NO2,44.75,µg/m3,2013-03-15 11:00:00 +01:00
4651,FR,STA-FR04018,NO2,35.5,µg/m3,2013-03-16 13:00:00 +01:00
4652,FR,STA-FR04018,NO2,36.0,µg/m3,2013-03-16 08:00:00 +01:00
4653,FR,STA-FR04018,NO2,25.0,µg/m3,2013-03-17 08:00:00 +01:00
4654,FR,STA-FR04018,NO2,26.25,µg/m3,2013-03-17 02:00:00 +01:00
4655,FR,STA-FR04018,NO2,16.75,µg/m3,2013-03-24 02:00:00 +01:00
4656,FR,STA-FR04018,NO2,41.25,µg/m3,2013-03-22 10:00:00 +01:00
4657,FR,STA-FR04018,NO2,43.25,µg/m3,2013-03-21 15:00:00 +01:00
4658,FR,STA-FR04018,NO2,54.75,µg/m3,2013-03-21 09:00:00 +01:00
4659,FR,STA-FR04018,NO2,67.25,µg/m3,2013-03-21 04:00:00 +01:00
4660,FR,STA-FR04018,NO2,26.5,µg/m3,2013-03-22 01:00:00 +01:00
4661,FR,STA-FR04018,NO2,24.75,µg/m3,2013-03-22 13:00:00 +01:00
4662,FR,STA-FR04018,NO2,26.25,µg/m3,2013-03-22 14:00:00 +01:00
4663,FR,STA-FR04018,NO2,31.25,µg/m3,2013-03-23 01:00:00 +01:00
4664,FR,STA-FR04018,NO2,22.0,µg/m3,2013-01-01 03:00:00 +01:00
4665,FR,STA-FR04018,NO2,24.0,µg/m3,2013-03-22 04:00:00 +01:00
4666,FR,STA-FR04018,NO2,37.0,µg/m3,2013-03-25 08:00:00 +01:00
4667,FR,STA-FR04018,NO2,23.75,µg/m3,2013-03-25 11:00:00 +01:00
4668,FR,STA-FR04018,NO2,29.25,µg/m3,2013-01-01 16:00:00 +01:00
4669,FR,STA-FR04018,NO2,34.75,µg/m3,2013-03-24 20:00:00 +01:00
4670,FR,STA-FR04018,NO2,24.5,µg/m3,2013-03-24 12:00:00 +01:00
4671,FR,STA-FR04018,NO2,40.75,µg/m3,2013-03-26 09:00:00 +01:00
4672,FR,STA-FR04018,NO2,14.75,µg/m3,2013-03-26 03:00:00 +01:00
4673,FR,STA-FR04018,NO2,42.5,µg/m3,2013-03-25 19:00:00 +01:00
4674,FR,STA-FR04018,NO2,49.25,µg/m3,2013-01-02 15:00:00 +01:00
4675,FR,STA-FR04018,NO2,62.5,µg/m3,2013-01-02 20:00:00 +01:00
4676,FR,STA-FR04018,NO2,14.5,µg/m3,2013-04-07 13:00:00 +01:00
4677,FR,STA-FR04018,NO2,35.5,µg/m3,2013-04-07 23:00:00 +01:00
4678,FR,STA-FR04018,NO2,26.75,µg/m3,2013-04-06 18:00:00 +01:00
4679,FR,STA-FR04018,NO2,27.0,µg/m3,2013-01-05 12:00:00 +01:00
4680,FR,STA-FR04018,NO2,61.75,µg/m3,2013-01-04 10:00:00 +01:00
4681,FR,STA-FR04018,NO2,53.75,µg/m3,2013-01-04 18:00:00 +01:00
4682,FR,STA-FR04018,NO2,16.25,µg/m3,2013-04-07 11:00:00 +01:00
4683,FR,STA-FR04018,NO2,41.5,µg/m3,2013-04-07 05:00:00 +01:00
4684,FR,STA-FR04018,NO2,24.25,µg/m3,2013-01-05 07:00:00 +01:00
4685,FR,STA-FR04018,NO2,38.75,µg/m3,2013-04-07 00:00:00 +01:00
4686,FR,STA-FR04018,NO2,18.75,µg/m3,2013-04-06 14:00:00 +01:00
4687,FR,STA-FR04018,NO2,24.25,µg/m3,2013-04-05 01:00:00 +01:00
4688,FR,STA-FR04018,NO2,45.75,µg/m3,2013-01-04 20:00:00 +01:00
4689,FR,STA-FR04018,NO2,19.5,µg/m3,2013-04-06 10:00:00 +01:00
4690,FR,STA-FR04018,NO2,22.25,µg/m3,2013-04-06 04:00:00 +01:00
4691,FR,STA-FR04018,NO2,47.0,µg/m3,2013-04-05 19:00:00 +01:00
4692,FR,STA-FR04018,NO2,37.25,µg/m3,2013-04-05 21:00:00 +01:00
4693,FR,STA-FR04018,NO2,52.75,µg/m3,2013-04-04 05:00:00 +01:00
4694,FR,STA-FR04018,NO2,30.5,µg/m3,2013-04-04 12:00:00 +01:00
4695,FR,STA-FR04018,NO2,35.5,µg/m3,2013-04-04 20:00:00 +01:00
4696,FR,STA-FR04018,NO2,35.0,µg/m3,2013-04-03 10:00:00 +01:00
4697,FR,STA-FR04018,NO2,28.0,µg/m3,2013-04-05 15:00:00 +01:00
4698,FR,STA-FR04018,NO2,51.25,µg/m3,2013-04-05 08:00:00 +01:00
4699,FR,STA-FR04018,NO2,29.0,µg/m3,2013-04-05 11:00:00 +01:00
4700,FR,STA-FR04018,NO2,68.75,µg/m3,2013-04-03 06:00:00 +01:00
4701,FR,STA-FR04018,NO2,39.75,µg/m3,2013-04-04 09:00:00 +01:00
4702,FR,STA-FR04018,NO2,23.0,µg/m3,2013-04-04 15:00:00 +01:00
4703,FR,STA-FR04018,NO2,35.75,µg/m3,2013-04-03 19:00:00 +01:00
4704,FR,STA-FR04018,NO2,16.0,µg/m3,2013-04-01 09:00:00 +01:00
4705,FR,STA-FR04018,NO2,27.25,µg/m3,2013-04-01 23:00:00 +01:00
4706,FR,STA-FR04018,NO2,32.25,µg/m3,2013-03-31 04:00:00 +01:00
4707,FR,STA-FR04018,NO2,29.5,µg/m3,2013-03-30 19:00:00 +01:00
4708,FR,STA-FR04018,NO2,12.0,µg/m3,2013-04-01 14:00:00 +01:00
4709,FR,STA-FR04018,NO2,27.75,µg/m3,2013-04-02 09:00:00 +01:00
4710,FR,STA-FR04018,NO2,29.75,µg/m3,2013-04-02 03:00:00 +01:00
4711,FR,STA-FR04018,NO2,15.5,µg/m3,2013-04-02 13:00:00 +01:00
4712,FR,STA-FR04018,NO2,33.5,µg/m3,2013-03-31 19:00:00 +01:00
4713,FR,STA-FR04018,NO2,38.5,µg/m3,2013-04-01 05:00:00 +01:00
4714,FR,STA-FR04018,NO2,22.75,µg/m3,2013-04-01 03:00:00 +01:00
4715,FR,STA-FR04018,NO2,41.0,µg/m3,2013-03-31 22:00:00 +01:00
4716,FR,STA-FR04018,NO2,42.25,µg/m3,2013-04-01 00:00:00 +01:00
4717,FR,STA-FR04018,NO2,17.0,µg/m3,2013-03-31 13:00:00 +01:00
4718,FR,STA-FR04018,NO2,35.25,µg/m3,2013-03-28 10:00:00 +01:00
4719,FR,STA-FR04018,NO2,25.0,µg/m3,2013-03-30 09:00:00 +01:00
4720,FR,STA-FR04018,NO2,21.5,µg/m3,2013-03-30 05:00:00 +01:00
4721,FR,STA-FR04018,NO2,19.75,µg/m3,2013-03-30 14:00:00 +01:00
4722,FR,STA-FR04018,NO2,36.75,µg/m3,2013-03-30 23:00:00 +01:00
4723,FR,STA-FR04018,NO2,29.0,µg/m3,2013-03-31 01:00:00 +01:00
4724,FR,STA-FR04018,NO2,48.75,µg/m3,2013-03-29 20:00:00 +01:00
4725,FR,STA-FR04018,NO2,34.5,µg/m3,2013-03-29 12:00:00 +01:00
4726,FR,STA-FR04018,NO2,55.25,µg/m3,2013-03-28 17:00:00 +01:00
4727,FR,STA-FR04018,NO2,36.75,µg/m3,2013-03-30 00:00:00 +01:00
4728,FR,STA-FR04018,NO2,26.75,µg/m3,2013-03-29 03:00:00 +01:00
4729,FR,STA-FR04018,NO2,49.75,µg/m3,2013-03-29 09:00:00 +01:00
4730,FR,STA-FR04018,NO2,41.25,µg/m3,2013-03-28 05:00:00 +01:00
4731,FR,STA-FR04018,NO2,54.25,µg/m3,2013-01-02 13:00:00 +01:00
4732,FR,STA-FR04018,NO2,43.25,µg/m3,2013-03-27 23:00:00 +01:00
4733,FR,STA-FR04018,NO2,25.0,µg/m3,2013-01-03 04:00:00 +01:00
4734,FR,STA-FR04018,NO2,38.25,µg/m3,2013-03-27 19:00:00 +01:00
4735,FR,STA-FR04018,NO2,46.5,µg/m3,2013-03-27 07:00:00 +01:00
4736,FR,STA-FR04018,NO2,45.0,µg/m3,2013-01-03 06:00:00 +01:00
4737,FR,STA-FR04018,NO2,19.0,µg/m3,2013-03-27 13:00:00 +01:00
4738,FR,STA-FR04018,NO2,58.5,µg/m3,2013-01-17 04:00:00 +01:00
4739,FR,STA-FR04018,NO2,61.5,µg/m3,2013-01-16 13:00:00 +01:00
4740,FR,STA-FR04018,NO2,63.5,µg/m3,2013-01-15 18:00:00 +01:00
4741,FR,STA-FR04018,NO2,27.25,µg/m3,2013-01-16 02:00:00 +01:00
4742,FR,STA-FR04018,NO2,62.0,µg/m3,2013-01-16 06:00:00 +01:00
4743,FR,STA-FR04018,NO2,28.75,µg/m3,2013-01-15 04:00:00 +01:00
4744,FR,STA-FR04018,NO2,21.75,µg/m3,2013-01-13 10:00:00 +01:00
4745,FR,STA-FR04018,NO2,19.0,µg/m3,2013-04-23 16:00:00 +01:00
4746,FR,STA-FR04018,NO2,60.5,µg/m3,2013-01-14 16:00:00 +01:00
4747,FR,STA-FR04018,NO2,55.25,µg/m3,2013-01-14 18:00:00 +01:00
4748,FR,STA-FR04018,NO2,51.75,µg/m3,2013-01-14 11:00:00 +01:00
4749,FR,STA-FR04018,NO2,42.75,µg/m3,2013-01-19 07:00:00 +01:00
4750,FR,STA-FR04018,NO2,35.0,µg/m3,2013-01-19 12:00:00 +01:00
4751,FR,STA-FR04018,NO2,49.75,µg/m3,2013-01-19 16:00:00 +01:00
4752,FR,STA-FR04018,NO2,32.5,µg/m3,2013-01-19 22:00:00 +01:00
4753,FR,STA-FR04018,NO2,49.5,µg/m3,2013-01-19 19:00:00 +01:00
4754,FR,STA-FR04018,NO2,61.0,µg/m3,2013-01-18 08:00:00 +01:00
4755,FR,STA-FR04018,NO2,51.75,µg/m3,2013-01-18 14:00:00 +01:00
4756,FR,STA-FR04018,NO2,53.75,µg/m3,2013-01-18 18:00:00 +01:00
4757,FR,STA-FR04018,NO2,53.5,µg/m3,2013-01-15 21:00:00 +01:00
4758,FR,STA-FR04018,NO2,60.75,µg/m3,2013-01-18 07:00:00 +01:00
4759,FR,STA-FR04018,NO2,45.75,µg/m3,2013-01-18 23:00:00 +01:00
4760,FR,STA-FR04018,NO2,66.75,µg/m3,2013-01-17 06:00:00 +01:00
4761,FR,STA-FR04018,NO2,62.25,µg/m3,2013-01-17 01:00:00 +01:00
4762,FR,STA-FR04018,NO2,68.5,µg/m3,2013-01-17 14:00:00 +01:00
4763,FR,STA-FR04018,NO2,110.5,µg/m3,2013-01-17 21:00:00 +01:00
4764,FR,STA-FR04018,NO2,81.5,µg/m3,2013-01-17 18:00:00 +01:00
4765,FR,STA-FR04018,NO2,74.25,µg/m3,2013-01-17 07:00:00 +01:00
4766,FR,STA-FR04018,NO2,86.75,µg/m3,2013-01-17 09:00:00 +01:00
4767,FR,STA-FR04018,NO2,76.25,µg/m3,2013-01-18 00:00:00 +01:00
4768,FR,STA-FR04018,NO2,35.25,µg/m3,2013-04-19 17:00:00 +01:00
4769,FR,STA-FR04018,NO2,80.75,µg/m3,2013-01-11 18:00:00 +01:00
4770,FR,STA-FR04018,NO2,50.0,µg/m3,2013-04-19 06:00:00 +01:00
4771,FR,STA-FR04018,NO2,99.5,µg/m3,2013-01-11 21:00:00 +01:00
4774,FR,STA-FR04018,NO2,57.25,µg/m3,2013-01-12 07:00:00 +01:00
4775,FR,STA-FR04018,NO2,10.5,µg/m3,2013-04-20 04:00:00 +01:00
4776,FR,STA-FR04018,NO2,14.75,µg/m3,2013-04-20 00:00:00 +01:00
4777,FR,STA-FR04018,NO2,12.0,µg/m3,2013-04-20 16:00:00 +01:00
4778,FR,STA-FR04018,NO2,65.25,µg/m3,2013-01-12 12:00:00 +01:00
4779,FR,STA-FR04018,NO2,22.5,µg/m3,2013-04-20 19:00:00 +01:00
4780,FR,STA-FR04018,NO2,56.5,µg/m3,2013-01-12 10:00:00 +01:00
4781,FR,STA-FR04018,NO2,21.25,µg/m3,2013-04-21 04:00:00 +01:00
4782,FR,STA-FR04018,NO2,21.25,µg/m3,2013-04-21 07:00:00 +01:00
4783,FR,STA-FR04018,NO2,66.5,µg/m3,2013-01-12 19:00:00 +01:00
4784,FR,STA-FR04018,NO2,48.0,µg/m3,2013-04-22 23:00:00 +01:00
4785,FR,STA-FR04018,NO2,29.25,µg/m3,2013-04-22 19:00:00 +01:00
4786,FR,STA-FR04018,NO2,86.25,µg/m3,2013-04-22 06:00:00 +01:00
4787,FR,STA-FR04018,NO2,49.0,µg/m3,2013-01-13 00:00:00 +01:00
4788,FR,STA-FR04018,NO2,85.5,µg/m3,2013-04-22 09:00:00 +01:00
4789,FR,STA-FR04018,NO2,42.75,µg/m3,2013-01-13 02:00:00 +01:00
4790,FR,STA-FR04018,NO2,45.75,µg/m3,2013-04-23 00:00:00 +01:00
4791,FR,STA-FR04018,NO2,41.25,µg/m3,2013-01-14 02:00:00 +01:00
4792,FR,STA-FR04018,NO2,39.0,µg/m3,2013-01-13 20:00:00 +01:00
4793,FR,STA-FR04018,NO2,64.0,µg/m3,2013-04-24 04:00:00 +01:00
4794,FR,STA-FR04018,NO2,28.25,µg/m3,2013-04-22 14:00:00 +01:00
4795,FR,STA-FR04018,NO2,59.0,µg/m3,2013-01-14 12:00:00 +01:00
4796,FR,STA-FR04018,NO2,50.5,µg/m3,2013-04-23 20:00:00 +01:00
4797,FR,STA-FR04018,NO2,45.0,µg/m3,2013-01-13 22:00:00 +01:00
4798,FR,STA-FR04018,NO2,56.0,µg/m3,2013-01-10 17:00:00 +01:00
4799,FR,STA-FR04018,NO2,18.5,µg/m3,2013-04-16 23:00:00 +01:00
4800,FR,STA-FR04018,NO2,48.0,µg/m3,2013-01-10 10:00:00 +01:00
4801,FR,STA-FR04018,NO2,45.75,µg/m3,2013-04-16 10:00:00 +01:00
4802,FR,STA-FR04018,NO2,32.0,µg/m3,2013-01-10 06:00:00 +01:00
4803,FR,STA-FR04018,NO2,35.75,µg/m3,2013-04-16 20:00:00 +01:00
4804,FR,STA-FR04018,NO2,30.0,µg/m3,2013-04-16 14:00:00 +01:00
4805,FR,STA-FR04018,NO2,37.5,µg/m3,2013-01-11 00:00:00 +01:00
4806,FR,STA-FR04018,NO2,83.25,µg/m3,2013-04-17 07:00:00 +01:00
4807,FR,STA-FR04018,NO2,37.0,µg/m3,2013-01-10 23:00:00 +01:00
4808,FR,STA-FR04018,NO2,40.25,µg/m3,2013-01-10 22:00:00 +01:00
4809,FR,STA-FR04018,NO2,15.5,µg/m3,2013-04-18 14:00:00 +01:00
4810,FR,STA-FR04018,NO2,22.0,µg/m3,2013-04-18 10:00:00 +01:00
4811,FR,STA-FR04018,NO2,18.5,µg/m3,2013-04-18 17:00:00 +01:00
4812,FR,STA-FR04018,NO2,92.5,µg/m3,2013-04-17 22:00:00 +01:00
4813,FR,STA-FR04018,NO2,35.0,µg/m3,2013-04-17 15:00:00 +01:00
4814,FR,STA-FR04018,NO2,31.0,µg/m3,2013-01-10 04:00:00 +01:00
4815,FR,STA-FR04018,NO2,62.75,µg/m3,2013-04-17 19:00:00 +01:00
4816,FR,STA-FR04018,NO2,14.5,µg/m3,2013-04-17 02:00:00 +01:00
4817,FR,STA-FR04018,NO2,66.5,µg/m3,2013-01-11 07:00:00 +01:00
4818,FR,STA-FR04018,NO2,44.25,µg/m3,2013-01-11 10:00:00 +01:00
4819,FR,STA-FR04018,NO2,13.0,µg/m3,2013-04-18 04:00:00 +01:00
4820,FR,STA-FR04018,NO2,13.75,µg/m3,2013-04-18 01:00:00 +01:00
4821,FR,STA-FR04018,NO2,55.0,µg/m3,2013-01-08 14:00:00 +01:00
4822,FR,STA-FR04018,NO2,16.75,µg/m3,2013-04-14 13:00:00 +01:00
4823,FR,STA-FR04018,NO2,50.5,µg/m3,2013-01-08 07:00:00 +01:00
4824,FR,STA-FR04018,NO2,111.5,µg/m3,2013-04-14 23:00:00 +01:00
4825,FR,STA-FR04018,NO2,61.25,µg/m3,2013-01-07 21:00:00 +01:00
4826,FR,STA-FR04018,NO2,53.0,µg/m3,2013-01-08 09:00:00 +01:00
4827,FR,STA-FR04018,NO2,41.0,µg/m3,2013-01-09 23:00:00 +01:00
4828,FR,STA-FR04018,NO2,31.75,µg/m3,2013-04-15 23:00:00 +01:00
4829,FR,STA-FR04018,NO2,39.25,µg/m3,2013-04-16 05:00:00 +01:00
4830,FR,STA-FR04018,NO2,47.75,µg/m3,2013-04-15 19:00:00 +01:00
4831,FR,STA-FR04018,NO2,54.75,µg/m3,2013-01-09 19:00:00 +01:00
4832,FR,STA-FR04018,NO2,101.75,µg/m3,2013-04-15 00:00:00 +01:00
4833,FR,STA-FR04018,NO2,47.25,µg/m3,2013-04-13 18:00:00 +01:00
4834,FR,STA-FR04018,NO2,38.25,µg/m3,2013-01-09 06:00:00 +01:00
4835,FR,STA-FR04018,NO2,43.75,µg/m3,2013-04-15 03:00:00 +01:00
4836,FR,STA-FR04018,NO2,73.75,µg/m3,2013-04-15 07:00:00 +01:00
4837,FR,STA-FR04018,NO2,55.25,µg/m3,2013-01-09 14:00:00 +01:00
4838,FR,STA-FR04018,NO2,47.75,µg/m3,2013-01-09 11:00:00 +01:00
4839,FR,STA-FR04018,NO2,27.0,µg/m3,2013-04-13 15:00:00 +01:00
4840,FR,STA-FR04018,NO2,22.0,µg/m3,2013-01-08 04:00:00 +01:00
4841,FR,STA-FR04018,NO2,45.25,µg/m3,2013-04-12 20:00:00 +01:00
4842,FR,STA-FR04018,NO2,53.5,µg/m3,2013-01-08 11:00:00 +01:00
4843,FR,STA-FR04018,NO2,24.75,µg/m3,2013-04-13 04:00:00 +01:00
4844,FR,STA-FR04018,NO2,49.0,µg/m3,2013-01-07 23:00:00 +01:00
4845,FR,STA-FR04018,NO2,29.0,µg/m3,2013-04-12 11:00:00 +01:00
4846,FR,STA-FR04018,NO2,52.75,µg/m3,2013-04-12 06:00:00 +01:00
4847,FR,STA-FR04018,NO2,57.75,µg/m3,2013-01-07 11:00:00 +01:00
4848,FR,STA-FR04018,NO2,18.25,µg/m3,2013-04-12 00:00:00 +01:00
4849,FR,STA-FR04018,NO2,69.0,µg/m3,2013-01-07 16:00:00 +01:00
4850,FR,STA-FR04018,NO2,55.25,µg/m3,2013-01-07 14:00:00 +01:00
4851,FR,STA-FR04018,NO2,14.25,µg/m3,2013-04-12 03:00:00 +01:00
4852,FR,STA-FR04018,NO2,50.75,µg/m3,2013-04-10 06:00:00 +01:00
4853,FR,STA-FR04018,NO2,19.0,µg/m3,2013-04-10 00:00:00 +01:00
4854,FR,STA-FR04018,NO2,23.0,µg/m3,2013-04-11 05:00:00 +01:00
4855,FR,STA-FR04018,NO2,37.5,µg/m3,2013-04-11 09:00:00 +01:00
4856,FR,STA-FR04018,NO2,30.0,µg/m3,2013-04-11 10:00:00 +01:00
4857,FR,STA-FR04018,NO2,10.5,µg/m3,2013-04-11 03:00:00 +01:00
4858,FR,STA-FR04018,NO2,59.75,µg/m3,2013-01-06 19:00:00 +01:00
4859,FR,STA-FR04018,NO2,26.5,µg/m3,2013-01-06 12:00:00 +01:00
4860,FR,STA-FR04018,NO2,21.5,µg/m3,2013-04-10 23:00:00 +01:00
4861,FR,STA-FR04018,NO2,37.0,µg/m3,2013-01-06 22:00:00 +01:00
4862,FR,STA-FR04018,NO2,68.75,µg/m3,2013-04-10 18:00:00 +01:00
4863,FR,STA-FR04018,NO2,31.75,µg/m3,2013-01-05 22:00:00 +01:00
4864,FR,STA-FR04018,NO2,33.25,µg/m3,2013-01-06 09:00:00 +01:00
4865,FR,STA-FR04018,NO2,34.75,µg/m3,2013-01-06 07:00:00 +01:00
4866,FR,STA-FR04018,NO2,26.5,µg/m3,2013-01-06 05:00:00 +01:00
4868,FR,STA-FR04018,NO2,75.5,µg/m3,2013-04-09 08:00:00 +01:00
4869,FR,STA-FR04018,NO2,30.5,µg/m3,2013-01-05 23:00:00 +01:00
4870,FR,STA-FR04018,NO2,83.5,µg/m3,2013-04-08 09:00:00 +01:00
4871,FR,STA-FR04018,NO2,47.0,µg/m3,2013-01-05 20:00:00 +01:00
4872,FR,STA-FR04018,NO2,26.25,µg/m3,2013-04-06 01:00:00 +01:00
4873,FR,STA-FR04018,NO2,33.0,µg/m3,2013-02-18 14:00:00 +01:00
4874,FR,STA-FR04018,NO2,79.75,µg/m3,2013-02-19 18:00:00 +01:00
4875,FR,STA-FR04018,NO2,40.25,µg/m3,2013-02-17 09:00:00 +01:00
4876,FR,STA-FR04018,NO2,54.75,µg/m3,2013-02-19 13:00:00 +01:00
4877,FR,STA-FR04018,NO2,37.0,µg/m3,2013-02-18 17:00:00 +01:00
4878,FR,STA-FR04018,NO2,107.25,µg/m3,2013-02-19 10:00:00 +01:00
4879,FR,STA-FR04018,NO2,45.5,µg/m3,2013-02-17 20:00:00 +01:00
4880,FR,STA-FR04018,NO2,32.0,µg/m3,2013-02-16 16:00:00 +01:00
4881,FR,STA-FR04018,NO2,41.0,µg/m3,2013-02-18 03:00:00 +01:00
4882,FR,STA-FR04018,NO2,47.75,µg/m3,2013-02-18 10:00:00 +01:00
4883,FR,STA-FR04018,NO2,62.5,µg/m3,2013-02-16 19:00:00 +01:00
4884,FR,STA-FR04018,NO2,64.25,µg/m3,2013-02-17 02:00:00 +01:00
4885,FR,STA-FR04018,NO2,55.25,µg/m3,2013-02-17 01:00:00 +01:00
4886,FR,STA-FR04018,NO2,78.25,µg/m3,2013-02-16 04:00:00 +01:00
4887,FR,STA-FR04018,NO2,31.75,µg/m3,2013-02-16 13:00:00 +01:00
4888,FR,STA-FR04018,NO2,55.0,µg/m3,2013-02-17 06:00:00 +01:00
4889,FR,STA-FR04018,NO2,48.5,µg/m3,2013-02-18 06:00:00 +01:00
4890,FR,STA-FR04018,NO2,26.25,µg/m3,2013-02-17 12:00:00 +01:00
4891,FR,STA-FR04018,NO2,52.25,µg/m3,2013-02-14 13:00:00 +01:00
4892,FR,STA-FR04018,NO2,60.0,µg/m3,2013-02-14 08:00:00 +01:00
4893,FR,STA-FR04018,NO2,87.75,µg/m3,2013-02-14 18:00:00 +01:00
4894,FR,STA-FR04018,NO2,48.25,µg/m3,2013-02-11 05:00:00 +01:00
4895,FR,STA-FR04018,NO2,44.0,µg/m3,2013-02-12 09:00:00 +01:00
4896,FR,STA-FR04018,NO2,56.75,µg/m3,2013-02-15 05:00:00 +01:00
4897,FR,STA-FR04018,NO2,64.0,µg/m3,2013-02-14 15:00:00 +01:00
4898,FR,STA-FR04018,NO2,80.25,µg/m3,2013-02-16 07:00:00 +01:00
4899,FR,STA-FR04018,NO2,98.75,µg/m3,2013-02-15 19:00:00 +01:00
4900,FR,STA-FR04018,NO2,51.75,µg/m3,2013-02-15 02:00:00 +01:00
4901,FR,STA-FR04018,NO2,47.25,µg/m3,2013-02-15 11:00:00 +01:00
4902,FR,STA-FR04018,NO2,34.0,µg/m3,2013-02-15 14:00:00 +01:00
4903,FR,STA-FR04018,NO2,40.3333,µg/m3,2013-02-13 13:00:00 +01:00
4904,FR,STA-FR04018,NO2,54.0,µg/m3,2013-02-13 20:00:00 +01:00
4905,FR,STA-FR04018,NO2,40.0,µg/m3,2013-02-13 06:00:00 +01:00
4906,FR,STA-FR04018,NO2,29.5,µg/m3,2013-02-13 03:00:00 +01:00
4907,FR,STA-FR04018,NO2,42.75,µg/m3,2013-02-12 18:00:00 +01:00
4908,FR,STA-FR04018,NO2,27.75,µg/m3,2013-02-05 23:00:00 +01:00
4909,FR,STA-FR04018,NO2,57.5,µg/m3,2013-02-07 11:00:00 +01:00
4910,FR,STA-FR04018,NO2,32.75,µg/m3,2013-02-07 14:00:00 +01:00
4911,FR,STA-FR04018,NO2,13.0,µg/m3,2013-02-06 23:00:00 +01:00
4912,FR,STA-FR04018,NO2,21.75,µg/m3,2013-02-06 05:00:00 +01:00
4913,FR,STA-FR04018,NO2,27.5,µg/m3,2013-02-06 16:00:00 +01:00
4914,FR,STA-FR04018,NO2,21.0,µg/m3,2013-02-06 14:00:00 +01:00
4915,FR,STA-FR04018,NO2,42.25,µg/m3,2013-02-06 20:00:00 +01:00
4916,FR,STA-FR04018,NO2,63.0,µg/m3,2013-02-04 09:00:00 +01:00
4917,FR,STA-FR04018,NO2,31.75,µg/m3,2013-02-04 20:00:00 +01:00
4918,FR,STA-FR04018,NO2,29.0,µg/m3,2013-02-04 18:00:00 +01:00
4919,FR,STA-FR04018,NO2,51.75,µg/m3,2013-02-04 12:00:00 +01:00
4920,FR,STA-FR04018,NO2,62.5,µg/m3,2013-02-04 07:00:00 +01:00
4921,FR,STA-FR04018,NO2,11.0,µg/m3,2013-02-05 02:00:00 +01:00
4922,FR,STA-FR04018,NO2,36.25,µg/m3,2013-02-04 15:00:00 +01:00
4923,FR,STA-FR04018,NO2,36.0,µg/m3,2013-02-05 15:00:00 +01:00
4924,FR,STA-FR04018,NO2,23.0,µg/m3,2013-02-06 00:00:00 +01:00
4925,FR,STA-FR04018,NO2,29.0,µg/m3,2013-02-06 11:00:00 +01:00
4926,FR,STA-FR04018,NO2,28.25,µg/m3,2013-02-11 22:00:00 +01:00
4927,FR,STA-FR04018,NO2,40.5,µg/m3,2013-02-11 16:00:00 +01:00
4928,FR,STA-FR04018,NO2,36.25,µg/m3,2013-02-10 20:00:00 +01:00
4929,FR,STA-FR04018,NO2,44.0,µg/m3,2013-02-11 14:00:00 +01:00
4930,FR,STA-FR04018,NO2,35.0,µg/m3,2013-02-10 11:00:00 +01:00
4931,FR,STA-FR04018,NO2,36.0,µg/m3,2013-02-10 15:00:00 +01:00
4932,FR,STA-FR04018,NO2,60.0,µg/m3,2013-02-10 00:00:00 +01:00
4933,FR,STA-FR04018,NO2,37.5,µg/m3,2013-02-10 13:00:00 +01:00
4934,FR,STA-FR04018,NO2,33.5,µg/m3,2013-02-10 10:00:00 +01:00
4935,FR,STA-FR04018,NO2,34.75,µg/m3,2013-02-10 08:00:00 +01:00
4936,FR,STA-FR04018,NO2,42.0,µg/m3,2013-02-09 02:00:00 +01:00
4937,FR,STA-FR04018,NO2,35.0,µg/m3,2013-02-08 03:00:00 +01:00
4938,FR,STA-FR04018,NO2,50.0,µg/m3,2013-02-08 23:00:00 +01:00
4939,FR,STA-FR04018,NO2,30.75,µg/m3,2013-02-08 12:00:00 +01:00
4940,FR,STA-FR04018,NO2,49.75,µg/m3,2013-02-08 05:00:00 +01:00
4941,FR,STA-FR04018,NO2,38.5,µg/m3,2013-02-09 14:00:00 +01:00
4942,FR,STA-FR04018,NO2,26.75,µg/m3,2013-02-08 15:00:00 +01:00
4943,FR,STA-FR04018,NO2,62.0,µg/m3,2013-02-09 17:00:00 +01:00
4944,FR,STA-FR04018,NO2,84.5,µg/m3,2013-02-09 20:00:00 +01:00
4945,FR,STA-FR04018,NO2,33.25,µg/m3,2013-02-08 17:00:00 +01:00
4946,FR,STA-FR04018,NO2,29.5,µg/m3,2013-02-03 04:00:00 +01:00
4947,FR,STA-FR04018,NO2,23.75,µg/m3,2013-02-02 22:00:00 +01:00
4948,FR,STA-FR04018,NO2,27.5,µg/m3,2013-02-02 17:00:00 +01:00
4949,FR,STA-FR04018,NO2,25.75,µg/m3,2013-02-02 23:00:00 +01:00
4950,FR,STA-FR04018,NO2,31.5,µg/m3,2013-02-02 00:00:00 +01:00
4951,FR,STA-FR04018,NO2,27.5,µg/m3,2013-02-01 19:00:00 +01:00
4952,FR,STA-FR04018,NO2,22.75,µg/m3,2013-02-04 01:00:00 +01:00
4953,FR,STA-FR04018,NO2,36.0,µg/m3,2013-02-03 16:00:00 +01:00
4954,FR,STA-FR04018,NO2,34.25,µg/m3,2013-02-03 18:00:00 +01:00
4955,FR,STA-FR04018,NO2,59.0,µg/m3,2013-02-01 07:00:00 +01:00
4956,FR,STA-FR04018,NO2,42.5,µg/m3,2013-02-03 07:00:00 +01:00
4957,FR,STA-FR04018,NO2,15.0,µg/m3,2013-01-30 04:00:00 +01:00
4959,FR,STA-FR04018,NO2,28.75,µg/m3,2013-01-30 18:00:00 +01:00
4960,FR,STA-FR04018,NO2,49.0,µg/m3,2013-01-29 17:00:00 +01:00
4961,FR,STA-FR04018,NO2,63.25,µg/m3,2013-02-01 12:00:00 +01:00
4962,FR,STA-FR04018,NO2,17.5,µg/m3,2013-01-30 02:00:00 +01:00
4963,FR,STA-FR04018,NO2,58.25,µg/m3,2013-01-31 06:00:00 +01:00
4964,FR,STA-FR04018,NO2,38.75,µg/m3,2013-01-31 11:00:00 +01:00
4965,FR,STA-FR04018,NO2,71.75,µg/m3,2013-01-26 23:00:00 +01:00
4966,FR,STA-FR04018,NO2,107.25,µg/m3,2013-01-26 20:00:00 +01:00
4967,FR,STA-FR04018,NO2,46.5,µg/m3,2013-01-26 09:00:00 +01:00
4968,FR,STA-FR04018,NO2,22.75,µg/m3,2013-01-27 09:00:00 +01:00
4969,FR,STA-FR04018,NO2,65.75,µg/m3,2013-01-27 22:00:00 +01:00
4970,FR,STA-FR04018,NO2,44.5,µg/m3,2013-01-28 19:00:00 +01:00
4971,FR,STA-FR04018,NO2,14.25,µg/m3,2013-01-29 04:00:00 +01:00
4972,FR,STA-FR04018,NO2,37.5,µg/m3,2013-01-28 01:00:00 +01:00
4973,FR,STA-FR04018,NO2,53.0,µg/m3,2013-01-28 05:00:00 +01:00
4974,FR,STA-FR04018,NO2,50.5,µg/m3,2013-01-25 05:00:00 +01:00
4975,FR,STA-FR04018,NO2,53.5,µg/m3,2013-01-25 03:00:00 +01:00
4976,FR,STA-FR04018,NO2,67.0,µg/m3,2013-01-25 16:00:00 +01:00
4977,FR,STA-FR04018,NO2,59.0,µg/m3,2013-01-25 07:00:00 +01:00
4978,FR,STA-FR04018,NO2,63.75,µg/m3,2013-01-25 00:00:00 +01:00
4979,FR,STA-FR04018,NO2,51.75,µg/m3,2013-01-25 21:00:00 +01:00
4980,FR,STA-FR04018,NO2,41.25,µg/m3,2013-01-26 01:00:00 +01:00
4981,FR,STA-FR04018,NO2,48.75,µg/m3,2013-01-26 07:00:00 +01:00
4982,FR,STA-FR04018,NO2,66.75,µg/m3,2013-01-24 14:00:00 +01:00
4983,FR,STA-FR04018,NO2,80.75,µg/m3,2013-01-24 17:00:00 +01:00
4984,FR,STA-FR04018,NO2,91.75,µg/m3,2013-01-23 17:00:00 +01:00
4985,FR,STA-FR04018,NO2,92.75,µg/m3,2013-01-23 20:00:00 +01:00
4986,FR,STA-FR04018,NO2,108.25,µg/m3,2013-01-23 11:00:00 +01:00
4987,FR,STA-FR04018,NO2,77.75,µg/m3,2013-01-23 08:00:00 +01:00
4988,FR,STA-FR04018,NO2,58.5,µg/m3,2013-01-22 11:00:00 +01:00
4989,FR,STA-FR04018,NO2,58.0,µg/m3,2013-01-22 08:00:00 +01:00
4990,FR,STA-FR04018,NO2,70.25,µg/m3,2013-01-22 19:00:00 +01:00
4991,FR,STA-FR04018,NO2,68.25,µg/m3,2013-01-22 21:00:00 +01:00
4992,FR,STA-FR04018,NO2,31.75,µg/m3,2013-02-26 14:00:00 +01:00
4993,FR,STA-FR04018,NO2,46.25,µg/m3,2013-02-26 04:00:00 +01:00
4994,FR,STA-FR04018,NO2,58.5,µg/m3,2013-02-25 21:00:00 +01:00
4995,FR,STA-FR04018,NO2,50.75,µg/m3,2013-02-25 08:00:00 +01:00
4996,FR,STA-FR04018,NO2,30.0,µg/m3,2013-02-25 05:00:00 +01:00
4997,FR,STA-FR04018,NO2,33.25,µg/m3,2013-02-24 21:00:00 +01:00
4998,FR,STA-FR04018,NO2,37.0,µg/m3,2013-02-23 17:00:00 +01:00
4999,FR,STA-FR04018,NO2,22.75,µg/m3,2013-02-24 04:00:00 +01:00
5000,FR,STA-FR04018,NO2,27.75,µg/m3,2013-02-24 01:00:00 +01:00
5001,FR,STA-FR04018,NO2,35.5,µg/m3,2013-02-24 18:00:00 +01:00
5002,FR,STA-FR04018,NO2,24.25,µg/m3,2013-02-24 13:00:00 +01:00
5003,FR,STA-FR04018,NO2,37.5,µg/m3,2013-02-27 12:00:00 +01:00
5004,FR,STA-FR04018,NO2,50.75,µg/m3,2013-02-26 17:00:00 +01:00
5005,FR,STA-FR04018,NO2,42.25,µg/m3,2013-02-27 04:00:00 +01:00
5006,FR,STA-FR04018,NO2,65.0,µg/m3,2013-02-26 20:00:00 +01:00
5007,FR,STA-FR04018,NO2,52.0,µg/m3,2013-02-27 01:00:00 +01:00
5008,FR,STA-FR04018,NO2,39.0,µg/m3,2013-02-27 11:00:00 +01:00
5009,FR,STA-FR04018,NO2,41.75,µg/m3,2013-02-27 15:00:00 +01:00
5010,FR,STA-FR04018,NO2,50.0,µg/m3,2013-02-27 07:00:00 +01:00
5011,FR,STA-FR04018,NO2,56.25,µg/m3,2013-02-28 08:00:00 +01:00
5012,FR,STA-FR04018,NO2,45.25,µg/m3,2013-02-28 01:00:00 +01:00
5013,FR,STA-FR04018,NO2,48.75,µg/m3,2013-02-27 19:00:00 +01:00
5014,FR,STA-FR04018,NO2,36.0,µg/m3,2013-02-23 21:00:00 +01:00
5015,FR,STA-FR04018,NO2,27.5,µg/m3,2013-02-23 01:00:00 +01:00
5016,FR,STA-FR04018,NO2,30.0,µg/m3,2013-02-22 23:00:00 +01:00
5017,FR,STA-FR04018,NO2,43.0,µg/m3,2013-02-22 05:00:00 +01:00
5018,FR,STA-FR04018,NO2,31.25,µg/m3,2013-02-22 16:00:00 +01:00
5019,FR,STA-FR04018,NO2,23.25,µg/m3,2013-02-22 13:00:00 +01:00
5020,FR,STA-FR04018,NO2,43.25,µg/m3,2013-02-21 04:00:00 +01:00
5021,FR,STA-FR04018,NO2,52.75,µg/m3,2013-02-20 09:00:00 +01:00
5022,FR,STA-FR04018,NO2,68.25,µg/m3,2013-02-20 05:00:00 +01:00
5023,FR,STA-FR04018,NO2,64.25,µg/m3,2013-02-21 07:00:00 +01:00
5024,FR,STA-FR04018,NO2,71.0,µg/m3,2013-02-20 06:00:00 +01:00
5025,FR,STA-FR04018,NO2,28.6667,µg/m3,2013-02-21 10:00:00 +01:00
5026,FR,STA-FR04018,NO2,58.0,µg/m3,2013-02-28 09:00:00 +01:00
5027,FR,STA-FR04018,NO2,42.0,µg/m3,2013-02-28 05:00:00 +01:00
5028,FR,STA-FR04018,NO2,41.5,µg/m3,2013-03-01 01:00:00 +01:00
5029,FR,STA-FR04018,NO2,45.5,µg/m3,2013-02-28 17:00:00 +01:00
5030,FR,STA-FR04018,NO2,58.5,µg/m3,2013-02-28 20:00:00 +01:00
5031,FR,STA-FR04018,NO2,17.0,µg/m3,2013-03-10 15:00:00 +01:00
5032,FR,STA-FR04018,NO2,43.25,µg/m3,2013-03-11 19:00:00 +01:00
5033,FR,STA-FR04018,NO2,52.0,µg/m3,2013-03-11 21:00:00 +01:00
5035,FR,STA-FR04018,NO2,20.6667,µg/m3,2013-03-10 17:00:00 +01:00
5036,FR,STA-FR04018,NO2,15.5,µg/m3,2013-03-10 13:00:00 +01:00
5038,FR,STA-FR04018,NO2,32.0,µg/m3,2013-03-10 08:00:00 +01:00
5039,FR,STA-FR04018,NO2,77.0,µg/m3,2013-03-10 03:00:00 +01:00
5040,FR,STA-FR04018,NO2,30.25,µg/m3,2013-03-12 21:00:00 +01:00
5042,FR,STA-FR04018,NO2,32.0,µg/m3,2013-03-12 18:00:00 +01:00
5044,FR,STA-FR04018,NO2,32.75,µg/m3,2013-03-12 07:00:00 +01:00
5046,FR,STA-FR04018,NO2,51.6667,µg/m3,2013-03-08 23:00:00 +01:00
5047,FR,STA-FR04018,NO2,50.75,µg/m3,2013-03-07 15:00:00 +01:00
5049,FR,STA-FR04018,NO2,79.5,µg/m3,2013-03-06 21:00:00 +01:00
5050,FR,STA-FR04018,NO2,30.75,µg/m3,2013-03-09 10:00:00 +01:00
5052,FR,STA-FR04018,NO2,84.75,µg/m3,2013-03-06 19:00:00 +01:00
5053,FR,STA-FR04018,NO2,49.5,µg/m3,2013-03-05 16:00:00 +01:00
5054,FR,STA-FR04018,NO2,59.75,µg/m3,2013-03-05 12:00:00 +01:00
5055,FR,STA-FR04018,NO2,96.5,µg/m3,2013-03-06 10:00:00 +01:00
5056,FR,STA-FR04018,NO2,51.25,µg/m3,2013-03-05 23:00:00 +01:00
5057,FR,STA-FR04018,NO2,36.25,µg/m3,2013-03-05 01:00:00 +01:00
5058,FR,STA-FR04018,NO2,51.5,µg/m3,2013-03-06 00:00:00 +01:00
5059,FR,STA-FR04018,NO2,32.25,µg/m3,2013-03-06 03:00:00 +01:00
5061,FR,STA-FR04018,NO2,46.25,µg/m3,2013-03-06 16:00:00 +01:00
5062,FR,STA-FR04018,NO2,54.0,µg/m3,2013-03-07 04:00:00 +01:00
5063,FR,STA-FR04018,NO2,60.25,µg/m3,2013-03-04 06:00:00 +01:00
5064,FR,STA-FR04018,NO2,51.25,µg/m3,2013-03-04 03:00:00 +01:00
5065,FR,STA-FR04018,NO2,37.75,µg/m3,2013-03-04 13:00:00 +01:00
5066,FR,STA-FR04018,NO2,38.5,µg/m3,2013-03-03 22:00:00 +01:00
5067,FR,STA-FR04018,NO2,33.75,µg/m3,2013-03-02 20:00:00 +01:00
5068,FR,STA-FR04018,NO2,30.0,µg/m3,2013-03-02 22:00:00 +01:00
5069,FR,STA-FR04018,NO2,27.75,µg/m3,2013-03-02 01:00:00 +01:00
5070,FR,STA-FR04018,NO2,24.25,µg/m3,2013-03-02 07:00:00 +01:00
5071,FR,STA-FR04018,NO2,27.0,µg/m3,2013-03-02 23:00:00 +01:00
5072,FR,STA-FR04018,NO2,25.5,µg/m3,2013-03-03 11:00:00 +01:00
5073,FR,STA-FR04018,NO2,34.25,µg/m3,2013-03-03 09:00:00 +01:00
5074,FR,STA-FR04018,NO2,29.0,µg/m3,2013-03-02 09:00:00 +01:00
5075,FR,STA-FR04018,NO2,52.5,µg/m3,2013-03-01 10:00:00 +01:00
5076,FR,STA-FR04018,NO2,39.0,µg/m3,2013-03-01 21:00:00 +01:00
5077,FR,STA-FR04018,NO2,45.5,µg/m3,2013-03-01 12:00:00 +01:00
5078,FR,STA-FR04018,NO2,54.5,µg/m3,2013-03-01 09:00:00 +01:00
5079,FR,STA-FR04018,NO2,46.0,µg/m3,2013-03-01 06:00:00 +01:00
5080,FR,STA-FR04018,NO2,44.0,µg/m3,2013-03-01 13:00:00 +01:00
5081,FR,STA-FR04018,NO2,23.0,µg/m3,2013-04-05 02:00:00 +01:00
5082,FR,STA-FR04018,NO2,24.75,µg/m3,2013-04-05 03:00:00 +01:00
5083,FR,STA-FR04018,NO2,61.25,µg/m3,2013-04-05 06:00:00 +01:00
5084,FR,STA-FR04018,NO2,41.5,µg/m3,2013-04-05 09:00:00 +01:00
5085,FR,STA-FR04018,NO2,34.0,µg/m3,2013-04-03 20:00:00 +01:00
5086,FR,STA-FR04018,NO2,24.25,µg/m3,2013-04-04 00:00:00 +01:00
5087,FR,STA-FR04018,NO2,28.0,µg/m3,2013-04-04 21:00:00 +01:00
5088,FR,STA-FR04018,NO2,30.5,µg/m3,2013-04-05 22:00:00 +01:00
5089,FR,STA-FR04018,NO2,24.5,µg/m3,2013-04-06 16:00:00 +01:00
5090,FR,STA-FR04018,NO2,29.25,µg/m3,2013-04-05 23:00:00 +01:00
5091,FR,STA-FR04018,NO2,27.75,µg/m3,2013-04-05 12:00:00 +01:00
5092,FR,STA-FR04018,NO2,12.5,µg/m3,2013-04-01 15:00:00 +01:00
5093,FR,STA-FR04018,NO2,16.0,µg/m3,2013-04-02 14:00:00 +01:00
5094,FR,STA-FR04018,NO2,43.0,µg/m3,2013-04-02 04:00:00 +01:00
5095,FR,STA-FR04018,NO2,16.5,µg/m3,2013-04-01 17:00:00 +01:00
5096,FR,STA-FR04018,NO2,22.0,µg/m3,2013-04-02 00:00:00 +01:00
5097,FR,STA-FR04018,NO2,16.0,µg/m3,2013-04-02 15:00:00 +01:00
5098,FR,STA-FR04018,NO2,32.0,µg/m3,2013-04-03 17:00:00 +01:00
5099,FR,STA-FR04018,NO2,24.0,µg/m3,2013-04-03 11:00:00 +01:00
5100,FR,STA-FR04018,NO2,23.75,µg/m3,2013-03-28 11:00:00 +01:00
5101,FR,STA-FR04018,NO2,25.25,µg/m3,2013-04-01 01:00:00 +01:00
5102,FR,STA-FR04018,NO2,28.0,µg/m3,2013-04-01 04:00:00 +01:00
5103,FR,STA-FR04018,NO2,35.25,µg/m3,2013-03-31 20:00:00 +01:00
5104,FR,STA-FR04018,NO2,28.75,µg/m3,2013-03-31 02:00:00 +01:00
5105,FR,STA-FR04018,NO2,23.75,µg/m3,2013-03-30 01:00:00 +01:00
5106,FR,STA-FR04018,NO2,31.0,µg/m3,2013-03-31 05:00:00 +01:00
5107,FR,STA-FR04018,NO2,33.75,µg/m3,2013-03-25 18:00:00 +01:00
5108,FR,STA-FR04018,NO2,27.75,µg/m3,2013-03-25 09:00:00 +01:00
5109,FR,STA-FR04018,NO2,25.75,µg/m3,2013-03-27 15:00:00 +01:00
5110,FR,STA-FR04018,NO2,38.75,µg/m3,2013-03-28 01:00:00 +01:00
5111,FR,STA-FR04018,NO2,30.25,µg/m3,2013-03-28 00:00:00 +01:00
5112,FR,STA-FR04018,NO2,31.75,µg/m3,2013-03-28 03:00:00 +01:00
5113,FR,STA-FR04018,NO2,22.25,µg/m3,2013-03-27 14:00:00 +01:00
5114,FR,STA-FR04018,NO2,38.75,µg/m3,2013-03-27 08:00:00 +01:00
5115,FR,STA-FR04018,NO2,31.5,µg/m3,2013-03-29 04:00:00 +01:00
5116,FR,STA-FR04018,NO2,44.5,µg/m3,2013-03-29 19:00:00 +01:00
5117,FR,STA-FR04018,NO2,23.25,µg/m3,2013-03-30 12:00:00 +01:00
5118,FR,STA-FR04018,NO2,26.0,µg/m3,2013-03-30 10:00:00 +01:00
5119,FR,STA-FR04018,NO2,19.0,µg/m3,2013-03-30 04:00:00 +01:00
5120,FR,STA-FR04018,NO2,24.0,µg/m3,2013-03-25 12:00:00 +01:00
5121,FR,STA-FR04018,NO2,42.0,µg/m3,2013-03-28 09:00:00 +01:00
5122,FR,STA-FR04018,NO2,48.75,µg/m3,2013-03-28 21:00:00 +01:00
5123,FR,STA-FR04018,NO2,37.5,µg/m3,2013-03-29 10:00:00 +01:00
5124,FR,STA-FR04018,NO2,90.5,µg/m3,2013-03-29 07:00:00 +01:00
5125,FR,STA-FR04018,NO2,52.75,µg/m3,2013-03-28 20:00:00 +01:00
5126,FR,STA-FR04018,NO2,37.75,µg/m3,2013-03-25 06:00:00 +01:00
5127,FR,STA-FR04018,NO2,26.75,µg/m3,2013-03-24 07:00:00 +01:00
5128,FR,STA-FR04018,NO2,30.0,µg/m3,2013-03-24 18:00:00 +01:00
5129,FR,STA-FR04018,NO2,32.5,µg/m3,2013-03-23 12:00:00 +01:00
5130,FR,STA-FR04018,NO2,23.0,µg/m3,2013-03-24 00:00:00 +01:00
5131,FR,STA-FR04018,NO2,36.0,µg/m3,2013-03-20 11:00:00 +01:00
5132,FR,STA-FR04018,NO2,35.25,µg/m3,2013-03-23 18:00:00 +01:00
5133,FR,STA-FR04018,NO2,15.5,µg/m3,2013-03-24 05:00:00 +01:00
5134,FR,STA-FR04018,NO2,82.75,µg/m3,2013-03-19 22:00:00 +01:00
5135,FR,STA-FR04018,NO2,28.0,µg/m3,2013-03-23 15:00:00 +01:00
5136,FR,STA-FR04018,NO2,37.5,µg/m3,2013-03-22 18:00:00 +01:00
5137,FR,STA-FR04018,NO2,36.5,µg/m3,2013-03-22 23:00:00 +01:00
5138,FR,STA-FR04018,NO2,35.0,µg/m3,2013-03-23 09:00:00 +01:00
5139,FR,STA-FR04018,NO2,29.0,µg/m3,2013-03-22 15:00:00 +01:00
5140,FR,STA-FR04018,NO2,32.75,µg/m3,2013-03-22 05:00:00 +01:00
5141,FR,STA-FR04018,NO2,35.75,µg/m3,2013-03-22 11:00:00 +01:00
5142,FR,STA-FR04018,NO2,35.5,µg/m3,2013-03-15 12:00:00 +01:00
5143,FR,STA-FR04018,NO2,41.5,µg/m3,2013-03-16 11:00:00 +01:00
5144,FR,STA-FR04018,NO2,54.0,µg/m3,2013-03-15 21:00:00 +01:00
5145,FR,STA-FR04018,NO2,31.0,µg/m3,2013-03-17 00:00:00 +01:00
5146,FR,STA-FR04018,NO2,42.5,µg/m3,2013-03-14 02:00:00 +01:00
5147,FR,STA-FR04018,NO2,60.3333,µg/m3,2013-03-13 13:00:00 +01:00
5148,FR,STA-FR04018,NO2,77.25,µg/m3,2013-03-14 07:00:00 +01:00
5149,FR,STA-FR04018,NO2,29.75,µg/m3,2013-03-13 02:00:00 +01:00
5150,FR,STA-FR04018,NO2,55.25,µg/m3,2013-03-13 10:00:00 +01:00
5151,FR,STA-FR04018,NO2,27.75,µg/m3,2013-03-14 17:00:00 +01:00
5152,FR,STA-FR04018,NO2,50.25,µg/m3,2013-03-14 20:00:00 +01:00
5153,FR,STA-FR04018,NO2,78.75,µg/m3,2013-03-15 01:00:00 +01:00
5154,FR,STA-FR04018,NO2,50.75,µg/m3,2013-03-18 22:00:00 +01:00
5155,FR,STA-FR04018,NO2,43.75,µg/m3,2013-03-19 11:00:00 +01:00
5156,FR,STA-FR04018,NO2,42.75,µg/m3,2013-03-18 17:00:00 +01:00
5157,FR,STA-FR04018,NO2,42.25,µg/m3,2013-03-16 18:00:00 +01:00
5158,FR,STA-FR04018,NO2,23.0,µg/m3,2013-03-17 03:00:00 +01:00
5159,FR,STA-FR04018,NO2,28.25,µg/m3,2013-03-22 00:00:00 +01:00
5160,FR,STA-FR04018,NO2,52.5,µg/m3,2013-03-21 20:00:00 +01:00
5161,FR,STA-FR04018,NO2,52.75,µg/m3,2013-03-21 10:00:00 +01:00
5162,FR,STA-FR04018,NO2,42.25,µg/m3,2013-03-21 16:00:00 +01:00
5163,FR,STA-FR04018,NO2,58.0,µg/m3,2013-03-21 07:00:00 +01:00
5164,FR,STA-FR04018,NO2,35.25,µg/m3,2013-03-21 23:00:00 +01:00
5165,FR,STA-FR04018,NO2,54.0,µg/m3,2013-03-21 19:00:00 +01:00
5166,FR,STA-FR04018,NO2,49.5,µg/m3,2013-03-19 17:00:00 +01:00
5167,FR,STA-FR04018,NO2,25.0,µg/m3,2013-03-20 03:00:00 +01:00
5168,FR,STA-FR04018,NO2,69.75,µg/m3,2013-03-21 02:00:00 +01:00
5169,FR,STA-FR04018,NO2,47.0,µg/m3,2013-03-20 15:00:00 +01:00
5170,FR,STA-FR04018,NO2,26.25,µg/m3,2013-03-20 05:00:00 +01:00
5171,FR,STA-FR04018,NO2,79.5,µg/m3,2013-03-21 00:00:00 +01:00
5172,FR,STA-FR04018,NO2,14.0,µg/m3,2013-04-30 03:00:00 +01:00
5173,FR,STA-FR04018,NO2,37.25,µg/m3,2013-04-30 10:00:00 +01:00
5174,FR,STA-FR04018,NO2,45.75,µg/m3,2013-04-30 06:00:00 +01:00
5175,FR,STA-FR04018,NO2,22.75,µg/m3,2013-04-29 11:00:00 +01:00
5176,FR,STA-FR04018,NO2,35.75,µg/m3,2013-04-28 22:00:00 +01:00
5177,FR,STA-FR04018,NO2,45.25,µg/m3,2013-04-29 02:00:00 +01:00
5178,FR,STA-FR04018,NO2,93.5,µg/m3,2013-04-29 05:00:00 +01:00
5179,FR,STA-FR04018,NO2,68.0,µg/m3,2013-04-29 08:00:00 +01:00
5180,FR,STA-FR04018,NO2,28.25,µg/m3,2013-04-28 19:00:00 +01:00
5181,FR,STA-FR04018,NO2,14.0,µg/m3,2013-04-27 00:00:00 +01:00
5182,FR,STA-FR04018,NO2,14.5,µg/m3,2013-04-28 13:00:00 +01:00
5183,FR,STA-FR04018,NO2,16.5,µg/m3,2013-04-28 09:00:00 +01:00
5184,FR,STA-FR04018,NO2,40.0,µg/m3,2013-04-26 09:00:00 +01:00
5185,FR,STA-FR04018,NO2,94.25,µg/m3,2013-04-26 05:00:00 +01:00
5186,FR,STA-FR04018,NO2,89.0,µg/m3,2013-04-26 07:00:00 +01:00
5187,FR,STA-FR04018,NO2,12.5,µg/m3,2013-04-28 02:00:00 +01:00
5188,FR,STA-FR04018,NO2,20.0,µg/m3,2013-04-26 21:00:00 +01:00
5189,FR,STA-FR04018,NO2,22.25,µg/m3,2013-04-27 17:00:00 +01:00
5190,FR,STA-FR04018,NO2,27.25,µg/m3,2013-04-22 18:00:00 +01:00
5191,FR,STA-FR04018,NO2,29.5,µg/m3,2013-04-23 13:00:00 +01:00
5192,FR,STA-FR04018,NO2,39.5,µg/m3,2013-04-22 00:00:00 +01:00
5193,FR,STA-FR04018,NO2,82.25,µg/m3,2013-04-23 21:00:00 +01:00
5194,FR,STA-FR04018,NO2,39.25,µg/m3,2013-04-24 01:00:00 +01:00
5195,FR,STA-FR04018,NO2,64.0,µg/m3,2013-04-23 22:00:00 +01:00
5196,FR,STA-FR04018,NO2,26.5,µg/m3,2013-04-23 18:00:00 +01:00
5197,FR,STA-FR04018,NO2,22.25,µg/m3,2013-04-23 14:00:00 +01:00
5198,FR,STA-FR04018,NO2,27.25,µg/m3,2013-04-24 14:00:00 +01:00
5199,FR,STA-FR04018,NO2,47.25,µg/m3,2013-04-22 20:00:00 +01:00
5200,FR,STA-FR04018,NO2,106.25,µg/m3,2013-04-24 23:00:00 +01:00
5201,FR,STA-FR04018,NO2,104.5,µg/m3,2013-04-25 09:00:00 +01:00
5202,FR,STA-FR04018,NO2,32.0,µg/m3,2013-04-25 03:00:00 +01:00
5203,FR,STA-FR04018,NO2,72.75,µg/m3,2013-04-25 06:00:00 +01:00
5204,FR,STA-FR04018,NO2,52.5,µg/m3,2013-04-22 21:00:00 +01:00
5205,FR,STA-FR04018,NO2,135.0,µg/m3,2013-04-25 23:00:00 +01:00
5206,FR,STA-FR04018,NO2,124.75,µg/m3,2013-04-26 01:00:00 +01:00
5207,FR,STA-FR04018,NO2,45.0,µg/m3,2013-04-25 12:00:00 +01:00
5208,FR,STA-FR04018,NO2,42.5,µg/m3,2013-04-25 19:00:00 +01:00
5209,FR,STA-FR04018,NO2,42.5,µg/m3,2013-04-22 04:00:00 +01:00
5210,FR,STA-FR04018,NO2,23.25,µg/m3,2013-04-21 22:00:00 +01:00
5211,FR,STA-FR04018,NO2,14.5,µg/m3,2013-04-20 17:00:00 +01:00
5212,FR,STA-FR04018,NO2,20.75,µg/m3,2013-04-19 11:00:00 +01:00
5213,FR,STA-FR04018,NO2,12.0,µg/m3,2013-04-20 11:00:00 +01:00
5214,FR,STA-FR04018,NO2,27.0,µg/m3,2013-04-19 18:00:00 +01:00
5215,FR,STA-FR04018,NO2,20.75,µg/m3,2013-04-21 08:00:00 +01:00
5217,FR,STA-FR04018,NO2,37.25,µg/m3,2013-04-19 08:00:00 +01:00
5219,FR,STA-FR04018,NO2,63.5,µg/m3,2013-04-17 09:00:00 +01:00
5220,FR,STA-FR04018,NO2,80.0,µg/m3,2013-04-17 23:00:00 +01:00
5221,FR,STA-FR04018,NO2,7.0,µg/m3,2013-04-18 02:00:00 +01:00
5222,FR,STA-FR04018,NO2,32.25,µg/m3,2013-04-18 07:00:00 +01:00
5223,FR,STA-FR04018,NO2,81.25,µg/m3,2013-04-17 20:00:00 +01:00
5224,FR,STA-FR04018,NO2,22.75,µg/m3,2013-04-16 21:00:00 +01:00
5225,FR,STA-FR04018,NO2,18.5,µg/m3,2013-04-17 00:00:00 +01:00
5226,FR,STA-FR04018,NO2,39.5,µg/m3,2013-04-15 20:00:00 +01:00
5227,FR,STA-FR04018,NO2,32.5,µg/m3,2013-04-16 15:00:00 +01:00
5228,FR,STA-FR04018,NO2,26.25,µg/m3,2013-04-16 12:00:00 +01:00
5229,FR,STA-FR04018,NO2,17.0,µg/m3,2013-04-16 02:00:00 +01:00
5230,FR,STA-FR04018,NO2,116.0,µg/m3,2013-04-14 21:00:00 +01:00
5231,FR,STA-FR04018,NO2,38.0,µg/m3,2013-04-15 21:00:00 +01:00
5232,FR,STA-FR04018,NO2,52.0,µg/m3,2013-04-13 19:00:00 +01:00
5233,FR,STA-FR04018,NO2,31.5,µg/m3,2013-04-14 00:00:00 +01:00
5234,FR,STA-FR04018,NO2,30.0,µg/m3,2013-04-13 16:00:00 +01:00
5235,FR,STA-FR04018,NO2,54.0,µg/m3,2013-04-14 18:00:00 +01:00
5236,FR,STA-FR04018,NO2,41.25,µg/m3,2013-04-13 22:00:00 +01:00
5237,FR,STA-FR04018,NO2,16.0,µg/m3,2013-04-14 11:00:00 +01:00
5238,FR,STA-FR04018,NO2,32.25,µg/m3,2013-04-15 04:00:00 +01:00
5239,FR,STA-FR04018,NO2,19.5,µg/m3,2013-04-14 14:00:00 +01:00
5240,FR,STA-FR04018,NO2,82.5,µg/m3,2013-04-15 09:00:00 +01:00
5241,FR,STA-FR04018,NO2,36.75,µg/m3,2013-04-15 12:00:00 +01:00
5242,FR,STA-FR04018,NO2,48.25,µg/m3,2013-04-12 08:00:00 +01:00
5243,FR,STA-FR04018,NO2,21.0,µg/m3,2013-04-12 04:00:00 +01:00
5244,FR,STA-FR04018,NO2,39.5,µg/m3,2013-04-11 21:00:00 +01:00
5245,FR,STA-FR04018,NO2,41.25,µg/m3,2013-04-11 13:00:00 +01:00
5246,FR,STA-FR04018,NO2,73.0,µg/m3,2013-04-11 18:00:00 +01:00
5247,FR,STA-FR04018,NO2,45.75,µg/m3,2013-04-12 07:00:00 +01:00
5248,FR,STA-FR04018,NO2,36.75,µg/m3,2013-04-12 15:00:00 +01:00
5249,FR,STA-FR04018,NO2,54.25,µg/m3,2013-04-13 06:00:00 +01:00
5250,FR,STA-FR04018,NO2,28.5,µg/m3,2013-04-13 10:00:00 +01:00
5251,FR,STA-FR04018,NO2,13.25,µg/m3,2013-04-11 01:00:00 +01:00
5252,FR,STA-FR04018,NO2,15.5,µg/m3,2013-04-10 01:00:00 +01:00
5253,FR,STA-FR04018,NO2,13.0,µg/m3,2013-04-10 03:00:00 +01:00
5254,FR,STA-FR04018,NO2,38.5,µg/m3,2013-04-09 17:00:00 +01:00
5255,FR,STA-FR04018,NO2,15.5,µg/m3,2013-04-12 01:00:00 +01:00
5256,FR,STA-FR04018,NO2,62.25,µg/m3,2013-04-11 17:00:00 +01:00
5257,FR,STA-FR04018,NO2,36.5,µg/m3,2013-04-11 06:00:00 +01:00
5258,FR,STA-FR04018,NO2,42.75,µg/m3,2013-04-11 07:00:00 +01:00
5259,FR,STA-FR04018,NO2,38.25,µg/m3,2013-04-10 15:00:00 +01:00
5260,FR,STA-FR04018,NO2,46.75,µg/m3,2013-04-10 20:00:00 +01:00
5261,FR,STA-FR04018,NO2,52.75,µg/m3,2013-04-10 11:00:00 +01:00
5262,FR,STA-FR04018,NO2,40.25,µg/m3,2013-04-08 04:00:00 +01:00
5263,FR,STA-FR04018,NO2,30.0,µg/m3,2013-04-08 01:00:00 +01:00
5264,FR,STA-FR04018,NO2,42.25,µg/m3,2013-04-08 15:00:00 +01:00
5265,FR,STA-FR04018,NO2,49.75,µg/m3,2013-04-08 13:00:00 +01:00
5266,FR,STA-FR04018,NO2,35.0,µg/m3,2013-04-09 05:00:00 +01:00
5268,FR,STA-FR04018,NO2,14.0,µg/m3,2013-04-07 16:00:00 +01:00
5269,FR,STA-FR04018,NO2,16.25,µg/m3,2013-04-07 14:00:00 +01:00
5270,FR,STA-FR04018,NO2,44.75,µg/m3,2013-04-06 22:00:00 +01:00
5271,FR,STA-FR04018,NO2,36.0,µg/m3,2013-04-07 07:00:00 +01:00
5272,FR,STA-FR04018,NO2,27.25,µg/m3,2013-04-06 08:00:00 +01:00
5273,FR,STA-FR04018,NO2,35.25,µg/m3,2013-04-07 01:00:00 +01:00
5274,FR,STA-FR04018,NO2,21.75,µg/m3,2013-04-06 11:00:00 +01:00
5275,FR,STA-FR04018,NO2,23.5,µg/m3,2013-05-05 02:00:00 +01:00
5276,FR,STA-FR04018,NO2,23.0,µg/m3,2013-05-05 05:00:00 +01:00
5277,FR,STA-FR04018,NO2,20.75,µg/m3,2013-05-04 23:00:00 +01:00
5278,FR,STA-FR04018,NO2,13.25,µg/m3,2013-05-06 01:00:00 +01:00
5279,FR,STA-FR04018,NO2,20.75,µg/m3,2013-05-05 22:00:00 +01:00
5280,FR,STA-FR04018,NO2,11.0,µg/m3,2013-05-06 02:00:00 +01:00
5281,FR,STA-FR04018,NO2,68.5,µg/m3,2013-05-06 09:00:00 +01:00
5282,FR,STA-FR04018,NO2,20.75,µg/m3,2013-05-06 16:00:00 +01:00
5283,FR,STA-FR04018,NO2,23.0,µg/m3,2013-05-04 18:00:00 +01:00
5284,FR,STA-FR04018,NO2,30.25,µg/m3,2013-05-04 06:00:00 +01:00
5285,FR,STA-FR04018,NO2,27.0,µg/m3,2013-05-05 00:00:00 +01:00
5286,FR,STA-FR04018,NO2,53.75,µg/m3,2013-05-06 20:00:00 +01:00
5287,FR,STA-FR04018,NO2,40.5,µg/m3,2013-05-06 15:00:00 +01:00
5288,FR,STA-FR04018,NO2,18.25,µg/m3,2013-04-30 22:00:00 +01:00
5289,FR,STA-FR04018,NO2,35.25,µg/m3,2013-05-02 12:00:00 +01:00
5290,FR,STA-FR04018,NO2,28.0,µg/m3,2013-05-02 23:00:00 +01:00
5291,FR,STA-FR04018,NO2,38.25,µg/m3,2013-05-02 02:00:00 +01:00
5292,FR,STA-FR04018,NO2,27.75,µg/m3,2013-05-02 22:00:00 +01:00
5293,FR,STA-FR04018,NO2,57.5,µg/m3,2013-05-02 05:00:00 +01:00
5294,FR,STA-FR04018,NO2,30.25,µg/m3,2013-05-03 03:00:00 +01:00
5295,FR,STA-FR04018,NO2,16.0,µg/m3,2013-04-30 23:00:00 +01:00
5296,FR,STA-FR04018,NO2,26.5,µg/m3,2013-04-26 17:00:00 +01:00
5297,FR,STA-FR04018,NO2,26.0,µg/m3,2013-04-30 17:00:00 +01:00
5298,FR,STA-FR04018,NO2,74.25,µg/m3,2013-01-24 20:00:00 +01:00
5299,FR,STA-FR04018,NO2,68.0,µg/m3,2013-01-25 09:00:00 +01:00
5300,FR,STA-FR04018,NO2,69.75,µg/m3,2013-01-25 15:00:00 +01:00
5301,FR,STA-FR04018,NO2,76.5,µg/m3,2013-01-25 14:00:00 +01:00
5302,FR,STA-FR04018,NO2,66.25,µg/m3,2013-01-25 08:00:00 +01:00
5303,FR,STA-FR04018,NO2,37.0,µg/m3,2013-01-26 05:00:00 +01:00
5304,FR,STA-FR04018,NO2,66.0,µg/m3,2013-01-24 21:00:00 +01:00
5305,FR,STA-FR04018,NO2,37.25,µg/m3,2013-01-26 02:00:00 +01:00
5306,FR,STA-FR04018,NO2,31.75,µg/m3,2013-01-26 04:00:00 +01:00
5307,FR,STA-FR04018,NO2,45.0,µg/m3,2013-01-26 06:00:00 +01:00
5308,FR,STA-FR04018,NO2,33.75,µg/m3,2013-01-26 03:00:00 +01:00
5309,FR,STA-FR04018,NO2,64.75,µg/m3,2013-01-25 19:00:00 +01:00
5310,FR,STA-FR04018,NO2,79.5,µg/m3,2013-01-24 19:00:00 +01:00
5311,FR,STA-FR04018,NO2,65.5,µg/m3,2013-01-25 18:00:00 +01:00
5312,FR,STA-FR04018,NO2,74.5,µg/m3,2013-01-25 11:00:00 +01:00
5313,FR,STA-FR04018,NO2,59.5,µg/m3,2013-01-25 20:00:00 +01:00
5314,FR,STA-FR04018,NO2,44.25,µg/m3,2013-01-26 00:00:00 +01:00
5315,FR,STA-FR04018,NO2,58.25,µg/m3,2013-01-23 01:00:00 +01:00
5316,FR,STA-FR04018,NO2,66.5,µg/m3,2013-01-23 07:00:00 +01:00
5317,FR,STA-FR04018,NO2,57.75,µg/m3,2013-01-23 03:00:00 +01:00
5318,FR,STA-FR04018,NO2,60.5,µg/m3,2013-01-23 06:00:00 +01:00
5319,FR,STA-FR04018,NO2,108.25,µg/m3,2013-01-23 12:00:00 +01:00
5320,FR,STA-FR04018,NO2,92.0,µg/m3,2013-01-23 15:00:00 +01:00
5321,FR,STA-FR04018,NO2,57.0,µg/m3,2013-01-23 04:00:00 +01:00
5322,FR,STA-FR04018,NO2,94.5,µg/m3,2013-01-23 10:00:00 +01:00
5323,FR,STA-FR04018,NO2,56.5,µg/m3,2013-01-23 05:00:00 +01:00
5324,FR,STA-FR04018,NO2,83.5,µg/m3,2013-01-23 09:00:00 +01:00
5325,FR,STA-FR04018,NO2,91.25,µg/m3,2013-01-23 14:00:00 +01:00
5326,FR,STA-FR04018,NO2,61.25,µg/m3,2013-01-23 02:00:00 +01:00
5327,FR,STA-FR04018,NO2,91.0,µg/m3,2013-01-23 22:00:00 +01:00
5328,FR,STA-FR04018,NO2,80.5,µg/m3,2013-01-24 01:00:00 +01:00
5329,FR,STA-FR04018,NO2,66.5,µg/m3,2013-01-24 04:00:00 +01:00
5330,FR,STA-FR04018,NO2,78.5,µg/m3,2013-01-24 02:00:00 +01:00
5331,FR,STA-FR04018,NO2,89.0,µg/m3,2013-01-23 18:00:00 +01:00
5332,FR,STA-FR04018,NO2,87.25,µg/m3,2013-01-23 23:00:00 +01:00
5333,FR,STA-FR04018,NO2,73.25,µg/m3,2013-01-24 03:00:00 +01:00
5334,FR,STA-FR04018,NO2,44.0,µg/m3,2013-01-24 10:00:00 +01:00
5335,FR,STA-FR04018,NO2,67.5,µg/m3,2013-01-24 13:00:00 +01:00
5336,FR,STA-FR04018,NO2,61.0,µg/m3,2013-01-24 05:00:00 +01:00
5337,FR,STA-FR04018,NO2,49.25,µg/m3,2013-01-24 11:00:00 +01:00
5338,FR,STA-FR04018,NO2,51.25,µg/m3,2013-01-24 08:00:00 +01:00
5339,FR,STA-FR04018,NO2,49.25,µg/m3,2013-01-24 09:00:00 +01:00
5340,FR,STA-FR04018,NO2,47.0,µg/m3,2013-01-27 01:00:00 +01:00
5341,FR,STA-FR04018,NO2,111.0,µg/m3,2013-01-26 18:00:00 +01:00
5342,FR,STA-FR04018,NO2,24.5,µg/m3,2013-01-27 06:00:00 +01:00
5343,FR,STA-FR04018,NO2,23.75,µg/m3,2013-01-27 05:00:00 +01:00
5344,FR,STA-FR04018,NO2,24.0,µg/m3,2013-01-27 07:00:00 +01:00
5345,FR,STA-FR04018,NO2,134.5,µg/m3,2013-01-26 19:00:00 +01:00
5346,FR,STA-FR04018,NO2,83.25,µg/m3,2013-01-26 22:00:00 +01:00
5347,FR,STA-FR04018,NO2,60.75,µg/m3,2013-01-27 00:00:00 +01:00
5348,FR,STA-FR04018,NO2,55.0,µg/m3,2013-01-26 12:00:00 +01:00
5349,FR,STA-FR04018,NO2,60.5,µg/m3,2013-01-26 14:00:00 +01:00
5350,FR,STA-FR04018,NO2,58.0,µg/m3,2013-01-26 15:00:00 +01:00
5351,FR,STA-FR04018,NO2,63.5,µg/m3,2013-01-28 07:00:00 +01:00
5352,FR,STA-FR04018,NO2,72.25,µg/m3,2013-01-28 08:00:00 +01:00
5353,FR,STA-FR04018,NO2,78.0,µg/m3,2013-01-27 20:00:00 +01:00
5354,FR,STA-FR04018,NO2,36.75,µg/m3,2013-01-27 17:00:00 +01:00
5355,FR,STA-FR04018,NO2,77.75,µg/m3,2013-01-27 23:00:00 +01:00
5356,FR,STA-FR04018,NO2,51.0,µg/m3,2013-01-27 16:00:00 +01:00
5357,FR,STA-FR04018,NO2,35.25,µg/m3,2013-01-27 14:00:00 +01:00
5358,FR,STA-FR04018,NO2,27.75,µg/m3,2013-01-27 11:00:00 +01:00
5359,FR,STA-FR04018,NO2,23.25,µg/m3,2013-01-27 08:00:00 +01:00
5360,FR,STA-FR04018,NO2,63.5,µg/m3,2013-01-28 10:00:00 +01:00
5361,FR,STA-FR04018,NO2,39.0,µg/m3,2013-01-28 12:00:00 +01:00
5362,FR,STA-FR04018,NO2,52.25,µg/m3,2013-01-15 19:00:00 +01:00
5363,FR,STA-FR04018,NO2,66.75,µg/m3,2013-01-14 13:00:00 +01:00
5364,FR,STA-FR04018,NO2,46.0,µg/m3,2013-01-15 17:00:00 +01:00
5365,FR,STA-FR04018,NO2,53.5,µg/m3,2013-01-15 22:00:00 +01:00
5366,FR,STA-FR04018,NO2,73.25,µg/m3,2013-01-16 07:00:00 +01:00
5367,FR,STA-FR04018,NO2,53.0,µg/m3,2013-01-16 00:00:00 +01:00
5368,FR,STA-FR04018,NO2,64.0,µg/m3,2013-01-16 12:00:00 +01:00
5369,FR,STA-FR04018,NO2,85.0,µg/m3,2013-01-16 09:00:00 +01:00
5370,FR,STA-FR04018,NO2,51.25,µg/m3,2013-01-16 14:00:00 +01:00
5371,FR,STA-FR04018,NO2,51.0,µg/m3,2013-01-15 20:00:00 +01:00
5372,FR,STA-FR04018,NO2,32.0,µg/m3,2013-01-16 04:00:00 +01:00
5373,FR,STA-FR04018,NO2,64.0,µg/m3,2013-01-17 00:00:00 +01:00
5374,FR,STA-FR04018,NO2,62.5,µg/m3,2013-01-16 18:00:00 +01:00
5375,FR,STA-FR04018,NO2,81.0,µg/m3,2013-01-17 08:00:00 +01:00
5376,FR,STA-FR04018,NO2,69.25,µg/m3,2013-01-16 20:00:00 +01:00
5377,FR,STA-FR04018,NO2,73.0,µg/m3,2013-01-16 21:00:00 +01:00
5378,FR,STA-FR04018,NO2,47.75,µg/m3,2013-01-16 01:00:00 +01:00
5379,FR,STA-FR04018,NO2,73.5,µg/m3,2013-01-16 10:00:00 +01:00
5380,FR,STA-FR04018,NO2,68.5,µg/m3,2013-01-16 23:00:00 +01:00
5381,FR,STA-FR04018,NO2,39.5,µg/m3,2013-01-16 16:00:00 +01:00
5382,FR,STA-FR04018,NO2,74.25,µg/m3,2013-01-17 17:00:00 +01:00
5383,FR,STA-FR04018,NO2,89.75,µg/m3,2013-01-17 11:00:00 +01:00
5384,FR,STA-FR04018,NO2,53.0,µg/m3,2013-01-18 11:00:00 +01:00
5385,FR,STA-FR04018,NO2,64.75,µg/m3,2013-01-18 04:00:00 +01:00
5386,FR,STA-FR04018,NO2,102.0,µg/m3,2013-01-17 20:00:00 +01:00
5387,FR,STA-FR04018,NO2,72.25,µg/m3,2013-01-17 15:00:00 +01:00
5388,FR,STA-FR04018,NO2,55.75,µg/m3,2013-01-18 10:00:00 +01:00
5389,FR,STA-FR04018,NO2,52.5,µg/m3,2013-01-18 20:00:00 +01:00
5390,FR,STA-FR04018,NO2,36.0,µg/m3,2013-01-19 03:00:00 +01:00
5391,FR,STA-FR04018,NO2,43.5,µg/m3,2013-01-19 00:00:00 +01:00
5392,FR,STA-FR04018,NO2,41.25,µg/m3,2013-01-19 01:00:00 +01:00
5393,FR,STA-FR04018,NO2,56.75,µg/m3,2013-01-18 06:00:00 +01:00
5394,FR,STA-FR04018,NO2,56.0,µg/m3,2013-01-18 17:00:00 +01:00
5395,FR,STA-FR04018,NO2,70.75,µg/m3,2013-01-18 02:00:00 +01:00
5396,FR,STA-FR04018,NO2,59.75,µg/m3,2013-01-18 09:00:00 +01:00
5397,FR,STA-FR04018,NO2,78.5,µg/m3,2013-01-17 23:00:00 +01:00
5398,FR,STA-FR04018,NO2,49.5,µg/m3,2013-01-18 12:00:00 +01:00
5399,FR,STA-FR04018,NO2,57.0,µg/m3,2013-01-18 16:00:00 +01:00
5400,FR,STA-FR04018,NO2,33.5,µg/m3,2013-01-20 14:00:00 +01:00
5401,FR,STA-FR04018,NO2,31.75,µg/m3,2013-01-20 11:00:00 +01:00
5402,FR,STA-FR04018,NO2,31.25,µg/m3,2013-01-20 08:00:00 +01:00
5403,FR,STA-FR04018,NO2,31.5,µg/m3,2013-01-20 05:00:00 +01:00
5404,FR,STA-FR04018,NO2,41.5,µg/m3,2013-01-21 01:00:00 +01:00
5405,FR,STA-FR04018,NO2,38.5,µg/m3,2013-01-20 23:00:00 +01:00
5406,FR,STA-FR04018,NO2,51.0,µg/m3,2013-01-20 21:00:00 +01:00
5407,FR,STA-FR04018,NO2,38.75,µg/m3,2013-01-19 11:00:00 +01:00
5408,FR,STA-FR04018,NO2,30.75,µg/m3,2013-01-20 13:00:00 +01:00
5409,FR,STA-FR04018,NO2,44.0,µg/m3,2013-01-20 16:00:00 +01:00
5410,FR,STA-FR04018,NO2,31.0,µg/m3,2013-01-20 06:00:00 +01:00
5411,FR,STA-FR04018,NO2,44.0,µg/m3,2013-01-19 08:00:00 +01:00
5412,FR,STA-FR04018,NO2,40.75,µg/m3,2013-01-19 10:00:00 +01:00
5413,FR,STA-FR04018,NO2,37.75,µg/m3,2013-01-19 02:00:00 +01:00
5414,FR,STA-FR04018,NO2,34.75,µg/m3,2013-01-20 03:00:00 +01:00
5415,FR,STA-FR04018,NO2,42.25,µg/m3,2013-01-19 09:00:00 +01:00
5416,FR,STA-FR04018,NO2,69.25,µg/m3,2013-01-22 18:00:00 +01:00
5417,FR,STA-FR04018,NO2,55.0,µg/m3,2013-01-22 10:00:00 +01:00
5418,FR,STA-FR04018,NO2,68.25,µg/m3,2013-01-22 17:00:00 +01:00
5419,FR,STA-FR04018,NO2,56.0,µg/m3,2013-01-22 13:00:00 +01:00
5420,FR,STA-FR04018,NO2,61.0,µg/m3,2013-01-22 04:00:00 +01:00
5421,FR,STA-FR04018,NO2,55.0,µg/m3,2013-01-22 09:00:00 +01:00
5422,FR,STA-FR04018,NO2,58.5,µg/m3,2013-01-22 03:00:00 +01:00
5423,FR,STA-FR04018,NO2,59.75,µg/m3,2013-01-22 16:00:00 +01:00
5424,FR,STA-FR04018,NO2,37.25,µg/m3,2013-01-21 05:00:00 +01:00
5425,FR,STA-FR04018,NO2,56.5,µg/m3,2013-01-21 21:00:00 +01:00
5426,FR,STA-FR04018,NO2,33.5,µg/m3,2013-01-22 00:00:00 +01:00
5427,FR,STA-FR04018,NO2,53.75,µg/m3,2013-01-20 19:00:00 +01:00
5428,FR,STA-FR04018,NO2,60.5,µg/m3,2013-01-21 09:00:00 +01:00
5429,FR,STA-FR04018,NO2,50.0,µg/m3,2013-01-22 05:00:00 +01:00
5430,FR,STA-FR04018,NO2,37.75,µg/m3,2013-01-21 00:00:00 +01:00
5431,FR,STA-FR04018,NO2,38.0,µg/m3,2013-01-21 06:00:00 +01:00
5432,FR,STA-FR04018,NO2,60.75,µg/m3,2013-01-21 15:00:00 +01:00
5433,FR,STA-FR04018,NO2,38.0,µg/m3,2013-01-21 02:00:00 +01:00
5434,FR,STA-FR04018,NO2,38.25,µg/m3,2013-01-21 03:00:00 +01:00
5435,FR,STA-FR04018,NO2,36.5,µg/m3,2013-01-21 04:00:00 +01:00
5436,FR,STA-FR04018,NO2,36.25,µg/m3,2013-01-21 23:00:00 +01:00
5437,FR,STA-FR04018,NO2,33.0,µg/m3,2013-01-20 10:00:00 +01:00
5438,FR,STA-FR04018,NO2,50.75,µg/m3,2013-01-21 12:00:00 +01:00
5439,FR,STA-FR04018,NO2,65.5,µg/m3,2013-01-21 20:00:00 +01:00
5440,FR,STA-FR04018,NO2,55.25,µg/m3,2013-01-21 07:00:00 +01:00
5441,FR,STA-FR04018,NO2,69.25,µg/m3,2013-01-21 19:00:00 +01:00
5442,FR,STA-FR04018,NO2,50.25,µg/m3,2013-01-10 16:00:00 +01:00
5443,FR,STA-FR04018,NO2,47.0,µg/m3,2013-01-10 09:00:00 +01:00
5444,FR,STA-FR04018,NO2,32.5,µg/m3,2013-01-10 05:00:00 +01:00
5445,FR,STA-FR04018,NO2,37.75,µg/m3,2013-01-10 13:00:00 +01:00
5446,FR,STA-FR04018,NO2,49.75,µg/m3,2013-01-09 21:00:00 +01:00
5447,FR,STA-FR04018,NO2,42.75,µg/m3,2013-01-10 12:00:00 +01:00
5448,FR,STA-FR04018,NO2,44.5,µg/m3,2013-01-10 15:00:00 +01:00
5449,FR,STA-FR04018,NO2,43.25,µg/m3,2013-01-10 08:00:00 +01:00
5450,FR,STA-FR04018,NO2,32.0,µg/m3,2013-01-10 03:00:00 +01:00
5451,FR,STA-FR04018,NO2,66.75,µg/m3,2013-01-11 14:00:00 +01:00
5452,FR,STA-FR04018,NO2,64.5,µg/m3,2013-01-11 08:00:00 +01:00
5453,FR,STA-FR04018,NO2,72.25,µg/m3,2013-01-10 19:00:00 +01:00
5454,FR,STA-FR04018,NO2,54.75,µg/m3,2013-01-09 15:00:00 +01:00
5455,FR,STA-FR04018,NO2,58.0,µg/m3,2013-01-10 21:00:00 +01:00
5456,FR,STA-FR04018,NO2,56.0,µg/m3,2013-01-11 16:00:00 +01:00
5457,FR,STA-FR04018,NO2,73.0,µg/m3,2013-01-11 17:00:00 +01:00
5458,FR,STA-FR04018,NO2,46.0,µg/m3,2013-01-10 11:00:00 +01:00
5459,FR,STA-FR04018,NO2,55.5,µg/m3,2013-01-09 16:00:00 +01:00
5460,FR,STA-FR04018,NO2,36.0,µg/m3,2013-01-10 01:00:00 +01:00
5461,FR,STA-FR04018,NO2,57.0,µg/m3,2013-01-09 10:00:00 +01:00
5462,FR,STA-FR04018,NO2,52.25,µg/m3,2013-01-09 18:00:00 +01:00
5463,FR,STA-FR04018,NO2,53.25,µg/m3,2013-01-09 08:00:00 +01:00
5464,FR,STA-FR04018,NO2,28.5,µg/m3,2013-01-09 03:00:00 +01:00
5465,FR,STA-FR04018,NO2,39.25,µg/m3,2013-01-09 01:00:00 +01:00
5466,FR,STA-FR04018,NO2,61.5,µg/m3,2013-01-08 20:00:00 +01:00
5467,FR,STA-FR04018,NO2,30.25,µg/m3,2013-01-09 05:00:00 +01:00
5468,FR,STA-FR04018,NO2,25.5,µg/m3,2013-01-09 04:00:00 +01:00
5469,FR,STA-FR04018,NO2,59.75,µg/m3,2013-01-09 09:00:00 +01:00
5470,FR,STA-FR04018,NO2,31.5,µg/m3,2013-01-09 02:00:00 +01:00
5471,FR,STA-FR04018,NO2,49.25,µg/m3,2013-01-09 12:00:00 +01:00
5472,FR,STA-FR04018,NO2,48.25,µg/m3,2013-01-08 17:00:00 +01:00
5473,FR,STA-FR04018,NO2,52.5,µg/m3,2013-01-08 12:00:00 +01:00
5474,FR,STA-FR04018,NO2,53.25,µg/m3,2013-01-08 10:00:00 +01:00
5475,FR,STA-FR04018,NO2,53.0,µg/m3,2013-01-08 08:00:00 +01:00
5476,FR,STA-FR04018,NO2,67.25,µg/m3,2013-01-07 20:00:00 +01:00
5477,FR,STA-FR04018,NO2,53.5,µg/m3,2013-01-08 15:00:00 +01:00
5478,FR,STA-FR04018,NO2,70.25,µg/m3,2013-01-07 18:00:00 +01:00
5479,FR,STA-FR04018,NO2,56.25,µg/m3,2013-01-08 22:00:00 +01:00
5480,FR,STA-FR04018,NO2,64.25,µg/m3,2013-01-07 19:00:00 +01:00
5481,FR,STA-FR04018,NO2,56.5,µg/m3,2013-01-08 13:00:00 +01:00
5482,FR,STA-FR04018,NO2,51.25,µg/m3,2013-01-08 23:00:00 +01:00
5483,FR,STA-FR04018,NO2,57.5,µg/m3,2013-01-08 21:00:00 +01:00
5484,FR,STA-FR04018,NO2,48.25,µg/m3,2013-01-09 00:00:00 +01:00
5485,FR,STA-FR04018,NO2,56.75,µg/m3,2013-01-12 16:00:00 +01:00
5486,FR,STA-FR04018,NO2,59.5,µg/m3,2013-01-12 11:00:00 +01:00
5487,FR,STA-FR04018,NO2,104.25,µg/m3,2013-01-11 22:00:00 +01:00
5488,FR,STA-FR04018,NO2,100.5,µg/m3,2013-01-12 00:00:00 +01:00
5489,FR,STA-FR04018,NO2,59.25,µg/m3,2013-01-12 08:00:00 +01:00
5490,FR,STA-FR04018,NO2,88.25,µg/m3,2013-01-11 19:00:00 +01:00
5491,FR,STA-FR04018,NO2,69.25,µg/m3,2013-01-12 03:00:00 +01:00
5492,FR,STA-FR04018,NO2,88.75,µg/m3,2013-01-11 20:00:00 +01:00
5493,FR,STA-FR04018,NO2,57.5,µg/m3,2013-01-11 12:00:00 +01:00
5494,FR,STA-FR04018,NO2,60.25,µg/m3,2013-01-12 05:00:00 +01:00
5495,FR,STA-FR04018,NO2,25.75,µg/m3,2013-01-13 08:00:00 +01:00
5496,FR,STA-FR04018,NO2,47.75,µg/m3,2013-01-13 01:00:00 +01:00
5497,FR,STA-FR04018,NO2,23.0,µg/m3,2013-01-13 14:00:00 +01:00
5498,FR,STA-FR04018,NO2,30.25,µg/m3,2013-01-13 06:00:00 +01:00
5499,FR,STA-FR04018,NO2,24.25,µg/m3,2013-01-13 15:00:00 +01:00
5500,FR,STA-FR04018,NO2,34.25,µg/m3,2013-01-13 04:00:00 +01:00
5501,FR,STA-FR04018,NO2,51.25,µg/m3,2013-01-12 23:00:00 +01:00
5502,FR,STA-FR04018,NO2,21.25,µg/m3,2013-01-13 11:00:00 +01:00
5503,FR,STA-FR04018,NO2,63.75,µg/m3,2013-01-12 20:00:00 +01:00
5504,FR,STA-FR04018,NO2,58.75,µg/m3,2013-01-12 21:00:00 +01:00
5505,FR,STA-FR04018,NO2,70.75,µg/m3,2013-01-12 18:00:00 +01:00
5506,FR,STA-FR04018,NO2,38.25,µg/m3,2013-01-15 00:00:00 +01:00
5507,FR,STA-FR04018,NO2,69.25,µg/m3,2013-01-15 06:00:00 +01:00
5508,FR,STA-FR04018,NO2,24.5,µg/m3,2013-01-15 02:00:00 +01:00
5509,FR,STA-FR04018,NO2,73.0,µg/m3,2013-01-15 08:00:00 +01:00
5510,FR,STA-FR04018,NO2,55.0,µg/m3,2013-01-15 10:00:00 +01:00
5511,FR,STA-FR04018,NO2,74.0,µg/m3,2013-01-15 07:00:00 +01:00
5512,FR,STA-FR04018,NO2,44.75,µg/m3,2013-01-15 13:00:00 +01:00
5513,FR,STA-FR04018,NO2,29.5,µg/m3,2013-01-15 01:00:00 +01:00
5514,FR,STA-FR04018,NO2,37.5,µg/m3,2013-01-15 15:00:00 +01:00
5515,FR,STA-FR04018,NO2,43.0,µg/m3,2013-01-14 09:00:00 +01:00
5516,FR,STA-FR04018,NO2,43.75,µg/m3,2013-01-13 21:00:00 +01:00
5517,FR,STA-FR04018,NO2,21.75,µg/m3,2013-01-13 12:00:00 +01:00
5518,FR,STA-FR04018,NO2,28.75,µg/m3,2013-01-13 17:00:00 +01:00
5519,FR,STA-FR04018,NO2,38.5,µg/m3,2013-01-14 05:00:00 +01:00
5520,FR,STA-FR04018,NO2,36.75,µg/m3,2013-01-13 18:00:00 +01:00
5521,FR,STA-FR04018,NO2,35.25,µg/m3,2013-01-14 04:00:00 +01:00
5522,FR,STA-FR04018,NO2,41.75,µg/m3,2013-01-14 06:00:00 +01:00
5523,FR,STA-FR04018,NO2,40.0,µg/m3,2013-01-14 07:00:00 +01:00
5524,FR,STA-FR04018,NO2,66.75,µg/m3,2013-01-14 14:00:00 +01:00
5525,FR,STA-FR04018,NO2,40.75,µg/m3,2013-01-14 23:00:00 +01:00
5526,FR,STA-FR04018,NO2,41.75,µg/m3,2013-01-01 23:00:00 +01:00
5527,FR,STA-FR04018,NO2,26.5,µg/m3,2013-01-02 01:00:00 +01:00
5528,FR,STA-FR04018,NO2,33.5,µg/m3,2013-01-01 22:00:00 +01:00
5529,FR,STA-FR04018,NO2,35.0,µg/m3,2013-01-01 20:00:00 +01:00
5530,FR,STA-FR04018,NO2,67.25,µg/m3,2013-01-02 08:00:00 +01:00
5531,FR,STA-FR04018,NO2,60.25,µg/m3,2013-01-02 07:00:00 +01:00
5532,FR,STA-FR04018,NO2,31.75,µg/m3,2013-01-01 21:00:00 +01:00
5533,FR,STA-FR04018,NO2,59.0,µg/m3,2013-01-02 06:00:00 +01:00
5534,FR,STA-FR04018,NO2,21.75,µg/m3,2013-01-02 02:00:00 +01:00
5535,FR,STA-FR04018,NO2,32.5,µg/m3,2013-01-01 19:00:00 +01:00
5536,FR,STA-FR04018,NO2,38.0,µg/m3,2013-01-02 04:00:00 +01:00
5537,FR,STA-FR04018,NO2,20.5,µg/m3,2013-01-01 08:00:00 +01:00
5538,FR,STA-FR04018,NO2,17.75,µg/m3,2013-01-01 10:00:00 +01:00
5539,FR,STA-FR04018,NO2,22.25,µg/m3,2013-01-01 04:00:00 +01:00
5540,FR,STA-FR04018,NO2,19.25,µg/m3,2013-01-01 01:00:00 +01:00
5541,FR,STA-FR04018,NO2,29.0,µg/m3,2013-01-01 07:00:00 +01:00
5542,FR,STA-FR04018,NO2,25.25,µg/m3,2013-01-01 06:00:00 +01:00
5543,FR,STA-FR04018,NO2,24.5,µg/m3,2013-01-01 05:00:00 +01:00
5544,FR,STA-FR04018,NO2,53.0,µg/m3,2013-01-03 12:00:00 +01:00
5545,FR,STA-FR04018,NO2,29.25,µg/m3,2013-01-03 21:00:00 +01:00
5546,FR,STA-FR04018,NO2,56.25,µg/m3,2013-01-03 19:00:00 +01:00
5547,FR,STA-FR04018,NO2,50.75,µg/m3,2013-01-03 14:00:00 +01:00
5548,FR,STA-FR04018,NO2,24.25,µg/m3,2013-01-04 05:00:00 +01:00
5549,FR,STA-FR04018,NO2,22.75,µg/m3,2013-01-04 02:00:00 +01:00
5550,FR,STA-FR04018,NO2,36.0,µg/m3,2013-01-02 23:00:00 +01:00
5551,FR,STA-FR04018,NO2,62.25,µg/m3,2013-01-02 19:00:00 +01:00
5552,FR,STA-FR04018,NO2,66.0,µg/m3,2013-01-02 17:00:00 +01:00
5553,FR,STA-FR04018,NO2,27.5,µg/m3,2013-01-03 01:00:00 +01:00
5554,FR,STA-FR04018,NO2,64.75,µg/m3,2013-01-03 09:00:00 +01:00
5555,FR,STA-FR04018,NO2,60.75,µg/m3,2013-01-03 07:00:00 +01:00
5556,FR,STA-FR04018,NO2,51.75,µg/m3,2013-01-03 16:00:00 +01:00
5557,FR,STA-FR04018,NO2,31.0,µg/m3,2013-01-03 05:00:00 +01:00
5558,FR,STA-FR04018,NO2,26.25,µg/m3,2013-01-03 02:00:00 +01:00
5559,FR,STA-FR04018,NO2,32.0,µg/m3,2013-01-02 22:00:00 +01:00
5560,FR,STA-FR04018,NO2,63.75,µg/m3,2013-01-02 18:00:00 +01:00
5561,FR,STA-FR04018,NO2,17.5,µg/m3,2013-01-05 06:00:00 +01:00
5562,FR,STA-FR04018,NO2,37.25,µg/m3,2013-01-05 08:00:00 +01:00
5563,FR,STA-FR04018,NO2,61.75,µg/m3,2013-01-04 19:00:00 +01:00
5564,FR,STA-FR04018,NO2,51.75,µg/m3,2013-01-04 13:00:00 +01:00
5565,FR,STA-FR04018,NO2,38.0,µg/m3,2013-01-04 08:00:00 +01:00
5566,FR,STA-FR04018,NO2,31.75,µg/m3,2013-01-04 23:00:00 +01:00
5567,FR,STA-FR04018,NO2,49.25,µg/m3,2013-01-04 16:00:00 +01:00
5568,FR,STA-FR04018,NO2,25.75,µg/m3,2013-01-06 01:00:00 +01:00
5569,FR,STA-FR04018,NO2,29.0,µg/m3,2013-01-06 04:00:00 +01:00
5570,FR,STA-FR04018,NO2,40.5,µg/m3,2013-01-05 21:00:00 +01:00
5571,FR,STA-FR04018,NO2,25.0,µg/m3,2013-01-05 15:00:00 +01:00
5572,FR,STA-FR04018,NO2,29.5,µg/m3,2013-01-06 02:00:00 +01:00
5573,FR,STA-FR04018,NO2,21.0,µg/m3,2013-01-05 02:00:00 +01:00
5574,FR,STA-FR04018,NO2,11.5,µg/m3,2013-01-05 04:00:00 +01:00
5575,FR,STA-FR04018,NO2,33.75,µg/m3,2013-01-04 21:00:00 +01:00
5576,FR,STA-FR04018,NO2,27.0,µg/m3,2013-01-05 11:00:00 +01:00
5577,FR,STA-FR04018,NO2,37.0,µg/m3,2013-01-05 19:00:00 +01:00
5578,FR,STA-FR04018,NO2,31.75,µg/m3,2013-01-05 18:00:00 +01:00
5579,FR,STA-FR04018,NO2,17.75,µg/m3,2013-01-08 03:00:00 +01:00
5580,FR,STA-FR04018,NO2,39.0,µg/m3,2013-01-08 00:00:00 +01:00
5581,FR,STA-FR04018,NO2,42.75,µg/m3,2013-01-07 06:00:00 +01:00
5582,FR,STA-FR04018,NO2,41.75,µg/m3,2013-01-08 06:00:00 +01:00
5583,FR,STA-FR04018,NO2,20.25,µg/m3,2013-01-08 02:00:00 +01:00
5584,FR,STA-FR04018,NO2,61.25,µg/m3,2013-01-07 07:00:00 +01:00
5585,FR,STA-FR04018,NO2,25.75,µg/m3,2013-01-07 04:00:00 +01:00
5586,FR,STA-FR04018,NO2,40.25,µg/m3,2013-01-06 15:00:00 +01:00
5587,FR,STA-FR04018,NO2,44.25,µg/m3,2013-01-06 17:00:00 +01:00
5588,FR,STA-FR04018,NO2,19.0,µg/m3,2013-01-06 03:00:00 +01:00
5589,FR,STA-FR04018,NO2,52.0,µg/m3,2013-01-06 18:00:00 +01:00
5590,FR,STA-FR04018,NO2,29.75,µg/m3,2013-01-06 14:00:00 +01:00
5591,FR,STA-FR04018,NO2,27.5,µg/m3,2013-01-07 02:00:00 +01:00
5592,FR,STA-FR04018,NO2,41.5,µg/m3,2013-01-06 16:00:00 +01:00
5593,FR,STA-FR04018,NO2,29.5,µg/m3,2013-01-07 00:00:00 +01:00
5594,FR,STA-FR04018,NO2,56.75,µg/m3,2013-01-06 20:00:00 +01:00
5596,FR,STA-FR04018,NO2,56.25,µg/m3,2013-03-04 10:00:00 +01:00
5598,FR,STA-FR04018,NO2,42.75,µg/m3,2013-03-04 16:00:00 +01:00
5599,FR,STA-FR04018,NO2,43.25,µg/m3,2013-03-04 14:00:00 +01:00
5600,FR,STA-FR04018,NO2,87.0,µg/m3,2013-03-04 19:00:00 +01:00
5601,FR,STA-FR04018,NO2,32.25,µg/m3,2013-03-05 02:00:00 +01:00
5602,FR,STA-FR04018,NO2,39.25,µg/m3,2013-03-05 04:00:00 +01:00
5603,FR,STA-FR04018,NO2,49.5,µg/m3,2013-03-04 17:00:00 +01:00
5604,FR,STA-FR04018,NO2,91.25,µg/m3,2013-03-05 07:00:00 +01:00
5605,FR,STA-FR04018,NO2,47.75,µg/m3,2013-03-03 23:00:00 +01:00
5606,FR,STA-FR04018,NO2,59.25,µg/m3,2013-03-04 04:00:00 +01:00
5607,FR,STA-FR04018,NO2,58.0,µg/m3,2013-03-04 09:00:00 +01:00
5608,FR,STA-FR04018,NO2,23.0,µg/m3,2013-03-03 13:00:00 +01:00
5609,FR,STA-FR04018,NO2,54.5,µg/m3,2013-03-04 05:00:00 +01:00
5610,FR,STA-FR04018,NO2,24.0,µg/m3,2013-03-03 16:00:00 +01:00
5611,FR,STA-FR04018,NO2,23.0,µg/m3,2013-03-03 14:00:00 +01:00
5612,FR,STA-FR04018,NO2,38.5,µg/m3,2013-03-03 18:00:00 +01:00
5613,FR,STA-FR04018,NO2,26.0,µg/m3,2013-03-02 16:00:00 +01:00
5614,FR,STA-FR04018,NO2,23.25,µg/m3,2013-03-03 15:00:00 +01:00
5615,FR,STA-FR04018,NO2,30.25,µg/m3,2013-03-02 14:00:00 +01:00
5616,FR,STA-FR04018,NO2,46.25,µg/m3,2013-03-03 19:00:00 +01:00
5617,FR,STA-FR04018,NO2,50.25,µg/m3,2013-03-04 02:00:00 +01:00
5618,FR,STA-FR04018,NO2,29.25,µg/m3,2013-03-03 17:00:00 +01:00
5619,FR,STA-FR04018,NO2,27.25,µg/m3,2013-03-03 00:00:00 +01:00
5620,FR,STA-FR04018,NO2,33.25,µg/m3,2013-03-02 18:00:00 +01:00
5621,FR,STA-FR04018,NO2,26.75,µg/m3,2013-03-03 03:00:00 +01:00
5622,FR,STA-FR04018,NO2,32.25,µg/m3,2013-03-03 02:00:00 +01:00
5623,FR,STA-FR04018,NO2,28.25,µg/m3,2013-03-03 01:00:00 +01:00
5624,FR,STA-FR04018,NO2,33.25,µg/m3,2013-03-02 19:00:00 +01:00
5625,FR,STA-FR04018,NO2,27.75,µg/m3,2013-03-02 13:00:00 +01:00
5626,FR,STA-FR04018,NO2,28.25,µg/m3,2013-03-02 17:00:00 +01:00
5627,FR,STA-FR04018,NO2,57.25,µg/m3,2013-02-26 23:00:00 +01:00
5628,FR,STA-FR04018,NO2,50.75,µg/m3,2013-02-27 20:00:00 +01:00
5629,FR,STA-FR04018,NO2,46.5,µg/m3,2013-02-28 00:00:00 +01:00
5630,FR,STA-FR04018,NO2,48.25,µg/m3,2013-02-27 22:00:00 +01:00
5631,FR,STA-FR04018,NO2,35.75,µg/m3,2013-02-28 14:00:00 +01:00
5632,FR,STA-FR04018,NO2,41.0,µg/m3,2013-02-28 16:00:00 +01:00
5633,FR,STA-FR04018,NO2,36.25,µg/m3,2013-02-28 03:00:00 +01:00
5634,FR,STA-FR04018,NO2,40.75,µg/m3,2013-02-28 15:00:00 +01:00
5635,FR,STA-FR04018,NO2,37.25,µg/m3,2013-02-28 11:00:00 +01:00
5636,FR,STA-FR04018,NO2,44.25,µg/m3,2013-02-27 17:00:00 +01:00
5637,FR,STA-FR04018,NO2,35.25,µg/m3,2013-02-28 13:00:00 +01:00
5638,FR,STA-FR04018,NO2,46.5,µg/m3,2013-02-26 05:00:00 +01:00
5639,FR,STA-FR04018,NO2,48.25,µg/m3,2013-02-27 03:00:00 +01:00
5640,FR,STA-FR04018,NO2,39.5,µg/m3,2013-02-27 14:00:00 +01:00
5641,FR,STA-FR04018,NO2,39.25,µg/m3,2013-02-27 05:00:00 +01:00
5642,FR,STA-FR04018,NO2,64.0,µg/m3,2013-02-26 21:00:00 +01:00
5643,FR,STA-FR04018,NO2,52.5,µg/m3,2013-02-26 00:00:00 +01:00
5644,FR,STA-FR04018,NO2,50.5,µg/m3,2013-02-27 02:00:00 +01:00
5645,FR,STA-FR04018,NO2,42.5,µg/m3,2013-02-27 16:00:00 +01:00
5646,FR,STA-FR04018,NO2,39.5,µg/m3,2013-02-27 13:00:00 +01:00
5647,FR,STA-FR04018,NO2,47.0,µg/m3,2013-02-27 08:00:00 +01:00
5648,FR,STA-FR04018,NO2,49.25,µg/m3,2013-02-28 19:00:00 +01:00
5649,FR,STA-FR04018,NO2,34.5,µg/m3,2013-02-28 12:00:00 +01:00
5650,FR,STA-FR04018,NO2,54.0,µg/m3,2013-02-28 18:00:00 +01:00
5651,FR,STA-FR04018,NO2,38.25,µg/m3,2013-03-01 03:00:00 +01:00
5652,FR,STA-FR04018,NO2,53.5,µg/m3,2013-02-28 22:00:00 +01:00
5653,FR,STA-FR04018,NO2,42.75,µg/m3,2013-03-01 05:00:00 +01:00
5654,FR,STA-FR04018,NO2,48.5,µg/m3,2013-03-01 11:00:00 +01:00
5655,FR,STA-FR04018,NO2,38.5,µg/m3,2013-03-01 02:00:00 +01:00
5656,FR,STA-FR04018,NO2,50.5,µg/m3,2013-02-28 23:00:00 +01:00
5657,FR,STA-FR04018,NO2,53.25,µg/m3,2013-02-28 21:00:00 +01:00
5658,FR,STA-FR04018,NO2,52.5,µg/m3,2013-03-01 19:00:00 +01:00
5659,FR,STA-FR04018,NO2,55.5,µg/m3,2013-03-01 20:00:00 +01:00
5660,FR,STA-FR04018,NO2,46.5,µg/m3,2013-03-01 16:00:00 +01:00
5661,FR,STA-FR04018,NO2,57.75,µg/m3,2013-03-01 18:00:00 +01:00
5662,FR,STA-FR04018,NO2,21.0,µg/m3,2013-03-02 06:00:00 +01:00
5663,FR,STA-FR04018,NO2,20.75,µg/m3,2013-03-02 04:00:00 +01:00
5664,FR,STA-FR04018,NO2,28.5,µg/m3,2013-03-02 10:00:00 +01:00
5665,FR,STA-FR04018,NO2,53.25,µg/m3,2013-03-01 17:00:00 +01:00
5666,FR,STA-FR04018,NO2,21.75,µg/m3,2013-03-02 05:00:00 +01:00
5667,FR,STA-FR04018,NO2,29.75,µg/m3,2013-03-02 12:00:00 +01:00
5668,FR,STA-FR04018,NO2,23.25,µg/m3,2013-03-02 11:00:00 +01:00
5669,FR,STA-FR04018,NO2,30.25,µg/m3,2013-03-02 15:00:00 +01:00
5670,FR,STA-FR04018,NO2,41.5,µg/m3,2013-02-18 04:00:00 +01:00
5671,FR,STA-FR04018,NO2,50.0,µg/m3,2013-02-18 00:00:00 +01:00
5672,FR,STA-FR04018,NO2,58.0,µg/m3,2013-02-18 08:00:00 +01:00
5673,FR,STA-FR04018,NO2,46.75,µg/m3,2013-02-18 05:00:00 +01:00
5674,FR,STA-FR04018,NO2,20.25,µg/m3,2013-02-17 16:00:00 +01:00
5675,FR,STA-FR04018,NO2,23.25,µg/m3,2013-02-17 14:00:00 +01:00
5676,FR,STA-FR04018,NO2,52.0,µg/m3,2013-02-17 05:00:00 +01:00
5677,FR,STA-FR04018,NO2,24.25,µg/m3,2013-02-17 17:00:00 +01:00
5678,FR,STA-FR04018,NO2,51.0,µg/m3,2013-02-18 01:00:00 +01:00
5679,FR,STA-FR04018,NO2,49.0,µg/m3,2013-02-18 18:00:00 +01:00
5680,FR,STA-FR04018,NO2,59.75,µg/m3,2013-02-19 04:00:00 +01:00
5681,FR,STA-FR04018,NO2,73.75,µg/m3,2013-02-18 20:00:00 +01:00
5682,FR,STA-FR04018,NO2,69.75,µg/m3,2013-02-19 02:00:00 +01:00
5683,FR,STA-FR04018,NO2,68.5,µg/m3,2013-02-18 19:00:00 +01:00
5684,FR,STA-FR04018,NO2,33.25,µg/m3,2013-02-18 13:00:00 +01:00
5685,FR,STA-FR04018,NO2,31.0,µg/m3,2013-02-18 15:00:00 +01:00
5686,FR,STA-FR04018,NO2,71.5,µg/m3,2013-02-19 01:00:00 +01:00
5687,FR,STA-FR04018,NO2,103.5,µg/m3,2013-02-19 09:00:00 +01:00
5688,FR,STA-FR04018,NO2,89.25,µg/m3,2013-02-18 23:00:00 +01:00
5689,FR,STA-FR04018,NO2,72.0,µg/m3,2013-02-19 06:00:00 +01:00
5690,FR,STA-FR04018,NO2,98.5,µg/m3,2013-02-19 11:00:00 +01:00
5691,FR,STA-FR04018,NO2,90.75,µg/m3,2013-02-15 23:00:00 +01:00
5692,FR,STA-FR04018,NO2,68.25,µg/m3,2013-02-16 22:00:00 +01:00
5693,FR,STA-FR04018,NO2,45.25,µg/m3,2013-02-17 08:00:00 +01:00
5694,FR,STA-FR04018,NO2,54.5,µg/m3,2013-02-17 04:00:00 +01:00
5695,FR,STA-FR04018,NO2,20.25,µg/m3,2013-02-17 15:00:00 +01:00
5696,FR,STA-FR04018,NO2,57.75,µg/m3,2013-02-17 07:00:00 +01:00
5697,FR,STA-FR04018,NO2,31.75,µg/m3,2013-02-17 18:00:00 +01:00
5698,FR,STA-FR04018,NO2,64.0,µg/m3,2013-02-16 23:00:00 +01:00
5699,FR,STA-FR04018,NO2,69.0,µg/m3,2013-02-16 21:00:00 +01:00
5700,FR,STA-FR04018,NO2,43.75,µg/m3,2013-02-15 12:00:00 +01:00
5701,FR,STA-FR04018,NO2,39.75,µg/m3,2013-02-15 15:00:00 +01:00
5702,FR,STA-FR04018,NO2,93.0,µg/m3,2013-02-16 11:00:00 +01:00
5703,FR,STA-FR04018,NO2,85.25,µg/m3,2013-02-16 01:00:00 +01:00
5704,FR,STA-FR04018,NO2,94.5,µg/m3,2013-02-15 22:00:00 +01:00
5705,FR,STA-FR04018,NO2,80.5,µg/m3,2013-02-16 10:00:00 +01:00
5706,FR,STA-FR04018,NO2,37.25,µg/m3,2013-02-13 22:00:00 +01:00
5707,FR,STA-FR04018,NO2,28.5,µg/m3,2013-02-14 01:00:00 +01:00
5708,FR,STA-FR04018,NO2,45.25,µg/m3,2013-02-14 06:00:00 +01:00
5709,FR,STA-FR04018,NO2,46.0,µg/m3,2013-02-13 15:00:00 +01:00
5710,FR,STA-FR04018,NO2,53.5,µg/m3,2013-02-13 16:00:00 +01:00
5711,FR,STA-FR04018,NO2,35.5,µg/m3,2013-02-13 23:00:00 +01:00
5712,FR,STA-FR04018,NO2,37.75,µg/m3,2013-02-13 08:00:00 +01:00
5714,FR,STA-FR04018,NO2,30.25,µg/m3,2013-02-13 01:00:00 +01:00
5715,FR,STA-FR04018,NO2,35.75,µg/m3,2013-02-13 09:00:00 +01:00
5716,FR,STA-FR04018,NO2,37.5,µg/m3,2013-02-13 11:00:00 +01:00
5717,FR,STA-FR04018,NO2,33.75,µg/m3,2013-02-13 10:00:00 +01:00
5718,FR,STA-FR04018,NO2,39.25,µg/m3,2013-02-12 12:00:00 +01:00
5719,FR,STA-FR04018,NO2,37.25,µg/m3,2013-02-12 23:00:00 +01:00
5720,FR,STA-FR04018,NO2,32.0,µg/m3,2013-02-13 04:00:00 +01:00
5721,FR,STA-FR04018,NO2,40.5,µg/m3,2013-02-13 07:00:00 +01:00
5722,FR,STA-FR04018,NO2,45.0,µg/m3,2013-02-12 19:00:00 +01:00
5723,FR,STA-FR04018,NO2,41.25,µg/m3,2013-02-12 17:00:00 +01:00
5724,FR,STA-FR04018,NO2,23.75,µg/m3,2013-02-11 23:00:00 +01:00
5725,FR,STA-FR04018,NO2,39.0,µg/m3,2013-02-12 15:00:00 +01:00
5726,FR,STA-FR04018,NO2,43.25,µg/m3,2013-02-12 08:00:00 +01:00
5727,FR,STA-FR04018,NO2,44.0,µg/m3,2013-02-12 10:00:00 +01:00
5728,FR,STA-FR04018,NO2,44.5,µg/m3,2013-02-12 21:00:00 +01:00
5729,FR,STA-FR04018,NO2,64.75,µg/m3,2013-02-15 09:00:00 +01:00
5730,FR,STA-FR04018,NO2,62.25,µg/m3,2013-02-15 06:00:00 +01:00
5731,FR,STA-FR04018,NO2,65.75,µg/m3,2013-02-15 08:00:00 +01:00
5732,FR,STA-FR04018,NO2,75.75,µg/m3,2013-02-14 23:00:00 +01:00
5733,FR,STA-FR04018,NO2,58.0,µg/m3,2013-02-15 01:00:00 +01:00
5734,FR,STA-FR04018,NO2,60.0,µg/m3,2013-02-13 19:00:00 +01:00
5735,FR,STA-FR04018,NO2,45.25,µg/m3,2013-02-15 04:00:00 +01:00
5736,FR,STA-FR04018,NO2,66.5,µg/m3,2013-02-15 07:00:00 +01:00
5737,FR,STA-FR04018,NO2,30.25,µg/m3,2013-02-15 13:00:00 +01:00
5738,FR,STA-FR04018,NO2,56.75,µg/m3,2013-02-15 10:00:00 +01:00
5739,FR,STA-FR04018,NO2,43.75,µg/m3,2013-02-15 16:00:00 +01:00
5740,FR,STA-FR04018,NO2,47.75,µg/m3,2013-02-13 21:00:00 +01:00
5741,FR,STA-FR04018,NO2,33.25,µg/m3,2013-02-14 00:00:00 +01:00
5742,FR,STA-FR04018,NO2,55.0,µg/m3,2013-02-14 11:00:00 +01:00
5743,FR,STA-FR04018,NO2,81.25,µg/m3,2013-02-14 21:00:00 +01:00
5744,FR,STA-FR04018,NO2,129.25,µg/m3,2013-02-14 19:00:00 +01:00
5745,FR,STA-FR04018,NO2,36.5,µg/m3,2013-02-14 05:00:00 +01:00
5746,FR,STA-FR04018,NO2,55.25,µg/m3,2013-02-14 10:00:00 +01:00
5747,FR,STA-FR04018,NO2,44.5,µg/m3,2013-02-13 14:00:00 +01:00
5748,FR,STA-FR04018,NO2,26.5,µg/m3,2013-02-14 02:00:00 +01:00
5749,FR,STA-FR04018,NO2,36.0,µg/m3,2013-02-24 20:00:00 +01:00
5750,FR,STA-FR04018,NO2,23.0,µg/m3,2013-02-24 11:00:00 +01:00
5751,FR,STA-FR04018,NO2,29.5,µg/m3,2013-02-24 23:00:00 +01:00
5752,FR,STA-FR04018,NO2,27.5,µg/m3,2013-02-24 16:00:00 +01:00
5753,FR,STA-FR04018,NO2,22.25,µg/m3,2013-02-24 10:00:00 +01:00
5754,FR,STA-FR04018,NO2,41.75,µg/m3,2013-02-24 19:00:00 +01:00
5755,FR,STA-FR04018,NO2,31.0,µg/m3,2013-02-24 22:00:00 +01:00
5756,FR,STA-FR04018,NO2,24.75,µg/m3,2013-02-24 15:00:00 +01:00
5757,FR,STA-FR04018,NO2,25.0,µg/m3,2013-02-24 03:00:00 +01:00
5758,FR,STA-FR04018,NO2,30.25,µg/m3,2013-02-24 07:00:00 +01:00
5759,FR,STA-FR04018,NO2,28.75,µg/m3,2013-02-23 09:00:00 +01:00
5760,FR,STA-FR04018,NO2,29.25,µg/m3,2013-02-23 16:00:00 +01:00
5761,FR,STA-FR04018,NO2,37.5,µg/m3,2013-02-23 08:00:00 +01:00
5762,FR,STA-FR04018,NO2,43.5,µg/m3,2013-02-23 18:00:00 +01:00
5763,FR,STA-FR04018,NO2,27.75,µg/m3,2013-02-23 10:00:00 +01:00
5764,FR,STA-FR04018,NO2,39.5,µg/m3,2013-02-23 20:00:00 +01:00
5765,FR,STA-FR04018,NO2,29.25,µg/m3,2013-02-23 14:00:00 +01:00
5766,FR,STA-FR04018,NO2,34.25,µg/m3,2013-02-24 00:00:00 +01:00
5767,FR,STA-FR04018,NO2,22.5,µg/m3,2013-02-24 05:00:00 +01:00
5768,FR,STA-FR04018,NO2,36.0,µg/m3,2013-02-23 23:00:00 +01:00
5769,FR,STA-FR04018,NO2,27.25,µg/m3,2013-02-23 15:00:00 +01:00
5770,FR,STA-FR04018,NO2,38.5,µg/m3,2013-02-23 22:00:00 +01:00
5771,FR,STA-FR04018,NO2,36.5,µg/m3,2013-02-23 19:00:00 +01:00
5772,FR,STA-FR04018,NO2,24.5,µg/m3,2013-02-25 03:00:00 +01:00
5773,FR,STA-FR04018,NO2,25.25,µg/m3,2013-02-25 02:00:00 +01:00
5774,FR,STA-FR04018,NO2,24.0,µg/m3,2013-02-24 09:00:00 +01:00
5775,FR,STA-FR04018,NO2,51.5,µg/m3,2013-02-25 07:00:00 +01:00
5776,FR,STA-FR04018,NO2,43.0,µg/m3,2013-02-25 06:00:00 +01:00
5777,FR,STA-FR04018,NO2,28.75,µg/m3,2013-02-25 00:00:00 +01:00
5778,FR,STA-FR04018,NO2,62.5,µg/m3,2013-02-25 20:00:00 +01:00
5779,FR,STA-FR04018,NO2,56.75,µg/m3,2013-02-25 22:00:00 +01:00
5780,FR,STA-FR04018,NO2,60.25,µg/m3,2013-02-25 18:00:00 +01:00
5781,FR,STA-FR04018,NO2,51.75,µg/m3,2013-02-25 16:00:00 +01:00
5783,FR,STA-FR04018,NO2,48.75,µg/m3,2013-02-25 10:00:00 +01:00
5784,FR,STA-FR04018,NO2,46.25,µg/m3,2013-02-26 03:00:00 +01:00
5785,FR,STA-FR04018,NO2,57.25,µg/m3,2013-02-26 18:00:00 +01:00
5786,FR,STA-FR04018,NO2,58.75,µg/m3,2013-02-26 19:00:00 +01:00
5787,FR,STA-FR04018,NO2,54.5,µg/m3,2013-02-25 23:00:00 +01:00
5788,FR,STA-FR04018,NO2,43.25,µg/m3,2013-02-26 16:00:00 +01:00
5789,FR,STA-FR04018,NO2,35.75,µg/m3,2013-02-26 15:00:00 +01:00
5790,FR,STA-FR04018,NO2,45.75,µg/m3,2013-02-26 06:00:00 +01:00
5791,FR,STA-FR04018,NO2,31.75,µg/m3,2013-02-26 11:00:00 +01:00
5792,FR,STA-FR04018,NO2,53.25,µg/m3,2013-02-26 01:00:00 +01:00
5793,FR,STA-FR04018,NO2,40.5,µg/m3,2013-02-25 14:00:00 +01:00
5794,FR,STA-FR04018,NO2,37.25,µg/m3,2013-02-26 09:00:00 +01:00
5795,FR,STA-FR04018,NO2,43.5,µg/m3,2013-02-25 15:00:00 +01:00
5796,FR,STA-FR04018,NO2,30.5,µg/m3,2013-02-26 12:00:00 +01:00
5797,FR,STA-FR04018,NO2,32.25,µg/m3,2013-02-26 10:00:00 +01:00
5798,FR,STA-FR04018,NO2,79.25,µg/m3,2013-02-20 00:00:00 +01:00
5799,FR,STA-FR04018,NO2,82.75,µg/m3,2013-02-19 21:00:00 +01:00
5800,FR,STA-FR04018,NO2,84.0,µg/m3,2013-02-19 22:00:00 +01:00
5801,FR,STA-FR04018,NO2,55.0,µg/m3,2013-02-19 17:00:00 +01:00
5802,FR,STA-FR04018,NO2,74.5,µg/m3,2013-02-20 01:00:00 +01:00
5803,FR,STA-FR04018,NO2,86.5,µg/m3,2013-02-19 20:00:00 +01:00
5804,FR,STA-FR04018,NO2,96.75,µg/m3,2013-02-19 19:00:00 +01:00
5805,FR,STA-FR04018,NO2,37.5,µg/m3,2013-02-20 11:00:00 +01:00
5806,FR,STA-FR04018,NO2,33.0,µg/m3,2013-02-20 12:00:00 +01:00
5807,FR,STA-FR04018,NO2,66.0,µg/m3,2013-02-20 07:00:00 +01:00
5808,FR,STA-FR04018,NO2,64.5,µg/m3,2013-02-20 04:00:00 +01:00
5809,FR,STA-FR04018,NO2,32.0,µg/m3,2013-02-20 13:00:00 +01:00
5810,FR,STA-FR04018,NO2,35.5,µg/m3,2013-02-20 16:00:00 +01:00
5811,FR,STA-FR04018,NO2,59.75,µg/m3,2013-02-20 20:00:00 +01:00
5812,FR,STA-FR04018,NO2,34.0,µg/m3,2013-02-21 00:00:00 +01:00
5813,FR,STA-FR04018,NO2,41.5,µg/m3,2013-02-20 17:00:00 +01:00
5814,FR,STA-FR04018,NO2,38.75,µg/m3,2013-02-20 23:00:00 +01:00
5815,FR,STA-FR04018,NO2,37.75,µg/m3,2013-02-21 02:00:00 +01:00
5816,FR,STA-FR04018,NO2,63.25,µg/m3,2013-02-19 05:00:00 +01:00
5817,FR,STA-FR04018,NO2,47.5,µg/m3,2013-02-20 22:00:00 +01:00
5818,FR,STA-FR04018,NO2,86.5,µg/m3,2013-02-19 07:00:00 +01:00
5819,FR,STA-FR04018,NO2,42.0,µg/m3,2013-02-21 09:00:00 +01:00
5820,FR,STA-FR04018,NO2,65.0,µg/m3,2013-02-19 03:00:00 +01:00
5821,FR,STA-FR04018,NO2,37.25,µg/m3,2013-02-21 03:00:00 +01:00
5822,FR,STA-FR04018,NO2,65.5,µg/m3,2013-02-19 15:00:00 +01:00
5823,FR,STA-FR04018,NO2,31.5,µg/m3,2013-02-21 18:00:00 +01:00
5824,FR,STA-FR04018,NO2,29.5,µg/m3,2013-02-21 20:00:00 +01:00
5825,FR,STA-FR04018,NO2,21.5,µg/m3,2013-02-21 14:00:00 +01:00
5826,FR,STA-FR04018,NO2,37.75,µg/m3,2013-02-22 01:00:00 +01:00
5827,FR,STA-FR04018,NO2,58.25,µg/m3,2013-02-19 16:00:00 +01:00
5828,FR,STA-FR04018,NO2,61.0,µg/m3,2013-02-21 06:00:00 +01:00
5829,FR,STA-FR04018,NO2,41.75,µg/m3,2013-02-22 10:00:00 +01:00
5830,FR,STA-FR04018,NO2,33.75,µg/m3,2013-02-22 02:00:00 +01:00
5831,FR,STA-FR04018,NO2,24.5,µg/m3,2013-02-21 11:00:00 +01:00
5832,FR,STA-FR04018,NO2,30.75,µg/m3,2013-02-21 21:00:00 +01:00
5833,FR,STA-FR04018,NO2,25.0,µg/m3,2013-02-21 16:00:00 +01:00
5834,FR,STA-FR04018,NO2,49.0,µg/m3,2013-02-22 08:00:00 +01:00
5835,FR,STA-FR04018,NO2,30.75,µg/m3,2013-02-22 03:00:00 +01:00
5836,FR,STA-FR04018,NO2,21.5,µg/m3,2013-02-21 12:00:00 +01:00
5837,FR,STA-FR04018,NO2,21.75,µg/m3,2013-02-22 12:00:00 +01:00
5838,FR,STA-FR04018,NO2,35.75,µg/m3,2013-02-21 23:00:00 +01:00
5839,FR,STA-FR04018,NO2,39.25,µg/m3,2013-02-22 21:00:00 +01:00
5840,FR,STA-FR04018,NO2,39.0,µg/m3,2013-02-22 17:00:00 +01:00
5841,FR,STA-FR04018,NO2,29.5,µg/m3,2013-02-22 14:00:00 +01:00
5842,FR,STA-FR04018,NO2,28.75,µg/m3,2013-02-23 00:00:00 +01:00
5843,FR,STA-FR04018,NO2,30.75,µg/m3,2013-02-22 15:00:00 +01:00
5844,FR,STA-FR04018,NO2,25.0,µg/m3,2013-02-23 02:00:00 +01:00
5845,FR,STA-FR04018,NO2,26.0,µg/m3,2013-02-23 04:00:00 +01:00
5846,FR,STA-FR04018,NO2,32.25,µg/m3,2013-02-22 22:00:00 +01:00
5847,FR,STA-FR04018,NO2,39.0,µg/m3,2013-02-23 07:00:00 +01:00
5848,FR,STA-FR04018,NO2,39.5,µg/m3,2013-02-22 20:00:00 +01:00
5849,FR,STA-FR04018,NO2,23.5,µg/m3,2013-01-28 22:00:00 +01:00
5850,FR,STA-FR04018,NO2,19.75,µg/m3,2013-01-29 00:00:00 +01:00
5851,FR,STA-FR04018,NO2,19.75,µg/m3,2013-01-28 23:00:00 +01:00
5852,FR,STA-FR04018,NO2,51.5,µg/m3,2013-01-28 18:00:00 +01:00
5853,FR,STA-FR04018,NO2,28.75,µg/m3,2013-01-28 21:00:00 +01:00
5854,FR,STA-FR04018,NO2,52.75,µg/m3,2013-01-28 17:00:00 +01:00
5855,FR,STA-FR04018,NO2,52.5,µg/m3,2013-01-28 15:00:00 +01:00
5856,FR,STA-FR04018,NO2,52.25,µg/m3,2013-01-28 11:00:00 +01:00
5857,FR,STA-FR04018,NO2,41.25,µg/m3,2013-01-28 14:00:00 +01:00
5858,FR,STA-FR04018,NO2,49.25,µg/m3,2013-01-29 08:00:00 +01:00
5859,FR,STA-FR04018,NO2,19.75,µg/m3,2013-01-29 05:00:00 +01:00
5860,FR,STA-FR04018,NO2,18.5,µg/m3,2013-01-29 01:00:00 +01:00
5861,FR,STA-FR04018,NO2,44.5,µg/m3,2013-01-29 10:00:00 +01:00
5862,FR,STA-FR04018,NO2,45.0,µg/m3,2013-01-29 09:00:00 +01:00
5863,FR,STA-FR04018,NO2,39.75,µg/m3,2013-01-29 13:00:00 +01:00
5864,FR,STA-FR04018,NO2,38.25,µg/m3,2013-01-29 11:00:00 +01:00
5865,FR,STA-FR04018,NO2,41.75,µg/m3,2013-01-29 14:00:00 +01:00
5866,FR,STA-FR04018,NO2,43.0,µg/m3,2013-01-29 18:00:00 +01:00
5867,FR,STA-FR04018,NO2,34.75,µg/m3,2013-01-29 21:00:00 +01:00
5868,FR,STA-FR04018,NO2,47.75,µg/m3,2013-01-29 16:00:00 +01:00
5869,FR,STA-FR04018,NO2,17.0,µg/m3,2013-01-30 05:00:00 +01:00
5870,FR,STA-FR04018,NO2,43.75,µg/m3,2013-01-30 07:00:00 +01:00
5871,FR,STA-FR04018,NO2,25.25,µg/m3,2013-01-29 23:00:00 +01:00
5872,FR,STA-FR04018,NO2,19.25,µg/m3,2013-01-30 01:00:00 +01:00
5873,FR,STA-FR04018,NO2,44.0,µg/m3,2013-01-30 09:00:00 +01:00
5874,FR,STA-FR04018,NO2,48.25,µg/m3,2013-01-30 08:00:00 +01:00
5875,FR,STA-FR04018,NO2,29.5,µg/m3,2013-01-30 06:00:00 +01:00
5877,FR,STA-FR04018,NO2,31.5,µg/m3,2013-01-30 13:00:00 +01:00
5878,FR,STA-FR04018,NO2,43.75,µg/m3,2013-01-30 10:00:00 +01:00
5879,FR,STA-FR04018,NO2,27.0,µg/m3,2013-01-30 14:00:00 +01:00
5880,FR,STA-FR04018,NO2,19.25,µg/m3,2013-01-31 00:00:00 +01:00
5881,FR,STA-FR04018,NO2,25.5,µg/m3,2013-01-30 23:00:00 +01:00
5882,FR,STA-FR04018,NO2,25.75,µg/m3,2013-01-30 22:00:00 +01:00
5883,FR,STA-FR04018,NO2,37.75,µg/m3,2013-01-30 19:00:00 +01:00
5884,FR,STA-FR04018,NO2,35.5,µg/m3,2013-01-30 20:00:00 +01:00
5885,FR,STA-FR04018,NO2,29.25,µg/m3,2013-01-30 21:00:00 +01:00
5886,FR,STA-FR04018,NO2,27.0,µg/m3,2013-01-31 03:00:00 +01:00
5887,FR,STA-FR04018,NO2,17.75,µg/m3,2013-01-31 01:00:00 +01:00
5888,FR,STA-FR04018,NO2,49.25,µg/m3,2013-01-31 20:00:00 +01:00
5889,FR,STA-FR04018,NO2,54.75,µg/m3,2013-01-31 19:00:00 +01:00
5890,FR,STA-FR04018,NO2,45.0,µg/m3,2013-01-31 21:00:00 +01:00
5891,FR,STA-FR04018,NO2,47.5,µg/m3,2013-01-31 23:00:00 +01:00
5892,FR,STA-FR04018,NO2,34.0,µg/m3,2013-02-01 01:00:00 +01:00
5893,FR,STA-FR04018,NO2,27.5,µg/m3,2013-02-01 02:00:00 +01:00
5894,FR,STA-FR04018,NO2,24.0,µg/m3,2013-01-31 04:00:00 +01:00
5895,FR,STA-FR04018,NO2,43.0,µg/m3,2013-01-31 05:00:00 +01:00
5896,FR,STA-FR04018,NO2,24.25,µg/m3,2013-01-31 02:00:00 +01:00
5897,FR,STA-FR04018,NO2,52.0,µg/m3,2013-01-31 09:00:00 +01:00
5898,FR,STA-FR04018,NO2,34.5,µg/m3,2013-01-31 15:00:00 +01:00
5899,FR,STA-FR04018,NO2,44.25,µg/m3,2013-01-31 17:00:00 +01:00
5900,FR,STA-FR04018,NO2,33.75,µg/m3,2013-01-31 16:00:00 +01:00
5901,FR,STA-FR04018,NO2,33.5,µg/m3,2013-01-31 12:00:00 +01:00
5902,FR,STA-FR04018,NO2,30.75,µg/m3,2013-02-02 03:00:00 +01:00
5903,FR,STA-FR04018,NO2,21.5,µg/m3,2013-02-02 10:00:00 +01:00
5904,FR,STA-FR04018,NO2,30.0,µg/m3,2013-02-02 02:00:00 +01:00
5905,FR,STA-FR04018,NO2,18.0,µg/m3,2013-02-02 15:00:00 +01:00
5906,FR,STA-FR04018,NO2,12.25,µg/m3,2013-02-02 14:00:00 +01:00
5907,FR,STA-FR04018,NO2,50.0,µg/m3,2013-02-02 08:00:00 +01:00
5908,FR,STA-FR04018,NO2,19.75,µg/m3,2013-02-02 11:00:00 +01:00
5909,FR,STA-FR04018,NO2,26.25,µg/m3,2013-02-02 21:00:00 +01:00
5910,FR,STA-FR04018,NO2,28.0,µg/m3,2013-02-02 18:00:00 +01:00
5911,FR,STA-FR04018,NO2,27.75,µg/m3,2013-02-02 20:00:00 +01:00
5912,FR,STA-FR04018,NO2,38.25,µg/m3,2013-02-01 05:00:00 +01:00
5913,FR,STA-FR04018,NO2,49.25,µg/m3,2013-02-01 06:00:00 +01:00
5914,FR,STA-FR04018,NO2,58.25,µg/m3,2013-02-01 09:00:00 +01:00
5915,FR,STA-FR04018,NO2,62.75,µg/m3,2013-02-01 11:00:00 +01:00
5916,FR,STA-FR04018,NO2,22.5,µg/m3,2013-02-01 22:00:00 +01:00
5917,FR,STA-FR04018,NO2,35.0,µg/m3,2013-02-01 18:00:00 +01:00
5918,FR,STA-FR04018,NO2,48.0,µg/m3,2013-02-01 15:00:00 +01:00
5919,FR,STA-FR04018,NO2,66.5,µg/m3,2013-02-01 14:00:00 +01:00
5920,FR,STA-FR04018,NO2,39.0,µg/m3,2013-02-03 21:00:00 +01:00
5921,FR,STA-FR04018,NO2,40.0,µg/m3,2013-02-03 20:00:00 +01:00
5922,FR,STA-FR04018,NO2,43.0,µg/m3,2013-02-03 19:00:00 +01:00
5923,FR,STA-FR04018,NO2,30.0,µg/m3,2013-02-03 14:00:00 +01:00
5924,FR,STA-FR04018,NO2,31.75,µg/m3,2013-02-03 15:00:00 +01:00
5925,FR,STA-FR04018,NO2,48.0,µg/m3,2013-02-03 10:00:00 +01:00
5926,FR,STA-FR04018,NO2,27.75,µg/m3,2013-02-03 13:00:00 +01:00
5927,FR,STA-FR04018,NO2,37.5,µg/m3,2013-02-02 09:00:00 +01:00
5928,FR,STA-FR04018,NO2,36.25,µg/m3,2013-02-03 11:00:00 +01:00
5929,FR,STA-FR04018,NO2,35.75,µg/m3,2013-02-02 05:00:00 +01:00
5930,FR,STA-FR04018,NO2,35.25,µg/m3,2013-02-04 16:00:00 +01:00
5931,FR,STA-FR04018,NO2,14.75,µg/m3,2013-02-04 02:00:00 +01:00
5932,FR,STA-FR04018,NO2,29.75,µg/m3,2013-02-03 12:00:00 +01:00
5933,FR,STA-FR04018,NO2,66.75,µg/m3,2013-02-04 08:00:00 +01:00
5934,FR,STA-FR04018,NO2,33.75,µg/m3,2013-02-04 17:00:00 +01:00
5935,FR,STA-FR04018,NO2,13.75,µg/m3,2013-02-04 04:00:00 +01:00
5936,FR,STA-FR04018,NO2,48.0,µg/m3,2013-02-04 06:00:00 +01:00
5937,FR,STA-FR04018,NO2,11.75,µg/m3,2013-02-05 01:00:00 +01:00
5938,FR,STA-FR04018,NO2,39.0,µg/m3,2013-02-10 14:00:00 +01:00
5939,FR,STA-FR04018,NO2,30.0,µg/m3,2013-02-10 09:00:00 +01:00
5940,FR,STA-FR04018,NO2,41.25,µg/m3,2013-02-10 19:00:00 +01:00
5941,FR,STA-FR04018,NO2,37.25,µg/m3,2013-02-10 16:00:00 +01:00
5942,FR,STA-FR04018,NO2,40.0,µg/m3,2013-02-10 18:00:00 +01:00
5943,FR,STA-FR04018,NO2,67.0,µg/m3,2013-02-11 06:00:00 +01:00
5944,FR,STA-FR04018,NO2,75.25,µg/m3,2013-02-11 09:00:00 +01:00
5945,FR,STA-FR04018,NO2,40.25,µg/m3,2013-02-10 21:00:00 +01:00
5946,FR,STA-FR04018,NO2,45.5,µg/m3,2013-02-11 00:00:00 +01:00
5947,FR,STA-FR04018,NO2,21.0,µg/m3,2013-02-12 00:00:00 +01:00
5948,FR,STA-FR04018,NO2,32.25,µg/m3,2013-02-12 06:00:00 +01:00
5949,FR,STA-FR04018,NO2,17.0,µg/m3,2013-02-12 02:00:00 +01:00
5950,FR,STA-FR04018,NO2,65.25,µg/m3,2013-02-11 19:00:00 +01:00
5951,FR,STA-FR04018,NO2,49.0,µg/m3,2013-02-11 12:00:00 +01:00
5952,FR,STA-FR04018,NO2,22.75,µg/m3,2013-02-11 03:00:00 +01:00
5953,FR,STA-FR04018,NO2,32.75,µg/m3,2013-02-11 21:00:00 +01:00
5954,FR,STA-FR04018,NO2,55.0,µg/m3,2013-02-11 18:00:00 +01:00
5955,FR,STA-FR04018,NO2,53.5,µg/m3,2013-02-11 17:00:00 +01:00
5956,FR,STA-FR04018,NO2,49.75,µg/m3,2013-02-11 15:00:00 +01:00
5957,FR,STA-FR04018,NO2,78.5,µg/m3,2013-02-11 10:00:00 +01:00
5958,FR,STA-FR04018,NO2,73.0,µg/m3,2013-02-11 08:00:00 +01:00
5959,FR,STA-FR04018,NO2,51.75,µg/m3,2013-02-11 13:00:00 +01:00
5960,FR,STA-FR04018,NO2,32.0,µg/m3,2013-02-10 07:00:00 +01:00
5961,FR,STA-FR04018,NO2,37.25,µg/m3,2013-02-10 05:00:00 +01:00
5962,FR,STA-FR04018,NO2,51.5,µg/m3,2013-02-10 02:00:00 +01:00
5963,FR,STA-FR04018,NO2,36.75,µg/m3,2013-02-10 12:00:00 +01:00
5964,FR,STA-FR04018,NO2,52.5,µg/m3,2013-02-10 01:00:00 +01:00
5965,FR,STA-FR04018,NO2,33.5,µg/m3,2013-02-09 10:00:00 +01:00
5966,FR,STA-FR04018,NO2,28.0,µg/m3,2013-02-09 11:00:00 +01:00
5967,FR,STA-FR04018,NO2,66.75,µg/m3,2013-02-09 08:00:00 +01:00
5968,FR,STA-FR04018,NO2,41.25,µg/m3,2013-02-10 03:00:00 +01:00
5969,FR,STA-FR04018,NO2,49.5,µg/m3,2013-02-09 09:00:00 +01:00
5970,FR,STA-FR04018,NO2,61.75,µg/m3,2013-02-09 07:00:00 +01:00
5971,FR,STA-FR04018,NO2,40.25,µg/m3,2013-02-09 01:00:00 +01:00
5972,FR,STA-FR04018,NO2,57.5,µg/m3,2013-02-09 05:00:00 +01:00
5973,FR,STA-FR04018,NO2,54.75,µg/m3,2013-02-09 04:00:00 +01:00
5974,FR,STA-FR04018,NO2,61.0,µg/m3,2013-02-08 19:00:00 +01:00
5975,FR,STA-FR04018,NO2,60.0,µg/m3,2013-02-09 06:00:00 +01:00
5976,FR,STA-FR04018,NO2,60.25,µg/m3,2013-02-08 22:00:00 +01:00
5977,FR,STA-FR04018,NO2,39.0,µg/m3,2013-02-09 00:00:00 +01:00
5978,FR,STA-FR04018,NO2,29.25,µg/m3,2013-02-08 14:00:00 +01:00
5979,FR,STA-FR04018,NO2,72.0,µg/m3,2013-02-08 09:00:00 +01:00
5980,FR,STA-FR04018,NO2,47.5,µg/m3,2013-02-08 00:00:00 +01:00
5981,FR,STA-FR04018,NO2,13.75,µg/m3,2013-02-06 02:00:00 +01:00
5982,FR,STA-FR04018,NO2,46.0,µg/m3,2013-02-05 19:00:00 +01:00
5983,FR,STA-FR04018,NO2,16.25,µg/m3,2013-02-06 01:00:00 +01:00
5984,FR,STA-FR04018,NO2,54.75,µg/m3,2013-02-06 10:00:00 +01:00
5985,FR,STA-FR04018,NO2,36.5,µg/m3,2013-02-05 22:00:00 +01:00
5986,FR,STA-FR04018,NO2,37.75,µg/m3,2013-02-06 18:00:00 +01:00
5987,FR,STA-FR04018,NO2,19.75,µg/m3,2013-02-06 12:00:00 +01:00
5988,FR,STA-FR04018,NO2,45.25,µg/m3,2013-02-05 20:00:00 +01:00
5989,FR,STA-FR04018,NO2,14.5,µg/m3,2013-02-07 01:00:00 +01:00
5990,FR,STA-FR04018,NO2,16.5,µg/m3,2013-02-05 00:00:00 +01:00
5991,FR,STA-FR04018,NO2,38.25,µg/m3,2013-02-05 08:00:00 +01:00
5992,FR,STA-FR04018,NO2,67.5,µg/m3,2013-02-04 10:00:00 +01:00
5993,FR,STA-FR04018,NO2,29.0,µg/m3,2013-02-04 22:00:00 +01:00
5994,FR,STA-FR04018,NO2,29.25,µg/m3,2013-02-05 06:00:00 +01:00
5995,FR,STA-FR04018,NO2,19.75,µg/m3,2013-02-04 23:00:00 +01:00
5996,FR,STA-FR04018,NO2,39.5,µg/m3,2013-02-05 11:00:00 +01:00
5997,FR,STA-FR04018,NO2,53.25,µg/m3,2013-02-05 09:00:00 +01:00
5998,FR,STA-FR04018,NO2,32.5,µg/m3,2013-02-05 16:00:00 +01:00
5999,FR,STA-FR04018,NO2,27.5,µg/m3,2013-02-05 13:00:00 +01:00
6000,FR,STA-FR04018,NO2,41.0,µg/m3,2013-02-08 02:00:00 +01:00
6001,FR,STA-FR04018,NO2,43.0,µg/m3,2013-02-08 04:00:00 +01:00
6002,FR,STA-FR04018,NO2,47.0,µg/m3,2013-02-07 22:00:00 +01:00
6003,FR,STA-FR04018,NO2,32.0,µg/m3,2013-02-07 16:00:00 +01:00
6004,FR,STA-FR04018,NO2,56.25,µg/m3,2013-02-07 09:00:00 +01:00
6005,FR,STA-FR04018,NO2,70.25,µg/m3,2013-02-07 08:00:00 +01:00
6006,FR,STA-FR04018,NO2,27.5,µg/m3,2013-02-07 13:00:00 +01:00
6007,FR,STA-FR04018,NO2,54.5,µg/m3,2013-02-08 10:00:00 +01:00
6008,FR,STA-FR04018,NO2,54.0,µg/m3,2013-02-07 20:00:00 +01:00
6009,FR,STA-FR04018,NO2,37.5,µg/m3,2013-02-08 11:00:00 +01:00
6010,FR,STA-FR04018,NO2,57.0,µg/m3,2013-02-08 06:00:00 +01:00
6011,FR,STA-FR04018,NO2,11.0,µg/m3,2013-02-06 03:00:00 +01:00
6012,FR,STA-FR04018,NO2,23.25,µg/m3,2013-02-06 15:00:00 +01:00
6013,FR,STA-FR04018,NO2,28.0,µg/m3,2013-02-06 21:00:00 +01:00
6014,FR,STA-FR04018,NO2,11.75,µg/m3,2013-02-07 03:00:00 +01:00
6015,FR,STA-FR04018,NO2,63.75,µg/m3,2013-02-07 10:00:00 +01:00
6016,FR,STA-FR04018,NO2,59.0,µg/m3,2013-02-06 07:00:00 +01:00
6017,FR,STA-FR04018,NO2,24.25,µg/m3,2013-02-07 05:00:00 +01:00
6018,FR,STA-FR04018,NO2,67.0,µg/m3,2013-02-07 19:00:00 +01:00
6019,FR,STA-FR04018,NO2,40.0,µg/m3,2013-04-08 23:00:00 +01:00
6020,FR,STA-FR04018,NO2,73.0,µg/m3,2013-04-09 07:00:00 +01:00
6021,FR,STA-FR04018,NO2,35.5,µg/m3,2013-04-09 00:00:00 +01:00
6022,FR,STA-FR04018,NO2,22.75,µg/m3,2013-04-09 02:00:00 +01:00
6023,FR,STA-FR04018,NO2,55.5,µg/m3,2013-04-08 22:00:00 +01:00
6024,FR,STA-FR04018,NO2,53.75,µg/m3,2013-04-08 19:00:00 +01:00
6025,FR,STA-FR04018,NO2,23.75,µg/m3,2013-04-09 03:00:00 +01:00
6027,FR,STA-FR04018,NO2,37.0,µg/m3,2013-04-08 17:00:00 +01:00
6028,FR,STA-FR04018,NO2,33.0,µg/m3,2013-04-07 20:00:00 +01:00
6029,FR,STA-FR04018,NO2,46.25,µg/m3,2013-04-06 23:00:00 +01:00
6030,FR,STA-FR04018,NO2,17.25,µg/m3,2013-04-07 15:00:00 +01:00
6031,FR,STA-FR04018,NO2,32.0,µg/m3,2013-04-07 02:00:00 +01:00
6032,FR,STA-FR04018,NO2,32.5,µg/m3,2013-04-06 19:00:00 +01:00
6033,FR,STA-FR04018,NO2,36.0,µg/m3,2013-04-06 21:00:00 +01:00
6034,FR,STA-FR04018,NO2,19.75,µg/m3,2013-04-07 17:00:00 +01:00
6035,FR,STA-FR04018,NO2,44.0,µg/m3,2013-04-07 06:00:00 +01:00
6036,FR,STA-FR04018,NO2,38.75,µg/m3,2013-04-07 22:00:00 +01:00
6037,FR,STA-FR04018,NO2,82.5,µg/m3,2013-04-08 07:00:00 +01:00
6038,FR,STA-FR04018,NO2,13.5,µg/m3,2013-04-07 12:00:00 +01:00
6039,FR,STA-FR04018,NO2,28.25,µg/m3,2013-04-08 03:00:00 +01:00
6040,FR,STA-FR04018,NO2,35.5,µg/m3,2013-04-07 09:00:00 +01:00
6041,FR,STA-FR04018,NO2,63.0,µg/m3,2013-04-08 05:00:00 +01:00
6042,FR,STA-FR04018,NO2,85.5,µg/m3,2013-04-08 08:00:00 +01:00
6043,FR,STA-FR04018,NO2,30.25,µg/m3,2013-04-07 19:00:00 +01:00
6044,FR,STA-FR04018,NO2,53.6667,µg/m3,2013-04-08 11:00:00 +01:00
6045,FR,STA-FR04018,NO2,59.25,µg/m3,2013-04-08 10:00:00 +01:00
6046,FR,STA-FR04018,NO2,29.0,µg/m3,2013-04-09 01:00:00 +01:00
6047,FR,STA-FR04018,NO2,57.75,µg/m3,2013-04-08 21:00:00 +01:00
6048,FR,STA-FR04018,NO2,35.5,µg/m3,2013-04-08 00:00:00 +01:00
6049,FR,STA-FR04018,NO2,48.75,µg/m3,2013-04-08 20:00:00 +01:00
6050,FR,STA-FR04018,NO2,81.5,µg/m3,2013-04-08 06:00:00 +01:00
6051,FR,STA-FR04018,NO2,41.75,µg/m3,2013-04-08 16:00:00 +01:00
6052,FR,STA-FR04018,NO2,56.5,µg/m3,2013-04-08 18:00:00 +01:00
6053,FR,STA-FR04018,NO2,20.25,µg/m3,2013-04-04 02:00:00 +01:00
6054,FR,STA-FR04018,NO2,26.25,µg/m3,2013-04-03 14:00:00 +01:00
6055,FR,STA-FR04018,NO2,67.0,µg/m3,2013-04-04 06:00:00 +01:00
6056,FR,STA-FR04018,NO2,55.5,µg/m3,2013-04-04 08:00:00 +01:00
6057,FR,STA-FR04018,NO2,27.5,µg/m3,2013-04-04 03:00:00 +01:00
6058,FR,STA-FR04018,NO2,24.0,µg/m3,2013-04-04 01:00:00 +01:00
6059,FR,STA-FR04018,NO2,25.0,µg/m3,2013-04-03 15:00:00 +01:00
6060,FR,STA-FR04018,NO2,22.75,µg/m3,2013-04-03 13:00:00 +01:00
6061,FR,STA-FR04018,NO2,62.75,µg/m3,2013-04-03 08:00:00 +01:00
6062,FR,STA-FR04018,NO2,59.75,µg/m3,2013-04-03 05:00:00 +01:00
6063,FR,STA-FR04018,NO2,22.25,µg/m3,2013-04-03 12:00:00 +01:00
6064,FR,STA-FR04018,NO2,31.25,µg/m3,2013-04-03 01:00:00 +01:00
6065,FR,STA-FR04018,NO2,26.25,µg/m3,2013-04-04 23:00:00 +01:00
6066,FR,STA-FR04018,NO2,32.25,µg/m3,2013-04-04 19:00:00 +01:00
6067,FR,STA-FR04018,NO2,26.75,µg/m3,2013-04-04 22:00:00 +01:00
6068,FR,STA-FR04018,NO2,35.25,µg/m3,2013-04-04 13:00:00 +01:00
6069,FR,STA-FR04018,NO2,47.25,µg/m3,2013-04-05 05:00:00 +01:00
6070,FR,STA-FR04018,NO2,31.0,µg/m3,2013-04-04 16:00:00 +01:00
6071,FR,STA-FR04018,NO2,40.5,µg/m3,2013-04-04 18:00:00 +01:00
6072,FR,STA-FR04018,NO2,32.5,µg/m3,2013-04-04 10:00:00 +01:00
6073,FR,STA-FR04018,NO2,20.75,µg/m3,2013-04-06 13:00:00 +01:00
6074,FR,STA-FR04018,NO2,22.0,µg/m3,2013-04-06 12:00:00 +01:00
6075,FR,STA-FR04018,NO2,23.0,µg/m3,2013-04-06 09:00:00 +01:00
6076,FR,STA-FR04018,NO2,39.5,µg/m3,2013-04-05 17:00:00 +01:00
6077,FR,STA-FR04018,NO2,24.75,µg/m3,2013-04-06 05:00:00 +01:00
6078,FR,STA-FR04018,NO2,32.75,µg/m3,2013-04-07 03:00:00 +01:00
6079,FR,STA-FR04018,NO2,22.5,µg/m3,2013-04-06 15:00:00 +01:00
6080,FR,STA-FR04018,NO2,22.5,µg/m3,2013-04-06 03:00:00 +01:00
6081,FR,STA-FR04018,NO2,28.25,µg/m3,2013-04-06 07:00:00 +01:00
6082,FR,STA-FR04018,NO2,32.75,µg/m3,2013-04-05 16:00:00 +01:00
6083,FR,STA-FR04018,NO2,31.25,µg/m3,2013-04-05 10:00:00 +01:00
6084,FR,STA-FR04018,NO2,23.75,µg/m3,2013-04-05 13:00:00 +01:00
6085,FR,STA-FR04018,NO2,23.25,µg/m3,2013-04-06 02:00:00 +01:00
6086,FR,STA-FR04018,NO2,27.25,µg/m3,2013-04-05 14:00:00 +01:00
6087,FR,STA-FR04018,NO2,67.5,µg/m3,2013-04-05 07:00:00 +01:00
6088,FR,STA-FR04018,NO2,43.5,µg/m3,2013-04-05 18:00:00 +01:00
6089,FR,STA-FR04018,NO2,37.5,µg/m3,2013-04-01 06:00:00 +01:00
6090,FR,STA-FR04018,NO2,34.5,µg/m3,2013-04-01 07:00:00 +01:00
6091,FR,STA-FR04018,NO2,12.0,µg/m3,2013-04-01 12:00:00 +01:00
6092,FR,STA-FR04018,NO2,11.0,µg/m3,2013-04-01 13:00:00 +01:00
6093,FR,STA-FR04018,NO2,26.5,µg/m3,2013-03-31 18:00:00 +01:00
6094,FR,STA-FR04018,NO2,20.25,µg/m3,2013-03-31 14:00:00 +01:00
6095,FR,STA-FR04018,NO2,22.0,µg/m3,2013-03-31 17:00:00 +01:00
6096,FR,STA-FR04018,NO2,20.5,µg/m3,2013-04-01 08:00:00 +01:00
6097,FR,STA-FR04018,NO2,51.5,µg/m3,2013-03-31 23:00:00 +01:00
6098,FR,STA-FR04018,NO2,18.0,µg/m3,2013-03-31 15:00:00 +01:00
6099,FR,STA-FR04018,NO2,28.0,µg/m3,2013-03-30 22:00:00 +01:00
6100,FR,STA-FR04018,NO2,34.5,µg/m3,2013-03-31 00:00:00 +01:00
6101,FR,STA-FR04018,NO2,16.75,µg/m3,2013-03-31 16:00:00 +01:00
6102,FR,STA-FR04018,NO2,20.75,µg/m3,2013-03-31 11:00:00 +01:00
6103,FR,STA-FR04018,NO2,25.25,µg/m3,2013-03-31 10:00:00 +01:00
6104,FR,STA-FR04018,NO2,28.25,µg/m3,2013-03-30 18:00:00 +01:00
6105,FR,STA-FR04018,NO2,24.5,µg/m3,2013-03-31 08:00:00 +01:00
6106,FR,STA-FR04018,NO2,20.75,µg/m3,2013-03-30 15:00:00 +01:00
6107,FR,STA-FR04018,NO2,29.75,µg/m3,2013-03-31 07:00:00 +01:00
6108,FR,STA-FR04018,NO2,32.25,µg/m3,2013-03-30 20:00:00 +01:00
6109,FR,STA-FR04018,NO2,21.25,µg/m3,2013-03-31 09:00:00 +01:00
6110,FR,STA-FR04018,NO2,37.25,µg/m3,2013-04-02 22:00:00 +01:00
6111,FR,STA-FR04018,NO2,30.25,µg/m3,2013-04-03 03:00:00 +01:00
6112,FR,STA-FR04018,NO2,63.25,µg/m3,2013-04-03 07:00:00 +01:00
6113,FR,STA-FR04018,NO2,37.0,µg/m3,2013-04-03 04:00:00 +01:00
6114,FR,STA-FR04018,NO2,25.75,µg/m3,2013-04-02 10:00:00 +01:00
6115,FR,STA-FR04018,NO2,38.75,µg/m3,2013-04-02 19:00:00 +01:00
6116,FR,STA-FR04018,NO2,36.5,µg/m3,2013-04-02 20:00:00 +01:00
6117,FR,STA-FR04018,NO2,32.75,µg/m3,2013-04-02 18:00:00 +01:00
6118,FR,STA-FR04018,NO2,36.0,µg/m3,2013-04-02 21:00:00 +01:00
6119,FR,STA-FR04018,NO2,19.25,µg/m3,2013-04-02 16:00:00 +01:00
6120,FR,STA-FR04018,NO2,24.5,µg/m3,2013-04-02 17:00:00 +01:00
6121,FR,STA-FR04018,NO2,34.0,µg/m3,2013-04-03 00:00:00 +01:00
6122,FR,STA-FR04018,NO2,34.75,µg/m3,2013-04-02 23:00:00 +01:00
6123,FR,STA-FR04018,NO2,27.25,µg/m3,2013-04-03 02:00:00 +01:00
6124,FR,STA-FR04018,NO2,12.0,µg/m3,2013-04-01 11:00:00 +01:00
6125,FR,STA-FR04018,NO2,23.75,µg/m3,2013-04-01 22:00:00 +01:00
6126,FR,STA-FR04018,NO2,36.5,µg/m3,2013-04-01 19:00:00 +01:00
6127,FR,STA-FR04018,NO2,14.0,µg/m3,2013-04-01 16:00:00 +01:00
6128,FR,STA-FR04018,NO2,33.75,µg/m3,2013-04-01 21:00:00 +01:00
6129,FR,STA-FR04018,NO2,41.5,µg/m3,2013-04-01 20:00:00 +01:00
6130,FR,STA-FR04018,NO2,83.0,µg/m3,2013-04-02 06:00:00 +01:00
6131,FR,STA-FR04018,NO2,24.25,µg/m3,2013-04-02 11:00:00 +01:00
6132,FR,STA-FR04018,NO2,83.0,µg/m3,2013-04-02 07:00:00 +01:00
6133,FR,STA-FR04018,NO2,25.75,µg/m3,2013-03-28 12:00:00 +01:00
6134,FR,STA-FR04018,NO2,38.5,µg/m3,2013-03-28 04:00:00 +01:00
6135,FR,STA-FR04018,NO2,36.5,µg/m3,2013-03-28 02:00:00 +01:00
6137,FR,STA-FR04018,NO2,29.25,µg/m3,2013-03-28 23:00:00 +01:00
6138,FR,STA-FR04018,NO2,47.5,µg/m3,2013-03-28 18:00:00 +01:00
6139,FR,STA-FR04018,NO2,29.0,µg/m3,2013-03-29 02:00:00 +01:00
6140,FR,STA-FR04018,NO2,52.0,µg/m3,2013-03-28 06:00:00 +01:00
6141,FR,STA-FR04018,NO2,28.25,µg/m3,2013-03-28 13:00:00 +01:00
6142,FR,STA-FR04018,NO2,55.25,µg/m3,2013-03-28 07:00:00 +01:00
6143,FR,STA-FR04018,NO2,57.5,µg/m3,2013-03-28 19:00:00 +01:00
6144,FR,STA-FR04018,NO2,27.25,µg/m3,2013-03-27 05:00:00 +01:00
6145,FR,STA-FR04018,NO2,22.25,µg/m3,2013-03-27 03:00:00 +01:00
6146,FR,STA-FR04018,NO2,29.0,µg/m3,2013-03-27 10:00:00 +01:00
6147,FR,STA-FR04018,NO2,22.25,µg/m3,2013-03-27 12:00:00 +01:00
6148,FR,STA-FR04018,NO2,31.5,µg/m3,2013-03-26 17:00:00 +01:00
6149,FR,STA-FR04018,NO2,34.25,µg/m3,2013-03-26 20:00:00 +01:00
6150,FR,STA-FR04018,NO2,27.0,µg/m3,2013-03-27 00:00:00 +01:00
6151,FR,STA-FR04018,NO2,22.5,µg/m3,2013-03-27 02:00:00 +01:00
6152,FR,STA-FR04018,NO2,24.75,µg/m3,2013-03-27 11:00:00 +01:00
6153,FR,STA-FR04018,NO2,25.0,µg/m3,2013-03-27 01:00:00 +01:00
6154,FR,STA-FR04018,NO2,37.25,µg/m3,2013-03-27 20:00:00 +01:00
6155,FR,STA-FR04018,NO2,26.25,µg/m3,2013-03-27 16:00:00 +01:00
6156,FR,STA-FR04018,NO2,39.0,µg/m3,2013-03-27 21:00:00 +01:00
6157,FR,STA-FR04018,NO2,28.5,µg/m3,2013-03-27 17:00:00 +01:00
6158,FR,STA-FR04018,NO2,74.5,µg/m3,2013-03-29 06:00:00 +01:00
6159,FR,STA-FR04018,NO2,40.0,µg/m3,2013-03-28 22:00:00 +01:00
6160,FR,STA-FR04018,NO2,22.75,µg/m3,2013-03-29 01:00:00 +01:00
6161,FR,STA-FR04018,NO2,46.0,µg/m3,2013-03-29 05:00:00 +01:00
6162,FR,STA-FR04018,NO2,28.75,µg/m3,2013-03-29 14:00:00 +01:00
6163,FR,STA-FR04018,NO2,68.25,µg/m3,2013-03-28 08:00:00 +01:00
6164,FR,STA-FR04018,NO2,35.25,µg/m3,2013-03-29 15:00:00 +01:00
6165,FR,STA-FR04018,NO2,32.75,µg/m3,2013-03-29 13:00:00 +01:00
6166,FR,STA-FR04018,NO2,31.5,µg/m3,2013-03-29 17:00:00 +01:00
6167,FR,STA-FR04018,NO2,38.25,µg/m3,2013-03-29 18:00:00 +01:00
6168,FR,STA-FR04018,NO2,42.5,µg/m3,2013-03-29 21:00:00 +01:00
6169,FR,STA-FR04018,NO2,31.5,µg/m3,2013-03-29 16:00:00 +01:00
6170,FR,STA-FR04018,NO2,28.5,µg/m3,2013-03-30 08:00:00 +01:00
6171,FR,STA-FR04018,NO2,23.75,µg/m3,2013-03-30 13:00:00 +01:00
6172,FR,STA-FR04018,NO2,24.25,µg/m3,2013-03-30 17:00:00 +01:00
6173,FR,STA-FR04018,NO2,27.75,µg/m3,2013-03-30 07:00:00 +01:00
6174,FR,STA-FR04018,NO2,49.75,µg/m3,2013-03-29 22:00:00 +01:00
6175,FR,STA-FR04018,NO2,26.0,µg/m3,2013-03-30 06:00:00 +01:00
6176,FR,STA-FR04018,NO2,24.75,µg/m3,2013-03-30 03:00:00 +01:00
6177,FR,STA-FR04018,NO2,38.75,µg/m3,2013-03-29 23:00:00 +01:00
6178,FR,STA-FR04018,NO2,34.0,µg/m3,2013-03-26 10:00:00 +01:00
6179,FR,STA-FR04018,NO2,21.0,µg/m3,2013-03-26 01:00:00 +01:00
6180,FR,STA-FR04018,NO2,49.5,µg/m3,2013-03-25 22:00:00 +01:00
6181,FR,STA-FR04018,NO2,24.25,µg/m3,2013-03-25 00:00:00 +01:00
6182,FR,STA-FR04018,NO2,43.0,µg/m3,2013-03-25 21:00:00 +01:00
6183,FR,STA-FR04018,NO2,47.0,µg/m3,2013-03-25 20:00:00 +01:00
6184,FR,STA-FR04018,NO2,27.5,µg/m3,2013-03-25 15:00:00 +01:00
6185,FR,STA-FR04018,NO2,27.0,µg/m3,2013-03-24 21:00:00 +01:00
6186,FR,STA-FR04018,NO2,31.5,µg/m3,2013-03-24 19:00:00 +01:00
6187,FR,STA-FR04018,NO2,25.25,µg/m3,2013-03-25 16:00:00 +01:00
6188,FR,STA-FR04018,NO2,27.75,µg/m3,2013-03-25 17:00:00 +01:00
6189,FR,STA-FR04018,NO2,26.0,µg/m3,2013-03-25 14:00:00 +01:00
6190,FR,STA-FR04018,NO2,40.75,µg/m3,2013-03-26 07:00:00 +01:00
6191,FR,STA-FR04018,NO2,29.5,µg/m3,2013-03-26 12:00:00 +01:00
6192,FR,STA-FR04018,NO2,26.25,µg/m3,2013-03-26 05:00:00 +01:00
6193,FR,STA-FR04018,NO2,30.25,µg/m3,2013-03-26 11:00:00 +01:00
6194,FR,STA-FR04018,NO2,26.5,µg/m3,2013-03-26 00:00:00 +01:00
6195,FR,STA-FR04018,NO2,23.75,µg/m3,2013-03-24 23:00:00 +01:00
6196,FR,STA-FR04018,NO2,41.0,µg/m3,2013-03-25 23:00:00 +01:00
6197,FR,STA-FR04018,NO2,25.75,µg/m3,2013-03-26 13:00:00 +01:00
6198,FR,STA-FR04018,NO2,17.5,µg/m3,2013-03-26 02:00:00 +01:00
6199,FR,STA-FR04018,NO2,34.75,µg/m3,2013-03-26 06:00:00 +01:00
6200,FR,STA-FR04018,NO2,39.0,µg/m3,2013-03-26 08:00:00 +01:00
6201,FR,STA-FR04018,NO2,26.5,µg/m3,2013-03-26 23:00:00 +01:00
6202,FR,STA-FR04018,NO2,30.25,µg/m3,2013-03-26 15:00:00 +01:00
6203,FR,STA-FR04018,NO2,27.75,µg/m3,2013-03-26 22:00:00 +01:00
6204,FR,STA-FR04018,NO2,31.5,µg/m3,2013-03-26 16:00:00 +01:00
6205,FR,STA-FR04018,NO2,34.75,µg/m3,2013-03-26 19:00:00 +01:00
6206,FR,STA-FR04018,NO2,26.5,µg/m3,2013-03-26 14:00:00 +01:00
6207,FR,STA-FR04018,NO2,31.5,µg/m3,2013-03-26 18:00:00 +01:00
6208,FR,STA-FR04018,NO2,29.0,µg/m3,2013-03-26 21:00:00 +01:00
6209,FR,STA-FR04018,NO2,34.5,µg/m3,2013-03-23 19:00:00 +01:00
6210,FR,STA-FR04018,NO2,15.25,µg/m3,2013-03-24 03:00:00 +01:00
6211,FR,STA-FR04018,NO2,18.75,µg/m3,2013-03-24 01:00:00 +01:00
6212,FR,STA-FR04018,NO2,23.25,µg/m3,2013-03-24 09:00:00 +01:00
6213,FR,STA-FR04018,NO2,19.0,µg/m3,2013-03-24 06:00:00 +01:00
6214,FR,STA-FR04018,NO2,26.75,µg/m3,2013-03-24 08:00:00 +01:00
6215,FR,STA-FR04018,NO2,26.0,µg/m3,2013-03-23 23:00:00 +01:00
6216,FR,STA-FR04018,NO2,28.75,µg/m3,2013-03-23 11:00:00 +01:00
6217,FR,STA-FR04018,NO2,30.0,µg/m3,2013-03-23 17:00:00 +01:00
6218,FR,STA-FR04018,NO2,39.5,µg/m3,2013-03-22 21:00:00 +01:00
6219,FR,STA-FR04018,NO2,23.5,µg/m3,2013-03-25 04:00:00 +01:00
6220,FR,STA-FR04018,NO2,19.5,µg/m3,2013-03-25 03:00:00 +01:00
6221,FR,STA-FR04018,NO2,22.5,µg/m3,2013-03-25 01:00:00 +01:00
6222,FR,STA-FR04018,NO2,23.0,µg/m3,2013-03-25 13:00:00 +01:00
6223,FR,STA-FR04018,NO2,24.0,µg/m3,2013-03-24 17:00:00 +01:00
6224,FR,STA-FR04018,NO2,25.5,µg/m3,2013-03-23 22:00:00 +01:00
6225,FR,STA-FR04018,NO2,32.5,µg/m3,2013-03-23 20:00:00 +01:00
6226,FR,STA-FR04018,NO2,23.25,µg/m3,2013-03-24 13:00:00 +01:00
6227,FR,STA-FR04018,NO2,22.5,µg/m3,2013-03-24 10:00:00 +01:00
6228,FR,STA-FR04018,NO2,17.0,µg/m3,2013-03-24 15:00:00 +01:00
6229,FR,STA-FR04018,NO2,24.5,µg/m3,2013-03-24 11:00:00 +01:00
6230,FR,STA-FR04018,NO2,22.5,µg/m3,2013-03-23 04:00:00 +01:00
6231,FR,STA-FR04018,NO2,28.25,µg/m3,2013-03-23 06:00:00 +01:00
6232,FR,STA-FR04018,NO2,32.0,µg/m3,2013-03-23 14:00:00 +01:00
6233,FR,STA-FR04018,NO2,39.0,µg/m3,2013-03-23 08:00:00 +01:00
6234,FR,STA-FR04018,NO2,23.25,µg/m3,2013-03-23 05:00:00 +01:00
6235,FR,STA-FR04018,NO2,31.0,µg/m3,2013-03-23 02:00:00 +01:00
6236,FR,STA-FR04018,NO2,21.5,µg/m3,2013-03-23 03:00:00 +01:00
6237,FR,STA-FR04018,NO2,39.0,µg/m3,2013-03-22 20:00:00 +01:00
6238,FR,STA-FR04018,NO2,36.5,µg/m3,2013-03-22 22:00:00 +01:00
6239,FR,STA-FR04018,NO2,37.25,µg/m3,2013-03-21 22:00:00 +01:00
6240,FR,STA-FR04018,NO2,35.0,µg/m3,2013-03-22 17:00:00 +01:00
6241,FR,STA-FR04018,NO2,51.5,µg/m3,2013-03-22 06:00:00 +01:00
6242,FR,STA-FR04018,NO2,49.0,µg/m3,2013-03-21 21:00:00 +01:00
6243,FR,STA-FR04018,NO2,66.75,µg/m3,2013-03-22 07:00:00 +01:00
6244,FR,STA-FR04018,NO2,18.5,µg/m3,2013-03-22 03:00:00 +01:00
6245,FR,STA-FR04018,NO2,58.75,µg/m3,2013-03-22 08:00:00 +01:00
6246,FR,STA-FR04018,NO2,52.75,µg/m3,2013-03-22 09:00:00 +01:00
6247,FR,STA-FR04018,NO2,41.0,µg/m3,2013-03-21 13:00:00 +01:00
6248,FR,STA-FR04018,NO2,47.25,µg/m3,2013-03-21 18:00:00 +01:00
6249,FR,STA-FR04018,NO2,82.0,µg/m3,2013-03-20 23:00:00 +01:00
6250,FR,STA-FR04018,NO2,20.0,µg/m3,2013-03-22 02:00:00 +01:00
6251,FR,STA-FR04018,NO2,30.5,µg/m3,2013-03-20 02:00:00 +01:00
6252,FR,STA-FR04018,NO2,37.25,µg/m3,2013-03-19 12:00:00 +01:00
6253,FR,STA-FR04018,NO2,42.75,µg/m3,2013-03-20 00:00:00 +01:00
6254,FR,STA-FR04018,NO2,83.5,µg/m3,2013-03-19 20:00:00 +01:00
6255,FR,STA-FR04018,NO2,20.5,µg/m3,2013-03-19 02:00:00 +01:00
6256,FR,STA-FR04018,NO2,55.75,µg/m3,2013-03-20 07:00:00 +01:00
6257,FR,STA-FR04018,NO2,19.5,µg/m3,2013-03-20 04:00:00 +01:00
6258,FR,STA-FR04018,NO2,51.0,µg/m3,2013-03-20 09:00:00 +01:00
6259,FR,STA-FR04018,NO2,38.75,µg/m3,2013-03-19 13:00:00 +01:00
6260,FR,STA-FR04018,NO2,72.5,µg/m3,2013-03-19 18:00:00 +01:00
6261,FR,STA-FR04018,NO2,55.5,µg/m3,2013-03-20 08:00:00 +01:00
6262,FR,STA-FR04018,NO2,41.25,µg/m3,2013-03-20 10:00:00 +01:00
6263,FR,STA-FR04018,NO2,44.75,µg/m3,2013-03-20 16:00:00 +01:00
6264,FR,STA-FR04018,NO2,34.5,µg/m3,2013-03-20 12:00:00 +01:00
6265,FR,STA-FR04018,NO2,37.75,µg/m3,2013-03-20 13:00:00 +01:00
6266,FR,STA-FR04018,NO2,34.25,µg/m3,2013-03-20 17:00:00 +01:00
6267,FR,STA-FR04018,NO2,42.75,µg/m3,2013-03-21 17:00:00 +01:00
6268,FR,STA-FR04018,NO2,46.0,µg/m3,2013-03-21 12:00:00 +01:00
6269,FR,STA-FR04018,NO2,77.0,µg/m3,2013-03-20 21:00:00 +01:00
6270,FR,STA-FR04018,NO2,43.0,µg/m3,2013-03-20 18:00:00 +01:00
6271,FR,STA-FR04018,NO2,63.25,µg/m3,2013-03-21 03:00:00 +01:00
6272,FR,STA-FR04018,NO2,60.75,µg/m3,2013-03-21 05:00:00 +01:00
6273,FR,STA-FR04018,NO2,57.0,µg/m3,2013-03-21 06:00:00 +01:00
6274,FR,STA-FR04018,NO2,80.25,µg/m3,2013-03-20 22:00:00 +01:00
6275,FR,STA-FR04018,NO2,35.75,µg/m3,2013-03-15 17:00:00 +01:00
6276,FR,STA-FR04018,NO2,47.0,µg/m3,2013-03-15 10:00:00 +01:00
6277,FR,STA-FR04018,NO2,31.25,µg/m3,2013-03-16 06:00:00 +01:00
6278,FR,STA-FR04018,NO2,36.0,µg/m3,2013-03-16 10:00:00 +01:00
6279,FR,STA-FR04018,NO2,40.75,µg/m3,2013-03-15 18:00:00 +01:00
6280,FR,STA-FR04018,NO2,30.5,µg/m3,2013-03-16 02:00:00 +01:00
6281,FR,STA-FR04018,NO2,26.25,µg/m3,2013-03-16 04:00:00 +01:00
6282,FR,STA-FR04018,NO2,33.75,µg/m3,2013-03-15 15:00:00 +01:00
6283,FR,STA-FR04018,NO2,33.0,µg/m3,2013-03-15 13:00:00 +01:00
6284,FR,STA-FR04018,NO2,101.5,µg/m3,2013-03-15 07:00:00 +01:00
6285,FR,STA-FR04018,NO2,81.0,µg/m3,2013-03-15 04:00:00 +01:00
6286,FR,STA-FR04018,NO2,77.75,µg/m3,2013-03-15 09:00:00 +01:00
6287,FR,STA-FR04018,NO2,70.5,µg/m3,2013-03-14 10:00:00 +01:00
6288,FR,STA-FR04018,NO2,72.75,µg/m3,2013-03-14 05:00:00 +01:00
6289,FR,STA-FR04018,NO2,18.25,µg/m3,2013-03-14 12:00:00 +01:00
6290,FR,STA-FR04018,NO2,71.25,µg/m3,2013-03-14 08:00:00 +01:00
6291,FR,STA-FR04018,NO2,35.25,µg/m3,2013-03-14 18:00:00 +01:00
6292,FR,STA-FR04018,NO2,54.25,µg/m3,2013-03-14 19:00:00 +01:00
6293,FR,STA-FR04018,NO2,23.5,µg/m3,2013-03-14 15:00:00 +01:00
6294,FR,STA-FR04018,NO2,64.25,µg/m3,2013-03-14 22:00:00 +01:00
6295,FR,STA-FR04018,NO2,69.75,µg/m3,2013-03-15 00:00:00 +01:00
6296,FR,STA-FR04018,NO2,24.25,µg/m3,2013-03-14 16:00:00 +01:00
6297,FR,STA-FR04018,NO2,53.0,µg/m3,2013-03-13 18:00:00 +01:00
6298,FR,STA-FR04018,NO2,70.0,µg/m3,2013-03-13 21:00:00 +01:00
6299,FR,STA-FR04018,NO2,70.0,µg/m3,2013-03-13 08:00:00 +01:00
6300,FR,STA-FR04018,NO2,60.75,µg/m3,2013-03-13 19:00:00 +01:00
6301,FR,STA-FR04018,NO2,64.25,µg/m3,2013-03-13 16:00:00 +01:00
6302,FR,STA-FR04018,NO2,69.25,µg/m3,2013-03-13 09:00:00 +01:00
6303,FR,STA-FR04018,NO2,51.0,µg/m3,2013-03-13 15:00:00 +01:00
6304,FR,STA-FR04018,NO2,79.25,µg/m3,2013-03-14 06:00:00 +01:00
6305,FR,STA-FR04018,NO2,46.25,µg/m3,2013-03-14 04:00:00 +01:00
6306,FR,STA-FR04018,NO2,48.5,µg/m3,2013-03-14 00:00:00 +01:00
6307,FR,STA-FR04018,NO2,34.0,µg/m3,2013-03-12 16:00:00 +01:00
6308,FR,STA-FR04018,NO2,62.75,µg/m3,2013-03-13 07:00:00 +01:00
6309,FR,STA-FR04018,NO2,31.25,µg/m3,2013-03-12 19:00:00 +01:00
6310,FR,STA-FR04018,NO2,47.75,µg/m3,2013-03-13 05:00:00 +01:00
6311,FR,STA-FR04018,NO2,29.25,µg/m3,2013-03-12 15:00:00 +01:00
6312,FR,STA-FR04018,NO2,30.25,µg/m3,2013-03-12 22:00:00 +01:00
6313,FR,STA-FR04018,NO2,29.0,µg/m3,2013-03-12 13:00:00 +01:00
6314,FR,STA-FR04018,NO2,26.0,µg/m3,2013-03-12 12:00:00 +01:00
6315,FR,STA-FR04018,NO2,33.75,µg/m3,2013-03-13 03:00:00 +01:00
6316,FR,STA-FR04018,NO2,32.0,µg/m3,2013-03-13 01:00:00 +01:00
6317,FR,STA-FR04018,NO2,33.0,µg/m3,2013-03-12 09:00:00 +01:00
6318,FR,STA-FR04018,NO2,32.25,µg/m3,2013-03-17 13:00:00 +01:00
6319,FR,STA-FR04018,NO2,32.75,µg/m3,2013-03-17 19:00:00 +01:00
6320,FR,STA-FR04018,NO2,42.75,µg/m3,2013-03-17 21:00:00 +01:00
6321,FR,STA-FR04018,NO2,31.5,µg/m3,2013-03-17 17:00:00 +01:00
6322,FR,STA-FR04018,NO2,44.75,µg/m3,2013-03-17 18:00:00 +01:00
6323,FR,STA-FR04018,NO2,34.0,µg/m3,2013-03-16 21:00:00 +01:00
6324,FR,STA-FR04018,NO2,38.75,µg/m3,2013-03-17 16:00:00 +01:00
6325,FR,STA-FR04018,NO2,24.75,µg/m3,2013-03-17 06:00:00 +01:00
6326,FR,STA-FR04018,NO2,19.0,µg/m3,2013-03-17 04:00:00 +01:00
6327,FR,STA-FR04018,NO2,35.25,µg/m3,2013-03-17 14:00:00 +01:00
6328,FR,STA-FR04018,NO2,18.0,µg/m3,2013-03-17 05:00:00 +01:00
6329,FR,STA-FR04018,NO2,26.0,µg/m3,2013-03-17 07:00:00 +01:00
6330,FR,STA-FR04018,NO2,39.75,µg/m3,2013-03-16 19:00:00 +01:00
6331,FR,STA-FR04018,NO2,34.25,µg/m3,2013-03-16 09:00:00 +01:00
6332,FR,STA-FR04018,NO2,26.0,µg/m3,2013-03-16 03:00:00 +01:00
6333,FR,STA-FR04018,NO2,42.25,µg/m3,2013-03-16 16:00:00 +01:00
6334,FR,STA-FR04018,NO2,57.5,µg/m3,2013-03-15 20:00:00 +01:00
6335,FR,STA-FR04018,NO2,52.5,µg/m3,2013-03-16 14:00:00 +01:00
6336,FR,STA-FR04018,NO2,32.25,µg/m3,2013-03-16 22:00:00 +01:00
6337,FR,STA-FR04018,NO2,41.25,µg/m3,2013-03-16 20:00:00 +01:00
6338,FR,STA-FR04018,NO2,43.25,µg/m3,2013-03-16 15:00:00 +01:00
6339,FR,STA-FR04018,NO2,49.25,µg/m3,2013-03-15 19:00:00 +01:00
6340,FR,STA-FR04018,NO2,30.5,µg/m3,2013-03-16 05:00:00 +01:00
6341,FR,STA-FR04018,NO2,35.5,µg/m3,2013-03-16 01:00:00 +01:00
6342,FR,STA-FR04018,NO2,41.25,µg/m3,2013-03-15 22:00:00 +01:00
6343,FR,STA-FR04018,NO2,41.5,µg/m3,2013-03-18 23:00:00 +01:00
6344,FR,STA-FR04018,NO2,43.25,µg/m3,2013-03-18 14:00:00 +01:00
6345,FR,STA-FR04018,NO2,63.25,µg/m3,2013-03-18 09:00:00 +01:00
6346,FR,STA-FR04018,NO2,47.0,µg/m3,2013-03-19 06:00:00 +01:00
6347,FR,STA-FR04018,NO2,37.25,µg/m3,2013-03-18 16:00:00 +01:00
6348,FR,STA-FR04018,NO2,89.0,µg/m3,2013-03-19 19:00:00 +01:00
6349,FR,STA-FR04018,NO2,60.75,µg/m3,2013-03-19 23:00:00 +01:00
6350,FR,STA-FR04018,NO2,65.25,µg/m3,2013-03-18 21:00:00 +01:00
6351,FR,STA-FR04018,NO2,46.5,µg/m3,2013-03-19 14:00:00 +01:00
6352,FR,STA-FR04018,NO2,16.0,µg/m3,2013-03-19 04:00:00 +01:00
6353,FR,STA-FR04018,NO2,59.75,µg/m3,2013-03-18 20:00:00 +01:00
6354,FR,STA-FR04018,NO2,47.5,µg/m3,2013-03-17 22:00:00 +01:00
6355,FR,STA-FR04018,NO2,58.5,µg/m3,2013-03-17 23:00:00 +01:00
6356,FR,STA-FR04018,NO2,38.0,µg/m3,2013-03-18 02:00:00 +01:00
6357,FR,STA-FR04018,NO2,18.5,µg/m3,2013-03-17 12:00:00 +01:00
6358,FR,STA-FR04018,NO2,33.25,µg/m3,2013-03-17 15:00:00 +01:00
6359,FR,STA-FR04018,NO2,63.5,µg/m3,2013-03-18 06:00:00 +01:00
6360,FR,STA-FR04018,NO2,38.0,µg/m3,2013-03-18 03:00:00 +01:00
6361,FR,STA-FR04018,NO2,54.5,µg/m3,2013-03-18 18:00:00 +01:00
6362,FR,STA-FR04018,NO2,39.5,µg/m3,2013-03-18 11:00:00 +01:00
6363,FR,STA-FR04018,NO2,43.5,µg/m3,2013-03-04 23:00:00 +01:00
6364,FR,STA-FR04018,NO2,93.5,µg/m3,2013-03-04 20:00:00 +01:00
6365,FR,STA-FR04018,NO2,86.5,µg/m3,2013-03-05 06:00:00 +01:00
6366,FR,STA-FR04018,NO2,80.0,µg/m3,2013-03-05 18:00:00 +01:00
6367,FR,STA-FR04018,NO2,64.75,µg/m3,2013-03-04 22:00:00 +01:00
6368,FR,STA-FR04018,NO2,53.5,µg/m3,2013-03-05 13:00:00 +01:00
6369,FR,STA-FR04018,NO2,42.25,µg/m3,2013-03-06 01:00:00 +01:00
6370,FR,STA-FR04018,NO2,71.25,µg/m3,2013-03-05 10:00:00 +01:00
6371,FR,STA-FR04018,NO2,89.5,µg/m3,2013-03-05 19:00:00 +01:00
6372,FR,STA-FR04018,NO2,60.0,µg/m3,2013-03-05 22:00:00 +01:00
6373,FR,STA-FR04018,NO2,53.0,µg/m3,2013-03-05 17:00:00 +01:00
6374,FR,STA-FR04018,NO2,36.5,µg/m3,2013-03-06 02:00:00 +01:00
6375,FR,STA-FR04018,NO2,54.5,µg/m3,2013-03-05 14:00:00 +01:00
6376,FR,STA-FR04018,NO2,87.75,µg/m3,2013-03-06 08:00:00 +01:00
6377,FR,STA-FR04018,NO2,52.25,µg/m3,2013-03-06 05:00:00 +01:00
6378,FR,STA-FR04018,NO2,80.75,µg/m3,2013-03-06 07:00:00 +01:00
6379,FR,STA-FR04018,NO2,93.5,µg/m3,2013-03-06 12:00:00 +01:00
6380,FR,STA-FR04018,NO2,80.5,µg/m3,2013-03-06 13:00:00 +01:00
6381,FR,STA-FR04018,NO2,62.0,µg/m3,2013-03-06 15:00:00 +01:00
6382,FR,STA-FR04018,NO2,79.5,µg/m3,2013-03-06 18:00:00 +01:00
6383,FR,STA-FR04018,NO2,78.5,µg/m3,2013-03-06 20:00:00 +01:00
6384,FR,STA-FR04018,NO2,53.25,µg/m3,2013-03-06 17:00:00 +01:00
6385,FR,STA-FR04018,NO2,45.0,µg/m3,2013-03-06 04:00:00 +01:00
6387,FR,STA-FR04018,NO2,81.5,µg/m3,2013-03-06 22:00:00 +01:00
6388,FR,STA-FR04018,NO2,49.6667,µg/m3,2013-03-07 05:00:00 +01:00
6389,FR,STA-FR04018,NO2,46.5,µg/m3,2013-03-07 02:00:00 +01:00
6390,FR,STA-FR04018,NO2,46.75,µg/m3,2013-03-07 03:00:00 +01:00
6391,FR,STA-FR04018,NO2,73.0,µg/m3,2013-03-07 09:00:00 +01:00
6392,FR,STA-FR04018,NO2,61.75,µg/m3,2013-03-07 10:00:00 +01:00
6394,FR,STA-FR04018,NO2,75.75,µg/m3,2013-03-07 19:00:00 +01:00
6395,FR,STA-FR04018,NO2,62.5,µg/m3,2013-03-07 17:00:00 +01:00
6396,FR,STA-FR04018,NO2,48.0,µg/m3,2013-03-07 14:00:00 +01:00
6397,FR,STA-FR04018,NO2,45.0,µg/m3,2013-03-08 05:00:00 +01:00
6398,FR,STA-FR04018,NO2,65.75,µg/m3,2013-03-08 08:00:00 +01:00
6399,FR,STA-FR04018,NO2,63.25,µg/m3,2013-03-08 07:00:00 +01:00
6400,FR,STA-FR04018,NO2,63.5,µg/m3,2013-03-08 10:00:00 +01:00
6401,FR,STA-FR04018,NO2,42.0,µg/m3,2013-03-08 03:00:00 +01:00
6402,FR,STA-FR04018,NO2,68.0,µg/m3,2013-03-08 09:00:00 +01:00
6403,FR,STA-FR04018,NO2,55.0,µg/m3,2013-03-08 12:00:00 +01:00
6404,FR,STA-FR04018,NO2,47.5,µg/m3,2013-03-08 14:00:00 +01:00
6405,FR,STA-FR04018,NO2,58.5,µg/m3,2013-03-08 11:00:00 +01:00
6406,FR,STA-FR04018,NO2,51.0,µg/m3,2013-03-08 15:00:00 +01:00
6407,FR,STA-FR04018,NO2,44.0,µg/m3,2013-03-08 16:00:00 +01:00
6408,FR,STA-FR04018,NO2,60.75,µg/m3,2013-03-08 00:00:00 +01:00
6409,FR,STA-FR04018,NO2,66.25,µg/m3,2013-03-07 23:00:00 +01:00
6410,FR,STA-FR04018,NO2,81.0,µg/m3,2013-03-07 21:00:00 +01:00
6411,FR,STA-FR04018,NO2,53.25,µg/m3,2013-03-08 02:00:00 +01:00
6412,FR,STA-FR04018,NO2,57.75,µg/m3,2013-03-08 01:00:00 +01:00
6413,FR,STA-FR04018,NO2,38.25,µg/m3,2013-03-09 09:00:00 +01:00
6414,FR,STA-FR04018,NO2,20.75,µg/m3,2013-03-09 12:00:00 +01:00
6415,FR,STA-FR04018,NO2,25.25,µg/m3,2013-03-09 11:00:00 +01:00
6416,FR,STA-FR04018,NO2,55.75,µg/m3,2013-03-09 08:00:00 +01:00
6417,FR,STA-FR04018,NO2,52.0,µg/m3,2013-03-09 07:00:00 +01:00
6418,FR,STA-FR04018,NO2,57.0,µg/m3,2013-03-09 06:00:00 +01:00
6420,FR,STA-FR04018,NO2,46.5,µg/m3,2013-03-08 18:00:00 +01:00
6425,FR,STA-FR04018,NO2,54.6667,µg/m3,2013-03-08 19:00:00 +01:00
6426,FR,STA-FR04018,NO2,16.0,µg/m3,2013-03-09 13:00:00 +01:00
6427,FR,STA-FR04018,NO2,88.25,µg/m3,2013-03-09 20:00:00 +01:00
6429,FR,STA-FR04018,NO2,114.25,µg/m3,2013-03-09 21:00:00 +01:00
6430,FR,STA-FR04018,NO2,69.0,µg/m3,2013-03-09 23:00:00 +01:00
6431,FR,STA-FR04018,NO2,96.5,µg/m3,2013-03-09 22:00:00 +01:00
6432,FR,STA-FR04018,NO2,67.0,µg/m3,2013-03-10 00:00:00 +01:00
6440,FR,STA-FR04018,NO2,39.25,µg/m3,2013-03-11 07:00:00 +01:00
6441,FR,STA-FR04018,NO2,32.25,µg/m3,2013-03-11 12:00:00 +01:00
6442,FR,STA-FR04018,NO2,33.25,µg/m3,2013-03-11 11:00:00 +01:00
6443,FR,STA-FR04018,NO2,40.5,µg/m3,2013-03-11 09:00:00 +01:00
6447,FR,STA-FR04018,NO2,25.5,µg/m3,2013-03-12 03:00:00 +01:00
6448,FR,STA-FR04018,NO2,31.75,µg/m3,2013-03-12 10:00:00 +01:00
6449,FR,STA-FR04018,NO2,34.0,µg/m3,2013-03-11 15:00:00 +01:00
6450,FR,STA-FR04018,NO2,52.5,µg/m3,2013-03-11 22:00:00 +01:00
6451,FR,STA-FR04018,NO2,27.75,µg/m3,2013-03-12 06:00:00 +01:00
6452,FR,STA-FR04018,NO2,49.75,µg/m3,2013-03-11 20:00:00 +01:00
6453,FR,STA-FR04018,NO2,24.5,µg/m3,2013-03-12 05:00:00 +01:00
6454,FR,STA-FR04018,NO2,24.25,µg/m3,2013-03-12 04:00:00 +01:00
6455,FR,STA-FR04018,NO2,25.75,µg/m3,2013-03-12 02:00:00 +01:00
6456,FR,STA-FR04018,NO2,40.0,µg/m3,2013-03-11 23:00:00 +01:00
6457,FR,STA-FR04018,NO2,44.0,µg/m3,2013-03-11 08:00:00 +01:00
6458,FR,STA-FR04018,NO2,42.25,µg/m3,2013-03-11 17:00:00 +01:00
6459,FR,STA-FR04018,NO2,37.5,µg/m3,2013-03-11 16:00:00 +01:00
6461,FR,STA-FR04018,NO2,31.25,µg/m3,2013-03-11 13:00:00 +01:00
6462,FR,STA-FR04018,NO2,32.75,µg/m3,2013-05-13 10:00:00 +01:00
6463,FR,STA-FR04018,NO2,8.5,µg/m3,2013-05-13 03:00:00 +01:00
6464,FR,STA-FR04018,NO2,7.25,µg/m3,2013-05-12 12:00:00 +01:00
6465,FR,STA-FR04018,NO2,9.75,µg/m3,2013-05-12 14:00:00 +01:00
6466,FR,STA-FR04018,NO2,12.5,µg/m3,2013-05-12 06:00:00 +01:00
6467,FR,STA-FR04018,NO2,16.25,µg/m3,2013-05-12 20:00:00 +01:00
6468,FR,STA-FR04018,NO2,18.25,µg/m3,2013-05-12 19:00:00 +01:00
6469,FR,STA-FR04018,NO2,16.5,µg/m3,2013-05-12 18:00:00 +01:00
6470,FR,STA-FR04018,NO2,18.0,µg/m3,2013-05-11 20:00:00 +01:00
6471,FR,STA-FR04018,NO2,32.0,µg/m3,2013-05-11 07:00:00 +01:00
6472,FR,STA-FR04018,NO2,11.25,µg/m3,2013-05-11 14:00:00 +01:00
6473,FR,STA-FR04018,NO2,18.25,µg/m3,2013-05-11 21:00:00 +01:00
6474,FR,STA-FR04018,NO2,8.0,µg/m3,2013-05-12 13:00:00 +01:00
6475,FR,STA-FR04018,NO2,12.5,µg/m3,2013-05-11 15:00:00 +01:00
6476,FR,STA-FR04018,NO2,11.75,µg/m3,2013-05-12 09:00:00 +01:00
6477,FR,STA-FR04018,NO2,12.75,µg/m3,2013-05-11 16:00:00 +01:00
6478,FR,STA-FR04018,NO2,11.0,µg/m3,2013-05-12 05:00:00 +01:00
6479,FR,STA-FR04018,NO2,9.75,µg/m3,2013-05-12 02:00:00 +01:00
6480,FR,STA-FR04018,NO2,41.5,µg/m3,2013-05-13 09:00:00 +01:00
6481,FR,STA-FR04018,NO2,21.25,µg/m3,2013-05-09 06:00:00 +01:00
6482,FR,STA-FR04018,NO2,5.25,µg/m3,2013-05-09 01:00:00 +01:00
6483,FR,STA-FR04018,NO2,13.75,µg/m3,2013-05-09 04:00:00 +01:00
6484,FR,STA-FR04018,NO2,22.75,µg/m3,2013-05-09 08:00:00 +01:00
6485,FR,STA-FR04018,NO2,20.0,µg/m3,2013-05-09 09:00:00 +01:00
6486,FR,STA-FR04018,NO2,20.75,µg/m3,2013-05-08 15:00:00 +01:00
6487,FR,STA-FR04018,NO2,28.5,µg/m3,2013-05-08 20:00:00 +01:00
6488,FR,STA-FR04018,NO2,15.0,µg/m3,2013-05-08 22:00:00 +01:00
6489,FR,STA-FR04018,NO2,12.5,µg/m3,2013-05-08 23:00:00 +01:00
6490,FR,STA-FR04018,NO2,33.0,µg/m3,2013-05-08 04:00:00 +01:00
6491,FR,STA-FR04018,NO2,35.0,µg/m3,2013-05-08 10:00:00 +01:00
6492,FR,STA-FR04018,NO2,25.25,µg/m3,2013-05-08 18:00:00 +01:00
6493,FR,STA-FR04018,NO2,23.0,µg/m3,2013-05-07 18:00:00 +01:00
6494,FR,STA-FR04018,NO2,56.75,µg/m3,2013-05-08 06:00:00 +01:00
6495,FR,STA-FR04018,NO2,41.5,µg/m3,2013-05-08 08:00:00 +01:00
6496,FR,STA-FR04018,NO2,31.75,µg/m3,2013-05-08 03:00:00 +01:00
6497,FR,STA-FR04018,NO2,20.5,µg/m3,2013-05-08 13:00:00 +01:00
6498,FR,STA-FR04018,NO2,73.75,µg/m3,2013-05-08 00:00:00 +01:00
6499,FR,STA-FR04018,NO2,66.0,µg/m3,2013-05-07 02:00:00 +01:00
6500,FR,STA-FR04018,NO2,28.0,µg/m3,2013-05-08 12:00:00 +01:00
6501,FR,STA-FR04018,NO2,117.75,µg/m3,2013-05-07 23:00:00 +01:00
6503,FR,STA-FR04018,NO2,75.25,µg/m3,2013-05-07 21:00:00 +01:00
6504,FR,STA-FR04018,NO2,22.0,µg/m3,2013-05-07 16:00:00 +01:00
6505,FR,STA-FR04018,NO2,25.0,µg/m3,2013-05-11 01:00:00 +01:00
6506,FR,STA-FR04018,NO2,29.25,µg/m3,2013-05-10 10:00:00 +01:00
6507,FR,STA-FR04018,NO2,32.25,µg/m3,2013-05-10 08:00:00 +01:00
6508,FR,STA-FR04018,NO2,34.25,µg/m3,2013-05-10 06:00:00 +01:00
6509,FR,STA-FR04018,NO2,30.25,µg/m3,2013-05-10 09:00:00 +01:00
6510,FR,STA-FR04018,NO2,19.75,µg/m3,2013-05-11 03:00:00 +01:00
6511,FR,STA-FR04018,NO2,26.0,µg/m3,2013-05-11 08:00:00 +01:00
6512,FR,STA-FR04018,NO2,21.5,µg/m3,2013-05-11 04:00:00 +01:00
6513,FR,STA-FR04018,NO2,29.0,µg/m3,2013-05-11 00:00:00 +01:00
6514,FR,STA-FR04018,NO2,16.5,µg/m3,2013-05-09 16:00:00 +01:00
6515,FR,STA-FR04018,NO2,20.75,µg/m3,2013-05-09 21:00:00 +01:00
6516,FR,STA-FR04018,NO2,23.75,µg/m3,2013-05-09 19:00:00 +01:00
6517,FR,STA-FR04018,NO2,11.0,µg/m3,2013-05-09 14:00:00 +01:00
6518,FR,STA-FR04018,NO2,22.5,µg/m3,2013-05-09 07:00:00 +01:00
6519,FR,STA-FR04018,NO2,18.0,µg/m3,2013-05-09 17:00:00 +01:00
6520,FR,STA-FR04018,NO2,10.5,µg/m3,2013-05-09 15:00:00 +01:00
6521,FR,STA-FR04018,NO2,23.0,µg/m3,2013-05-09 18:00:00 +01:00
6522,FR,STA-FR04018,NO2,13.5,µg/m3,2013-05-10 00:00:00 +01:00
6523,FR,STA-FR04018,NO2,20.5,µg/m3,2013-05-09 20:00:00 +01:00
6524,FR,STA-FR04018,NO2,32.5,µg/m3,2013-05-10 07:00:00 +01:00
6525,FR,STA-FR04018,NO2,14.0,µg/m3,2013-04-21 14:00:00 +01:00
6526,FR,STA-FR04018,NO2,38.5,µg/m3,2013-04-22 01:00:00 +01:00
6527,FR,STA-FR04018,NO2,29.75,µg/m3,2013-04-21 23:00:00 +01:00
6528,FR,STA-FR04018,NO2,17.75,µg/m3,2013-04-21 18:00:00 +01:00
6529,FR,STA-FR04018,NO2,14.75,µg/m3,2013-04-21 11:00:00 +01:00
6530,FR,STA-FR04018,NO2,13.0,µg/m3,2013-04-21 16:00:00 +01:00
6531,FR,STA-FR04018,NO2,23.5,µg/m3,2013-04-21 05:00:00 +01:00
6532,FR,STA-FR04018,NO2,13.0,µg/m3,2013-04-21 13:00:00 +01:00
6533,FR,STA-FR04018,NO2,20.0,µg/m3,2013-04-21 10:00:00 +01:00
6534,FR,STA-FR04018,NO2,13.5,µg/m3,2013-04-21 12:00:00 +01:00
6535,FR,STA-FR04018,NO2,12.0,µg/m3,2013-04-21 15:00:00 +01:00
6536,FR,STA-FR04018,NO2,27.0,µg/m3,2013-04-21 20:00:00 +01:00
6537,FR,STA-FR04018,NO2,24.5,µg/m3,2013-04-21 19:00:00 +01:00
6538,FR,STA-FR04018,NO2,21.75,µg/m3,2013-04-21 09:00:00 +01:00
6539,FR,STA-FR04018,NO2,90.5,µg/m3,2013-04-22 07:00:00 +01:00
6540,FR,STA-FR04018,NO2,22.5,µg/m3,2013-04-22 17:00:00 +01:00
6541,FR,STA-FR04018,NO2,35.25,µg/m3,2013-04-22 12:00:00 +01:00
6542,FR,STA-FR04018,NO2,22.25,µg/m3,2013-04-22 03:00:00 +01:00
6543,FR,STA-FR04018,NO2,65.0,µg/m3,2013-04-23 03:00:00 +01:00
6544,FR,STA-FR04018,NO2,93.25,µg/m3,2013-04-23 05:00:00 +01:00
6545,FR,STA-FR04018,NO2,12.75,µg/m3,2013-04-21 17:00:00 +01:00
6546,FR,STA-FR04018,NO2,65.75,µg/m3,2013-04-22 10:00:00 +01:00
6547,FR,STA-FR04018,NO2,23.75,µg/m3,2013-04-22 15:00:00 +01:00
6548,FR,STA-FR04018,NO2,40.25,µg/m3,2013-04-22 11:00:00 +01:00
6549,FR,STA-FR04018,NO2,18.75,µg/m3,2013-04-22 02:00:00 +01:00
6550,FR,STA-FR04018,NO2,19.5,µg/m3,2013-04-22 16:00:00 +01:00
6551,FR,STA-FR04018,NO2,23.25,µg/m3,2013-04-21 01:00:00 +01:00
6552,FR,STA-FR04018,NO2,24.75,µg/m3,2013-04-21 06:00:00 +01:00
6553,FR,STA-FR04018,NO2,25.25,µg/m3,2013-04-21 02:00:00 +01:00
6554,FR,STA-FR04018,NO2,26.25,µg/m3,2013-04-21 00:00:00 +01:00
6555,FR,STA-FR04018,NO2,27.0,µg/m3,2013-04-20 23:00:00 +01:00
6556,FR,STA-FR04018,NO2,23.25,µg/m3,2013-04-20 22:00:00 +01:00
6557,FR,STA-FR04018,NO2,11.25,µg/m3,2013-04-20 02:00:00 +01:00
6558,FR,STA-FR04018,NO2,15.0,µg/m3,2013-04-20 05:00:00 +01:00
6559,FR,STA-FR04018,NO2,15.75,µg/m3,2013-04-20 06:00:00 +01:00
6560,FR,STA-FR04018,NO2,26.25,µg/m3,2013-04-19 20:00:00 +01:00
6561,FR,STA-FR04018,NO2,12.5,µg/m3,2013-04-20 01:00:00 +01:00
6562,FR,STA-FR04018,NO2,11.25,µg/m3,2013-04-20 14:00:00 +01:00
6563,FR,STA-FR04018,NO2,12.75,µg/m3,2013-04-20 08:00:00 +01:00
6564,FR,STA-FR04018,NO2,15.0,µg/m3,2013-04-20 10:00:00 +01:00
6565,FR,STA-FR04018,NO2,23.75,µg/m3,2013-04-20 20:00:00 +01:00
6566,FR,STA-FR04018,NO2,26.75,µg/m3,2013-04-20 21:00:00 +01:00
6567,FR,STA-FR04018,NO2,14.75,µg/m3,2013-04-20 09:00:00 +01:00
6568,FR,STA-FR04018,NO2,26.75,µg/m3,2013-04-19 13:00:00 +01:00
6569,FR,STA-FR04018,NO2,26.5,µg/m3,2013-04-19 15:00:00 +01:00
6570,FR,STA-FR04018,NO2,21.0,µg/m3,2013-04-19 12:00:00 +01:00
6571,FR,STA-FR04018,NO2,47.0,µg/m3,2013-04-19 07:00:00 +01:00
6572,FR,STA-FR04018,NO2,20.75,µg/m3,2013-04-18 18:00:00 +01:00
6573,FR,STA-FR04018,NO2,13.75,µg/m3,2013-04-20 07:00:00 +01:00
6574,FR,STA-FR04018,NO2,31.5,µg/m3,2013-04-19 16:00:00 +01:00
6575,FR,STA-FR04018,NO2,29.5,µg/m3,2013-04-19 19:00:00 +01:00
6576,FR,STA-FR04018,NO2,41.5,µg/m3,2013-04-19 05:00:00 +01:00
6577,FR,STA-FR04018,NO2,18.25,µg/m3,2013-04-19 03:00:00 +01:00
6578,FR,STA-FR04018,NO2,22.75,µg/m3,2013-04-18 20:00:00 +01:00
6579,FR,STA-FR04018,NO2,18.75,µg/m3,2013-04-19 04:00:00 +01:00
6580,FR,STA-FR04018,NO2,15.25,µg/m3,2013-04-18 11:00:00 +01:00
6581,FR,STA-FR04018,NO2,16.5,µg/m3,2013-04-18 21:00:00 +01:00
6582,FR,STA-FR04018,NO2,32.0,µg/m3,2013-04-18 06:00:00 +01:00
6583,FR,STA-FR04018,NO2,19.25,µg/m3,2013-04-18 15:00:00 +01:00
6584,FR,STA-FR04018,NO2,25.75,µg/m3,2013-04-18 19:00:00 +01:00
6585,FR,STA-FR04018,NO2,34.5,µg/m3,2013-04-17 13:00:00 +01:00
6586,FR,STA-FR04018,NO2,46.25,µg/m3,2013-04-17 18:00:00 +01:00
6587,FR,STA-FR04018,NO2,33.25,µg/m3,2013-04-17 14:00:00 +01:00
6588,FR,STA-FR04018,NO2,26.75,µg/m3,2013-04-18 09:00:00 +01:00
6589,FR,STA-FR04018,NO2,15.5,µg/m3,2013-04-18 12:00:00 +01:00
6590,FR,STA-FR04018,NO2,30.25,µg/m3,2013-04-18 08:00:00 +01:00
6591,FR,STA-FR04018,NO2,74.0,µg/m3,2013-04-17 06:00:00 +01:00
6592,FR,STA-FR04018,NO2,19.75,µg/m3,2013-04-16 22:00:00 +01:00
6593,FR,STA-FR04018,NO2,72.25,µg/m3,2013-04-16 07:00:00 +01:00
6594,FR,STA-FR04018,NO2,16.75,µg/m3,2013-04-17 03:00:00 +01:00
6595,FR,STA-FR04018,NO2,71.75,µg/m3,2013-04-17 08:00:00 +01:00
6596,FR,STA-FR04018,NO2,27.25,µg/m3,2013-04-16 16:00:00 +01:00
6597,FR,STA-FR04018,NO2,50.75,µg/m3,2013-04-17 10:00:00 +01:00
6598,FR,STA-FR04018,NO2,32.0,µg/m3,2013-04-16 18:00:00 +01:00
6599,FR,STA-FR04018,NO2,15.75,µg/m3,2013-04-17 01:00:00 +01:00
6600,FR,STA-FR04018,NO2,40.25,µg/m3,2013-04-17 11:00:00 +01:00
6601,FR,STA-FR04018,NO2,34.75,µg/m3,2013-04-16 19:00:00 +01:00
6602,FR,STA-FR04018,NO2,35.75,µg/m3,2013-04-17 16:00:00 +01:00
6603,FR,STA-FR04018,NO2,38.0,µg/m3,2013-04-17 17:00:00 +01:00
6604,FR,STA-FR04018,NO2,65.25,µg/m3,2013-04-09 09:00:00 +01:00
6606,FR,STA-FR04018,NO2,60.6667,µg/m3,2013-04-09 12:00:00 +01:00
6607,FR,STA-FR04018,NO2,42.5,µg/m3,2013-04-09 22:00:00 +01:00
6608,FR,STA-FR04018,NO2,39.25,µg/m3,2013-04-09 04:00:00 +01:00
6609,FR,STA-FR04018,NO2,51.75,µg/m3,2013-04-09 19:00:00 +01:00
6610,FR,STA-FR04018,NO2,57.5,µg/m3,2013-04-09 15:00:00 +01:00
6611,FR,STA-FR04018,NO2,64.5,µg/m3,2013-04-09 20:00:00 +01:00
6612,FR,STA-FR04018,NO2,64.5,µg/m3,2013-04-09 21:00:00 +01:00
6613,FR,STA-FR04018,NO2,25.5,µg/m3,2013-04-09 23:00:00 +01:00
6614,FR,STA-FR04018,NO2,27.75,µg/m3,2013-04-10 05:00:00 +01:00
6615,FR,STA-FR04018,NO2,55.75,µg/m3,2013-04-10 07:00:00 +01:00
6616,FR,STA-FR04018,NO2,48.0,µg/m3,2013-04-10 10:00:00 +01:00
6617,FR,STA-FR04018,NO2,40.5,µg/m3,2013-04-10 14:00:00 +01:00
6618,FR,STA-FR04018,NO2,48.75,µg/m3,2013-04-10 08:00:00 +01:00
6619,FR,STA-FR04018,NO2,57.5,µg/m3,2013-04-10 16:00:00 +01:00
6620,FR,STA-FR04018,NO2,59.75,µg/m3,2013-04-10 17:00:00 +01:00
6621,FR,STA-FR04018,NO2,33.5,µg/m3,2013-04-10 13:00:00 +01:00
6622,FR,STA-FR04018,NO2,61.75,µg/m3,2013-04-10 19:00:00 +01:00
6623,FR,STA-FR04018,NO2,22.25,µg/m3,2013-04-10 22:00:00 +01:00
6624,FR,STA-FR04018,NO2,15.75,µg/m3,2013-04-11 00:00:00 +01:00
6625,FR,STA-FR04018,NO2,9.25,µg/m3,2013-04-11 02:00:00 +01:00
6626,FR,STA-FR04018,NO2,15.75,µg/m3,2013-04-13 03:00:00 +01:00
6627,FR,STA-FR04018,NO2,40.25,µg/m3,2013-04-12 22:00:00 +01:00
6628,FR,STA-FR04018,NO2,25.0,µg/m3,2013-04-12 12:00:00 +01:00
6629,FR,STA-FR04018,NO2,46.5,µg/m3,2013-04-12 21:00:00 +01:00
6630,FR,STA-FR04018,NO2,22.5,µg/m3,2013-04-12 13:00:00 +01:00
6631,FR,STA-FR04018,NO2,44.75,µg/m3,2013-04-12 17:00:00 +01:00
6632,FR,STA-FR04018,NO2,42.25,µg/m3,2013-04-12 19:00:00 +01:00
6633,FR,STA-FR04018,NO2,60.5,µg/m3,2013-04-12 18:00:00 +01:00
6634,FR,STA-FR04018,NO2,26.0,µg/m3,2013-04-12 14:00:00 +01:00
6635,FR,STA-FR04018,NO2,40.25,µg/m3,2013-04-12 10:00:00 +01:00
6636,FR,STA-FR04018,NO2,44.75,µg/m3,2013-04-12 09:00:00 +01:00
6637,FR,STA-FR04018,NO2,34.25,µg/m3,2013-04-12 05:00:00 +01:00
6638,FR,STA-FR04018,NO2,48.25,µg/m3,2013-04-11 12:00:00 +01:00
6639,FR,STA-FR04018,NO2,45.5,µg/m3,2013-04-10 12:00:00 +01:00
6640,FR,STA-FR04018,NO2,34.5,µg/m3,2013-04-11 22:00:00 +01:00
6641,FR,STA-FR04018,NO2,25.5,µg/m3,2013-04-11 23:00:00 +01:00
6642,FR,STA-FR04018,NO2,52.5,µg/m3,2013-04-11 15:00:00 +01:00
6643,FR,STA-FR04018,NO2,14.25,µg/m3,2013-04-12 02:00:00 +01:00
6644,FR,STA-FR04018,NO2,59.25,µg/m3,2013-04-11 19:00:00 +01:00
6645,FR,STA-FR04018,NO2,43.75,µg/m3,2013-04-11 20:00:00 +01:00
6646,FR,STA-FR04018,NO2,59.0,µg/m3,2013-04-11 16:00:00 +01:00
6647,FR,STA-FR04018,NO2,31.5,µg/m3,2013-04-11 11:00:00 +01:00
6648,FR,STA-FR04018,NO2,14.75,µg/m3,2013-04-11 04:00:00 +01:00
6649,FR,STA-FR04018,NO2,20.25,µg/m3,2013-04-14 15:00:00 +01:00
6650,FR,STA-FR04018,NO2,110.5,µg/m3,2013-04-14 20:00:00 +01:00
6651,FR,STA-FR04018,NO2,37.25,µg/m3,2013-04-13 23:00:00 +01:00
6652,FR,STA-FR04018,NO2,30.5,µg/m3,2013-04-14 08:00:00 +01:00
6653,FR,STA-FR04018,NO2,15.0,µg/m3,2013-04-14 12:00:00 +01:00
6654,FR,STA-FR04018,NO2,26.75,µg/m3,2013-04-14 10:00:00 +01:00
6655,FR,STA-FR04018,NO2,24.5,µg/m3,2013-04-14 02:00:00 +01:00
6656,FR,STA-FR04018,NO2,28.75,µg/m3,2013-04-14 07:00:00 +01:00
6657,FR,STA-FR04018,NO2,22.0,µg/m3,2013-04-14 05:00:00 +01:00
6658,FR,STA-FR04018,NO2,41.0,µg/m3,2013-04-13 17:00:00 +01:00
6659,FR,STA-FR04018,NO2,24.0,µg/m3,2013-04-13 14:00:00 +01:00
6660,FR,STA-FR04018,NO2,41.75,µg/m3,2013-04-13 21:00:00 +01:00
6661,FR,STA-FR04018,NO2,27.25,µg/m3,2013-04-13 13:00:00 +01:00
6662,FR,STA-FR04018,NO2,23.5,µg/m3,2013-04-14 04:00:00 +01:00
6663,FR,STA-FR04018,NO2,19.75,µg/m3,2013-04-13 01:00:00 +01:00
6664,FR,STA-FR04018,NO2,35.5,µg/m3,2013-04-13 08:00:00 +01:00
6665,FR,STA-FR04018,NO2,25.75,µg/m3,2013-04-13 11:00:00 +01:00
6666,FR,STA-FR04018,NO2,37.75,µg/m3,2013-04-13 05:00:00 +01:00
6667,FR,STA-FR04018,NO2,17.0,µg/m3,2013-04-13 02:00:00 +01:00
6668,FR,STA-FR04018,NO2,56.5,µg/m3,2013-04-16 06:00:00 +01:00
6669,FR,STA-FR04018,NO2,17.5,µg/m3,2013-04-16 03:00:00 +01:00
6670,FR,STA-FR04018,NO2,52.5,µg/m3,2013-04-16 09:00:00 +01:00
6671,FR,STA-FR04018,NO2,34.25,µg/m3,2013-04-16 11:00:00 +01:00
6672,FR,STA-FR04018,NO2,26.75,µg/m3,2013-04-15 17:00:00 +01:00
6673,FR,STA-FR04018,NO2,28.75,µg/m3,2013-04-16 13:00:00 +01:00
6674,FR,STA-FR04018,NO2,20.25,µg/m3,2013-04-16 01:00:00 +01:00
6675,FR,STA-FR04018,NO2,101.25,µg/m3,2013-04-14 22:00:00 +01:00
6676,FR,STA-FR04018,NO2,34.0,µg/m3,2013-04-14 17:00:00 +01:00
6677,FR,STA-FR04018,NO2,76.0,µg/m3,2013-04-15 08:00:00 +01:00
6678,FR,STA-FR04018,NO2,46.5,µg/m3,2013-04-15 11:00:00 +01:00
6679,FR,STA-FR04018,NO2,71.25,µg/m3,2013-04-15 10:00:00 +01:00
6680,FR,STA-FR04018,NO2,31.25,µg/m3,2013-04-15 14:00:00 +01:00
6681,FR,STA-FR04018,NO2,45.5,µg/m3,2013-04-13 20:00:00 +01:00
6682,FR,STA-FR04018,NO2,28.25,µg/m3,2013-04-15 16:00:00 +01:00
6683,FR,STA-FR04018,NO2,31.75,µg/m3,2013-04-15 18:00:00 +01:00
6684,FR,STA-FR04018,NO2,24.25,µg/m3,2013-04-16 00:00:00 +01:00
6685,FR,STA-FR04018,NO2,33.5,µg/m3,2013-04-15 15:00:00 +01:00
6686,FR,STA-FR04018,NO2,40.75,µg/m3,2013-05-06 05:00:00 +01:00
6687,FR,STA-FR04018,NO2,12.75,µg/m3,2013-05-06 03:00:00 +01:00
6688,FR,STA-FR04018,NO2,23.25,µg/m3,2013-05-05 18:00:00 +01:00
6689,FR,STA-FR04018,NO2,20.0,µg/m3,2013-05-05 20:00:00 +01:00
6690,FR,STA-FR04018,NO2,67.25,µg/m3,2013-05-06 13:00:00 +01:00
6691,FR,STA-FR04018,NO2,59.5,µg/m3,2013-05-06 06:00:00 +01:00
6692,FR,STA-FR04018,NO2,113.75,µg/m3,2013-05-07 22:00:00 +01:00
6693,FR,STA-FR04018,NO2,61.0,µg/m3,2013-05-06 23:00:00 +01:00
6694,FR,STA-FR04018,NO2,16.75,µg/m3,2013-05-06 18:00:00 +01:00
6695,FR,STA-FR04018,NO2,53.0,µg/m3,2013-05-07 04:00:00 +01:00
6696,FR,STA-FR04018,NO2,16.0,µg/m3,2013-05-05 14:00:00 +01:00
6697,FR,STA-FR04018,NO2,19.25,µg/m3,2013-05-05 12:00:00 +01:00
6698,FR,STA-FR04018,NO2,23.5,µg/m3,2013-05-05 17:00:00 +01:00
6699,FR,STA-FR04018,NO2,23.5,µg/m3,2013-05-05 19:00:00 +01:00
6700,FR,STA-FR04018,NO2,17.25,µg/m3,2013-05-05 13:00:00 +01:00
6701,FR,STA-FR04018,NO2,17.75,µg/m3,2013-05-05 06:00:00 +01:00
6702,FR,STA-FR04018,NO2,20.25,µg/m3,2013-05-05 11:00:00 +01:00
6703,FR,STA-FR04018,NO2,14.0,µg/m3,2013-05-04 14:00:00 +01:00
6704,FR,STA-FR04018,NO2,18.0,µg/m3,2013-05-05 04:00:00 +01:00
6705,FR,STA-FR04018,NO2,11.0,µg/m3,2013-05-05 07:00:00 +01:00
6706,FR,STA-FR04018,NO2,15.75,µg/m3,2013-05-04 17:00:00 +01:00
6707,FR,STA-FR04018,NO2,26.25,µg/m3,2013-05-04 07:00:00 +01:00
6708,FR,STA-FR04018,NO2,11.5,µg/m3,2013-05-05 09:00:00 +01:00
6709,FR,STA-FR04018,NO2,22.5,µg/m3,2013-05-04 21:00:00 +01:00
6710,FR,STA-FR04018,NO2,15.0,µg/m3,2013-05-05 10:00:00 +01:00
6711,FR,STA-FR04018,NO2,27.3333,µg/m3,2013-05-03 22:00:00 +01:00
6712,FR,STA-FR04018,NO2,12.5,µg/m3,2013-05-04 15:00:00 +01:00
6713,FR,STA-FR04018,NO2,32.75,µg/m3,2013-05-05 03:00:00 +01:00
6714,FR,STA-FR04018,NO2,21.25,µg/m3,2013-05-04 20:00:00 +01:00
6715,FR,STA-FR04018,NO2,33.0,µg/m3,2013-05-04 04:00:00 +01:00
6716,FR,STA-FR04018,NO2,19.5,µg/m3,2013-05-04 09:00:00 +01:00
6717,FR,STA-FR04018,NO2,29.5,µg/m3,2013-05-04 03:00:00 +01:00
6718,FR,STA-FR04018,NO2,14.0,µg/m3,2013-05-04 11:00:00 +01:00
6719,FR,STA-FR04018,NO2,33.0,µg/m3,2013-05-03 23:00:00 +01:00
6720,FR,STA-FR04018,NO2,21.5,µg/m3,2013-05-04 08:00:00 +01:00
6721,FR,STA-FR04018,NO2,49.5,µg/m3,2013-05-04 05:00:00 +01:00
6722,FR,STA-FR04018,NO2,14.75,µg/m3,2013-05-04 12:00:00 +01:00
6723,FR,STA-FR04018,NO2,58.5,µg/m3,2013-05-01 17:00:00 +01:00
6724,FR,STA-FR04018,NO2,19.0,µg/m3,2013-05-01 09:00:00 +01:00
6725,FR,STA-FR04018,NO2,49.5,µg/m3,2013-05-02 04:00:00 +01:00
6726,FR,STA-FR04018,NO2,23.0,µg/m3,2013-05-01 15:00:00 +01:00
6727,FR,STA-FR04018,NO2,53.25,µg/m3,2013-05-01 22:00:00 +01:00
6728,FR,STA-FR04018,NO2,42.0,µg/m3,2013-05-02 01:00:00 +01:00
6729,FR,STA-FR04018,NO2,21.0,µg/m3,2013-05-01 08:00:00 +01:00
6730,FR,STA-FR04018,NO2,54.75,µg/m3,2013-05-01 21:00:00 +01:00
6731,FR,STA-FR04018,NO2,21.75,µg/m3,2013-05-01 06:00:00 +01:00
6732,FR,STA-FR04018,NO2,17.5,µg/m3,2013-05-01 14:00:00 +01:00
6733,FR,STA-FR04018,NO2,15.25,µg/m3,2013-05-01 12:00:00 +01:00
6734,FR,STA-FR04018,NO2,17.5,µg/m3,2013-05-01 11:00:00 +01:00
6735,FR,STA-FR04018,NO2,53.75,µg/m3,2013-05-01 23:00:00 +01:00
6736,FR,STA-FR04018,NO2,55.0,µg/m3,2013-05-01 16:00:00 +01:00
6737,FR,STA-FR04018,NO2,34.25,µg/m3,2013-05-01 20:00:00 +01:00
6738,FR,STA-FR04018,NO2,19.0,µg/m3,2013-05-01 13:00:00 +01:00
6739,FR,STA-FR04018,NO2,56.0,µg/m3,2013-05-01 18:00:00 +01:00
6740,FR,STA-FR04018,NO2,13.25,µg/m3,2013-05-01 04:00:00 +01:00
6741,FR,STA-FR04018,NO2,19.0,µg/m3,2013-04-30 14:00:00 +01:00
6742,FR,STA-FR04018,NO2,26.75,µg/m3,2013-05-01 07:00:00 +01:00
6743,FR,STA-FR04018,NO2,12.75,µg/m3,2013-05-01 02:00:00 +01:00
6744,FR,STA-FR04018,NO2,17.5,µg/m3,2013-05-01 05:00:00 +01:00
6745,FR,STA-FR04018,NO2,34.25,µg/m3,2013-04-30 19:00:00 +01:00
6746,FR,STA-FR04018,NO2,20.0,µg/m3,2013-04-30 16:00:00 +01:00
6747,FR,STA-FR04018,NO2,22.5,µg/m3,2013-04-30 21:00:00 +01:00
6748,FR,STA-FR04018,NO2,19.5,µg/m3,2013-04-30 13:00:00 +01:00
6749,FR,STA-FR04018,NO2,10.75,µg/m3,2013-05-01 03:00:00 +01:00
6750,FR,STA-FR04018,NO2,17.5,µg/m3,2013-05-01 01:00:00 +01:00
6751,FR,STA-FR04018,NO2,26.75,µg/m3,2013-04-30 11:00:00 +01:00
6752,FR,STA-FR04018,NO2,20.5,µg/m3,2013-05-04 02:00:00 +01:00
6753,FR,STA-FR04018,NO2,19.25,µg/m3,2013-05-03 18:00:00 +01:00
6754,FR,STA-FR04018,NO2,22.0,µg/m3,2013-05-03 16:00:00 +01:00
6755,FR,STA-FR04018,NO2,16.5,µg/m3,2013-05-03 13:00:00 +01:00
6756,FR,STA-FR04018,NO2,49.5,µg/m3,2013-05-03 06:00:00 +01:00
6757,FR,STA-FR04018,NO2,20.0,µg/m3,2013-05-03 15:00:00 +01:00
6758,FR,STA-FR04018,NO2,35.5,µg/m3,2013-05-03 09:00:00 +01:00
6759,FR,STA-FR04018,NO2,21.25,µg/m3,2013-05-03 19:00:00 +01:00
6760,FR,STA-FR04018,NO2,29.0,µg/m3,2013-05-03 00:00:00 +01:00
6761,FR,STA-FR04018,NO2,29.5,µg/m3,2013-05-03 02:00:00 +01:00
6762,FR,STA-FR04018,NO2,32.75,µg/m3,2013-05-03 10:00:00 +01:00
6763,FR,STA-FR04018,NO2,38.0,µg/m3,2013-05-03 04:00:00 +01:00
6764,FR,STA-FR04018,NO2,51.0,µg/m3,2013-05-03 07:00:00 +01:00
6765,FR,STA-FR04018,NO2,25.0,µg/m3,2013-05-02 14:00:00 +01:00
6766,FR,STA-FR04018,NO2,27.25,µg/m3,2013-05-02 19:00:00 +01:00
6767,FR,STA-FR04018,NO2,16.0,µg/m3,2013-05-02 16:00:00 +01:00
6768,FR,STA-FR04018,NO2,31.75,µg/m3,2013-05-03 01:00:00 +01:00
6769,FR,STA-FR04018,NO2,30.0,µg/m3,2013-05-02 21:00:00 +01:00
6770,FR,STA-FR04018,NO2,16.25,µg/m3,2013-05-02 17:00:00 +01:00
6771,FR,STA-FR04018,NO2,57.0,µg/m3,2013-05-02 08:00:00 +01:00
6772,FR,STA-FR04018,NO2,22.0,µg/m3,2013-05-01 10:00:00 +01:00
6773,FR,STA-FR04018,NO2,48.0,µg/m3,2013-05-02 00:00:00 +01:00
6774,FR,STA-FR04018,NO2,62.5,µg/m3,2013-05-02 07:00:00 +01:00
6775,FR,STA-FR04018,NO2,47.25,µg/m3,2013-05-01 19:00:00 +01:00
6776,FR,STA-FR04018,NO2,39.25,µg/m3,2013-05-02 10:00:00 +01:00
6777,FR,STA-FR04018,NO2,25.75,µg/m3,2013-05-02 13:00:00 +01:00
6778,FR,STA-FR04018,NO2,37.0,µg/m3,2013-04-29 00:00:00 +01:00
6779,FR,STA-FR04018,NO2,11.5,µg/m3,2013-04-28 11:00:00 +01:00
6780,FR,STA-FR04018,NO2,29.25,µg/m3,2013-04-29 01:00:00 +01:00
6781,FR,STA-FR04018,NO2,25.25,µg/m3,2013-04-29 12:00:00 +01:00
6782,FR,STA-FR04018,NO2,14.75,µg/m3,2013-04-28 10:00:00 +01:00
6783,FR,STA-FR04018,NO2,23.25,µg/m3,2013-04-27 21:00:00 +01:00
6784,FR,STA-FR04018,NO2,31.25,µg/m3,2013-04-28 18:00:00 +01:00
6785,FR,STA-FR04018,NO2,13.5,µg/m3,2013-04-28 05:00:00 +01:00
6786,FR,STA-FR04018,NO2,66.25,µg/m3,2013-04-29 03:00:00 +01:00
6787,FR,STA-FR04018,NO2,42.25,µg/m3,2013-04-28 21:00:00 +01:00
6788,FR,STA-FR04018,NO2,17.5,µg/m3,2013-04-28 16:00:00 +01:00
6789,FR,STA-FR04018,NO2,23.5,µg/m3,2013-04-29 15:00:00 +01:00
6790,FR,STA-FR04018,NO2,31.5,µg/m3,2013-04-30 05:00:00 +01:00
6791,FR,STA-FR04018,NO2,12.75,µg/m3,2013-04-30 02:00:00 +01:00
6792,FR,STA-FR04018,NO2,21.25,µg/m3,2013-04-29 18:00:00 +01:00
6793,FR,STA-FR04018,NO2,50.5,µg/m3,2013-04-30 08:00:00 +01:00
6794,FR,STA-FR04018,NO2,29.75,µg/m3,2013-04-29 21:00:00 +01:00
6795,FR,STA-FR04018,NO2,22.5,µg/m3,2013-04-29 19:00:00 +01:00
6796,FR,STA-FR04018,NO2,25.75,µg/m3,2013-04-29 14:00:00 +01:00
6797,FR,STA-FR04018,NO2,26.0,µg/m3,2013-04-29 13:00:00 +01:00
6798,FR,STA-FR04018,NO2,18.75,µg/m3,2013-04-30 04:00:00 +01:00
6799,FR,STA-FR04018,NO2,17.0,µg/m3,2013-04-29 22:00:00 +01:00
6800,FR,STA-FR04018,NO2,15.0,µg/m3,2013-04-28 06:00:00 +01:00
6801,FR,STA-FR04018,NO2,14.0,µg/m3,2013-04-28 04:00:00 +01:00
6802,FR,STA-FR04018,NO2,11.25,µg/m3,2013-04-27 10:00:00 +01:00
6803,FR,STA-FR04018,NO2,17.5,µg/m3,2013-04-27 23:00:00 +01:00
6804,FR,STA-FR04018,NO2,24.25,µg/m3,2013-04-27 19:00:00 +01:00
6805,FR,STA-FR04018,NO2,12.0,µg/m3,2013-04-28 03:00:00 +01:00
6806,FR,STA-FR04018,NO2,13.25,µg/m3,2013-04-28 12:00:00 +01:00
6807,FR,STA-FR04018,NO2,25.25,µg/m3,2013-04-28 17:00:00 +01:00
6808,FR,STA-FR04018,NO2,15.0,µg/m3,2013-04-28 07:00:00 +01:00
6809,FR,STA-FR04018,NO2,13.5,µg/m3,2013-04-28 00:00:00 +01:00
6810,FR,STA-FR04018,NO2,108.5,µg/m3,2013-04-26 02:00:00 +01:00
6811,FR,STA-FR04018,NO2,20.25,µg/m3,2013-04-26 23:00:00 +01:00
6812,FR,STA-FR04018,NO2,22.0,µg/m3,2013-04-26 19:00:00 +01:00
6813,FR,STA-FR04018,NO2,13.5,µg/m3,2013-04-27 03:00:00 +01:00
6814,FR,STA-FR04018,NO2,27.0,µg/m3,2013-04-26 16:00:00 +01:00
6815,FR,STA-FR04018,NO2,23.5,µg/m3,2013-04-26 18:00:00 +01:00
6816,FR,STA-FR04018,NO2,25.75,µg/m3,2013-04-27 05:00:00 +01:00
6817,FR,STA-FR04018,NO2,16.75,µg/m3,2013-04-27 08:00:00 +01:00
6818,FR,STA-FR04018,NO2,11.25,µg/m3,2013-04-27 01:00:00 +01:00
6819,FR,STA-FR04018,NO2,18.25,µg/m3,2013-04-27 16:00:00 +01:00
6820,FR,STA-FR04018,NO2,19.75,µg/m3,2013-04-27 18:00:00 +01:00
6821,FR,STA-FR04018,NO2,12.5,µg/m3,2013-04-27 15:00:00 +01:00
6822,FR,STA-FR04018,NO2,11.0,µg/m3,2013-04-27 13:00:00 +01:00
6823,FR,STA-FR04018,NO2,81.5,µg/m3,2013-04-24 09:00:00 +01:00
6824,FR,STA-FR04018,NO2,76.0,µg/m3,2013-04-24 07:00:00 +01:00
6826,FR,STA-FR04018,NO2,42.0,µg/m3,2013-04-23 23:00:00 +01:00
6827,FR,STA-FR04018,NO2,40.5,µg/m3,2013-04-24 02:00:00 +01:00
6828,FR,STA-FR04018,NO2,18.25,µg/m3,2013-04-25 02:00:00 +01:00
6829,FR,STA-FR04018,NO2,39.75,µg/m3,2013-04-25 00:00:00 +01:00
6830,FR,STA-FR04018,NO2,55.0,µg/m3,2013-04-24 20:00:00 +01:00
6831,FR,STA-FR04018,NO2,32.25,µg/m3,2013-04-24 16:00:00 +01:00
6832,FR,STA-FR04018,NO2,30.75,µg/m3,2013-04-24 19:00:00 +01:00
6833,FR,STA-FR04018,NO2,90.0,µg/m3,2013-04-24 08:00:00 +01:00
6834,FR,STA-FR04018,NO2,71.5,µg/m3,2013-04-24 10:00:00 +01:00
6835,FR,STA-FR04018,NO2,49.25,µg/m3,2013-04-23 09:00:00 +01:00
6836,FR,STA-FR04018,NO2,95.75,µg/m3,2013-04-23 07:00:00 +01:00
6837,FR,STA-FR04018,NO2,54.25,µg/m3,2013-04-24 03:00:00 +01:00
6838,FR,STA-FR04018,NO2,88.0,µg/m3,2013-04-22 08:00:00 +01:00
6839,FR,STA-FR04018,NO2,31.5,µg/m3,2013-04-23 01:00:00 +01:00
6840,FR,STA-FR04018,NO2,22.75,µg/m3,2013-04-23 17:00:00 +01:00
6841,FR,STA-FR04018,NO2,42.0,µg/m3,2013-04-23 10:00:00 +01:00
6842,FR,STA-FR04018,NO2,83.25,µg/m3,2013-04-23 04:00:00 +01:00
6843,FR,STA-FR04018,NO2,77.5,µg/m3,2013-04-23 08:00:00 +01:00
6844,FR,STA-FR04018,NO2,97.75,µg/m3,2013-04-26 04:00:00 +01:00
6845,FR,STA-FR04018,NO2,112.0,µg/m3,2013-04-26 06:00:00 +01:00
6846,FR,STA-FR04018,NO2,45.75,µg/m3,2013-04-26 08:00:00 +01:00
6847,FR,STA-FR04018,NO2,89.0,µg/m3,2013-04-26 03:00:00 +01:00
6848,FR,STA-FR04018,NO2,32.75,µg/m3,2013-04-24 17:00:00 +01:00
6849,FR,STA-FR04018,NO2,123.25,µg/m3,2013-04-25 21:00:00 +01:00
6850,FR,STA-FR04018,NO2,29.5,µg/m3,2013-04-25 15:00:00 +01:00
6851,FR,STA-FR04018,NO2,35.25,µg/m3,2013-04-26 10:00:00 +01:00
6852,FR,STA-FR04018,NO2,38.75,µg/m3,2013-04-26 14:00:00 +01:00
6853,FR,STA-FR04018,NO2,29.0,µg/m3,2013-04-26 12:00:00 +01:00
6854,FR,STA-FR04018,NO2,19.75,µg/m3,2013-04-26 22:00:00 +01:00
6855,FR,STA-FR04018,NO2,34.25,µg/m3,2013-04-25 16:00:00 +01:00
6856,FR,STA-FR04018,NO2,37.75,µg/m3,2013-04-25 18:00:00 +01:00
6857,FR,STA-FR04018,NO2,138.0,µg/m3,2013-04-25 22:00:00 +01:00
6858,FR,STA-FR04018,NO2,35.25,µg/m3,2013-04-25 17:00:00 +01:00
6859,FR,STA-FR04018,NO2,69.75,µg/m3,2013-04-25 20:00:00 +01:00
6860,FR,STA-FR04018,NO2,46.25,µg/m3,2013-04-24 11:00:00 +01:00
6861,FR,STA-FR04018,NO2,50.75,µg/m3,2013-04-25 04:00:00 +01:00
6862,FR,STA-FR04018,NO2,24.0,µg/m3,2013-06-12 12:00:00 +01:00
6863,FR,STA-FR04018,NO2,44.0,µg/m3,2013-06-12 07:00:00 +01:00
6864,FR,STA-FR04018,NO2,19.25,µg/m3,2013-06-13 01:00:00 +01:00
6865,FR,STA-FR04018,NO2,32.25,µg/m3,2013-06-13 06:00:00 +01:00
6866,FR,STA-FR04018,NO2,29.5,µg/m3,2013-06-13 17:00:00 +01:00
6867,FR,STA-FR04018,NO2,45.25,µg/m3,2013-06-13 15:00:00 +01:00
6868,FR,STA-FR04018,NO2,28.75,µg/m3,2013-06-13 20:00:00 +01:00
6869,FR,STA-FR04018,NO2,54.75,µg/m3,2013-06-14 05:00:00 +01:00
6870,FR,STA-FR04018,NO2,19.25,µg/m3,2013-06-14 02:00:00 +01:00
6871,FR,STA-FR04018,NO2,31.75,µg/m3,2013-06-13 13:00:00 +01:00
6872,FR,STA-FR04018,NO2,50.0,µg/m3,2013-06-14 09:00:00 +01:00
6873,FR,STA-FR04018,NO2,59.5,µg/m3,2013-06-14 07:00:00 +01:00
6874,FR,STA-FR04018,NO2,14.75,µg/m3,2013-06-14 01:00:00 +01:00
6875,FR,STA-FR04018,NO2,24.0,µg/m3,2013-06-14 03:00:00 +01:00
6876,FR,STA-FR04018,NO2,42.5,µg/m3,2013-06-14 08:00:00 +01:00
6877,FR,STA-FR04018,NO2,22.0,µg/m3,2013-06-14 14:00:00 +01:00
6878,FR,STA-FR04018,NO2,33.25,µg/m3,2013-06-14 04:00:00 +01:00
6879,FR,STA-FR04018,NO2,25.0,µg/m3,2013-06-14 13:00:00 +01:00
6880,FR,STA-FR04018,NO2,57.5,µg/m3,2013-06-14 21:00:00 +01:00
6881,FR,STA-FR04018,NO2,35.0,µg/m3,2013-06-14 19:00:00 +01:00
6882,FR,STA-FR04018,NO2,27.25,µg/m3,2013-06-14 11:00:00 +01:00
6883,FR,STA-FR04018,NO2,56.75,µg/m3,2013-06-14 22:00:00 +01:00
6884,FR,STA-FR04018,NO2,22.0,µg/m3,2013-06-12 00:00:00 +01:00
6885,FR,STA-FR04018,NO2,32.0,µg/m3,2013-06-11 23:00:00 +01:00
6886,FR,STA-FR04018,NO2,28.0,µg/m3,2013-06-12 13:00:00 +01:00
6887,FR,STA-FR04018,NO2,41.25,µg/m3,2013-06-12 08:00:00 +01:00
6888,FR,STA-FR04018,NO2,30.0,µg/m3,2013-06-12 10:00:00 +01:00
6889,FR,STA-FR04018,NO2,35.0,µg/m3,2013-06-12 17:00:00 +01:00
6890,FR,STA-FR04018,NO2,22.5,µg/m3,2013-06-12 21:00:00 +01:00
6891,FR,STA-FR04018,NO2,21.75,µg/m3,2013-06-12 22:00:00 +01:00
6892,FR,STA-FR04018,NO2,21.0,µg/m3,2013-06-12 23:00:00 +01:00
6893,FR,STA-FR04018,NO2,17.25,µg/m3,2013-06-13 03:00:00 +01:00
6894,FR,STA-FR04018,NO2,30.5,µg/m3,2013-06-12 18:00:00 +01:00
6895,FR,STA-FR04018,NO2,37.25,µg/m3,2013-06-13 05:00:00 +01:00
6896,FR,STA-FR04018,NO2,38.75,µg/m3,2013-06-13 07:00:00 +01:00
6897,FR,STA-FR04018,NO2,69.5,µg/m3,2013-06-11 07:00:00 +01:00
6898,FR,STA-FR04018,NO2,27.75,µg/m3,2013-06-11 00:00:00 +01:00
6899,FR,STA-FR04018,NO2,48.75,µg/m3,2013-06-11 14:00:00 +01:00
6900,FR,STA-FR04018,NO2,34.5,µg/m3,2013-06-10 19:00:00 +01:00
6901,FR,STA-FR04018,NO2,35.5,µg/m3,2013-06-10 22:00:00 +01:00
6902,FR,STA-FR04018,NO2,33.75,µg/m3,2013-06-10 23:00:00 +01:00
6903,FR,STA-FR04018,NO2,33.75,µg/m3,2013-06-11 19:00:00 +01:00
6904,FR,STA-FR04018,NO2,41.25,µg/m3,2013-06-12 06:00:00 +01:00
6905,FR,STA-FR04018,NO2,35.25,µg/m3,2013-06-11 21:00:00 +01:00
6906,FR,STA-FR04018,NO2,14.0,µg/m3,2013-06-15 12:00:00 +01:00
6907,FR,STA-FR04018,NO2,36.25,µg/m3,2013-06-13 22:00:00 +01:00
6908,FR,STA-FR04018,NO2,21.0,µg/m3,2013-06-14 12:00:00 +01:00
6909,FR,STA-FR04018,NO2,19.5,µg/m3,2013-06-15 05:00:00 +01:00
6910,FR,STA-FR04018,NO2,15.75,µg/m3,2013-06-15 08:00:00 +01:00
6911,FR,STA-FR04018,NO2,12.75,µg/m3,2013-06-15 14:00:00 +01:00
6912,FR,STA-FR04018,NO2,13.25,µg/m3,2013-06-15 16:00:00 +01:00
6913,FR,STA-FR04018,NO2,39.75,µg/m3,2013-06-15 23:00:00 +01:00
6914,FR,STA-FR04018,NO2,21.75,µg/m3,2013-06-16 02:00:00 +01:00
6915,FR,STA-FR04018,NO2,20.5,µg/m3,2013-06-16 17:00:00 +01:00
6916,FR,STA-FR04018,NO2,18.0,µg/m3,2013-06-16 03:00:00 +01:00
6917,FR,STA-FR04018,NO2,26.25,µg/m3,2013-06-16 07:00:00 +01:00
6918,FR,STA-FR04018,NO2,29.0,µg/m3,2013-06-16 00:00:00 +01:00
6919,FR,STA-FR04018,NO2,17.0,µg/m3,2013-06-16 04:00:00 +01:00
6920,FR,STA-FR04018,NO2,19.25,µg/m3,2013-06-16 08:00:00 +01:00
6921,FR,STA-FR04018,NO2,30.0,µg/m3,2013-06-15 22:00:00 +01:00
6922,FR,STA-FR04018,NO2,39.25,µg/m3,2013-06-15 02:00:00 +01:00
6923,FR,STA-FR04018,NO2,57.25,µg/m3,2013-06-16 23:00:00 +01:00
6924,FR,STA-FR04018,NO2,22.5,µg/m3,2013-06-17 12:00:00 +01:00
6925,FR,STA-FR04018,NO2,28.75,µg/m3,2013-06-17 05:00:00 +01:00
6926,FR,STA-FR04018,NO2,19.25,µg/m3,2013-06-16 19:00:00 +01:00
6927,FR,STA-FR04018,NO2,13.0,µg/m3,2013-06-16 13:00:00 +01:00
6928,FR,STA-FR04018,NO2,18.0,µg/m3,2013-06-02 21:00:00 +01:00
6929,FR,STA-FR04018,NO2,17.25,µg/m3,2013-06-02 20:00:00 +01:00
6930,FR,STA-FR04018,NO2,11.25,µg/m3,2013-06-02 18:00:00 +01:00
6931,FR,STA-FR04018,NO2,11.5,µg/m3,2013-06-02 23:00:00 +01:00
6932,FR,STA-FR04018,NO2,14.25,µg/m3,2013-06-02 22:00:00 +01:00
6933,FR,STA-FR04018,NO2,5.25,µg/m3,2013-06-02 02:00:00 +01:00
6934,FR,STA-FR04018,NO2,8.0,µg/m3,2013-06-02 17:00:00 +01:00
6935,FR,STA-FR04018,NO2,7.5,µg/m3,2013-06-02 16:00:00 +01:00
6936,FR,STA-FR04018,NO2,14.5,µg/m3,2013-06-02 19:00:00 +01:00
6937,FR,STA-FR04018,NO2,11.5,µg/m3,2013-06-03 13:00:00 +01:00
6939,FR,STA-FR04018,NO2,22.75,µg/m3,2013-06-03 22:00:00 +01:00
6940,FR,STA-FR04018,NO2,10.5,µg/m3,2013-06-03 15:00:00 +01:00
6941,FR,STA-FR04018,NO2,17.25,µg/m3,2013-06-03 23:00:00 +01:00
6942,FR,STA-FR04018,NO2,18.0,µg/m3,2013-06-03 18:00:00 +01:00
6943,FR,STA-FR04018,NO2,31.25,µg/m3,2013-06-03 21:00:00 +01:00
6944,FR,STA-FR04018,NO2,10.25,µg/m3,2013-06-03 02:00:00 +01:00
6946,FR,STA-FR04018,NO2,31.75,µg/m3,2013-06-03 07:00:00 +01:00
6947,FR,STA-FR04018,NO2,24.0,µg/m3,2013-06-03 05:00:00 +01:00
6948,FR,STA-FR04018,NO2,27.0,µg/m3,2013-06-03 20:00:00 +01:00
6949,FR,STA-FR04018,NO2,21.75,µg/m3,2013-06-01 04:00:00 +01:00
6950,FR,STA-FR04018,NO2,28.25,µg/m3,2013-06-01 07:00:00 +01:00
6951,FR,STA-FR04018,NO2,26.0,µg/m3,2013-05-31 17:00:00 +01:00
6952,FR,STA-FR04018,NO2,35.5,µg/m3,2013-05-31 23:00:00 +01:00
6953,FR,STA-FR04018,NO2,9.25,µg/m3,2013-06-01 12:00:00 +01:00
6954,FR,STA-FR04018,NO2,37.0,µg/m3,2013-06-01 06:00:00 +01:00
6955,FR,STA-FR04018,NO2,16.75,µg/m3,2013-06-01 02:00:00 +01:00
6956,FR,STA-FR04018,NO2,12.5,µg/m3,2013-06-01 17:00:00 +01:00
6957,FR,STA-FR04018,NO2,17.25,µg/m3,2013-06-01 20:00:00 +01:00
6958,FR,STA-FR04018,NO2,11.5,µg/m3,2013-06-01 14:00:00 +01:00
6959,FR,STA-FR04018,NO2,16.5,µg/m3,2013-06-01 03:00:00 +01:00
6960,FR,STA-FR04018,NO2,16.25,µg/m3,2013-06-01 15:00:00 +01:00
6961,FR,STA-FR04018,NO2,8.0,µg/m3,2013-06-02 01:00:00 +01:00
6962,FR,STA-FR04018,NO2,37.25,µg/m3,2013-05-30 05:00:00 +01:00
6963,FR,STA-FR04018,NO2,15.25,µg/m3,2013-05-30 02:00:00 +01:00
6964,FR,STA-FR04018,NO2,25.25,µg/m3,2013-05-29 23:00:00 +01:00
6965,FR,STA-FR04018,NO2,62.75,µg/m3,2013-05-30 07:00:00 +01:00
6966,FR,STA-FR04018,NO2,22.0,µg/m3,2013-05-30 01:00:00 +01:00
6967,FR,STA-FR04018,NO2,24.5,µg/m3,2013-05-29 22:00:00 +01:00
6968,FR,STA-FR04018,NO2,33.25,µg/m3,2013-05-30 14:00:00 +01:00
6969,FR,STA-FR04018,NO2,10.25,µg/m3,2013-05-31 01:00:00 +01:00
6970,FR,STA-FR04018,NO2,40.0,µg/m3,2013-05-30 12:00:00 +01:00
6971,FR,STA-FR04018,NO2,19.0,µg/m3,2013-05-30 23:00:00 +01:00
6972,FR,STA-FR04018,NO2,33.75,µg/m3,2013-05-30 09:00:00 +01:00
6973,FR,STA-FR04018,NO2,29.75,µg/m3,2013-05-29 19:00:00 +01:00
6974,FR,STA-FR04018,NO2,36.0,µg/m3,2013-05-30 16:00:00 +01:00
6975,FR,STA-FR04018,NO2,30.0,µg/m3,2013-05-30 11:00:00 +01:00
6976,FR,STA-FR04018,NO2,22.25,µg/m3,2013-05-31 19:00:00 +01:00
6977,FR,STA-FR04018,NO2,27.75,µg/m3,2013-05-31 16:00:00 +01:00
6978,FR,STA-FR04018,NO2,93.25,µg/m3,2013-05-30 18:00:00 +01:00
6979,FR,STA-FR04018,NO2,90.25,µg/m3,2013-05-30 20:00:00 +01:00
6980,FR,STA-FR04018,NO2,18.25,µg/m3,2013-05-31 04:00:00 +01:00
6981,FR,STA-FR04018,NO2,24.5,µg/m3,2013-05-31 21:00:00 +01:00
6982,FR,STA-FR04018,NO2,49.0,µg/m3,2013-05-31 08:00:00 +01:00
6983,FR,STA-FR04018,NO2,11.5,µg/m3,2013-05-31 02:00:00 +01:00
6984,FR,STA-FR04018,NO2,32.75,µg/m3,2013-05-31 09:00:00 +01:00
6985,FR,STA-FR04018,NO2,33.75,µg/m3,2013-05-31 14:00:00 +01:00
6986,FR,STA-FR04018,NO2,24.5,µg/m3,2013-05-31 12:00:00 +01:00
6987,FR,STA-FR04018,NO2,46.0,µg/m3,2013-05-31 06:00:00 +01:00
6988,FR,STA-FR04018,NO2,33.75,µg/m3,2013-05-30 13:00:00 +01:00
6989,FR,STA-FR04018,NO2,55.0,µg/m3,2013-05-29 07:00:00 +01:00
6990,FR,STA-FR04018,NO2,21.5,µg/m3,2013-05-29 12:00:00 +01:00
6991,FR,STA-FR04018,NO2,51.75,µg/m3,2013-05-29 06:00:00 +01:00
6992,FR,STA-FR04018,NO2,21.5,µg/m3,2013-05-29 01:00:00 +01:00
6993,FR,STA-FR04018,NO2,24.25,µg/m3,2013-05-29 03:00:00 +01:00
6994,FR,STA-FR04018,NO2,31.0,µg/m3,2013-05-28 23:00:00 +01:00
6995,FR,STA-FR04018,NO2,20.5,µg/m3,2013-05-29 13:00:00 +01:00
6996,FR,STA-FR04018,NO2,22.5,µg/m3,2013-05-29 11:00:00 +01:00
6997,FR,STA-FR04018,NO2,32.25,µg/m3,2013-05-29 10:00:00 +01:00
6998,FR,STA-FR04018,NO2,38.75,µg/m3,2013-05-29 21:00:00 +01:00
6999,FR,STA-FR04018,NO2,23.5,µg/m3,2013-05-29 18:00:00 +01:00
7000,FR,STA-FR04018,NO2,20.25,µg/m3,2013-05-29 20:00:00 +01:00
7001,FR,STA-FR04018,NO2,22.0,µg/m3,2013-05-29 15:00:00 +01:00
7002,FR,STA-FR04018,NO2,16.25,µg/m3,2013-05-28 01:00:00 +01:00
7003,FR,STA-FR04018,NO2,44.0,µg/m3,2013-05-28 04:00:00 +01:00
7004,FR,STA-FR04018,NO2,22.25,µg/m3,2013-05-28 00:00:00 +01:00
7005,FR,STA-FR04018,NO2,45.25,µg/m3,2013-05-28 13:00:00 +01:00
7006,FR,STA-FR04018,NO2,45.25,µg/m3,2013-05-28 11:00:00 +01:00
7007,FR,STA-FR04018,NO2,45.75,µg/m3,2013-05-28 12:00:00 +01:00
7008,FR,STA-FR04018,NO2,54.75,µg/m3,2013-05-28 09:00:00 +01:00
7009,FR,STA-FR04018,NO2,18.75,µg/m3,2013-05-28 02:00:00 +01:00
7010,FR,STA-FR04018,NO2,21.5,µg/m3,2013-05-29 02:00:00 +01:00
7011,FR,STA-FR04018,NO2,22.5,µg/m3,2013-05-28 20:00:00 +01:00
7012,FR,STA-FR04018,NO2,46.75,µg/m3,2013-05-28 15:00:00 +01:00
7013,FR,STA-FR04018,NO2,27.25,µg/m3,2013-05-28 17:00:00 +01:00
7014,FR,STA-FR04018,NO2,36.75,µg/m3,2013-06-07 21:00:00 +01:00
7015,FR,STA-FR04018,NO2,35.5,µg/m3,2013-06-07 22:00:00 +01:00
7016,FR,STA-FR04018,NO2,21.5,µg/m3,2013-06-08 00:00:00 +01:00
7017,FR,STA-FR04018,NO2,15.5,µg/m3,2013-06-08 02:00:00 +01:00
7018,FR,STA-FR04018,NO2,66.25,µg/m3,2013-06-07 05:00:00 +01:00
7019,FR,STA-FR04018,NO2,17.75,µg/m3,2013-06-08 03:00:00 +01:00
7020,FR,STA-FR04018,NO2,15.25,µg/m3,2013-06-08 01:00:00 +01:00
7021,FR,STA-FR04018,NO2,21.0,µg/m3,2013-06-08 05:00:00 +01:00
7022,FR,STA-FR04018,NO2,17.5,µg/m3,2013-06-08 08:00:00 +01:00
7023,FR,STA-FR04018,NO2,17.5,µg/m3,2013-06-08 07:00:00 +01:00
7024,FR,STA-FR04018,NO2,17.0,µg/m3,2013-06-08 09:00:00 +01:00
7025,FR,STA-FR04018,NO2,11.25,µg/m3,2013-06-08 15:00:00 +01:00
7026,FR,STA-FR04018,NO2,19.25,µg/m3,2013-06-08 18:00:00 +01:00
7027,FR,STA-FR04018,NO2,41.25,µg/m3,2013-06-08 20:00:00 +01:00
7028,FR,STA-FR04018,NO2,11.5,µg/m3,2013-06-09 07:00:00 +01:00
7029,FR,STA-FR04018,NO2,12.25,µg/m3,2013-06-09 08:00:00 +01:00
7030,FR,STA-FR04018,NO2,11.5,µg/m3,2013-06-09 12:00:00 +01:00
7031,FR,STA-FR04018,NO2,17.25,µg/m3,2013-06-09 09:00:00 +01:00
7032,FR,STA-FR04018,NO2,19.25,µg/m3,2013-06-08 23:00:00 +01:00
7033,FR,STA-FR04018,NO2,17.75,µg/m3,2013-06-08 10:00:00 +01:00
7034,FR,STA-FR04018,NO2,14.75,µg/m3,2013-06-08 12:00:00 +01:00
7035,FR,STA-FR04018,NO2,11.75,µg/m3,2013-06-09 03:00:00 +01:00
7036,FR,STA-FR04018,NO2,12.5,µg/m3,2013-06-09 02:00:00 +01:00
7037,FR,STA-FR04018,NO2,13.5,µg/m3,2013-06-08 13:00:00 +01:00
7038,FR,STA-FR04018,NO2,15.75,µg/m3,2013-06-08 17:00:00 +01:00
7039,FR,STA-FR04018,NO2,18.75,µg/m3,2013-06-08 22:00:00 +01:00
7040,FR,STA-FR04018,NO2,13.0,µg/m3,2013-06-09 01:00:00 +01:00
7041,FR,STA-FR04018,NO2,21.75,µg/m3,2013-06-09 18:00:00 +01:00
7042,FR,STA-FR04018,NO2,9.5,µg/m3,2013-06-10 00:00:00 +01:00
7043,FR,STA-FR04018,NO2,17.5,µg/m3,2013-06-09 23:00:00 +01:00
7044,FR,STA-FR04018,NO2,18.5,µg/m3,2013-06-10 05:00:00 +01:00
7045,FR,STA-FR04018,NO2,22.75,µg/m3,2013-06-09 22:00:00 +01:00
7046,FR,STA-FR04018,NO2,30.25,µg/m3,2013-06-10 06:00:00 +01:00
7047,FR,STA-FR04018,NO2,14.0,µg/m3,2013-06-09 16:00:00 +01:00
7048,FR,STA-FR04018,NO2,7.0,µg/m3,2013-06-10 02:00:00 +01:00
7049,FR,STA-FR04018,NO2,16.75,µg/m3,2013-06-09 17:00:00 +01:00
7050,FR,STA-FR04018,NO2,12.0,µg/m3,2013-06-09 13:00:00 +01:00
7051,FR,STA-FR04018,NO2,33.5,µg/m3,2013-06-11 15:00:00 +01:00
7053,FR,STA-FR04018,NO2,30.25,µg/m3,2013-06-11 04:00:00 +01:00
7054,FR,STA-FR04018,NO2,50.5,µg/m3,2013-06-11 08:00:00 +01:00
7055,FR,STA-FR04018,NO2,25.75,µg/m3,2013-06-10 17:00:00 +01:00
7056,FR,STA-FR04018,NO2,24.25,µg/m3,2013-06-10 18:00:00 +01:00
7057,FR,STA-FR04018,NO2,28.25,µg/m3,2013-06-10 16:00:00 +01:00
7058,FR,STA-FR04018,NO2,24.5,µg/m3,2013-06-10 15:00:00 +01:00
7059,FR,STA-FR04018,NO2,7.75,µg/m3,2013-06-10 01:00:00 +01:00
7060,FR,STA-FR04018,NO2,22.75,µg/m3,2013-06-10 13:00:00 +01:00
7061,FR,STA-FR04018,NO2,17.5,µg/m3,2013-06-10 14:00:00 +01:00
7062,FR,STA-FR04018,NO2,21.0,µg/m3,2013-06-10 12:00:00 +01:00
7063,FR,STA-FR04018,NO2,14.5,µg/m3,2013-06-04 03:00:00 +01:00
7064,FR,STA-FR04018,NO2,12.5,µg/m3,2013-06-04 15:00:00 +01:00
7065,FR,STA-FR04018,NO2,32.25,µg/m3,2013-06-04 05:00:00 +01:00
7066,FR,STA-FR04018,NO2,22.5,µg/m3,2013-06-04 19:00:00 +01:00
7067,FR,STA-FR04018,NO2,25.25,µg/m3,2013-06-04 20:00:00 +01:00
7068,FR,STA-FR04018,NO2,14.0,µg/m3,2013-06-04 10:00:00 +01:00
7069,FR,STA-FR04018,NO2,16.75,µg/m3,2013-06-05 01:00:00 +01:00
7070,FR,STA-FR04018,NO2,30.5,µg/m3,2013-06-04 07:00:00 +01:00
7071,FR,STA-FR04018,NO2,34.0,µg/m3,2013-06-04 23:00:00 +01:00
7072,FR,STA-FR04018,NO2,13.5,µg/m3,2013-06-04 01:00:00 +01:00
7073,FR,STA-FR04018,NO2,25.5,µg/m3,2013-06-04 08:00:00 +01:00
7074,FR,STA-FR04018,NO2,20.25,µg/m3,2013-06-04 09:00:00 +01:00
7075,FR,STA-FR04018,NO2,34.5,µg/m3,2013-06-05 07:00:00 +01:00
7076,FR,STA-FR04018,NO2,12.75,µg/m3,2013-06-05 15:00:00 +01:00
7077,FR,STA-FR04018,NO2,12.5,µg/m3,2013-06-05 14:00:00 +01:00
7078,FR,STA-FR04018,NO2,16.25,µg/m3,2013-06-05 17:00:00 +01:00
7079,FR,STA-FR04018,NO2,17.75,µg/m3,2013-06-05 19:00:00 +01:00
7080,FR,STA-FR04018,NO2,28.25,µg/m3,2013-06-05 04:00:00 +01:00
7081,FR,STA-FR04018,NO2,38.0,µg/m3,2013-06-05 05:00:00 +01:00
7082,FR,STA-FR04018,NO2,20.0,µg/m3,2013-06-05 00:00:00 +01:00
7083,FR,STA-FR04018,NO2,32.25,µg/m3,2013-06-05 20:00:00 +01:00
7084,FR,STA-FR04018,NO2,13.75,µg/m3,2013-06-05 13:00:00 +01:00
7085,FR,STA-FR04018,NO2,21.5,µg/m3,2013-06-06 02:00:00 +01:00
7086,FR,STA-FR04018,NO2,31.75,µg/m3,2013-06-06 05:00:00 +01:00
7087,FR,STA-FR04018,NO2,14.75,µg/m3,2013-06-05 18:00:00 +01:00
7088,FR,STA-FR04018,NO2,14.0,µg/m3,2013-06-05 16:00:00 +01:00
7089,FR,STA-FR04018,NO2,15.5,µg/m3,2013-06-06 13:00:00 +01:00
7090,FR,STA-FR04018,NO2,14.5,µg/m3,2013-06-06 14:00:00 +01:00
7091,FR,STA-FR04018,NO2,24.5,µg/m3,2013-06-06 17:00:00 +01:00
7092,FR,STA-FR04018,NO2,21.75,µg/m3,2013-06-06 15:00:00 +01:00
7093,FR,STA-FR04018,NO2,19.5,µg/m3,2013-06-06 16:00:00 +01:00
7094,FR,STA-FR04018,NO2,15.5,µg/m3,2013-06-07 16:00:00 +01:00
7095,FR,STA-FR04018,NO2,52.25,µg/m3,2013-06-07 04:00:00 +01:00
7096,FR,STA-FR04018,NO2,82.25,µg/m3,2013-06-07 01:00:00 +01:00
7097,FR,STA-FR04018,NO2,17.25,µg/m3,2013-06-07 18:00:00 +01:00
7098,FR,STA-FR04018,NO2,14.5,µg/m3,2013-06-07 17:00:00 +01:00
7099,FR,STA-FR04018,NO2,57.5,µg/m3,2013-06-06 23:00:00 +01:00
7100,FR,STA-FR04018,NO2,14.25,µg/m3,2013-06-07 15:00:00 +01:00
7101,FR,STA-FR04018,NO2,98.25,µg/m3,2013-06-07 00:00:00 +01:00
7102,FR,STA-FR04018,NO2,37.25,µg/m3,2013-06-06 18:00:00 +01:00
7103,FR,STA-FR04018,NO2,48.25,µg/m3,2013-06-06 19:00:00 +01:00
7104,FR,STA-FR04018,NO2,40.75,µg/m3,2013-06-06 20:00:00 +01:00
7105,FR,STA-FR04018,NO2,32.25,µg/m3,2013-05-27 23:00:00 +01:00
7106,FR,STA-FR04018,NO2,43.25,µg/m3,2013-05-27 22:00:00 +01:00
7107,FR,STA-FR04018,NO2,78.25,µg/m3,2013-05-28 06:00:00 +01:00
7108,FR,STA-FR04018,NO2,49.5,µg/m3,2013-05-27 18:00:00 +01:00
7109,FR,STA-FR04018,NO2,49.0,µg/m3,2013-05-27 20:00:00 +01:00
7110,FR,STA-FR04018,NO2,35.25,µg/m3,2013-05-27 15:00:00 +01:00
7111,FR,STA-FR04018,NO2,61.0,µg/m3,2013-05-27 10:00:00 +01:00
7112,FR,STA-FR04018,NO2,38.25,µg/m3,2013-05-27 16:00:00 +01:00
7113,FR,STA-FR04018,NO2,35.5,µg/m3,2013-05-27 12:00:00 +01:00
7114,FR,STA-FR04018,NO2,39.75,µg/m3,2013-05-27 13:00:00 +01:00
7115,FR,STA-FR04018,NO2,115.5,µg/m3,2013-05-27 07:00:00 +01:00
7116,FR,STA-FR04018,NO2,97.0,µg/m3,2013-05-27 06:00:00 +01:00
7117,FR,STA-FR04018,NO2,77.0,µg/m3,2013-05-27 04:00:00 +01:00
7118,FR,STA-FR04018,NO2,52.25,µg/m3,2013-05-26 23:00:00 +01:00
7119,FR,STA-FR04018,NO2,35.75,µg/m3,2013-05-26 21:00:00 +01:00
7120,FR,STA-FR04018,NO2,25.75,µg/m3,2013-05-26 20:00:00 +01:00
7121,FR,STA-FR04018,NO2,37.25,µg/m3,2013-05-26 22:00:00 +01:00
7122,FR,STA-FR04018,NO2,12.5,µg/m3,2013-05-26 18:00:00 +01:00
7123,FR,STA-FR04018,NO2,14.5,µg/m3,2013-05-26 19:00:00 +01:00
7124,FR,STA-FR04018,NO2,57.25,µg/m3,2013-05-27 01:00:00 +01:00
7125,FR,STA-FR04018,NO2,58.0,µg/m3,2013-05-27 03:00:00 +01:00
7126,FR,STA-FR04018,NO2,17.75,µg/m3,2013-05-26 09:00:00 +01:00
7127,FR,STA-FR04018,NO2,21.5,µg/m3,2013-05-26 00:00:00 +01:00
7128,FR,STA-FR04018,NO2,23.0,µg/m3,2013-05-26 08:00:00 +01:00
7129,FR,STA-FR04018,NO2,31.0,µg/m3,2013-05-26 07:00:00 +01:00
7130,FR,STA-FR04018,NO2,28.5,µg/m3,2013-05-26 06:00:00 +01:00
7131,FR,STA-FR04018,NO2,26.25,µg/m3,2013-05-26 03:00:00 +01:00
7132,FR,STA-FR04018,NO2,24.75,µg/m3,2013-05-26 05:00:00 +01:00
7133,FR,STA-FR04018,NO2,16.25,µg/m3,2013-05-26 02:00:00 +01:00
7134,FR,STA-FR04018,NO2,22.5,µg/m3,2013-05-26 04:00:00 +01:00
7135,FR,STA-FR04018,NO2,19.5,µg/m3,2013-05-25 18:00:00 +01:00
7136,FR,STA-FR04018,NO2,22.25,µg/m3,2013-05-26 01:00:00 +01:00
7137,FR,STA-FR04018,NO2,9.5,µg/m3,2013-05-25 11:00:00 +01:00
7138,FR,STA-FR04018,NO2,9.5,µg/m3,2013-05-25 12:00:00 +01:00
7139,FR,STA-FR04018,NO2,12.75,µg/m3,2013-05-25 16:00:00 +01:00
7140,FR,STA-FR04018,NO2,11.75,µg/m3,2013-05-25 17:00:00 +01:00
7141,FR,STA-FR04018,NO2,22.75,µg/m3,2013-05-25 19:00:00 +01:00
7142,FR,STA-FR04018,NO2,59.25,µg/m3,2013-05-24 07:00:00 +01:00
7143,FR,STA-FR04018,NO2,47.0,µg/m3,2013-05-24 15:00:00 +01:00
7144,FR,STA-FR04018,NO2,29.0,µg/m3,2013-05-23 15:00:00 +01:00
7145,FR,STA-FR04018,NO2,17.75,µg/m3,2013-05-25 03:00:00 +01:00
7146,FR,STA-FR04018,NO2,48.5,µg/m3,2013-05-24 21:00:00 +01:00
7147,FR,STA-FR04018,NO2,54.75,µg/m3,2013-05-24 19:00:00 +01:00
7148,FR,STA-FR04018,NO2,30.75,µg/m3,2013-05-24 12:00:00 +01:00
7149,FR,STA-FR04018,NO2,15.25,µg/m3,2013-05-25 04:00:00 +01:00
7150,FR,STA-FR04018,NO2,16.75,µg/m3,2013-05-25 05:00:00 +01:00
7151,FR,STA-FR04018,NO2,55.5,µg/m3,2013-05-24 23:00:00 +01:00
7152,FR,STA-FR04018,NO2,62.5,µg/m3,2013-05-25 00:00:00 +01:00
7153,FR,STA-FR04018,NO2,22.75,µg/m3,2013-05-25 02:00:00 +01:00
7154,FR,STA-FR04018,NO2,53.25,µg/m3,2013-05-24 18:00:00 +01:00
7155,FR,STA-FR04018,NO2,20.0,µg/m3,2013-05-23 02:00:00 +01:00
7156,FR,STA-FR04018,NO2,9.5,µg/m3,2013-05-22 03:00:00 +01:00
7157,FR,STA-FR04018,NO2,41.75,µg/m3,2013-05-22 23:00:00 +01:00
7158,FR,STA-FR04018,NO2,19.0,µg/m3,2013-05-23 01:00:00 +01:00
7159,FR,STA-FR04018,NO2,39.75,µg/m3,2013-05-22 20:00:00 +01:00
7160,FR,STA-FR04018,NO2,13.25,µg/m3,2013-05-22 16:00:00 +01:00
7161,FR,STA-FR04018,NO2,29.0,µg/m3,2013-05-22 22:00:00 +01:00
7162,FR,STA-FR04018,NO2,9.25,µg/m3,2013-05-22 01:00:00 +01:00
7163,FR,STA-FR04018,NO2,28.5,µg/m3,2013-05-24 01:00:00 +01:00
7164,FR,STA-FR04018,NO2,18.0,µg/m3,2013-05-23 14:00:00 +01:00
7165,FR,STA-FR04018,NO2,19.0,µg/m3,2013-05-23 16:00:00 +01:00
7166,FR,STA-FR04018,NO2,46.25,µg/m3,2013-05-24 03:00:00 +01:00
7167,FR,STA-FR04018,NO2,58.0,µg/m3,2013-05-24 08:00:00 +01:00
7168,FR,STA-FR04018,NO2,31.5,µg/m3,2013-05-24 11:00:00 +01:00
7169,FR,STA-FR04018,NO2,26.5,µg/m3,2013-05-24 13:00:00 +01:00
7170,FR,STA-FR04018,NO2,49.25,µg/m3,2013-05-24 05:00:00 +01:00
7171,FR,STA-FR04018,NO2,29.75,µg/m3,2013-05-23 18:00:00 +01:00
7172,FR,STA-FR04018,NO2,20.0,µg/m3,2013-05-23 13:00:00 +01:00
7173,FR,STA-FR04018,NO2,23.0,µg/m3,2013-05-23 21:00:00 +01:00
7174,FR,STA-FR04018,NO2,28.25,µg/m3,2013-05-23 20:00:00 +01:00
7175,FR,STA-FR04018,NO2,23.0,µg/m3,2013-05-23 22:00:00 +01:00
7176,FR,STA-FR04018,NO2,29.25,µg/m3,2013-05-23 17:00:00 +01:00
7177,FR,STA-FR04018,NO2,31.0,µg/m3,2013-05-23 19:00:00 +01:00
7178,FR,STA-FR04018,NO2,31.0,µg/m3,2013-05-24 00:00:00 +01:00
7179,FR,STA-FR04018,NO2,38.75,µg/m3,2013-05-21 08:00:00 +01:00
7180,FR,STA-FR04018,NO2,33.75,µg/m3,2013-05-21 12:00:00 +01:00
7181,FR,STA-FR04018,NO2,33.75,µg/m3,2013-05-21 09:00:00 +01:00
7182,FR,STA-FR04018,NO2,30.75,µg/m3,2013-05-21 11:00:00 +01:00
7183,FR,STA-FR04018,NO2,28.75,µg/m3,2013-05-21 02:00:00 +01:00
7184,FR,STA-FR04018,NO2,50.0,µg/m3,2013-05-21 05:00:00 +01:00
7185,FR,STA-FR04018,NO2,36.0,µg/m3,2013-05-20 23:00:00 +01:00
7186,FR,STA-FR04018,NO2,16.0,µg/m3,2013-05-22 17:00:00 +01:00
7187,FR,STA-FR04018,NO2,15.5,µg/m3,2013-05-22 09:00:00 +01:00
7188,FR,STA-FR04018,NO2,24.5,µg/m3,2013-05-22 06:00:00 +01:00
7189,FR,STA-FR04018,NO2,22.0,µg/m3,2013-05-21 19:00:00 +01:00
7191,FR,STA-FR04018,NO2,13.0,µg/m3,2013-05-22 12:00:00 +01:00
7192,FR,STA-FR04018,NO2,25.75,µg/m3,2013-05-22 05:00:00 +01:00
7193,FR,STA-FR04018,NO2,14.75,µg/m3,2013-05-21 21:00:00 +01:00
7194,FR,STA-FR04018,NO2,29.75,µg/m3,2013-05-21 15:00:00 +01:00
7195,FR,STA-FR04018,NO2,39.25,µg/m3,2013-05-21 18:00:00 +01:00
7196,FR,STA-FR04018,NO2,13.75,µg/m3,2013-05-22 13:00:00 +01:00
7197,FR,STA-FR04018,NO2,19.0,µg/m3,2013-05-20 02:00:00 +01:00
7198,FR,STA-FR04018,NO2,25.5,µg/m3,2013-05-20 05:00:00 +01:00
7199,FR,STA-FR04018,NO2,27.5,µg/m3,2013-05-20 13:00:00 +01:00
7200,FR,STA-FR04018,NO2,38.75,µg/m3,2013-05-19 23:00:00 +01:00
7201,FR,STA-FR04018,NO2,34.75,µg/m3,2013-05-20 11:00:00 +01:00
7202,FR,STA-FR04018,NO2,33.5,µg/m3,2013-05-20 09:00:00 +01:00
7203,FR,STA-FR04018,NO2,38.25,µg/m3,2013-05-20 00:00:00 +01:00
7204,FR,STA-FR04018,NO2,18.5,µg/m3,2013-05-19 11:00:00 +01:00
7205,FR,STA-FR04018,NO2,32.5,µg/m3,2013-05-20 07:00:00 +01:00
7206,FR,STA-FR04018,NO2,22.5,µg/m3,2013-05-20 04:00:00 +01:00
7207,FR,STA-FR04018,NO2,31.0,µg/m3,2013-05-19 22:00:00 +01:00
7208,FR,STA-FR04018,NO2,26.75,µg/m3,2013-05-20 15:00:00 +01:00
7209,FR,STA-FR04018,NO2,46.25,µg/m3,2013-05-20 18:00:00 +01:00
7210,FR,STA-FR04018,NO2,30.5,µg/m3,2013-05-20 16:00:00 +01:00
7211,FR,STA-FR04018,NO2,32.0,µg/m3,2013-05-20 22:00:00 +01:00
7212,FR,STA-FR04018,NO2,42.75,µg/m3,2013-05-20 20:00:00 +01:00
7213,FR,STA-FR04018,NO2,24.25,µg/m3,2013-05-18 20:00:00 +01:00
7214,FR,STA-FR04018,NO2,24.25,µg/m3,2013-05-19 00:00:00 +01:00
7215,FR,STA-FR04018,NO2,12.25,µg/m3,2013-05-19 03:00:00 +01:00
7216,FR,STA-FR04018,NO2,15.0,µg/m3,2013-05-19 08:00:00 +01:00
7217,FR,STA-FR04018,NO2,14.75,µg/m3,2013-05-19 04:00:00 +01:00
7218,FR,STA-FR04018,NO2,49.0,µg/m3,2013-05-19 18:00:00 +01:00
7219,FR,STA-FR04018,NO2,17.0,µg/m3,2013-05-19 16:00:00 +01:00
7220,FR,STA-FR04018,NO2,14.75,µg/m3,2013-05-19 07:00:00 +01:00
7221,FR,STA-FR04018,NO2,11.0,µg/m3,2013-05-19 12:00:00 +01:00
7222,FR,STA-FR04018,NO2,49.25,µg/m3,2013-05-18 01:00:00 +01:00
7223,FR,STA-FR04018,NO2,46.25,µg/m3,2013-05-17 22:00:00 +01:00
7224,FR,STA-FR04018,NO2,52.75,µg/m3,2013-05-18 05:00:00 +01:00
7225,FR,STA-FR04018,NO2,55.5,µg/m3,2013-05-18 06:00:00 +01:00
7226,FR,STA-FR04018,NO2,39.25,µg/m3,2013-05-18 03:00:00 +01:00
7227,FR,STA-FR04018,NO2,17.5,µg/m3,2013-05-18 08:00:00 +01:00
7228,FR,STA-FR04018,NO2,15.5,µg/m3,2013-05-18 09:00:00 +01:00
7229,FR,STA-FR04018,NO2,14.25,µg/m3,2013-05-18 15:00:00 +01:00
7230,FR,STA-FR04018,NO2,14.5,µg/m3,2013-05-18 12:00:00 +01:00
7231,FR,STA-FR04018,NO2,14.75,µg/m3,2013-05-18 14:00:00 +01:00
7232,FR,STA-FR04018,NO2,51.75,µg/m3,2013-05-17 02:00:00 +01:00
7233,FR,STA-FR04018,NO2,49.5,µg/m3,2013-05-17 04:00:00 +01:00
7234,FR,STA-FR04018,NO2,58.75,µg/m3,2013-05-17 01:00:00 +01:00
7235,FR,STA-FR04018,NO2,39.75,µg/m3,2013-05-17 03:00:00 +01:00
7236,FR,STA-FR04018,NO2,39.75,µg/m3,2013-05-17 09:00:00 +01:00
7237,FR,STA-FR04018,NO2,63.25,µg/m3,2013-05-17 06:00:00 +01:00
7238,FR,STA-FR04018,NO2,53.75,µg/m3,2013-05-17 07:00:00 +01:00
7239,FR,STA-FR04018,NO2,21.5,µg/m3,2013-05-17 19:00:00 +01:00
7240,FR,STA-FR04018,NO2,21.75,µg/m3,2013-05-17 18:00:00 +01:00
7241,FR,STA-FR04018,NO2,41.0,µg/m3,2013-05-17 23:00:00 +01:00
7242,FR,STA-FR04018,NO2,18.75,µg/m3,2013-05-17 16:00:00 +01:00
7243,FR,STA-FR04018,NO2,28.75,µg/m3,2013-05-17 11:00:00 +01:00
7244,FR,STA-FR04018,NO2,20.0,µg/m3,2013-05-17 12:00:00 +01:00
7245,FR,STA-FR04018,NO2,17.5,µg/m3,2013-05-17 15:00:00 +01:00
7246,FR,STA-FR04018,NO2,16.75,µg/m3,2013-05-14 04:00:00 +01:00
7247,FR,STA-FR04018,NO2,26.25,µg/m3,2013-05-13 20:00:00 +01:00
7248,FR,STA-FR04018,NO2,20.75,µg/m3,2013-05-13 22:00:00 +01:00
7249,FR,STA-FR04018,NO2,8.0,µg/m3,2013-05-14 01:00:00 +01:00
7250,FR,STA-FR04018,NO2,20.25,µg/m3,2013-05-13 12:00:00 +01:00
7251,FR,STA-FR04018,NO2,31.0,µg/m3,2013-05-13 14:00:00 +01:00
7252,FR,STA-FR04018,NO2,20.5,µg/m3,2013-05-13 16:00:00 +01:00
7253,FR,STA-FR04018,NO2,41.5,µg/m3,2013-05-13 06:00:00 +01:00
7254,FR,STA-FR04018,NO2,25.0,µg/m3,2013-05-14 12:00:00 +01:00
7255,FR,STA-FR04018,NO2,32.5,µg/m3,2013-05-14 13:00:00 +01:00
7256,FR,STA-FR04018,NO2,56.25,µg/m3,2013-05-14 07:00:00 +01:00
7257,FR,STA-FR04018,NO2,40.25,µg/m3,2013-05-14 10:00:00 +01:00
7258,FR,STA-FR04018,NO2,47.5,µg/m3,2013-05-14 06:00:00 +01:00
7259,FR,STA-FR04018,NO2,10.25,µg/m3,2013-05-14 03:00:00 +01:00
7260,FR,STA-FR04018,NO2,18.0,µg/m3,2013-05-14 21:00:00 +01:00
7261,FR,STA-FR04018,NO2,11.5,µg/m3,2013-05-15 03:00:00 +01:00
7262,FR,STA-FR04018,NO2,16.25,µg/m3,2013-05-14 23:00:00 +01:00
7263,FR,STA-FR04018,NO2,14.0,µg/m3,2013-05-15 00:00:00 +01:00
7264,FR,STA-FR04018,NO2,27.25,µg/m3,2013-05-14 18:00:00 +01:00
7265,FR,STA-FR04018,NO2,25.25,µg/m3,2013-05-14 19:00:00 +01:00
7266,FR,STA-FR04018,NO2,34.5,µg/m3,2013-05-14 15:00:00 +01:00
7267,FR,STA-FR04018,NO2,52.25,µg/m3,2013-05-16 12:00:00 +01:00
7268,FR,STA-FR04018,NO2,50.25,µg/m3,2013-05-16 15:00:00 +01:00
7269,FR,STA-FR04018,NO2,52.75,µg/m3,2013-05-16 17:00:00 +01:00
7270,FR,STA-FR04018,NO2,47.25,µg/m3,2013-05-16 10:00:00 +01:00
7271,FR,STA-FR04018,NO2,38.75,µg/m3,2013-05-16 21:00:00 +01:00
7272,FR,STA-FR04018,NO2,56.5,µg/m3,2013-05-16 22:00:00 +01:00
7273,FR,STA-FR04018,NO2,56.25,µg/m3,2013-05-16 06:00:00 +01:00
7274,FR,STA-FR04018,NO2,26.0,µg/m3,2013-05-15 18:00:00 +01:00
7275,FR,STA-FR04018,NO2,60.75,µg/m3,2013-05-16 07:00:00 +01:00
7276,FR,STA-FR04018,NO2,27.75,µg/m3,2013-05-16 03:00:00 +01:00
7277,FR,STA-FR04018,NO2,26.0,µg/m3,2013-05-16 02:00:00 +01:00
7278,FR,STA-FR04018,NO2,35.75,µg/m3,2013-05-15 09:00:00 +01:00
7279,FR,STA-FR04018,NO2,24.75,µg/m3,2013-05-15 12:00:00 +01:00
7280,FR,STA-FR04018,NO2,45.25,µg/m3,2013-05-15 06:00:00 +01:00
7281,FR,STA-FR04018,NO2,48.25,µg/m3,2013-05-15 07:00:00 +01:00
7282,FR,STA-FR04018,NO2,41.0,µg/m3,2013-05-15 08:00:00 +01:00
7283,FR,STA-FR04018,NO2,33.75,µg/m3,2013-05-15 05:00:00 +01:00
7284,FR,STA-FR04018,NO2,28.0,µg/m3,2013-05-15 13:00:00 +01:00
7285,FR,STA-FR04018,NO2,26.5,µg/m3,2013-05-15 17:00:00 +01:00
7286,FR,STA-FR04018,NO2,31.25,µg/m3,2013-05-15 19:00:00 +01:00
7287,FR,STA-FR04018,NO2,25.5,µg/m3,2013-05-15 14:00:00 +01:00
7288,FR,STA-FR04018,NO2,29.0,µg/m3,2013-05-15 22:00:00 +01:00
7289,FR,STA-FR04018,NO2,28.0,µg/m3,2013-05-16 00:00:00 +01:00
7290,FR,STA-FR04018,NO2,8.75,µg/m3,2013-07-07 16:00:00 +01:00
7291,FR,STA-FR04018,NO2,14.0,µg/m3,2013-07-07 19:00:00 +01:00
7292,FR,STA-FR04018,NO2,11.25,µg/m3,2013-07-07 14:00:00 +01:00
7293,FR,STA-FR04018,NO2,20.25,µg/m3,2013-07-07 21:00:00 +01:00
7294,FR,STA-FR04018,NO2,15.5,µg/m3,2013-07-07 07:00:00 +01:00
7295,FR,STA-FR04018,NO2,14.25,µg/m3,2013-07-08 03:00:00 +01:00
7296,FR,STA-FR04018,NO2,40.5,µg/m3,2013-07-08 06:00:00 +01:00
7297,FR,STA-FR04018,NO2,20.0,µg/m3,2013-07-08 11:00:00 +01:00
7298,FR,STA-FR04018,NO2,9.75,µg/m3,2013-07-07 17:00:00 +01:00
7299,FR,STA-FR04018,NO2,18.75,µg/m3,2013-07-07 22:00:00 +01:00
7300,FR,STA-FR04018,NO2,20.5,µg/m3,2013-07-08 04:00:00 +01:00
7301,FR,STA-FR04018,NO2,13.5,µg/m3,2013-07-07 11:00:00 +01:00
7302,FR,STA-FR04018,NO2,13.5,µg/m3,2013-07-07 08:00:00 +01:00
7303,FR,STA-FR04018,NO2,15.75,µg/m3,2013-07-07 10:00:00 +01:00
7304,FR,STA-FR04018,NO2,11.5,µg/m3,2013-07-06 17:00:00 +01:00
7305,FR,STA-FR04018,NO2,17.5,µg/m3,2013-07-06 19:00:00 +01:00
7306,FR,STA-FR04018,NO2,20.5,µg/m3,2013-07-07 01:00:00 +01:00
7307,FR,STA-FR04018,NO2,21.75,µg/m3,2013-07-06 10:00:00 +01:00
7308,FR,STA-FR04018,NO2,23.25,µg/m3,2013-07-06 21:00:00 +01:00
7309,FR,STA-FR04018,NO2,9.0,µg/m3,2013-07-06 13:00:00 +01:00
7310,FR,STA-FR04018,NO2,11.0,µg/m3,2013-07-06 15:00:00 +01:00
7311,FR,STA-FR04018,NO2,25.0,µg/m3,2013-07-05 04:00:00 +01:00
7312,FR,STA-FR04018,NO2,22.75,µg/m3,2013-07-04 20:00:00 +01:00
7313,FR,STA-FR04018,NO2,29.75,µg/m3,2013-07-05 06:00:00 +01:00
7314,FR,STA-FR04018,NO2,21.5,µg/m3,2013-07-04 13:00:00 +01:00
7315,FR,STA-FR04018,NO2,29.0,µg/m3,2013-07-05 10:00:00 +01:00
7316,FR,STA-FR04018,NO2,31.5,µg/m3,2013-07-05 01:00:00 +01:00
7317,FR,STA-FR04018,NO2,41.5,µg/m3,2013-07-05 23:00:00 +01:00
7318,FR,STA-FR04018,NO2,22.75,µg/m3,2013-07-06 01:00:00 +01:00
7319,FR,STA-FR04018,NO2,34.25,µg/m3,2013-07-04 21:00:00 +01:00
7320,FR,STA-FR04018,NO2,22.75,µg/m3,2013-07-05 05:00:00 +01:00
7321,FR,STA-FR04018,NO2,26.5,µg/m3,2013-07-06 04:00:00 +01:00
7322,FR,STA-FR04018,NO2,20.75,µg/m3,2013-07-04 14:00:00 +01:00
7323,FR,STA-FR04018,NO2,22.5,µg/m3,2013-07-06 08:00:00 +01:00
7324,FR,STA-FR04018,NO2,34.5,µg/m3,2013-07-06 05:00:00 +01:00
7325,FR,STA-FR04018,NO2,42.25,µg/m3,2013-07-06 00:00:00 +01:00
7326,FR,STA-FR04018,NO2,23.25,µg/m3,2013-07-06 07:00:00 +01:00
7327,FR,STA-FR04018,NO2,27.25,µg/m3,2013-07-01 12:00:00 +01:00
7328,FR,STA-FR04018,NO2,39.75,µg/m3,2013-06-30 23:00:00 +01:00
7329,FR,STA-FR04018,NO2,43.25,µg/m3,2013-07-01 05:00:00 +01:00
7330,FR,STA-FR04018,NO2,41.25,µg/m3,2013-07-01 04:00:00 +01:00
7331,FR,STA-FR04018,NO2,29.0,µg/m3,2013-07-01 14:00:00 +01:00
7332,FR,STA-FR04018,NO2,29.75,µg/m3,2013-07-01 09:00:00 +01:00
7333,FR,STA-FR04018,NO2,35.0,µg/m3,2013-07-01 02:00:00 +01:00
7335,FR,STA-FR04018,NO2,50.5,µg/m3,2013-07-01 06:00:00 +01:00
7336,FR,STA-FR04018,NO2,24.75,µg/m3,2013-07-01 15:00:00 +01:00
7337,FR,STA-FR04018,NO2,36.25,µg/m3,2013-07-01 08:00:00 +01:00
7338,FR,STA-FR04018,NO2,20.75,µg/m3,2013-07-01 19:00:00 +01:00
7339,FR,STA-FR04018,NO2,14.75,µg/m3,2013-07-01 20:00:00 +01:00
7340,FR,STA-FR04018,NO2,17.75,µg/m3,2013-07-01 21:00:00 +01:00
7341,FR,STA-FR04018,NO2,16.75,µg/m3,2013-07-02 00:00:00 +01:00
7342,FR,STA-FR04018,NO2,55.5,µg/m3,2013-07-02 10:00:00 +01:00
7343,FR,STA-FR04018,NO2,38.5,µg/m3,2013-07-02 13:00:00 +01:00
7344,FR,STA-FR04018,NO2,15.0,µg/m3,2013-07-01 22:00:00 +01:00
7345,FR,STA-FR04018,NO2,18.75,µg/m3,2013-07-02 01:00:00 +01:00
7346,FR,STA-FR04018,NO2,45.5,µg/m3,2013-07-02 15:00:00 +01:00
7347,FR,STA-FR04018,NO2,48.5,µg/m3,2013-07-02 05:00:00 +01:00
7348,FR,STA-FR04018,NO2,39.0,µg/m3,2013-07-02 17:00:00 +01:00
7349,FR,STA-FR04018,NO2,25.75,µg/m3,2013-07-02 22:00:00 +01:00
7350,FR,STA-FR04018,NO2,36.5,µg/m3,2013-07-02 19:00:00 +01:00
7351,FR,STA-FR04018,NO2,36.0,µg/m3,2013-07-02 12:00:00 +01:00
7352,FR,STA-FR04018,NO2,61.0,µg/m3,2013-07-02 09:00:00 +01:00
7353,FR,STA-FR04018,NO2,31.0,µg/m3,2013-07-04 07:00:00 +01:00
7354,FR,STA-FR04018,NO2,38.0,µg/m3,2013-07-04 06:00:00 +01:00
7355,FR,STA-FR04018,NO2,14.25,µg/m3,2013-07-04 01:00:00 +01:00
7356,FR,STA-FR04018,NO2,22.75,µg/m3,2013-07-03 13:00:00 +01:00
7357,FR,STA-FR04018,NO2,20.0,µg/m3,2013-07-03 21:00:00 +01:00
7358,FR,STA-FR04018,NO2,20.75,µg/m3,2013-07-04 12:00:00 +01:00
7359,FR,STA-FR04018,NO2,36.25,µg/m3,2013-07-04 05:00:00 +01:00
7360,FR,STA-FR04018,NO2,26.5,µg/m3,2013-07-03 09:00:00 +01:00
7361,FR,STA-FR04018,NO2,16.75,µg/m3,2013-07-03 11:00:00 +01:00
7362,FR,STA-FR04018,NO2,16.25,µg/m3,2013-07-03 18:00:00 +01:00
7363,FR,STA-FR04018,NO2,16.25,µg/m3,2013-07-03 19:00:00 +01:00
7364,FR,STA-FR04018,NO2,40.25,µg/m3,2013-07-03 07:00:00 +01:00
7365,FR,STA-FR04018,NO2,27.0,µg/m3,2013-07-03 10:00:00 +01:00
7366,FR,STA-FR04018,NO2,38.25,µg/m3,2013-07-03 06:00:00 +01:00
7367,FR,STA-FR04018,NO2,9.0,µg/m3,2013-07-03 00:00:00 +01:00
7368,FR,STA-FR04018,NO2,44.5,µg/m3,2013-07-02 16:00:00 +01:00
7369,FR,STA-FR04018,NO2,42.25,µg/m3,2013-07-02 21:00:00 +01:00
7370,FR,STA-FR04018,NO2,9.0,µg/m3,2013-07-03 03:00:00 +01:00
7371,FR,STA-FR04018,NO2,19.75,µg/m3,2013-07-03 05:00:00 +01:00
7372,FR,STA-FR04018,NO2,16.0,µg/m3,2013-07-09 01:00:00 +01:00
7373,FR,STA-FR04018,NO2,18.5,µg/m3,2013-07-08 20:00:00 +01:00
7374,FR,STA-FR04018,NO2,14.0,µg/m3,2013-07-08 16:00:00 +01:00
7375,FR,STA-FR04018,NO2,32.0,µg/m3,2013-07-08 09:00:00 +01:00
7376,FR,STA-FR04018,NO2,15.0,µg/m3,2013-07-08 14:00:00 +01:00
7377,FR,STA-FR04018,NO2,16.25,µg/m3,2013-07-08 18:00:00 +01:00
7378,FR,STA-FR04018,NO2,26.75,µg/m3,2013-07-08 22:00:00 +01:00
7379,FR,STA-FR04018,NO2,15.0,µg/m3,2013-07-09 16:00:00 +01:00
7380,FR,STA-FR04018,NO2,16.0,µg/m3,2013-07-09 19:00:00 +01:00
7381,FR,STA-FR04018,NO2,19.25,µg/m3,2013-07-09 04:00:00 +01:00
7382,FR,STA-FR04018,NO2,15.0,µg/m3,2013-07-09 13:00:00 +01:00
7383,FR,STA-FR04018,NO2,35.25,µg/m3,2013-07-09 09:00:00 +01:00
7384,FR,STA-FR04018,NO2,43.75,µg/m3,2013-07-09 08:00:00 +01:00
7385,FR,STA-FR04018,NO2,23.5,µg/m3,2013-07-09 23:00:00 +01:00
7386,FR,STA-FR04018,NO2,28.0,µg/m3,2013-07-09 10:00:00 +01:00
7387,FR,STA-FR04018,NO2,35.25,µg/m3,2013-07-10 06:00:00 +01:00
7388,FR,STA-FR04018,NO2,22.5,µg/m3,2013-07-10 00:00:00 +01:00
7389,FR,STA-FR04018,NO2,21.5,µg/m3,2013-07-10 01:00:00 +01:00
7390,FR,STA-FR04018,NO2,23.5,µg/m3,2013-07-10 11:00:00 +01:00
7391,FR,STA-FR04018,NO2,20.5,µg/m3,2013-07-09 21:00:00 +01:00
7392,FR,STA-FR04018,NO2,18.0,µg/m3,2013-07-09 12:00:00 +01:00
7393,FR,STA-FR04018,NO2,14.75,µg/m3,2013-07-10 15:00:00 +01:00
7394,FR,STA-FR04018,NO2,34.5,µg/m3,2013-07-10 09:00:00 +01:00
7395,FR,STA-FR04018,NO2,33.5,µg/m3,2013-07-10 07:00:00 +01:00
7396,FR,STA-FR04018,NO2,17.5,µg/m3,2013-07-10 13:00:00 +01:00
7397,FR,STA-FR04018,NO2,21.25,µg/m3,2013-07-10 02:00:00 +01:00
7398,FR,STA-FR04018,NO2,33.0,µg/m3,2013-07-10 08:00:00 +01:00
7399,FR,STA-FR04018,NO2,13.75,µg/m3,2013-07-10 22:00:00 +01:00
7400,FR,STA-FR04018,NO2,13.75,µg/m3,2013-07-10 21:00:00 +01:00
7401,FR,STA-FR04018,NO2,33.25,µg/m3,2013-07-10 05:00:00 +01:00
7402,FR,STA-FR04018,NO2,12.5,µg/m3,2013-07-11 03:00:00 +01:00
7403,FR,STA-FR04018,NO2,21.75,µg/m3,2013-07-11 23:00:00 +01:00
7404,FR,STA-FR04018,NO2,18.25,µg/m3,2013-07-12 00:00:00 +01:00
7405,FR,STA-FR04018,NO2,27.5,µg/m3,2013-07-11 22:00:00 +01:00
7406,FR,STA-FR04018,NO2,10.5,µg/m3,2013-07-11 02:00:00 +01:00
7407,FR,STA-FR04018,NO2,16.25,µg/m3,2013-07-11 14:00:00 +01:00
7408,FR,STA-FR04018,NO2,19.5,µg/m3,2013-07-11 05:00:00 +01:00
7409,FR,STA-FR04018,NO2,15.75,µg/m3,2013-07-11 04:00:00 +01:00
7410,FR,STA-FR04018,NO2,28.25,µg/m3,2013-07-11 06:00:00 +01:00
7411,FR,STA-FR04018,NO2,18.25,µg/m3,2013-07-11 10:00:00 +01:00
7412,FR,STA-FR04018,NO2,16.0,µg/m3,2013-07-11 18:00:00 +01:00
7413,FR,STA-FR04018,NO2,26.25,µg/m3,2013-07-12 23:00:00 +01:00
7414,FR,STA-FR04018,NO2,10.75,µg/m3,2013-07-13 16:00:00 +01:00
7415,FR,STA-FR04018,NO2,12.75,µg/m3,2013-07-13 10:00:00 +01:00
7416,FR,STA-FR04018,NO2,11.25,µg/m3,2013-07-13 17:00:00 +01:00
7417,FR,STA-FR04018,NO2,31.0,µg/m3,2013-07-12 05:00:00 +01:00
7418,FR,STA-FR04018,NO2,14.5,µg/m3,2013-07-11 17:00:00 +01:00
7419,FR,STA-FR04018,NO2,25.5,µg/m3,2013-07-12 10:00:00 +01:00
7420,FR,STA-FR04018,NO2,22.0,µg/m3,2013-07-12 13:00:00 +01:00
7421,FR,STA-FR04018,NO2,15.75,µg/m3,2013-07-12 03:00:00 +01:00
7422,FR,STA-FR04018,NO2,22.75,µg/m3,2013-07-12 21:00:00 +01:00
7423,FR,STA-FR04018,NO2,36.0,µg/m3,2013-07-12 07:00:00 +01:00
7424,FR,STA-FR04018,NO2,15.75,µg/m3,2013-07-12 17:00:00 +01:00
7425,FR,STA-FR04018,NO2,15.5,µg/m3,2013-07-12 16:00:00 +01:00
7426,FR,STA-FR04018,NO2,10.0,µg/m3,2013-07-11 01:00:00 +01:00
7427,FR,STA-FR04018,NO2,18.0,µg/m3,2013-07-12 19:00:00 +01:00
7428,FR,STA-FR04018,NO2,12.25,µg/m3,2013-07-14 10:00:00 +01:00
7429,FR,STA-FR04018,NO2,86.75,µg/m3,2013-07-15 08:00:00 +01:00
7430,FR,STA-FR04018,NO2,68.5,µg/m3,2013-07-14 22:00:00 +01:00
7431,FR,STA-FR04018,NO2,52.25,µg/m3,2013-07-15 00:00:00 +01:00
7432,FR,STA-FR04018,NO2,73.25,µg/m3,2013-07-14 23:00:00 +01:00
7434,FR,STA-FR04018,NO2,13.5,µg/m3,2013-07-14 08:00:00 +01:00
7435,FR,STA-FR04018,NO2,62.0,µg/m3,2013-07-15 05:00:00 +01:00
7436,FR,STA-FR04018,NO2,12.25,µg/m3,2013-07-15 15:00:00 +01:00
7437,FR,STA-FR04018,NO2,20.0,µg/m3,2013-07-15 13:00:00 +01:00
7438,FR,STA-FR04018,NO2,21.0,µg/m3,2013-07-15 12:00:00 +01:00
7439,FR,STA-FR04018,NO2,84.25,µg/m3,2013-07-15 06:00:00 +01:00
7440,FR,STA-FR04018,NO2,11.5,µg/m3,2013-07-13 11:00:00 +01:00
7441,FR,STA-FR04018,NO2,24.25,µg/m3,2013-07-14 02:00:00 +01:00
7442,FR,STA-FR04018,NO2,8.75,µg/m3,2013-07-13 15:00:00 +01:00
7443,FR,STA-FR04018,NO2,24.0,µg/m3,2013-07-14 03:00:00 +01:00
7444,FR,STA-FR04018,NO2,48.5,µg/m3,2013-07-14 00:00:00 +01:00
7445,FR,STA-FR04018,NO2,22.0,µg/m3,2013-07-14 05:00:00 +01:00
7446,FR,STA-FR04018,NO2,7.75,µg/m3,2013-07-14 15:00:00 +01:00
7447,FR,STA-FR04018,NO2,9.25,µg/m3,2013-07-14 13:00:00 +01:00
7448,FR,STA-FR04018,NO2,15.75,µg/m3,2013-07-14 07:00:00 +01:00
7449,FR,STA-FR04018,NO2,9.0,µg/m3,2013-07-14 17:00:00 +01:00
7450,FR,STA-FR04018,NO2,24.0,µg/m3,2013-07-14 20:00:00 +01:00
7451,FR,STA-FR04018,NO2,40.25,µg/m3,2013-07-01 03:00:00 +01:00
7452,FR,STA-FR04018,NO2,13.5,µg/m3,2013-06-30 19:00:00 +01:00
7453,FR,STA-FR04018,NO2,36.75,µg/m3,2013-07-01 01:00:00 +01:00
7454,FR,STA-FR04018,NO2,10.0,µg/m3,2013-06-30 16:00:00 +01:00
7455,FR,STA-FR04018,NO2,45.5,µg/m3,2013-06-30 22:00:00 +01:00
7456,FR,STA-FR04018,NO2,17.0,µg/m3,2013-06-30 18:00:00 +01:00
7457,FR,STA-FR04018,NO2,8.75,µg/m3,2013-06-30 15:00:00 +01:00
7458,FR,STA-FR04018,NO2,8.75,µg/m3,2013-06-29 17:00:00 +01:00
7459,FR,STA-FR04018,NO2,10.25,µg/m3,2013-06-30 12:00:00 +01:00
7460,FR,STA-FR04018,NO2,18.0,µg/m3,2013-06-30 09:00:00 +01:00
7461,FR,STA-FR04018,NO2,55.25,µg/m3,2013-06-30 05:00:00 +01:00
7462,FR,STA-FR04018,NO2,19.5,µg/m3,2013-06-30 03:00:00 +01:00
7463,FR,STA-FR04018,NO2,9.0,µg/m3,2013-06-29 16:00:00 +01:00
7464,FR,STA-FR04018,NO2,11.25,µg/m3,2013-06-29 18:00:00 +01:00
7465,FR,STA-FR04018,NO2,41.0,µg/m3,2013-06-30 01:00:00 +01:00
7466,FR,STA-FR04018,NO2,8.25,µg/m3,2013-06-29 12:00:00 +01:00
7467,FR,STA-FR04018,NO2,40.75,µg/m3,2013-06-30 07:00:00 +01:00
7468,FR,STA-FR04018,NO2,15.5,µg/m3,2013-06-29 05:00:00 +01:00
7469,FR,STA-FR04018,NO2,9.5,µg/m3,2013-06-29 01:00:00 +01:00
7470,FR,STA-FR04018,NO2,10.75,µg/m3,2013-06-29 11:00:00 +01:00
7471,FR,STA-FR04018,NO2,14.75,µg/m3,2013-06-29 10:00:00 +01:00
7472,FR,STA-FR04018,NO2,15.5,µg/m3,2013-06-28 03:00:00 +01:00
7473,FR,STA-FR04018,NO2,59.25,µg/m3,2013-06-28 09:00:00 +01:00
7474,FR,STA-FR04018,NO2,45.75,µg/m3,2013-06-27 05:00:00 +01:00
7475,FR,STA-FR04018,NO2,17.0,µg/m3,2013-06-27 20:00:00 +01:00
7476,FR,STA-FR04018,NO2,15.0,µg/m3,2013-06-27 22:00:00 +01:00
7477,FR,STA-FR04018,NO2,14.5,µg/m3,2013-06-27 19:00:00 +01:00
7478,FR,STA-FR04018,NO2,10.25,µg/m3,2013-06-27 16:00:00 +01:00
7479,FR,STA-FR04018,NO2,15.25,µg/m3,2013-06-27 11:00:00 +01:00
7480,FR,STA-FR04018,NO2,10.0,µg/m3,2013-06-27 15:00:00 +01:00
7481,FR,STA-FR04018,NO2,19.5,µg/m3,2013-06-27 12:00:00 +01:00
7482,FR,STA-FR04018,NO2,72.0,µg/m3,2013-06-27 08:00:00 +01:00
7483,FR,STA-FR04018,NO2,25.0,µg/m3,2013-06-28 13:00:00 +01:00
7484,FR,STA-FR04018,NO2,25.75,µg/m3,2013-06-28 18:00:00 +01:00
7485,FR,STA-FR04018,NO2,44.0,µg/m3,2013-06-28 21:00:00 +01:00
7486,FR,STA-FR04018,NO2,15.0,µg/m3,2013-06-29 00:00:00 +01:00
7487,FR,STA-FR04018,NO2,7.0,µg/m3,2013-06-29 03:00:00 +01:00
7488,FR,STA-FR04018,NO2,10.75,µg/m3,2013-06-29 04:00:00 +01:00
7489,FR,STA-FR04018,NO2,41.0,µg/m3,2013-06-28 23:00:00 +01:00
7490,FR,STA-FR04018,NO2,36.0,µg/m3,2013-06-28 15:00:00 +01:00
7491,FR,STA-FR04018,NO2,6.5,µg/m3,2013-06-29 02:00:00 +01:00
7492,FR,STA-FR04018,NO2,16.75,µg/m3,2013-06-28 02:00:00 +01:00
7493,FR,STA-FR04018,NO2,63.5,µg/m3,2013-06-28 08:00:00 +01:00
7494,FR,STA-FR04018,NO2,27.0,µg/m3,2013-06-28 12:00:00 +01:00
7495,FR,STA-FR04018,NO2,25.0,µg/m3,2013-06-28 19:00:00 +01:00
7496,FR,STA-FR04018,NO2,29.75,µg/m3,2013-06-28 16:00:00 +01:00
7497,FR,STA-FR04018,NO2,31.0,µg/m3,2013-06-28 11:00:00 +01:00
7498,FR,STA-FR04018,NO2,5.5,µg/m3,2013-06-24 02:00:00 +01:00
7499,FR,STA-FR04018,NO2,10.5,µg/m3,2013-06-24 04:00:00 +01:00
7500,FR,STA-FR04018,NO2,12.5,µg/m3,2013-06-23 22:00:00 +01:00
7501,FR,STA-FR04018,NO2,27.25,µg/m3,2013-06-24 07:00:00 +01:00
7502,FR,STA-FR04018,NO2,7.75,µg/m3,2013-06-23 09:00:00 +01:00
7503,FR,STA-FR04018,NO2,8.0,µg/m3,2013-06-23 14:00:00 +01:00
7504,FR,STA-FR04018,NO2,10.0,µg/m3,2013-06-23 10:00:00 +01:00
7505,FR,STA-FR04018,NO2,14.25,µg/m3,2013-06-23 21:00:00 +01:00
7506,FR,STA-FR04018,NO2,7.5,µg/m3,2013-06-23 07:00:00 +01:00
7507,FR,STA-FR04018,NO2,24.25,µg/m3,2013-06-24 05:00:00 +01:00
7508,FR,STA-FR04018,NO2,5.25,µg/m3,2013-06-24 01:00:00 +01:00
7509,FR,STA-FR04018,NO2,25.75,µg/m3,2013-06-24 13:00:00 +01:00
7510,FR,STA-FR04018,NO2,33.25,µg/m3,2013-06-24 06:00:00 +01:00
7511,FR,STA-FR04018,NO2,13.25,µg/m3,2013-06-24 16:00:00 +01:00
7512,FR,STA-FR04018,NO2,18.75,µg/m3,2013-06-24 11:00:00 +01:00
7513,FR,STA-FR04018,NO2,17.0,µg/m3,2013-06-24 19:00:00 +01:00
7514,FR,STA-FR04018,NO2,20.5,µg/m3,2013-06-24 12:00:00 +01:00
7515,FR,STA-FR04018,NO2,14.0,µg/m3,2013-06-24 18:00:00 +01:00
7516,FR,STA-FR04018,NO2,52.5,µg/m3,2013-06-25 06:00:00 +01:00
7517,FR,STA-FR04018,NO2,14.5,µg/m3,2013-06-24 17:00:00 +01:00
7518,FR,STA-FR04018,NO2,56.25,µg/m3,2013-06-25 07:00:00 +01:00
7519,FR,STA-FR04018,NO2,13.0,µg/m3,2013-06-25 12:00:00 +01:00
7520,FR,STA-FR04018,NO2,51.5,µg/m3,2013-06-25 09:00:00 +01:00
7521,FR,STA-FR04018,NO2,39.0,µg/m3,2013-06-25 00:00:00 +01:00
7522,FR,STA-FR04018,NO2,24.0,µg/m3,2013-06-25 14:00:00 +01:00
7523,FR,STA-FR04018,NO2,14.75,µg/m3,2013-06-25 17:00:00 +01:00
7524,FR,STA-FR04018,NO2,13.75,µg/m3,2013-06-26 14:00:00 +01:00
7525,FR,STA-FR04018,NO2,16.25,µg/m3,2013-06-26 19:00:00 +01:00
7526,FR,STA-FR04018,NO2,14.0,µg/m3,2013-06-26 00:00:00 +01:00
7527,FR,STA-FR04018,NO2,22.25,µg/m3,2013-06-26 20:00:00 +01:00
7528,FR,STA-FR04018,NO2,13.25,µg/m3,2013-06-26 17:00:00 +01:00
7529,FR,STA-FR04018,NO2,68.5,µg/m3,2013-06-27 07:00:00 +01:00
7530,FR,STA-FR04018,NO2,46.5,µg/m3,2013-06-26 22:00:00 +01:00
7531,FR,STA-FR04018,NO2,15.5,µg/m3,2013-06-27 03:00:00 +01:00
7532,FR,STA-FR04018,NO2,22.5,µg/m3,2013-06-27 01:00:00 +01:00
7533,FR,STA-FR04018,NO2,25.75,µg/m3,2013-06-26 21:00:00 +01:00
7534,FR,STA-FR04018,NO2,12.0,µg/m3,2013-06-26 03:00:00 +01:00
7535,FR,STA-FR04018,NO2,19.75,µg/m3,2013-06-26 04:00:00 +01:00
7536,FR,STA-FR04018,NO2,22.5,µg/m3,2013-06-25 21:00:00 +01:00
7537,FR,STA-FR04018,NO2,58.5,µg/m3,2013-06-26 05:00:00 +01:00
7538,FR,STA-FR04018,NO2,40.25,µg/m3,2013-06-26 09:00:00 +01:00
7539,FR,STA-FR04018,NO2,72.25,µg/m3,2013-06-26 06:00:00 +01:00
7540,FR,STA-FR04018,NO2,16.25,µg/m3,2013-06-26 10:00:00 +01:00
7541,FR,STA-FR04018,NO2,10.0,µg/m3,2013-06-26 16:00:00 +01:00
7542,FR,STA-FR04018,NO2,15.25,µg/m3,2013-06-25 20:00:00 +01:00
7543,FR,STA-FR04018,NO2,44.25,µg/m3,2013-06-17 11:00:00 +01:00
7544,FR,STA-FR04018,NO2,14.0,µg/m3,2013-06-17 02:00:00 +01:00
7545,FR,STA-FR04018,NO2,72.75,µg/m3,2013-06-17 16:00:00 +01:00
7546,FR,STA-FR04018,NO2,40.5,µg/m3,2013-06-17 06:00:00 +01:00
7547,FR,STA-FR04018,NO2,17.75,µg/m3,2013-06-18 02:00:00 +01:00
7548,FR,STA-FR04018,NO2,99.25,µg/m3,2013-06-17 19:00:00 +01:00
7549,FR,STA-FR04018,NO2,80.5,µg/m3,2013-06-18 06:00:00 +01:00
7550,FR,STA-FR04018,NO2,57.5,µg/m3,2013-06-17 20:00:00 +01:00
7551,FR,STA-FR04018,NO2,18.5,µg/m3,2013-06-17 13:00:00 +01:00
7552,FR,STA-FR04018,NO2,68.0,µg/m3,2013-06-18 07:00:00 +01:00
7553,FR,STA-FR04018,NO2,60.0,µg/m3,2013-06-18 12:00:00 +01:00
7554,FR,STA-FR04018,NO2,55.5,µg/m3,2013-06-18 04:00:00 +01:00
7555,FR,STA-FR04018,NO2,44.75,µg/m3,2013-06-18 13:00:00 +01:00
7556,FR,STA-FR04018,NO2,26.75,µg/m3,2013-06-18 16:00:00 +01:00
7557,FR,STA-FR04018,NO2,89.0,µg/m3,2013-06-18 11:00:00 +01:00
7558,FR,STA-FR04018,NO2,30.0,µg/m3,2013-06-18 15:00:00 +01:00
7559,FR,STA-FR04018,NO2,25.5,µg/m3,2013-06-18 19:00:00 +01:00
7560,FR,STA-FR04018,NO2,35.0,µg/m3,2013-06-18 20:00:00 +01:00
7561,FR,STA-FR04018,NO2,10.5,µg/m3,2013-06-19 00:00:00 +01:00
7562,FR,STA-FR04018,NO2,7.75,µg/m3,2013-06-19 01:00:00 +01:00
7563,FR,STA-FR04018,NO2,32.75,µg/m3,2013-06-19 05:00:00 +01:00
7564,FR,STA-FR04018,NO2,25.5,µg/m3,2013-06-18 22:00:00 +01:00
7565,FR,STA-FR04018,NO2,11.25,µg/m3,2013-06-19 03:00:00 +01:00
7566,FR,STA-FR04018,NO2,39.5,µg/m3,2013-06-19 16:00:00 +01:00
7567,FR,STA-FR04018,NO2,68.75,µg/m3,2013-06-19 19:00:00 +01:00
7568,FR,STA-FR04018,NO2,22.5,µg/m3,2013-06-19 10:00:00 +01:00
7569,FR,STA-FR04018,NO2,41.0,µg/m3,2013-06-20 02:00:00 +01:00
7570,FR,STA-FR04018,NO2,67.75,µg/m3,2013-06-20 05:00:00 +01:00
7571,FR,STA-FR04018,NO2,52.5,µg/m3,2013-06-20 01:00:00 +01:00
7572,FR,STA-FR04018,NO2,13.0,µg/m3,2013-06-23 00:00:00 +01:00
7573,FR,STA-FR04018,NO2,8.25,µg/m3,2013-06-23 05:00:00 +01:00
7574,FR,STA-FR04018,NO2,6.25,µg/m3,2013-06-23 03:00:00 +01:00
7575,FR,STA-FR04018,NO2,10.5,µg/m3,2013-06-23 12:00:00 +01:00
7576,FR,STA-FR04018,NO2,13.25,µg/m3,2013-06-23 17:00:00 +01:00
7577,FR,STA-FR04018,NO2,9.0,µg/m3,2013-06-23 13:00:00 +01:00
7578,FR,STA-FR04018,NO2,13.25,µg/m3,2013-06-23 18:00:00 +01:00
7579,FR,STA-FR04018,NO2,19.0,µg/m3,2013-06-22 01:00:00 +01:00
7580,FR,STA-FR04018,NO2,12.75,µg/m3,2013-06-22 03:00:00 +01:00
7581,FR,STA-FR04018,NO2,50.75,µg/m3,2013-06-19 23:00:00 +01:00
7582,FR,STA-FR04018,NO2,16.0,µg/m3,2013-06-22 02:00:00 +01:00
7583,FR,STA-FR04018,NO2,19.75,µg/m3,2013-06-22 00:00:00 +01:00
7584,FR,STA-FR04018,NO2,28.25,µg/m3,2013-06-20 22:00:00 +01:00
7585,FR,STA-FR04018,NO2,34.0,µg/m3,2013-06-20 18:00:00 +01:00
7586,FR,STA-FR04018,NO2,41.25,µg/m3,2013-06-21 06:00:00 +01:00
7587,FR,STA-FR04018,NO2,38.25,µg/m3,2013-06-21 16:00:00 +01:00
7588,FR,STA-FR04018,NO2,27.75,µg/m3,2013-06-21 19:00:00 +01:00
7589,FR,STA-FR04018,NO2,48.5,µg/m3,2013-06-21 08:00:00 +01:00
7590,FR,STA-FR04018,NO2,34.3333,µg/m3,2013-06-21 11:00:00 +01:00
7591,FR,STA-FR04018,NO2,34.0,µg/m3,2013-06-21 14:00:00 +01:00
7592,FR,STA-FR04018,NO2,25.0,µg/m3,2013-06-20 20:00:00 +01:00
7593,FR,STA-FR04018,NO2,36.0,µg/m3,2013-06-20 13:00:00 +01:00
7594,FR,STA-FR04018,NO2,41.0,µg/m3,2013-06-20 14:00:00 +01:00
7595,FR,STA-FR04018,NO2,64.25,µg/m3,2013-06-19 21:00:00 +01:00
7596,FR,STA-FR04018,NO2,57.75,µg/m3,2013-06-20 11:00:00 +01:00
7597,FR,STA-FR04018,NO2,43.25,µg/m3,2013-06-20 09:00:00 +01:00
7598,FR,STA-FR04018,NO2,53.75,µg/m3,2013-06-20 07:00:00 +01:00
7600,FR,STA-FR04018,NO2,19.5,µg/m3,2013-06-21 04:00:00 +01:00
7601,FR,STA-FR04018,NO2,17.75,µg/m3,2013-06-21 01:00:00 +01:00
7602,FR,STA-FR04018,NO2,22.25,µg/m3,2013-06-20 23:00:00 +01:00
7603,FR,STA-FR04018,NO2,27.5,µg/m3,2013-06-20 21:00:00 +01:00
7604,FR,STA-FR04018,NO2,36.5,µg/m3,2013-06-20 16:00:00 +01:00
7605,FR,STA-FR04018,NO2,17.25,µg/m3,2013-07-21 09:00:00 +01:00
7606,FR,STA-FR04018,NO2,27.75,µg/m3,2013-07-21 07:00:00 +01:00
7607,FR,STA-FR04018,NO2,13.0,µg/m3,2013-07-21 04:00:00 +01:00
7608,FR,STA-FR04018,NO2,22.5,µg/m3,2013-07-21 06:00:00 +01:00
7609,FR,STA-FR04018,NO2,17.0,µg/m3,2013-07-21 10:00:00 +01:00
7610,FR,STA-FR04018,NO2,21.5,µg/m3,2013-07-19 11:00:00 +01:00
7611,FR,STA-FR04018,NO2,19.25,µg/m3,2013-07-19 20:00:00 +01:00
7612,FR,STA-FR04018,NO2,12.75,µg/m3,2013-07-19 15:00:00 +01:00
7613,FR,STA-FR04018,NO2,14.0,µg/m3,2013-07-19 14:00:00 +01:00
7614,FR,STA-FR04018,NO2,37.75,µg/m3,2013-07-19 06:00:00 +01:00
7615,FR,STA-FR04018,NO2,16.0,µg/m3,2013-07-19 17:00:00 +01:00
7616,FR,STA-FR04018,NO2,18.0,µg/m3,2013-07-20 04:00:00 +01:00
7617,FR,STA-FR04018,NO2,17.5,µg/m3,2013-07-19 12:00:00 +01:00
7618,FR,STA-FR04018,NO2,20.25,µg/m3,2013-07-20 00:00:00 +01:00
7619,FR,STA-FR04018,NO2,19.5,µg/m3,2013-07-20 01:00:00 +01:00
7620,FR,STA-FR04018,NO2,16.0,µg/m3,2013-07-20 02:00:00 +01:00
7621,FR,STA-FR04018,NO2,23.25,µg/m3,2013-07-20 06:00:00 +01:00
7622,FR,STA-FR04018,NO2,15.5,µg/m3,2013-07-20 03:00:00 +01:00
7623,FR,STA-FR04018,NO2,26.0,µg/m3,2013-07-19 23:00:00 +01:00
7624,FR,STA-FR04018,NO2,22.75,µg/m3,2013-07-19 21:00:00 +01:00
7625,FR,STA-FR04018,NO2,16.0,µg/m3,2013-07-21 05:00:00 +01:00
7626,FR,STA-FR04018,NO2,12.0,µg/m3,2013-07-21 03:00:00 +01:00
7627,FR,STA-FR04018,NO2,16.75,µg/m3,2013-07-20 23:00:00 +01:00
7628,FR,STA-FR04018,NO2,12.5,µg/m3,2013-07-15 16:00:00 +01:00
7629,FR,STA-FR04018,NO2,14.5,µg/m3,2013-07-15 18:00:00 +01:00
7630,FR,STA-FR04018,NO2,26.5,µg/m3,2013-07-16 00:00:00 +01:00
7631,FR,STA-FR04018,NO2,28.0,µg/m3,2013-07-16 03:00:00 +01:00
7632,FR,STA-FR04018,NO2,23.0,µg/m3,2013-07-15 20:00:00 +01:00
7633,FR,STA-FR04018,NO2,15.5,µg/m3,2013-07-16 11:00:00 +01:00
7634,FR,STA-FR04018,NO2,84.0,µg/m3,2013-07-16 08:00:00 +01:00
7635,FR,STA-FR04018,NO2,76.5,µg/m3,2013-07-16 07:00:00 +01:00
7636,FR,STA-FR04018,NO2,62.5,µg/m3,2013-07-16 06:00:00 +01:00
7637,FR,STA-FR04018,NO2,22.25,µg/m3,2013-07-15 21:00:00 +01:00
7638,FR,STA-FR04018,NO2,19.5,µg/m3,2013-07-17 03:00:00 +01:00
7639,FR,STA-FR04018,NO2,22.0,µg/m3,2013-07-16 19:00:00 +01:00
7640,FR,STA-FR04018,NO2,22.5,µg/m3,2013-07-16 21:00:00 +01:00
7641,FR,STA-FR04018,NO2,26.0,µg/m3,2013-07-16 23:00:00 +01:00
7642,FR,STA-FR04018,NO2,15.5,µg/m3,2013-07-16 17:00:00 +01:00
7643,FR,STA-FR04018,NO2,16.75,µg/m3,2013-07-16 15:00:00 +01:00
7644,FR,STA-FR04018,NO2,20.25,µg/m3,2013-07-17 02:00:00 +01:00
7645,FR,STA-FR04018,NO2,16.25,µg/m3,2013-07-16 14:00:00 +01:00
7646,FR,STA-FR04018,NO2,50.75,µg/m3,2013-07-17 07:00:00 +01:00
7647,FR,STA-FR04018,NO2,19.75,µg/m3,2013-07-17 01:00:00 +01:00
7648,FR,STA-FR04018,NO2,57.0,µg/m3,2013-07-17 09:00:00 +01:00
7649,FR,STA-FR04018,NO2,39.25,µg/m3,2013-07-17 10:00:00 +01:00
7650,FR,STA-FR04018,NO2,42.75,µg/m3,2013-07-18 06:00:00 +01:00
7651,FR,STA-FR04018,NO2,20.25,µg/m3,2013-07-18 00:00:00 +01:00
7652,FR,STA-FR04018,NO2,13.25,µg/m3,2013-07-18 17:00:00 +01:00
7653,FR,STA-FR04018,NO2,16.25,µg/m3,2013-07-18 12:00:00 +01:00
7654,FR,STA-FR04018,NO2,17.0,µg/m3,2013-07-17 19:00:00 +01:00
7655,FR,STA-FR04018,NO2,36.25,µg/m3,2013-07-18 05:00:00 +01:00
7656,FR,STA-FR04018,NO2,21.0,µg/m3,2013-07-17 23:00:00 +01:00
7657,FR,STA-FR04018,NO2,19.75,µg/m3,2013-07-17 20:00:00 +01:00
7658,FR,STA-FR04018,NO2,44.5,µg/m3,2013-07-18 08:00:00 +01:00
7659,FR,STA-FR04018,NO2,14.75,µg/m3,2013-07-17 18:00:00 +01:00
7660,FR,STA-FR04018,NO2,23.25,µg/m3,2013-07-18 04:00:00 +01:00
7661,FR,STA-FR04018,NO2,47.75,µg/m3,2013-07-17 06:00:00 +01:00
7662,FR,STA-FR04018,NO2,26.0,µg/m3,2013-07-17 13:00:00 +01:00
7663,FR,STA-FR04018,NO2,25.5,µg/m3,2013-07-17 12:00:00 +01:00
7664,FR,STA-FR04018,NO2,17.0,µg/m3,2013-07-18 14:00:00 +01:00
7665,FR,STA-FR04018,NO2,28.0,µg/m3,2013-07-18 10:00:00 +01:00
7666,FR,STA-FR04018,NO2,18.5,µg/m3,2013-07-18 19:00:00 +01:00
7667,FR,STA-FR04018,NO2,41.25,µg/m3,2013-07-19 07:00:00 +01:00
7668,FR,STA-FR04018,NO2,17.5,µg/m3,2013-07-18 15:00:00 +01:00
7669,FR,STA-FR04018,NO2,18.0,µg/m3,2013-07-18 23:00:00 +01:00
7670,FR,STA-FR04018,NO2,36.5,µg/m3,2013-07-18 07:00:00 +01:00
7671,FR,STA-FR04018,NO2,17.75,µg/m3,2013-07-18 22:00:00 +01:00
7672,FR,STA-FR04018,NO2,34.0,µg/m3,2013-07-19 09:00:00 +01:00
7673,FR,STA-FR04018,NO2,32.25,µg/m3,2013-07-19 05:00:00 +01:00
7674,FR,STA-FR04018,NO2,32.75,µg/m3,2013-07-22 04:00:00 +01:00
7675,FR,STA-FR04018,NO2,11.0,µg/m3,2013-07-21 12:00:00 +01:00
7676,FR,STA-FR04018,NO2,20.75,µg/m3,2013-07-21 08:00:00 +01:00
7677,FR,STA-FR04018,NO2,13.5,µg/m3,2013-07-21 11:00:00 +01:00
7678,FR,STA-FR04018,NO2,74.75,µg/m3,2013-07-22 05:00:00 +01:00
7679,FR,STA-FR04018,NO2,94.0,µg/m3,2013-07-22 08:00:00 +01:00
7680,FR,STA-FR04018,NO2,16.75,µg/m3,2013-07-22 15:00:00 +01:00
7681,FR,STA-FR04018,NO2,47.0,µg/m3,2013-07-23 08:00:00 +01:00
7682,FR,STA-FR04018,NO2,32.0,µg/m3,2013-07-23 01:00:00 +01:00
7683,FR,STA-FR04018,NO2,75.75,µg/m3,2013-07-23 07:00:00 +01:00
7684,FR,STA-FR04018,NO2,39.75,µg/m3,2013-07-23 12:00:00 +01:00
7685,FR,STA-FR04018,NO2,23.25,µg/m3,2013-07-22 13:00:00 +01:00
7686,FR,STA-FR04018,NO2,14.0,µg/m3,2013-07-22 11:00:00 +01:00
7687,FR,STA-FR04018,NO2,20.5,µg/m3,2013-07-22 18:00:00 +01:00
7688,FR,STA-FR04018,NO2,17.0,µg/m3,2013-07-22 14:00:00 +01:00
7689,FR,STA-FR04018,NO2,40.5,µg/m3,2013-07-22 23:00:00 +01:00
7690,FR,STA-FR04018,NO2,31.75,µg/m3,2013-07-22 20:00:00 +01:00
7691,FR,STA-FR04018,NO2,14.25,µg/m3,2013-07-22 16:00:00 +01:00
7692,FR,STA-FR04018,NO2,26.25,µg/m3,2013-07-22 10:00:00 +01:00
7693,FR,STA-FR04018,NO2,30.75,µg/m3,2013-07-22 22:00:00 +01:00
7694,FR,STA-FR04018,NO2,61.5,µg/m3,2013-07-25 03:00:00 +01:00
7695,FR,STA-FR04018,NO2,104.0,µg/m3,2013-07-24 22:00:00 +01:00
7696,FR,STA-FR04018,NO2,82.25,µg/m3,2013-07-25 02:00:00 +01:00
7697,FR,STA-FR04018,NO2,41.75,µg/m3,2013-07-24 17:00:00 +01:00
7698,FR,STA-FR04018,NO2,29.0,µg/m3,2013-07-23 23:00:00 +01:00
7699,FR,STA-FR04018,NO2,37.5,µg/m3,2013-07-24 14:00:00 +01:00
7700,FR,STA-FR04018,NO2,52.5,µg/m3,2013-07-24 18:00:00 +01:00
7701,FR,STA-FR04018,NO2,35.75,µg/m3,2013-07-24 16:00:00 +01:00
7702,FR,STA-FR04018,NO2,32.25,µg/m3,2013-07-24 12:00:00 +01:00
7703,FR,STA-FR04018,NO2,35.25,µg/m3,2013-07-24 15:00:00 +01:00
7704,FR,STA-FR04018,NO2,38.25,µg/m3,2013-07-24 13:00:00 +01:00
7705,FR,STA-FR04018,NO2,53.25,µg/m3,2013-07-23 13:00:00 +01:00
7706,FR,STA-FR04018,NO2,21.5,µg/m3,2013-07-23 19:00:00 +01:00
7707,FR,STA-FR04018,NO2,28.0,µg/m3,2013-07-23 16:00:00 +01:00
7708,FR,STA-FR04018,NO2,64.0,µg/m3,2013-07-23 04:00:00 +01:00
7709,FR,STA-FR04018,NO2,24.25,µg/m3,2013-07-23 21:00:00 +01:00
7710,FR,STA-FR04018,NO2,21.5,µg/m3,2013-07-24 00:00:00 +01:00
7711,FR,STA-FR04018,NO2,12.25,µg/m3,2013-07-24 02:00:00 +01:00
7712,FR,STA-FR04018,NO2,18.75,µg/m3,2013-07-24 05:00:00 +01:00
7713,FR,STA-FR04018,NO2,41.25,µg/m3,2013-07-24 09:00:00 +01:00
7714,FR,STA-FR04018,NO2,37.5,µg/m3,2013-07-24 11:00:00 +01:00
7715,FR,STA-FR04018,NO2,14.0,µg/m3,2013-07-28 00:00:00 +01:00
7716,FR,STA-FR04018,NO2,16.25,µg/m3,2013-07-27 23:00:00 +01:00
7717,FR,STA-FR04018,NO2,40.75,µg/m3,2013-07-27 00:00:00 +01:00
7718,FR,STA-FR04018,NO2,27.75,µg/m3,2013-07-27 17:00:00 +01:00
7719,FR,STA-FR04018,NO2,23.5,µg/m3,2013-07-27 11:00:00 +01:00
7720,FR,STA-FR04018,NO2,30.5,µg/m3,2013-07-25 18:00:00 +01:00
7721,FR,STA-FR04018,NO2,21.25,µg/m3,2013-07-27 12:00:00 +01:00
7722,FR,STA-FR04018,NO2,22.0,µg/m3,2013-07-27 14:00:00 +01:00
7723,FR,STA-FR04018,NO2,26.75,µg/m3,2013-07-27 16:00:00 +01:00
7724,FR,STA-FR04018,NO2,21.25,µg/m3,2013-07-27 13:00:00 +01:00
7725,FR,STA-FR04018,NO2,27.25,µg/m3,2013-07-27 15:00:00 +01:00
7726,FR,STA-FR04018,NO2,27.75,µg/m3,2013-07-27 10:00:00 +01:00
7727,FR,STA-FR04018,NO2,16.75,µg/m3,2013-07-28 09:00:00 +01:00
7728,FR,STA-FR04018,NO2,17.5,µg/m3,2013-07-28 11:00:00 +01:00
7729,FR,STA-FR04018,NO2,19.75,µg/m3,2013-07-28 18:00:00 +01:00
7730,FR,STA-FR04018,NO2,12.5,µg/m3,2013-07-28 06:00:00 +01:00
7731,FR,STA-FR04018,NO2,16.25,µg/m3,2013-07-28 14:00:00 +01:00
7732,FR,STA-FR04018,NO2,12.5,µg/m3,2013-07-28 07:00:00 +01:00
7733,FR,STA-FR04018,NO2,16.75,µg/m3,2013-07-28 16:00:00 +01:00
7734,FR,STA-FR04018,NO2,34.25,µg/m3,2013-07-27 09:00:00 +01:00
7735,FR,STA-FR04018,NO2,40.25,µg/m3,2013-07-26 20:00:00 +01:00
7736,FR,STA-FR04018,NO2,36.0,µg/m3,2013-07-26 14:00:00 +01:00
7737,FR,STA-FR04018,NO2,13.25,µg/m3,2013-07-26 22:00:00 +01:00
7738,FR,STA-FR04018,NO2,21.5,µg/m3,2013-07-25 11:00:00 +01:00
7739,FR,STA-FR04018,NO2,32.0,µg/m3,2013-07-26 18:00:00 +01:00
7740,FR,STA-FR04018,NO2,50.0,µg/m3,2013-07-26 01:00:00 +01:00
7741,FR,STA-FR04018,NO2,32.5,µg/m3,2013-07-26 17:00:00 +01:00
7742,FR,STA-FR04018,NO2,30.25,µg/m3,2013-07-26 15:00:00 +01:00
7743,FR,STA-FR04018,NO2,37.5,µg/m3,2013-07-26 03:00:00 +01:00
7744,FR,STA-FR04018,NO2,33.75,µg/m3,2013-07-26 11:00:00 +01:00
7745,FR,STA-FR04018,NO2,34.25,µg/m3,2013-07-26 12:00:00 +01:00
7746,FR,STA-FR04018,NO2,22.5,µg/m3,2013-07-25 15:00:00 +01:00
7747,FR,STA-FR04018,NO2,38.5,µg/m3,2013-07-25 20:00:00 +01:00
7748,FR,STA-FR04018,NO2,53.0,µg/m3,2013-07-26 06:00:00 +01:00
7749,FR,STA-FR04018,NO2,38.5,µg/m3,2013-07-25 09:00:00 +01:00
7750,FR,STA-FR04018,NO2,91.5,µg/m3,2013-07-26 08:00:00 +01:00
7751,FR,STA-FR04018,NO2,82.25,µg/m3,2013-07-26 07:00:00 +01:00
7752,FR,STA-FR04018,NO2,25.25,µg/m3,2013-07-25 16:00:00 +01:00
7753,FR,STA-FR04018,NO2,53.75,µg/m3,2013-07-25 08:00:00 +01:00
7754,FR,STA-FR04018,NO2,56.25,µg/m3,2013-07-25 05:00:00 +01:00
7755,FR,STA-FR04018,NO2,25.5,µg/m3,2013-07-25 13:00:00 +01:00
7756,FR,STA-FR04018,NO2,32.25,µg/m3,2013-08-04 22:00:00 +01:00
7757,FR,STA-FR04018,NO2,28.5,µg/m3,2013-08-05 12:00:00 +01:00
7758,FR,STA-FR04018,NO2,14.0,µg/m3,2013-08-04 09:00:00 +01:00
7759,FR,STA-FR04018,NO2,38.25,µg/m3,2013-08-04 07:00:00 +01:00
7760,FR,STA-FR04018,NO2,9.25,µg/m3,2013-08-04 11:00:00 +01:00
7761,FR,STA-FR04018,NO2,8.5,µg/m3,2013-08-04 12:00:00 +01:00
7762,FR,STA-FR04018,NO2,47.75,µg/m3,2013-08-04 04:00:00 +01:00
7763,FR,STA-FR04018,NO2,12.0,µg/m3,2013-08-04 17:00:00 +01:00
7764,FR,STA-FR04018,NO2,8.5,µg/m3,2013-08-04 15:00:00 +01:00
7765,FR,STA-FR04018,NO2,8.0,µg/m3,2013-08-04 13:00:00 +01:00
7766,FR,STA-FR04018,NO2,10.25,µg/m3,2013-08-03 09:00:00 +01:00
7767,FR,STA-FR04018,NO2,9.25,µg/m3,2013-08-03 14:00:00 +01:00
7768,FR,STA-FR04018,NO2,16.25,µg/m3,2013-08-02 21:00:00 +01:00
7769,FR,STA-FR04018,NO2,8.75,µg/m3,2013-08-03 13:00:00 +01:00
7770,FR,STA-FR04018,NO2,31.0,µg/m3,2013-08-02 13:00:00 +01:00
7771,FR,STA-FR04018,NO2,37.0,µg/m3,2013-08-03 22:00:00 +01:00
7772,FR,STA-FR04018,NO2,54.75,µg/m3,2013-08-04 03:00:00 +01:00
7773,FR,STA-FR04018,NO2,27.75,µg/m3,2013-08-01 14:00:00 +01:00
7774,FR,STA-FR04018,NO2,29.5,µg/m3,2013-08-01 16:00:00 +01:00
7775,FR,STA-FR04018,NO2,39.0,µg/m3,2013-08-01 11:00:00 +01:00
7776,FR,STA-FR04018,NO2,36.25,µg/m3,2013-08-01 18:00:00 +01:00
7777,FR,STA-FR04018,NO2,59.0,µg/m3,2013-08-01 22:00:00 +01:00
7778,FR,STA-FR04018,NO2,51.0,µg/m3,2013-08-02 00:00:00 +01:00
7779,FR,STA-FR04018,NO2,48.0,µg/m3,2013-08-01 23:00:00 +01:00
7780,FR,STA-FR04018,NO2,61.75,µg/m3,2013-08-02 08:00:00 +01:00
7781,FR,STA-FR04018,NO2,63.5,µg/m3,2013-08-02 09:00:00 +01:00
7782,FR,STA-FR04018,NO2,8.75,µg/m3,2013-08-03 11:00:00 +01:00
7783,FR,STA-FR04018,NO2,8.0,µg/m3,2013-08-03 04:00:00 +01:00
7784,FR,STA-FR04018,NO2,20.25,µg/m3,2013-08-02 23:00:00 +01:00
7785,FR,STA-FR04018,NO2,8.75,µg/m3,2013-08-03 12:00:00 +01:00
7786,FR,STA-FR04018,NO2,20.0,µg/m3,2013-08-03 00:00:00 +01:00
7787,FR,STA-FR04018,NO2,28.5,µg/m3,2013-08-02 12:00:00 +01:00
7788,FR,STA-FR04018,NO2,23.0,µg/m3,2013-08-02 16:00:00 +01:00
7789,FR,STA-FR04018,NO2,20.25,µg/m3,2013-08-02 19:00:00 +01:00
7790,FR,STA-FR04018,NO2,18.25,µg/m3,2013-08-02 20:00:00 +01:00
7791,FR,STA-FR04018,NO2,8.5,µg/m3,2013-08-03 03:00:00 +01:00
7792,FR,STA-FR04018,NO2,27.0,µg/m3,2013-08-02 14:00:00 +01:00
7793,FR,STA-FR04018,NO2,21.75,µg/m3,2013-08-02 18:00:00 +01:00
7794,FR,STA-FR04018,NO2,25.0,µg/m3,2013-07-28 21:00:00 +01:00
7795,FR,STA-FR04018,NO2,6.5,µg/m3,2013-07-28 03:00:00 +01:00
7796,FR,STA-FR04018,NO2,22.5,µg/m3,2013-07-28 12:00:00 +01:00
7797,FR,STA-FR04018,NO2,13.5,µg/m3,2013-07-29 04:00:00 +01:00
7798,FR,STA-FR04018,NO2,26.75,µg/m3,2013-07-29 09:00:00 +01:00
7800,FR,STA-FR04018,NO2,44.75,µg/m3,2013-07-29 20:00:00 +01:00
7801,FR,STA-FR04018,NO2,20.0,µg/m3,2013-07-29 16:00:00 +01:00
7802,FR,STA-FR04018,NO2,12.25,µg/m3,2013-07-30 01:00:00 +01:00
7803,FR,STA-FR04018,NO2,29.0,µg/m3,2013-07-29 22:00:00 +01:00
7804,FR,STA-FR04018,NO2,22.5,µg/m3,2013-07-29 05:00:00 +01:00
7805,FR,STA-FR04018,NO2,38.75,µg/m3,2013-07-29 07:00:00 +01:00
7806,FR,STA-FR04018,NO2,16.0,µg/m3,2013-07-29 13:00:00 +01:00
7807,FR,STA-FR04018,NO2,8.75,µg/m3,2013-07-30 02:00:00 +01:00
7808,FR,STA-FR04018,NO2,24.0,µg/m3,2013-07-29 18:00:00 +01:00
7809,FR,STA-FR04018,NO2,28.0,µg/m3,2013-07-29 21:00:00 +01:00
7810,FR,STA-FR04018,NO2,24.0,µg/m3,2013-07-30 09:00:00 +01:00
7811,FR,STA-FR04018,NO2,25.25,µg/m3,2013-07-30 16:00:00 +01:00
7812,FR,STA-FR04018,NO2,33.5,µg/m3,2013-07-30 07:00:00 +01:00
7813,FR,STA-FR04018,NO2,28.25,µg/m3,2013-07-30 12:00:00 +01:00
7814,FR,STA-FR04018,NO2,17.0,µg/m3,2013-07-30 20:00:00 +01:00
7815,FR,STA-FR04018,NO2,23.75,µg/m3,2013-07-30 17:00:00 +01:00
7816,FR,STA-FR04018,NO2,25.75,µg/m3,2013-07-30 13:00:00 +01:00
7817,FR,STA-FR04018,NO2,30.75,µg/m3,2013-07-30 08:00:00 +01:00
7818,FR,STA-FR04018,NO2,13.5,µg/m3,2013-07-30 22:00:00 +01:00
7819,FR,STA-FR04018,NO2,14.75,µg/m3,2013-07-30 23:00:00 +01:00
7820,FR,STA-FR04018,NO2,13.75,µg/m3,2013-07-30 21:00:00 +01:00
7821,FR,STA-FR04018,NO2,15.0,µg/m3,2013-07-31 04:00:00 +01:00
7822,FR,STA-FR04018,NO2,11.25,µg/m3,2013-07-31 03:00:00 +01:00
7823,FR,STA-FR04018,NO2,8.75,µg/m3,2013-07-31 02:00:00 +01:00
7824,FR,STA-FR04018,NO2,65.0,µg/m3,2013-07-31 23:00:00 +01:00
7825,FR,STA-FR04018,NO2,9.0,µg/m3,2013-07-31 01:00:00 +01:00
7826,FR,STA-FR04018,NO2,28.5,µg/m3,2013-07-31 09:00:00 +01:00
7827,FR,STA-FR04018,NO2,22.25,µg/m3,2013-07-31 05:00:00 +01:00
7828,FR,STA-FR04018,NO2,24.0,µg/m3,2013-07-31 16:00:00 +01:00
7829,FR,STA-FR04018,NO2,19.5,µg/m3,2013-07-31 12:00:00 +01:00
7830,FR,STA-FR04018,NO2,28.75,µg/m3,2013-07-31 17:00:00 +01:00
7831,FR,STA-FR04018,NO2,42.5,µg/m3,2013-08-01 02:00:00 +01:00
7832,FR,STA-FR04018,NO2,55.75,µg/m3,2013-08-01 08:00:00 +01:00
7833,FR,STA-FR04018,NO2,52.5,µg/m3,2013-08-01 06:00:00 +01:00
7834,FR,STA-FR04018,NO2,31.0,µg/m3,2013-08-01 03:00:00 +01:00
7835,FR,STA-FR04018,NO2,60.25,µg/m3,2013-07-31 22:00:00 +01:00
7836,FR,STA-FR04018,NO2,61.5,µg/m3,2013-08-01 00:00:00 +01:00
7837,FR,STA-FR04018,NO2,42.25,µg/m3,2013-08-01 01:00:00 +01:00
7838,FR,STA-FR04018,NO2,43.0,µg/m3,2013-07-31 21:00:00 +01:00
7839,FR,STA-FR04018,NO2,34.25,µg/m3,2013-07-31 08:00:00 +01:00
7840,FR,STA-FR04018,NO2,15.0,µg/m3,2013-08-18 11:00:00 +01:00
7841,FR,STA-FR04018,NO2,19.75,µg/m3,2013-08-18 00:00:00 +01:00
7842,FR,STA-FR04018,NO2,10.25,µg/m3,2013-08-18 02:00:00 +01:00
7843,FR,STA-FR04018,NO2,9.75,µg/m3,2013-08-18 10:00:00 +01:00
7844,FR,STA-FR04018,NO2,12.0,µg/m3,2013-08-18 12:00:00 +01:00
7845,FR,STA-FR04018,NO2,8.75,µg/m3,2013-08-18 15:00:00 +01:00
7846,FR,STA-FR04018,NO2,15.0,µg/m3,2013-08-18 18:00:00 +01:00
7847,FR,STA-FR04018,NO2,29.75,µg/m3,2013-08-19 00:00:00 +01:00
7848,FR,STA-FR04018,NO2,18.0,µg/m3,2013-08-19 04:00:00 +01:00
7849,FR,STA-FR04018,NO2,7.5,µg/m3,2013-08-18 03:00:00 +01:00
7850,FR,STA-FR04018,NO2,16.25,µg/m3,2013-08-18 19:00:00 +01:00
7851,FR,STA-FR04018,NO2,12.75,µg/m3,2013-08-19 19:00:00 +01:00
7852,FR,STA-FR04018,NO2,18.75,µg/m3,2013-08-19 20:00:00 +01:00
7853,FR,STA-FR04018,NO2,22.0,µg/m3,2013-08-17 07:00:00 +01:00
7854,FR,STA-FR04018,NO2,23.75,µg/m3,2013-08-17 06:00:00 +01:00
7855,FR,STA-FR04018,NO2,10.75,µg/m3,2013-08-17 12:00:00 +01:00
7856,FR,STA-FR04018,NO2,11.75,µg/m3,2013-08-17 02:00:00 +01:00
7857,FR,STA-FR04018,NO2,21.75,µg/m3,2013-08-17 09:00:00 +01:00
7858,FR,STA-FR04018,NO2,34.5,µg/m3,2013-08-17 20:00:00 +01:00
7859,FR,STA-FR04018,NO2,26.75,µg/m3,2013-08-17 21:00:00 +01:00
7860,FR,STA-FR04018,NO2,20.0,µg/m3,2013-08-17 18:00:00 +01:00
7861,FR,STA-FR04018,NO2,10.5,µg/m3,2013-08-17 15:00:00 +01:00
7862,FR,STA-FR04018,NO2,12.5,µg/m3,2013-08-17 17:00:00 +01:00
7863,FR,STA-FR04018,NO2,15.25,µg/m3,2013-08-15 14:00:00 +01:00
7864,FR,STA-FR04018,NO2,20.0,µg/m3,2013-08-15 17:00:00 +01:00
7865,FR,STA-FR04018,NO2,39.5,µg/m3,2013-08-15 06:00:00 +01:00
7866,FR,STA-FR04018,NO2,18.25,µg/m3,2013-08-16 23:00:00 +01:00
7867,FR,STA-FR04018,NO2,23.75,µg/m3,2013-08-17 03:00:00 +01:00
7868,FR,STA-FR04018,NO2,41.75,µg/m3,2013-08-15 20:00:00 +01:00
7869,FR,STA-FR04018,NO2,54.75,µg/m3,2013-08-15 22:00:00 +01:00
7870,FR,STA-FR04018,NO2,17.25,µg/m3,2013-08-15 11:00:00 +01:00
7871,FR,STA-FR04018,NO2,48.25,µg/m3,2013-08-15 08:00:00 +01:00
7872,FR,STA-FR04018,NO2,15.5,µg/m3,2013-08-15 15:00:00 +01:00
7873,FR,STA-FR04018,NO2,65.0,µg/m3,2013-08-16 05:00:00 +01:00
7874,FR,STA-FR04018,NO2,33.5,µg/m3,2013-08-14 23:00:00 +01:00
7875,FR,STA-FR04018,NO2,49.25,µg/m3,2013-08-16 04:00:00 +01:00
7876,FR,STA-FR04018,NO2,34.25,µg/m3,2013-08-15 19:00:00 +01:00
7877,FR,STA-FR04018,NO2,42.25,µg/m3,2013-08-16 01:00:00 +01:00
7878,FR,STA-FR04018,NO2,13.75,µg/m3,2013-08-15 12:00:00 +01:00
7879,FR,STA-FR04018,NO2,45.5,µg/m3,2013-08-16 00:00:00 +01:00
7880,FR,STA-FR04018,NO2,42.25,µg/m3,2013-08-15 07:00:00 +01:00
7881,FR,STA-FR04018,NO2,21.0,µg/m3,2013-08-15 00:00:00 +01:00
7882,FR,STA-FR04018,NO2,46.25,µg/m3,2013-08-14 20:00:00 +01:00
7883,FR,STA-FR04018,NO2,72.75,µg/m3,2013-08-14 21:00:00 +01:00
7884,FR,STA-FR04018,NO2,17.25,µg/m3,2013-08-14 19:00:00 +01:00
7885,FR,STA-FR04018,NO2,33.5,µg/m3,2013-08-13 08:00:00 +01:00
7886,FR,STA-FR04018,NO2,47.0,µg/m3,2013-08-14 10:00:00 +01:00
7887,FR,STA-FR04018,NO2,12.0,µg/m3,2013-08-13 14:00:00 +01:00
7888,FR,STA-FR04018,NO2,18.75,µg/m3,2013-08-13 23:00:00 +01:00
7889,FR,STA-FR04018,NO2,11.25,µg/m3,2013-08-14 16:00:00 +01:00
7890,FR,STA-FR04018,NO2,14.0,µg/m3,2013-08-14 13:00:00 +01:00
7891,FR,STA-FR04018,NO2,10.5,µg/m3,2013-08-13 12:00:00 +01:00
7892,FR,STA-FR04018,NO2,15.75,µg/m3,2013-08-14 00:00:00 +01:00
7893,FR,STA-FR04018,NO2,11.5,µg/m3,2013-08-13 19:00:00 +01:00
7894,FR,STA-FR04018,NO2,31.75,µg/m3,2013-08-13 05:00:00 +01:00
7895,FR,STA-FR04018,NO2,12.75,µg/m3,2013-08-13 16:00:00 +01:00
7896,FR,STA-FR04018,NO2,13.75,µg/m3,2013-08-13 11:00:00 +01:00
7897,FR,STA-FR04018,NO2,33.75,µg/m3,2013-08-14 03:00:00 +01:00
7898,FR,STA-FR04018,NO2,65.5,µg/m3,2013-08-14 06:00:00 +01:00
7899,FR,STA-FR04018,NO2,11.25,µg/m3,2013-08-13 13:00:00 +01:00
7900,FR,STA-FR04018,NO2,52.25,µg/m3,2013-08-14 09:00:00 +01:00
7901,FR,STA-FR04018,NO2,24.25,µg/m3,2013-08-14 02:00:00 +01:00
7902,FR,STA-FR04018,NO2,14.75,µg/m3,2013-08-12 21:00:00 +01:00
7903,FR,STA-FR04018,NO2,13.0,µg/m3,2013-08-13 03:00:00 +01:00
7904,FR,STA-FR04018,NO2,42.0,µg/m3,2013-08-13 07:00:00 +01:00
7905,FR,STA-FR04018,NO2,17.25,µg/m3,2013-08-12 20:00:00 +01:00
7906,FR,STA-FR04018,NO2,11.0,µg/m3,2013-08-13 00:00:00 +01:00
7907,FR,STA-FR04018,NO2,59.0,µg/m3,2013-08-12 02:00:00 +01:00
7908,FR,STA-FR04018,NO2,13.25,µg/m3,2013-08-11 14:00:00 +01:00
7909,FR,STA-FR04018,NO2,15.5,µg/m3,2013-08-12 11:00:00 +01:00
7910,FR,STA-FR04018,NO2,21.0,µg/m3,2013-08-12 09:00:00 +01:00
7911,FR,STA-FR04018,NO2,14.5,µg/m3,2013-08-12 19:00:00 +01:00
7912,FR,STA-FR04018,NO2,39.75,µg/m3,2013-08-12 04:00:00 +01:00
7913,FR,STA-FR04018,NO2,15.75,µg/m3,2013-08-12 12:00:00 +01:00
7914,FR,STA-FR04018,NO2,19.5,µg/m3,2013-08-08 00:00:00 +01:00
7915,FR,STA-FR04018,NO2,25.75,µg/m3,2013-08-08 05:00:00 +01:00
7916,FR,STA-FR04018,NO2,16.0,µg/m3,2013-08-08 09:00:00 +01:00
7917,FR,STA-FR04018,NO2,36.25,µg/m3,2013-08-08 07:00:00 +01:00
7918,FR,STA-FR04018,NO2,14.25,µg/m3,2013-08-08 01:00:00 +01:00
7919,FR,STA-FR04018,NO2,12.0,µg/m3,2013-08-08 02:00:00 +01:00
7920,FR,STA-FR04018,NO2,17.25,µg/m3,2013-08-08 18:00:00 +01:00
7921,FR,STA-FR04018,NO2,9.0,µg/m3,2013-08-08 15:00:00 +01:00
7922,FR,STA-FR04018,NO2,12.0,µg/m3,2013-08-08 10:00:00 +01:00
7923,FR,STA-FR04018,NO2,8.0,µg/m3,2013-08-08 11:00:00 +01:00
7924,FR,STA-FR04018,NO2,7.5,µg/m3,2013-08-08 13:00:00 +01:00
7925,FR,STA-FR04018,NO2,22.75,µg/m3,2013-08-07 22:00:00 +01:00
7926,FR,STA-FR04018,NO2,23.0,µg/m3,2013-08-07 19:00:00 +01:00
7927,FR,STA-FR04018,NO2,22.0,µg/m3,2013-08-07 12:00:00 +01:00
7928,FR,STA-FR04018,NO2,19.75,µg/m3,2013-08-07 16:00:00 +01:00
7929,FR,STA-FR04018,NO2,52.25,µg/m3,2013-08-07 09:00:00 +01:00
7930,FR,STA-FR04018,NO2,26.75,µg/m3,2013-08-07 05:00:00 +01:00
7931,FR,STA-FR04018,NO2,28.25,µg/m3,2013-08-06 19:00:00 +01:00
7932,FR,STA-FR04018,NO2,26.25,µg/m3,2013-08-07 02:00:00 +01:00
7933,FR,STA-FR04018,NO2,70.0,µg/m3,2013-08-07 00:00:00 +01:00
7934,FR,STA-FR04018,NO2,31.25,µg/m3,2013-08-06 06:00:00 +01:00
7935,FR,STA-FR04018,NO2,35.0,µg/m3,2013-08-06 07:00:00 +01:00
7936,FR,STA-FR04018,NO2,34.75,µg/m3,2013-08-06 10:00:00 +01:00
7937,FR,STA-FR04018,NO2,25.5,µg/m3,2013-08-06 18:00:00 +01:00
7938,FR,STA-FR04018,NO2,17.75,µg/m3,2013-08-07 04:00:00 +01:00
7939,FR,STA-FR04018,NO2,23.0,µg/m3,2013-08-06 15:00:00 +01:00
7940,FR,STA-FR04018,NO2,37.5,µg/m3,2013-08-06 20:00:00 +01:00
7941,FR,STA-FR04018,NO2,30.25,µg/m3,2013-08-07 01:00:00 +01:00
7942,FR,STA-FR04018,NO2,23.5,µg/m3,2013-08-06 17:00:00 +01:00
7943,FR,STA-FR04018,NO2,34.25,µg/m3,2013-08-07 08:00:00 +01:00
7944,FR,STA-FR04018,NO2,13.5,µg/m3,2013-08-06 00:00:00 +01:00
7945,FR,STA-FR04018,NO2,16.5,µg/m3,2013-08-05 22:00:00 +01:00
7946,FR,STA-FR04018,NO2,12.75,µg/m3,2013-08-05 21:00:00 +01:00
7947,FR,STA-FR04018,NO2,73.25,µg/m3,2013-08-05 06:00:00 +01:00
7948,FR,STA-FR04018,NO2,27.5,µg/m3,2013-08-05 16:00:00 +01:00
7949,FR,STA-FR04018,NO2,27.0,µg/m3,2013-08-05 14:00:00 +01:00
7950,FR,STA-FR04018,NO2,20.5,µg/m3,2013-08-05 18:00:00 +01:00
7951,FR,STA-FR04018,NO2,52.25,µg/m3,2013-08-05 10:00:00 +01:00
7952,FR,STA-FR04018,NO2,22.5,µg/m3,2013-08-04 19:00:00 +01:00
7953,FR,STA-FR04018,NO2,83.0,µg/m3,2013-08-05 08:00:00 +01:00
7954,FR,STA-FR04018,NO2,20.5,µg/m3,2013-08-09 21:00:00 +01:00
7955,FR,STA-FR04018,NO2,15.0,µg/m3,2013-08-10 00:00:00 +01:00
7956,FR,STA-FR04018,NO2,59.25,µg/m3,2013-08-09 09:00:00 +01:00
7957,FR,STA-FR04018,NO2,9.75,µg/m3,2013-08-10 17:00:00 +01:00
7958,FR,STA-FR04018,NO2,20.5,µg/m3,2013-08-10 07:00:00 +01:00
7959,FR,STA-FR04018,NO2,14.25,µg/m3,2013-08-09 14:00:00 +01:00
7960,FR,STA-FR04018,NO2,18.75,µg/m3,2013-08-09 23:00:00 +01:00
7961,FR,STA-FR04018,NO2,15.75,µg/m3,2013-08-10 04:00:00 +01:00
7962,FR,STA-FR04018,NO2,13.75,µg/m3,2013-08-10 10:00:00 +01:00
7963,FR,STA-FR04018,NO2,18.0,µg/m3,2013-08-10 05:00:00 +01:00
7964,FR,STA-FR04018,NO2,15.25,µg/m3,2013-08-09 19:00:00 +01:00
7965,FR,STA-FR04018,NO2,29.25,µg/m3,2013-08-09 00:00:00 +01:00
7966,FR,STA-FR04018,NO2,28.5,µg/m3,2013-08-09 10:00:00 +01:00
7967,FR,STA-FR04018,NO2,15.0,µg/m3,2013-08-09 12:00:00 +01:00
7968,FR,STA-FR04018,NO2,70.25,µg/m3,2013-08-09 05:00:00 +01:00
7969,FR,STA-FR04018,NO2,33.5,µg/m3,2013-08-08 23:00:00 +01:00
7970,FR,STA-FR04018,NO2,28.75,µg/m3,2013-08-12 07:00:00 +01:00
7971,FR,STA-FR04018,NO2,19.75,µg/m3,2013-08-11 21:00:00 +01:00
7972,FR,STA-FR04018,NO2,68.0,µg/m3,2013-08-12 00:00:00 +01:00
7973,FR,STA-FR04018,NO2,9.0,µg/m3,2013-08-11 12:00:00 +01:00
7974,FR,STA-FR04018,NO2,37.0,µg/m3,2013-08-12 06:00:00 +01:00
7975,FR,STA-FR04018,NO2,11.25,µg/m3,2013-08-12 16:00:00 +01:00
7976,FR,STA-FR04018,NO2,30.75,µg/m3,2013-08-12 08:00:00 +01:00
7977,FR,STA-FR04018,NO2,43.5,µg/m3,2013-08-12 03:00:00 +01:00
7979,FR,STA-FR04018,NO2,67.0,µg/m3,2013-08-12 01:00:00 +01:00
7980,FR,STA-FR04018,NO2,27.0,µg/m3,2013-08-11 00:00:00 +01:00
7981,FR,STA-FR04018,NO2,14.75,µg/m3,2013-08-10 20:00:00 +01:00
7982,FR,STA-FR04018,NO2,16.0,µg/m3,2013-08-11 10:00:00 +01:00
7983,FR,STA-FR04018,NO2,11.0,µg/m3,2013-08-11 11:00:00 +01:00
7984,FR,STA-FR04018,NO2,18.0,µg/m3,2013-08-11 01:00:00 +01:00
7985,FR,STA-FR04018,NO2,10.25,µg/m3,2013-08-10 18:00:00 +01:00
7986,FR,STA-FR04018,NO2,8.5,µg/m3,2013-08-10 16:00:00 +01:00
7987,FR,STA-FR04018,NO2,8.25,µg/m3,2013-08-10 13:00:00 +01:00
7988,FR,STA-FR04018,NO2,22.5,µg/m3,2013-08-11 03:00:00 +01:00
7989,FR,STA-FR04018,NO2,19.25,µg/m3,2013-08-10 21:00:00 +01:00
7990,FR,STA-FR04018,NO2,12.0,µg/m3,2013-08-24 13:00:00 +01:00
7991,FR,STA-FR04018,NO2,21.25,µg/m3,2013-08-24 10:00:00 +01:00
7992,FR,STA-FR04018,NO2,25.5,µg/m3,2013-08-23 11:00:00 +01:00
7993,FR,STA-FR04018,NO2,9.0,µg/m3,2013-08-24 19:00:00 +01:00
7994,FR,STA-FR04018,NO2,13.0,µg/m3,2013-08-24 20:00:00 +01:00
7995,FR,STA-FR04018,NO2,12.25,µg/m3,2013-08-24 16:00:00 +01:00
7996,FR,STA-FR04018,NO2,11.5,µg/m3,2013-08-24 05:00:00 +01:00
7997,FR,STA-FR04018,NO2,10.75,µg/m3,2013-08-24 21:00:00 +01:00
7998,FR,STA-FR04018,NO2,8.0,µg/m3,2013-08-25 04:00:00 +01:00
7999,FR,STA-FR04018,NO2,13.25,µg/m3,2013-08-24 17:00:00 +01:00
8000,FR,STA-FR04018,NO2,13.0,µg/m3,2013-08-25 06:00:00 +01:00
8001,FR,STA-FR04018,NO2,9.25,µg/m3,2013-08-25 05:00:00 +01:00
8002,FR,STA-FR04018,NO2,91.0,µg/m3,2013-08-23 06:00:00 +01:00
8003,FR,STA-FR04018,NO2,32.0,µg/m3,2013-08-23 17:00:00 +01:00
8004,FR,STA-FR04018,NO2,54.25,µg/m3,2013-08-24 00:00:00 +01:00
8005,FR,STA-FR04018,NO2,20.25,µg/m3,2013-08-23 13:00:00 +01:00
8006,FR,STA-FR04018,NO2,40.0,µg/m3,2013-08-23 18:00:00 +01:00
8007,FR,STA-FR04018,NO2,12.25,µg/m3,2013-08-24 04:00:00 +01:00
8008,FR,STA-FR04018,NO2,16.5,µg/m3,2013-08-24 06:00:00 +01:00
8009,FR,STA-FR04018,NO2,14.75,µg/m3,2013-08-24 09:00:00 +01:00
8010,FR,STA-FR04018,NO2,30.5,µg/m3,2013-08-22 10:00:00 +01:00
8011,FR,STA-FR04018,NO2,21.5,µg/m3,2013-08-24 01:00:00 +01:00
8012,FR,STA-FR04018,NO2,71.5,µg/m3,2013-08-23 21:00:00 +01:00
8013,FR,STA-FR04018,NO2,33.0,µg/m3,2013-08-23 15:00:00 +01:00
8014,FR,STA-FR04018,NO2,53.0,µg/m3,2013-08-23 20:00:00 +01:00
8015,FR,STA-FR04018,NO2,23.5,µg/m3,2013-08-25 10:00:00 +01:00
8016,FR,STA-FR04018,NO2,31.25,µg/m3,2013-08-25 12:00:00 +01:00
8017,FR,STA-FR04018,NO2,21.25,µg/m3,2013-08-25 09:00:00 +01:00
8018,FR,STA-FR04018,NO2,32.25,µg/m3,2013-08-25 15:00:00 +01:00
8019,FR,STA-FR04018,NO2,13.75,µg/m3,2013-08-24 12:00:00 +01:00
8020,FR,STA-FR04018,NO2,28.75,µg/m3,2013-08-25 11:00:00 +01:00
8021,FR,STA-FR04018,NO2,25.75,µg/m3,2013-08-25 20:00:00 +01:00
8022,FR,STA-FR04018,NO2,40.25,µg/m3,2013-08-25 18:00:00 +01:00
8023,FR,STA-FR04018,NO2,50.0,µg/m3,2013-08-25 23:00:00 +01:00
8024,FR,STA-FR04018,NO2,28.5,µg/m3,2013-08-25 19:00:00 +01:00
8025,FR,STA-FR04018,NO2,13.5,µg/m3,2013-08-21 11:00:00 +01:00
8026,FR,STA-FR04018,NO2,53.0,µg/m3,2013-08-21 21:00:00 +01:00
8027,FR,STA-FR04018,NO2,18.25,µg/m3,2013-08-21 18:00:00 +01:00
8028,FR,STA-FR04018,NO2,53.25,µg/m3,2013-08-21 22:00:00 +01:00
8029,FR,STA-FR04018,NO2,10.5,µg/m3,2013-08-21 14:00:00 +01:00
8030,FR,STA-FR04018,NO2,40.5,µg/m3,2013-08-20 13:00:00 +01:00
8031,FR,STA-FR04018,NO2,35.5,µg/m3,2013-08-22 02:00:00 +01:00
8032,FR,STA-FR04018,NO2,25.5,µg/m3,2013-08-22 00:00:00 +01:00
8033,FR,STA-FR04018,NO2,34.0,µg/m3,2013-08-21 23:00:00 +01:00
8034,FR,STA-FR04018,NO2,77.75,µg/m3,2013-08-22 05:00:00 +01:00
8035,FR,STA-FR04018,NO2,14.25,µg/m3,2013-08-22 12:00:00 +01:00
8036,FR,STA-FR04018,NO2,10.0,µg/m3,2013-08-21 13:00:00 +01:00
8037,FR,STA-FR04018,NO2,84.5,µg/m3,2013-08-22 08:00:00 +01:00
8038,FR,STA-FR04018,NO2,14.75,µg/m3,2013-08-22 16:00:00 +01:00
8039,FR,STA-FR04018,NO2,68.75,µg/m3,2013-08-22 06:00:00 +01:00
8040,FR,STA-FR04018,NO2,26.0,µg/m3,2013-08-22 22:00:00 +01:00
8041,FR,STA-FR04018,NO2,24.5,µg/m3,2013-08-22 20:00:00 +01:00
8042,FR,STA-FR04018,NO2,14.0,µg/m3,2013-08-22 15:00:00 +01:00
8043,FR,STA-FR04018,NO2,89.75,µg/m3,2013-08-23 07:00:00 +01:00
8044,FR,STA-FR04018,NO2,48.75,µg/m3,2013-08-22 09:00:00 +01:00
8045,FR,STA-FR04018,NO2,22.0,µg/m3,2013-08-23 01:00:00 +01:00
8046,FR,STA-FR04018,NO2,34.25,µg/m3,2013-08-20 00:00:00 +01:00
8047,FR,STA-FR04018,NO2,9.25,µg/m3,2013-08-19 18:00:00 +01:00
8048,FR,STA-FR04018,NO2,44.75,µg/m3,2013-08-19 23:00:00 +01:00
8049,FR,STA-FR04018,NO2,25.0,µg/m3,2013-08-20 01:00:00 +01:00
8050,FR,STA-FR04018,NO2,12.75,µg/m3,2013-08-18 01:00:00 +01:00
8051,FR,STA-FR04018,NO2,40.5,µg/m3,2013-08-20 03:00:00 +01:00
8052,FR,STA-FR04018,NO2,54.0,µg/m3,2013-08-20 05:00:00 +01:00
8053,FR,STA-FR04018,NO2,30.25,µg/m3,2013-08-20 02:00:00 +01:00
8054,FR,STA-FR04018,NO2,22.5,µg/m3,2013-08-19 01:00:00 +01:00
8055,FR,STA-FR04018,NO2,59.75,µg/m3,2013-08-20 06:00:00 +01:00
8056,FR,STA-FR04018,NO2,50.25,µg/m3,2013-08-20 11:00:00 +01:00
8057,FR,STA-FR04018,NO2,50.75,µg/m3,2013-08-20 12:00:00 +01:00
8058,FR,STA-FR04018,NO2,12.5,µg/m3,2013-08-21 16:00:00 +01:00
8059,FR,STA-FR04018,NO2,37.75,µg/m3,2013-08-21 10:00:00 +01:00
8060,FR,STA-FR04018,NO2,78.0,µg/m3,2013-08-21 08:00:00 +01:00
8061,FR,STA-FR04018,NO2,62.75,µg/m3,2013-08-21 06:00:00 +01:00
8062,FR,STA-FR04018,NO2,51.75,µg/m3,2013-08-20 04:00:00 +01:00
8063,FR,STA-FR04018,NO2,35.75,µg/m3,2013-08-20 16:00:00 +01:00
8064,FR,STA-FR04018,NO2,26.0,µg/m3,2013-08-20 18:00:00 +01:00
8065,FR,STA-FR04018,NO2,28.75,µg/m3,2013-08-20 17:00:00 +01:00
8066,FR,STA-FR04018,NO2,9.75,µg/m3,2013-08-18 14:00:00 +01:00
8067,FR,STA-FR04018,NO2,44.25,µg/m3,2013-08-21 00:00:00 +01:00
8068,FR,STA-FR04018,NO2,45.75,µg/m3,2013-07-27 08:00:00 +01:00
8069,FR,STA-FR04018,NO2,24.75,µg/m3,2013-07-27 02:00:00 +01:00
8070,FR,STA-FR04018,NO2,19.25,µg/m3,2013-07-27 05:00:00 +01:00
8071,FR,STA-FR04018,NO2,54.75,µg/m3,2013-07-27 18:00:00 +01:00
8072,FR,STA-FR04018,NO2,17.5,µg/m3,2013-07-27 21:00:00 +01:00
8073,FR,STA-FR04018,NO2,24.75,µg/m3,2013-07-26 23:00:00 +01:00
8074,FR,STA-FR04018,NO2,56.75,µg/m3,2013-07-26 09:00:00 +01:00
8075,FR,STA-FR04018,NO2,72.5,µg/m3,2013-07-25 22:00:00 +01:00
8076,FR,STA-FR04018,NO2,32.5,µg/m3,2013-08-25 22:00:00 +01:00
8077,FR,STA-FR04018,NO2,31.0,µg/m3,2013-08-25 14:00:00 +01:00
8078,FR,STA-FR04018,NO2,95.75,µg/m3,2013-07-25 23:00:00 +01:00
8079,FR,STA-FR04018,NO2,36.5,µg/m3,2013-07-26 02:00:00 +01:00
8080,FR,STA-FR04018,NO2,59.75,µg/m3,2013-07-25 21:00:00 +01:00
8081,FR,STA-FR04018,NO2,6.5,µg/m3,2013-07-28 04:00:00 +01:00
8082,FR,STA-FR04018,NO2,12.5,µg/m3,2013-07-28 01:00:00 +01:00
8083,FR,STA-FR04018,NO2,21.0,µg/m3,2013-07-29 01:00:00 +01:00
8084,FR,STA-FR04018,NO2,68.75,µg/m3,2013-08-02 04:00:00 +01:00
8085,FR,STA-FR04018,NO2,82.25,µg/m3,2013-08-02 06:00:00 +01:00
8086,FR,STA-FR04018,NO2,12.0,µg/m3,2013-08-03 02:00:00 +01:00
8087,FR,STA-FR04018,NO2,37.25,µg/m3,2013-08-02 11:00:00 +01:00
8088,FR,STA-FR04018,NO2,28.5,µg/m3,2013-08-02 15:00:00 +01:00
8089,FR,STA-FR04018,NO2,66.75,µg/m3,2013-08-02 07:00:00 +01:00
8090,FR,STA-FR04018,NO2,34.5,µg/m3,2013-08-01 17:00:00 +01:00
8091,FR,STA-FR04018,NO2,66.0,µg/m3,2013-08-01 21:00:00 +01:00
8092,FR,STA-FR04018,NO2,63.25,µg/m3,2013-08-02 01:00:00 +01:00
8093,FR,STA-FR04018,NO2,27.75,µg/m3,2013-08-01 13:00:00 +01:00
8094,FR,STA-FR04018,NO2,39.75,µg/m3,2013-08-06 12:00:00 +01:00
8095,FR,STA-FR04018,NO2,22.5,µg/m3,2013-08-03 21:00:00 +01:00
8096,FR,STA-FR04018,NO2,16.75,µg/m3,2013-08-03 18:00:00 +01:00
8097,FR,STA-FR04018,NO2,7.5,µg/m3,2013-08-06 03:00:00 +01:00
8098,FR,STA-FR04018,NO2,33.75,µg/m3,2013-08-05 15:00:00 +01:00
8099,FR,STA-FR04018,NO2,21.25,µg/m3,2013-08-07 11:00:00 +01:00
8100,FR,STA-FR04018,NO2,16.25,µg/m3,2013-08-03 19:00:00 +01:00
8101,FR,STA-FR04018,NO2,12.75,µg/m3,2013-08-07 15:00:00 +01:00
8102,FR,STA-FR04018,NO2,78.75,µg/m3,2013-08-06 22:00:00 +01:00
8103,FR,STA-FR04018,NO2,20.5,µg/m3,2013-08-07 18:00:00 +01:00
8104,FR,STA-FR04018,NO2,33.5,µg/m3,2013-08-06 09:00:00 +01:00
8105,FR,STA-FR04018,NO2,25.5,µg/m3,2013-08-06 16:00:00 +01:00
8106,FR,STA-FR04018,NO2,43.75,µg/m3,2013-08-05 11:00:00 +01:00
8107,FR,STA-FR04018,NO2,72.25,µg/m3,2013-08-05 03:00:00 +01:00
8108,FR,STA-FR04018,NO2,71.5,µg/m3,2013-08-05 00:00:00 +01:00
8109,FR,STA-FR04018,NO2,54.75,µg/m3,2013-08-04 02:00:00 +01:00
8110,FR,STA-FR04018,NO2,9.5,µg/m3,2013-08-04 16:00:00 +01:00
8111,FR,STA-FR04018,NO2,10.25,µg/m3,2013-08-04 14:00:00 +01:00
8112,FR,STA-FR04018,NO2,11.25,µg/m3,2013-08-03 16:00:00 +01:00
8113,FR,STA-FR04018,NO2,50.25,µg/m3,2013-08-04 06:00:00 +01:00
8114,FR,STA-FR04018,NO2,18.5,µg/m3,2013-07-29 14:00:00 +01:00
8116,FR,STA-FR04018,NO2,18.0,µg/m3,2013-07-29 17:00:00 +01:00
8117,FR,STA-FR04018,NO2,57.0,µg/m3,2013-08-01 07:00:00 +01:00
8118,FR,STA-FR04018,NO2,41.0,µg/m3,2013-08-01 10:00:00 +01:00
8119,FR,STA-FR04018,NO2,37.5,µg/m3,2013-08-01 04:00:00 +01:00
8120,FR,STA-FR04018,NO2,41.75,µg/m3,2013-07-31 20:00:00 +01:00
8121,FR,STA-FR04018,NO2,24.0,µg/m3,2013-07-31 10:00:00 +01:00
8122,FR,STA-FR04018,NO2,23.25,µg/m3,2013-07-30 18:00:00 +01:00
8123,FR,STA-FR04018,NO2,30.75,µg/m3,2013-07-31 07:00:00 +01:00
8124,FR,STA-FR04018,NO2,13.75,µg/m3,2013-07-30 00:00:00 +01:00
8125,FR,STA-FR04018,NO2,8.25,µg/m3,2013-07-30 03:00:00 +01:00
8126,FR,STA-FR04018,NO2,24.25,µg/m3,2013-07-30 15:00:00 +01:00
8127,FR,STA-FR04018,NO2,21.25,µg/m3,2013-07-30 10:00:00 +01:00
8128,FR,STA-FR04018,NO2,38.25,µg/m3,2013-07-30 06:00:00 +01:00
8129,FR,STA-FR04018,NO2,77.5,µg/m3,2013-08-09 08:00:00 +01:00
8130,FR,STA-FR04018,NO2,14.75,µg/m3,2013-08-10 01:00:00 +01:00
8131,FR,STA-FR04018,NO2,10.25,µg/m3,2013-08-09 15:00:00 +01:00
8132,FR,STA-FR04018,NO2,10.0,µg/m3,2013-08-08 16:00:00 +01:00
8133,FR,STA-FR04018,NO2,18.5,µg/m3,2013-08-09 11:00:00 +01:00
8134,FR,STA-FR04018,NO2,14.5,µg/m3,2013-08-09 18:00:00 +01:00
8135,FR,STA-FR04018,NO2,50.0,µg/m3,2013-08-09 04:00:00 +01:00
8136,FR,STA-FR04018,NO2,24.75,µg/m3,2013-08-08 21:00:00 +01:00
8137,FR,STA-FR04018,NO2,11.75,µg/m3,2013-08-07 14:00:00 +01:00
8138,FR,STA-FR04018,NO2,45.5,µg/m3,2013-08-08 06:00:00 +01:00
8139,FR,STA-FR04018,NO2,12.75,µg/m3,2013-08-08 17:00:00 +01:00
8140,FR,STA-FR04018,NO2,74.5,µg/m3,2013-08-06 23:00:00 +01:00
8141,FR,STA-FR04018,NO2,8.75,µg/m3,2013-08-10 14:00:00 +01:00
8142,FR,STA-FR04018,NO2,20.0,µg/m3,2013-08-09 22:00:00 +01:00
8143,FR,STA-FR04018,NO2,24.5,µg/m3,2013-08-09 01:00:00 +01:00
8144,FR,STA-FR04018,NO2,12.5,µg/m3,2013-08-10 11:00:00 +01:00
8145,FR,STA-FR04018,NO2,17.25,µg/m3,2013-08-10 08:00:00 +01:00
8146,FR,STA-FR04018,NO2,9.25,µg/m3,2013-08-11 17:00:00 +01:00
8147,FR,STA-FR04018,NO2,49.25,µg/m3,2013-08-11 05:00:00 +01:00
8148,FR,STA-FR04018,NO2,17.0,µg/m3,2013-08-14 15:00:00 +01:00
8149,FR,STA-FR04018,NO2,17.25,µg/m3,2013-08-14 12:00:00 +01:00
8150,FR,STA-FR04018,NO2,76.0,µg/m3,2013-08-16 08:00:00 +01:00
8151,FR,STA-FR04018,NO2,29.75,µg/m3,2013-08-15 03:00:00 +01:00
8152,FR,STA-FR04018,NO2,15.0,µg/m3,2013-08-16 13:00:00 +01:00
8153,FR,STA-FR04018,NO2,44.25,µg/m3,2013-08-15 09:00:00 +01:00
8154,FR,STA-FR04018,NO2,17.5,µg/m3,2013-08-16 19:00:00 +01:00
8155,FR,STA-FR04018,NO2,15.25,µg/m3,2013-08-16 16:00:00 +01:00
8156,FR,STA-FR04018,NO2,14.25,µg/m3,2013-08-14 18:00:00 +01:00
8157,FR,STA-FR04018,NO2,17.5,µg/m3,2013-08-13 22:00:00 +01:00
8158,FR,STA-FR04018,NO2,14.25,µg/m3,2013-08-12 15:00:00 +01:00
8159,FR,STA-FR04018,NO2,15.75,µg/m3,2013-08-12 14:00:00 +01:00
8160,FR,STA-FR04018,NO2,12.75,µg/m3,2013-08-12 23:00:00 +01:00
8161,FR,STA-FR04018,NO2,12.25,µg/m3,2013-08-11 20:00:00 +01:00
8162,FR,STA-FR04018,NO2,13.25,µg/m3,2013-08-12 22:00:00 +01:00
8163,FR,STA-FR04018,NO2,38.75,µg/m3,2013-08-11 08:00:00 +01:00
8164,FR,STA-FR04018,NO2,16.0,µg/m3,2013-08-19 02:00:00 +01:00
8165,FR,STA-FR04018,NO2,7.0,µg/m3,2013-08-18 08:00:00 +01:00
8166,FR,STA-FR04018,NO2,7.25,µg/m3,2013-08-18 05:00:00 +01:00
8167,FR,STA-FR04018,NO2,20.75,µg/m3,2013-08-17 19:00:00 +01:00
8168,FR,STA-FR04018,NO2,17.0,µg/m3,2013-08-17 10:00:00 +01:00
8169,FR,STA-FR04018,NO2,29.5,µg/m3,2013-08-17 05:00:00 +01:00
8170,FR,STA-FR04018,NO2,25.75,µg/m3,2013-08-17 08:00:00 +01:00
8171,FR,STA-FR04018,NO2,45.25,µg/m3,2013-08-16 03:00:00 +01:00
8172,FR,STA-FR04018,NO2,35.25,µg/m3,2013-08-17 04:00:00 +01:00
8173,FR,STA-FR04018,NO2,12.5,µg/m3,2013-08-17 00:00:00 +01:00
8174,FR,STA-FR04018,NO2,28.75,µg/m3,2013-08-19 07:00:00 +01:00
8175,FR,STA-FR04018,NO2,43.25,µg/m3,2013-08-18 23:00:00 +01:00
8176,FR,STA-FR04018,NO2,12.0,µg/m3,2013-08-19 15:00:00 +01:00
8177,FR,STA-FR04018,NO2,13.25,µg/m3,2013-08-18 16:00:00 +01:00
8178,FR,STA-FR04018,NO2,21.75,µg/m3,2013-08-19 08:00:00 +01:00
8179,FR,STA-FR04018,NO2,66.25,µg/m3,2013-08-20 08:00:00 +01:00
8180,FR,STA-FR04018,NO2,50.75,µg/m3,2013-08-20 09:00:00 +01:00
8181,FR,STA-FR04018,NO2,47.25,µg/m3,2013-08-20 20:00:00 +01:00
8182,FR,STA-FR04018,NO2,29.0,µg/m3,2013-08-21 19:00:00 +01:00
8183,FR,STA-FR04018,NO2,12.75,µg/m3,2013-08-22 17:00:00 +01:00
8184,FR,STA-FR04018,NO2,72.5,µg/m3,2013-08-21 07:00:00 +01:00
8185,FR,STA-FR04018,NO2,46.75,µg/m3,2013-08-21 04:00:00 +01:00
8186,FR,STA-FR04018,NO2,40.75,µg/m3,2013-08-20 14:00:00 +01:00
8187,FR,STA-FR04018,NO2,14.25,µg/m3,2013-08-24 11:00:00 +01:00
8188,FR,STA-FR04018,NO2,18.0,µg/m3,2013-08-25 07:00:00 +01:00
8189,FR,STA-FR04018,NO2,25.5,µg/m3,2013-08-23 12:00:00 +01:00
8190,FR,STA-FR04018,NO2,57.25,µg/m3,2013-08-23 23:00:00 +01:00
8191,FR,STA-FR04018,NO2,7.5,µg/m3,2013-08-24 23:00:00 +01:00
8192,FR,STA-FR04018,NO2,15.0,µg/m3,2013-08-24 08:00:00 +01:00
8193,FR,STA-FR04018,NO2,14.0,µg/m3,2013-08-24 14:00:00 +01:00
8194,FR,STA-FR04018,NO2,21.5,µg/m3,2013-08-24 02:00:00 +01:00
8195,FR,STA-FR04018,NO2,17.75,µg/m3,2013-08-22 11:00:00 +01:00
8196,FR,STA-FR04018,NO2,59.75,µg/m3,2013-08-23 04:00:00 +01:00
8197,FR,STA-FR04018,NO2,49.0,µg/m3,2013-08-23 09:00:00 +01:00
8198,FR,STA-FR04018,NO2,40.75,µg/m3,2013-09-02 22:00:00 +01:00
8199,FR,STA-FR04018,NO2,52.75,µg/m3,2013-09-03 05:00:00 +01:00
8200,FR,STA-FR04018,NO2,66.5,µg/m3,2013-09-03 09:00:00 +01:00
8201,FR,STA-FR04018,NO2,28.25,µg/m3,2013-09-03 12:00:00 +01:00
8202,FR,STA-FR04018,NO2,25.5,µg/m3,2013-08-28 05:00:00 +01:00
8203,FR,STA-FR04018,NO2,28.25,µg/m3,2013-09-03 14:00:00 +01:00
8204,FR,STA-FR04018,NO2,69.0,µg/m3,2013-08-30 04:00:00 +01:00
8205,FR,STA-FR04018,NO2,11.75,µg/m3,2013-09-02 01:00:00 +01:00
8206,FR,STA-FR04018,NO2,30.75,µg/m3,2013-09-02 04:00:00 +01:00
8207,FR,STA-FR04018,NO2,38.5,µg/m3,2013-09-02 10:00:00 +01:00
8208,FR,STA-FR04018,NO2,24.75,µg/m3,2013-09-01 23:00:00 +01:00
8209,FR,STA-FR04018,NO2,68.0,µg/m3,2013-09-02 06:00:00 +01:00
8210,FR,STA-FR04018,NO2,30.75,µg/m3,2013-08-31 02:00:00 +01:00
8211,FR,STA-FR04018,NO2,11.5,µg/m3,2013-08-31 11:00:00 +01:00
8212,FR,STA-FR04018,NO2,100.75,µg/m3,2013-08-30 07:00:00 +01:00
8213,FR,STA-FR04018,NO2,21.75,µg/m3,2013-08-30 18:00:00 +01:00
8214,FR,STA-FR04018,NO2,30.25,µg/m3,2013-08-30 12:00:00 +01:00
8215,FR,STA-FR04018,NO2,20.5,µg/m3,2013-08-30 15:00:00 +01:00
8216,FR,STA-FR04018,NO2,17.5,µg/m3,2013-09-01 05:00:00 +01:00
8217,FR,STA-FR04018,NO2,37.0,µg/m3,2013-08-30 23:00:00 +01:00
8218,FR,STA-FR04018,NO2,7.5,µg/m3,2013-09-01 12:00:00 +01:00
8219,FR,STA-FR04018,NO2,35.75,µg/m3,2013-09-01 20:00:00 +01:00
8220,FR,STA-FR04018,NO2,20.25,µg/m3,2013-09-01 07:00:00 +01:00
8221,FR,STA-FR04018,NO2,12.75,µg/m3,2013-08-31 17:00:00 +01:00
8222,FR,STA-FR04018,NO2,11.75,µg/m3,2013-08-31 23:00:00 +01:00
8223,FR,STA-FR04018,NO2,11.5,µg/m3,2013-09-01 02:00:00 +01:00
8224,FR,STA-FR04018,NO2,48.75,µg/m3,2013-08-26 07:00:00 +01:00
8225,FR,STA-FR04018,NO2,14.25,µg/m3,2013-08-26 15:00:00 +01:00
8226,FR,STA-FR04018,NO2,8.0,µg/m3,2013-08-24 22:00:00 +01:00
8227,FR,STA-FR04018,NO2,11.75,µg/m3,2013-08-26 13:00:00 +01:00
8228,FR,STA-FR04018,NO2,9.75,µg/m3,2013-08-25 02:00:00 +01:00
8229,FR,STA-FR04018,NO2,36.0,µg/m3,2013-08-25 17:00:00 +01:00
8230,FR,STA-FR04018,NO2,16.25,µg/m3,2013-08-27 03:00:00 +01:00
8231,FR,STA-FR04018,NO2,40.25,µg/m3,2013-08-28 07:00:00 +01:00
8232,FR,STA-FR04018,NO2,20.25,µg/m3,2013-08-27 15:00:00 +01:00
8233,FR,STA-FR04018,NO2,17.25,µg/m3,2013-08-27 11:00:00 +01:00
8234,FR,STA-FR04018,NO2,21.75,µg/m3,2013-08-26 23:00:00 +01:00
8235,FR,STA-FR04018,NO2,12.75,µg/m3,2013-08-28 16:00:00 +01:00
8236,FR,STA-FR04018,NO2,16.75,µg/m3,2013-08-29 00:00:00 +01:00
8237,FR,STA-FR04018,NO2,17.0,µg/m3,2013-08-29 01:00:00 +01:00
8238,FR,STA-FR04018,NO2,13.5,µg/m3,2013-08-29 14:00:00 +01:00
8239,FR,STA-FR04018,NO2,27.75,µg/m3,2013-08-26 19:00:00 +01:00
8240,FR,STA-FR04018,NO2,66.5,µg/m3,2013-08-29 20:00:00 +01:00
8241,FR,STA-FR04018,NO2,47.25,µg/m3,2013-09-06 16:00:00 +01:00
8242,FR,STA-FR04018,NO2,37.5,µg/m3,2013-09-06 19:00:00 +01:00
8243,FR,STA-FR04018,NO2,53.0,µg/m3,2013-09-08 00:00:00 +01:00
8244,FR,STA-FR04018,NO2,28.5,µg/m3,2013-09-07 00:00:00 +01:00
8245,FR,STA-FR04018,NO2,16.75,µg/m3,2013-09-08 11:00:00 +01:00
8246,FR,STA-FR04018,NO2,26.75,µg/m3,2013-09-07 07:00:00 +01:00
8247,FR,STA-FR04018,NO2,55.0,µg/m3,2013-09-08 04:00:00 +01:00
8248,FR,STA-FR04018,NO2,14.0,µg/m3,2013-09-08 13:00:00 +01:00
8249,FR,STA-FR04018,NO2,119.25,µg/m3,2013-09-05 20:00:00 +01:00
8250,FR,STA-FR04018,NO2,114.0,µg/m3,2013-09-04 22:00:00 +01:00
8251,FR,STA-FR04018,NO2,36.75,µg/m3,2013-09-06 00:00:00 +01:00
8252,FR,STA-FR04018,NO2,79.0,µg/m3,2013-09-05 02:00:00 +01:00
8253,FR,STA-FR04018,NO2,57.0,µg/m3,2013-09-06 13:00:00 +01:00
8254,FR,STA-FR04018,NO2,89.5,µg/m3,2013-09-06 09:00:00 +01:00
8255,FR,STA-FR04018,NO2,95.75,µg/m3,2013-09-06 06:00:00 +01:00
8256,FR,STA-FR04018,NO2,20.25,µg/m3,2013-09-04 16:00:00 +01:00
8257,FR,STA-FR04018,NO2,106.25,µg/m3,2013-09-04 23:00:00 +01:00
8258,FR,STA-FR04018,NO2,72.25,µg/m3,2013-09-03 21:00:00 +01:00
8259,FR,STA-FR04018,NO2,66.5,µg/m3,2013-09-04 10:00:00 +01:00
8260,FR,STA-FR04018,NO2,53.0,µg/m3,2013-09-09 15:00:00 +01:00
8261,FR,STA-FR04018,NO2,9.75,µg/m3,2013-09-10 01:00:00 +01:00
8262,FR,STA-FR04018,NO2,52.25,µg/m3,2013-09-09 17:00:00 +01:00
8263,FR,STA-FR04018,NO2,22.25,µg/m3,2013-09-09 20:00:00 +01:00
8264,FR,STA-FR04018,NO2,53.5,µg/m3,2013-09-09 13:00:00 +01:00
8265,FR,STA-FR04018,NO2,24.5,µg/m3,2013-09-08 21:00:00 +01:00
8266,FR,STA-FR04018,NO2,27.0,µg/m3,2013-09-10 14:00:00 +01:00
8267,FR,STA-FR04018,NO2,24.25,µg/m3,2013-09-10 12:00:00 +01:00
8268,FR,STA-FR04018,NO2,38.25,µg/m3,2013-09-07 19:00:00 +01:00
8269,FR,STA-FR04018,NO2,22.25,µg/m3,2013-09-10 21:00:00 +01:00
8270,FR,STA-FR04018,NO2,21.75,µg/m3,2013-09-07 05:00:00 +01:00
8271,FR,STA-FR04018,NO2,29.5,µg/m3,2013-09-10 17:00:00 +01:00
8272,FR,STA-FR04018,NO2,13.0,µg/m3,2013-09-23 02:00:00 +01:00
8273,FR,STA-FR04018,NO2,49.75,µg/m3,2013-09-24 09:00:00 +01:00
8274,FR,STA-FR04018,NO2,35.25,µg/m3,2013-09-23 05:00:00 +01:00
8275,FR,STA-FR04018,NO2,49.0,µg/m3,2013-09-24 05:00:00 +01:00
8276,FR,STA-FR04018,NO2,10.75,µg/m3,2013-09-23 04:00:00 +01:00
8277,FR,STA-FR04018,NO2,45.25,µg/m3,2013-09-23 23:00:00 +01:00
8278,FR,STA-FR04018,NO2,33.5,µg/m3,2013-09-22 21:00:00 +01:00
8279,FR,STA-FR04018,NO2,25.25,µg/m3,2013-09-21 15:00:00 +01:00
8280,FR,STA-FR04018,NO2,16.0,µg/m3,2013-09-23 15:00:00 +01:00
8281,FR,STA-FR04018,NO2,61.0,µg/m3,2013-09-23 22:00:00 +01:00
8282,FR,STA-FR04018,NO2,16.25,µg/m3,2013-09-22 17:00:00 +01:00
8283,FR,STA-FR04018,NO2,16.0,µg/m3,2013-09-22 14:00:00 +01:00
8284,FR,STA-FR04018,NO2,24.0,µg/m3,2013-09-22 19:00:00 +01:00
8286,FR,STA-FR04018,NO2,31.75,µg/m3,2013-09-21 18:00:00 +01:00
8287,FR,STA-FR04018,NO2,57.0,µg/m3,2013-09-21 09:00:00 +01:00
8288,FR,STA-FR04018,NO2,61.0,µg/m3,2013-09-22 05:00:00 +01:00
8289,FR,STA-FR04018,NO2,79.75,µg/m3,2013-09-22 00:00:00 +01:00
8290,FR,STA-FR04018,NO2,12.25,µg/m3,2013-09-20 01:00:00 +01:00
8291,FR,STA-FR04018,NO2,49.0,µg/m3,2013-09-20 06:00:00 +01:00
8292,FR,STA-FR04018,NO2,20.75,µg/m3,2013-09-27 13:00:00 +01:00
8293,FR,STA-FR04018,NO2,23.75,µg/m3,2013-09-28 01:00:00 +01:00
8294,FR,STA-FR04018,NO2,24.0,µg/m3,2013-09-27 03:00:00 +01:00
8295,FR,STA-FR04018,NO2,30.75,µg/m3,2013-09-28 07:00:00 +01:00
8296,FR,STA-FR04018,NO2,34.25,µg/m3,2013-09-28 04:00:00 +01:00
8297,FR,STA-FR04018,NO2,45.5,µg/m3,2013-09-27 09:00:00 +01:00
8298,FR,STA-FR04018,NO2,50.0,µg/m3,2013-09-28 20:00:00 +01:00
8299,FR,STA-FR04018,NO2,26.25,µg/m3,2013-09-28 13:00:00 +01:00
8300,FR,STA-FR04018,NO2,34.0,µg/m3,2013-09-26 12:00:00 +01:00
8301,FR,STA-FR04018,NO2,61.5,µg/m3,2013-09-25 02:00:00 +01:00
8302,FR,STA-FR04018,NO2,78.5,µg/m3,2013-09-25 17:00:00 +01:00
8303,FR,STA-FR04018,NO2,128.75,µg/m3,2013-09-25 10:00:00 +01:00
8304,FR,STA-FR04018,NO2,115.0,µg/m3,2013-09-24 20:00:00 +01:00
8305,FR,STA-FR04018,NO2,26.5,µg/m3,2013-09-24 13:00:00 +01:00
8306,FR,STA-FR04018,NO2,75.25,µg/m3,2013-09-25 06:00:00 +01:00
8307,FR,STA-FR04018,NO2,120.25,µg/m3,2013-09-25 09:00:00 +01:00
8308,FR,STA-FR04018,NO2,93.25,µg/m3,2013-09-24 19:00:00 +01:00
8309,FR,STA-FR04018,NO2,58.5,µg/m3,2013-09-26 05:00:00 +01:00
8310,FR,STA-FR04018,NO2,116.0,µg/m3,2013-09-25 20:00:00 +01:00
8311,FR,STA-FR04018,NO2,68.5,µg/m3,2013-09-26 02:00:00 +01:00
8312,FR,STA-FR04018,NO2,117.5,µg/m3,2013-09-25 21:00:00 +01:00
8313,FR,STA-FR04018,NO2,23.75,µg/m3,2013-09-24 16:00:00 +01:00
8314,FR,STA-FR04018,NO2,43.5,µg/m3,2013-09-16 19:00:00 +01:00
8315,FR,STA-FR04018,NO2,29.25,µg/m3,2013-09-17 19:00:00 +01:00
8316,FR,STA-FR04018,NO2,51.75,µg/m3,2013-09-18 06:00:00 +01:00
8317,FR,STA-FR04018,NO2,23.75,µg/m3,2013-09-17 20:00:00 +01:00
8318,FR,STA-FR04018,NO2,28.0,µg/m3,2013-09-16 21:00:00 +01:00
8319,FR,STA-FR04018,NO2,54.75,µg/m3,2013-09-13 05:00:00 +01:00
8320,FR,STA-FR04018,NO2,32.75,µg/m3,2013-09-16 09:00:00 +01:00
8321,FR,STA-FR04018,NO2,7.25,µg/m3,2013-09-16 01:00:00 +01:00
8322,FR,STA-FR04018,NO2,17.75,µg/m3,2013-09-14 06:00:00 +01:00
8323,FR,STA-FR04018,NO2,37.75,µg/m3,2013-09-13 22:00:00 +01:00
8324,FR,STA-FR04018,NO2,23.5,µg/m3,2013-09-18 23:00:00 +01:00
8325,FR,STA-FR04018,NO2,34.25,µg/m3,2013-09-17 16:00:00 +01:00
8326,FR,STA-FR04018,NO2,27.75,µg/m3,2013-09-17 13:00:00 +01:00
8327,FR,STA-FR04018,NO2,28.5,µg/m3,2013-09-19 20:00:00 +01:00
8328,FR,STA-FR04018,NO2,34.75,µg/m3,2013-09-18 21:00:00 +01:00
8329,FR,STA-FR04018,NO2,20.0,µg/m3,2013-09-20 04:00:00 +01:00
8330,FR,STA-FR04018,NO2,43.25,µg/m3,2013-09-18 18:00:00 +01:00
8331,FR,STA-FR04018,NO2,28.0,µg/m3,2013-09-19 17:00:00 +01:00
8332,FR,STA-FR04018,NO2,24.75,µg/m3,2013-09-19 00:00:00 +01:00
8333,FR,STA-FR04018,NO2,36.75,µg/m3,2013-09-12 14:00:00 +01:00
8334,FR,STA-FR04018,NO2,17.25,µg/m3,2013-09-14 15:00:00 +01:00
8335,FR,STA-FR04018,NO2,25.25,µg/m3,2013-09-14 13:00:00 +01:00
8336,FR,STA-FR04018,NO2,45.75,µg/m3,2013-09-13 20:00:00 +01:00
8337,FR,STA-FR04018,NO2,25.5,µg/m3,2013-09-11 17:00:00 +01:00
8338,FR,STA-FR04018,NO2,34.0,µg/m3,2013-09-11 15:00:00 +01:00
8339,FR,STA-FR04018,NO2,36.25,µg/m3,2013-09-11 18:00:00 +01:00
8340,FR,STA-FR04018,NO2,38.5,µg/m3,2013-09-11 06:00:00 +01:00
8341,FR,STA-FR04018,NO2,23.25,µg/m3,2013-09-10 11:00:00 +01:00
8342,FR,STA-FR04018,NO2,16.0,µg/m3,2013-09-07 12:00:00 +01:00
8343,FR,STA-FR04018,NO2,12.75,µg/m3,2013-09-12 03:00:00 +01:00
8344,FR,STA-FR04018,NO2,66.75,µg/m3,2013-09-12 19:00:00 +01:00
8345,FR,STA-FR04018,NO2,68.0,µg/m3,2013-09-13 08:00:00 +01:00
8346,FR,STA-FR04018,NO2,47.5,µg/m3,2013-09-13 12:00:00 +01:00
8347,FR,STA-FR04018,NO2,59.25,µg/m3,2013-09-13 09:00:00 +01:00
8348,FR,STA-FR04018,NO2,25.75,µg/m3,2013-10-13 23:00:00 +01:00
8349,FR,STA-FR04018,NO2,53.75,µg/m3,2013-10-14 10:00:00 +01:00
8350,FR,STA-FR04018,NO2,61.0,µg/m3,2013-10-14 07:00:00 +01:00
8351,FR,STA-FR04018,NO2,54.5,µg/m3,2013-10-14 17:00:00 +01:00
8352,FR,STA-FR04018,NO2,42.75,µg/m3,2013-10-14 13:00:00 +01:00
8353,FR,STA-FR04018,NO2,29.75,µg/m3,2013-10-14 04:00:00 +01:00
8354,FR,STA-FR04018,NO2,27.25,µg/m3,2013-10-13 22:00:00 +01:00
8355,FR,STA-FR04018,NO2,35.75,µg/m3,2013-10-13 05:00:00 +01:00
8356,FR,STA-FR04018,NO2,22.5,µg/m3,2013-10-13 10:00:00 +01:00
8357,FR,STA-FR04018,NO2,57.25,µg/m3,2013-10-13 03:00:00 +01:00
8358,FR,STA-FR04018,NO2,21.75,µg/m3,2013-10-17 01:00:00 +01:00
8359,FR,STA-FR04018,NO2,77.5,µg/m3,2013-10-16 18:00:00 +01:00
8360,FR,STA-FR04018,NO2,29.25,µg/m3,2013-10-17 13:00:00 +01:00
8361,FR,STA-FR04018,NO2,20.25,µg/m3,2013-10-17 03:00:00 +01:00
8362,FR,STA-FR04018,NO2,44.25,µg/m3,2013-10-17 10:00:00 +01:00
8363,FR,STA-FR04018,NO2,20.0,µg/m3,2013-10-15 03:00:00 +01:00
8364,FR,STA-FR04018,NO2,69.25,µg/m3,2013-10-15 21:00:00 +01:00
8365,FR,STA-FR04018,NO2,72.5,µg/m3,2013-10-15 07:00:00 +01:00
8366,FR,STA-FR04018,NO2,37.25,µg/m3,2013-10-15 14:00:00 +01:00
8367,FR,STA-FR04018,NO2,41.5,µg/m3,2013-10-08 11:00:00 +01:00
8368,FR,STA-FR04018,NO2,47.0,µg/m3,2013-10-09 19:00:00 +01:00
8369,FR,STA-FR04018,NO2,62.0,µg/m3,2013-10-09 06:00:00 +01:00
8370,FR,STA-FR04018,NO2,19.5,µg/m3,2013-10-09 22:00:00 +01:00
8371,FR,STA-FR04018,NO2,28.5,µg/m3,2013-10-10 11:00:00 +01:00
8372,FR,STA-FR04018,NO2,33.5,µg/m3,2013-10-10 19:00:00 +01:00
8373,FR,STA-FR04018,NO2,52.5,µg/m3,2013-10-11 06:00:00 +01:00
8374,FR,STA-FR04018,NO2,13.75,µg/m3,2013-10-10 23:00:00 +01:00
8375,FR,STA-FR04018,NO2,53.75,µg/m3,2013-10-11 18:00:00 +01:00
8376,FR,STA-FR04018,NO2,52.25,µg/m3,2013-10-11 22:00:00 +01:00
8377,FR,STA-FR04018,NO2,27.0,µg/m3,2013-10-11 12:00:00 +01:00
8378,FR,STA-FR04018,NO2,24.75,µg/m3,2013-10-12 08:00:00 +01:00
8379,FR,STA-FR04018,NO2,74.25,µg/m3,2013-10-12 20:00:00 +01:00
8380,FR,STA-FR04018,NO2,30.5,µg/m3,2013-10-12 07:00:00 +01:00
8381,FR,STA-FR04018,NO2,67.0,µg/m3,2013-10-13 00:00:00 +01:00
8382,FR,STA-FR04018,NO2,54.0,µg/m3,2013-10-10 05:00:00 +01:00
8383,FR,STA-FR04018,NO2,20.0,µg/m3,2013-10-12 10:00:00 +01:00
8384,FR,STA-FR04018,NO2,14.0,µg/m3,2013-10-10 22:00:00 +01:00
8385,FR,STA-FR04018,NO2,34.0,µg/m3,2013-10-12 02:00:00 +01:00
8386,FR,STA-FR04018,NO2,9.5,µg/m3,2013-10-11 00:00:00 +01:00
8387,FR,STA-FR04018,NO2,29.75,µg/m3,2013-10-11 15:00:00 +01:00
8388,FR,STA-FR04018,NO2,32.75,µg/m3,2013-10-11 09:00:00 +01:00
8389,FR,STA-FR04018,NO2,57.75,µg/m3,2013-10-11 21:00:00 +01:00
8390,FR,STA-FR04018,NO2,17.75,µg/m3,2013-10-06 14:00:00 +01:00
8391,FR,STA-FR04018,NO2,20.25,µg/m3,2013-10-06 16:00:00 +01:00
8392,FR,STA-FR04018,NO2,45.25,µg/m3,2013-10-06 22:00:00 +01:00
8393,FR,STA-FR04018,NO2,23.0,µg/m3,2013-10-06 12:00:00 +01:00
8394,FR,STA-FR04018,NO2,29.5,µg/m3,2013-10-05 22:00:00 +01:00
8395,FR,STA-FR04018,NO2,26.75,µg/m3,2013-10-06 05:00:00 +01:00
8396,FR,STA-FR04018,NO2,24.5,µg/m3,2013-10-06 03:00:00 +01:00
8397,FR,STA-FR04018,NO2,61.75,µg/m3,2013-10-07 08:00:00 +01:00
8399,FR,STA-FR04018,NO2,63.25,µg/m3,2013-10-07 09:00:00 +01:00
8400,FR,STA-FR04018,NO2,16.0,µg/m3,2013-10-05 11:00:00 +01:00
8401,FR,STA-FR04018,NO2,50.5,µg/m3,2013-10-04 17:00:00 +01:00
8402,FR,STA-FR04018,NO2,30.0,µg/m3,2013-10-05 07:00:00 +01:00
8403,FR,STA-FR04018,NO2,37.0,µg/m3,2013-10-04 13:00:00 +01:00
8404,FR,STA-FR04018,NO2,49.75,µg/m3,2013-10-04 16:00:00 +01:00
8405,FR,STA-FR04018,NO2,38.0,µg/m3,2013-10-06 00:00:00 +01:00
8406,FR,STA-FR04018,NO2,19.5,µg/m3,2013-10-04 02:00:00 +01:00
8407,FR,STA-FR04018,NO2,38.5,µg/m3,2013-10-03 23:00:00 +01:00
8408,FR,STA-FR04018,NO2,36.5,µg/m3,2013-10-04 05:00:00 +01:00
8409,FR,STA-FR04018,NO2,78.0,µg/m3,2013-10-03 18:00:00 +01:00
8410,FR,STA-FR04018,NO2,65.0,µg/m3,2013-10-03 15:00:00 +01:00
8411,FR,STA-FR04018,NO2,21.25,µg/m3,2013-09-29 05:00:00 +01:00
8412,FR,STA-FR04018,NO2,34.25,µg/m3,2013-09-30 05:00:00 +01:00
8413,FR,STA-FR04018,NO2,28.5,µg/m3,2013-09-29 09:00:00 +01:00
8414,FR,STA-FR04018,NO2,24.0,µg/m3,2013-09-29 22:00:00 +01:00
8415,FR,STA-FR04018,NO2,39.5,µg/m3,2013-10-01 01:00:00 +01:00
8416,FR,STA-FR04018,NO2,19.75,µg/m3,2013-09-29 12:00:00 +01:00
8417,FR,STA-FR04018,NO2,17.25,µg/m3,2013-09-29 15:00:00 +01:00
8418,FR,STA-FR04018,NO2,24.5,µg/m3,2013-09-29 02:00:00 +01:00
8419,FR,STA-FR04018,NO2,41.75,µg/m3,2013-09-30 08:00:00 +01:00
8420,FR,STA-FR04018,NO2,49.5,µg/m3,2013-09-29 20:00:00 +01:00
8421,FR,STA-FR04018,NO2,51.25,µg/m3,2013-09-30 15:00:00 +01:00
8422,FR,STA-FR04018,NO2,41.75,µg/m3,2013-09-30 12:00:00 +01:00
8423,FR,STA-FR04018,NO2,14.0,µg/m3,2013-09-30 00:00:00 +01:00
8424,FR,STA-FR04018,NO2,35.0,µg/m3,2013-10-03 09:00:00 +01:00
8425,FR,STA-FR04018,NO2,41.25,µg/m3,2013-10-02 08:00:00 +01:00
8426,FR,STA-FR04018,NO2,36.75,µg/m3,2013-10-02 12:00:00 +01:00
8427,FR,STA-FR04018,NO2,64.25,µg/m3,2013-10-01 19:00:00 +01:00
8428,FR,STA-FR04018,NO2,44.25,µg/m3,2013-10-02 15:00:00 +01:00
8429,FR,STA-FR04018,NO2,33.5,µg/m3,2013-10-01 16:00:00 +01:00
8430,FR,STA-FR04018,NO2,34.25,µg/m3,2013-10-02 05:00:00 +01:00
8431,FR,STA-FR04018,NO2,59.25,µg/m3,2013-10-22 06:00:00 +01:00
8432,FR,STA-FR04018,NO2,22.75,µg/m3,2013-10-22 02:00:00 +01:00
8433,FR,STA-FR04018,NO2,55.5,µg/m3,2013-10-22 09:00:00 +01:00
8434,FR,STA-FR04018,NO2,26.25,µg/m3,2013-10-20 23:00:00 +01:00
8435,FR,STA-FR04018,NO2,16.25,µg/m3,2013-10-21 02:00:00 +01:00
8436,FR,STA-FR04018,NO2,41.75,µg/m3,2013-10-18 23:00:00 +01:00
8437,FR,STA-FR04018,NO2,59.0,µg/m3,2013-10-19 18:00:00 +01:00
8438,FR,STA-FR04018,NO2,42.25,µg/m3,2013-10-19 07:00:00 +01:00
8439,FR,STA-FR04018,NO2,34.0,µg/m3,2013-10-20 06:00:00 +01:00
8440,FR,STA-FR04018,NO2,51.75,µg/m3,2013-10-19 21:00:00 +01:00
8441,FR,STA-FR04018,NO2,50.5,µg/m3,2013-10-18 22:00:00 +01:00
8442,FR,STA-FR04018,NO2,27.0,µg/m3,2013-10-18 16:00:00 +01:00
8443,FR,STA-FR04018,NO2,27.0,µg/m3,2013-10-19 02:00:00 +01:00
8444,FR,STA-FR04018,NO2,53.0,µg/m3,2013-10-18 01:00:00 +01:00
8445,FR,STA-FR04018,NO2,27.25,µg/m3,2013-10-18 15:00:00 +01:00
8446,FR,STA-FR04018,NO2,43.25,µg/m3,2013-10-19 08:00:00 +01:00
8447,FR,STA-FR04018,NO2,24.5,µg/m3,2013-10-20 03:00:00 +01:00
8448,FR,STA-FR04018,NO2,41.25,µg/m3,2013-10-18 06:00:00 +01:00
8449,FR,STA-FR04018,NO2,36.5,µg/m3,2013-10-19 11:00:00 +01:00
8450,FR,STA-FR04018,NO2,77.25,µg/m3,2013-10-17 20:00:00 +01:00
8451,FR,STA-FR04018,NO2,51.0,µg/m3,2013-10-16 02:00:00 +01:00
8452,FR,STA-FR04018,NO2,29.0,µg/m3,2013-10-18 13:00:00 +01:00
8453,FR,STA-FR04018,NO2,46.75,µg/m3,2013-10-18 09:00:00 +01:00
8454,FR,STA-FR04018,NO2,28.25,µg/m3,2013-10-24 00:00:00 +01:00
8455,FR,STA-FR04018,NO2,48.0,µg/m3,2013-10-23 07:00:00 +01:00
8456,FR,STA-FR04018,NO2,44.5,µg/m3,2013-10-21 23:00:00 +01:00
8457,FR,STA-FR04018,NO2,51.5,µg/m3,2013-10-21 09:00:00 +01:00
8458,FR,STA-FR04018,NO2,63.75,µg/m3,2013-10-21 19:00:00 +01:00
8459,FR,STA-FR04018,NO2,37.75,µg/m3,2013-10-23 10:00:00 +01:00
8460,FR,STA-FR04018,NO2,37.75,µg/m3,2013-10-23 16:00:00 +01:00
8461,FR,STA-FR04018,NO2,32.75,µg/m3,2013-10-24 03:00:00 +01:00
8462,FR,STA-FR04018,NO2,47.75,µg/m3,2013-10-21 22:00:00 +01:00
8463,FR,STA-FR04018,NO2,49.25,µg/m3,2013-10-22 19:00:00 +01:00
8464,FR,STA-FR04018,NO2,48.0,µg/m3,2013-10-21 13:00:00 +01:00
8465,FR,STA-FR04018,NO2,50.75,µg/m3,2013-10-25 14:00:00 +01:00
8466,FR,STA-FR04018,NO2,70.5,µg/m3,2013-10-24 08:00:00 +01:00
8467,FR,STA-FR04018,NO2,19.25,µg/m3,2013-10-23 04:00:00 +01:00
8468,FR,STA-FR04018,NO2,70.25,µg/m3,2013-10-23 19:00:00 +01:00
8469,FR,STA-FR04018,NO2,54.75,µg/m3,2013-10-24 12:00:00 +01:00
8470,FR,STA-FR04018,NO2,60.5,µg/m3,2013-10-23 20:00:00 +01:00
8471,FR,STA-FR04018,NO2,54.5,µg/m3,2013-10-24 11:00:00 +01:00
8472,FR,STA-FR04018,NO2,47.25,µg/m3,2013-10-24 17:00:00 +01:00
8473,FR,STA-FR04018,NO2,25.75,µg/m3,2013-10-25 01:00:00 +01:00
8474,FR,STA-FR04018,NO2,30.25,µg/m3,2013-10-25 04:00:00 +01:00
8475,FR,STA-FR04018,NO2,61.75,µg/m3,2013-10-25 08:00:00 +01:00
8476,FR,STA-FR04018,NO2,18.75,µg/m3,2013-10-28 06:00:00 +01:00
8477,FR,STA-FR04018,NO2,20.5,µg/m3,2013-10-27 16:00:00 +01:00
8478,FR,STA-FR04018,NO2,9.75,µg/m3,2013-10-28 00:00:00 +01:00
8479,FR,STA-FR04018,NO2,22.75,µg/m3,2013-10-28 11:00:00 +01:00
8480,FR,STA-FR04018,NO2,22.75,µg/m3,2013-10-28 14:00:00 +01:00
8481,FR,STA-FR04018,NO2,24.25,µg/m3,2013-10-26 02:00:00 +01:00
8482,FR,STA-FR04018,NO2,28.25,µg/m3,2013-10-26 15:00:00 +01:00
8483,FR,STA-FR04018,NO2,51.5,µg/m3,2013-10-26 20:00:00 +01:00
8484,FR,STA-FR04018,NO2,45.0,µg/m3,2013-10-25 11:00:00 +01:00
8485,FR,STA-FR04018,NO2,12.25,µg/m3,2013-10-27 01:00:00 +01:00
8486,FR,STA-FR04018,NO2,9.25,µg/m3,2013-10-29 03:00:00 +01:00
8487,FR,STA-FR04018,NO2,27.25,µg/m3,2013-10-29 14:00:00 +01:00
8488,FR,STA-FR04018,NO2,36.75,µg/m3,2013-10-28 21:00:00 +01:00
8489,FR,STA-FR04018,NO2,48.75,µg/m3,2013-10-29 17:00:00 +01:00
8490,FR,STA-FR04018,NO2,52.0,µg/m3,2013-10-26 18:00:00 +01:00
8491,FR,STA-FR04018,NO2,65.5,µg/m3,2013-10-29 20:00:00 +01:00
8492,FR,STA-FR04018,NO2,39.75,µg/m3,2013-10-30 00:00:00 +01:00
8493,FR,STA-FR04018,NO2,61.0,µg/m3,2013-10-30 05:00:00 +01:00
8494,FR,STA-FR04018,NO2,44.5,µg/m3,2013-10-30 12:00:00 +01:00
8495,FR,STA-FR04018,NO2,7.75,µg/m3,2013-11-04 04:00:00 +01:00
8496,FR,STA-FR04018,NO2,25.5,µg/m3,2013-11-03 20:00:00 +01:00
8497,FR,STA-FR04018,NO2,12.25,µg/m3,2013-11-03 02:00:00 +01:00
8498,FR,STA-FR04018,NO2,38.25,µg/m3,2013-11-04 06:00:00 +01:00
8499,FR,STA-FR04018,NO2,44.25,µg/m3,2013-11-04 09:00:00 +01:00
8500,FR,STA-FR04018,NO2,34.25,µg/m3,2013-11-02 16:00:00 +01:00
8501,FR,STA-FR04018,NO2,19.75,µg/m3,2013-11-02 13:00:00 +01:00
8502,FR,STA-FR04018,NO2,28.0,µg/m3,2013-11-02 22:00:00 +01:00
8503,FR,STA-FR04018,NO2,13.0,µg/m3,2013-11-02 03:00:00 +01:00
8504,FR,STA-FR04018,NO2,10.5,µg/m3,2013-11-03 07:00:00 +01:00
8505,FR,STA-FR04018,NO2,20.5,µg/m3,2013-11-02 10:00:00 +01:00
8506,FR,STA-FR04018,NO2,17.5,µg/m3,2013-11-02 09:00:00 +01:00
8507,FR,STA-FR04018,NO2,27.25,µg/m3,2013-11-02 15:00:00 +01:00
8508,FR,STA-FR04018,NO2,85.75,µg/m3,2013-10-30 23:00:00 +01:00
8509,FR,STA-FR04018,NO2,62.5,µg/m3,2013-10-31 03:00:00 +01:00
8510,FR,STA-FR04018,NO2,59.25,µg/m3,2013-10-31 11:00:00 +01:00
8511,FR,STA-FR04018,NO2,67.75,µg/m3,2013-10-31 07:00:00 +01:00
8512,FR,STA-FR04018,NO2,80.25,µg/m3,2013-10-30 09:00:00 +01:00
8513,FR,STA-FR04018,NO2,62.5,µg/m3,2013-10-31 05:00:00 +01:00
8514,FR,STA-FR04018,NO2,64.5,µg/m3,2013-10-31 08:00:00 +01:00
8515,FR,STA-FR04018,NO2,36.5,µg/m3,2013-11-01 16:00:00 +01:00
8516,FR,STA-FR04018,NO2,26.25,µg/m3,2013-11-01 21:00:00 +01:00
8517,FR,STA-FR04018,NO2,38.25,µg/m3,2013-11-02 19:00:00 +01:00
8518,FR,STA-FR04018,NO2,18.0,µg/m3,2013-11-02 00:00:00 +01:00
8519,FR,STA-FR04018,NO2,33.25,µg/m3,2013-11-01 09:00:00 +01:00
8520,FR,STA-FR04018,NO2,42.0,µg/m3,2013-10-31 15:00:00 +01:00
8521,FR,STA-FR04018,NO2,40.5,µg/m3,2013-11-01 18:00:00 +01:00
8522,FR,STA-FR04018,NO2,33.75,µg/m3,2013-11-01 10:00:00 +01:00
8523,FR,STA-FR04018,NO2,35.75,µg/m3,2013-11-01 15:00:00 +01:00
8524,FR,STA-FR04018,NO2,55.5,µg/m3,2013-11-20 11:00:00 +01:00
8525,FR,STA-FR04018,NO2,29.0,µg/m3,2013-11-21 13:00:00 +01:00
8526,FR,STA-FR04018,NO2,29.0,µg/m3,2013-11-21 01:00:00 +01:00
8527,FR,STA-FR04018,NO2,30.0,µg/m3,2013-11-20 04:00:00 +01:00
8528,FR,STA-FR04018,NO2,35.5,µg/m3,2013-11-22 05:00:00 +01:00
8529,FR,STA-FR04018,NO2,26.25,µg/m3,2013-11-23 02:00:00 +01:00
8530,FR,STA-FR04018,NO2,52.25,µg/m3,2013-11-20 14:00:00 +01:00
8531,FR,STA-FR04018,NO2,40.75,µg/m3,2013-11-22 20:00:00 +01:00
8532,FR,STA-FR04018,NO2,43.5,µg/m3,2013-11-19 07:00:00 +01:00
8533,FR,STA-FR04018,NO2,56.5,µg/m3,2013-11-19 21:00:00 +01:00
8534,FR,STA-FR04018,NO2,47.5,µg/m3,2013-11-19 04:00:00 +01:00
8535,FR,STA-FR04018,NO2,63.75,µg/m3,2013-11-19 18:00:00 +01:00
8536,FR,STA-FR04018,NO2,49.0,µg/m3,2013-11-20 01:00:00 +01:00
8537,FR,STA-FR04018,NO2,33.75,µg/m3,2013-11-19 13:00:00 +01:00
8538,FR,STA-FR04018,NO2,52.25,µg/m3,2013-11-18 20:00:00 +01:00
8539,FR,STA-FR04018,NO2,61.25,µg/m3,2013-11-14 06:00:00 +01:00
8540,FR,STA-FR04018,NO2,75.75,µg/m3,2013-11-13 17:00:00 +01:00
8541,FR,STA-FR04018,NO2,59.0,µg/m3,2013-11-13 08:00:00 +01:00
8542,FR,STA-FR04018,NO2,21.5,µg/m3,2013-11-13 05:00:00 +01:00
8543,FR,STA-FR04018,NO2,61.75,µg/m3,2013-11-14 02:00:00 +01:00
8544,FR,STA-FR04018,NO2,32.25,µg/m3,2013-11-15 06:00:00 +01:00
8545,FR,STA-FR04018,NO2,38.75,µg/m3,2013-11-15 22:00:00 +01:00
8546,FR,STA-FR04018,NO2,19.0,µg/m3,2013-11-15 00:00:00 +01:00
8547,FR,STA-FR04018,NO2,24.25,µg/m3,2013-11-15 11:00:00 +01:00
8548,FR,STA-FR04018,NO2,35.25,µg/m3,2013-11-16 02:00:00 +01:00
8549,FR,STA-FR04018,NO2,45.5,µg/m3,2013-11-18 09:00:00 +01:00
8550,FR,STA-FR04018,NO2,28.0,µg/m3,2013-11-17 14:00:00 +01:00
8551,FR,STA-FR04018,NO2,40.25,µg/m3,2013-11-17 02:00:00 +01:00
8552,FR,STA-FR04018,NO2,42.25,µg/m3,2013-11-13 11:00:00 +01:00
8553,FR,STA-FR04018,NO2,38.25,µg/m3,2013-11-15 23:00:00 +01:00
8554,FR,STA-FR04018,NO2,28.25,µg/m3,2013-11-16 13:00:00 +01:00
8555,FR,STA-FR04018,NO2,37.0,µg/m3,2013-11-16 08:00:00 +01:00
8556,FR,STA-FR04018,NO2,46.25,µg/m3,2013-11-16 22:00:00 +01:00
8557,FR,STA-FR04018,NO2,57.75,µg/m3,2013-11-14 04:00:00 +01:00
8558,FR,STA-FR04018,NO2,38.0,µg/m3,2013-11-08 04:00:00 +01:00
8559,FR,STA-FR04018,NO2,29.25,µg/m3,2013-11-08 20:00:00 +01:00
8560,FR,STA-FR04018,NO2,57.0,µg/m3,2013-11-07 17:00:00 +01:00
8561,FR,STA-FR04018,NO2,35.25,µg/m3,2013-11-09 14:00:00 +01:00
8562,FR,STA-FR04018,NO2,17.0,µg/m3,2013-11-07 01:00:00 +01:00
8563,FR,STA-FR04018,NO2,26.25,µg/m3,2013-11-07 20:00:00 +01:00
8564,FR,STA-FR04018,NO2,48.75,µg/m3,2013-11-06 17:00:00 +01:00
8565,FR,STA-FR04018,NO2,48.5,µg/m3,2013-11-07 10:00:00 +01:00
8566,FR,STA-FR04018,NO2,54.25,µg/m3,2013-11-07 07:00:00 +01:00
8567,FR,STA-FR04018,NO2,32.25,µg/m3,2013-11-06 15:00:00 +01:00
8568,FR,STA-FR04018,NO2,57.75,µg/m3,2013-11-06 06:00:00 +01:00
8569,FR,STA-FR04018,NO2,12.0,µg/m3,2013-11-07 02:00:00 +01:00
8570,FR,STA-FR04018,NO2,46.25,µg/m3,2013-11-06 09:00:00 +01:00
8571,FR,STA-FR04018,NO2,52.25,µg/m3,2013-11-05 05:00:00 +01:00
8572,FR,STA-FR04018,NO2,6.75,µg/m3,2013-11-04 03:00:00 +01:00
8573,FR,STA-FR04018,NO2,34.25,µg/m3,2013-11-03 19:00:00 +01:00
8574,FR,STA-FR04018,NO2,54.75,µg/m3,2013-11-05 14:00:00 +01:00
8575,FR,STA-FR04018,NO2,41.0,µg/m3,2013-11-10 18:00:00 +01:00
8576,FR,STA-FR04018,NO2,36.0,µg/m3,2013-11-12 00:00:00 +01:00
8577,FR,STA-FR04018,NO2,11.75,µg/m3,2013-11-10 15:00:00 +01:00
8578,FR,STA-FR04018,NO2,12.5,µg/m3,2013-11-10 12:00:00 +01:00
8579,FR,STA-FR04018,NO2,11.0,µg/m3,2013-11-10 09:00:00 +01:00
8580,FR,STA-FR04018,NO2,42.5,µg/m3,2013-11-09 17:00:00 +01:00
8581,FR,STA-FR04018,NO2,30.75,µg/m3,2013-11-10 02:00:00 +01:00
8582,FR,STA-FR04018,NO2,46.5,µg/m3,2013-11-09 20:00:00 +01:00
8583,FR,STA-FR04018,NO2,35.25,µg/m3,2013-11-09 11:00:00 +01:00
8584,FR,STA-FR04018,NO2,23.0,µg/m3,2013-11-09 05:00:00 +01:00
8585,FR,STA-FR04018,NO2,43.0,µg/m3,2013-11-09 08:00:00 +01:00
8586,FR,STA-FR04018,NO2,40.25,µg/m3,2013-11-07 21:00:00 +01:00
8587,FR,STA-FR04018,NO2,58.25,µg/m3,2013-11-11 03:00:00 +01:00
8588,FR,STA-FR04018,NO2,69.75,µg/m3,2013-11-10 20:00:00 +01:00
8589,FR,STA-FR04018,NO2,54.75,µg/m3,2013-11-12 09:00:00 +01:00
8590,FR,STA-FR04018,NO2,44.75,µg/m3,2013-11-11 10:00:00 +01:00
8591,FR,STA-FR04018,NO2,24.0,µg/m3,2013-11-13 00:00:00 +01:00
8592,FR,STA-FR04018,NO2,21.0,µg/m3,2013-11-12 22:00:00 +01:00
8593,FR,STA-FR04018,NO2,27.25,µg/m3,2013-11-13 13:00:00 +01:00
8594,FR,STA-FR04018,NO2,64.25,µg/m3,2013-11-14 01:00:00 +01:00
8595,FR,STA-FR04018,NO2,59.0,µg/m3,2013-11-26 09:00:00 +01:00
8596,FR,STA-FR04018,NO2,18.75,µg/m3,2013-11-26 02:00:00 +01:00
8597,FR,STA-FR04018,NO2,44.0,µg/m3,2013-11-26 14:00:00 +01:00
8598,FR,STA-FR04018,NO2,48.0,µg/m3,2013-11-27 08:00:00 +01:00
8599,FR,STA-FR04018,NO2,34.5,µg/m3,2013-11-24 02:00:00 +01:00
8600,FR,STA-FR04018,NO2,26.75,µg/m3,2013-11-23 10:00:00 +01:00
8601,FR,STA-FR04018,NO2,48.0,µg/m3,2013-11-20 17:00:00 +01:00
8602,FR,STA-FR04018,NO2,66.0,µg/m3,2013-11-20 07:00:00 +01:00
8603,FR,STA-FR04018,NO2,33.25,µg/m3,2013-11-23 23:00:00 +01:00
8604,FR,STA-FR04018,NO2,24.5,µg/m3,2013-11-23 07:00:00 +01:00
8605,FR,STA-FR04018,NO2,40.0,µg/m3,2013-11-24 06:00:00 +01:00
8606,FR,STA-FR04018,NO2,22.0,µg/m3,2013-11-23 12:00:00 +01:00
8607,FR,STA-FR04018,NO2,57.0,µg/m3,2013-11-25 07:00:00 +01:00
8608,FR,STA-FR04018,NO2,23.0,µg/m3,2013-12-24 10:00:00 +01:00
8609,FR,STA-FR04018,NO2,11.25,µg/m3,2013-08-03 07:00:00 +01:00
8610,FR,STA-FR04018,NO2,86.75,µg/m3,2013-12-19 22:00:00 +01:00
8611,FR,STA-FR04018,NO2,49.75,µg/m3,2013-12-22 17:00:00 +01:00
8612,FR,STA-FR04018,NO2,43.25,µg/m3,2013-12-21 19:00:00 +01:00
8613,FR,STA-FR04018,NO2,58.25,µg/m3,2013-12-20 12:00:00 +01:00
8614,FR,STA-FR04018,NO2,79.75,µg/m3,2013-12-19 23:00:00 +01:00
8615,FR,STA-FR04018,NO2,20.0,µg/m3,2013-12-22 01:00:00 +01:00
8616,FR,STA-FR04018,NO2,34.0,µg/m3,2013-12-22 14:00:00 +01:00
8617,FR,STA-FR04018,NO2,51.25,µg/m3,2013-12-23 09:00:00 +01:00
8618,FR,STA-FR04018,NO2,7.75,µg/m3,2013-12-24 03:00:00 +01:00
8619,FR,STA-FR04018,NO2,21.25,µg/m3,2013-12-24 08:00:00 +01:00
8620,FR,STA-FR04018,NO2,30.75,µg/m3,2013-12-23 13:00:00 +01:00
8621,FR,STA-FR04018,NO2,48.0,µg/m3,2013-12-23 07:00:00 +01:00
8622,FR,STA-FR04018,NO2,45.5,µg/m3,2013-12-23 10:00:00 +01:00
8623,FR,STA-FR04018,NO2,42.25,µg/m3,2013-12-15 15:00:00 +01:00
8624,FR,STA-FR04018,NO2,70.25,µg/m3,2013-12-15 19:00:00 +01:00
8625,FR,STA-FR04018,NO2,65.75,µg/m3,2013-12-16 13:00:00 +01:00
8626,FR,STA-FR04018,NO2,62.25,µg/m3,2013-12-17 01:00:00 +01:00
8627,FR,STA-FR04018,NO2,68.25,µg/m3,2013-12-16 09:00:00 +01:00
8628,FR,STA-FR04018,NO2,81.25,µg/m3,2013-12-16 20:00:00 +01:00
8630,FR,STA-FR04018,NO2,58.5,µg/m3,2013-12-14 08:00:00 +01:00
8631,FR,STA-FR04018,NO2,57.0,µg/m3,2013-12-14 13:00:00 +01:00
8632,FR,STA-FR04018,NO2,50.5,µg/m3,2013-12-14 02:00:00 +01:00
8633,FR,STA-FR04018,NO2,28.0,µg/m3,2013-12-14 22:00:00 +01:00
8634,FR,STA-FR04018,NO2,46.0,µg/m3,2013-12-18 20:00:00 +01:00
8635,FR,STA-FR04018,NO2,59.0,µg/m3,2013-12-18 13:00:00 +01:00
8636,FR,STA-FR04018,NO2,61.25,µg/m3,2013-12-17 21:00:00 +01:00
8637,FR,STA-FR04018,NO2,44.75,µg/m3,2013-12-18 06:00:00 +01:00
8638,FR,STA-FR04018,NO2,22.0,µg/m3,2013-12-18 03:00:00 +01:00
8639,FR,STA-FR04018,NO2,55.0,µg/m3,2013-12-19 16:00:00 +01:00
8640,FR,STA-FR04018,NO2,64.75,µg/m3,2013-12-19 10:00:00 +01:00
8641,FR,STA-FR04018,NO2,33.75,µg/m3,2013-12-18 00:00:00 +01:00
8642,FR,STA-FR04018,NO2,64.75,µg/m3,2013-12-18 10:00:00 +01:00
8643,FR,STA-FR04018,NO2,92.25,µg/m3,2013-12-19 20:00:00 +01:00
8644,FR,STA-FR04018,NO2,37.75,µg/m3,2013-12-20 04:00:00 +01:00
8645,FR,STA-FR04018,NO2,48.25,µg/m3,2013-12-21 17:00:00 +01:00
8646,FR,STA-FR04018,NO2,24.25,µg/m3,2013-12-21 22:00:00 +01:00
8647,FR,STA-FR04018,NO2,32.75,µg/m3,2013-12-21 04:00:00 +01:00
8648,FR,STA-FR04018,NO2,55.25,µg/m3,2013-12-20 06:00:00 +01:00
8649,FR,STA-FR04018,NO2,83.5,µg/m3,2013-11-28 09:00:00 +01:00
8650,FR,STA-FR04018,NO2,53.75,µg/m3,2013-11-29 08:00:00 +01:00
8651,FR,STA-FR04018,NO2,39.5,µg/m3,2013-11-29 05:00:00 +01:00
8652,FR,STA-FR04018,NO2,47.75,µg/m3,2013-11-29 13:00:00 +01:00
8653,FR,STA-FR04018,NO2,61.25,µg/m3,2013-11-29 19:00:00 +01:00
8654,FR,STA-FR04018,NO2,21.75,µg/m3,2013-12-01 03:00:00 +01:00
8655,FR,STA-FR04018,NO2,20.25,µg/m3,2013-12-01 06:00:00 +01:00
8656,FR,STA-FR04018,NO2,50.5,µg/m3,2013-11-30 09:00:00 +01:00
8657,FR,STA-FR04018,NO2,47.75,µg/m3,2013-11-30 18:00:00 +01:00
8658,FR,STA-FR04018,NO2,24.25,µg/m3,2013-11-30 23:00:00 +01:00
8659,FR,STA-FR04018,NO2,67.25,µg/m3,2013-11-27 18:00:00 +01:00
8660,FR,STA-FR04018,NO2,38.5,µg/m3,2013-11-27 15:00:00 +01:00
8661,FR,STA-FR04018,NO2,15.75,µg/m3,2013-11-25 02:00:00 +01:00
8662,FR,STA-FR04018,NO2,43.25,µg/m3,2013-11-27 06:00:00 +01:00
8663,FR,STA-FR04018,NO2,45.25,µg/m3,2013-11-25 20:00:00 +01:00
8664,FR,STA-FR04018,NO2,22.5,µg/m3,2013-11-27 01:00:00 +01:00
8665,FR,STA-FR04018,NO2,47.5,µg/m3,2013-11-27 09:00:00 +01:00
8666,FR,STA-FR04018,NO2,47.75,µg/m3,2013-11-28 23:00:00 +01:00
8667,FR,STA-FR04018,NO2,60.5,µg/m3,2013-11-29 10:00:00 +01:00
8668,FR,STA-FR04018,NO2,57.0,µg/m3,2013-11-28 04:00:00 +01:00
8669,FR,STA-FR04018,NO2,46.5,µg/m3,2013-11-24 18:00:00 +01:00
8670,FR,STA-FR04018,NO2,60.0,µg/m3,2013-11-27 20:00:00 +01:00
8671,FR,STA-FR04018,NO2,31.25,µg/m3,2013-11-30 01:00:00 +01:00
8672,FR,STA-FR04018,NO2,46.0,µg/m3,2013-12-02 06:00:00 +01:00
8673,FR,STA-FR04018,NO2,42.5,µg/m3,2013-12-02 10:00:00 +01:00
8674,FR,STA-FR04018,NO2,41.75,µg/m3,2013-12-01 16:00:00 +01:00
8675,FR,STA-FR04018,NO2,33.25,µg/m3,2013-12-02 04:00:00 +01:00
8676,FR,STA-FR04018,NO2,25.5,µg/m3,2013-12-02 13:00:00 +01:00
8677,FR,STA-FR04018,NO2,58.25,µg/m3,2013-12-03 02:00:00 +01:00
8678,FR,STA-FR04018,NO2,65.25,µg/m3,2013-12-04 17:00:00 +01:00
8679,FR,STA-FR04018,NO2,52.5,µg/m3,2013-12-04 06:00:00 +01:00
8680,FR,STA-FR04018,NO2,64.25,µg/m3,2013-12-04 10:00:00 +01:00
8681,FR,STA-FR04018,NO2,88.5,µg/m3,2013-12-03 19:00:00 +01:00
8682,FR,STA-FR04018,NO2,63.75,µg/m3,2013-12-03 22:00:00 +01:00
8683,FR,STA-FR04018,NO2,49.25,µg/m3,2013-12-04 02:00:00 +01:00
8684,FR,STA-FR04018,NO2,71.5,µg/m3,2013-12-03 07:00:00 +01:00
8685,FR,STA-FR04018,NO2,122.25,µg/m3,2013-12-03 14:00:00 +01:00
8686,FR,STA-FR04018,NO2,66.25,µg/m3,2013-12-06 06:00:00 +01:00
8687,FR,STA-FR04018,NO2,56.0,µg/m3,2013-12-06 17:00:00 +01:00
8688,FR,STA-FR04018,NO2,23.5,µg/m3,2013-12-06 03:00:00 +01:00
8689,FR,STA-FR04018,NO2,57.5,µg/m3,2013-12-05 11:00:00 +01:00
8690,FR,STA-FR04018,NO2,27.0,µg/m3,2013-12-05 02:00:00 +01:00
8691,FR,STA-FR04018,NO2,35.0,µg/m3,2013-12-07 06:00:00 +01:00
8692,FR,STA-FR04018,NO2,89.0,µg/m3,2013-12-06 22:00:00 +01:00
8693,FR,STA-FR04018,NO2,86.5,µg/m3,2013-12-06 19:00:00 +01:00
8694,FR,STA-FR04018,NO2,84.0,µg/m3,2013-12-06 23:00:00 +01:00
8695,FR,STA-FR04018,NO2,42.75,µg/m3,2013-12-08 11:00:00 +01:00
8696,FR,STA-FR04018,NO2,85.0,µg/m3,2013-12-08 18:00:00 +01:00
8697,FR,STA-FR04018,NO2,50.0,µg/m3,2013-12-08 09:00:00 +01:00
8698,FR,STA-FR04018,NO2,36.0,µg/m3,2013-12-08 05:00:00 +01:00
8699,FR,STA-FR04018,NO2,68.25,µg/m3,2013-12-07 18:00:00 +01:00
8700,FR,STA-FR04018,NO2,78.0,µg/m3,2013-12-09 05:00:00 +01:00
8701,FR,STA-FR04018,NO2,82.75,µg/m3,2013-12-09 06:00:00 +01:00
8702,FR,STA-FR04018,NO2,40.0,µg/m3,2013-12-08 16:00:00 +01:00
8703,FR,STA-FR04018,NO2,116.25,µg/m3,2013-12-08 23:00:00 +01:00
8704,FR,STA-FR04018,NO2,113.5,µg/m3,2013-12-09 00:00:00 +01:00
8705,FR,STA-FR04018,NO2,104.75,µg/m3,2013-12-09 08:00:00 +01:00
8706,FR,STA-FR04018,NO2,54.5,µg/m3,2013-12-10 03:00:00 +01:00
8707,FR,STA-FR04018,NO2,81.5,µg/m3,2013-12-10 12:00:00 +01:00
8708,FR,STA-FR04018,NO2,67.25,µg/m3,2013-12-10 00:00:00 +01:00
8709,FR,STA-FR04018,NO2,94.5,µg/m3,2013-12-10 08:00:00 +01:00
8710,FR,STA-FR04018,NO2,63.75,µg/m3,2013-12-11 03:00:00 +01:00
8711,FR,STA-FR04018,NO2,83.25,µg/m3,2013-12-11 20:00:00 +01:00
8712,FR,STA-FR04018,NO2,76.5,µg/m3,2013-12-11 00:00:00 +01:00
8713,FR,STA-FR04018,NO2,93.5,µg/m3,2013-12-10 21:00:00 +01:00
8714,FR,STA-FR04018,NO2,54.0,µg/m3,2013-12-12 05:00:00 +01:00
8715,FR,STA-FR04018,NO2,56.75,µg/m3,2013-12-13 05:00:00 +01:00
8716,FR,STA-FR04018,NO2,59.75,µg/m3,2013-12-13 01:00:00 +01:00
8717,FR,STA-FR04018,NO2,78.0,µg/m3,2013-12-13 09:00:00 +01:00
8718,FR,STA-FR04018,NO2,29.5,µg/m3,2013-12-14 05:00:00 +01:00
8719,FR,STA-FR04018,NO2,51.25,µg/m3,2013-12-14 00:00:00 +01:00
8720,FR,STA-FR04018,NO2,66.25,µg/m3,2013-12-13 17:00:00 +01:00
8721,FR,STA-FR04018,NO2,90.75,µg/m3,2013-12-12 13:00:00 +01:00
8722,FR,STA-FR04018,NO2,82.0,µg/m3,2013-12-12 16:00:00 +01:00
8723,FR,STA-FR04018,NO2,45.0,µg/m3,2013-12-31 15:00:00 +01:00
8724,FR,STA-FR04018,NO2,52.75,µg/m3,2013-12-31 19:00:00 +01:00
8725,FR,STA-FR04018,NO2,40.0,µg/m3,2013-12-30 23:00:00 +01:00
8726,FR,STA-FR04018,NO2,42.0,µg/m3,2013-12-31 21:00:00 +01:00
8727,FR,STA-FR04018,NO2,54.0,µg/m3,2013-12-31 17:00:00 +01:00
8728,FR,STA-FR04018,NO2,53.5,µg/m3,2013-12-30 17:00:00 +01:00
8729,FR,STA-FR04018,NO2,47.25,µg/m3,2013-12-28 19:00:00 +01:00
8730,FR,STA-FR04018,NO2,51.0,µg/m3,2013-12-30 15:00:00 +01:00
8731,FR,STA-FR04018,NO2,15.5,µg/m3,2013-12-29 06:00:00 +01:00
8732,FR,STA-FR04018,NO2,51.0,µg/m3,2013-12-31 10:00:00 +01:00
8733,FR,STA-FR04018,NO2,30.25,µg/m3,2013-12-27 14:00:00 +01:00
8734,FR,STA-FR04018,NO2,26.75,µg/m3,2013-12-28 05:00:00 +01:00
8735,FR,STA-FR04018,NO2,11.5,µg/m3,2013-12-28 03:00:00 +01:00
8736,FR,STA-FR04018,NO2,35.5,µg/m3,2013-12-27 18:00:00 +01:00
8737,FR,STA-FR04018,NO2,26.25,µg/m3,2013-12-25 14:00:00 +01:00
8738,FR,STA-FR04018,NO2,35.75,µg/m3,2013-12-26 11:00:00 +01:00
8739,FR,STA-FR04018,NO2,38.75,µg/m3,2013-12-26 06:00:00 +01:00
8740,FR,STA-FR04018,NO2,31.0,µg/m3,2013-12-27 08:00:00 +01:00
8741,FR,STA-FR04018,NO2,13.0,µg/m3,2013-12-27 04:00:00 +01:00
8742,FR,STA-FR04018,NO2,29.25,µg/m3,2013-12-26 13:00:00 +01:00
8743,FR,STA-FR04018,NO2,42.0,µg/m3,2013-12-30 13:00:00 +01:00
8744,FR,STA-FR04018,NO2,31.0,µg/m3,2013-12-29 14:00:00 +01:00
8745,FR,STA-FR04018,NO2,47.25,µg/m3,2013-12-30 09:00:00 +01:00
8746,FR,STA-FR04018,NO2,27.5,µg/m3,2013-12-28 23:00:00 +01:00
8747,FR,STA-FR04018,NO2,24.75,µg/m3,2013-12-29 08:00:00 +01:00
8748,FR,STA-FR04018,NO2,59.5,µg/m3,2013-12-28 10:00:00 +01:00
8749,FR,STA-FR04018,NO2,21.75,µg/m3,2013-12-29 02:00:00 +01:00
8750,FR,STA-FR04018,NO2,71.0,µg/m3,2013-12-29 21:00:00 +01:00
8751,FR,STA-FR04018,NO2,26.5,µg/m3,2013-12-25 08:00:00 +01:00
8752,FR,STA-FR04018,NO2,32.25,µg/m3,2013-12-25 16:00:00 +01:00
8753,FR,STA-FR04018,NO2,27.25,µg/m3,2013-12-25 10:00:00 +01:00
8754,FR,STA-FR04018,NO2,51.75,µg/m3,2013-12-26 08:00:00 +01:00
8755,FR,STA-FR04018,NO2,30.5,µg/m3,2013-12-25 12:00:00 +01:00
8756,FR,STA-FR04018,NO2,18.5,µg/m3,2013-12-25 00:00:00 +01:00
8757,FR,STA-FR04018,NO2,34.25,µg/m3,2013-12-24 16:00:00 +01:00
8758,FR,STA-FR04018,NO2,38.75,µg/m3,2013-12-24 21:00:00 +01:00
